,v,p,t
0,54.19934506629936,160.0,4000.0
1,54.19934506629936,160.02,4000.143438125924
2,54.19934506629936,160.04000000000002,4000.286867594567
3,54.19934506629936,160.06000000000003,4000.430288404378
4,54.19934506629936,160.08000000000004,4000.5737005538076
5,54.19934506629936,160.10000000000005,4000.717104041305
6,54.19934506629936,160.12000000000006,4000.86049886532
7,54.19934506629936,160.14000000000007,4001.003885024303
8,54.19934506629936,160.16000000000008,4001.1472625167044
9,54.099437935919845,160.1800000000001,4001.2906313409735
10,54.099437935919845,160.2000000000001,4001.4339914955613
11,54.099437935919845,160.2200000000001,4001.5773429789174
12,54.099437935919845,160.24000000000012,4001.720685789492
13,54.099437935919845,160.26000000000013,4001.864019925736
14,54.099437935919845,160.28000000000014,4002.007345386099
15,54.099437935919845,160.30000000000015,4002.1506621690323
16,54.099437935919845,160.32000000000016,4002.293970272986
17,54.099437935919845,160.34000000000017,4002.43726969641
18,54.099437935919845,160.36000000000018,4002.580560437756
19,54.099437935919845,160.3800000000002,4002.723842495474
20,54.099437935919845,160.4000000000002,4002.867115868015
21,54.099437935919845,160.42000000000021,4003.0103805538297
22,54.099437935919845,160.44000000000023,4003.153636551369
23,54.099437935919845,160.46000000000024,4003.296883859083
24,54.099437935919845,160.48000000000025,4003.4401224836893
25,54.099437935919845,160.50000000000026,4003.5833525169305
26,54.099437935919845,160.52000000000027,4003.726573976174
27,54.099437935919845,160.54000000000028,4003.86978685989
28,54.099437935919845,160.5600000000003,4004.012991166549
29,54.099437935919845,160.5800000000003,4004.1561868946205
30,54.099437935919845,160.6000000000003,4004.2993740425754
31,54.099437935919845,160.62000000000032,4004.442552608884
32,54.099437935919845,160.64000000000033,4004.5857225920167
33,54.099437935919845,160.66000000000034,4004.728883990444
34,54.099437935919845,160.68000000000035,4004.872036802636
35,54.099437935919845,160.70000000000036,4005.015181027064
36,54.099437935919845,160.72000000000037,4005.158316662198
37,54.099437935919845,160.74000000000038,4005.3014437065094
38,54.099437935919845,160.7600000000004,4005.4445621584687
39,54.099437935919845,160.7800000000004,4005.587672016546
40,54.099437935919845,160.8000000000004,4005.7307732792133
41,54.099437935919845,160.82000000000042,4005.873865944941
42,54.099437935919845,160.84000000000043,4006.0169500121997
43,54.099437935919845,160.86000000000044,4006.1600254794607
44,54.099437935919845,160.88000000000045,4006.303092345195
45,54.099437935919845,160.90000000000046,4006.446150607874
46,54.099437935919845,160.92000000000047,4006.5892002659693
47,54.099437935919845,160.94000000000048,4006.7322413179513
48,54.099437935919845,160.9600000000005,4006.8752737622917
49,54.099437935919845,160.9800000000005,4007.0182975974617
50,54.099437935919845,161.0000000000005,4007.161312821933
51,54.099437935919845,161.02000000000052,4007.3043194341767
52,54.099437935919845,161.04000000000053,4007.4473174326645
53,54.099437935919845,161.06000000000054,4007.590306815868
54,54.099437935919845,161.08000000000055,4007.7332875822594
55,54.099437935919845,161.10000000000056,4007.8762597303094
56,54.099437935919845,161.12000000000057,4008.01922325849
57,54.099437935919845,161.14000000000058,4008.1621781652734
58,54.099437935919845,161.1600000000006,4008.305124449131
59,54.099437935919845,161.1800000000006,4008.4480621085354
60,54.099437935919845,161.2000000000006,4008.590991141958
61,54.099437935919845,161.22000000000062,4008.7339115478712
62,54.099437935919845,161.24000000000063,4008.8768233247465
63,54.099437935919845,161.26000000000064,4009.0197264710564
64,54.099437935919845,161.28000000000065,4009.162620985273
65,54.099437935919845,161.30000000000067,4009.3055068658687
66,54.099437935919845,161.32000000000068,4009.4483841113156
67,54.099437935919845,161.34000000000069,4009.5912527200862
68,54.099437935919845,161.3600000000007,4009.734112690653
69,54.099437935919845,161.3800000000007,4009.8769640214887
70,54.099437935919845,161.40000000000072,4010.019806709062
71,54.099437935919845,161.42000000000073,4010.162640700509
72,54.099437935919845,161.44000000000074,4010.3054659610784
73,54.099437935919845,161.46000000000075,4010.4482824893607
74,54.099437935919845,161.48000000000076,4010.5910902839482
75,54.099437935919845,161.50000000000077,4010.7338893532
76,54.099437935919845,161.52000000000078,4010.876679795518
77,54.099437935919845,161.5400000000008,4011.0194616213976
78,54.099437935919845,161.5600000000008,4011.1622348294386
79,54.099437935919845,161.5800000000008,4011.304999418241
80,54.099437935919845,161.60000000000082,4011.4477553864053
81,54.099437935919845,161.62000000000083,4011.590502732531
82,54.099437935919845,161.64000000000084,4011.7332414552193
83,54.099437935919845,161.66000000000085,4011.8759715530696
84,54.099437935919845,161.68000000000086,4012.0186930246823
85,54.099437935919845,161.70000000000087,4012.161405868658
86,54.099437935919845,161.72000000000088,4012.304110083597
87,53.999837364690435,161.7400000000009,4012.4468056681003
88,53.999837364690435,161.7600000000009,4012.5894926207675
89,53.999837364690435,161.7800000000009,4012.7321709402
90,53.999837364690435,161.80000000000092,4012.874840624998
91,53.999837364690435,161.82000000000093,4013.0175016737617
92,53.999837364690435,161.84000000000094,4013.1601540850925
93,53.999837364690435,161.86000000000095,4013.302797857591
94,53.999837364690435,161.88000000000096,4013.445432989858
95,53.999837364690435,161.90000000000097,4013.5880594804944
96,53.999837364690435,161.92000000000098,4013.730677328101
97,53.999837364690435,161.940000000001,4013.873286531279
98,53.999837364690435,161.960000000001,4014.0158870886294
99,53.999837364690435,161.980000000001,4014.1584789987533
100,53.999837364690435,162.00000000000102,4014.3010622602515
101,53.999837364690435,162.02000000000103,4014.443636871725
102,53.999837364690435,162.04000000000104,4014.586202831776
103,53.999837364690435,162.06000000000105,4014.728760139005
104,53.999837364690435,162.08000000000106,4014.871308792013
105,53.999837364690435,162.10000000000107,4015.0138487894023
106,53.999837364690435,162.12000000000108,4015.156380129774
107,53.999837364690435,162.1400000000011,4015.298902811729
108,53.999837364690435,162.1600000000011,4015.4414168338694
109,53.999837364690435,162.18000000000112,4015.5839221947967
110,53.999837364690435,162.20000000000113,4015.7264188931126
111,53.999837364690435,162.22000000000114,4015.8689069274187
112,53.999837364690435,162.24000000000115,4016.0113862963167
113,53.999837364690435,162.26000000000116,4016.153856998408
114,53.999837364690435,162.28000000000117,4016.2963190322953
115,53.999837364690435,162.30000000000118,4016.4387723965797
116,53.999837364690435,162.3200000000012,4016.5812170898635
117,53.999837364690435,162.3400000000012,4016.7236531107487
118,53.999837364690435,162.3600000000012,4016.866080457837
119,53.999837364690435,162.38000000000122,4017.0084991297313
120,53.999837364690435,162.40000000000123,4017.1509091250327
121,53.999837364690435,162.42000000000124,4017.293310442344
122,53.999837364690435,162.44000000000125,4017.4357030802676
123,53.999837364690435,162.46000000000126,4017.578087037405
124,53.999837364690435,162.48000000000127,4017.7204623123594
125,53.999837364690435,162.50000000000128,4017.862828903733
126,53.999837364690435,162.5200000000013,4018.0051868253277
127,53.999837364690435,162.5400000000013,4018.1475361707066
128,53.999837364690435,162.5600000000013,4018.2898769473477
129,53.999837364690435,162.58000000000132,4018.432209153867
130,53.999837364690435,162.60000000000133,4018.574532788881
131,53.999837364690435,162.62000000000134,4018.7168478510052
132,53.999837364690435,162.64000000000135,4018.8591543388566
133,53.999837364690435,162.66000000000136,4019.001452251051
134,53.999837364690435,162.68000000000137,4019.1437415862056
135,53.999837364690435,162.70000000000138,4019.286022342936
136,53.999837364690435,162.7200000000014,4019.4282945198597
137,53.999837364690435,162.7400000000014,4019.5705581155926
138,53.999837364690435,162.7600000000014,4019.7128131287513
139,53.999837364690435,162.78000000000142,4019.8550595579527
140,53.999837364690435,162.80000000000143,4019.9972974018133
141,53.999837364690435,162.82000000000144,4020.139526654889
142,53.999837364690435,162.84000000000145,4020.281747311507
143,53.999837364690435,162.86000000000146,4020.4239593702746
144,53.999837364690435,162.88000000000147,4020.5661628298253
145,53.999837364690435,162.90000000000148,4020.7083576887935
146,53.999837364690435,162.9200000000015,4020.850543945813
147,53.999837364690435,162.9400000000015,4020.9927215995185
148,53.999837364690435,162.96000000000151,4021.134890648543
149,53.999837364690435,162.98000000000152,4021.2770510915216
150,53.999837364690435,163.00000000000153,4021.419202927088
151,53.999837364690435,163.02000000000155,4021.5613461538765
152,53.999837364690435,163.04000000000156,4021.7034807705213
153,53.999837364690435,163.06000000000157,4021.845606775657
154,53.999837364690435,163.08000000000158,4021.987724167918
155,53.999837364690435,163.1000000000016,4022.1298329459382
156,53.999837364690435,163.1200000000016,4022.2719331083526
157,53.999837364690435,163.1400000000016,4022.4140246537954
158,53.999837364690435,163.16000000000162,4022.5561075809014
159,53.999837364690435,163.18000000000163,4022.6981818883055
160,53.999837364690435,163.20000000000164,4022.840247574642
161,53.999837364690435,163.22000000000165,4022.9823046385454
162,53.999837364690435,163.24000000000166,4023.124353078651
163,53.999837364690435,163.26000000000167,4023.2663928935935
164,53.999837364690435,163.28000000000168,4023.4084240820075
165,53.90054203730341,163.3000000000017,4023.550446642528
166,53.90054203730341,163.3200000000017,4023.6924605737904
167,53.90054203730341,163.3400000000017,4023.8344658744295
168,53.90054203730341,163.36000000000172,4023.9764625430803
169,53.90054203730341,163.38000000000173,4024.1184505783776
170,53.90054203730341,163.40000000000174,4024.2604299789573
171,53.90054203730341,163.42000000000175,4024.402400743454
172,53.90054203730341,163.44000000000176,4024.5443628705034
173,53.90054203730341,163.46000000000177,4024.6863163587404
174,53.90054203730341,163.48000000000178,4024.828261206801
175,53.90054203730341,163.5000000000018,4024.97019741332
176,53.90054203730341,163.5200000000018,4025.112124976933
177,53.90054203730341,163.5400000000018,4025.25404391806
178,53.90054203730341,163.56000000000182,4025.395954322936
179,53.90054203730341,163.58000000000183,4025.5378561975217
180,53.90054203730341,163.60000000000184,4025.6797495404644
181,53.90054203730341,163.62000000000185,4025.8216343504114
182,53.90054203730341,163.64000000000186,4025.963510626011
183,53.90054203730341,163.66000000000187,4026.1053783659113
184,53.90054203730341,163.68000000000188,4026.2472375687594
185,53.90054203730341,163.7000000000019,4026.3890882332034
186,53.90054203730341,163.7200000000019,4026.530930357892
187,53.90054203730341,163.7400000000019,4026.6727639414726
188,53.90054203730341,163.76000000000192,4026.8145889825932
189,53.90054203730341,163.78000000000193,4026.9564054799025
190,53.90054203730341,163.80000000000194,4027.0982134320484
191,53.90054203730341,163.82000000000195,4027.2400128376794
192,53.90054203730341,163.84000000000196,4027.3818036954435
193,53.90054203730341,163.86000000000197,4027.523586003989
194,53.90054203730341,163.88000000000198,4027.6653597619643
195,53.90054203730341,163.900000000002,4027.807124968018
196,53.90054203730341,163.920000000002,4027.948881620798
197,53.90054203730341,163.94000000000202,4028.0906297189536
198,53.90054203730341,163.96000000000203,4028.232369261133
199,53.90054203730341,163.98000000000204,4028.374100245985
200,53.90054203730341,164.00000000000205,4028.5158226721583
201,53.90054203730341,164.02000000000206,4028.6575365383014
202,53.90054203730341,164.04000000000207,4028.799241843063
203,53.90054203730341,164.06000000000208,4028.940938585092
204,53.90054203730341,164.0800000000021,4029.0826267630378
205,53.90054203730341,164.1000000000021,4029.2243063755486
206,53.90054203730341,164.1200000000021,4029.365977421274
207,53.90054203730341,164.14000000000212,4029.507639898862
208,53.90054203730341,164.16000000000213,4029.6492938069628
209,53.90054203730341,164.18000000000214,4029.790939144225
210,53.90054203730341,164.20000000000215,4029.9325759092976
211,53.90054203730341,164.22000000000216,4030.074204101423
212,53.90054203730341,164.24000000000217,4030.215823723949
213,53.90054203730341,164.26000000000218,4030.3574347759923
214,53.90054203730341,164.2800000000022,4030.499037256215
215,53.90054203730341,164.3000000000022,4030.6406311632795
216,53.90054203730341,164.3200000000022,4030.782216495848
217,53.90054203730341,164.34000000000222,4030.9237932525825
218,53.90054203730341,164.36000000000223,4031.0653614321454
219,53.90054203730341,164.38000000000224,4031.2069210331993
220,53.90054203730341,164.40000000000225,4031.3484720544066
221,53.90054203730341,164.42000000000226,4031.4900144944295
222,53.90054203730341,164.44000000000227,4031.6315483519306
223,53.90054203730341,164.46000000000228,4031.7730736255726
224,53.90054203730341,164.4800000000023,4031.9145903140175
225,53.90054203730341,164.5000000000023,4032.0560984159283
226,53.90054203730341,164.5200000000023,4032.197597929968
227,53.90054203730341,164.54000000000232,4032.3390888547992
228,53.90054203730341,164.56000000000233,4032.4805712179837
229,53.90054203730341,164.58000000000234,4032.622045100945
230,53.90054203730341,164.60000000000235,4032.7635105083327
231,53.90054203730341,164.62000000000236,4032.904967438812
232,53.90054203730341,164.64000000000237,4033.046415891048
233,53.90054203730341,164.66000000000238,4033.1878558637063
234,53.90054203730341,164.6800000000024,4033.329287355452
235,53.90054203730341,164.7000000000024,4033.4707103649507
236,53.90054203730341,164.72000000000241,4033.6121248908676
237,53.90054203730341,164.74000000000242,4033.7535309318678
238,53.90054203730341,164.76000000000244,4033.894928486617
239,53.90054203730341,164.78000000000245,4034.0363175537814
240,53.90054203730341,164.80000000000246,4034.177698132026
241,53.90054203730341,164.82000000000247,4034.3190702200163
242,53.90054203730341,164.84000000000248,4034.4604338164186
243,53.80155064569793,164.8600000000025,4034.601788919898
244,53.80155064569793,164.8800000000025,4034.7431355291205
245,53.80155064569793,164.9000000000025,4034.8844736427523
246,53.80155064569793,164.92000000000252,4035.025803259459
247,53.80155064569793,164.94000000000253,4035.1671243779065
248,53.80155064569793,164.96000000000254,4035.308436996761
249,53.80155064569793,164.98000000000255,4035.449741114688
250,53.80155064569793,165.00000000000256,4035.591036730354
251,53.80155064569793,165.02000000000257,4035.732323842425
252,53.80155064569793,165.04000000000258,4035.8736024495674
253,53.80155064569793,165.0600000000026,4036.0148725504473
254,53.80155064569793,165.0800000000026,4036.156134143731
255,53.80155064569793,165.1000000000026,4036.2973872280845
256,53.80155064569793,165.12000000000262,4036.4386318021743
257,53.80155064569793,165.14000000000263,4036.579867864667
258,53.80155064569793,165.16000000000264,4036.7210954142292
259,53.80155064569793,165.18000000000265,4036.8623144495273
260,53.80155064569793,165.20000000000266,4037.0035249692273
261,53.80155064569793,165.22000000000267,4037.1447269719965
262,53.80155064569793,165.24000000000268,4037.285920456501
263,53.80155064569793,165.2600000000027,4037.427105421408
264,53.80155064569793,165.2800000000027,4037.5682818653845
265,53.80155064569793,165.3000000000027,4037.709449787096
266,53.80155064569793,165.32000000000272,4037.850609185211
267,53.80155064569793,165.34000000000273,4037.9917600583954
268,53.80155064569793,165.36000000000274,4038.132902405316
269,53.80155064569793,165.38000000000275,4038.2740362246404
270,53.80155064569793,165.40000000000276,4038.4151615150354
271,53.80155064569793,165.42000000000277,4038.556278275168
272,53.80155064569793,165.44000000000278,4038.6973865037053
273,53.80155064569793,165.4600000000028,4038.8384861993145
274,53.80155064569793,165.4800000000028,4038.979577360663
275,53.80155064569793,165.5000000000028,4039.120659986418
276,53.80155064569793,165.52000000000282,4039.2617340752467
277,53.80155064569793,165.54000000000283,4039.402799625817
278,53.80155064569793,165.56000000000284,4039.5438566367957
279,53.80155064569793,165.58000000000285,4039.6849051419636
280,53.80155064569793,165.60000000000286,4039.825945215646
281,53.80155064569793,165.62000000000288,4039.9669768610283
282,53.80155064569793,165.64000000000289,4040.108000078661
283,53.80155064569793,165.6600000000029,4040.249014871239
284,53.80155064569793,165.6800000000029,4040.39002123767
285,53.80155064569793,165.70000000000292,4040.531019176623
286,53.80155064569793,165.72000000000293,4040.672008686766
287,53.80155064569793,165.74000000000294,4040.8129897667673
288,53.80155064569793,165.76000000000295,4040.953962415296
289,53.80155064569793,165.78000000000296,4041.0949266310204
290,53.80155064569793,165.80000000000297,4041.23588241261
291,53.80155064569793,165.82000000000298,4041.376829758733
292,53.80155064569793,165.840000000003,4041.5177686680586
293,53.80155064569793,165.860000000003,4041.6586991392555
294,53.80155064569793,165.880000000003,4041.799621170993
295,53.80155064569793,165.90000000000302,4041.9405347619395
296,53.80155064569793,165.92000000000303,4042.0814399107644
297,53.80155064569793,165.94000000000304,4042.2223366161365
298,53.80155064569793,165.96000000000305,4042.3632248767253
299,53.80155064569793,165.98000000000306,4042.5041046911997
300,53.80155064569793,166.00000000000307,4042.644976058229
301,53.80155064569793,166.02000000000308,4042.785838976483
302,53.80155064569793,166.0400000000031,4042.92669344463
303,53.80155064569793,166.0600000000031,4043.06753946134
304,53.80155064569793,166.0800000000031,4043.2083770252825
305,53.80155064569793,166.10000000000312,4043.3492061351267
306,53.80155064569793,166.12000000000313,4043.4900267895423
307,53.80155064569793,166.14000000000314,4043.630838987199
308,53.80155064569793,166.16000000000315,4043.7716427267655
309,53.80155064569793,166.18000000000316,4043.9124380069125
310,53.80155064569793,166.20000000000317,4044.0532248263094
311,53.80155064569793,166.22000000000318,4044.1940031836257
312,53.80155064569793,166.2400000000032,4044.3347730775317
313,53.80155064569793,166.2600000000032,4044.475534506697
314,53.80155064569793,166.2800000000032,4044.616287469791
315,53.80155064569793,166.30000000000322,4044.7570319654847
316,53.80155064569793,166.32000000000323,4044.8977679924474
317,53.80155064569793,166.34000000000324,4045.038495549349
318,53.80155064569793,166.36000000000325,4045.1792146348603
319,53.80155064569793,166.38000000000326,4045.3199252476506
320,53.80155064569793,166.40000000000327,4045.4606273863906
321,53.80155064569793,166.42000000000328,4045.6013210497504
322,53.70286188901134,166.4400000000033,4045.7420062364004
323,53.70286188901134,166.4600000000033,4045.882682945011
324,53.70286188901134,166.48000000000332,4046.0233511742517
325,53.70286188901134,166.50000000000333,4046.164010922794
326,53.70286188901134,166.52000000000334,4046.304662189308
327,53.70286188901134,166.54000000000335,4046.4453049724643
328,53.70286188901134,166.56000000000336,4046.5859392709335
329,53.70286188901134,166.58000000000337,4046.726565083386
330,53.70286188901134,166.60000000000338,4046.8671824497355
331,53.70286188901134,166.6200000000034,4047.0077914377657
332,53.70286188901134,166.6400000000034,4047.1483920492765
333,53.70286188901134,166.6600000000034,4047.288984282973
334,53.70286188901134,166.68000000000342,4047.4295681375615
335,53.70286188901134,166.70000000000343,4047.5701436117474
336,53.70286188901134,166.72000000000344,4047.710710704236
337,53.70286188901134,166.74000000000345,4047.8512694137335
338,53.70286188901134,166.76000000000346,4047.991819738945
339,53.70286188901134,166.78000000000347,4048.132361678577
340,53.70286188901134,166.80000000000348,4048.272895231335
341,53.70286188901134,166.8200000000035,4048.413420395925
342,53.70286188901134,166.8400000000035,4048.5539371710533
343,53.70286188901134,166.8600000000035,4048.6944455554253
344,53.70286188901134,166.88000000000352,4048.834945547747
345,53.70286188901134,166.90000000000353,4048.9754371467247
346,53.70286188901134,166.92000000000354,4049.1159203510647
347,53.70286188901134,166.94000000000355,4049.256395159473
348,53.70286188901134,166.96000000000356,4049.3968615706553
349,53.70286188901134,166.98000000000357,4049.5373195833185
350,53.70286188901134,167.00000000000358,4049.677769196169
351,53.70286188901134,167.0200000000036,4049.818210407913
352,53.70286188901134,167.0400000000036,4049.9586432172564
353,53.70286188901134,167.0600000000036,4050.0990676243587
354,53.70286188901134,167.08000000000362,4050.2394836319027
355,53.70286188901134,167.10000000000363,4050.379891238884
356,53.70286188901134,167.12000000000364,4050.520290444018
357,53.70286188901134,167.14000000000365,4050.6606812460204
358,53.70286188901134,167.16000000000366,4050.8010636436074
359,53.70286188901134,167.18000000000367,4050.9414376354944
360,53.70286188901134,167.20000000000368,4051.0818032203974
361,53.70286188901134,167.2200000000037,4051.222160397032
362,53.70286188901134,167.2400000000037,4051.3625091641143
363,53.70286188901134,167.2600000000037,4051.50284952036
364,53.70286188901134,167.28000000000372,4051.6431814644857
365,53.70286188901134,167.30000000000373,4051.783504995207
366,53.70286188901134,167.32000000000374,4051.92382011124
367,53.70286188901134,167.34000000000376,4052.0641268113004
368,53.70286188901134,167.36000000000377,4052.2044250941053
369,53.70286188901134,167.38000000000378,4052.3447149583703
370,53.70286188901134,167.40000000000379,4052.484996402812
371,53.70286188901134,167.4200000000038,4052.625269426147
372,53.70286188901134,167.4400000000038,4052.7655340270912
373,53.70286188901134,167.46000000000382,4052.905790204361
374,53.70286188901134,167.48000000000383,4053.046037956673
375,53.70286188901134,167.50000000000384,4053.1862772827435
376,53.70286188901134,167.52000000000385,4053.3265081812892
377,53.70286188901134,167.54000000000386,4053.466730651027
378,53.70286188901134,167.56000000000387,4053.6069446906727
379,53.70286188901134,167.58000000000388,4053.747150298944
380,53.70286188901134,167.6000000000039,4053.887347474557
381,53.70286188901134,167.6200000000039,4054.0275362642265
382,53.70286188901134,167.6400000000039,4054.1677167304997
383,53.70286188901134,167.66000000000392,4054.307888873852
384,53.70286188901134,167.68000000000393,4054.448052692999
385,53.70286188901134,167.70000000000394,4054.588208186658
386,53.70286188901134,167.72000000000395,4054.728355353545
387,53.70286188901134,167.74000000000396,4054.8684941923766
388,53.70286188901134,167.76000000000397,4055.0086247018694
389,53.70286188901134,167.78000000000398,4055.14874688074
390,53.70286188901134,167.800000000004,4055.2888607277046
391,53.70286188901134,167.820000000004,4055.4289662414803
392,53.70286188901134,167.840000000004,4055.5690634207836
393,53.70286188901134,167.86000000000402,4055.7091522643314
394,53.70286188901134,167.88000000000403,4055.8492327708404
395,53.70286188901134,167.90000000000404,4055.9893049390275
396,53.70286188901134,167.92000000000405,4056.12936876761
397,53.70286188901134,167.94000000000406,4056.269424255304
398,53.70286188901134,167.96000000000407,4056.409471400827
399,53.70286188901134,167.98000000000408,4056.5495102028963
400,53.70286188901134,168.0000000000041,4056.6895406602284
401,53.60447447353081,168.0200000000041,4056.8295627715406
402,53.60447447353081,168.0400000000041,4056.9695765355505
403,53.60447447353081,168.06000000000412,4057.1095819509746
404,53.60447447353081,168.08000000000413,4057.249579016531
405,53.60447447353081,168.10000000000414,4057.389567730936
406,53.60447447353081,168.12000000000415,4057.529548092908
407,53.60447447353081,168.14000000000416,4057.669520101164
408,53.60447447353081,168.16000000000417,4057.809483754421
409,53.60447447353081,168.18000000000418,4057.949439051397
410,53.60447447353081,168.2000000000042,4058.089385990809
411,53.60447447353081,168.2200000000042,4058.2293245713754
412,53.60447447353081,168.24000000000422,4058.369254791813
413,53.60447447353081,168.26000000000423,4058.5091766508403
414,53.60447447353081,168.28000000000424,4058.6490901471743
415,53.60447447353081,168.30000000000425,4058.788995279533
416,53.60447447353081,168.32000000000426,4058.9288920466342
417,53.60447447353081,168.34000000000427,4059.068780447196
418,53.60447447353081,168.36000000000428,4059.208660479936
419,53.60447447353081,168.3800000000043,4059.3485321435724
420,53.60447447353081,168.4000000000043,4059.488395436823
421,53.60447447353081,168.4200000000043,4059.6282503584057
422,53.60447447353081,168.44000000000432,4059.768096907039
423,53.60447447353081,168.46000000000433,4059.9079350814404
424,53.60447447353081,168.48000000000434,4060.0477648806623
425,53.60447447353081,168.50000000000435,4060.1875863076802
426,53.60447447353081,168.52000000000436,4060.327399362466
427,53.60447447353081,168.54000000000437,4060.4672040437295
428,53.60447447353081,168.56000000000438,4060.60700035018
429,53.60447447353081,168.5800000000044,4060.746788280528
430,53.60447447353081,168.6000000000044,4060.8865678334837
431,53.60447447353081,168.6200000000044,4061.0263390077566
432,53.60447447353081,168.64000000000442,4061.166101855628
433,53.60447447353081,168.66000000000443,4061.305856433073
434,53.60447447353081,168.68000000000444,4061.4456027392093
435,53.60447447353081,168.70000000000445,4061.5853407727427
436,53.60447447353081,168.72000000000446,4061.725070532379
437,53.60447447353081,168.74000000000447,4061.8647920168246
438,53.60447447353081,168.76000000000448,4062.004505224785
439,53.60447447353081,168.7800000000045,4062.1442101549674
440,53.60447447353081,168.8000000000045,4062.283906806077
441,53.60447447353081,168.8200000000045,4062.423595176821
442,53.60447447353081,168.84000000000452,4062.5632752659053
443,53.60447447353081,168.86000000000453,4062.7029470720363
444,53.60447447353081,168.88000000000454,4062.84261059392
445,53.60447447353081,168.90000000000455,4062.9822658302637
446,53.60447447353081,168.92000000000456,4063.121912779773
447,53.60447447353081,168.94000000000457,4063.261551441155
448,53.60447447353081,168.96000000000458,4063.401181813116
449,53.60447447353081,168.9800000000046,4063.5408038943633
450,53.60447447353081,169.0000000000046,4063.680417683603
451,53.60447447353081,169.02000000000461,4063.820023179542
452,53.60447447353081,169.04000000000462,4063.9596203808874
453,53.60447447353081,169.06000000000464,4064.0992092863453
454,53.60447447353081,169.08000000000465,4064.238789894623
455,53.60447447353081,169.10000000000466,4064.378362204428
456,53.60447447353081,169.12000000000467,4064.517926214466
457,53.60447447353081,169.14000000000468,4064.657481923445
458,53.60447447353081,169.1600000000047,4064.7970293300723
459,53.60447447353081,169.1800000000047,4064.936568433054
460,53.60447447353081,169.2000000000047,4065.076099231098
461,53.60447447353081,169.22000000000472,4065.2156217229112
462,53.60447447353081,169.24000000000473,4065.355135907201
463,53.60447447353081,169.26000000000474,4065.494641782675
464,53.60447447353081,169.28000000000475,4065.6341393480398
465,53.60447447353081,169.30000000000476,4065.773628602003
466,53.60447447353081,169.32000000000477,4065.9131095432726
467,53.60447447353081,169.34000000000478,4066.0525821705555
468,53.60447447353081,169.3600000000048,4066.1920464825594
469,53.60447447353081,169.3800000000048,4066.331502477992
470,53.60447447353081,169.4000000000048,4066.4709501555612
471,53.60447447353081,169.42000000000482,4066.610389513974
472,53.60447447353081,169.44000000000483,4066.7498205519387
473,53.60447447353081,169.46000000000484,4066.8892432681628
474,53.60447447353081,169.48000000000485,4067.028657661354
475,53.60447447353081,169.50000000000486,4067.16806373022
476,53.60447447353081,169.52000000000487,4067.3074614734696
477,53.60447447353081,169.54000000000488,4067.44685088981
478,53.60447447353081,169.5600000000049,4067.586231977949
479,53.60447447353081,169.5800000000049,4067.7256047365954
480,53.50638711264532,169.6000000000049,4067.864969164457
481,53.50638711264532,169.62000000000492,4068.0043252602413
482,53.50638711264532,169.64000000000493,4068.1436730235573
483,53.50638711264532,169.66000000000494,4068.2830125122787
484,53.50638711264532,169.68000000000495,4068.422343776214
485,53.50638711264532,169.70000000000496,4068.561666814126
486,53.50638711264532,169.72000000000497,4068.7009816247773
487,53.50638711264532,169.74000000000498,4068.8402882069304
488,53.50638711264532,169.760000000005,4068.979586559348
489,53.50638711264532,169.780000000005,4069.1188766807927
490,53.50638711264532,169.800000000005,4069.2581585700277
491,53.50638711264532,169.82000000000502,4069.3974322258155
492,53.50638711264532,169.84000000000503,4069.5366976469186
493,53.50638711264532,169.86000000000504,4069.6759548321006
494,53.50638711264532,169.88000000000505,4069.815203780124
495,53.50638711264532,169.90000000000506,4069.954444489752
496,53.50638711264532,169.92000000000507,4070.0936769611653
497,53.50638711264532,169.94000000000509,4070.2329011976008
498,53.50638711264532,169.9600000000051,4070.372117198149
499,53.50638711264532,169.9800000000051,4070.511324961562
500,53.50638711264532,170.00000000000512,4070.6505244865893
501,53.50638711264532,170.02000000000513,4070.789715771982
502,53.50638711264532,170.04000000000514,4070.9288988164917
503,53.50638711264532,170.06000000000515,4071.0680736188683
504,53.50638711264532,170.08000000000516,4071.2072401778637
505,53.50638711264532,170.10000000000517,4071.3463984922287
506,53.50638711264532,170.12000000000518,4071.485548560714
507,53.50638711264532,170.1400000000052,4071.624690382071
508,53.50638711264532,170.1600000000052,4071.763823955051
509,53.50638711264532,170.1800000000052,4071.9029492784052
510,53.50638711264532,170.20000000000522,4072.042066350885
511,53.50638711264532,170.22000000000523,4072.181175171241
512,53.50638711264532,170.24000000000524,4072.3202757382255
513,53.50638711264532,170.26000000000525,4072.459368050589
514,53.50638711264532,170.28000000000526,4072.5984521070836
515,53.50638711264532,170.30000000000527,4072.737527906461
516,53.50638711264532,170.32000000000528,4072.876595447472
517,53.50638711264532,170.3400000000053,4073.0156547288684
518,53.50638711264532,170.3600000000053,4073.154705749402
519,53.50638711264532,170.3800000000053,4073.2937485078246
520,53.50638711264532,170.40000000000532,4073.4327830028874
521,53.50638711264532,170.42000000000533,4073.5718092333427
522,53.50638711264532,170.44000000000534,4073.710827197942
523,53.50638711264532,170.46000000000535,4073.849836895437
524,53.50638711264532,170.48000000000536,4073.98883832458
525,53.50638711264532,170.50000000000537,4074.1278314841225
526,53.50638711264532,170.52000000000538,4074.2668163728167
527,53.50638711264532,170.5400000000054,4074.4057929894147
528,53.50638711264532,170.5600000000054,4074.5447613326683
529,53.50638711264532,170.5800000000054,4074.68372140133
530,53.50638711264532,170.60000000000542,4074.8226731941513
531,53.50638711264532,170.62000000000543,4074.961616709885
532,53.50638711264532,170.64000000000544,4075.1005519472833
533,53.50638711264532,170.66000000000545,4075.2394789072778
534,53.50638711264532,170.68000000000546,4075.378397652109
535,53.50638711264532,170.70000000000547,4075.5173082244064
536,53.50638711264532,170.72000000000548,4075.656210622926
537,53.50638711264532,170.7400000000055,4075.795104846424
538,53.50638711264532,170.7600000000055,4075.9339908936554
539,53.50638711264532,170.78000000000551,4076.0728687633773
540,53.50638711264532,170.80000000000553,4076.2117384543453
541,53.50638711264532,170.82000000000554,4076.3505999653153
542,53.50638711264532,170.84000000000555,4076.489453295044
543,53.50638711264532,170.86000000000556,4076.628298442287
544,53.50638711264532,170.88000000000557,4076.7671354058007
545,53.50638711264532,170.90000000000558,4076.9059641843414
546,53.50638711264532,170.9200000000056,4077.044784776666
547,53.50638711264532,170.9400000000056,4077.18359718153
548,53.50638711264532,170.9600000000056,4077.32240139769
549,53.50638711264532,170.98000000000562,4077.461197423903
550,53.50638711264532,171.00000000000563,4077.599985258925
551,53.50638711264532,171.02000000000564,4077.7387649015127
552,53.50638711264532,171.04000000000565,4077.877536350423
553,53.50638711264532,171.06000000000566,4078.016299604412
554,53.50638711264532,171.08000000000567,4078.1550546622366
555,53.50638711264532,171.10000000000568,4078.2938015226537
556,53.50638711264532,171.1200000000057,4078.43254018442
557,53.50638711264532,171.1400000000057,4078.571270646292
558,53.50638711264532,171.1600000000057,4078.7099929070264
559,53.50638711264532,171.18000000000572,4078.8487069653806
560,53.40859852679814,171.20000000000573,4078.9874128201113
561,53.40859852679814,171.22000000000574,4079.1261104699756
562,53.40859852679814,171.24000000000575,4079.2647999137307
563,53.40859852679814,171.26000000000576,4079.4034811501333
564,53.40859852679814,171.28000000000577,4079.542154177941
565,53.40859852679814,171.30000000000578,4079.6808189959106
566,53.40859852679814,171.3200000000058,4079.8194756027992
567,53.40859852679814,171.3400000000058,4079.9581239973645
568,53.40859852679814,171.3600000000058,4080.096764179764
569,53.40859852679814,171.38000000000582,4080.2353961527087
570,53.40859852679814,171.40000000000583,4080.3740199152376
571,53.40859852679814,171.42000000000584,4080.5126354661043
572,53.40859852679814,171.44000000000585,4080.651242804063
573,53.40859852679814,171.46000000000586,4080.789841927867
574,53.40859852679814,171.48000000000587,4080.9284328362714
575,53.40859852679814,171.50000000000588,4081.06701552803
576,53.40859852679814,171.5200000000059,4081.2055900018972
577,53.40859852679814,171.5400000000059,4081.3441562566272
578,53.40859852679814,171.5600000000059,4081.4827142909744
579,53.40859852679814,171.58000000000592,4081.6212641036927
580,53.40859852679814,171.60000000000593,4081.759805693537
581,53.40859852679814,171.62000000000594,4081.898339059262
582,53.40859852679814,171.64000000000595,4082.0368641996215
583,53.40859852679814,171.66000000000597,4082.1753811133703
584,53.40859852679814,171.68000000000598,4082.313889802661
585,53.40859852679814,171.70000000000599,4082.4523903334484
586,53.40859852679814,171.720000000006,4082.5908827411204
587,53.40859852679814,171.740000000006,4082.729367024447
588,53.40859852679814,171.76000000000602,4082.867843182199
589,53.40859852679814,171.78000000000603,4083.006311213146
590,53.40859852679814,171.80000000000604,4083.1447711160586
591,53.40859852679814,171.82000000000605,4083.2832228897073
592,53.40859852679814,171.84000000000606,4083.421666532862
593,53.40859852679814,171.86000000000607,4083.5601020442937
594,53.40859852679814,171.88000000000608,4083.6985294227725
595,53.40859852679814,171.9000000000061,4083.836948667069
596,53.40859852679814,171.9200000000061,4083.975359775954
597,53.40859852679814,171.9400000000061,4084.113762748198
598,53.40859852679814,171.96000000000612,4084.2521575825717
599,53.40859852679814,171.98000000000613,4084.390544277846
600,53.40859852679814,172.00000000000614,4084.528922832791
601,53.40859852679814,172.02000000000615,4084.667293246178
602,53.40859852679814,172.04000000000616,4084.8056555167777
603,53.40859852679814,172.06000000000617,4084.944009643361
604,53.40859852679814,172.08000000000618,4085.0823556246987
605,53.40859852679814,172.1000000000062,4085.220693459562
606,53.40859852679814,172.1200000000062,4085.359023146722
607,53.40859852679814,172.1400000000062,4085.4973446849494
608,53.40859852679814,172.16000000000622,4085.6356580730153
609,53.40859852679814,172.18000000000623,4085.773963309691
610,53.40859852679814,172.20000000000624,4085.912260393748
611,53.40859852679814,172.22000000000625,4086.050549323957
612,53.40859852679814,172.24000000000626,4086.1888300990895
613,53.40859852679814,172.26000000000627,4086.3271027179167
614,53.40859852679814,172.28000000000628,4086.46536717921
615,53.40859852679814,172.3000000000063,4086.60362348174
616,53.40859852679814,172.3200000000063,4086.7418716242796
617,53.40859852679814,172.3400000000063,4086.8801116055997
618,53.40859852679814,172.36000000000632,4087.018343424472
619,53.40859852679814,172.38000000000633,4087.156567079667
620,53.40859852679814,172.40000000000634,4087.2947825699575
621,53.40859852679814,172.42000000000635,4087.432989894115
622,53.40859852679814,172.44000000000636,4087.571189050911
623,53.40859852679814,172.46000000000637,4087.709380039117
624,53.40859852679814,172.48000000000638,4087.847562857505
625,53.40859852679814,172.5000000000064,4087.9857375048473
626,53.40859852679814,172.5200000000064,4088.123903979915
627,53.40859852679814,172.54000000000642,4088.2620622814807
628,53.40859852679814,172.56000000000643,4088.400212408316
629,53.40859852679814,172.58000000000644,4088.5383543591925
630,53.40859852679814,172.60000000000645,4088.6764881328827
631,53.40859852679814,172.62000000000646,4088.8146137281587
632,53.40859852679814,172.64000000000647,4088.952731143793
633,53.40859852679814,172.66000000000648,4089.090840378557
634,53.40859852679814,172.6800000000065,4089.2289414312236
635,53.40859852679814,172.7000000000065,4089.367034305275
636,53.40859852679814,172.7200000000065,4089.5051190724903
637,53.40859852679814,172.74000000000652,4089.643195762268
638,53.40859852679814,172.76000000000653,4089.7812643733982
639,53.40859852679814,172.78000000000654,4089.9193249046716
640,53.40859852679814,172.80000000000655,4090.057377355293
641,53.40859852679814,172.82000000000656,4090.1954217287025
642,53.40859852679814,172.84000000000657,4090.333458024609
643,53.40859852679814,172.86000000000658,4090.4714862418014
644,53.40859852679814,172.8800000000066,4090.609506379068
645,53.40859852679814,172.9000000000066,4090.7475184351974
646,53.31110744343955,172.9200000000066,4090.885522408979
647,53.31110744343955,172.94000000000662,4091.023518299201
648,53.31110744343955,172.96000000000663,4091.1615061046523
649,53.31110744343955,172.98000000000664,4091.2994858241223
650,53.31110744343955,173.00000000000665,4091.4374574563994
651,53.31110744343955,173.02000000000666,4091.575421000273
652,53.31110744343955,173.04000000000667,4091.713376454532
653,53.31110744343955,173.06000000000668,4091.8513238179653
654,53.31110744343955,173.0800000000067,4091.9892630893623
655,53.31110744343955,173.1000000000067,4092.127194267512
656,53.31110744343955,173.1200000000067,4092.2651173512036
657,53.31110744343955,173.14000000000672,4092.4030323392262
658,53.31110744343955,173.16000000000673,4092.5409392303695
659,53.31110744343955,173.18000000000674,4092.6788380234225
660,53.31110744343955,173.20000000000675,4092.816728717175
661,53.31110744343955,173.22000000000676,4092.954611310416
662,53.31110744343955,173.24000000000677,4093.0924858019353
663,53.31110744343955,173.26000000000678,4093.230352190522
664,53.31110744343955,173.2800000000068,4093.3682104749655
665,53.31110744343955,173.3000000000068,4093.506060654056
666,53.31110744343955,173.32000000000681,4093.643902726583
667,53.31110744343955,173.34000000000682,4093.781736691336
668,53.31110744343955,173.36000000000683,4093.9195625471048
669,53.31110744343955,173.38000000000685,4094.057380292679
670,53.31110744343955,173.40000000000686,4094.195189926849
671,53.31110744343955,173.42000000000687,4094.3329914484034
672,53.31110744343955,173.44000000000688,4094.4707848561334
673,53.31110744343955,173.4600000000069,4094.608570148828
674,53.31110744343955,173.4800000000069,4094.746347325278
675,53.31110744343955,173.5000000000069,4094.8841163842726
676,53.31110744343955,173.52000000000692,4095.0218773246024
677,53.31110744343955,173.54000000000693,4095.1596301450577
678,53.31110744343955,173.56000000000694,4095.297374844428
679,53.31110744343955,173.58000000000695,4095.4351114215037
680,53.31110744343955,173.60000000000696,4095.5728398750753
681,53.31110744343955,173.62000000000697,4095.710560203933
682,53.31110744343955,173.64000000000698,4095.8482724068667
683,53.31110744343955,173.660000000007,4095.9859764826674
684,53.31110744343955,173.680000000007,4096.123672430125
685,53.31110744343955,173.700000000007,4096.2613602480305
686,53.31110744343955,173.72000000000702,4096.399039941035
687,53.31110744343955,173.74000000000703,4096.5367115843965
688,53.31110744343955,173.76000000000704,4096.674375200623
689,53.31110744343955,173.78000000000705,4096.812030788514
690,53.31110744343955,173.80000000000706,4096.949678346867
691,53.31110744343955,173.82000000000707,4097.08731787448
692,53.31110744343955,173.84000000000708,4097.224949370151
693,53.31110744343955,173.8600000000071,4097.36257283268
694,53.31110744343955,173.8800000000071,4097.500188260863
695,53.31110744343955,173.9000000000071,4097.6377956535
696,53.31110744343955,173.92000000000712,4097.775395009389
697,53.31110744343955,173.94000000000713,4097.912986327329
698,53.31110744343955,173.96000000000714,4098.050569606118
699,53.31110744343955,173.98000000000715,4098.188144844555
700,53.31110744343955,174.00000000000716,4098.325712041438
701,53.31110744343955,174.02000000000717,4098.463271195566
702,53.31110744343955,174.04000000000718,4098.600822305739
703,53.31110744343955,174.0600000000072,4098.738365370754
704,53.31110744343955,174.0800000000072,4098.87590038941
705,53.31110744343955,174.1000000000072,4099.013427360507
706,53.31110744343955,174.12000000000722,4099.150946282843
707,53.31110744343955,174.14000000000723,4099.288457155217
708,53.31110744343955,174.16000000000724,4099.425959976427
709,53.31110744343955,174.18000000000725,4099.563454745275
710,53.31110744343955,174.20000000000726,4099.700941460556
711,53.31110744343955,174.22000000000727,4099.838420121073
712,53.31110744343955,174.24000000000729,4099.975890725623
713,53.31110744343955,174.2600000000073,4100.113353275019
714,53.31110744343955,174.2800000000073,4100.250807771567
715,53.31110744343955,174.30000000000732,4100.388254214227
716,53.31110744343955,174.32000000000733,4100.525692601792
717,53.31110744343955,174.34000000000734,4100.663122933054
718,53.31110744343955,174.36000000000735,4100.800545206806
719,53.31110744343955,174.38000000000736,4100.937959421843
720,53.31110744343955,174.40000000000737,4101.075365576955
721,53.31110744343955,174.42000000000738,4101.2127636709365
722,53.31110744343955,174.4400000000074,4101.35015370258
723,53.31110744343955,174.4600000000074,4101.487535670681
724,53.31110744343955,174.4800000000074,4101.6249095740295
725,53.31110744343955,174.50000000000742,4101.762275411421
726,53.21391259698003,174.52000000000743,4101.899633181648
727,53.21391259698003,174.54000000000744,4102.036982883504
728,53.21391259698003,174.56000000000745,4102.174324515782
729,53.21391259698003,174.58000000000746,4102.311658077276
730,53.21391259698003,174.60000000000747,4102.448983566779
731,53.21391259698003,174.62000000000748,4102.586300983085
732,53.21391259698003,174.6400000000075,4102.723610324986
733,53.21391259698003,174.6600000000075,4102.860911591278
734,53.21391259698003,174.6800000000075,4102.9982047807525
735,53.21391259698003,174.70000000000752,4103.1354898922045
736,53.21391259698003,174.72000000000753,4103.272766924428
737,53.21391259698003,174.74000000000754,4103.410035883189
738,53.21391259698003,174.76000000000755,4103.547296847174
739,53.21391259698003,174.78000000000756,4103.6845498323155
740,53.21391259698003,174.80000000000757,4103.82179483743
741,53.21391259698003,174.82000000000758,4103.959031861336
742,53.21391259698003,174.8400000000076,4104.09626090285
743,53.21391259698003,174.8600000000076,4104.233481960789
744,53.21391259698003,174.8800000000076,4104.370695033968
745,53.21391259698003,174.90000000000762,4104.507900121207
746,53.21391259698003,174.92000000000763,4104.6450972213215
747,53.21391259698003,174.94000000000764,4104.7822863331285
748,53.21391259698003,174.96000000000765,4104.919467455446
749,53.21391259698003,174.98000000000766,4105.05664058709
750,53.21391259698003,175.00000000000767,4105.19380572688
751,53.21391259698003,175.02000000000768,4105.3309628736315
752,53.21391259698003,175.0400000000077,4105.468112026162
753,53.21391259698003,175.0600000000077,4105.605253183289
754,53.21391259698003,175.08000000000771,4105.742386343831
755,53.21391259698003,175.10000000000773,4105.879511506603
756,53.21391259698003,175.12000000000774,4106.016628670425
757,53.21391259698003,175.14000000000775,4106.153737834114
758,53.21391259698003,175.16000000000776,4106.290838996486
759,53.21391259698003,175.18000000000777,4106.42793215636
760,53.21391259698003,175.20000000000778,4106.565017312554
761,53.21391259698003,175.2200000000078,4106.702094463885
762,53.21391259698003,175.2400000000078,4106.839163609171
763,53.21391259698003,175.2600000000078,4106.97622474723
764,53.21391259698003,175.28000000000782,4107.11327787688
765,53.21391259698003,175.30000000000783,4107.250322996938
766,53.21391259698003,175.32000000000784,4107.387360106222
767,53.21391259698003,175.34000000000785,4107.524389203551
768,53.21391259698003,175.36000000000786,4107.661410287743
769,53.21391259698003,175.38000000000787,4107.798423357614
770,53.21391259698003,175.40000000000788,4107.9354284119845
771,53.21391259698003,175.4200000000079,4108.072425449672
772,53.21391259698003,175.4400000000079,4108.209414469494
773,53.21391259698003,175.4600000000079,4108.346395470268
774,53.21391259698003,175.48000000000792,4108.483368450815
775,53.21391259698003,175.50000000000793,4108.620333409951
776,53.21391259698003,175.52000000000794,4108.757290346494
777,53.21391259698003,175.54000000000795,4108.894239259264
778,53.21391259698003,175.56000000000796,4109.031180147079
779,53.21391259698003,175.58000000000797,4109.168113008757
780,53.21391259698003,175.60000000000798,4109.305037843117
781,53.21391259698003,175.620000000008,4109.441954648977
782,53.21391259698003,175.640000000008,4109.578863425157
783,53.21391259698003,175.660000000008,4109.715764170473
784,53.21391259698003,175.68000000000802,4109.852656883746
785,53.21391259698003,175.70000000000803,4109.989541563794
786,53.21391259698003,175.72000000000804,4110.126418211952
787,53.21391259698003,175.74000000000805,4110.263286830227
788,53.21391259698003,175.76000000000806,4110.400147425805
789,53.21391259698003,175.78000000000807,4110.537000083135
790,53.21391259698003,175.80000000000808,4110.6738448121405
791,53.21391259698003,175.8200000000081,4110.810681611649
792,53.21391259698003,175.8400000000081,4110.947510480489
793,53.21391259698003,175.8600000000081,4111.084331417487
794,53.21391259698003,175.88000000000812,4111.221144421472
795,53.21391259698003,175.90000000000813,4111.357949491271
796,53.21391259698003,175.92000000000814,4111.494746625713
797,53.21391259698003,175.94000000000815,4111.631535823625
798,53.21391259698003,175.96000000000816,4111.768317083836
799,53.21391259698003,175.98000000000818,4111.905090405174
800,53.21391259698003,176.00000000000819,4112.041855786466
801,53.21391259698003,176.0200000000082,4112.1786132265415
802,53.21391259698003,176.0400000000082,4112.315362724228
803,53.21391259698003,176.06000000000822,4112.452104278354
804,53.21391259698003,176.08000000000823,4112.588837887748
805,53.21391259698003,176.10000000000824,4112.725563551237
806,53.21391259698003,176.12000000000825,4112.862281267651
807,53.117012728743795,176.14000000000826,4112.998991035818
808,53.117012728743795,176.16000000000827,4113.135692854566
809,53.117012728743795,176.18000000000828,4113.272386722723
810,53.117012728743795,176.2000000000083,4113.409072639119
811,53.117012728743795,176.2200000000083,4113.545750602581
812,53.117012728743795,176.2400000000083,4113.682420611939
813,53.117012728743795,176.26000000000832,4113.819082666021
814,53.117012728743795,176.28000000000833,4113.955736763656
815,53.117012728743795,176.30000000000834,4114.092382903672
816,53.117012728743795,176.32000000000835,4114.229021084899
817,53.117012728743795,176.34000000000836,4114.365651306164
818,53.117012728743795,176.36000000000837,4114.502273566298
819,53.117012728743795,176.38000000000838,4114.638887864128
820,53.117012728743795,176.4000000000084,4114.775494198484
821,53.117012728743795,176.4200000000084,4114.912092568195
822,53.117012728743795,176.4400000000084,4115.048682972089
823,53.117012728743795,176.46000000000842,4115.185265408997
824,53.117012728743795,176.48000000000843,4115.321839877746
825,53.117012728743795,176.50000000000844,4115.458406377166
826,53.117012728743795,176.52000000000845,4115.594964906087
827,53.117012728743795,176.54000000000846,4115.731515463337
828,53.117012728743795,176.56000000000847,4115.868058047746
829,53.117012728743795,176.58000000000848,4116.004592658142
830,53.117012728743795,176.6000000000085,4116.141119293357
831,53.117012728743795,176.6200000000085,4116.277637952218
832,53.117012728743795,176.6400000000085,4116.414148633556
833,53.117012728743795,176.66000000000852,4116.550651336199
834,53.117012728743795,176.68000000000853,4116.687146058977
835,53.117012728743795,176.70000000000854,4116.823632800721
836,53.117012728743795,176.72000000000855,4116.960111560258
837,53.117012728743795,176.74000000000856,4117.09658233642
838,53.117012728743795,176.76000000000857,4117.233045128036
839,53.117012728743795,176.78000000000858,4117.369499946235
840,53.117012728743795,176.8000000000086,4117.505946872283
841,53.117012728743795,176.8200000000086,4117.642385912802
842,53.117012728743795,176.84000000000862,4117.778817066621
843,53.117012728743795,176.86000000000863,4117.91524033257
844,53.117012728743795,176.88000000000864,4118.051655709477
845,53.117012728743795,176.90000000000865,4118.188063196172
846,53.117012728743795,176.92000000000866,4118.3244627914855
847,53.117012728743795,176.94000000000867,4118.460854494246
848,53.117012728743795,176.96000000000868,4118.597238303282
849,53.117012728743795,176.9800000000087,4118.7336142174245
850,53.117012728743795,177.0000000000087,4118.869982235502
851,53.117012728743795,177.0200000000087,4119.006342356344
852,53.117012728743795,177.04000000000872,4119.142694578782
853,53.117012728743795,177.06000000000873,4119.279038901644
854,53.117012728743795,177.08000000000874,4119.41537532376
855,53.117012728743795,177.10000000000875,4119.551703843959
856,53.117012728743795,177.12000000000876,4119.688024461072
857,53.117012728743795,177.14000000000877,4119.824337173928
858,53.117012728743795,177.16000000000878,4119.960641981358
859,53.117012728743795,177.1800000000088,4120.096938883653
860,53.117012728743795,177.2000000000088,4120.233227883547
861,53.117012728743795,177.2200000000088,4120.36950898014
862,53.117012728743795,177.24000000000882,4120.505782172259
863,53.117012728743795,177.26000000000883,4120.642047458732
864,53.117012728743795,177.28000000000884,4120.778304838387
865,53.117012728743795,177.30000000000885,4120.914554310051
866,53.117012728743795,177.32000000000886,4121.050795872553
867,53.117012728743795,177.34000000000887,4121.18702952472
868,53.117012728743795,177.36000000000888,4121.323255265381
869,53.117012728743795,177.3800000000089,4121.459473093363
870,53.117012728743795,177.4000000000089,4121.595683007495
871,53.117012728743795,177.4200000000089,4121.731885006604
872,53.117012728743795,177.44000000000892,4121.868079089519
873,53.117012728743795,177.46000000000893,4122.004265255067
874,53.117012728743795,177.48000000000894,4122.140443502079
875,53.117012728743795,177.50000000000895,4122.27661382938
876,53.117012728743795,177.52000000000896,4122.4127762358
877,53.117012728743795,177.54000000000897,4122.548930720168
878,53.117012728743795,177.56000000000898,4122.68507728131
879,53.117012728743795,177.580000000009,4122.8212159180575
880,53.117012728743795,177.600000000009,4122.957346629237
881,53.117012728743795,177.62000000000901,4123.093469413677
882,53.117012728743795,177.64000000000902,4123.229584270206
883,53.117012728743795,177.66000000000903,4123.365691197654
884,53.117012728743795,177.68000000000904,4123.501790194849
885,53.117012728743795,177.70000000000906,4123.637881260618
886,53.117012728743795,177.72000000000907,4123.773964393792
887,53.117012728743795,177.74000000000908,4123.910039593199
888,53.117012728743795,177.7600000000091,4124.046106857668
889,53.02040658692268,177.7800000000091,4124.182166186027
890,53.02040658692268,177.8000000000091,4124.318217595364
891,53.02040658692268,177.82000000000912,4124.454261161754
892,53.02040658692268,177.84000000000913,4124.590296890611
893,53.02040658692268,177.86000000000914,4124.726324780798
894,53.02040658692268,177.88000000000915,4124.862344831176
895,53.02040658692268,177.90000000000916,4124.99835704061
896,53.02040658692268,177.92000000000917,4125.134361407962
897,53.02040658692268,177.94000000000918,4125.270357932095
898,53.02040658692268,177.9600000000092,4125.406346611871
899,53.02040658692268,177.9800000000092,4125.542327446155
900,53.02040658692268,178.0000000000092,4125.6783004338085
901,53.02040658692268,178.02000000000922,4125.814265573696
902,53.02040658692268,178.04000000000923,4125.950222864679
903,53.02040658692268,178.06000000000924,4126.086172305621
904,53.02040658692268,178.08000000000925,4126.222113895386
905,53.02040658692268,178.10000000000926,4126.358047632837
906,53.02040658692268,178.12000000000927,4126.493973516836
907,53.02040658692268,178.14000000000928,4126.6298915462485
908,53.02040658692268,178.1600000000093,4126.7658017199365
909,53.02040658692268,178.1800000000093,4126.9017040367635
910,53.02040658692268,178.2000000000093,4127.037598495594
911,53.02040658692268,178.22000000000932,4127.173485095289
912,53.02040658692268,178.24000000000933,4127.3093638347145
913,53.02040658692268,178.26000000000934,4127.445234712733
914,53.02040658692268,178.28000000000935,4127.581097728208
915,53.02040658692268,178.30000000000936,4127.716952880004
916,53.02040658692268,178.32000000000937,4127.852800166984
917,53.02040658692268,178.34000000000938,4127.988639588011
918,53.02040658692268,178.3600000000094,4128.12447114195
919,53.02040658692268,178.3800000000094,4128.260294827664
920,53.02040658692268,178.4000000000094,4128.396110644018
921,53.02040658692268,178.42000000000942,4128.531918589875
922,53.02040658692268,178.44000000000943,4128.667718664099
923,53.02040658692268,178.46000000000944,4128.803510865553
924,53.02040658692268,178.48000000000945,4128.939295193102
925,53.02040658692268,178.50000000000946,4129.0750716456105
926,53.02040658692268,178.52000000000947,4129.210840221942
927,53.02040658692268,178.54000000000948,4129.346600920961
928,53.02040658692268,178.5600000000095,4129.4823537415305
929,53.02040658692268,178.5800000000095,4129.618098682516
930,53.02040658692268,178.60000000000952,4129.75383574278
931,53.02040658692268,178.62000000000953,4129.889564921189
932,53.02040658692268,178.64000000000954,4130.025286216784
933,53.02040658692268,178.66000000000955,4130.160999632
934,53.02040658692268,178.68000000000956,4130.29670516767
935,53.02040658692268,178.70000000000957,4130.432402822651
936,53.02040658692268,178.72000000000958,4130.568092595801
937,53.02040658692268,178.7400000000096,4130.703774485978
938,53.02040658692268,178.7600000000096,4130.83944849204
939,53.02040658692268,178.7800000000096,4130.975114612845
940,53.02040658692268,178.80000000000962,4131.11077284725
941,53.02040658692268,178.82000000000963,4131.246423218144
942,53.02040658692268,178.84000000000964,4131.382065796071
943,53.02040658692268,178.86000000000965,4131.517700585196
944,53.02040658692268,178.88000000000966,4131.653327584383
945,53.02040658692268,178.90000000000967,4131.788946792502
946,53.02040658692268,178.92000000000968,4131.924558208421
947,53.02040658692268,178.9400000000097,4132.060161831007
948,53.02040658692268,178.9600000000097,4132.195757659128
949,53.02040658692268,178.9800000000097,4132.331345691651
950,53.02040658692268,179.00000000000972,4132.466925927446
951,53.02040658692268,179.02000000000973,4132.602498365379
952,53.02040658692268,179.04000000000974,4132.738063004319
953,53.02040658692268,179.06000000000975,4132.873619843134
954,53.02040658692268,179.08000000000976,4133.009168880692
955,53.02040658692268,179.10000000000977,4133.144710115861
956,53.02040658692268,179.12000000000978,4133.28024354751
957,53.02040658692268,179.1400000000098,4133.415769174506
958,53.02040658692268,179.1600000000098,4133.551286995717
959,53.02040658692268,179.1800000000098,4133.686797010013
960,53.02040658692268,179.20000000000982,4133.822299216261
961,53.02040658692268,179.22000000000983,4133.95779361333
962,53.02040658692268,179.24000000000984,4134.093280200088
963,53.02040658692268,179.26000000000985,4134.228758975403
964,53.02040658692268,179.28000000000986,4134.3642299381445
965,53.02040658692268,179.30000000000987,4134.499693087181
966,53.02040658692268,179.32000000000988,4134.635148421381
967,53.02040658692268,179.3400000000099,4134.770595939613
968,53.02040658692268,179.3600000000099,4134.906035640744
969,53.02040658692268,179.38000000000991,4135.041467523645
970,52.92409292653037,179.40000000000992,4135.1768915871835
971,52.92409292653037,179.42000000000994,4135.312307830229
972,52.92409292653037,179.44000000000995,4135.44771625165
973,52.92409292653037,179.46000000000996,4135.583116850315
974,52.92409292653037,179.48000000000997,4135.718509625092
975,52.92409292653037,179.50000000000998,4135.853894574852
976,52.92409292653037,179.52000000001,4135.989271698463
977,52.92409292653037,179.54000000001,4136.124640994794
978,52.92409292653037,179.56000000001,4136.2600024627145
979,52.92409292653037,179.58000000001002,4136.395356101093
980,52.92409292653037,179.60000000001003,4136.530701908799
981,52.92409292653037,179.62000000001004,4136.666039884701
982,52.92409292653037,179.64000000001005,4136.801370027668
983,52.92409292653037,179.66000000001006,4136.936692336571
984,52.92409292653037,179.68000000001007,4137.072006810277
985,52.92409292653037,179.70000000001008,4137.207313447657
986,52.92409292653037,179.7200000000101,4137.342612247579
987,52.92409292653037,179.7400000000101,4137.4779032089145
988,52.92409292653037,179.7600000000101,4137.613186330531
989,52.92409292653037,179.78000000001012,4137.748461611298
990,52.92409292653037,179.80000000001013,4137.883729050086
991,52.92409292653037,179.82000000001014,4138.018988645764
992,52.92409292653037,179.84000000001015,4138.154240426576
993,52.92409292653037,179.86000000001016,4138.289484456944
994,52.92409292653037,179.88000000001017,4138.424720739764
995,52.92409292653037,179.90000000001018,4138.559949273913
996,52.92409292653037,179.9200000000102,4138.695170058268
997,52.92409292653037,179.9400000000102,4138.830383091706
998,52.92409292653037,179.9600000000102,4138.965588373103
999,52.92409292653037,179.98000000001022,4139.100785901336
1000,52.92409292653037,180.00000000001023,4139.235975675282
1001,52.92409292653037,180.02000000001024,4139.3711576938185
1002,52.92409292653037,180.04000000001025,4139.506331955822
1003,52.92409292653037,180.06000000001026,4139.64149846017
1004,52.92409292653037,180.08000000001027,4139.776657205738
1005,52.92409292653037,180.10000000001028,4139.911808191404
1006,52.92409292653037,180.1200000000103,4140.046951416381
1007,52.92409292653037,180.1400000000103,4140.182086883787
1008,52.92409292653037,180.1600000000103,4140.317214593721
1009,52.92409292653037,180.18000000001032,4140.4523345450625
1010,52.92409292653037,180.20000000001033,4140.587446736692
1011,52.92409292653037,180.22000000001034,4140.72255116749
1012,52.92409292653037,180.24000000001035,4140.857647836335
1013,52.92409292653037,180.26000000001036,4140.992736742108
1014,52.92409292653037,180.28000000001038,4141.127817883688
1015,52.92409292653037,180.30000000001039,4141.262891259957
1016,52.92409292653037,180.3200000000104,4141.397956869793
1017,52.92409292653037,180.3400000000104,4141.533014712078
1018,52.92409292653037,180.36000000001042,4141.66806478569
1019,52.92409292653037,180.38000000001043,4141.803107089511
1020,52.92409292653037,180.40000000001044,4141.938141622421
1021,52.92409292653037,180.42000000001045,4142.073168383301
1022,52.92409292653037,180.44000000001046,4142.208187371029
1023,52.92409292653037,180.46000000001047,4142.343198584488
1024,52.92409292653037,180.48000000001048,4142.478202022557
1025,52.92409292653037,180.5000000000105,4142.613197684116
1026,52.92409292653037,180.5200000000105,4142.748185568047
1027,52.92409292653037,180.5400000000105,4142.883165673229
1028,52.92409292653037,180.56000000001052,4143.018137998543
1029,52.92409292653037,180.58000000001053,4143.153102542871
1030,52.92409292653037,180.60000000001054,4143.288059305092
1031,52.92409292653037,180.62000000001055,4143.423008284088
1032,52.92409292653037,180.64000000001056,4143.557949478738
1033,52.92409292653037,180.66000000001057,4143.6928828879245
1034,52.92409292653037,180.68000000001058,4143.827808510528
1035,52.92409292653037,180.7000000000106,4143.962726345428
1036,52.92409292653037,180.7200000000106,4144.097636391506
1037,52.92409292653037,180.7400000000106,4144.232538647644
1038,52.92409292653037,180.76000000001062,4144.367433112722
1039,52.92409292653037,180.78000000001063,4144.502319785622
1040,52.92409292653037,180.80000000001064,4144.637198665223
1041,52.92409292653037,180.82000000001065,4144.772069750408
1042,52.92409292653037,180.84000000001066,4144.906933040058
1043,52.92409292653037,180.86000000001067,4145.041788568587
1044,52.92409292653037,180.88000000001068,4145.17663639633
1045,52.92409292653037,180.9000000000107,4145.3114765250575
1046,52.92409292653037,180.9200000000107,4145.446308953665
1047,52.92409292653037,180.9400000000107,4145.581133681046
1048,52.92409292653037,180.96000000001072,4145.715950706093
1049,52.92409292653037,180.98000000001073,4145.850760027702
1050,52.92409292653037,181.00000000001074,4145.985561644766
1051,52.92409292653037,181.02000000001075,4146.120355556179
1052,52.82807050935707,181.04000000001076,4146.255141760835
1053,52.82807050935707,181.06000000001077,4146.389920257627
1054,52.82807050935707,181.08000000001078,4146.52469104545
1055,52.82807050935707,181.1000000000108,4146.659454123199
1056,52.82807050935707,181.1200000000108,4146.794209489767
1057,52.82807050935707,181.14000000001082,4146.928957144049
1058,52.82807050935707,181.16000000001083,4147.063697084938
1059,52.82807050935707,181.18000000001084,4147.19842931133
1060,52.82807050935707,181.20000000001085,4147.333153822118
1061,52.82807050935707,181.22000000001086,4147.467870616197
1062,52.82807050935707,181.24000000001087,4147.6025796924605
1063,52.82807050935707,181.26000000001088,4147.737281049804
1064,52.82807050935707,181.2800000000109,4147.871974687121
1065,52.82807050935707,181.3000000000109,4148.006660603307
1066,52.82807050935707,181.3200000000109,4148.141338797256
1067,52.82807050935707,181.34000000001092,4148.276009267863
1068,52.82807050935707,181.36000000001093,4148.410672014022
1069,52.82807050935707,181.38000000001094,4148.545327034628
1070,52.82807050935707,181.40000000001095,4148.679974328576
1071,52.82807050935707,181.42000000001096,4148.8146138947595
1072,52.82807050935707,181.44000000001097,4148.949245732075
1073,52.82807050935707,181.46000000001098,4149.083869839416
1074,52.82807050935707,181.480000000011,4149.218486215678
1075,52.82807050935707,181.500000000011,4149.353094859756
1076,52.82807050935707,181.520000000011,4149.487695770545
1077,52.82807050935707,181.54000000001102,4149.622288946939
1078,52.82807050935707,181.56000000001103,4149.756874387834
1079,52.82807050935707,181.58000000001104,4149.891452092124
1080,52.82807050935707,181.60000000001105,4150.026022058887
1081,52.82807050935707,181.62000000001106,4150.160584290544
1082,52.82807050935707,181.64000000001107,4150.295138787889
1083,52.82807050935707,181.66000000001108,4150.429685549814
1084,52.82807050935707,181.6800000000111,4150.5642245752115
1085,52.82807050935707,181.7000000000111,4150.6987558629735
1086,52.82807050935707,181.7200000000111,4150.8332794119915
1087,52.82807050935707,181.74000000001112,4150.967795221158
1088,52.82807050935707,181.76000000001113,4151.1023032893645
1089,52.82807050935707,181.78000000001114,4151.236803615504
1090,52.82807050935707,181.80000000001115,4151.371296198468
1091,52.82807050935707,181.82000000001116,4151.50578103715
1092,52.82807050935707,181.84000000001117,4151.640258130441
1093,52.82807050935707,181.86000000001118,4151.774727477234
1094,52.82807050935707,181.8800000000112,4151.909189116952
1095,52.82807050935707,181.9000000000112,4152.0436431040025
1096,52.82807050935707,181.9200000000112,4152.178089438948
1097,52.82807050935707,181.94000000001122,4152.312528120683
1098,52.82807050935707,181.96000000001123,4152.4469591481065
1099,52.82807050935707,181.98000000001124,4152.581382520114
1100,52.82807050935707,182.00000000001125,4152.715798235602
1101,52.82807050935707,182.02000000001127,4152.850206293469
1102,52.82807050935707,182.04000000001128,4152.984606692609
1103,52.82807050935707,182.06000000001129,4153.118999431922
1104,52.82807050935707,182.0800000000113,4153.2533845103035
1105,52.82807050935707,182.1000000000113,4153.3877619266505
1106,52.82807050935707,182.12000000001132,4153.522131679861
1107,52.82807050935707,182.14000000001133,4153.656493768831
1108,52.82807050935707,182.16000000001134,4153.790848192458
1109,52.82807050935707,182.18000000001135,4153.925194949638
1110,52.82807050935707,182.20000000001136,4154.05953403927
1111,52.82807050935707,182.22000000001137,4154.193865460251
1112,52.82807050935707,182.24000000001138,4154.328189211477
1113,52.82807050935707,182.2600000000114,4154.462505291847
1114,52.82807050935707,182.2800000000114,4154.596813700257
1115,52.82807050935707,182.3000000000114,4154.731114435605
1116,52.82807050935707,182.32000000001142,4154.865407496789
1117,52.82807050935707,182.34000000001143,4154.999692882705
1118,52.82807050935707,182.36000000001144,4155.133970592251
1119,52.82807050935707,182.38000000001145,4155.268240624325
1120,52.82807050935707,182.40000000001146,4155.402502977824
1121,52.82807050935707,182.42000000001147,4155.536757651646
1122,52.82807050935707,182.44000000001148,4155.67100464469
1123,52.82807050935707,182.4600000000115,4155.8052439558505
1124,52.82807050935707,182.4800000000115,4155.939475584028
1125,52.82807050935707,182.5000000000115,4156.073699528119
1126,52.82807050935707,182.52000000001152,4156.207915787021
1127,52.82807050935707,182.54000000001153,4156.342124359633
1128,52.82807050935707,182.56000000001154,4156.476325244853
1129,52.82807050935707,182.58000000001155,4156.610518441577
1130,52.82807050935707,182.60000000001156,4156.744703948705
1131,52.82807050935707,182.62000000001157,4156.878881765135
1132,52.82807050935707,182.64000000001158,4157.013051889763
1133,52.82807050935707,182.6600000000116,4157.147214321489
1134,52.82807050935707,182.6800000000116,4157.28136905921
1135,52.73233810392443,182.7000000000116,4157.415516101825
1136,52.73233810392443,182.72000000001162,4157.549655448232
1137,52.73233810392443,182.74000000001163,4157.6837870973295
1138,52.73233810392443,182.76000000001164,4157.817911048015
1139,52.73233810392443,182.78000000001165,4157.952027299187
1140,52.73233810392443,182.80000000001166,4158.086135849743
1141,52.73233810392443,182.82000000001167,4158.220236698583
1142,52.73233810392443,182.84000000001168,4158.354329844605
1143,52.73233810392443,182.8600000000117,4158.488415286707
1144,52.73233810392443,182.8800000000117,4158.622493023788
1145,52.73233810392443,182.90000000001172,4158.756563100333
1146,52.73233810392443,182.92000000001173,4158.890625565383
1147,52.73233810392443,182.94000000001174,4159.024680418364
1148,52.73233810392443,182.96000000001175,4159.1587276581995
1149,52.73233810392443,182.98000000001176,4159.2927672838105
1150,52.73233810392443,183.00000000001177,4159.4267992941195
1151,52.73233810392443,183.02000000001178,4159.560823688049
1152,52.73233810392443,183.0400000000118,4159.694840464522
1153,52.73233810392443,183.0600000000118,4159.8288496224595
1154,52.73233810392443,183.0800000000118,4159.962851160785
1155,52.73233810392443,183.10000000001182,4160.0968450798855
1156,52.73233810392443,183.12000000001183,4160.230831382417
1157,52.73233810392443,183.14000000001184,4160.364810067565
1158,52.73233810392443,183.16000000001185,4160.498781134263
1159,52.73233810392443,183.18000000001186,4160.632744581446
1160,52.73233810392443,183.20000000001187,4160.766700408049
1161,52.73233810392443,183.22000000001188,4160.900648613005
1162,52.73233810392443,183.2400000000119,4161.034589195249
1163,52.73233810392443,183.2600000000119,4161.168522153716
1164,52.73233810392443,183.2800000000119,4161.302447487341
1165,52.73233810392443,183.30000000001192,4161.436365195057
1166,52.73233810392443,183.32000000001193,4161.5702752758
1167,52.73233810392443,183.34000000001194,4161.704177728504
1168,52.73233810392443,183.36000000001195,4161.838072552104
1169,52.73233810392443,183.38000000001196,4161.971959745534
1170,52.73233810392443,183.40000000001197,4162.105839307729
1171,52.73233810392443,183.42000000001198,4162.239711237625
1172,52.73233810392443,183.440000000012,4162.373575534155
1173,52.73233810392443,183.460000000012,4162.507432196255
1174,52.73233810392443,183.480000000012,4162.641281222859
1175,52.73233810392443,183.50000000001202,4162.775122612903
1176,52.73233810392443,183.52000000001203,4162.9089563653215
1177,52.73233810392443,183.54000000001204,4163.0427824790495
1178,52.73233810392443,183.56000000001205,4163.176600953022
1179,52.73233810392443,183.58000000001206,4163.310411786174
1180,52.73233810392443,183.60000000001207,4163.444214977441
1181,52.73233810392443,183.62000000001208,4163.578010525758
1182,52.73233810392443,183.6400000000121,4163.71179843006
1183,52.73233810392443,183.6600000000121,4163.845578689283
1184,52.73233810392443,183.68000000001211,4163.979351302361
1185,52.73233810392443,183.70000000001212,4164.1131162682295
1186,52.73233810392443,183.72000000001213,4164.246873585825
1187,52.73233810392443,183.74000000001215,4164.380623254081
1188,52.73233810392443,183.76000000001216,4164.514365271934
1189,52.73233810392443,183.78000000001217,4164.64809963832
1190,52.73233810392443,183.80000000001218,4164.781826352173
1191,52.73233810392443,183.8200000000122,4164.91554541243
1192,52.73233810392443,183.8400000000122,4165.049256818026
1193,52.73233810392443,183.8600000000122,4165.182960567897
1194,52.73233810392443,183.88000000001222,4165.316656660977
1195,52.73233810392443,183.90000000001223,4165.450345096836
1196,52.73233810392443,183.92000000001224,4165.584025925193
1197,52.73233810392443,183.94000000001225,4165.717699190074
1198,52.73233810392443,183.96000000001226,4165.851364890412
1199,52.73233810392443,183.98000000001227,4165.985023025136
1200,52.73233810392443,184.00000000001228,4166.118673593179
1201,52.73233810392443,184.0200000000123,4166.252316593471
1202,52.73233810392443,184.0400000000123,4166.385952024943
1203,52.73233810392443,184.0600000000123,4166.519579886528
1204,52.73233810392443,184.08000000001232,4166.653200177156
1205,52.73233810392443,184.10000000001233,4166.786812895758
1206,52.73233810392443,184.12000000001234,4166.920418041266
1207,52.73233810392443,184.14000000001235,4167.054015612613
1208,52.73233810392443,184.16000000001236,4167.187605608728
1209,52.73233810392443,184.18000000001237,4167.3211880285435
1210,52.73233810392443,184.20000000001238,4167.4547628709915
1211,52.73233810392443,184.2200000000124,4167.588330135003
1212,52.73233810392443,184.2400000000124,4167.721889819511
1213,52.73233810392443,184.2600000000124,4167.855441923445
1214,52.73233810392443,184.28000000001242,4167.988986445738
1215,52.73233810392443,184.30000000001243,4168.122523385322
1216,52.73233810392443,184.32000000001244,4168.256052741129
1217,52.63689448544092,184.34000000001245,4168.389574512089
1218,52.63689448544092,184.36000000001246,4168.523088697136
1219,52.63689448544092,184.38000000001247,4168.6565952952005
1220,52.63689448544092,184.40000000001248,4168.7900943052155
1221,52.63689448544092,184.4200000000125,4168.923585726112
1222,52.63689448544092,184.4400000000125,4169.057069556822
1223,52.63689448544092,184.4600000000125,4169.1905457962785
1224,52.63689448544092,184.48000000001252,4169.324014443413
1225,52.63689448544092,184.50000000001253,4169.457475497157
1226,52.63689448544092,184.52000000001254,4169.590928956444
1227,52.63689448544092,184.54000000001255,4169.724374820205
1228,52.63689448544092,184.56000000001256,4169.857813087373
1229,52.63689448544092,184.58000000001257,4169.99124375688
1230,52.63689448544092,184.60000000001259,4170.1246668301055
1231,52.63689448544092,184.6200000000126,4170.2580823089675
1232,52.63689448544092,184.6400000000126,4170.391490192454
1233,52.63689448544092,184.66000000001262,4170.524890479491
1234,52.63689448544092,184.68000000001263,4170.658283169006
1235,52.63689448544092,184.70000000001264,4170.791668259925
1236,52.63689448544092,184.72000000001265,4170.925045751177
1237,52.63689448544092,184.74000000001266,4171.058415641689
1238,52.63689448544092,184.76000000001267,4171.191777930388
1239,52.63689448544092,184.78000000001268,4171.3251326162
1240,52.63689448544092,184.8000000000127,4171.458479698053
1241,52.63689448544092,184.8200000000127,4171.591819174876
1242,52.63689448544092,184.8400000000127,4171.725151045594
1243,52.63689448544092,184.86000000001272,4171.858475309136
1244,52.63689448544092,184.88000000001273,4171.9917919644295
1245,52.63689448544092,184.90000000001274,4172.1251010104015
1246,52.63689448544092,184.92000000001275,4172.2584024477055
1247,52.63689448544092,184.94000000001276,4172.391696329205
1248,52.63689448544092,184.96000000001277,4172.524982692237
1249,52.63689448544092,184.98000000001278,4172.658261535737
1250,52.63689448544092,185.0000000000128,4172.791532858641
1251,52.63689448544092,185.0200000000128,4172.924796659883
1252,52.63689448544092,185.0400000000128,4173.058052938399
1253,52.63689448544092,185.06000000001282,4173.191301693123
1254,52.63689448544092,185.08000000001283,4173.324542922992
1255,52.63689448544092,185.10000000001284,4173.45777662694
1256,52.63689448544092,185.12000000001285,4173.591002803903
1257,52.63689448544092,185.14000000001286,4173.724221452817
1258,52.63689448544092,185.16000000001287,4173.857432572616
1259,52.63689448544092,185.18000000001288,4173.990636162236
1260,52.63689448544092,185.2000000000129,4174.123832220613
1261,52.63689448544092,185.2200000000129,4174.257020746682
1262,52.63689448544092,185.2400000000129,4174.390201739379
1263,52.63689448544092,185.26000000001292,4174.52337519764
1264,52.63689448544092,185.28000000001293,4174.6565411204
1265,52.63689448544092,185.30000000001294,4174.789699506595
1266,52.63689448544092,185.32000000001295,4174.922850355159
1267,52.63689448544092,185.34000000001296,4175.055993665031
1268,52.63689448544092,185.36000000001297,4175.189129435144
1269,52.63689448544092,185.38000000001298,4175.322257664436
1270,52.63689448544092,185.400000000013,4175.45537835184
1271,52.63689448544092,185.420000000013,4175.588491496295
1272,52.63689448544092,185.44000000001301,4175.721597096735
1273,52.63689448544092,185.46000000001303,4175.8546951520975
1274,52.63689448544092,185.48000000001304,4175.9877856613175
1275,52.63689448544092,185.50000000001305,4176.120868623331
1276,52.63689448544092,185.52000000001306,4176.253944037075
1277,52.63689448544092,185.54000000001307,4176.387011901484
1278,52.63689448544092,185.56000000001308,4176.520072215495
1279,52.63689448544092,185.5800000000131,4176.653124978045
1280,52.63689448544092,185.6000000000131,4176.786170188068
1281,52.63689448544092,185.6200000000131,4176.919207844503
1282,52.63689448544092,185.64000000001312,4177.0522379462855
1283,52.63689448544092,185.66000000001313,4177.1852604923515
1284,52.63689448544092,185.68000000001314,4177.318275481637
1285,52.63689448544092,185.70000000001315,4177.451282913079
1286,52.63689448544092,185.72000000001316,4177.584282785613
1287,52.63689448544092,185.74000000001317,4177.717275098177
1288,52.63689448544092,185.76000000001318,4177.850259849707
1289,52.63689448544092,185.7800000000132,4177.983237039139
1290,52.63689448544092,185.8000000000132,4178.11620666541
1291,52.63689448544092,185.8200000000132,4178.249168727456
1292,52.63689448544092,185.84000000001322,4178.382123224214
1293,52.63689448544092,185.86000000001323,4178.515070154623
1294,52.63689448544092,185.88000000001324,4178.648009517617
1295,52.63689448544092,185.90000000001325,4178.780941312133
1296,52.63689448544092,185.92000000001326,4178.913865537109
1297,52.63689448544092,185.94000000001327,4179.046782194346
1298,52.63689448544092,185.96000000001328,4179.179691341779
1299,52.63689448544092,185.9800000000133,4179.312593011572
1300,52.54173843575746,186.0000000000133,4179.445487202683
1301,52.54173843575746,186.0200000000133,4179.578373914069
1302,52.54173843575746,186.04000000001332,4179.71125314469
1303,52.54173843575746,186.06000000001333,4179.844124893505
1304,52.54173843575746,186.08000000001334,4179.976989159472
1305,52.63689448544092,186.10000000001335,4180.109845943578
1306,52.54173843575746,186.12000000001336,4180.2426952482865
1307,52.54173843575746,186.14000000001337,4180.375537072718
1308,52.54173843575746,186.16000000001338,4180.5083714158245
1309,52.54173843575746,186.1800000000134,4180.641198276562
1310,52.54173843575746,186.2000000000134,4180.774017653885
1311,52.54173843575746,186.2200000000134,4180.906829546746
1312,52.54173843575746,186.24000000001342,4181.0396339541
1313,52.54173843575746,186.26000000001343,4181.172430874903
1314,52.54173843575746,186.28000000001344,4181.305220308107
1315,52.54173843575746,186.30000000001345,4181.438002252668
1316,52.54173843575746,186.32000000001347,4181.570776707541
1317,52.54173843575746,186.34000000001348,4181.70354367168
1318,52.54173843575746,186.36000000001349,4181.8363031440385
1319,52.54173843575746,186.3800000000135,4181.969055123573
1320,52.54173843575746,186.4000000000135,4182.101799609236
1321,52.54173843575746,186.42000000001352,4182.234536599984
1322,52.54173843575746,186.44000000001353,4182.36726609477
1323,52.54173843575746,186.46000000001354,4182.49998809255
1324,52.54173843575746,186.48000000001355,4182.632702592278
1325,52.54173843575746,186.50000000001356,4182.76540959291
1326,52.54173843575746,186.52000000001357,4182.8981090934
1327,52.54173843575746,186.54000000001358,4183.030801092703
1328,52.54173843575746,186.5600000000136,4183.163485589774
1329,52.54173843575746,186.5800000000136,4183.296162583567
1330,52.54173843575746,186.6000000000136,4183.428832073038
1331,52.54173843575746,186.62000000001362,4183.561494057143
1332,52.54173843575746,186.64000000001363,4183.694148534835
1333,52.54173843575746,186.66000000001364,4183.826795505071
1334,52.54173843575746,186.68000000001365,4183.959434966804
1335,52.54173843575746,186.70000000001366,4184.092066918991
1336,52.54173843575746,186.72000000001367,4184.224691360587
1337,52.54173843575746,186.74000000001368,4184.357308290547
1338,52.54173843575746,186.7600000000137,4184.489917707826
1339,52.54173843575746,186.7800000000137,4184.622519611379
1340,52.54173843575746,186.8000000000137,4184.755114000162
1341,52.54173843575746,186.82000000001372,4184.887700873131
1342,52.54173843575746,186.84000000001373,4185.02028022924
1343,52.54173843575746,186.86000000001374,4185.152852067445
1344,52.54173843575746,186.88000000001375,4185.285416386701
1345,52.54173843575746,186.90000000001376,4185.417973185965
1346,52.54173843575746,186.92000000001377,4185.550522464191
1347,52.54173843575746,186.94000000001378,4185.683064220336
1348,52.54173843575746,186.9600000000138,4185.815598457258
1349,52.54173843575746,186.9800000000138,4185.948125236068
1350,52.54173843575746,187.0000000000138,4186.080644582754
1351,52.54173843575746,187.02000000001382,4186.213156496275
1352,52.54173843575746,187.04000000001383,4186.345660975593
1353,52.54173843575746,187.06000000001384,4186.47815801967
1354,52.54173843575746,187.08000000001385,4186.610647627468
1355,52.54173843575746,187.10000000001386,4186.743129797947
1356,52.54173843575746,187.12000000001387,4186.87560453007
1357,52.54173843575746,187.14000000001388,4187.008071822797
1358,52.54173843575746,187.1600000000139,4187.140531675092
1359,52.54173843575746,187.1800000000139,4187.272984085915
1360,52.54173843575746,187.20000000001392,4187.405429054227
1361,52.54173843575746,187.22000000001393,4187.537866578992
1362,52.54173843575746,187.24000000001394,4187.67029665917
1363,52.54173843575746,187.26000000001395,4187.802719293724
1364,52.54173843575746,187.28000000001396,4187.935134481616
1365,52.54173843575746,187.30000000001397,4188.067542221806
1366,52.54173843575746,187.32000000001398,4188.199942513258
1367,52.54173843575746,187.340000000014,4188.332335354933
1368,52.54173843575746,187.360000000014,4188.464720745793
1369,52.54173843575746,187.380000000014,4188.5970986848
1370,52.54173843575746,187.40000000001402,4188.729469170916
1371,52.54173843575746,187.42000000001403,4188.861832203103
1372,52.54173843575746,187.44000000001404,4188.994187780325
1373,52.54173843575746,187.46000000001405,4189.126535901542
1374,52.54173843575746,187.48000000001406,4189.258876565717
1375,52.54173843575746,187.50000000001407,4189.391209771813
1376,52.54173843575746,187.52000000001408,4189.523535518791
1377,52.54173843575746,187.5400000000141,4189.655853805613
1378,52.54173843575746,187.5600000000141,4189.7881646312435
1379,52.54173843575746,187.5800000000141,4189.920467994643
1380,52.54173843575746,187.60000000001412,4190.052763895127
1381,52.54173843575746,187.62000000001413,4190.185052335718
1382,52.54173843575746,187.64000000001414,4190.317333316262
1383,52.54173843575746,187.66000000001415,4190.449606835717
1384,52.54173843575746,187.68000000001416,4190.581872893038
1385,52.54173843575746,187.70000000001417,4190.714131487182
1386,52.54173843575746,187.72000000001418,4190.846382617107
1387,52.54173843575746,187.7400000000142,4190.97862628177
1388,52.54173843575746,187.7600000000142,4191.110862480126
1389,52.54173843575746,187.7800000000142,4191.243091211135
1390,52.446868743323435,187.80000000001422,4191.375312473751
1391,52.446868743323435,187.82000000001423,4191.507526266933
1392,52.446868743323435,187.84000000001424,4191.639732589638
1393,52.446868743323435,187.86000000001425,4191.771931440822
1394,52.446868743323435,187.88000000001426,4191.904122819444
1395,52.446868743323435,187.90000000001427,4192.036306724459
1396,52.446868743323435,187.92000000001428,4192.1684831548255
1397,52.446868743323435,187.9400000000143,4192.3006521095
1398,52.446868743323435,187.9600000000143,4192.432813587441
1399,52.446868743323435,187.98000000001431,4192.564967592513
1400,52.446868743323435,188.00000000001432,4192.6971141889835
1401,52.446868743323435,188.02000000001433,4192.829253396964
1402,52.446868743323435,188.04000000001435,4192.96138521544
1403,52.446868743323435,188.06000000001436,4193.093509643392
1404,52.446868743323435,188.08000000001437,4193.225626679805
1405,52.446868743323435,188.10000000001438,4193.35773632366
1406,52.446868743323435,188.1200000000144,4193.489838573942
1407,52.446868743323435,188.1400000000144,4193.621933429632
1408,52.446868743323435,188.1600000000144,4193.754020889715
1409,52.446868743323435,188.18000000001442,4193.886100953174
1410,52.446868743323435,188.20000000001443,4194.018173618991
1411,52.446868743323435,188.22000000001444,4194.150238886149
1412,52.446868743323435,188.24000000001445,4194.282296753633
1413,52.446868743323435,188.26000000001446,4194.414347220425
1414,52.446868743323435,188.28000000001447,4194.546390285509
1415,52.446868743323435,188.30000000001448,4194.678425947868
1416,52.446868743323435,188.3200000000145,4194.810454206486
1417,52.446868743323435,188.3400000000145,4194.942475060345
1418,52.446868743323435,188.3600000000145,4195.07448850843
1419,52.446868743323435,188.38000000001452,4195.206494549723
1420,52.446868743323435,188.40000000001453,4195.338493183209
1421,52.446868743323435,188.42000000001454,4195.470484407871
1422,52.446868743323435,188.44000000001455,4195.602468222692
1423,52.446868743323435,188.46000000001456,4195.734444626656
1424,52.446868743323435,188.48000000001457,4195.866413618747
1425,52.446868743323435,188.50000000001458,4195.998375197949
1426,52.446868743323435,188.5200000000146,4196.1303293632445
1427,52.446868743323435,188.5400000000146,4196.262276113619
1428,52.446868743323435,188.5600000000146,4196.394215448055
1429,52.446868743323435,188.58000000001462,4196.526147365536
1430,52.446868743323435,188.60000000001463,4196.6580718650475
1431,52.446868743323435,188.62000000001464,4196.789988945572
1432,52.446868743323435,188.64000000001465,4196.921898606094
1433,52.446868743323435,188.66000000001466,4197.053800845597
1434,52.446868743323435,188.68000000001467,4197.185695663065
1435,52.446868743323435,188.70000000001468,4197.317583057483
1436,52.446868743323435,188.7200000000147,4197.449463027834
1437,52.446868743323435,188.7400000000147,4197.5813355731025
1438,52.446868743323435,188.7600000000147,4197.713200692273
1439,52.446868743323435,188.78000000001472,4197.84505838433
1440,52.446868743323435,188.80000000001473,4197.976908648256
1441,52.446868743323435,188.82000000001474,4198.108751483036
1442,52.446868743323435,188.84000000001475,4198.240586887655
1443,52.446868743323435,188.86000000001476,4198.372414861097
1444,52.446868743323435,188.88000000001477,4198.504235402347
1445,52.446868743323435,188.90000000001478,4198.636048510389
1446,52.446868743323435,188.9200000000148,4198.767854184206
1447,52.446868743323435,188.9400000000148,4198.899652422784
1448,52.446868743323435,188.96000000001482,4199.031443225107
1449,52.446868743323435,188.98000000001483,4199.16322659016
1450,52.446868743323435,189.00000000001484,4199.295002522969
1451,52.446868743323435,189.02000000001485,4199.426771092806
1452,52.446868743323435,189.04000000001486,4199.558532314558
1453,52.446868743323435,189.06000000001487,4199.690286187215
1454,52.446868743323435,189.08000000001488,4199.822032709767
1455,52.446868743323435,189.1000000000149,4199.953771881205
1456,52.446868743323435,189.1200000000149,4200.0855037016945
1457,52.446868743323435,189.1400000000149,4200.217228174378
1458,52.446868743323435,189.16000000001492,4200.348945298573
1459,52.446868743323435,189.18000000001493,4200.480655073269
1460,52.446868743323435,189.20000000001494,4200.612357497454
1461,52.446868743323435,189.22000000001495,4200.744052570114
1462,52.446868743323435,189.24000000001496,4200.875740290238
1463,52.446868743323435,189.26000000001497,4201.007420656814
1464,52.446868743323435,189.28000000001498,4201.139093668829
1465,52.446868743323435,189.300000000015,4201.270759325273
1466,52.446868743323435,189.320000000015,4201.4024176251305
1467,52.446868743323435,189.340000000015,4201.534068567392
1468,52.446868743323435,189.36000000001502,4201.665712151044
1469,52.446868743323435,189.38000000001503,4201.797348375077
1470,52.446868743323435,189.40000000001504,4201.928977238475
1471,52.446868743323435,189.42000000001505,4202.0605987402305
1472,52.446868743323435,189.44000000001506,4202.1922128793285
1473,52.446868743323435,189.46000000001507,4202.323819654758
1474,52.35228420314315,189.48000000001508,4202.455419065508
1475,52.35228420314315,189.5000000000151,4202.587011110566
1476,52.35228420314315,189.5200000000151,4202.7185957889205
1477,52.35228420314315,189.5400000000151,4202.8501730995595
1478,52.35228420314315,189.56000000001512,4202.981743041471
1479,52.35228420314315,189.58000000001513,4203.113305613645
1480,52.35228420314315,189.60000000001514,4203.244860815068
1481,52.35228420314315,189.62000000001515,4203.376408644729
1482,52.35228420314315,189.64000000001516,4203.507949101618
1483,52.35228420314315,189.66000000001517,4203.639482184721
1484,52.35228420314315,189.68000000001518,4203.771007893028
1485,52.35228420314315,189.7000000000152,4203.902526225527
1486,52.35228420314315,189.7200000000152,4204.034037181208
1487,52.35228420314315,189.74000000001521,4204.165540759058
1488,52.35228420314315,189.76000000001522,4204.297036958066
1489,52.35228420314315,189.78000000001524,4204.428525777222
1490,52.35228420314315,189.80000000001525,4204.560007215513
1491,52.35228420314315,189.82000000001526,4204.691481271929
1492,52.35228420314315,189.84000000001527,4204.822947945458
1493,52.35228420314315,189.86000000001528,4204.954407235088
1494,52.35228420314315,189.8800000000153,4205.08585913981
1495,52.35228420314315,189.9000000000153,4205.217303658612
1496,52.35228420314315,189.9200000000153,4205.348740790482
1497,52.35228420314315,189.94000000001532,4205.480170534411
1498,52.35228420314315,189.96000000001533,4205.611592889386
1499,52.35228420314315,189.98000000001534,4205.743007854398
1500,52.35228420314315,190.00000000001535,4205.874415428434
1501,52.35228420314315,190.02000000001536,4206.005815617419
1502,52.35228420314315,190.04000000001537,4206.137208492928
1503,52.35228420314315,190.06000000001538,4206.268594064119
1504,52.35228420314315,190.0800000000154,4206.399972329976
1505,52.35228420314315,190.1000000000154,4206.5313432894845
1506,52.35228420314315,190.1200000000154,4206.662706941631
1507,52.35228420314315,190.14000000001542,4206.7940632854
1508,52.35228420314315,190.16000000001543,4206.925412319776
1509,52.35228420314315,190.18000000001544,4207.056754043746
1510,52.35228420314315,190.20000000001545,4207.188088456294
1511,52.35228420314315,190.22000000001546,4207.319415556406
1512,52.35228420314315,190.24000000001547,4207.450735343067
1513,52.35228420314315,190.26000000001548,4207.582047815264
1514,52.35228420314315,190.2800000000155,4207.71335297198
1515,52.35228420314315,190.3000000000155,4207.844650812202
1516,52.35228420314315,190.3200000000155,4207.975941334917
1517,52.35228420314315,190.34000000001552,4208.107224539108
1518,52.35228420314315,190.36000000001553,4208.238500423762
1519,52.35228420314315,190.38000000001554,4208.3697689878645
1520,52.35228420314315,190.40000000001555,4208.501030230402
1521,52.35228420314315,190.42000000001556,4208.632284150359
1522,52.35228420314315,190.44000000001557,4208.763530746722
1523,52.35228420314315,190.46000000001558,4208.894770018476
1524,52.35228420314315,190.4800000000156,4209.026001964608
1525,52.35228420314315,190.5000000000156,4209.157226584104
1526,52.35228420314315,190.5200000000156,4209.288443875949
1527,52.35228420314315,190.54000000001562,4209.41965383913
1528,52.35228420314315,190.56000000001563,4209.5508564726315
1529,52.35228420314315,190.58000000001564,4209.68205177544
1530,52.35228420314315,190.60000000001565,4209.813239746542
1531,52.35228420314315,190.62000000001566,4209.944420384924
1532,52.35228420314315,190.64000000001568,4210.075593690383
1533,52.35228420314315,190.66000000001569,4210.206759666231
1534,52.35228420314315,190.6800000000157,4210.33791831185
1535,52.35228420314315,190.7000000000157,4210.469069626235
1536,52.35228420314315,190.72000000001572,4210.60021360838
1537,52.35228420314315,190.74000000001573,4210.731350257278
1538,52.35228420314315,190.76000000001574,4210.862479571922
1539,52.35228420314315,190.78000000001575,4210.9936015513085
1540,52.35228420314315,190.80000000001576,4211.124716194429
1541,52.35228420314315,190.82000000001577,4211.255823500279
1542,52.35228420314315,190.84000000001578,4211.386923467851
1543,52.35228420314315,190.8600000000158,4211.518016096142
1544,52.35228420314315,190.8800000000158,4211.649101384143
1545,52.35228420314315,190.9000000000158,4211.78017933085
1546,52.35228420314315,190.92000000001582,4211.911249935256
1547,52.35228420314315,190.94000000001583,4212.042313196355
1548,52.35228420314315,190.96000000001584,4212.173369113142
1549,52.35228420314315,190.98000000001585,4212.304417684611
1550,52.35228420314315,191.00000000001586,4212.435458909756
1551,52.35228420314315,191.02000000001587,4212.566492787571
1552,52.35228420314315,191.04000000001588,4212.6975193272065
1553,52.35228420314315,191.0600000000159,4212.828538600971
1554,52.35228420314315,191.0800000000159,4212.95955061489
1555,52.35228420314315,191.1000000000159,4213.090555367969
1556,52.35228420314315,191.12000000001592,4213.221552859213
1557,52.35228420314315,191.14000000001593,4213.352543087631
1558,52.257983616732425,191.16000000001594,4213.483526052228
1559,52.257983616732425,191.18000000001595,4213.614501752011
1560,52.257983616732425,191.20000000001596,4213.745470185987
1561,52.257983616732425,191.22000000001597,4213.876431353162
1562,52.257983616732425,191.24000000001598,4214.007385252543
1563,52.257983616732425,191.260000000016,4214.138331883137
1564,52.257983616732425,191.280000000016,4214.269271243949
1565,52.257983616732425,191.300000000016,4214.400203333988
1566,52.257983616732425,191.32000000001602,4214.53112815226
1567,52.257983616732425,191.34000000001603,4214.662045697772
1568,52.257983616732425,191.36000000001604,4214.79295596953
1569,52.257983616732425,191.38000000001605,4214.923858966542
1570,52.257983616732425,191.40000000001606,4215.054754687814
1571,52.257983616732425,191.42000000001607,4215.185643132354
1572,52.257983616732425,191.44000000001608,4215.316524299168
1573,52.257983616732425,191.4600000000161,4215.447398187263
1574,52.257983616732425,191.4800000000161,4215.578264795648
1575,52.257983616732425,191.50000000001612,4215.7091241233275
1576,52.257983616732425,191.52000000001613,4215.83997616931
1577,52.257983616732425,191.54000000001614,4215.970820932603
1578,52.257983616732425,191.56000000001615,4216.101658412213
1579,52.257983616732425,191.58000000001616,4216.2324886071465
1580,52.257983616732425,191.60000000001617,4216.363311516412
1581,52.257983616732425,191.62000000001618,4216.494127139017
1582,52.257983616732425,191.6400000000162,4216.624935473968
1583,52.257983616732425,191.6600000000162,4216.755736520273
1584,52.257983616732425,191.6800000000162,4216.886530276938
1585,52.257983616732425,191.70000000001622,4217.017316742972
1586,52.257983616732425,191.72000000001623,4217.148095917382
1587,52.257983616732425,191.74000000001624,4217.278867799176
1588,52.257983616732425,191.76000000001625,4217.40963238736
1589,52.257983616732425,191.78000000001626,4217.540389680943
1590,52.257983616732425,191.80000000001627,4217.671139678932
1591,52.257983616732425,191.82000000001628,4217.801882380336
1592,52.257983616732425,191.8400000000163,4217.93261778416
1593,52.257983616732425,191.8600000000163,4218.063345889414
1594,52.257983616732425,191.8800000000163,4218.194066695105
1595,52.257983616732425,191.90000000001632,4218.324780200241
1596,52.257983616732425,191.92000000001633,4218.455486403829
1597,52.257983616732425,191.94000000001634,4218.586185304877
1598,52.257983616732425,191.96000000001635,4218.716876902394
1599,52.257983616732425,191.98000000001636,4218.847561195386
1600,52.257983616732425,192.00000000001637,4218.978238182864
1601,52.257983616732425,192.02000000001638,4219.108907863832
1602,52.257983616732425,192.0400000000164,4219.239570237301
1603,52.257983616732425,192.0600000000164,4219.370225317469
1604,52.257983616732425,192.0800000000164,4219.500873171054
1605,52.257983616732425,192.10000000001642,4219.631513802911
1606,52.257983616732425,192.12000000001643,4219.762147212059
1607,52.257983616732425,192.14000000001644,4219.892773397517
1608,52.257983616732425,192.16000000001645,4220.023392358472
1609,52.257983616732425,192.18000000001646,4220.154004097431
1610,52.257983616732425,192.20000000001647,4220.2846086153895
1611,52.257983616732425,192.22000000001648,4220.415205911368
1612,52.257983616732425,192.2400000000165,4220.545795984386
1613,52.257983616732425,192.2600000000165,4220.676378833466
1614,52.257983616732425,192.2800000000165,4220.8069544576265
1615,52.257983616732425,192.30000000001652,4220.937522855889
1616,52.257983616732425,192.32000000001653,4221.068084027275
1617,52.257983616732425,192.34000000001654,4221.198637970804
1618,52.257983616732425,192.36000000001656,4221.329184685497
1619,52.257983616732425,192.38000000001657,4221.459724170375
1620,52.257983616732425,192.40000000001658,4221.590256424458
1621,52.257983616732425,192.42000000001659,4221.720781446767
1622,52.257983616732425,192.4400000000166,4221.851299236324
1623,52.257983616732425,192.4600000000166,4221.981809792149
1624,52.257983616732425,192.48000000001662,4222.112313113263
1625,52.257983616732425,192.50000000001663,4222.242809198686
1626,52.257983616732425,192.52000000001664,4222.37329804744
1627,52.257983616732425,192.54000000001665,4222.503779658546
1628,52.257983616732425,192.56000000001666,4222.634254031024
1629,52.257983616732425,192.58000000001667,4222.764721163897
1630,52.257983616732425,192.60000000001668,4222.895181056185
1631,52.257983616732425,192.6200000000167,4223.025633706909
1632,52.257983616732425,192.6400000000167,4223.15607911509
1633,52.257983616732425,192.6600000000167,4223.286517279749
1634,52.257983616732425,192.68000000001672,4223.416948199908
1635,52.257983616732425,192.70000000001673,4223.547371874588
1636,52.257983616732425,192.72000000001674,4223.67778830281
1637,52.257983616732425,192.74000000001675,4223.808197483596
1638,52.257983616732425,192.76000000001676,4223.938599415967
1639,52.257983616732425,192.78000000001677,4224.068994098943
1640,52.257983616732425,192.80000000001678,4224.199381531547
1641,52.257983616732425,192.8200000000168,4224.329761712801
1642,52.257983616732425,192.8400000000168,4224.460134641725
1643,52.16396579207571,192.8600000000168,4224.590500317341
1644,52.16396579207571,192.88000000001682,4224.720858738671
1645,52.16396579207571,192.90000000001683,4224.851209904737
1646,52.16396579207571,192.92000000001684,4224.9815538145585
1647,52.16396579207571,192.94000000001685,4225.111890467159
1648,52.16396579207571,192.96000000001686,4225.24221986156
1649,52.16396579207571,192.98000000001687,4225.372541996783
1650,52.16396579207571,193.00000000001688,4225.50285687185
1651,52.16396579207571,193.0200000000169,4225.633164485782
1652,52.16396579207571,193.0400000000169,4225.7634648376015
1653,52.16396579207571,193.0600000000169,4225.89375792633
1654,52.16396579207571,193.08000000001692,4226.024043771032
1655,52.16396579207571,193.10000000001693,4226.154322433071
1656,52.16396579207571,193.12000000001694,4226.28459391618
1657,52.16396579207571,193.14000000001695,4226.414858219391
1658,52.16396579207571,193.16000000001696,4226.545115341739
1659,52.16396579207571,193.18000000001697,4226.675365282255
1660,52.16396579207571,193.20000000001698,4226.805608039975
1661,52.16396579207571,193.220000000017,4226.935843613929
1662,52.16396579207571,193.240000000017,4227.066072003153
1663,52.16396579207571,193.26000000001702,4227.196293206679
1664,52.16396579207571,193.28000000001703,4227.326507223541
1665,52.16396579207571,193.30000000001704,4227.456714052772
1666,52.16396579207571,193.32000000001705,4227.586913693406
1667,52.16396579207571,193.34000000001706,4227.717106144476
1668,52.16396579207571,193.36000000001707,4227.847291405016
1669,52.16396579207571,193.38000000001708,4227.97746947406
1670,52.16396579207571,193.4000000000171,4228.10764035064
1671,52.16396579207571,193.4200000000171,4228.237804033791
1672,52.16396579207571,193.4400000000171,4228.367960522545
1673,52.16396579207571,193.46000000001712,4228.498109815938
1674,52.16396579207571,193.48000000001713,4228.628251913002
1675,52.16396579207571,193.50000000001714,4228.758386812771
1676,52.16396579207571,193.52000000001715,4228.88851451428
1677,52.16396579207571,193.54000000001716,4229.018635016562
1678,52.16396579207571,193.56000000001717,4229.14874831865
1679,52.16396579207571,193.58000000001718,4229.278854419579
1680,52.16396579207571,193.6000000000172,4229.408953318382
1681,52.16396579207571,193.6200000000172,4229.539045014094
1682,52.16396579207571,193.6400000000172,4229.669129505748
1683,52.16396579207571,193.66000000001722,4229.799206792379
1684,52.16396579207571,193.68000000001723,4229.92927687302
1685,52.16396579207571,193.70000000001724,4230.059339747104
1686,52.16396579207571,193.72000000001725,4230.189395417872
1687,52.16396579207571,193.74000000001726,4230.319443884991
1688,52.16396579207571,193.76000000001727,4230.4494851475
1689,52.16396579207571,193.78000000001728,4230.579519204438
1690,52.16396579207571,193.8000000000173,4230.709546054844
1691,52.16396579207571,193.8200000000173,4230.839565697759
1692,52.16396579207571,193.8400000000173,4230.969578132222
1693,52.16396579207571,193.86000000001732,4231.0995833572715
1694,52.16396579207571,193.88000000001733,4231.2295813719475
1695,52.16396579207571,193.90000000001734,4231.35957217529
1696,52.16396579207571,193.92000000001735,4231.489555766338
1697,52.16396579207571,193.94000000001736,4231.619532144131
1698,52.16396579207571,193.96000000001737,4231.74950130771
1699,52.16396579207571,193.98000000001738,4231.879463256113
1700,52.16396579207571,194.0000000000174,4232.009417988381
1701,52.16396579207571,194.0200000000174,4232.139365503554
1702,52.16396579207571,194.04000000001741,4232.26930580067
1703,52.16396579207571,194.06000000001742,4232.39923887877
1704,52.16396579207571,194.08000000001744,4232.529164736895
1705,52.16396579207571,194.10000000001745,4232.6590833994605
1706,52.16396579207571,194.12000000001746,4232.7889949242
1707,52.16396579207571,194.14000000001747,4232.918899313853
1708,52.16396579207571,194.16000000001748,4233.04879656746
1709,52.16396579207571,194.1800000000175,4233.17868668406
1710,52.16396579207571,194.2000000000175,4233.308569662694
1711,52.16396579207571,194.2200000000175,4233.4384455024
1712,52.16396579207571,194.24000000001752,4233.568314202218
1713,52.16396579207571,194.26000000001753,4233.6981757611875
1714,52.16396579207571,194.28000000001754,4233.828030178349
1715,52.16396579207571,194.30000000001755,4233.957877452742
1716,52.16396579207571,194.32000000001756,4234.087717583406
1717,52.16396579207571,194.34000000001757,4234.21755056938
1718,52.16396579207571,194.36000000001758,4234.347376409705
1719,52.16396579207571,194.3800000000176,4234.477195103421
1720,52.16396579207571,194.4000000000176,4234.607006649567
1721,52.16396579207571,194.4200000000176,4234.7368110471825
1722,52.16396579207571,194.44000000001762,4234.866608295309
1723,52.16396579207571,194.46000000001763,4234.996398392985
1724,52.16396579207571,194.48000000001764,4235.126181339251
1725,52.16396579207571,194.50000000001765,4235.255957133148
1726,52.16396579207571,194.52000000001766,4235.3857257737145
1727,52.16396579207571,194.54000000001767,4235.515487259992
1728,52.070229543583444,194.56000000001768,4235.645241591021
1729,52.070229543583444,194.5800000000177,4235.77498876584
1730,52.070229543583444,194.6000000000177,4235.90472878349
1731,52.070229543583444,194.6200000000177,4236.034461643011
1732,52.070229543583444,194.64000000001772,4236.164187343444
1733,52.070229543583444,194.66000000001773,4236.293905883828
1734,52.070229543583444,194.68000000001774,4236.4236172632045
1735,52.070229543583444,194.70000000001775,4236.553321480614
1736,52.070229543583444,194.72000000001776,4236.6830185350955
1737,52.070229543583444,194.74000000001777,4236.81270842569
1738,52.070229543583444,194.76000000001778,4236.94239115144
1739,52.070229543583444,194.7800000000178,4237.072066711383
1740,52.070229543583444,194.8000000000178,4237.201735104561
1741,52.070229543583444,194.8200000000178,4237.331396330014
1742,52.070229543583444,194.84000000001782,4237.461050386783
1743,52.070229543583444,194.86000000001783,4237.590697273909
1744,52.070229543583444,194.88000000001784,4237.720336990433
1745,52.070229543583444,194.90000000001785,4237.849969535394
1746,52.070229543583444,194.92000000001786,4237.979594907833
1747,52.070229543583444,194.94000000001787,4238.109213106793
1748,52.070229543583444,194.96000000001789,4238.238824131312
1749,52.070229543583444,194.9800000000179,4238.368427980432
1750,52.070229543583444,195.0000000000179,4238.498024653194
1751,52.070229543583444,195.02000000001792,4238.627614148639
1752,52.070229543583444,195.04000000001793,4238.757196465807
1753,52.070229543583444,195.06000000001794,4238.88677160374
1754,52.070229543583444,195.08000000001795,4239.016339561479
1755,52.070229543583444,195.10000000001796,4239.145900338064
1756,52.070229543583444,195.12000000001797,4239.275453962238
1757,52.070229543583444,195.14000000001798,4239.405000486072
1758,52.070229543583444,195.160000000018,4239.534539911199
1759,52.070229543583444,195.180000000018,4239.664072236661
1760,52.070229543583444,195.200000000018,4239.793597461499
1761,52.070229543583444,195.22000000001802,4239.9231155847565
1762,52.070229543583444,195.24000000001803,4240.0526266058405
1763,52.070229543583444,195.26000000001804,4240.18213052798
1764,52.070229543583444,195.28000000001805,4240.3116273511
1765,52.070229543583444,195.30000000001806,4240.441117074248
1766,52.070229543583444,195.32000000001807,4240.570599696474
1767,52.070229543583444,195.34000000001808,4240.700075216828
1768,52.070229543583444,195.3600000000181,4240.829543634358
1769,52.070229543583444,195.3800000000181,4240.959004948113
1770,52.070229543583444,195.4000000000181,4241.088459157143
1771,52.070229543583444,195.42000000001812,4241.217906260496
1772,52.070229543583444,195.44000000001813,4241.347346257223
1773,52.070229543583444,195.46000000001814,4241.476779146371
1774,52.070229543583444,195.48000000001815,4241.606204926991
1775,52.070229543583444,195.50000000001816,4241.735623598132
1776,52.070229543583444,195.52000000001817,4241.865035158843
1777,52.070229543583444,195.54000000001818,4241.994439608174
1778,52.070229543583444,195.5600000000182,4242.123836945173
1779,52.070229543583444,195.5800000000182,4242.253227168891
1780,52.070229543583444,195.6000000000182,4242.382610278377
1781,52.070229543583444,195.62000000001822,4242.511986272681
1782,52.070229543583444,195.64000000001823,4242.641355150851
1783,52.070229543583444,195.66000000001824,4242.7707169119385
1784,52.070229543583444,195.68000000001825,4242.900071554992
1785,52.070229543583444,195.70000000001826,4243.029419079061
1786,52.070229543583444,195.72000000001827,4243.158759483195
1787,52.070229543583444,195.74000000001828,4243.2880927664455
1788,52.070229543583444,195.7600000000183,4243.41741892786
1789,52.070229543583444,195.7800000000183,4243.54673796649
1790,52.070229543583444,195.80000000001831,4243.676049881384
1791,52.070229543583444,195.82000000001833,4243.805354671593
1792,52.070229543583444,195.84000000001834,4243.9346523361655
1793,52.070229543583444,195.86000000001835,4244.063942874152
1794,52.070229543583444,195.88000000001836,4244.193226284604
1795,52.070229543583444,195.90000000001837,4244.32250256657
1796,52.070229543583444,195.92000000001838,4244.451771719099
1797,52.070229543583444,195.9400000000184,4244.581033741243
1798,52.070229543583444,195.9600000000184,4244.710288632051
1799,52.070229543583444,195.9800000000184,4244.839536390573
1800,52.070229543583444,196.00000000001842,4244.96877701586
1801,52.070229543583444,196.02000000001843,4245.098010506961
1802,52.070229543583444,196.04000000001844,4245.2272368629265
1803,52.070229543583444,196.06000000001845,4245.356456082807
1804,52.070229543583444,196.08000000001846,4245.485668165653
1805,52.070229543583444,196.10000000001847,4245.614873110514
1806,52.070229543583444,196.12000000001848,4245.744070916441
1807,52.070229543583444,196.1400000000185,4245.87326161763
1808,52.070229543583444,196.1600000000185,4246.002445262726
1809,52.070229543583444,196.1800000000185,4246.131621852394
1810,52.070229543583444,196.20000000001852,4246.260791385698
1811,52.070229543583444,196.22000000001853,4246.389953861699
1812,52.070229543583444,196.24000000001854,4246.519109279459
1813,51.976773692049775,196.26000000001855,4246.648257638041
1814,51.976773692049775,196.28000000001856,4246.777398936508
1815,51.976773692049775,196.30000000001857,4246.90653317392
1816,51.976773692049775,196.32000000001858,4247.035660349342
1817,51.976773692049775,196.3400000000186,4247.164780461834
1818,51.976773692049775,196.3600000000186,4247.29389351046
1819,51.976773692049775,196.3800000000186,4247.422999494282
1820,51.976773692049775,196.40000000001862,4247.552098412361
1821,51.976773692049775,196.42000000001863,4247.681190263762
1822,51.976773692049775,196.44000000001864,4247.8102750475455
1823,51.976773692049775,196.46000000001865,4247.939352762775
1824,51.976773692049775,196.48000000001866,4248.068423408514
1825,51.976773692049775,196.50000000001867,4248.197486983823
1826,51.976773692049775,196.52000000001868,4248.326543487766
1827,51.976773692049775,196.5400000000187,4248.455592919405
1828,51.976773692049775,196.5600000000187,4248.5846352778035
1829,51.976773692049775,196.5800000000187,4248.713670562023
1830,51.976773692049775,196.60000000001872,4248.842698771128
1831,51.976773692049775,196.62000000001873,4248.971719904181
1832,51.976773692049775,196.64000000001874,4249.100733960243
1833,51.976773692049775,196.66000000001875,4249.229740938378
1834,51.976773692049775,196.68000000001877,4249.35874083765
1835,51.976773692049775,196.70000000001878,4249.48773365712
1836,51.976773692049775,196.72000000001879,4249.616719395852
1837,51.976773692049775,196.7400000000188,4249.745698052909
1838,51.976773692049775,196.7600000000188,4249.874669627353
1839,51.976773692049775,196.78000000001882,4250.003634118274
1840,51.976773692049775,196.80000000001883,4250.13259152758
1841,51.976773692049775,196.82000000001884,4250.261541856949
1842,51.976773692049775,196.84000000001885,4250.390485105446
1843,51.976773692049775,196.86000000001886,4250.5194212721335
1844,51.976773692049775,196.88000000001887,4250.648350356077
1845,51.976773692049775,196.90000000001888,4250.777272356339
1846,51.976773692049775,196.9200000000189,4250.906187271985
1847,51.976773692049775,196.9400000000189,4251.035095102078
1848,51.976773692049775,196.9600000000189,4251.1639958456835
1849,51.976773692049775,196.98000000001892,4251.292889501865
1850,51.976773692049775,197.00000000001893,4251.4217760696865
1851,51.976773692049775,197.02000000001894,4251.550655548213
1852,51.976773692049775,197.04000000001895,4251.679527936509
1853,51.976773692049775,197.06000000001896,4251.808393233638
1854,51.976773692049775,197.08000000001897,4251.937251438664
1855,51.976773692049775,197.10000000001898,4252.066102550653
1856,51.976773692049775,197.120000000019,4252.194946568669
1857,51.976773692049775,197.140000000019,4252.323783491776
1858,51.976773692049775,197.160000000019,4252.452613358467
1859,51.976773692049775,197.18000000001902,4252.581436212405
1860,51.976773692049775,197.20000000001903,4252.71025205323
1861,51.976773692049775,197.22000000001904,4252.839060880009
1862,51.976773692049775,197.24000000001905,4252.9678626918085
1863,51.976773692049775,197.26000000001906,4253.096657487695
1864,51.976773692049775,197.28000000001907,4253.225445266734
1865,51.976773692049775,197.30000000001908,4253.354226027992
1866,51.976773692049775,197.3200000000191,4253.482999770536
1867,51.976773692049775,197.3400000000191,4253.611766493431
1868,51.976773692049775,197.3600000000191,4253.740526195745
1869,51.976773692049775,197.38000000001912,4253.869278876543
1870,51.976773692049775,197.40000000001913,4253.9980245348925
1871,51.976773692049775,197.42000000001914,4254.12676316986
1872,51.976773692049775,197.44000000001915,4254.255494780512
1873,51.976773692049775,197.46000000001916,4254.384219365914
1874,51.976773692049775,197.48000000001917,4254.5129369251335
1875,51.976773692049775,197.50000000001918,4254.641647457237
1876,51.976773692049775,197.5200000000192,4254.770350961291
1877,51.976773692049775,197.5400000000192,4254.899047436363
1878,51.976773692049775,197.56000000001922,4255.027736881518
1879,51.976773692049775,197.58000000001923,4255.156419295824
1880,51.976773692049775,197.60000000001924,4255.285094678347
1881,51.976773692049775,197.62000000001925,4255.413763028156
1882,51.976773692049775,197.64000000001926,4255.542424344315
1883,51.976773692049775,197.66000000001927,4255.671078625892
1884,51.976773692049775,197.68000000001928,4255.799725871954
1885,51.976773692049775,197.7000000000193,4255.928366081568
1886,51.976773692049775,197.7200000000193,4256.056999253801
1887,51.976773692049775,197.7400000000193,4256.1856253877195
1888,51.976773692049775,197.76000000001932,4256.314244482391
1889,51.976773692049775,197.78000000001933,4256.442856536882
1890,51.976773692049775,197.80000000001934,4256.57146155026
1891,51.976773692049775,197.82000000001935,4256.700059521592
1892,51.976773692049775,197.84000000001936,4256.828650449946
1893,51.976773692049775,197.86000000001937,4256.957234334388
1894,51.976773692049775,197.88000000001938,4257.085811173985
1895,51.976773692049775,197.9000000000194,4257.2143809678055
1896,51.976773692049775,197.9200000000194,4257.342943714916
1897,51.976773692049775,197.9400000000194,4257.471499414384
1898,51.976773692049775,197.96000000001942,4257.600048065277
1899,51.883597064610576,197.98000000001943,4257.728589666663
1900,51.883597064610576,198.00000000001944,4257.857124217607
1901,51.883597064610576,198.02000000001945,4257.985651717178
1902,51.883597064610576,198.04000000001946,4258.114172164444
1903,51.883597064610576,198.06000000001947,4258.242685558472
1904,51.883597064610576,198.08000000001948,4258.371191898329
1905,51.883597064610576,198.1000000000195,4258.499691183083
1906,51.883597064610576,198.1200000000195,4258.628183411802
1907,51.883597064610576,198.1400000000195,4258.756668583553
1908,51.883597064610576,198.16000000001952,4258.885146697819
1909,51.883597064610576,198.18000000001953,4259.013617796893
1910,51.883597064610576,198.20000000001954,4259.142081919334
1911,51.883597064610576,198.22000000001955,4259.27053906422
1912,51.883597064610576,198.24000000001956,4259.3989892306345
1913,51.883597064610576,198.26000000001957,4259.527432417657
1914,51.883597064610576,198.28000000001958,4259.655868624369
1915,51.883597064610576,198.3000000000196,4259.78429784985
1916,51.883597064610576,198.3200000000196,4259.9127200931825
1917,51.883597064610576,198.34000000001961,4260.041135353721
1918,51.883597064610576,198.36000000001962,4260.169543634209
1919,51.883597064610576,198.38000000001963,4260.297944934933
1920,51.883597064610576,198.40000000001965,4260.426339254986
1921,51.883597064610576,198.42000000001966,4260.554726593458
1922,51.883597064610576,198.44000000001967,4260.683106949444
1923,51.883597064610576,198.46000000001968,4260.811480322033
1924,51.883597064610576,198.4800000000197,4260.93984671032
1925,51.883597064610576,198.5000000000197,4261.068206113397
1926,51.883597064610576,198.5200000000197,4261.196558530354
1927,51.883597064610576,198.54000000001972,4261.324903960285
1928,51.883597064610576,198.56000000001973,4261.453242402283
1929,51.883597064610576,198.58000000001974,4261.581573855438
1930,51.883597064610576,198.60000000001975,4261.709898318845
1931,51.883597064610576,198.62000000001976,4261.838215791596
1932,51.883597064610576,198.64000000001977,4261.966526272782
1933,51.883597064610576,198.66000000001978,4262.094829761497
1934,51.883597064610576,198.6800000000198,4262.223126256832
1935,51.883597064610576,198.7000000000198,4262.351415757881
1936,51.883597064610576,198.7200000000198,4262.479698263736
1937,51.883597064610576,198.74000000001982,4262.60797377349
1938,51.883597064610576,198.76000000001983,4262.736242286235
1939,51.883597064610576,198.78000000001984,4262.864503801064
1940,51.883597064610576,198.80000000001985,4262.992758317069
1941,51.883597064610576,198.82000000001986,4263.1210058333445
1942,51.883597064610576,198.84000000001987,4263.249246348982
1943,51.883597064610576,198.86000000001988,4263.377479863074
1944,51.883597064610576,198.8800000000199,4263.505706374714
1945,51.883597064610576,198.9000000000199,4263.633925882994
1946,51.883597064610576,198.9200000000199,4263.762138387008
1947,51.883597064610576,198.94000000001992,4263.890343885849
1948,51.883597064610576,198.96000000001993,4264.018542378609
1949,51.883597064610576,198.98000000001994,4264.146733864381
1950,51.883597064610576,199.00000000001995,4264.274918342258
1951,51.883597064610576,199.02000000001996,4264.403095811334
1952,51.883597064610576,199.04000000001997,4264.531266270702
1953,51.883597064610576,199.06000000001998,4264.659429719454
1954,51.883597064610576,199.08000000002,4264.787586156684
1955,51.883597064610576,199.10000000002,4264.915735581484
1956,51.883597064610576,199.12000000002,4265.043877992949
1957,51.883597064610576,199.14000000002002,4265.172013390171
1958,51.883597064610576,199.16000000002003,4265.3001417722435
1959,51.883597064610576,199.18000000002004,4265.428263139663
1960,51.883597064610576,199.20000000002005,4265.556377538913
1961,51.883597064610576,199.22000000002006,4265.6844850038415
1962,51.883597064610576,199.24000000002007,4265.812585533538
1963,51.883597064610576,199.26000000002009,4265.940679127092
1964,51.883597064610576,199.2800000000201,4266.068765783591
1965,51.883597064610576,199.3000000000201,4266.196845502123
1966,51.883597064610576,199.32000000002012,4266.32491828178
1967,51.883597064610576,199.34000000002013,4266.452984121648
1968,51.883597064610576,199.36000000002014,4266.581043020818
1969,51.883597064610576,199.38000000002015,4266.709094978377
1970,51.883597064610576,199.40000000002016,4266.837139993415
1971,51.883597064610576,199.42000000002017,4266.965178065021
1972,51.883597064610576,199.44000000002018,4267.093209192284
1973,51.883597064610576,199.4600000000202,4267.221233374293
1974,51.883597064610576,199.4800000000202,4267.349250610137
1975,51.883597064610576,199.5000000000202,4267.477260898905
1976,51.883597064610576,199.52000000002022,4267.605264239687
1977,51.883597064610576,199.54000000002023,4267.733260631571
1978,51.883597064610576,199.56000000002024,4267.861250073647
1979,51.883597064610576,199.58000000002025,4267.989232565004
1980,51.883597064610576,199.60000000002026,4268.1172081047325
1981,51.883597064610576,199.62000000002027,4268.24517669192
1982,51.883597064610576,199.64000000002028,4268.373138325657
1983,51.883597064610576,199.6600000000203,4268.501093005032
1984,51.883597064610576,199.6800000000203,4268.629040729135
1985,51.79069849470183,199.7000000000203,4268.756981497056
1986,51.79069849470183,199.72000000002032,4268.884915307883
1987,51.79069849470183,199.74000000002033,4269.012842160706
1988,51.79069849470183,199.76000000002034,4269.140762054615
1989,51.79069849470183,199.78000000002035,4269.2686749887
1990,51.79069849470183,199.80000000002036,4269.3965809620495
1991,51.79069849470183,199.82000000002037,4269.524479973754
1992,51.79069849470183,199.84000000002038,4269.6523720229025
1993,51.79069849470183,199.8600000000204,4269.780257108585
1994,51.79069849470183,199.8800000000204,4269.908135229891
1995,51.79069849470183,199.9000000000204,4270.036006386159
1996,51.79069849470183,199.92000000002042,4270.163870580129
1997,51.79069849470183,199.94000000002043,4270.2917278122995
1998,51.79069849470183,199.96000000002044,4270.41957808176
1999,51.79069849470183,199.98000000002045,4270.547421387601
2000,51.79069849470183,200.00000000002046,4270.675257728913
2001,51.79069849470183,200.02000000002047,4270.803087104785
2002,51.79069849470183,200.04000000002048,4270.930909514308
2003,51.79069849470183,200.0600000000205,4271.058724956572
2004,51.79069849470183,200.0800000000205,4271.186533430668
2005,51.79069849470183,200.10000000002051,4271.314334935685
2006,51.79069849470183,200.12000000002053,4271.4421294707145
2007,51.79069849470183,200.14000000002054,4271.569917034846
2008,51.79069849470183,200.16000000002055,4271.697697627171
2009,51.79069849470183,200.18000000002056,4271.825471246778
2010,51.79069849470183,200.20000000002057,4271.953237895084
2011,51.79069849470183,200.22000000002058,4272.080997621167
2012,51.79069849470183,200.2400000000206,4272.208750453173
2013,51.79069849470183,200.2600000000206,4272.336496390205
2014,51.79069849470183,200.2800000000206,4272.4642354313655
2015,51.79069849470183,200.30000000002062,4272.591967575756
2016,51.79069849470183,200.32000000002063,4272.719692822479
2017,51.79069849470183,200.34000000002064,4272.847411170637
2018,51.79069849470183,200.36000000002065,4272.975122619332
2019,51.79069849470183,200.38000000002066,4273.102827167666
2020,51.79069849470183,200.40000000002067,4273.230524814741
2021,51.79069849470183,200.42000000002068,4273.3582155596605
2022,51.79069849470183,200.4400000000207,4273.485899401527
2023,51.79069849470183,200.4600000000207,4273.613576339441
2024,51.79069849470183,200.4800000000207,4273.741246372507
2025,51.79069849470183,200.50000000002072,4273.868909499826
2026,51.79069849470183,200.52000000002073,4273.996565720501
2027,51.79069849470183,200.54000000002074,4274.124215033635
2028,51.79069849470183,200.56000000002075,4274.251857438329
2029,51.79069849470183,200.58000000002076,4274.379492933688
2030,51.79069849470183,200.60000000002077,4274.507121518813
2031,51.79069849470183,200.62000000002078,4274.634743192806
2032,51.79069849470183,200.6400000000208,4274.762357954772
2033,51.79069849470183,200.6600000000208,4274.889965803812
2034,51.79069849470183,200.6800000000208,4275.017566739029
2035,51.79069849470183,200.70000000002082,4275.145160759525
2036,51.79069849470183,200.72000000002083,4275.272747864405
2037,51.79069849470183,200.74000000002084,4275.400328052769
2038,51.79069849470183,200.76000000002085,4275.527901323721
2039,51.79069849470183,200.78000000002086,4275.655467676365
2040,51.79069849470183,200.80000000002087,4275.783027109803
2041,51.79069849470183,200.82000000002088,4275.910579623137
2042,51.79069849470183,200.8400000000209,4276.038125215471
2043,51.79069849470183,200.8600000000209,4276.1656638859085
2044,51.79069849470183,200.8800000000209,4276.2931956335515
2045,51.79069849470183,200.90000000002092,4276.420720457503
2046,51.79069849470183,200.92000000002093,4276.548238356867
2047,51.79069849470183,200.94000000002094,4276.675749330746
2048,51.79069849470183,200.96000000002095,4276.803253378243
2049,51.79069849470183,200.98000000002096,4276.930750498462
2050,51.79069849470183,201.00000000002098,4277.058240690505
2051,51.79069849470183,201.02000000002099,4277.185723953476
2052,51.79069849470183,201.040000000021,4277.313200286478
2053,51.79069849470183,201.060000000021,4277.4406696886135
2054,51.79069849470183,201.08000000002102,4277.568132158987
2055,51.79069849470183,201.10000000002103,4277.695587696702
2056,51.79069849470183,201.12000000002104,4277.8230363008615
2057,51.79069849470183,201.14000000002105,4277.9504779705685
2058,51.79069849470183,201.16000000002106,4278.077912704926
2059,51.79069849470183,201.18000000002107,4278.205340503039
2060,51.79069849470183,201.20000000002108,4278.33276136401
2061,51.79069849470183,201.2200000000211,4278.460175290273
2062,51.79069849470183,201.2400000000211,4278.587582335473
2063,51.79069849470183,201.2600000000211,4278.714982523296
2064,51.79069849470183,201.28000000002112,4278.842375852857
2065,51.79069849470183,201.30000000002113,4278.969762323268
2066,51.79069849470183,201.32000000002114,4279.097141933643
2067,51.79069849470183,201.34000000002115,4279.224514683096
2068,51.79069849470183,201.36000000002116,4279.351880570738
2069,51.79069849470183,201.38000000002117,4279.479239595686
2070,51.79069849470183,201.40000000002118,4279.60659175705
2071,51.79069849470183,201.4200000000212,4279.733937053947
2072,51.698076822018315,201.4400000000212,4279.861275485488
2073,51.698076822018315,201.4600000000212,4279.988607050787
2074,51.79069849470183,201.48000000002122,4280.115931751302
2075,51.79069849470183,201.50000000002123,4280.243249589224
2076,51.79069849470183,201.52000000002124,4280.370560563744
2077,51.79069849470183,201.54000000002125,4280.497864673969
2078,51.698076822018315,201.56000000002126,4280.625161919005
2079,51.698076822018315,201.58000000002127,4280.75245229796
2080,51.698076822018315,201.60000000002128,4280.879735809942
2081,51.698076822018315,201.6200000000213,4281.007012454057
2082,51.698076822018315,201.6400000000213,4281.134282229413
2083,51.698076822018315,201.6600000000213,4281.261545135117
2084,51.698076822018315,201.68000000002132,4281.388801170277
2085,51.698076822018315,201.70000000002133,4281.516050333999
2086,51.698076822018315,201.72000000002134,4281.643292625393
2087,51.698076822018315,201.74000000002135,4281.770528043565
2088,51.698076822018315,201.76000000002136,4281.897756587622
2089,51.698076822018315,201.78000000002137,4282.0249782566725
2090,51.698076822018315,201.80000000002138,4282.152193049824
2091,51.698076822018315,201.8200000000214,4282.279400966183
2092,51.698076822018315,201.8400000000214,4282.4066020048585
2093,51.698076822018315,201.86000000002142,4282.5337961649575
2094,51.698076822018315,201.88000000002143,4282.660983445588
2095,51.698076822018315,201.90000000002144,4282.788163845857
2096,51.698076822018315,201.92000000002145,4282.915337364873
2097,51.698076822018315,201.94000000002146,4283.042504001744
2098,51.698076822018315,201.96000000002147,4283.169663755578
2099,51.698076822018315,201.98000000002148,4283.296816625481
2100,51.698076822018315,202.0000000000215,4283.423962610563
2101,51.698076822018315,202.0200000000215,4283.551101709931
2102,51.698076822018315,202.0400000000215,4283.678233922692
2103,51.698076822018315,202.06000000002152,4283.8053592479555
2104,51.698076822018315,202.08000000002153,4283.932477684829
2105,51.698076822018315,202.10000000002154,4284.05958923242
2106,51.698076822018315,202.12000000002155,4284.1866938898365
2107,51.698076822018315,202.14000000002156,4284.313791656187
2108,51.698076822018315,202.16000000002157,4284.44088253058
2109,51.698076822018315,202.18000000002158,4284.567966512123
2110,51.698076822018315,202.2000000000216,4284.695043599925
2111,51.698076822018315,202.2200000000216,4284.822113793093
2112,51.698076822018315,202.2400000000216,4284.949177094926
2113,51.698076822018315,202.26000000002162,4285.076233561443
2114,51.698076822018315,202.28000000002163,4285.203283210946
2115,51.698076822018315,202.30000000002164,4285.330326042538
2116,51.698076822018315,202.32000000002165,4285.457362055322
2117,51.698076822018315,202.34000000002166,4285.5843912484
2118,51.698076822018315,202.36000000002167,4285.711413620874
2119,51.698076822018315,202.38000000002168,4285.838429171848
2120,51.698076822018315,202.4000000000217,4285.965437900423
2121,51.698076822018315,202.4200000000217,4286.092439805703
2122,51.698076822018315,202.4400000000217,4286.219434886791
2123,51.698076822018315,202.46000000002172,4286.346423142789
2124,51.698076822018315,202.48000000002173,4286.473404572799
2125,51.698076822018315,202.50000000002174,4286.600379175925
2126,51.698076822018315,202.52000000002175,4286.727346951269
2127,51.698076822018315,202.54000000002176,4286.8543078979355
2128,51.698076822018315,202.56000000002177,4286.981262015026
2129,51.698076822018315,202.58000000002178,4287.108209301643
2130,51.698076822018315,202.6000000000218,4287.23514975689
2131,51.698076822018315,202.6200000000218,4287.36208337987
2132,51.698076822018315,202.64000000002181,4287.489010169686
2133,51.698076822018315,202.66000000002182,4287.615930125441
2134,51.698076822018315,202.68000000002183,4287.742843246238
2135,51.698076822018315,202.70000000002184,4287.869749531181
2136,51.698076822018315,202.72000000002186,4287.9966489793715
2137,51.698076822018315,202.74000000002187,4288.123541589914
2138,51.698076822018315,202.76000000002188,4288.250427361911
2139,51.698076822018315,202.7800000000219,4288.377306294466
2140,51.698076822018315,202.8000000000219,4288.504178386681
2141,51.698076822018315,202.8200000000219,4288.631043637661
2142,51.698076822018315,202.84000000002192,4288.757902046508
2143,51.698076822018315,202.86000000002193,4288.884753612327
2144,51.698076822018315,202.88000000002194,4289.011598334219
2145,51.698076822018315,202.90000000002195,4289.138436211289
2146,51.698076822018315,202.92000000002196,4289.265267242641
2147,51.698076822018315,202.94000000002197,4289.392091427377
2148,51.698076822018315,202.96000000002198,4289.5189087646
2149,51.698076822018315,202.980000000022,4289.645719253416
2150,51.698076822018315,203.000000000022,4289.772522892927
2151,51.698076822018315,203.020000000022,4289.899319682236
2152,51.698076822018315,203.04000000002202,4290.026109620627
2153,51.698076822018315,203.06000000002203,4290.152892710553
2154,51.698076822018315,203.08000000002204,4290.279668952848
2155,51.698076822018315,203.10000000002205,4290.406438346623
2156,51.698076822018315,203.12000000002206,4290.53320089099
2157,51.698076822018315,203.14000000002207,4290.65995658506
2158,51.698076822018315,203.16000000002208,4290.786705427945
2159,51.698076822018315,203.1800000000221,4290.913447418757
2160,51.698076822018315,203.2000000000221,4291.040182556607
2161,51.698076822018315,203.2200000000221,4291.166910840607
2162,51.698076822018315,203.24000000002212,4291.293632269868
2163,51.698076822018315,203.26000000002213,4291.420346848645
2164,51.698076822018315,203.28000000002214,4291.5470546368215
2165,51.60573089247262,203.30000000002215,4291.673755648011
2166,51.60573089247262,203.32000000002216,4291.800449881348
2167,51.60573089247262,203.34000000002217,4291.927137335966
2168,51.60573089247262,203.36000000002218,4292.053818011001
2169,51.60573089247262,203.3800000000222,4292.180491905586
2170,51.60573089247262,203.4000000000222,4292.3071590188565
2171,51.60573089247262,203.4200000000222,4292.433819349948
2172,51.60573089247262,203.44000000002222,4292.560472897994
2173,51.60573089247262,203.46000000002223,4292.6871196621305
2174,51.60573089247262,203.48000000002224,4292.813759641491
2175,51.60573089247262,203.50000000002225,4292.94039283521
2176,51.60573089247262,203.52000000002226,4293.067019242424
2177,51.60573089247262,203.54000000002227,4293.193638862267
2178,51.60573089247262,203.56000000002228,4293.320251693874
2179,51.60573089247262,203.5800000000223,4293.446857736379
2180,51.60573089247262,203.6000000000223,4293.573456988917
2181,51.60573089247262,203.62000000002232,4293.700049450625
2182,51.60573089247262,203.64000000002233,4293.826635120636
2183,51.60573089247262,203.66000000002234,4293.953213998086
2184,51.60573089247262,203.68000000002235,4294.0797860821085
2185,51.60573089247262,203.70000000002236,4294.20635137184
2186,51.60573089247262,203.72000000002237,4294.332909866416
2187,51.60573089247262,203.74000000002238,4294.459461564971
2188,51.60573089247262,203.7600000000224,4294.58600646664
2189,51.60573089247262,203.7800000000224,4294.712544570559
2190,51.60573089247262,203.8000000000224,4294.839075875861
2191,51.60573089247262,203.82000000002242,4294.9656003816835
2192,51.60573089247262,203.84000000002243,4295.092118087161
2193,51.60573089247262,203.86000000002244,4295.218628991429
2194,51.60573089247262,203.88000000002245,4295.345133093622
2195,51.60573089247262,203.90000000002246,4295.471630392876
2196,51.60573089247262,203.92000000002247,4295.598120888327
2197,51.60573089247262,203.94000000002248,4295.724604579109
2198,51.60573089247262,203.9600000000225,4295.851081464358
2199,51.60573089247262,203.9800000000225,4295.977551543209
2200,51.60573089247262,204.0000000000225,4296.1040148147995
2201,51.60573089247262,204.02000000002252,4296.2304712782625
2202,51.60573089247262,204.04000000002253,4296.356920932735
2203,51.60573089247262,204.06000000002254,4296.483363777353
2204,51.60573089247262,204.08000000002255,4296.60979981125
2205,51.60573089247262,204.10000000002256,4296.736229033563
2206,51.60573089247262,204.12000000002257,4296.862651443428
2207,51.60573089247262,204.14000000002258,4296.989067039981
2208,51.60573089247262,204.1600000000226,4297.1154758223565
2209,51.60573089247262,204.1800000000226,4297.241877789691
2210,51.60573089247262,204.2000000000226,4297.368272941119
2211,51.60573089247262,204.22000000002262,4297.4946612757785
2212,51.60573089247262,204.24000000002263,4297.621042792804
2213,51.60573089247262,204.26000000002264,4297.74741749133
2214,51.60573089247262,204.28000000002265,4297.87378537651
2215,51.60573089247262,204.30000000002266,4298.000146511224
2216,51.60573089247262,204.32000000002267,4298.126500904226
2217,51.60573089247262,204.34000000002268,4298.252848554655
2218,51.60573089247262,204.3600000000227,4298.379189461649
2219,51.60573089247262,204.3800000000227,4298.505523624343
2220,51.60573089247262,204.40000000002271,4298.631851041877
2221,51.60573089247262,204.42000000002272,4298.758171713387
2222,51.60573089247262,204.44000000002274,4298.884485638012
2223,51.60573089247262,204.46000000002275,4299.010792814888
2224,51.60573089247262,204.48000000002276,4299.137093243154
2225,51.60573089247262,204.50000000002277,4299.263386921947
2226,51.60573089247262,204.52000000002278,4299.389673850405
2227,51.60573089247262,204.5400000000228,4299.515954027666
2228,51.60573089247262,204.5600000000228,4299.642227452867
2229,51.60573089247262,204.5800000000228,4299.7684941251455
2230,51.60573089247262,204.60000000002282,4299.89475404364
2231,51.60573089247262,204.62000000002283,4300.021007207639
2232,51.60573089247262,204.64000000002284,4300.147253619579
2233,51.60573089247262,204.66000000002285,4300.273493280551
2234,51.60573089247262,204.68000000002286,4300.399726189692
2235,51.60573089247262,204.70000000002287,4300.52595234614
2236,51.60573089247262,204.72000000002288,4300.652171749033
2237,51.60573089247262,204.7400000000229,4300.778384397509
2238,51.60573089247262,204.7600000000229,4300.904590290706
2239,51.60573089247262,204.7800000000229,4301.030789427762
2240,51.60573089247262,204.80000000002292,4301.156981807814
2241,51.60573089247262,204.82000000002293,4301.283167430001
2242,51.60573089247262,204.84000000002294,4301.409346293461
2243,51.60573089247262,204.86000000002295,4301.535518397331
2244,51.60573089247262,204.88000000002296,4301.66168374075
2245,51.60573089247262,204.90000000002297,4301.787842322856
2246,51.60573089247262,204.92000000002298,4301.913994142787
2247,51.60573089247262,204.940000000023,4302.040139199681
2248,51.60573089247262,204.960000000023,4302.166277492677
2249,51.60573089247262,204.980000000023,4302.292409020913
2250,51.60573089247262,205.00000000002302,4302.418533783526
2251,51.60573089247262,205.02000000002303,4302.544651779655
2252,51.51365955815446,205.04000000002304,4302.670763008439
2253,51.51365955815446,205.06000000002305,4302.7968674690155
2254,51.51365955815446,205.08000000002306,4302.922965160523
2255,51.51365955815446,205.10000000002307,4303.0490560821
2256,51.51365955815446,205.12000000002308,4303.175140232885
2257,51.51365955815446,205.1400000000231,4303.3012176120155
2258,51.51365955815446,205.1600000000231,4303.4272882186315
2259,51.51365955815446,205.1800000000231,4303.55335205187
2260,51.51365955815446,205.20000000002312,4303.679409110871
2261,51.51365955815446,205.22000000002313,4303.805459394773
2262,51.51365955815446,205.24000000002314,4303.931502902713
2263,51.51365955815446,205.26000000002315,4304.057539633831
2264,51.51365955815446,205.28000000002316,4304.183569587265
2265,51.51365955815446,205.30000000002318,4304.309592770274
2266,51.51365955815446,205.32000000002319,4304.435609245458
2267,51.51365955815446,205.3400000000232,4304.561619018113
2268,51.51365955815446,205.3600000000232,4304.687622087385
2269,51.51365955815446,205.38000000002322,4304.813618452422
2270,51.51365955815446,205.40000000002323,4304.939608112371
2271,51.51365955815446,205.42000000002324,4305.06559106638
2272,51.51365955815446,205.44000000002325,4305.191567313595
2273,51.51365955815446,205.46000000002326,4305.317536853165
2274,51.51365955815446,205.48000000002327,4305.443499684236
2275,51.51365955815446,205.50000000002328,4305.569455805956
2276,51.51365955815446,205.5200000000233,4305.695405217472
2277,51.51365955815446,205.5400000000233,4305.821347917933
2278,51.51365955815446,205.5600000000233,4305.947283906485
2279,51.51365955815446,205.58000000002332,4306.073213182275
2280,51.51365955815446,205.60000000002333,4306.199135744452
2281,51.51365955815446,205.62000000002334,4306.325051592164
2282,51.51365955815446,205.64000000002335,4306.450960724556
2283,51.51365955815446,205.66000000002336,4306.576863140779
2284,51.51365955815446,205.68000000002337,4306.702758839979
2285,51.51365955815446,205.70000000002338,4306.828647821303
2286,51.51365955815446,205.7200000000234,4306.9545300839
2287,51.51365955815446,205.7400000000234,4307.080405626917
2288,51.51365955815446,205.7600000000234,4307.206274449502
2289,51.51365955815446,205.78000000002342,4307.332136550804
2290,51.51365955815446,205.80000000002343,4307.457991929969
2291,51.51365955815446,205.82000000002344,4307.583840586145
2292,51.51365955815446,205.84000000002345,4307.709682518481
2293,51.51365955815446,205.86000000002346,4307.835517726124
2294,51.51365955815446,205.88000000002347,4307.9613462082225
2295,51.51365955815446,205.90000000002348,4308.087167963924
2296,51.51365955815446,205.9200000000235,4308.212982992377
2297,51.51365955815446,205.9400000000235,4308.338791292729
2298,51.51365955815446,205.9600000000235,4308.464592864129
2299,51.51365955815446,205.98000000002352,4308.590387705724
2300,51.51365955815446,206.00000000002353,4308.716175816663
2301,51.51365955815446,206.02000000002354,4308.841957196094
2302,51.51365955815446,206.04000000002355,4308.967731843165
2303,51.51365955815446,206.06000000002356,4309.093499757024
2304,51.51365955815446,206.08000000002357,4309.219260936819
2305,51.51365955815446,206.10000000002358,4309.345015381699
2306,51.51365955815446,206.1200000000236,4309.4707630908115
2307,51.51365955815446,206.1400000000236,4309.5965040633055
2308,51.51365955815446,206.16000000002362,4309.722238298329
2309,51.51365955815446,206.18000000002363,4309.84796579503
2310,51.51365955815446,206.20000000002364,4309.973686552557
2311,51.51365955815446,206.22000000002365,4310.099400571727
2312,51.51365955815446,206.24000000002366,4310.225107854962
2313,51.51365955815446,206.26000000002367,4310.35080840159
2314,51.51365955815446,206.28000000002368,4310.476502210762
2315,51.51365955815446,206.3000000000237,4310.602189281626
2316,51.51365955815446,206.3200000000237,4310.727869626169
2317,51.51365955815446,206.3400000000237,4310.853543303959
2318,51.51365955815446,206.36000000002372,4310.979210319433
2319,51.51365955815446,206.38000000002373,4311.104870671746
2320,51.51365955815446,206.40000000002374,4311.230524360048
2321,51.51365955815446,206.42000000002375,4311.356171383491
2322,51.51365955815446,206.44000000002376,4311.481811741228
2323,51.51365955815446,206.46000000002377,4311.607445432411
2324,51.51365955815446,206.48000000002378,4311.733072456192
2325,51.51365955815446,206.5000000000238,4311.858692811723
2326,51.51365955815446,206.5200000000238,4311.984306498157
2327,51.51365955815446,206.5400000000238,4312.109913514645
2328,51.51365955815446,206.56000000002382,4312.235513860341
2329,51.51365955815446,206.58000000002383,4312.361107534396
2330,51.51365955815446,206.60000000002384,4312.486694535963
2331,51.51365955815446,206.62000000002385,4312.612274864194
2332,51.51365955815446,206.64000000002386,4312.737848518242
2333,51.51365955815446,206.66000000002387,4312.863415497259
2334,51.51365955815446,206.68000000002388,4312.988975800397
2335,51.51365955815446,206.7000000000239,4313.11452942681
2336,51.51365955815446,206.7200000000239,4313.240076375649
2337,51.51365955815446,206.7400000000239,4313.365616646067
2338,51.51365955815446,206.76000000002392,4313.491150237217
2339,51.51365955815446,206.78000000002393,4313.616677148251
2340,51.42186167729025,206.80000000002394,4313.742197378322
2341,51.42186167729025,206.82000000002395,4313.867710926583
2342,51.42186167729025,206.84000000002396,4313.9932177921855
2343,51.42186167729025,206.86000000002397,4314.118717974284
2344,51.42186167729025,206.88000000002398,4314.24421147203
2345,51.42186167729025,206.900000000024,4314.369698284576
2346,51.42186167729025,206.920000000024,4314.495178411075
2347,51.42186167729025,206.940000000024,4314.620651850681
2348,51.42186167729025,206.96000000002402,4314.746118602545
2349,51.42186167729025,206.98000000002403,4314.871578665821
2350,51.42186167729025,207.00000000002404,4314.997032039662
2351,51.42186167729025,207.02000000002405,4315.122478723221
2352,51.42186167729025,207.04000000002407,4315.2479187156505
2353,51.42186167729025,207.06000000002408,4315.373352016104
2354,51.42186167729025,207.08000000002409,4315.498778623734
2355,51.42186167729025,207.1000000000241,4315.624198537694
2356,51.42186167729025,207.1200000000241,4315.749611757136
2357,51.42186167729025,207.14000000002412,4315.875018281215
2358,51.42186167729025,207.16000000002413,4316.000418109082
2359,51.42186167729025,207.18000000002414,4316.125811239891
2360,51.42186167729025,207.20000000002415,4316.251197672796
2361,51.42186167729025,207.22000000002416,4316.376577406949
2362,51.42186167729025,207.24000000002417,4316.501950441504
2363,51.42186167729025,207.26000000002418,4316.627316775614
2364,51.42186167729025,207.2800000000242,4316.752676408433
2365,51.42186167729025,207.3000000000242,4316.878029339114
2366,51.42186167729025,207.3200000000242,4317.003375566809
2367,51.42186167729025,207.34000000002422,4317.128715107631
2368,51.42186167729025,207.36000000002423,4317.254048015788
2369,51.42186167729025,207.38000000002424,4317.379374294673
2370,51.42186167729025,207.40000000002425,4317.504693943448
2371,51.42186167729025,207.42000000002426,4317.630006961275
2372,51.42186167729025,207.44000000002427,4317.755313347316
2373,51.42186167729025,207.46000000002428,4317.880613100732
2374,51.42186167729025,207.4800000000243,4318.005906220686
2375,51.42186167729025,207.5000000000243,4318.131192706338
2376,51.42186167729025,207.5200000000243,4318.256472556851
2377,51.42186167729025,207.54000000002432,4318.381745771386
2378,51.42186167729025,207.56000000002433,4318.507012349105
2379,51.42186167729025,207.58000000002434,4318.63227228917
2380,51.42186167729025,207.60000000002435,4318.757525590743
2381,51.42186167729025,207.62000000002436,4318.882772252987
2382,51.42186167729025,207.64000000002437,4319.008012275062
2383,51.42186167729025,207.66000000002438,4319.133245656131
2384,51.42186167729025,207.6800000000244,4319.258472395356
2385,51.42186167729025,207.7000000000244,4319.383692491899
2386,51.42186167729025,207.7200000000244,4319.508905944922
2387,51.42186167729025,207.74000000002442,4319.634112753587
2388,51.42186167729025,207.76000000002443,4319.759312917056
2389,51.42186167729025,207.78000000002444,4319.884506434491
2390,51.42186167729025,207.80000000002445,4320.009693305124
2391,51.42186167729025,207.82000000002446,4320.134873531059
2392,51.42186167729025,207.84000000002447,4320.2600471137885
2393,51.42186167729025,207.86000000002448,4320.385214052477
2394,51.42186167729025,207.8800000000245,4320.5103743462905
2395,51.42186167729025,207.9000000000245,4320.635527994396
2396,51.42186167729025,207.92000000002452,4320.7606749959605
2397,51.42186167729025,207.94000000002453,4320.885815350149
2398,51.42186167729025,207.96000000002454,4321.010949056128
2399,51.42186167729025,207.98000000002455,4321.1360761130645
2400,51.42186167729025,208.00000000002456,4321.261196520125
2401,51.42186167729025,208.02000000002457,4321.386310276476
2402,51.42186167729025,208.04000000002458,4321.511417381284
2403,51.42186167729025,208.0600000000246,4321.6365178337155
2404,51.42186167729025,208.0800000000246,4321.761611632936
2405,51.42186167729025,208.1000000000246,4321.886698778114
2406,51.42186167729025,208.12000000002462,4322.011779268415
2407,51.42186167729025,208.14000000002463,4322.136853103006
2408,51.42186167729025,208.16000000002464,4322.261920281053
2409,51.42186167729025,208.18000000002465,4322.386980801723
2410,51.42186167729025,208.20000000002466,4322.512034664184
2411,51.42186167729025,208.22000000002467,4322.637081867601
2412,51.42186167729025,208.24000000002468,4322.762122411142
2413,51.42186167729025,208.2600000000247,4322.887156293973
2414,51.42186167729025,208.2800000000247,4323.012183515261
2415,51.42186167729025,208.3000000000247,4323.1372040741735
2416,51.42186167729025,208.32000000002472,4323.2622179698765
2417,51.42186167729025,208.34000000002473,4323.387225201537
2418,51.42186167729025,208.36000000002474,4323.512225790075
2419,51.42186167729025,208.38000000002475,4323.637219786829
2420,51.42186167729025,208.40000000002476,4323.762207194349
2421,51.42186167729025,208.42000000002477,4323.887188011805
2422,51.42186167729025,208.44000000002478,4324.012162238369
2423,51.42186167729025,208.4600000000248,4324.137129873209
2424,51.42186167729025,208.4800000000248,4324.2620909154975
2425,51.42186167729025,208.5000000000248,4324.387045364404
2426,51.42186167729025,208.52000000002482,4324.511993219099
2427,51.42186167729025,208.54000000002483,4324.636934478754
2428,51.330336114203256,208.56000000002484,4324.761869142538
2429,51.330336114203256,208.58000000002485,4324.886797209622
2430,51.330336114203256,208.60000000002486,4325.011718679178
2431,51.330336114203256,208.62000000002487,4325.136633550374
2432,51.330336114203256,208.64000000002488,4325.261541822384
2433,51.330336114203256,208.6600000000249,4325.386443494376
2434,51.330336114203256,208.6800000000249,4325.511338565522
2435,51.330336114203256,208.70000000002491,4325.636227034993
2436,51.330336114203256,208.72000000002492,4325.761108901958
2437,51.330336114203256,208.74000000002493,4325.885984165589
2438,51.330336114203256,208.76000000002495,4326.010852825058
2439,51.330336114203256,208.78000000002496,4326.135714879533
2440,51.330336114203256,208.80000000002497,4326.260570328187
2441,51.330336114203256,208.82000000002498,4326.38541917019
2442,51.330336114203256,208.840000000025,4326.510261404714
2443,51.330336114203256,208.860000000025,4326.635097030929
2444,51.330336114203256,208.880000000025,4326.759926048006
2445,51.330336114203256,208.90000000002502,4326.884748455115
2446,51.330336114203256,208.92000000002503,4327.009564251429
2447,51.330336114203256,208.94000000002504,4327.134373436118
2448,51.330336114203256,208.96000000002505,4327.259176008353
2449,51.330336114203256,208.98000000002506,4327.383971967306
2450,51.330336114203256,209.00000000002507,4327.508761312148
2451,51.330336114203256,209.02000000002508,4327.633544042049
2452,51.330336114203256,209.0400000000251,4327.758320156181
2453,51.330336114203256,209.0600000000251,4327.883089653715
2454,51.330336114203256,209.0800000000251,4328.007852533822
2455,51.330336114203256,209.10000000002512,4328.132608795674
2456,51.330336114203256,209.12000000002513,4328.257358438442
2457,51.330336114203256,209.14000000002514,4328.382101461297
2458,51.330336114203256,209.16000000002515,4328.5068378634105
2459,51.330336114203256,209.18000000002516,4328.6315676439535
2460,51.330336114203256,209.20000000002517,4328.756290802098
2461,51.330336114203256,209.22000000002518,4328.881007337015
2462,51.330336114203256,209.2400000000252,4329.005717247876
2463,51.330336114203256,209.2600000000252,4329.130420533854
2464,51.330336114203256,209.2800000000252,4329.255117194118
2465,51.330336114203256,209.30000000002522,4329.3798072278405
2466,51.330336114203256,209.32000000002523,4329.504490634194
2467,51.330336114203256,209.34000000002524,4329.629167412349
2468,51.330336114203256,209.36000000002525,4329.753837561477
2469,51.330336114203256,209.38000000002526,4329.8785011064265
2470,51.330336114203256,209.40000000002527,4330.003158093745
2471,51.330336114203256,209.42000000002528,4330.127808527667
2472,51.330336114203256,209.4400000000253,4330.2524524098235
2473,51.330336114203256,209.4600000000253,4330.377089739382
2474,51.330336114203256,209.4800000000253,4330.501720515513
2475,51.330336114203256,209.50000000002532,4330.626344737383
2476,51.330336114203256,209.52000000002533,4330.750962404163
2477,51.330336114203256,209.54000000002534,4330.875573515022
2478,51.330336114203256,209.56000000002535,4331.000178069126
2479,51.330336114203256,209.58000000002536,4331.124776065648
2480,51.330336114203256,209.60000000002537,4331.249367503754
2481,51.330336114203256,209.62000000002539,4331.373952382614
2482,51.330336114203256,209.6400000000254,4331.498530701398
2483,51.330336114203256,209.6600000000254,4331.6231024592735
2484,51.330336114203256,209.68000000002542,4331.747667655411
2485,51.330336114203256,209.70000000002543,4331.872226288978
2486,51.330336114203256,209.72000000002544,4331.996778359145
2487,51.330336114203256,209.74000000002545,4332.121323865081
2488,51.330336114203256,209.76000000002546,4332.245862805955
2489,51.330336114203256,209.78000000002547,4332.370395180936
2490,51.330336114203256,209.80000000002548,4332.494920989193
2491,51.330336114203256,209.8200000000255,4332.619440229896
2492,51.330336114203256,209.8400000000255,4332.743952902215
2493,51.330336114203256,209.8600000000255,4332.868459005318
2494,51.330336114203256,209.88000000002552,4332.992958538375
2495,51.330336114203256,209.90000000002553,4333.117451500555
2496,51.330336114203256,209.92000000002554,4333.241937891028
2497,51.330336114203256,209.94000000002555,4333.366417708963
2498,51.330336114203256,209.96000000002556,4333.49089095353
2499,51.330336114203256,209.98000000002557,4333.615357623898
2500,51.330336114203256,210.00000000002558,4333.739817719236
2501,51.330336114203256,210.0200000000256,4333.864271238715
2502,51.330336114203256,210.0400000000256,4333.988718181504
2503,51.330336114203256,210.0600000000256,4334.113158546772
2504,51.330336114203256,210.08000000002562,4334.2375923336895
2505,51.330336114203256,210.10000000002563,4334.362019541425
2506,51.330336114203256,210.12000000002564,4334.486440169149
2507,51.330336114203256,210.14000000002565,4334.610854216032
2508,51.330336114203256,210.16000000002566,4334.735261681242
2509,51.330336114203256,210.18000000002567,4334.85966256395
2510,51.330336114203256,210.20000000002568,4334.984056863326
2511,51.330336114203256,210.2200000000257,4335.10844457854
2512,51.330336114203256,210.2400000000257,4335.23282570876
2513,51.330336114203256,210.2600000000257,4335.357200253158
2514,51.330336114203256,210.28000000002572,4335.481568210903
2515,51.330336114203256,210.30000000002573,4335.605929581165
2516,51.23908173927356,210.32000000002574,4335.730284363113
2517,51.23908173927356,210.34000000002575,4335.854632555919
2518,51.23908173927356,210.36000000002576,4335.978974158752
2519,51.23908173927356,210.38000000002577,4336.103309170781
2520,51.23908173927356,210.40000000002578,4336.227637621184
2521,51.23908173927356,210.4200000000258,4336.351959552767
2522,51.23908173927356,210.4400000000258,4336.476274966241
2523,51.23908173927356,210.46000000002581,4336.600583860804
2524,51.23908173927356,210.48000000002583,4336.724886235655
2525,51.23908173927356,210.50000000002584,4336.849182089989
2526,51.23908173927356,210.52000000002585,4336.973471423006
2527,51.23908173927356,210.54000000002586,4337.097754233904
2528,51.23908173927356,210.56000000002587,4337.22203052188
2529,51.23908173927356,210.58000000002588,4337.346300286132
2530,51.23908173927356,210.6000000000259,4337.470563525858
2531,51.23908173927356,210.6200000000259,4337.594820240257
2532,51.23908173927356,210.6400000000259,4337.719070428526
2533,51.23908173927356,210.66000000002592,4337.843314089863
2534,51.23908173927356,210.68000000002593,4337.967551223467
2535,51.23908173927356,210.70000000002594,4338.091781828535
2536,51.23908173927356,210.72000000002595,4338.216005904266
2537,51.23908173927356,210.74000000002596,4338.340223449858
2538,51.23908173927356,210.76000000002597,4338.4644344645085
2539,51.23908173927356,210.78000000002598,4338.588638947416
2540,51.23908173927356,210.800000000026,4338.712836897779
2541,51.23908173927356,210.820000000026,4338.837028314796
2542,51.23908173927356,210.840000000026,4338.961213197665
2543,51.23908173927356,210.86000000002602,4339.085391545584
2544,51.23908173927356,210.88000000002603,4339.209563357751
2545,51.23908173927356,210.90000000002604,4339.333728633365
2546,51.23908173927356,210.92000000002605,4339.457887371625
2547,51.23908173927356,210.94000000002606,4339.582039571727
2548,51.23908173927356,210.96000000002607,4339.7061852328725
2549,51.23908173927356,210.98000000002608,4339.830324354259
2550,51.23908173927356,211.0000000000261,4339.954456935084
2551,51.23908173927356,211.0200000000261,4340.078582975593
2552,51.23908173927356,211.0400000000261,4340.202702478998
2553,51.23908173927356,211.06000000002612,4340.326815444824
2554,51.23908173927356,211.08000000002613,4340.450921872271
2555,51.23908173927356,211.10000000002614,4340.575021760533
2556,51.23908173927356,211.12000000002615,4340.69911510881
2557,51.23908173927356,211.14000000002616,4340.823201916297
2558,51.23908173927356,211.16000000002617,4340.947282182193
2559,51.23908173927356,211.18000000002618,4341.071355905694
2560,51.23908173927356,211.2000000000262,4341.195423085998
2561,51.23908173927356,211.2200000000262,4341.319483722303
2562,51.23908173927356,211.2400000000262,4341.443537813805
2563,51.23908173927356,211.26000000002622,4341.567585359702
2564,51.23908173927356,211.28000000002623,4341.691626359192
2565,51.23908173927356,211.30000000002624,4341.815660811471
2566,51.23908173927356,211.32000000002625,4341.939688715738
2567,51.23908173927356,211.34000000002627,4342.06371007119
2568,51.23908173927356,211.36000000002628,4342.187724877024
2569,51.23908173927356,211.38000000002629,4342.311733132439
2570,51.23908173927356,211.4000000000263,4342.435734836631
2571,51.23908173927356,211.4200000000263,4342.559730022992
2572,51.23908173927356,211.44000000002632,4342.683718730512
2573,51.23908173927356,211.46000000002633,4342.80770095901
2574,51.23908173927356,211.48000000002634,4342.931676707682
2575,51.23908173927356,211.50000000002635,4343.055645975725
2576,51.23908173927356,211.52000000002636,4343.179608762337
2577,51.23908173927356,211.54000000002637,4343.303565066714
2578,51.23908173927356,211.56000000002638,4343.427514888053
2579,51.23908173927356,211.5800000000264,4343.551458225551
2580,51.23908173927356,211.6000000000264,4343.675395078404
2581,51.23908173927356,211.6200000000264,4343.79932544581
2582,51.23908173927356,211.64000000002642,4343.923249326966
2583,51.23908173927356,211.66000000002643,4344.047166721068
2584,51.23908173927356,211.68000000002644,4344.171077627313
2585,51.23908173927356,211.70000000002645,4344.294982044899
2586,51.23908173927356,211.72000000002646,4344.418879973023
2587,51.23908173927356,211.74000000002647,4344.542771410881
2588,51.23908173927356,211.76000000002648,4344.666656357671
2589,51.23908173927356,211.7800000000265,4344.7905348125905
2590,51.23908173927356,211.8000000000265,4344.914406774836
2591,51.23908173927356,211.8200000000265,4345.038272243604
2592,51.23908173927356,211.84000000002652,4345.162131218094
2593,51.23908173927356,211.86000000002653,4345.285983697501
2594,51.23908173927356,211.88000000002654,4345.409829681023
2595,51.23908173927356,211.90000000002655,4345.5336691678585
2596,51.23908173927356,211.92000000002656,4345.6575021572025
2597,51.23908173927356,211.94000000002657,4345.781328648254
2598,51.23908173927356,211.96000000002658,4345.90514864021
2599,51.23908173927356,211.9800000000266,4346.028962132268
2600,51.23908173927356,212.0000000000266,4346.152769123625
2601,51.23908173927356,212.0200000000266,4346.276569613478
2602,51.23908173927356,212.04000000002662,4346.400363601026
2603,51.23908173927356,212.06000000002663,4346.524151085465
2604,51.23908173927356,212.08000000002664,4346.647932065993
2605,51.14809742889887,212.10000000002665,4346.771706541807
2606,51.14809742889887,212.12000000002666,4346.895474512106
2607,51.14809742889887,212.14000000002667,4347.019235976088
2608,51.14809742889887,212.16000000002668,4347.142990932948
2609,51.14809742889887,212.1800000000267,4347.266739381886
2610,51.14809742889887,212.2000000000267,4347.390481322098
2611,51.14809742889887,212.22000000002672,4347.514216752783
2612,51.14809742889887,212.24000000002673,4347.637945673137
2613,51.14809742889887,212.26000000002674,4347.76166808236
2614,51.14809742889887,212.28000000002675,4347.885383979648
2615,51.14809742889887,212.30000000002676,4348.0090933642
2616,51.14809742889887,212.32000000002677,4348.132796235213
2617,51.14809742889887,212.34000000002678,4348.256492591886
2618,51.14809742889887,212.3600000000268,4348.380182433416
2619,51.14809742889887,212.3800000000268,4348.503865759
2620,51.14809742889887,212.4000000000268,4348.627542567838
2621,51.14809742889887,212.42000000002682,4348.751212859377
2622,51.14809742889887,212.44000000002683,4348.874876670193
2623,51.14809742889887,212.46000000002684,4348.998534034598
2624,51.14809742889887,212.48000000002685,4349.122184951795
2625,51.14809742889887,212.50000000002686,4349.245829420985
2626,51.14809742889887,212.52000000002687,4349.369467441369
2627,51.14809742889887,212.54000000002688,4349.493099012149
2628,51.14809742889887,212.5600000000269,4349.6167241325265
2629,51.14809742889887,212.5800000000269,4349.740342801702
2630,51.14809742889887,212.6000000000269,4349.863955018879
2631,51.14809742889887,212.62000000002692,4349.987560783257
2632,51.14809742889887,212.64000000002693,4350.11116009613
2633,51.14809742889887,212.66000000002694,4350.234752959552
2634,51.14809742889887,212.68000000002695,4350.35833937281
2635,51.14809742889887,212.70000000002696,4350.481919335111
2636,51.14809742889887,212.72000000002697,4350.60549284566
2637,51.14809742889887,212.74000000002698,4350.7290599036605
2638,51.14809742889887,212.760000000027,4350.852620508319
2639,51.14809742889887,212.780000000027,4350.97617465884
2640,51.14809742889887,212.800000000027,4351.099722354429
2641,51.14809742889887,212.82000000002702,4351.223263594291
2642,51.14809742889887,212.84000000002703,4351.346798377631
2643,51.14809742889887,212.86000000002704,4351.470326703654
2644,51.14809742889887,212.88000000002705,4351.593848571565
2645,51.14809742889887,212.90000000002706,4351.71736398057
2646,51.14809742889887,212.92000000002707,4351.8408729298735
2647,51.14809742889887,212.94000000002708,4351.964375418682
2648,51.14809742889887,212.9600000000271,4352.0878714462
2649,51.14809742889887,212.9800000000271,4352.211361011632
2650,51.14809742889887,213.00000000002711,4352.334844114185
2651,51.14809742889887,213.02000000002712,4352.458320753064
2652,51.14809742889887,213.04000000002713,4352.581790927474
2653,51.14809742889887,213.06000000002715,4352.70525463662
2654,51.14809742889887,213.08000000002716,4352.828711879709
2655,51.14809742889887,213.10000000002717,4352.952162655944
2656,51.14809742889887,213.12000000002718,4353.075606964533
2657,51.14809742889887,213.1400000000272,4353.199044804681
2658,51.14809742889887,213.1600000000272,4353.322476175593
2659,51.14809742889887,213.1800000000272,4353.445901076474
2660,51.14809742889887,213.20000000002722,4353.5693195065305
2661,51.14809742889887,213.22000000002723,4353.692731464968
2662,51.14809742889887,213.24000000002724,4353.816136950993
2663,51.14809742889887,213.26000000002725,4353.939535963809
2664,51.14809742889887,213.28000000002726,4354.062928502624
2665,51.14809742889887,213.30000000002727,4354.186314566643
2666,51.14809742889887,213.32000000002728,4354.309694155071
2667,51.14809742889887,213.3400000000273,4354.433067267115
2668,51.14809742889887,213.3600000000273,4354.55643390198
2669,51.14809742889887,213.3800000000273,4354.679794058872
2670,51.14809742889887,213.40000000002732,4354.803147736997
2671,51.14809742889887,213.42000000002733,4354.92649493556
2672,51.14809742889887,213.44000000002734,4355.049835654895
2673,51.14809742889887,213.46000000002735,4355.173169935649
2674,51.14809742889887,213.48000000002736,4355.296497808335
2675,51.14809742889887,213.50000000002737,4355.419819272166
2676,51.14809742889887,213.52000000002738,4355.543134326355
2677,51.14809742889887,213.5400000000274,4355.666442970115
2678,51.14809742889887,213.5600000000274,4355.789745202659
2679,51.14809742889887,213.5800000000274,4355.913041023199
2680,51.14809742889887,213.60000000002742,4356.036330430949
2681,51.14809742889887,213.62000000002743,4356.159613425122
2682,51.14809742889887,213.64000000002744,4356.28289000493
2683,51.14809742889887,213.66000000002745,4356.406160169587
2684,51.14809742889887,213.68000000002746,4356.529423918305
2685,51.14809742889887,213.70000000002747,4356.652681250298
2686,51.14809742889887,213.72000000002748,4356.775932164778
2687,51.14809742889887,213.7400000000275,4356.89917666096
2688,51.14809742889887,213.7600000000275,4357.022414738055
2689,51.14809742889887,213.7800000000275,4357.145646395277
2690,51.14809742889887,213.80000000002752,4357.26887163184
2691,51.14809742889887,213.82000000002753,4357.392090446956
2692,51.14809742889887,213.84000000002754,4357.515302839839
2693,51.14809742889887,213.86000000002755,4357.638508809702
2694,51.05738206545528,213.88000000002756,4357.761708355758
2695,51.05738206545528,213.90000000002757,4357.88490147722
2696,51.05738206545528,213.92000000002758,4358.008088173303
2697,51.05738206545528,213.9400000000276,4358.131268443219
2698,51.05738206545528,213.9600000000276,4358.254442286181
2699,51.05738206545528,213.98000000002762,4358.377609701403
2700,51.05738206545528,214.00000000002763,4358.500770688099
2701,51.05738206545528,214.02000000002764,4358.623925245481
2702,51.05738206545528,214.04000000002765,4358.747073372763
2703,51.05738206545528,214.06000000002766,4358.87021506916
2704,51.05738206545528,214.08000000002767,4358.993350333883
2705,51.05738206545528,214.10000000002768,4359.116479166148
2706,51.05738206545528,214.1200000000277,4359.239601565167
2707,51.05738206545528,214.1400000000277,4359.3627175301535
2708,51.05738206545528,214.1600000000277,4359.485827060323
2709,51.05738206545528,214.18000000002772,4359.608930154887
2710,51.05738206545528,214.20000000002773,4359.732026813061
2711,51.05738206545528,214.22000000002774,4359.855117034057
2712,51.05738206545528,214.24000000002775,4359.97820081709
2713,51.05738206545528,214.26000000002776,4360.10127816324
2714,51.05738206545528,214.28000000002777,4360.224349074999
2715,51.05738206545528,214.30000000002778,4360.347413551738
2716,51.05738206545528,214.3200000000278,4360.470471592672
2717,51.05738206545528,214.3400000000278,4360.593523197015
2718,51.05738206545528,214.3600000000278,4360.716568363984
2719,51.05738206545528,214.38000000002782,4360.839607092792
2720,51.05738206545528,214.40000000002783,4360.962639382655
2721,51.05738206545528,214.42000000002784,4361.0856652327875
2722,51.05738206545528,214.44000000002785,4361.2086846424045
2723,51.05738206545528,214.46000000002786,4361.331697612657
2724,51.05738206545528,214.48000000002787,4361.454704186285
2725,51.05738206545528,214.50000000002788,4361.577704388614
2726,51.05738206545528,214.5200000000279,4361.700698218861
2727,51.05738206545528,214.5400000000279,4361.823685676246
2728,51.05738206545528,214.5600000000279,4361.946666759986
2729,51.05738206545528,214.58000000002792,4362.0696414693
2730,51.05738206545528,214.60000000002793,4362.192609803406
2731,51.05738206545528,214.62000000002794,4362.315571761523
2732,51.05738206545528,214.64000000002795,4362.438527342868
2733,51.05738206545528,214.66000000002796,4362.56147654666
2734,51.05738206545528,214.68000000002797,4362.684419372117
2735,51.05738206545528,214.70000000002798,4362.807355818459
2736,51.05738206545528,214.720000000028,4362.930285884903
2737,51.05738206545528,214.740000000028,4363.0532095706685
2738,51.05738206545528,214.76000000002801,4363.176126874973
2739,51.05738206545528,214.78000000002802,4363.299037797036
2740,51.05738206545528,214.80000000002804,4363.421942336076
2741,51.05738206545528,214.82000000002805,4363.544840491312
2742,51.05738206545528,214.84000000002806,4363.667732261962
2743,51.05738206545528,214.86000000002807,4363.790617647244
2744,51.05738206545528,214.88000000002808,4363.913496646378
2745,51.05738206545528,214.9000000000281,4364.0363692585815
2746,51.05738206545528,214.9200000000281,4364.159235483075
2747,51.05738206545528,214.9400000000281,4364.282095319075
2748,51.05738206545528,214.96000000002812,4364.404948765801
2749,51.05738206545528,214.98000000002813,4364.527795822473
2750,51.05738206545528,215.00000000002814,4364.650636488309
2751,51.05738206545528,215.02000000002815,4364.773470762528
2752,51.05738206545528,215.04000000002816,4364.8962986443485
2753,51.05738206545528,215.06000000002817,4365.01912013299
2754,51.05738206545528,215.08000000002818,4365.141935227671
2755,51.05738206545528,215.1000000000282,4365.264743927611
2756,51.05738206545528,215.1200000000282,4365.3875462320275
2757,51.05738206545528,215.1400000000282,4365.510342140141
2758,51.05738206545528,215.16000000002822,4365.6331316511705
2759,51.05738206545528,215.18000000002823,4365.755914764334
2760,51.05738206545528,215.20000000002824,4365.878691478852
2761,51.05738206545528,215.22000000002825,4366.001461793942
2762,51.05738206545528,215.24000000002826,4366.124225708824
2763,51.05738206545528,215.26000000002827,4366.246983222718
2764,51.05738206545528,215.28000000002828,4366.369734334842
2765,51.05738206545528,215.3000000000283,4366.492479044416
2766,51.05738206545528,215.3200000000283,4366.615217350658
2767,51.05738206545528,215.3400000000283,4366.737949252788
2768,51.05738206545528,215.36000000002832,4366.860674750025
2769,51.05738206545528,215.38000000002833,4366.9833938415895
2770,51.05738206545528,215.40000000002834,4367.1061065266995
2771,51.05738206545528,215.42000000002835,4367.228812804575
2772,51.05738206545528,215.44000000002836,4367.351512674434
2773,51.05738206545528,215.46000000002837,4367.474206135498
2774,51.05738206545528,215.48000000002838,4367.596893189804
2775,51.05738206545528,215.5000000000284,4367.7195738841465
2776,51.05738206545528,215.5200000000284,4367.842248239951
2777,51.05738206545528,215.5400000000284,4367.964916256445
2778,51.05738206545528,215.56000000002842,4368.087577932855
2779,51.05738206545528,215.58000000002843,4368.210233268411
2780,51.05738206545528,215.60000000002844,4368.332882262339
2781,51.05738206545528,215.62000000002845,4368.455524913867
2782,51.05738206545528,215.64000000002846,4368.578161222222
2783,51.05738206545528,215.66000000002848,4368.700791186632
2784,50.96693453725845,215.68000000002849,4368.823414806325
2785,50.96693453725845,215.7000000000285,4368.946032080528
2786,50.96693453725845,215.7200000000285,4369.06864300847
2787,50.96693453725845,215.74000000002852,4369.191247589378
2788,50.96693453725845,215.76000000002853,4369.313845822479
2789,50.96693453725845,215.78000000002854,4369.436437707002
2790,50.96693453725845,215.80000000002855,4369.559023242175
2791,50.96693453725845,215.82000000002856,4369.681602427224
2792,50.96693453725845,215.84000000002857,4369.804175261378
2793,50.96693453725845,215.86000000002858,4369.926741743866
2794,50.96693453725845,215.8800000000286,4370.049301874256
2795,50.96693453725845,215.9000000000286,4370.171855655694
2796,50.96693453725845,215.9200000000286,4370.294403088246
2797,50.96693453725845,215.94000000002862,4370.416944171139
2798,50.96693453725845,215.96000000002863,4370.539478903599
2799,50.96693453725845,215.98000000002864,4370.662007284853
2800,50.96693453725845,216.00000000002865,4370.784529314126
2801,50.96693453725845,216.02000000002866,4370.907044990646
2802,50.96693453725845,216.04000000002867,4371.029554313639
2803,50.96693453725845,216.06000000002868,4371.152057282331
2804,50.96693453725845,216.0800000000287,4371.27455389595
2805,50.96693453725845,216.1000000000287,4371.397044153721
2806,50.96693453725845,216.1200000000287,4371.519528054871
2807,50.96693453725845,216.14000000002872,4371.642005598628
2808,50.96693453725845,216.16000000002873,4371.764476784218
2809,50.96693453725845,216.18000000002874,4371.8869416108655
2810,50.96693453725845,216.20000000002875,4372.0094000778
2811,50.96693453725845,216.22000000002876,4372.131852184247
2812,50.96693453725845,216.24000000002877,4372.254297929433
2813,50.96693453725845,216.26000000002878,4372.376737312586
2814,50.96693453725845,216.2800000000288,4372.4991703329315
2815,50.96693453725845,216.3000000000288,4372.6215969896975
2816,50.96693453725845,216.3200000000288,4372.74401728211
2817,50.96693453725845,216.34000000002882,4372.866431209396
2818,50.96693453725845,216.36000000002883,4372.988838770783
2819,50.96693453725845,216.38000000002884,4373.111239965498
2820,50.96693453725845,216.40000000002885,4373.233634792767
2821,50.96693453725845,216.42000000002886,4373.356023251817
2822,50.96693453725845,216.44000000002887,4373.478405341875
2823,50.96693453725845,216.46000000002888,4373.6007810621695
2824,50.96693453725845,216.4800000000289,4373.723150411926
2825,50.96693453725845,216.5000000000289,4373.84551339395
2826,50.96693453725845,216.52000000002892,4373.967870057091
2827,50.96693453725845,216.54000000002893,4374.090220418014
2828,50.96693453725845,216.56000000002894,4374.212564475941
2829,50.96693453725845,216.58000000002895,4374.334902230097
2830,50.96693453725845,216.60000000002896,4374.457233679706
2831,50.96693453725845,216.62000000002897,4374.5795588239935
2832,50.96693453725845,216.64000000002898,4374.701877662183
2833,50.96693453725845,216.660000000029,4374.824190193499
2834,50.96693453725845,216.680000000029,4374.946496417166
2835,50.96693453725845,216.700000000029,4375.068796332408
2836,50.96693453725845,216.72000000002902,4375.19108993845
2837,50.96693453725845,216.74000000002903,4375.313377234517
2838,50.96693453725845,216.76000000002904,4375.435658219833
2839,50.96693453725845,216.78000000002905,4375.557932893623
2840,50.96693453725845,216.80000000002906,4375.680201255111
2841,50.96693453725845,216.82000000002907,4375.802463303522
2842,50.96693453725845,216.84000000002908,4375.92471903808
2843,50.96693453725845,216.8600000000291,4376.046968458011
2844,50.96693453725845,216.8800000000291,4376.169211562539
2845,50.96693453725845,216.9000000000291,4376.2914483508885
2846,50.96693453725845,216.92000000002912,4376.413678822284
2847,50.96693453725845,216.94000000002913,4376.535902975951
2848,50.96693453725845,216.96000000002914,4376.658120811114
2849,50.96693453725845,216.98000000002915,4376.780332326997
2850,50.96693453725845,217.00000000002916,4376.902537522827
2851,50.96693453725845,217.02000000002917,4377.024736397826
2852,50.96693453725845,217.04000000002918,4377.146928951221
2853,50.96693453725845,217.0600000000292,4377.2691151822355
2854,50.96693453725845,217.0800000000292,4377.391295090096
2855,50.96693453725845,217.1000000000292,4377.513468674026
2856,50.96693453725845,217.12000000002922,4377.635635933251
2857,50.96693453725845,217.14000000002923,4377.757796866997
2858,50.96693453725845,217.16000000002924,4377.879951474487
2859,50.96693453725845,217.18000000002925,4378.002099754948
2860,50.96693453725845,217.20000000002926,4378.124241707605
2861,50.96693453725845,217.22000000002927,4378.246377331681
2862,50.96693453725845,217.24000000002928,4378.368506626403
2863,50.96693453725845,217.2600000000293,4378.490629590997
2864,50.96693453725845,217.2800000000293,4378.612746224686
2865,50.96693453725845,217.3000000000293,4378.734856526696
2866,50.96693453725845,217.32000000002932,4378.856960496252
2867,50.96693453725845,217.34000000002933,4378.979058132581
2868,50.96693453725845,217.36000000002934,4379.101149434906
2869,50.96693453725845,217.38000000002936,4379.223234402453
2870,50.96693453725845,217.40000000002937,4379.345313034448
2871,50.96693453725845,217.42000000002938,4379.467385330116
2872,50.96693453725845,217.44000000002939,4379.589451288682
2873,50.96693453725845,217.4600000000294,4379.711510909371
2874,50.87675373852509,217.4800000000294,4379.83356419141
2875,50.87675373852509,217.50000000002942,4379.9556111340235
2876,50.96693453725845,217.52000000002943,4380.07765174193
2877,50.96693453725845,217.54000000002944,4380.199686071665
2878,50.96693453725845,217.56000000002945,4380.321714136165
2879,50.96693453725845,217.58000000002946,4380.443735934674
2880,50.87675373852509,217.60000000002947,4380.565751466439
2881,50.87675373852509,217.62000000002948,4380.687760730706
2882,50.87675373852509,217.6400000000295,4380.809763726721
2883,50.87675373852509,217.6600000000295,4380.931760453729
2884,50.87675373852509,217.6800000000295,4381.053750910977
2885,50.87675373852509,217.70000000002952,4381.175735097711
2886,50.87675373852509,217.72000000002953,4381.297713013178
2887,50.87675373852509,217.74000000002954,4381.419684656622
2888,50.87675373852509,217.76000000002955,4381.54165002729
2889,50.87675373852509,217.78000000002956,4381.663609124429
2890,50.87675373852509,217.80000000002957,4381.785561947284
2891,50.87675373852509,217.82000000002958,4381.907508495102
2892,50.87675373852509,217.8400000000296,4382.029448767128
2893,50.87675373852509,217.8600000000296,4382.1513827626095
2894,50.87675373852509,217.8800000000296,4382.273310480793
2895,50.87675373852509,217.90000000002962,4382.395231920924
2896,50.87675373852509,217.92000000002963,4382.517147082249
2897,50.87675373852509,217.94000000002964,4382.639055964014
2898,50.87675373852509,217.96000000002965,4382.760958565466
2899,50.87675373852509,217.98000000002966,4382.882854885852
2900,50.87675373852509,218.00000000002967,4383.004744924417
2901,50.87675373852509,218.02000000002968,4383.1266286804075
2902,50.87675373852509,218.0400000000297,4383.248506153071
2903,50.87675373852509,218.0600000000297,4383.370377341653
2904,50.87675373852509,218.0800000000297,4383.492242245401
2905,50.87675373852509,218.10000000002972,4383.614100863561
2906,50.87675373852509,218.12000000002973,4383.73595319538
2907,50.87675373852509,218.14000000002974,4383.857799240103
2908,50.87675373852509,218.16000000002975,4383.979638996979
2909,50.87675373852509,218.18000000002976,4384.101472465252
2910,50.87675373852509,218.20000000002977,4384.223299644171
2911,50.87675373852509,218.22000000002978,4384.345120532981
2912,50.87675373852509,218.2400000000298,4384.46693513093
2913,50.87675373852509,218.2600000000298,4384.588743437264
2914,50.87675373852509,218.28000000002982,4384.71054545123
2915,50.87675373852509,218.30000000002983,4384.832341172075
2916,50.87675373852509,218.32000000002984,4384.954130599045
2917,50.87675373852509,218.34000000002985,4385.075913731387
2918,50.87675373852509,218.36000000002986,4385.197690568349
2919,50.87675373852509,218.38000000002987,4385.319461109176
2920,50.87675373852509,218.40000000002988,4385.441225353115
2921,50.87675373852509,218.4200000000299,4385.5629832994155
2922,50.87675373852509,218.4400000000299,4385.684734947322
2923,50.87675373852509,218.4600000000299,4385.806480296082
2924,50.87675373852509,218.48000000002992,4385.928219344942
2925,50.87675373852509,218.50000000002993,4386.04995209315
2926,50.87675373852509,218.52000000002994,4386.171678539952
2927,50.87675373852509,218.54000000002995,4386.293398689784
2928,50.87675373852509,218.56000000002996,4386.415112597594
2929,50.87675373852509,218.58000000002997,4386.536820271641
2930,50.87675373852509,218.60000000002998,4386.658521711173
2931,50.87675373852509,218.62000000003,4386.78021691544
2932,50.87675373852509,218.64000000003,4386.901905883689
2933,50.87675373852509,218.66000000003,4387.02358861517
2934,50.87675373852509,218.68000000003002,4387.145265109131
2935,50.87675373852509,218.70000000003003,4387.266935364822
2936,50.87675373852509,218.72000000003004,4387.388599381489
2937,50.87675373852509,218.74000000003005,4387.510257158384
2938,50.87675373852509,218.76000000003006,4387.631908694753
2939,50.87675373852509,218.78000000003007,4387.753553989847
2940,50.87675373852509,218.80000000003008,4387.875193042914
2941,50.87675373852509,218.8200000000301,4387.9968258532035
2942,50.87675373852509,218.8400000000301,4388.118452419963
2943,50.87675373852509,218.8600000000301,4388.240072742443
2944,50.87675373852509,218.88000000003012,4388.3616868198915
2945,50.87675373852509,218.90000000003013,4388.483294651557
2946,50.87675373852509,218.92000000003014,4388.6048962366895
2947,50.87675373852509,218.94000000003015,4388.726491574538
2948,50.87675373852509,218.96000000003016,4388.848080664352
2949,50.87675373852509,218.98000000003017,4388.96966350538
2950,50.87675373852509,219.00000000003018,4389.09124009687
2951,50.87675373852509,219.0200000000302,4389.212810438073
2952,50.87675373852509,219.0400000000302,4389.334374528236
2953,50.87675373852509,219.06000000003021,4389.455932366611
2954,50.87675373852509,219.08000000003022,4389.577483952445
2955,50.87675373852509,219.10000000003024,4389.699029284988
2956,50.87675373852509,219.12000000003025,4389.820568363489
2957,50.87675373852509,219.14000000003026,4389.942101187197
2958,50.87675373852509,219.16000000003027,4390.0636277558815
2959,50.87675373852509,219.18000000003028,4390.1851480729065
2960,50.87675373852509,219.2000000000303,4390.306662137914
2961,50.87675373852509,219.2200000000303,4390.428169950144
2962,50.87675373852509,219.2400000000303,4390.549671508839
2963,50.87675373852509,219.26000000003032,4390.671166813239
2964,50.87675373852509,219.28000000003033,4390.792655862586
2965,50.87675373852509,219.30000000003034,4390.91413865612
2966,50.87675373852509,219.32000000003035,4391.035615193081
2967,50.87675373852509,219.34000000003036,4391.1570854727115
2968,50.87675373852509,219.36000000003037,4391.278549494253
2969,50.87675373852509,219.38000000003038,4391.400007256945
2970,50.87675373852509,219.4000000000304,4391.521458760029
2971,50.78683856933467,219.4200000000304,4391.642904002747
2972,50.78683856933467,219.4400000000304,4391.764342984339
2973,50.78683856933467,219.46000000003042,4391.885775704048
2974,50.78683856933467,219.48000000003043,4392.007202161113
2975,50.78683856933467,219.50000000003044,4392.128622354777
2976,50.78683856933467,219.52000000003045,4392.250036284279
2977,50.78683856933467,219.54000000003046,4392.371443948862
2978,50.78683856933467,219.56000000003047,4392.492845354398
2979,50.78683856933467,219.58000000003048,4392.614240556521
2980,50.78683856933467,219.6000000000305,4392.735629560026
2981,50.78683856933467,219.6200000000305,4392.857012364182
2982,50.78683856933467,219.6400000000305,4392.978388968258
2983,50.78683856933467,219.66000000003052,4393.099759371522
2984,50.78683856933467,219.68000000003053,4393.221123573243
2985,50.78683856933467,219.70000000003054,4393.342481572689
2986,50.78683856933467,219.72000000003055,4393.46383336913
2987,50.78683856933467,219.74000000003056,4393.585178961834
2988,50.78683856933467,219.76000000003057,4393.706518350069
2989,50.78683856933467,219.78000000003058,4393.827851533105
2990,50.78683856933467,219.8000000000306,4393.94917851021
2991,50.78683856933467,219.8200000000306,4394.070499280652
2992,50.78683856933467,219.8400000000306,4394.191813843701
2993,50.78683856933467,219.86000000003062,4394.313122198626
2994,50.78683856933467,219.88000000003063,4394.434424344695
2995,50.78683856933467,219.90000000003064,4394.555720281178
2996,50.78683856933467,219.92000000003065,4394.677010007343
2997,50.78683856933467,219.94000000003066,4394.798293522458
2998,50.78683856933467,219.96000000003067,4394.919570825794
2999,50.78683856933467,219.98000000003069,4395.040841916619
3000,50.78683856933467,220.0000000000307,4395.1621067942015
3001,50.78683856933467,220.0200000000307,4395.283365457811
3002,50.78683856933467,220.04000000003072,4395.404617906716
3003,50.78683856933467,220.06000000003073,4395.525864140187
3004,50.78683856933467,220.08000000003074,4395.647104157492
3005,50.78683856933467,220.10000000003075,4395.7683379579
3006,50.78683856933467,220.12000000003076,4395.88956554068
3007,50.78683856933467,220.14000000003077,4396.010786905103
3008,50.78683856933467,220.16000000003078,4396.132002050435
3009,50.78683856933467,220.1800000000308,4396.253210975948
3010,50.78683856933467,220.2000000000308,4396.374413680909
3011,50.78683856933467,220.2200000000308,4396.4956101645885
3012,50.78683856933467,220.24000000003082,4396.616800426255
3013,50.78683856933467,220.26000000003083,4396.73798446518
3014,50.78683856933467,220.28000000003084,4396.85916228063
3015,50.78683856933467,220.30000000003085,4396.980333871876
3016,50.78683856933467,220.32000000003086,4397.101499238186
3017,50.78683856933467,220.34000000003087,4397.222658378831
3018,50.78683856933467,220.36000000003088,4397.343811293079
3019,50.78683856933467,220.3800000000309,4397.4649579802
3020,50.78683856933467,220.4000000000309,4397.586098439463
3021,50.78683856933467,220.4200000000309,4397.707232670138
3022,50.78683856933467,220.44000000003092,4397.828360671495
3023,50.78683856933467,220.46000000003093,4397.949482442802
3024,50.78683856933467,220.48000000003094,4398.07059798333
3025,50.78683856933467,220.50000000003095,4398.191707292348
3026,50.78683856933467,220.52000000003096,4398.312810369125
3027,50.78683856933467,220.54000000003097,4398.433907212931
3028,50.78683856933467,220.56000000003098,4398.5549978230365
3029,50.78683856933467,220.580000000031,4398.676082209487
3030,50.78683856933467,220.600000000031,4398.797160425223
3031,50.78683856933467,220.620000000031,4398.918232474279
3032,50.78683856933467,220.64000000003102,4399.039298355919
3033,50.78683856933467,220.66000000003103,4399.160358069411
3034,50.78683856933467,220.68000000003104,4399.281411614022
3035,50.78683856933467,220.70000000003105,4399.402458989017
3036,50.78683856933467,220.72000000003106,4399.5235001936635
3037,50.78683856933467,220.74000000003107,4399.6445352272285
3038,50.78683856933467,220.76000000003108,4399.765564088978
3039,50.78683856933467,220.7800000000311,4399.886586778179
3040,50.78683856933467,220.8000000000311,4400.007603294151
3041,50.78683856933467,220.82000000003111,4400.128613638888
3042,50.78683856933467,220.84000000003113,4400.249617813908
3043,50.78683856933467,220.86000000003114,4400.370615818473
3044,50.78683856933467,220.88000000003115,4400.491607651846
3045,50.78683856933467,220.90000000003116,4400.612593313287
3046,50.78683856933467,220.92000000003117,4400.733572802061
3047,50.78683856933467,220.94000000003118,4400.854546117429
3048,50.78683856933467,220.9600000000312,4400.975513258654
3049,50.78683856933467,220.9800000000312,4401.096474224999
3050,50.78683856933467,221.0000000000312,4401.217429015725
3051,50.78683856933467,221.02000000003122,4401.338377630096
3052,50.78683856933467,221.04000000003123,4401.4593200673735
3053,50.78683856933467,221.06000000003124,4401.580256326821
3054,50.78683856933467,221.08000000003125,4401.701186407699
3055,50.78683856933467,221.10000000003126,4401.822110309273
3056,50.78683856933467,221.12000000003127,4401.943028030803
3057,50.78683856933467,221.14000000003128,4402.063939571553
3058,50.78683856933467,221.1600000000313,4402.184844930786
3059,50.78683856933467,221.1800000000313,4402.305744107764
3060,50.78683856933467,221.2000000000313,4402.42663710175
3061,50.78683856933467,221.22000000003132,4402.547523912007
3062,50.69718793559155,221.24000000003133,4402.668404537797
3063,50.69718793559155,221.26000000003134,4402.789278978383
3064,50.69718793559155,221.28000000003135,4402.910147233028
3065,50.69718793559155,221.30000000003136,4403.031009300994
3066,50.69718793559155,221.32000000003137,4403.151865181545
3067,50.69718793559155,221.34000000003138,4403.272714873943
3068,50.69718793559155,221.3600000000314,4403.393558377452
3069,50.69718793559155,221.3800000000314,4403.514395691333
3070,50.69718793559155,221.4000000000314,4403.635226814851
3071,50.69718793559155,221.42000000003142,4403.756051747268
3072,50.69718793559155,221.44000000003143,4403.876870487848
3073,50.69718793559155,221.46000000003144,4403.997683035852
3074,50.69718793559155,221.48000000003145,4404.118489390544
3075,50.69718793559155,221.50000000003146,4404.239289551187
3076,50.69718793559155,221.52000000003147,4404.360083517044
3077,50.69718793559155,221.54000000003148,4404.480871287378
3078,50.69718793559155,221.5600000000315,4404.601652861454
3079,50.69718793559155,221.5800000000315,4404.722428238532
3080,50.69718793559155,221.6000000000315,4404.843197432292
3081,50.69718793559155,221.62000000003152,4404.963960490896
3082,50.69718793559155,221.64000000003153,4405.084717417444
3083,50.69718793559155,221.66000000003154,4405.205468211204
3084,50.69718793559155,221.68000000003155,4405.326212871444
3085,50.69718793559155,221.70000000003157,4405.446951397432
3086,50.69718793559155,221.72000000003158,4405.567683788436
3087,50.69718793559155,221.74000000003159,4405.688410043724
3088,50.69718793559155,221.7600000000316,4405.809130162564
3089,50.69718793559155,221.7800000000316,4405.929844144224
3090,50.69718793559155,221.80000000003162,4406.050551987973
3091,50.69718793559155,221.82000000003163,4406.171253693079
3092,50.69718793559155,221.84000000003164,4406.29194925881
3093,50.69718793559155,221.86000000003165,4406.412638684434
3094,50.69718793559155,221.88000000003166,4406.533321969218
3095,50.69718793559155,221.90000000003167,4406.653999112433
3096,50.69718793559155,221.92000000003168,4406.774670113346
3097,50.69718793559155,221.9400000000317,4406.895334971225
3098,50.69718793559155,221.9600000000317,4407.015993685338
3099,50.69718793559155,221.9800000000317,4407.136646254954
3100,50.69718793559155,222.00000000003172,4407.257292679341
3101,50.69718793559155,222.02000000003173,4407.377932957768
3102,50.69718793559155,222.04000000003174,4407.498567089503
3103,50.69718793559155,222.06000000003175,4407.619195073815
3104,50.69718793559155,222.08000000003176,4407.7398169099715
3105,50.69718793559155,222.10000000003177,4407.860432597241
3106,50.69718793559155,222.12000000003178,4407.981042134893
3107,50.69718793559155,222.1400000000318,4408.101645522195
3108,50.69718793559155,222.1600000000318,4408.2222427584165
3109,50.69718793559155,222.1800000000318,4408.342833842826
3110,50.69718793559155,222.20000000003182,4408.4634187746915
3111,50.69718793559155,222.22000000003183,4408.583997553282
3112,50.69718793559155,222.24000000003184,4408.704570177865
3113,50.69718793559155,222.26000000003185,4408.825136647712
3114,50.69718793559155,222.28000000003186,4408.945696962089
3115,50.69718793559155,222.30000000003187,4409.066251120265
3116,50.69718793559155,222.32000000003188,4409.18679912151
3117,50.69718793559155,222.3400000000319,4409.307340965092
3118,50.69718793559155,222.3600000000319,4409.42787665028
3119,50.69718793559155,222.3800000000319,4409.548406176343
3120,50.69718793559155,222.40000000003192,4409.6689295425485
3121,50.69718793559155,222.42000000003193,4409.7894467481665
3122,50.69718793559155,222.44000000003194,4409.909957792466
3123,50.69718793559155,222.46000000003195,4410.030462674938
3124,50.69718793559155,222.48000000003196,4410.150961398365
3125,50.69718793559155,222.50000000003197,4410.271453963546
3126,50.69718793559155,222.52000000003198,4410.39194036976
3127,50.69718793559155,222.540000000032,4410.512420616284
3128,50.69718793559155,222.560000000032,4410.632894702396
3129,50.69718793559155,222.58000000003202,4410.753362627375
3130,50.69718793559155,222.60000000003203,4410.8738243905
3131,50.69718793559155,222.62000000003204,4410.994280009759
3132,50.69718793559155,222.64000000003205,4411.114729531
3133,50.69718793559155,222.66000000003206,4411.235172956602
3134,50.69718793559155,222.68000000003207,4411.355610285845
3135,50.69718793559155,222.70000000003208,4411.476041518011
3136,50.69718793559155,222.7200000000321,4411.596466652382
3137,50.69718793559155,222.7400000000321,4411.716885688241
3138,50.69718793559155,222.7600000000321,4411.837298624868
3139,50.69718793559155,222.78000000003212,4411.957705461546
3140,50.69718793559155,222.80000000003213,4412.078106197557
3141,50.69718793559155,222.82000000003214,4412.198500832182
3142,50.69718793559155,222.84000000003215,4412.318889364703
3143,50.69718793559155,222.86000000003216,4412.439271794403
3144,50.69718793559155,222.88000000003217,4412.559648120563
3145,50.69718793559155,222.90000000003218,4412.680018342466
3146,50.69718793559155,222.9200000000322,4412.800382459393
3147,50.69718793559155,222.9400000000322,4412.920740470628
3148,50.69718793559155,222.9600000000322,4413.04109237545
3149,50.69718793559155,222.98000000003222,4413.161438173142
3150,50.69718793559155,223.00000000003223,4413.281777862988
3151,50.69718793559155,223.02000000003224,4413.4021114442685
3152,50.69718793559155,223.04000000003225,4413.522438916266
3153,50.60780074898725,223.06000000003226,4413.642760278262
3154,50.60780074898725,223.08000000003227,4413.76307552954
3155,50.60780074898725,223.10000000003228,4413.883384669382
3156,50.60780074898725,223.1200000000323,4414.00368769707
3157,50.60780074898725,223.1400000000323,4414.123984611886
3158,50.60780074898725,223.1600000000323,4414.2442754131125
3159,50.60780074898725,223.18000000003232,4414.364560100032
3160,50.60780074898725,223.20000000003233,4414.484838671926
3161,50.60780074898725,223.22000000003234,4414.605111128078
3162,50.60780074898725,223.24000000003235,4414.725377467769
3163,50.60780074898725,223.26000000003236,4414.845637690283
3164,50.60780074898725,223.28000000003237,4414.965891794902
3165,50.60780074898725,223.30000000003238,4415.086139780907
3166,50.60780074898725,223.3200000000324,4415.206381647581
3167,50.60780074898725,223.3400000000324,4415.326617394208
3168,50.60780074898725,223.36000000003241,4415.44684702007
3169,50.60780074898725,223.38000000003242,4415.567070524448
3170,50.60780074898725,223.40000000003243,4415.687287906626
3171,50.60780074898725,223.42000000003245,4415.807499165886
3172,50.60780074898725,223.44000000003246,4415.927704301511
3173,50.60780074898725,223.46000000003247,4416.047903312783
3174,50.60780074898725,223.48000000003248,4416.168096198985
3175,50.60780074898725,223.5000000000325,4416.2882829594
3176,50.60780074898725,223.5200000000325,4416.40846359331
3177,50.60780074898725,223.5400000000325,4416.528638099999
3178,50.60780074898725,223.56000000003252,4416.648806478748
3179,50.60780074898725,223.58000000003253,4416.768968728841
3180,50.60780074898725,223.60000000003254,4416.88912484956
3181,50.60780074898725,223.62000000003255,4417.0092748401885
3182,50.60780074898725,223.64000000003256,4417.129418721969
3183,50.60780074898725,223.66000000003257,4417.249556536038
3184,50.60780074898725,223.68000000003258,4417.369688283889
3185,50.60780074898725,223.7000000000326,4417.489813964808
3186,50.60780074898725,223.7200000000326,4417.6099335780755
3187,50.60780074898725,223.7400000000326,4417.730047122977
3188,50.60780074898725,223.76000000003262,4417.850154598797
3189,50.60780074898725,223.78000000003263,4417.97025600482
3190,50.60780074898725,223.80000000003264,4418.090351340329
3191,50.60780074898725,223.82000000003265,4418.210440604608
3192,50.60780074898725,223.84000000003266,4418.330523796942
3193,50.60780074898725,223.86000000003267,4418.450600916613
3194,50.60780074898725,223.88000000003268,4418.570671962908
3195,50.60780074898725,223.9000000000327,4418.690736935109
3196,50.60780074898725,223.9200000000327,4418.810795832502
3197,50.60780074898725,223.9400000000327,4418.93084865437
3198,50.60780074898725,223.96000000003272,4419.050895399996
3199,50.60780074898725,223.98000000003273,4419.170936068666
3200,50.60780074898725,224.00000000003274,4419.290970659665
3201,50.60780074898725,224.02000000003275,4419.410999172275
3202,50.60780074898725,224.04000000003276,4419.531021605782
3203,50.60780074898725,224.06000000003277,4419.651037959469
3204,50.60780074898725,224.08000000003278,4419.771048232621
3205,50.60780074898725,224.1000000000328,4419.891052424523
3206,50.60780074898725,224.1200000000328,4420.011050534536
3207,50.60780074898725,224.1400000000328,4420.1310425647725
3208,50.60780074898725,224.16000000003282,4420.251028516648
3209,50.60780074898725,224.18000000003283,4420.371008389445
3210,50.60780074898725,224.20000000003284,4420.490982182444
3211,50.60780074898725,224.22000000003285,4420.610949894928
3212,50.60780074898725,224.24000000003286,4420.730911526179
3213,50.60780074898725,224.26000000003287,4420.850867075477
3214,50.60780074898725,224.28000000003289,4420.970816542106
3215,50.60780074898725,224.3000000000329,4421.090759925347
3216,50.60780074898725,224.3200000000329,4421.210697224482
3217,50.60780074898725,224.34000000003292,4421.330628438793
3218,50.60780074898725,224.36000000003293,4421.450553567561
3219,50.60780074898725,224.38000000003294,4421.570472610069
3220,50.60780074898725,224.40000000003295,4421.6903855656
3221,50.60780074898725,224.42000000003296,4421.810292433434
3222,50.60780074898725,224.44000000003297,4421.930193212855
3223,50.60780074898725,224.46000000003298,4422.050087903143
3224,50.60780074898725,224.480000000033,4422.169976503583
3225,50.60780074898725,224.500000000033,4422.289859013455
3226,50.60780074898725,224.520000000033,4422.409735432041
3227,50.60780074898725,224.54000000003302,4422.529605758624
3228,50.60780074898725,224.56000000003303,4422.649469992486
3229,50.60780074898725,224.58000000003304,4422.769328132909
3230,50.60780074898725,224.60000000003305,4422.889180179176
3231,50.60780074898725,224.62000000003306,4423.009026130569
3232,50.60780074898725,224.64000000003307,4423.128865986369
3233,50.60780074898725,224.66000000003308,4423.248699772143
3234,50.60780074898725,224.6800000000331,4423.368527526555
3235,50.60780074898725,224.7000000000331,4423.488349250356
3236,50.60780074898725,224.7200000000331,4423.608164942837
3237,50.60780074898725,224.74000000003312,4423.727974603291
3238,50.60780074898725,224.76000000003313,4423.84777823101
3239,50.60780074898725,224.78000000003314,4423.967575825288
3240,50.60780074898725,224.80000000003315,4424.087367385417
3241,50.60780074898725,224.82000000003316,4424.207152910689
3242,50.60780074898725,224.84000000003317,4424.326932400398
3243,50.60780074898725,224.86000000003318,4424.446705853837
3244,50.518675926963134,224.8800000000332,4424.566473270297
3245,50.518675926963134,224.9000000000332,4424.6862346490725
3246,50.518675926963134,224.9200000000332,4424.805989989456
3247,50.518675926963134,224.94000000003322,4424.92573929074
3248,50.518675926963134,224.96000000003323,4425.045482552218
3249,50.518675926963134,224.98000000003324,4425.165219773183
3250,50.518675926963134,225.00000000003325,4425.284950952927
3251,50.518675926963134,225.02000000003326,4425.404676090743
3252,50.518675926963134,225.04000000003327,4425.524395185925
3253,50.518675926963134,225.06000000003328,4425.644108237765
3254,50.518675926963134,225.0800000000333,4425.7638152455565
3255,50.518675926963134,225.1000000000333,4425.8835162085925
3256,50.518675926963134,225.12000000003331,4426.003211126166
3257,50.518675926963134,225.14000000003333,4426.12289999757
3258,50.518675926963134,225.16000000003334,4426.242582822098
3259,50.518675926963134,225.18000000003335,4426.362259599042
3260,50.518675926963134,225.20000000003336,4426.481930327696
3261,50.518675926963134,225.22000000003337,4426.601595007354
3262,50.518675926963134,225.24000000003338,4426.721253637308
3263,50.518675926963134,225.2600000000334,4426.840906216852
3264,50.518675926963134,225.2800000000334,4426.960552745279
3265,50.518675926963134,225.3000000000334,4427.080193221881
3266,50.518675926963134,225.32000000003342,4427.1998276459535
3267,50.518675926963134,225.34000000003343,4427.3194560167885
3268,50.518675926963134,225.36000000003344,4427.439078333679
3269,50.518675926963134,225.38000000003345,4427.558694595919
3270,50.518675926963134,225.40000000003346,4427.678304802802
3271,50.518675926963134,225.42000000003347,4427.797908953621
3272,50.518675926963134,225.44000000003348,4427.9175070476695
3273,50.518675926963134,225.4600000000335,4428.037099084241
3274,50.518675926963134,225.4800000000335,4428.156685062629
3275,50.518675926963134,225.5000000000335,4428.276264982126
3276,50.518675926963134,225.52000000003352,4428.395838842027
3277,50.518675926963134,225.54000000003353,4428.515406641624
3278,50.518675926963134,225.56000000003354,4428.634968380213
3279,50.518675926963134,225.58000000003355,4428.754524057085
3280,50.518675926963134,225.60000000003356,4428.874073671535
3281,50.518675926963134,225.62000000003357,4428.993617222856
3282,50.518675926963134,225.64000000003358,4429.113154710342
3283,50.518675926963134,225.6600000000336,4429.232686133287
3284,50.518675926963134,225.6800000000336,4429.3522115204
3285,50.518675926963134,225.7000000000336,4429.471730906202
3286,50.518675926963134,225.72000000003362,4429.59124429063
3287,50.518675926963134,225.74000000003363,4429.710751672979
3288,50.518675926963134,225.76000000003364,4429.8302530525425
3289,50.518675926963134,225.78000000003365,4429.949748428612
3290,50.518675926963134,225.80000000003366,4430.069237801244
3291,50.518675926963134,225.82000000003367,4430.188721173703
3292,50.518675926963134,225.84000000003368,4430.308198545642
3293,50.518675926963134,225.8600000000337,4430.427669916355
3294,50.518675926963134,225.8800000000337,4430.547135285135
3295,50.518675926963134,225.9000000000337,4430.666594651276
3296,50.518675926963134,225.92000000003372,4430.7860480140735
3297,50.518675926963134,225.94000000003373,4430.905495372821
3298,50.518675926963134,225.96000000003374,4431.0249367268125
3299,50.518675926963134,225.98000000003375,4431.144372075343
3300,50.518675926963134,226.00000000003376,4431.263801417706
3301,50.518675926963134,226.02000000003378,4431.383224753196
3302,50.518675926963134,226.04000000003379,4431.502642081108
3303,50.518675926963134,226.0600000000338,4431.622053400735
3304,50.518675926963134,226.0800000000338,4431.741458711373
3305,50.518675926963134,226.10000000003382,4431.860858012315
3306,50.518675926963134,226.12000000003383,4431.980251302855
3307,50.518675926963134,226.14000000003384,4432.099638582289
3308,50.518675926963134,226.16000000003385,4432.21901984991
3309,50.518675926963134,226.18000000003386,4432.338395105014
3310,50.518675926963134,226.20000000003387,4432.457764346894
3311,50.518675926963134,226.22000000003388,4432.577127574845
3312,50.518675926963134,226.2400000000339,4432.696484788161
3313,50.518675926963134,226.2600000000339,4432.815835986137
3314,50.518675926963134,226.2800000000339,4432.935181168068
3315,50.518675926963134,226.30000000003392,4433.054520333249
3316,50.518675926963134,226.32000000003393,4433.173853480973
3317,50.518675926963134,226.34000000003394,4433.293180610535
3318,50.518675926963134,226.36000000003395,4433.412501721231
3319,50.518675926963134,226.38000000003396,4433.531816812354
3320,50.518675926963134,226.40000000003397,4433.6511258832
3321,50.518675926963134,226.42000000003398,4433.770428933062
3322,50.518675926963134,226.440000000034,4433.889725961237
3323,50.518675926963134,226.460000000034,4434.0090169670175
3324,50.518675926963134,226.480000000034,4434.1283019497
3325,50.518675926963134,226.50000000003402,4434.247580908578
3326,50.518675926963134,226.52000000003403,4434.366853842947
3327,50.518675926963134,226.54000000003404,4434.486120752103
3328,50.518675926963134,226.56000000003405,4434.605381635339
3329,50.518675926963134,226.58000000003406,4434.72463649195
3330,50.518675926963134,226.60000000003407,4434.843885321232
3331,50.518675926963134,226.62000000003408,4434.963128122479
3332,50.518675926963134,226.6400000000341,4435.082364894987
3333,50.518675926963134,226.6600000000341,4435.20159563805
3334,50.518675926963134,226.6800000000341,4435.3208203510885
3335,50.518675926963134,226.70000000003412,4435.440039066723
3336,50.4298123926733,226.72000000003413,4435.559251816461
3337,50.4298123926733,226.74000000003414,4435.678458599615
3338,50.4298123926733,226.76000000003415,4435.797659415494
3339,50.4298123926733,226.78000000003416,4435.916854263412
3340,50.4298123926733,226.80000000003417,4436.036043142679
3341,50.4298123926733,226.82000000003418,4436.155226052608
3342,50.4298123926733,226.8400000000342,4436.27440299251
3343,50.4298123926733,226.8600000000342,4436.393573961697
3344,50.4298123926733,226.88000000003422,4436.512738959481
3345,50.4298123926733,226.90000000003423,4436.631897985173
3346,50.4298123926733,226.92000000003424,4436.751051038086
3347,50.4298123926733,226.94000000003425,4436.870198117532
3348,50.4298123926733,226.96000000003426,4436.989339222821
3349,50.4298123926733,226.98000000003427,4437.1084743532665
3350,50.4298123926733,227.00000000003428,4437.2276035081795
3351,50.4298123926733,227.0200000000343,4437.346726686873
3352,50.4298123926733,227.0400000000343,4437.465843888658
3353,50.4298123926733,227.0600000000343,4437.584955112847
3354,50.4298123926733,227.08000000003432,4437.704060358751
3355,50.4298123926733,227.10000000003433,4437.823159625683
3356,50.4298123926733,227.12000000003434,4437.942252912954
3357,50.4298123926733,227.14000000003435,4438.061340219878
3358,50.4298123926733,227.16000000003436,4438.180421545765
3359,50.4298123926733,227.18000000003437,4438.299496889928
3360,50.4298123926733,227.20000000003438,4438.41856625168
3361,50.4298123926733,227.2200000000344,4438.537629630332
3362,50.4298123926733,227.2400000000344,4438.656687025196
3363,50.4298123926733,227.2600000000344,4438.775738435585
3364,50.4298123926733,227.28000000003442,4438.89478386081
3365,50.4298123926733,227.30000000003443,4439.013823300184
3366,50.4298123926733,227.32000000003444,4439.13285675302
3367,50.4298123926733,227.34000000003445,4439.251884218629
3368,50.4298123926733,227.36000000003446,4439.3709056963235
3369,50.4298123926733,227.38000000003447,4439.489921185416
3370,50.4298123926733,227.40000000003448,4439.608930685219
3371,50.4298123926733,227.4200000000345,4439.727934195044
3372,50.4298123926733,227.4400000000345,4439.846931714204
3373,50.4298123926733,227.4600000000345,4439.965923242013
3374,50.4298123926733,227.48000000003452,4440.0849087790675
3375,50.4298123926733,227.50000000003453,4440.203888328084
3376,50.4298123926733,227.52000000003454,4440.322861888603
3377,50.4298123926733,227.54000000003455,4440.441829459933
3378,50.4298123926733,227.56000000003456,4440.56079104138
3379,50.4298123926733,227.58000000003457,4440.679746632252
3380,50.4298123926733,227.60000000003458,4440.798696231856
3381,50.4298123926733,227.6200000000346,4440.9176398395
3382,50.4298123926733,227.6400000000346,4441.036577454491
3383,50.4298123926733,227.66000000003461,4441.155509076136
3384,50.4298123926733,227.68000000003462,4441.274434703742
3385,50.4298123926733,227.70000000003463,4441.3933543375015
3386,50.4298123926733,227.72000000003464,4441.512268012508
3387,50.4298123926733,227.74000000003466,4441.631175755902
3388,50.4298123926733,227.76000000003467,4441.750077566993
3389,50.4298123926733,227.78000000003468,4441.868973445087
3390,50.4298123926733,227.8000000000347,4441.987863389491
3391,50.4298123926733,227.8200000000347,4442.106747399514
3392,50.4298123926733,227.8400000000347,4442.225625474462
3393,50.4298123926733,227.86000000003472,4442.3444976136425
3394,50.4298123926733,227.88000000003473,4442.463363816363
3395,50.4298123926733,227.90000000003474,4442.5822240819325
3396,50.4298123926733,227.92000000003475,4442.7010784096565
3397,50.4298123926733,227.94000000003476,4442.819926798844
3398,50.4298123926733,227.96000000003477,4442.938769248802
3399,50.4298123926733,227.98000000003478,4443.057605758837
3400,50.4298123926733,228.0000000000348,4443.176436328258
3401,50.4298123926733,228.0200000000348,4443.295260956373
3402,50.4298123926733,228.0400000000348,4443.414079642488
3403,50.4298123926733,228.06000000003482,4443.5328923859115
3404,50.4298123926733,228.08000000003483,4443.651699185952
3405,50.4298123926733,228.10000000003484,4443.7705000419155
3406,50.4298123926733,228.12000000003485,4443.889294953111
3407,50.4298123926733,228.14000000003486,4444.008083918846
3408,50.4298123926733,228.16000000003487,4444.126866938427
3409,50.4298123926733,228.18000000003488,4444.245644011164
3410,50.4298123926733,228.2000000000349,4444.364415136363
3411,50.4298123926733,228.2200000000349,4444.483180313333
3412,50.4298123926733,228.2400000000349,4444.6019395413805
3413,50.4298123926733,228.26000000003492,4444.720692819815
3414,50.4298123926733,228.28000000003493,4444.839440147943
3415,50.4298123926733,228.30000000003494,4444.958181525073
3416,50.4298123926733,228.32000000003495,4445.076916950513
3417,50.4298123926733,228.34000000003496,4445.195646423571
3418,50.4298123926733,228.36000000003497,4445.314369943555
3419,50.4298123926733,228.38000000003498,4445.433087509773
3420,50.4298123926733,228.400000000035,4445.551799121533
3421,50.4298123926733,228.420000000035,4445.6705047781425
3422,50.4298123926733,228.440000000035,4445.78920447891
3423,50.4298123926733,228.46000000003502,4445.907898223143
3424,50.4298123926733,228.48000000003503,4446.026586010151
3425,50.4298123926733,228.50000000003504,4446.145267839241
3426,50.4298123926733,228.52000000003505,4446.2639437097205
3427,50.4298123926733,228.54000000003506,4446.382613620899
3428,50.4298123926733,228.56000000003507,4446.501277572084
3429,50.341209074947756,228.58000000003508,4446.619935562585
3430,50.341209074947756,228.6000000000351,4446.738587591708
3431,50.341209074947756,228.6200000000351,4446.857233658763
3432,50.341209074947756,228.64000000003512,4446.975873763057
3433,50.341209074947756,228.66000000003513,4447.094507903899
3434,50.341209074947756,228.68000000003514,4447.213136080598
3435,50.341209074947756,228.70000000003515,4447.331758292461
3436,50.341209074947756,228.72000000003516,4447.450374540423
3437,50.341209074947756,228.74000000003517,4447.568984862165
3438,50.341209074947756,228.76000000003518,4447.68758928076
3439,50.341209074947756,228.7800000000352,4447.806187795535
3440,50.341209074947756,228.8000000000352,4447.924780405818
3441,50.341209074947756,228.8200000000352,4448.043367110935
3442,50.341209074947756,228.84000000003522,4448.1619479102155
3443,50.341209074947756,228.86000000003523,4448.2805228029865
3444,50.341209074947756,228.88000000003524,4448.399091788576
3445,50.341209074947756,228.90000000003525,4448.51765486631
3446,50.341209074947756,228.92000000003526,4448.636212035519
3447,50.341209074947756,228.94000000003527,4448.754763295528
3448,50.341209074947756,228.96000000003528,4448.873308645667
3449,50.341209074947756,228.9800000000353,4448.991848085263
3450,50.341209074947756,229.0000000000353,4449.110381613644
3451,50.341209074947756,229.0200000000353,4449.228909230137
3452,50.341209074947756,229.04000000003532,4449.347430934071
3453,50.341209074947756,229.06000000003533,4449.465946724773
3454,50.341209074947756,229.08000000003534,4449.584456601571
3455,50.341209074947756,229.10000000003535,4449.702960563794
3456,50.341209074947756,229.12000000003536,4449.821458610768
3457,50.341209074947756,229.14000000003537,4449.939950741822
3458,50.341209074947756,229.16000000003538,4450.058436956704
3459,50.341209074947756,229.1800000000354,4450.176917258975
3460,50.341209074947756,229.2000000000354,4450.295391648415
3461,50.341209074947756,229.2200000000354,4450.413860124352
3462,50.341209074947756,229.24000000003542,4450.532322686115
3463,50.341209074947756,229.26000000003543,4450.650779333029
3464,50.341209074947756,229.28000000003544,4450.769230064423
3465,50.341209074947756,229.30000000003545,4450.887674879624
3466,50.341209074947756,229.32000000003546,4451.006113777959
3467,50.341209074947756,229.34000000003547,4451.124546758757
3468,50.341209074947756,229.36000000003548,4451.242973821344
3469,50.341209074947756,229.3800000000355,4451.361394965048
3470,50.341209074947756,229.4000000000355,4451.4798101891965
3471,50.341209074947756,229.42000000003551,4451.5982194931175
3472,50.341209074947756,229.44000000003552,4451.716622876138
3473,50.341209074947756,229.46000000003554,4451.835020337586
3474,50.341209074947756,229.48000000003555,4451.953411876788
3475,50.341209074947756,229.50000000003556,4452.071797493073
3476,50.341209074947756,229.52000000003557,4452.190177185768
3477,50.341209074947756,229.54000000003558,4452.308550954202
3478,50.341209074947756,229.5600000000356,4452.426918797701
3479,50.341209074947756,229.5800000000356,4452.5452807155925
3480,50.341209074947756,229.6000000000356,4452.663636707206
3481,50.341209074947756,229.62000000003562,4452.781986771868
3482,50.341209074947756,229.64000000003563,4452.900330908907
3483,50.341209074947756,229.66000000003564,4453.01866911765
3484,50.341209074947756,229.68000000003565,4453.137001397425
3485,50.341209074947756,229.70000000003566,4453.25532774756
3486,50.341209074947756,229.72000000003567,4453.373648167383
3487,50.341209074947756,229.74000000003568,4453.491962658604
3488,50.341209074947756,229.7600000000357,4453.610271262003
3489,50.341209074947756,229.7800000000357,4453.7285739969275
3490,50.341209074947756,229.8000000000357,4453.8468708627
3491,50.341209074947756,229.82000000003572,4453.965161858642
3492,50.341209074947756,229.84000000003573,4454.083446984078
3493,50.341209074947756,229.86000000003574,4454.2017262383315
3494,50.341209074947756,229.88000000003575,4454.319999620725
3495,50.341209074947756,229.90000000003576,4454.438267130581
3496,50.341209074947756,229.92000000003577,4454.556528767223
3497,50.341209074947756,229.94000000003578,4454.674784529974
3498,50.341209074947756,229.9600000000358,4454.793034418157
3499,50.341209074947756,229.9800000000358,4454.911278431095
3500,50.341209074947756,230.0000000000358,4455.029516568111
3501,50.341209074947756,230.02000000003582,4455.147748828529
3502,50.341209074947756,230.04000000003583,4455.2659752116715
3503,50.341209074947756,230.06000000003584,4455.384195716862
3504,50.341209074947756,230.08000000003585,4455.502410343424
3505,50.341209074947756,230.10000000003586,4455.6206190906805
3506,50.341209074947756,230.12000000003587,4455.738821957954
3507,50.341209074947756,230.14000000003588,4455.857018944569
3508,50.341209074947756,230.1600000000359,4455.975210049847
3509,50.341209074947756,230.1800000000359,4456.093395273113
3510,50.341209074947756,230.2000000000359,4456.21157461369
3511,50.341209074947756,230.22000000003592,4456.329748070901
3512,50.341209074947756,230.24000000003593,4456.447915644069
3513,50.341209074947756,230.26000000003594,4456.566077332519
3514,50.341209074947756,230.28000000003595,4456.684233135573
3515,50.341209074947756,230.30000000003596,4456.802383052554
3516,50.341209074947756,230.32000000003598,4456.920527082787
3517,50.341209074947756,230.34000000003599,4457.038665225595
3518,50.341209074947756,230.360000000036,4457.1567974803
3519,50.341209074947756,230.380000000036,4457.2749238462275
3520,50.341209074947756,230.40000000003602,4457.3930443227
3521,50.341209074947756,230.42000000003603,4457.511158909041
3522,50.25286490825595,230.44000000003604,4457.629267604575
3523,50.25286490825595,230.46000000003605,4457.747370408625
3524,50.25286490825595,230.48000000003606,4457.865467320515
3525,50.25286490825595,230.50000000003607,4457.983558339567
3526,50.25286490825595,230.52000000003608,4458.1016434651065
3527,50.25286490825595,230.5400000000361,4458.219722696457
3528,50.25286490825595,230.5600000000361,4458.337796032942
3529,50.25286490825595,230.5800000000361,4458.455863473884
3530,50.25286490825595,230.60000000003612,4458.573925018609
3531,50.25286490825595,230.62000000003613,4458.691980666439
3532,50.25286490825595,230.64000000003614,4458.810030416698
3533,50.25286490825595,230.66000000003615,4458.928074268711
3534,50.25286490825595,230.68000000003616,4459.0461122218
3535,50.25286490825595,230.70000000003617,4459.164144275291
3536,50.25286490825595,230.72000000003618,4459.282170428506
3537,50.25286490825595,230.7400000000362,4459.40019068077
3538,50.25286490825595,230.7600000000362,4459.518205034458
3539,50.25286490825595,230.7800000000362,4459.636213532204
3540,50.25286490825595,230.80000000003622,4459.7542161891715
3541,50.25286490825595,230.82000000003623,4459.87221300469
3542,50.25286490825595,230.84000000003624,4459.99020397809
3543,50.25286490825595,230.86000000003625,4460.108189110848
3544,50.25286490825595,230.88000000003626,4460.2261684050645
3545,50.25286490825595,230.90000000003627,4460.344141860144
3546,50.25286490825595,230.92000000003628,4460.462109475422
3547,50.25286490825595,230.9400000000363,4460.580071250235
3548,50.25286490825595,230.9600000000363,4460.698027183918
3549,50.25286490825595,230.9800000000363,4460.815977275808
3550,50.25286490825595,231.00000000003632,4460.933921525239
3551,50.25286490825595,231.02000000003633,4461.051859931548
3552,50.25286490825595,231.04000000003634,4461.169792494071
3553,50.25286490825595,231.06000000003635,4461.287719212143
3554,50.25286490825595,231.08000000003636,4461.405640085101
3555,50.25286490825595,231.10000000003637,4461.523555112281
3556,50.25286490825595,231.12000000003638,4461.6414642930185
3557,50.25286490825595,231.1400000000364,4461.75936762665
3558,50.25286490825595,231.1600000000364,4461.87726511251
3559,50.25286490825595,231.18000000003642,4461.9951567499365
3560,50.25286490825595,231.20000000003643,4462.113042538264
3561,50.25286490825595,231.22000000003644,4462.23092247683
3562,50.25286490825595,231.24000000003645,4462.348796564969
3563,50.25286490825595,231.26000000003646,4462.466664802018
3564,50.25286490825595,231.28000000003647,4462.584527187314
3565,50.25286490825595,231.30000000003648,4462.702383720191
3566,50.25286490825595,231.3200000000365,4462.820234399987
3567,50.25286490825595,231.3400000000365,4462.938079226038
3568,50.25286490825595,231.3600000000365,4463.05591819768
3569,50.25286490825595,231.38000000003652,4463.173751314248
3570,50.25286490825595,231.40000000003653,4463.291578575079
3571,50.25286490825595,231.42000000003654,4463.40939997951
3572,50.25286490825595,231.44000000003655,4463.527215526878
3573,50.25286490825595,231.46000000003656,4463.645025216517
3574,50.25286490825595,231.48000000003657,4463.762829047764
3575,50.25286490825595,231.50000000003658,4463.880627019957
3576,50.25286490825595,231.5200000000366,4463.99841913243
3577,50.25286490825595,231.5400000000366,4464.116205384521
3578,50.25286490825595,231.5600000000366,4464.233985775566
3579,50.25286490825595,231.58000000003662,4464.351760304901
3580,50.25286490825595,231.60000000003663,4464.469528971864
3581,50.25286490825595,231.62000000003664,4464.58729177579
3582,50.25286490825595,231.64000000003665,4464.705048716015
3583,50.25286490825595,231.66000000003666,4464.822799791877
3584,50.25286490825595,231.68000000003667,4464.940545002712
3585,50.25286490825595,231.70000000003668,4465.058284347856
3586,50.25286490825595,231.7200000000367,4465.176017826646
3587,50.25286490825595,231.7400000000367,4465.293745438418
3588,50.25286490825595,231.7600000000367,4465.41146718251
3589,50.25286490825595,231.78000000003672,4465.529183062105
3590,50.25286490825595,231.80000000003673,4465.646893123539
3591,50.25286490825595,231.82000000003674,4465.764597378514
3592,50.25286490825595,231.84000000003675,4465.882295826372
3593,50.25286490825595,231.86000000003676,4465.999988466453
3594,50.25286490825595,231.88000000003677,4466.117675298097
3595,50.25286490825595,231.90000000003678,4466.235356320646
3596,50.25286490825595,231.9200000000368,4466.353031533439
3597,50.25286490825595,231.9400000000368,4466.470700935817
3598,50.25286490825595,231.9600000000368,4466.588364527121
3599,50.25286490825595,231.98000000003682,4466.70602230669
3600,50.25286490825595,232.00000000003683,4466.823674273866
3601,50.25286490825595,232.02000000003684,4466.94132042799
3602,50.25286490825595,232.04000000003685,4467.058960768401
3603,50.25286490825595,232.06000000003687,4467.1765952944415
3604,50.25286490825595,232.08000000003688,4467.294224005451
3605,50.25286490825595,232.10000000003689,4467.41184690077
3606,50.25286490825595,232.1200000000369,4467.529463979739
3607,50.25286490825595,232.1400000000369,4467.6470752417
3608,50.25286490825595,232.16000000003692,4467.764680685992
3609,50.25286490825595,232.18000000003693,4467.8822803119565
3610,50.25286490825595,232.20000000003694,4467.999874118935
3611,50.25286490825595,232.22000000003695,4468.117462106266
3612,50.25286490825595,232.24000000003696,4468.235044273293
3613,50.25286490825595,232.26000000003697,4468.352620619356
3614,50.25286490825595,232.28000000003698,4468.470191143795
3615,50.16477883267051,232.300000000037,4468.5877558459515
3616,50.16477883267051,232.320000000037,4468.705314725166
3617,50.16477883267051,232.340000000037,4468.82286778078
3618,50.16477883267051,232.36000000003702,4468.9404150121345
3619,50.16477883267051,232.38000000003703,4469.057956418569
3620,50.16477883267051,232.40000000003704,4469.1754919994255
3621,50.16477883267051,232.42000000003705,4469.293021754045
3622,50.16477883267051,232.44000000003706,4469.410545681769
3623,50.16477883267051,232.46000000003707,4469.528063781937
3624,50.16477883267051,232.48000000003708,4469.645576053891
3625,50.16477883267051,232.5000000000371,4469.763082496973
3626,50.16477883267051,232.5200000000371,4469.880583110522
3627,50.16477883267051,232.5400000000371,4469.998077893881
3628,50.16477883267051,232.56000000003712,4470.115566848799
3629,50.16477883267051,232.58000000003713,4470.233049977149
3630,50.16477883267051,232.60000000003714,4470.35052727828
3631,50.16477883267051,232.62000000003715,4470.467998751531
3632,50.16477883267051,232.64000000003716,4470.585464396238
3633,50.16477883267051,232.66000000003717,4470.7029242117405
3634,50.16477883267051,232.68000000003718,4470.820378197374
3635,50.16477883267051,232.7000000000372,4470.937826352479
3636,50.16477883267051,232.7200000000372,4471.05526867639
3637,50.16477883267051,232.7400000000372,4471.172705168447
3638,50.16477883267051,232.76000000003722,4471.290135827986
3639,50.16477883267051,232.78000000003723,4471.407560654346
3640,50.16477883267051,232.80000000003724,4471.524979651308
3641,50.16477883267051,232.82000000003725,4471.642392866573
3642,50.16477883267051,232.84000000003726,4471.759800307839
3643,50.16477883267051,232.86000000003727,4471.877201974451
3644,50.16477883267051,232.88000000003728,4471.994597865752
3645,50.16477883267051,232.9000000000373,4472.111987981086
3646,50.16477883267051,232.9200000000373,4472.2293723197945
3647,50.16477883267051,232.94000000003732,4472.346750881222
3648,50.16477883267051,232.96000000003733,4472.464123664711
3649,50.16477883267051,232.98000000003734,4472.581490669606
3650,50.16477883267051,233.00000000003735,4472.698851895249
3651,50.16477883267051,233.02000000003736,4472.816207340985
3652,50.16477883267051,233.04000000003737,4472.933557006156
3653,50.16477883267051,233.06000000003738,4473.050900890106
3654,50.16477883267051,233.0800000000374,4473.168238992179
3655,50.16477883267051,233.1000000000374,4473.285571311718
3656,50.16477883267051,233.1200000000374,4473.4028978480665
3657,50.16477883267051,233.14000000003742,4473.520218600568
3658,50.16477883267051,233.16000000003743,4473.637533568566
3659,50.16477883267051,233.18000000003744,4473.754842751405
3660,50.16477883267051,233.20000000003745,4473.872146148427
3661,50.16477883267051,233.22000000003746,4473.989443758977
3662,50.16477883267051,233.24000000003747,4474.106735582398
3663,50.16477883267051,233.26000000003748,4474.2240216180335
3664,50.16477883267051,233.2800000000375,4474.341301865227
3665,50.16477883267051,233.3000000000375,4474.4585763233235
3666,50.16477883267051,233.3200000000375,4474.575844991666
3667,50.16477883267051,233.34000000003752,4474.693107869597
3668,50.16477883267051,233.36000000003753,4474.810364956462
3669,50.16477883267051,233.38000000003754,4474.9276162516035
3670,50.16477883267051,233.40000000003755,4475.044861754366
3671,50.16477883267051,233.42000000003756,4475.162101464093
3672,50.16477883267051,233.44000000003757,4475.279335380129
3673,50.16477883267051,233.46000000003758,4475.396563501817
3674,50.16477883267051,233.4800000000376,4475.513785828501
3675,50.16477883267051,233.5000000000376,4475.631002359525
3676,50.16477883267051,233.5200000000376,4475.7482130942335
3677,50.16477883267051,233.54000000003762,4475.86541803197
3678,50.16477883267051,233.56000000003763,4475.982617172078
3679,50.16477883267051,233.58000000003764,4476.0998105139015
3680,50.16477883267051,233.60000000003765,4476.216998056785
3681,50.16477883267051,233.62000000003766,4476.334179800072
3682,50.16477883267051,233.64000000003767,4476.451355743107
3683,50.16477883267051,233.66000000003768,4476.5685258852345
3684,50.16477883267051,233.6800000000377,4476.685690225797
3685,50.16477883267051,233.7000000000377,4476.8028487641395
3686,50.16477883267051,233.72000000003771,4476.920001499606
3687,50.16477883267051,233.74000000003772,4477.037148431541
3688,50.16477883267051,233.76000000003773,4477.154289559288
3689,50.16477883267051,233.78000000003775,4477.271424882192
3690,50.16477883267051,233.80000000003776,4477.388554399597
3691,50.16477883267051,233.82000000003777,4477.505678116372
3692,50.16477883267051,233.84000000003778,4477.62279608333
3693,50.16477883267051,233.8600000000378,4477.739908304926
3694,50.16477883267051,233.8800000000378,4477.857014780508
3695,50.16477883267051,233.9000000000378,4477.974115509426
3696,50.16477883267051,233.92000000003782,4478.09121049103
3697,50.16477883267051,233.94000000003783,4478.208299724671
3698,50.16477883267051,233.96000000003784,4478.325383209696
3699,50.16477883267051,233.98000000003785,4478.442460945457
3700,50.16477883267051,234.00000000003786,4478.559532931304
3701,50.16477883267051,234.02000000003787,4478.676599166585
3702,50.16477883267051,234.04000000003788,4478.7936596506515
3703,50.16477883267051,234.0600000000379,4478.910714382853
3704,50.16477883267051,234.0800000000379,4479.027763362539
3705,50.16477883267051,234.1000000000379,4479.14480658906
3706,50.16477883267051,234.12000000003792,4479.261844061765
3707,50.16477883267051,234.14000000003793,4479.378875780005
3708,50.16477883267051,234.16000000003794,4479.495901743129
3709,50.07694979383118,234.18000000003795,4479.612921950488
3710,50.07694979383118,234.20000000003796,4479.729936401432
3711,50.07694979383118,234.22000000003797,4479.846945095309
3712,50.07694979383118,234.24000000003798,4479.963948031471
3713,50.16477883267051,234.260000000038,4480.080945210435
3714,50.16477883267051,234.280000000038,4480.197936634939
3715,50.07694979383118,234.300000000038,4480.314922304579
3716,50.07694979383118,234.32000000003802,4480.431902218707
3717,50.07694979383118,234.34000000003803,4480.548876376675
3718,50.07694979383118,234.36000000003804,4480.665844777833
3719,50.07694979383118,234.38000000003805,4480.782807421532
3720,50.07694979383118,234.40000000003806,4480.899764307124
3721,50.07694979383118,234.42000000003807,4481.016715433961
3722,50.07694979383118,234.44000000003808,4481.133660801392
3723,50.07694979383118,234.4600000000381,4481.250600408769
3724,50.07694979383118,234.4800000000381,4481.367534255444
3725,50.07694979383118,234.5000000000381,4481.484462340769
3726,50.07694979383118,234.52000000003812,4481.6013846640935
3727,50.07694979383118,234.54000000003813,4481.71830122477
3728,50.07694979383118,234.56000000003814,4481.835212022149
3729,50.07694979383118,234.58000000003815,4481.952117055583
3730,50.07694979383118,234.60000000003816,4482.069016324423
3731,50.07694979383118,234.62000000003817,4482.185909828019
3732,50.07694979383118,234.64000000003819,4482.302797565725
3733,50.07694979383118,234.6600000000382,4482.419679536891
3734,50.07694979383118,234.6800000000382,4482.536555740868
3735,50.07694979383118,234.70000000003822,4482.6534261770075
3736,50.07694979383118,234.72000000003823,4482.770290844663
3737,50.07694979383118,234.74000000003824,4482.887149743184
3738,50.07694979383118,234.76000000003825,4483.004002871922
3739,50.07694979383118,234.78000000003826,4483.12085023023
3740,50.07694979383118,234.80000000003827,4483.237691817459
3741,50.07694979383118,234.82000000003828,4483.35452763296
3742,50.07694979383118,234.8400000000383,4483.471357684969
3743,50.07694979383118,234.8600000000383,4483.588182019774
3744,50.07694979383118,234.8800000000383,4483.705000640959
3745,50.07694979383118,234.90000000003832,4483.821813547883
3746,50.07694979383118,234.92000000003833,4483.938620739904
3747,50.07694979383118,234.94000000003834,4484.05542221638
3748,50.07694979383118,234.96000000003835,4484.172217976669
3749,50.07694979383118,234.98000000003836,4484.2890080201305
3750,50.07694979383118,235.00000000003837,4484.405792346121
3751,50.07694979383118,235.02000000003838,4484.522570954
3752,50.07694979383118,235.0400000000384,4484.639343843125
3753,50.07694979383118,235.0600000000384,4484.7561110128545
3754,50.07694979383118,235.0800000000384,4484.872872462547
3755,50.07694979383118,235.10000000003842,4484.989628191561
3756,50.07694979383118,235.12000000003843,4485.106378199254
3757,50.07694979383118,235.14000000003844,4485.223122484986
3758,50.07694979383118,235.16000000003845,4485.339861048113
3759,50.07694979383118,235.18000000003846,4485.456593887995
3760,50.07694979383118,235.20000000003847,4485.57332100399
3761,50.07694979383118,235.22000000003848,4485.690042395457
3762,50.07694979383118,235.2400000000385,4485.8067580617535
3763,50.07694979383118,235.2600000000385,4485.923468002238
3764,50.07694979383118,235.2800000000385,4486.04017221627
3765,50.07694979383118,235.30000000003852,4486.156870703207
3766,50.07694979383118,235.32000000003853,4486.273563462408
3767,50.07694979383118,235.34000000003854,4486.390250493231
3768,50.07694979383118,235.36000000003855,4486.506931795036
3769,50.07694979383118,235.38000000003856,4486.62360736718
3770,50.07694979383118,235.40000000003857,4486.740277209022
3771,50.07694979383118,235.42000000003858,4486.856941319921
3772,50.07694979383118,235.4400000000386,4486.973599699236
3773,50.07694979383118,235.4600000000386,4487.090252346325
3774,50.07694979383118,235.48000000003861,4487.206899260546
3775,50.07694979383118,235.50000000003863,4487.32354044126
3776,50.07694979383118,235.52000000003864,4487.440175887823
3777,50.07694979383118,235.54000000003865,4487.5568055995955
3778,50.07694979383118,235.56000000003866,4487.673429575935
3779,50.07694979383118,235.58000000003867,4487.790047816202
3780,50.07694979383118,235.60000000003868,4487.906660319753
3781,50.07694979383118,235.6200000000387,4488.02326708595
3782,50.07694979383118,235.6400000000387,4488.139868114148
3783,50.07694979383118,235.6600000000387,4488.256463403709
3784,50.07694979383118,235.68000000003872,4488.37305295399
3785,50.07694979383118,235.70000000003873,4488.4896367643505
3786,50.07694979383118,235.72000000003874,4488.60621483415
3787,50.07694979383118,235.74000000003875,4488.7227871627465
3788,50.07694979383118,235.76000000003876,4488.839353749499
3789,50.07694979383118,235.78000000003877,4488.955914593767
3790,50.07694979383118,235.80000000003878,4489.07246969491
3791,50.07694979383118,235.8200000000388,4489.189019052285
3792,50.07694979383118,235.8400000000388,4489.305562665253
3793,50.07694979383118,235.8600000000388,4489.422100545842
3794,50.07694979383118,235.88000000003882,4489.538632738379
3795,50.07694979383118,235.90000000003883,4489.655159245817
3796,50.07694979383118,235.92000000003884,4489.771680067519
3797,50.07694979383118,235.94000000003885,4489.888195202849
3798,50.07694979383118,235.96000000003886,4490.004704651204
3799,50.07694979383118,235.98000000003887,4490.121208414667
3800,50.07694979383118,236.00000000003888,4490.237706495011
3801,50.07694979383118,236.0200000000389,4490.354198891597
3802,50.07694979383118,236.0400000000389,4490.470685603787
3803,50.07694979383118,236.0600000000389,4490.587166630947
3804,50.07694979383118,236.08000000003892,4490.703641972436
3805,50.07694979383118,236.10000000003893,4490.82011162762
3806,50.07694979383118,236.12000000003894,4490.93657559586
3807,50.07694979383118,236.14000000003895,4491.05303387652
3808,50.07694979383118,236.16000000003896,4491.1694864689625
3809,49.98937674290933,236.18000000003897,4491.285933372551
3810,49.98937674290933,236.20000000003898,4491.402374586648
3811,49.98937674290933,236.220000000039,4491.518810110617
3812,49.98937674290933,236.240000000039,4491.63523994382
3813,49.98937674290933,236.260000000039,4491.751664085621
3814,49.98937674290933,236.28000000003902,4491.868082535383
3815,49.98937674290933,236.30000000003903,4491.984495292469
3816,49.98937674290933,236.32000000003904,4492.100902356241
3817,49.98937674290933,236.34000000003905,4492.217303726064
3818,49.98937674290933,236.36000000003907,4492.3336994013
3819,49.98937674290933,236.38000000003908,4492.450089381312
3820,49.98937674290933,236.40000000003909,4492.566473665464
3821,49.98937674290933,236.4200000000391,4492.68285225312
3822,49.98937674290933,236.4400000000391,4492.799225143641
3823,49.98937674290933,236.46000000003912,4492.9155923363915
3824,49.98937674290933,236.48000000003913,4493.031953830734
3825,49.98937674290933,236.50000000003914,4493.148309626033
3826,49.98937674290933,236.52000000003915,4493.264659721651
3827,49.98937674290933,236.54000000003916,4493.381004116951
3828,49.98937674290933,236.56000000003917,4493.497342811297
3829,49.98937674290933,236.58000000003918,4493.613675804052
3830,49.98937674290933,236.6000000000392,4493.73000309458
3831,49.98937674290933,236.6200000000392,4493.846324682243
3832,49.98937674290933,236.6400000000392,4493.962640566406
3833,49.98937674290933,236.66000000003922,4494.0789507464315
3834,49.98937674290933,236.68000000003923,4494.1952552216835
3835,49.98937674290933,236.70000000003924,4494.311553991525
3836,49.98937674290933,236.72000000003925,4494.42784705532
3837,49.98937674290933,236.74000000003926,4494.544134412431
3838,49.98937674290933,236.76000000003927,4494.660416062223
3839,49.98937674290933,236.78000000003928,4494.776692004058
3840,49.98937674290933,236.8000000000393,4494.8929622373
3841,49.98937674290933,236.8200000000393,4495.009226761313
3842,49.98937674290933,236.8400000000393,4495.1254855754605
3843,49.98937674290933,236.86000000003932,4495.241738679106
3844,49.98937674290933,236.88000000003933,4495.357986087349
3845,49.98937674290933,236.90000000003934,4495.474227840224
3846,49.98937674290933,236.92000000003935,4495.590463939862
3847,49.98937674290933,236.94000000003936,4495.706694385627
3848,49.98937674290933,236.96000000003937,4495.82291917688
3849,49.98937674290933,236.98000000003938,4495.939138312982
3850,49.98937674290933,237.0000000000394,4496.055351793298
3851,49.98937674290933,237.0200000000394,4496.171559617187
3852,49.98937674290933,237.0400000000394,4496.287761784012
3853,49.98937674290933,237.06000000003942,4496.4039582931355
3854,49.98937674290933,237.08000000003943,4496.520149143919
3855,49.98937674290933,237.10000000003944,4496.636334335725
3856,49.98937674290933,237.12000000003945,4496.752513867916
3857,49.98937674290933,237.14000000003946,4496.868687739853
3858,49.98937674290933,237.16000000003947,4496.984855950899
3859,49.98937674290933,237.18000000003948,4497.101018500416
3860,49.98937674290933,237.2000000000395,4497.2171753877665
3861,49.98937674290933,237.2200000000395,4497.333326612312
3862,49.98937674290933,237.24000000003952,4497.449472173415
3863,49.98937674290933,237.26000000003953,4497.565612070439
3864,49.98937674290933,237.28000000003954,4497.681746302744
3865,49.98937674290933,237.30000000003955,4497.797874869693
3866,49.98937674290933,237.32000000003956,4497.91399777065
3867,49.98937674290933,237.34000000003957,4498.030115004975
3868,49.98937674290933,237.36000000003958,4498.146226572032
3869,49.98937674290933,237.3800000000396,4498.262332471182
3870,49.98937674290933,237.4000000000396,4498.378432701788
3871,49.98937674290933,237.4200000000396,4498.494527263213
3872,49.98937674290933,237.44000000003962,4498.610616154819
3873,49.98937674290933,237.46000000003963,4498.726699375968
3874,49.98937674290933,237.48000000003964,4498.842776926022
3875,49.98937674290933,237.50000000003965,4498.9588488043455
3876,49.98937674290933,237.52000000003966,4499.0749150103
3877,49.98937674290933,237.54000000003967,4499.190975543248
3878,49.98937674290933,237.56000000003968,4499.307030402551
3879,49.98937674290933,237.5800000000397,4499.423079587573
3880,49.98937674290933,237.6000000000397,4499.539123097676
3881,49.98937674290933,237.6200000000397,4499.655160932221
3882,49.98937674290933,237.64000000003972,4499.771193090573
3883,49.98937674290933,237.66000000003973,4499.887219572094
3884,49.98937674290933,237.68000000003974,4500.00324037617
3885,49.98937674290933,237.70000000003975,4500.119255504744
3886,49.98937674290933,237.72000000003976,4500.235264959555
3887,49.98937674290933,237.74000000003977,4500.35126873997
3888,49.98937674290933,237.76000000003978,4500.467266845355
3889,49.98937674290933,237.7800000000398,4500.583259275077
3890,49.98937674290933,237.8000000000398,4500.699246028502
3891,49.98937674290933,237.8200000000398,4500.815227104998
3892,49.98937674290933,237.84000000003982,4500.931202503931
3893,49.98937674290933,237.86000000003983,4501.047172224668
3894,49.98937674290933,237.88000000003984,4501.163136266577
3895,49.98937674290933,237.90000000003985,4501.279094648543
3896,49.98937674290933,237.92000000003986,4501.3950474083995
3897,49.98937674290933,237.94000000003987,4501.510994547627
3898,49.98937674290933,237.96000000003988,4501.6269360656015
3899,49.98937674290933,237.9800000000399,4501.742871961699
3900,49.98937674290933,238.0000000000399,4501.858802235296
3901,49.98937674290933,238.02000000003991,4501.974726885768
3902,49.98937674290933,238.04000000003992,4502.090645912492
3903,49.90205863657228,238.06000000003993,4502.206559314844
3904,49.90205863657228,238.08000000003995,4502.322467092199
3905,49.90205863657228,238.10000000003996,4502.438369243935
3906,49.90205863657228,238.12000000003997,4502.554265769428
3907,49.90205863657228,238.14000000003998,4502.670156668054
3908,49.90205863657228,238.16000000004,4502.786041939189
3909,49.90205863657228,238.18000000004,4502.90192158221
3910,49.90205863657228,238.20000000004,4503.017795596494
3911,49.90205863657228,238.22000000004002,4503.133663981415
3912,49.90205863657228,238.24000000004003,4503.249526736352
3913,49.90205863657228,238.26000000004004,4503.365383860681
3914,49.90205863657228,238.28000000004005,4503.481235353776
3915,49.90205863657228,238.30000000004006,4503.597081215017
3916,49.90205863657228,238.32000000004007,4503.712921443778
3917,49.90205863657228,238.34000000004008,4503.8287560394365
3918,49.90205863657228,238.3600000000401,4503.944585001369
3919,49.90205863657228,238.3800000000401,4504.060408328952
3920,49.90205863657228,238.4000000000401,4504.176226021561
3921,49.90205863657228,238.42000000004012,4504.292038078574
3922,49.90205863657228,238.44000000004013,4504.407844499367
3923,49.90205863657228,238.46000000004014,4504.523645283316
3924,49.90205863657228,238.48000000004015,4504.639440429799
3925,49.90205863657228,238.50000000004016,4504.755229938191
3926,49.90205863657228,238.52000000004017,4504.87101380787
3927,49.90205863657228,238.54000000004018,4504.986792038213
3928,49.90205863657228,238.5600000000402,4505.102564628596
3929,49.90205863657228,238.5800000000402,4505.218331578396
3930,49.90205863657228,238.6000000000402,4505.334092886988
3931,49.90205863657228,238.62000000004022,4505.4498485537515
3932,49.90205863657228,238.64000000004023,4505.565598578061
3933,49.90205863657228,238.66000000004024,4505.681342959295
3934,49.90205863657228,238.68000000004025,4505.797081696829
3935,49.90205863657228,238.70000000004026,4505.912814790041
3936,49.90205863657228,238.72000000004027,4506.028542238307
3937,49.90205863657228,238.74000000004028,4506.144264041003
3938,49.90205863657228,238.7600000000403,4506.259980197508
3939,49.90205863657228,238.7800000000403,4506.375690707198
3940,49.90205863657228,238.8000000000403,4506.49139556945
3941,49.90205863657228,238.82000000004032,4506.607094783641
3942,49.90205863657228,238.84000000004033,4506.722788349147
3943,49.90205863657228,238.86000000004034,4506.838476265346
3944,49.90205863657228,238.88000000004035,4506.954158531614
3945,49.90205863657228,238.90000000004036,4507.069835147328
3946,49.90205863657228,238.92000000004037,4507.185506134334
3947,49.90205863657228,238.94000000004038,4507.301171526709
3948,49.90205863657228,238.9600000000404,4507.416831325188
3949,49.90205863657228,238.9800000000404,4507.532485529144
3950,49.90205863657228,239.00000000004042,4507.648134137952
3951,49.90205863657228,239.02000000004043,4507.763777150987
3952,49.90205863657228,239.04000000004044,4507.879414567622
3953,49.90205863657228,239.06000000004045,4507.995046387232
3954,49.90205863657228,239.08000000004046,4508.110672609191
3955,49.90205863657228,239.10000000004047,4508.226293232874
3956,49.90205863657228,239.12000000004048,4508.341908257655
3957,49.90205863657228,239.1400000000405,4508.457517682907
3958,49.90205863657228,239.1600000000405,4508.573121508005
3959,49.90205863657228,239.1800000000405,4508.688719732325
3960,49.90205863657228,239.20000000004052,4508.80431235524
3961,49.90205863657228,239.22000000004053,4508.919899376124
3962,49.90205863657228,239.24000000004054,4509.035480794352
3963,49.90205863657228,239.26000000004055,4509.151056609299
3964,49.90205863657228,239.28000000004056,4509.266626820339
3965,49.90205863657228,239.30000000004057,4509.3821914268465
3966,49.90205863657228,239.32000000004058,4509.497750428196
3967,49.90205863657228,239.3400000000406,4509.613303823762
3968,49.90205863657228,239.3600000000406,4509.728851612919
3969,49.90205863657228,239.3800000000406,4509.8443937950415
3970,49.90205863657228,239.40000000004062,4509.959930369504
3971,49.90205863657228,239.42000000004063,4510.07546133675
3972,49.90205863657228,239.44000000004064,4510.190986699854
3973,49.90205863657228,239.46000000004065,4510.306506458483
3974,49.90205863657228,239.48000000004066,4510.422020612013
3975,49.90205863657228,239.50000000004067,4510.537529159815
3976,49.90205863657228,239.52000000004068,4510.653032101265
3977,49.90205863657228,239.5400000000407,4510.768529435737
3978,49.90205863657228,239.5600000000407,4510.884021162604
3979,49.90205863657228,239.5800000000407,4510.999507281241
3980,49.90205863657228,239.60000000004072,4511.114987791021
3981,49.90205863657228,239.62000000004073,4511.230462691319
3982,49.90205863657228,239.64000000004074,4511.345931981509
3983,49.90205863657228,239.66000000004075,4511.4613956609655
3984,49.90205863657228,239.68000000004076,4511.576853729061
3985,49.90205863657228,239.70000000004077,4511.692306185172
3986,49.90205863657228,239.72000000004078,4511.807753028671
3987,49.90205863657228,239.7400000000408,4511.923194258933
3988,49.90205863657228,239.7600000000408,4512.038629875332
3989,49.90205863657228,239.78000000004081,4512.154059877242
3990,49.90205863657228,239.80000000004082,4512.269484264038
3991,49.90205863657228,239.82000000004084,4512.384903035093
3992,49.90205863657228,239.84000000004085,4512.500316189783
3993,49.90205863657228,239.86000000004086,4512.615723727481
3994,49.90205863657228,239.88000000004087,4512.731125647562
3995,49.90205863657228,239.90000000004088,4512.8465219494
3996,49.90205863657228,239.9200000000409,4512.96191263237
3997,49.90205863657228,239.9400000000409,4513.077297721808
3998,49.81499443694832,239.9600000000409,4513.192677249093
3999,49.81499443694832,239.98000000004092,4513.308051214286
4000,49.81499443694832,240.00000000004093,4513.423419616774
4001,49.81499443694832,240.02000000004094,4513.538782455944
4002,49.81499443694832,240.04000000004095,4513.654139731185
4003,49.81499443694832,240.06000000004096,4513.769491441885
4004,49.81499443694832,240.08000000004097,4513.884837587433
4005,49.81499443694832,240.10000000004098,4514.000178167217
4006,49.81499443694832,240.120000000041,4514.1155131806245
4007,49.81499443694832,240.140000000041,4514.230842627045
4008,49.81499443694832,240.160000000041,4514.346166505865
4009,49.81499443694832,240.18000000004102,4514.461484816474
4010,49.81499443694832,240.20000000004103,4514.57679755826
4011,49.81499443694832,240.22000000004104,4514.692104730612
4012,49.81499443694832,240.24000000004105,4514.807406332918
4013,49.81499443694832,240.26000000004106,4514.922702364565
4014,49.81499443694832,240.28000000004107,4515.037992824943
4015,49.81499443694832,240.30000000004108,4515.15327771344
4016,49.81499443694832,240.3200000000411,4515.268557029444
4017,49.81499443694832,240.3400000000411,4515.3838307723445
4018,49.81499443694832,240.3600000000411,4515.499098941529
4019,49.81499443694832,240.38000000004112,4515.614361536386
4020,49.81499443694832,240.40000000004113,4515.729618556305
4021,49.81499443694832,240.42000000004114,4515.844870000673
4022,49.81499443694832,240.44000000004115,4515.960115868879
4023,49.81499443694832,240.46000000004116,4516.075356160312
4024,49.81499443694832,240.48000000004117,4516.190590874361
4025,49.81499443694832,240.50000000004118,4516.305820010414
4026,49.81499443694832,240.5200000000412,4516.42104356786
4027,49.81499443694832,240.5400000000412,4516.536261546086
4028,49.81499443694832,240.5600000000412,4516.651473944483
4029,49.81499443694832,240.58000000004122,4516.766680762437
4030,49.81499443694832,240.60000000004123,4516.881881999339
4031,49.81499443694832,240.62000000004124,4516.997077654577
4032,49.81499443694832,240.64000000004125,4517.112267727539
4033,49.81499443694832,240.66000000004126,4517.227452217615
4034,49.81499443694832,240.68000000004128,4517.342631124193
4035,49.81499443694832,240.70000000004129,4517.457804446662
4036,49.81499443694832,240.7200000000413,4517.57297218441
4037,49.81499443694832,240.7400000000413,4517.688134336826
4038,49.81499443694832,240.76000000004132,4517.803290903299
4039,49.81499443694832,240.78000000004133,4517.918441883218
4040,49.81499443694832,240.80000000004134,4518.033587275972
4041,49.81499443694832,240.82000000004135,4518.14872708095
4042,49.81499443694832,240.84000000004136,4518.263861297541
4043,49.81499443694832,240.86000000004137,4518.378989925132
4044,49.81499443694832,240.88000000004138,4518.494112963115
4045,49.81499443694832,240.9000000000414,4518.609230410877
4046,49.81499443694832,240.9200000000414,4518.724342267807
4047,49.81499443694832,240.9400000000414,4518.839448533315
4048,49.81499443694832,240.96000000004142,4518.954549235802
4049,49.81499443694832,240.98000000004143,4519.069644403481
4050,49.81499443694832,241.00000000004144,4519.18473403574
4051,49.81499443694832,241.02000000004145,4519.299818131965
4052,49.81499443694832,241.04000000004146,4519.4148966915445
4053,49.81499443694832,241.06000000004147,4519.529969713865
4054,49.81499443694832,241.08000000004148,4519.645037198314
4055,49.81499443694832,241.1000000000415,4519.760099144277
4056,49.81499443694832,241.1200000000415,4519.875155551143
4057,49.81499443694832,241.1400000000415,4519.990206418298
4058,49.81499443694832,241.16000000004152,4520.105251747197
4059,49.81499443694832,241.18000000004153,4520.220291539909
4060,49.81499443694832,241.20000000004154,4520.335325795891
4061,49.81499443694832,241.22000000004155,4520.450354514527
4062,49.81499443694832,241.24000000004156,4520.565377695206
4063,49.81499443694832,241.26000000004157,4520.680395337313
4064,49.81499443694832,241.28000000004158,4520.795407440236
4065,49.81499443694832,241.3000000000416,4520.910414003361
4066,49.81499443694832,241.3200000000416,4521.025415026077
4067,49.81499443694832,241.3400000000416,4521.140410507769
4068,49.81499443694832,241.36000000004162,4521.255400447824
4069,49.81499443694832,241.38000000004163,4521.37038484563
4070,49.81499443694832,241.40000000004164,4521.485363700573
4071,49.81499443694832,241.42000000004165,4521.600337012039
4072,49.81499443694832,241.44000000004166,4521.715304779416
4073,49.81499443694832,241.46000000004167,4521.830267002092
4074,49.81499443694832,241.48000000004168,4521.945223679453
4075,49.81499443694832,241.5000000000417,4522.060174810887
4076,49.81499443694832,241.5200000000417,4522.175120395778
4077,49.81499443694832,241.54000000004172,4522.290060433516
4078,49.81499443694832,241.56000000004173,4522.404994923488
4079,49.81499443694832,241.58000000004174,4522.51992386508
4080,49.81499443694832,241.60000000004175,4522.63484725768
4081,49.81499443694832,241.62000000004176,4522.749765100674
4082,49.81499443694832,241.64000000004177,4522.864677393451
4083,49.81499443694832,241.66000000004178,4522.979584135396
4084,49.81499443694832,241.6800000000418,4523.094485325898
4085,49.81499443694832,241.7000000000418,4523.209380964343
4086,49.81499443694832,241.7200000000418,4523.324271050118
4087,49.81499443694832,241.74000000004182,4523.439155582611
4088,49.81499443694832,241.76000000004183,4523.55403456121
4089,49.81499443694832,241.78000000004184,4523.668907985301
4090,49.81499443694832,241.80000000004185,4523.783775854272
4091,49.81499443694832,241.82000000004186,4523.8986381675095
4092,49.81499443694832,241.84000000004187,4524.013494924402
4093,49.72818311159177,241.86000000004188,4524.128346124336
4094,49.72818311159177,241.8800000000419,4524.243191766699
4095,49.72818311159177,241.9000000000419,4524.358031850878
4096,49.72818311159177,241.9200000000419,4524.472866376262
4097,49.72818311159177,241.94000000004192,4524.587695342237
4098,49.72818311159177,241.96000000004193,4524.702518748887
4099,49.72818311159177,241.98000000004194,4524.81733662708
4100,49.72818311159177,242.00000000004195,4524.932149001419
4101,49.72818311159177,242.02000000004196,4525.046955871308
4102,49.72818311159177,242.04000000004197,4525.161757236151
4103,49.72818311159177,242.06000000004198,4525.276553095354
4104,49.72818311159177,242.080000000042,4525.391343448321
4105,49.72818311159177,242.100000000042,4525.506128294458
4106,49.72818311159177,242.120000000042,4525.62090763317
4107,49.72818311159177,242.14000000004202,4525.735681463861
4108,49.72818311159177,242.16000000004203,4525.850449785935
4109,49.72818311159177,242.18000000004204,4525.965212598799
4110,49.72818311159177,242.20000000004205,4526.079969901856
4111,49.72818311159177,242.22000000004206,4526.194721694513
4112,49.72818311159177,242.24000000004207,4526.3094679761725
4113,49.72818311159177,242.26000000004208,4526.424208746242
4114,49.72818311159177,242.2800000000421,4526.5389440041245
4115,49.72818311159177,242.3000000000421,4526.653673749226
4116,49.72818311159177,242.3200000000421,4526.768397980952
4117,49.72818311159177,242.34000000004212,4526.883116698706
4118,49.72818311159177,242.36000000004213,4526.997829901894
4119,49.72818311159177,242.38000000004214,4527.112537589921
4120,49.72818311159177,242.40000000004216,4527.227239762193
4121,49.72818311159177,242.42000000004217,4527.341936418114
4122,49.72818311159177,242.44000000004218,4527.456627557089
4123,49.72818311159177,242.46000000004219,4527.571313178523
4124,49.72818311159177,242.4800000000422,4527.685993281822
4125,49.72818311159177,242.5000000000422,4527.800667866392
4126,49.72818311159177,242.52000000004222,4527.915336931637
4127,49.72818311159177,242.54000000004223,4528.030000476962
4128,49.72818311159177,242.56000000004224,4528.144658501773
4129,49.72818311159177,242.58000000004225,4528.259311005475
4130,49.72818311159177,242.60000000004226,4528.373957987473
4131,49.72818311159177,242.62000000004227,4528.4885994471715
4132,49.72818311159177,242.64000000004228,4528.603235383977
4133,49.72818311159177,242.6600000000423,4528.717865797295
4134,49.72818311159177,242.6800000000423,4528.832490686531
4135,49.72818311159177,242.7000000000423,4528.947110051089
4136,49.72818311159177,242.72000000004232,4529.061723890375
4137,49.72818311159177,242.74000000004233,4529.176332203795
4138,49.72818311159177,242.76000000004234,4529.290934990754
4139,49.72818311159177,242.78000000004235,4529.405532250657
4140,49.72818311159177,242.80000000004236,4529.52012398291
4141,49.72818311159177,242.82000000004237,4529.634710186919
4142,49.72818311159177,242.84000000004238,4529.749290862088
4143,49.72818311159177,242.8600000000424,4529.863866007823
4144,49.72818311159177,242.8800000000424,4529.9784356235305
4145,49.72818311159177,242.9000000000424,4530.092999710228
4146,49.72818311159177,242.92000000004242,4530.207558270258
4147,49.72818311159177,242.94000000004243,4530.322111303171
4148,49.72818311159177,242.96000000004244,4530.436658808368
4149,49.72818311159177,242.98000000004245,4530.551200786619
4150,49.72818311159177,243.00000000004246,4530.66573727144
4151,49.72818311159177,243.02000000004247,4530.780268284001
4152,49.72818311159177,243.04000000004248,4530.8947938237
4153,49.72818311159177,243.0600000000425,4531.009313889934
4154,49.72818311159177,243.0800000000425,4531.123828482101
4155,49.72818311159177,243.1000000000425,4531.238337599599
4156,49.72818311159177,243.12000000004252,4531.352841241824
4157,49.72818311159177,243.14000000004253,4531.467339408175
4158,49.72818311159177,243.16000000004254,4531.581832098049
4159,49.72818311159177,243.18000000004255,4531.696319310843
4160,49.72818311159177,243.20000000004256,4531.810801045956
4161,49.72818311159177,243.22000000004257,4531.925277302786
4162,49.72818311159177,243.24000000004258,4532.039748080729
4163,49.72818311159177,243.2600000000426,4532.154213379183
4164,49.72818311159177,243.2800000000426,4532.268673197546
4165,49.72818311159177,243.30000000004262,4532.383127535217
4166,49.72818311159177,243.32000000004263,4532.497576391592
4167,49.72818311159177,243.34000000004264,4532.612019766069
4168,49.72818311159177,243.36000000004265,4532.7264576580465
4169,49.72818311159177,243.38000000004266,4532.840890066922
4170,49.72818311159177,243.40000000004267,4532.955316992093
4171,49.72818311159177,243.42000000004268,4533.069738432958
4172,49.72818311159177,243.4400000000427,4533.184154388914
4173,49.72818311159177,243.4600000000427,4533.298564859359
4174,49.72818311159177,243.4800000000427,4533.412969843692
4175,49.72818311159177,243.50000000004272,4533.527369341309
4176,49.72818311159177,243.52000000004273,4533.64176335161
4177,49.72818311159177,243.54000000004274,4533.756151873992
4178,49.72818311159177,243.56000000004275,4533.870534907853
4179,49.72818311159177,243.58000000004276,4533.98491245259
4180,49.72818311159177,243.60000000004277,4534.0992845076025
4181,49.72818311159177,243.62000000004278,4534.213651072288
4182,49.72818311159177,243.6400000000428,4534.328012146044
4183,49.72818311159177,243.6600000000428,4534.442367728269
4184,49.72818311159177,243.6800000000428,4534.556717818361
4185,49.72818311159177,243.70000000004282,4534.671062415719
4186,49.72818311159177,243.72000000004283,4534.785401519739
4187,49.72818311159177,243.74000000004284,4534.89973512982
4188,49.72818311159177,243.76000000004285,4535.014063245361
4189,49.64162363344828,243.78000000004286,4535.12838586576
4190,49.64162363344828,243.80000000004287,4535.242702990414
4191,49.64162363344828,243.82000000004288,4535.357014618722
4192,49.64162363344828,243.8400000000429,4535.471320750083
4193,49.64162363344828,243.8600000000429,4535.585621383893
4194,49.64162363344828,243.8800000000429,4535.699916519553
4195,49.64162363344828,243.90000000004292,4535.814206156459
4196,49.64162363344828,243.92000000004293,4535.92849029401
4197,49.64162363344828,243.94000000004294,4536.042768931604
4198,49.64162363344828,243.96000000004295,4536.15704206864
4199,49.64162363344828,243.98000000004296,4536.271309704516
4200,49.64162363344828,244.00000000004297,4536.385571840625
4201,49.64162363344828,244.02000000004298,4536.499828512249
4202,49.64162363344828,244.040000000043,4536.614079736727
4203,49.64162363344828,244.060000000043,4536.728325513466
4204,49.64162363344828,244.08000000004301,4536.842565841876
4205,49.64162363344828,244.10000000004302,4536.956800721366
4206,49.64162363344828,244.12000000004304,4537.071030151344
4207,49.64162363344828,244.14000000004305,4537.185254131218
4208,49.64162363344828,244.16000000004306,4537.299472660398
4209,49.64162363344828,244.18000000004307,4537.413685738292
4210,49.64162363344828,244.20000000004308,4537.5278933643085
4211,49.64162363344828,244.2200000000431,4537.642095537857
4212,49.64162363344828,244.2400000000431,4537.756292258347
4213,49.64162363344828,244.2600000000431,4537.870483525185
4214,49.64162363344828,244.28000000004312,4537.984669337781
4215,49.64162363344828,244.30000000004313,4538.098849695545
4216,49.64162363344828,244.32000000004314,4538.213024597884
4217,49.64162363344828,244.34000000004315,4538.327194044208
4218,49.64162363344828,244.36000000004316,4538.441358033926
4219,49.64162363344828,244.38000000004317,4538.555516566446
4220,49.64162363344828,244.40000000004318,4538.669669641178
4221,49.64162363344828,244.4200000000432,4538.78381725753
4222,49.64162363344828,244.4400000000432,4538.897959414911
4223,49.64162363344828,244.4600000000432,4539.01209611273
4224,49.64162363344828,244.48000000004322,4539.126227350397
4225,49.64162363344828,244.50000000004323,4539.24035312732
4226,49.64162363344828,244.52000000004324,4539.354473442909
4227,49.64162363344828,244.54000000004325,4539.468588296571
4228,49.64162363344828,244.56000000004326,4539.582697687718
4229,49.64162363344828,244.58000000004327,4539.696801615756
4230,49.64162363344828,244.60000000004328,4539.810900080096
4231,49.64162363344828,244.6200000000433,4539.924993080147
4232,49.64162363344828,244.6400000000433,4540.039080615608
4233,49.64162363344828,244.6600000000433,4540.153162689599
4234,49.64162363344828,244.68000000004332,4540.267239302628
4235,49.64162363344828,244.70000000004333,4540.38131045411
4236,49.64162363344828,244.72000000004334,4540.49537614346
4237,49.64162363344828,244.74000000004335,4540.609436370096
4238,49.64162363344828,244.76000000004336,4540.7234911334335
4239,49.64162363344828,244.78000000004337,4540.837540432888
4240,49.64162363344828,244.80000000004338,4540.951584267877
4241,49.64162363344828,244.8200000000434,4541.065622637814
4242,49.64162363344828,244.8400000000434,4541.179655542118
4243,49.64162363344828,244.8600000000434,4541.293682980203
4244,49.64162363344828,244.88000000004342,4541.407704951486
4245,49.64162363344828,244.90000000004343,4541.521721455384
4246,49.64162363344828,244.92000000004344,4541.6357324913115
4247,49.64162363344828,244.94000000004345,4541.749738058686
4248,49.64162363344828,244.96000000004346,4541.863738156922
4249,49.64162363344828,244.98000000004347,4541.977732785438
4250,49.64162363344828,245.00000000004349,4542.09172194365
4251,49.64162363344828,245.0200000000435,4542.205705633665
4252,49.64162363344828,245.0400000000435,4542.319683893997
4253,49.64162363344828,245.06000000004352,4542.433656738917
4254,49.64162363344828,245.08000000004353,4542.547624167839
4255,49.64162363344828,245.10000000004354,4542.661586180174
4256,49.64162363344828,245.12000000004355,4542.775542775334
4257,49.64162363344828,245.14000000004356,4542.889493952731
4258,49.64162363344828,245.16000000004357,4543.003439711777
4259,49.64162363344828,245.18000000004358,4543.1173800518845
4260,49.64162363344828,245.2000000000436,4543.231314972465
4261,49.64162363344828,245.2200000000436,4543.34524447293
4262,49.64162363344828,245.2400000000436,4543.459168552692
4263,49.64162363344828,245.26000000004362,4543.5730872111635
4264,49.64162363344828,245.28000000004363,4543.687000447756
4265,49.64162363344828,245.30000000004364,4543.800908261882
4266,49.64162363344828,245.32000000004365,4543.914810652954
4267,49.64162363344828,245.34000000004366,4544.028707620383
4268,49.64162363344828,245.36000000004367,4544.1425991635815
4269,49.64162363344828,245.38000000004368,4544.256485281962
4270,49.64162363344828,245.4000000000437,4544.370365974937
4271,49.64162363344828,245.4200000000437,4544.4842412419175
4272,49.64162363344828,245.4400000000437,4544.598111082317
4273,49.64162363344828,245.46000000004372,4544.7119754955465
4274,49.64162363344828,245.48000000004373,4544.825834481019
4275,49.64162363344828,245.50000000004374,4544.939688038146
4276,49.64162363344828,245.52000000004375,4545.0535361663415
4277,49.64162363344828,245.54000000004376,4545.167378865016
4278,49.64162363344828,245.56000000004377,4545.281216133582
4279,49.64162363344828,245.58000000004378,4545.395047971453
4280,49.64162363344828,245.6000000000438,4545.508874378041
4281,49.64162363344828,245.6200000000438,4545.622695352758
4282,49.64162363344828,245.6400000000438,4545.736510895015
4283,49.64162363344828,245.66000000004382,4545.850321004227
4284,49.64162363344828,245.68000000004383,4545.964125679805
4285,49.55531498082059,245.70000000004384,4546.077924921162
4286,49.55531498082059,245.72000000004385,4546.1917187277095
4287,49.55531498082059,245.74000000004386,4546.30550709886
4288,49.55531498082059,245.76000000004387,4546.419290034028
4289,49.55531498082059,245.78000000004388,4546.533067532623
4290,49.55531498082059,245.8000000000439,4546.64683959406
4291,49.55531498082059,245.8200000000439,4546.76060621775
4292,49.55531498082059,245.84000000004391,4546.874367403107
4293,49.55531498082059,245.86000000004393,4546.988123149541
4294,49.55531498082059,245.88000000004394,4547.101873456467
4295,49.55531498082059,245.90000000004395,4547.215618323296
4296,49.55531498082059,245.92000000004396,4547.329357749442
4297,49.55531498082059,245.94000000004397,4547.443091734318
4298,49.55531498082059,245.96000000004398,4547.556820277335
4299,49.55531498082059,245.980000000044,4547.670543377906
4300,49.55531498082059,246.000000000044,4547.784261035445
4301,49.55531498082059,246.020000000044,4547.897973249363
4302,49.55531498082059,246.04000000004402,4548.011680022331
4303,49.55531498082059,246.06000000004403,4548.125381394261
4304,49.55531498082059,246.08000000004404,4548.239077375739
4305,49.55531498082059,246.10000000004405,4548.352767966183
4306,49.55531498082059,246.12000000004406,4548.4664531650105
4307,49.55531498082059,246.14000000004407,4548.58013297164
4308,49.55531498082059,246.16000000004408,4548.693807385488
4309,49.55531498082059,246.1800000000441,4548.807476405974
4310,49.55531498082059,246.2000000000441,4548.921140032515
4311,49.55531498082059,246.2200000000441,4549.034798264529
4312,49.55531498082059,246.24000000004412,4549.148451101434
4313,49.55531498082059,246.26000000004413,4549.262098542649
4314,49.55531498082059,246.28000000004414,4549.375740587591
4315,49.55531498082059,246.30000000004415,4549.489377235679
4316,49.55531498082059,246.32000000004416,4549.60300848633
4317,49.55531498082059,246.34000000004417,4549.716634338962
4318,49.55531498082059,246.36000000004418,4549.830254792993
4319,49.55531498082059,246.3800000000442,4549.9438698478425
4320,49.55531498082059,246.4000000000442,4550.057479503363
4321,49.55531498082059,246.4200000000442,4550.171083763054
4322,49.55531498082059,246.44000000004422,4550.284682626741
4323,49.55531498082059,246.46000000004423,4550.3982760938425
4324,49.55531498082059,246.48000000004424,4550.5118641637755
4325,49.55531498082059,246.50000000004425,4550.625446835959
4326,49.55531498082059,246.52000000004426,4550.739024109813
4327,49.55531498082059,246.54000000004427,4550.852595984755
4328,49.55531498082059,246.56000000004428,4550.966162460204
4329,49.55531498082059,246.5800000000443,4551.0797235355785
4330,49.55531498082059,246.6000000000443,4551.193279210297
4331,49.55531498082059,246.6200000000443,4551.3068294837785
4332,49.55531498082059,246.64000000004432,4551.420374355442
4333,49.55531498082059,246.66000000004433,4551.533913824705
4334,49.55531498082059,246.68000000004434,4551.647447890989
4335,49.55531498082059,246.70000000004435,4551.760976553709
4336,49.55531498082059,246.72000000004437,4551.874499812287
4337,49.55531498082059,246.74000000004438,4551.988017666139
4338,49.55531498082059,246.76000000004439,4552.101530114685
4339,49.55531498082059,246.7800000000444,4552.215037157345
4340,49.55531498082059,246.8000000000444,4552.328538793537
4341,49.55531498082059,246.82000000004442,4552.442035022679
4342,49.55531498082059,246.84000000004443,4552.555525844191
4343,49.55531498082059,246.86000000004444,4552.669011257491
4344,49.55531498082059,246.88000000004445,4552.782491261998
4345,49.55531498082059,246.90000000004446,4552.895965857132
4346,49.55531498082059,246.92000000004447,4553.0094350423105
4347,49.55531498082059,246.94000000004448,4553.122898816953
4348,49.55531498082059,246.9600000000445,4553.236357180479
4349,49.55531498082059,246.9800000000445,4553.3498101323075
4350,49.55531498082059,247.0000000000445,4553.463257671857
4351,49.55531498082059,247.02000000004452,4553.5766997985465
4352,49.55531498082059,247.04000000004453,4553.690136511795
4353,49.55531498082059,247.06000000004454,4553.803567814991
4354,49.55531498082059,247.08000000004455,4553.916993751335
4355,49.55531498082059,247.10000000004456,4554.030414328311
4356,49.55531498082059,247.12000000004457,4554.143829545343
4357,49.55531498082059,247.14000000004458,4554.257239401854
4358,49.55531498082059,247.1600000000446,4554.37064389727
4359,49.55531498082059,247.1800000000446,4554.484043031015
4360,49.55531498082059,247.2000000000446,4554.597436802514
4361,49.55531498082059,247.22000000004462,4554.71082521119
4362,49.55531498082059,247.24000000004463,4554.82420825647
4363,49.55531498082059,247.26000000004464,4554.937585937777
4364,49.55531498082059,247.28000000004465,4555.0509582545355
4365,49.55531498082059,247.30000000004466,4555.16432520617
4366,49.55531498082059,247.32000000004467,4555.277686792107
4367,49.55531498082059,247.34000000004468,4555.3910430117685
4368,49.55531498082059,247.3600000000447,4555.504393864581
4369,49.55531498082059,247.3800000000447,4555.617739349968
4370,49.55531498082059,247.4000000000447,4555.731079467356
4371,49.55531498082059,247.42000000004472,4555.844414216168
4372,49.55531498082059,247.44000000004473,4555.957743595829
4373,49.55531498082059,247.46000000004474,4556.071067605764
4374,49.55531498082059,247.48000000004475,4556.184386245398
4375,49.55531498082059,247.50000000004476,4556.297699514155
4376,49.55531498082059,247.52000000004477,4556.411007411461
4377,49.55531498082059,247.54000000004478,4556.524309936739
4378,49.55531498082059,247.5600000000448,4556.637607089415
4379,49.55531498082059,247.5800000000448,4556.750898868914
4380,49.55531498082059,247.60000000004482,4556.8641852746605
4381,49.55531498082059,247.62000000004483,4556.97746630608
4382,49.469256137334284,247.64000000004484,4557.090741962596
4383,49.469256137334284,247.66000000004485,4557.204012243635
4384,49.469256137334284,247.68000000004486,4557.317277148621
4385,49.469256137334284,247.70000000004487,4557.430536676979
4386,49.469256137334284,247.72000000004488,4557.543790828134
4387,49.469256137334284,247.7400000000449,4557.65703960151
4388,49.469256137334284,247.7600000000449,4557.770282996535
4389,49.469256137334284,247.7800000000449,4557.883521012631
4390,49.469256137334284,247.80000000004492,4557.996753649224
4391,49.469256137334284,247.82000000004493,4558.109980905739
4392,49.469256137334284,247.84000000004494,4558.223202781601
4393,49.469256137334284,247.86000000004495,4558.336419276235
4394,49.469256137334284,247.88000000004496,4558.449630389066
4395,49.469256137334284,247.90000000004497,4558.56283611952
4396,49.469256137334284,247.92000000004498,4558.676036467022
4397,49.469256137334284,247.940000000045,4558.789231430996
4398,49.469256137334284,247.960000000045,4558.902421010867
4399,49.469256137334284,247.980000000045,4559.015605206062
4400,49.469256137334284,248.00000000004502,4559.128784016005
4401,49.469256137334284,248.02000000004503,4559.24195744012
4402,49.469256137334284,248.04000000004504,4559.355125477834
4403,49.469256137334284,248.06000000004505,4559.468288128572
4404,49.469256137334284,248.08000000004506,4559.581445396235
4405,49.469256137334284,248.10000000004507,4559.694597325147
4406,49.469256137334284,248.12000000004508,4559.807743919351
4407,49.469256137334284,248.1400000000451,4559.9208851782805
4408,49.469256137334284,248.1600000000451,4560.034021101608
4409,49.469256137334284,248.1800000000451,4560.147151692129
4410,49.469256137334284,248.20000000004512,4560.260276950468
4411,49.469256137334284,248.22000000004513,4560.3733968760525
4412,49.469256137334284,248.24000000004514,4560.486511468311
4413,49.469256137334284,248.26000000004515,4560.59962072667
4414,49.469256137334284,248.28000000004516,4560.712724650558
4415,49.469256137334284,248.30000000004517,4560.825823239403
4416,49.469256137334284,248.32000000004518,4560.938916492632
4417,49.469256137334284,248.3400000000452,4561.052004409674
4418,49.469256137334284,248.3600000000452,4561.165086989956
4419,49.469256137334284,248.38000000004521,4561.2781642329055
4420,49.469256137334284,248.40000000004522,4561.391236137951
4421,49.469256137334284,248.42000000004523,4561.504302704519
4422,49.469256137334284,248.44000000004525,4561.61736393204
4423,49.469256137334284,248.46000000004526,4561.730419819939
4424,49.469256137334284,248.48000000004527,4561.843470367646
4425,49.469256137334284,248.50000000004528,4561.956515574587
4426,49.469256137334284,248.5200000000453,4562.069555440191
4427,49.469256137334284,248.5400000000453,4562.182589963886
4428,49.469256137334284,248.5600000000453,4562.2956191451
4429,49.469256137334284,248.58000000004532,4562.408642983261
4430,49.469256137334284,248.60000000004533,4562.521661477797
4431,49.469256137334284,248.62000000004534,4562.634674628136
4432,49.469256137334284,248.64000000004535,4562.747682433705
4433,49.469256137334284,248.66000000004536,4562.8606848939335
4434,49.469256137334284,248.68000000004537,4562.973682008248
4435,49.469256137334284,248.70000000004538,4563.086673776078
4436,49.469256137334284,248.7200000000454,4563.199660196851
4437,49.469256137334284,248.7400000000454,4563.312641269995
4438,49.469256137334284,248.7600000000454,4563.4256169949385
4439,49.469256137334284,248.78000000004542,4563.538587371109
4440,49.469256137334284,248.80000000004543,4563.651552397935
4441,49.469256137334284,248.82000000004544,4563.764512074845
4442,49.469256137334284,248.84000000004545,4563.877466401266
4443,49.469256137334284,248.86000000004546,4563.990415376628
4444,49.469256137334284,248.88000000004547,4564.103359000358
4445,49.469256137334284,248.90000000004548,4564.216297271884
4446,49.469256137334284,248.9200000000455,4564.329230190636
4447,49.469256137334284,248.9400000000455,4564.442157756041
4448,49.469256137334284,248.9600000000455,4564.555079967527
4449,49.469256137334284,248.98000000004552,4564.667996824522
4450,49.469256137334284,249.00000000004553,4564.780908326455
4451,49.469256137334284,249.02000000004554,4564.8938144727545
4452,49.469256137334284,249.04000000004555,4565.006715262848
4453,49.469256137334284,249.06000000004556,4565.119610696165
4454,49.469256137334284,249.08000000004557,4565.232500772134
4455,49.469256137334284,249.10000000004558,4565.345385497887
4456,49.469256137334284,249.1200000000456,4565.458264916149
4457,49.469256137334284,249.1400000000456,4565.571139030306
4458,49.469256137334284,249.1600000000456,4565.684007839789
4459,49.469256137334284,249.18000000004562,4565.796871344031
4460,49.469256137334284,249.20000000004563,4565.9097295424635
4461,49.469256137334284,249.22000000004564,4566.022582434519
4462,49.469256137334284,249.24000000004565,4566.135430019628
4463,49.469256137334284,249.26000000004566,4566.248272297224
4464,49.469256137334284,249.28000000004567,4566.361109266738
4465,49.469256137334284,249.30000000004569,4566.473940927603
4466,49.469256137334284,249.3200000000457,4566.58676727925
4467,49.469256137334284,249.3400000000457,4566.699588321112
4468,49.469256137334284,249.36000000004572,4566.812404052621
4469,49.469256137334284,249.38000000004573,4566.925214473209
4470,49.469256137334284,249.40000000004574,4567.038019582308
4471,49.469256137334284,249.42000000004575,4567.15081937935
4472,49.469256137334284,249.44000000004576,4567.263613863767
4473,49.469256137334284,249.46000000004577,4567.376403034992
4474,49.469256137334284,249.48000000004578,4567.489186892456
4475,49.469256137334284,249.5000000000458,4567.601965435592
4476,49.469256137334284,249.5200000000458,4567.714738663833
4477,49.469256137334284,249.5400000000458,4567.827506576609
4478,49.469256137334284,249.56000000004582,4567.940269173354
4479,49.38344609190403,249.58000000004583,4568.0530264535
4480,49.38344609190403,249.60000000004584,4568.165778416479
4481,49.38344609190403,249.62000000004585,4568.2785250617235
4482,49.38344609190403,249.64000000004586,4568.391266388665
4483,49.38344609190403,249.66000000004587,4568.504002396737
4484,49.38344609190403,249.68000000004588,4568.6167330853705
4485,49.38344609190403,249.7000000000459,4568.7294584539995
4486,49.38344609190403,249.7200000000459,4568.8421785020555
4487,49.38344609190403,249.7400000000459,4568.954893228971
4488,49.38344609190403,249.76000000004592,4569.067602634178
4489,49.38344609190403,249.78000000004593,4569.1803067171095
4490,49.38344609190403,249.80000000004594,4569.293005477198
4491,49.38344609190403,249.82000000004595,4569.405698913875
4492,49.38344609190403,249.84000000004596,4569.518387026574
4493,49.38344609190403,249.86000000004597,4569.631069814726
4494,49.38344609190403,249.88000000004598,4569.743747277766
4495,49.38344609190403,249.900000000046,4569.856419415124
4496,49.38344609190403,249.920000000046,4569.969086226234
4497,49.38344609190403,249.940000000046,4570.081747711783
4498,49.38344609190403,249.96000000004602,4570.194403874356
4499,49.38344609190403,249.98000000004603,4570.307054713599
4500,49.38344609190403,250.00000000004604,4570.4197002289475
4501,49.38344609190403,250.02000000004605,4570.532340419833
4502,49.38344609190403,250.04000000004606,4570.6449752856915
4503,49.38344609190403,250.06000000004607,4570.757604825955
4504,49.38344609190403,250.08000000004608,4570.870229040059
4505,49.38344609190403,250.1000000000461,4570.982847927436
4506,49.38344609190403,250.1200000000461,4571.095461498087
4507,49.38344609190403,250.14000000004611,4571.2080697907395
4508,49.38344609190403,250.16000000004613,4571.320672808025
4509,49.38344609190403,250.18000000004614,4571.4332705493825
4510,49.38344609190403,250.20000000004615,4571.545863014253
4511,49.38344609190403,250.22000000004616,4571.658450202077
4512,49.38344609190403,250.24000000004617,4571.771032112294
4513,49.38344609190403,250.26000000004618,4571.883608744345
4514,49.38344609190403,250.2800000000462,4571.99618009767
4515,49.38344609190403,250.3000000000462,4572.108746171708
4516,49.38344609190403,250.3200000000462,4572.221306965901
4517,49.38344609190403,250.34000000004622,4572.333862479689
4518,49.38344609190403,250.36000000004623,4572.446412712511
4519,49.38344609190403,250.38000000004624,4572.5589576638085
4520,49.38344609190403,250.40000000004625,4572.671497333022
4521,49.38344609190403,250.42000000004626,4572.7840317195905
4522,49.38344609190403,250.44000000004627,4572.8965608229555
4523,49.38344609190403,250.46000000004628,4573.009084642557
4524,49.38344609190403,250.4800000000463,4573.121603177836
4525,49.38344609190403,250.5000000000463,4573.234116428232
4526,49.38344609190403,250.5200000000463,4573.346624393185
4527,49.38344609190403,250.54000000004632,4573.459127072138
4528,49.38344609190403,250.56000000004633,4573.571624464528
4529,49.38344609190403,250.58000000004634,4573.684116569798
4530,49.38344609190403,250.60000000004635,4573.796603387387
4531,49.38344609190403,250.62000000004636,4573.909084916737
4532,49.38344609190403,250.64000000004637,4574.021561157288
4533,49.38344609190403,250.66000000004638,4574.134032108479
4534,49.38344609190403,250.6800000000464,4574.246497769752
4535,49.38344609190403,250.7000000000464,4574.358958140548
4536,49.38344609190403,250.7200000000464,4574.471413220306
4537,49.38344609190403,250.74000000004642,4574.583863008468
4538,49.38344609190403,250.76000000004643,4574.696307504474
4539,49.38344609190403,250.78000000004644,4574.808746707765
4540,49.38344609190403,250.80000000004645,4574.921180617781
4541,49.38344609190403,250.82000000004646,4575.033609233963
4542,49.38344609190403,250.84000000004647,4575.146032555752
4543,49.38344609190403,250.86000000004648,4575.258450582588
4544,49.38344609190403,250.8800000000465,4575.370863313912
4545,49.38344609190403,250.9000000000465,4575.483270749165
4546,49.38344609190403,250.9200000000465,4575.595672887788
4547,49.38344609190403,250.94000000004652,4575.708069729221
4548,49.38344609190403,250.96000000004653,4575.820461272905
4549,49.38344609190403,250.98000000004654,4575.932847518281
4550,49.38344609190403,251.00000000004655,4576.04522846479
4551,49.38344609190403,251.02000000004656,4576.157604111872
4552,49.38344609190403,251.04000000004658,4576.269974458969
4553,49.38344609190403,251.06000000004659,4576.382339505521
4554,49.38344609190403,251.0800000000466,4576.494699250969
4555,49.38344609190403,251.1000000000466,4576.607053694753
4556,49.38344609190403,251.12000000004662,4576.719402836315
4557,49.38344609190403,251.14000000004663,4576.831746689074
4558,49.38344609190403,251.16000000004664,4576.944085290021
4559,49.38344609190403,251.18000000004665,4577.056418641217
4560,49.38344609190403,251.20000000004666,4577.168746742103
4561,49.38344609190403,251.22000000004667,4577.281069592123
4562,49.38344609190403,251.24000000004668,4577.393387190717
4563,49.38344609190403,251.2600000000467,4577.505699537328
4564,49.38344609190403,251.2800000000467,4577.618006631399
4565,49.38344609190403,251.3000000000467,4577.730308472372
4566,49.38344609190403,251.32000000004672,4577.842605059688
4567,49.38344609190403,251.34000000004673,4577.954896392791
4568,49.38344609190403,251.36000000004674,4578.067182471123
4569,49.38344609190403,251.38000000004675,4578.179463294125
4570,49.38344609190403,251.40000000004676,4578.2917388612395
4571,49.38344609190403,251.42000000004677,4578.40400917191
4572,49.38344609190403,251.44000000004678,4578.516274225578
4573,49.38344609190403,251.4600000000468,4578.628534021686
4574,49.38344609190403,251.4800000000468,4578.740788559677
4575,49.38344609190403,251.5000000000468,4578.853037838991
4576,49.29788383869991,251.52000000004682,4578.965281859074
4577,49.29788383869991,251.54000000004683,4579.077520619366
4578,49.29788383869991,251.56000000004684,4579.189754119309
4579,49.29788383869991,251.58000000004685,4579.301982358347
4580,49.29788383869991,251.60000000004686,4579.414205335922
4581,49.29788383869991,251.62000000004687,4579.526423051476
4582,49.29788383869991,251.64000000004688,4579.6386355044515
4583,49.29788383869991,251.6600000000469,4579.750842694291
4584,49.29788383869991,251.6800000000469,4579.863044620438
4585,49.29788383869991,251.7000000000469,4579.975241282334
4586,49.29788383869991,251.72000000004692,4580.087432680996
4587,49.29788383869991,251.74000000004693,4580.199618819092
4588,49.29788383869991,251.76000000004694,4580.311799696248
4589,49.29788383869991,251.78000000004695,4580.423975311907
4590,49.29788383869991,251.80000000004696,4580.536145665513
4591,49.29788383869991,251.82000000004697,4580.648310756508
4592,49.29788383869991,251.84000000004698,4580.760470584337
4593,49.29788383869991,251.860000000047,4580.872625148443
4594,49.29788383869991,251.880000000047,4580.9847744482695
4595,49.29788383869991,251.90000000004702,4581.09691848326
4596,49.29788383869991,251.92000000004703,4581.209057252858
4597,49.29788383869991,251.94000000004704,4581.321190756506
4598,49.29788383869991,251.96000000004705,4581.43331899365
4599,49.29788383869991,251.98000000004706,4581.545441963731
4600,49.29788383869991,252.00000000004707,4581.657559666193
4601,49.29788383869991,252.02000000004708,4581.769672100481
4602,49.29788383869991,252.0400000000471,4581.881779266038
4603,49.29788383869991,252.0600000000471,4581.993881162308
4604,49.29788383869991,252.0800000000471,4582.105977788733
4605,49.29788383869991,252.10000000004712,4582.2180691447575
4606,49.29788383869991,252.12000000004713,4582.330155229825
4607,49.29788383869991,252.14000000004714,4582.44223604338
4608,49.29788383869991,252.16000000004715,4582.554311601417
4609,49.29788383869991,252.18000000004716,4582.666381937112
4610,49.29788383869991,252.20000000004717,4582.778447051823
4611,49.29788383869991,252.22000000004718,4582.890506944996
4612,49.29788383869991,252.2400000000472,4583.002561616079
4613,49.29788383869991,252.2600000000472,4583.11461106452
4614,49.29788383869991,252.2800000000472,4583.226655289767
4615,49.29788383869991,252.30000000004722,4583.3386942912675
4616,49.29788383869991,252.32000000004723,4583.450728068469
4617,49.29788383869991,252.34000000004724,4583.56275662082
4618,49.29788383869991,252.36000000004725,4583.674779947768
4619,49.29788383869991,252.38000000004726,4583.78679804876
4620,49.29788383869991,252.40000000004727,4583.898810923244
4621,49.29788383869991,252.42000000004728,4584.0108185706695
4622,49.29788383869991,252.4400000000473,4584.122820990483
4623,49.29788383869991,252.4600000000473,4584.234818182133
4624,49.29788383869991,252.4800000000473,4584.346810145065
4625,49.29788383869991,252.50000000004732,4584.45879687873
4626,49.29788383869991,252.52000000004733,4584.570778382575
4627,49.29788383869991,252.54000000004734,4584.682754656047
4628,49.29788383869991,252.56000000004735,4584.794725698595
4629,49.29788383869991,252.58000000004736,4584.906691509667
4630,49.29788383869991,252.60000000004737,4585.01865208871
4631,49.29788383869991,252.62000000004738,4585.130607435172
4632,49.29788383869991,252.6400000000474,4585.242557548503
4633,49.29788383869991,252.6600000000474,4585.354502428149
4634,49.29788383869991,252.68000000004741,4585.466442073559
4635,49.29788383869991,252.70000000004742,4585.57837648418
4636,49.29788383869991,252.72000000004743,4585.690305659461
4637,49.29788383869991,252.74000000004744,4585.80222959885
4638,49.29788383869991,252.76000000004746,4585.914148301796
4639,49.29788383869991,252.78000000004747,4586.026061767745
4640,49.29788383869991,252.80000000004748,4586.137969996146
4641,49.29788383869991,252.8200000000475,4586.249872986448
4642,49.29788383869991,252.8400000000475,4586.361770738098
4643,49.29788383869991,252.8600000000475,4586.473663250545
4644,49.29788383869991,252.88000000004752,4586.585550523237
4645,49.29788383869991,252.90000000004753,4586.697432555621
4646,49.29788383869991,252.92000000004754,4586.809309347147
4647,49.29788383869991,252.94000000004755,4586.921180897263
4648,49.29788383869991,252.96000000004756,4587.033047205417
4649,49.29788383869991,252.98000000004757,4587.144908271056
4650,49.29788383869991,253.00000000004758,4587.25676409363
4651,49.29788383869991,253.0200000000476,4587.368614672588
4652,49.29788383869991,253.0400000000476,4587.480460007376
4653,49.29788383869991,253.0600000000476,4587.5923000974435
4654,49.29788383869991,253.08000000004762,4587.704134942239
4655,49.29788383869991,253.10000000004763,4587.815964541211
4656,49.29788383869991,253.12000000004764,4587.927788893807
4657,49.29788383869991,253.14000000004765,4588.039607999475
4658,49.29788383869991,253.16000000004766,4588.151421857665
4659,49.29788383869991,253.18000000004767,4588.263230487878
4660,49.29788383869991,253.20000000004768,4588.375033921509
4661,49.29788383869991,253.2200000000477,4588.486832159335
4662,49.29788383869991,253.2400000000477,4588.59862520081
4663,49.29788383869991,253.2600000000477,4588.710413045388
4664,49.29788383869991,253.28000000004772,4588.822195692525
4665,49.29788383869991,253.30000000004773,4588.933973141676
4666,49.29788383869991,253.32000000004774,4589.045745392295
4667,49.29788383869991,253.34000000004775,4589.157512443838
4668,49.29788383869991,253.36000000004776,4589.269274295759
4669,49.29788383869991,253.38000000004777,4589.381030947513
4670,49.29788383869991,253.40000000004778,4589.492782398555
4671,49.29788383869991,253.4200000000478,4589.60452864834
4672,49.29788383869991,253.4400000000478,4589.716269696323
4673,49.29788383869991,253.4600000000478,4589.828005541959
4674,49.21256837711415,253.48000000004782,4589.939736184703
4675,49.29788383869991,253.50000000004783,4590.051461624386
4676,49.29788383869991,253.52000000004784,4590.163181864417
4677,49.29788383869991,253.54000000004785,4590.274896904817
4678,49.29788383869991,253.56000000004786,4590.386606745039
4679,49.29788383869991,253.58000000004787,4590.498311384536
4680,49.21256837711415,253.60000000004788,4590.610010822759
4681,49.21256837711415,253.6200000000479,4590.721705059163
4682,49.21256837711415,253.6400000000479,4590.833394093198
4683,49.21256837711415,253.66000000004792,4590.945077924319
4684,49.21256837711415,253.68000000004793,4591.056756551977
4685,49.21256837711415,253.70000000004794,4591.168429975625
4686,49.21256837711415,253.72000000004795,4591.280098194717
4687,49.21256837711415,253.74000000004796,4591.391761208703
4688,49.21256837711415,253.76000000004797,4591.503419017038
4689,49.21256837711415,253.78000000004798,4591.615071619174
4690,49.21256837711415,253.800000000048,4591.726719014563
4691,49.21256837711415,253.820000000048,4591.838361202658
4692,49.21256837711415,253.840000000048,4591.949998182913
4693,49.21256837711415,253.86000000004802,4592.06162995478
4694,49.21256837711415,253.88000000004803,4592.173256517712
4695,49.21256837711415,253.90000000004804,4592.2848778711605
4696,49.21256837711415,253.92000000004805,4592.39649401458
4697,49.21256837711415,253.94000000004806,4592.508104947422
4698,49.21256837711415,253.96000000004807,4592.61971066914
4699,49.21256837711415,253.98000000004808,4592.731311179186
4700,49.21256837711415,254.0000000000481,4592.842906477015
4701,49.21256837711415,254.0200000000481,4592.954496562079
4702,49.21256837711415,254.0400000000481,4593.06608143383
4703,49.21256837711415,254.06000000004812,4593.177661091721
4704,49.21256837711415,254.08000000004813,4593.289235535206
4705,49.21256837711415,254.10000000004814,4593.400804763737
4706,49.21256837711415,254.12000000004815,4593.512368776767
4707,49.21256837711415,254.14000000004816,4593.62392757375
4708,49.21256837711415,254.16000000004817,4593.735481154137
4709,49.21256837711415,254.18000000004818,4593.847029517384
4710,49.21256837711415,254.2000000000482,4593.958572685321
4711,49.21256837711415,254.2200000000482,4594.070110685795
4712,49.21256837711415,254.2400000000482,4594.181643518931
4713,49.21256837711415,254.26000000004822,4594.293171184186
4714,49.21256837711415,254.28000000004823,4594.4046936810155
4715,49.21256837711415,254.30000000004824,4594.516211008879
4716,49.21256837711415,254.32000000004825,4594.62772316723
4717,49.21256837711415,254.34000000004826,4594.739230155528
4718,49.21256837711415,254.36000000004827,4594.85073197323
4719,49.21256837711415,254.38000000004828,4594.962228619792
4720,49.21256837711415,254.4000000000483,4595.0737200946705
4721,49.21256837711415,254.4200000000483,4595.185206397324
4722,49.21256837711415,254.44000000004831,4595.296687527208
4723,49.21256837711415,254.46000000004832,4595.408163483779
4724,49.21256837711415,254.48000000004834,4595.519634266497
4725,49.21256837711415,254.50000000004835,4595.631099874816
4726,49.21256837711415,254.52000000004836,4595.742560308194
4727,49.21256837711415,254.54000000004837,4595.8540155660885
4728,49.21256837711415,254.56000000004838,4595.965465647956
4729,49.21256837711415,254.5800000000484,4596.0769105532545
4730,49.21256837711415,254.6000000000484,4596.18835028144
4731,49.21256837711415,254.6200000000484,4596.29978483197
4732,49.21256837711415,254.64000000004842,4596.411214204302
4733,49.21256837711415,254.66000000004843,4596.522638397893
4734,49.21256837711415,254.68000000004844,4596.6340574122005
4735,49.21256837711415,254.70000000004845,4596.745471246681
4736,49.21256837711415,254.72000000004846,4596.856879900791
4737,49.21256837711415,254.74000000004847,4596.968283373989
4738,49.21256837711415,254.76000000004848,4597.079681665732
4739,49.21256837711415,254.7800000000485,4597.191074775477
4740,49.21256837711415,254.8000000000485,4597.302462702682
4741,49.21256837711415,254.8200000000485,4597.413845446803
4742,49.21256837711415,254.84000000004852,4597.525223007298
4743,49.21256837711415,254.86000000004853,4597.636595383625
4744,49.21256837711415,254.88000000004854,4597.747962575239
4745,49.21256837711415,254.90000000004855,4597.8593245816
4746,49.21256837711415,254.92000000004856,4597.970681402164
4747,49.21256837711415,254.94000000004857,4598.082033036389
4748,49.21256837711415,254.96000000004858,4598.193379483731
4749,49.21256837711415,254.9800000000486,4598.304720743649
4750,49.21256837711415,255.0000000000486,4598.4160568156
4751,49.21256837711415,255.0200000000486,4598.527387699041
4752,49.21256837711415,255.04000000004862,4598.6387133934295
4753,49.21256837711415,255.06000000004863,4598.750033898223
4754,49.21256837711415,255.08000000004864,4598.861349212879
4755,49.21256837711415,255.10000000004865,4598.972659336855
4756,49.21256837711415,255.12000000004866,4599.083964269608
4757,49.21256837711415,255.14000000004867,4599.1952640105965
4758,49.21256837711415,255.16000000004868,4599.306558559278
4759,49.21256837711415,255.1800000000487,4599.417847915109
4760,49.21256837711415,255.2000000000487,4599.529132077548
4761,49.21256837711415,255.2200000000487,4599.640411071926
4762,49.21256837711415,255.24000000004872,4599.751684924137
4763,49.21256837711415,255.26000000004873,4599.862953633708
4764,49.21256837711415,255.28000000004874,4599.974217200097
4765,49.21256837711415,255.30000000004875,4600.085475624185
4766,49.21256837711415,255.32000000004876,4600.196728908455
4767,49.21256837711415,255.34000000004878,4600.307977052546
4768,49.21256837711415,255.36000000004879,4600.419220055922
4769,49.21256837711415,255.3800000000488,4600.530457918043
4770,49.21256837711415,255.4000000000488,4600.641690638371
4771,49.21256837711415,255.42000000004882,4600.752918216368
4772,49.21256837711415,255.44000000004883,4600.864140651496
4773,49.21256837711415,255.46000000004884,4600.975357943217
4774,49.21256837711415,255.48000000004885,4601.086570090993
4775,49.21256837711415,255.50000000004886,4601.197777094285
4776,49.21256837711415,255.52000000004887,4601.308978952556
4777,49.21256837711415,255.54000000004888,4601.4201756652665
4778,49.12749871172796,255.5600000000489,4601.53136723188
4779,49.12749871172796,255.5800000000489,4601.642553651857
4780,49.12749871172796,255.6000000000489,4601.753734924661
4781,49.12749871172796,255.62000000004892,4601.864911049754
4782,49.12749871172796,255.64000000004893,4601.976082026596
4783,49.12749871172796,255.66000000004894,4602.08724785465
4784,49.12749871172796,255.68000000004895,4602.198408533379
4785,49.12749871172796,255.70000000004896,4602.309564062243
4786,49.12749871172796,255.72000000004897,4602.420714440706
4787,49.12749871172796,255.74000000004898,4602.53185966823
4788,49.12749871172796,255.760000000049,4602.6429997442765
4789,49.12749871172796,255.780000000049,4602.754134668307
4790,49.12749871172796,255.800000000049,4602.865264439785
4791,49.12749871172796,255.82000000004902,4602.976389058172
4792,49.12749871172796,255.84000000004903,4603.087508522929
4793,49.12749871172796,255.86000000004904,4603.198622833519
4794,49.12749871172796,255.88000000004905,4603.309731989405
4795,49.12749871172796,255.90000000004906,4603.4208359900485
4796,49.12749871172796,255.92000000004907,4603.531934834911
4797,49.12749871172796,255.94000000004908,4603.643028523456
4798,49.12749871172796,255.9600000000491,4603.754117055146
4799,49.12749871172796,255.9800000000491,4603.865200429441
4800,49.12749871172796,256.0000000000491,4603.976278645805
4801,49.12749871172796,256.0200000000491,4604.0873517037
4802,49.12749871172796,256.0400000000491,4604.198419602588
4803,49.12749871172796,256.06000000004906,4604.3094823419315
4804,49.12749871172796,256.08000000004904,4604.420539921193
4805,49.12749871172796,256.100000000049,4604.531592339835
4806,49.12749871172796,256.120000000049,4604.642639597319
4807,49.12749871172796,256.140000000049,4604.753681693109
4808,49.12749871172796,256.16000000004897,4604.864718626665
4809,49.12749871172796,256.18000000004895,4604.9757503974515
4810,49.12749871172796,256.20000000004893,4605.08677700493
4811,49.12749871172796,256.2200000000489,4605.1977984490995
4812,49.12749871172796,256.2400000000489,4605.308814756861
4813,49.12749871172796,256.2600000000489,4605.41982595029
4814,49.12749871172796,256.28000000004886,4605.530832028854
4815,49.12749871172796,256.30000000004884,4605.641832992021
4816,49.12749871172796,256.3200000000488,4605.752828839256
4817,49.12749871172796,256.3400000000488,4605.863819570027
4818,49.12749871172796,256.3600000000488,4605.974805183801
4819,49.12749871172796,256.38000000004877,4606.085785680046
4820,49.12749871172796,256.40000000004875,4606.196761058228
4821,49.12749871172796,256.42000000004873,4606.307731317814
4822,49.12749871172796,256.4400000000487,4606.418696458271
4823,49.12749871172796,256.4600000000487,4606.529656479068
4824,49.12749871172796,256.4800000000487,4606.640611379669
4825,49.12749871172796,256.50000000004866,4606.751561159544
4826,49.12749871172796,256.52000000004864,4606.862505818158
4827,49.12749871172796,256.5400000000486,4606.97344535498
4828,49.12749871172796,256.5600000000486,4607.084379769476
4829,49.12749871172796,256.5800000000486,4607.195309061113
4830,49.12749871172796,256.60000000004857,4607.306233229359
4831,49.12749871172796,256.62000000004855,4607.4171522736815
4832,49.12749871172796,256.64000000004853,4607.528066193547
4833,49.12749871172796,256.6600000000485,4607.638974988423
4834,49.12749871172796,256.6800000000485,4607.749878657776
4835,49.12749871172796,256.7000000000485,4607.860777201075
4836,49.12749871172796,256.72000000004846,4607.971670617785
4837,49.12749871172796,256.74000000004844,4608.082558907376
4838,49.12749871172796,256.7600000000484,4608.193442069313
4839,49.12749871172796,256.7800000000484,4608.304320103065
4840,49.12749871172796,256.8000000000484,4608.415193008099
4841,49.12749871172796,256.82000000004837,4608.526060783881
4842,49.12749871172796,256.84000000004835,4608.63692342988
4843,49.12749871172796,256.86000000004833,4608.747780945563
4844,49.12749871172796,256.8800000000483,4608.858633330397
4845,49.12749871172796,256.9000000000483,4608.96948058385
4846,49.12749871172796,256.9200000000483,4609.080322705388
4847,49.12749871172796,256.94000000004826,4609.191159694481
4848,49.12749871172796,256.96000000004824,4609.301991550595
4849,49.12749871172796,256.9800000000482,4609.4128182731965
4850,49.12749871172796,257.0000000000482,4609.523639861754
4851,49.12749871172796,257.0200000000482,4609.634456315736
4852,49.12749871172796,257.04000000004817,4609.745267634609
4853,49.12749871172796,257.06000000004815,4609.856073817841
4854,49.12749871172796,257.08000000004813,4609.966874864899
4855,49.12749871172796,257.1000000000481,4610.077670776516
4856,49.12749871172796,257.1200000000481,4610.188461555686
4857,49.12749871172796,257.1400000000481,4610.299247202132
4858,49.12749871172796,257.16000000004806,4610.410027715323
4859,49.12749871172796,257.18000000004804,4610.520803094728
4860,49.12749871172796,257.200000000048,4610.631573339818
4861,49.12749871172796,257.220000000048,4610.742338450063
4862,49.12749871172796,257.240000000048,4610.85309842609
4863,49.12749871172796,257.26000000004797,4610.96385329786
4864,49.12749871172796,257.28000000004795,4611.074603084911
4865,49.12749871172796,257.30000000004793,4611.185347786715
4866,49.12749871172796,257.3200000000479,4611.296087402744
4867,49.12749871172796,257.3400000000479,4611.406821932469
4868,49.12749871172796,257.3600000000479,4611.517551375363
4869,49.12749871172796,257.38000000004786,4611.628275730897
4870,49.12749871172796,257.40000000004784,4611.738994998544
4871,49.12749871172796,257.4200000000478,4611.849709177774
4872,49.12749871172796,257.4400000000478,4611.96041826806
4873,49.12749871172796,257.4600000000478,4612.071122268874
4874,49.12749871172796,257.48000000004777,4612.181821179689
4875,49.12749871172796,257.50000000004775,4612.2925149999755
4876,49.12749871172796,257.52000000004773,4612.403203729206
4877,49.042673852278675,257.5400000000477,4612.513887366853
4878,49.042673852278675,257.5600000000477,4612.624565912387
4879,49.042673852278675,257.5800000000477,4612.735239365282
4880,49.042673852278675,257.60000000004766,4612.845907725008
4881,49.042673852278675,257.62000000004764,4612.956570991039
4882,49.042673852278675,257.6400000000476,4613.067229162846
4883,49.042673852278675,257.6600000000476,4613.177882239902
4884,49.042673852278675,257.6800000000476,4613.288530221678
4885,49.042673852278675,257.70000000004757,4613.399173107647
4886,49.042673852278675,257.72000000004755,4613.50981089728
4887,49.042673852278675,257.74000000004753,4613.62044359005
4888,49.042673852278675,257.7600000000475,4613.731071185429
4889,49.042673852278675,257.7800000000475,4613.84169368289
4890,49.042673852278675,257.8000000000475,4613.952311081904
4891,49.042673852278675,257.82000000004746,4614.062923381944
4892,49.042673852278675,257.84000000004744,4614.173530582481
4893,49.042673852278675,257.8600000000474,4614.284132682989
4894,49.042673852278675,257.8800000000474,4614.394729682939
4895,49.042673852278675,257.9000000000474,4614.505321581804
4896,49.042673852278675,257.92000000004737,4614.615908379056
4897,49.042673852278675,257.94000000004735,4614.7264900741675
4898,49.042673852278675,257.96000000004733,4614.837066666611
4899,49.042673852278675,257.9800000000473,4614.947638155857
4900,49.042673852278675,258.0000000000473,4615.05820454138
4901,49.042673852278675,258.0200000000473,4615.168765822652
4902,49.042673852278675,258.04000000004726,4615.2793219991445
4903,49.042673852278675,258.06000000004724,4615.38987307033
4904,49.042673852278675,258.0800000000472,4615.500419035682
4905,49.042673852278675,258.1000000000472,4615.610959894672
4906,49.042673852278675,258.1200000000472,4615.721495646773
4907,49.042673852278675,258.14000000004717,4615.832026291458
4908,49.042673852278675,258.16000000004715,4615.942551828197
4909,49.042673852278675,258.18000000004713,4616.0530722564645
4910,49.042673852278675,258.2000000000471,4616.163587575733
4911,49.042673852278675,258.2200000000471,4616.274097785474
4912,49.042673852278675,258.2400000000471,4616.38460288516
4913,49.042673852278675,258.26000000004706,4616.495102875968
4914,49.042673852278675,258.28000000004704,4616.605597789072
4915,49.042673852278675,258.300000000047,4616.716087640328
4916,49.042673852278675,258.320000000047,4616.826572429209
4917,49.042673852278675,258.340000000047,4616.937052155188
4918,49.042673852278675,258.36000000004697,4617.047526817739
4919,49.042673852278675,258.38000000004695,4617.157996416334
4920,49.042673852278675,258.40000000004693,4617.268460950447
4921,49.042673852278675,258.4200000000469,4617.37892041955
4922,49.042673852278675,258.4400000000469,4617.489374823117
4923,49.042673852278675,258.4600000000469,4617.599824160621
4924,49.042673852278675,258.48000000004686,4617.710268431535
4925,49.042673852278675,258.50000000004684,4617.820707635332
4926,49.042673852278675,258.5200000000468,4617.931141771485
4927,49.042673852278675,258.5400000000468,4618.041570839468
4928,49.042673852278675,258.5600000000468,4618.151994838752
4929,49.042673852278675,258.58000000004677,4618.262413768813
4930,49.042673852278675,258.60000000004675,4618.372827629122
4931,49.042673852278675,258.62000000004673,4618.483236419154
4932,49.042673852278675,258.6400000000467,4618.5936401383815
4933,49.042673852278675,258.6600000000467,4618.704038786277
4934,49.042673852278675,258.6800000000467,4618.8144323623155
4935,49.042673852278675,258.70000000004666,4618.924820865969
4936,49.042673852278675,258.72000000004664,4619.0352042967115
4937,49.042673852278675,258.7400000000466,4619.145582654016
4938,49.042673852278675,258.7600000000466,4619.255955937355
4939,49.042673852278675,258.7800000000466,4619.366324146203
4940,49.042673852278675,258.80000000004657,4619.476687280033
4941,49.042673852278675,258.82000000004655,4619.587045338318
4942,49.042673852278675,258.84000000004653,4619.697398320532
4943,49.042673852278675,258.8600000000465,4619.807746226148
4944,49.042673852278675,258.8800000000465,4619.9180890546395
4945,49.042673852278675,258.9000000000465,4620.0284268056785
4946,49.042673852278675,258.92000000004646,4620.138759481836
4947,49.042673852278675,258.94000000004644,4620.249087083899
4948,49.042673852278675,258.9600000000464,4620.35940961134
4949,49.042673852278675,258.9800000000464,4620.46972706363
4950,49.042673852278675,259.0000000000464,4620.5800394402395
4951,49.042673852278675,259.02000000004637,4620.69034674064
4952,49.042673852278675,259.04000000004635,4620.800648964304
4953,49.042673852278675,259.06000000004633,4620.910946110702
4954,49.042673852278675,259.0800000000463,4621.021238179305
4955,49.042673852278675,259.1000000000463,4621.131525169586
4956,49.042673852278675,259.1200000000463,4621.241807081015
4957,49.042673852278675,259.14000000004626,4621.352083913064
4958,49.042673852278675,259.16000000004624,4621.462355665205
4959,49.042673852278675,259.1800000000462,4621.572622336908
4960,49.042673852278675,259.2000000000462,4621.682883927646
4961,49.042673852278675,259.2200000000462,4621.793140436889
4962,49.042673852278675,259.24000000004617,4621.90339186411
4963,49.042673852278675,259.26000000004615,4622.013638208779
4964,49.042673852278675,259.28000000004613,4622.123879472702
4965,49.042673852278675,259.3000000000461,4622.234115690037
4966,49.042673852278675,259.3200000000461,4622.34434687396
4967,49.042673852278675,259.3400000000461,4622.4545730239515
4968,49.042673852278675,259.36000000004606,4622.564794139493
4969,49.042673852278675,259.38000000004604,4622.675010220063
4970,49.042673852278675,259.400000000046,4622.785221265144
4971,49.042673852278675,259.420000000046,4622.895427274216
4972,49.042673852278675,259.440000000046,4623.0056282467585
4973,49.042673852278675,259.46000000004597,4623.115824182253
4974,49.042673852278675,259.48000000004595,4623.22601508018
4975,49.042673852278675,259.50000000004593,4623.33620094002
4976,48.958092813627204,259.5200000000459,4623.446381761253
4977,48.958092813627204,259.5400000000459,4623.55655754336
4978,48.958092813627204,259.5600000000459,4623.6667282858225
4979,48.958092813627204,259.58000000004586,4623.77689398812
4980,48.958092813627204,259.60000000004584,4623.887054649733
4981,48.958092813627204,259.6200000000458,4623.997210270143
4982,48.958092813627204,259.6400000000458,4624.1073608488305
4983,48.958092813627204,259.6600000000458,4624.217506385276
4984,48.958092813627204,259.68000000004577,4624.327646878959
4985,48.958092813627204,259.70000000004575,4624.437782329363
4986,48.958092813627204,259.72000000004573,4624.547912735966
4987,48.958092813627204,259.7400000000457,4624.65803809825
4988,48.958092813627204,259.7600000000457,4624.768158415695
4989,48.958092813627204,259.7800000000457,4624.878273687783
4990,48.958092813627204,259.80000000004566,4624.988383913994
4991,48.958092813627204,259.82000000004564,4625.098489093809
4992,48.958092813627204,259.8400000000456,4625.208589226709
4993,48.958092813627204,259.8600000000456,4625.318684312174
4994,48.958092813627204,259.8800000000456,4625.428774349685
4995,48.958092813627204,259.90000000004557,4625.538859338723
4996,48.958092813627204,259.92000000004555,4625.64893927877
4997,48.958092813627204,259.94000000004553,4625.759014169305
4998,48.958092813627204,259.9600000000455,4625.869084009811
4999,48.958092813627204,259.9800000000455,4625.979148799766
5000,48.958092813627204,260.0000000000455,4626.089208538654
5001,48.958092813627204,260.02000000004546,4626.199263225954
5002,48.958092813627204,260.04000000004544,4626.309312861148
5003,48.958092813627204,260.0600000000454,4626.419357443717
5004,48.958092813627204,260.0800000000454,4626.52939697314
5005,48.958092813627204,260.1000000000454,4626.639431448901
5006,48.958092813627204,260.12000000004537,4626.749460870478
5007,48.958092813627204,260.14000000004535,4626.859485237354
5008,48.958092813627204,260.16000000004533,4626.96950454901
5009,48.958092813627204,260.1800000000453,4627.079518804926
5010,48.958092813627204,260.2000000000453,4627.189528004584
5011,48.958092813627204,260.2200000000453,4627.299532147465
5012,48.958092813627204,260.24000000004526,4627.409531233049
5013,48.958092813627204,260.26000000004524,4627.519525260818
5014,48.958092813627204,260.2800000000452,4627.629514230253
5015,48.958092813627204,260.3000000000452,4627.739498143675
5016,48.958092813627204,260.3200000000452,4627.849477036493
5017,48.958092813627204,260.34000000004517,4627.959450918565
5018,48.958092813627204,260.36000000004515,4628.069419789375
5019,48.958092813627204,260.38000000004513,4628.179383648408
5020,48.958092813627204,260.4000000000451,4628.289342495145
5021,48.958092813627204,260.4200000000451,4628.399296329072
5022,48.958092813627204,260.4400000000451,4628.509245149672
5023,48.958092813627204,260.46000000004506,4628.61918895643
5024,48.958092813627204,260.48000000004504,4628.729127748828
5025,48.958092813627204,260.500000000045,4628.839061526352
5026,48.958092813627204,260.520000000045,4628.948990288485
5027,48.958092813627204,260.540000000045,4629.058914034711
5028,48.958092813627204,260.56000000004497,4629.168832764514
5029,48.958092813627204,260.58000000004495,4629.278746477378
5030,48.958092813627204,260.60000000004493,4629.388655172787
5031,48.958092813627204,260.6200000000449,4629.498558850226
5032,48.958092813627204,260.6400000000449,4629.608457509177
5033,48.958092813627204,260.6600000000449,4629.718351149126
5034,48.958092813627204,260.68000000004486,4629.828239769556
5035,48.958092813627204,260.70000000004484,4629.9381233699505
5036,48.958092813627204,260.7200000000448,4630.048001950154
5037,48.958092813627204,260.7400000000448,4630.157875513551
5038,48.958092813627204,260.7600000000448,4630.2677440603
5039,48.958092813627204,260.78000000004477,4630.37760758989
5040,48.958092813627204,260.80000000004475,4630.487466101811
5041,48.958092813627204,260.82000000004473,4630.597319595551
5042,48.958092813627204,260.8400000000447,4630.707168070599
5043,48.958092813627204,260.8600000000447,4630.817011526446
5044,48.958092813627204,260.8800000000447,4630.926849962578
5045,48.958092813627204,260.90000000004466,4631.036683378486
5046,48.958092813627204,260.92000000004464,4631.146511773658
5047,48.958092813627204,260.9400000000446,4631.256335147584
5048,48.958092813627204,260.9600000000446,4631.366153499752
5049,48.958092813627204,260.9800000000446,4631.475966829652
5050,48.958092813627204,261.00000000004457,4631.585775136772
5051,48.958092813627204,261.02000000004455,4631.695578420602
5052,48.958092813627204,261.04000000004453,4631.8053766806315
5053,48.958092813627204,261.0600000000445,4631.9151699163485
5054,48.958092813627204,261.0800000000445,4632.024958127243
5055,48.958092813627204,261.1000000000445,4632.134741312804
5056,48.958092813627204,261.12000000004446,4632.244519472521
5057,48.958092813627204,261.14000000004444,4632.354292605882
5058,48.958092813627204,261.1600000000444,4632.464060712377
5059,48.958092813627204,261.1800000000444,4632.573823791497
5060,48.958092813627204,261.2000000000444,4632.683581842728
5061,48.958092813627204,261.22000000004437,4632.7933348655615
5062,48.958092813627204,261.24000000004435,4632.903082859486
5063,48.958092813627204,261.26000000004433,4633.01282582399
5064,48.958092813627204,261.2800000000443,4633.122563758564
5065,48.958092813627204,261.3000000000443,4633.232296662697
5066,48.958092813627204,261.3200000000443,4633.342024539359
5067,48.958092813627204,261.34000000004426,4633.451747426978
5068,48.958092813627204,261.36000000004424,4633.561465332653
5069,48.958092813627204,261.3800000000442,4633.671178255874
5070,48.958092813627204,261.4000000000442,4633.780886196131
5071,48.958092813627204,261.4200000000442,4633.890589152912
5072,48.958092813627204,261.44000000004417,4634.000287125707
5073,48.958092813627204,261.46000000004415,4634.1099801140035
5074,48.958092813627204,261.48000000004413,4634.219668117292
5075,48.87375461572565,261.5000000000441,4634.329351135061
5076,48.87375461572565,261.5200000000441,4634.4390291668005
5077,48.87375461572565,261.5400000000441,4634.548702212
5078,48.87375461572565,261.56000000004406,4634.658370270146
5079,48.87375461572565,261.58000000004404,4634.768033340732
5080,48.87375461572565,261.600000000044,4634.877691423243
5081,48.87375461572565,261.620000000044,4634.987344517171
5082,48.87375461572565,261.640000000044,4635.096992622004
5083,48.87375461572565,261.66000000004396,4635.206635737232
5084,48.87375461572565,261.68000000004395,4635.316273862344
5085,48.87375461572565,261.70000000004393,4635.425906996829
5086,48.87375461572565,261.7200000000439,4635.535535140177
5087,48.87375461572565,261.7400000000439,4635.645158291876
5088,48.87375461572565,261.7600000000439,4635.7547764514175
5089,48.87375461572565,261.78000000004386,4635.864389618289
5090,48.87375461572565,261.80000000004384,4635.973997791981
5091,48.87375461572565,261.8200000000438,4636.0836009719815
5092,48.87375461572565,261.8400000000438,4636.193199157781
5093,48.87375461572565,261.8600000000438,4636.302792348869
5094,48.87375461572565,261.88000000004376,4636.412380544734
5095,48.87375461572565,261.90000000004375,4636.521963744867
5096,48.87375461572565,261.92000000004373,4636.631541948756
5097,48.87375461572565,261.9400000000437,4636.741115155892
5098,48.87375461572565,261.9600000000437,4636.850683365763
5099,48.87375461572565,261.9800000000437,4636.960246577859
5100,48.87375461572565,262.00000000004366,4637.069804791669
5101,48.87375461572565,262.02000000004364,4637.179358006683
5102,48.87375461572565,262.0400000000436,4637.288906222391
5103,48.87375461572565,262.0600000000436,4637.398449438282
5104,48.87375461572565,262.0800000000436,4637.507987653846
5105,48.87375461572565,262.10000000004356,4637.617520868572
5106,48.87375461572565,262.12000000004355,4637.727049081949
5107,48.87375461572565,262.1400000000435,4637.836572293469
5108,48.87375461572565,262.1600000000435,4637.946090502619
5109,48.87375461572565,262.1800000000435,4638.05560370889
5110,48.87375461572565,262.2000000000435,4638.165111911771
5111,48.87375461572565,262.22000000004346,4638.274615110753
5112,48.87375461572565,262.24000000004344,4638.384113305325
5113,48.87375461572565,262.2600000000434,4638.493606494975
5114,48.87375461572565,262.2800000000434,4638.603094679195
5115,48.87375461572565,262.3000000000434,4638.712577857474
5116,48.87375461572565,262.32000000004336,4638.822056029301
5117,48.87375461572565,262.34000000004335,4638.9315291980865
5118,48.87375461572565,262.3600000000433,4639.040997403087
5119,48.87375461572565,262.3800000000433,4639.150460648276
5120,48.87375461572565,262.4000000000433,4639.259918933137
5121,48.87375461572565,262.4200000000433,4639.369372257154
5122,48.87375461572565,262.44000000004326,4639.478820619812
5123,48.87375461572565,262.46000000004324,4639.588264020595
5124,48.87375461572565,262.4800000000432,4639.697702458987
5125,48.87375461572565,262.5000000000432,4639.807135934472
5126,48.87375461572565,262.5200000000432,4639.916564446536
5127,48.87375461572565,262.54000000004316,4640.02598799484
5128,48.87375461572565,262.56000000004315,4640.135406581846
5129,48.87375461572565,262.5800000000431,4640.244820208408
5130,48.87375461572565,262.6000000000431,4640.3542288740155
5131,48.87375461572565,262.6200000000431,4640.463632578159
5132,48.87375461572565,262.6400000000431,4640.573031320329
5133,48.87375461572565,262.66000000004306,4640.682425100015
5134,48.87375461572565,262.68000000004304,4640.791813916708
5135,48.87375461572565,262.700000000043,4640.9011977698965
5136,48.87375461572565,262.720000000043,4641.010576659071
5137,48.87375461572565,262.740000000043,4641.119950583723
5138,48.87375461572565,262.76000000004296,4641.229319543341
5139,48.87375461572565,262.78000000004295,4641.338683537417
5140,48.87375461572565,262.8000000000429,4641.448042565439
5141,48.87375461572565,262.8200000000429,4641.5573966268985
5142,48.87375461572565,262.8400000000429,4641.666745721285
5143,48.87375461572565,262.8600000000429,4641.776089848089
5144,48.87375461572565,262.88000000004286,4641.8854290068
5145,48.87375461572565,262.90000000004284,4641.994763196909
5146,48.87375461572565,262.9200000000428,4642.104092417906
5147,48.87375461572565,262.9400000000428,4642.213416669281
5148,48.87375461572565,262.9600000000428,4642.322735950525
5149,48.87375461572565,262.98000000004276,4642.432050261128
5150,48.87375461572565,263.00000000004275,4642.54135960058
5151,48.87375461572565,263.0200000000427,4642.650663968371
5152,48.87375461572565,263.0400000000427,4642.759963363992
5153,48.87375461572565,263.0600000000427,4642.869257786932
5154,48.87375461572565,263.0800000000427,4642.978547236684
5155,48.87375461572565,263.10000000004266,4643.087831712735
5156,48.87375461572565,263.12000000004264,4643.197111214578
5157,48.87375461572565,263.1400000000426,4643.306385741703
5158,48.87375461572565,263.1600000000426,4643.415655293598
5159,48.87375461572565,263.1800000000426,4643.524919869757
5160,48.87375461572565,263.20000000004256,4643.634179469667
5161,48.87375461572565,263.22000000004255,4643.743434092821
5162,48.87375461572565,263.2400000000425,4643.852683738709
5163,48.87375461572565,263.2600000000425,4643.96192840682
5164,48.87375461572565,263.2800000000425,4644.071168096646
5165,48.87375461572565,263.3000000000425,4644.180402807677
5166,48.87375461572565,263.32000000004246,4644.289632539403
5167,48.87375461572565,263.34000000004244,4644.398857291315
5168,48.87375461572565,263.3600000000424,4644.508077069431
5169,48.87375461572565,263.3800000000424,4644.617291912372
5170,48.87375461572565,263.4000000000424,4644.7265018232565
5171,48.87375461572565,263.42000000004236,4644.835706801583
5172,48.87375461572565,263.44000000004235,4644.94490684685
5173,48.87375461572565,263.4600000000423,4645.054101958556
5174,48.87375461572565,263.4800000000423,4645.163292136198
5175,48.78965828358509,263.5000000000423,4645.272477379274
5176,48.78965828358509,263.5200000000423,4645.381657687284
5177,48.78965828358509,263.54000000004226,4645.4908330597245
5178,48.78965828358509,263.56000000004224,4645.600003496094
5179,48.78965828358509,263.5800000000422,4645.709168995892
5180,48.78965828358509,263.6000000000422,4645.818329558614
5181,48.78965828358509,263.6200000000422,4645.927485183761
5182,48.78965828358509,263.64000000004216,4646.03663587083
5183,48.78965828358509,263.66000000004215,4646.145781619319
5184,48.78965828358509,263.6800000000421,4646.254922428727
5185,48.78965828358509,263.7000000000421,4646.364058298551
5186,48.78965828358509,263.7200000000421,4646.473189228291
5187,48.78965828358509,263.7400000000421,4646.5823152174435
5188,48.78965828358509,263.76000000004206,4646.691436265508
5189,48.78965828358509,263.78000000004204,4646.800552371983
5190,48.78965828358509,263.800000000042,4646.909663536367
5191,48.78965828358509,263.820000000042,4647.018769758157
5192,48.78965828358509,263.840000000042,4647.127871036852
5193,48.78965828358509,263.86000000004196,4647.236967371951
5194,48.78965828358509,263.88000000004195,4647.346058762952
5195,48.78965828358509,263.9000000000419,4647.455145209354
5196,48.78965828358509,263.9200000000419,4647.564226710654
5197,48.78965828358509,263.9400000000419,4647.6733032663515
5198,48.78965828358509,263.9600000000419,4647.782374875945
5199,48.78965828358509,263.98000000004185,4647.891441538932
5200,48.78965828358509,264.00000000004184,4648.0005032548115
5201,48.78965828358509,264.0200000000418,4648.109560023082
5202,48.78965828358509,264.0400000000418,4648.218611843243
5203,48.78965828358509,264.0600000000418,4648.327658714791
5204,48.78965828358509,264.08000000004176,4648.436700637227
5205,48.78965828358509,264.10000000004175,4648.545737610048
5206,48.78965828358509,264.1200000000417,4648.654769632752
5207,48.78965828358509,264.1400000000417,4648.763796704839
5208,48.78965828358509,264.1600000000417,4648.8728188258065
5209,48.78965828358509,264.1800000000417,4648.981835995154
5210,48.78965828358509,264.20000000004165,4649.09084821238
5211,48.78965828358509,264.22000000004164,4649.199855476982
5212,48.78965828358509,264.2400000000416,4649.308857788459
5213,48.78965828358509,264.2600000000416,4649.417855146311
5214,48.78965828358509,264.2800000000416,4649.526847550035
5215,48.78965828358509,264.30000000004156,4649.6358349991315
5216,48.78965828358509,264.32000000004155,4649.744817493098
5217,48.78965828358509,264.3400000000415,4649.853795031433
5218,48.78965828358509,264.3600000000415,4649.962767613636
5219,48.78965828358509,264.3800000000415,4650.0717352493975
5220,48.78965828358509,264.4000000000415,4650.180697977423
5221,48.78965828358509,264.42000000004145,4650.289655800438
5222,48.78965828358509,264.44000000004144,4650.398608717945
5223,48.78965828358509,264.4600000000414,4650.507556729446
5224,48.78965828358509,264.4800000000414,4650.616499834445
5225,48.78965828358509,264.5000000000414,4650.725438032443
5226,48.78965828358509,264.52000000004136,4650.834371322943
5227,48.78965828358509,264.54000000004135,4650.943299705447
5228,48.78965828358509,264.5600000000413,4651.052223179458
5229,48.78965828358509,264.5800000000413,4651.161141744479
5230,48.78965828358509,264.6000000000413,4651.270055400012
5231,48.78965828358509,264.6200000000413,4651.37896414556
5232,48.78965828358509,264.64000000004125,4651.487867980625
5233,48.78965828358509,264.66000000004124,4651.59676690471
5234,48.78965828358509,264.6800000000412,4651.705660917318
5235,48.78965828358509,264.7000000000412,4651.814550017951
5236,48.78965828358509,264.7200000000412,4651.923434206111
5237,48.78965828358509,264.74000000004116,4652.032313481302
5238,48.78965828358509,264.76000000004115,4652.141187843025
5239,48.78965828358509,264.7800000000411,4652.250057290785
5240,48.78965828358509,264.8000000000411,4652.358921824082
5241,48.78965828358509,264.8200000000411,4652.467781442421
5242,48.78965828358509,264.8400000000411,4652.576636145303
5243,48.78965828358509,264.86000000004105,4652.685485932232
5244,48.78965828358509,264.88000000004104,4652.794330802711
5245,48.78965828358509,264.900000000041,4652.903170756241
5246,48.78965828358509,264.920000000041,4653.012005792326
5247,48.78965828358509,264.940000000041,4653.1208359104685
5248,48.78965828358509,264.96000000004096,4653.229661110171
5249,48.78965828358509,264.98000000004095,4653.338481390937
5250,48.78965828358509,265.0000000000409,4653.447296752269
5251,48.78965828358509,265.0200000000409,4653.556107193669
5252,48.78965828358509,265.0400000000409,4653.664912714641
5253,48.78965828358509,265.0600000000409,4653.7737133146875
5254,48.78965828358509,265.08000000004085,4653.882508993312
5255,48.78965828358509,265.10000000004084,4653.991299750016
5256,48.78965828358509,265.1200000000408,4654.100085584303
5257,48.78965828358509,265.1400000000408,4654.208866495676
5258,48.78965828358509,265.1600000000408,4654.317642483638
5259,48.78965828358509,265.18000000004076,4654.426413547692
5260,48.78965828358509,265.20000000004075,4654.535179687341
5261,48.78965828358509,265.2200000000407,4654.643940902088
5262,48.78965828358509,265.2400000000407,4654.752697191435
5263,48.78965828358509,265.2600000000407,4654.861448554886
5264,48.78965828358509,265.2800000000407,4654.970194991944
5265,48.78965828358509,265.30000000004065,4655.078936502111
5266,48.78965828358509,265.32000000004064,4655.187673084891
5267,48.78965828358509,265.3400000000406,4655.296404739786
5268,48.78965828358509,265.3600000000406,4655.405131466301
5269,48.78965828358509,265.3800000000406,4655.513853263938
5270,48.78965828358509,265.40000000004056,4655.622570144337
5271,48.78965828358509,265.42000000004055,4655.731282140919
5272,48.78965828358509,265.4400000000405,4655.839989255609
5273,48.78965828358509,265.4600000000405,4655.948691487916
5274,48.78965828358509,265.4800000000405,4656.057388837347
5275,48.70580284724392,265.5000000000405,4656.1660813034105
5276,48.70580284724392,265.52000000004045,4656.274768885613
5277,48.70580284724392,265.54000000004044,4656.383451583463
5278,48.70580284724392,265.5600000000404,4656.492129396468
5279,48.70580284724392,265.5800000000404,4656.600802324136
5280,48.70580284724392,265.6000000000404,4656.709470365973
5281,48.70580284724392,265.62000000004036,4656.818133521489
5282,48.70580284724392,265.64000000004035,4656.92679179019
5283,48.70580284724392,265.6600000000403,4657.035445171585
5284,48.70580284724392,265.6800000000403,4657.144093665182
5285,48.70580284724392,265.7000000000403,4657.252737270487
5286,48.70580284724392,265.7200000000403,4657.3613759870095
5287,48.70580284724392,265.74000000004025,4657.470009814257
5288,48.70580284724392,265.76000000004024,4657.578638751736
5289,48.70580284724392,265.7800000000402,4657.687262798957
5290,48.70580284724392,265.8000000000402,4657.795881955425
5291,48.70580284724392,265.8200000000402,4657.904496220649
5292,48.70580284724392,265.84000000004016,4658.013105594137
5293,48.70580284724392,265.86000000004015,4658.1217100753975
5294,48.70580284724392,265.8800000000401,4658.230309663937
5295,48.70580284724392,265.9000000000401,4658.338904359264
5296,48.70580284724392,265.9200000000401,4658.447494160887
5297,48.70580284724392,265.9400000000401,4658.556079068313
5298,48.70580284724392,265.96000000004005,4658.664659081051
5299,48.70580284724392,265.98000000004004,4658.7732341986075
5300,48.70580284724392,266.00000000004,4658.881804420492
5301,48.70580284724392,266.02000000004,4658.990369746212
5302,48.70580284724392,266.04000000004,4659.098930175276
5303,48.70580284724392,266.06000000003996,4659.207485707191
5304,48.70580284724392,266.08000000003995,4659.316036341465
5305,48.70580284724392,266.1000000000399,4659.424582077607
5306,48.70580284724392,266.1200000000399,4659.533122915124
5307,48.70580284724392,266.1400000000399,4659.641658853526
5308,48.70580284724392,266.1600000000399,4659.750189892318
5309,48.70580284724392,266.18000000003985,4659.858716031011
5310,48.70580284724392,266.20000000003984,4659.967237269111
5311,48.70580284724392,266.2200000000398,4660.075753607296
5312,48.70580284724392,266.2400000000398,4660.18426504837
5313,48.70580284724392,266.2600000000398,4660.292771592074
5314,48.70580284724392,266.28000000003976,4660.40127323791
5315,48.70580284724392,266.30000000003974,4660.509769985381
5316,48.70580284724392,266.3200000000397,4660.618261833992
5317,48.70580284724392,266.3400000000397,4660.726748783244
5318,48.70580284724392,266.3600000000397,4660.835230832642
5319,48.70580284724392,266.3800000000397,4660.943707981688
5320,48.70580284724392,266.40000000003965,4661.052180229885
5321,48.70580284724392,266.42000000003964,4661.160647591234
5322,48.70580284724392,266.4400000000396,4661.269110095807
5323,48.70580284724392,266.4600000000396,4661.3775677448975
5324,48.70580284724392,266.4800000000396,4661.486020538011
5325,48.70580284724392,266.50000000003956,4661.594468474652
5326,48.70580284724392,266.52000000003954,4661.702911554326
5327,48.70580284724392,266.5400000000395,4661.81134977654
5328,48.70580284724392,266.5600000000395,4661.919783140798
5329,48.70580284724392,266.5800000000395,4662.028211646607
5330,48.70580284724392,266.6000000000395,4662.136635293471
5331,48.70580284724392,266.62000000003945,4662.245054080897
5332,48.70580284724392,266.64000000003944,4662.3534680083885
5333,48.70580284724392,266.6600000000394,4662.461877075453
5334,48.70580284724392,266.6800000000394,4662.570281281596
5335,48.70580284724392,266.7000000000394,4662.678680626323
5336,48.70580284724392,266.72000000003936,4662.787075109139
5337,48.70580284724392,266.74000000003934,4662.8954647295495
5338,48.70580284724392,266.7600000000393,4663.0038494870605
5339,48.70580284724392,266.7800000000393,4663.112229381178
5340,48.70580284724392,266.8000000000393,4663.220604411407
5341,48.70580284724392,266.8200000000393,4663.3289745772545
5342,48.70580284724392,266.84000000003925,4663.437339878225
5343,48.70580284724392,266.86000000003924,4663.545700313825
5344,48.70580284724392,266.8800000000392,4663.65405588356
5345,48.70580284724392,266.9000000000392,4663.762406586936
5346,48.70580284724392,266.9200000000392,4663.870752423458
5347,48.70580284724392,266.94000000003916,4663.9790933926315
5348,48.70580284724392,266.96000000003914,4664.087429493963
5349,48.70580284724392,266.9800000000391,4664.195760726959
5350,48.70580284724392,267.0000000000391,4664.3040870911245
5351,48.70580284724392,267.0200000000391,4664.412408585966
5352,48.70580284724392,267.0400000000391,4664.520725210988
5353,48.70580284724392,267.06000000003905,4664.629036965697
5354,48.70580284724392,267.08000000003904,4664.7373438496
5355,48.70580284724392,267.100000000039,4664.845645862201
5356,48.70580284724392,267.120000000039,4664.953943003007
5357,48.70580284724392,267.140000000039,4665.0622352715245
5358,48.70580284724392,267.16000000003896,4665.170522667258
5359,48.70580284724392,267.18000000003894,4665.278805189715
5360,48.70580284724392,267.2000000000389,4665.3870828384
5361,48.70580284724392,267.2200000000389,4665.495355612819
5362,48.70580284724392,267.2400000000389,4665.603623512479
5363,48.70580284724392,267.2600000000389,4665.711886536886
5364,48.70580284724392,267.28000000003885,4665.820144685545
5365,48.70580284724392,267.30000000003884,4665.928397957962
5366,48.70580284724392,267.3200000000388,4666.036646353645
5367,48.70580284724392,267.3400000000388,4666.144889872098
5368,48.70580284724392,267.3600000000388,4666.253128512828
5369,48.70580284724392,267.38000000003876,4666.361362275341
5370,48.70580284724392,267.40000000003874,4666.4695911591425
5371,48.70580284724392,267.4200000000387,4666.57781516374
5372,48.70580284724392,267.4400000000387,4666.686034306213
5373,48.70580284724392,267.4600000000387,4666.794248614956
5374,48.70580284724392,267.4800000000387,4666.902458090744
5375,48.70580284724392,267.50000000003865,4667.010662733095
5376,48.62218734173595,267.52000000003864,4667.118862541528
5377,48.62218734173595,267.5400000000386,4667.22705751556
5378,48.62218734173595,267.5600000000386,4667.33524765471
5379,48.62218734173595,267.5800000000386,4667.443432958496
5380,48.62218734173595,267.60000000003856,4667.551613426436
5381,48.62218734173595,267.62000000003854,4667.65978905805
5382,48.62218734173595,267.6400000000385,4667.767959852855
5383,48.62218734173595,267.6600000000385,4667.87612581037
5384,48.62218734173595,267.6800000000385,4667.984286930112
5385,48.62218734173595,267.7000000000385,4668.092443211601
5386,48.62218734173595,267.72000000003845,4668.200594654355
5387,48.62218734173595,267.74000000003844,4668.3087412578925
5388,48.62218734173595,267.7600000000384,4668.416883021731
5389,48.62218734173595,267.7800000000384,4668.52501994539
5390,48.62218734173595,267.8000000000384,4668.633152028388
5391,48.62218734173595,267.82000000003836,4668.7412792702435
5392,48.62218734173595,267.84000000003834,4668.849401670474
5393,48.62218734173595,267.8600000000383,4668.957519228599
5394,48.62218734173595,267.8800000000383,4669.065631944137
5395,48.62218734173595,267.9000000000383,4669.173739816606
5396,48.62218734173595,267.92000000003827,4669.281842845525
5397,48.62218734173595,267.94000000003825,4669.389941030412
5398,48.62218734173595,267.96000000003824,4669.498034370787
5399,48.62218734173595,267.9800000000382,4669.6061228661665
5400,48.62218734173595,268.0000000000382,4669.714206516071
5401,48.62218734173595,268.0200000000382,4669.822285320018
5402,48.62218734173595,268.04000000003816,4669.930359277526
5403,48.62218734173595,268.06000000003814,4670.038428388396
5404,48.62218734173595,268.0800000000381,4670.146492655653
5405,48.62218734173595,268.1000000000381,4670.25455207978
5406,48.62218734173595,268.1200000000381,4670.362606660294
5407,48.62218734173595,268.14000000003807,4670.470656396707
5408,48.62218734173595,268.16000000003805,4670.578701288537
5409,48.62218734173595,268.18000000003804,4670.686741335297
5410,48.62218734173595,268.200000000038,4670.794776536502
5411,48.62218734173595,268.220000000038,4670.902806891667
5412,48.62218734173595,268.240000000038,4671.010832400307
5413,48.62218734173595,268.26000000003796,4671.1188530619365
5414,48.62218734173595,268.28000000003794,4671.226868876071
5415,48.62218734173595,268.3000000000379,4671.334879842227
5416,48.62218734173595,268.3200000000379,4671.4428859599175
5417,48.62218734173595,268.3400000000379,4671.550887228658
5418,48.62218734173595,268.36000000003787,4671.658883647964
5419,48.62218734173595,268.38000000003785,4671.7668752173495
5420,48.62218734173595,268.40000000003783,4671.8748619363305
5421,48.62218734173595,268.4200000000378,4671.9828438044215
5422,48.62218734173595,268.4400000000378,4672.090820821138
5423,48.62218734173595,268.4600000000378,4672.198793005723
5424,48.62218734173595,268.48000000003776,4672.306760383461
5425,48.62218734173595,268.50000000003774,4672.414722954537
5426,48.62218734173595,268.5200000000377,4672.522680718466
5427,48.62218734173595,268.5400000000377,4672.630633674763
5428,48.62218734173595,268.5600000000377,4672.738581822943
5429,48.62218734173595,268.58000000003767,4672.846525162521
5430,48.62218734173595,268.60000000003765,4672.954463693012
5431,48.62218734173595,268.62000000003763,4673.062397413932
5432,48.62218734173595,268.6400000000376,4673.170326324795
5433,48.62218734173595,268.6600000000376,4673.278250425115
5434,48.62218734173595,268.6800000000376,4673.386169714409
5435,48.62218734173595,268.70000000003756,4673.4940841921925
5436,48.62218734173595,268.72000000003754,4673.601993857979
5437,48.62218734173595,268.7400000000375,4673.709898711285
5438,48.62218734173595,268.7600000000375,4673.817798751625
5439,48.62218734173595,268.7800000000375,4673.925693978513
5440,48.62218734173595,268.80000000003747,4674.033584391465
5441,48.62218734173595,268.82000000003745,4674.141469989998
5442,48.62218734173595,268.84000000003743,4674.249350773624
5443,48.62218734173595,268.8600000000374,4674.357226741861
5444,48.62218734173595,268.8800000000374,4674.465097894223
5445,48.62218734173595,268.9000000000374,4674.572964230225
5446,48.62218734173595,268.92000000003736,4674.680825749382
5447,48.62218734173595,268.94000000003734,4674.788682451211
5448,48.62218734173595,268.9600000000373,4674.896534335225
5449,48.62218734173595,268.9800000000373,4675.0043814009405
5450,48.62218734173595,269.0000000000373,4675.112223647873
5451,48.62218734173595,269.02000000003727,4675.220061075537
5452,48.62218734173595,269.04000000003725,4675.327893683449
5453,48.62218734173595,269.06000000003723,4675.435721471123
5454,48.62218734173595,269.0800000000372,4675.543544438075
5455,48.62218734173595,269.1000000000372,4675.651362583821
5456,48.62218734173595,269.1200000000372,4675.759175907875
5457,48.62218734173595,269.14000000003716,4675.866984409754
5458,48.62218734173595,269.16000000003714,4675.974788088972
5459,48.62218734173595,269.1800000000371,4676.082586945045
5460,48.62218734173595,269.2000000000371,4676.1903809774885
5461,48.62218734173595,269.2200000000371,4676.298170185818
5462,48.62218734173595,269.24000000003707,4676.405954569549
5463,48.62218734173595,269.26000000003705,4676.513734128196
5464,48.62218734173595,269.28000000003703,4676.621508861276
5465,48.62218734173595,269.300000000037,4676.729278768304
5466,48.62218734173595,269.320000000037,4676.837043848795
5467,48.62218734173595,269.340000000037,4676.944804102264
5468,48.62218734173595,269.36000000003696,4677.052559528228
5469,48.62218734173595,269.38000000003694,4677.160310126202
5470,48.62218734173595,269.4000000000369,4677.268055895701
5471,48.62218734173595,269.4200000000369,4677.375796836241
5472,48.62218734173595,269.4400000000369,4677.483532947337
5473,48.62218734173595,269.46000000003687,4677.591264228506
5474,48.62218734173595,269.48000000003685,4677.698990702061
5475,48.62218734173595,269.50000000003683,4677.80671239148
5476,48.62218734173595,269.5200000000368,4677.914429296416
5477,48.53881080705915,269.5400000000368,4678.0221414163925
5478,48.53881080705915,269.5600000000368,4678.129848750936
5479,48.53881080705915,269.58000000003676,4678.23755129957
5480,48.53881080705915,269.60000000003674,4678.345249061821
5481,48.53881080705915,269.6200000000367,4678.452942037213
5482,48.53881080705915,269.6400000000367,4678.56063022527
5483,48.53881080705915,269.6600000000367,4678.668313625518
5484,48.53881080705915,269.68000000003667,4678.775992237482
5485,48.53881080705915,269.70000000003665,4678.883666060686
5486,48.53881080705915,269.72000000003663,4678.991335094655
5487,48.53881080705915,269.7400000000366,4679.098999338916
5488,48.53881080705915,269.7600000000366,4679.206658792991
5489,48.53881080705915,269.7800000000366,4679.314313456407
5490,48.53881080705915,269.80000000003656,4679.421963328688
5491,48.53881080705915,269.82000000003654,4679.52960840936
5492,48.53881080705915,269.8400000000365,4679.637248697947
5493,48.53881080705915,269.8600000000365,4679.744884193974
5494,48.53881080705915,269.8800000000365,4679.852514896967
5495,48.53881080705915,269.90000000003647,4679.96014080645
5496,48.53881080705915,269.92000000003645,4680.067761922844
5497,48.53881080705915,269.94000000003643,4680.175378249168
5498,48.53881080705915,269.9600000000364,4680.282989785234
5499,48.53881080705915,269.9800000000364,4680.390596530568
5500,48.53881080705915,270.0000000000364,4680.498198484692
5501,48.53881080705915,270.02000000003636,4680.60579564713
5502,48.53881080705915,270.04000000003634,4680.713388017408
5503,48.53881080705915,270.0600000000363,4680.820975595048
5504,48.53881080705915,270.0800000000363,4680.9285583795745
5505,48.53881080705915,270.1000000000363,4681.0361363705115
5506,48.53881080705915,270.12000000003627,4681.143709567383
5507,48.53881080705915,270.14000000003625,4681.251277969713
5508,48.53881080705915,270.16000000003623,4681.3588415770255
5509,48.53881080705915,270.1800000000362,4681.466400388845
5510,48.53881080705915,270.2000000000362,4681.573954404695
5511,48.53881080705915,270.2200000000362,4681.681503624099
5512,48.53881080705915,270.24000000003616,4681.789048046582
5513,48.53881080705915,270.26000000003614,4681.896587671668
5514,48.53881080705915,270.2800000000361,4682.004122498881
5515,48.53881080705915,270.3000000000361,4682.111652527745
5516,48.53881080705915,270.3200000000361,4682.219177757784
5517,48.53881080705915,270.34000000003607,4682.326698188522
5518,48.53881080705915,270.36000000003605,4682.434213819483
5519,48.53881080705915,270.38000000003603,4682.541724650193
5520,48.53881080705915,270.400000000036,4682.649230680174
5521,48.53881080705915,270.420000000036,4682.75673190895
5522,48.53881080705915,270.440000000036,4682.864228336048
5523,48.53881080705915,270.46000000003596,4682.9717199609895
5524,48.53881080705915,270.48000000003594,4683.079206783712
5525,48.53881080705915,270.5000000000359,4683.186688828143
5526,48.53881080705915,270.5200000000359,4683.294166114503
5527,48.53881080705915,270.5400000000359,4683.401638642317
5528,48.53881080705915,270.56000000003587,4683.50910641111
5529,48.53881080705915,270.58000000003585,4683.616569420407
5530,48.53881080705915,270.60000000003583,4683.724027669734
5531,48.53881080705915,270.6200000000358,4683.831481158614
5532,48.53881080705915,270.6400000000358,4683.9389298865735
5533,48.53881080705915,270.6600000000358,4684.046373853137
5534,48.53881080705915,270.68000000003576,4684.15381305783
5535,48.53881080705915,270.70000000003574,4684.261247500178
5536,48.53881080705915,270.7200000000357,4684.368677179706
5537,48.53881080705915,270.7400000000357,4684.476102095939
5538,48.53881080705915,270.7600000000357,4684.583522248401
5539,48.53881080705915,270.78000000003567,4684.690937636618
5540,48.53881080705915,270.80000000003565,4684.798348260117
5541,48.53881080705915,270.82000000003563,4684.90575411842
5542,48.53881080705915,270.8400000000356,4685.013155211054
5543,48.53881080705915,270.8600000000356,4685.120551537544
5544,48.53881080705915,270.8800000000356,4685.227943097416
5545,48.53881080705915,270.90000000003556,4685.335329890194
5546,48.53881080705915,270.92000000003554,4685.442711915403
5547,48.53881080705915,270.9400000000355,4685.55008917257
5548,48.53881080705915,270.9600000000355,4685.657461661218
5549,48.53881080705915,270.9800000000355,4685.764829380874
5550,48.53881080705915,271.00000000003547,4685.872192331063
5551,48.53881080705915,271.02000000003545,4685.97955051131
5552,48.53881080705915,271.04000000003543,4686.08690392114
5553,48.53881080705915,271.0600000000354,4686.19425256008
5554,48.53881080705915,271.0800000000354,4686.301596427653
5555,48.53881080705915,271.1000000000354,4686.4089355233855
5556,48.53881080705915,271.12000000003536,4686.516269846803
5557,48.53881080705915,271.14000000003534,4686.623599397431
5558,48.53881080705915,271.1600000000353,4686.730924174794
5559,48.53881080705915,271.1800000000353,4686.838244178419
5560,48.53881080705915,271.2000000000353,4686.94555940783
5561,48.53881080705915,271.22000000003527,4687.052869862553
5562,48.53881080705915,271.24000000003525,4687.160175542113
5563,48.53881080705915,271.26000000003523,4687.267476446037
5564,48.53881080705915,271.2800000000352,4687.3747725738485
5565,48.53881080705915,271.3000000000352,4687.482063925074
5566,48.53881080705915,271.3200000000352,4687.589350499239
5567,48.53881080705915,271.34000000003516,4687.696632295869
5568,48.53881080705915,271.36000000003514,4687.803909314489
5569,48.53881080705915,271.3800000000351,4687.911181554625
5570,48.53881080705915,271.4000000000351,4688.018449015803
5571,48.53881080705915,271.4200000000351,4688.125711697548
5572,48.53881080705915,271.44000000003507,4688.232969599385
5573,48.53881080705915,271.46000000003505,4688.340222720841
5574,48.53881080705915,271.48000000003503,4688.44747106144
5575,48.53881080705915,271.500000000035,4688.554714621673
5576,48.53881080705915,271.520000000035,4688.661953428029
5577,48.53881080705915,271.540000000035,4688.769187498329
5578,48.53881080705915,271.56000000003496,4688.876416832105
5579,48.45567228814446,271.58000000003494,4688.9836414288875
5580,48.45567228814446,271.6000000000349,4689.0908612882085
5581,48.45567228814446,271.6200000000349,4689.198076409598
5582,48.45567228814446,271.6400000000349,4689.305286792588
5583,48.45567228814446,271.66000000003487,4689.412492436709
5584,48.45567228814446,271.68000000003485,4689.519693341493
5585,48.45567228814446,271.70000000003483,4689.6268895064695
5586,48.45567228814446,271.7200000000348,4689.734080931172
5587,48.45567228814446,271.7400000000348,4689.841267615129
5588,48.45567228814446,271.7600000000348,4689.948449557874
5589,48.45567228814446,271.78000000003476,4690.055626759397
5590,48.45567228814446,271.80000000003474,4690.162799223039
5591,48.45567228814446,271.8200000000347,4690.269966948702
5592,48.45567228814446,271.8400000000347,4690.377129935919
5593,48.45567228814446,271.8600000000347,4690.484288184219
5594,48.45567228814446,271.88000000003467,4690.591441693134
5595,48.45567228814446,271.90000000003465,4690.698590462195
5596,48.45567228814446,271.92000000003463,4690.805734490934
5597,48.45567228814446,271.9400000000346,4690.912873778881
5598,48.45567228814446,271.9600000000346,4691.020008325567
5599,48.45567228814446,271.9800000000346,4691.127138130524
5600,48.45567228814446,272.00000000003456,4691.2342631932825
5601,48.45567228814446,272.02000000003454,4691.341383513374
5602,48.45567228814446,272.0400000000345,4691.44849909033
5603,48.45567228814446,272.0600000000345,4691.555609923682
5604,48.45567228814446,272.0800000000345,4691.66271601296
5605,48.45567228814446,272.10000000003447,4691.769817357696
5606,48.45567228814446,272.12000000003445,4691.8769139574215
5607,48.45567228814446,272.14000000003443,4691.984005811667
5608,48.45567228814446,272.1600000000344,4692.091092919964
5609,48.45567228814446,272.1800000000344,4692.198175281844
5610,48.45567228814446,272.2000000000344,4692.305252896838
5611,48.45567228814446,272.22000000003436,4692.412325764478
5612,48.45567228814446,272.24000000003434,4692.519393884294
5613,48.45567228814446,272.2600000000343,4692.626457255818
5614,48.45567228814446,272.2800000000343,4692.733515878583
5615,48.45567228814446,272.3000000000343,4692.8405697521175
5616,48.45567228814446,272.32000000003427,4692.9476188759545
5617,48.45567228814446,272.34000000003425,4693.054663249625
5618,48.45567228814446,272.36000000003423,4693.161702872661
5619,48.45567228814446,272.3800000000342,4693.268737744594
5620,48.45567228814446,272.4000000000342,4693.375767864954
5621,48.45567228814446,272.4200000000342,4693.482793233273
5622,48.45567228814446,272.44000000003416,4693.589813849083
5623,48.45567228814446,272.46000000003414,4693.696829711916
5624,48.45567228814446,272.4800000000341,4693.8038408213015
5625,48.45567228814446,272.5000000000341,4693.910847176773
5626,48.45567228814446,272.5200000000341,4694.017848779322
5627,48.45567228814446,272.54000000003407,4694.124845656701
5628,48.45567228814446,272.56000000003405,4694.231837823516
5629,48.45567228814446,272.58000000003403,4694.338825279299
5630,48.45567228814446,272.600000000034,4694.445808023584
5631,48.45567228814446,272.620000000034,4694.552786055901
5632,48.45567228814446,272.640000000034,4694.659759375785
5633,48.45567228814446,272.66000000003396,4694.766727982767
5634,48.45567228814446,272.68000000003394,4694.873691876381
5635,48.45567228814446,272.7000000000339,4694.980651056158
5636,48.45567228814446,272.7200000000339,4695.087605521632
5637,48.45567228814446,272.7400000000339,4695.194555272335
5638,48.45567228814446,272.76000000003387,4695.301500307799
5639,48.45567228814446,272.78000000003385,4695.408440627558
5640,48.45567228814446,272.80000000003383,4695.515376231144
5641,48.45567228814446,272.8200000000338,4695.622307118089
5642,48.45567228814446,272.8400000000338,4695.729233287927
5643,48.45567228814446,272.8600000000338,4695.83615474019
5644,48.45567228814446,272.88000000003376,4695.943071474411
5645,48.45567228814446,272.90000000003374,4696.049983490123
5646,48.45567228814446,272.9200000000337,4696.156890786858
5647,48.45567228814446,272.9400000000337,4696.263793364148
5648,48.45567228814446,272.9600000000337,4696.3706912215275
5649,48.45567228814446,272.98000000003367,4696.4775843585285
5650,48.45567228814446,273.00000000003365,4696.5844727746835
5651,48.45567228814446,273.02000000003363,4696.691356469526
5652,48.45567228814446,273.0400000000336,4696.7982354425885
5653,48.45567228814446,273.0600000000336,4696.905109693404
5654,48.45567228814446,273.0800000000336,4697.011979221505
5655,48.45567228814446,273.10000000003356,4697.118844026424
5656,48.45567228814446,273.12000000003354,4697.225704107695
5657,48.45567228814446,273.1400000000335,4697.3325594648495
5658,48.45567228814446,273.1600000000335,4697.439410097421
5659,48.45567228814446,273.1800000000335,4697.546256004943
5660,48.45567228814446,273.20000000003347,4697.653097186947
5661,48.45567228814446,273.22000000003345,4697.759933642968
5662,48.45567228814446,273.24000000003343,4697.866765372537
5663,48.45567228814446,273.2600000000334,4697.973592375188
5664,48.45567228814446,273.2800000000334,4698.080414650453
5665,48.45567228814446,273.3000000000334,4698.187232197866
5666,48.45567228814446,273.32000000003336,4698.29404501696
5667,48.45567228814446,273.34000000003334,4698.400853107267
5668,48.45567228814446,273.3600000000333,4698.50765646832
5669,48.45567228814446,273.3800000000333,4698.614455099654
5670,48.45567228814446,273.4000000000333,4698.7212490008005
5671,48.45567228814446,273.42000000003327,4698.828038171292
5672,48.45567228814446,273.44000000003325,4698.934822610663
5673,48.45567228814446,273.46000000003323,4699.041602318445
5674,48.45567228814446,273.4800000000332,4699.148377294173
5675,48.45567228814446,273.5000000000332,4699.255147537378
5676,48.45567228814446,273.5200000000332,4699.361913047595
5677,48.45567228814446,273.54000000003316,4699.468673826384
5678,48.45567228814446,273.56000000003314,4699.575429904197
5679,48.45567228814446,273.5800000000331,4699.682181293251
5680,48.45567228814446,273.6000000000331,4699.788927993086
5681,48.372770834824806,273.6200000000331,4699.895670003243
5682,48.45567228814446,273.64000000003307,4700.002407323281
5683,48.45567228814446,273.66000000003305,4700.109139955145
5684,48.45567228814446,273.68000000003303,4700.215867900621
5685,48.45567228814446,273.700000000033,4700.322591159244
5686,48.45567228814446,273.720000000033,4700.429309730554
5687,48.372770834824806,273.740000000033,4700.536023614087
5688,48.372770834824806,273.76000000003296,4700.64273280938
5689,48.372770834824806,273.78000000003294,4700.74943731597
5690,48.372770834824806,273.8000000000329,4700.8561371333935
5691,48.372770834824806,273.8200000000329,4700.962832261189
5692,48.372770834824806,273.8400000000329,4701.069522698894
5693,48.372770834824806,273.86000000003287,4701.176208446044
5694,48.372770834824806,273.88000000003285,4701.282889502178
5695,48.372770834824806,273.90000000003283,4701.389565866832
5696,48.372770834824806,273.9200000000328,4701.4962375395435
5697,48.372770834824806,273.9400000000328,4701.60290451985
5698,48.372770834824806,273.9600000000328,4701.70956680729
5699,48.372770834824806,273.98000000003276,4701.816224401398
5700,48.372770834824806,274.00000000003274,4701.922877301714
5701,48.372770834824806,274.0200000000327,4702.029525507774
5702,48.372770834824806,274.0400000000327,4702.136169019116
5703,48.372770834824806,274.0600000000327,4702.242807835277
5704,48.372770834824806,274.08000000003267,4702.349441955794
5705,48.372770834824806,274.10000000003265,4702.456071380205
5706,48.372770834824806,274.12000000003263,4702.562696108047
5707,48.372770834824806,274.1400000000326,4702.6693161388575
5708,48.372770834824806,274.1600000000326,4702.775931472174
5709,48.372770834824806,274.1800000000326,4702.882542107534
5710,48.372770834824806,274.20000000003256,4702.989148044475
5711,48.372770834824806,274.22000000003254,4703.095749282534
5712,48.372770834824806,274.2400000000325,4703.202345821248
5713,48.372770834824806,274.2600000000325,4703.308937660156
5714,48.372770834824806,274.2800000000325,4703.415524798794
5715,48.372770834824806,274.30000000003247,4703.5221072367
5716,48.372770834824806,274.32000000003245,4703.628684973412
5717,48.372770834824806,274.34000000003243,4703.735258008468
5718,48.372770834824806,274.3600000000324,4703.841826341404
5719,48.372770834824806,274.3800000000324,4703.948389971759
5720,48.372770834824806,274.4000000000324,4704.054948899069
5721,48.372770834824806,274.42000000003236,4704.161503122873
5722,48.372770834824806,274.44000000003234,4704.2680526427075
5723,48.372770834824806,274.4600000000323,4704.374597458111
5724,48.372770834824806,274.4800000000323,4704.4811375686195
5725,48.372770834824806,274.5000000000323,4704.587672973773
5726,48.372770834824806,274.52000000003227,4704.694203673107
5727,48.372770834824806,274.54000000003225,4704.800729666161
5728,48.372770834824806,274.56000000003223,4704.907250954947
5729,48.372770834824806,274.5800000000322,4705.013767570919
5730,48.372770834824806,274.6000000000322,4705.120279523251
5731,48.372770834824806,274.6200000000322,4705.22678681148
5732,48.372770834824806,274.64000000003216,4705.333289435143
5733,48.372770834824806,274.66000000003214,4705.439787393778
5734,48.372770834824806,274.6800000000321,4705.546280686921
5735,48.372770834824806,274.7000000000321,4705.65276931411
5736,48.372770834824806,274.7200000000321,4705.759253274882
5737,48.372770834824806,274.74000000003207,4705.8657325687755
5738,48.372770834824806,274.76000000003205,4705.972207195327
5739,48.372770834824806,274.78000000003203,4706.078677154075
5740,48.372770834824806,274.800000000032,4706.185142444556
5741,48.372770834824806,274.820000000032,4706.291603066306
5742,48.372770834824806,274.840000000032,4706.398059018865
5743,48.372770834824806,274.86000000003196,4706.504510301769
5744,48.372770834824806,274.88000000003194,4706.6109569145565
5745,48.372770834824806,274.9000000000319,4706.717398856764
5746,48.372770834824806,274.9200000000319,4706.823836127929
5747,48.372770834824806,274.9400000000319,4706.9302687275895
5748,48.372770834824806,274.96000000003187,4707.036696655283
5749,48.372770834824806,274.98000000003185,4707.143119910546
5750,48.372770834824806,275.00000000003183,4707.249538492918
5751,48.372770834824806,275.0200000000318,4707.355952401935
5752,48.372770834824806,275.0400000000318,4707.462361637135
5753,48.372770834824806,275.0600000000318,4707.5687661980555
5754,48.372770834824806,275.08000000003176,4707.675166084235
5755,48.372770834824806,275.10000000003174,4707.781561295209
5756,48.372770834824806,275.1200000000317,4707.8879518305175
5757,48.372770834824806,275.1400000000317,4707.994337689696
5758,48.372770834824806,275.1600000000317,4708.100718872284
5759,48.372770834824806,275.18000000003167,4708.207095377818
5760,48.372770834824806,275.20000000003165,4708.313467205836
5761,48.372770834824806,275.22000000003163,4708.4198343558755
5762,48.372770834824806,275.2400000000316,4708.526196827474
5763,48.372770834824806,275.2600000000316,4708.632554620171
5764,48.372770834824806,275.2800000000316,4708.738907733501
5765,48.372770834824806,275.30000000003156,4708.845256167004
5766,48.372770834824806,275.32000000003154,4708.951599920217
5767,48.372770834824806,275.3400000000315,4709.057938992678
5768,48.372770834824806,275.3600000000315,4709.164273383924
5769,48.372770834824806,275.3800000000315,4709.270603093494
5770,48.372770834824806,275.40000000003147,4709.376928120925
5771,48.372770834824806,275.42000000003145,4709.483248465755
5772,48.372770834824806,275.44000000003143,4709.589564127523
5773,48.372770834824806,275.4600000000314,4709.695875105765
5774,48.372770834824806,275.4800000000314,4709.8021814000185
5775,48.372770834824806,275.5000000000314,4709.908483009823
5776,48.372770834824806,275.52000000003136,4710.014779934826
5777,48.372770834824806,275.54000000003134,4710.1210721774
5778,48.372770834824806,275.5600000000313,4710.22735973892
5779,48.372770834824806,275.5800000000313,4710.333642621991
5780,48.372770834824806,275.6000000000313,4710.439920860896
5781,48.372770834824806,275.62000000003127,4710.546194462373
5782,48.372770834824806,275.64000000003125,4710.652463425969
5783,48.372770834824806,275.66000000003123,4710.758727751227
5784,48.372770834824806,275.6800000000312,4710.864987437693
5785,48.372770834824806,275.7000000000312,4710.971242484914
5786,48.372770834824806,275.7200000000312,4711.077492892434
5787,48.372770834824806,275.74000000003116,4711.183738659798
5788,48.372770834824806,275.76000000003114,4711.289979786553
5789,48.2901055018044,275.7800000000311,4711.396216272243
5790,48.2901055018044,275.8000000000311,4711.502448116414
5791,48.2901055018044,275.8200000000311,4711.608675318611
5792,48.2901055018044,275.84000000003107,4711.71489787838
5793,48.2901055018044,275.86000000003105,4711.8211157952655
5794,48.2901055018044,275.88000000003103,4711.927329068814
5795,48.2901055018044,275.900000000031,4712.03353769857
5796,48.2901055018044,275.920000000031,4712.13974168408
5797,48.2901055018044,275.940000000031,4712.245941024889
5798,48.2901055018044,275.96000000003096,4712.352135720543
5799,48.2901055018044,275.98000000003094,4712.458325770586
5800,48.2901055018044,276.0000000000309,4712.564511174565
5801,48.2901055018044,276.0200000000309,4712.670691932026
5802,48.2901055018044,276.0400000000309,4712.776868042512
5803,48.2901055018044,276.06000000003087,4712.883039505571
5804,48.2901055018044,276.08000000003085,4712.989206320748
5805,48.2901055018044,276.10000000003083,4713.0953684875885
5806,48.2901055018044,276.1200000000308,4713.201526005638
5807,48.2901055018044,276.1400000000308,4713.307678874442
5808,48.2901055018044,276.1600000000308,4713.413827093546
5809,48.2901055018044,276.18000000003076,4713.519970662496
5810,48.2901055018044,276.20000000003074,4713.626109580838
5811,48.2901055018044,276.2200000000307,4713.732243848116
5812,48.2901055018044,276.2400000000307,4713.838373463877
5813,48.2901055018044,276.2600000000307,4713.944498427667
5814,48.2901055018044,276.28000000003067,4714.050618739031
5815,48.2901055018044,276.30000000003065,4714.156734397515
5816,48.2901055018044,276.32000000003063,4714.262845402664
5817,48.2901055018044,276.3400000000306,4714.368951754025
5818,48.2901055018044,276.3600000000306,4714.475053451143
5819,48.2901055018044,276.3800000000306,4714.581150493564
5820,48.2901055018044,276.40000000003056,4714.687242880833
5821,48.2901055018044,276.42000000003054,4714.793330612496
5822,48.2901055018044,276.4400000000305,4714.899413688099
5823,48.2901055018044,276.4600000000305,4715.005492107189
5824,48.2901055018044,276.4800000000305,4715.11156586931
5825,48.2901055018044,276.50000000003047,4715.217634974008
5826,48.2901055018044,276.52000000003045,4715.323699420831
5827,48.2901055018044,276.54000000003043,4715.429759209323
5828,48.2901055018044,276.5600000000304,4715.5358143390295
5829,48.2901055018044,276.5800000000304,4715.641864809497
5830,48.2901055018044,276.6000000000304,4715.747910623737
5831,48.2901055018044,276.62000000003036,4715.853951816872
5832,48.2901055018044,276.64000000003034,4715.95998839283
5833,48.2901055018044,276.6600000000303,4716.06602035116
5834,48.2901055018044,276.6800000000303,4716.172047691407
5835,48.2901055018044,276.7000000000303,4716.278070413119
5836,48.2901055018044,276.72000000003027,4716.384088515844
5837,48.2901055018044,276.74000000003025,4716.4901019991285
5838,48.2901055018044,276.76000000003023,4716.59611086252
5839,48.2901055018044,276.7800000000302,4716.702115105566
5840,48.2901055018044,276.8000000000302,4716.8081147278135
5841,48.2901055018044,276.8200000000302,4716.91410972881
5842,48.2901055018044,276.84000000003016,4717.020100108103
5843,48.2901055018044,276.86000000003014,4717.12608586524
5844,48.2901055018044,276.8800000000301,4717.232066999769
5845,48.2901055018044,276.9000000000301,4717.338043511236
5846,48.2901055018044,276.9200000000301,4717.444015399189
5847,48.2901055018044,276.94000000003007,4717.549982663176
5848,48.2901055018044,276.96000000003005,4717.655945302743
5849,48.2901055018044,276.98000000003003,4717.761903317439
5850,48.2901055018044,277.00000000003,4717.86785670681
5851,48.2901055018044,277.02000000003,4717.973805470405
5852,48.2901055018044,277.04000000003,4718.07974960777
5853,48.2901055018044,277.06000000002996,4718.185689118453
5854,48.2901055018044,277.08000000002994,4718.291624002002
5855,48.2901055018044,277.1000000000299,4718.397554257965
5856,48.2901055018044,277.1200000000299,4718.503479885888
5857,48.2901055018044,277.1400000000299,4718.609400885319
5858,48.2901055018044,277.16000000002987,4718.7153172558055
5859,48.2901055018044,277.18000000002985,4718.821228996895
5860,48.2901055018044,277.20000000002983,4718.9271361081355
5861,48.2901055018044,277.2200000000298,4719.033038589075
5862,48.2901055018044,277.2400000000298,4719.13893643926
5863,48.2901055018044,277.2600000000298,4719.244829658239
5864,48.2901055018044,277.28000000002976,4719.350718245559
5865,48.2901055018044,277.30000000002974,4719.4566022007675
5866,48.2901055018044,277.3200000000297,4719.562481523413
5867,48.2901055018044,277.3400000000297,4719.668356213043
5868,48.2901055018044,277.3600000000297,4719.7742262692045
5869,48.2901055018044,277.38000000002967,4719.880091691446
5870,48.2901055018044,277.40000000002965,4719.985952479315
5871,48.2901055018044,277.42000000002963,4720.091808634224
5872,48.2901055018044,277.4400000000296,4720.197660158546
5873,48.2901055018044,277.4600000000296,4720.3035070519345
5874,48.2901055018044,277.4800000000296,4720.409349313941
5875,48.2901055018044,277.50000000002956,4720.515186944114
5876,48.2901055018044,277.52000000002954,4720.621019942005
5877,48.2901055018044,277.5400000000295,4720.726848307162
5878,48.2901055018044,277.5600000000295,4720.832672039136
5879,48.2901055018044,277.5800000000295,4720.938491137477
5880,48.2901055018044,277.60000000002947,4721.044305601736
5881,48.2901055018044,277.62000000002945,4721.150115436989
5882,48.2901055018044,277.64000000002943,4721.255920678255
5883,48.2901055018044,277.6600000000294,4721.3617213284115
5884,48.2901055018044,277.6800000000294,4721.467517387009
5885,48.2901055018044,277.7000000000294,4721.5733088536
5886,48.2901055018044,277.72000000002936,4721.6790957277335
5887,48.2901055018044,277.74000000002934,4721.784878008962
5888,48.2901055018044,277.7600000000293,4721.890655696836
5889,48.2901055018044,277.7800000000293,4721.996428790906
5890,48.2901055018044,277.8000000000293,4722.102197290725
5891,48.2901055018044,277.82000000002927,4722.207961195842
5892,48.207675348628236,277.84000000002925,4722.313720505808
5893,48.207675348628236,277.86000000002923,4722.4194752201765
5894,48.207675348628236,277.8800000000292,4722.525225338497
5895,48.207675348628236,277.9000000000292,4722.63097086032
5896,48.207675348628236,277.9200000000292,4722.736711785198
5897,48.207675348628236,277.94000000002916,4722.842448112682
5898,48.207675348628236,277.96000000002914,4722.948179842323
5899,48.207675348628236,277.9800000000291,4723.0539069736715
5900,48.207675348628236,278.0000000000291,4723.159629506279
5901,48.207675348628236,278.0200000000291,4723.2653474396975
5902,48.207675348628236,278.04000000002907,4723.371060773477
5903,48.207675348628236,278.06000000002905,4723.4767695071705
5904,48.207675348628236,278.08000000002903,4723.582473640327
5905,48.207675348628236,278.100000000029,4723.6881731725
5906,48.207675348628236,278.120000000029,4723.793868103239
5907,48.207675348628236,278.140000000029,4723.8995584320965
5908,48.207675348628236,278.16000000002896,4724.005244158623
5909,48.207675348628236,278.18000000002894,4724.11092528237
5910,48.207675348628236,278.2000000000289,4724.216601802888
5911,48.207675348628236,278.2200000000289,4724.32227371973
5912,48.207675348628236,278.2400000000289,4724.427941032447
5913,48.207675348628236,278.26000000002887,4724.53360374059
5914,48.207675348628236,278.28000000002885,4724.639261843709
5915,48.207675348628236,278.30000000002883,4724.744915341357
5916,48.207675348628236,278.3200000000288,4724.850564233086
5917,48.207675348628236,278.3400000000288,4724.956208518445
5918,48.207675348628236,278.3600000000288,4725.061848196988
5919,48.207675348628236,278.38000000002876,4725.167483268265
5920,48.207675348628236,278.40000000002874,4725.273113731827
5921,48.207675348628236,278.4200000000287,4725.378739587227
5922,48.207675348628236,278.4400000000287,4725.484360834015
5923,48.207675348628236,278.4600000000287,4725.589977471744
5924,48.207675348628236,278.48000000002867,4725.695589499964
5925,48.207675348628236,278.50000000002865,4725.801196918226
5926,48.207675348628236,278.52000000002863,4725.906799726084
5927,48.207675348628236,278.5400000000286,4726.012397923087
5928,48.207675348628236,278.5600000000286,4726.117991508788
5929,48.207675348628236,278.5800000000286,4726.223580482738
5930,48.207675348628236,278.60000000002856,4726.329164844488
5931,48.207675348628236,278.62000000002854,4726.434744593591
5932,48.207675348628236,278.6400000000285,4726.54031973743
5933,48.207675348628236,278.6600000000285,4726.645890307663
5934,48.207675348628236,278.6800000000285,4726.751456306539
5935,48.207675348628236,278.70000000002847,4726.857017733612
5936,48.207675348628236,278.72000000002845,4726.962574588435
5937,48.207675348628236,278.74000000002843,4727.06812687056
5938,48.207675348628236,278.7600000000284,4727.1736745795415
5939,48.207675348628236,278.7800000000284,4727.27921771493
5940,48.207675348628236,278.8000000000284,4727.384756276281
5941,48.207675348628236,278.82000000002836,4727.490290263147
5942,48.207675348628236,278.84000000002834,4727.595819675079
5943,48.207675348628236,278.8600000000283,4727.701344511632
5944,48.207675348628236,278.8800000000283,4727.806864772358
5945,48.207675348628236,278.9000000000283,4727.91238045681
5946,48.207675348628236,278.92000000002827,4728.017891564541
5947,48.207675348628236,278.94000000002825,4728.123398095105
5948,48.207675348628236,278.96000000002823,4728.228900048054
5949,48.207675348628236,278.9800000000282,4728.334397422942
5950,48.207675348628236,279.0000000000282,4728.439890219322
5951,48.207675348628236,279.0200000000282,4728.5453784367455
5952,48.207675348628236,279.04000000002816,4728.650862074767
5953,48.207675348628236,279.06000000002814,4728.756341132939
5954,48.207675348628236,279.0800000000281,4728.861815610816
5955,48.207675348628236,279.1000000000281,4728.967285507949
5956,48.207675348628236,279.1200000000281,4729.072750823892
5957,48.207675348628236,279.14000000002807,4729.178211558199
5958,48.207675348628236,279.16000000002805,4729.283667710422
5959,48.207675348628236,279.18000000002803,4729.389119280116
5960,48.207675348628236,279.200000000028,4729.4945662668315
5961,48.207675348628236,279.220000000028,4729.600008670123
5962,48.207675348628236,279.240000000028,4729.705446489545
5963,48.207675348628236,279.26000000002796,4729.810879724648
5964,48.207675348628236,279.28000000002794,4729.916308374987
5965,48.207675348628236,279.3000000000279,4730.02173244027
5966,48.207675348628236,279.3200000000279,4730.127151922928
5967,48.207675348628236,279.3400000000279,4730.232566823996
5968,48.207675348628236,279.36000000002787,4730.337977143033
5969,48.207675348628236,279.38000000002785,4730.443382879591
5970,48.207675348628236,279.40000000002783,4730.548784033227
5971,48.207675348628236,279.4200000000278,4730.6541806034975
5972,48.207675348628236,279.4400000000278,4730.759572589957
5973,48.207675348628236,279.4600000000278,4730.864959992162
5974,48.207675348628236,279.48000000002776,4730.970342809666
5975,48.207675348628236,279.50000000002774,4731.075721042028
5976,48.207675348628236,279.5200000000277,4731.181094688801
5977,48.207675348628236,279.5400000000277,4731.286463749541
5978,48.207675348628236,279.5600000000277,4731.3918282238055
5979,48.207675348628236,279.58000000002767,4731.497188111149
5980,48.207675348628236,279.60000000002765,4731.602543411126
5981,48.207675348628236,279.62000000002763,4731.707894123295
5982,48.207675348628236,279.6400000000276,4731.813240247209
5983,48.207675348628236,279.6600000000276,4731.918581793036
5984,48.207675348628236,279.6800000000276,4732.023918791193
5985,48.207675348628236,279.70000000002756,4732.129251243492
5986,48.207675348628236,279.72000000002754,4732.234579149493
5987,48.207675348628236,279.7400000000275,4732.339902508756
5988,48.207675348628236,279.7600000000275,4732.4452213208415
5989,48.207675348628236,279.7800000000275,4732.550535585311
5990,48.207675348628236,279.80000000002747,4732.655845301724
5991,48.207675348628236,279.82000000002745,4732.761150469642
5992,48.207675348628236,279.84000000002743,4732.866451088626
5993,48.207675348628236,279.8600000000274,4732.971747158234
5994,48.207675348628236,279.8800000000274,4733.0770386780305
5995,48.12547943965187,279.9000000000274,4733.182325647574
5996,48.12547943965187,279.92000000002736,4733.287608066424
5997,48.12547943965187,279.94000000002734,4733.392885934142
5998,48.12547943965187,279.9600000000273,4733.49815925029
5999,48.12547943965187,279.9800000000273,4733.603428014428
6000,48.12547943965187,280.0000000000273,4733.708692226116
6001,48.12547943965187,280.02000000002727,4733.813951884915
6002,48.12547943965187,280.04000000002725,4733.919206990386
6003,48.12547943965187,280.06000000002723,4734.024457542089
6004,48.12547943965187,280.0800000000272,4734.1297035395855
6005,48.12547943965187,280.1000000000272,4734.234944982436
6006,48.12547943965187,280.1200000000272,4734.340181870201
6007,48.12547943965187,280.14000000002716,4734.445414202442
6008,48.12547943965187,280.16000000002714,4734.55064197872
6009,48.12547943965187,280.1800000000271,4734.655865198594
6010,48.12547943965187,280.2000000000271,4734.7610838616265
6011,48.12547943965187,280.2200000000271,4734.866297967377
6012,48.12547943965187,280.24000000002707,4734.971507515407
6013,48.12547943965187,280.26000000002705,4735.076712505277
6014,48.12547943965187,280.28000000002703,4735.1819129365485
6015,48.12547943965187,280.300000000027,4735.287108808782
6016,48.12547943965187,280.320000000027,4735.392300121538
6017,48.12547943965187,280.340000000027,4735.4974868743775
6018,48.12547943965187,280.36000000002696,4735.602669066862
6019,48.12547943965187,280.38000000002694,4735.707846698552
6020,48.12547943965187,280.4000000000269,4735.813019769009
6021,48.12547943965187,280.4200000000269,4735.918188277792
6022,48.12547943965187,280.4400000000269,4736.023352224463
6023,48.12547943965187,280.46000000002687,4736.128511608585
6024,48.12547943965187,280.48000000002685,4736.233666429715
6025,48.12547943965187,280.50000000002683,4736.338816687417
6026,48.12547943965187,280.5200000000268,4736.443962381251
6027,48.12547943965187,280.5400000000268,4736.549103510779
6028,48.12547943965187,280.5600000000268,4736.65424007556
6029,48.12547943965187,280.58000000002676,4736.759372075156
6030,48.12547943965187,280.60000000002674,4736.864499509128
6031,48.12547943965187,280.6200000000267,4736.969622377037
6032,48.12547943965187,280.6400000000267,4737.074740678445
6033,48.12547943965187,280.6600000000267,4737.1798544129115
6034,48.12547943965187,280.68000000002667,4737.284963592703
6035,48.12547943965187,280.70000000002665,4737.390068245127
6036,48.12547943965187,280.72000000002663,4737.495168371417
6037,48.12547943965187,280.7400000000266,4737.60026397114
6038,48.12547943965187,280.7600000000266,4737.705355043858
6039,48.12547943965187,280.7800000000266,4737.810441589136
6040,48.12547943965187,280.80000000002656,4737.915523606539
6041,48.12547943965187,280.82000000002654,4738.020601095631
6042,48.12547943965187,280.8400000000265,4738.125674055977
6043,48.12547943965187,280.8600000000265,4738.230742487141
6044,48.12547943965187,280.8800000000265,4738.335806388687
6045,48.12547943965187,280.90000000002647,4738.440865760181
6046,48.12547943965187,280.92000000002645,4738.545920601186
6047,48.12547943965187,280.94000000002643,4738.650970911267
6048,48.12547943965187,280.9600000000264,4738.756016689989
6049,48.12547943965187,280.9800000000264,4738.861057936917
6050,48.12547943965187,281.0000000000264,4738.966094651614
6051,48.12547943965187,281.02000000002636,4739.071126833645
6052,48.12547943965187,281.04000000002634,4739.176154482576
6053,48.12547943965187,281.0600000000263,4739.28117759797
6054,48.12547943965187,281.0800000000263,4739.386196179392
6055,48.12547943965187,281.1000000000263,4739.491210226406
6056,48.12547943965187,281.12000000002627,4739.596219738578
6057,48.12547943965187,281.14000000002625,4739.701224715472
6058,48.12547943965187,281.16000000002623,4739.8062251566525
6059,48.12547943965187,281.1800000000262,4739.911221061685
6060,48.12547943965187,281.2000000000262,4740.016212430251
6061,48.12547943965187,281.2200000000262,4740.121199264681
6062,48.12547943965187,281.24000000002616,4740.22618156624
6063,48.12547943965187,281.26000000002614,4740.331159334486
6064,48.12547943965187,281.2800000000261,4740.436132568981
6065,48.12547943965187,281.3000000000261,4740.541101269282
6066,48.12547943965187,281.3200000000261,4740.64606543495
6067,48.12547943965187,281.34000000002607,4740.751025065545
6068,48.12547943965187,281.36000000002605,4740.855980160626
6069,48.12547943965187,281.38000000002603,4740.960930719753
6070,48.12547943965187,281.400000000026,4741.065876742487
6071,48.12547943965187,281.420000000026,4741.1708182283855
6072,48.12547943965187,281.440000000026,4741.27575517701
6073,48.12547943965187,281.46000000002596,4741.380687587919
6074,48.12547943965187,281.48000000002594,4741.485615460673
6075,48.12547943965187,281.5000000000259,4741.590538794832
6076,48.12547943965187,281.5200000000259,4741.695457589955
6077,48.12547943965187,281.5400000000259,4741.800371845603
6078,48.12547943965187,281.56000000002587,4741.905281561334
6079,48.12547943965187,281.58000000002585,4742.010186736709
6080,48.12547943965187,281.60000000002583,4742.115087371289
6081,48.12547943965187,281.6200000000258,4742.219983464631
6082,48.12547943965187,281.6400000000258,4742.324875016297
6083,48.12547943965187,281.6600000000258,4742.429762025846
6084,48.12547943965187,281.68000000002576,4742.534644492838
6085,48.12547943965187,281.70000000002574,4742.639522432316
6086,48.12547943965187,281.7200000000257,4742.744395870096
6087,48.12547943965187,281.7400000000257,4742.849264806941
6088,48.12547943965187,281.7600000000257,4742.954129242419
6089,48.12547943965187,281.78000000002567,4743.058989176095
6090,48.12547943965187,281.80000000002565,4743.163844607534
6091,48.12547943965187,281.82000000002563,4743.268695536303
6092,48.12547943965187,281.8400000000256,4743.373541961969
6093,48.12547943965187,281.8600000000256,4743.478383884098
6094,48.12547943965187,281.8800000000256,4743.583221302255
6095,48.12547943965187,281.90000000002556,4743.688054216007
6096,48.12547943965187,281.92000000002554,4743.79288262492
6097,48.12547943965187,281.9400000000255,4743.897706528561
6098,48.12547943965187,281.9600000000255,4744.002525926495
6099,48.04351684401133,281.9800000000255,4744.107340818289
6100,48.04351684401133,282.00000000002547,4744.212151203509
6101,48.04351684401133,282.02000000002545,4744.316957081722
6102,48.04351684401133,282.04000000002543,4744.421758452493
6103,48.04351684401133,282.0600000000254,4744.5265553153895
6104,48.04351684401133,282.0800000000254,4744.631347669977
6105,48.04351684401133,282.1000000000254,4744.736135515822
6106,48.04351684401133,282.12000000002536,4744.84091885249
6107,48.04351684401133,282.14000000002534,4744.945697679549
6108,48.04351684401133,282.1600000000253,4745.050471996565
6109,48.04351684401133,282.1800000000253,4745.155241803103
6110,48.04351684401133,282.2000000000253,4745.260007098731
6111,48.04351684401133,282.22000000002527,4745.364767883014
6112,48.04351684401133,282.24000000002525,4745.469524155519
6113,48.04351684401133,282.26000000002523,4745.574275915813
6114,48.04351684401133,282.2800000000252,4745.679023163461
6115,48.04351684401133,282.3000000000252,4745.783765898032
6116,48.04351684401133,282.3200000000252,4745.888504119089
6117,48.04351684401133,282.34000000002516,4745.9932378262
6118,48.04351684401133,282.36000000002514,4746.097967018933
6119,48.04351684401133,282.3800000000251,4746.202691696852
6120,48.04351684401133,282.4000000000251,4746.307411859524
6121,48.04351684401133,282.4200000000251,4746.412127506517
6122,48.04351684401133,282.44000000002507,4746.516838637396
6123,48.04351684401133,282.46000000002505,4746.621545251729
6124,48.04351684401133,282.48000000002503,4746.726247349081
6125,48.04351684401133,282.500000000025,4746.830944929019
6126,48.04351684401133,282.520000000025,4746.93563799111
6127,48.04351684401133,282.540000000025,4747.04032653492
6128,48.04351684401133,282.56000000002496,4747.145010560015
6129,48.04351684401133,282.58000000002494,4747.2496900659635
6130,48.04351684401133,282.6000000000249,4747.354365052331
6131,48.04351684401133,282.6200000000249,4747.459035518683
6132,48.04351684401133,282.6400000000249,4747.563701464587
6133,48.04351684401133,282.66000000002487,4747.668362889611
6134,48.04351684401133,282.68000000002485,4747.77301979332
6135,48.04351684401133,282.70000000002483,4747.87767217528
6136,48.04351684401133,282.7200000000248,4747.982320052445
6137,48.04351684401133,282.7400000000248,4748.0869634477685
6138,48.04351684401133,282.7600000000248,4748.191602361488
6139,48.04351684401133,282.78000000002476,4748.296236793174
6140,48.04351684401133,282.80000000002474,4748.400866742398
6141,48.04351684401133,282.8200000000247,4748.50549220873
6142,48.04351684401133,282.8400000000247,4748.610113191743
6143,48.04351684401133,282.8600000000247,4748.714729691006
6144,48.04351684401133,282.88000000002467,4748.819341706091
6145,48.04351684401133,282.90000000002465,4748.92394923657
6146,48.04351684401133,282.92000000002463,4749.028552282011
6147,48.04351684401133,282.9400000000246,4749.133150841988
6148,48.04351684401133,282.9600000000246,4749.237744916071
6149,48.04351684401133,282.9800000000246,4749.342334503832
6150,48.04351684401133,283.00000000002456,4749.44691960484
6151,48.04351684401133,283.02000000002454,4749.5515002186685
6152,48.04351684401133,283.0400000000245,4749.656076344888
6153,48.04351684401133,283.0600000000245,4749.760647983068
6154,48.04351684401133,283.0800000000245,4749.865215132782
6155,48.04351684401133,283.10000000002447,4749.9697777936
6156,48.04351684401133,283.12000000002445,4750.07433596632
6157,48.04351684401133,283.14000000002443,4750.178889653793
6158,48.04351684401133,283.1600000000244,4750.283438855817
6159,48.04351684401133,283.1800000000244,4750.387983571963
6160,48.04351684401133,283.2000000000244,4750.4925238018
6161,48.04351684401133,283.22000000002436,4750.597059544901
6162,48.04351684401133,283.24000000002434,4750.701590800834
6163,48.04351684401133,283.2600000000243,4750.806117569172
6164,48.04351684401133,283.2800000000243,4750.910639849483
6165,48.04351684401133,283.3000000000243,4751.015157641339
6166,48.04351684401133,283.32000000002427,4751.11967094431
6167,48.04351684401133,283.34000000002425,4751.224179757967
6168,48.04351684401133,283.36000000002423,4751.32868408188
6169,48.04351684401133,283.3800000000242,4751.433183915619
6170,48.04351684401133,283.4000000000242,4751.537679258757
6171,48.04351684401133,283.4200000000242,4751.642170110862
6172,48.04351684401133,283.44000000002416,4751.746656471505
6173,48.04351684401133,283.46000000002414,4751.851138340257
6174,48.04351684401133,283.4800000000241,4751.95561571669
6175,48.04351684401133,283.5000000000241,4752.060088600372
6176,48.04351684401133,283.5200000000241,4752.164556990876
6177,48.04351684401133,283.54000000002407,4752.269020887771
6178,48.04351684401133,283.56000000002405,4752.373480290628
6179,48.04351684401133,283.58000000002403,4752.477935199018
6180,48.04351684401133,283.600000000024,4752.582385612513
6181,48.04351684401133,283.620000000024,4752.686831530681
6182,48.04351684401133,283.640000000024,4752.791272953094
6183,48.04351684401133,283.66000000002396,4752.8957098793235
6184,48.04351684401133,283.68000000002394,4753.000142308939
6185,48.04351684401133,283.7000000000239,4753.104570241511
6186,48.04351684401133,283.7200000000239,4753.2089936766115
6187,48.04351684401133,283.7400000000239,4753.313412634101
6188,48.04351684401133,283.76000000002387,4753.4178271354795
6189,48.04351684401133,283.78000000002385,4753.522237180502
6190,48.04351684401133,283.80000000002383,4753.6266427687415
6191,48.04351684401133,283.8200000000238,4753.731043899772
6192,48.04351684401133,283.8400000000238,4753.835440573166
6193,48.04351684401133,283.8600000000238,4753.939832788498
6194,48.04351684401133,283.88000000002376,4754.044220545341
6195,48.04351684401133,283.90000000002374,4754.148603843268
6196,48.04351684401133,283.9200000000237,4754.252982681852
6197,48.04351684401133,283.9400000000237,4754.357357060668
6198,48.04351684401133,283.9600000000237,4754.461726979288
6199,48.04351684401133,283.98000000002367,4754.566092437286
6200,48.04351684401133,284.00000000002365,4754.670453434236
6201,48.04351684401133,284.02000000002363,4754.774809969711
6202,48.04351684401133,284.0400000000236,4754.879162043284
6203,47.96178663559333,284.0600000000236,4754.983509654529
6204,47.96178663559333,284.0800000000236,4755.08785280302
6205,47.96178663559333,284.10000000002356,4755.19219148833
6206,47.96178663559333,284.12000000002354,4755.296525710032
6207,47.96178663559333,284.1400000000235,4755.400855467701
6208,47.96178663559333,284.1600000000235,4755.50518076091
6209,47.96178663559333,284.1800000000235,4755.6095015892315
6210,47.96178663559333,284.20000000002346,4755.71381795224
6211,47.96178663559333,284.22000000002345,4755.818129849508
6212,47.96178663559333,284.24000000002343,4755.922437280611
6213,47.96178663559333,284.2600000000234,4756.026740245121
6214,47.96178663559333,284.2800000000234,4756.131038742612
6215,47.96178663559333,284.3000000000234,4756.235332772658
6216,47.96178663559333,284.32000000002336,4756.339622334833
6217,47.96178663559333,284.34000000002334,4756.443907428709
6218,47.96178663559333,284.3600000000233,4756.548188053862
6219,47.96178663559333,284.3800000000233,4756.652464209864
6220,47.96178663559333,284.4000000000233,4756.756735896289
6221,47.96178663559333,284.42000000002326,4756.861003112711
6222,47.96178663559333,284.44000000002325,4756.965265858704
6223,47.96178663559333,284.46000000002323,4757.069524133841
6224,47.96178663559333,284.4800000000232,4757.173777937695
6225,47.96178663559333,284.5000000000232,4757.278027269842
6226,47.96178663559333,284.5200000000232,4757.382272129854
6227,47.96178663559333,284.54000000002316,4757.4865125173055
6228,47.96178663559333,284.56000000002314,4757.5907484317695
6229,47.96178663559333,284.5800000000231,4757.694979872821
6230,47.96178663559333,284.6000000000231,4757.799206840033
6231,47.96178663559333,284.6200000000231,4757.903429332979
6232,47.96178663559333,284.64000000002306,4758.007647351233
6233,47.96178663559333,284.66000000002305,4758.111860894369
6234,47.96178663559333,284.680000000023,4758.216069961961
6235,47.96178663559333,284.700000000023,4758.320274553583
6236,47.96178663559333,284.720000000023,4758.424474668808
6237,47.96178663559333,284.740000000023,4758.528670307517
6238,47.96178663559333,284.76000000002296,4758.632861490905
6239,47.96178663559333,284.78000000002294,4758.7370482374145
6240,47.96178663559333,284.8000000000229,4758.841230546621
6241,47.96178663559333,284.8200000000229,4758.9454084181
6242,47.96178663559333,284.8400000000229,4759.049581851427
6243,47.96178663559333,284.86000000002286,4759.153750846179
6244,47.96178663559333,284.88000000002285,4759.257915401931
6245,47.96178663559333,284.9000000000228,4759.36207551826
6246,47.96178663559333,284.9200000000228,4759.466231194741
6247,47.96178663559333,284.9400000000228,4759.570382430951
6248,47.96178663559333,284.9600000000228,4759.674529226465
6249,47.96178663559333,284.98000000002276,4759.77867158086
6250,47.96178663559333,285.00000000002274,4759.882809493711
6251,47.96178663559333,285.0200000000227,4759.986942964594
6252,47.96178663559333,285.0400000000227,4760.091071994885
6253,47.96178663559333,285.0600000000227,4760.195196586816
6254,47.96178663559333,285.08000000002266,4760.299316740058
6255,47.96178663559333,285.10000000002265,4760.40343245419
6256,47.96178663559333,285.1200000000226,4760.507543728789
6257,47.96178663559333,285.1400000000226,4760.611650563431
6258,47.96178663559333,285.1600000000226,4760.715752957694
6259,47.96178663559333,285.1800000000226,4760.819850911156
6260,47.96178663559333,285.20000000002256,4760.9239444233945
6261,47.96178663559333,285.22000000002254,4761.028033493986
6262,47.96178663559333,285.2400000000225,4761.1321181225085
6263,47.96178663559333,285.2600000000225,4761.236198308538
6264,47.96178663559333,285.2800000000225,4761.340274051654
6265,47.96178663559333,285.30000000002246,4761.444345351433
6266,47.96178663559333,285.32000000002245,4761.548412207452
6267,47.96178663559333,285.3400000000224,4761.652474619289
6268,47.96178663559333,285.3600000000224,4761.756532586522
6269,47.96178663559333,285.3800000000224,4761.860586108727
6270,47.96178663559333,285.4000000000224,4761.964635185483
6271,47.96178663559333,285.42000000002236,4762.068679816366
6272,47.96178663559333,285.44000000002234,4762.172720000955
6273,47.96178663559333,285.4600000000223,4762.276755738827
6274,47.96178663559333,285.4800000000223,4762.3807870295595
6275,47.96178663559333,285.5000000000223,4762.484813872729
6276,47.96178663559333,285.52000000002226,4762.588836267915
6277,47.96178663559333,285.54000000002225,4762.692854214693
6278,47.96178663559333,285.5600000000222,4762.796867712643
6279,47.96178663559333,285.5800000000222,4762.90087676134
6280,47.96178663559333,285.6000000000222,4763.0048813603635
6281,47.96178663559333,285.6200000000222,4763.10888150929
6282,47.96178663559333,285.64000000002216,4763.212877207698
6283,47.96178663559333,285.66000000002214,4763.316868455164
6284,47.96178663559333,285.6800000000221,4763.420855251266
6285,47.96178663559333,285.7000000000221,4763.5248375955825
6286,47.96178663559333,285.7200000000221,4763.62881548769
6287,47.96178663559333,285.74000000002206,4763.732788927167
6288,47.96178663559333,285.76000000002205,4763.836757914398
6289,47.96178663559333,285.780000000022,4763.940722473084
6290,47.96178663559333,285.800000000022,4764.04468261967
6291,47.96178663559333,285.820000000022,4764.148638353737
6292,47.96178663559333,285.840000000022,4764.252589674864
6293,47.96178663559333,285.86000000002196,4764.356536582631
6294,47.96178663559333,285.88000000002194,4764.460479076619
6295,47.96178663559333,285.9000000000219,4764.564417156407
6296,47.96178663559333,285.9200000000219,4764.6683508215765
6297,47.96178663559333,285.9400000000219,4764.7722800717065
6298,47.96178663559333,285.96000000002186,4764.876204906377
6299,47.96178663559333,285.98000000002185,4764.980125325169
6300,47.96178663559333,286.0000000000218,4765.084041327662
6301,47.96178663559333,286.0200000000218,4765.187952913436
6302,47.96178663559333,286.0400000000218,4765.291860082071
6303,47.96178663559333,286.0600000000218,4765.395762833148
6304,47.96178663559333,286.08000000002176,4765.499661166247
6305,47.96178663559333,286.10000000002174,4765.603555080948
6306,47.96178663559333,286.1200000000217,4765.707444576832
6307,47.96178663559333,286.1400000000217,4765.811329653478
6308,47.880287893005644,286.1600000000217,4765.915210310467
6309,47.880287893005644,286.18000000002166,4766.019086547379
6310,47.880287893005644,286.20000000002165,4766.122958363793
6311,47.880287893005644,286.2200000000216,4766.226825759291
6312,47.880287893005644,286.2400000000216,4766.330688733454
6313,47.880287893005644,286.2600000000216,4766.43454728586
6314,47.880287893005644,286.2800000000216,4766.538401416091
6315,47.880287893005644,286.30000000002156,4766.642251123726
6316,47.880287893005644,286.32000000002154,4766.746096408346
6317,47.880287893005644,286.3400000000215,4766.849937269531
6318,47.880287893005644,286.3600000000215,4766.953773706862
6319,47.880287893005644,286.3800000000215,4767.05760571992
6320,47.880287893005644,286.40000000002146,4767.1614333082825
6321,47.880287893005644,286.42000000002145,4767.265256471533
6322,47.880287893005644,286.4400000000214,4767.36907520925
6323,47.880287893005644,286.4600000000214,4767.472889521015
6324,47.880287893005644,286.4800000000214,4767.576699406407
6325,47.880287893005644,286.5000000000214,4767.680504865008
6326,47.880287893005644,286.52000000002135,4767.784305896397
6327,47.880287893005644,286.54000000002134,4767.888102500156
6328,47.880287893005644,286.5600000000213,4767.9918946758635
6329,47.880287893005644,286.5800000000213,4768.095682423102
6330,47.880287893005644,286.6000000000213,4768.19946574145
6331,47.880287893005644,286.62000000002126,4768.30324463049
6332,47.880287893005644,286.64000000002125,4768.407019089801
6333,47.880287893005644,286.6600000000212,4768.510789118964
6334,47.880287893005644,286.6800000000212,4768.614554717559
6335,47.880287893005644,286.7000000000212,4768.718315885168
6336,47.880287893005644,286.7200000000212,4768.822072621369
6337,47.880287893005644,286.74000000002115,4768.9258249257455
6338,47.880287893005644,286.76000000002114,4769.0295727978755
6339,47.880287893005644,286.7800000000211,4769.133316238591
6340,47.880287893005644,286.8000000000211,4769.237055272563
6341,47.880287893005644,286.8200000000211,4769.340789913221
6342,47.880287893005644,286.84000000002106,4769.444520160147
6343,47.880287893005644,286.86000000002105,4769.548246012922
6344,47.880287893005644,286.880000000021,4769.651967471131
6345,47.880287893005644,286.900000000021,4769.755684534355
6346,47.880287893005644,286.920000000021,4769.859397202177
6347,47.880287893005644,286.940000000021,4769.963105474179
6348,47.880287893005644,286.96000000002095,4770.06680935085
6349,47.880287893005644,286.98000000002094,4770.170508835049
6350,47.880287893005644,287.0000000000209,4770.274203926623
6351,47.880287893005644,287.0200000000209,4770.377894625155
6352,47.880287893005644,287.0400000000209,4770.481580930228
6353,47.880287893005644,287.06000000002086,4770.585262841426
6354,47.880287893005644,287.08000000002085,4770.688940358331
6355,47.880287893005644,287.1000000000208,4770.792613480527
6356,47.880287893005644,287.1200000000208,4770.8962822075955
6357,47.880287893005644,287.1400000000208,4770.999946539122
6358,47.880287893005644,287.1600000000208,4771.103606474688
6359,47.880287893005644,287.18000000002075,4771.207262013877
6360,47.880287893005644,287.20000000002074,4771.310913156273
6361,47.880287893005644,287.2200000000207,4771.414559901459
6362,47.880287893005644,287.2400000000207,4771.518202249018
6363,47.880287893005644,287.2600000000207,4771.6218401985325
6364,47.880287893005644,287.28000000002066,4771.725473749587
6365,47.880287893005644,287.30000000002065,4771.829102901764
6366,47.880287893005644,287.3200000000206,4771.932727654646
6367,47.880287893005644,287.3400000000206,4772.036348007819
6368,47.880287893005644,287.3600000000206,4772.139963960863
6369,47.880287893005644,287.3800000000206,4772.243575513363
6370,47.880287893005644,287.40000000002055,4772.347182664902
6371,47.880287893005644,287.42000000002054,4772.450785415063
6372,47.880287893005644,287.4400000000205,4772.55438376343
6373,47.880287893005644,287.4600000000205,4772.657977709587
6374,47.880287893005644,287.4800000000205,4772.761567253116
6375,47.880287893005644,287.50000000002046,4772.8651523936
6376,47.880287893005644,287.52000000002045,4772.968733130623
6377,47.880287893005644,287.5400000000204,4773.072309463769
6378,47.880287893005644,287.5600000000204,4773.175881392621
6379,47.880287893005644,287.5800000000204,4773.279448916762
6380,47.880287893005644,287.6000000000204,4773.383012035775
6381,47.880287893005644,287.62000000002035,4773.4865707492445
6382,47.880287893005644,287.64000000002034,4773.590125056754
6383,47.880287893005644,287.6600000000203,4773.693674957886
6384,47.880287893005644,287.6800000000203,4773.797220452225
6385,47.880287893005644,287.7000000000203,4773.900761539353
6386,47.880287893005644,287.72000000002026,4774.004298218854
6387,47.880287893005644,287.74000000002025,4774.107830490313
6388,47.880287893005644,287.7600000000202,4774.211358353312
6389,47.880287893005644,287.7800000000202,4774.314881807434
6390,47.880287893005644,287.8000000000202,4774.41840085403
6391,47.880287893005644,287.8200000000202,4774.521915520328
6392,47.880287893005644,287.84000000002015,4774.625425817669
6393,47.880287893005644,287.86000000002014,4774.72893174564
6394,47.880287893005644,287.8800000000201,4774.832433303827
6395,47.880287893005644,287.9000000000201,4774.935930491817
6396,47.880287893005644,287.9200000000201,4775.039423309196
6397,47.880287893005644,287.94000000002006,4775.142911755549
6398,47.880287893005644,287.96000000002005,4775.246395830463
6399,47.880287893005644,287.98000000002,4775.349875533526
6400,47.880287893005644,288.00000000002,4775.453350864323
6401,47.880287893005644,288.02000000002,4775.55682182244
6402,47.880287893005644,288.04000000002,4775.660288407464
6403,47.880287893005644,288.06000000001995,4775.763750618981
6404,47.880287893005644,288.08000000001994,4775.867208456578
6405,47.880287893005644,288.1000000000199,4775.9706619198405
6406,47.880287893005644,288.1200000000199,4776.074111008355
6407,47.880287893005644,288.1400000000199,4776.17755572171
6408,47.880287893005644,288.16000000001986,4776.28099605949
6409,47.880287893005644,288.18000000001985,4776.384432021281
6410,47.880287893005644,288.2000000000198,4776.4878636066705
6411,47.880287893005644,288.2200000000198,4776.591290815245
6412,47.880287893005644,288.2400000000198,4776.694713646591
6413,47.799019699547756,288.2600000000198,4776.7981321002935
6414,47.799019699547756,288.28000000001975,4776.90154617594
6415,47.799019699547756,288.30000000001974,4777.004955873117
6416,47.799019699547756,288.3200000000197,4777.108361191412
6417,47.799019699547756,288.3400000000197,4777.2117621304105
6418,47.799019699547756,288.3600000000197,4777.315158689699
6419,47.799019699547756,288.38000000001966,4777.418550868864
6420,47.799019699547756,288.40000000001965,4777.521938667493
6421,47.799019699547756,288.4200000000196,4777.625322085171
6422,47.799019699547756,288.4400000000196,4777.728701121486
6423,47.799019699547756,288.4600000000196,4777.832075776024
6424,47.799019699547756,288.4800000000196,4777.935446048372
6425,47.799019699547756,288.50000000001955,4778.038811938116
6426,47.799019699547756,288.52000000001954,4778.142173444842
6427,47.799019699547756,288.5400000000195,4778.245530568139
6428,47.799019699547756,288.5600000000195,4778.348883307591
6429,47.799019699547756,288.5800000000195,4778.452231662786
6430,47.799019699547756,288.60000000001946,4778.555575633311
6431,47.799019699547756,288.62000000001944,4778.658915218752
6432,47.799019699547756,288.6400000000194,4778.762250418695
6433,47.799019699547756,288.6600000000194,4778.865581232728
6434,47.799019699547756,288.6800000000194,4778.968907660437
6435,47.799019699547756,288.7000000000194,4779.072229701409
6436,47.799019699547756,288.72000000001935,4779.17554735523
6437,47.799019699547756,288.74000000001934,4779.278860621488
6438,47.799019699547756,288.7600000000193,4779.38216949977
6439,47.799019699547756,288.7800000000193,4779.485473989661
6440,47.799019699547756,288.8000000000193,4779.588774090748
6441,47.799019699547756,288.82000000001926,4779.692069804784
6442,47.799019699547756,288.84000000001924,4779.795361159816
6443,47.799019699547756,288.8600000000192,4779.898648164403
6444,47.799019699547756,288.8800000000192,4780.001930818151
6445,47.799019699547756,288.9000000000192,4780.1052091229885
6446,47.799019699547756,288.9200000000192,4780.20848308072
6447,47.799019699547756,288.94000000001915,4780.3117526909355
6448,47.799019699547756,288.96000000001914,4780.415017953226
6449,47.799019699547756,288.9800000000191,4780.518278867183
6450,47.799019699547756,289.0000000000191,4780.621535432396
6451,47.799019699547756,289.0200000000191,4780.724787648456
6452,47.799019699547756,289.04000000001906,4780.8280355149545
6453,47.799019699547756,289.06000000001904,4780.931279031482
6454,47.799019699547756,289.080000000019,4781.034518197628
6455,47.799019699547756,289.100000000019,4781.137753012986
6456,47.799019699547756,289.120000000019,4781.240983477144
6457,47.799019699547756,289.140000000019,4781.344209589695
6458,47.799019699547756,289.16000000001895,4781.44743135023
6459,47.799019699547756,289.18000000001894,4781.550648758338
6460,47.799019699547756,289.2000000000189,4781.653861813611
6461,47.799019699547756,289.2200000000189,4781.7570705156395
6462,47.799019699547756,289.2400000000189,4781.860274864014
6463,47.799019699547756,289.26000000001886,4781.963474858327
6464,47.799019699547756,289.28000000001884,4782.066670498168
6465,47.799019699547756,289.3000000000188,4782.169861783128
6466,47.799019699547756,289.3200000000188,4782.273048712798
6467,47.799019699547756,289.3400000000188,4782.37623128677
6468,47.799019699547756,289.3600000000188,4782.4794095046345
6469,47.799019699547756,289.38000000001875,4782.582583365982
6470,47.799019699547756,289.40000000001874,4782.685752870403
6471,47.799019699547756,289.4200000000187,4782.78891801749
6472,47.799019699547756,289.4400000000187,4782.892078806833
6473,47.799019699547756,289.4600000000187,4782.995235238022
6474,47.799019699547756,289.48000000001866,4783.098387310651
6475,47.799019699547756,289.50000000001864,4783.201535024307
6476,47.799019699547756,289.5200000000186,4783.304678378585
6477,47.799019699547756,289.5400000000186,4783.407817373073
6478,47.799019699547756,289.5600000000186,4783.510952007364
6479,47.799019699547756,289.5800000000186,4783.6140822810485
6480,47.799019699547756,289.60000000001855,4783.717208193717
6481,47.799019699547756,289.62000000001854,4783.820329744961
6482,47.799019699547756,289.6400000000185,4783.923446934372
6483,47.799019699547756,289.6600000000185,4784.026559761541
6484,47.799019699547756,289.6800000000185,4784.129668226058
6485,47.799019699547756,289.70000000001846,4784.232772327516
6486,47.799019699547756,289.72000000001844,4784.335872065504
6487,47.799019699547756,289.7400000000184,4784.438967439615
6488,47.799019699547756,289.7600000000184,4784.5420584494395
6489,47.799019699547756,289.7800000000184,4784.645145094569
6490,47.799019699547756,289.8000000000184,4784.748227374594
6491,47.799019699547756,289.82000000001835,4784.851305289106
6492,47.799019699547756,289.84000000001834,4784.954378840396
6493,47.799019699547756,289.8600000000183,4785.057448059175
6494,47.799019699547756,289.8800000000183,4785.160512951844
6495,47.799019699547756,289.9000000000183,4785.2635735179965
6496,47.799019699547756,289.92000000001826,4785.3666297572245
6497,47.799019699547756,289.94000000001824,4785.46968166912
6498,47.799019699547756,289.9600000000182,4785.5727292532765
6499,47.799019699547756,289.9800000000182,4785.675772509286
6500,47.799019699547756,290.0000000000182,4785.77881143674
6501,47.799019699547756,290.0200000000182,4785.881846035232
6502,47.799019699547756,290.04000000001815,4785.984876304355
6503,47.799019699547756,290.06000000001814,4786.0879022437
6504,47.799019699547756,290.0800000000181,4786.1909238528615
6505,47.799019699547756,290.1000000000181,4786.29394113143
6506,47.799019699547756,290.1200000000181,4786.396954078999
6507,47.799019699547756,290.14000000001806,4786.499962695162
6508,47.799019699547756,290.16000000001804,4786.602966979511
6509,47.799019699547756,290.180000000018,4786.705966931638
6510,47.799019699547756,290.200000000018,4786.808962551135
6511,47.799019699547756,290.220000000018,4786.911953837595
6512,47.799019699547756,290.240000000018,4787.014940790612
6513,47.799019699547756,290.26000000001795,4787.117923409778
6514,47.799019699547756,290.28000000001794,4787.220901694685
6515,47.799019699547756,290.3000000000179,4787.323875644926
6516,47.799019699547756,290.3200000000179,4787.4268452600945
6517,47.799019699547756,290.3400000000179,4787.5298105397815
6518,47.71798114318167,290.36000000001786,4787.632771483581
6519,47.71798114318167,290.38000000001784,4787.735728091085
6520,47.71798114318167,290.4000000000178,4787.838680361886
6521,47.71798114318167,290.4200000000178,4787.941628295577
6522,47.71798114318167,290.4400000000178,4788.044571891751
6523,47.71798114318167,290.46000000001777,4788.14751115
6524,47.71798114318167,290.48000000001775,4788.250446069918
6525,47.71798114318167,290.50000000001774,4788.353376651097
6526,47.71798114318167,290.5200000000177,4788.45630289313
6527,47.71798114318167,290.5400000000177,4788.559224795609
6528,47.71798114318167,290.5600000000177,4788.662142358128
6529,47.71798114318167,290.58000000001766,4788.765055580279
6530,47.71798114318167,290.60000000001764,4788.867964461655
6531,47.71798114318167,290.6200000000176,4788.970869001848
6532,47.71798114318167,290.6400000000176,4789.073769200451
6533,47.71798114318167,290.6600000000176,4789.176665057059
6534,47.71798114318167,290.68000000001757,4789.279556571262
6535,47.71798114318167,290.70000000001755,4789.382443742655
6536,47.71798114318167,290.72000000001754,4789.485326570829
6537,47.71798114318167,290.7400000000175,4789.588205055378
6538,47.71798114318167,290.7600000000175,4789.691079195895
6539,47.71798114318167,290.7800000000175,4789.793948991973
6540,47.71798114318167,290.80000000001746,4789.896814443204
6541,47.71798114318167,290.82000000001744,4789.999675549181
6542,47.71798114318167,290.8400000000174,4790.102532311778
6543,47.71798114318167,290.8600000000174,4790.205384735947
6544,47.71798114318167,290.8800000000174,4790.308232853029
6545,47.71798114318167,290.90000000001737,4790.411076666862
6546,47.71798114318167,290.92000000001735,4790.5139161770385
6547,47.71798114318167,290.94000000001733,4790.616751383153
6548,47.71798114318167,290.9600000000173,4790.7195822848
6549,47.71798114318167,290.9800000000173,4790.822408881572
6550,47.71798114318167,291.0000000000173,4790.925231173064
6551,47.71798114318167,291.02000000001726,4791.02804915887
6552,47.71798114318167,291.04000000001724,4791.130862838582
6553,47.71798114318167,291.0600000000172,4791.233672211796
6554,47.71798114318167,291.0800000000172,4791.336477278105
6555,47.71798114318167,291.1000000000172,4791.439278037103
6556,47.71798114318167,291.12000000001717,4791.542074488383
6557,47.71798114318167,291.14000000001715,4791.64486663154
6558,47.71798114318167,291.16000000001713,4791.747654466168
6559,47.71798114318167,291.1800000000171,4791.8504379918595
6560,47.71798114318167,291.2000000000171,4791.95321720821
6561,47.71798114318167,291.2200000000171,4792.055992114812
6562,47.71798114318167,291.24000000001706,4792.158762711261
6563,47.71798114318167,291.26000000001704,4792.261528997151
6564,47.71798114318167,291.280000000017,4792.364290972075
6565,47.71798114318167,291.300000000017,4792.467048635626
6566,47.71798114318167,291.320000000017,4792.5698019874
6567,47.71798114318167,291.34000000001697,4792.67255102699
6568,47.71798114318167,291.36000000001695,4792.775295753991
6569,47.71798114318167,291.38000000001693,4792.878036167996
6570,47.71798114318167,291.4000000000169,4792.980772268598
6571,47.71798114318167,291.4200000000169,4793.083504055394
6572,47.71798114318167,291.4400000000169,4793.186231527975
6573,47.71798114318167,291.46000000001686,4793.288954685937
6574,47.71798114318167,291.48000000001684,4793.391673528873
6575,47.71798114318167,291.5000000000168,4793.494388056378
6576,47.71798114318167,291.5200000000168,4793.597098268046
6577,47.71798114318167,291.5400000000168,4793.699804163471
6578,47.71798114318167,291.56000000001677,4793.8025057422465
6579,47.71798114318167,291.58000000001675,4793.9052030039675
6580,47.71798114318167,291.60000000001673,4794.007895948227
6581,47.71798114318167,291.6200000000167,4794.11058457462
6582,47.71798114318167,291.6400000000167,4794.2132688827405
6583,47.71798114318167,291.6600000000167,4794.315948872183
6584,47.71798114318167,291.68000000001666,4794.418624542541
6585,47.71798114318167,291.70000000001664,4794.521295893409
6586,47.71798114318167,291.7200000000166,4794.623962924381
6587,47.71798114318167,291.7400000000166,4794.726625635051
6588,47.71798114318167,291.7600000000166,4794.829284025014
6589,47.71798114318167,291.78000000001657,4794.931938093864
6590,47.71798114318167,291.80000000001655,4795.034587841195
6591,47.71798114318167,291.82000000001653,4795.1372332666015
6592,47.71798114318167,291.8400000000165,4795.239874369677
6593,47.71798114318167,291.8600000000165,4795.342511150016
6594,47.71798114318167,291.8800000000165,4795.445143611893
6595,47.71798114318167,291.90000000001646,4795.547771787156
6596,47.71798114318167,291.92000000001644,4795.650395678467
6597,47.71798114318167,291.9400000000164,4795.753015285424
6598,47.71798114318167,291.9600000000164,4795.855630607627
6599,47.71798114318167,291.9800000000164,4795.958241644673
6600,47.71798114318167,292.00000000001637,4796.060848396161
6601,47.71798114318167,292.02000000001635,4796.16345086169
6602,47.71798114318167,292.04000000001633,4796.266049040858
6603,47.71798114318167,292.0600000000163,4796.368642933264
6604,47.71798114318167,292.0800000000163,4796.471232538505
6605,47.71798114318167,292.1000000000163,4796.573817856182
6606,47.71798114318167,292.12000000001626,4796.676398885892
6607,47.71798114318167,292.14000000001624,4796.778975627234
6608,47.71798114318167,292.1600000000162,4796.881548079807
6609,47.71798114318167,292.1800000000162,4796.9841162432085
6610,47.71798114318167,292.2000000000162,4797.086680117038
6611,47.71798114318167,292.22000000001617,4797.189239700893
6612,47.71798114318167,292.24000000001615,4797.291794994374
6613,47.71798114318167,292.26000000001613,4797.394345997078
6614,47.71798114318167,292.2800000000161,4797.496892708604
6615,47.71798114318167,292.3000000000161,4797.599435128551
6616,47.71798114318167,292.3200000000161,4797.701973256518
6617,47.71798114318167,292.34000000001606,4797.8045070921025
6618,47.71798114318167,292.36000000001604,4797.907036634904
6619,47.71798114318167,292.380000000016,4798.009561884522
6620,47.71798114318167,292.400000000016,4798.112082840554
6621,47.71798114318167,292.420000000016,4798.2145995025985
6622,47.71798114318167,292.44000000001597,4798.317111870255
6623,47.71798114318167,292.46000000001595,4798.419619943122
6624,47.637171316502965,292.48000000001593,4798.522123720798
6625,47.637171316502965,292.5000000000159,4798.6246232028825
6626,47.637171316502965,292.5200000000159,4798.727118388973
6627,47.637171316502965,292.5400000000159,4798.8296092786695
6628,47.637171316502965,292.56000000001586,4798.932095871571
6629,47.637171316502965,292.58000000001584,4799.034578167275
6630,47.637171316502965,292.6000000000158,4799.137056165381
6631,47.637171316502965,292.6200000000158,4799.239529865487
6632,47.637171316502965,292.6400000000158,4799.341999267193
6633,47.637171316502965,292.66000000001577,4799.444464370098
6634,47.637171316502965,292.68000000001575,4799.5469251737995
6635,47.637171316502965,292.70000000001573,4799.6493816778975
6636,47.637171316502965,292.7200000000157,4799.75183388199
6637,47.637171316502965,292.7400000000157,4799.854281785676
6638,47.637171316502965,292.7600000000157,4799.956725388555
6639,47.637171316502965,292.78000000001566,4800.059164690908
6640,47.637171316502965,292.80000000001564,4800.161599695938
6641,47.637171316502965,292.8200000000156,4800.264030403571
6642,47.637171316502965,292.8400000000156,4800.366456813406
6643,47.637171316502965,292.8600000000156,4800.468878925043
6644,47.637171316502965,292.88000000001557,4800.571296738081
6645,47.637171316502965,292.90000000001555,4800.673710258916
6646,47.637171316502965,292.92000000001553,4800.776119516464
6647,47.637171316502965,292.9400000000155,4800.878524512831
6648,47.637171316502965,292.9600000000155,4800.980925247619
6649,47.637171316502965,292.9800000000155,4801.083321720429
6650,47.637171316502965,293.00000000001546,4801.185713930864
6651,47.637171316502965,293.02000000001544,4801.288101878526
6652,47.637171316502965,293.0400000000154,4801.390485563015
6653,47.637171316502965,293.0600000000154,4801.492864983936
6654,47.637171316502965,293.0800000000154,4801.5952401408895
6655,47.637171316502965,293.10000000001537,4801.697611033478
6656,47.637171316502965,293.12000000001535,4801.799977661303
6657,47.637171316502965,293.14000000001533,4801.902340023968
6658,47.637171316502965,293.1600000000153,4802.004698121073
6659,47.637171316502965,293.1800000000153,4802.107051952221
6660,47.637171316502965,293.2000000000153,4802.209401517015
6661,47.637171316502965,293.22000000001526,4802.311746815057
6662,47.637171316502965,293.24000000001524,4802.4140878459475
6663,47.637171316502965,293.2600000000152,4802.51642460929
6664,47.637171316502965,293.2800000000152,4802.618757104687
6665,47.637171316502965,293.3000000000152,4802.721085331739
6666,47.637171316502965,293.32000000001517,4802.82340929005
6667,47.637171316502965,293.34000000001515,4802.925728979221
6668,47.637171316502965,293.36000000001513,4803.028044398855
6669,47.637171316502965,293.3800000000151,4803.130355548554
6670,47.637171316502965,293.4000000000151,4803.232662427919
6671,47.637171316502965,293.4200000000151,4803.334965036554
6672,47.637171316502965,293.44000000001506,4803.43726337406
6673,47.637171316502965,293.46000000001504,4803.53955744004
6674,47.637171316502965,293.480000000015,4803.641847234096
6675,47.637171316502965,293.500000000015,4803.74413275583
6676,47.637171316502965,293.520000000015,4803.8464140048445
6677,47.637171316502965,293.54000000001497,4803.948690980742
6678,47.637171316502965,293.56000000001495,4804.050963683124
6679,47.637171316502965,293.58000000001493,4804.153232111594
6680,47.637171316502965,293.6000000000149,4804.255496265753
6681,47.637171316502965,293.6200000000149,4804.357756145204
6682,47.637171316502965,293.6400000000149,4804.460011749549
6683,47.637171316502965,293.66000000001486,4804.562263078391
6684,47.637171316502965,293.68000000001484,4804.664510131332
6685,47.637171316502965,293.7000000000148,4804.766752907974
6686,47.637171316502965,293.7200000000148,4804.86899140792
6687,47.637171316502965,293.7400000000148,4804.971225630771
6688,47.637171316502965,293.76000000001477,4805.073455576132
6689,47.637171316502965,293.78000000001475,4805.175681243603
6690,47.637171316502965,293.80000000001473,4805.277902632788
6691,47.637171316502965,293.8200000000147,4805.380119743289
6692,47.637171316502965,293.8400000000147,4805.482332574707
6693,47.637171316502965,293.8600000000147,4805.5845411266455
6694,47.637171316502965,293.88000000001466,4805.686745398707
6695,47.637171316502965,293.90000000001464,4805.788945390494
6696,47.637171316502965,293.9200000000146,4805.891141110872
6697,47.637171316502965,293.9400000000146,4805.993332587521
6698,47.637171316502965,293.9600000000146,4806.095519822135
6699,47.637171316502965,293.98000000001457,4806.197702814318
6700,47.637171316502965,294.00000000001455,4806.299881563673
6701,47.637171316502965,294.02000000001453,4806.402056069804
6702,47.637171316502965,294.0400000000145,4806.504226332314
6703,47.637171316502965,294.0600000000145,4806.606392350807
6704,47.637171316502965,294.0800000000145,4806.708554124888
6705,47.637171316502965,294.10000000001446,4806.81071165416
6706,47.637171316502965,294.12000000001444,4806.9128649382255
6707,47.637171316502965,294.1400000000144,4807.015013976689
6708,47.637171316502965,294.1600000000144,4807.117158769155
6709,47.637171316502965,294.1800000000144,4807.219299315227
6710,47.637171316502965,294.20000000001437,4807.321435614507
6711,47.637171316502965,294.22000000001435,4807.423567666601
6712,47.637171316502965,294.24000000001433,4807.525695471111
6713,47.637171316502965,294.2600000000143,4807.6278190276425
6714,47.637171316502965,294.2800000000143,4807.729938335798
6715,47.637171316502965,294.3000000000143,4807.832053395181
6716,47.637171316502965,294.32000000001426,4807.934164205397
6717,47.637171316502965,294.34000000001424,4808.036270766049
6718,47.637171316502965,294.3600000000142,4808.13837307674
6719,47.637171316502965,294.3800000000142,4808.240471137075
6720,47.637171316502965,294.4000000000142,4808.342564946657
6721,47.637171316502965,294.42000000001417,4808.4446545050905
6722,47.637171316502965,294.44000000001415,4808.546739811979
6723,47.637171316502965,294.46000000001413,4808.648820866926
6724,47.637171316502965,294.4800000000141,4808.750897669536
6725,47.637171316502965,294.5000000000141,4808.852970219413
6726,47.637171316502965,294.5200000000141,4808.95503851616
6727,47.637171316502965,294.54000000001406,4809.057102559383
6728,47.637171316502965,294.56000000001404,4809.159162348683
6729,47.637171316502965,294.580000000014,4809.261217883666
6730,47.55658931671203,294.600000000014,4809.363269163936
6731,47.55658931671203,294.620000000014,4809.465316189096
6732,47.55658931671203,294.64000000001397,4809.5673589587495
6733,47.55658931671203,294.66000000001395,4809.669397472502
6734,47.55658931671203,294.68000000001393,4809.771431729957
6735,47.55658931671203,294.7000000000139,4809.873461730717
6736,47.55658931671203,294.7200000000139,4809.9754874743885
6737,47.55658931671203,294.7400000000139,4810.077508961901
6738,47.55658931671203,294.76000000001386,4810.179526195781
6739,47.55658931671203,294.78000000001384,4810.281539175808
6740,47.55658931671203,294.8000000000138,4810.383547901581
6741,47.55658931671203,294.8200000000138,4810.485552372702
6742,47.55658931671203,294.8400000000138,4810.587552588772
6743,47.55658931671203,294.86000000001377,4810.689548549393
6744,47.55658931671203,294.88000000001375,4810.791540254166
6745,47.55658931671203,294.90000000001373,4810.893527702691
6746,47.55658931671203,294.9200000000137,4810.9955108945705
6747,47.55658931671203,294.9400000000137,4811.097489840554
6748,47.55658931671203,294.9600000000137,4811.199464565466
6749,47.55658931671203,294.98000000001366,4811.301435070479
6750,47.55658931671203,295.00000000001364,4811.403401355201
6751,47.55658931671203,295.0200000000136,4811.505363419241
6752,47.55658931671203,295.0400000000136,4811.607321262207
6753,47.55658931671203,295.0600000000136,4811.709274883708
6754,47.55658931671203,295.08000000001357,4811.811224283351
6755,47.55658931671203,295.10000000001355,4811.913169460747
6756,47.55658931671203,295.12000000001353,4812.015110415503
6757,47.55658931671203,295.1400000000135,4812.117047147228
6758,47.55658931671203,295.1600000000135,4812.218979655529
6759,47.55658931671203,295.1800000000135,4812.320907940018
6760,47.55658931671203,295.20000000001346,4812.4228320003
6761,47.55658931671203,295.22000000001344,4812.524751835986
6762,47.55658931671203,295.2400000000134,4812.626667446682
6763,47.55658931671203,295.2600000000134,4812.728578832
6764,47.55658931671203,295.2800000000134,4812.830485991546
6765,47.55658931671203,295.30000000001337,4812.93238892493
6766,47.55658931671203,295.32000000001335,4813.03428763176
6767,47.55658931671203,295.34000000001333,4813.136182111644
6768,47.55658931671203,295.3600000000133,4813.238072364193
6769,47.55658931671203,295.3800000000133,4813.339958389012
6770,47.55658931671203,295.4000000000133,4813.441840185713
6771,47.55658931671203,295.42000000001326,4813.5437177539025
6772,47.55658931671203,295.44000000001324,4813.645591093191
6773,47.55658931671203,295.4600000000132,4813.747460203185
6774,47.55658931671203,295.4800000000132,4813.849325083495
6775,47.55658931671203,295.5000000000132,4813.95118573373
6776,47.55658931671203,295.52000000001317,4814.053042153498
6777,47.55658931671203,295.54000000001315,4814.154894342407
6778,47.55658931671203,295.56000000001313,4814.2567423000655
6779,47.55658931671203,295.5800000000131,4814.358586026084
6780,47.55658931671203,295.6000000000131,4814.460425520069
6781,47.55658931671203,295.6200000000131,4814.562260781632
6782,47.55658931671203,295.64000000001306,4814.66409181038
6783,47.55658931671203,295.66000000001304,4814.765918605923
6784,47.55658931671203,295.680000000013,4814.867741167868
6785,47.55658931671203,295.700000000013,4814.969559495825
6786,47.55658931671203,295.720000000013,4815.071373589402
6787,47.55658931671203,295.74000000001297,4815.173183448209
6788,47.55658931671203,295.76000000001295,4815.274989071854
6789,47.55658931671203,295.78000000001293,4815.376790459946
6790,47.55658931671203,295.8000000000129,4815.478587612094
6791,47.55658931671203,295.8200000000129,4815.5803805279065
6792,47.55658931671203,295.8400000000129,4815.6821692069925
6793,47.55658931671203,295.86000000001286,4815.783953648961
6794,47.55658931671203,295.88000000001284,4815.885733853421
6795,47.55658931671203,295.9000000000128,4815.987509819981
6796,47.55658931671203,295.9200000000128,4816.08928154825
6797,47.55658931671203,295.9400000000128,4816.191049037838
6798,47.55658931671203,295.96000000001277,4816.292812302041
6799,47.55658931671203,295.98000000001275,4816.39457136443
6800,47.55658931671203,296.00000000001273,4816.496326225755
6801,47.55658931671203,296.0200000000127,4816.598076885627
6802,47.55658931671203,296.0400000000127,4816.699823343656
6803,47.55658931671203,296.0600000000127,4816.801565599451
6804,47.55658931671203,296.08000000001266,4816.9033036526225
6805,47.55658931671203,296.10000000001264,4817.0050375027795
6806,47.55658931671203,296.1200000000126,4817.106767149533
6807,47.55658931671203,296.1400000000126,4817.208492592492
6808,47.55658931671203,296.1600000000126,4817.310213831267
6809,47.55658931671203,296.18000000001257,4817.411930865467
6810,47.55658931671203,296.20000000001255,4817.513643694703
6811,47.55658931671203,296.22000000001253,4817.615352318584
6812,47.55658931671203,296.2400000000125,4817.71705673672
6813,47.55658931671203,296.2600000000125,4817.818756948722
6814,47.55658931671203,296.2800000000125,4817.9204529541985
6815,47.55658931671203,296.30000000001246,4818.02214475276
6816,47.55658931671203,296.32000000001244,4818.123832344017
6817,47.55658931671203,296.3400000000124,4818.225515727579
6818,47.55658931671203,296.3600000000124,4818.327194903055
6819,47.55658931671203,296.3800000000124,4818.428869870057
6820,47.55658931671203,296.40000000001237,4818.530540628193
6821,47.55658931671203,296.42000000001235,4818.632207177075
6822,47.55658931671203,296.44000000001233,4818.733869516311
6823,47.55658931671203,296.4600000000123,4818.835527645512
6824,47.55658931671203,296.4800000000123,4818.937181564289
6825,47.55658931671203,296.5000000000123,4819.038831272251
6826,47.55658931671203,296.52000000001226,4819.140476769007
6827,47.55658931671203,296.54000000001224,4819.242118054169
6828,47.55658931671203,296.5600000000122,4819.3437551273455
6829,47.55658931671203,296.5800000000122,4819.445387988148
6830,47.55658931671203,296.6000000000122,4819.547016636186
6831,47.55658931671203,296.62000000001217,4819.648641071069
6832,47.55658931671203,296.64000000001215,4819.750261292407
6833,47.55658931671203,296.66000000001213,4819.851877299811
6834,47.55658931671203,296.6800000000121,4819.953489092892
6835,47.55658931671203,296.7000000000121,4820.055096671796
6836,47.55658931671203,296.7200000000121,4820.156700039786
6837,47.55658931671203,296.74000000001206,4820.258299196817
6838,47.55658931671203,296.76000000001204,4820.3598941424925
6839,47.55658931671203,296.780000000012,4820.461484876421
6840,47.55658931671203,296.800000000012,4820.563071398209
6841,47.55658931671203,296.820000000012,4820.664653707463
6842,47.55658931671203,296.84000000001197,4820.766231803789
6843,47.47623424558563,296.86000000001195,4820.867805686794
6844,47.47623424558563,296.88000000001193,4820.969375356084
6845,47.47623424558563,296.9000000000119,4821.070940811266
6846,47.47623424558563,296.9200000000119,4821.172502051947
6847,47.47623424558563,296.9400000000119,4821.274059077733
6848,47.47623424558563,296.96000000001186,4821.375611888231
6849,47.47623424558563,296.98000000001184,4821.477160498566
6850,47.47623424558563,297.0000000000118,4821.578704929852
6851,47.47623424558563,297.0200000000118,4821.680245182373
6852,47.47623424558563,297.0400000000118,4821.781781255748
6853,47.47623424558563,297.06000000001177,4821.883313149597
6854,47.47623424558563,297.08000000001175,4821.984840863539
6855,47.47623424558563,297.10000000001173,4822.086364397194
6856,47.47623424558563,297.1200000000117,4822.187883750183
6857,47.47623424558563,297.1400000000117,4822.289398922124
6858,47.47623424558563,297.1600000000117,4822.390909912638
6859,47.47623424558563,297.18000000001166,4822.492416721343
6860,47.47623424558563,297.20000000001164,4822.593919347861
6861,47.47623424558563,297.2200000000116,4822.69541779181
6862,47.47623424558563,297.2400000000116,4822.79691205281
6863,47.47623424558563,297.2600000000116,4822.8984021304805
6864,47.47623424558563,297.28000000001157,4822.999888024442
6865,47.47623424558563,297.30000000001155,4823.101369734314
6866,47.47623424558563,297.32000000001153,4823.202847259717
6867,47.47623424558563,297.3400000000115,4823.304320600269
6868,47.47623424558563,297.3600000000115,4823.405789755592
6869,47.47623424558563,297.3800000000115,4823.507254725305
6870,47.47623424558563,297.40000000001146,4823.608715509027
6871,47.47623424558563,297.42000000001144,4823.710172106378
6872,47.47623424558563,297.4400000000114,4823.811624516979
6873,47.47623424558563,297.4600000000114,4823.913072740448
6874,47.47623424558563,297.4800000000114,4824.014516776407
6875,47.47623424558563,297.50000000001137,4824.115956624474
6876,47.47623424558563,297.52000000001135,4824.21739228427
6877,47.47623424558563,297.54000000001133,4824.318823755415
6878,47.47623424558563,297.5600000000113,4824.420251037528
6879,47.47623424558563,297.5800000000113,4824.521674130229
6880,47.47623424558563,297.6000000000113,4824.6230930331385
6881,47.47623424558563,297.62000000001126,4824.724507745876
6882,47.47623424558563,297.64000000001124,4824.825918268061
6883,47.47623424558563,297.6600000000112,4824.9273245993145
6884,47.47623424558563,297.6800000000112,4825.028726739256
6885,47.47623424558563,297.7000000000112,4825.1301246875055
6886,47.47623424558563,297.72000000001117,4825.231518443683
6887,47.47623424558563,297.74000000001115,4825.332908007408
6888,47.47623424558563,297.76000000001113,4825.434293378301
6889,47.47623424558563,297.7800000000111,4825.535674555981
6890,47.47623424558563,297.8000000000111,4825.6370515400695
6891,47.47623424558563,297.8200000000111,4825.738424330186
6892,47.47623424558563,297.84000000001106,4825.83979292595
6893,47.47623424558563,297.86000000001104,4825.941157326982
6894,47.47623424558563,297.880000000011,4826.042517532901
6895,47.47623424558563,297.900000000011,4826.1438735433285
6896,47.47623424558563,297.920000000011,4826.245225357884
6897,47.47623424558563,297.94000000001097,4826.346572976187
6898,47.47623424558563,297.96000000001095,4826.4479163978585
6899,47.47623424558563,297.98000000001093,4826.549255622518
6900,47.47623424558563,298.0000000000109,4826.650590667627
6901,47.47623424558563,298.0200000000109,4826.751921552628
6902,47.47623424558563,298.0400000000109,4826.853248277356
6903,47.47623424558563,298.06000000001086,4826.954570841421
6904,47.47623424558563,298.08000000001084,4827.055889244433
6905,47.47623424558563,298.1000000000108,4827.157203486005
6906,47.47623424558563,298.1200000000108,4827.2585135657455
6907,47.47623424558563,298.1400000000108,4827.359819483267
6908,47.47623424558563,298.16000000001077,4827.46112123818
6909,47.47623424558563,298.18000000001075,4827.562418830095
6910,47.47623424558563,298.20000000001073,4827.663712258624
6911,47.47623424558563,298.2200000000107,4827.765001523378
6912,47.47623424558563,298.2400000000107,4827.8662866239665
6913,47.47623424558563,298.2600000000107,4827.967567560002
6914,47.47623424558563,298.28000000001066,4828.068844331095
6915,47.47623424558563,298.30000000001064,4828.170116936856
6916,47.47623424558563,298.3200000000106,4828.271385376897
6917,47.47623424558563,298.3400000000106,4828.372649650829
6918,47.47623424558563,298.3600000000106,4828.4739097582615
6919,47.47623424558563,298.38000000001057,4828.575165698807
6920,47.47623424558563,298.40000000001055,4828.6764174720765
6921,47.47623424558563,298.42000000001053,4828.7776650776805
6922,47.47623424558563,298.4400000000105,4828.878908515231
6923,47.47623424558563,298.4600000000105,4828.980147784338
6924,47.47623424558563,298.4800000000105,4829.081382884614
6925,47.47623424558563,298.50000000001046,4829.182613815668
6926,47.47623424558563,298.52000000001044,4829.283840577114
6927,47.47623424558563,298.5400000000104,4829.38506316856
6928,47.47623424558563,298.5600000000104,4829.4862815896195
6929,47.47623424558563,298.5800000000104,4829.587495839903
6930,47.47623424558563,298.60000000001037,4829.688705919021
6931,47.47623424558563,298.62000000001035,4829.789911826586
6932,47.47623424558563,298.64000000001033,4829.8911135622075
6933,47.47623424558563,298.6600000000103,4829.9923111254975
6934,47.47623424558563,298.6800000000103,4830.093504517935
6935,47.47623424558563,298.7000000000103,4830.194693741482
6936,47.47623424558563,298.72000000001026,4830.295878795802
6937,47.47623424558563,298.74000000001024,4830.397059680502
6938,47.47623424558563,298.7600000000102,4830.498236395189
6939,47.47623424558563,298.7800000000102,4830.599408939472
6940,47.47623424558563,298.8000000000102,4830.700577312958
6941,47.47623424558563,298.82000000001017,4830.801741515254
6942,47.47623424558563,298.84000000001015,4830.902901545971
6943,47.47623424558563,298.86000000001013,4831.004057404713
6944,47.47623424558563,298.8800000000101,4831.105209091091
6945,47.47623424558563,298.9000000000101,4831.206356604711
6946,47.47623424558563,298.9200000000101,4831.307499945181
6947,47.47623424558563,298.94000000001006,4831.40863911211
6948,47.47623424558563,298.96000000001004,4831.509774105105
6949,47.47623424558563,298.98000000001,4831.610904923774
6950,47.396105209448436,299.00000000001,4831.7120315679485
6951,47.396105209448436,299.02000000001,4831.813154056883
6952,47.396105209448436,299.04000000000997,4831.914272407833
6953,47.396105209448436,299.06000000000995,4832.015386620424
6954,47.396105209448436,299.08000000000993,4832.11649669428
6955,47.396105209448436,299.1000000000099,4832.217602629026
6956,47.396105209448436,299.1200000000099,4832.318704424289
6957,47.396105209448436,299.1400000000099,4832.419802079691
6958,47.396105209448436,299.16000000000986,4832.520895594859
6959,47.396105209448436,299.18000000000984,4832.621984969417
6960,47.396105209448436,299.2000000000098,4832.72307020299
6961,47.396105209448436,299.2200000000098,4832.824151295204
6962,47.396105209448436,299.2400000000098,4832.925228245682
6963,47.396105209448436,299.26000000000977,4833.02630105405
6964,47.396105209448436,299.28000000000975,4833.127369719934
6965,47.396105209448436,299.30000000000973,4833.2284342429575
6966,47.396105209448436,299.3200000000097,4833.329494622746
6967,47.396105209448436,299.3400000000097,4833.430550858925
6968,47.396105209448436,299.3600000000097,4833.531602951119
6969,47.396105209448436,299.38000000000966,4833.632650898952
6970,47.396105209448436,299.40000000000964,4833.733694702051
6971,47.396105209448436,299.4200000000096,4833.834734360041
6972,47.396105209448436,299.4400000000096,4833.935769872545
6973,47.396105209448436,299.4600000000096,4834.03680123919
6974,47.396105209448436,299.48000000000957,4834.1378284596
6975,47.396105209448436,299.50000000000955,4834.238851533401
6976,47.396105209448436,299.52000000000953,4834.339870460218
6977,47.396105209448436,299.5400000000095,4834.440885239675
6978,47.396105209448436,299.5600000000095,4834.541895871397
6979,47.396105209448436,299.5800000000095,4834.642902355011
6980,47.396105209448436,299.60000000000946,4834.743904690141
6981,47.396105209448436,299.62000000000944,4834.844902876412
6982,47.396105209448436,299.6400000000094,4834.945896913449
6983,47.396105209448436,299.6600000000094,4835.046886800878
6984,47.396105209448436,299.6800000000094,4835.147872538324
6985,47.396105209448436,299.70000000000937,4835.2488541254115
6986,47.396105209448436,299.72000000000935,4835.349831561766
6987,47.396105209448436,299.74000000000933,4835.4508048470125
6988,47.396105209448436,299.7600000000093,4835.5517739807765
6989,47.396105209448436,299.7800000000093,4835.6527389626835
6990,47.396105209448436,299.8000000000093,4835.753699792358
6991,47.396105209448436,299.82000000000926,4835.854656469426
6992,47.396105209448436,299.84000000000924,4835.955608993512
6993,47.396105209448436,299.8600000000092,4836.056557364242
6994,47.396105209448436,299.8800000000092,4836.15750158124
6995,47.396105209448436,299.9000000000092,4836.258441644132
6996,47.396105209448436,299.92000000000917,4836.359377552544
6997,47.396105209448436,299.94000000000915,4836.4603093061005
6998,47.396105209448436,299.96000000000913,4836.561236904427
6999,47.396105209448436,299.9800000000091,4836.662160347148
7000,47.396105209448436,300.0000000000091,4836.76307963389
7001,47.396105209448436,300.0200000000091,4836.863994764932
7002,47.396105209448436,300.04000000000906,4836.96490576095
7003,47.396105209448436,300.06000000000904,4837.065812636727
7004,47.396105209448436,300.080000000009,4837.16671539188
7005,47.396105209448436,300.100000000009,4837.267614026026
7006,47.396105209448436,300.120000000009,4837.368508538785
7007,47.396105209448436,300.14000000000897,4837.469398929774
7008,47.396105209448436,300.16000000000895,4837.570285198612
7009,47.396105209448436,300.18000000000893,4837.671167344915
7010,47.396105209448436,300.2000000000089,4837.772045368304
7011,47.396105209448436,300.2200000000089,4837.872919268396
7012,47.396105209448436,300.2400000000089,4837.973789044809
7013,47.396105209448436,300.26000000000886,4838.07465469716
7014,47.396105209448436,300.28000000000884,4838.175516225069
7015,47.396105209448436,300.3000000000088,4838.276373628154
7016,47.396105209448436,300.3200000000088,4838.377226906033
7017,47.396105209448436,300.3400000000088,4838.4780760583235
7018,47.396105209448436,300.36000000000877,4838.578921084644
7019,47.396105209448436,300.38000000000875,4838.679761984613
7020,47.396105209448436,300.40000000000873,4838.780598757849
7021,47.396105209448436,300.4200000000087,4838.881431403969
7022,47.396105209448436,300.4400000000087,4838.982259922593
7023,47.396105209448436,300.4600000000087,4839.083084313338
7024,47.396105209448436,300.48000000000866,4839.183904575823
7025,47.396105209448436,300.50000000000864,4839.2847207096665
7026,47.396105209448436,300.5200000000086,4839.385532714486
7027,47.396105209448436,300.5400000000086,4839.4863405899
7028,47.396105209448436,300.5600000000086,4839.587144335526
7029,47.396105209448436,300.58000000000857,4839.687943950984
7030,47.396105209448436,300.60000000000855,4839.788739435891
7031,47.396105209448436,300.62000000000853,4839.8895307898665
7032,47.396105209448436,300.6400000000085,4839.9903180125275
7033,47.396105209448436,300.6600000000085,4840.091101105471
7034,47.396105209448436,300.6800000000085,4840.191880070977
7035,47.396105209448436,300.70000000000846,4840.292654908743
7036,47.396105209448436,300.72000000000844,4840.393425618393
7037,47.396105209448436,300.7400000000084,4840.49419219955
7038,47.396105209448436,300.7600000000084,4840.594954651837
7039,47.396105209448436,300.7800000000084,4840.695712974877
7040,47.396105209448436,300.80000000000837,4840.796467168295
7041,47.396105209448436,300.82000000000835,4840.897217231713
7042,47.396105209448436,300.84000000000833,4840.997963164754
7043,47.396105209448436,300.8600000000083,4841.098704967041
7044,47.396105209448436,300.8800000000083,4841.199442638199
7045,47.396105209448436,300.9000000000083,4841.30017617785
7046,47.396105209448436,300.92000000000826,4841.400905585617
7047,47.396105209448436,300.94000000000824,4841.501630861124
7048,47.396105209448436,300.9600000000082,4841.602352003994
7049,47.396105209448436,300.9800000000082,4841.703069013852
7050,47.396105209448436,301.0000000000082,4841.803781890319
7051,47.396105209448436,301.02000000000817,4841.904490633021
7052,47.396105209448436,301.04000000000815,4842.005195242687
7053,47.396105209448436,301.06000000000813,4842.105895742104
7054,47.396105209448436,301.0800000000081,4842.206592144099
7055,47.396105209448436,301.1000000000081,4842.307284448297
7056,47.396105209448436,301.1200000000081,4842.407972654322
7057,47.396105209448436,301.14000000000806,4842.508656761801
7058,47.31620131914504,301.16000000000804,4842.609336770357
7059,47.31620131914504,301.180000000008,4842.710012679616
7060,47.31620131914504,301.200000000008,4842.810684489203
7061,47.31620131914504,301.220000000008,4842.911352198743
7062,47.31620131914504,301.24000000000797,4843.012015807861
7063,47.31620131914504,301.26000000000795,4843.112675316182
7064,47.31620131914504,301.28000000000793,4843.213330723331
7065,47.31620131914504,301.3000000000079,4843.313982028933
7066,47.31620131914504,301.3200000000079,4843.414629232615
7067,47.31620131914504,301.3400000000079,4843.515272334001
7068,47.31620131914504,301.36000000000786,4843.615911332715
7069,47.31620131914504,301.38000000000784,4843.716546228383
7070,47.31620131914504,301.4000000000078,4843.81717702063
7071,47.31620131914504,301.4200000000078,4843.917803709081
7072,47.31620131914504,301.4400000000078,4844.018426293363
7073,47.31620131914504,301.46000000000777,4844.119044773099
7074,47.31620131914504,301.48000000000775,4844.219659147915
7075,47.31620131914504,301.50000000000773,4844.320269417436
7076,47.31620131914504,301.5200000000077,4844.420875581288
7077,47.31620131914504,301.5400000000077,4844.521477639095
7078,47.31620131914504,301.5600000000077,4844.622075590483
7079,47.31620131914504,301.58000000000766,4844.7226694350775
7080,47.31620131914504,301.60000000000764,4844.823259172503
7081,47.31620131914504,301.6200000000076,4844.923844802384
7082,47.31620131914504,301.6400000000076,4845.0244263243485
7083,47.31620131914504,301.6600000000076,4845.12500373802
7084,47.31620131914504,301.68000000000757,4845.225577043023
7085,47.31620131914504,301.70000000000755,4845.326146238984
7086,47.31620131914504,301.72000000000753,4845.426711325528
7087,47.31620131914504,301.7400000000075,4845.527272302281
7088,47.31620131914504,301.7600000000075,4845.627829168867
7089,47.31620131914504,301.7800000000075,4845.728381924912
7090,47.31620131914504,301.80000000000746,4845.828930570042
7091,47.31620131914504,301.82000000000744,4845.9294751038815
7092,47.31620131914504,301.8400000000074,4846.030015526056
7093,47.31620131914504,301.8600000000074,4846.1305518361905
7094,47.31620131914504,301.8800000000074,4846.231084033911
7095,47.31620131914504,301.90000000000737,4846.331612118844
7096,47.31620131914504,301.92000000000735,4846.432136090612
7097,47.31620131914504,301.94000000000733,4846.532655948843
7098,47.31620131914504,301.9600000000073,4846.633171693161
7099,47.31620131914504,301.9800000000073,4846.733683323192
7100,47.31620131914504,302.0000000000073,4846.834190838561
7101,47.31620131914504,302.02000000000726,4846.934694238894
7102,47.31620131914504,302.04000000000724,4847.035193523816
7103,47.31620131914504,302.0600000000072,4847.135688694445
7104,47.31620131914504,302.0800000000072,4847.236179774429
7105,47.31620131914504,302.1000000000072,4847.336666773984
7106,47.31620131914504,302.12000000000717,4847.437149692735
7107,47.31620131914504,302.14000000000715,4847.537628530308
7108,47.31620131914504,302.16000000000713,4847.63810328633
7109,47.31620131914504,302.1800000000071,4847.738573960426
7110,47.31620131914504,302.2000000000071,4847.839040552222
7111,47.31620131914504,302.2200000000071,4847.939503061344
7112,47.31620131914504,302.24000000000706,4848.039961487419
7113,47.31620131914504,302.26000000000704,4848.140415830071
7114,47.31620131914504,302.280000000007,4848.240866088927
7115,47.31620131914504,302.300000000007,4848.341312263613
7116,47.31620131914504,302.320000000007,4848.441754353755
7117,47.31620131914504,302.34000000000697,4848.542192358978
7118,47.31620131914504,302.36000000000695,4848.64262627891
7119,47.31620131914504,302.38000000000693,4848.743056113176
7120,47.31620131914504,302.4000000000069,4848.843481861402
7121,47.31620131914504,302.4200000000069,4848.943903523214
7122,47.31620131914504,302.4400000000069,4849.0443210982385
7123,47.31620131914504,302.46000000000686,4849.144734586101
7124,47.31620131914504,302.48000000000684,4849.245143986427
7125,47.31620131914504,302.5000000000068,4849.345549298844
7126,47.31620131914504,302.5200000000068,4849.445950522978
7127,47.31620131914504,302.5400000000068,4849.546347658454
7128,47.31620131914504,302.56000000000677,4849.646740704899
7129,47.31620131914504,302.58000000000675,4849.747129661938
7130,47.31620131914504,302.60000000000673,4849.847514529198
7131,47.31620131914504,302.6200000000067,4849.947895306305
7132,47.31620131914504,302.6400000000067,4850.048271993251
7133,47.31620131914504,302.6600000000067,4850.148644593402
7134,47.31620131914504,302.68000000000666,4850.249013106841
7135,47.31620131914504,302.70000000000664,4850.349377533194
7136,47.31620131914504,302.7200000000066,4850.449737872089
7137,47.31620131914504,302.7400000000066,4850.550094123156
7138,47.31620131914504,302.7600000000066,4850.650446286023
7139,47.31620131914504,302.78000000000657,4850.750794360318
7140,47.31620131914504,302.80000000000655,4850.85113834567
7141,47.31620131914504,302.82000000000653,4850.951478241706
7142,47.31620131914504,302.8400000000065,4851.051814048056
7143,47.31620131914504,302.8600000000065,4851.152145764348
7144,47.31620131914504,302.8800000000065,4851.252473390209
7145,47.31620131914504,302.90000000000646,4851.35279692527
7146,47.31620131914504,302.92000000000644,4851.453116369157
7147,47.31620131914504,302.9400000000064,4851.553431721501
7148,47.31620131914504,302.9600000000064,4851.653742981927
7149,47.31620131914504,302.9800000000064,4851.754050150066
7150,47.31620131914504,303.00000000000637,4851.854353225546
7151,47.31620131914504,303.02000000000635,4851.954652207995
7152,47.31620131914504,303.04000000000633,4852.054947097043
7153,47.31620131914504,303.0600000000063,4852.155237892316
7154,47.31620131914504,303.0800000000063,4852.255524595413
7155,47.31620131914504,303.1000000000063,4852.355807232355
7156,47.31620131914504,303.12000000000626,4852.456085811455
7157,47.31620131914504,303.14000000000624,4852.556360332342
7158,47.31620131914504,303.1600000000062,4852.656630794648
7159,47.31620131914504,303.1800000000062,4852.756897198003
7160,47.31620131914504,303.2000000000062,4852.857159542037
7161,47.31620131914504,303.22000000000617,4852.957417826382
7162,47.31620131914504,303.24000000000615,4853.057672050668
7163,47.31620131914504,303.26000000000613,4853.157922214526
7164,47.31620131914504,303.2800000000061,4853.258168317586
7165,47.31620131914504,303.3000000000061,4853.358410359479
7166,47.236521690011976,303.3200000000061,4853.458648339837
7167,47.236521690011976,303.34000000000606,4853.5588822582895
7168,47.236521690011976,303.36000000000604,4853.6591121144675
7169,47.236521690011976,303.380000000006,4853.759337908002
7170,47.236521690011976,303.400000000006,4853.859559638523
7171,47.236521690011976,303.420000000006,4853.959777305663
7172,47.236521690011976,303.44000000000597,4854.0599909090515
7173,47.236521690011976,303.46000000000595,4854.160200448319
7174,47.236521690011976,303.48000000000593,4854.260405923097
7175,47.236521690011976,303.5000000000059,4854.360607333017
7176,47.236521690011976,303.5200000000059,4854.4608046777075
7177,47.236521690011976,303.5400000000059,4854.560997956802
7178,47.236521690011976,303.56000000000586,4854.66118716993
7179,47.236521690011976,303.58000000000584,4854.7613723167215
7180,47.236521690011976,303.6000000000058,4854.861553396809
7181,47.236521690011976,303.6200000000058,4854.961730409823
7182,47.236521690011976,303.6400000000058,4855.061903355394
7183,47.236521690011976,303.66000000000577,4855.162072233153
7184,47.236521690011976,303.68000000000575,4855.262237042731
7185,47.236521690011976,303.70000000000573,4855.362397783759
7186,47.236521690011976,303.7200000000057,4855.462554455867
7187,47.236521690011976,303.7400000000057,4855.562707058687
7188,47.236521690011976,303.7600000000057,4855.66285559185
7189,47.236521690011976,303.78000000000566,4855.763000054986
7190,47.236521690011976,303.80000000000564,4855.863140447726
7191,47.236521690011976,303.8200000000056,4855.963276769702
7192,47.236521690011976,303.8400000000056,4856.063409020545
7193,47.236521690011976,303.8600000000056,4856.163537199885
7194,47.236521690011976,303.88000000000557,4856.263661307353
7195,47.236521690011976,303.90000000000555,4856.36378134258
7196,47.236521690011976,303.92000000000553,4856.463897305198
7197,47.236521690011976,303.9400000000055,4856.564009194837
7198,47.236521690011976,303.9600000000055,4856.664117011129
7199,47.236521690011976,303.9800000000055,4856.764220753704
7200,47.236521690011976,304.00000000000546,4856.8643204221935
7201,47.236521690011976,304.02000000000544,4856.964416016229
7202,47.236521690011976,304.0400000000054,4857.0645075354405
7203,47.236521690011976,304.0600000000054,4857.164594979459
7204,47.236521690011976,304.0800000000054,4857.264678347917
7205,47.236521690011976,304.10000000000537,4857.364757642756
7206,47.236521690011976,304.12000000000535,4857.464832890647
7207,47.236521690011976,304.14000000000533,4857.564904097466
7208,47.236521690011976,304.1600000000053,4857.664971262844
7209,47.236521690011976,304.1800000000053,4857.765034386414
7210,47.236521690011976,304.2000000000053,4857.86509346781
7211,47.236521690011976,304.22000000000526,4857.965148506662
7212,47.236521690011976,304.24000000000524,4858.0651995026055
7213,47.236521690011976,304.2600000000052,4858.165246455272
7214,47.236521690011976,304.2800000000052,4858.265289364293
7215,47.236521690011976,304.3000000000052,4858.365328229302
7216,47.236521690011976,304.32000000000517,4858.4653630499315
7217,47.236521690011976,304.34000000000515,4858.565393825815
7218,47.236521690011976,304.36000000000513,4858.665420556585
7219,47.236521690011976,304.3800000000051,4858.765443241873
7220,47.236521690011976,304.4000000000051,4858.865461881313
7221,47.236521690011976,304.4200000000051,4858.965476474537
7222,47.236521690011976,304.44000000000506,4859.065487021178
7223,47.236521690011976,304.46000000000504,4859.165493520869
7224,47.236521690011976,304.480000000005,4859.265495973242
7225,47.236521690011976,304.500000000005,4859.36549437793
7226,47.236521690011976,304.520000000005,4859.465488734566
7227,47.236521690011976,304.54000000000497,4859.5654790427825
7228,47.236521690011976,304.56000000000495,4859.665465302212
7229,47.236521690011976,304.58000000000493,4859.765447512488
7230,47.236521690011976,304.6000000000049,4859.865425673243
7231,47.236521690011976,304.6200000000049,4859.96539978411
7232,47.236521690011976,304.6400000000049,4860.065369845634
7233,47.236521690011976,304.66000000000486,4860.1653358606045
7234,47.236521690011976,304.68000000000484,4860.265297828902
7235,47.236521690011976,304.7000000000048,4860.365255750157
7236,47.236521690011976,304.7200000000048,4860.465209624003
7237,47.236521690011976,304.7400000000048,4860.565159450071
7238,47.236521690011976,304.76000000000477,4860.665105227994
7239,47.236521690011976,304.78000000000475,4860.765046957403
7240,47.236521690011976,304.80000000000473,4860.86498463793
7241,47.236521690011976,304.8200000000047,4860.964918269208
7242,47.236521690011976,304.8400000000047,4861.064847850869
7243,47.236521690011976,304.8600000000047,4861.164773382544
7244,47.236521690011976,304.88000000000466,4861.264694863866
7245,47.236521690011976,304.90000000000464,4861.364612294466
7246,47.236521690011976,304.9200000000046,4861.464525673977
7247,47.236521690011976,304.9400000000046,4861.56443500203
7248,47.236521690011976,304.9600000000046,4861.664340278258
7249,47.236521690011976,304.98000000000457,4861.764241502294
7250,47.236521690011976,305.00000000000455,4861.864138673768
7251,47.236521690011976,305.02000000000453,4861.964031792313
7252,47.236521690011976,305.0400000000045,4862.063920857561
7253,47.236521690011976,305.0600000000045,4862.163805869145
7254,47.236521690011976,305.0800000000045,4862.263686826696
7255,47.236521690011976,305.10000000000446,4862.363563729848
7256,47.236521690011976,305.12000000000444,4862.463436581031
7257,47.236521690011976,305.1400000000044,4862.563305409338
7258,47.236521690011976,305.1600000000044,4862.663170218654
7259,47.236521690011976,305.1800000000044,4862.763031008617
7260,47.236521690011976,305.20000000000437,4862.862887778862
7261,47.236521690011976,305.22000000000435,4862.9627405290275
7262,47.236521690011976,305.24000000000433,4863.0625892587495
7263,47.236521690011976,305.2600000000043,4863.162433967665
7264,47.236521690011976,305.2800000000043,4863.262274655409
7265,47.236521690011976,305.3000000000043,4863.3621113216195
7266,47.236521690011976,305.32000000000426,4863.461943965934
7267,47.236521690011976,305.34000000000424,4863.561772587988
7268,47.236521690011976,305.3600000000042,4863.66159718742
7269,47.236521690011976,305.3800000000042,4863.761417763864
7270,47.236521690011976,305.4000000000042,4863.86123431696
7271,47.236521690011976,305.42000000000417,4863.9610468463425
7272,47.236521690011976,305.44000000000415,4864.060855351649
7273,47.236521690011976,305.46000000000413,4864.160659832516
7274,47.236521690011976,305.4800000000041,4864.260460288581
7275,47.15706544185007,305.5000000000041,4864.36025671948
7276,47.15706544185007,305.5200000000041,4864.460049124851
7277,47.15706544185007,305.54000000000406,4864.55983750433
7278,47.15706544185007,305.56000000000404,4864.659621857554
7279,47.15706544185007,305.580000000004,4864.75940218416
7280,47.15706544185007,305.600000000004,4864.859178483784
7281,47.15706544185007,305.620000000004,4864.958950756063
7282,47.15706544185007,305.64000000000397,4865.058719000635
7283,47.15706544185007,305.66000000000395,4865.1584832171375
7284,47.15706544185007,305.68000000000393,4865.258243405206
7285,47.15706544185007,305.7000000000039,4865.357999564477
7286,47.15706544185007,305.7200000000039,4865.457751694588
7287,47.15706544185007,305.7400000000039,4865.557499795177
7288,47.15706544185007,305.76000000000386,4865.6572438658795
7289,47.15706544185007,305.78000000000384,4865.756983906333
7290,47.15706544185007,305.8000000000038,4865.8567199161735
7291,47.15706544185007,305.8200000000038,4865.956451895039
7292,47.15706544185007,305.8400000000038,4866.056179842567
7293,47.15706544185007,305.86000000000377,4866.155903758394
7294,47.15706544185007,305.88000000000375,4866.255623642157
7295,47.15706544185007,305.90000000000373,4866.3553394934925
7296,47.15706544185007,305.9200000000037,4866.4550513120375
7297,47.15706544185007,305.9400000000037,4866.554759097429
7298,47.15706544185007,305.9600000000037,4866.654462849306
7299,47.15706544185007,305.98000000000366,4866.754162567303
7300,47.15706544185007,306.00000000000364,4866.853858251058
7301,47.15706544185007,306.0200000000036,4866.953549900208
7302,47.15706544185007,306.0400000000036,4867.053237514389
7303,47.15706544185007,306.0600000000036,4867.15292109324
7304,47.15706544185007,306.08000000000357,4867.252600636398
7305,47.15706544185007,306.10000000000355,4867.352276143499
7306,47.15706544185007,306.12000000000353,4867.4519476141795
7307,47.15706544185007,306.1400000000035,4867.551615051913
7308,47.15706544185007,306.1600000000035,4867.651278484872
7309,47.15706544185007,306.1800000000035,4867.75093791544
7310,47.15706544185007,306.20000000000346,4867.850593343257
7311,47.15706544185007,306.22000000000344,4867.950244767965
7312,47.15706544185007,306.2400000000034,4868.049892189204
7313,47.15706544185007,306.2600000000034,4868.149535606614
7314,47.15706544185007,306.2800000000034,4868.249175019838
7315,47.15706544185007,306.30000000000337,4868.348810428514
7316,47.15706544185007,306.32000000000335,4868.4484418322845
7317,47.15706544185007,306.34000000000333,4868.548069230789
7318,47.15706544185007,306.3600000000033,4868.647692623669
7319,47.15706544185007,306.3800000000033,4868.747312010566
7320,47.15706544185007,306.4000000000033,4868.84692739112
7321,47.15706544185007,306.42000000000326,4868.946538764971
7322,47.15706544185007,306.44000000000324,4869.04614613176
7323,47.15706544185007,306.4600000000032,4869.145749491129
7324,47.15706544185007,306.4800000000032,4869.245348842718
7325,47.15706544185007,306.5000000000032,4869.344944186168
7326,47.15706544185007,306.52000000000317,4869.444535521119
7327,47.15706544185007,306.54000000000315,4869.544122847213
7328,47.15706544185007,306.56000000000313,4869.64370616409
7329,47.15706544185007,306.5800000000031,4869.743285471392
7330,47.15706544185007,306.6000000000031,4869.842860768757
7331,47.15706544185007,306.6200000000031,4869.942432055829
7332,47.15706544185007,306.64000000000306,4870.041999332561
7333,47.15706544185007,306.66000000000304,4870.141562602076
7334,47.15706544185007,306.680000000003,4870.241121864674
7335,47.15706544185007,306.700000000003,4870.340677119992
7336,47.15706544185007,306.720000000003,4870.440228367666
7337,47.15706544185007,306.74000000000296,4870.539775607336
7338,47.15706544185007,306.76000000000295,4870.639318838638
7339,47.15706544185007,306.78000000000293,4870.7388580612105
7340,47.15706544185007,306.8000000000029,4870.83839327469
7341,47.15706544185007,306.8200000000029,4870.937924478715
7342,47.15706544185007,306.8400000000029,4871.0374516729225
7343,47.15706544185007,306.86000000000286,4871.13697485695
7344,47.15706544185007,306.88000000000284,4871.236494030434
7345,47.15706544185007,306.9000000000028,4871.336009193014
7346,47.15706544185007,306.9200000000028,4871.435520344327
7347,47.15706544185007,306.9400000000028,4871.53502748401
7348,47.15706544185007,306.96000000000276,4871.634530611701
7349,47.15706544185007,306.98000000000275,4871.7340297270375
7350,47.15706544185007,307.00000000000273,4871.833524829657
7351,47.15706544185007,307.0200000000027,4871.933015919198
7352,47.15706544185007,307.0400000000027,4872.032502995296
7353,47.15706544185007,307.0600000000027,4872.131986057591
7354,47.15706544185007,307.08000000000266,4872.2314651057195
7355,47.15706544185007,307.10000000000264,4872.330940139319
7356,47.15706544185007,307.1200000000026,4872.430411158028
7357,47.15706544185007,307.1400000000026,4872.529878161483
7358,47.15706544185007,307.1600000000026,4872.629341155375
7359,47.15706544185007,307.18000000000256,4872.728800166888
7360,47.15706544185007,307.20000000000255,4872.828255198048
7361,47.15706544185007,307.2200000000025,4872.927706248498
7362,47.15706544185007,307.2400000000025,4873.0271533178775
7363,47.15706544185007,307.2600000000025,4873.126596405827
7364,47.15706544185007,307.2800000000025,4873.226035511986
7365,47.15706544185007,307.30000000000246,4873.325470635996
7366,47.15706544185007,307.32000000000244,4873.424901777496
7367,47.15706544185007,307.3400000000024,4873.524328936129
7368,47.15706544185007,307.3600000000024,4873.623752111534
7369,47.15706544185007,307.3800000000024,4873.723171303351
7370,47.15706544185007,307.40000000000236,4873.822586511221
7371,47.15706544185007,307.42000000000235,4873.921997734785
7372,47.15706544185007,307.4400000000023,4874.021404973683
7373,47.15706544185007,307.4600000000023,4874.120808227556
7374,47.15706544185007,307.4800000000023,4874.220207496045
7375,47.15706544185007,307.5000000000023,4874.31960277879
7376,47.15706544185007,307.52000000000226,4874.41899407543
7377,47.15706544185007,307.54000000000224,4874.518381385608
7378,47.15706544185007,307.5600000000022,4874.6177647089635
7379,47.15706544185007,307.5800000000022,4874.7171440451375
7380,47.15706544185007,307.6000000000022,4874.81651939377
7381,47.15706544185007,307.62000000000216,4874.9158907545025
7382,47.15706544185007,307.64000000000215,4875.015258126975
7383,47.15706544185007,307.6600000000021,4875.114621510827
7384,47.077831698896865,307.6800000000021,4875.213980905702
7385,47.077831698896865,307.7000000000021,4875.313336311237
7386,47.077831698896865,307.7200000000021,4875.4126877270755
7387,47.077831698896865,307.74000000000206,4875.512035152858
7388,47.077831698896865,307.76000000000204,4875.6113785882235
7389,47.077831698896865,307.780000000002,4875.710718032814
7390,47.077831698896865,307.800000000002,4875.81005348627
7391,47.077831698896865,307.820000000002,4875.909384948231
7392,47.077831698896865,307.84000000000196,4876.008712418338
7393,47.077831698896865,307.86000000000195,4876.108035896234
7394,47.077831698896865,307.8800000000019,4876.207355381557
7395,47.077831698896865,307.9000000000019,4876.306670873949
7396,47.077831698896865,307.9200000000019,4876.40598237305
7397,47.077831698896865,307.9400000000019,4876.5052898785025
7398,47.077831698896865,307.96000000000186,4876.604593389945
7399,47.077831698896865,307.98000000000184,4876.7038929070195
7400,47.077831698896865,308.0000000000018,4876.803188429367
7401,47.077831698896865,308.0200000000018,4876.902479956627
7402,47.077831698896865,308.0400000000018,4877.001767488441
7403,47.077831698896865,308.06000000000176,4877.1010510244505
7404,47.077831698896865,308.08000000000175,4877.200330564296
7405,47.077831698896865,308.1000000000017,4877.299606107617
7406,47.077831698896865,308.1200000000017,4877.398877654056
7407,47.077831698896865,308.1400000000017,4877.498145203253
7408,47.077831698896865,308.1600000000017,4877.597408754849
7409,47.077831698896865,308.18000000000166,4877.6966683163455
7410,47.077831698896865,308.20000000000164,4877.795923912234
7411,47.077831698896865,308.2200000000016,4877.895175544047
7412,47.077831698896865,308.2400000000016,4877.9944232114285
7413,47.077831698896865,308.2600000000016,4878.093666914023
7414,47.077831698896865,308.28000000000156,4878.192906651475
7415,47.077831698896865,308.30000000000155,4878.292142423428
7416,47.077831698896865,308.3200000000015,4878.391374229527
7417,47.077831698896865,308.3400000000015,4878.490602069415
7418,47.077831698896865,308.3600000000015,4878.589825942738
7419,47.077831698896865,308.3800000000015,4878.689045849138
7420,47.077831698896865,308.40000000000146,4878.788261788261
7421,47.077831698896865,308.42000000000144,4878.887473759751
7422,47.077831698896865,308.4400000000014,4878.986681763251
7423,47.077831698896865,308.4600000000014,4879.085885798407
7424,47.077831698896865,308.4800000000014,4879.185085864862
7425,47.077831698896865,308.50000000000136,4879.284281962261
7426,47.077831698896865,308.52000000000135,4879.3834740902485
7427,47.077831698896865,308.5400000000013,4879.482662248468
7428,47.077831698896865,308.5600000000013,4879.581846436564
7429,47.077831698896865,308.5800000000013,4879.681026654182
7430,47.077831698896865,308.6000000000013,4879.7802029009645
7431,47.077831698896865,308.62000000000126,4879.879375176557
7432,47.077831698896865,308.64000000000124,4879.978543480604
7433,47.077831698896865,308.6600000000012,4880.077707814192
7434,47.077831698896865,308.6800000000012,4880.176868179875
7435,47.077831698896865,308.7000000000012,4880.276024577461
7436,47.077831698896865,308.72000000000116,4880.375177006596
7437,47.077831698896865,308.74000000000115,4880.474325466925
7438,47.077831698896865,308.7600000000011,4880.573469958093
7439,47.077831698896865,308.7800000000011,4880.672610479745
7440,47.077831698896865,308.8000000000011,4880.771747031528
7441,47.077831698896865,308.8200000000011,4880.870879613087
7442,47.077831698896865,308.84000000000106,4880.970008224066
7443,47.077831698896865,308.86000000000104,4881.069132864112
7444,47.077831698896865,308.880000000001,4881.16825353287
7445,47.077831698896865,308.900000000001,4881.267370229985
7446,47.077831698896865,308.920000000001,4881.3664829551035
7447,47.077831698896865,308.94000000000096,4881.465591707869
7448,47.077831698896865,308.96000000000095,4881.564696487929
7449,47.077831698896865,308.9800000000009,4881.6637972949275
7450,47.077831698896865,309.0000000000009,4881.762894128511
7451,47.077831698896865,309.0200000000009,4881.861986988324
7452,47.077831698896865,309.0400000000009,4881.961075874013
7453,47.077831698896865,309.06000000000085,4882.060160785223
7454,47.077831698896865,309.08000000000084,4882.1592417216
7455,47.077831698896865,309.1000000000008,4882.258318682789
7456,47.077831698896865,309.1200000000008,4882.357391668435
7457,47.077831698896865,309.1400000000008,4882.456460678185
7458,47.077831698896865,309.16000000000076,4882.555525711683
7459,47.077831698896865,309.18000000000075,4882.654586768575
7460,47.077831698896865,309.2000000000007,4882.753643858673
7461,47.077831698896865,309.2200000000007,4882.85269700546
7462,47.077831698896865,309.2400000000007,4882.951746210102
7463,47.077831698896865,309.2600000000007,4883.050791472245
7464,47.077831698896865,309.28000000000065,4883.149832791535
7465,47.077831698896865,309.30000000000064,4883.248870167618
7466,47.077831698896865,309.3200000000006,4883.347903600141
7467,47.077831698896865,309.3400000000006,4883.446933088749
7468,47.077831698896865,309.3600000000006,4883.545958633089
7469,47.077831698896865,309.38000000000056,4883.644980232807
7470,47.077831698896865,309.40000000000055,4883.743997887549
7471,47.077831698896865,309.4200000000005,4883.843011596961
7472,47.077831698896865,309.4400000000005,4883.942021360689
7473,47.077831698896865,309.4600000000005,4884.041027178379
7474,47.077831698896865,309.4800000000005,4884.140029049679
7475,47.077831698896865,309.50000000000045,4884.239026974233
7476,47.077831698896865,309.52000000000044,4884.338020951688
7477,47.077831698896865,309.5400000000004,4884.437010981691
7478,47.077831698896865,309.5600000000004,4884.535997063887
7479,47.077831698896865,309.5800000000004,4884.634979197924
7480,47.077831698896865,309.60000000000036,4884.733957383446
7481,47.077831698896865,309.62000000000035,4884.832931620101
7482,47.077831698896865,309.6400000000003,4884.931901907534
7483,47.077831698896865,309.6600000000003,4885.0308682453915
7484,47.077831698896865,309.6800000000003,4885.12983063332
7485,47.077831698896865,309.7000000000003,4885.228789070967
7486,47.077831698896865,309.72000000000025,4885.327743557977
7487,47.077831698896865,309.74000000000024,4885.426694093997
7488,47.077831698896865,309.7600000000002,4885.525640678673
7489,47.077831698896865,309.7800000000002,4885.624583311652
7490,47.077831698896865,309.8000000000002,4885.72352199258
7491,47.077831698896865,309.82000000000016,4885.822456721103
7492,47.077831698896865,309.84000000000015,4885.921387496867
7493,46.998819589799375,309.8600000000001,4886.02031431952
7494,46.998819589799375,309.8800000000001,4886.119237188707
7495,46.998819589799375,309.9000000000001,4886.218156104075
7496,46.998819589799375,309.9200000000001,4886.31707106527
7497,46.998819589799375,309.94000000000005,4886.415982071939
7498,46.998819589799375,309.96000000000004,4886.514889123727
7499,46.998819589799375,309.98,4886.6137922202815
7500,46.998819589799375,310.0,4886.712691361249
7501,46.998819589799375,310.02,4886.811586546276
7502,46.998819589799375,310.03999999999996,4886.910477775008
7503,46.998819589799375,310.05999999999995,4887.009365047092
7504,46.998819589799375,310.0799999999999,4887.108248362174
7505,46.998819589799375,310.0999999999999,4887.207127719901
7506,46.998819589799375,310.1199999999999,4887.306003119919
7507,46.998819589799375,310.1399999999999,4887.404874561876
7508,46.998819589799375,310.15999999999985,4887.503742045416
7509,46.998819589799375,310.17999999999984,4887.602605570188
7510,46.998819589799375,310.1999999999998,4887.701465135836
7511,46.998819589799375,310.2199999999998,4887.800320753765
7512,46.998819589799375,310.2399999999998,4887.899172444875
7513,46.998819589799375,310.25999999999976,4887.998020209869
7514,46.998819589799375,310.27999999999975,4888.0968640483925
7515,46.998819589799375,310.2999999999997,4888.195703960092
7516,46.998819589799375,310.3199999999997,4888.294539944615
7517,46.998819589799375,310.3399999999997,4888.3933720016075
7518,46.998819589799375,310.3599999999997,4888.492200130716
7519,46.998819589799375,310.37999999999965,4888.5910243315875
7520,46.998819589799375,310.39999999999964,4888.689844603869
7521,46.998819589799375,310.4199999999996,4888.788660947206
7522,46.998819589799375,310.4399999999996,4888.8874733612465
7523,46.998819589799375,310.4599999999996,4888.986281845637
7524,46.998819589799375,310.47999999999956,4889.085086400023
7525,46.998819589799375,310.49999999999955,4889.183887024052
7526,46.998819589799375,310.5199999999995,4889.282683717371
7527,46.998819589799375,310.5399999999995,4889.381476479626
7528,46.998819589799375,310.5599999999995,4889.480265310464
7529,46.998819589799375,310.5799999999995,4889.579050209532
7530,46.998819589799375,310.59999999999945,4889.6778311764765
7531,46.998819589799375,310.61999999999944,4889.776608210944
7532,46.998819589799375,310.6399999999994,4889.875381312581
7533,46.998819589799375,310.6599999999994,4889.974150481035
7534,46.998819589799375,310.6799999999994,4890.072915717142
7535,46.998819589799375,310.69999999999936,4890.171677023393
7536,46.998819589799375,310.71999999999935,4890.270434399625
7537,46.998819589799375,310.7399999999993,4890.3691878454865
7538,46.998819589799375,310.7599999999993,4890.467937360629
7539,46.998819589799375,310.7799999999993,4890.566682944702
7540,46.998819589799375,310.7999999999993,4890.665424597357
7541,46.998819589799375,310.81999999999925,4890.764162318244
7542,46.998819589799375,310.83999999999924,4890.862896107015
7543,46.998819589799375,310.8599999999992,4890.96162596332
7544,46.998819589799375,310.8799999999992,4891.060351886809
7545,46.998819589799375,310.8999999999992,4891.159073877134
7546,46.998819589799375,310.91999999999916,4891.257791933944
7547,46.998819589799375,310.93999999999915,4891.35650605689
7548,46.998819589799375,310.9599999999991,4891.455216245624
7549,46.998819589799375,310.9799999999991,4891.553922499796
7550,46.998819589799375,310.9999999999991,4891.652624819056
7551,46.998819589799375,311.0199999999991,4891.751323203055
7552,46.998819589799375,311.03999999999905,4891.850017651444
7553,46.998819589799375,311.05999999999904,4891.9487081638745
7554,46.998819589799375,311.079999999999,4892.047394739995
7555,46.998819589799375,311.099999999999,4892.146077379458
7556,46.998819589799375,311.119999999999,4892.244756081914
7557,46.998819589799375,311.13999999999896,4892.343430847013
7558,46.998819589799375,311.15999999999894,4892.442101674407
7559,46.998819589799375,311.1799999999989,4892.540768563746
7560,46.998819589799375,311.1999999999989,4892.63943151468
7561,46.998819589799375,311.2199999999989,4892.738090526861
7562,46.998819589799375,311.2399999999989,4892.836745614069
7563,46.998819589799375,311.25999999999885,4892.935396796119
7564,46.998819589799375,311.27999999999884,4893.034044073333
7565,46.998819589799375,311.2999999999988,4893.132687445361
7566,46.998819589799375,311.3199999999988,4893.231326911855
7567,46.998819589799375,311.3399999999988,4893.329962472466
7568,46.998819589799375,311.35999999999876,4893.4285941268445
7569,46.998819589799375,311.37999999999874,4893.527221874642
7570,46.998819589799375,311.3999999999987,4893.62584571551
7571,46.998819589799375,311.4199999999987,4893.724465649098
7572,46.998819589799375,311.4399999999987,4893.823081675059
7573,46.998819589799375,311.4599999999987,4893.921693793043
7574,46.998819589799375,311.47999999999865,4894.020302002701
7575,46.998819589799375,311.49999999999864,4894.1189063036845
7576,46.998819589799375,311.5199999999986,4894.217506695644
7577,46.998819589799375,311.5399999999986,4894.316103178231
7578,46.998819589799375,311.5599999999986,4894.414695751097
7579,46.998819589799375,311.57999999999856,4894.513284413892
7580,46.998819589799375,311.59999999999854,4894.611869166268
7581,46.998819589799375,311.6199999999985,4894.710450007876
7582,46.998819589799375,311.6399999999985,4894.8090269383665
7583,46.998819589799375,311.6599999999985,4894.9075999573915
7584,46.998819589799375,311.6799999999985,4895.006169064602
7585,46.998819589799375,311.69999999999845,4895.1047342596485
7586,46.998819589799375,311.71999999999844,4895.203295542183
7587,46.998819589799375,311.7399999999984,4895.301852911856
7588,46.998819589799375,311.7599999999984,4895.40040636832
7589,46.998819589799375,311.7799999999984,4895.498955911225
7590,46.998819589799375,311.79999999999836,4895.597501540222
7591,46.998819589799375,311.81999999999834,4895.696043254962
7592,46.998819589799375,311.8399999999983,4895.794581055097
7593,46.998819589799375,311.8599999999983,4895.893114940279
7594,46.998819589799375,311.8799999999983,4895.991644910157
7595,46.998819589799375,311.8999999999983,4896.090170964385
7596,46.998819589799375,311.91999999999825,4896.188693102612
7597,46.998819589799375,311.93999999999824,4896.28721132449
7598,46.998819589799375,311.9599999999982,4896.385725629671
7599,46.998819589799375,311.9799999999982,4896.4842360178045
7600,46.998819589799375,311.9999999999982,4896.582742488544
7601,46.998819589799375,312.01999999999816,4896.681245041539
7602,46.998819589799375,312.03999999999814,4896.779743676442
7603,46.92002824758697,312.0599999999981,4896.878238392904
7604,46.92002824758697,312.0799999999981,4896.9767291905755
7605,46.92002824758697,312.0999999999981,4897.075216069109
7606,46.92002824758697,312.1199999999981,4897.173699028155
7607,46.92002824758697,312.13999999999805,4897.2721780673655
7608,46.92002824758697,312.15999999999804,4897.370653186391
7609,46.92002824758697,312.179999999998,4897.469124384883
7610,46.92002824758697,312.199999999998,4897.567591662493
7611,46.92002824758697,312.219999999998,4897.666055018873
7612,46.92002824758697,312.23999999999796,4897.764514453674
7613,46.92002824758697,312.25999999999794,4897.862969982252
7614,46.92002824758697,312.2799999999979,4897.961421622224
7615,46.92002824758697,312.2999999999979,4898.059869373499
7616,46.92002824758697,312.3199999999979,4898.158313235735
7617,46.92002824758697,312.3399999999979,4898.2567532085895
7618,46.92002824758697,312.35999999999785,4898.355189291721
7619,46.92002824758697,312.37999999999784,4898.453621484788
7620,46.92002824758697,312.3999999999978,4898.552049787447
7621,46.92002824758697,312.4199999999978,4898.650474199358
7622,46.92002824758697,312.4399999999978,4898.748894720178
7623,46.92002824758697,312.45999999999776,4898.847311349567
7624,46.92002824758697,312.47999999999774,4898.945724087181
7625,46.92002824758697,312.4999999999977,4899.044132932679
7626,46.92002824758697,312.5199999999977,4899.142537885718
7627,46.92002824758697,312.5399999999977,4899.240938945959
7628,46.92002824758697,312.5599999999977,4899.3393361130575
7629,46.92002824758697,312.57999999999765,4899.437729386673
7630,46.92002824758697,312.59999999999764,4899.536118766464
7631,46.92002824758697,312.6199999999976,4899.634504252088
7632,46.92002824758697,312.6399999999976,4899.732885843203
7633,46.92002824758697,312.6599999999976,4899.831263539468
7634,46.92002824758697,312.67999999999756,4899.9296373405405
7635,46.92002824758697,312.69999999999754,4900.0280072462965
7636,46.92002824758697,312.7199999999975,4900.12637325954
7637,46.92002824758697,312.7399999999975,4900.224735381127
7638,46.92002824758697,312.7599999999975,4900.3230936107175
7639,46.92002824758697,312.7799999999975,4900.421447947968
7640,46.92002824758697,312.79999999999745,4900.519798392536
7641,46.92002824758697,312.81999999999744,4900.618144944082
7642,46.92002824758697,312.8399999999974,4900.716487602262
7643,46.92002824758697,312.8599999999974,4900.8148263667335
7644,46.92002824758697,312.8799999999974,4900.913161237157
7645,46.92002824758697,312.89999999999736,4901.011492213188
7646,46.92002824758697,312.91999999999734,4901.1098192944855
7647,46.92002824758697,312.9399999999973,4901.2081424807075
7648,46.92002824758697,312.9599999999973,4901.306461771513
7649,46.92002824758697,312.9799999999973,4901.404777166558
7650,46.92002824758697,312.99999999999727,4901.503088665503
7651,46.92002824758697,313.01999999999725,4901.6013962680045
7652,46.92002824758697,313.03999999999724,4901.699699973721
7653,46.92002824758697,313.0599999999972,4901.797999782311
7654,46.92002824758697,313.0799999999972,4901.896295693433
7655,46.92002824758697,313.0999999999972,4901.994587706744
7656,46.92002824758697,313.11999999999716,4902.092875821902
7657,46.92002824758697,313.13999999999714,4902.1911600385665
7658,46.92002824758697,313.1599999999971,4902.289440356394
7659,46.92002824758697,313.1799999999971,4902.387716775044
7660,46.92002824758697,313.1999999999971,4902.485989294174
7661,46.92002824758697,313.21999999999707,4902.584257913442
7662,46.92002824758697,313.23999999999705,4902.682522632507
7663,46.92002824758697,313.25999999999704,4902.780783451177
7664,46.92002824758697,313.279999999997,4902.879040386732
7665,46.92002824758697,313.299999999997,4902.977293455099
7666,46.92002824758697,313.319999999997,4903.075542655926
7667,46.92002824758697,313.33999999999696,4903.1737879888615
7668,46.92002824758697,313.35999999999694,4903.272029453555
7669,46.92002824758697,313.3799999999969,4903.370267049654
7670,46.92002824758697,313.3999999999969,4903.468500776808
7671,46.92002824758697,313.4199999999969,4903.566730634665
7672,46.92002824758697,313.43999999999687,4903.664956622875
7673,46.92002824758697,313.45999999999685,4903.763178741086
7674,46.92002824758697,313.47999999999683,4903.8613969889475
7675,46.92002824758697,313.4999999999968,4903.959611366107
7676,46.92002824758697,313.5199999999968,4904.057821872215
7677,46.92002824758697,313.5399999999968,4904.156028506919
7678,46.92002824758697,313.55999999999676,4904.254231269869
7679,46.92002824758697,313.57999999999674,4904.352430160712
7680,46.92002824758697,313.5999999999967,4904.450625179099
7681,46.92002824758697,313.6199999999967,4904.548816324677
7682,46.92002824758697,313.6399999999967,4904.647003597096
7683,46.92002824758697,313.65999999999667,4904.745186996005
7684,46.92002824758697,313.67999999999665,4904.843366521052
7685,46.92002824758697,313.69999999999663,4904.941542171887
7686,46.92002824758697,313.7199999999966,4905.039713948157
7687,46.92002824758697,313.7399999999966,4905.137881849513
7688,46.92002824758697,313.7599999999966,4905.236045875603
7689,46.92002824758697,313.77999999999656,4905.334206026076
7690,46.92002824758697,313.79999999999654,4905.43236230058
7691,46.92002824758697,313.8199999999965,4905.530514698766
7692,46.92002824758697,313.8399999999965,4905.628663220281
7693,46.92002824758697,313.8599999999965,4905.726807864775
7694,46.92002824758697,313.87999999999647,4905.824948631896
7695,46.92002824758697,313.89999999999645,4905.9230855212945
7696,46.92002824758697,313.91999999999643,4906.021218532618
7697,46.92002824758697,313.9399999999964,4906.119347665516
7698,46.92002824758697,313.9599999999964,4906.217472919638
7699,46.92002824758697,313.9799999999964,4906.315594294632
7700,46.92002824758697,313.99999999999636,4906.413711790148
7701,46.92002824758697,314.01999999999634,4906.511825405835
7702,46.92002824758697,314.0399999999963,4906.609935141341
7703,46.92002824758697,314.0599999999963,4906.708040996316
7704,46.92002824758697,314.0799999999963,4906.806142970409
7705,46.92002824758697,314.09999999999627,4906.904241063269
7706,46.92002824758697,314.11999999999625,4907.002335274545
7707,46.92002824758697,314.13999999999623,4907.100425603885
7708,46.92002824758697,314.1599999999962,4907.198512050939
7709,46.92002824758697,314.1799999999962,4907.296594615356
7710,46.92002824758697,314.1999999999962,4907.394673296785
7711,46.92002824758697,314.21999999999616,4907.492748094875
7712,46.92002824758697,314.23999999999614,4907.590819009276
7713,46.841456809644434,314.2599999999961,4907.688886039636
7714,46.841456809644434,314.2799999999961,4907.786949186157
7715,46.841456809644434,314.2999999999961,4907.885008467729
7716,46.841456809644434,314.31999999999607,4907.983063898283
7717,46.841456809644434,314.33999999999605,4908.081115477482
7718,46.841456809644434,314.35999999999603,4908.179163204986
7719,46.841456809644434,314.379999999996,4908.277207080458
7720,46.841456809644434,314.399999999996,4908.375247103558
7721,46.841456809644434,314.419999999996,4908.473283273947
7722,46.841456809644434,314.43999999999596,4908.571315591288
7723,46.841456809644434,314.45999999999594,4908.669344055241
7724,46.841456809644434,314.4799999999959,4908.767368665467
7725,46.841456809644434,314.4999999999959,4908.865389421629
7726,46.841456809644434,314.5199999999959,4908.963406323387
7727,46.841456809644434,314.53999999999587,4909.061419370403
7728,46.841456809644434,314.55999999999585,4909.159428562339
7729,46.841456809644434,314.57999999999583,4909.257433898855
7730,46.841456809644434,314.5999999999958,4909.355435379614
7731,46.841456809644434,314.6199999999958,4909.453433004277
7732,46.841456809644434,314.6399999999958,4909.551426772505
7733,46.841456809644434,314.65999999999576,4909.649416683959
7734,46.841456809644434,314.67999999999574,4909.747402738301
7735,46.841456809644434,314.6999999999957,4909.845384935193
7736,46.841456809644434,314.7199999999957,4909.943363274295
7737,46.841456809644434,314.7399999999957,4910.041337755577
7738,46.841456809644434,314.75999999999567,4910.139308382112
7739,46.841456809644434,314.77999999999565,4910.237275154209
7740,46.841456809644434,314.79999999999563,4910.335238071527
7741,46.841456809644434,314.8199999999956,4910.433197133725
7742,46.841456809644434,314.8399999999956,4910.531152340464
7743,46.841456809644434,314.8599999999956,4910.6291036914035
7744,46.841456809644434,314.87999999999556,4910.727051186203
7745,46.841456809644434,314.89999999999554,4910.824994824523
7746,46.841456809644434,314.9199999999955,4910.922934606022
7747,46.841456809644434,314.9399999999955,4911.020870530361
7748,46.841456809644434,314.9599999999955,4911.1188025972
7749,46.841456809644434,314.97999999999547,4911.216730806198
7750,46.841456809644434,314.99999999999545,4911.314655157015
7751,46.841456809644434,315.01999999999543,4911.412575649311
7752,46.841456809644434,315.0399999999954,4911.510492282747
7753,46.841456809644434,315.0599999999954,4911.608405056981
7754,46.841456809644434,315.0799999999954,4911.706313971674
7755,46.841456809644434,315.09999999999536,4911.804219026485
7756,46.841456809644434,315.11999999999534,4911.902120221075
7757,46.841456809644434,315.1399999999953,4912.000017555104
7758,46.841456809644434,315.1599999999953,4912.097911028231
7759,46.841456809644434,315.1799999999953,4912.1958006401155
7760,46.841456809644434,315.19999999999527,4912.293686390419
7761,46.841456809644434,315.21999999999525,4912.3915682788
7762,46.841456809644434,315.23999999999523,4912.4894463049195
7763,46.841456809644434,315.2599999999952,4912.587320468438
7764,46.841456809644434,315.2799999999952,4912.685190769013
7765,46.841456809644434,315.2999999999952,4912.783057207233
7766,46.841456809644434,315.31999999999516,4912.880919802974
7767,46.841456809644434,315.33999999999514,4912.9787785677945
7768,46.841456809644434,315.3599999999951,4913.076633501355
7769,46.841456809644434,315.3799999999951,4913.174484603316
7770,46.841456809644434,315.3999999999951,4913.27233187334
7771,46.841456809644434,315.41999999999507,4913.370175311087
7772,46.841456809644434,315.43999999999505,4913.4680149162195
7773,46.841456809644434,315.45999999999503,4913.565850688397
7774,46.841456809644434,315.479999999995,4913.6636826272825
7775,46.841456809644434,315.499999999995,4913.761510732536
7776,46.841456809644434,315.519999999995,4913.85933500382
7777,46.841456809644434,315.53999999999496,4913.957155440795
7778,46.841456809644434,315.55999999999494,4914.054972043122
7779,46.841456809644434,315.5799999999949,4914.152784810462
7780,46.841456809644434,315.5999999999949,4914.2505937424785
7781,46.841456809644434,315.6199999999949,4914.348398838831
7782,46.841456809644434,315.63999999999487,4914.446200099181
7783,46.841456809644434,315.65999999999485,4914.543997523189
7784,46.841456809644434,315.67999999999483,4914.641791110519
7785,46.841456809644434,315.6999999999948,4914.73958086083
7786,46.841456809644434,315.7199999999948,4914.837366773784
7787,46.841456809644434,315.7399999999948,4914.935148849043
7788,46.841456809644434,315.75999999999476,4915.032927086267
7789,46.841456809644434,315.77999999999474,4915.130701485118
7790,46.841456809644434,315.7999999999947,4915.228472045258
7791,46.841456809644434,315.8199999999947,4915.326238766348
7792,46.841456809644434,315.8399999999947,4915.424001648049
7793,46.841456809644434,315.85999999999467,4915.521760690022
7794,46.841456809644434,315.87999999999465,4915.61951589193
7795,46.841456809644434,315.89999999999463,4915.717267253433
7796,46.841456809644434,315.9199999999946,4915.8150147741935
7797,46.841456809644434,315.9399999999946,4915.912758453872
7798,46.841456809644434,315.9599999999946,4916.01049829213
7799,46.841456809644434,315.97999999999456,4916.10823428863
7800,46.841456809644434,315.99999999999454,4916.205966443033
7801,46.841456809644434,316.0199999999945,4916.303694754999
7802,46.841456809644434,316.0399999999945,4916.401419224191
7803,46.841456809644434,316.0599999999945,4916.499139850271
7804,46.841456809644434,316.07999999999447,4916.596856632898
7805,46.841456809644434,316.09999999999445,4916.694569571737
7806,46.841456809644434,316.11999999999443,4916.792278666447
7807,46.841456809644434,316.1399999999944,4916.88998391669
7808,46.841456809644434,316.1599999999944,4916.987685322128
7809,46.841456809644434,316.1799999999944,4917.085382882421
7810,46.841456809644434,316.19999999999436,4917.183076597233
7811,46.841456809644434,316.21999999999434,4917.280766466223
7812,46.841456809644434,316.2399999999943,4917.378452489054
7813,46.841456809644434,316.2599999999943,4917.476134665389
7814,46.841456809644434,316.2799999999943,4917.573812994887
7815,46.841456809644434,316.29999999999427,4917.67148747721
7816,46.841456809644434,316.31999999999425,4917.769158113368
7817,46.841456809644434,316.33999999999423,4917.8668249253515
7818,46.841456809644434,316.3599999999942,4917.964487923024
7819,46.841456809644434,316.3799999999942,4918.06214710605
7820,46.841456809644434,316.3999999999942,4918.159802474097
7821,46.841456809644434,316.41999999999416,4918.25745402683
7822,46.841456809644434,316.43999999999414,4918.355101763915
7823,46.841456809644434,316.4599999999941,4918.452745685017
7824,46.763104417685305,316.4799999999941,4918.550385789804
7825,46.763104417685305,316.4999999999941,4918.64802207794
7826,46.763104417685305,316.51999999999407,4918.745654549092
7827,46.763104417685305,316.53999999999405,4918.843283202926
7828,46.763104417685305,316.55999999999403,4918.940908039106
7829,46.763104417685305,316.579999999994,4919.0385290573
7830,46.763104417685305,316.599999999994,4919.136146257173
7831,46.763104417685305,316.619999999994,4919.233759638391
7832,46.763104417685305,316.63999999999396,4919.33136920062
7833,46.763104417685305,316.65999999999394,4919.428974943527
7834,46.763104417685305,316.6799999999939,4919.526576866776
7835,46.763104417685305,316.6999999999939,4919.624174970034
7836,46.763104417685305,316.7199999999939,4919.7217692529675
7837,46.763104417685305,316.73999999999387,4919.819359715242
7838,46.763104417685305,316.75999999999385,4919.916946356523
7839,46.763104417685305,316.77999999999383,4920.014529176587
7840,46.763104417685305,316.7999999999938,4920.112108177745
7841,46.763104417685305,316.8199999999938,4920.209683361321
7842,46.763104417685305,316.8399999999938,4920.307254726981
7843,46.763104417685305,316.85999999999376,4920.404822274389
7844,46.763104417685305,316.87999999999374,4920.502386003208
7845,46.763104417685305,316.8999999999937,4920.5999459131035
7846,46.763104417685305,316.9199999999937,4920.697502003739
7847,46.763104417685305,316.9399999999937,4920.795054274779
7848,46.763104417685305,316.95999999999367,4920.8926027258885
7849,46.763104417685305,316.97999999999365,4920.9901473567315
7850,46.763104417685305,316.99999999999363,4921.087688166972
7851,46.763104417685305,317.0199999999936,4921.185225156275
7852,46.763104417685305,317.0399999999936,4921.282758324304
7853,46.763104417685305,317.0599999999936,4921.380287670724
7854,46.763104417685305,317.07999999999356,4921.4778131952
7855,46.763104417685305,317.09999999999354,4921.575334897395
7856,46.763104417685305,317.1199999999935,4921.672852776974
7857,46.763104417685305,317.1399999999935,4921.770366833602
7858,46.763104417685305,317.1599999999935,4921.867877066942
7859,46.763104417685305,317.17999999999347,4921.9653834766605
7860,46.763104417685305,317.19999999999345,4922.06288606242
7861,46.763104417685305,317.21999999999343,4922.1603848238865
7862,46.763104417685305,317.2399999999934,4922.257879760723
7863,46.763104417685305,317.2599999999934,4922.355370872595
7864,46.763104417685305,317.2799999999934,4922.452858159167
7865,46.763104417685305,317.29999999999336,4922.550341620102
7866,46.763104417685305,317.31999999999334,4922.6478212550655
7867,46.763104417685305,317.3399999999933,4922.745297065401
7868,46.763104417685305,317.3599999999933,4922.842769073756
7869,46.763104417685305,317.3799999999933,4922.940237287674
7870,46.763104417685305,317.39999999999327,4923.0377017068195
7871,46.763104417685305,317.41999999999325,4923.135162330858
7872,46.763104417685305,317.43999999999323,4923.232619159456
7873,46.763104417685305,317.4599999999932,4923.330072192277
7874,46.763104417685305,317.4799999999932,4923.427521428988
7875,46.763104417685305,317.4999999999932,4923.524966869255
7876,46.763104417685305,317.51999999999316,4923.622408512742
7877,46.763104417685305,317.53999999999314,4923.719846359117
7878,46.763104417685305,317.5599999999931,4923.817280408043
7879,46.763104417685305,317.5799999999931,4923.914710659187
7880,46.763104417685305,317.5999999999931,4924.012137112214
7881,46.763104417685305,317.61999999999307,4924.10955976679
7882,46.763104417685305,317.63999999999305,4924.20697862258
7883,46.763104417685305,317.65999999999303,4924.304393679251
7884,46.763104417685305,317.679999999993,4924.401804936467
7885,46.763104417685305,317.699999999993,4924.499212393894
7886,46.763104417685305,317.719999999993,4924.596616051198
7887,46.763104417685305,317.73999999999296,4924.694015908045
7888,46.763104417685305,317.75999999999294,4924.7914119641
7889,46.763104417685305,317.7799999999929,4924.888804219028
7890,46.763104417685305,317.7999999999929,4924.986192672496
7891,46.763104417685305,317.8199999999929,4925.08357732417
7892,46.763104417685305,317.83999999999287,4925.180958173713
7893,46.763104417685305,317.85999999999285,4925.278335220793
7894,46.763104417685305,317.87999999999283,4925.375708465076
7895,46.763104417685305,317.8999999999928,4925.4730779062265
7896,46.763104417685305,317.9199999999928,4925.57044354391
7897,46.763104417685305,317.9399999999928,4925.667805377793
7898,46.763104417685305,317.95999999999276,4925.765163407542
7899,46.763104417685305,317.97999999999274,4925.8625176328205
7900,46.763104417685305,317.9999999999927,4925.959868053296
7901,46.763104417685305,318.0199999999927,4926.057214668634
7902,46.763104417685305,318.0399999999927,4926.1545574785
7903,46.763104417685305,318.05999999999267,4926.251896482559
7904,46.763104417685305,318.07999999999265,4926.349231680477
7905,46.763104417685305,318.09999999999263,4926.4465630719205
7906,46.763104417685305,318.1199999999926,4926.543890656555
7907,46.763104417685305,318.1399999999926,4926.641214434047
7908,46.763104417685305,318.1599999999926,4926.73853440406
7909,46.763104417685305,318.17999999999256,4926.835850566263
7910,46.763104417685305,318.19999999999254,4926.93316292032
7911,46.763104417685305,318.2199999999925,4927.030471465896
7912,46.763104417685305,318.2399999999925,4927.127776202658
7913,46.763104417685305,318.2599999999925,4927.225077130272
7914,46.763104417685305,318.27999999999247,4927.322374248404
7915,46.763104417685305,318.29999999999245,4927.419667556719
7916,46.763104417685305,318.31999999999243,4927.516957054883
7917,46.763104417685305,318.3399999999924,4927.614242742562
7918,46.763104417685305,318.3599999999924,4927.711524621538
7919,46.763104417685305,318.3799999999924,4927.808802716638
7920,46.763104417685305,318.39999999999236,4927.906077033642
7921,46.763104417685305,318.41999999999234,4928.0033475722175
7922,46.763104417685305,318.4399999999923,4928.100614332032
7923,46.763104417685305,318.4599999999923,4928.197877312752
7924,46.763104417685305,318.4799999999923,4928.295136514044
7925,46.763104417685305,318.49999999999227,4928.392391935577
7926,46.763104417685305,318.51999999999225,4928.489643577015
7927,46.763104417685305,318.53999999999223,4928.586891438027
7928,46.763104417685305,318.5599999999922,4928.68413551828
7929,46.763104417685305,318.5799999999922,4928.78137581744
7930,46.763104417685305,318.5999999999922,4928.878612335175
7931,46.763104417685305,318.61999999999216,4928.975845071151
7932,46.763104417685305,318.63999999999214,4929.073074025036
7933,46.763104417685305,318.6599999999921,4929.170299196496
7934,46.763104417685305,318.6799999999921,4929.267520585199
7935,46.684970217725315,318.6999999999921,4929.364738190812
7936,46.684970217725315,318.71999999999207,4929.461952013003
7937,46.684970217725315,318.73999999999205,4929.559162051437
7938,46.684970217725315,318.75999999999203,4929.656368305782
7939,46.684970217725315,318.779999999992,4929.753570775705
7940,46.684970217725315,318.799999999992,4929.850769460874
7941,46.684970217725315,318.819999999992,4929.947964360956
7942,46.684970217725315,318.83999999999196,4930.045155475953
7943,46.684970217725315,318.85999999999194,4930.142342809056
7944,46.684970217725315,318.8799999999919,4930.239526360422
7945,46.684970217725315,318.8999999999919,4930.33670612972
7946,46.684970217725315,318.9199999999919,4930.4338821166175
7947,46.684970217725315,318.93999999999187,4930.531054320782
7948,46.684970217725315,318.95999999999185,4930.628222741881
7949,46.684970217725315,318.97999999999183,4930.725387379583
7950,46.684970217725315,318.9999999999918,4930.822548233555
7951,46.684970217725315,319.0199999999918,4930.919705303465
7952,46.684970217725315,319.0399999999918,4931.016858588981
7953,46.684970217725315,319.05999999999176,4931.114008089771
7954,46.684970217725315,319.07999999999174,4931.211153805503
7955,46.684970217725315,319.0999999999917,4931.308295735845
7956,46.684970217725315,319.1199999999917,4931.4054338804635
7957,46.684970217725315,319.1399999999917,4931.502568239027
7958,46.684970217725315,319.15999999999167,4931.599698811204
7959,46.684970217725315,319.17999999999165,4931.696825596661
7960,46.684970217725315,319.19999999999163,4931.793948595067
7961,46.684970217725315,319.2199999999916,4931.89106780609
7962,46.684970217725315,319.2399999999916,4931.988183229398
7963,46.684970217725315,319.2599999999916,4932.085294864658
7964,46.684970217725315,319.27999999999156,4932.182402711538
7965,46.684970217725315,319.29999999999154,4932.279506769706
7966,46.684970217725315,319.3199999999915,4932.376607038831
7967,46.684970217725315,319.3399999999915,4932.47370351858
7968,46.684970217725315,319.3599999999915,4932.570796208621
7969,46.684970217725315,319.37999999999147,4932.667885111031
7970,46.684970217725315,319.39999999999145,4932.764970251145
7971,46.684970217725315,319.41999999999143,4932.862051632613
7972,46.684970217725315,319.4399999999914,4932.959129255104
7973,46.684970217725315,319.4599999999914,4933.05620311829
7974,46.684970217725315,319.4799999999914,4933.153273221841
7975,46.684970217725315,319.49999999999136,4933.250339565428
7976,46.684970217725315,319.51999999999134,4933.34740214872
7977,46.684970217725315,319.5399999999913,4933.444460971389
7978,46.684970217725315,319.5599999999913,4933.541516033105
7979,46.684970217725315,319.5799999999913,4933.638567333539
7980,46.684970217725315,319.59999999999127,4933.735614872361
7981,46.684970217725315,319.61999999999125,4933.832658649242
7982,46.684970217725315,319.63999999999123,4933.929698663852
7983,46.684970217725315,319.6599999999912,4934.026734915862
7984,46.684970217725315,319.6799999999912,4934.123767404943
7985,46.684970217725315,319.6999999999912,4934.220796130764
7986,46.684970217725315,319.71999999999116,4934.317821092997
7987,46.684970217725315,319.73999999999114,4934.414842291312
7988,46.684970217725315,319.7599999999911,4934.51185972538
7989,46.684970217725315,319.7799999999911,4934.608873394872
7990,46.684970217725315,319.7999999999911,4934.705883299457
7991,46.684970217725315,319.81999999999107,4934.802889438807
7992,46.684970217725315,319.83999999999105,4934.899891812593
7993,46.684970217725315,319.85999999999103,4934.996890420484
7994,46.684970217725315,319.879999999991,4935.093885262153
7995,46.684970217725315,319.899999999991,4935.1908763372685
7996,46.684970217725315,319.919999999991,4935.2878636455025
7997,46.684970217725315,319.93999999999096,4935.384847186525
7998,46.684970217725315,319.95999999999094,4935.481826960006
7999,46.684970217725315,319.9799999999909,4935.578802965618
8000,46.684970217725315,319.9999999999909,4935.67577520303
8001,46.684970217725315,320.0199999999909,4935.772743671914
8002,46.684970217725315,320.03999999999087,4935.86970837194
8003,46.684970217725315,320.05999999999085,4935.966669302778
8004,46.684970217725315,320.07999999999083,4936.063626464101
8005,46.684970217725315,320.0999999999908,4936.160579855577
8006,46.684970217725315,320.1199999999908,4936.257529476879
8007,46.684970217725315,320.1399999999908,4936.354475327677
8008,46.684970217725315,320.15999999999076,4936.451417407642
8009,46.684970217725315,320.17999999999074,4936.548355716443
8010,46.684970217725315,320.1999999999907,4936.645290253753
8011,46.684970217725315,320.2199999999907,4936.742221019242
8012,46.684970217725315,320.2399999999907,4936.83914801258
8013,46.684970217725315,320.25999999999067,4936.936071233439
8014,46.684970217725315,320.27999999999065,4937.0329906814895
8015,46.684970217725315,320.29999999999063,4937.129906356402
8016,46.684970217725315,320.3199999999906,4937.226818257847
8017,46.684970217725315,320.3399999999906,4937.323726385496
8018,46.684970217725315,320.3599999999906,4937.4206307390195
8019,46.684970217725315,320.37999999999056,4937.517531318088
8020,46.684970217725315,320.39999999999054,4937.614428125718
8021,46.684970217725315,320.4199999999905,4937.711321188569
8022,46.684970217725315,320.4399999999905,4937.808210508938
8023,46.684970217725315,320.4599999999905,4937.905096086499
8024,46.684970217725315,320.47999999999047,4938.001977920924
8025,46.684970217725315,320.49999999999045,4938.098856011887
8026,46.684970217725315,320.51999999999043,4938.195730359059
8027,46.684970217725315,320.5399999999904,4938.292600962113
8028,46.684970217725315,320.5599999999904,4938.389467820723
8029,46.684970217725315,320.5799999999904,4938.486330934561
8030,46.684970217725315,320.59999999999036,4938.583190303299
8031,46.684970217725315,320.61999999999034,4938.68004592661
8032,46.684970217725315,320.6399999999903,4938.776897804167
8033,46.684970217725315,320.6599999999903,4938.873745935642
8034,46.684970217725315,320.6799999999903,4938.970590320708
8035,46.684970217725315,320.69999999999027,4939.067430959038
8036,46.684970217725315,320.71999999999025,4939.164267850305
8037,46.684970217725315,320.73999999999023,4939.261100994181
8038,46.684970217725315,320.7599999999902,4939.35793039034
8039,46.684970217725315,320.7799999999902,4939.454756038453
8040,46.684970217725315,320.7999999999902,4939.551577938193
8041,46.684970217725315,320.81999999999016,4939.648396089234
8042,46.684970217725315,320.83999999999014,4939.745210491248
8043,46.684970217725315,320.8599999999901,4939.842021143908
8044,46.684970217725315,320.8799999999901,4939.938828046887
8045,46.684970217725315,320.8999999999901,4940.035631200128
8046,46.684970217725315,320.91999999999007,4940.132430606595
8047,46.684970217725315,320.93999999999005,4940.229226266817
8048,46.684970217725315,320.95999999999003,4940.326018180466
8049,46.684970217725315,320.97999999999,4940.4228063472165
8050,46.684970217725315,320.99999999999,4940.51959076674
8051,46.684970217725315,321.01999999999,4940.616371438712
8052,46.684970217725315,321.03999999998996,4940.7131483628045
8053,46.60705336005608,321.05999999998994,4940.809921538692
8054,46.60705336005608,321.0799999999899,4940.906690966047
8055,46.60705336005608,321.0999999999899,4941.003456644544
8056,46.60705336005608,321.1199999999899,4941.100218573855
8057,46.60705336005608,321.13999999998987,4941.196976753655
8058,46.60705336005608,321.15999999998985,4941.293731183617
8059,46.60705336005608,321.17999999998983,4941.390481863414
8060,46.60705336005608,321.1999999999898,4941.48722879272
8061,46.60705336005608,321.2199999999898,4941.5839719712085
8062,46.60705336005608,321.2399999999898,4941.680711398553
8063,46.60705336005608,321.25999999998976,4941.777447074427
8064,46.60705336005608,321.27999999998974,4941.874178998504
8065,46.60705336005608,321.2999999999897,4941.970907170457
8066,46.60705336005608,321.3199999999897,4942.067631589961
8067,46.60705336005608,321.3399999999897,4942.164352256688
8068,46.60705336005608,321.35999999998967,4942.261069170313
8069,46.60705336005608,321.37999999998965,4942.357782330509
8070,46.60705336005608,321.39999999998963,4942.4544917369485
8071,46.60705336005608,321.4199999999896,4942.551197394385
8072,46.60705336005608,321.4399999999896,4942.647899326912
8073,46.60705336005608,321.4599999999896,4942.744597536355
8074,46.60705336005608,321.47999999998956,4942.841292022389
8075,46.60705336005608,321.49999999998954,4942.93798278469
8076,46.60705336005608,321.5199999999895,4943.034669822933
8077,46.60705336005608,321.5399999999895,4943.131353136794
8078,46.60705336005608,321.5599999999895,4943.228032725949
8079,46.60705336005608,321.57999999998947,4943.324708590072
8080,46.60705336005608,321.59999999998945,4943.421380728841
8081,46.60705336005608,321.61999999998943,4943.51804914193
8082,46.60705336005608,321.6399999999894,4943.614713829014
8083,46.60705336005608,321.6599999999894,4943.71137478977
8084,46.60705336005608,321.6799999999894,4943.808032023873
8085,46.60705336005608,321.69999999998936,4943.904685530999
8086,46.60705336005608,321.71999999998934,4944.001335310823
8087,46.60705336005608,321.7399999999893,4944.097981363022
8088,46.60705336005608,321.7599999999893,4944.19462368727
8089,46.60705336005608,321.7799999999893,4944.291262283244
8090,46.60705336005608,321.79999999998927,4944.387897150618
8091,46.60705336005608,321.81999999998925,4944.48452828907
8092,46.60705336005608,321.83999999998923,4944.581155698274
8093,46.60705336005608,321.8599999999892,4944.6777793779065
8094,46.60705336005608,321.8799999999892,4944.774399327643
8095,46.60705336005608,321.8999999999892,4944.871015547158
8096,46.60705336005608,321.91999999998916,4944.967628036129
8097,46.60705336005608,321.93999999998914,4945.064236794231
8098,46.60705336005608,321.9599999999891,4945.160841821139
8099,46.60705336005608,321.9799999999891,4945.257443116529
8100,46.60705336005608,321.9999999999891,4945.3540406800785
8101,46.60705336005608,322.01999999998907,4945.450634511461
8102,46.60705336005608,322.03999999998905,4945.547224610354
8103,46.60705336005608,322.05999999998903,4945.643810976431
8104,46.60705336005608,322.079999999989,4945.740393609371
8105,46.60705336005608,322.099999999989,4945.836972508847
8106,46.60705336005608,322.119999999989,4945.933547674536
8107,46.60705336005608,322.13999999998896,4946.030119106114
8108,46.60705336005608,322.15999999998894,4946.126686803256
8109,46.60705336005608,322.1799999999889,4946.223250765638
8110,46.60705336005608,322.1999999999889,4946.319810992936
8111,46.60705336005608,322.2199999999889,4946.416367484826
8112,46.60705336005608,322.23999999998887,4946.5129202409835
8113,46.60705336005608,322.25999999998885,4946.609469261084
8114,46.60705336005608,322.27999999998883,4946.706014544804
8115,46.60705336005608,322.2999999999888,4946.8025560918195
8116,46.60705336005608,322.3199999999888,4946.899093901806
8117,46.60705336005608,322.3399999999888,4946.995627974439
8118,46.60705336005608,322.35999999998876,4947.092158309395
8119,46.60705336005608,322.37999999998874,4947.188684906349
8120,46.60705336005608,322.3999999999887,4947.285207764979
8121,46.60705336005608,322.4199999999887,4947.381726884958
8122,46.60705336005608,322.4399999999887,4947.478242273104
8123,46.60705336005608,322.45999999998867,4947.574753952664
8124,46.60705336005608,322.47999999998865,4947.671261925139
8125,46.60705336005608,322.49999999998863,4947.767766190208
8126,46.60705336005608,322.5199999999886,4947.864266747547
8127,46.60705336005608,322.5399999999886,4947.960763596832
8128,46.60705336005608,322.5599999999886,4948.057256737741
8129,46.60705336005608,322.57999999998856,4948.15374616995
8130,46.60705336005608,322.59999999998854,4948.250231893136
8131,46.60705336005608,322.6199999999885,4948.346713906975
8132,46.60705336005608,322.6399999999885,4948.443192211145
8133,46.60705336005608,322.6599999999885,4948.539666805323
8134,46.60705336005608,322.67999999998847,4948.636137689185
8135,46.60705336005608,322.69999999998845,4948.732604862408
8136,46.60705336005608,322.71999999998843,4948.82906832467
8137,46.60705336005608,322.7399999999884,4948.925528075646
8138,46.60705336005608,322.7599999999884,4949.021984115014
8139,46.60705336005608,322.7799999999884,4949.118436442451
8140,46.60705336005608,322.79999999998836,4949.214885057633
8141,46.60705336005608,322.81999999998834,4949.311329960238
8142,46.60705336005608,322.8399999999883,4949.407771149942
8143,46.60705336005608,322.8599999999883,4949.504208626423
8144,46.60705336005608,322.8799999999883,4949.600642389357
8145,46.60705336005608,322.89999999998827,4949.697072438421
8146,46.60705336005608,322.91999999998825,4949.793498773292
8147,46.60705336005608,322.93999999998823,4949.8899213936475
8148,46.60705336005608,322.9599999999882,4949.986340299163
8149,46.60705336005608,322.9799999999882,4950.082755491121
8150,46.60705336005608,322.9999999999882,4950.179166971694
8151,46.60705336005608,323.01999999998816,4950.2755747406545
8152,46.60705336005608,323.03999999998814,4950.371978797677
8153,46.60705336005608,323.0599999999881,4950.468379142436
8154,46.60705336005608,323.0799999999881,4950.564775774605
8155,46.60705336005608,323.0999999999881,4950.661168693859
8156,46.60705336005608,323.11999999998807,4950.757557899871
8157,46.60705336005608,323.13999999998805,4950.853943392317
8158,46.60705336005608,323.15999999998803,4950.95032517087
8159,46.60705336005608,323.179999999988,4951.046703235204
8160,46.60705336005608,323.199999999988,4951.143077584995
8161,46.60705336005608,323.219999999988,4951.239448219915
8162,46.60705336005608,323.23999999998796,4951.33581513964
8163,46.60705336005608,323.25999999998794,4951.432178343843
8164,46.60705336005608,323.2799999999879,4951.528537832199
8165,46.52935299921894,323.2999999999879,4951.624893604382
8166,46.52935299921894,323.3199999999879,4951.721245660067
8167,46.52935299921894,323.33999999998787,4951.817593998928
8168,46.52935299921894,323.35999999998785,4951.913938620639
8169,46.52935299921894,323.37999999998783,4952.010279524874
8170,46.52935299921894,323.3999999999878,4952.106616711308
8171,46.52935299921894,323.4199999999878,4952.202950179614
8172,46.52935299921894,323.4399999999878,4952.299279929469
8173,46.52935299921894,323.45999999998776,4952.395605969284
8174,46.52935299921894,323.47999999998774,4952.491928319996
8175,46.52935299921894,323.4999999999877,4952.588246982679
8176,46.52935299921894,323.5199999999877,4952.684561957017
8177,46.52935299921894,323.5399999999877,4952.780873242691
8178,46.52935299921894,323.55999999998767,4952.877180839385
8179,46.52935299921894,323.57999999998765,4952.973484746781
8180,46.52935299921894,323.59999999998763,4953.069784964562
8181,46.52935299921894,323.6199999999876,4953.166081492412
8182,46.52935299921894,323.6399999999876,4953.262374330012
8183,46.52935299921894,323.6599999999876,4953.358663477045
8184,46.52935299921894,323.67999999998756,4953.454948933196
8185,46.52935299921894,323.69999999998754,4953.551230698145
8186,46.52935299921894,323.7199999999875,4953.647508771577
8187,46.52935299921894,323.7399999999875,4953.743783153174
8188,46.52935299921894,323.7599999999875,4953.840053842619
8189,46.52935299921894,323.77999999998747,4953.936320839595
8190,46.52935299921894,323.79999999998745,4954.032584143785
8191,46.52935299921894,323.81999999998743,4954.128843754872
8192,46.52935299921894,323.8399999999874,4954.225099672538
8193,46.52935299921894,323.8599999999874,4954.321351896467
8194,46.52935299921894,323.8799999999874,4954.417600426341
8195,46.52935299921894,323.89999999998736,4954.513845261843
8196,46.52935299921894,323.91999999998734,4954.610086402657
8197,46.52935299921894,323.9399999999873,4954.706323848464
8198,46.52935299921894,323.9599999999873,4954.8025575989495
8199,46.52935299921894,323.9799999999873,4954.898787653795
8200,46.52935299921894,323.99999999998727,4954.995014012683
8201,46.52935299921894,324.01999999998725,4955.091236675297
8202,46.52935299921894,324.03999999998723,4955.18745564132
8203,46.52935299921894,324.0599999999872,4955.283670910436
8204,46.52935299921894,324.0799999999872,4955.379882482326
8205,46.52935299921894,324.0999999999872,4955.476090356675
8206,46.52935299921894,324.11999999998716,4955.5722945331645
8207,46.52935299921894,324.13999999998714,4955.668495011478
8208,46.52935299921894,324.1599999999871,4955.764691791298
8209,46.52935299921894,324.1799999999871,4955.860884872308
8210,46.52935299921894,324.1999999999871,4955.957074254191
8211,46.52935299921894,324.21999999998707,4956.053259936631
8212,46.52935299921894,324.23999999998705,4956.149441919309
8213,46.52935299921894,324.25999999998703,4956.245620201909
8214,46.52935299921894,324.279999999987,4956.341794784115
8215,46.52935299921894,324.299999999987,4956.437965665609
8216,46.52935299921894,324.319999999987,4956.5341328460745
8217,46.52935299921894,324.33999999998696,4956.630296325195
8218,46.52935299921894,324.35999999998694,4956.726456102652
8219,46.52935299921894,324.3799999999869,4956.82261217813
8220,46.52935299921894,324.3999999999869,4956.918764551312
8221,46.52935299921894,324.4199999999869,4957.01491322188
8222,46.52935299921894,324.43999999998687,4957.111058189519
8223,46.52935299921894,324.45999999998685,4957.20719945391
8224,46.52935299921894,324.47999999998683,4957.3033370254025
8225,46.52935299921894,324.4999999999868,4957.399470923593
8226,46.52935299921894,324.5199999999868,4957.495601149187
8227,46.52935299921894,324.5399999999868,4957.591727701861
8228,46.52935299921894,324.55999999998676,4957.687850581292
8229,46.52935299921894,324.57999999998674,4957.783969787157
8230,46.52935299921894,324.5999999999867,4957.880085319132
8231,46.52935299921894,324.6199999999867,4957.976197176896
8232,46.52935299921894,324.6399999999867,4958.072305360123
8233,46.52935299921894,324.65999999998667,4958.168409868492
8234,46.52935299921894,324.67999999998665,4958.264510701679
8235,46.52935299921894,324.69999999998663,4958.36060785936
8236,46.52935299921894,324.7199999999866,4958.456701341214
8237,46.52935299921894,324.7399999999866,4958.552791146917
8238,46.52935299921894,324.7599999999866,4958.648877276146
8239,46.52935299921894,324.77999999998656,4958.744959728577
8240,46.52935299921894,324.79999999998654,4958.841038503887
8241,46.52935299921894,324.8199999999865,4958.9371136017535
8242,46.52935299921894,324.8399999999865,4959.033185021854
8243,46.52935299921894,324.8599999999865,4959.129252763864
8244,46.52935299921894,324.87999999998647,4959.225316827462
8245,46.52935299921894,324.89999999998645,4959.3213772123245
8246,46.52935299921894,324.91999999998643,4959.417433918128
8247,46.52935299921894,324.9399999999864,4959.51348694455
8248,46.52935299921894,324.9599999999864,4959.6095362912665
8249,46.52935299921894,324.9799999999864,4959.7055819579555
8250,46.52935299921894,324.99999999998636,4959.801623944293
8251,46.52935299921894,325.01999999998634,4959.897662249958
8252,46.52935299921894,325.0399999999863,4959.993696874625
8253,46.52935299921894,325.0599999999863,4960.08972781993
8254,46.52935299921894,325.0799999999863,4960.1857550879395
8255,46.52935299921894,325.09999999998627,4960.281778678379
8256,46.52935299921894,325.11999999998625,4960.377798590927
8257,46.52935299921894,325.13999999998623,4960.473814825262
8258,46.52935299921894,325.1599999999862,4960.56982738106
8259,46.52935299921894,325.1799999999862,4960.665836258001
8260,46.52935299921894,325.1999999999862,4960.761841455761
8261,46.52935299921894,325.21999999998616,4960.857842974018
8262,46.52935299921894,325.23999999998614,4960.953840812452
8263,46.52935299921894,325.2599999999861,4961.049834970739
8264,46.52935299921894,325.2799999999861,4961.145825448556
8265,46.52935299921894,325.2999999999861,4961.241812245583
8266,46.52935299921894,325.31999999998607,4961.337795361497
8267,46.52935299921894,325.33999999998605,4961.433774795976
8268,46.52935299921894,325.35999999998603,4961.529750548698
8269,46.52935299921894,325.379999999986,4961.62572261934
8270,46.52935299921894,325.399999999986,4961.721691007581
8271,46.52935299921894,325.419999999986,4961.817655713099
8272,46.52935299921894,325.43999999998596,4961.913616735572
8273,46.52935299921894,325.45999999998594,4962.009574074677
8274,46.52935299921894,325.4799999999859,4962.105527730093
8275,46.52935299921894,325.4999999999859,4962.201477714032
8276,46.52935299921894,325.5199999999859,4962.297424044614
8277,46.52935299921894,325.53999999998587,4962.393366722177
8278,46.45186829397908,325.55999999998585,4962.489305746409
8279,46.45186829397908,325.57999999998583,4962.5852411169935
8280,46.45186829397908,325.5999999999858,4962.681172833616
8281,46.45186829397908,325.6199999999858,4962.777100895962
8282,46.45186829397908,325.6399999999858,4962.8730253037165
8283,46.45186829397908,325.65999999998576,4962.968946056565
8284,46.45186829397908,325.67999999998574,4963.064863154193
8285,46.45186829397908,325.6999999999857,4963.160776596284
8286,46.45186829397908,325.7199999999857,4963.256686382526
8287,46.45186829397908,325.7399999999857,4963.352592512602
8288,46.45186829397908,325.75999999998567,4963.448494986199
8289,46.45186829397908,325.77999999998565,4963.544393803001
8290,46.45186829397908,325.79999999998563,4963.640288962694
8291,46.45186829397908,325.8199999999856,4963.736180464964
8292,46.45186829397908,325.8399999999856,4963.8320683094935
8293,46.45186829397908,325.8599999999856,4963.92795249597
8294,46.45186829397908,325.87999999998556,4964.023833024079
8295,46.45186829397908,325.89999999998554,4964.119709893505
8296,46.45186829397908,325.9199999999855,4964.215583103934
8297,46.45186829397908,325.9399999999855,4964.31145265505
8298,46.45186829397908,325.9599999999855,4964.4073185465395
8299,46.45186829397908,325.97999999998547,4964.503180778088
8300,46.45186829397908,325.99999999998545,4964.59903934938
8301,46.45186829397908,326.01999999998543,4964.694894260102
8302,46.45186829397908,326.0399999999854,4964.7907455099385
8303,46.45186829397908,326.0599999999854,4964.886593098575
8304,46.45186829397908,326.0799999999854,4964.9824370256965
8305,46.45186829397908,326.09999999998536,4965.078277290989
8306,46.45186829397908,326.11999999998534,4965.174113894138
8307,46.45186829397908,326.1399999999853,4965.269946834828
8308,46.45186829397908,326.1599999999853,4965.365776112746
8309,46.45186829397908,326.1799999999853,4965.461601727576
8310,46.45186829397908,326.19999999998527,4965.5574236790035
8311,46.45186829397908,326.21999999998525,4965.653241966715
8312,46.45186829397908,326.23999999998523,4965.7490565903945
8313,46.45186829397908,326.2599999999852,4965.844867549728
8314,46.45186829397908,326.2799999999852,4965.940674844403
8315,46.45186829397908,326.2999999999852,4966.036478474101
8316,46.45186829397908,326.31999999998516,4966.132278438511
8317,46.45186829397908,326.33999999998514,4966.228074737317
8318,46.45186829397908,326.3599999999851,4966.323867370204
8319,46.45186829397908,326.3799999999851,4966.419656336859
8320,46.45186829397908,326.3999999999851,4966.515441636965
8321,46.45186829397908,326.41999999998507,4966.61122327021
8322,46.45186829397908,326.43999999998505,4966.707001236277
8323,46.45186829397908,326.45999999998503,4966.802775534854
8324,46.45186829397908,326.479999999985,4966.898546165626
8325,46.45186829397908,326.499999999985,4966.994313128277
8326,46.45186829397908,326.519999999985,4967.090076436455
8327,46.45186829397908,326.53999999998496,4967.185836106272
8328,46.45186829397908,326.55999999998494,4967.281592137688
8329,46.45186829397908,326.5799999999849,4967.377344530386
8330,46.45186829397908,326.5999999999849,4967.473093284051
8331,46.45186829397908,326.6199999999849,4967.56883839837
8332,46.45186829397908,326.63999999998487,4967.664579873025
8333,46.45186829397908,326.65999999998485,4967.760317707703
8334,46.45186829397908,326.67999999998483,4967.8560519020875
8335,46.45186829397908,326.6999999999848,4967.951782455864
8336,46.45186829397908,326.7199999999848,4968.047509368718
8337,46.45186829397908,326.7399999999848,4968.143232640334
8338,46.45186829397908,326.75999999998476,4968.238952270396
8339,46.45186829397908,326.77999999998474,4968.334668258591
8340,46.45186829397908,326.7999999999847,4968.430380604602
8341,46.45186829397908,326.8199999999847,4968.526089308114
8342,46.45186829397908,326.8399999999847,4968.6217943688125
8343,46.45186829397908,326.85999999998467,4968.717495786383
8344,46.45186829397908,326.87999999998465,4968.81319356051
8345,46.45186829397908,326.89999999998463,4968.908887690878
8346,46.45186829397908,326.9199999999846,4969.004578177173
8347,46.45186829397908,326.9399999999846,4969.100265019079
8348,46.45186829397908,326.9599999999846,4969.195948216282
8349,46.45186829397908,326.97999999998456,4969.291627768465
8350,46.45186829397908,326.99999999998454,4969.387303675316
8351,46.45186829397908,327.0199999999845,4969.4829759365175
8352,46.45186829397908,327.0399999999845,4969.578644551755
8353,46.45186829397908,327.0599999999845,4969.674309520715
8354,46.45186829397908,327.07999999998447,4969.769970843081
8355,46.45186829397908,327.09999999998445,4969.865628518538
8356,46.45186829397908,327.11999999998443,4969.961282546772
8357,46.45186829397908,327.1399999999844,4970.0569329281825
8358,46.45186829397908,327.1599999999844,4970.15257966584
8359,46.45186829397908,327.1799999999844,4970.248222759728
8360,46.45186829397908,327.19999999998436,4970.3438622095355
8361,46.45186829397908,327.21999999998434,4970.439498014949
8362,46.45186829397908,327.2399999999843,4970.535130175656
8363,46.45186829397908,327.2599999999843,4970.630758691344
8364,46.45186829397908,327.2799999999843,4970.726383561702
8365,46.45186829397908,327.29999999998427,4970.822004786416
8366,46.45186829397908,327.31999999998425,4970.917622365175
8367,46.45186829397908,327.33999999998423,4971.013236297665
8368,46.45186829397908,327.3599999999842,4971.108846583575
8369,46.45186829397908,327.3799999999842,4971.204453222592
8370,46.45186829397908,327.3999999999842,4971.300056214403
8371,46.45186829397908,327.41999999998416,4971.395655558698
8372,46.45186829397908,327.43999999998414,4971.491251255163
8373,46.45186829397908,327.4599999999841,4971.586843303486
8374,46.45186829397908,327.4799999999841,4971.682431703354
8375,46.45186829397908,327.4999999999841,4971.778016454456
8376,46.45186829397908,327.51999999998407,4971.873597556569
8377,46.45186829397908,327.53999999998405,4971.969175025491
8378,46.45186829397908,327.55999999998403,4972.064748876211
8379,46.45186829397908,327.579999999984,4972.160319108417
8380,46.45186829397908,327.599999999984,4972.255885721798
8381,46.45186829397908,327.619999999984,4972.351448716044
8382,46.45186829397908,327.63999999998396,4972.447008090841
8383,46.45186829397908,327.65999999998394,4972.542563845881
8384,46.45186829397908,327.6799999999839,4972.638115980851
8385,46.45186829397908,327.6999999999839,4972.733664495439
8386,46.45186829397908,327.7199999999839,4972.829209389336
8387,46.45186829397908,327.73999999998387,4972.92475066223
8388,46.45186829397908,327.75999999998385,4973.020288313809
8389,46.45186829397908,327.77999999998383,4973.115822343762
8390,46.45186829397908,327.7999999999838,4973.2113527517795
8391,46.37459840729961,327.8199999999838,4973.306879537548
8392,46.37459840729961,327.8399999999838,4973.402402700758
8393,46.37459840729961,327.85999999998376,4973.4979222410975
8394,46.37459840729961,327.87999999998374,4973.593438158256
8395,46.37459840729961,327.8999999999837,4973.688950451921
8396,46.37459840729961,327.9199999999837,4973.784459121784
8397,46.37459840729961,327.9399999999837,4973.879964167531
8398,46.37459840729961,327.95999999998367,4973.975465588854
8399,46.37459840729961,327.97999999998365,4974.0709633854385
8400,46.37459840729961,327.99999999998363,4974.166457556976
8401,46.37459840729961,328.0199999999836,4974.261948103153
8402,46.37459840729961,328.0399999999836,4974.357435023661
8403,46.37459840729961,328.0599999999836,4974.452918318188
8404,46.37459840729961,328.07999999998356,4974.548397986422
8405,46.37459840729961,328.09999999998354,4974.643874028053
8406,46.37459840729961,328.1199999999835,4974.73934644277
8407,46.37459840729961,328.1399999999835,4974.834815230261
8408,46.37459840729961,328.1599999999835,4974.930280390216
8409,46.37459840729961,328.17999999998347,4975.025741922323
8410,46.37459840729961,328.19999999998345,4975.121199826271
8411,46.37459840729961,328.21999999998343,4975.21665410175
8412,46.37459840729961,328.2399999999834,4975.312104748448
8413,46.37459840729961,328.2599999999834,4975.407551766055
8414,46.37459840729961,328.2799999999834,4975.502995154259
8415,46.37459840729961,328.29999999998336,4975.598434912749
8416,46.37459840729961,328.31999999998334,4975.693871041215
8417,46.37459840729961,328.3399999999833,4975.789303539345
8418,46.37459840729961,328.3599999999833,4975.884732406829
8419,46.37459840729961,328.3799999999833,4975.980157643356
8420,46.37459840729961,328.39999999998327,4976.075579248613
8421,46.37459840729961,328.41999999998325,4976.170997222292
8422,46.37459840729961,328.43999999998323,4976.26641156408
8423,46.37459840729961,328.4599999999832,4976.361822273667
8424,46.37459840729961,328.4799999999832,4976.457229350742
8425,46.37459840729961,328.4999999999832,4976.552632794993
8426,46.37459840729961,328.51999999998316,4976.64803260611
8427,46.37459840729961,328.53999999998314,4976.743428784225
8428,46.37459840729961,328.5599999999831,4976.838821345889
8429,46.37459840729961,328.5799999999831,4976.934210303674
8430,46.37459840729961,328.5999999999831,4977.029595657271
8431,46.37459840729961,328.61999999998307,4977.124977406368
8432,46.37459840729961,328.63999999998305,4977.220355550656
8433,46.37459840729961,328.65999999998303,4977.315730089824
8434,46.37459840729961,328.679999999983,4977.411101023563
8435,46.37459840729961,328.699999999983,4977.506468351562
8436,46.37459840729961,328.719999999983,4977.601832073512
8437,46.37459840729961,328.73999999998296,4977.697192189103
8438,46.37459840729961,328.75999999998294,4977.792548698023
8439,46.37459840729961,328.7799999999829,4977.887901599964
8440,46.37459840729961,328.7999999999829,4977.983250894615
8441,46.37459840729961,328.8199999999829,4978.078596581666
8442,46.37459840729961,328.83999999998287,4978.173938660807
8443,46.37459840729961,328.85999999998285,4978.269277131729
8444,46.37459840729961,328.87999999998283,4978.36461199412
8445,46.37459840729961,328.8999999999828,4978.4599432476725
8446,46.37459840729961,328.9199999999828,4978.555270892074
8447,46.37459840729961,328.9399999999828,4978.650594927016
8448,46.37459840729961,328.95999999998276,4978.745915352188
8449,46.37459840729961,328.97999999998274,4978.84123216728
8450,46.37459840729961,328.9999999999827,4978.936545371983
8451,46.37459840729961,329.0199999999827,4979.031854965986
8452,46.37459840729961,329.0399999999827,4979.127160948979
8453,46.37459840729961,329.05999999998267,4979.2224633206515
8454,46.37459840729961,329.07999999998265,4979.3177620806955
8455,46.37459840729961,329.09999999998263,4979.4130572287995
8456,46.37459840729961,329.1199999999826,4979.508348764654
8457,46.37459840729961,329.1399999999826,4979.603636687949
8458,46.37459840729961,329.1599999999826,4979.698920998375
8459,46.37459840729961,329.17999999998256,4979.794201695621
8460,46.37459840729961,329.19999999998254,4979.889478779379
8461,46.37459840729961,329.2199999999825,4979.984752249336
8462,46.37459840729961,329.2399999999825,4980.080022107964
8463,46.37459840729961,329.2599999999825,4980.175288359551
8464,46.37459840729961,329.27999999998246,4980.270551003986
8465,46.37459840729961,329.29999999998245,4980.365810040957
8466,46.37459840729961,329.31999999998243,4980.461065470151
8467,46.37459840729961,329.3399999999824,4980.556317291258
8468,46.37459840729961,329.3599999999824,4980.651565503965
8469,46.37459840729961,329.3799999999824,4980.746810107959
8470,46.37459840729961,329.39999999998236,4980.842051102929
8471,46.37459840729961,329.41999999998234,4980.937288488562
8472,46.37459840729961,329.4399999999823,4981.032522264548
8473,46.37459840729961,329.4599999999823,4981.127752430572
8474,46.37459840729961,329.4799999999823,4981.222978986324
8475,46.37459840729961,329.49999999998226,4981.318201931492
8476,46.37459840729961,329.51999999998225,4981.413421265763
8477,46.37459840729961,329.53999999998223,4981.508636988825
8478,46.37459840729961,329.5599999999822,4981.603849101188
8479,46.37459840729961,329.5799999999822,4981.699057621348
8480,46.37459840729961,329.5999999999822,4981.7942625604155
8481,46.37459840729961,329.61999999998216,4981.889463918081
8482,46.37459840729961,329.63999999998214,4981.984661694035
8483,46.37459840729961,329.6599999999821,4982.079855887969
8484,46.37459840729961,329.6799999999821,4982.175046499574
8485,46.37459840729961,329.6999999999821,4982.270233528541
8486,46.37459840729961,329.71999999998206,4982.365416974561
8487,46.37459840729961,329.73999999998205,4982.460596837326
8488,46.37459840729961,329.759999999982,4982.555773116526
8489,46.37459840729961,329.779999999982,4982.6509458118535
8490,46.37459840729961,329.799999999982,4982.7461149229985
8491,46.37459840729961,329.819999999982,4982.841280449652
8492,46.37459840729961,329.83999999998196,4982.936442391505
8493,46.37459840729961,329.85999999998194,4983.031600748249
8494,46.37459840729961,329.8799999999819,4983.126755519575
8495,46.37459840729961,329.8999999999819,4983.221906705175
8496,46.37459840729961,329.9199999999819,4983.317054304738
8497,46.37459840729961,329.93999999998186,4983.4121983179575
8498,46.37459840729961,329.95999999998185,4983.507338744524
8499,46.37459840729961,329.9799999999818,4983.602475584127
8500,46.37459840729961,329.9999999999818,4983.69760883646
8501,46.37459840729961,330.0199999999818,4983.792738501213
8502,46.37459840729961,330.0399999999818,4983.887864578077
8503,46.37459840729961,330.05999999998176,4983.982987066744
8504,46.29754250631622,330.07999999998174,4984.078105966904
8505,46.29754250631622,330.0999999999817,4984.17322127825
8506,46.29754250631622,330.1199999999817,4984.268333000472
8507,46.29754250631622,330.1399999999817,4984.363441133261
8508,46.29754250631622,330.15999999998166,4984.45854567631
8509,46.29754250631622,330.17999999998165,4984.553646629308
8510,46.29754250631622,330.1999999999816,4984.6487439919465
8511,46.29754250631622,330.2199999999816,4984.743837763917
8512,46.29754250631622,330.2399999999816,4984.838927944912
8513,46.29754250631622,330.2599999999816,4984.934014534621
8514,46.29754250631622,330.27999999998156,4985.029097532737
8515,46.29754250631622,330.29999999998154,4985.12417693895
8516,46.29754250631622,330.3199999999815,4985.219252752951
8517,46.29754250631622,330.3399999999815,4985.3143249744335
8518,46.29754250631622,330.3599999999815,4985.409393603087
8519,46.29754250631622,330.37999999998146,4985.504458638602
8520,46.29754250631622,330.39999999998145,4985.599520080671
8521,46.29754250631622,330.4199999999814,4985.694577928985
8522,46.29754250631622,330.4399999999814,4985.789632183236
8523,46.29754250631622,330.4599999999814,4985.884682843114
8524,46.29754250631622,330.4799999999814,4985.979729908312
8525,46.29754250631622,330.49999999998136,4986.07477337852
8526,46.29754250631622,330.51999999998134,4986.16981325343
8527,46.29754250631622,330.5399999999813,4986.264849532733
8528,46.29754250631622,330.5599999999813,4986.35988221612
8529,46.29754250631622,330.5799999999813,4986.454911304425
8530,46.29754250631622,330.59999999998126,4986.549936816826
8531,46.29754250631622,330.61999999998125,4986.644958762233
8532,46.29754250631622,330.6399999999812,4986.739977140342
8533,46.29754250631622,330.6599999999812,4986.834991950846
8534,46.29754250631622,330.6799999999812,4986.930003193443
8535,46.29754250631622,330.6999999999812,4987.025010867826
8536,46.29754250631622,330.71999999998116,4987.12001497369
8537,46.29754250631622,330.73999999998114,4987.215015510729
8538,46.29754250631622,330.7599999999811,4987.31001247864
8539,46.29754250631622,330.7799999999811,4987.405005877116
8540,46.29754250631622,330.7999999999811,4987.499995705854
8541,46.29754250631622,330.81999999998106,4987.5949819645475
8542,46.29754250631622,330.83999999998105,4987.689964652892
8543,46.29754250631622,330.859999999981,4987.784943770582
8544,46.29754250631622,330.879999999981,4987.879919317313
8545,46.29754250631622,330.899999999981,4987.974891292779
8546,46.29754250631622,330.919999999981,4988.069859696676
8547,46.29754250631622,330.93999999998096,4988.164824528699
8548,46.29754250631622,330.95999999998094,4988.259785788542
8549,46.29754250631622,330.9799999999809,4988.354743475901
8550,46.29754250631622,330.9999999999809,4988.44969759047
8551,46.29754250631622,331.0199999999809,4988.544648131946
8552,46.29754250631622,331.03999999998086,4988.639595100022
8553,46.29754250631622,331.05999999998085,4988.734538494394
8554,46.29754250631622,331.0799999999808,4988.829478314756
8555,46.29754250631622,331.0999999999808,4988.924414560804
8556,46.29754250631622,331.1199999999808,4989.019347232233
8557,46.29754250631622,331.1399999999808,4989.114276328738
8558,46.29754250631622,331.15999999998076,4989.209201850014
8559,46.29754250631622,331.17999999998074,4989.304123795756
8560,46.29754250631622,331.1999999999807,4989.399042165659
8561,46.29754250631622,331.2199999999807,4989.493956959418
8562,46.29754250631622,331.2399999999807,4989.588868176728
8563,46.29754250631622,331.25999999998066,4989.683775817285
8564,46.29754250631622,331.27999999998065,4989.778679880784
8565,46.29754250631622,331.2999999999806,4989.873580366919
8566,46.29754250631622,331.3199999999806,4989.968477275385
8567,46.29754250631622,331.3399999999806,4990.063370611104
8568,46.29754250631622,331.3599999999806,4990.158260390658
8569,46.29754250631622,331.37999999998056,4990.253146615032
8570,46.29754250631622,331.39999999998054,4990.348029283916
8571,46.29754250631622,331.4199999999805,4990.442908396997
8572,46.29754250631622,331.4399999999805,4990.537783953965
8573,46.29754250631622,331.4599999999805,4990.632655954509
8574,46.29754250631622,331.47999999998046,4990.727524398316
8575,46.29754250631622,331.49999999998045,4990.822389285076
8576,46.29754250631622,331.5199999999804,4990.917250614477
8577,46.29754250631622,331.5399999999804,4991.012108386209
8578,46.29754250631622,331.5599999999804,4991.10696259996
8579,46.29754250631622,331.5799999999804,4991.2018132554185
8580,46.29754250631622,331.59999999998035,4991.296660353808
8581,46.29754250631622,331.61999999998034,4991.391503916285
8582,46.29754250631622,331.6399999999803,4991.4863439502
8583,46.29754250631622,331.6599999999803,4991.581180455242
8584,46.29754250631622,331.6799999999803,4991.676013431103
8585,46.29754250631622,331.69999999998026,4991.7708428774695
8586,46.29754250631622,331.71999999998025,4991.865668794034
8587,46.29754250631622,331.7399999999802,4991.9604911804845
8588,46.29754250631622,331.7599999999802,4992.055310036512
8589,46.29754250631622,331.7799999999802,4992.150125361806
8590,46.29754250631622,331.7999999999802,4992.244937156056
8591,46.29754250631622,331.81999999998015,4992.339745418952
8592,46.29754250631622,331.83999999998014,4992.434550150183
8593,46.29754250631622,331.8599999999801,4992.52935134944
8594,46.29754250631622,331.8799999999801,4992.624149016412
8595,46.29754250631622,331.8999999999801,4992.7189431507895
8596,46.29754250631622,331.91999999998006,4992.813733752262
8597,46.29754250631622,331.93999999998005,4992.90852082052
8598,46.29754250631622,331.95999999998,4993.003304355252
8599,46.29754250631622,331.97999999998,4993.098084356149
8600,46.29754250631622,331.99999999998,4993.192860822901
8601,46.29754250631622,332.01999999998,4993.287633755196
8602,46.29754250631622,332.03999999997995,4993.382403152726
8603,46.29754250631622,332.05999999997994,4993.477169015179
8604,46.29754250631622,332.0799999999799,4993.571931342247
8605,46.29754250631622,332.0999999999799,4993.666690133618
8606,46.29754250631622,332.1199999999799,4993.761445388985
8607,46.29754250631622,332.13999999997986,4993.856197108034
8608,46.29754250631622,332.15999999997985,4993.950945290458
8609,46.29754250631622,332.1799999999798,4994.045689935944
8610,46.29754250631622,332.1999999999798,4994.140431044184
8611,46.29754250631622,332.2199999999798,4994.235168614868
8612,46.29754250631622,332.2399999999798,4994.329902647684
8613,46.29754250631622,332.25999999997975,4994.424633142325
8614,46.29754250631622,332.27999999997974,4994.5193600984785
8615,46.29754250631622,332.2999999999797,4994.614083515836
8616,46.29754250631622,332.3199999999797,4994.708803394086
8617,46.29754250631622,332.3399999999797,4994.80351973292
8618,46.22069976231157,332.35999999997966,4994.898232532027
8619,46.22069976231157,332.37999999997965,4994.992941791096
8620,46.22069976231157,332.3999999999796,4995.087647509819
8621,46.22069976231157,332.4199999999796,4995.182349687885
8622,46.22069976231157,332.4399999999796,4995.277048324984
8623,46.22069976231157,332.4599999999796,4995.3717434208065
8624,46.22069976231157,332.47999999997955,4995.466434975042
8625,46.22069976231157,332.49999999997954,4995.561122987381
8626,46.22069976231157,332.5199999999795,4995.655807457513
8627,46.22069976231157,332.5399999999795,4995.750488385129
8628,46.22069976231157,332.5599999999795,4995.845165769918
8629,46.22069976231157,332.57999999997946,4995.93983961157
8630,46.22069976231157,332.59999999997945,4996.034509909777
8631,46.22069976231157,332.6199999999794,4996.1291766660415
8632,46.22069976231157,332.6399999999794,4996.223839901993
8633,46.22069976231157,332.6599999999794,4996.318499622925
8634,46.22069976231157,332.6799999999794,4996.413155828526
8635,46.22069976231157,332.69999999997935,4996.507808518489
8636,46.22069976231157,332.71999999997934,4996.602457692502
8637,46.22069976231157,332.7399999999793,4996.697103350257
8638,46.22069976231157,332.7599999999793,4996.791745491443
8639,46.22069976231157,332.7799999999793,4996.886384115752
8640,46.22069976231157,332.79999999997926,4996.981019222873
8641,46.22069976231157,332.81999999997925,4997.075650812498
8642,46.22069976231157,332.8399999999792,4997.170278884317
8643,46.22069976231157,332.8599999999792,4997.264903438019
8644,46.22069976231157,332.8799999999792,4997.359524473297
8645,46.22069976231157,332.8999999999792,4997.45414198984
8646,46.22069976231157,332.91999999997915,4997.548755987337
8647,46.22069976231157,332.93999999997914,4997.643366465481
8648,46.22069976231157,332.9599999999791,4997.737973423962
8649,46.22069976231157,332.9799999999791,4997.832576862469
8650,46.22069976231157,332.9999999999791,4997.927176780694
8651,46.22069976231157,333.01999999997906,4998.021773178327
8652,46.22069976231157,333.03999999997905,4998.116366055058
8653,46.22069976231157,333.059999999979,4998.210955410579
8654,46.22069976231157,333.079999999979,4998.305541244579
8655,46.22069976231157,333.099999999979,4998.400123556749
8656,46.22069976231157,333.119999999979,4998.49470234678
8657,46.22069976231157,333.13999999997895,4998.589277614363
8658,46.22069976231157,333.15999999997894,4998.683849359187
8659,46.22069976231157,333.1799999999789,4998.778417580943
8660,46.22069976231157,333.1999999999789,4998.872982279322
8661,46.22069976231157,333.2199999999789,4998.967543454015
8662,46.22069976231157,333.23999999997886,4999.0621011047115
8663,46.22069976231157,333.25999999997885,4999.156655231103
8664,46.22069976231157,333.2799999999788,4999.25120583288
8665,46.22069976231157,333.2999999999788,4999.345752909733
8666,46.22069976231157,333.3199999999788,4999.440296461352
8667,46.22069976231157,333.3399999999788,4999.534836487428
8668,46.22069976231157,333.35999999997875,4999.629372987652
8669,46.22069976231157,333.37999999997874,4999.723905961714
8670,46.22069976231157,333.3999999999787,4999.8184354093055
8671,46.22069976231157,333.4199999999787,4999.912961330117
8672,46.22069976231157,333.4399999999787,5000.007483724298
8673,46.22069976231157,333.45999999997866,5000.102002610839
8674,46.22069976231157,333.47999999997865,5000.196518004578
8675,46.22069976231157,333.4999999999786,5000.291029905205
8676,46.22069976231157,333.5199999999786,5000.385538312407
8677,46.22069976231157,333.5399999999786,5000.4800432258735
8678,46.22069976231157,333.5599999999786,5000.574544645292
8679,46.22069976231157,333.57999999997855,5000.669042570352
8680,46.22069976231157,333.59999999997854,5000.76353700074
8681,46.22069976231157,333.6199999999785,5000.858027936146
8682,46.22069976231157,333.6399999999785,5000.952515378463
8683,46.22069976231157,333.6599999999785,5001.046999351179
8684,46.22069976231157,333.67999999997846,5001.141479857925
8685,46.22069976231157,333.69999999997844,5001.235956898385
8686,46.22069976231157,333.7199999999784,5001.330430472239
8687,46.22069976231157,333.7399999999784,5001.42490057917
8688,46.22069976231157,333.7599999999784,5001.519367218859
8689,46.22069976231157,333.7799999999784,5001.613830390988
8690,46.22069976231157,333.79999999997835,5001.70829009524
8691,46.22069976231157,333.81999999997834,5001.802746331296
8692,46.22069976231157,333.8399999999783,5001.897199098837
8693,46.22069976231157,333.8599999999783,5001.991648397546
8694,46.22069976231157,333.8799999999783,5002.086094227105
8695,46.22069976231157,333.89999999997826,5002.180536587195
8696,46.22069976231157,333.91999999997824,5002.274975477499
8697,46.22069976231157,333.9399999999782,5002.369410897698
8698,46.22069976231157,333.9599999999782,5002.463842847474
8699,46.22069976231157,333.9799999999782,5002.558271326509
8700,46.22069976231157,333.9999999999782,5002.652696334486
8701,46.22069976231157,334.01999999997815,5002.747117871086
8702,46.22069976231157,334.03999999997814,5002.84153593599
8703,46.22069976231157,334.0599999999781,5002.935950528881
8704,46.22069976231157,334.0799999999781,5003.030361649441
8705,46.22069976231157,334.0999999999781,5003.124769297352
8706,46.22069976231157,334.11999999997806,5003.219173472296
8707,46.22069976231157,334.13999999997804,5003.313574173954
8708,46.22069976231157,334.159999999978,5003.407971402009
8709,46.22069976231157,334.179999999978,5003.502365156143
8710,46.22069976231157,334.199999999978,5003.596755436038
8711,46.22069976231157,334.219999999978,5003.691142241375
8712,46.22069976231157,334.23999999997795,5003.785525571837
8713,46.22069976231157,334.25999999997794,5003.879905427106
8714,46.22069976231157,334.2799999999779,5003.9742818068635
8715,46.22069976231157,334.2999999999779,5004.068654710792
8716,46.22069976231157,334.3199999999779,5004.163024138573
8717,46.22069976231157,334.33999999997786,5004.257390089889
8718,46.22069976231157,334.35999999997784,5004.351752564421
8719,46.22069976231157,334.3799999999778,5004.446111561852
8720,46.22069976231157,334.3999999999778,5004.540467081864
8721,46.22069976231157,334.4199999999778,5004.6348191241395
8722,46.22069976231157,334.4399999999778,5004.72916768836
8723,46.22069976231157,334.45999999997775,5004.823512774207
8724,46.22069976231157,334.47999999997774,5004.917854381364
8725,46.22069976231157,334.4999999999777,5005.012192509512
8726,46.22069976231157,334.5199999999777,5005.106527158333
8727,46.22069976231157,334.5399999999777,5005.20085832751
8728,46.22069976231157,334.55999999997766,5005.295186016725
8729,46.22069976231157,334.57999999997764,5005.389510225659
8730,46.22069976231157,334.5999999999776,5005.4838309539955
8731,46.22069976231157,334.6199999999776,5005.578148201415
8732,46.22069976231157,334.6399999999776,5005.6724619676015
8733,46.14406935069021,334.6599999999776,5005.766772255034
8734,46.14406935069021,334.67999999997755,5005.861079088017
8735,46.14406935069021,334.69999999997754,5005.9553824686645
8736,46.14406935069021,334.7199999999775,5006.0496823966705
8737,46.14406935069021,334.7399999999775,5006.143978871725
8738,46.14406935069021,334.7599999999775,5006.2382718935205
8739,46.14406935069021,334.77999999997746,5006.332561461748
8740,46.14406935069021,334.79999999997744,5006.426847576098
8741,46.14406935069021,334.8199999999774,5006.521130236264
8742,46.14406935069021,334.8399999999774,5006.615409441936
8743,46.14406935069021,334.8599999999774,5006.709685192807
8744,46.14406935069021,334.8799999999774,5006.803957488568
8745,46.14406935069021,334.89999999997735,5006.89822632891
8746,46.14406935069021,334.91999999997734,5006.992491713525
8747,46.14406935069021,334.9399999999773,5007.086753642104
8748,46.14406935069021,334.9599999999773,5007.181012114339
8749,46.14406935069021,334.9799999999773,5007.275267129922
8750,46.14406935069021,334.99999999997726,5007.369518688545
8751,46.14406935069021,335.01999999997724,5007.463766789899
8752,46.14406935069021,335.0399999999772,5007.558011433675
8753,46.14406935069021,335.0599999999772,5007.652252619566
8754,46.14406935069021,335.0799999999772,5007.746490347262
8755,46.14406935069021,335.0999999999772,5007.840724616456
8756,46.14406935069021,335.11999999997715,5007.934955426839
8757,46.14406935069021,335.13999999997714,5008.029182778103
8758,46.14406935069021,335.1599999999771,5008.123406669939
8759,46.14406935069021,335.1799999999771,5008.21762710204
8760,46.14406935069021,335.1999999999771,5008.311844074096
8761,46.14406935069021,335.21999999997706,5008.4060575858
8762,46.14406935069021,335.23999999997704,5008.500267636843
8763,46.14406935069021,335.259999999977,5008.594474226917
8764,46.14406935069021,335.279999999977,5008.6886773557135
8765,46.14406935069021,335.299999999977,5008.782877022924
8766,46.14406935069021,335.319999999977,5008.877073228241
8767,46.14406935069021,335.33999999997695,5008.971265971356
8768,46.14406935069021,335.35999999997694,5009.06545525196
8769,46.14406935069021,335.3799999999769,5009.159641069746
8770,46.14406935069021,335.3999999999769,5009.253823424404
8771,46.14406935069021,335.4199999999769,5009.348002315627
8772,46.14406935069021,335.43999999997686,5009.442177743106
8773,46.14406935069021,335.45999999997684,5009.536349706534
8774,46.14406935069021,335.4799999999768,5009.630518205601
8775,46.14406935069021,335.4999999999768,5009.724683240001
8776,46.14406935069021,335.5199999999768,5009.818844809423
8777,46.14406935069021,335.53999999997677,5009.913002913561
8778,46.14406935069021,335.55999999997675,5010.007157552363
8779,46.14406935069021,335.57999999997674,5010.101308736683
8780,46.14406935069021,335.5999999999767,5010.195456475056
8781,46.14406935069021,335.6199999999767,5010.289600767164
8782,46.14406935069021,335.6399999999767,5010.38374161269
8783,46.14406935069021,335.65999999997666,5010.477879011315
8784,46.14406935069021,335.67999999997664,5010.572012967132
8785,46.14406935069021,335.6999999999766,5010.666143502281
8786,46.14406935069021,335.7199999999766,5010.76027061845
8787,46.14406935069021,335.7399999999766,5010.854394315324
8788,46.14406935069021,335.75999999997657,5010.948514592585
8789,46.14406935069021,335.77999999997655,5011.042631449917
8790,46.14406935069021,335.79999999997654,5011.136744887004
8791,46.14406935069021,335.8199999999765,5011.230854903529
8792,46.14406935069021,335.8399999999765,5011.324961499174
8793,46.14406935069021,335.8599999999765,5011.419064673623
8794,46.14406935069021,335.87999999997646,5011.513164426561
8795,46.14406935069021,335.89999999997644,5011.60726075767
8796,46.14406935069021,335.9199999999764,5011.701353666634
8797,46.14406935069021,335.9399999999764,5011.795443153135
8798,46.14406935069021,335.9599999999764,5011.889529216858
8799,46.14406935069021,335.97999999997637,5011.983611857486
8800,46.14406935069021,335.99999999997635,5012.077691074703
8801,46.14406935069021,336.01999999997633,5012.171766868191
8802,46.14406935069021,336.0399999999763,5012.265839237635
8803,46.14406935069021,336.0599999999763,5012.359908182717
8804,46.14406935069021,336.0799999999763,5012.453973703121
8805,46.14406935069021,336.09999999997626,5012.548035798531
8806,46.14406935069021,336.11999999997624,5012.64209446863
8807,46.14406935069021,336.1399999999762,5012.736149713101
8808,46.14406935069021,336.1599999999762,5012.830201531629
8809,46.14406935069021,336.1799999999762,5012.924249923896
8810,46.14406935069021,336.19999999997617,5013.018294889586
8811,46.14406935069021,336.21999999997615,5013.112336428383
8812,46.14406935069021,336.23999999997613,5013.20637453997
8813,46.14406935069021,336.2599999999761,5013.300409224031
8814,46.14406935069021,336.2799999999761,5013.394440480249
8815,46.14406935069021,336.2999999999761,5013.488468308306
8816,46.14406935069021,336.31999999997606,5013.582492707888
8817,46.14406935069021,336.33999999997604,5013.676513678678
8818,46.14406935069021,336.359999999976,5013.770531220359
8819,46.14406935069021,336.379999999976,5013.864545332615
8820,46.14406935069021,336.399999999976,5013.95855601513
8821,46.14406935069021,336.41999999997597,5014.052563267586
8822,46.14406935069021,336.43999999997595,5014.146567089668
8823,46.14406935069021,336.45999999997593,5014.240567481059
8824,46.14406935069021,336.4799999999759,5014.334564441442
8825,46.14406935069021,336.4999999999759,5014.428557970502
8826,46.14406935069021,336.5199999999759,5014.522548067922
8827,46.14406935069021,336.53999999997586,5014.616534733385
8828,46.14406935069021,336.55999999997584,5014.710517966576
8829,46.14406935069021,336.5799999999758,5014.804497767177
8830,46.14406935069021,336.5999999999758,5014.898474134872
8831,46.14406935069021,336.6199999999758,5014.992447069345
8832,46.14406935069021,336.63999999997577,5015.08641657028
8833,46.14406935069021,336.65999999997575,5015.18038263736
8834,46.14406935069021,336.67999999997573,5015.274345270269
8835,46.14406935069021,336.6999999999757,5015.368304474974
8836,46.14406935069021,336.7199999999757,5015.462260272847
8837,46.14406935069021,336.7399999999757,5015.556212665287
8838,46.14406935069021,336.75999999997566,5015.65016165198
8839,46.14406935069021,336.77999999997564,5015.744107232614
8840,46.14406935069021,336.7999999999756,5015.838049406876
8841,46.14406935069021,336.8199999999756,5015.931988174453
8842,46.14406935069021,336.8399999999756,5016.025923535033
8843,46.14406935069021,336.85999999997557,5016.119855488302
8844,46.14406935069021,336.87999999997555,5016.213784033948
8845,46.14406935069021,336.89999999997553,5016.307709171659
8846,46.14406935069021,336.9199999999755,5016.40163090112
8847,46.06765045095349,336.9399999999755,5016.495549222021
8848,46.06765045095349,336.9599999999755,5016.5894641340465
8849,46.06765045095349,336.97999999997546,5016.683375636885
8850,46.06765045095349,336.99999999997544,5016.777283730224
8851,46.06765045095349,337.0199999999754,5016.871188413749
8852,46.06765045095349,337.0399999999754,5016.96508968715
8853,46.06765045095349,337.0599999999754,5017.058987550113
8854,46.06765045095349,337.07999999997537,5017.152882002324
8855,46.06765045095349,337.09999999997535,5017.246773043472
8856,46.06765045095349,337.11999999997533,5017.340660673243
8857,46.06765045095349,337.1399999999753,5017.4345448913255
8858,46.06765045095349,337.1599999999753,5017.528425697406
8859,46.06765045095349,337.1799999999753,5017.622303091172
8860,46.06765045095349,337.19999999997526,5017.716177072311
8861,46.06765045095349,337.21999999997524,5017.810047640511
8862,46.06765045095349,337.2399999999752,5017.903914795457
8863,46.06765045095349,337.2599999999752,5017.997778536838
8864,46.06765045095349,337.2799999999752,5018.091638864342
8865,46.06765045095349,337.29999999997517,5018.185495777655
8866,46.06765045095349,337.31999999997515,5018.279349276465
8867,46.06765045095349,337.33999999997513,5018.373199360459
8868,46.06765045095349,337.3599999999751,5018.467046029324
8869,46.06765045095349,337.3799999999751,5018.560889282748
8870,46.06765045095349,337.3999999999751,5018.654729120418
8871,46.06765045095349,337.41999999997506,5018.748565542021
8872,46.06765045095349,337.43999999997504,5018.8423985472455
8873,46.06765045095349,337.459999999975,5018.936228135778
8874,46.06765045095349,337.479999999975,5019.030054307306
8875,46.06765045095349,337.499999999975,5019.123877061517
8876,46.06765045095349,337.51999999997497,5019.217696398099
8877,46.06765045095349,337.53999999997495,5019.311512316739
8878,46.06765045095349,337.55999999997493,5019.405324817124
8879,46.06765045095349,337.5799999999749,5019.499133898941
8880,46.06765045095349,337.5999999999749,5019.592939561879
8881,46.06765045095349,337.6199999999749,5019.686741805624
8882,46.06765045095349,337.63999999997486,5019.780540629863
8883,46.06765045095349,337.65999999997484,5019.874336034285
8884,46.06765045095349,337.6799999999748,5019.968128018577
8885,46.06765045095349,337.6999999999748,5020.061916583226
8886,46.06765045095349,337.7199999999748,5020.155701738316
8887,46.06765045095349,337.73999999997477,5020.249483503227
8888,46.06765045095349,337.75999999997475,5020.343261878954
8889,46.06765045095349,337.77999999997473,5020.437036865184
8890,46.06765045095349,337.7999999999747,5020.530808461605
8891,46.06765045095349,337.8199999999747,5020.624576667904
8892,46.06765045095349,337.8399999999747,5020.718341483767
8893,46.06765045095349,337.85999999997466,5020.812102908883
8894,46.06765045095349,337.87999999997464,5020.9058609429385
8895,46.06765045095349,337.8999999999746,5020.99961558562
8896,46.06765045095349,337.9199999999746,5021.093366836615
8897,46.06765045095349,337.9399999999746,5021.187114695611
8898,46.06765045095349,337.95999999997457,5021.280859162295
8899,46.06765045095349,337.97999999997455,5021.374600236354
8900,46.06765045095349,337.99999999997453,5021.468337917476
8901,46.06765045095349,338.0199999999745,5021.562072205347
8902,46.06765045095349,338.0399999999745,5021.655803099656
8903,46.06765045095349,338.0599999999745,5021.749530600088
8904,46.06765045095349,338.07999999997446,5021.843254706332
8905,46.06765045095349,338.09999999997444,5021.936975418074
8906,46.06765045095349,338.1199999999744,5022.030692735003
8907,46.06765045095349,338.1399999999744,5022.124406656804
8908,46.06765045095349,338.1599999999744,5022.218117183166
8909,46.06765045095349,338.17999999997437,5022.311824313776
8910,46.06765045095349,338.19999999997435,5022.405528048321
8911,46.06765045095349,338.21999999997433,5022.499228386488
8912,46.06765045095349,338.2399999999743,5022.592925327965
8913,46.06765045095349,338.2599999999743,5022.686618872439
8914,46.06765045095349,338.2799999999743,5022.780309019597
8915,46.06765045095349,338.29999999997426,5022.873995769126
8916,46.06765045095349,338.31999999997424,5022.967679120715
8917,46.06765045095349,338.3399999999742,5023.0613590740495
8918,46.06765045095349,338.3599999999742,5023.155035628818
8919,46.06765045095349,338.3799999999742,5023.248708784707
8920,46.06765045095349,338.39999999997417,5023.342378541404
8921,46.06765045095349,338.41999999997415,5023.436044898597
8922,46.06765045095349,338.43999999997413,5023.529707855973
8923,46.06765045095349,338.4599999999741,5023.623367413219
8924,46.06765045095349,338.4799999999741,5023.717023570022
8925,46.06765045095349,338.4999999999741,5023.810676326071
8926,46.06765045095349,338.51999999997406,5023.904325681052
8927,46.06765045095349,338.53999999997404,5023.9979716346525
8928,46.06765045095349,338.559999999974,5024.091614186561
8929,46.06765045095349,338.579999999974,5024.185253336464
8930,46.06765045095349,338.599999999974,5024.278889084048
8931,46.06765045095349,338.61999999997397,5024.3725214290025
8932,46.06765045095349,338.63999999997395,5024.466150371014
8933,46.06765045095349,338.65999999997393,5024.559775909769
8934,46.06765045095349,338.6799999999739,5024.653398044956
8935,46.06765045095349,338.6999999999739,5024.747016776262
8936,46.06765045095349,338.7199999999739,5024.840632103375
8937,46.06765045095349,338.73999999997386,5024.934244035654
8938,46.06765045095349,338.75999999997384,5025.0278525914555
8939,46.06765045095349,338.7799999999738,5025.121457771468
8940,46.06765045095349,338.7999999999738,5025.215059575382
8941,46.06765045095349,338.8199999999738,5025.308658002886
8942,46.06765045095349,338.83999999997377,5025.4022530536695
8943,46.06765045095349,338.85999999997375,5025.495844727421
8944,46.06765045095349,338.87999999997373,5025.589433023831
8945,46.06765045095349,338.8999999999737,5025.683017942588
8946,46.06765045095349,338.9199999999737,5025.776599483382
8947,46.06765045095349,338.9399999999737,5025.870177645901
8948,46.06765045095349,338.95999999997366,5025.963752429835
8949,46.06765045095349,338.97999999997364,5026.057323834873
8950,46.06765045095349,338.9999999999736,5026.150891860705
8951,46.06765045095349,339.0199999999736,5026.24445650702
8952,46.06765045095349,339.0399999999736,5026.338017773507
8953,46.06765045095349,339.05999999997357,5026.431575659855
8954,46.06765045095349,339.07999999997355,5026.5251301657545
8955,46.06765045095349,339.09999999997353,5026.618681290894
8956,46.06765045095349,339.1199999999735,5026.712229034963
8957,46.06765045095349,339.1399999999735,5026.80577339765
8958,46.06765045095349,339.1599999999735,5026.899314378646
8959,46.06765045095349,339.17999999997346,5026.992851977639
8960,46.06765045095349,339.19999999997344,5027.086386194319
8961,46.06765045095349,339.2199999999734,5027.179917028376
8962,46.06765045095349,339.2399999999734,5027.273444479498
8963,45.99144224667475,339.2599999999734,5027.366968547375
8964,45.99144224667475,339.27999999997337,5027.460489231697
8965,45.99144224667475,339.29999999997335,5027.554006532151
8966,45.99144224667475,339.31999999997333,5027.6475204484295
8967,45.99144224667475,339.3399999999733,5027.74103098022
8968,45.99144224667475,339.3599999999733,5027.834538127212
8969,45.99144224667475,339.3799999999733,5027.928041889096
8970,45.99144224667475,339.39999999997326,5028.02154226556
8971,45.99144224667475,339.41999999997324,5028.115039256295
8972,45.99144224667475,339.4399999999732,5028.208532860989
8973,45.99144224667475,339.4599999999732,5028.302023079333
8974,45.99144224667475,339.4799999999732,5028.395509911014
8975,45.99144224667475,339.49999999997317,5028.488993355724
8976,45.99144224667475,339.51999999997315,5028.582473413151
8977,45.99144224667475,339.53999999997313,5028.675950082985
8978,45.99144224667475,339.5599999999731,5028.769423364915
8979,45.99144224667475,339.5799999999731,5028.862893258632
8980,45.99144224667475,339.5999999999731,5028.956359763823
8981,45.99144224667475,339.61999999997306,5029.049822880179
8982,45.99144224667475,339.63999999997304,5029.143282607389
8983,45.99144224667475,339.659999999973,5029.236738945143
8984,45.99144224667475,339.679999999973,5029.33019189313
8985,45.99144224667475,339.699999999973,5029.423641451041
8986,45.99144224667475,339.71999999997297,5029.517087618563
8987,45.99144224667475,339.73999999997295,5029.610530395387
8988,45.99144224667475,339.75999999997293,5029.7039697921255
8989,45.99144224667475,339.7799999999729,5029.7974058250265
8990,45.99144224667475,339.7999999999729,5029.890838494409
8991,45.99144224667475,339.8199999999729,5029.984267799964
8992,45.99144224667475,339.83999999997286,5030.077693741535
8993,45.99144224667475,339.85999999997284,5030.171116319069
8994,45.99144224667475,339.8799999999728,5030.264535532271
8995,45.99144224667475,339.8999999999728,5030.357951380834
8996,45.99144224667475,339.9199999999728,5030.451363864449
8997,45.99144224667475,339.93999999997277,5030.54477298281
8998,45.99144224667475,339.95999999997275,5030.6381787356095
8999,45.99144224667475,339.97999999997273,5030.731581122539
9000,45.99144224667475,339.9999999999727,5030.824980143291
9001,45.99144224667475,340.0199999999727,5030.918375797559
9002,45.99144224667475,340.0399999999727,5031.011768085034
9003,45.99144224667475,340.05999999997266,5031.105157005411
9004,45.99144224667475,340.07999999997264,5031.19854255838
9005,45.99144224667475,340.0999999999726,5031.291924743635
9006,45.99144224667475,340.1199999999726,5031.385303560868
9007,45.99144224667475,340.1399999999726,5031.478679009772
9008,45.99144224667475,340.15999999997257,5031.57205109004
9009,45.99144224667475,340.17999999997255,5031.665419801363
9010,45.99144224667475,340.19999999997253,5031.758785143435
9011,45.99144224667475,340.2199999999725,5031.852147115947
9012,45.99144224667475,340.2399999999725,5031.945505718594
9013,45.99144224667475,340.2599999999725,5032.038860951067
9014,45.99144224667475,340.27999999997246,5032.132212813059
9015,45.99144224667475,340.29999999997244,5032.225561304262
9016,45.99144224667475,340.3199999999724,5032.318906424369
9017,45.99144224667475,340.3399999999724,5032.412248173073
9018,45.99144224667475,340.3599999999724,5032.505586550066
9019,45.99144224667475,340.37999999997237,5032.598921555042
9020,45.99144224667475,340.39999999997235,5032.692253187692
9021,45.99144224667475,340.41999999997233,5032.785581447709
9022,45.99144224667475,340.4399999999723,5032.878906334786
9023,45.99144224667475,340.4599999999723,5032.972227848615
9024,45.99144224667475,340.4799999999723,5033.06554598889
9025,45.99144224667475,340.49999999997226,5033.158860755303
9026,45.99144224667475,340.51999999997224,5033.252172147546
9027,45.99144224667475,340.5399999999722,5033.345480165312
9028,45.99144224667475,340.5599999999722,5033.438784808295
9029,45.99144224667475,340.5799999999722,5033.532086076187
9030,45.99144224667475,340.59999999997217,5033.62538396868
9031,45.99144224667475,340.61999999997215,5033.718678485467
9032,45.99144224667475,340.63999999997213,5033.81196962624
9033,45.99144224667475,340.6599999999721,5033.905257390693
9034,45.99144224667475,340.6799999999721,5033.998541778518
9035,45.99144224667475,340.6999999999721,5034.091822789408
9036,45.99144224667475,340.71999999997206,5034.185100423056
9037,45.99144224667475,340.73999999997204,5034.278374679154
9038,45.99144224667475,340.759999999972,5034.371645557395
9039,45.99144224667475,340.779999999972,5034.464913070426
9040,45.99144224667475,340.799999999972,5034.5581772336245
9041,45.99144224667475,340.81999999997197,5034.651438046987
9042,45.99144224667475,340.83999999997195,5034.744695510208
9043,45.99144224667475,340.85999999997193,5034.837949622979
9044,45.99144224667475,340.8799999999719,5034.931200384995
9045,45.99144224667475,340.8999999999719,5035.024447795948
9046,45.99144224667475,340.9199999999719,5035.117691855531
9047,45.99144224667475,340.93999999997186,5035.210932563439
9048,45.99144224667475,340.95999999997184,5035.304169919365
9049,45.99144224667475,340.9799999999718,5035.3974039230025
9050,45.99144224667475,340.9999999999718,5035.490634574044
9051,45.99144224667475,341.0199999999718,5035.583861872183
9052,45.99144224667475,341.03999999997177,5035.677085817113
9053,45.99144224667475,341.05999999997175,5035.770306408528
9054,45.99144224667475,341.07999999997173,5035.863523646121
9055,45.99144224667475,341.0999999999717,5035.956737529586
9056,45.99144224667475,341.1199999999717,5036.049948058615
9057,45.99144224667475,341.1399999999717,5036.143155232902
9058,45.99144224667475,341.15999999997166,5036.236359052142
9059,45.99144224667475,341.17999999997164,5036.329559516026
9060,45.99144224667475,341.1999999999716,5036.422756624249
9061,45.99144224667475,341.2199999999716,5036.5159503765035
9062,45.99144224667475,341.2399999999716,5036.609140772483
9063,45.99144224667475,341.25999999997157,5036.702327811883
9064,45.99144224667475,341.27999999997155,5036.795511494395
9065,45.99144224667475,341.29999999997153,5036.888691819713
9066,45.99144224667475,341.3199999999715,5036.98186878753
9067,45.99144224667475,341.3399999999715,5037.0750423975405
9068,45.99144224667475,341.3599999999715,5037.168212649437
9069,45.99144224667475,341.37999999997146,5037.261379542913
9070,45.99144224667475,341.39999999997144,5037.354543077663
9071,45.99144224667475,341.4199999999714,5037.44770325338
9072,45.99144224667475,341.4399999999714,5037.5408600697565
9073,45.99144224667475,341.4599999999714,5037.634013526487
9074,45.99144224667475,341.47999999997137,5037.727163623265
9075,45.99144224667475,341.49999999997135,5037.820310359784
9076,45.99144224667475,341.51999999997133,5037.913453735738
9077,45.99144224667475,341.5399999999713,5038.006593750819
9078,45.99144224667475,341.5599999999713,5038.099730404722
9079,45.91544392547463,341.5799999999713,5038.192863697141
9080,45.91544392547463,341.59999999997126,5038.285993627767
9081,45.91544392547463,341.61999999997124,5038.379120196297
9082,45.91544392547463,341.6399999999712,5038.472243402422
9083,45.91544392547463,341.6599999999712,5038.565363245836
9084,45.91544392547463,341.6799999999712,5038.658479726234
9085,45.91544392547463,341.69999999997117,5038.751592843309
9086,45.91544392547463,341.71999999997115,5038.844702596753
9087,45.91544392547463,341.73999999997113,5038.937808986262
9088,45.91544392547463,341.7599999999711,5039.030912011528
9089,45.91544392547463,341.7799999999711,5039.124011672281
9090,45.91544392547463,341.7999999999711,5039.217107982325
9091,45.91544392547463,341.81999999997106,5039.310200955135
9092,45.91544392547463,341.83999999997104,5039.403290590409
9093,45.91544392547463,341.859999999971,5039.496376887844
9094,45.91544392547463,341.879999999971,5039.589459847139
9095,45.91544392547463,341.899999999971,5039.68253946799
9096,45.91544392547463,341.91999999997097,5039.775615750095
9097,45.91544392547463,341.93999999997095,5039.868688693153
9098,45.91544392547463,341.95999999997093,5039.96175829686
9099,45.91544392547463,341.9799999999709,5040.054824560971
9100,45.91544392547463,341.9999999999709,5040.147887485455
9101,45.91544392547463,342.0199999999709,5040.240947070037
9102,45.91544392547463,342.03999999997086,5040.334003314416
9103,45.91544392547463,342.05999999997084,5040.427056218293
9104,45.91544392547463,342.0799999999708,5040.520105781367
9105,45.91544392547463,342.0999999999708,5040.61315200334
9106,45.91544392547463,342.1199999999708,5040.706194883908
9107,45.91544392547463,342.13999999997077,5040.799234422774
9108,45.91544392547463,342.15999999997075,5040.892270619637
9109,45.91544392547463,342.17999999997073,5040.985303474197
9110,45.91544392547463,342.1999999999707,5041.078332986154
9111,45.91544392547463,342.2199999999707,5041.171359155208
9112,45.91544392547463,342.2399999999707,5041.264381981059
9113,45.91544392547463,342.25999999997066,5041.357401463407
9114,45.91544392547463,342.27999999997064,5041.450417601951
9115,45.91544392547463,342.2999999999706,5041.543430396392
9116,45.91544392547463,342.3199999999706,5041.636439846429
9117,45.91544392547463,342.3399999999706,5041.729445951763
9118,45.91544392547463,342.35999999997057,5041.822448712094
9119,45.91544392547463,342.37999999997055,5041.915448127122
9120,45.91544392547463,342.39999999997053,5042.0084441965455
9121,45.91544392547463,342.4199999999705,5042.101436920066
9122,45.91544392547463,342.4399999999705,5042.194426297382
9123,45.91544392547463,342.4599999999705,5042.287412328195
9124,45.91544392547463,342.47999999997046,5042.380395012206
9125,45.91544392547463,342.49999999997044,5042.4733743491115
9126,45.91544392547463,342.5199999999704,5042.566350338614
9127,45.91544392547463,342.5399999999704,5042.659322980413
9128,45.91544392547463,342.5599999999704,5042.752292274209
9129,45.91544392547463,342.57999999997037,5042.8452582197015
9130,45.91544392547463,342.59999999997035,5042.938220816591
9131,45.91544392547463,342.61999999997033,5043.031180064577
9132,45.91544392547463,342.6399999999703,5043.12413596336
9133,45.91544392547463,342.6599999999703,5043.217088512639
9134,45.91544392547463,342.6799999999703,5043.310037712115
9135,45.91544392547463,342.69999999997026,5043.402983561489
9136,45.91544392547463,342.71999999997024,5043.49592606046
9137,45.91544392547463,342.7399999999702,5043.588865208728
9138,45.91544392547463,342.7599999999702,5043.681801005993
9139,45.91544392547463,342.7799999999702,5043.774733451955
9140,45.91544392547463,342.79999999997017,5043.867662546682
9141,45.91544392547463,342.81999999997015,5043.960588305347
9142,45.91544392547463,342.83999999997013,5044.053510739816
9143,45.91544392547463,342.8599999999701,5044.146429849786
9144,45.91544392547463,342.8799999999701,5044.23934563495
9145,45.91544392547463,342.8999999999701,5044.332258095006
9146,45.91544392547463,342.91999999997006,5044.425167229649
9147,45.91544392547463,342.93999999997004,5044.518073038574
9148,45.91544392547463,342.95999999997,5044.6109755214775
9149,45.91544392547463,342.97999999997,5044.7038746780545
9150,45.91544392547463,342.99999999997,5044.796770508001
9151,45.91544392547463,343.01999999996997,5044.889663011013
9152,45.91544392547463,343.03999999996995,5044.982552186786
9153,45.91544392547463,343.05999999996993,5045.075438035015
9154,45.91544392547463,343.0799999999699,5045.168320555397
9155,45.91544392547463,343.0999999999699,5045.261199747627
9156,45.91544392547463,343.1199999999699,5045.354075611401
9157,45.91544392547463,343.13999999996986,5045.446948146414
9158,45.91544392547463,343.15999999996984,5045.539817352363
9159,45.91544392547463,343.1799999999698,5045.632683228942
9160,45.91544392547463,343.1999999999698,5045.725545775848
9161,45.91544392547463,343.2199999999698,5045.818404992777
9162,45.91544392547463,343.23999999996977,5045.911260879424
9163,45.91544392547463,343.25999999996975,5046.004113435484
9164,45.91544392547463,343.27999999996973,5046.096962660655
9165,45.91544392547463,343.2999999999697,5046.189808554631
9166,45.91544392547463,343.3199999999697,5046.282651117108
9167,45.91544392547463,343.3399999999697,5046.375490347782
9168,45.91544392547463,343.35999999996966,5046.468326246349
9169,45.91544392547463,343.37999999996964,5046.561158812504
9170,45.91544392547463,343.3999999999696,5046.653988045944
9171,45.91544392547463,343.4199999999696,5046.7468139463645
9172,45.91544392547463,343.4399999999696,5046.83963651346
9173,45.91544392547463,343.45999999996957,5046.932455746929
9174,45.91544392547463,343.47999999996955,5047.025271646465
9175,45.91544392547463,343.49999999996953,5047.118084211764
9176,45.91544392547463,343.5199999999695,5047.210893442522
9177,45.91544392547463,343.5399999999695,5047.303699338437
9178,45.91544392547463,343.5599999999695,5047.396501899201
9179,45.91544392547463,343.57999999996946,5047.489301124513
9180,45.91544392547463,343.59999999996944,5047.582097014068
9181,45.91544392547463,343.6199999999694,5047.674889567561
9182,45.91544392547463,343.6399999999694,5047.7676787846885
9183,45.91544392547463,343.6599999999694,5047.8604646651465
9184,45.91544392547463,343.67999999996937,5047.953247208631
9185,45.91544392547463,343.69999999996935,5048.046026414838
9186,45.91544392547463,343.71999999996933,5048.138802283463
9187,45.91544392547463,343.7399999999693,5048.231574814201
9188,45.91544392547463,343.7599999999693,5048.324344006749
9189,45.91544392547463,343.7799999999693,5048.417109860803
9190,45.91544392547463,343.79999999996926,5048.509872376059
9191,45.91544392547463,343.81999999996924,5048.60263155292
9192,45.91544392547463,343.8399999999692,5048.695387408094
9193,45.91544392547463,343.8599999999692,5048.788139951938
9194,45.91544392547463,343.8799999999692,5048.880889184156
9195,45.83965467899657,343.89999999996917,5048.973635104451
9196,45.83965467899657,343.91999999996915,5049.0663777125255
9197,45.83965467899657,343.93999999996913,5049.159117008082
9198,45.83965467899657,343.9599999999691,5049.251852990824
9199,45.83965467899657,343.9799999999691,5049.344585660454
9200,45.83965467899657,343.9999999999691,5049.437315016676
9201,45.83965467899657,344.01999999996906,5049.530041059192
9202,45.83965467899657,344.03999999996904,5049.622763787705
9203,45.83965467899657,344.059999999969,5049.715483201918
9204,45.83965467899657,344.079999999969,5049.808199301534
9205,45.83965467899657,344.099999999969,5049.9009120862565
9206,45.83965467899657,344.11999999996897,5049.993621555788
9207,45.83965467899657,344.13999999996895,5050.086327710017
9208,45.83965467899657,344.15999999996893,5050.179030548873
9209,45.83965467899657,344.1799999999689,5050.271730072062
9210,45.83965467899657,344.1999999999689,5050.364426279287
9211,45.83965467899657,344.2199999999689,5050.457119170247
9212,45.83965467899657,344.23999999996886,5050.549808744645
9213,45.83965467899657,344.25999999996884,5050.642495002182
9214,45.83965467899657,344.2799999999688,5050.735177942559
9215,45.83965467899657,344.2999999999688,5050.827857565478
9216,45.83965467899657,344.3199999999688,5050.920533870639
9217,45.83965467899657,344.33999999996877,5051.013206857745
9218,45.83965467899657,344.35999999996875,5051.105876526497
9219,45.83965467899657,344.37999999996873,5051.198542876596
9220,45.83965467899657,344.3999999999687,5051.2912059077435
9221,45.83965467899657,344.4199999999687,5051.383865619641
9222,45.83965467899657,344.4399999999687,5051.476522011991
9223,45.83965467899657,344.45999999996866,5051.569175084493
9224,45.83965467899657,344.47999999996864,5051.661824836849
9225,45.83965467899657,344.4999999999686,5051.75447126876
9226,45.83965467899657,344.5199999999686,5051.84711437993
9227,45.83965467899657,344.5399999999686,5051.939754170058
9228,45.83965467899657,344.55999999996857,5052.032390638847
9229,45.83965467899657,344.57999999996855,5052.125023785997
9230,45.83965467899657,344.59999999996853,5052.21765361121
9231,45.83965467899657,344.6199999999685,5052.310280114189
9232,45.83965467899657,344.6399999999685,5052.402903294633
9233,45.83965467899657,344.6599999999685,5052.4955231522445
9234,45.83965467899657,344.67999999996846,5052.588139686725
9235,45.83965467899657,344.69999999996844,5052.680752897777
9236,45.83965467899657,344.7199999999684,5052.773362785101
9237,45.83965467899657,344.7399999999684,5052.865969348399
9238,45.83965467899657,344.7599999999684,5052.958572587371
9239,45.83965467899657,344.77999999996837,5053.05117250172
9240,45.83965467899657,344.79999999996835,5053.143769091148
9241,45.83965467899657,344.81999999996833,5053.236362355356
9242,45.83965467899657,344.8399999999683,5053.328952295045
9243,45.83965467899657,344.8599999999683,5053.421538927566
9244,45.83965467899657,344.8799999999683,5053.514122261256
9245,45.83965467899657,344.89999999996826,5053.606702295817
9246,45.83965467899657,344.91999999996824,5053.699279030954
9247,45.83965467899657,344.9399999999682,5053.79185246637
9248,45.83965467899657,344.9599999999682,5053.884422601769
9249,45.83965467899657,344.9799999999682,5053.976989436854
9250,45.83965467899657,344.99999999996817,5054.0695529713275
9251,45.83965467899657,345.01999999996815,5054.162113204893
9252,45.83965467899657,345.03999999996813,5054.254670137255
9253,45.83965467899657,345.0599999999681,5054.347223768115
9254,45.83965467899657,345.0799999999681,5054.439774097179
9255,45.83965467899657,345.0999999999681,5054.532321124148
9256,45.83965467899657,345.11999999996806,5054.624864848727
9257,45.83965467899657,345.13999999996804,5054.717405270619
9258,45.83965467899657,345.159999999968,5054.8099423895255
9259,45.83965467899657,345.179999999968,5054.902476205152
9260,45.83965467899657,345.199999999968,5054.995006717202
9261,45.83965467899657,345.21999999996797,5055.087533925378
9262,45.83965467899657,345.23999999996795,5055.180057829383
9263,45.83965467899657,345.25999999996793,5055.272578428922
9264,45.83965467899657,345.2799999999679,5055.365095723698
9265,45.83965467899657,345.2999999999679,5055.457609713413
9266,45.83965467899657,345.3199999999679,5055.550120397772
9267,45.83965467899657,345.33999999996786,5055.642627776478
9268,45.83965467899657,345.35999999996784,5055.735131849234
9269,45.83965467899657,345.3799999999678,5055.827632615744
9270,45.83965467899657,345.3999999999678,5055.920130075711
9271,45.83965467899657,345.4199999999678,5056.012624228839
9272,45.83965467899657,345.43999999996777,5056.105115074831
9273,45.83965467899657,345.45999999996775,5056.197602613391
9274,45.83965467899657,345.47999999996773,5056.290086844222
9275,45.83965467899657,345.4999999999677,5056.382567767028
9276,45.83965467899657,345.5199999999677,5056.475045381512
9277,45.83965467899657,345.5399999999677,5056.567519687378
9278,45.83965467899657,345.55999999996766,5056.659990684329
9279,45.83965467899657,345.57999999996764,5056.75245837207
9280,45.83965467899657,345.5999999999676,5056.8449227503015
9281,45.83965467899657,345.6199999999676,5056.937383818729
9282,45.83965467899657,345.6399999999676,5057.029841577057
9283,45.83965467899657,345.65999999996757,5057.122296024987
9284,45.83965467899657,345.67999999996755,5057.214747162224
9285,45.83965467899657,345.69999999996753,5057.307194988471
9286,45.83965467899657,345.7199999999675,5057.399639503431
9287,45.83965467899657,345.7399999999675,5057.492080706808
9288,45.83965467899657,345.7599999999675,5057.584518598306
9289,45.83965467899657,345.77999999996746,5057.676953177629
9290,45.83965467899657,345.79999999996744,5057.769384444479
9291,45.83965467899657,345.8199999999674,5057.861812398562
9292,45.83965467899657,345.8399999999674,5057.954237039578
9293,45.83965467899657,345.8599999999674,5058.0466583685975
9294,45.83965467899657,345.87999999996737,5058.139076404838
9295,45.83965467899657,345.89999999996735,5058.231491155249
9296,45.83965467899657,345.91999999996733,5058.323902619536
9297,45.83965467899657,345.9399999999673,5058.416310797405
9298,45.83965467899657,345.9599999999673,5058.508715688561
9299,45.83965467899657,345.9799999999673,5058.601117292712
9300,45.83965467899657,345.99999999996726,5058.693515609562
9301,45.83965467899657,346.01999999996724,5058.785910638819
9302,45.83965467899657,346.0399999999672,5058.878302380186
9303,45.83965467899657,346.0599999999672,5058.970690833371
9304,45.83965467899657,346.0799999999672,5059.0630759980795
9305,45.83965467899657,346.09999999996717,5059.155457874018
9306,45.83965467899657,346.11999999996715,5059.247836460891
9307,45.83965467899657,346.13999999996713,5059.340211758406
9308,45.83965467899657,346.1599999999671,5059.432583766269
9309,45.83965467899657,346.1799999999671,5059.524952484186
9310,45.83965467899657,346.1999999999671,5059.617317911861
9311,45.76407370288246,346.21999999996706,5059.709680049003
9312,45.76407370288246,346.23999999996704,5059.8020388953155
9313,45.76407370288246,346.259999999967,5059.894394450505
9314,45.76407370288246,346.279999999967,5059.9867467142785
9315,45.83965467899657,346.299999999967,5060.079095686462
9316,45.83965467899657,346.31999999996697,5060.171441366951
9317,45.83965467899657,346.33999999996695,5060.263783755457
9318,45.76407370288246,346.35999999996693,5060.356122851686
9319,45.76407370288246,346.3799999999669,5060.448458655345
9320,45.76407370288246,346.3999999999669,5060.540791166139
9321,45.76407370288246,346.4199999999669,5060.633120383773
9322,45.76407370288246,346.43999999996686,5060.725446307953
9323,45.76407370288246,346.45999999996684,5060.817768938384
9324,45.76407370288246,346.4799999999668,5060.9100882747725
9325,45.76407370288246,346.4999999999668,5061.002404316824
9326,45.76407370288246,346.5199999999668,5061.094717064244
9327,45.76407370288246,346.53999999996677,5061.187026516737
9328,45.76407370288246,346.55999999996675,5061.27933267401
9329,45.76407370288246,346.57999999996673,5061.371635535768
9330,45.76407370288246,346.5999999999667,5061.463935101718
9331,45.76407370288246,346.6199999999667,5061.556231371564
9332,45.76407370288246,346.6399999999667,5061.6485243450115
9333,45.76407370288246,346.65999999996666,5061.740814021767
9334,45.76407370288246,346.67999999996664,5061.833100401535
9335,45.76407370288246,346.6999999999666,5061.925383484024
9336,45.76407370288246,346.7199999999666,5062.017663268936
9337,45.76407370288246,346.7399999999666,5062.109939755979
9338,45.76407370288246,346.75999999996657,5062.202212944859
9339,45.76407370288246,346.77999999996655,5062.29448283528
9340,45.76407370288246,346.79999999996653,5062.386749426949
9341,45.76407370288246,346.8199999999665,5062.479012719571
9342,45.76407370288246,346.8399999999665,5062.571272712852
9343,45.76407370288246,346.8599999999665,5062.663529406498
9344,45.76407370288246,346.87999999996646,5062.755782801836
9345,45.76407370288246,346.89999999996644,5062.848032918518
9346,45.76407370288246,346.9199999999664,5062.940279761593
9347,45.76407370288246,346.9399999999664,5063.032523330769
9348,45.76407370288246,346.9599999999664,5063.124763625754
9349,45.76407370288246,346.97999999996637,5063.217000646254
9350,45.76407370288246,346.99999999996635,5063.309234391975
9351,45.76407370288246,347.01999999996633,5063.401464862626
9352,45.76407370288246,347.0399999999663,5063.493692057913
9353,45.76407370288246,347.0599999999663,5063.585915977543
9354,45.76407370288246,347.0799999999663,5063.678136621223
9355,45.76407370288246,347.09999999996626,5063.770353988659
9356,45.76407370288246,347.11999999996624,5063.862568079559
9357,45.76407370288246,347.1399999999662,5063.954778893631
9358,45.76407370288246,347.1599999999662,5064.04698643058
9359,45.76407370288246,347.1799999999662,5064.1391906901135
9360,45.76407370288246,347.19999999996617,5064.2313916719395
9361,45.76407370288246,347.21999999996615,5064.323589375765
9362,45.76407370288246,347.23999999996613,5064.415783801296
9363,45.76407370288246,347.2599999999661,5064.50797494824
9364,45.76407370288246,347.2799999999661,5064.600162816304
9365,45.76407370288246,347.2999999999661,5064.6923474051955
9366,45.76407370288246,347.31999999996606,5064.784528714621
9367,45.76407370288246,347.33999999996604,5064.876706744288
9368,45.76407370288246,347.359999999966,5064.968881493903
9369,45.76407370288246,347.379999999966,5065.061052963173
9370,45.76407370288246,347.399999999966,5065.153221151806
9371,45.76407370288246,347.41999999996597,5065.245386059509
9372,45.76407370288246,347.43999999996595,5065.337547685987
9373,45.76407370288246,347.45999999996593,5065.42970603095
9374,45.76407370288246,347.4799999999659,5065.521861094104
9375,45.76407370288246,347.4999999999659,5065.614012875155
9376,45.76407370288246,347.5199999999659,5065.7061613738115
9377,45.76407370288246,347.53999999996586,5065.79830658978
9378,45.76407370288246,347.55999999996584,5065.890448522768
9379,45.76407370288246,347.5799999999658,5065.9825871724815
9380,45.76407370288246,347.5999999999658,5066.074722538629
9381,45.76407370288246,347.6199999999658,5066.166854620918
9382,45.76407370288246,347.63999999996577,5066.258983419054
9383,45.76407370288246,347.65999999996575,5066.351108932745
9384,45.76407370288246,347.67999999996573,5066.443231161697
9385,45.76407370288246,347.6999999999657,5066.53535010562
9386,45.76407370288246,347.7199999999657,5066.627465764219
9387,45.76407370288246,347.7399999999657,5066.719578137201
9388,45.76407370288246,347.75999999996566,5066.8116872242745
9389,45.76407370288246,347.77999999996564,5066.903793025145
9390,45.76407370288246,347.7999999999656,5066.995895539521
9391,45.76407370288246,347.8199999999656,5067.08799476711
9392,45.76407370288246,347.8399999999656,5067.180090707619
9393,45.76407370288246,347.85999999996557,5067.272183360753
9394,45.76407370288246,347.87999999996555,5067.364272726221
9395,45.76407370288246,347.89999999996553,5067.456358805726
9396,45.76407370288246,347.9199999999655,5067.5484416208
9397,45.76407370288246,347.9399999999655,5067.640521175015
9398,45.76407370288246,347.9599999999655,5067.732597468081
9399,45.76407370288246,347.97999999996546,5067.824670499705
9400,45.76407370288246,347.99999999996544,5067.916740269595
9401,45.76407370288246,348.0199999999654,5068.00880677746
9402,45.76407370288246,348.0399999999654,5068.1008700230095
9403,45.76407370288246,348.0599999999654,5068.19293000595
9404,45.76407370288246,348.07999999996537,5068.284986725991
9405,45.76407370288246,348.09999999996535,5068.377040182841
9406,45.76407370288246,348.11999999996533,5068.4690903762075
9407,45.76407370288246,348.1399999999653,5068.5611373058
9408,45.76407370288246,348.1599999999653,5068.653180971326
9409,45.76407370288246,348.1799999999653,5068.745221372495
9410,45.76407370288246,348.19999999996526,5068.837258509014
9411,45.76407370288246,348.21999999996524,5068.929292380592
9412,45.76407370288246,348.2399999999652,5069.021322986939
9413,45.76407370288246,348.2599999999652,5069.113350327761
9414,45.76407370288246,348.2799999999652,5069.205374402767
9415,45.76407370288246,348.29999999996517,5069.297395211666
9416,45.76407370288246,348.31999999996515,5069.389412754167
9417,45.76407370288246,348.33999999996513,5069.481427029978
9418,45.76407370288246,348.3599999999651,5069.573438038806
9419,45.76407370288246,348.3799999999651,5069.665445780361
9420,45.76407370288246,348.3999999999651,5069.757450254351
9421,45.76407370288246,348.41999999996506,5069.849451460485
9422,45.76407370288246,348.43999999996504,5069.941449398471
9423,45.76407370288246,348.459999999965,5070.033444068031
9424,45.76407370288246,348.479999999965,5070.125435469021
9425,45.76407370288246,348.499999999965,5070.217423601189
9426,45.76407370288246,348.51999999996497,5070.309408464243
9427,45.76407370288246,348.53999999996495,5070.40139005789
9428,45.76407370288246,348.55999999996493,5070.493368381841
9429,45.76407370288246,348.5799999999649,5070.585343435801
9430,45.76407370288246,348.5999999999649,5070.67731521948
9431,45.76407370288246,348.6199999999649,5070.769283732585
9432,45.76407370288246,348.63999999996486,5070.861248974824
9433,45.76407370288246,348.65999999996484,5070.953210945904
9434,45.76407370288246,348.6799999999648,5071.045169645535
9435,45.68870019674859,348.6999999999648,5071.137125073424
9436,45.68870019674859,348.7199999999648,5071.229077229279
9437,45.68870019674859,348.73999999996477,5071.321026112809
9438,45.68870019674859,348.75999999996475,5071.41297172372
9439,45.68870019674859,348.77999999996473,5071.504914061722
9440,45.68870019674859,348.7999999999647,5071.596853126523
9441,45.68870019674859,348.8199999999647,5071.68878891783
9442,45.68870019674859,348.8399999999647,5071.780721435351
9443,45.68870019674859,348.85999999996466,5071.872650678794
9444,45.68870019674859,348.87999999996464,5071.964576647869
9445,45.68870019674859,348.8999999999646,5072.056499342282
9446,45.68870019674859,348.9199999999646,5072.148418764026
9447,45.68870019674859,348.9399999999646,5072.2403349348815
9448,45.68870019674859,348.95999999996457,5072.332247856759
9449,45.68870019674859,348.97999999996455,5072.424157529372
9450,45.68870019674859,348.99999999996453,5072.516063952434
9451,45.68870019674859,349.0199999999645,5072.607967125658
9452,45.68870019674859,349.0399999999645,5072.699867048758
9453,45.68870019674859,349.0599999999645,5072.791763721447
9454,45.68870019674859,349.07999999996446,5072.883657143437
9455,45.68870019674859,349.09999999996444,5072.975547314441
9456,45.68870019674859,349.1199999999644,5073.0674342341745
9457,45.68870019674859,349.1399999999644,5073.159317902349
9458,45.68870019674859,349.1599999999644,5073.251198318679
9459,45.68870019674859,349.17999999996437,5073.343075482876
9460,45.68870019674859,349.19999999996435,5073.434949394655
9461,45.68870019674859,349.21999999996433,5073.5268200537275
9462,45.68870019674859,349.2399999999643,5073.618687459808
9463,45.68870019674859,349.2599999999643,5073.710551612609
9464,45.68870019674859,349.2799999999643,5073.8024125118445
9465,45.68870019674859,349.29999999996426,5073.894270157227
9466,45.68870019674859,349.31999999996424,5073.98612454847
9467,45.68870019674859,349.3399999999642,5074.077975685287
9468,45.68870019674859,349.3599999999642,5074.169823567392
9469,45.68870019674859,349.3799999999642,5074.261668194497
9470,45.68870019674859,349.39999999996417,5074.3535095663165
9471,45.68870019674859,349.41999999996415,5074.445347682563
9472,45.68870019674859,349.43999999996413,5074.537182542949
9473,45.68870019674859,349.4599999999641,5074.62901414719
9474,45.68870019674859,349.4799999999641,5074.720842494998
9475,45.68870019674859,349.4999999999641,5074.812667586086
9476,45.68870019674859,349.51999999996406,5074.904489420167
9477,45.68870019674859,349.53999999996404,5074.996307996956
9478,45.68870019674859,349.559999999964,5075.0881233161645
9479,45.68870019674859,349.579999999964,5075.179935377507
9480,45.68870019674859,349.599999999964,5075.271744180697
9481,45.68870019674859,349.61999999996397,5075.363549725447
9482,45.68870019674859,349.63999999996395,5075.455352011471
9483,45.68870019674859,349.65999999996393,5075.547151038483
9484,45.68870019674859,349.6799999999639,5075.638946806195
9485,45.68870019674859,349.6999999999639,5075.730739314321
9486,45.68870019674859,349.7199999999639,5075.822528562574
9487,45.68870019674859,349.73999999996386,5075.914314550668
9488,45.68870019674859,349.75999999996384,5076.006097278316
9489,45.68870019674859,349.7799999999638,5076.097876745232
9490,45.68870019674859,349.7999999999638,5076.189652951129
9491,45.68870019674859,349.8199999999638,5076.28142589572
9492,45.68870019674859,349.83999999996377,5076.373195578719
9493,45.68870019674859,349.85999999996375,5076.464961999839
9494,45.68870019674859,349.87999999996373,5076.556725158794
9495,45.68870019674859,349.8999999999637,5076.648485055296
9496,45.68870019674859,349.9199999999637,5076.740241689061
9497,45.68870019674859,349.9399999999637,5076.831995063721
9498,45.68870019674859,349.95999999996366,5076.923745200186
9499,45.68870019674859,349.97999999996364,5077.0154921000885
9500,45.68870019674859,349.9999999999636,5077.107235763137
9501,45.68870019674859,350.0199999999636,5077.198976189044
9502,45.68870019674859,350.0399999999636,5077.290713377517
9503,45.68870019674859,350.05999999996357,5077.3824473282675
9504,45.68870019674859,350.07999999996355,5077.474178041006
9505,45.68870019674859,350.09999999996353,5077.565905515442
9506,45.68870019674859,350.1199999999635,5077.657629751287
9507,45.68870019674859,350.1399999999635,5077.7493507482495
9508,45.68870019674859,350.1599999999635,5077.841068506042
9509,45.68870019674859,350.17999999996346,5077.932783024373
9510,45.68870019674859,350.19999999996344,5078.024494302953
9511,45.68870019674859,350.2199999999634,5078.116202341494
9512,45.68870019674859,350.2399999999634,5078.207907139704
9513,45.68870019674859,350.2599999999634,5078.299608697294
9514,45.68870019674859,350.27999999996337,5078.391307013976
9515,45.68870019674859,350.29999999996335,5078.483002089459
9516,45.68870019674859,350.31999999996333,5078.574693923453
9517,45.68870019674859,350.3399999999633,5078.666382515669
9518,45.68870019674859,350.3599999999633,5078.758067865818
9519,45.68870019674859,350.3799999999633,5078.849749973609
9520,45.68870019674859,350.39999999996326,5078.9414288387525
9521,45.68870019674859,350.41999999996324,5079.033104460959
9522,45.68870019674859,350.4399999999632,5079.12477683994
9523,45.68870019674859,350.4599999999632,5079.216445975404
9524,45.68870019674859,350.4799999999632,5079.3081118670625
9525,45.68870019674859,350.49999999996317,5079.399774514626
9526,45.68870019674859,350.51999999996315,5079.491433917805
9527,45.68870019674859,350.53999999996313,5079.583090076309
9528,45.68870019674859,350.5599999999631,5079.67474298985
9529,45.68870019674859,350.5799999999631,5079.766392658136
9530,45.68870019674859,350.5999999999631,5079.85803908088
9531,45.68870019674859,350.61999999996306,5079.949682257791
9532,45.68870019674859,350.63999999996304,5080.041322188606
9533,45.68870019674859,350.659999999963,5080.1329588733115
9534,45.68870019674859,350.679999999963,5080.224592311664
9535,45.68870019674859,350.699999999963,5080.316222503377
9536,45.68870019674859,350.71999999996297,5080.407849448162
9537,45.68870019674859,350.73999999996295,5080.499473145734
9538,45.68870019674859,350.75999999996293,5080.591093595804
9539,45.68870019674859,350.7799999999629,5080.682710798085
9540,45.68870019674859,350.7999999999629,5080.774324752292
9541,45.68870019674859,350.8199999999629,5080.865935458137
9542,45.68870019674859,350.83999999996286,5080.957542915332
9543,45.68870019674859,350.85999999996284,5081.04914712359
9544,45.68870019674859,350.8799999999628,5081.140748082626
9545,45.68870019674859,350.8999999999628,5081.23234579215
9546,45.68870019674859,350.9199999999628,5081.3239402518775
9547,45.68870019674859,350.93999999996277,5081.41553146152
9548,45.68870019674859,350.95999999996275,5081.507119426338
9549,45.68870019674859,350.97999999996273,5081.598704166086
9550,45.68870019674859,350.9999999999627,5081.690285682087
9551,45.68870019674859,351.0199999999627,5081.781863974058
9552,45.68870019674859,351.0399999999627,5081.873439041713
9553,45.61353336416156,351.05999999996266,5081.965010884766
9554,45.61353336416156,351.07999999996264,5082.056579502933
9555,45.61353336416156,351.0999999999626,5082.148144895929
9556,45.61353336416156,351.1199999999626,5082.239707063469
9557,45.61353336416156,351.1399999999626,5082.331266005267
9558,45.61353336416156,351.15999999996257,5082.422821721038
9559,45.61353336416156,351.17999999996255,5082.514374210498
9560,45.61353336416156,351.19999999996253,5082.605923473361
9561,45.61353336416156,351.2199999999625,5082.697469509342
9562,45.61353336416156,351.2399999999625,5082.789012318157
9563,45.61353336416156,351.2599999999625,5082.88055189952
9564,45.61353336416156,351.27999999996246,5082.972088253146
9565,45.61353336416156,351.29999999996244,5083.063621378749
9566,45.61353336416156,351.3199999999624,5083.155151276046
9567,45.61353336416156,351.3399999999624,5083.246677944751
9568,45.61353336416156,351.3599999999624,5083.338201384579
9569,45.61353336416156,351.37999999996237,5083.429721595246
9570,45.61353336416156,351.39999999996235,5083.521238576464
9571,45.61353336416156,351.41999999996233,5083.612752327951
9572,45.61353336416156,351.4399999999623,5083.704262849421
9573,45.61353336416156,351.4599999999623,5083.795770140589
9574,45.61353336416156,351.4799999999623,5083.887274201171
9575,45.61353336416156,351.49999999996226,5083.97877503088
9576,45.61353336416156,351.51999999996224,5084.070272629432
9577,45.61353336416156,351.5399999999622,5084.161766996543
9578,45.61353336416156,351.5599999999622,5084.2532581319265
9579,45.61353336416156,351.5799999999622,5084.344746035298
9580,45.61353336416156,351.59999999996217,5084.436230706373
9581,45.61353336416156,351.61999999996215,5084.527712144866
9582,45.61353336416156,351.63999999996213,5084.619190350493
9583,45.61353336416156,351.6599999999621,5084.710665322968
9584,45.61353336416156,351.6799999999621,5084.802137062007
9585,45.61353336416156,351.6999999999621,5084.893605567325
9586,45.61353336416156,351.71999999996206,5084.985070838636
9587,45.61353336416156,351.73999999996204,5085.076532875655
9588,45.61353336416156,351.759999999962,5085.167991678099
9589,45.61353336416156,351.779999999962,5085.259447245681
9590,45.61353336416156,351.799999999962,5085.350899578118
9591,45.61353336416156,351.81999999996196,5085.442348675124
9592,45.61353336416156,351.83999999996195,5085.5337945364145
9593,45.61353336416156,351.85999999996193,5085.625237161704
9594,45.61353336416156,351.8799999999619,5085.716676550708
9595,45.61353336416156,351.8999999999619,5085.808112703142
9596,45.61353336416156,351.9199999999619,5085.89954561872
9597,45.61353336416156,351.93999999996186,5085.990975297159
9598,45.61353336416156,351.95999999996184,5086.082401738173
9599,45.61353336416156,351.9799999999618,5086.173824948346
9600,45.61353336416156,351.9999999999618,5086.26524494541
9601,45.61353336416156,352.0199999999618,5086.356661730319
9602,45.61353336416156,352.03999999996176,5086.448075302787
9603,45.61353336416156,352.05999999996175,5086.539485662532
9604,45.61353336416156,352.07999999996173,5086.630892809268
9605,45.61353336416156,352.0999999999617,5086.72229674271
9606,45.61353336416156,352.1199999999617,5086.813697462574
9607,45.61353336416156,352.1399999999617,5086.905094968576
9608,45.61353336416156,352.15999999996166,5086.996489260432
9609,45.61353336416156,352.17999999996164,5087.087880337856
9610,45.61353336416156,352.1999999999616,5087.179268200565
9611,45.61353336416156,352.2199999999616,5087.270652848273
9612,45.61353336416156,352.2399999999616,5087.362034280697
9613,45.61353336416156,352.25999999996156,5087.453412497552
9614,45.61353336416156,352.27999999996155,5087.544787498552
9615,45.61353336416156,352.2999999999615,5087.636159283415
9616,45.61353336416156,352.3199999999615,5087.727527851855
9617,45.61353336416156,352.3399999999615,5087.818893203587
9618,45.61353336416156,352.3599999999615,5087.910255338329
9619,45.61353336416156,352.37999999996146,5088.001614255795
9620,45.61353336416156,352.39999999996144,5088.092969955701
9621,45.61353336416156,352.4199999999614,5088.184322437762
9622,45.61353336416156,352.4399999999614,5088.275671701693
9623,45.61353336416156,352.4599999999614,5088.36701774721
9624,45.61353336416156,352.47999999996136,5088.45836057403
9625,45.61353336416156,352.49999999996135,5088.549700181868
9626,45.61353336416156,352.5199999999613,5088.641036570439
9627,45.61353336416156,352.5399999999613,5088.732369739459
9628,45.61353336416156,352.5599999999613,5088.823699688643
9629,45.61353336416156,352.5799999999613,5088.915026417707
9630,45.61353336416156,352.59999999996126,5089.006349926367
9631,45.61353336416156,352.61999999996124,5089.097670214338
9632,45.61353336416156,352.6399999999612,5089.188987281336
9633,45.61353336416156,352.6599999999612,5089.280301127077
9634,45.61353336416156,352.6799999999612,5089.371611751276
9635,45.61353336416156,352.69999999996116,5089.462919153649
9636,45.61353336416156,352.71999999996115,5089.554223333911
9637,45.61353336416156,352.7399999999611,5089.645524291778
9638,45.61353336416156,352.7599999999611,5089.736822026966
9639,45.61353336416156,352.7799999999611,5089.828116539191
9640,45.61353336416156,352.7999999999611,5089.919407828168
9641,45.61353336416156,352.81999999996106,5090.010695893618
9642,45.61353336416156,352.83999999996104,5090.101980735403
9643,45.61353336416156,352.859999999961,5090.193262353345
9644,45.61353336416156,352.879999999961,5090.284540747159
9645,45.61353336416156,352.899999999961,5090.375815916563
9646,45.61353336416156,352.91999999996096,5090.467087861274
9647,45.61353336416156,352.93999999996095,5090.55835658101
9648,45.61353336416156,352.9599999999609,5090.649622075488
9649,45.61353336416156,352.9799999999609,5090.740884344425
9650,45.61353336416156,352.9999999999609,5090.832143396206
9651,45.61353336416156,353.0199999999609,5090.923399247852
9652,45.61353336416156,353.03999999996086,5091.014651900041
9653,45.61353336416156,353.05999999996084,5091.105901352493
9654,45.61353336416156,353.0799999999608,5091.197147604927
9655,45.61353336416156,353.0999999999608,5091.288390657062
9656,45.61353336416156,353.1199999999608,5091.37963050862
9657,45.61353336416156,353.13999999996076,5091.470867159319
9658,45.61353336416156,353.15999999996075,5091.562100608879
9659,45.61353336416156,353.1799999999607,5091.653330857019
9660,45.61353336416156,353.1999999999607,5091.744557903459
9661,45.61353336416156,353.2199999999607,5091.835781747919
9662,45.61353336416156,353.2399999999607,5091.927002390119
9663,45.61353336416156,353.25999999996066,5092.018219829778
9664,45.61353336416156,353.27999999996064,5092.109434066615
9665,45.61353336416156,353.2999999999606,5092.200645100351
9666,45.61353336416156,353.3199999999606,5092.291852930704
9667,45.61353336416156,353.3399999999606,5092.383057557396
9668,45.61353336416156,353.35999999996056,5092.474258980144
9669,45.61353336416156,353.37999999996055,5092.565457198671
9670,45.61353336416156,353.3999999999605,5092.656652212693
9671,45.53857241261457,353.4199999999605,5092.747844021932
9672,45.53857241261457,353.4399999999605,5092.839032626107
9673,45.53857241261457,353.4599999999605,5092.930218024938
9674,45.53857241261457,353.47999999996046,5093.021400218145
9675,45.53857241261457,353.49999999996044,5093.112579205447
9676,45.53857241261457,353.5199999999604,5093.2037549865645
9677,45.53857241261457,353.5399999999604,5093.294927561216
9678,45.53857241261457,353.5599999999604,5093.386096929123
9679,45.53857241261457,353.57999999996036,5093.477263090003
9680,45.53857241261457,353.59999999996035,5093.568426043578
9681,45.53857241261457,353.6199999999603,5093.659585789566
9682,45.53857241261457,353.6399999999603,5093.750742327688
9683,45.53857241261457,353.6599999999603,5093.841895657663
9684,45.53857241261457,353.6799999999603,5093.933045779212
9685,45.53857241261457,353.69999999996026,5094.0241926920535
9686,45.53857241261457,353.71999999996024,5094.115336395907
9687,45.53857241261457,353.7399999999602,5094.206476890494
9688,45.53857241261457,353.7599999999602,5094.2976141755325
9689,45.53857241261457,353.7799999999602,5094.3887482507425
9690,45.53857241261457,353.79999999996016,5094.479879115845
9691,45.53857241261457,353.81999999996015,5094.571006770559
9692,45.53857241261457,353.8399999999601,5094.6621312146035
9693,45.53857241261457,353.8599999999601,5094.7532524477
9694,45.53857241261457,353.8799999999601,5094.844370469567
9695,45.53857241261457,353.8999999999601,5094.935485279925
9696,45.53857241261457,353.91999999996005,5095.026596878494
9697,45.53857241261457,353.93999999996004,5095.117705264994
9698,45.53857241261457,353.95999999996,5095.208810439143
9699,45.53857241261457,353.97999999996,5095.299912400663
9700,45.53857241261457,353.99999999996,5095.391011149273
9701,45.53857241261457,354.01999999995996,5095.482106694511
9702,45.53857241261457,354.03999999995995,5095.5731990514405
9703,45.53857241261457,354.0599999999599,5095.664288220399
9704,45.53857241261457,354.0799999999599,5095.755374201109
9705,45.53857241261457,354.0999999999599,5095.846456993291
9706,45.53857241261457,354.1199999999599,5095.93753659667
9707,45.53857241261457,354.13999999995985,5096.028613010965
9708,45.53857241261457,354.15999999995984,5096.119686235901
9709,45.53857241261457,354.1799999999598,5096.210756271198
9710,45.53857241261457,354.1999999999598,5096.30182311658
9711,45.53857241261457,354.2199999999598,5096.392886771768
9712,45.53857241261457,354.23999999995976,5096.483947236484
9713,45.53857241261457,354.25999999995975,5096.5750045104505
9714,45.53857241261457,354.2799999999597,5096.66605859339
9715,45.53857241261457,354.2999999999597,5096.757109485025
9716,45.53857241261457,354.3199999999597,5096.848157185076
9717,45.53857241261457,354.3399999999597,5096.939201693267
9718,45.53857241261457,354.35999999995965,5097.03024300932
9719,45.53857241261457,354.37999999995964,5097.121281132957
9720,45.53857241261457,354.3999999999596,5097.2123160639
9721,45.53857241261457,354.4199999999596,5097.3033478018715
9722,45.53857241261457,354.4399999999596,5097.394376346594
9723,45.53857241261457,354.45999999995956,5097.485401697789
9724,45.53857241261457,354.47999999995955,5097.576423855179
9725,45.53857241261457,354.4999999999595,5097.667442818487
9726,45.53857241261457,354.5199999999595,5097.758458587435
9727,45.53857241261457,354.5399999999595,5097.849471161744
9728,45.53857241261457,354.5599999999595,5097.940480541138
9729,45.53857241261457,354.57999999995945,5098.031486725338
9730,45.53857241261457,354.59999999995944,5098.122489714067
9731,45.53857241261457,354.6199999999594,5098.213489507048
9732,45.53857241261457,354.6399999999594,5098.304486104002
9733,45.53857241261457,354.6599999999594,5098.395479504651
9734,45.53857241261457,354.67999999995936,5098.486469708719
9735,45.53857241261457,354.69999999995935,5098.577456715927
9736,45.53857241261457,354.7199999999593,5098.6684405259975
9737,45.53857241261457,354.7399999999593,5098.759421138653
9738,45.53857241261457,354.7599999999593,5098.850398553616
9739,45.53857241261457,354.7799999999593,5098.941372770609
9740,45.53857241261457,354.79999999995925,5099.032343789353
9741,45.53857241261457,354.81999999995924,5099.123311609572
9742,45.53857241261457,354.8399999999592,5099.214276230988
9743,45.53857241261457,354.8599999999592,5099.305237653322
9744,45.53857241261457,354.8799999999592,5099.396195876298
9745,45.53857241261457,354.89999999995916,5099.487150899638
9746,45.53857241261457,354.91999999995915,5099.578102723065
9747,45.53857241261457,354.9399999999591,5099.6690513463
9748,45.53857241261457,354.9599999999591,5099.759996769066
9749,45.53857241261457,354.9799999999591,5099.850938991085
9750,45.53857241261457,354.9999999999591,5099.94187801208
9751,45.53857241261457,355.01999999995905,5100.032813831788
9752,45.53857241261457,355.03999999995904,5100.12374646179
9753,45.53857241261457,355.059999999959,5100.21467591641
9754,45.53857241261457,355.079999999959,5100.305602195691
9755,45.53857241261457,355.099999999959,5100.396525299356
9756,45.53857241261457,355.11999999995896,5100.487445227127
9757,45.53857241261457,355.13999999995895,5100.578361978727
9758,45.53857241261457,355.1599999999589,5100.669275553879
9759,45.53857241261457,355.1799999999589,5100.760185952305
9760,45.53857241261457,355.1999999999589,5100.851093173727
9761,45.53857241261457,355.2199999999589,5100.941997217869
9762,45.53857241261457,355.23999999995885,5101.032898084453
9763,45.53857241261457,355.25999999995884,5101.123795773203
9764,45.53857241261457,355.2799999999588,5101.214690283839
9765,45.53857241261457,355.2999999999588,5101.305581616086
9766,45.53857241261457,355.3199999999588,5101.396469769666
9767,45.53857241261457,355.33999999995876,5101.4873547443
9768,45.53857241261457,355.35999999995875,5101.5782365397135
9769,45.53857241261457,355.3799999999587,5101.669115155628
9770,45.53857241261457,355.3999999999587,5101.759990591766
9771,45.53857241261457,355.4199999999587,5101.85086284785
9772,45.53857241261457,355.4399999999587,5101.941731923604
9773,45.53857241261457,355.45999999995865,5102.032597818748
9774,45.53857241261457,355.47999999995864,5102.123460533007
9775,45.53857241261457,355.4999999999586,5102.214320066104
9776,45.53857241261457,355.5199999999586,5102.305176417761
9777,45.53857241261457,355.5399999999586,5102.3960295877
9778,45.53857241261457,355.55999999995856,5102.486879575644
9779,45.53857241261457,355.57999999995855,5102.577726381317
9780,45.53857241261457,355.5999999999585,5102.668570004441
9781,45.53857241261457,355.6199999999585,5102.759410444738
9782,45.53857241261457,355.6399999999585,5102.850247701932
9783,45.53857241261457,355.6599999999585,5102.941081775745
9784,45.53857241261457,355.67999999995845,5103.031912665901
9785,45.53857241261457,355.69999999995844,5103.1227403721205
9786,45.53857241261457,355.7199999999584,5103.2135648941285
9787,45.53857241261457,355.7399999999584,5103.304386231646
9788,45.53857241261457,355.7599999999584,5103.395204384397
9789,45.46381655350369,355.77999999995836,5103.486019352104
9790,45.46381655350369,355.79999999995835,5103.57683113449
9791,45.46381655350369,355.8199999999583,5103.667639731278
9792,45.46381655350369,355.8399999999583,5103.75844514219
9793,45.46381655350369,355.8599999999583,5103.849247366949
9794,45.46381655350369,355.8799999999583,5103.940046405279
9795,45.46381655350369,355.89999999995825,5104.030842256901
9796,45.46381655350369,355.91999999995824,5104.121634921539
9797,45.46381655350369,355.9399999999582,5104.2124243989165
9798,45.46381655350369,355.9599999999582,5104.303210688755
9799,45.46381655350369,355.9799999999582,5104.393993790778
9800,45.46381655350369,355.99999999995816,5104.484773704708
9801,45.46381655350369,356.01999999995815,5104.575550430268
9802,45.46381655350369,356.0399999999581,5104.666323967181
9803,45.46381655350369,356.0599999999581,5104.757094327864
9804,45.46381655350369,356.0799999999581,5104.847861524793
9805,45.46381655350369,356.0999999999581,5104.938625557698
9806,45.46381655350369,356.11999999995805,5105.029386426305
9807,45.46381655350369,356.13999999995804,5105.120144130338
9808,45.46381655350369,356.159999999958,5105.210898669524
9809,45.46381655350369,356.179999999958,5105.301650043586
9810,45.46381655350369,356.199999999958,5105.392398252251
9811,45.46381655350369,356.21999999995796,5105.483143295243
9812,45.46381655350369,356.23999999995794,5105.573885172288
9813,45.46381655350369,356.2599999999579,5105.664623883112
9814,45.46381655350369,356.2799999999579,5105.755359427439
9815,45.46381655350369,356.2999999999579,5105.846091804993
9816,45.46381655350369,356.3199999999579,5105.936821015502
9817,45.46381655350369,356.33999999995785,5106.027547058689
9818,45.46381655350369,356.35999999995784,5106.118269934282
9819,45.46381655350369,356.3799999999578,5106.208989642003
9820,45.46381655350369,356.3999999999578,5106.2997061815795
9821,45.46381655350369,356.4199999999578,5106.390419552736
9822,45.46381655350369,356.43999999995776,5106.481129755198
9823,45.46381655350369,356.45999999995774,5106.57183678869
9824,45.46381655350369,356.4799999999577,5106.662540652938
9825,45.46381655350369,356.4999999999577,5106.753241347667
9826,45.46381655350369,356.5199999999577,5106.843938872604
9827,45.46381655350369,356.5399999999577,5106.934633227472
9828,45.46381655350369,356.55999999995765,5107.025324411997
9829,45.46381655350369,356.57999999995764,5107.116012425904
9830,45.46381655350369,356.5999999999576,5107.206697268919
9831,45.46381655350369,356.6199999999576,5107.297378940768
9832,45.46381655350369,356.6399999999576,5107.388057441175
9833,45.46381655350369,356.65999999995756,5107.478732769866
9834,45.46381655350369,356.67999999995754,5107.569404926566
9835,45.46381655350369,356.6999999999575,5107.660073911
9836,45.46381655350369,356.7199999999575,5107.750739722894
9837,45.46381655350369,356.7399999999575,5107.841402361973
9838,45.46381655350369,356.7599999999575,5107.9320618279635
9839,45.46381655350369,356.77999999995745,5108.022718120589
9840,45.46381655350369,356.79999999995744,5108.113371239577
9841,45.46381655350369,356.8199999999574,5108.204021184651
9842,45.46381655350369,356.8399999999574,5108.294667955537
9843,45.46381655350369,356.8599999999574,5108.3853115519605
9844,45.46381655350369,356.87999999995736,5108.475951973647
9845,45.46381655350369,356.89999999995734,5108.566589220322
9846,45.46381655350369,356.9199999999573,5108.657223291711
9847,45.46381655350369,356.9399999999573,5108.747854187538
9848,45.46381655350369,356.9599999999573,5108.83848190753
9849,45.46381655350369,356.9799999999573,5108.929106451412
9850,45.46381655350369,356.99999999995725,5109.01972781891
9851,45.46381655350369,357.01999999995724,5109.110346009748
9852,45.46381655350369,357.0399999999572,5109.200961023653
9853,45.46381655350369,357.0599999999572,5109.291572860649
9854,45.46381655350369,357.0799999999572,5109.382181534604
9855,45.46381655350369,357.09999999995716,5109.472787056691
9856,45.46381655350369,357.11999999995714,5109.563389426634
9857,45.46381655350369,357.1399999999571,5109.653988644154
9858,45.46381655350369,357.1599999999571,5109.744584708975
9859,45.46381655350369,357.1799999999571,5109.835177620819
9860,45.46381655350369,357.1999999999571,5109.925767379409
9861,45.46381655350369,357.21999999995705,5110.016353984469
9862,45.46381655350369,357.23999999995704,5110.106937435744
9863,45.46381655350369,357.259999999957,5110.197517732971
9864,45.46381655350369,357.279999999957,5110.2880948758775
9865,45.46381655350369,357.299999999957,5110.3786688641885
9866,45.46381655350369,357.31999999995696,5110.469239697631
9867,45.46381655350369,357.33999999995694,5110.55980737593
9868,45.46381655350369,357.3599999999569,5110.650371898813
9869,45.46381655350369,357.3799999999569,5110.740933266007
9870,45.46381655350369,357.3999999999569,5110.831491477237
9871,45.46381655350369,357.4199999999569,5110.9220465322305
9872,45.46381655350369,357.43999999995685,5111.012598430712
9873,45.46381655350369,357.45999999995684,5111.10314717241
9874,45.46381655350369,357.4799999999568,5111.19369275705
9875,45.46381655350369,357.4999999999568,5111.284235184357
9876,45.46381655350369,357.5199999999568,5111.37477445406
9877,45.46381655350369,357.53999999995676,5111.465310565883
9878,45.46381655350369,357.55999999995674,5111.5558435195535
9879,45.46381655350369,357.5799999999567,5111.6463733147975
9880,45.46381655350369,357.5999999999567,5111.736899951342
9881,45.46381655350369,357.6199999999567,5111.827423428912
9882,45.46381655350369,357.6399999999567,5111.917943747235
9883,45.46381655350369,357.65999999995665,5112.008460906037
9884,45.46381655350369,357.67999999995664,5112.098974905045
9885,45.46381655350369,357.6999999999566,5112.189485743985
9886,45.46381655350369,357.7199999999566,5112.279993422583
9887,45.46381655350369,357.7399999999566,5112.370497940566
9888,45.46381655350369,357.75999999995656,5112.460999297659
9889,45.46381655350369,357.77999999995654,5112.551497493591
9890,45.46381655350369,357.7999999999565,5112.641992528087
9891,45.46381655350369,357.8199999999565,5112.732484400874
9892,45.46381655350369,357.8399999999565,5112.822973111676
9893,45.46381655350369,357.8599999999565,5112.913458660222
9894,45.46381655350369,357.87999999995645,5113.003941046239
9895,45.46381655350369,357.89999999995644,5113.094420269451
9896,45.46381655350369,357.9199999999564,5113.184896329586
9897,45.46381655350369,357.9399999999564,5113.2753692263705
9898,45.46381655350369,357.9599999999564,5113.36583895953
9899,45.46381655350369,357.97999999995636,5113.456305528792
9900,45.46381655350369,357.99999999995634,5113.546768933882
9901,45.46381655350369,358.0199999999563,5113.637229174527
9902,45.46381655350369,358.0399999999563,5113.727686250454
9903,45.46381655350369,358.0599999999563,5113.818140161389
9904,45.46381655350369,358.07999999995627,5113.908590907666
9905,45.46381655350369,358.09999999995625,5113.999038504449
9906,45.46381655350369,358.11999999995624,5114.08948296144
9907,45.46381655350369,358.1399999999562,5114.179924278367
9908,45.3892650021045,358.1599999999562,5114.27036245496
9909,45.3892650021045,358.1799999999562,5114.360797490948
9910,45.3892650021045,358.19999999995616,5114.451229386061
9911,45.3892650021045,358.21999999995614,5114.541658140027
9912,45.3892650021045,358.2399999999561,5114.632083752576
9913,45.3892650021045,358.2599999999561,5114.722506223438
9914,45.3892650021045,358.2799999999561,5114.812925552342
9915,45.3892650021045,358.29999999995607,5114.903341739017
9916,45.3892650021045,358.31999999995605,5114.993754783193
9917,45.3892650021045,358.33999999995604,5115.084164684599
9918,45.3892650021045,358.359999999956,5115.174571442965
9919,45.3892650021045,358.379999999956,5115.26497505802
9920,45.3892650021045,358.399999999956,5115.355375529493
9921,45.3892650021045,358.41999999995596,5115.445772857114
9922,45.3892650021045,358.43999999995594,5115.536167040613
9923,45.3892650021045,358.4599999999559,5115.626558079718
9924,45.3892650021045,358.4799999999559,5115.71694597416
9925,45.3892650021045,358.4999999999559,5115.807330723667
9926,45.3892650021045,358.51999999995587,5115.897712327969
9927,45.3892650021045,358.53999999995585,5115.988090786796
9928,45.3892650021045,358.55999999995583,5116.078466099877
9929,45.3892650021045,358.5799999999558,5116.168838266942
9930,45.3892650021045,358.5999999999558,5116.25920728772
9931,45.3892650021045,358.6199999999558,5116.34957316194
9932,45.3892650021045,358.63999999995576,5116.4399358893315
9933,45.3892650021045,358.65999999995574,5116.530295469625
9934,45.3892650021045,358.6799999999557,5116.62065190255
9935,45.3892650021045,358.6999999999557,5116.711005187835
9936,45.3892650021045,358.7199999999557,5116.80135532521
9937,45.3892650021045,358.73999999995567,5116.891702314405
9938,45.3892650021045,358.75999999995565,5116.982046155148
9939,45.3892650021045,358.77999999995563,5117.0723868471705
9940,45.3892650021045,358.7999999999556,5117.1627243902
9941,45.3892650021045,358.8199999999556,5117.253058783968
9942,45.3892650021045,358.8399999999556,5117.343390028203
9943,45.3892650021045,358.85999999995556,5117.433718122636
9944,45.3892650021045,358.87999999995554,5117.524043066994
9945,45.3892650021045,358.8999999999555,5117.614364861008
9946,45.3892650021045,358.9199999999555,5117.704683504407
9947,45.3892650021045,358.9399999999555,5117.794998996921
9948,45.3892650021045,358.95999999995547,5117.88531133828
9949,45.3892650021045,358.97999999995545,5117.975620528213
9950,45.3892650021045,358.99999999995543,5118.06592656645
9951,45.3892650021045,359.0199999999554,5118.15622945272
9952,45.3892650021045,359.0399999999554,5118.246529186753
9953,45.3892650021045,359.0599999999554,5118.336825768279
9954,45.3892650021045,359.07999999995536,5118.4271191970265
9955,45.3892650021045,359.09999999995534,5118.517409473605
9956,45.3892650021045,359.1199999999553,5118.607696613774
9957,45.3892650021045,359.1399999999553,5118.697980625379
9958,45.3892650021045,359.1599999999553,5118.788261508149
9959,45.3892650021045,359.17999999995527,5118.878539261813
9960,45.3892650021045,359.19999999995525,5118.968813886101
9961,45.3892650021045,359.21999999995523,5119.059085380743
9962,45.3892650021045,359.2399999999552,5119.149353745469
9963,45.3892650021045,359.2599999999552,5119.239618980007
9964,45.3892650021045,359.2799999999552,5119.329881084089
9965,45.3892650021045,359.29999999995516,5119.420140057442
9966,45.3892650021045,359.31999999995514,5119.510395899797
9967,45.3892650021045,359.3399999999551,5119.600648610884
9968,45.3892650021045,359.3599999999551,5119.690898190432
9969,45.3892650021045,359.3799999999551,5119.78114463817
9970,45.3892650021045,359.39999999995507,5119.871387953829
9971,45.3892650021045,359.41999999995505,5119.961628137138
9972,45.3892650021045,359.43999999995503,5120.051865187849
9973,45.3892650021045,359.459999999955,5120.142099105812
9974,45.3892650021045,359.479999999955,5120.232329890769
9975,45.3892650021045,359.499999999955,5120.3225575424485
9976,45.3892650021045,359.51999999995496,5120.412782060582
9977,45.3892650021045,359.53999999995494,5120.503003444899
9978,45.3892650021045,359.5599999999549,5120.593221695131
9979,45.3892650021045,359.5799999999549,5120.6834368110085
9980,45.3892650021045,359.5999999999549,5120.77364879226
9981,45.3892650021045,359.61999999995487,5120.863857638617
9982,45.3892650021045,359.63999999995485,5120.954063349811
9983,45.3892650021045,359.65999999995483,5121.0442659255705
9984,45.3892650021045,359.6799999999548,5121.134465365627
9985,45.3892650021045,359.6999999999548,5121.224661669711
9986,45.3892650021045,359.7199999999548,5121.314854837553
9987,45.3892650021045,359.73999999995476,5121.405044868882
9988,45.3892650021045,359.75999999995474,5121.495231763431
9989,45.3892650021045,359.7799999999547,5121.585415520927
9990,45.3892650021045,359.7999999999547,5121.675596141104
9991,45.3892650021045,359.8199999999547,5121.76577362369
9992,45.3892650021045,359.83999999995467,5121.855947968416
9993,45.3892650021045,359.85999999995465,5121.946119175013
9994,45.3892650021045,359.87999999995463,5122.0362872432115
9995,45.3892650021045,359.8999999999546,5122.126452172741
9996,45.3892650021045,359.9199999999546,5122.216613963333
9997,45.3892650021045,359.9399999999546,5122.3067726147165
9998,45.3892650021045,359.95999999995456,5122.396928126624
9999,45.3892650021045,359.97999999995454,5122.487080498784
10000,45.3892650021045,359.9999999999545,5122.577229730929
10001,45.3892650021045,360.0199999999545,5122.667375822787
10002,45.3892650021045,360.0399999999545,5122.757518774091
10003,45.3892650021045,360.05999999995447,5122.84765858457
10004,45.3892650021045,360.07999999995445,5122.937795253955
10005,45.3892650021045,360.09999999995443,5123.027928781977
10006,45.3892650021045,360.1199999999544,5123.118059169579
10007,45.3892650021045,360.1399999999544,5123.208186434282
10008,45.3892650021045,360.1599999999544,5123.298310582677
10009,45.3892650021045,360.17999999995436,5123.388431614497
10010,45.3892650021045,360.19999999995434,5123.478549529474
10011,45.3892650021045,360.2199999999543,5123.568664327338
10012,45.3892650021045,360.2399999999543,5123.658776007824
10013,45.3892650021045,360.2599999999543,5123.748884570661
10014,45.3892650021045,360.27999999995427,5123.838990015583
10015,45.3892650021045,360.29999999995425,5123.92909234232
10016,45.3892650021045,360.31999999995423,5124.019191550604
10017,45.3892650021045,360.3399999999542,5124.109287640167
10018,45.3892650021045,360.3599999999542,5124.199380610742
10019,45.3892650021045,360.3799999999542,5124.289470462059
10020,45.3892650021045,360.39999999995416,5124.379557193852
10021,45.3892650021045,360.41999999995414,5124.469640805851
10022,45.3892650021045,360.4399999999541,5124.559721297788
10023,45.3892650021045,360.4599999999541,5124.649798669397
10024,45.3892650021045,360.4799999999541,5124.739872920407
10025,45.3892650021045,360.49999999995407,5124.829944050552
10026,45.3892650021045,360.51999999995405,5124.920012059562
10027,45.3892650021045,360.53999999995403,5125.010076947171
10028,45.31491697754871,360.559999999954,5125.100138713109
10029,45.31491697754871,360.579999999954,5125.190197357108
10030,45.31491697754871,360.599999999954,5125.280252878902
10031,45.31491697754871,360.61999999995396,5125.37030527822
10032,45.31491697754871,360.63999999995394,5125.460354554796
10033,45.31491697754871,360.6599999999539,5125.550400708362
10034,45.31491697754871,360.6799999999539,5125.640443738648
10035,45.31491697754871,360.6999999999539,5125.730483645388
10036,45.31491697754871,360.71999999995387,5125.820520428312
10037,45.31491697754871,360.73999999995385,5125.910554087153
10038,45.31491697754871,360.75999999995383,5126.000584621644
10039,45.31491697754871,360.7799999999538,5126.090612031515
10040,45.31491697754871,360.7999999999538,5126.180636316499
10041,45.31491697754871,360.8199999999538,5126.270657476327
10042,45.31491697754871,360.83999999995376,5126.360675510732
10043,45.31491697754871,360.85999999995374,5126.450690419446
10044,45.31491697754871,360.8799999999537,5126.5407022022
10045,45.31491697754871,360.8999999999537,5126.630710858727
10046,45.31491697754871,360.9199999999537,5126.720716388759
10047,45.31491697754871,360.93999999995367,5126.810718792027
10048,45.31491697754871,360.95999999995365,5126.900718068264
10049,45.31491697754871,360.97999999995363,5126.990714217201
10050,45.31491697754871,360.9999999999536,5127.0807072385705
10051,45.31491697754871,361.0199999999536,5127.170697132105
10052,45.31491697754871,361.0399999999536,5127.260683897535
10053,45.31491697754871,361.05999999995356,5127.350667534594
10054,45.31491697754871,361.07999999995354,5127.440648043014
10055,45.31491697754871,361.0999999999535,5127.530625422527
10056,45.31491697754871,361.1199999999535,5127.620599672864
10057,45.31491697754871,361.1399999999535,5127.710570795209
10058,45.31491697754871,361.15999999995347,5127.800538807458
10059,45.31491697754871,361.17999999995345,5127.890503714444
10060,45.31491697754871,361.19999999995343,5127.980465515901
10061,45.31491697754871,361.2199999999534,5128.0704242115635
10062,45.31491697754871,361.2399999999534,5128.160379801164
10063,45.31491697754871,361.2599999999534,5128.250332284437
10064,45.31491697754871,361.27999999995336,5128.340281661117
10065,45.31491697754871,361.29999999995334,5128.430227930938
10066,45.31491697754871,361.3199999999533,5128.5201710936335
10067,45.31491697754871,361.3399999999533,5128.610111148938
10068,45.31491697754871,361.3599999999533,5128.700048096584
10069,45.31491697754871,361.37999999995327,5128.789981936307
10070,45.31491697754871,361.39999999995325,5128.879912667841
10071,45.31491697754871,361.41999999995323,5128.96984029092
10072,45.31491697754871,361.4399999999532,5129.059764805276
10073,45.31491697754871,361.4599999999532,5129.149686210645
10074,45.31491697754871,361.4799999999532,5129.239604506761
10075,45.31491697754871,361.49999999995316,5129.329519693357
10076,45.31491697754871,361.51999999995314,5129.419431770168
10077,45.31491697754871,361.5399999999531,5129.509340736927
10078,45.31491697754871,361.5599999999531,5129.599246593369
10079,45.31491697754871,361.5799999999531,5129.689149339227
10080,45.31491697754871,361.59999999995307,5129.779048974236
10081,45.31491697754871,361.61999999995305,5129.868945498129
10082,45.31491697754871,361.63999999995303,5129.95883891064
10083,45.31491697754871,361.659999999953,5130.048729211526
10084,45.31491697754871,361.679999999953,5130.138616400661
10085,45.31491697754871,361.699999999953,5130.228500477792
10086,45.31491697754871,361.71999999995296,5130.318381442655
10087,45.31491697754871,361.73999999995294,5130.408259294982
10088,45.31491697754871,361.7599999999529,5130.4981340345075
10089,45.31491697754871,361.7799999999529,5130.588005660966
10090,45.31491697754871,361.7999999999529,5130.67787417409
10091,45.31491697754871,361.81999999995287,5130.767739573615
10092,45.31491697754871,361.83999999995285,5130.857601859274
10093,45.31491697754871,361.85999999995283,5130.947461030801
10094,45.31491697754871,361.8799999999528,5131.03731708793
10095,45.31491697754871,361.8999999999528,5131.127170030395
10096,45.31491697754871,361.9199999999528,5131.217019857931
10097,45.31491697754871,361.93999999995276,5131.306866570269
10098,45.31491697754871,361.95999999995274,5131.396710167147
10099,45.31491697754871,361.9799999999527,5131.486550648296
10100,45.31491697754871,361.9999999999527,5131.576388013451
10101,45.31491697754871,362.0199999999527,5131.666222262345
10102,45.31491697754871,362.03999999995267,5131.7560533947135
10103,45.31491697754871,362.05999999995265,5131.84588141029
10104,45.31491697754871,362.07999999995263,5131.935706308807
10105,45.31491697754871,362.0999999999526,5132.025528090001
10106,45.31491697754871,362.1199999999526,5132.115346753605
10107,45.31491697754871,362.1399999999526,5132.205162299352
10108,45.31491697754871,362.15999999995256,5132.294974728773
10109,45.31491697754871,362.17999999995254,5132.384784061515
10110,45.31491697754871,362.1999999999525,5132.474590301066
10111,45.31491697754871,362.2199999999525,5132.564393447162
10112,45.31491697754871,362.2399999999525,5132.654193499537
10113,45.31491697754871,362.25999999995247,5132.743990457927
10114,45.31491697754871,362.27999999995245,5132.833784322069
10115,45.31491697754871,362.29999999995243,5132.923575091698
10116,45.31491697754871,362.3199999999524,5133.013362766549
10117,45.31491697754871,362.3399999999524,5133.103147346358
10118,45.31491697754871,362.3599999999524,5133.19292883086
10119,45.31491697754871,362.37999999995236,5133.2827072197915
10120,45.31491697754871,362.39999999995234,5133.3724825128875
10121,45.31491697754871,362.4199999999523,5133.462254709884
10122,45.31491697754871,362.4399999999523,5133.552023810517
10123,45.31491697754871,362.4599999999523,5133.641789814522
10124,45.31491697754871,362.47999999995227,5133.731552721634
10125,45.31491697754871,362.49999999995225,5133.82131253159
10126,45.31491697754871,362.51999999995223,5133.911069244124
10127,45.31491697754871,362.5399999999522,5134.000822858971
10128,45.31491697754871,362.5599999999522,5134.090573375869
10129,45.31491697754871,362.5799999999522,5134.180320794553
10130,45.31491697754871,362.59999999995216,5134.270065114759
10131,45.31491697754871,362.61999999995214,5134.3598063362215
10132,45.31491697754871,362.6399999999521,5134.449544458676
10133,45.31491697754871,362.6599999999521,5134.53927948186
10134,45.31491697754871,362.6799999999521,5134.629011405507
10135,45.31491697754871,362.69999999995207,5134.718740229355
10136,45.31491697754871,362.71999999995205,5134.808465953138
10137,45.31491697754871,362.73999999995203,5134.8981885765925
10138,45.31491697754871,362.759999999952,5134.987908099454
10139,45.31491697754871,362.779999999952,5135.077624521458
10140,45.31491697754871,362.799999999952,5135.167337842341
10141,45.31491697754871,362.81999999995196,5135.257048061838
10142,45.31491697754871,362.83999999995194,5135.346755179685
10143,45.31491697754871,362.8599999999519,5135.436459195617
10144,45.31491697754871,362.8799999999519,5135.526160109371
10145,45.31491697754871,362.8999999999519,5135.615857920681
10146,45.31491697754871,362.91999999995187,5135.705552629285
10147,45.31491697754871,362.93999999995185,5135.795244234918
10148,45.24077170280104,362.95999999995183,5135.884932737315
10149,45.24077170280104,362.9799999999518,5135.974618136212
10150,45.24077170280104,362.9999999999518,5136.064300431345
10151,45.24077170280104,363.0199999999518,5136.15397962245
10152,45.24077170280104,363.03999999995176,5136.243655709262
10153,45.24077170280104,363.05999999995174,5136.333328691519
10154,45.24077170280104,363.0799999999517,5136.4229985689535
10155,45.24077170280104,363.0999999999517,5136.512665341304
10156,45.24077170280104,363.1199999999517,5136.602329008305
10157,45.24077170280104,363.13999999995167,5136.691989569693
10158,45.24077170280104,363.15999999995165,5136.781647025203
10159,45.24077170280104,363.17999999995163,5136.871301376589
10160,45.24077170280104,363.1999999999516,5136.960952643917
10161,45.24077170280104,363.2199999999516,5137.050600829096
10162,45.24077170280104,363.2399999999516,5137.140245931866
10163,45.24077170280104,363.25999999995156,5137.229887951969
10164,45.24077170280104,363.27999999995154,5137.319526889147
10165,45.24077170280104,363.2999999999515,5137.40916274314
10166,45.24077170280104,363.3199999999515,5137.49879551369
10167,45.24077170280104,363.3399999999515,5137.58842520054
10168,45.24077170280104,363.35999999995147,5137.678051803429
10169,45.24077170280104,363.37999999995145,5137.7676753221
10170,45.24077170280104,363.39999999995143,5137.857295756295
10171,45.24077170280104,363.4199999999514,5137.946913105753
10172,45.24077170280104,363.4399999999514,5138.036527370217
10173,45.24077170280104,363.4599999999514,5138.126138549429
10174,45.24077170280104,363.47999999995136,5138.21574664313
10175,45.24077170280104,363.49999999995134,5138.305351651062
10176,45.24077170280104,363.5199999999513,5138.394953572965
10177,45.24077170280104,363.5399999999513,5138.484552408582
10178,45.24077170280104,363.5599999999513,5138.574148157654
10179,45.24077170280104,363.57999999995127,5138.663740819922
10180,45.24077170280104,363.59999999995125,5138.753330395129
10181,45.24077170280104,363.61999999995123,5138.842916883014
10182,45.24077170280104,363.6399999999512,5138.932500283321
10183,45.24077170280104,363.6599999999512,5139.022080595791
10184,45.24077170280104,363.6799999999512,5139.111657820164
10185,45.24077170280104,363.69999999995116,5139.201231956183
10186,45.24077170280104,363.71999999995114,5139.290803003589
10187,45.24077170280104,363.7399999999511,5139.380370962123
10188,45.24077170280104,363.7599999999511,5139.469935831528
10189,45.24077170280104,363.7799999999511,5139.559497611545
10190,45.24077170280104,363.79999999995107,5139.649056301915
10191,45.24077170280104,363.81999999995105,5139.73861190238
10192,45.24077170280104,363.83999999995103,5139.828164412682
10193,45.24077170280104,363.859999999951,5139.917713832561
10194,45.24077170280104,363.879999999951,5140.00726016176
10195,45.24077170280104,363.899999999951,5140.096803400003
10196,45.24077170280104,363.91999999995096,5140.186343547019
10197,45.24077170280104,363.93999999995094,5140.275880602548
10198,45.24077170280104,363.9599999999509,5140.365414566331
10199,45.24077170280104,363.9799999999509,5140.4549454381095
10200,45.24077170280104,363.9999999999509,5140.544473217625
10201,45.24077170280104,364.01999999995087,5140.633997904617
10202,45.24077170280104,364.03999999995085,5140.723519498827
10203,45.24077170280104,364.05999999995083,5140.813037999997
10204,45.24077170280104,364.0799999999508,5140.902553407866
10205,45.24077170280104,364.0999999999508,5140.992065722177
10206,45.24077170280104,364.1199999999508,5141.081574942671
10207,45.24077170280104,364.13999999995076,5141.171081069087
10208,45.24077170280104,364.15999999995074,5141.260584101168
10209,45.24077170280104,364.1799999999507,5141.350084038654
10210,45.24077170280104,364.1999999999507,5141.4395808846675
10211,45.24077170280104,364.2199999999507,5141.529074658413
10212,45.24077170280104,364.23999999995067,5141.6185653614175
10213,45.24077170280104,364.25999999995065,5141.708052993419
10214,45.24077170280104,364.27999999995063,5141.797537554157
10215,45.24077170280104,364.2999999999506,5141.88701904337
10216,45.24077170280104,364.3199999999506,5141.976497460797
10217,45.24077170280104,364.3399999999506,5142.065972806176
10218,45.24077170280104,364.35999999995056,5142.155445079247
10219,45.24077170280104,364.37999999995054,5142.244914279749
10220,45.24077170280104,364.3999999999505,5142.334380407419
10221,45.24077170280104,364.4199999999505,5142.423843461998
10222,45.24077170280104,364.4399999999505,5142.513303443225
10223,45.24077170280104,364.45999999995047,5142.602760350836
10224,45.24077170280104,364.47999999995045,5142.6922141845735
10225,45.24077170280104,364.49999999995043,5142.781664944174
10226,45.24077170280104,364.5199999999504,5142.8711126293765
10227,45.24077170280104,364.5399999999504,5142.960557239921
10228,45.24077170280104,364.5599999999504,5143.049998775547
10229,45.24077170280104,364.57999999995036,5143.139437235991
10230,45.24077170280104,364.59999999995034,5143.228872620994
10231,45.24077170280104,364.6199999999503,5143.318304930293
10232,45.24077170280104,364.6399999999503,5143.407734163628
10233,45.24077170280104,364.6599999999503,5143.497160320739
10234,45.24077170280104,364.67999999995027,5143.586583401363
10235,45.24077170280104,364.69999999995025,5143.6760034052395
10236,45.24077170280104,364.71999999995023,5143.765420332108
10237,45.24077170280104,364.7399999999502,5143.854834181708
10238,45.24077170280104,364.7599999999502,5143.944244953776
10239,45.24077170280104,364.7799999999502,5144.033652648054
10240,45.24077170280104,364.79999999995016,5144.123057264279
10241,45.24077170280104,364.81999999995014,5144.212458802191
10242,45.24077170280104,364.8399999999501,5144.301857261527
10243,45.24077170280104,364.8599999999501,5144.391252642028
10244,45.24077170280104,364.8799999999501,5144.480644943433
10245,45.24077170280104,364.89999999995007,5144.570034165479
10246,45.24077170280104,364.91999999995005,5144.659420307908
10247,45.24077170280104,364.93999999995003,5144.748803370456
10248,45.24077170280104,364.95999999995,5144.838183352864
10249,45.24077170280104,364.97999999995,5144.92756025487
10250,45.24077170280104,364.99999999995,5145.016934076213
10251,45.24077170280104,365.01999999994996,5145.106304816633
10252,45.24077170280104,365.03999999994994,5145.195672475868
10253,45.24077170280104,365.0599999999499,5145.285037053658
10254,45.24077170280104,365.0799999999499,5145.374398549741
10255,45.24077170280104,365.0999999999499,5145.463756963857
10256,45.24077170280104,365.11999999994987,5145.5531122957445
10257,45.24077170280104,365.13999999994985,5145.6424645451425
10258,45.24077170280104,365.15999999994983,5145.73181371179
10259,45.24077170280104,365.1799999999498,5145.821159795426
10260,45.24077170280104,365.1999999999498,5145.910502795789
10261,45.24077170280104,365.2199999999498,5145.9998427175215
10262,45.24077170280104,365.23999999994976,5146.089179578924
10263,45.24077170280104,365.25999999994974,5146.178513381257
10264,45.24077170280104,365.2799999999497,5146.267844124264
10265,45.24077170280104,365.2999999999497,5146.357171807687
10266,45.24077170280104,365.3199999999497,5146.44649643127
10267,45.24077170280104,365.33999999994967,5146.535817994755
10268,45.1668284046363,365.35999999994965,5146.625136497886
10269,45.1668284046363,365.37999999994963,5146.714451940405
10270,45.1668284046363,365.3999999999496,5146.803764322054
10271,45.1668284046363,365.4199999999496,5146.893073642578
10272,45.1668284046363,365.4399999999496,5146.982379901719
10273,45.1668284046363,365.45999999994956,5147.071683099219
10274,45.1668284046363,365.47999999994954,5147.160983234821
10275,45.1668284046363,365.4999999999495,5147.25028030827
10276,45.1668284046363,365.5199999999495,5147.339574319307
10277,45.1668284046363,365.5399999999495,5147.428865267675
10278,45.1668284046363,365.55999999994947,5147.518153153117
10279,45.1668284046363,365.57999999994945,5147.607437975376
10280,45.1668284046363,365.59999999994943,5147.6967197341955
10281,45.1668284046363,365.6199999999494,5147.785998429318
10282,45.1668284046363,365.6399999999494,5147.875274060487
10283,45.1668284046363,365.6599999999494,5147.964546627444
10284,45.1668284046363,365.67999999994936,5148.053816129934
10285,45.1668284046363,365.69999999994934,5148.143082567698
10286,45.1668284046363,365.7199999999493,5148.232345940481
10287,45.1668284046363,365.7399999999493,5148.321606248023
10288,45.1668284046363,365.7599999999493,5148.41086349007
10289,45.1668284046363,365.77999999994927,5148.500117666364
10290,45.1668284046363,365.79999999994925,5148.589368776647
10291,45.1668284046363,365.81999999994923,5148.678616820663
10292,45.1668284046363,365.8399999999492,5148.767861798155
10293,45.1668284046363,365.8599999999492,5148.857103708865
10294,45.1668284046363,365.8799999999492,5148.946342552537
10295,45.1668284046363,365.89999999994916,5149.035578328914
10296,45.1668284046363,365.91999999994914,5149.124811037739
10297,45.1668284046363,365.9399999999491,5149.214040678755
10298,45.1668284046363,365.9599999999491,5149.303267251704
10299,45.1668284046363,365.9799999999491,5149.39249075633
10300,45.1668284046363,365.99999999994907,5149.481711192376
10301,45.1668284046363,366.01999999994905,5149.570928559585
10302,45.1668284046363,366.03999999994903,5149.6601428577
10303,45.1668284046363,366.059999999949,5149.749354086463
10304,45.1668284046363,366.079999999949,5149.838562245619
10305,45.1668284046363,366.099999999949,5149.92776733491
10306,45.1668284046363,366.11999999994896,5150.01696935408
10307,45.1668284046363,366.13999999994894,5150.106168302915
10308,45.1668284046363,366.1599999999489,5150.195364181178
10309,45.1668284046363,366.1799999999489,5150.284556988611
10310,45.1668284046363,366.1999999999489,5150.373746724958
10311,45.1668284046363,366.21999999994887,5150.462933389962
10312,45.1668284046363,366.23999999994885,5150.552116989487
10313,45.1668284046363,366.25999999994883,5150.641297539974
10314,45.1668284046363,366.2799999999488,5150.730475042341
10315,45.1668284046363,366.2999999999488,5150.8196494963295
10316,45.1668284046363,366.3199999999488,5150.9088209016845
10317,45.1668284046363,366.33999999994876,5150.99798925815
10318,45.1668284046363,366.35999999994874,5151.087154565467
10319,45.1668284046363,366.3799999999487,5151.176316823382
10320,45.1668284046363,366.3999999999487,5151.265476031636
10321,45.1668284046363,366.4199999999487,5151.354632189974
10322,45.1668284046363,366.43999999994867,5151.443785298139
10323,45.1668284046363,366.45999999994865,5151.5329353558745
10324,45.1668284046363,366.47999999994863,5151.622082362924
10325,45.1668284046363,366.4999999999486,5151.71122631903
10326,45.1668284046363,366.5199999999486,5151.800367223937
10327,45.1668284046363,366.5399999999486,5151.88950507739
10328,45.1668284046363,366.55999999994856,5151.97863987913
10329,45.1668284046363,366.57999999994854,5152.067771628902
10330,45.1668284046363,366.5999999999485,5152.1569003264485
10331,45.1668284046363,366.6199999999485,5152.2460259715135
10332,45.1668284046363,366.6399999999485,5152.33514856384
10333,45.1668284046363,366.65999999994847,5152.424268103173
10334,45.1668284046363,366.67999999994845,5152.513384589254
10335,45.1668284046363,366.69999999994843,5152.602498021828
10336,45.1668284046363,366.7199999999484,5152.691608400639
10337,45.1668284046363,366.7399999999484,5152.780715725429
10338,45.1668284046363,366.7599999999484,5152.869819995943
10339,45.1668284046363,366.77999999994836,5152.958921211923
10340,45.1668284046363,366.79999999994834,5153.048019373114
10341,45.1668284046363,366.8199999999483,5153.137114479258
10342,45.1668284046363,366.8399999999483,5153.2262065301
10343,45.1668284046363,366.8599999999483,5153.315295525384
10344,45.1668284046363,366.87999999994827,5153.404381464852
10345,45.1668284046363,366.89999999994825,5153.493464348248
10346,45.1668284046363,366.91999999994823,5153.582544175317
10347,45.1668284046363,366.9399999999482,5153.671620945801
10348,45.1668284046363,366.9599999999482,5153.760694659444
10349,45.1668284046363,366.9799999999482,5153.84976531599
10350,45.1668284046363,366.99999999994816,5153.9388329151825
10351,45.1668284046363,367.01999999994814,5154.027897456765
10352,45.1668284046363,367.0399999999481,5154.11695894048
10353,45.1668284046363,367.0599999999481,5154.206017366073
10354,45.1668284046363,367.0799999999481,5154.295072733286
10355,45.1668284046363,367.09999999994807,5154.3841250418645
10356,45.1668284046363,367.11999999994805,5154.473174291551
10357,45.1668284046363,367.13999999994803,5154.562220482088
10358,45.1668284046363,367.159999999948,5154.651263613222
10359,45.1668284046363,367.179999999948,5154.7403036846945
10360,45.1668284046363,367.199999999948,5154.829340696249
10361,45.1668284046363,367.21999999994796,5154.918374647631
10362,45.1668284046363,367.23999999994794,5155.007405538582
10363,45.1668284046363,367.2599999999479,5155.096433376626
10364,45.1668284046363,367.2799999999479,5155.185458177567
10365,45.1668284046363,367.2999999999479,5155.274479942069
10366,45.1668284046363,367.31999999994787,5155.363498669876
10367,45.1668284046363,367.33999999994785,5155.4525143607325
10368,45.1668284046363,367.35999999994783,5155.541527014381
10369,45.1668284046363,367.3799999999478,5155.630536630566
10370,45.1668284046363,367.3999999999478,5155.719543209031
10371,45.1668284046363,367.4199999999478,5155.80854674952
10372,45.1668284046363,367.43999999994776,5155.897547251777
10373,45.1668284046363,367.45999999994774,5155.986544715544
10374,45.1668284046363,367.4799999999477,5156.075539140567
10375,45.1668284046363,367.4999999999477,5156.164530526589
10376,45.1668284046363,367.5199999999477,5156.253518873354
10377,45.1668284046363,367.53999999994767,5156.342504180605
10378,45.1668284046363,367.55999999994765,5156.431486448086
10379,45.1668284046363,367.57999999994763,5156.520465675541
10380,45.1668284046363,367.5999999999476,5156.609441862714
10381,45.1668284046363,367.6199999999476,5156.698415009349
10382,45.1668284046363,367.6399999999476,5156.78738511519
10383,45.1668284046363,367.65999999994756,5156.876352179979
10384,45.1668284046363,367.67999999994754,5156.965316203462
10385,45.1668284046363,367.6999999999475,5157.054277185382
10386,45.1668284046363,367.7199999999475,5157.143235125482
10387,45.1668284046363,367.7399999999475,5157.2321900235065
10388,45.1668284046363,367.75999999994747,5157.3211418792
10389,45.09308631361649,367.77999999994745,5157.410090692306
10390,45.09308631361649,367.79999999994743,5157.499036462568
10391,45.09308631361649,367.8199999999474,5157.5879791897305
10392,45.09308631361649,367.8399999999474,5157.676918873537
10393,45.09308631361649,367.8599999999474,5157.7658555137305
10394,45.09308631361649,367.87999999994736,5157.854789110056
10395,45.09308631361649,367.89999999994734,5157.9437196622575
10396,45.09308631361649,367.9199999999473,5158.032647170078
10397,45.09308631361649,367.9399999999473,5158.121571633262
10398,45.09308631361649,367.9599999999473,5158.2104930515525
10399,45.09308631361649,367.97999999994727,5158.299411424695
10400,45.09308631361649,367.99999999994725,5158.388326752432
10401,45.09308631361649,368.01999999994723,5158.477239034508
10402,45.09308631361649,368.0399999999472,5158.566148270666
10403,45.09308631361649,368.0599999999472,5158.655054460652
10404,45.09308631361649,368.0799999999472,5158.743957604208
10405,45.09308631361649,368.09999999994716,5158.832857701079
10406,45.09308631361649,368.11999999994714,5158.921754751008
10407,45.09308631361649,368.1399999999471,5159.01064875374
10408,45.09308631361649,368.1599999999471,5159.099539709018
10409,45.09308631361649,368.1799999999471,5159.1884276165865
10410,45.09308631361649,368.19999999994707,5159.27731247619
10411,45.09308631361649,368.21999999994705,5159.3661942875715
10412,45.09308631361649,368.23999999994703,5159.455073050475
10413,45.09308631361649,368.259999999947,5159.543948764645
10414,45.09308631361649,368.279999999947,5159.632821438636
10415,45.09308631361649,368.299999999947,5159.721691086394
10416,45.09308631361649,368.31999999994696,5159.810557708262
10417,45.09308631361649,368.33999999994694,5159.899421303986
10418,45.09308631361649,368.3599999999469,5159.9882818733095
10419,45.09308631361649,368.3799999999469,5160.077139415943
10420,45.09308631361649,368.3999999999469,5160.1659939315805
10421,45.09308631361649,368.41999999994687,5160.25484541997
10422,45.09308631361649,368.43999999994685,5160.343693880859
10423,45.09308631361649,368.45999999994683,5160.432539313997
10424,45.09308631361649,368.4799999999468,5160.521381719133
10425,45.09308631361649,368.4999999999468,5160.610221096016
10426,45.09308631361649,368.5199999999468,5160.6990574443935
10427,45.09308631361649,368.53999999994676,5160.787890764015
10428,45.09308631361649,368.55999999994674,5160.876721054629
10429,45.09308631361649,368.5799999999467,5160.965548315986
10430,45.09308631361649,368.5999999999467,5161.054372547833
10431,45.09308631361649,368.6199999999467,5161.143193749919
10432,45.09308631361649,368.63999999994667,5161.232011921993
10433,45.09308631361649,368.65999999994665,5161.320827063804
10434,45.09308631361649,368.67999999994663,5161.409639175101
10435,45.09308631361649,368.6999999999466,5161.498448255632
10436,45.09308631361649,368.7199999999466,5161.587254305146
10437,45.09308631361649,368.7399999999466,5161.676057323393
10438,45.09308631361649,368.75999999994656,5161.764857310121
10439,45.09308631361649,368.77999999994654,5161.85365426508
10440,45.09308631361649,368.7999999999465,5161.942448188017
10441,45.09308631361649,368.8199999999465,5162.031239078681
10442,45.09308631361649,368.8399999999465,5162.120026936822
10443,45.09308631361649,368.85999999994647,5162.208811762189
10444,45.09308631361649,368.87999999994645,5162.29759355453
10445,45.09308631361649,368.89999999994643,5162.386372313594
10446,45.09308631361649,368.9199999999464,5162.47514803913
10447,45.09308631361649,368.9399999999464,5162.563920730887
10448,45.09308631361649,368.9599999999464,5162.652690388613
10449,45.09308631361649,368.97999999994636,5162.741457012059
10450,45.09308631361649,368.99999999994634,5162.830220600972
10451,45.09308631361649,369.0199999999463,5162.918981155101
10452,45.09308631361649,369.0399999999463,5163.007738674197
10453,45.09308631361649,369.0599999999463,5163.0964931580065
10454,45.09308631361649,369.07999999994627,5163.185244606279
10455,45.09308631361649,369.09999999994625,5163.2739930187645
10456,45.09308631361649,369.11999999994623,5163.362738395211
10457,45.09308631361649,369.1399999999462,5163.451480735367
10458,45.09308631361649,369.1599999999462,5163.540220038983
10459,45.09308631361649,369.1799999999462,5163.628956305806
10460,45.09308631361649,369.19999999994616,5163.717689535587
10461,45.09308631361649,369.21999999994614,5163.806419728073
10462,45.09308631361649,369.2399999999461,5163.895146883014
10463,45.09308631361649,369.2599999999461,5163.983871000159
10464,45.09308631361649,369.2799999999461,5164.0725920792565
10465,45.09308631361649,369.29999999994607,5164.161310130564
10466,45.09308631361649,369.31999999994605,5164.250025167307
10467,45.09308631361649,369.33999999994603,5164.338737189564
10468,45.09308631361649,369.359999999946,5164.427446197082
10469,45.09308631361649,369.379999999946,5164.516152189607
10470,45.09308631361649,369.399999999946,5164.604855166887
10471,45.09308631361649,369.41999999994596,5164.693555128669
10472,45.09308631361649,369.43999999994594,5164.782252074699
10473,45.09308631361649,369.4599999999459,5164.870946004724
10474,45.09308631361649,369.4799999999459,5164.959636918492
10475,45.09308631361649,369.4999999999459,5165.048324815749
10476,45.09308631361649,369.51999999994587,5165.137009696243
10477,45.09308631361649,369.53999999994585,5165.22569155972
10478,45.09308631361649,369.55999999994583,5165.314370405928
10479,45.09308631361649,369.5799999999458,5165.403046234612
10480,45.09308631361649,369.5999999999458,5165.491719045521
10481,45.09308631361649,369.6199999999458,5165.580388838401
10482,45.09308631361649,369.63999999994576,5165.669055612999
10483,45.09308631361649,369.65999999994574,5165.757719369062
10484,45.09308631361649,369.6799999999457,5165.846380106338
10485,45.09308631361649,369.6999999999457,5165.935037824574
10486,45.09308631361649,369.7199999999457,5166.023692523516
10487,45.09308631361649,369.73999999994567,5166.112344202911
10488,45.09308631361649,369.75999999994565,5166.200992862507
10489,45.09308631361649,369.77999999994563,5166.2896385020495
10490,45.09308631361649,369.7999999999456,5166.378281121287
10491,45.09308631361649,369.8199999999456,5166.466920719966
10492,45.09308631361649,369.8399999999456,5166.555557297834
10493,45.09308631361649,369.85999999994556,5166.644190854638
10494,45.09308631361649,369.87999999994554,5166.732821390124
10495,45.09308631361649,369.8999999999455,5166.82144890404
10496,45.09308631361649,369.9199999999455,5166.910073396133
10497,45.09308631361649,369.9399999999455,5166.99869486615
10498,45.09308631361649,369.95999999994547,5167.087313313838
10499,45.09308631361649,369.97999999994545,5167.175928738945
10500,45.09308631361649,369.99999999994543,5167.264541141217
10501,45.09308631361649,370.0199999999454,5167.353150520401
10502,45.09308631361649,370.0399999999454,5167.441756876245
10503,45.09308631361649,370.0599999999454,5167.530360208494
10504,45.09308631361649,370.07999999994536,5167.6189605168975
10505,45.09308631361649,370.09999999994534,5167.707557801202
10506,45.09308631361649,370.1199999999453,5167.796152061154
10507,45.09308631361649,370.1399999999453,5167.884743296501
10508,45.09308631361649,370.1599999999453,5167.973331506991
10509,45.09308631361649,370.17999999994527,5168.06191669237
10510,45.09308631361649,370.19999999994525,5168.150498852385
10511,45.01954466406825,370.21999999994523,5168.239077986784
10512,45.01954466406825,370.2399999999452,5168.327654095313
10513,45.01954466406825,370.2599999999452,5168.41622717772
10514,45.01954466406825,370.2799999999452,5168.5047972337525
10515,45.01954466406825,370.29999999994516,5168.593364263157
10516,45.01954466406825,370.31999999994514,5168.6819282774295
10517,45.01954466406825,370.3399999999451,5168.770489288454
10518,45.01954466406825,370.3599999999451,5168.859047296029
10519,45.01954466406825,370.3799999999451,5168.947602299908
10520,45.01954466406825,370.39999999994507,5169.036154299847
10521,45.01954466406825,370.41999999994505,5169.124703295601
10522,45.01954466406825,370.43999999994503,5169.213249286924
10523,45.01954466406825,370.459999999945,5169.301792273572
10524,45.01954466406825,370.479999999945,5169.390332255299
10525,45.01954466406825,370.499999999945,5169.47886923186
10526,45.01954466406825,370.51999999994496,5169.56740320301
10527,45.01954466406825,370.53999999994494,5169.655934168504
10528,45.01954466406825,370.5599999999449,5169.744462128097
10529,45.01954466406825,370.5799999999449,5169.832987081544
10530,45.01954466406825,370.5999999999449,5169.9215090286
10531,45.01954466406825,370.61999999994487,5170.0100279690205
10532,45.01954466406825,370.63999999994485,5170.098543902581
10533,45.01954466406825,370.65999999994483,5170.187056829048
10534,45.01954466406825,370.6799999999448,5170.275566748175
10535,45.01954466406825,370.6999999999448,5170.364073659714
10536,45.01954466406825,370.7199999999448,5170.452577563418
10537,45.01954466406825,370.73999999994476,5170.541078459039
10538,45.01954466406825,370.75999999994474,5170.62957634633
10539,45.01954466406825,370.7799999999447,5170.718071225043
10540,45.01954466406825,370.7999999999447,5170.80656309493
10541,45.01954466406825,370.8199999999447,5170.895051955745
10542,45.01954466406825,370.83999999994467,5170.9835378072385
10543,45.01954466406825,370.85999999994465,5171.072020649164
10544,45.01954466406825,370.87999999994463,5171.1605004812745
10545,45.01954466406825,370.8999999999446,5171.248977303321
10546,45.01954466406825,370.9199999999446,5171.337451115058
10547,45.01954466406825,370.9399999999446,5171.425921916236
10548,45.01954466406825,370.95999999994456,5171.514389706608
10549,45.01954466406825,370.97999999994454,5171.602854485927
10550,45.01954466406825,370.9999999999445,5171.691316253946
10551,45.01954466406825,371.0199999999445,5171.779775010416
10552,45.01954466406825,371.0399999999445,5171.868230755092
10553,45.01954466406825,371.05999999994447,5171.956683487723
10554,45.01954466406825,371.07999999994445,5172.045133208065
10555,45.01954466406825,371.09999999994443,5172.133579915868
10556,45.01954466406825,371.1199999999444,5172.222023610886
10557,45.01954466406825,371.1399999999444,5172.310464292871
10558,45.01954466406825,371.1599999999444,5172.398901961576
10559,45.01954466406825,371.17999999994436,5172.487336616752
10560,45.01954466406825,371.19999999994434,5172.575768258153
10561,45.01954466406825,371.2199999999443,5172.664196885532
10562,45.01954466406825,371.2399999999443,5172.75262249864
10563,45.01954466406825,371.2599999999443,5172.8410450972315
10564,45.01954466406825,371.27999999994427,5172.929464681058
10565,45.01954466406825,371.29999999994425,5173.017881249872
10566,45.01954466406825,371.31999999994423,5173.10629480366
10567,45.01954466406825,371.3399999999442,5173.194705354795
10568,45.01954466406825,371.3599999999442,5173.283112913543
10569,45.01954466406825,371.3799999999442,5173.371517479655
10570,45.01954466406825,371.39999999994416,5173.459919052882
10571,45.01954466406825,371.41999999994414,5173.548317632972
10572,45.01954466406825,371.4399999999441,5173.6367132196765
10573,45.01954466406825,371.4599999999441,5173.725105812747
10574,45.01954466406825,371.4799999999441,5173.813495411931
10575,45.01954466406825,371.49999999994407,5173.901882016982
10576,45.01954466406825,371.51999999994405,5173.990265627648
10577,45.01954466406825,371.53999999994403,5174.07864624368
10578,45.01954466406825,371.559999999944,5174.1670238648285
10579,45.01954466406825,371.579999999944,5174.255398490844
10580,45.01954466406825,371.599999999944,5174.343770121475
10581,45.01954466406825,371.61999999994396,5174.432138756474
10582,45.01954466406825,371.63999999994394,5174.52050439559
10583,45.01954466406825,371.6599999999439,5174.608867038574
10584,45.01954466406825,371.6799999999439,5174.697226685176
10585,45.01954466406825,371.6999999999439,5174.785583335146
10586,45.01954466406825,371.71999999994387,5174.873936988235
10587,45.01954466406825,371.73999999994385,5174.962287644193
10588,45.01954466406825,371.75999999994383,5175.0506353027695
10589,45.01954466406825,371.7799999999438,5175.138979963716
10590,45.01954466406825,371.7999999999438,5175.227321626783
10591,45.01954466406825,371.8199999999438,5175.315660291721
10592,45.01954466406825,371.83999999994376,5175.403995958279
10593,45.01954466406825,371.85999999994374,5175.492328626207
10594,45.01954466406825,371.8799999999437,5175.580658295257
10595,45.01954466406825,371.8999999999437,5175.668984965179
10596,45.01954466406825,371.9199999999437,5175.757308635723
10597,45.01954466406825,371.93999999994367,5175.84562930664
10598,45.01954466406825,371.95999999994365,5175.93394697768
10599,45.01954466406825,371.97999999994363,5176.022261648593
10600,45.01954466406825,371.9999999999436,5176.110573319129
10601,45.01954466406825,372.0199999999436,5176.198881989039
10602,45.01954466406825,372.0399999999436,5176.287187658075
10603,45.01954466406825,372.05999999994356,5176.375490325985
10604,45.01954466406825,372.07999999994354,5176.46378999252
10605,45.01954466406825,372.0999999999435,5176.552086657432
10606,45.01954466406825,372.1199999999435,5176.6403803204685
10607,45.01954466406825,372.1399999999435,5176.7286709813825
10608,45.01954466406825,372.15999999994347,5176.8169586399235
10609,45.01954466406825,372.17999999994345,5176.9052432958415
10610,45.01954466406825,372.19999999994343,5176.993524948887
10611,45.01954466406825,372.2199999999434,5177.081803598811
10612,45.01954466406825,372.2399999999434,5177.170079245364
10613,45.01954466406825,372.2599999999434,5177.258351888296
10614,45.01954466406825,372.27999999994336,5177.3466215273575
10615,45.01954466406825,372.29999999994334,5177.434888162299
10616,45.01954466406825,372.3199999999433,5177.523151792871
10617,45.01954466406825,372.3399999999433,5177.611412419349
10618,45.01954466406825,372.3599999999433,5177.699670055613
10619,45.01954466406825,372.37999999994327,5177.787924710824
10620,45.01954466406825,372.39999999994325,5177.876176384735
10621,45.01954466406825,372.41999999994323,5177.964425077099
10622,45.01954466406825,372.4399999999432,5178.052670787669
10623,45.01954466406825,372.4599999999432,5178.1409135161975
10624,45.01954466406825,372.4799999999432,5178.229153262439
10625,45.01954466406825,372.49999999994316,5178.3173900261445
10626,45.01954466406825,372.51999999994314,5178.405623807068
10627,45.01954466406825,372.5399999999431,5178.493854604963
10628,45.01954466406825,372.5599999999431,5178.582082419583
10629,45.01954466406825,372.5799999999431,5178.670307250679
10630,45.01954466406825,372.59999999994307,5178.758529098006
10631,45.01954466406825,372.61999999994305,5178.846747961316
10632,45.01954466406825,372.63999999994303,5178.934963840363
10633,44.946202694060304,372.659999999943,5179.023176734899
10634,44.946202694060304,372.679999999943,5179.111386644678
10635,44.946202694060304,372.699999999943,5179.199593569452
10636,44.946202694060304,372.71999999994296,5179.287797508975
10637,44.946202694060304,372.73999999994294,5179.3759984630005
10638,44.946202694060304,372.7599999999429,5179.4641964312805
10639,44.946202694060304,372.7799999999429,5179.552391413568
10640,44.946202694060304,372.7999999999429,5179.640583409618
10641,44.946202694060304,372.81999999994287,5179.728772419181
10642,44.946202694060304,372.83999999994285,5179.816958442012
10643,44.946202694060304,372.85999999994283,5179.905141477863
10644,44.946202694060304,372.8799999999428,5179.993321526488
10645,44.946202694060304,372.8999999999428,5180.081498587599
10646,44.946202694060304,372.9199999999428,5180.169672660895
10647,44.946202694060304,372.93999999994276,5180.257843746131
10648,44.946202694060304,372.95999999994274,5180.346011843059
10649,44.946202694060304,372.9799999999427,5180.434176951435
10650,44.946202694060304,372.9999999999427,5180.522339071012
10651,44.946202694060304,373.0199999999427,5180.610498201543
10652,44.946202694060304,373.03999999994267,5180.698654342783
10653,44.946202694060304,373.05999999994265,5180.786807494485
10654,44.946202694060304,373.07999999994263,5180.874957656404
10655,44.946202694060304,373.0999999999426,5180.963104828294
10656,44.946202694060304,373.1199999999426,5181.051249009907
10657,44.946202694060304,373.1399999999426,5181.1393902009995
10658,44.946202694060304,373.15999999994256,5181.227528401324
10659,44.946202694060304,373.17999999994254,5181.315663610635
10660,44.946202694060304,373.1999999999425,5181.403795828686
10661,44.946202694060304,373.2199999999425,5181.491925055232
10662,44.946202694060304,373.2399999999425,5181.580051290026
10663,44.946202694060304,373.25999999994247,5181.668174532822
10664,44.946202694060304,373.27999999994245,5181.756294783375
10665,44.946202694060304,373.29999999994243,5181.844412041438
10666,44.946202694060304,373.3199999999424,5181.932526306766
10667,44.946202694060304,373.3399999999424,5182.020637579111
10668,44.946202694060304,373.3599999999424,5182.108745859003
10669,44.946202694060304,373.37999999994236,5182.1968511607965
10670,44.946202694060304,373.39999999994234,5182.28495349189
10671,44.946202694060304,373.4199999999423,5182.373052852037
10672,44.946202694060304,373.4399999999423,5182.461149240995
10673,44.946202694060304,373.4599999999423,5182.549242658519
10674,44.946202694060304,373.47999999994227,5182.637333104364
10675,44.946202694060304,373.49999999994225,5182.7254205782865
10676,44.946202694060304,373.51999999994223,5182.813505080041
10677,44.946202694060304,373.5399999999422,5182.901586609383
10678,44.946202694060304,373.5599999999422,5182.989665166069
10679,44.946202694060304,373.5799999999422,5183.077740749854
10680,44.946202694060304,373.59999999994216,5183.165813360492
10681,44.946202694060304,373.61999999994214,5183.253882997741
10682,44.946202694060304,373.6399999999421,5183.341949661355
10683,44.946202694060304,373.6599999999421,5183.430013351091
10684,44.946202694060304,373.6799999999421,5183.518074066703
10685,44.946202694060304,373.69999999994207,5183.606131807946
10686,44.946202694060304,373.71999999994205,5183.694186574578
10687,44.946202694060304,373.73999999994203,5183.782238366353
10688,44.946202694060304,373.759999999942,5183.870287183026
10689,44.946202694060304,373.779999999942,5183.958333024354
10690,44.946202694060304,373.799999999942,5184.046375890091
10691,44.946202694060304,373.81999999994196,5184.134415779995
10692,44.946202694060304,373.83999999994194,5184.222452693819
10693,44.946202694060304,373.8599999999419,5184.31048663132
10694,44.946202694060304,373.8799999999419,5184.398517592253
10695,44.946202694060304,373.8999999999419,5184.486545576373
10696,44.946202694060304,373.91999999994187,5184.574570583437
10697,44.946202694060304,373.93999999994185,5184.6625926132
10698,44.946202694060304,373.95999999994183,5184.750611665418
10699,44.946202694060304,373.9799999999418,5184.838627739846
10700,44.946202694060304,373.9999999999418,5184.926640836239
10701,44.946202694060304,374.0199999999418,5185.014650954354
10702,44.946202694060304,374.03999999994176,5185.102658093946
10703,44.946202694060304,374.05999999994174,5185.190662254771
10704,44.946202694060304,374.0799999999417,5185.278663436585
10705,44.946202694060304,374.0999999999417,5185.366661639142
10706,44.946202694060304,374.1199999999417,5185.454656862198
10707,44.946202694060304,374.13999999994167,5185.54264910551
10708,44.946202694060304,374.15999999994165,5185.6306383688325
10709,44.946202694060304,374.17999999994163,5185.718624651921
10710,44.946202694060304,374.1999999999416,5185.806607954532
10711,44.946202694060304,374.2199999999416,5185.894588276422
10712,44.946202694060304,374.2399999999416,5185.982565617344
10713,44.946202694060304,374.25999999994156,5186.070539977056
10714,44.946202694060304,374.27999999994154,5186.158511355313
10715,44.946202694060304,374.2999999999415,5186.2464797518705
10716,44.946202694060304,374.3199999999415,5186.334445166484
10717,44.946202694060304,374.3399999999415,5186.42240759891
10718,44.946202694060304,374.35999999994146,5186.5103670489025
10719,44.946202694060304,374.37999999994145,5186.598323517298
10720,44.946202694060304,374.39999999994143,5186.686277020055
10721,44.946202694060304,374.4199999999414,5186.774227563421
10722,44.946202694060304,374.4399999999414,5186.862175147154
10723,44.946202694060304,374.4599999999414,5186.950119771011
10724,44.946202694060304,374.47999999994136,5187.038061434749
10725,44.946202694060304,374.49999999994134,5187.126000138125
10726,44.946202694060304,374.5199999999413,5187.213935880897
10727,44.946202694060304,374.5399999999413,5187.301868662823
10728,44.946202694060304,374.5599999999413,5187.3897984836585
10729,44.946202694060304,374.57999999994126,5187.477725343162
10730,44.946202694060304,374.59999999994125,5187.565649241091
10731,44.946202694060304,374.61999999994123,5187.653570177203
10732,44.946202694060304,374.6399999999412,5187.741488151254
10733,44.946202694060304,374.6599999999412,5187.829403163003
10734,44.946202694060304,374.6799999999412,5187.917315212207
10735,44.946202694060304,374.69999999994116,5188.005224298622
10736,44.946202694060304,374.71999999994114,5188.093130422007
10737,44.946202694060304,374.7399999999411,5188.181033582118
10738,44.946202694060304,374.7599999999411,5188.268933778714
10739,44.946202694060304,374.7799999999411,5188.356831011552
10740,44.946202694060304,374.79999999994106,5188.4447252803875
10741,44.946202694060304,374.81999999994105,5188.532616584979
10742,44.946202694060304,374.839999999941,5188.620504925085
10743,44.946202694060304,374.859999999941,5188.708390300461
10744,44.946202694060304,374.879999999941,5188.796272710866
10745,44.946202694060304,374.899999999941,5188.884152156057
10746,44.946202694060304,374.91999999994096,5188.9720286357915
10747,44.946202694060304,374.93999999994094,5189.0599021498265
10748,44.946202694060304,374.9599999999409,5189.147772697919
10749,44.946202694060304,374.9799999999409,5189.235640279828
10750,44.946202694060304,374.9999999999409,5189.323504895309
10751,44.946202694060304,375.01999999994086,5189.411366544121
10752,44.946202694060304,375.03999999994085,5189.499225226021
10753,44.946202694060304,375.0599999999408,5189.587080940766
10754,44.946202694060304,375.0799999999408,5189.674933688114
10755,44.87305964538116,375.0999999999408,5189.7627834678215
10756,44.87305964538116,375.1199999999408,5189.850630279647
10757,44.87305964538116,375.13999999994076,5189.938474123347
10758,44.946202694060304,375.15999999994074,5190.026314998675
10759,44.946202694060304,375.1799999999407,5190.114152905313
10760,44.946202694060304,375.1999999999407,5190.201987842989
10761,44.87305964538116,375.2199999999407,5190.289819811459
10762,44.87305964538116,375.23999999994066,5190.377648810477
10763,44.87305964538116,375.25999999994065,5190.465474839797
10764,44.87305964538116,375.2799999999406,5190.553297899174
10765,44.87305964538116,375.2999999999406,5190.6411179883635
10766,44.87305964538116,375.3199999999406,5190.7289351071195
10767,44.87305964538116,375.3399999999406,5190.816749255197
10768,44.87305964538116,375.35999999994056,5190.90456043235
10769,44.87305964538116,375.37999999994054,5190.992368638334
10770,44.87305964538116,375.3999999999405,5191.080173874206
10771,44.87305964538116,375.4199999999405,5191.167976156325
10772,44.87305964538116,375.4399999999405,5191.255775489327
10773,44.87305964538116,375.45999999994046,5191.3435718729725
10774,44.87305964538116,375.47999999994045,5191.431365307019
10775,44.87305964538116,375.4999999999404,5191.519155791228
10776,44.87305964538116,375.5199999999404,5191.606943325356
10777,44.87305964538116,375.5399999999404,5191.694727909164
10778,44.87305964538116,375.5599999999404,5191.7825095424105
10779,44.87305964538116,375.57999999994036,5191.870288224854
10780,44.87305964538116,375.59999999994034,5191.958063956256
10781,44.87305964538116,375.6199999999403,5192.045836736374
10782,44.87305964538116,375.6399999999403,5192.133606564968
10783,44.87305964538116,375.6599999999403,5192.221373441797
10784,44.87305964538116,375.67999999994026,5192.30913736662
10785,44.87305964538116,375.69999999994025,5192.396898339196
10786,44.87305964538116,375.7199999999402,5192.484656359285
10787,44.87305964538116,375.7399999999402,5192.572411426645
10788,44.87305964538116,375.7599999999402,5192.660163541037
10789,44.87305964538116,375.7799999999402,5192.747912702219
10790,44.87305964538116,375.79999999994016,5192.835658909951
10791,44.87305964538116,375.81999999994014,5192.923402163992
10792,44.87305964538116,375.8399999999401,5193.011142464102
10793,44.87305964538116,375.8599999999401,5193.098879810039
10794,44.87305964538116,375.8799999999401,5193.186614201562
10795,44.87305964538116,375.89999999994006,5193.274345638432
10796,44.87305964538116,375.91999999994005,5193.362074120408
10797,44.87305964538116,375.93999999994,5193.449799647248
10798,44.87305964538116,375.95999999994,5193.537522218713
10799,44.87305964538116,375.97999999994,5193.625241834561
10800,44.87305964538116,375.99999999994,5193.7129584945515
10801,44.87305964538116,376.01999999993996,5193.800672198444
10802,44.87305964538116,376.03999999993994,5193.888382945998
10803,44.87305964538116,376.0599999999399,5193.976090736973
10804,44.87305964538116,376.0799999999399,5194.063795571128
10805,44.87305964538116,376.0999999999399,5194.1514974482225
10806,44.87305964538116,376.11999999993986,5194.239196368016
10807,44.87305964538116,376.13999999993985,5194.326892330267
10808,44.87305964538116,376.1599999999398,5194.414585334735
10809,44.87305964538116,376.1799999999398,5194.502275381181
10810,44.87305964538116,376.1999999999398,5194.589962469363
10811,44.87305964538116,376.2199999999398,5194.677646599041
10812,44.87305964538116,376.23999999993976,5194.765327769973
10813,44.87305964538116,376.25999999993974,5194.8530059819195
10814,44.87305964538116,376.2799999999397,5194.940681234641
10815,44.87305964538116,376.2999999999397,5195.028353527895
10816,44.87305964538116,376.3199999999397,5195.116022861442
10817,44.87305964538116,376.33999999993966,5195.20368923504
10818,44.87305964538116,376.35999999993965,5195.29135264845
10819,44.87305964538116,376.3799999999396,5195.37901310143
10820,44.87305964538116,376.3999999999396,5195.466670593741
10821,44.87305964538116,376.4199999999396,5195.554325126724
10822,44.87305964538116,376.4399999999396,5195.641976717943
10823,44.87305964538116,376.45999999993955,5195.729625370717
10824,44.87305964538116,376.47999999993954,5195.817271084805
10825,44.87305964538116,376.4999999999395,5195.904913859964
10826,44.87305964538116,376.5199999999395,5195.992553695954
10827,44.87305964538116,376.5399999999395,5196.080190592533
10828,44.87305964538116,376.55999999993946,5196.1678245494595
10829,44.87305964538116,376.57999999993945,5196.255455566493
10830,44.87305964538116,376.5999999999394,5196.343083643392
10831,44.87305964538116,376.6199999999394,5196.430708779915
10832,44.87305964538116,376.6399999999394,5196.518330975821
10833,44.87305964538116,376.6599999999394,5196.605950230869
10834,44.87305964538116,376.67999999993935,5196.693566544816
10835,44.87305964538116,376.69999999993934,5196.781179917423
10836,44.87305964538116,376.7199999999393,5196.868790348448
10837,44.87305964538116,376.7399999999393,5196.956397837649
10838,44.87305964538116,376.7599999999393,5197.044002384785
10839,44.87305964538116,376.77999999993926,5197.1316039896155
10840,44.87305964538116,376.79999999993925,5197.219202651899
10841,44.87305964538116,376.8199999999392,5197.306798371394
10842,44.87305964538116,376.8399999999392,5197.394391147858
10843,44.87305964538116,376.8599999999392,5197.481980981052
10844,44.87305964538116,376.8799999999392,5197.569567870734
10845,44.87305964538116,376.89999999993915,5197.657151816663
10846,44.87305964538116,376.91999999993914,5197.744732818597
10847,44.87305964538116,376.9399999999391,5197.832310876295
10848,44.87305964538116,376.9599999999391,5197.919885989517
10849,44.87305964538116,376.9799999999391,5198.00745815802
10850,44.87305964538116,376.99999999993906,5198.095027381564
10851,44.87305964538116,377.01999999993905,5198.182593659907
10852,44.87305964538116,377.039999999939,5198.270156992809
10853,44.87305964538116,377.059999999939,5198.357717380027
10854,44.87305964538116,377.079999999939,5198.445274821322
10855,44.87305964538116,377.099999999939,5198.532829316451
10856,44.87305964538116,377.11999999993895,5198.6203808651735
10857,44.87305964538116,377.13999999993894,5198.7079294672485
10858,44.87305964538116,377.1599999999389,5198.795475122435
10859,44.87305964538116,377.1799999999389,5198.883017830492
10860,44.87305964538116,377.1999999999389,5198.970557591177
10861,44.87305964538116,377.21999999993886,5199.0580944042495
10862,44.87305964538116,377.23999999993885,5199.145628269469
10863,44.87305964538116,377.2599999999388,5199.233159186594
10864,44.87305964538116,377.2799999999388,5199.320687155384
10865,44.87305964538116,377.2999999999388,5199.408212175597
10866,44.87305964538116,377.3199999999388,5199.4957342469925
10867,44.87305964538116,377.33999999993875,5199.583253369328
10868,44.87305964538116,377.35999999993874,5199.670769542365
10869,44.87305964538116,377.3799999999387,5199.75828276586
10870,44.87305964538116,377.3999999999387,5199.8457930395725
10871,44.87305964538116,377.4199999999387,5199.933300363262
10872,44.87305964538116,377.43999999993866,5200.020804738568
10873,44.87305964538116,377.45999999993865,5200.108306184372
10874,44.87305964538116,377.4799999999386,5200.195804702634
10875,44.87305964538116,377.4999999999386,5200.283300293116
10876,44.87305964538116,377.5199999999386,5200.370792955581
10877,44.87305964538116,377.5399999999386,5200.458282689794
10878,44.87305964538116,377.55999999993855,5200.545769495517
10879,44.87305964538116,377.57999999993854,5200.6332533725135
10880,44.87305964538116,377.5999999999385,5200.720734320548
10881,44.87305964538116,377.6199999999385,5200.808212339383
10882,44.87305964538116,377.6399999999385,5200.895687428782
10883,44.87305964538116,377.65999999993846,5200.983159588509
10884,44.80011476351693,377.67999999993845,5201.070628818326
10885,44.80011476351693,377.6999999999384,5201.1580951179985
10886,44.80011476351693,377.7199999999384,5201.245558487288
10887,44.80011476351693,377.7399999999384,5201.333018925959
10888,44.80011476351693,377.7599999999384,5201.420476433775
10889,44.80011476351693,377.77999999993835,5201.507931010498
10890,44.80011476351693,377.79999999993834,5201.595382655893
10891,44.80011476351693,377.8199999999383,5201.682831369723
10892,44.80011476351693,377.8399999999383,5201.7702771517515
10893,44.80011476351693,377.8599999999383,5201.857720001742
10894,44.80011476351693,377.87999999993826,5201.945159919457
10895,44.80011476351693,377.89999999993825,5202.032596904662
10896,44.80011476351693,377.9199999999382,5202.120030957119
10897,44.80011476351693,377.9399999999382,5202.207462076592
10898,44.80011476351693,377.9599999999382,5202.294890262843
10899,44.80011476351693,377.9799999999382,5202.382315515638
10900,44.80011476351693,377.99999999993815,5202.469737834739
10901,44.80011476351693,378.01999999993814,5202.55715721991
10902,44.80011476351693,378.0399999999381,5202.644573670914
10903,44.80011476351693,378.0599999999381,5202.731987187514
10904,44.80011476351693,378.0799999999381,5202.819397769475
10905,44.80011476351693,378.09999999993806,5202.906805416559
10906,44.80011476351693,378.11999999993805,5202.9942101285305
10907,44.80011476351693,378.139999999938,5203.081611905153
10908,44.80011476351693,378.159999999938,5203.16901074619
10909,44.80011476351693,378.179999999938,5203.256406651404
10910,44.80011476351693,378.199999999938,5203.34379962056
10911,44.80011476351693,378.21999999993795,5203.431189653421
10912,44.80011476351693,378.23999999993794,5203.51857674975
10913,44.80011476351693,378.2599999999379,5203.605960909311
10914,44.80011476351693,378.2799999999379,5203.693342131867
10915,44.80011476351693,378.2999999999379,5203.780720417183
10916,44.80011476351693,378.31999999993786,5203.868095765021
10917,44.80011476351693,378.33999999993785,5203.955468175145
10918,44.80011476351693,378.3599999999378,5204.042837647319
10919,44.80011476351693,378.3799999999378,5204.130204181307
10920,44.80011476351693,378.3999999999378,5204.217567776871
10921,44.80011476351693,378.4199999999378,5204.304928433776
10922,44.80011476351693,378.43999999993775,5204.392286151785
10923,44.80011476351693,378.45999999993774,5204.479640933557
10924,44.80011476351693,378.4799999999377,5204.566992796661
10925,44.80011476351693,378.4999999999377,5204.65434174252
10926,44.80011476351693,378.5199999999377,5204.741687770899
10927,44.80011476351693,378.53999999993766,5204.829030881563
10928,44.80011476351693,378.55999999993765,5204.916371074277
10929,44.80011476351693,378.5799999999376,5205.003708348805
10930,44.80011476351693,378.5999999999376,5205.091042704913
10931,44.80011476351693,378.6199999999376,5205.178374142366
10932,44.80011476351693,378.6399999999376,5205.2657026609295
10933,44.80011476351693,378.65999999993755,5205.353028260369
10934,44.80011476351693,378.67999999993754,5205.440350940448
10935,44.80011476351693,378.6999999999375,5205.527670700933
10936,44.80011476351693,378.7199999999375,5205.614987541589
10937,44.80011476351693,378.7399999999375,5205.70230146218
10938,44.80011476351693,378.75999999993746,5205.789612462472
10939,44.80011476351693,378.77999999993744,5205.87692054223
10940,44.80011476351693,378.7999999999374,5205.964225701219
10941,44.80011476351693,378.8199999999374,5206.051527939205
10942,44.80011476351693,378.8399999999374,5206.138827255952
10943,44.80011476351693,378.8599999999374,5206.226123651225
10944,44.80011476351693,378.87999999993735,5206.31341712479
10945,44.80011476351693,378.89999999993734,5206.400707676413
10946,44.80011476351693,378.9199999999373,5206.487995305857
10947,44.80011476351693,378.9399999999373,5206.5752800128885
10948,44.80011476351693,378.9599999999373,5206.662561797272
10949,44.80011476351693,378.97999999993726,5206.749840658774
10950,44.80011476351693,378.99999999993724,5206.837116597158
10951,44.80011476351693,379.0199999999372,5206.92438961219
10952,44.80011476351693,379.0399999999372,5207.011659703635
10953,44.80011476351693,379.0599999999372,5207.098926871258
10954,44.80011476351693,379.0799999999372,5207.186191114825
10955,44.80011476351693,379.09999999993715,5207.273452434101
10956,44.80011476351693,379.11999999993714,5207.360710828851
10957,44.80011476351693,379.1399999999371,5207.44796629884
10958,44.80011476351693,379.1599999999371,5207.535218843833
10959,44.80011476351693,379.1799999999371,5207.622468463595
10960,44.80011476351693,379.19999999993706,5207.709715157893
10961,44.80011476351693,379.21999999993704,5207.79695892649
10962,44.80011476351693,379.239999999937,5207.8841997691525
10963,44.80011476351693,379.259999999937,5207.9714376856455
10964,44.80011476351693,379.279999999937,5208.058672675734
10965,44.80011476351693,379.299999999937,5208.145904739184
10966,44.80011476351693,379.31999999993695,5208.233133875759
10967,44.80011476351693,379.33999999993694,5208.320360085227
10968,44.80011476351693,379.3599999999369,5208.4075833673505
10969,44.80011476351693,379.3799999999369,5208.4948037218965
10970,44.80011476351693,379.3999999999369,5208.58202114863
10971,44.80011476351693,379.41999999993686,5208.669235647316
10972,44.80011476351693,379.43999999993684,5208.756447217719
10973,44.80011476351693,379.4599999999368,5208.843655859606
10974,44.80011476351693,379.4799999999368,5208.930861577083
10975,44.80011476351693,379.4999999999368,5209.018064387183
10976,44.80011476351693,379.5199999999368,5209.105264291104
10977,44.80011476351693,379.53999999993675,5209.192461288611
10978,44.80011476351693,379.55999999993674,5209.279655379471
10979,44.80011476351693,379.5799999999367,5209.366846563446
10980,44.80011476351693,379.5999999999367,5209.454034840304
10981,44.80011476351693,379.6199999999367,5209.541220209808
10982,44.80011476351693,379.63999999993666,5209.628402671723
10983,44.80011476351693,379.65999999993664,5209.715582225814
10984,44.80011476351693,379.6799999999366,5209.802758871846
10985,44.80011476351693,379.6999999999366,5209.889932609584
10986,44.80011476351693,379.7199999999366,5209.977103438793
10987,44.80011476351693,379.7399999999366,5210.064271359198
10988,44.80011476351693,379.75999999993655,5210.151436370469
10989,44.80011476351693,379.77999999993654,5210.238598472363
10990,44.80011476351693,379.7999999999365,5210.325757664645
10991,44.80011476351693,379.8199999999365,5210.412913947078
10992,44.80011476351693,379.8399999999365,5210.500067319425
10993,44.80011476351693,379.85999999993646,5210.587217781452
10994,44.80011476351693,379.87999999993644,5210.67436533292
10995,44.80011476351693,379.8999999999364,5210.761509973595
10996,44.80011476351693,379.9199999999364,5210.84865170324
10997,44.80011476351693,379.9399999999364,5210.9357905216175
10998,44.80011476351693,379.9599999999364,5211.022926428493
10999,44.80011476351693,379.97999999993635,5211.1100594236295
11000,44.80011476351693,379.99999999993634,5211.197189506791
11001,44.80011476351693,380.0199999999363,5211.284316677741
11002,44.80011476351693,380.0399999999363,5211.371440936245
11003,44.80011476351693,380.0599999999363,5211.458562282064
11004,44.80011476351693,380.07999999993626,5211.545680714964
11005,44.80011476351693,380.09999999993624,5211.632796234708
11006,44.80011476351693,380.1199999999362,5211.71990884106
11007,44.80011476351693,380.1399999999362,5211.807018533783
11008,44.72736729762933,380.1599999999362,5211.894125312642
11009,44.72736729762933,380.1799999999362,5211.981229177401
11010,44.72736729762933,380.19999999993615,5212.068330127822
11011,44.72736729762933,380.21999999993614,5212.155428163671
11012,44.72736729762933,380.2399999999361,5212.24252328471
11013,44.72736729762933,380.2599999999361,5212.329615490704
11014,44.72736729762933,380.2799999999361,5212.416704781416
11015,44.72736729762933,380.29999999993606,5212.503791156611
11016,44.72736729762933,380.31999999993604,5212.590874616053
11017,44.72736729762933,380.339999999936,5212.677955159505
11018,44.72736729762933,380.359999999936,5212.76503278673
11019,44.72736729762933,380.379999999936,5212.852107497494
11020,44.72736729762933,380.39999999993597,5212.939179291559
11021,44.72736729762933,380.41999999993595,5213.0262481686905
11022,44.72736729762933,380.43999999993594,5213.113314128651
11023,44.72736729762933,380.4599999999359,5213.200377171205
11024,44.72736729762933,380.4799999999359,5213.287437296117
11025,44.72736729762933,380.4999999999359,5213.3744945085955
11026,44.72736729762933,380.51999999993586,5213.461548823859
11027,44.72736729762933,380.53999999993584,5213.548600242786
11028,44.72736729762933,380.5599999999358,5213.635648765146
11029,44.72736729762933,380.5799999999358,5213.722694390705
11030,44.72736729762933,380.5999999999358,5213.8097371192325
11031,44.72736729762933,380.61999999993577,5213.896776950496
11032,44.72736729762933,380.63999999993575,5213.983813884263
11033,44.72736729762933,380.65999999993574,5214.070847920302
11034,44.72736729762933,380.6799999999357,5214.157879058382
11035,44.72736729762933,380.6999999999357,5214.244907298269
11036,44.72736729762933,380.7199999999357,5214.331932639732
11037,44.72736729762933,380.73999999993566,5214.418955082539
11038,44.72736729762933,380.75999999993564,5214.505974626457
11039,44.72736729762933,380.7799999999356,5214.592991271255
11040,44.72736729762933,380.7999999999356,5214.680005016701
11041,44.72736729762933,380.8199999999356,5214.767015862563
11042,44.72736729762933,380.83999999993557,5214.854023808609
11043,44.72736729762933,380.85999999993555,5214.941028854607
11044,44.72736729762933,380.87999999993554,5215.0280310003245
11045,44.72736729762933,380.8999999999355,5215.115030245531
11046,44.72736729762933,380.9199999999355,5215.202026589993
11047,44.72736729762933,380.9399999999355,5215.289020033479
11048,44.72736729762933,380.95999999993546,5215.3760105757565
11049,44.72736729762933,380.97999999993544,5215.462998216594
11050,44.72736729762933,380.9999999999354,5215.54998295576
11051,44.72736729762933,381.0199999999354,5215.636964793022
11052,44.72736729762933,381.0399999999354,5215.72394372815
11053,44.72736729762933,381.05999999993537,5215.810919760909
11054,44.72736729762933,381.07999999993535,5215.897892891069
11055,44.72736729762933,381.09999999993533,5215.984863118398
11056,44.72736729762933,381.1199999999353,5216.071830442663
11057,44.72736729762933,381.1399999999353,5216.1587948636325
11058,44.72736729762933,381.1599999999353,5216.245756381075
11059,44.72736729762933,381.17999999993526,5216.332714994758
11060,44.72736729762933,381.19999999993524,5216.41967070445
11061,44.72736729762933,381.2199999999352,5216.506623509919
11062,44.72736729762933,381.2399999999352,5216.5935734109335
11063,44.72736729762933,381.2599999999352,5216.680520407261
11064,44.72736729762933,381.27999999993517,5216.76746449867
11065,44.72736729762933,381.29999999993515,5216.854405684929
11066,44.72736729762933,381.31999999993513,5216.941343965805
11067,44.72736729762933,381.3399999999351,5217.028279341066
11068,44.72736729762933,381.3599999999351,5217.115211810482
11069,44.72736729762933,381.3799999999351,5217.202141373819
11070,44.72736729762933,381.39999999993506,5217.289068030847
11071,44.72736729762933,381.41999999993504,5217.375991781333
11072,44.72736729762933,381.439999999935,5217.462912625046
11073,44.72736729762933,381.459999999935,5217.549830561753
11074,44.72736729762933,381.479999999935,5217.636745591223
11075,44.72736729762933,381.49999999993497,5217.723657713224
11076,44.72736729762933,381.51999999993495,5217.810566934413
11077,44.72736729762933,381.53999999993493,5217.89747326928
11078,44.72736729762933,381.5599999999349,5217.984376718463
11079,44.72736729762933,381.5799999999349,5218.071277281727
11080,44.72736729762933,381.5999999999349,5218.1581749588395
11081,44.72736729762933,381.61999999993486,5218.245069749566
11082,44.72736729762933,381.63999999993484,5218.331961653674
11083,44.72736729762933,381.6599999999348,5218.418850670929
11084,44.72736729762933,381.6799999999348,5218.505736801098
11085,44.72736729762933,381.6999999999348,5218.592620043946
11086,44.72736729762933,381.71999999993477,5218.679500399241
11087,44.72736729762933,381.73999999993475,5218.766377866748
11088,44.72736729762933,381.75999999993473,5218.853252446235
11089,44.72736729762933,381.7799999999347,5218.940124137468
11090,44.72736729762933,381.7999999999347,5219.026992940213
11091,44.72736729762933,381.8199999999347,5219.113858854236
11092,44.72736729762933,381.83999999993466,5219.200721879304
11093,44.72736729762933,381.85999999993464,5219.287582015183
11094,44.72736729762933,381.8799999999346,5219.37443926164
11095,44.72736729762933,381.8999999999346,5219.461293618441
11096,44.72736729762933,381.9199999999346,5219.548145085353
11097,44.72736729762933,381.93999999993457,5219.634993662142
11098,44.72736729762933,381.95999999993455,5219.721839348574
11099,44.72736729762933,381.97999999993453,5219.808682144416
11100,44.72736729762933,381.9999999999345,5219.8955220494345
11101,44.72736729762933,382.0199999999345,5219.982359063396
11102,44.72736729762933,382.0399999999345,5220.0691931860465
11103,44.72736729762933,382.05999999993446,5220.156024417114
11104,44.72736729762933,382.07999999993444,5220.242852756365
11105,44.72736729762933,382.0999999999344,5220.329678203567
11106,44.72736729762933,382.1199999999344,5220.416500758488
11107,44.72736729762933,382.1399999999344,5220.503320420897
11108,44.72736729762933,382.15999999993437,5220.590137190561
11109,44.72736729762933,382.17999999993435,5220.676951067249
11110,44.72736729762933,382.19999999993433,5220.76376205073
11111,44.72736729762933,382.2199999999343,5220.850570140771
11112,44.72736729762933,382.2399999999343,5220.93737533714
11113,44.72736729762933,382.2599999999343,5221.024177639606
11114,44.72736729762933,382.27999999993426,5221.110977047937
11115,44.72736729762933,382.29999999993424,5221.1977735619
11116,44.72736729762933,382.3199999999342,5221.284567181265
11117,44.72736729762933,382.3399999999342,5221.3713579057985
11118,44.72736729762933,382.3599999999342,5221.45814573527
11119,44.72736729762933,382.37999999993417,5221.544930669447
11120,44.72736729762933,382.39999999993415,5221.631712708098
11121,44.72736729762933,382.41999999993413,5221.718491850992
11122,44.72736729762933,382.4399999999341,5221.805268097895
11123,44.72736729762933,382.4599999999341,5221.892041448577
11124,44.72736729762933,382.4799999999341,5221.978811902806
11125,44.72736729762933,382.49999999993406,5222.06557946035
11126,44.72736729762933,382.51999999993404,5222.152344120977
11127,44.72736729762933,382.539999999934,5222.239105892715
11128,44.72736729762933,382.559999999934,5222.325864789068
11129,44.72736729762933,382.579999999934,5222.4126208104135
11130,44.72736729762933,382.59999999993397,5222.499373956522
11131,44.72736729762933,382.61999999993395,5222.586124227161
11132,44.65481650053377,382.63999999993393,5222.672871622102
11133,44.65481650053377,382.6599999999339,5222.759616141114
11134,44.65481650053377,382.6799999999339,5222.846357783966
11135,44.65481650053377,382.6999999999339,5222.933096550427
11136,44.65481650053377,382.71999999993386,5223.019832440266
11137,44.65481650053377,382.73999999993384,5223.106565453254
11138,44.65481650053377,382.7599999999338,5223.193295589159
11139,44.65481650053377,382.7799999999338,5223.280022847751
11140,44.65481650053377,382.7999999999338,5223.366747228799
11141,44.65481650053377,382.81999999993377,5223.453468732073
11142,44.65481650053377,382.83999999993375,5223.540187357342
11143,44.65481650053377,382.85999999993373,5223.626903104375
11144,44.65481650053377,382.8799999999337,5223.713615972942
11145,44.65481650053377,382.8999999999337,5223.800325962811
11146,44.65481650053377,382.9199999999337,5223.887033073754
11147,44.65481650053377,382.93999999993366,5223.973737305539
11148,44.65481650053377,382.95999999993364,5224.060438657935
11149,44.65481650053377,382.9799999999336,5224.1471371307125
11150,44.65481650053377,382.9999999999336,5224.23383272364
11151,44.65481650053377,383.0199999999336,5224.3205254364875
11152,44.65481650053377,383.03999999993357,5224.407215269024
11153,44.65481650053377,383.05999999993355,5224.49390222102
11154,44.65481650053377,383.07999999993353,5224.580586292243
11155,44.65481650053377,383.0999999999335,5224.667267482465
11156,44.65481650053377,383.1199999999335,5224.753945791454
11157,44.65481650053377,383.1399999999335,5224.840621218978
11158,44.65481650053377,383.15999999993346,5224.927293764809
11159,44.65481650053377,383.17999999993344,5225.013963428716
11160,44.65481650053377,383.1999999999334,5225.100630210468
11161,44.65481650053377,383.2199999999334,5225.1872941098345
11162,44.65481650053377,383.2399999999334,5225.273955126585
11163,44.65481650053377,383.25999999993337,5225.360613260488
11164,44.65481650053377,383.27999999993335,5225.447268511315
11165,44.65481650053377,383.29999999993333,5225.533920878835
11166,44.65481650053377,383.3199999999333,5225.620570362816
11167,44.65481650053377,383.3399999999333,5225.707216963028
11168,44.65481650053377,383.3599999999333,5225.793860679242
11169,44.65481650053377,383.37999999993326,5225.880501511227
11170,44.65481650053377,383.39999999993324,5225.967139458751
11171,44.65481650053377,383.4199999999332,5226.053774521585
11172,44.65481650053377,383.4399999999332,5226.140406699498
11173,44.65481650053377,383.4599999999332,5226.22703599226
11174,44.65481650053377,383.47999999993317,5226.313662399641
11175,44.65481650053377,383.49999999993315,5226.400285921408
11176,44.65481650053377,383.51999999993313,5226.486906557333
11177,44.65481650053377,383.5399999999331,5226.573524307185
11178,44.65481650053377,383.5599999999331,5226.660139179931
11179,44.65481650053377,383.5799999999331,5226.746751187491
11180,44.65481650053377,383.59999999993306,5226.833360329962
11181,44.65481650053377,383.61999999993304,5226.919966607113
11182,44.65481650053377,383.639999999933,5227.006570018714
11183,44.65481650053377,383.659999999933,5227.093170564535
11184,44.65481650053377,383.679999999933,5227.179768244346
11185,44.65481650053377,383.69999999993297,5227.266363057915
11186,44.65481650053377,383.71999999993295,5227.352955005013
11187,44.65481650053377,383.73999999993293,5227.43954408541
11188,44.65481650053377,383.7599999999329,5227.526130298874
11189,44.65481650053377,383.7799999999329,5227.612713645175
11190,44.65481650053377,383.7999999999329,5227.699294124083
11191,44.65481650053377,383.81999999993286,5227.785871735368
11192,44.65481650053377,383.83999999993284,5227.872446478799
11193,44.65481650053377,383.8599999999328,5227.959018354147
11194,44.65481650053377,383.8799999999328,5228.045587361179
11195,44.65481650053377,383.8999999999328,5228.132153499667
11196,44.65481650053377,383.91999999993277,5228.218716769379
11197,44.65481650053377,383.93999999993275,5228.305277170086
11198,44.65481650053377,383.95999999993273,5228.391834701557
11199,44.65481650053377,383.9799999999327,5228.478389363561
11200,44.65481650053377,383.9999999999327,5228.56494115587
11201,44.65481650053377,384.0199999999327,5228.651490078251
11202,44.65481650053377,384.03999999993266,5228.738036130475
11203,44.65481650053377,384.05999999993264,5228.8245793123115
11204,44.65481650053377,384.0799999999326,5228.91111962353
11205,44.65481650053377,384.0999999999326,5228.9976570639
11206,44.65481650053377,384.1199999999326,5229.084191633192
11207,44.65481650053377,384.13999999993257,5229.1707233311745
11208,44.65481650053377,384.15999999993255,5229.257252157618
11209,44.65481650053377,384.17999999993253,5229.343778112291
11210,44.65481650053377,384.1999999999325,5229.430301194965
11211,44.65481650053377,384.2199999999325,5229.516821405409
11212,44.65481650053377,384.2399999999325,5229.603338743393
11213,44.65481650053377,384.25999999993246,5229.689853208685
11214,44.65481650053377,384.27999999993244,5229.776364801057
11215,44.65481650053377,384.2999999999324,5229.862873520277
11216,44.65481650053377,384.3199999999324,5229.949379366117
11217,44.65481650053377,384.3399999999324,5230.03588233832
11218,44.65481650053377,384.35999999993237,5230.122382436385
11219,44.65481650053377,384.37999999993235,5230.20887966003
11220,44.65481650053377,384.39999999993233,5230.295374009028
11221,44.65481650053377,384.4199999999323,5230.381865483151
11222,44.65481650053377,384.4399999999323,5230.4683540821725
11223,44.65481650053377,384.4599999999323,5230.5548398058645
11224,44.65481650053377,384.47999999993226,5230.641322654
11225,44.65481650053377,384.49999999993224,5230.72780262635
11226,44.65481650053377,384.5199999999322,5230.814279722689
11227,44.65481650053377,384.5399999999322,5230.900753942789
11228,44.65481650053377,384.5599999999322,5230.9872252864225
11229,44.65481650053377,384.57999999993217,5231.073693764224
11230,44.65481650053377,384.59999999993215,5231.160159387505
11231,44.65481650053377,384.61999999993213,5231.246622156113
11232,44.65481650053377,384.6399999999321,5231.333082069821
11233,44.65481650053377,384.6599999999321,5231.419539128404
11234,44.65481650053377,384.6799999999321,5231.505993331635
11235,44.65481650053377,384.69999999993206,5231.592444679288
11236,44.65481650053377,384.71999999993204,5231.678893171135
11237,44.65481650053377,384.739999999932,5231.765338806952
11238,44.65481650053377,384.759999999932,5231.851781586511
11239,44.65481650053377,384.779999999932,5231.938221509586
11240,44.65481650053377,384.79999999993197,5232.02465857595
11241,44.65481650053377,384.81999999993195,5232.111092785377
11242,44.65481650053377,384.83999999993193,5232.19752413764
11243,44.65481650053377,384.8599999999319,5232.283952632514
11244,44.65481650053377,384.8799999999319,5232.370378269772
11245,44.65481650053377,384.8999999999319,5232.456801049188
11246,44.65481650053377,384.91999999993186,5232.543220970534
11247,44.65481650053377,384.93999999993184,5232.629638033585
11248,44.65481650053377,384.9599999999318,5232.716052238115
11249,44.65481650053377,384.9799999999318,5232.802463583896
11250,44.65481650053377,384.9999999999318,5232.888872070703
11251,44.65481650053377,385.01999999993177,5232.975277698309
11252,44.65481650053377,385.03999999993175,5233.061680466488
11253,44.65481650053377,385.05999999993173,5233.148080375014
11254,44.65481650053377,385.0799999999317,5233.23447742366
11255,44.65481650053377,385.0999999999317,5233.3208716122
11256,44.582461628677734,385.1199999999317,5233.407262940407
11257,44.582461628677734,385.13999999993166,5233.4936514080555
11258,44.582461628677734,385.15999999993164,5233.580037014918
11259,44.582461628677734,385.1799999999316,5233.66641976077
11260,44.582461628677734,385.1999999999316,5233.752799645384
11261,44.582461628677734,385.2199999999316,5233.839176668534
11262,44.582461628677734,385.23999999993157,5233.925550829993
11263,44.582461628677734,385.25999999993155,5234.011922129535
11264,44.582461628677734,385.27999999993153,5234.098290566934
11265,44.582461628677734,385.2999999999315,5234.184656141964
11266,44.582461628677734,385.3199999999315,5234.271018854398
11267,44.582461628677734,385.3399999999315,5234.3573787040095
11268,44.582461628677734,385.35999999993146,5234.443735690573
11269,44.582461628677734,385.37999999993144,5234.530089813862
11270,44.582461628677734,385.3999999999314,5234.61644107365
11271,44.582461628677734,385.4199999999314,5234.702789469711
11272,44.582461628677734,385.4399999999314,5234.789135001819
11273,44.582461628677734,385.45999999993137,5234.875477669747
11274,44.582461628677734,385.47999999993135,5234.961817473269
11275,44.582461628677734,385.49999999993133,5235.0481544121585
11276,44.582461628677734,385.5199999999313,5235.13448848619
11277,44.582461628677734,385.5399999999313,5235.220819695137
11278,44.582461628677734,385.5599999999313,5235.3071480387725
11279,44.582461628677734,385.57999999993126,5235.393473517052
11280,44.582461628677734,385.59999999993124,5235.479796141199
11281,44.582461628677734,385.6199999999312,5235.566115920802
11282,44.582461628677734,385.6399999999312,5235.652432855637
11283,44.582461628677734,385.6599999999312,5235.738746945478
11284,44.582461628677734,385.67999999993117,5235.825058190099
11285,44.582461628677734,385.69999999993115,5235.9113665892755
11286,44.582461628677734,385.71999999993113,5235.99767214278
11287,44.582461628677734,385.7399999999311,5236.083974850389
11288,44.582461628677734,385.7599999999311,5236.170274711875
11289,44.582461628677734,385.7799999999311,5236.2565717270145
11290,44.582461628677734,385.79999999993106,5236.34286589558
11291,44.582461628677734,385.81999999993104,5236.429157217347
11292,44.582461628677734,385.839999999931,5236.51544569209
11293,44.582461628677734,385.859999999931,5236.6017313195825
11294,44.582461628677734,385.879999999931,5236.6880140996
11295,44.582461628677734,385.89999999993097,5236.774294031917
11296,44.582461628677734,385.91999999993095,5236.860571116306
11297,44.582461628677734,385.93999999993093,5236.946845352544
11298,44.582461628677734,385.9599999999309,5237.033116740405
11299,44.582461628677734,385.9799999999309,5237.119385279662
11300,44.582461628677734,385.9999999999309,5237.2056509700915
11301,44.582461628677734,386.01999999993086,5237.291913811467
11302,44.582461628677734,386.03999999993084,5237.378173803562
11303,44.582461628677734,386.0599999999308,5237.464430946152
11304,44.582461628677734,386.0799999999308,5237.550685239012
11305,44.582461628677734,386.0999999999308,5237.636936681915
11306,44.582461628677734,386.11999999993077,5237.723185274637
11307,44.582461628677734,386.13999999993075,5237.809431016952
11308,44.582461628677734,386.15999999993073,5237.895673908633
11309,44.582461628677734,386.1799999999307,5237.9819139494575
11310,44.582461628677734,386.1999999999307,5238.068151139198
11311,44.582461628677734,386.2199999999307,5238.154385477629
11312,44.582461628677734,386.23999999993066,5238.2406169645255
11313,44.582461628677734,386.25999999993064,5238.326845599662
11314,44.582461628677734,386.2799999999306,5238.4130713828135
11315,44.582461628677734,386.2999999999306,5238.499294313754
11316,44.582461628677734,386.3199999999306,5238.585514392258
11317,44.582461628677734,386.33999999993057,5238.6717316181
11318,44.582461628677734,386.35999999993055,5238.757945991055
11319,44.582461628677734,386.37999999993053,5238.844157510897
11320,44.582461628677734,386.3999999999305,5238.930366177401
11321,44.582461628677734,386.4199999999305,5239.016571990342
11322,44.582461628677734,386.4399999999305,5239.102774949493
11323,44.582461628677734,386.45999999993046,5239.18897505463
11324,44.582461628677734,386.47999999993044,5239.275172305527
11325,44.582461628677734,386.4999999999304,5239.361366701959
11326,44.582461628677734,386.5199999999304,5239.4475582437
11327,44.582461628677734,386.5399999999304,5239.533746930525
11328,44.582461628677734,386.55999999993037,5239.619932762208
11329,44.582461628677734,386.57999999993035,5239.706115738524
11330,44.582461628677734,386.59999999993033,5239.792295859693
11331,44.582461628677734,386.6199999999303,5239.878473138248
11332,44.582461628677734,386.6399999999303,5239.964647582719
11333,44.582461628677734,386.6599999999303,5240.0508191928475
11334,44.582461628677734,386.67999999993026,5240.136987968247
11335,44.582461628677734,386.69999999993024,5240.223153908677
11336,44.582461628677734,386.7199999999302,5240.309317013909
11337,44.582461628677734,386.7399999999302,5240.395477283716
11338,44.582461628677734,386.7599999999302,5240.481634717869
11339,44.582461628677734,386.77999999993017,5240.567789316141
11340,44.582461628677734,386.79999999993015,5240.653941078303
11341,44.582461628677734,386.81999999993013,5240.740090004129
11342,44.582461628677734,386.8399999999301,5240.82623609339
11343,44.582461628677734,386.8599999999301,5240.912379345858
11344,44.582461628677734,386.8799999999301,5240.998519761306
11345,44.582461628677734,386.89999999993006,5241.084657339505
11346,44.582461628677734,386.91999999993004,5241.170792080227
11347,44.582461628677734,386.93999999993,5241.2569239832455
11348,44.582461628677734,386.95999999993,5241.343053048332
11349,44.582461628677734,386.97999999993,5241.429179275258
11350,44.582461628677734,386.99999999992997,5241.515302663797
11351,44.582461628677734,387.01999999992995,5241.60142321372
11352,44.582461628677734,387.03999999992993,5241.6875409248
11353,44.582461628677734,387.0599999999299,5241.773655796808
11354,44.582461628677734,387.0799999999299,5241.859767829517
11355,44.582461628677734,387.0999999999299,5241.945877022699
11356,44.582461628677734,387.11999999992986,5242.031983376127
11357,44.582461628677734,387.13999999992984,5242.118086889572
11358,44.582461628677734,387.1599999999298,5242.2041875628065
11359,44.582461628677734,387.1799999999298,5242.290285395603
11360,44.582461628677734,387.1999999999298,5242.376380387734
11361,44.582461628677734,387.21999999992977,5242.462472538971
11362,44.582461628677734,387.23999999992975,5242.5485618490875
11363,44.582461628677734,387.25999999992973,5242.634648317854
11364,44.582461628677734,387.2799999999297,5242.720731945044
11365,44.582461628677734,387.2999999999297,5242.806812730429
11366,44.582461628677734,387.3199999999297,5242.892890673781
11367,44.582461628677734,387.33999999992966,5242.978965774873
11368,44.582461628677734,387.35999999992964,5243.065038033477
11369,44.582461628677734,387.3799999999296,5243.151107449366
11370,44.582461628677734,387.3999999999296,5243.237174022311
11371,44.582461628677734,387.4199999999296,5243.323237752084
11372,44.582461628677734,387.43999999992957,5243.4092986384585
11373,44.582461628677734,387.45999999992955,5243.495356681206
11374,44.582461628677734,387.47999999992953,5243.5814118801
11375,44.582461628677734,387.4999999999295,5243.667464234911
11376,44.582461628677734,387.5199999999295,5243.7535137454115
11377,44.582461628677734,387.5399999999295,5243.839560411375
11378,44.582461628677734,387.55999999992946,5243.925604232572
11379,44.582461628677734,387.57999999992944,5244.011645208777
11380,44.582461628677734,387.5999999999294,5244.097683339761
11381,44.51030194211914,387.6199999999294,5244.183718625994
11382,44.51030194211914,387.6399999999294,5244.269751080917
11383,44.51030194211914,387.65999999992937,5244.355780711701
11384,44.51030194211914,387.67999999992935,5244.44180751813
11385,44.51030194211914,387.69999999992933,5244.527831499984
11386,44.51030194211914,387.7199999999293,5244.613852657046
11387,44.51030194211914,387.7399999999293,5244.699870989096
11388,44.51030194211914,387.7599999999293,5244.785886495915
11389,44.51030194211914,387.77999999992926,5244.871899177287
11390,44.51030194211914,387.79999999992924,5244.957909032991
11391,44.51030194211914,387.8199999999292,5245.043916062809
11392,44.51030194211914,387.8399999999292,5245.129920266523
11393,44.51030194211914,387.8599999999292,5245.215921643915
11394,44.51030194211914,387.87999999992917,5245.301920194765
11395,44.51030194211914,387.89999999992915,5245.387915918856
11396,44.51030194211914,387.91999999992913,5245.4739088159695
11397,44.51030194211914,387.9399999999291,5245.5598988858865
11398,44.51030194211914,387.9599999999291,5245.645886128388
11399,44.51030194211914,387.9799999999291,5245.731870543257
11400,44.51030194211914,387.99999999992906,5245.817852130274
11401,44.51030194211914,388.01999999992904,5245.90383088922
11402,44.51030194211914,388.039999999929,5245.989806819878
11403,44.51030194211914,388.059999999929,5246.075779922029
11404,44.51030194211914,388.079999999929,5246.161750195454
11405,44.51030194211914,388.09999999992897,5246.247717639935
11406,44.51030194211914,388.11999999992895,5246.333682255254
11407,44.51030194211914,388.13999999992893,5246.4196440411915
11408,44.51030194211914,388.1599999999289,5246.50560299753
11409,44.51030194211914,388.1799999999289,5246.591559124051
11410,44.51030194211914,388.1999999999289,5246.677512420536
11411,44.51030194211914,388.21999999992886,5246.763462886766
11412,44.51030194211914,388.23999999992884,5246.849410522524
11413,44.51030194211914,388.2599999999288,5246.93535532759
11414,44.51030194211914,388.2799999999288,5247.021297301746
11415,44.51030194211914,388.2999999999288,5247.107236444775
11416,44.51030194211914,388.31999999992877,5247.193172756457
11417,44.51030194211914,388.33999999992875,5247.279106236574
11418,44.51030194211914,388.35999999992873,5247.3650368849085
11419,44.51030194211914,388.3799999999287,5247.450964701241
11420,44.51030194211914,388.3999999999287,5247.536889685353
11421,44.51030194211914,388.4199999999287,5247.622811837027
11422,44.51030194211914,388.43999999992866,5247.708731156044
11423,44.51030194211914,388.45999999992864,5247.794647642187
11424,44.51030194211914,388.4799999999286,5247.880561295236
11425,44.51030194211914,388.4999999999286,5247.966472114973
11426,44.51030194211914,388.5199999999286,5248.05238010118
11427,44.51030194211914,388.53999999992857,5248.138285253638
11428,44.51030194211914,388.55999999992855,5248.22418757213
11429,44.51030194211914,388.57999999992853,5248.310087056437
11430,44.51030194211914,388.5999999999285,5248.395983706339
11431,44.51030194211914,388.6199999999285,5248.481877521621
11432,44.51030194211914,388.6399999999285,5248.567768502988
11433,44.51030194211914,388.65999999992846,5248.653656664485
11434,44.51030194211914,388.67999999992844,5248.739542011824
11435,44.51030194211914,388.6999999999284,5248.825424544782
11436,44.51030194211914,388.7199999999284,5248.91130426314
11437,44.51030194211914,388.7399999999284,5248.9971811666765
11438,44.51030194211914,388.75999999992837,5249.083055255171
11439,44.51030194211914,388.77999999992835,5249.168926528402
11440,44.51030194211914,388.79999999992833,5249.254794986151
11441,44.51030194211914,388.8199999999283,5249.340660628195
11442,44.51030194211914,388.8399999999283,5249.4265234543145
11443,44.51030194211914,388.8599999999283,5249.512383464289
11444,44.51030194211914,388.87999999992826,5249.598240657898
11445,44.51030194211914,388.89999999992824,5249.68409503492
11446,44.51030194211914,388.9199999999282,5249.769946595135
11447,44.51030194211914,388.9399999999282,5249.8557953383215
11448,44.51030194211914,388.9599999999282,5249.94164126426
11449,44.51030194211914,388.97999999992817,5250.027484372716
11450,44.51030194211914,388.99999999992815,5250.113324663271
11451,44.51030194211914,389.01999999992813,5250.199162135641
11452,44.51030194211914,389.0399999999281,5250.284996789604
11453,44.51030194211914,389.0599999999281,5250.370828624937
11454,44.51030194211914,389.0799999999281,5250.456657641417
11455,44.51030194211914,389.09999999992806,5250.5424838388235
11456,44.51030194211914,389.11999999992804,5250.6283072169335
11457,44.51030194211914,389.139999999928,5250.7141277755245
11458,44.51030194211914,389.159999999928,5250.799945514375
11459,44.51030194211914,389.179999999928,5250.8857604332625
11460,44.51030194211914,389.19999999992797,5250.971572531965
11461,44.51030194211914,389.21999999992795,5251.057381810259
11462,44.51030194211914,389.23999999992793,5251.143188267924
11463,44.51030194211914,389.2599999999279,5251.228991904738
11464,44.51030194211914,389.2799999999279,5251.314792720477
11465,44.51030194211914,389.2999999999279,5251.40059071492
11466,44.51030194211914,389.31999999992786,5251.486385887845
11467,44.51030194211914,389.33999999992784,5251.57217823903
11468,44.51030194211914,389.3599999999278,5251.657967768252
11469,44.51030194211914,389.3799999999278,5251.743754475289
11470,44.51030194211914,389.3999999999278,5251.82953835992
11471,44.51030194211914,389.41999999992777,5251.915319421921
11472,44.51030194211914,389.43999999992775,5252.00109766107
11473,44.51030194211914,389.45999999992773,5252.086873077146
11474,44.51030194211914,389.4799999999277,5252.172645669927
11475,44.51030194211914,389.4999999999277,5252.258415439191
11476,44.51030194211914,389.5199999999277,5252.344182384714
11477,44.51030194211914,389.53999999992766,5252.429946506276
11478,44.51030194211914,389.55999999992764,5252.515707803654
11479,44.51030194211914,389.5799999999276,5252.601466276626
11480,44.51030194211914,389.5999999999276,5252.687221924969
11481,44.51030194211914,389.6199999999276,5252.772974748463
11482,44.51030194211914,389.63999999992757,5252.858724746884
11483,44.51030194211914,389.65999999992755,5252.944471921223
11484,44.51030194211914,389.67999999992753,5253.030216287012
11485,44.51030194211914,389.6999999999275,5253.115957848865
11486,44.51030194211914,389.7199999999275,5253.201696606563
11487,44.51030194211914,389.7399999999275,5253.287432559886
11488,44.51030194211914,389.75999999992746,5253.373165708615
11489,44.51030194211914,389.77999999992744,5253.458896052529
11490,44.51030194211914,389.7999999999274,5253.54462359141
11491,44.51030194211914,389.8199999999274,5253.630348325037
11492,44.51030194211914,389.8399999999274,5253.71607025319
11493,44.51030194211914,389.85999999992737,5253.8017893756505
11494,44.51030194211914,389.87999999992735,5253.887505692198
11495,44.51030194211914,389.89999999992733,5253.973219202612
11496,44.51030194211914,389.9199999999273,5254.058929906674
11497,44.51030194211914,389.9399999999273,5254.144637804165
11498,44.51030194211914,389.9599999999273,5254.230342894863
11499,44.51030194211914,389.97999999992726,5254.31604517855
11500,44.51030194211914,389.99999999992724,5254.401744655005
11501,44.51030194211914,390.0199999999272,5254.4874413240095
11502,44.51030194211914,390.0399999999272,5254.573135185344
11503,44.51030194211914,390.0599999999272,5254.658826238788
11504,44.51030194211914,390.07999999992717,5254.744514484121
11505,44.51030194211914,390.09999999992715,5254.830199921125
11506,44.43833670450497,390.11999999992713,5254.91588254958
11507,44.43833670450497,390.1399999999271,5255.001562369265
11508,44.43833670450497,390.1599999999271,5255.087239379962
11509,44.43833670450497,390.1799999999271,5255.17291358145
11510,44.43833670450497,390.19999999992706,5255.258584973511
11511,44.43833670450497,390.21999999992704,5255.344253555923
11512,44.43833670450497,390.239999999927,5255.429919328469
11513,44.43833670450497,390.259999999927,5255.515582290927
11514,44.43833670450497,390.279999999927,5255.601242443079
11515,44.43833670450497,390.29999999992697,5255.686899784705
11516,44.43833670450497,390.31999999992695,5255.772554315585
11517,44.43833670450497,390.33999999992693,5255.858206035498
11518,44.43833670450497,390.3599999999269,5255.9438549442275
11519,44.43833670450497,390.3799999999269,5256.029501041551
11520,44.43833670450497,390.3999999999269,5256.11514432725
11521,44.43833670450497,390.41999999992686,5256.200784801105
11522,44.43833670450497,390.43999999992684,5256.286422462897
11523,44.43833670450497,390.4599999999268,5256.372057312405
11524,44.43833670450497,390.4799999999268,5256.45768934941
11525,44.43833670450497,390.4999999999268,5256.543318573693
11526,44.43833670450497,390.51999999992677,5256.628944985034
11527,44.43833670450497,390.53999999992675,5256.714568583213
11528,44.43833670450497,390.55999999992673,5256.80018936801
11529,44.43833670450497,390.5799999999267,5256.885807339207
11530,44.43833670450497,390.5999999999267,5256.971422496583
11531,44.43833670450497,390.6199999999267,5257.057034839919
11532,44.43833670450497,390.63999999992666,5257.142644368995
11533,44.43833670450497,390.65999999992664,5257.228251083593
11534,44.43833670450497,390.6799999999266,5257.313854984896
11535,44.43833670450497,390.6999999999266,5257.3994560887195
11536,44.43833670450497,390.7199999999266,5257.4850543982375
11537,44.43833670450497,390.73999999992657,5257.570649913233
11538,44.43833670450497,390.75999999992655,5257.656242633489
11539,44.43833670450497,390.77999999992653,5257.741832558788
11540,44.43833670450497,390.7999999999265,5257.827419688912
11541,44.43833670450497,390.8199999999265,5257.913004023646
11542,44.43833670450497,390.8399999999265,5257.998585562771
11543,44.43833670450497,390.85999999992646,5258.084164306071
11544,44.43833670450497,390.87999999992644,5258.169740253329
11545,44.43833670450497,390.8999999999264,5258.255313404326
11546,44.43833670450497,390.9199999999264,5258.340883758848
11547,44.43833670450497,390.9399999999264,5258.4264513166745
11548,44.43833670450497,390.95999999992637,5258.5120160775905
11549,44.43833670450497,390.97999999992635,5258.597578041377
11550,44.43833670450497,390.99999999992633,5258.6831372078195
11551,44.43833670450497,391.0199999999263,5258.768693576699
11552,44.43833670450497,391.0399999999263,5258.854247147799
11553,44.43833670450497,391.0599999999263,5258.939797920902
11554,44.43833670450497,391.07999999992626,5259.02534589579
11555,44.43833670450497,391.09999999992624,5259.110891072249
11556,44.43833670450497,391.1199999999262,5259.196433450058
11557,44.43833670450497,391.1399999999262,5259.281973029003
11558,44.43833670450497,391.1599999999262,5259.367509808865
11559,44.43833670450497,391.17999999992617,5259.453043789428
11560,44.43833670450497,391.19999999992615,5259.538574970475
11561,44.43833670450497,391.21999999992613,5259.624103351787
11562,44.43833670450497,391.2399999999261,5259.709628933149
11563,44.43833670450497,391.2599999999261,5259.795151714344
11564,44.43833670450497,391.2799999999261,5259.880671695153
11565,44.43833670450497,391.29999999992606,5259.966188875361
11566,44.43833670450497,391.31999999992604,5260.051703254704
11567,44.43833670450497,391.339999999926,5260.137214832761
11568,44.43833670450497,391.359999999926,5260.222723609296
11569,44.43833670450497,391.379999999926,5260.308229584092
11570,44.43833670450497,391.39999999992597,5260.393732756932
11571,44.43833670450497,391.41999999992595,5260.479233127597
11572,44.43833670450497,391.43999999992593,5260.564730695869
11573,44.43833670450497,391.4599999999259,5260.650225461532
11574,44.43833670450497,391.4799999999259,5260.735717424367
11575,44.43833670450497,391.4999999999259,5260.821206584157
11576,44.43833670450497,391.51999999992586,5260.9066929406845
11577,44.43833670450497,391.53999999992584,5260.992176493731
11578,44.43833670450497,391.5599999999258,5261.077657243079
11579,44.43833670450497,391.5799999999258,5261.163135188511
11580,44.43833670450497,391.5999999999258,5261.24861032981
11581,44.43833670450497,391.61999999992577,5261.334082666757
11582,44.43833670450497,391.63999999992575,5261.419552199136
11583,44.43833670450497,391.65999999992573,5261.505018926729
11584,44.43833670450497,391.6799999999257,5261.590482849317
11585,44.43833670450497,391.6999999999257,5261.675943968382
11586,44.43833670450497,391.7199999999257,5261.761402301226
11587,44.43833670450497,391.73999999992566,5261.846857849855
11588,44.43833670450497,391.75999999992564,5261.93231061405
11589,44.43833670450497,391.7799999999256,5262.0177605935905
11590,44.43833670450497,391.7999999999256,5262.103207788256
11591,44.43833670450497,391.8199999999256,5262.188652197828
11592,44.43833670450497,391.83999999992557,5262.274093822084
11593,44.43833670450497,391.85999999992555,5262.359532660806
11594,44.43833670450497,391.87999999992553,5262.444968713772
11595,44.43833670450497,391.8999999999255,5262.530401980764
11596,44.43833670450497,391.9199999999255,5262.61583246156
11597,44.43833670450497,391.9399999999255,5262.701260155941
11598,44.43833670450497,391.95999999992546,5262.7866850636865
11599,44.43833670450497,391.97999999992544,5262.872107184577
11600,44.43833670450497,391.9999999999254,5262.957526518392
11601,44.43833670450497,392.0199999999254,5263.042943064912
11602,44.43833670450497,392.0399999999254,5263.128356823916
11603,44.43833670450497,392.05999999992537,5263.213767795184
11604,44.43833670450497,392.07999999992535,5263.299175978497
11605,44.43833670450497,392.09999999992533,5263.384581373634
11606,44.43833670450497,392.1199999999253,5263.469983980376
11607,44.43833670450497,392.1399999999253,5263.555383798502
11608,44.43833670450497,392.1599999999253,5263.640780827792
11609,44.43833670450497,392.17999999992526,5263.726175068026
11610,44.43833670450497,392.19999999992524,5263.811566518984
11611,44.43833670450497,392.2199999999252,5263.896955180447
11612,44.43833670450497,392.2399999999252,5263.982341052193
11613,44.43833670450497,392.2599999999252,5264.067724134004
11614,44.43833670450497,392.27999999992517,5264.153104425658
11615,44.43833670450497,392.29999999992515,5264.238481926937
11616,44.43833670450497,392.31999999992513,5264.32385663762
11617,44.43833670450497,392.3399999999251,5264.409228557487
11618,44.43833670450497,392.3599999999251,5264.494597686318
11619,44.43833670450497,392.3799999999251,5264.579964023894
11620,44.43833670450497,392.39999999992506,5264.665327569994
11621,44.43833670450497,392.41999999992504,5264.750688324398
11622,44.43833670450497,392.439999999925,5264.836046286886
11623,44.43833670450497,392.459999999925,5264.921401457238
11624,44.43833670450497,392.479999999925,5265.006753835234
11625,44.43833670450497,392.49999999992497,5265.092103420655
11626,44.43833670450497,392.51999999992495,5265.177450213279
11627,44.43833670450497,392.53999999992493,5265.262794212888
11628,44.43833670450497,392.5599999999249,5265.348135419262
11629,44.43833670450497,392.5799999999249,5265.4334738321795
11630,44.43833670450497,392.5999999999249,5265.518809451422
11631,44.43833670450497,392.61999999992486,5265.604142276769
11632,44.36656518305003,392.63999999992484,5265.689472308001
11633,44.36656518305003,392.6599999999248,5265.774799544898
11634,44.36656518305003,392.6799999999248,5265.86012398724
11635,44.36656518305003,392.6999999999248,5265.945445634806
11636,44.36656518305003,392.71999999992477,5266.030764489931
11637,44.36656518305003,392.73999999992475,5266.116080569239
11638,44.36656518305003,392.75999999992473,5266.201393874102
11639,44.36656518305003,392.7799999999247,5266.286704404309
11640,44.36656518305003,392.7999999999247,5266.372012159646
11641,44.36656518305003,392.8199999999247,5266.457317139902
11642,44.36656518305003,392.83999999992466,5266.542619344866
11643,44.36656518305003,392.85999999992464,5266.627918774322
11644,44.36656518305003,392.8799999999246,5266.713215428061
11645,44.36656518305003,392.8999999999246,5266.798509305868
11646,44.36656518305003,392.9199999999246,5266.883800407531
11647,44.36656518305003,392.93999999992457,5266.96908873284
11648,44.36656518305003,392.95999999992455,5267.05437428158
11649,44.36656518305003,392.97999999992453,5267.139657053539
11650,44.36656518305003,392.9999999999245,5267.224937048505
11651,44.36656518305003,393.0199999999245,5267.3102142662665
11652,44.36656518305003,393.0399999999245,5267.39548870661
11653,44.36656518305003,393.05999999992446,5267.480760369323
11654,44.36656518305003,393.07999999992444,5267.566029254194
11655,44.36656518305003,393.0999999999244,5267.651295361011
11656,44.36656518305003,393.1199999999244,5267.73655868956
11657,44.36656518305003,393.1399999999244,5267.82181923963
11658,44.36656518305003,393.15999999992437,5267.9070770110075
11659,44.36656518305003,393.17999999992435,5267.992332003481
11660,44.36656518305003,393.19999999992433,5268.077584216839
11661,44.36656518305003,393.2199999999243,5268.162833650867
11662,44.36656518305003,393.2399999999243,5268.248080305353
11663,44.36656518305003,393.2599999999243,5268.3333241800865
11664,44.36656518305003,393.27999999992426,5268.418565274854
11665,44.36656518305003,393.29999999992424,5268.503803589443
11666,44.36656518305003,393.3199999999242,5268.589039123642
11667,44.36656518305003,393.3399999999242,5268.6742718772375
11668,44.36656518305003,393.3599999999242,5268.759501850018
11669,44.36656518305003,393.37999999992417,5268.844729041771
11670,44.36656518305003,393.39999999992415,5268.929953452283
11671,44.36656518305003,393.41999999992413,5269.015175081344
11672,44.36656518305003,393.4399999999241,5269.10039392874
11673,44.36656518305003,393.4599999999241,5269.18560999426
11674,44.36656518305003,393.4799999999241,5269.27082327769
11675,44.36656518305003,393.49999999992406,5269.356033778819
11676,44.36656518305003,393.51999999992404,5269.441241497435
11677,44.36656518305003,393.539999999924,5269.526446433325
11678,44.36656518305003,393.559999999924,5269.611648586277
11679,44.36656518305003,393.579999999924,5269.696847956077
11680,44.36656518305003,393.59999999992397,5269.782044542516
11681,44.36656518305003,393.61999999992395,5269.8672383453795
11682,44.36656518305003,393.63999999992393,5269.952429364455
11683,44.36656518305003,393.6599999999239,5270.037617599503
11684,44.36656518305003,393.6799999999239,5270.122803050002
11685,44.36656518305003,393.6999999999239,5270.207985715687
11686,44.36656518305003,393.71999999992386,5270.293165596344
11687,44.36656518305003,393.73999999992384,5270.378342695481
11688,44.36656518305003,393.7599999999238,5270.463517028432
11689,44.36656518305003,393.7799999999238,5270.548688596297
11690,44.36656518305003,393.7999999999238,5270.633857398862
11691,44.36656518305003,393.81999999992377,5270.719023435912
11692,44.36656518305003,393.83999999992375,5270.8041867072325
11693,44.36656518305003,393.85999999992373,5270.889347212608
11694,44.36656518305003,393.8799999999237,5270.974504951824
11695,44.36656518305003,393.8999999999237,5271.059659924666
11696,44.36656518305003,393.9199999999237,5271.1448121309195
11697,44.36656518305003,393.93999999992366,5271.229961570369
11698,44.36656518305003,393.95999999992364,5271.315108242799
11699,44.36656518305003,393.9799999999236,5271.400252147998
11700,44.36656518305003,393.9999999999236,5271.485393285748
11701,44.36656518305003,394.0199999999236,5271.570531655835
11702,44.36656518305003,394.03999999992357,5271.6556672580455
11703,44.36656518305003,394.05999999992355,5271.740800092164
11704,44.36656518305003,394.07999999992353,5271.825930157976
11705,44.36656518305003,394.0999999999235,5271.911057455266
11706,44.36656518305003,394.1199999999235,5271.99618198382
11707,44.36656518305003,394.1399999999235,5272.081303743424
11708,44.36656518305003,394.15999999992346,5272.1664227338615
11709,44.36656518305003,394.17999999992344,5272.251538954919
11710,44.36656518305003,394.1999999999234,5272.336652406381
11711,44.36656518305003,394.2199999999234,5272.421763088035
11712,44.36656518305003,394.2399999999234,5272.506870999664
11713,44.36656518305003,394.25999999992337,5272.591976141054
11714,44.36656518305003,394.27999999992335,5272.677078511991
11715,44.36656518305003,394.29999999992333,5272.762178112259
11716,44.36656518305003,394.3199999999233,5272.847274941644
11717,44.36656518305003,394.3399999999233,5272.932368999932
11718,44.36656518305003,394.3599999999233,5273.017460286907
11719,44.36656518305003,394.37999999992326,5273.102548802356
11720,44.36656518305003,394.39999999992324,5273.187634546063
11721,44.36656518305003,394.4199999999232,5273.272717517814
11722,44.36656518305003,394.4399999999232,5273.3577977173945
11723,44.36656518305003,394.4599999999232,5273.4428751445885
11724,44.36656518305003,394.47999999992317,5273.527949799182
11725,44.36656518305003,394.49999999992315,5273.6130216809615
11726,44.36656518305003,394.51999999992313,5273.698090789711
11727,44.36656518305003,394.5399999999231,5273.783157125217
11728,44.36656518305003,394.5599999999231,5273.8682206872645
11729,44.36656518305003,394.5799999999231,5273.9532814756385
11730,44.36656518305003,394.59999999992306,5274.0383394901255
11731,44.36656518305003,394.61999999992304,5274.12339473051
11732,44.36656518305003,394.639999999923,5274.208447196577
11733,44.36656518305003,394.659999999923,5274.293496888113
11734,44.36656518305003,394.679999999923,5274.378543804902
11735,44.36656518305003,394.69999999992297,5274.4635879467305
11736,44.36656518305003,394.71999999992295,5274.548629313384
11737,44.36656518305003,394.73999999992293,5274.633667904646
11738,44.36656518305003,394.7599999999229,5274.718703725386
11739,44.36656518305003,394.7799999999229,5274.803736790403
11740,44.36656518305003,394.7999999999229,5274.888767100587
11741,44.36656518305003,394.81999999992286,5274.973794655726
11742,44.36656518305003,394.83999999992284,5275.058819455608
11743,44.36656518305003,394.8599999999228,5275.143841500019
11744,44.36656518305003,394.8799999999228,5275.2288607887485
11745,44.36656518305003,394.8999999999228,5275.313877321582
11746,44.36656518305003,394.91999999992277,5275.398891098309
11747,44.36656518305003,394.93999999992275,5275.483902118715
11748,44.36656518305003,394.95999999992273,5275.568910382589
11749,44.36656518305003,394.9799999999227,5275.653915889717
11750,44.36656518305003,394.9999999999227,5275.738918639887
11751,44.36656518305003,395.0199999999227,5275.8239186328865
11752,44.36656518305003,395.03999999992266,5275.908915868504
11753,44.36656518305003,395.05999999992264,5275.993910346526
11754,44.36656518305003,395.0799999999226,5276.07890206674
11755,44.36656518305003,395.0999999999226,5276.163891028933
11756,44.36656518305003,395.1199999999226,5276.248877232893
11757,44.36656518305003,395.13999999992257,5276.333860678408
11758,44.29498664851581,395.15999999992255,5276.4188413652655
11759,44.29498664851581,395.17999999992253,5276.503819293252
11760,44.29498664851581,395.1999999999225,5276.588794462155
11761,44.29498664851581,395.2199999999225,5276.673766871763
11762,44.29498664851581,395.2399999999225,5276.758736521863
11763,44.29498664851581,395.25999999992246,5276.843703412243
11764,44.29498664851581,395.27999999992244,5276.928667542689
11765,44.29498664851581,395.2999999999224,5277.0136289129905
11766,44.29498664851581,395.3199999999224,5277.0985875229335
11767,44.29498664851581,395.3399999999224,5277.183543372306
11768,44.29498664851581,395.35999999992237,5277.268496460896
11769,44.29498664851581,395.37999999992235,5277.353446788491
11770,44.29498664851581,395.39999999992233,5277.438394354878
11771,44.29498664851581,395.4199999999223,5277.523339159845
11772,44.29498664851581,395.4399999999223,5277.608281203179
11773,44.29498664851581,395.4599999999223,5277.693220484669
11774,44.29498664851581,395.47999999992226,5277.778157004101
11775,44.29498664851581,395.49999999992224,5277.863090761262
11776,44.29498664851581,395.5199999999222,5277.948021755942
11777,44.29498664851581,395.5399999999222,5278.032949987927
11778,44.29498664851581,395.5599999999222,5278.117875457005
11779,44.29498664851581,395.57999999992217,5278.202798162963
11780,44.29498664851581,395.59999999992215,5278.287718105588
11781,44.29498664851581,395.61999999992213,5278.37263528467
11782,44.29498664851581,395.6399999999221,5278.457549699994
11783,44.29498664851581,395.6599999999221,5278.54246135135
11784,44.29498664851581,395.6799999999221,5278.627370238523
11785,44.29498664851581,395.69999999992206,5278.712276361302
11786,44.29498664851581,395.71999999992204,5278.797179719475
11787,44.29498664851581,395.739999999922,5278.882080312829
11788,44.29498664851581,395.759999999922,5278.966978141152
11789,44.29498664851581,395.779999999922,5279.05187321028
11790,44.29498664851581,395.79999999992197,5279.136765533391
11791,44.29498664851581,395.81999999992195,5279.221655111089
11792,44.29498664851581,395.83999999992193,5279.306541943164
11793,44.29498664851581,395.8599999999219,5279.391426029407
11794,44.29498664851581,395.8799999999219,5279.476307369606
11795,44.29498664851581,395.8999999999219,5279.56118596355
11796,44.29498664851581,395.91999999992186,5279.6460618110295
11797,44.29498664851581,395.93999999992184,5279.730934911834
11798,44.29498664851581,395.9599999999218,5279.815805265753
11799,44.29498664851581,395.9799999999218,5279.900672872575
11800,44.29498664851581,395.9999999999218,5279.985537732091
11801,44.29498664851581,396.01999999992177,5280.070399843971
11802,44.29498664851581,396.03999999992175,5280.155259207804
11803,44.29498664851581,396.05999999992173,5280.2401158233715
11804,44.29498664851581,396.0799999999217,5280.324969690462
11805,44.29498664851581,396.0999999999217,5280.409820808867
11806,44.29498664851581,396.1199999999217,5280.494669178376
11807,44.29498664851581,396.13999999992166,5280.57951479878
11808,44.29498664851581,396.15999999992164,5280.664357669869
11809,44.29498664851581,396.1799999999216,5280.749197791433
11810,44.29498664851581,396.1999999999216,5280.834035163263
11811,44.29498664851581,396.2199999999216,5280.918869785149
11812,44.29498664851581,396.23999999992157,5281.00370165688
11813,44.29498664851581,396.25999999992155,5281.088530778248
11814,44.29498664851581,396.27999999992153,5281.173357149043
11815,44.29498664851581,396.2999999999215,5281.258180769055
11816,44.29498664851581,396.3199999999215,5281.3430016380735
11817,44.29498664851581,396.3399999999215,5281.42781975589
11818,44.29498664851581,396.35999999992146,5281.512635122293
11819,44.29498664851581,396.37999999992144,5281.5974477370755
11820,44.29498664851581,396.3999999999214,5281.682257600026
11821,44.29498664851581,396.4199999999214,5281.767064710935
11822,44.29498664851581,396.4399999999214,5281.851869069594
11823,44.29498664851581,396.45999999992137,5281.936670675792
11824,44.29498664851581,396.47999999992135,5282.02146952932
11825,44.29498664851581,396.49999999992133,5282.106265629967
11826,44.29498664851581,396.5199999999213,5282.191058977525
11827,44.29498664851581,396.5399999999213,5282.275849571784
11828,44.29498664851581,396.5599999999213,5282.360637412535
11829,44.29498664851581,396.57999999992126,5282.445422499566
11830,44.29498664851581,396.59999999992124,5282.530204832669
11831,44.29498664851581,396.6199999999212,5282.614984411635
11832,44.29498664851581,396.6399999999212,5282.699761236253
11833,44.29498664851581,396.6599999999212,5282.784535306314
11834,44.29498664851581,396.67999999992116,5282.869306621608
11835,44.29498664851581,396.69999999992115,5282.954075181926
11836,44.29498664851581,396.71999999992113,5283.0388409870575
11837,44.29498664851581,396.7399999999211,5283.123604036794
11838,44.29498664851581,396.7599999999211,5283.208364330925
11839,44.29498664851581,396.7799999999211,5283.293121869241
11840,44.29498664851581,396.79999999992106,5283.377876658999
11841,44.29498664851581,396.81999999992104,5283.462628712806
11842,44.29498664851581,396.839999999921,5283.547378031042
11843,44.29498664851581,396.859999999921,5283.632124613498
11844,44.29498664851581,396.879999999921,5283.71686845996
11845,44.29498664851581,396.89999999992096,5283.801609570218
11846,44.29498664851581,396.91999999992095,5283.886347944059
11847,44.29498664851581,396.93999999992093,5283.971083581272
11848,44.29498664851581,396.9599999999209,5284.055816481645
11849,44.29498664851581,396.9799999999209,5284.140546644966
11850,44.29498664851581,396.9999999999209,5284.225274071024
11851,44.29498664851581,397.01999999992086,5284.309998759607
11852,44.29498664851581,397.03999999992084,5284.394720710503
11853,44.29498664851581,397.0599999999208,5284.479439923501
11854,44.29498664851581,397.0799999999208,5284.564156398388
11855,44.29498664851581,397.0999999999208,5284.6488701349535
11856,44.29498664851581,397.11999999992076,5284.733581132985
11857,44.29498664851581,397.13999999992075,5284.818289392271
11858,44.29498664851581,397.15999999992073,5284.9029949126
11859,44.29498664851581,397.1799999999207,5284.987697693759
11860,44.29498664851581,397.1999999999207,5285.072397735539
11861,44.29498664851581,397.2199999999207,5285.157095037726
11862,44.29498664851581,397.23999999992066,5285.24178960011
11863,44.29498664851581,397.25999999992064,5285.326481422478
11864,44.29498664851581,397.2799999999206,5285.411170504618
11865,44.29498664851581,397.2999999999206,5285.49585684632
11866,44.29498664851581,397.3199999999206,5285.580540447371
11867,44.29498664851581,397.33999999992056,5285.66522130756
11868,44.29498664851581,397.35999999992055,5285.749899426675
11869,44.29498664851581,397.3799999999205,5285.834574804505
11870,44.29498664851581,397.3999999999205,5285.919247440837
11871,44.29498664851581,397.4199999999205,5286.003917335461
11872,44.29498664851581,397.4399999999205,5286.088584488163
11873,44.29498664851581,397.45999999992046,5286.173248898734
11874,44.29498664851581,397.47999999992044,5286.25791056696
11875,44.29498664851581,397.4999999999204,5286.342569492632
11876,44.29498664851581,397.5199999999204,5286.427225675536
11877,44.29498664851581,397.5399999999204,5286.511879115461
11878,44.29498664851581,397.55999999992036,5286.596529812196
11879,44.29498664851581,397.57999999992035,5286.681177765529
11880,44.29498664851581,397.5999999999203,5286.765822975249
11881,44.29498664851581,397.6199999999203,5286.850465441144
11882,44.29498664851581,397.6399999999203,5286.935105163001
11883,44.29498664851581,397.6599999999203,5287.01974214061
11884,44.29498664851581,397.67999999992026,5287.10437637376
11885,44.223600375189584,397.69999999992024,5287.189007862238
11886,44.223600375189584,397.7199999999202,5287.273636605833
11887,44.223600375189584,397.7399999999202,5287.3582626043335
11888,44.223600375189584,397.7599999999202,5287.4428858575275
11889,44.223600375189584,397.77999999992016,5287.527506365203
11890,44.223600375189584,397.79999999992015,5287.61212412715
11891,44.223600375189584,397.8199999999201,5287.696739151632
11892,44.223600375189584,397.8399999999201,5287.781351449972
11893,44.223600375189584,397.8599999999201,5287.865961022306
11894,44.223600375189584,397.8799999999201,5287.950567868427
11895,44.223600375189584,397.89999999992006,5288.035171988132
11896,44.223600375189584,397.91999999992004,5288.119773381214
11897,44.223600375189584,397.93999999992,5288.20437204747
11898,44.223600375189584,397.95999999992,5288.288967986695
11899,44.223600375189584,397.97999999992,5288.373561198683
11900,44.223600375189584,397.99999999991996,5288.4581516832295
11901,44.223600375189584,398.01999999991995,5288.54273944013
11902,44.223600375189584,398.0399999999199,5288.62732446918
11903,44.223600375189584,398.0599999999199,5288.711906770174
11904,44.223600375189584,398.0799999999199,5288.796486342907
11905,44.223600375189584,398.0999999999199,5288.881063187175
11906,44.223600375189584,398.11999999991986,5288.965637302772
11907,44.223600375189584,398.13999999991984,5289.050208689494
11908,44.223600375189584,398.1599999999198,5289.134777347136
11909,44.223600375189584,398.1799999999198,5289.219343275493
11910,44.223600375189584,398.1999999999198,5289.30390647436
11911,44.223600375189584,398.21999999991976,5289.388466943533
11912,44.223600375189584,398.23999999991975,5289.473024682806
11913,44.223600375189584,398.2599999999197,5289.557579691975
11914,44.223600375189584,398.2799999999197,5289.642131970835
11915,44.223600375189584,398.2999999999197,5289.7266815191815
11916,44.223600375189584,398.3199999999197,5289.811228336809
11917,44.223600375189584,398.33999999991966,5289.895772423513
11918,44.223600375189584,398.35999999991964,5289.98031377909
11919,44.223600375189584,398.3799999999196,5290.064852403228
11920,44.223600375189584,398.3999999999196,5290.1493882954965
11921,44.223600375189584,398.4199999999196,5290.233921455678
11922,44.223600375189584,398.43999999991956,5290.318451883565
11923,44.223600375189584,398.45999999991955,5290.402979578953
11924,44.223600375189584,398.4799999999195,5290.487504541636
11925,44.223600375189584,398.4999999999195,5290.572026771407
11926,44.223600375189584,398.5199999999195,5290.656546268061
11927,44.223600375189584,398.5399999999195,5290.7410630313925
11928,44.223600375189584,398.55999999991946,5290.825577061196
11929,44.223600375189584,398.57999999991944,5290.9100883572655
11930,44.223600375189584,398.5999999999194,5290.994596919395
11931,44.223600375189584,398.6199999999194,5291.079102747379
11932,44.223600375189584,398.6399999999194,5291.163605841011
11933,44.223600375189584,398.65999999991936,5291.248106200087
11934,44.223600375189584,398.67999999991935,5291.3326038244
11935,44.223600375189584,398.6999999999193,5291.417098713745
11936,44.223600375189584,398.7199999999193,5291.501590867915
11937,44.223600375189584,398.7399999999193,5291.5860802867055
11938,44.223600375189584,398.7599999999193,5291.67056696991
11939,44.223600375189584,398.77999999991926,5291.755050917324
11940,44.223600375189584,398.79999999991924,5291.839532128741
11941,44.223600375189584,398.8199999999192,5291.924010603955
11942,44.223600375189584,398.8399999999192,5292.008486352281
11943,44.223600375189584,398.8599999999192,5292.092959383912
11944,44.223600375189584,398.87999999991916,5292.177429698738
11945,44.223600375189584,398.89999999991915,5292.261897296552
11946,44.223600375189584,398.9199999999191,5292.346362177147
11947,44.223600375189584,398.9399999999191,5292.430824340316
11948,44.223600375189584,398.9599999999191,5292.515283785851
11949,44.223600375189584,398.9799999999191,5292.599740513546
11950,44.223600375189584,398.99999999991905,5292.684194523192
11951,44.223600375189584,399.01999999991904,5292.768645814583
11952,44.223600375189584,399.039999999919,5292.85309438751
11953,44.223600375189584,399.059999999919,5292.937540241768
11954,44.223600375189584,399.079999999919,5293.021983377149
11955,44.223600375189584,399.09999999991896,5293.106423793445
11956,44.223600375189584,399.11999999991895,5293.19086149045
11957,44.223600375189584,399.1399999999189,5293.275296467955
11958,44.223600375189584,399.1599999999189,5293.3597287257535
11959,44.223600375189584,399.1799999999189,5293.444158263638
11960,44.223600375189584,399.1999999999189,5293.5285850814025
11961,44.223600375189584,399.21999999991885,5293.613009178838
11962,44.223600375189584,399.23999999991884,5293.697430555739
11963,44.223600375189584,399.2599999999188,5293.781849211897
11964,44.223600375189584,399.2799999999188,5293.866265147105
11965,44.223600375189584,399.2999999999188,5293.950678361157
11966,44.223600375189584,399.31999999991876,5294.035088853844
11967,44.223600375189584,399.33999999991875,5294.1194966249595
11968,44.223600375189584,399.3599999999187,5294.2039016742965
11969,44.223600375189584,399.3799999999187,5294.288304001648
11970,44.223600375189584,399.3999999999187,5294.372703606806
11971,44.223600375189584,399.4199999999187,5294.457100489563
11972,44.223600375189584,399.43999999991865,5294.541494649714
11973,44.223600375189584,399.45999999991864,5294.625886087049
11974,44.223600375189584,399.4799999999186,5294.710274801363
11975,44.223600375189584,399.4999999999186,5294.794660792448
11976,44.223600375189584,399.5199999999186,5294.879044060096
11977,44.223600375189584,399.53999999991856,5294.963424604101
11978,44.223600375189584,399.55999999991855,5295.047802424257
11979,44.223600375189584,399.5799999999185,5295.132177520353
11980,44.223600375189584,399.5999999999185,5295.216549892185
11981,44.223600375189584,399.6199999999185,5295.300919539545
11982,44.223600375189584,399.6399999999185,5295.385286462226
11983,44.223600375189584,399.65999999991845,5295.46965066002
11984,44.223600375189584,399.67999999991844,5295.554012132721
11985,44.223600375189584,399.6999999999184,5295.638370880121
11986,44.223600375189584,399.7199999999184,5295.722726902014
11987,44.223600375189584,399.7399999999184,5295.807080198191
11988,44.223600375189584,399.75999999991836,5295.891430768446
11989,44.223600375189584,399.77999999991835,5295.975778612572
11990,44.223600375189584,399.7999999999183,5296.060123730362
11991,44.223600375189584,399.8199999999183,5296.144466121608
11992,44.223600375189584,399.8399999999183,5296.228805786246
11993,44.223600375189584,399.8599999999183,5296.313142734935
11994,44.223600375189584,399.87999999991825,5296.397476977056
11995,44.223600375189584,399.89999999991824,5296.481808512401
11996,44.223600375189584,399.9199999999182,5296.566137340766
11997,44.223600375189584,399.9399999999182,5296.650463461943
11998,44.223600375189584,399.9599999999182,5296.734786875728
11999,44.223600375189584,399.97999999991816,5296.819107581914
12000,44.223600375189584,399.99999999991815,5296.903425580295
12001,44.223600375189584,400.0199999999181,5296.987740870666
12002,44.223600375189584,400.0399999999181,5297.07205345282
12003,44.223600375189584,400.0599999999181,5297.156363326551
12004,44.223600375189584,400.0799999999181,5297.240670491655
12005,44.223600375189584,400.09999999991805,5297.324974947924
12006,44.223600375189584,400.11999999991804,5297.409276695152
12007,44.223600375189584,400.139999999918,5297.493575733134
12008,44.223600375189584,400.159999999918,5297.577872061664
12009,44.223600375189584,400.179999999918,5297.6621656805355
12010,44.223600375189584,400.19999999991796,5297.746456589543
12011,44.223600375189584,400.21999999991795,5297.830744788481
12012,44.223600375189584,400.2399999999179,5297.915030277142
12013,44.15240564086348,400.2599999999179,5297.999313055322
12014,44.15240564086348,400.2799999999179,5298.083593122815
12015,44.15240564086348,400.2999999999179,5298.167870479414
12016,44.15240564086348,400.31999999991785,5298.252145124913
12017,44.15240564086348,400.33999999991784,5298.336417059107
12018,44.15240564086348,400.3599999999178,5298.420686281789
12019,44.15240564086348,400.3799999999178,5298.504952792755
12020,44.15240564086348,400.3999999999178,5298.589216591798
12021,44.15240564086348,400.41999999991776,5298.673477678711
12022,44.15240564086348,400.43999999991775,5298.75773605329
12023,44.15240564086348,400.4599999999177,5298.841991715328
12024,44.15240564086348,400.4799999999177,5298.926244664619
12025,44.15240564086348,400.4999999999177,5299.010494900958
12026,44.15240564086348,400.5199999999177,5299.094742424139
12027,44.15240564086348,400.53999999991765,5299.178987233956
12028,44.15240564086348,400.55999999991764,5299.263229330203
12029,44.15240564086348,400.5799999999176,5299.3474687126745
12030,44.15240564086348,400.5999999999176,5299.431705381164
12031,44.15240564086348,400.6199999999176,5299.515939335466
12032,44.15240564086348,400.63999999991756,5299.600170575375
12033,44.15240564086348,400.65999999991755,5299.6843991006845
12034,44.15240564086348,400.6799999999175,5299.768624911189
12035,44.15240564086348,400.6999999999175,5299.852848006683
12036,44.15240564086348,400.7199999999175,5299.93706838696
12037,44.15240564086348,400.7399999999175,5300.021286051798
12038,44.15240564086348,400.75999999991745,5300.105501000723
12039,44.15240564086348,400.77999999991744,5300.189713233415
12040,44.15240564086348,400.7999999999174,5300.2739227496695
12041,44.15240564086348,400.8199999999174,5300.35812954928
12042,44.15240564086348,400.8399999999174,5300.442333632043
12043,44.15240564086348,400.85999999991736,5300.526534998121
12044,44.15240564086348,400.87999999991735,5300.610733658606
12045,44.15240564086348,400.8999999999173,5300.694929621283
12046,44.15240564086348,400.9199999999173,5300.7791228859505
12047,44.15240564086348,400.9399999999173,5300.863313452403
12048,44.15240564086348,400.9599999999173,5300.947501320438
12049,44.15240564086348,400.97999999991725,5301.031686489851
12050,44.15240564086348,400.99999999991724,5301.11586896044
12051,44.15240564086348,401.0199999999172,5301.200048731999
12052,44.15240564086348,401.0399999999172,5301.2842258043265
12053,44.15240564086348,401.0599999999172,5301.368400177218
12054,44.15240564086348,401.07999999991716,5301.45257185047
12055,44.15240564086348,401.09999999991715,5301.536740823879
12056,44.15240564086348,401.1199999999171,5301.620907097241
12057,44.15240564086348,401.1399999999171,5301.705070670352
12058,44.15240564086348,401.1599999999171,5301.78923154301
12059,44.15240564086348,401.1799999999171,5301.87338971501
12060,44.15240564086348,401.19999999991705,5301.957545186148
12061,44.15240564086348,401.21999999991704,5302.041697956222
12062,44.15240564086348,401.239999999917,5302.125848025028
12063,44.15240564086348,401.259999999917,5302.2099953923625
12064,44.15240564086348,401.279999999917,5302.294140058021
12065,44.15240564086348,401.29999999991696,5302.378282021801
12066,44.15240564086348,401.31999999991694,5302.462421283499
12067,44.15240564086348,401.3399999999169,5302.54655784291
12068,44.15240564086348,401.3599999999169,5302.630691699832
12069,44.15240564086348,401.3799999999169,5302.71482285406
12070,44.15240564086348,401.3999999999169,5302.798951305392
12071,44.15240564086348,401.41999999991685,5302.883077053623
12072,44.15240564086348,401.43999999991684,5302.967200098551
12073,44.15240564086348,401.4599999999168,5303.051320439971
12074,44.15240564086348,401.4799999999168,5303.135438077681
12075,44.15240564086348,401.4999999999168,5303.219553011476
12076,44.15240564086348,401.51999999991676,5303.303665241153
12077,44.15240564086348,401.53999999991674,5303.387774766509
12078,44.15240564086348,401.5599999999167,5303.47188158734
12079,44.15240564086348,401.5799999999167,5303.555985703443
12080,44.15240564086348,401.5999999999167,5303.640087114613
12081,44.15240564086348,401.6199999999167,5303.724185820649
12082,44.15240564086348,401.63999999991665,5303.808281821345
12083,44.15240564086348,401.65999999991664,5303.892375116499
12084,44.15240564086348,401.6799999999166,5303.976465705908
12085,44.15240564086348,401.6999999999166,5304.0605535893665
12086,44.15240564086348,401.7199999999166,5304.144638766672
12087,44.15240564086348,401.73999999991656,5304.228721237621
12088,44.15240564086348,401.75999999991654,5304.312801002011
12089,44.15240564086348,401.7799999999165,5304.396878059637
12090,44.15240564086348,401.7999999999165,5304.480952410297
12091,44.15240564086348,401.8199999999165,5304.565024053786
12092,44.15240564086348,401.8399999999165,5304.649092989902
12093,44.15240564086348,401.85999999991645,5304.73315921844
12094,44.15240564086348,401.87999999991644,5304.817222739816
12095,44.15240564086348,401.8999999999164,5304.901283566432
12096,44.15240564086348,401.9199999999164,5304.985341705123
12097,44.15240564086348,401.9399999999164,5305.069397155684
12098,44.15240564086348,401.95999999991636,5305.15344991791
12099,44.15240564086348,401.97999999991634,5305.237499991594
12100,44.15240564086348,401.9999999999163,5305.32154737653
12101,44.15240564086348,402.0199999999163,5305.405592072513
12102,44.15240564086348,402.0399999999163,5305.489634079336
12103,44.15240564086348,402.0599999999163,5305.573673396792
12104,44.15240564086348,402.07999999991625,5305.657710024678
12105,44.15240564086348,402.09999999991624,5305.741743962785
12106,44.15240564086348,402.1199999999162,5305.825775210909
12107,44.15240564086348,402.1399999999162,5305.909803768844
12108,44.15240564086348,402.1599999999162,5305.9938296363825
12109,44.15240564086348,402.17999999991616,5306.07785281332
12110,44.15240564086348,402.19999999991614,5306.161873299449
12111,44.15240564086348,402.2199999999161,5306.245891094565
12112,44.15240564086348,402.2399999999161,5306.329906198462
12113,44.15240564086348,402.2599999999161,5306.413918610933
12114,44.15240564086348,402.2799999999161,5306.497928331773
12115,44.15240564086348,402.29999999991605,5306.581935360776
12116,44.15240564086348,402.31999999991604,5306.665939697735
12117,44.15240564086348,402.339999999916,5306.749941342445
12118,44.15240564086348,402.359999999916,5306.8339402946995
12119,44.15240564086348,402.379999999916,5306.917936554293
12120,44.15240564086348,402.39999999991596,5307.00193012102
12121,44.15240564086348,402.41999999991594,5307.085920994675
12122,44.15240564086348,402.4399999999159,5307.169909175051
12123,44.15240564086348,402.4599999999159,5307.253894661942
12124,44.15240564086348,402.4799999999159,5307.337877455142
12125,44.15240564086348,402.4999999999159,5307.4218575544455
12126,44.15240564086348,402.51999999991585,5307.505834959647
12127,44.15240564086348,402.53999999991584,5307.58980967054
12128,44.15240564086348,402.5599999999158,5307.673781686918
12129,44.15240564086348,402.5799999999158,5307.757751008577
12130,44.15240564086348,402.5999999999158,5307.84171763531
12131,44.15240564086348,402.61999999991576,5307.9256815669105
12132,44.15240564086348,402.63999999991574,5308.009642803174
12133,44.15240564086348,402.6599999999157,5308.093601343893
12134,44.15240564086348,402.6799999999157,5308.177557188864
12135,44.15240564086348,402.6999999999157,5308.2615103378785
12136,44.15240564086348,402.7199999999157,5308.345460790732
12137,44.15240564086348,402.73999999991565,5308.429408547219
12138,44.15240564086348,402.75999999991564,5308.5133536071335
12139,44.15240564086348,402.7799999999156,5308.5972959702685
12140,44.08140172681399,402.7999999999156,5308.681235636419
12141,44.08140172681399,402.8199999999156,5308.765172605379
12142,44.08140172681399,402.83999999991556,5308.849106876943
12143,44.08140172681399,402.85999999991554,5308.933038450905
12144,44.08140172681399,402.8799999999155,5309.016967327058
12145,44.08140172681399,402.8999999999155,5309.100893506042
12146,44.08140172681399,402.9199999999155,5309.184817000998
12147,44.08140172681399,402.93999999991547,5309.268737817482
12148,44.08140172681399,402.95999999991545,5309.3526559552965
12149,44.08140172681399,402.97999999991544,5309.436571414241
12150,44.08140172681399,402.9999999999154,5309.520484194118
12151,44.08140172681399,403.0199999999154,5309.604394294727
12152,44.08140172681399,403.0399999999154,5309.688301715871
12153,44.08140172681399,403.05999999991536,5309.77220645735
12154,44.08140172681399,403.07999999991534,5309.856108518966
12155,44.08140172681399,403.0999999999153,5309.940007900519
12156,44.08140172681399,403.1199999999153,5310.023904601784
12157,44.08140172681399,403.1399999999153,5310.10779862216
12158,44.08140172681399,403.15999999991527,5310.191689961295
12159,44.08140172681399,403.17999999991525,5310.275578618991
12160,44.08140172681399,403.19999999991524,5310.359464595048
12161,44.08140172681399,403.2199999999152,5310.443347889267
12162,44.08140172681399,403.2399999999152,5310.52722850145
12163,44.08140172681399,403.2599999999152,5310.611106431397
12164,44.08140172681399,403.27999999991516,5310.69498167891
12165,44.08140172681399,403.29999999991514,5310.77885424379
12166,44.08140172681399,403.3199999999151,5310.862724125838
12167,44.08140172681399,403.3399999999151,5310.946591324855
12168,44.08140172681399,403.3599999999151,5311.0304558406415
12169,44.08140172681399,403.37999999991507,5311.114317672999
12170,44.08140172681399,403.39999999991505,5311.198176821729
12171,44.08140172681399,403.41999999991504,5311.282033286632
12172,44.08140172681399,403.439999999915,5311.36588706751
12173,44.08140172681399,403.459999999915,5311.449738164163
12174,44.08140172681399,403.479999999915,5311.533586576393
12175,44.08140172681399,403.49999999991496,5311.6174323039995
12176,44.08140172681399,403.51999999991494,5311.701275346785
12177,44.08140172681399,403.5399999999149,5311.785115704552
12178,44.08140172681399,403.5599999999149,5311.8689533770985
12179,44.08140172681399,403.5799999999149,5311.952788364228
12180,44.08140172681399,403.59999999991487,5312.03662066574
12181,44.08140172681399,403.61999999991485,5312.120450281437
12182,44.08140172681399,403.63999999991483,5312.20427721112
12183,44.08140172681399,403.6599999999148,5312.288101454589
12184,44.08140172681399,403.6799999999148,5312.371923011647
12185,44.08140172681399,403.6999999999148,5312.455741882093
12186,44.08140172681399,403.71999999991476,5312.53955806573
12187,44.08140172681399,403.73999999991474,5312.6233715623575
12188,44.08140172681399,403.7599999999147,5312.707182371778
12189,44.08140172681399,403.7799999999147,5312.7909904937915
12190,44.08140172681399,403.7999999999147,5312.8747959282
12191,44.08140172681399,403.81999999991467,5312.958598674804
12192,44.08140172681399,403.83999999991465,5313.042398733406
12193,44.08140172681399,403.85999999991463,5313.126196103806
12194,44.08140172681399,403.8799999999146,5313.2099907858055
12195,44.08140172681399,403.8999999999146,5313.293782779206
12196,44.08140172681399,403.9199999999146,5313.37757208486
12197,44.08140172681399,403.93999999991456,5313.461358716493
12198,44.08140172681399,403.95999999991454,5313.545142678368
12199,44.08140172681399,403.9799999999145,5313.628923970285
12200,44.08140172681399,403.9999999999145,5313.712702592042
12201,44.08140172681399,404.0199999999145,5313.796478543439
12202,44.08140172681399,404.03999999991447,5313.880251824276
12203,44.08140172681399,404.05999999991445,5313.964022434351
12204,44.08140172681399,404.07999999991443,5314.0477903734645
12205,44.08140172681399,404.0999999999144,5314.1315556414165
12206,44.08140172681399,404.1199999999144,5314.215318238005
12207,44.08140172681399,404.1399999999144,5314.299078163031
12208,44.08140172681399,404.15999999991436,5314.382835416292
12209,44.08140172681399,404.17999999991434,5314.46658999759
12210,44.08140172681399,404.1999999999143,5314.550341906723
12211,44.08140172681399,404.2199999999143,5314.63409114349
12212,44.08140172681399,404.2399999999143,5314.717837707691
12213,44.08140172681399,404.25999999991427,5314.801581599125
12214,44.08140172681399,404.27999999991425,5314.885322817592
12215,44.08140172681399,404.29999999991423,5314.969061362892
12216,44.08140172681399,404.3199999999142,5315.052797234824
12217,44.08140172681399,404.3399999999142,5315.136530433187
12218,44.08140172681399,404.3599999999142,5315.220260957781
12219,44.08140172681399,404.37999999991416,5315.303988808405
12220,44.08140172681399,404.39999999991414,5315.387713984859
12221,44.08140172681399,404.4199999999141,5315.471436486943
12222,44.08140172681399,404.4399999999141,5315.555156314455
12223,44.08140172681399,404.4599999999141,5315.638873467196
12224,44.08140172681399,404.47999999991407,5315.722587944965
12225,44.08140172681399,404.49999999991405,5315.806299747562
12226,44.08140172681399,404.51999999991403,5315.890008874785
12227,44.08140172681399,404.539999999914,5315.973715326435
12228,44.08140172681399,404.559999999914,5316.057419102311
12229,44.08140172681399,404.579999999914,5316.141120202212
12230,44.08140172681399,404.59999999991396,5316.224818625938
12231,44.08140172681399,404.61999999991394,5316.308514373289
12232,44.08140172681399,404.6399999999139,5316.392207444063
12233,44.08140172681399,404.6599999999139,5316.475897838062
12234,44.08140172681399,404.6799999999139,5316.559585555084
12235,44.08140172681399,404.69999999991387,5316.643270594928
12236,44.08140172681399,404.71999999991385,5316.726952957395
12237,44.08140172681399,404.73999999991383,5316.810632642284
12238,44.08140172681399,404.7599999999138,5316.894309649394
12239,44.08140172681399,404.7799999999138,5316.977983978525
12240,44.08140172681399,404.7999999999138,5317.061655629477
12241,44.08140172681399,404.81999999991376,5317.145324602049
12242,44.08140172681399,404.83999999991374,5317.228990896041
12243,44.08140172681399,404.8599999999137,5317.312654511252
12244,44.08140172681399,404.8799999999137,5317.396315447481
12245,44.08140172681399,404.8999999999137,5317.47997370453
12246,44.08140172681399,404.91999999991367,5317.563629282196
12247,44.08140172681399,404.93999999991365,5317.647282181599
12248,44.08140172681399,404.95999999991363,5317.7309324178195
12249,44.08140172681399,404.9799999999136,5317.814579994074
12250,44.08140172681399,404.9999999999136,5317.898224910162
12251,44.08140172681399,405.0199999999136,5317.981867165885
12252,44.08140172681399,405.03999999991356,5318.065506761043
12253,44.08140172681399,405.05999999991354,5318.1491436954375
12254,44.08140172681399,405.0799999999135,5318.2327779688685
12255,44.08140172681399,405.0999999999135,5318.316409581137
12256,44.08140172681399,405.1199999999135,5318.400038532044
12257,44.08140172681399,405.13999999991347,5318.4836648213895
12258,44.08140172681399,405.15999999991345,5318.567288448974
12259,44.08140172681399,405.17999999991343,5318.650909414599
12260,44.08140172681399,405.1999999999134,5318.734527718065
12261,44.08140172681399,405.2199999999134,5318.818143359172
12262,44.08140172681399,405.2399999999134,5318.901756337721
12263,44.08140172681399,405.25999999991336,5318.985366653514
12264,44.08140172681399,405.27999999991334,5319.068974306349
12265,44.08140172681399,405.2999999999133,5319.15257929603
12266,44.08140172681399,405.3199999999133,5319.236181622356
12267,44.08140172681399,405.3399999999133,5319.319781285127
12268,44.08140172681399,405.35999999991327,5319.403378284144
12269,44.010587917781294,405.37999999991325,5319.486972619209
12270,44.010587917781294,405.39999999991323,5319.570564290122
12271,44.010587917781294,405.4199999999132,5319.654153296684
12272,44.010587917781294,405.4399999999132,5319.7377396386955
12273,44.010587917781294,405.4599999999132,5319.821323315957
12274,44.010587917781294,405.47999999991316,5319.904904328269
12275,44.010587917781294,405.49999999991314,5319.988482675433
12276,44.010587917781294,405.5199999999131,5320.072058357097
12277,44.010587917781294,405.5399999999131,5320.155631372828
12278,44.010587917781294,405.5599999999131,5320.2392017224165
12279,44.010587917781294,405.57999999991307,5320.322769405664
12280,44.010587917781294,405.59999999991305,5320.406334422371
12281,44.010587917781294,405.61999999991303,5320.489896772339
12282,44.010587917781294,405.639999999913,5320.5734564553695
12283,44.010587917781294,405.659999999913,5320.657013471262
12284,44.010587917781294,405.679999999913,5320.740567819818
12285,44.010587917781294,405.69999999991296,5320.824119500839
12286,44.010587917781294,405.71999999991294,5320.907668514124
12287,44.010587917781294,405.7399999999129,5320.991214859477
12288,44.010587917781294,405.7599999999129,5321.074758536696
12289,44.010587917781294,405.7799999999129,5321.158299545585
12290,44.010587917781294,405.79999999991287,5321.241837885942
12291,44.010587917781294,405.81999999991285,5321.32537355757
12292,44.010587917781294,405.83999999991283,5321.408906560268
12293,44.010587917781294,405.8599999999128,5321.492436893839
12294,44.010587917781294,405.8799999999128,5321.575964558083
12295,44.010587917781294,405.8999999999128,5321.6594895528015
12296,44.010587917781294,405.91999999991276,5321.743011877795
12297,44.010587917781294,405.93999999991274,5321.8265315328645
12298,44.010587917781294,405.9599999999127,5321.910048519296
12299,44.010587917781294,405.9799999999127,5321.993562852388
12300,44.010587917781294,405.9999999999127,5322.077074534079
12301,44.010587917781294,406.01999999991267,5322.16058356417
12302,44.010587917781294,406.03999999991265,5322.244089942466
12303,44.010587917781294,406.05999999991263,5322.3275936687705
12304,44.010587917781294,406.0799999999126,5322.411094742884
12305,44.010587917781294,406.0999999999126,5322.4945931646125
12306,44.010587917781294,406.1199999999126,5322.5780889337575
12307,44.010587917781294,406.13999999991256,5322.661582050122
12308,44.010587917781294,406.15999999991254,5322.7450725135095
12309,44.010587917781294,406.1799999999125,5322.828560323724
12310,44.010587917781294,406.1999999999125,5322.912045480567
12311,44.010587917781294,406.2199999999125,5322.995527983843
12312,44.010587917781294,406.23999999991247,5323.079007833355
12313,44.010587917781294,406.25999999991245,5323.162485028905
12314,44.010587917781294,406.27999999991243,5323.245959570298
12315,44.010587917781294,406.2999999999124,5323.329431457335
12316,44.010587917781294,406.3199999999124,5323.412900689821
12317,44.010587917781294,406.3399999999124,5323.4963672675585
12318,44.010587917781294,406.35999999991236,5323.57983119035
12319,44.010587917781294,406.37999999991234,5323.663292458
12320,44.010587917781294,406.3999999999123,5323.74675107031
12321,44.010587917781294,406.4199999999123,5323.830207027085
12322,44.010587917781294,406.4399999999123,5323.913660328127
12323,44.010587917781294,406.45999999991227,5323.997110973239
12324,44.010587917781294,406.47999999991225,5324.080558962225
12325,44.010587917781294,406.49999999991223,5324.1640042948875
12326,44.010587917781294,406.5199999999122,5324.2474469710305
12327,44.010587917781294,406.5399999999122,5324.330886990457
12328,44.010587917781294,406.5599999999122,5324.414324352969
12329,44.010587917781294,406.57999999991216,5324.497759058371
12330,44.010587917781294,406.59999999991214,5324.581191106467
12331,44.010587917781294,406.6199999999121,5324.6646204970575
12332,44.010587917781294,406.6399999999121,5324.748047229948
12333,44.010587917781294,406.6599999999121,5324.83147130494
12334,44.010587917781294,406.67999999991207,5324.914892721838
12335,44.010587917781294,406.69999999991205,5324.998311480445
12336,44.010587917781294,406.71999999991203,5325.081727580565
12337,44.010587917781294,406.739999999912,5325.165141022
12338,44.010587917781294,406.759999999912,5325.248551804554
12339,44.010587917781294,406.779999999912,5325.331959928029
12340,44.010587917781294,406.79999999991196,5325.41536539223
12341,44.010587917781294,406.81999999991194,5325.49876819696
12342,44.010587917781294,406.8399999999119,5325.58216834202
12343,44.010587917781294,406.8599999999119,5325.665565827216
12344,44.010587917781294,406.8799999999119,5325.7489606523495
12345,44.010587917781294,406.89999999991187,5325.832352817225
12346,44.010587917781294,406.91999999991185,5325.915742321645
12347,44.010587917781294,406.93999999991183,5325.999129165412
12348,44.010587917781294,406.9599999999118,5326.082513348331
12349,44.010587917781294,406.9799999999118,5326.16589487244
12350,44.010587917781294,406.9999999999118,5326.249273753401
12351,44.010587917781294,407.01999999991176,5326.33264999253
12352,44.010587917781294,407.03999999991174,5326.416023589626
12353,44.010587917781294,407.0599999999117,5326.499394544492
12354,44.010587917781294,407.0799999999117,5326.582762856928
12355,44.010587917781294,407.0999999999117,5326.666128526735
12356,44.010587917781294,407.11999999991167,5326.7494915537145
12357,44.010587917781294,407.13999999991165,5326.832851937667
12358,44.010587917781294,407.15999999991163,5326.916209678395
12359,44.010587917781294,407.1799999999116,5326.999564775698
12360,44.010587917781294,407.1999999999116,5327.082917229377
12361,44.010587917781294,407.2199999999116,5327.166267039234
12362,44.010587917781294,407.23999999991156,5327.24961420507
12363,44.010587917781294,407.25999999991154,5327.332958726686
12364,44.010587917781294,407.2799999999115,5327.4163006038825
12365,44.010587917781294,407.2999999999115,5327.499639836461
12366,44.010587917781294,407.3199999999115,5327.582976424223
12367,44.010587917781294,407.33999999991147,5327.666310366968
12368,44.010587917781294,407.35999999991145,5327.749641664498
12369,44.010587917781294,407.37999999991143,5327.832970316615
12370,44.010587917781294,407.3999999999114,5327.916296323118
12371,44.010587917781294,407.4199999999114,5327.999619683811
12372,44.010587917781294,407.4399999999114,5328.082940398493
12373,44.010587917781294,407.45999999991136,5328.166258466965
12374,44.010587917781294,407.47999999991134,5328.249573889029
12375,44.010587917781294,407.4999999999113,5328.332886664486
12376,44.010587917781294,407.5199999999113,5328.416196793137
12377,44.010587917781294,407.5399999999113,5328.499504274783
12378,44.010587917781294,407.55999999991127,5328.582809109225
12379,44.010587917781294,407.57999999991125,5328.666111296265
12380,44.010587917781294,407.59999999991123,5328.749410835703
12381,44.010587917781294,407.6199999999112,5328.832707727342
12382,44.010587917781294,407.6399999999112,5328.916001970981
12383,44.010587917781294,407.6599999999112,5328.999293566421
12384,44.010587917781294,407.67999999991116,5329.082582513465
12385,44.010587917781294,407.69999999991114,5329.165868811913
12386,44.010587917781294,407.7199999999111,5329.249152461566
12387,44.010587917781294,407.7399999999111,5329.332433462226
12388,44.010587917781294,407.7599999999111,5329.415711813693
12389,44.010587917781294,407.77999999991107,5329.498987515769
12390,44.010587917781294,407.79999999991105,5329.582260568255
12391,44.010587917781294,407.81999999991103,5329.665530970952
12392,44.010587917781294,407.839999999911,5329.748798723662
12393,44.010587917781294,407.859999999911,5329.832063826185
12394,44.010587917781294,407.879999999911,5329.915326278323
12395,44.010587917781294,407.89999999991096,5329.998586079877
12396,44.010587917781294,407.91999999991094,5330.081843230458
12397,44.010587917781294,407.9399999999109,5330.165097729667
12398,44.010587917781294,407.9599999999109,5330.248349577305
12399,44.010587917781294,407.9799999999109,5330.331598773175
12400,44.010587917781294,407.99999999991087,5330.414845320464
12401,44.010587917781294,408.01999999991085,5330.498089233883
12402,44.010587917781294,408.03999999991083,5330.581330514515
12403,44.010587917781294,408.0599999999108,5330.664569162167
12404,43.939963501948924,408.0799999999108,5330.747805176644
12405,43.939963501948924,408.0999999999108,5330.8310385577515
12406,43.939963501948924,408.11999999991076,5330.914269305295
12407,43.939963501948924,408.13999999991074,5330.997497419081
12408,43.939963501948924,408.1599999999107,5331.080722898914
12409,43.939963501948924,408.1799999999107,5331.1639457446
12410,43.939963501948924,408.1999999999107,5331.247165955944
12411,43.939963501948924,408.21999999991067,5331.330383532752
12412,43.939963501948924,408.23999999991065,5331.41359847483
12413,43.939963501948924,408.25999999991063,5331.496810781982
12414,43.939963501948924,408.2799999999106,5331.5800204540155
12415,43.939963501948924,408.2999999999106,5331.663227490735
12416,43.939963501948924,408.3199999999106,5331.7464318919465
12417,43.939963501948924,408.33999999991056,5331.829633657455
12418,43.939963501948924,408.35999999991054,5331.912832787067
12419,43.939963501948924,408.3799999999105,5331.996029280586
12420,43.939963501948924,408.3999999999105,5332.07922313782
12421,43.939963501948924,408.4199999999105,5332.162414358574
12422,43.939963501948924,408.43999999991047,5332.245602942653
12423,43.939963501948924,408.45999999991045,5332.328788889863
12424,43.939963501948924,408.47999999991043,5332.41197220001
12425,43.939963501948924,408.4999999999104,5332.495152872898
12426,43.939963501948924,408.5199999999104,5332.5783309083345
12427,43.939963501948924,408.5399999999104,5332.6615063061245
12428,43.939963501948924,408.55999999991036,5332.744679066073
12429,43.939963501948924,408.57999999991034,5332.827849187986
12430,43.939963501948924,408.5999999999103,5332.91101667167
12431,43.939963501948924,408.6199999999103,5332.9941815169295
12432,43.939963501948924,408.6399999999103,5333.07734372357
12433,43.939963501948924,408.65999999991027,5333.1605032913985
12434,43.939963501948924,408.67999999991025,5333.243660220219
12435,43.939963501948924,408.69999999991023,5333.326814509838
12436,43.939963501948924,408.7199999999102,5333.409966160061
12437,43.939963501948924,408.7399999999102,5333.493115170694
12438,43.939963501948924,408.7599999999102,5333.576261541542
12439,43.939963501948924,408.77999999991016,5333.659405272411
12440,43.939963501948924,408.79999999991014,5333.742546363107
12441,43.939963501948924,408.8199999999101,5333.825684813435
12442,43.939963501948924,408.8399999999101,5333.908820623201
12443,43.939963501948924,408.8599999999101,5333.991953792211
12444,43.939963501948924,408.87999999991007,5334.0750843202695
12445,43.939963501948924,408.89999999991005,5334.158212207183
12446,43.939963501948924,408.91999999991003,5334.241337452758
12447,43.939963501948924,408.93999999991,5334.324460056799
12448,43.939963501948924,408.95999999991,5334.407580019112
12449,43.939963501948924,408.97999999991,5334.490697339503
12450,43.939963501948924,408.99999999990996,5334.5738120177775
12451,43.939963501948924,409.01999999990994,5334.656924058112
12452,43.939963501948924,409.0399999999099,5334.740033473774
12453,43.939963501948924,409.0599999999099,5334.823140265579
12454,43.939963501948924,409.0799999999099,5334.906244433333
12455,43.939963501948924,409.09999999990987,5334.989345976841
12456,43.939963501948924,409.11999999990985,5335.072444895907
12457,43.939963501948924,409.13999999990983,5335.155541190337
12458,43.939963501948924,409.1599999999098,5335.2386348599375
12459,43.939963501948924,409.1799999999098,5335.321725904512
12460,43.939963501948924,409.1999999999098,5335.404814323866
12461,43.939963501948924,409.21999999990976,5335.487900117805
12462,43.939963501948924,409.23999999990974,5335.570983286135
12463,43.939963501948924,409.2599999999097,5335.65406382866
12464,43.939963501948924,409.2799999999097,5335.737141745186
12465,43.939963501948924,409.2999999999097,5335.820217035518
12466,43.939963501948924,409.31999999990967,5335.903289699461
12467,43.939963501948924,409.33999999990965,5335.986359736821
12468,43.939963501948924,409.35999999990963,5336.069427147403
12469,43.939963501948924,409.3799999999096,5336.152491931011
12470,43.939963501948924,409.3999999999096,5336.235554087452
12471,43.939963501948924,409.4199999999096,5336.3186136165305
12472,43.939963501948924,409.43999999990956,5336.401670518052
12473,43.939963501948924,409.45999999990954,5336.4847247918215
12474,43.939963501948924,409.4799999999095,5336.567776437644
12475,43.939963501948924,409.4999999999095,5336.650825455326
12476,43.939963501948924,409.5199999999095,5336.733871844673
12477,43.939963501948924,409.53999999990947,5336.816915605488
12478,43.939963501948924,409.55999999990945,5336.899956737579
12479,43.939963501948924,409.57999999990943,5336.982995240748
12480,43.939963501948924,409.5999999999094,5337.066031114803
12481,43.939963501948924,409.6199999999094,5337.149064359549
12482,43.939963501948924,409.6399999999094,5337.23209497479
12483,43.939963501948924,409.65999999990936,5337.315122960333
12484,43.939963501948924,409.67999999990934,5337.398148315982
12485,43.939963501948924,409.6999999999093,5337.481171041543
12486,43.939963501948924,409.7199999999093,5337.564191136822
12487,43.939963501948924,409.7399999999093,5337.647208601623
12488,43.939963501948924,409.75999999990927,5337.730223435751
12489,43.939963501948924,409.77999999990925,5337.813235639013
12490,43.939963501948924,409.79999999990923,5337.896245211214
12491,43.939963501948924,409.8199999999092,5337.979252152158
12492,43.939963501948924,409.8399999999092,5338.062256461651
12493,43.939963501948924,409.8599999999092,5338.145258139499
12494,43.939963501948924,409.87999999990916,5338.228257185507
12495,43.939963501948924,409.89999999990914,5338.31125359948
12496,43.939963501948924,409.9199999999091,5338.394247381223
12497,43.939963501948924,409.9399999999091,5338.477238530543
12498,43.939963501948924,409.9599999999091,5338.560227047245
12499,43.939963501948924,409.97999999990907,5338.643212931132
12500,43.939963501948924,409.99999999990905,5338.726196182012
12501,43.939963501948924,410.01999999990903,5338.809176799689
12502,43.939963501948924,410.039999999909,5338.892154789647
12503,43.939963501948924,410.059999999909,5338.975130164714
12504,43.939963501948924,410.079999999909,5339.058102925513
12505,43.939963501948924,410.09999999990896,5339.14107307185
12506,43.939963501948924,410.11999999990894,5339.224040603533
12507,43.939963501948924,410.1399999999089,5339.307005520368
12508,43.939963501948924,410.1599999999089,5339.389967822163
12509,43.939963501948924,410.1799999999089,5339.472927508726
12510,43.939963501948924,410.19999999990887,5339.555884579861
12511,43.939963501948924,410.21999999990885,5339.638839035378
12512,43.939963501948924,410.23999999990883,5339.721790875082
12513,43.939963501948924,410.2599999999088,5339.804740098781
12514,43.939963501948924,410.2799999999088,5339.887686706281
12515,43.939963501948924,410.2999999999088,5339.97063069739
12516,43.939963501948924,410.31999999990876,5340.053572071803
12517,43.939963501948924,410.33999999990874,5340.136510828922
12518,43.939963501948924,410.3599999999087,5340.219446968523
12519,43.939963501948924,410.3799999999087,5340.302380490413
12520,43.939963501948924,410.3999999999087,5340.3853113944
12521,43.939963501948924,410.41999999990867,5340.468239680289
12522,43.939963501948924,410.43999999990865,5340.55116534789
12523,43.939963501948924,410.45999999990863,5340.634088397008
12524,43.939963501948924,410.4799999999086,5340.717008827451
12525,43.939963501948924,410.4999999999086,5340.799926639026
12526,43.939963501948924,410.5199999999086,5340.882841831541
12527,43.939963501948924,410.53999999990856,5340.965754404802
12528,43.939963501948924,410.55999999990854,5341.048664358618
12529,43.939963501948924,410.5799999999085,5341.131571692795
12530,43.939963501948924,410.5999999999085,5341.21447640714
12531,43.939963501948924,410.6199999999085,5341.297378501461
12532,43.939963501948924,410.63999999990847,5341.380277975565
12533,43.86952777092356,410.65999999990845,5341.4631748292595
12534,43.86952777092356,410.67999999990843,5341.54606906235
12535,43.86952777092356,410.6999999999084,5341.628960674647
12536,43.86952777092356,410.7199999999084,5341.711849665955
12537,43.86952777092356,410.7399999999084,5341.794736036082
12538,43.86952777092356,410.75999999990836,5341.877619784836
12539,43.86952777092356,410.77999999990834,5341.960500912023
12540,43.86952777092356,410.7999999999083,5342.043379417451
12541,43.86952777092356,410.8199999999083,5342.126255300928
12542,43.86952777092356,410.8399999999083,5342.20912856226
12543,43.86952777092356,410.85999999990827,5342.291999201255
12544,43.86952777092356,410.87999999990825,5342.37486721772
12545,43.86952777092356,410.89999999990823,5342.457732611462
12546,43.86952777092356,410.9199999999082,5342.540595382289
12547,43.86952777092356,410.9399999999082,5342.623455530009
12548,43.86952777092356,410.9599999999082,5342.7063130544275
12549,43.86952777092356,410.97999999990816,5342.789167955353
12550,43.86952777092356,410.99999999990814,5342.872020232592
12551,43.86952777092356,411.0199999999081,5342.954869885953
12552,43.86952777092356,411.0399999999081,5343.037716915242
12553,43.86952777092356,411.0599999999081,5343.120561326772
12554,43.86952777092356,411.07999999990807,5343.203403131883
12555,43.86952777092356,411.09999999990805,5343.286242330939
12556,43.86952777092356,411.11999999990803,5343.369078923751
12557,43.86952777092356,411.139999999908,5343.451912910125
12558,43.86952777092356,411.159999999908,5343.534744289873
12559,43.86952777092356,411.179999999908,5343.617573062801
12560,43.86952777092356,411.19999999990796,5343.700399228718
12561,43.86952777092356,411.21999999990794,5343.783222787433
12562,43.86952777092356,411.2399999999079,5343.866043738755
12563,43.86952777092356,411.2599999999079,5343.948862082493
12564,43.86952777092356,411.2799999999079,5344.031677818454
12565,43.86952777092356,411.29999999990787,5344.114490946448
12566,43.86952777092356,411.31999999990785,5344.1973014662835
12567,43.86952777092356,411.33999999990783,5344.280109377769
12568,43.86952777092356,411.3599999999078,5344.3629146807125
12569,43.86952777092356,411.3799999999078,5344.445717374923
12570,43.86952777092356,411.3999999999078,5344.52851746021
12571,43.86952777092356,411.41999999990776,5344.611314936382
12572,43.86952777092356,411.43999999990774,5344.694109803247
12573,43.86952777092356,411.4599999999077,5344.776902060614
12574,43.86952777092356,411.4799999999077,5344.859691708291
12575,43.86952777092356,411.4999999999077,5344.942478746088
12576,43.86952777092356,411.51999999990767,5345.025263173813
12577,43.86952777092356,411.53999999990765,5345.108044991274
12578,43.86952777092356,411.55999999990763,5345.190824198281
12579,43.86952777092356,411.5799999999076,5345.273600794641
12580,43.86952777092356,411.5999999999076,5345.3563747801645
12581,43.86952777092356,411.6199999999076,5345.439146154659
12582,43.86952777092356,411.63999999990756,5345.521914917934
12583,43.86952777092356,411.65999999990754,5345.604681069797
12584,43.86952777092356,411.6799999999075,5345.687444610058
12585,43.86952777092356,411.6999999999075,5345.770205538526
12586,43.86952777092356,411.7199999999075,5345.852963855009
12587,43.86952777092356,411.73999999990747,5345.935719559315
12588,43.86952777092356,411.75999999990745,5346.018472651253
12589,43.86952777092356,411.77999999990743,5346.101223130633
12590,43.86952777092356,411.7999999999074,5346.183970997263
12591,43.86952777092356,411.8199999999074,5346.266716250951
12592,43.86952777092356,411.8399999999074,5346.349458891506
12593,43.86952777092356,411.85999999990736,5346.432198918738
12594,43.86952777092356,411.87999999990734,5346.514936332454
12595,43.86952777092356,411.8999999999073,5346.597671132465
12596,43.86952777092356,411.9199999999073,5346.680403318577
12597,43.86952777092356,411.9399999999073,5346.763132890601
12598,43.86952777092356,411.95999999990727,5346.845859848344
12599,43.86952777092356,411.97999999990725,5346.928584191616
12600,43.86952777092356,411.99999999990723,5347.011305920226
12601,43.86952777092356,412.0199999999072,5347.094025033982
12602,43.86952777092356,412.0399999999072,5347.176741532692
12603,43.86952777092356,412.0599999999072,5347.259455416167
12604,43.86952777092356,412.07999999990716,5347.342166691963
12605,43.86952777092356,412.09999999990714,5347.424875370747
12606,43.86952777092356,412.1199999999071,5347.507581452673
12607,43.86952777092356,412.1399999999071,5347.590284937548
12608,43.86952777092356,412.1599999999071,5347.672985825181
12609,43.86952777092356,412.17999999990707,5347.755684115379
12610,43.86952777092356,412.19999999990705,5347.83837980795
12611,43.86952777092356,412.21999999990703,5347.921072902702
12612,43.86952777092356,412.239999999907,5348.0037633994425
12613,43.86952777092356,412.259999999907,5348.08645129798
12614,43.86952777092356,412.279999999907,5348.1691365981205
12615,43.86952777092356,412.29999999990696,5348.251819299674
12616,43.86952777092356,412.31999999990694,5348.334499402447
12617,43.86952777092356,412.3399999999069,5348.417176906249
12618,43.86952777092356,412.3599999999069,5348.499851810886
12619,43.86952777092356,412.3799999999069,5348.582524116167
12620,43.86952777092356,412.39999999990687,5348.6651938219
12621,43.86952777092356,412.41999999990685,5348.747860927892
12622,43.86952777092356,412.43999999990683,5348.830525433952
12623,43.86952777092356,412.4599999999068,5348.9131873398865
12624,43.86952777092356,412.4799999999068,5348.995846645505
12625,43.86952777092356,412.4999999999068,5349.078503350614
12626,43.86952777092356,412.51999999990676,5349.161157455022
12627,43.86952777092356,412.53999999990674,5349.243808958537
12628,43.86952777092356,412.5599999999067,5349.326457860966
12629,43.86952777092356,412.5799999999067,5349.409104162119
12630,43.86952777092356,412.5999999999067,5349.491747861802
12631,43.86952777092356,412.61999999990667,5349.574388959823
12632,43.86952777092356,412.63999999990665,5349.657027455991
12633,43.86952777092356,412.65999999990663,5349.739663350113
12634,43.86952777092356,412.6799999999066,5349.822296641997
12635,43.86952777092356,412.6999999999066,5349.904927331452
12636,43.86952777092356,412.7199999999066,5349.987555418285
12637,43.86952777092356,412.73999999990656,5350.070180902137
12638,43.86952777092356,412.75999999990654,5350.152803782548
12639,43.86952777092356,412.7799999999065,5350.235424059319
12640,43.86952777092356,412.7999999999065,5350.318041732258
12641,43.86952777092356,412.8199999999065,5350.400656801178
12642,43.86952777092356,412.83999999990647,5350.483269265888
12643,43.86952777092356,412.85999999990645,5350.5658791261985
12644,43.86952777092356,412.87999999990643,5350.6484863819205
12645,43.86952777092356,412.8999999999064,5350.731091032863
12646,43.86952777092356,412.9199999999064,5350.813693078839
12647,43.86952777092356,412.9399999999064,5350.8962925196565
12648,43.86952777092356,412.95999999990636,5350.978889355127
12649,43.86952777092356,412.97999999990634,5351.061483585061
12650,43.86952777092356,412.9999999999063,5351.1440752092685
12651,43.86952777092356,413.0199999999063,5351.226664227561
12652,43.86952777092356,413.0399999999063,5351.309250639748
12653,43.86952777092356,413.05999999990627,5351.39183444564
12654,43.86952777092356,413.07999999990625,5351.474415645047
12655,43.86952777092356,413.09999999990623,5351.556994246768
12656,43.86952777092356,413.1199999999062,5351.639570260713
12657,43.86952777092356,413.1399999999062,5351.722143686817
12658,43.86952777092356,413.1599999999062,5351.804714524889
12659,43.86952777092356,413.17999999990616,5351.887282774742
12660,43.86952777092356,413.19999999990614,5351.969848436185
12661,43.86952777092356,413.2199999999061,5352.052411509031
12662,43.86952777092356,413.2399999999061,5352.1349719930895
12663,43.799280019714914,413.2599999999061,5352.217529888171
12664,43.799280019714914,413.27999999990607,5352.300085194088
12665,43.799280019714914,413.29999999990605,5352.38263791065
12666,43.799280019714914,413.31999999990603,5352.46518803767
12667,43.799280019714914,413.339999999906,5352.547735574955
12668,43.799280019714914,413.359999999906,5352.6302805223195
12669,43.799280019714914,413.379999999906,5352.712822879574
12670,43.799280019714914,413.39999999990596,5352.795362646528
12671,43.799280019714914,413.41999999990594,5352.877899822993
12672,43.799280019714914,413.4399999999059,5352.96043440878
12673,43.799280019714914,413.4599999999059,5353.0429664037
12674,43.799280019714914,413.4799999999059,5353.125495807564
12675,43.799280019714914,413.49999999990587,5353.208022620183
12676,43.799280019714914,413.51999999990585,5353.290546841368
12677,43.799280019714914,413.53999999990583,5353.37306847093
12678,43.799280019714914,413.5599999999058,5353.45558750868
12679,43.799280019714914,413.5799999999058,5353.538103954428
12680,43.799280019714914,413.5999999999058,5353.6206178079865
12681,43.799280019714914,413.61999999990576,5353.703129069166
12682,43.799280019714914,413.63999999990574,5353.785637737777
12683,43.799280019714914,413.6599999999057,5353.86814381363
12684,43.799280019714914,413.6799999999057,5353.950647296537
12685,43.799280019714914,413.6999999999057,5354.033148186309
12686,43.799280019714914,413.71999999990567,5354.115646482755
12687,43.799280019714914,413.73999999990565,5354.198142185689
12688,43.799280019714914,413.75999999990563,5354.28063529492
12689,43.799280019714914,413.7799999999056,5354.36312581026
12690,43.799280019714914,413.7999999999056,5354.445613731519
12691,43.799280019714914,413.8199999999056,5354.528099058509
12692,43.799280019714914,413.83999999990556,5354.61058179104
12693,43.799280019714914,413.85999999990554,5354.693061928924
12694,43.799280019714914,413.8799999999055,5354.7755394719725
12695,43.799280019714914,413.8999999999055,5354.858014419995
12696,43.799280019714914,413.9199999999055,5354.9404867728035
12697,43.799280019714914,413.93999999990547,5355.022956530209
12698,43.799280019714914,413.95999999990545,5355.105423692022
12699,43.799280019714914,413.97999999990543,5355.187888258053
12700,43.799280019714914,413.9999999999054,5355.270350228115
12701,43.799280019714914,414.0199999999054,5355.352809602017
12702,43.799280019714914,414.0399999999054,5355.435266379572
12703,43.799280019714914,414.05999999990536,5355.517720560589
12704,43.799280019714914,414.07999999990534,5355.60017214488
12705,43.799280019714914,414.0999999999053,5355.682621132354
12706,43.799280019714914,414.1199999999053,5355.76506753237
12707,43.799280019714914,414.1399999999053,5355.847511353404
12708,43.799280019714914,414.15999999990527,5355.9299525952665
12709,43.799280019714914,414.17999999990525,5356.012391257769
12710,43.799280019714914,414.19999999990523,5356.094827340723
12711,43.799280019714914,414.2199999999052,5356.1772608439405
12712,43.799280019714914,414.2399999999052,5356.259691767233
12713,43.799280019714914,414.2599999999052,5356.342120110411
12714,43.799280019714914,414.27999999990516,5356.424545873287
12715,43.799280019714914,414.29999999990514,5356.506969055672
12716,43.799280019714914,414.3199999999051,5356.589389657378
12717,43.799280019714914,414.3399999999051,5356.671807678216
12718,43.799280019714914,414.3599999999051,5356.754223117998
12719,43.799280019714914,414.37999999990507,5356.836635976534
12720,43.799280019714914,414.39999999990505,5356.919046253637
12721,43.799280019714914,414.41999999990503,5357.0014539491185
12722,43.799280019714914,414.439999999905,5357.08385906279
12723,43.799280019714914,414.459999999905,5357.166261594462
12724,43.799280019714914,414.479999999905,5357.2486615439475
12725,43.799280019714914,414.49999999990496,5357.331058911057
12726,43.799280019714914,414.51999999990494,5357.413453695603
12727,43.799280019714914,414.5399999999049,5357.495845897395
12728,43.799280019714914,414.5599999999049,5357.578235516246
12729,43.799280019714914,414.5799999999049,5357.660622551968
12730,43.799280019714914,414.59999999990487,5357.743007004372
12731,43.799280019714914,414.61999999990485,5357.825388873269
12732,43.799280019714914,414.63999999990483,5357.907768158471
12733,43.799280019714914,414.6599999999048,5357.99014485979
12734,43.799280019714914,414.6799999999048,5358.072518977037
12735,43.799280019714914,414.6999999999048,5358.154890510024
12736,43.799280019714914,414.71999999990476,5358.237259458562
12737,43.799280019714914,414.73999999990474,5358.319625822463
12738,43.799280019714914,414.7599999999047,5358.401989601539
12739,43.799280019714914,414.7799999999047,5358.4843507956
12740,43.799280019714914,414.7999999999047,5358.566709404459
12741,43.799280019714914,414.81999999990467,5358.649065427927
12742,43.799280019714914,414.83999999990465,5358.731418865816
12743,43.799280019714914,414.85999999990463,5358.813769717936
12744,43.799280019714914,414.8799999999046,5358.896117984101
12745,43.799280019714914,414.8999999999046,5358.978463664121
12746,43.799280019714914,414.9199999999046,5359.060806757808
12747,43.799280019714914,414.93999999990456,5359.143147264974
12748,43.799280019714914,414.95999999990454,5359.22548518543
12749,43.799280019714914,414.9799999999045,5359.307820518989
12750,43.799280019714914,414.9999999999045,5359.39015326546
12751,43.799280019714914,415.0199999999045,5359.472483424657
12752,43.799280019714914,415.03999999990447,5359.554810996391
12753,43.799280019714914,415.05999999990445,5359.637135980473
12754,43.799280019714914,415.07999999990443,5359.719458376715
12755,43.799280019714914,415.0999999999044,5359.8017781849285
12756,43.799280019714914,415.1199999999044,5359.884095405251
12757,43.799280019714914,415.1399999999044,5359.96641004829
12758,43.799280019714914,415.15999999990436,5360.0487221216345
12759,43.799280019714914,415.17999999990434,5360.1310316246845
12760,43.799280019714914,415.1999999999043,5360.213338557217
12761,43.799280019714914,415.2199999999043,5360.2956429190435
12762,43.799280019714914,415.2399999999043,5360.377944709979
12763,43.799280019714914,415.25999999990427,5360.460243929835
12764,43.799280019714914,415.27999999990425,5360.542540578425
12765,43.799280019714914,415.29999999990423,5360.624834655563
12766,43.799280019714914,415.3199999999042,5360.707126161061
12767,43.799280019714914,415.3399999999042,5360.789415094732
12768,43.799280019714914,415.3599999999042,5360.87170145639
12769,43.799280019714914,415.37999999990416,5360.953985245847
12770,43.799280019714914,415.39999999990414,5361.036266462918
12771,43.799280019714914,415.4199999999041,5361.118545107415
12772,43.799280019714914,415.4399999999041,5361.200821179151
12773,43.799280019714914,415.4599999999041,5361.283094677939
12774,43.799280019714914,415.47999999990407,5361.365365603592
12775,43.799280019714914,415.49999999990405,5361.447633955924
12776,43.799280019714914,415.51999999990403,5361.529899734748
12777,43.799280019714914,415.539999999904,5361.612162939877
12778,43.799280019714914,415.559999999904,5361.6944235711235
12779,43.799280019714914,415.579999999904,5361.776681628301
12780,43.799280019714914,415.59999999990396,5361.858937111223
12781,43.799280019714914,415.61999999990394,5361.941190019703
12782,43.799280019714914,415.6399999999039,5362.023440353553
12783,43.799280019714914,415.6599999999039,5362.105688112588
12784,43.799280019714914,415.6799999999039,5362.187933296619
12785,43.799280019714914,415.69999999990387,5362.270175905461
12786,43.799280019714914,415.71999999990385,5362.352415938925
12787,43.799280019714914,415.73999999990383,5362.434653396826
12788,43.799280019714914,415.7599999999038,5362.516888278978
12789,43.799280019714914,415.7799999999038,5362.5991205851915
12790,43.799280019714914,415.7999999999038,5362.681350315282
12791,43.799280019714914,415.81999999990376,5362.763577469061
12792,43.799280019714914,415.83999999990374,5362.845802046342
12793,43.72921954671574,415.8599999999037,5362.92802404694
12794,43.72921954671574,415.8799999999037,5363.010243470666
12795,43.72921954671574,415.8999999999037,5363.092460317334
12796,43.72921954671574,415.91999999990367,5363.174674586759
12797,43.72921954671574,415.93999999990365,5363.256886278751
12798,43.72921954671574,415.95999999990363,5363.339095393126
12799,43.72921954671574,415.9799999999036,5363.421301929695
12800,43.72921954671574,415.9999999999036,5363.503505888272
12801,43.72921954671574,416.0199999999036,5363.585707268671
12802,43.72921954671574,416.03999999990356,5363.667906070705
12803,43.72921954671574,416.05999999990354,5363.750102294186
12804,43.72921954671574,416.0799999999035,5363.832295938929
12805,43.72921954671574,416.0999999999035,5363.914487004746
12806,43.72921954671574,416.1199999999035,5363.99667549145
12807,43.72921954671574,416.13999999990347,5364.078861399379
12808,43.72921954671574,416.15999999990345,5364.161044739469
12809,43.72921954671574,416.17999999990343,5364.243225517951
12810,43.72921954671574,416.1999999999034,5364.32540373464
12811,43.72921954671574,416.2199999999034,5364.40757938935
12812,43.72921954671574,416.2399999999034,5364.489752481894
12813,43.72921954671574,416.25999999990336,5364.571923012088
12814,43.72921954671574,416.27999999990334,5364.654090979744
12815,43.72921954671574,416.2999999999033,5364.736256384678
12816,43.72921954671574,416.3199999999033,5364.818419226704
12817,43.72921954671574,416.3399999999033,5364.900579505635
12818,43.72921954671574,416.35999999990327,5364.982737221286
12819,43.72921954671574,416.37999999990325,5365.064892373471
12820,43.72921954671574,416.39999999990323,5365.147044962004
12821,43.72921954671574,416.4199999999032,5365.2291949866985
12822,43.72921954671574,416.4399999999032,5365.3113424473695
12823,43.72921954671574,416.4599999999032,5365.393487343831
12824,43.72921954671574,416.47999999990316,5365.475629675898
12825,43.72921954671574,416.49999999990314,5365.557769443383
12826,43.72921954671574,416.5199999999031,5365.639906646102
12827,43.72921954671574,416.5399999999031,5365.722041283867
12828,43.72921954671574,416.5599999999031,5365.804173356493
12829,43.72921954671574,416.57999999990307,5365.886302863795
12830,43.72921954671574,416.59999999990305,5365.968429805587
12831,43.72921954671574,416.61999999990303,5366.050554181683
12832,43.72921954671574,416.639999999903,5366.132675991897
12833,43.72921954671574,416.659999999903,5366.214795236043
12834,43.72921954671574,416.679999999903,5366.296911913935
12835,43.72921954671574,416.69999999990296,5366.379026025389
12836,43.72921954671574,416.71999999990294,5366.461137570217
12837,43.72921954671574,416.7399999999029,5366.5432465482345
12838,43.72921954671574,416.7599999999029,5366.625352959255
12839,43.72921954671574,416.7799999999029,5366.707456803093
12840,43.72921954671574,416.79999999990287,5366.789558079563
12841,43.72921954671574,416.81999999990285,5366.871656788479
12842,43.72921954671574,416.83999999990283,5366.953752929656
12843,43.72921954671574,416.8599999999028,5367.035846502907
12844,43.72921954671574,416.8799999999028,5367.117937508046
12845,43.72921954671574,416.8999999999028,5367.200025944889
12846,43.72921954671574,416.91999999990276,5367.282111813249
12847,43.72921954671574,416.93999999990274,5367.36419511294
12848,43.72921954671574,416.9599999999027,5367.446275843777
12849,43.72921954671574,416.9799999999027,5367.528354005573
12850,43.72921954671574,416.9999999999027,5367.610429598144
12851,43.72921954671574,417.01999999990267,5367.692502621303
12852,43.72921954671574,417.03999999990265,5367.774573074865
12853,43.72921954671574,417.05999999990263,5367.856640958644
12854,43.72921954671574,417.0799999999026,5367.938706272454
12855,43.72921954671574,417.0999999999026,5368.020769016109
12856,43.72921954671574,417.1199999999026,5368.102829189424
12857,43.72921954671574,417.13999999990256,5368.184886792213
12858,43.72921954671574,417.15999999990254,5368.266941825039
12859,43.72921954671574,417.1799999999025,5368.348994299903
12860,43.72921954671574,417.1999999999025,5368.431044222066
12861,43.72921954671574,417.2199999999025,5368.513091591342
12862,43.72921954671574,417.23999999990247,5368.595136407547
12863,43.72921954671574,417.25999999990245,5368.677178670497
12864,43.72921954671574,417.27999999990243,5368.759218380005
12865,43.72921954671574,417.2999999999024,5368.841255535888
12866,43.72921954671574,417.3199999999024,5368.923290137961
12867,43.72921954671574,417.3399999999024,5369.005322186039
12868,43.72921954671574,417.35999999990236,5369.087351679937
12869,43.72921954671574,417.37999999990234,5369.169378619469
12870,43.72921954671574,417.3999999999023,5369.251403004452
12871,43.72921954671574,417.4199999999023,5369.333424834701
12872,43.72921954671574,417.4399999999023,5369.415444110031
12873,43.72921954671574,417.45999999990227,5369.497460830256
12874,43.72921954671574,417.47999999990225,5369.579474995194
12875,43.72921954671574,417.49999999990223,5369.6614866046575
12876,43.72921954671574,417.5199999999022,5369.743495658463
12877,43.72921954671574,417.5399999999022,5369.8255021564255
12878,43.72921954671574,417.5599999999022,5369.90750609836
12879,43.72921954671574,417.57999999990216,5369.9895074840815
12880,43.72921954671574,417.59999999990214,5370.0715063131665
12881,43.72921954671574,417.6199999999021,5370.153502585075
12882,43.72921954671574,417.6399999999021,5370.2354962996105
12883,43.72921954671574,417.6599999999021,5370.317487456589
12884,43.72921954671574,417.67999999990207,5370.399476055827
12885,43.72921954671574,417.69999999990205,5370.48146209714
12886,43.72921954671574,417.71999999990203,5370.563445580345
12887,43.72921954671574,417.739999999902,5370.645426505257
12888,43.72921954671574,417.759999999902,5370.727404871694
12889,43.72921954671574,417.779999999902,5370.80938067947
12890,43.72921954671574,417.79999999990196,5370.891353928404
12891,43.72921954671574,417.81999999990194,5370.9733246183105
12892,43.72921954671574,417.8399999999019,5371.055292749006
12893,43.72921954671574,417.8599999999019,5371.137258320307
12894,43.72921954671574,417.8799999999019,5371.21922133203
12895,43.72921954671574,417.89999999990187,5371.3011817839915
12896,43.72921954671574,417.91999999990185,5371.383139676007
12897,43.72921954671574,417.93999999990183,5371.465095007893
12898,43.72921954671574,417.9599999999018,5371.547047779466
12899,43.72921954671574,417.9799999999018,5371.628997990542
12900,43.72921954671574,417.9999999999018,5371.710945640938
12901,43.72921954671574,418.01999999990176,5371.7928907304695
12902,43.72921954671574,418.03999999990174,5371.874833258953
12903,43.72921954671574,418.0599999999017,5371.956773226205
12904,43.72921954671574,418.0799999999017,5372.038710632041
12905,43.72921954671574,418.0999999999017,5372.120645476279
12906,43.72921954671574,418.11999999990167,5372.202577758733
12907,43.72921954671574,418.13999999990165,5372.284507479221
12908,43.72921954671574,418.15999999990163,5372.36643463756
12909,43.72921954671574,418.1799999999016,5372.448359234549
12910,43.72921954671574,418.1999999999016,5372.530281283307
12911,43.72921954671574,418.2199999999016,5372.612200788098
12912,43.72921954671574,418.23999999990156,5372.69411774874
12913,43.72921954671574,418.25999999990154,5372.77603216505
12914,43.72921954671574,418.2799999999015,5372.8579440368485
12915,43.72921954671574,418.2999999999015,5372.939853363952
12916,43.72921954671574,418.3199999999015,5373.02176014618
12917,43.72921954671574,418.33999999990147,5373.10366438335
12918,43.72921954671574,418.35999999990145,5373.185566075281
12919,43.72921954671574,418.37999999990143,5373.26746522179
12920,43.72921954671574,418.3999999999014,5373.349361822697
12921,43.72921954671574,418.4199999999014,5373.431255877818
12922,43.72921954671574,418.4399999999014,5373.513147386973
12923,43.72921954671574,418.45999999990136,5373.595036349981
12924,43.659345653682045,418.47999999990134,5373.676922766657
12925,43.659345653682045,418.4999999999013,5373.758806636823
12926,43.659345653682045,418.5199999999013,5373.840687960294
12927,43.659345653682045,418.5399999999013,5373.922566736891
12928,43.659345653682045,418.55999999990127,5374.00444296643
12929,43.659345653682045,418.57999999990125,5374.086316648732
12930,43.659345653682045,418.59999999990123,5374.168187783613
12931,43.659345653682045,418.6199999999012,5374.250056370892
12932,43.659345653682045,418.6399999999012,5374.331922410387
12933,43.659345653682045,418.6599999999012,5374.413785901917
12934,43.659345653682045,418.67999999990116,5374.4956468453
12935,43.659345653682045,418.69999999990114,5374.577505240354
12936,43.659345653682045,418.7199999999011,5374.659361086898
12937,43.659345653682045,418.7399999999011,5374.74121438475
12938,43.659345653682045,418.7599999999011,5374.823065133727
12939,43.659345653682045,418.77999999990107,5374.904913333649
12940,43.659345653682045,418.79999999990105,5374.986758984334
12941,43.659345653682045,418.81999999990103,5375.068602085601
12942,43.659345653682045,418.839999999901,5375.150442637267
12943,43.659345653682045,418.859999999901,5375.23228063915
12944,43.659345653682045,418.879999999901,5375.31411609107
12945,43.659345653682045,418.89999999990096,5375.395948992845
12946,43.659345653682045,418.91999999990094,5375.477779344292
12947,43.659345653682045,418.9399999999009,5375.55960714523
12948,43.659345653682045,418.9599999999009,5375.641432395479
12949,43.659345653682045,418.9799999999009,5375.723255094855
12950,43.659345653682045,418.99999999990087,5375.805075243177
12951,43.659345653682045,419.01999999990085,5375.886892840264
12952,43.659345653682045,419.03999999990083,5375.968707885934
12953,43.659345653682045,419.0599999999008,5376.050520380006
12954,43.659345653682045,419.0799999999008,5376.132330322297
12955,43.659345653682045,419.0999999999008,5376.214137712626
12956,43.659345653682045,419.11999999990076,5376.2959425508125
12957,43.659345653682045,419.13999999990074,5376.377744836673
12958,43.659345653682045,419.1599999999007,5376.459544570027
12959,43.659345653682045,419.1799999999007,5376.5413417506925
12960,43.659345653682045,419.1999999999007,5376.623136379636
12961,43.659345653682045,419.21999999990066,5376.704928470192
12962,43.659345653682045,419.23999999990065,5376.786718025362
12963,43.659345653682045,419.25999999990063,5376.868505044966
12964,43.659345653682045,419.2799999999006,5376.950289528824
12965,43.659345653682045,419.2999999999006,5377.032071476756
12966,43.659345653682045,419.3199999999006,5377.1138508885815
12967,43.659345653682045,419.33999999990056,5377.195627764119
12968,43.659345653682045,419.35999999990054,5377.27740210319
12969,43.659345653682045,419.3799999999005,5377.359173905613
12970,43.659345653682045,419.3999999999005,5377.440943171208
12971,43.659345653682045,419.4199999999005,5377.522709899795
12972,43.659345653682045,419.43999999990046,5377.604474091193
12973,43.659345653682045,419.45999999990045,5377.686235745222
12974,43.659345653682045,419.47999999990043,5377.767994861702
12975,43.659345653682045,419.4999999999004,5377.8497514404535
12976,43.659345653682045,419.5199999999004,5377.931505481294
12977,43.659345653682045,419.5399999999004,5378.013256984045
12978,43.659345653682045,419.55999999990036,5378.095005948526
12979,43.659345653682045,419.57999999990034,5378.176752374556
12980,43.659345653682045,419.5999999999003,5378.258496261955
12981,43.659345653682045,419.6199999999003,5378.340237610542
12982,43.659345653682045,419.6399999999003,5378.421976420139
12983,43.659345653682045,419.65999999990026,5378.503712690564
12984,43.659345653682045,419.67999999990025,5378.585446421636
12985,43.659345653682045,419.69999999990023,5378.667177613177
12986,43.659345653682045,419.7199999999002,5378.748906265005
12987,43.659345653682045,419.7399999999002,5378.83063237694
12988,43.659345653682045,419.7599999999002,5378.9123559488025
12989,43.659345653682045,419.77999999990016,5378.994076980412
12990,43.659345653682045,419.79999999990014,5379.075795471587
12991,43.659345653682045,419.8199999999001,5379.15751142215
12992,43.659345653682045,419.8399999999001,5379.239224831917
12993,43.659345653682045,419.8599999999001,5379.320935700711
12994,43.659345653682045,419.87999999990006,5379.402644028351
12995,43.659345653682045,419.89999999990005,5379.484349814656
12996,43.659345653682045,419.9199999999,5379.566053059446
12997,43.659345653682045,419.9399999999,5379.647753762541
12998,43.659345653682045,419.9599999999,5379.72945192376
12999,43.659345653682045,419.9799999999,5379.811147542924
13000,43.659345653682045,419.99999999989996,5379.892840619853
13001,43.659345653682045,420.01999999989994,5379.974531154366
13002,43.659345653682045,420.0399999998999,5380.056219146118
13003,43.659345653682045,420.0599999998999,5380.137904594441
13004,43.659345653682045,420.0799999998999,5380.219587499118
13005,43.659345653682045,420.09999999989986,5380.3012678599625
13006,43.659345653682045,420.11999999989985,5380.382945676792
13007,43.659345653682045,420.1399999998998,5380.464620949421
13008,43.659345653682045,420.1599999998998,5380.546293677667
13009,43.659345653682045,420.1799999998998,5380.627963861345
13010,43.659345653682045,420.1999999998998,5380.709631500272
13011,43.659345653682045,420.21999999989976,5380.791296595666
13012,43.659345653682045,420.23999999989974,5380.8729591621695
13013,43.659345653682045,420.2599999998997,5380.954619201799
13014,43.659345653682045,420.2799999998997,5381.036276714367
13015,43.659345653682045,420.2999999998997,5381.117931699689
13016,43.659345653682045,420.31999999989966,5381.199584157578
13017,43.659345653682045,420.33999999989965,5381.28123408785
13018,43.659345653682045,420.3599999998996,5381.362881490319
13019,43.659345653682045,420.3799999998996,5381.444526364798
13020,43.659345653682045,420.3999999998996,5381.526168711102
13021,43.659345653682045,420.4199999998996,5381.607808529047
13022,43.659345653682045,420.43999999989956,5381.689445818446
13023,43.659345653682045,420.45999999989954,5381.771080579114
13024,43.659345653682045,420.4799999998995,5381.852712810864
13025,43.659345653682045,420.4999999998995,5381.934342513513
13026,43.659345653682045,420.5199999998995,5382.015969686873
13027,43.659345653682045,420.53999999989946,5382.09759433076
13028,43.659345653682045,420.55999999989945,5382.179216444988
13029,43.659345653682045,420.5799999998994,5382.260836029371
13030,43.659345653682045,420.5999999998994,5382.342453083723
13031,43.659345653682045,420.6199999998994,5382.42406760786
13032,43.659345653682045,420.6399999998994,5382.505679601595
13033,43.659345653682045,420.65999999989936,5382.587289064743
13034,43.659345653682045,420.67999999989934,5382.668895997119
13035,43.659345653682045,420.6999999998993,5382.750500398536
13036,43.659345653682045,420.7199999998993,5382.832102268811
13037,43.659345653682045,420.7399999998993,5382.913701607756
13038,43.659345653682045,420.75999999989926,5382.995298415186
13039,43.659345653682045,420.77999999989925,5383.076892690916
13040,43.659345653682045,420.7999999998992,5383.15848443476
13041,43.659345653682045,420.8199999998992,5383.240073646533
13042,43.659345653682045,420.8399999998992,5383.32166032605
13043,43.659345653682045,420.8599999998992,5383.403244473124
13044,43.659345653682045,420.87999999989916,5383.48482608757
13045,43.659345653682045,420.89999999989914,5383.566405169202
13046,43.659345653682045,420.9199999998991,5383.647981717836
13047,43.659345653682045,420.9399999998991,5383.729555733285
13048,43.659345653682045,420.9599999998991,5383.811127215366
13049,43.659345653682045,420.97999999989906,5383.89269616389
13050,43.659345653682045,420.99999999989905,5383.974262578673
13051,43.659345653682045,421.019999999899,5384.05582645953
13052,43.659345653682045,421.039999999899,5384.137387806276
13053,43.659345653682045,421.059999999899,5384.218946618724
13054,43.659345653682045,421.079999999899,5384.300502896689
13055,43.5896576457134,421.09999999989896,5384.382056639986
13056,43.5896576457134,421.11999999989894,5384.46360784843
13057,43.5896576457134,421.1399999998989,5384.545156521834
13058,43.5896576457134,421.1599999998989,5384.626702660013
13059,43.5896576457134,421.1799999998989,5384.708246262781
13060,43.5896576457134,421.19999999989886,5384.789787329955
13061,43.5896576457134,421.21999999989885,5384.871325861348
13062,43.5896576457134,421.2399999998988,5384.952861858656
13063,43.5896576457134,421.2599999998988,5385.034395336135
13064,43.5896576457134,421.2799999998988,5385.115926295001
13065,43.5896576457134,421.2999999998988,5385.197454735078
13066,43.5896576457134,421.31999999989876,5385.278980656189
13067,43.5896576457134,421.33999999989874,5385.360504058155
13068,43.5896576457134,421.3599999998987,5385.4420249408
13069,43.5896576457134,421.3799999998987,5385.523543303948
13070,43.5896576457134,421.3999999998987,5385.6050591474195
13071,43.5896576457134,421.41999999989866,5385.686572471039
13072,43.5896576457134,421.43999999989865,5385.768083274628
13073,43.5896576457134,421.4599999998986,5385.849591558011
13074,43.5896576457134,421.4799999998986,5385.931097321009
13075,43.5896576457134,421.4999999998986,5386.012600563446
13076,43.5896576457134,421.5199999998986,5386.094101285144
13077,43.5896576457134,421.53999999989855,5386.175599485926
13078,43.5896576457134,421.55999999989854,5386.257095165615
13079,43.5896576457134,421.5799999998985,5386.338588324034
13080,43.5896576457134,421.5999999998985,5386.420078961007
13081,43.5896576457134,421.6199999998985,5386.501567076355
13082,43.5896576457134,421.63999999989846,5386.583052669901
13083,43.5896576457134,421.65999999989845,5386.664535741469
13084,43.5896576457134,421.6799999998984,5386.746016290881
13085,43.5896576457134,421.6999999998984,5386.8274943179595
13086,43.5896576457134,421.7199999998984,5386.908969822528
13087,43.5896576457134,421.7399999998984,5386.990442804409
13088,43.5896576457134,421.75999999989835,5387.071913263426
13089,43.5896576457134,421.77999999989834,5387.153381199401
13090,43.5896576457134,421.7999999998983,5387.2348466121575
13091,43.5896576457134,421.8199999998983,5387.316309501518
13092,43.5896576457134,421.8399999998983,5387.397769867306
13093,43.5896576457134,421.85999999989826,5387.479227709344
13094,43.5896576457134,421.87999999989825,5387.560683027455
13095,43.5896576457134,421.8999999998982,5387.642135821461
13096,43.5896576457134,421.9199999998982,5387.723586091186
13097,43.5896576457134,421.9399999998982,5387.805033836452
13098,43.5896576457134,421.9599999998982,5387.886479057082
13099,43.5896576457134,421.97999999989815,5387.9679217529
13100,43.5896576457134,421.99999999989814,5388.049361923728
13101,43.5896576457134,422.0199999998981,5388.130799569389
13102,43.5896576457134,422.0399999998981,5388.212234689706
13103,43.5896576457134,422.0599999998981,5388.293667284502
13104,43.5896576457134,422.07999999989806,5388.375097353599
13105,43.5896576457134,422.09999999989805,5388.456524896821
13106,43.5896576457134,422.119999999898,5388.537949913991
13107,43.5896576457134,422.139999999898,5388.619372404931
13108,43.5896576457134,422.159999999898,5388.700792369465
13109,43.5896576457134,422.179999999898,5388.782209807415
13110,43.5896576457134,422.19999999989795,5388.863624718604
13111,43.5896576457134,422.21999999989794,5388.945037102856
13112,43.5896576457134,422.2399999998979,5389.026446959992
13113,43.5896576457134,422.2599999998979,5389.107854292767
13114,43.5896576457134,422.2799999998979,5389.189259114618
13115,43.5896576457134,422.29999999989786,5389.2706614265535
13116,43.5896576457134,422.31999999989785,5389.352061228395
13117,43.5896576457134,422.3399999998978,5389.433458519964
13118,43.5896576457134,422.3599999998978,5389.514853301083
13119,43.5896576457134,422.3799999998978,5389.5962455715735
13120,43.5896576457134,422.3999999998978,5389.677635331256
13121,43.5896576457134,422.41999999989775,5389.759022579954
13122,43.5896576457134,422.43999999989774,5389.840407317488
13123,43.5896576457134,422.4599999998977,5389.92178954368
13124,43.5896576457134,422.4799999998977,5390.003169258347
13125,43.5896576457134,422.4999999998977,5390.084546461042
13126,43.5896576457134,422.51999999989766,5390.165921151348
13127,43.5896576457134,422.53999999989765,5390.247293329087
13128,43.5896576457134,422.5599999998976,5390.328662994084
13129,43.5896576457134,422.5799999998976,5390.410030146161
13130,43.5896576457134,422.5999999998976,5390.491394785144
13131,43.5896576457134,422.6199999998976,5390.572756910854
13132,43.5896576457134,422.63999999989755,5390.6541165231165
13133,43.5896576457134,422.65999999989754,5390.735473621754
13134,43.5896576457134,422.6799999998975,5390.816828206591
13135,43.5896576457134,422.6999999998975,5390.898180277451
13136,43.5896576457134,422.7199999998975,5390.979529834156
13137,43.5896576457134,422.73999999989746,5391.060876876531
13138,43.5896576457134,422.75999999989745,5391.1422214044005
13139,43.5896576457134,422.7799999998974,5391.223563417587
13140,43.5896576457134,422.7999999998974,5391.304902915914
13141,43.5896576457134,422.8199999998974,5391.386239899205
13142,43.5896576457134,422.8399999998974,5391.467574367284
13143,43.5896576457134,422.85999999989735,5391.548906319976
13144,43.5896576457134,422.87999999989734,5391.630235757102
13145,43.5896576457134,422.8999999998973,5391.711562678488
13146,43.5896576457134,422.9199999998973,5391.792887083956
13147,43.5896576457134,422.9399999998973,5391.8742089733305
13148,43.5896576457134,422.95999999989726,5391.955528346435
13149,43.5896576457134,422.97999999989725,5392.036845203093
13150,43.5896576457134,422.9999999998972,5392.118159543129
13151,43.5896576457134,423.0199999998972,5392.199471366365
13152,43.5896576457134,423.0399999998972,5392.280780672627
13153,43.5896576457134,423.0599999998972,5392.362087461736
13154,43.5896576457134,423.07999999989715,5392.443391733518
13155,43.5896576457134,423.09999999989714,5392.524693487795
13156,43.5896576457134,423.1199999998971,5392.605992724391
13157,43.5896576457134,423.1399999998971,5392.687289443131
13158,43.5896576457134,423.1599999998971,5392.768583643837
13159,43.5896576457134,423.17999999989706,5392.849875326334
13160,43.5896576457134,423.19999999989705,5392.931164490445
13161,43.5896576457134,423.219999999897,5393.012451135994
13162,43.5896576457134,423.239999999897,5393.093735262803
13163,43.5896576457134,423.259999999897,5393.1750168706985
13164,43.5896576457134,423.279999999897,5393.256295963587
13165,43.5896576457134,423.29999999989695,5393.337572554417
13166,43.5896576457134,423.31999999989694,5393.418846644017
13167,43.5896576457134,423.3399999998969,5393.500118232211
13168,43.5896576457134,423.3599999998969,5393.581387318822
13169,43.5896576457134,423.3799999998969,5393.662653903673
13170,43.5896576457134,423.39999999989686,5393.74391798659
13171,43.5896576457134,423.41999999989685,5393.825179567394
13172,43.5896576457134,423.4399999998968,5393.90643864591
13173,43.5896576457134,423.4599999998968,5393.987695221961
13174,43.5896576457134,423.4799999998968,5394.068949295371
13175,43.5896576457134,423.4999999998968,5394.150200865963
13176,43.5896576457134,423.51999999989675,5394.231449933561
13177,43.5896576457134,423.53999999989674,5394.312696497988
13178,43.5896576457134,423.5599999998967,5394.39394055907
13179,43.5896576457134,423.5799999998967,5394.475182116628
13180,43.5896576457134,423.5999999998967,5394.556421170487
13181,43.5896576457134,423.61999999989666,5394.637657720469
13182,43.5896576457134,423.63999999989665,5394.7188917664
13183,43.5896576457134,423.6599999998966,5394.800123308101
13184,43.5896576457134,423.6799999998966,5394.881352345398
13185,43.5896576457134,423.6999999998966,5394.962578878114
13186,43.5896576457134,423.7199999998966,5395.043802906072
13187,43.52015483123339,423.73999999989655,5395.125024429096
13188,43.52015483123339,423.75999999989654,5395.206243447009
13189,43.52015483123339,423.7799999998965,5395.287459959635
13190,43.52015483123339,423.7999999998965,5395.368673966799
13191,43.52015483123339,423.8199999998965,5395.449885468323
13192,43.52015483123339,423.83999999989646,5395.531094464031
13193,43.52015483123339,423.85999999989644,5395.612300953748
13194,43.52015483123339,423.8799999998964,5395.693504937296
13195,43.52015483123339,423.8999999998964,5395.774706414499
13196,43.52015483123339,423.9199999998964,5395.85590538518
13197,43.52015483123339,423.9399999998964,5395.937101849165
13198,43.52015483123339,423.95999999989635,5396.018295806275
13199,43.52015483123339,423.97999999989634,5396.099487256336
13200,43.52015483123339,423.9999999998963,5396.18067619917
13201,43.52015483123339,424.0199999998963,5396.261862634602
13202,43.52015483123339,424.0399999998963,5396.343046562454
13203,43.52015483123339,424.05999999989626,5396.424227982551
13204,43.52015483123339,424.07999999989624,5396.5054068947165
13205,43.52015483123339,424.0999999998962,5396.586583298774
13206,43.52015483123339,424.1199999998962,5396.667757194547
13207,43.52015483123339,424.1399999998962,5396.74892858186
13208,43.52015483123339,424.1599999998962,5396.830097460536
13209,43.52015483123339,424.17999999989615,5396.9112638304
13210,43.52015483123339,424.19999999989614,5396.992427691273
13211,43.52015483123339,424.2199999998961,5397.073589042981
13212,43.52015483123339,424.2399999998961,5397.154747885347
13213,43.52015483123339,424.2599999998961,5397.235904218195
13214,43.52015483123339,424.27999999989606,5397.317058041349
13215,43.52015483123339,424.29999999989604,5397.398209359532
13216,43.52015483123339,424.319999999896,5397.479358184224
13217,43.52015483123339,424.339999999896,5397.560504515997
13218,43.52015483123339,424.359999999896,5397.641648354676
13219,43.52015483123339,424.379999999896,5397.722789700084
13220,43.52015483123339,424.39999999989595,5397.8039285520435
13221,43.52015483123339,424.41999999989594,5397.885064910378
13222,43.52015483123339,424.4399999998959,5397.966198774911
13223,43.52015483123339,424.4599999998959,5398.047330145467
13224,43.52015483123339,424.4799999998959,5398.1284590218675
13225,43.52015483123339,424.49999999989586,5398.209585403937
13226,43.52015483123339,424.51999999989584,5398.290709291499
13227,43.52015483123339,424.5399999998958,5398.371830684377
13228,43.52015483123339,424.5599999998958,5398.452949582393
13229,43.52015483123339,424.5799999998958,5398.534065985372
13230,43.52015483123339,424.5999999998958,5398.615179893137
13231,43.52015483123339,424.61999999989575,5398.69629130551
13232,43.52015483123339,424.63999999989574,5398.777400222317
13233,43.52015483123339,424.6599999998957,5398.858506643379
13234,43.52015483123339,424.6799999998957,5398.939610568521
13235,43.52015483123339,424.6999999998957,5399.020711997566
13236,43.52015483123339,424.71999999989566,5399.101810930337
13237,43.52015483123339,424.73999999989564,5399.182907366657
13238,43.52015483123339,424.7599999998956,5399.26400130635
13239,43.52015483123339,424.7799999998956,5399.3450927492395
13240,43.52015483123339,424.7999999998956,5399.426181695149
13241,43.52015483123339,424.8199999998956,5399.507268143902
13242,43.52015483123339,424.83999999989555,5399.588352095322
13243,43.52015483123339,424.85999999989554,5399.669433549232
13244,43.52015483123339,424.8799999998955,5399.750512505456
13245,43.52015483123339,424.8999999998955,5399.831588963816
13246,43.52015483123339,424.9199999998955,5399.912662924137
13247,43.52015483123339,424.93999999989546,5399.993734386242
13248,43.52015483123339,424.95999999989544,5400.0748033496475
13249,43.52015483123339,424.9799999998954,5400.155869813788
13250,43.52015483123339,424.9999999998954,5400.236933778479
13251,43.52015483123339,425.0199999998954,5400.317995243546
13252,43.52015483123339,425.0399999998954,5400.399054208812
13253,43.52015483123339,425.05999999989535,5400.480110674102
13254,43.52015483123339,425.07999999989534,5400.561164639241
13255,43.52015483123339,425.0999999998953,5400.642216104052
13256,43.52015483123339,425.1199999998953,5400.72326506836
13257,43.52015483123339,425.1399999998953,5400.80431153199
13258,43.52015483123339,425.15999999989526,5400.885355494765
13259,43.52015483123339,425.17999999989524,5400.96639695651
13260,43.52015483123339,425.1999999998952,5401.04743591705
13261,43.52015483123339,425.2199999998952,5401.128472376209
13262,43.52015483123339,425.2399999998952,5401.209506333812
13263,43.52015483123339,425.2599999998952,5401.290537789682
13264,43.52015483123339,425.27999999989515,5401.3715667436445
13265,43.52015483123339,425.29999999989514,5401.452593195524
13266,43.52015483123339,425.3199999998951,5401.5336171512035
13267,43.52015483123339,425.3399999998951,5401.614638621599
13268,43.52015483123339,425.3599999998951,5401.695657607092
13269,43.52015483123339,425.37999999989506,5401.776674107506
13270,43.52015483123339,425.39999999989504,5401.857688122665
13271,43.52015483123339,425.419999999895,5401.938699652394
13272,43.52015483123339,425.439999999895,5402.019708696514
13273,43.52015483123339,425.459999999895,5402.100715254849
13274,43.52015483123339,425.47999999989497,5402.1817193272245
13275,43.52015483123339,425.49999999989495,5402.2627209134625
13276,43.52015483123339,425.51999999989494,5402.343720013387
13277,43.52015483123339,425.5399999998949,5402.424716626821
13278,43.52015483123339,425.5599999998949,5402.505710753589
13279,43.52015483123339,425.5799999998949,5402.586702393513
13280,43.52015483123339,425.59999999989486,5402.667691546419
13281,43.52015483123339,425.61999999989484,5402.748678212129
13282,43.52015483123339,425.6399999998948,5402.829662390466
13283,43.52015483123339,425.6599999998948,5402.910644081256
13284,43.52015483123339,425.6799999998948,5402.99162328432
13285,43.52015483123339,425.69999999989477,5403.072599999483
13286,43.52015483123339,425.71999999989475,5403.153574226568
13287,43.52015483123339,425.73999999989474,5403.234545965399
13288,43.52015483123339,425.7599999998947,5403.315515215799
13289,43.52015483123339,425.7799999998947,5403.396481977592
13290,43.52015483123339,425.7999999998947,5403.477446250602
13291,43.52015483123339,425.81999999989466,5403.558408034652
13292,43.52015483123339,425.83999999989464,5403.639367329565
13293,43.52015483123339,425.8599999998946,5403.720324135166
13294,43.52015483123339,425.8799999998946,5403.801278451278
13295,43.52015483123339,425.8999999998946,5403.882230277725
13296,43.52015483123339,425.91999999989457,5403.96317961433
13297,43.52015483123339,425.93999999989455,5404.044126460918
13298,43.52015483123339,425.95999999989453,5404.125070817311
13299,43.52015483123339,425.9799999998945,5404.206012683333
13300,43.52015483123339,425.9999999998945,5404.286952058808
13301,43.52015483123339,426.0199999998945,5404.36788894356
13302,43.52015483123339,426.03999999989446,5404.448823337411
13303,43.52015483123339,426.05999999989444,5404.529755240187
13304,43.52015483123339,426.0799999998944,5404.6106846517105
13305,43.52015483123339,426.0999999998944,5404.691611571805
13306,43.52015483123339,426.1199999998944,5404.772536000294
13307,43.52015483123339,426.13999999989437,5404.853457937002
13308,43.52015483123339,426.15999999989435,5404.934377381751
13309,43.52015483123339,426.17999999989433,5405.015294334366
13310,43.52015483123339,426.1999999998943,5405.096208794671
13311,43.52015483123339,426.2199999998943,5405.177120762489
13312,43.52015483123339,426.2399999998943,5405.258030237644
13313,43.52015483123339,426.25999999989426,5405.338937219959
13314,43.52015483123339,426.27999999989424,5405.419841709258
13315,43.52015483123339,426.2999999998942,5405.5007437053655
13316,43.52015483123339,426.3199999998942,5405.581643208105
13317,43.52015483123339,426.3399999998942,5405.662540224432
13318,43.52015483123339,426.35999999989417,5405.743434764471
13319,43.450836521970196,426.37999999989415,5405.824326828402
13320,43.450836521970196,426.39999999989413,5405.905216416051
13321,43.450836521970196,426.4199999998941,5405.986103527245
13322,43.450836521970196,426.4399999998941,5406.066988161811
13323,43.450836521970196,426.4599999998941,5406.147870319576
13324,43.450836521970196,426.47999999989406,5406.228750000368
13325,43.450836521970196,426.49999999989404,5406.309627204012
13326,43.450836521970196,426.519999999894,5406.3905019303365
13327,43.450836521970196,426.539999999894,5406.471374179168
13328,43.450836521970196,426.559999999894,5406.552243950334
13329,43.450836521970196,426.57999999989397,5406.633111243661
13330,43.450836521970196,426.59999999989395,5406.713976058976
13331,43.450836521970196,426.61999999989393,5406.794838396107
13332,43.450836521970196,426.6399999998939,5406.875698254879
13333,43.450836521970196,426.6599999998939,5406.956555635121
13334,43.450836521970196,426.6799999998939,5407.037410536659
13335,43.450836521970196,426.69999999989386,5407.11826295932
13336,43.450836521970196,426.71999999989384,5407.199112902933
13337,43.450836521970196,426.7399999998938,5407.279960367323
13338,43.450836521970196,426.7599999998938,5407.360805352317
13339,43.450836521970196,426.7799999998938,5407.441647857742
13340,43.450836521970196,426.79999999989377,5407.522487883427
13341,43.450836521970196,426.81999999989375,5407.603325429197
13342,43.450836521970196,426.83999999989373,5407.6841604948795
13343,43.450836521970196,426.8599999998937,5407.764993080303
13344,43.450836521970196,426.8799999998937,5407.845823185293
13345,43.450836521970196,426.8999999998937,5407.926650809676
13346,43.450836521970196,426.91999999989366,5408.007475953281
13347,43.450836521970196,426.93999999989364,5408.088298615934
13348,43.450836521970196,426.9599999998936,5408.169118797462
13349,43.450836521970196,426.9799999998936,5408.249936497693
13350,43.450836521970196,426.9999999998936,5408.330751716453
13351,43.450836521970196,427.01999999989357,5408.41156445357
13352,43.450836521970196,427.03999999989355,5408.49237470887
13353,43.450836521970196,427.05999999989353,5408.5731824821805
13354,43.450836521970196,427.0799999998935,5408.653987773329
13355,43.450836521970196,427.0999999998935,5408.734790582143
13356,43.450836521970196,427.1199999998935,5408.815590908449
13357,43.450836521970196,427.13999999989346,5408.896388752074
13358,43.450836521970196,427.15999999989344,5408.977184112845
13359,43.450836521970196,427.1799999998934,5409.05797699059
13360,43.450836521970196,427.1999999998934,5409.138767385135
13361,43.450836521970196,427.2199999998934,5409.219555296308
13362,43.450836521970196,427.23999999989337,5409.300340723935
13363,43.450836521970196,427.25999999989335,5409.381123667844
13364,43.450836521970196,427.27999999989333,5409.461904127862
13365,43.450836521970196,427.2999999998933,5409.542682103816
13366,43.450836521970196,427.3199999998933,5409.623457595534
13367,43.450836521970196,427.3399999998933,5409.7042306028425
13368,43.450836521970196,427.35999999989326,5409.785001133407
13369,43.450836521970196,427.37999999989324,5409.865769196117
13370,43.450836521970196,427.3999999998932,5409.9465347909345
13371,43.450836521970196,427.4199999998932,5410.027297917649
13372,43.450836521970196,427.4399999998932,5410.108058575602
13373,43.450836521970196,427.45999999989317,5410.188816764474
13374,43.450836521970196,427.47999999989315,5410.269572484093
13375,43.450836521970196,427.49999999989313,5410.350325734288
13376,43.450836521970196,427.5199999998931,5410.431076514885
13377,43.450836521970196,427.5399999998931,5410.511824825711
13378,43.450836521970196,427.5599999998931,5410.592570666595
13379,43.450836521970196,427.57999999989306,5410.6733140373635
13380,43.450836521970196,427.59999999989304,5410.754054937844
13381,43.450836521970196,427.619999999893,5410.834793367863
13382,43.450836521970196,427.639999999893,5410.915529327251
13383,43.450836521970196,427.659999999893,5410.996262815833
13384,43.450836521970196,427.67999999989297,5411.076993833437
13385,43.450836521970196,427.69999999989295,5411.15772237989
13386,43.450836521970196,427.71999999989293,5411.238448455021
13387,43.450836521970196,427.7399999998929,5411.3191720586565
13388,43.450836521970196,427.7599999998929,5411.3998931906235
13389,43.450836521970196,427.7799999998929,5411.48061185075
13390,43.450836521970196,427.79999999989286,5411.561328038864
13391,43.450836521970196,427.81999999989284,5411.642041754793
13392,43.450836521970196,427.8399999998928,5411.722752998364
13393,43.450836521970196,427.8599999998928,5411.803461769404
13394,43.450836521970196,427.8799999998928,5411.8841680677415
13395,43.450836521970196,427.89999999989277,5411.964871893204
13396,43.450836521970196,427.91999999989275,5412.0455732456185
13397,43.450836521970196,427.93999999989273,5412.126272124813
13398,43.450836521970196,427.9599999998927,5412.206968530615
13399,43.450836521970196,427.9799999998927,5412.287662462852
13400,43.450836521970196,427.9999999998927,5412.368353921351
13401,43.450836521970196,428.01999999989266,5412.44904290594
13402,43.450836521970196,428.03999999989264,5412.529729416447
13403,43.450836521970196,428.0599999998926,5412.610413452698
13404,43.450836521970196,428.0799999998926,5412.691095014522
13405,43.450836521970196,428.0999999998926,5412.771774101746
13406,43.450836521970196,428.11999999989257,5412.852450714198
13407,43.450836521970196,428.13999999989255,5412.9331248517055
13408,43.450836521970196,428.15999999989253,5413.013796514096
13409,43.450836521970196,428.1799999998925,5413.094465701196
13410,43.450836521970196,428.1999999998925,5413.1751324128345
13411,43.450836521970196,428.2199999998925,5413.255796648838
13412,43.450836521970196,428.23999999989246,5413.336458409036
13413,43.450836521970196,428.25999999989244,5413.417117693254
13414,43.450836521970196,428.2799999998924,5413.49777450132
13415,43.450836521970196,428.2999999998924,5413.578428833062
13416,43.450836521970196,428.3199999998924,5413.659080688308
13417,43.450836521970196,428.33999999989237,5413.7397300668845
13418,43.450836521970196,428.35999999989235,5413.820376968688
13419,43.450836521970196,428.37999999989233,5413.901021402691
13420,43.450836521970196,428.3999999998923,5413.98166337726
13421,43.450836521970196,428.4199999998923,5414.062302892221
13422,43.450836521970196,428.4399999998923,5414.142939947403
13423,43.450836521970196,428.45999999989226,5414.223574542633
13424,43.450836521970196,428.47999999989224,5414.30420667774
13425,43.450836521970196,428.4999999998922,5414.384836352551
13426,43.450836521970196,428.5199999998922,5414.465463566895
13427,43.450836521970196,428.5399999998922,5414.546088320598
13428,43.450836521970196,428.55999999989217,5414.626710613489
13429,43.450836521970196,428.57999999989215,5414.707330445396
13430,43.450836521970196,428.59999999989213,5414.787947816147
13431,43.450836521970196,428.6199999998921,5414.868562725569
13432,43.450836521970196,428.6399999998921,5414.949175173491
13433,43.450836521970196,428.6599999998921,5415.029785159741
13434,43.450836521970196,428.67999999989206,5415.110392684145
13435,43.450836521970196,428.69999999989204,5415.190997746533
13436,43.450836521970196,428.719999999892,5415.271600346732
13437,43.450836521970196,428.739999999892,5415.35220048457
13438,43.450836521970196,428.759999999892,5415.432798159874
13439,43.450836521970196,428.77999999989197,5415.513393372474
13440,43.450836521970196,428.79999999989195,5415.593986122196
13441,43.450836521970196,428.81999999989193,5415.674576408869
13442,43.450836521970196,428.8399999998919,5415.755164232321
13443,43.450836521970196,428.8599999998919,5415.835749592378
13444,43.450836521970196,428.8799999998919,5415.9163324888705
13445,43.450836521970196,428.89999999989186,5415.996912921625
13446,43.450836521970196,428.91999999989184,5416.0774908904705
13447,43.450836521970196,428.9399999998918,5416.158066395234
13448,43.450836521970196,428.9599999998918,5416.238639435744
13449,43.450836521970196,428.9799999998918,5416.319210011828
13450,43.450836521970196,428.99999999989177,5416.399778123314
13451,43.450836521970196,429.01999999989175,5416.48034377003
13452,43.38170203293733,429.03999999989173,5416.560906951804
13453,43.38170203293733,429.0599999998917,5416.641467668464
13454,43.38170203293733,429.0799999998917,5416.722025919838
13455,43.38170203293733,429.0999999998917,5416.802581705754
13456,43.38170203293733,429.11999999989166,5416.88313502604
13457,43.38170203293733,429.13999999989164,5416.963685880523
13458,43.38170203293733,429.1599999998916,5417.044234269032
13459,43.38170203293733,429.1799999998916,5417.124780191395
13460,43.38170203293733,429.1999999998916,5417.205323647439
13461,43.38170203293733,429.21999999989157,5417.285864636994
13462,43.38170203293733,429.23999999989155,5417.366403159886
13463,43.38170203293733,429.25999999989153,5417.446939215944
13464,43.38170203293733,429.2799999998915,5417.527472804996
13465,43.38170203293733,429.2999999998915,5417.608003926869
13466,43.38170203293733,429.3199999998915,5417.688532581392
13467,43.38170203293733,429.33999999989146,5417.769058768392
13468,43.38170203293733,429.35999999989144,5417.849582487698
13469,43.38170203293733,429.3799999998914,5417.930103739402
13470,43.38170203293733,429.3999999998914,5418.010622532828
13471,43.38170203293733,429.4199999998914,5418.091138874934
13472,43.38170203293733,429.43999999989137,5418.171652765545
13473,43.38170203293733,429.45999999989135,5418.252164204492
13474,43.38170203293733,429.47999999989133,5418.332673191603
13475,43.38170203293733,429.4999999998913,5418.4131797267055
13476,43.38170203293733,429.5199999998913,5418.493683809629
13477,43.38170203293733,429.5399999998913,5418.574185440201
13478,43.38170203293733,429.55999999989126,5418.654684618251
13479,43.38170203293733,429.57999999989124,5418.735181343606
13480,43.38170203293733,429.5999999998912,5418.815675616096
13481,43.38170203293733,429.6199999998912,5418.896167435549
13482,43.38170203293733,429.6399999998912,5418.976656801793
13483,43.38170203293733,429.65999999989117,5419.057143714657
13484,43.38170203293733,429.67999999989115,5419.1376281739695
13485,43.38170203293733,429.69999999989113,5419.218110179559
13486,43.38170203293733,429.7199999998911,5419.298589731253
13487,43.38170203293733,429.7399999998911,5419.379066828881
13488,43.38170203293733,429.7599999998911,5419.459541472272
13489,43.38170203293733,429.77999999989106,5419.5400136612525
13490,43.38170203293733,429.79999999989104,5419.620483395653
13491,43.38170203293733,429.819999999891,5419.700950675301
13492,43.38170203293733,429.839999999891,5419.781415500026
13493,43.38170203293733,429.859999999891,5419.8618778696555
13494,43.38170203293733,429.87999999989097,5419.9423377840185
13495,43.38170203293733,429.89999999989095,5420.022795242913
13496,43.38170203293733,429.91999999989093,5420.103250245738
13497,43.38170203293733,429.9399999998909,5420.183702792158
13498,43.38170203293733,429.9599999998909,5420.264152882004
13499,43.38170203293733,429.9799999998909,5420.3446005151045
13500,43.38170203293733,429.99999999989086,5420.4250456912905
13501,43.38170203293733,430.01999999989084,5420.505488410392
13502,43.38170203293733,430.0399999998908,5420.58592867224
13503,43.38170203293733,430.0599999998908,5420.666366476663
13504,43.38170203293733,430.0799999998908,5420.746801823492
13505,43.38170203293733,430.09999999989077,5420.827234712558
13506,43.38170203293733,430.11999999989075,5420.90766514369
13507,43.38170203293733,430.13999999989073,5420.988093116718
13508,43.38170203293733,430.1599999998907,5421.068518631473
13509,43.38170203293733,430.1799999998907,5421.148941687785
13510,43.38170203293733,430.1999999998907,5421.229362285484
13511,43.38170203293733,430.21999999989066,5421.3097804244
13512,43.38170203293733,430.23999999989064,5421.390196104363
13513,43.38170203293733,430.2599999998906,5421.470609325203
13514,43.38170203293733,430.2799999998906,5421.551020086752
13515,43.38170203293733,430.2999999998906,5421.631428388839
13516,43.38170203293733,430.31999999989057,5421.711834231293
13517,43.38170203293733,430.33999999989055,5421.792237613946
13518,43.38170203293733,430.35999999989053,5421.872638536627
13519,43.38170203293733,430.3799999998905,5421.953036999167
13520,43.38170203293733,430.3999999998905,5422.033433001865
13521,43.38170203293733,430.4199999998905,5422.113826554994
13522,43.38170203293733,430.43999999989046,5422.194217664604
13523,43.38170203293733,430.45999999989044,5422.274606330525
13524,43.38170203293733,430.4799999998904,5422.354992552586
13525,43.38170203293733,430.4999999998904,5422.435376330617
13526,43.38170203293733,430.5199999998904,5422.51575766445
13527,43.38170203293733,430.53999999989037,5422.596136553912
13528,43.38170203293733,430.55999999989035,5422.676512998835
13529,43.38170203293733,430.57999999989033,5422.756886999049
13530,43.38170203293733,430.5999999998903,5422.837258554384
13531,43.38170203293733,430.6199999998903,5422.9176276646685
13532,43.38170203293733,430.6399999998903,5422.997994329734
13533,43.38170203293733,430.65999999989026,5423.07835854941
13534,43.38170203293733,430.67999999989024,5423.158720323528
13535,43.38170203293733,430.6999999998902,5423.239079651916
13536,43.38170203293733,430.7199999998902,5423.319436534404
13537,43.38170203293733,430.7399999998902,5423.399790970824
13538,43.38170203293733,430.75999999989017,5423.480142961005
13539,43.38170203293733,430.77999999989015,5423.560492504777
13540,43.38170203293733,430.79999999989013,5423.640839601971
13541,43.38170203293733,430.8199999998901,5423.721184252415
13542,43.38170203293733,430.8399999998901,5423.80152645594
13543,43.38170203293733,430.8599999998901,5423.881866212377
13544,43.38170203293733,430.87999999989006,5423.962203521554
13545,43.38170203293733,430.89999999989004,5424.0425383833035
13546,43.38170203293733,430.91999999989,5424.122870797454
13547,43.38170203293733,430.93999999989,5424.203200763836
13548,43.38170203293733,430.95999999989,5424.283528282281
13549,43.38170203293733,430.97999999988997,5424.363853352616
13550,43.38170203293733,430.99999999988995,5424.444175974674
13551,43.38170203293733,431.01999999988993,5424.524496148284
13552,43.38170203293733,431.0399999998899,5424.604813873276
13553,43.38170203293733,431.0599999998899,5424.6851291494795
13554,43.38170203293733,431.0799999998899,5424.765441976726
13555,43.38170203293733,431.09999999988986,5424.845752354845
13556,43.38170203293733,431.11999999988984,5424.926060283667
13557,43.38170203293733,431.1399999998898,5425.006365763021
13558,43.38170203293733,431.1599999998898,5425.086668792737
13559,43.38170203293733,431.1799999998898,5425.166969372647
13560,43.38170203293733,431.19999999988977,5425.247267502579
13561,43.38170203293733,431.21999999988975,5425.327563182364
13562,43.38170203293733,431.23999999988973,5425.407856411833
13563,43.38170203293733,431.2599999998897,5425.488147190815
13564,43.38170203293733,431.2799999998897,5425.56843551914
13565,43.38170203293733,431.2999999998897,5425.648721396638
13566,43.38170203293733,431.31999999988966,5425.729004823141
13567,43.38170203293733,431.33999999988964,5425.8092857984775
13568,43.38170203293733,431.3599999998896,5425.889564322478
13569,43.38170203293733,431.3799999998896,5425.969840394972
13570,43.38170203293733,431.3999999998896,5426.050114015791
13571,43.38170203293733,431.41999999988957,5426.130385185448
13572,43.38170203293733,431.43999999988955,5426.210653915216
13573,43.38170203293733,431.45999999988953,5426.2909202102255
13574,43.38170203293733,431.4799999998895,5426.371184070306
13575,43.38170203293733,431.4999999998895,5426.45144549529
13576,43.38170203293733,431.5199999998895,5426.531704485007
13577,43.38170203293733,431.53999999988946,5426.611961039291
13578,43.38170203293733,431.55999999988944,5426.692215157971
13579,43.38170203293733,431.5799999998894,5426.772466840879
13580,43.38170203293733,431.5999999998894,5426.852716087847
13581,43.38170203293733,431.6199999998894,5426.932962898705
13582,43.38170203293733,431.63999999988937,5427.013207273286
13583,43.38170203293733,431.65999999988935,5427.093449211419
13584,43.38170203293733,431.67999999988933,5427.173688712938
13585,43.38170203293733,431.6999999998893,5427.2539257776725
13586,43.312750682414475,431.7199999998893,5427.334160405454
13587,43.312750682414475,431.7399999998893,5427.414392596114
13588,43.312750682414475,431.75999999988926,5427.494622349484
13589,43.312750682414475,431.77999999988924,5427.574849665396
13590,43.312750682414475,431.7999999998892,5427.655074543681
13591,43.312750682414475,431.8199999998892,5427.7352969841695
13592,43.312750682414475,431.8399999998892,5427.815516986693
13593,43.312750682414475,431.85999999988917,5427.8957345510835
13594,43.312750682414475,431.87999999988915,5427.975949677172
13595,43.312750682414475,431.89999999988913,5428.05616236479
13596,43.312750682414475,431.9199999998891,5428.136372613769
13597,43.312750682414475,431.9399999998891,5428.216580423939
13598,43.312750682414475,431.9599999998891,5428.2967857951335
13599,43.312750682414475,431.97999999988906,5428.376988727183
13600,43.312750682414475,431.99999999988904,5428.457189219918
13601,43.312750682414475,432.019999999889,5428.537387273172
13602,43.312750682414475,432.039999999889,5428.617582886774
13603,43.312750682414475,432.059999999889,5428.697776060556
13604,43.312750682414475,432.07999999988897,5428.77796679435
13605,43.312750682414475,432.09999999988895,5428.858155087986
13606,43.312750682414475,432.11999999988893,5428.938340941298
13607,43.312750682414475,432.1399999998889,5429.018524354115
13608,43.312750682414475,432.1599999998889,5429.098705326269
13609,43.312750682414475,432.1799999998889,5429.178883857592
13610,43.312750682414475,432.19999999988886,5429.259059947915
13611,43.312750682414475,432.21999999988884,5429.339233597069
13612,43.312750682414475,432.2399999998888,5429.419404804887
13613,43.312750682414475,432.2599999998888,5429.499573571198
13614,43.312750682414475,432.2799999998888,5429.579739895835
13615,43.312750682414475,432.29999999988877,5429.659903778629
13616,43.312750682414475,432.31999999988875,5429.740065219412
13617,43.312750682414475,432.33999999988873,5429.820224218014
13618,43.312750682414475,432.3599999998887,5429.900380774267
13619,43.312750682414475,432.3799999998887,5429.980534888004
13620,43.312750682414475,432.3999999998887,5430.060686558812
13621,43.312750682414475,432.41999999988866,5430.140835785989
13622,43.312750682414475,432.43999999988864,5430.2209825701775
13623,43.312750682414475,432.4599999998886,5430.301126922892
13624,43.312750682414475,432.4799999998886,5430.381268848031
13625,43.312750682414475,432.4999999998886,5430.461408345428
13626,43.312750682414475,432.51999999988857,5430.541545414914
13627,43.312750682414475,432.53999999988855,5430.6216800563225
13628,43.312750682414475,432.55999999988853,5430.701812269484
13629,43.312750682414475,432.5799999998885,5430.781942054232
13630,43.312750682414475,432.5999999998885,5430.862069410397
13631,43.312750682414475,432.6199999998885,5430.942194337813
13632,43.312750682414475,432.63999999988846,5431.022316836311
13633,43.312750682414475,432.65999999988844,5431.102436905723
13634,43.312750682414475,432.6799999998884,5431.182554545881
13635,43.312750682414475,432.6999999998884,5431.262669756618
13636,43.312750682414475,432.7199999998884,5431.342782537767
13637,43.312750682414475,432.73999999988837,5431.422892889157
13638,43.312750682414475,432.75999999988835,5431.503000810623
13639,43.312750682414475,432.77999999988833,5431.583106301997
13640,43.312750682414475,432.7999999998883,5431.66320936311
13641,43.312750682414475,432.8199999998883,5431.743309993794
13642,43.312750682414475,432.8399999998883,5431.823408193883
13643,43.312750682414475,432.85999999988826,5431.903503963206
13644,43.312750682414475,432.87999999988824,5431.983597301599
13645,43.312750682414475,432.8999999998882,5432.063688208891
13646,43.312750682414475,432.9199999998882,5432.143776684916
13647,43.312750682414475,432.9399999998882,5432.2238627295055
13648,43.312750682414475,432.95999999988817,5432.303946342492
13649,43.312750682414475,432.97999999988815,5432.384027523707
13650,43.312750682414475,432.99999999988813,5432.464106272984
13651,43.312750682414475,433.0199999998881,5432.544182590154
13652,43.312750682414475,433.0399999998881,5432.62425647505
13653,43.312750682414475,433.0599999998881,5432.704327927504
13654,43.312750682414475,433.07999999988806,5432.784396947348
13655,43.312750682414475,433.09999999988804,5432.8644635344135
13656,43.312750682414475,433.119999999888,5432.9445276885335
13657,43.312750682414475,433.139999999888,5433.024589409541
13658,43.312750682414475,433.159999999888,5433.104648697266
13659,43.312750682414475,433.17999999988797,5433.184705551544
13660,43.312750682414475,433.19999999988795,5433.264759972204
13661,43.312750682414475,433.21999999988793,5433.34481195908
13662,43.312750682414475,433.2399999998879,5433.424861512004
13663,43.312750682414475,433.2599999998879,5433.504908630808
13664,43.312750682414475,433.2799999998879,5433.584953315324
13665,43.312750682414475,433.29999999988786,5433.664995565385
13666,43.312750682414475,433.31999999988784,5433.745035380822
13667,43.312750682414475,433.3399999998878,5433.825072761468
13668,43.312750682414475,433.3599999998878,5433.905107707155
13669,43.312750682414475,433.3799999998878,5433.985140217716
13670,43.312750682414475,433.39999999988777,5434.065170292983
13671,43.312750682414475,433.41999999988775,5434.145197932788
13672,43.312750682414475,433.43999999988773,5434.225223136962
13673,43.312750682414475,433.4599999998877,5434.305245906416
13674,43.312750682414475,433.4799999998877,5434.385266253849
13675,43.312750682414475,433.4999999998877,5434.4652841822835
13676,43.312750682414475,433.51999999988766,5434.545299691548
13677,43.312750682414475,433.53999999988764,5434.625312781474
13678,43.312750682414475,433.5599999998876,5434.705323451893
13679,43.312750682414475,433.5799999998876,5434.785331702634
13680,43.312750682414475,433.5999999998876,5434.865337533528
13681,43.312750682414475,433.61999999988757,5434.945340944407
13682,43.312750682414475,433.63999999988755,5435.0253419351
13683,43.312750682414475,433.65999999988753,5435.105340505439
13684,43.312750682414475,433.6799999998875,5435.185336655254
13685,43.312750682414475,433.6999999998875,5435.265330384376
13686,43.312750682414475,433.7199999998875,5435.3453216926355
13687,43.312750682414475,433.73999999988746,5435.425310579863
13688,43.312750682414475,433.75999999988744,5435.50529704589
13689,43.312750682414475,433.7799999998874,5435.585281090547
13690,43.312750682414475,433.7999999998874,5435.665262713665
13691,43.312750682414475,433.8199999998874,5435.745241915073
13692,43.312750682414475,433.83999999988737,5435.825218694603
13693,43.312750682414475,433.85999999988735,5435.905193052085
13694,43.312750682414475,433.87999999988733,5435.985164987352
13695,43.312750682414475,433.8999999998873,5436.065134500232
13696,43.312750682414475,433.9199999998873,5436.145101590557
13697,43.312750682414475,433.9399999998873,5436.225066258157
13698,43.312750682414475,433.95999999988726,5436.305028502864
13699,43.312750682414475,433.97999999988724,5436.3849883245075
13700,43.312750682414475,433.9999999998872,5436.464945722919
13701,43.312750682414475,434.0199999998872,5436.544900697929
13702,43.312750682414475,434.0399999998872,5436.624853249367
13703,43.312750682414475,434.05999999988717,5436.704803377066
13704,43.312750682414475,434.07999999988715,5436.784751080856
13705,43.312750682414475,434.09999999988713,5436.864696360567
13706,43.312750682414475,434.1199999998871,5436.94463921603
13707,43.312750682414475,434.1399999998871,5437.024579647076
13708,43.312750682414475,434.1599999998871,5437.104517653536
13709,43.312750682414475,434.17999999988706,5437.184453235241
13710,43.312750682414475,434.19999999988704,5437.26438639202
13711,43.312750682414475,434.219999999887,5437.344317123706
13712,43.312750682414475,434.239999999887,5437.424245430128
13713,43.312750682414475,434.259999999887,5437.504171311119
13714,43.312750682414475,434.27999999988697,5437.584094766507
13715,43.312750682414475,434.29999999988695,5437.664015796126
13716,43.312750682414475,434.31999999988693,5437.743934399803
13717,43.312750682414475,434.3399999998869,5437.823850577372
13718,43.312750682414475,434.3599999998869,5437.903764328662
13719,43.312750682414475,434.3799999998869,5437.983675653504
13720,43.24398179192843,434.39999999988686,5438.06358455173
13721,43.24398179192843,434.41999999988684,5438.14349102317
13722,43.24398179192843,434.4399999998868,5438.223395067655
13723,43.24398179192843,434.4599999998868,5438.303296685015
13724,43.24398179192843,434.4799999998868,5438.3831958763385
13725,43.24398179192843,434.49999999988677,5438.463092654912
13726,43.24398179192843,434.51999999988675,5438.542987022714
13727,43.24398179192843,434.53999999988673,5438.622878979586
13728,43.24398179192843,434.5599999998867,5438.702768525363
13729,43.24398179192843,434.5799999998867,5438.782655659885
13730,43.24398179192843,434.5999999998867,5438.862540382989
13731,43.24398179192843,434.61999999988666,5438.942422694514
13732,43.24398179192843,434.63999999988664,5439.022302594298
13733,43.24398179192843,434.6599999998866,5439.102180082179
13734,43.24398179192843,434.6799999998866,5439.182055157995
13735,43.24398179192843,434.6999999998866,5439.261927821584
13736,43.24398179192843,434.71999999988657,5439.341798072785
13737,43.24398179192843,434.73999999988655,5439.421665911436
13738,43.24398179192843,434.75999999988653,5439.501531337375
13739,43.24398179192843,434.7799999998865,5439.58139435044
13740,43.24398179192843,434.7999999998865,5439.661254950469
13741,43.24398179192843,434.8199999998865,5439.741113137301
13742,43.24398179192843,434.83999999988646,5439.820968910773
13743,43.24398179192843,434.85999999988644,5439.900822270725
13744,43.24398179192843,434.8799999998864,5439.980673216995
13745,43.24398179192843,434.8999999998864,5440.060521749226
13746,43.24398179192843,434.9199999998864,5440.140367866828
13747,43.24398179192843,434.93999999988637,5440.220211569611
13748,43.24398179192843,434.95999999988635,5440.300052857412
13749,43.24398179192843,434.97999999988633,5440.379891730067
13750,43.24398179192843,434.9999999998863,5440.459728187413
13751,43.24398179192843,435.0199999998863,5440.539562229285
13752,43.24398179192843,435.0399999998863,5440.619393855521
13753,43.24398179192843,435.05999999988626,5440.699223065956
13754,43.24398179192843,435.07999999988624,5440.779049860427
13755,43.24398179192843,435.0999999998862,5440.85887423877
13756,43.24398179192843,435.1199999998862,5440.938696200821
13757,43.24398179192843,435.1399999998862,5441.0185157464175
13758,43.24398179192843,435.15999999988617,5441.098332875395
13759,43.24398179192843,435.17999999988615,5441.178147587589
13760,43.24398179192843,435.19999999988613,5441.257959882837
13761,43.24398179192843,435.2199999998861,5441.337769760976
13762,43.24398179192843,435.2399999998861,5441.4175772218405
13763,43.24398179192843,435.2599999998861,5441.497382265268
13764,43.24398179192843,435.27999999988606,5441.577184891095
13765,43.24398179192843,435.29999999988604,5441.656985099158
13766,43.24398179192843,435.319999999886,5441.736782889293
13767,43.24398179192843,435.339999999886,5441.816578261336
13768,43.24398179192843,435.359999999886,5441.8963712151235
13769,43.24398179192843,435.37999999988597,5441.976161750492
13770,43.24398179192843,435.39999999988595,5442.055949867278
13771,43.24398179192843,435.41999999988593,5442.135735565318
13772,43.24398179192843,435.4399999998859,5442.2155188444485
13773,43.24398179192843,435.4599999998859,5442.295299704506
13774,43.24398179192843,435.4799999998859,5442.3750781453255
13775,43.24398179192843,435.49999999988586,5442.4548541683625
13776,43.24398179192843,435.51999999988584,5442.53462778694
13777,43.24398179192843,435.5399999998858,5442.614399002212
13778,43.24398179192843,435.5599999998858,5442.694167814013
13779,43.24398179192843,435.5799999998858,5442.773934222178
13780,43.24398179192843,435.59999999988577,5442.8536982265405
13781,43.24398179192843,435.61999999988575,5442.933459826937
13782,43.24398179192843,435.63999999988573,5443.013219023202
13783,43.24398179192843,435.6599999998857,5443.092975815169
13784,43.24398179192843,435.6799999998857,5443.172730202674
13785,43.24398179192843,435.6999999998857,5443.252482185551
13786,43.24398179192843,435.71999999988566,5443.332231763637
13787,43.24398179192843,435.73999999988564,5443.411978936764
13788,43.24398179192843,435.7599999998856,5443.491723704768
13789,43.24398179192843,435.7799999998856,5443.571466067485
13790,43.24398179192843,435.7999999998856,5443.651206024748
13791,43.24398179192843,435.81999999988557,5443.730943576392
13792,43.24398179192843,435.83999999988555,5443.810678722252
13793,43.24398179192843,435.85999999988553,5443.890411462164
13794,43.24398179192843,435.8799999998855,5443.970141795961
13795,43.24398179192843,435.8999999998855,5444.04986972348
13796,43.24398179192843,435.9199999998855,5444.1295952445535
13797,43.24398179192843,435.93999999988546,5444.209318359018
13798,43.24398179192843,435.95999999988544,5444.289039066707
13799,43.24398179192843,435.9799999998854,5444.368757367457
13800,43.24398179192843,435.9999999998854,5444.448473261102
13801,43.24398179192843,436.0199999998854,5444.528186747476
13802,43.24398179192843,436.03999999988537,5444.607897826415
13803,43.24398179192843,436.05999999988535,5444.687606497754
13804,43.24398179192843,436.07999999988533,5444.767312761327
13805,43.24398179192843,436.0999999998853,5444.84701661697
13806,43.24398179192843,436.1199999998853,5444.9267180645165
13807,43.24398179192843,436.1399999998853,5445.006417103802
13808,43.24398179192843,436.15999999988526,5445.086113734662
13809,43.24398179192843,436.17999999988524,5445.165807956931
13810,43.24398179192843,436.1999999998852,5445.245499770443
13811,43.24398179192843,436.2199999998852,5445.325189175033
13812,43.24398179192843,436.2399999998852,5445.404876170538
13813,43.24398179192843,436.25999999988517,5445.48456075679
13814,43.24398179192843,436.27999999988515,5445.564242933627
13815,43.24398179192843,436.29999999988513,5445.6439227008805
13816,43.24398179192843,436.3199999998851,5445.723600058388
13817,43.24398179192843,436.3399999998851,5445.803275005983
13818,43.24398179192843,436.3599999998851,5445.8829475435
13819,43.24398179192843,436.37999999988506,5445.962617670776
13820,43.24398179192843,436.39999999988504,5446.042285387644
13821,43.24398179192843,436.419999999885,5446.121950693941
13822,43.24398179192843,436.439999999885,5446.201613589499
13823,43.24398179192843,436.459999999885,5446.281274074155
13824,43.24398179192843,436.47999999988497,5446.360932147743
13825,43.24398179192843,436.49999999988495,5446.440587810099
13826,43.24398179192843,436.51999999988493,5446.520241063731
13827,43.24398179192843,436.5399999998849,5446.599891921617
13828,43.24398179192843,436.5599999998849,5446.679540384756
13829,43.24398179192843,436.5799999998849,5446.759186452984
13830,43.24398179192843,436.59999999988486,5446.838830126137
13831,43.24398179192843,436.61999999988484,5446.918471404049
13832,43.24398179192843,436.6399999998848,5446.998110286558
13833,43.24398179192843,436.6599999998848,5447.077746773498
13834,43.24398179192843,436.6799999998848,5447.157380864706
13835,43.24398179192843,436.69999999988477,5447.237012560017
13836,43.24398179192843,436.71999999988475,5447.316641859268
13837,43.24398179192843,436.73999999988473,5447.396268762294
13838,43.24398179192843,436.7599999998847,5447.475893268931
13839,43.24398179192843,436.7799999998847,5447.555515379015
13840,43.24398179192843,436.7999999998847,5447.635135092381
13841,43.24398179192843,436.81999999988466,5447.714752408864
13842,43.24398179192843,436.83999999988464,5447.7943673283025
13843,43.24398179192843,436.8599999998846,5447.87397985053
13844,43.24398179192843,436.8799999998846,5447.953589975384
13845,43.24398179192843,436.8999999998846,5448.033197702699
13846,43.24398179192843,436.91999999988457,5448.112803032312
13847,43.24398179192843,436.93999999988455,5448.192405964058
13848,43.24398179192843,436.95999999988453,5448.272006497773
13849,43.24398179192843,436.9799999998845,5448.3516046332925
13850,43.24398179192843,436.9999999998845,5448.431200370454
13851,43.24398179192843,437.0199999998845,5448.510793709091
13852,43.24398179192843,437.03999999988446,5448.59038464904
13853,43.24398179192843,437.05999999988444,5448.669973190138
13854,43.17539468623436,437.0799999998844,5448.74955933222
13855,43.17539468623436,437.0999999998844,5448.829143075122
13856,43.17539468623436,437.1199999998844,5448.90872441868
13857,43.17539468623436,437.13999999988437,5448.98830336273
13858,43.17539468623436,437.15999999988435,5449.067879907107
13859,43.17539468623436,437.17999999988433,5449.147454051648
13860,43.17539468623436,437.1999999998843,5449.227025796188
13861,43.17539468623436,437.2199999998843,5449.306595140563
13862,43.17539468623436,437.2399999998843,5449.38616208461
13863,43.17539468623436,437.25999999988426,5449.465726628164
13864,43.17539468623436,437.27999999988424,5449.54528877106
13865,43.17539468623436,437.2999999998842,5449.624848513135
13866,43.17539468623436,437.3199999998842,5449.704405854224
13867,43.17539468623436,437.3399999998842,5449.783960794164
13868,43.17539468623436,437.35999999988417,5449.863513332791
13869,43.17539468623436,437.37999999988415,5449.943063469939
13870,43.17539468623436,437.39999999988413,5450.02261120541
13871,43.17539468623436,437.4199999998841,5450.102156538513
13872,43.17539468623436,437.4399999998841,5450.181699468883
13873,43.17539468623436,437.4599999998841,5450.261239996358
13874,43.17539468623436,437.47999999988406,5450.340778120773
13875,43.17539468623436,437.49999999988404,5450.420313841966
13876,43.17539468623436,437.519999999884,5450.499847159772
13877,43.17539468623436,437.539999999884,5450.579378077525
13878,43.17539468623436,437.559999999884,5450.658906606807
13879,43.17539468623436,437.57999999988397,5450.738432748372
13880,43.17539468623436,437.59999999988395,5450.817956502059
13881,43.17539468623436,437.61999999988393,5450.897477867705
13882,43.17539468623436,437.6399999998839,5450.976996845147
13883,43.17539468623436,437.6599999998839,5451.056513434226
13884,43.17539468623436,437.6799999998839,5451.136027634778
13885,43.17539468623436,437.69999999988386,5451.215539446641
13886,43.17539468623436,437.71999999988384,5451.295048869653
13887,43.17539468623436,437.7399999998838,5451.374555903653
13888,43.17539468623436,437.7599999998838,5451.454060548478
13889,43.17539468623436,437.7799999998838,5451.533562803967
13890,43.17539468623436,437.79999999988377,5451.613062669957
13891,43.17539468623436,437.81999999988375,5451.692560146286
13892,43.17539468623436,437.83999999988373,5451.772055232794
13893,43.17539468623436,437.8599999998837,5451.851547929316
13894,43.17539468623436,437.8799999998837,5451.9310382356925
13895,43.17539468623436,437.8999999998837,5452.010526151761
13896,43.17539468623436,437.91999999988366,5452.090011677359
13897,43.17539468623436,437.93999999988364,5452.169494812325
13898,43.17539468623436,437.9599999998836,5452.248975556497
13899,43.17539468623436,437.9799999998836,5452.328453909712
13900,43.17539468623436,437.9999999998836,5452.40792987181
13901,43.17539468623436,438.01999999988357,5452.4874034426275
13902,43.17539468623436,438.03999999988355,5452.5668746220035
13903,43.17539468623436,438.05999999988353,5452.646343409776
13904,43.17539468623436,438.0799999998835,5452.725809805783
13905,43.17539468623436,438.0999999998835,5452.805273809862
13906,43.17539468623436,438.1199999998835,5452.884735421852
13907,43.17539468623436,438.13999999988346,5452.964194641591
13908,43.17539468623436,438.15999999988344,5453.043651468916
13909,43.17539468623436,438.1799999998834,5453.123105903666
13910,43.17539468623436,438.1999999998834,5453.2025579456795
13911,43.17539468623436,438.2199999998834,5453.282007594794
13912,43.17539468623436,438.23999999988337,5453.361454850847
13913,43.17539468623436,438.25999999988335,5453.440899713677
13914,43.17539468623436,438.27999999988333,5453.520342183123
13915,43.17539468623436,438.2999999998833,5453.5997822590225
13916,43.17539468623436,438.3199999998833,5453.679219941213
13917,43.17539468623436,438.3399999998833,5453.758655229533
13918,43.17539468623436,438.35999999988326,5453.838088123822
13919,43.17539468623436,438.37999999988324,5453.917518623916
13920,43.17539468623436,438.3999999998832,5453.996946729654
13921,43.17539468623436,438.4199999998832,5454.076372440874
13922,43.17539468623436,438.4399999998832,5454.155795757415
13923,43.17539468623436,438.45999999988317,5454.235216679114
13924,43.17539468623436,438.47999999988315,5454.31463520581
13925,43.17539468623436,438.49999999988313,5454.394051337341
13926,43.17539468623436,438.5199999998831,5454.4734650735445
13927,43.17539468623436,438.5399999998831,5454.552876414259
13928,43.17539468623436,438.5599999998831,5454.632285363854
13929,43.17539468623436,438.57999999988306,5454.711691933349
13930,43.17539468623436,438.59999999988304,5454.791096123322
13931,43.17539468623436,438.619999999883,5454.870497933612
13932,43.17539468623436,438.639999999883,5454.9498973640575
13933,43.17539468623436,438.659999999883,5455.029294414498
13934,43.17539468623436,438.67999999988297,5455.108689084771
13935,43.17539468623436,438.69999999988295,5455.188081374717
13936,43.17539468623436,438.71999999988293,5455.267471284174
13937,43.17539468623436,438.7399999998829,5455.346858812981
13938,43.17539468623436,438.7599999998829,5455.426243960977
13939,43.17539468623436,438.7799999998829,5455.505626728002
13940,43.17539468623436,438.79999999988286,5455.585007113895
13941,43.17539468623436,438.81999999988284,5455.664385118493
13942,43.17539468623436,438.8399999998828,5455.743760741636
13943,43.17539468623436,438.8599999998828,5455.823133983163
13944,43.17539468623436,438.8799999998828,5455.902504842913
13945,43.17539468623436,438.89999999988277,5455.981873320725
13946,43.17539468623436,438.91999999988275,5456.061239416437
13947,43.17539468623436,438.93999999988273,5456.140603129889
13948,43.17539468623436,438.9599999998827,5456.21996446092
13949,43.17539468623436,438.9799999998827,5456.299323409368
13950,43.17539468623436,438.9999999998827,5456.378679975073
13951,43.17539468623436,439.01999999988266,5456.458034157874
13952,43.17539468623436,439.03999999988264,5456.537385957608
13953,43.17539468623436,439.0599999998826,5456.616735374117
13954,43.17539468623436,439.0799999998826,5456.696082407238
13955,43.17539468623436,439.0999999998826,5456.775427056809
13956,43.17539468623436,439.11999999988257,5456.854769322672
13957,43.17539468623436,439.13999999988255,5456.934109204664
13958,43.17539468623436,439.15999999988253,5457.013446702625
13959,43.17539468623436,439.1799999998825,5457.092781816392
13960,43.17539468623436,439.1999999998825,5457.172114545806
13961,43.17539468623436,439.2199999998825,5457.251444890705
13962,43.17539468623436,439.23999999988246,5457.330772850929
13963,43.17539468623436,439.25999999988244,5457.410098426316
13964,43.17539468623436,439.2799999998824,5457.489421616705
13965,43.17539468623436,439.2999999998824,5457.568742421936
13966,43.17539468623436,439.3199999998824,5457.648060841847
13967,43.17539468623436,439.33999999988237,5457.727376876277
13968,43.17539468623436,439.35999999988235,5457.806690525065
13969,43.17539468623436,439.37999999988233,5457.8860017880515
13970,43.17539468623436,439.3999999998823,5457.965310665074
13971,43.17539468623436,439.4199999998823,5458.0446171559715
13972,43.17539468623436,439.4399999998823,5458.123921260583
13973,43.17539468623436,439.45999999988226,5458.203222978748
13974,43.17539468623436,439.47999999988224,5458.282522310306
13975,43.17539468623436,439.4999999998822,5458.361819255096
13976,43.17539468623436,439.5199999998822,5458.441113812955
13977,43.17539468623436,439.5399999998822,5458.520405983725
13978,43.17539468623436,439.55999999988217,5458.599695767243
13979,43.17539468623436,439.57999999988215,5458.678983168941
13980,43.17539468623436,439.59999999988213,5458.7582681992335
13981,43.17539468623436,439.6199999998821,5458.837550858515
13982,43.17539468623436,439.6399999998821,5458.916831146625
13983,43.17539468623436,439.6599999998821,5458.996109063402
13984,43.17539468623436,439.67999999988206,5459.075384608688
13985,43.17539468623436,439.69999999988204,5459.154657782322
13986,43.17539468623436,439.719999999882,5459.2339285841435
13987,43.17539468623436,439.739999999882,5459.313197013992
13988,43.17539468623436,439.759999999882,5459.392463071708
13989,43.106988693296856,439.77999999988197,5459.471726757131
13990,43.106988693296856,439.79999999988195,5459.550988070101
13991,43.106988693296856,439.81999999988193,5459.630247010457
13992,43.106988693296856,439.8399999998819,5459.70950357804
13993,43.106988693296856,439.8599999998819,5459.788757772689
13994,43.106988693296856,439.8799999998819,5459.868009594244
13995,43.106988693296856,439.89999999988186,5459.947259042544
13996,43.106988693296856,439.91999999988184,5460.026506117388
13997,43.106988693296856,439.9399999998818,5460.105750818069
13998,43.106988693296856,439.9599999998818,5460.184993144261
13999,43.106988693296856,439.9799999998818,5460.264233095803
14000,43.106988693296856,439.99999999988177,5460.343470672535
14001,43.106988693296856,440.01999999988175,5460.422705874295
14002,43.106988693296856,440.03999999988173,5460.501938700925
14003,43.106988693296856,440.0599999998817,5460.581169152264
14004,43.106988693296856,440.0799999998817,5460.660397228152
14005,43.106988693296856,440.0999999998817,5460.739622928428
14006,43.106988693296856,440.11999999988166,5460.8188462529315
14007,43.106988693296856,440.13999999988164,5460.898067201503
14008,43.106988693296856,440.1599999998816,5460.977285773983
14009,43.106988693296856,440.1799999998816,5461.05650197021
14010,43.106988693296856,440.1999999998816,5461.135715790024
14011,43.106988693296856,440.21999999988157,5461.2149272332645
14012,43.106988693296856,440.23999999988155,5461.294136299772
14013,43.106988693296856,440.25999999988153,5461.3733429893855
14014,43.106988693296856,440.2799999998815,5461.452547301946
14015,43.106988693296856,440.2999999998815,5461.531749237292
14016,43.106988693296856,440.3199999998815,5461.610948795264
14017,43.106988693296856,440.33999999988146,5461.690145975702
14018,43.106988693296856,440.35999999988144,5461.7693407784445
14019,43.106988693296856,440.3799999998814,5461.848533203332
14020,43.106988693296856,440.3999999998814,5461.927723250205
14021,43.106988693296856,440.4199999998814,5462.006910918903
14022,43.106988693296856,440.43999999988137,5462.086096209265
14023,43.106988693296856,440.45999999988135,5462.165279121131
14024,43.106988693296856,440.47999999988133,5462.244459654341
14025,43.106988693296856,440.4999999998813,5462.323637808735
14026,43.106988693296856,440.5199999998813,5462.402813584153
14027,43.106988693296856,440.5399999998813,5462.481986980434
14028,43.106988693296856,440.55999999988126,5462.561157997419
14029,43.106988693296856,440.57999999988124,5462.640326634947
14030,43.106988693296856,440.5999999998812,5462.719492899111
14031,43.106988693296856,440.6199999998812,5462.798656799056
14032,43.106988693296856,440.6399999998812,5462.87781833496
14033,43.106988693296856,440.65999999988117,5462.956977506663
14034,43.106988693296856,440.67999999988115,5463.036134314006
14035,43.106988693296856,440.69999999988113,5463.115288756828
14036,43.106988693296856,440.7199999998811,5463.194440834969
14037,43.106988693296856,440.7399999998811,5463.273590548269
14038,43.106988693296856,440.7599999998811,5463.352737896567
14039,43.106988693296856,440.77999999988106,5463.431882879705
14040,43.106988693296856,440.79999999988104,5463.511025497521
14041,43.106988693296856,440.819999999881,5463.590165749855
14042,43.106988693296856,440.839999999881,5463.669303636549
14043,43.106988693296856,440.859999999881,5463.74843915744
14044,43.106988693296856,440.87999999988097,5463.82757231237
14045,43.106988693296856,440.89999999988095,5463.906703101177
14046,43.106988693296856,440.91999999988093,5463.985831523703
14047,43.106988693296856,440.9399999998809,5464.064957579788
14048,43.106988693296856,440.9599999998809,5464.14408126927
14049,43.106988693296856,440.9799999998809,5464.22320259199
14050,43.106988693296856,440.99999999988086,5464.302321547788
14051,43.106988693296856,441.01999999988084,5464.381438136504
14052,43.106988693296856,441.0399999998808,5464.460552357977
14053,43.106988693296856,441.0599999998808,5464.539664212048
14054,43.106988693296856,441.0799999998808,5464.618773698557
14055,43.106988693296856,441.09999999988077,5464.697880817343
14056,43.106988693296856,441.11999999988075,5464.776985568246
14057,43.106988693296856,441.13999999988073,5464.856087951107
14058,43.106988693296856,441.1599999998807,5464.935187965765
14059,43.106988693296856,441.1799999998807,5465.014285612061
14060,43.106988693296856,441.1999999998807,5465.093380889834
14061,43.106988693296856,441.21999999988066,5465.172473798924
14062,43.106988693296856,441.23999999988064,5465.251564339172
14063,43.106988693296856,441.2599999998806,5465.330652510416
14064,43.106988693296856,441.2799999998806,5465.409738312498
14065,43.106988693296856,441.2999999998806,5465.488821745257
14066,43.106988693296856,441.31999999988057,5465.567902808533
14067,43.106988693296856,441.33999999988055,5465.646981502166
14068,43.106988693296856,441.35999999988053,5465.726057825997
14069,43.106988693296856,441.3799999998805,5465.8051317798645
14070,43.106988693296856,441.3999999998805,5465.884203363609
14071,43.106988693296856,441.4199999998805,5465.963272577071
14072,43.106988693296856,441.43999999988046,5466.04233942009
14073,43.106988693296856,441.45999999988044,5466.121403892505
14074,43.106988693296856,441.4799999998804,5466.200465994159
14075,43.106988693296856,441.4999999998804,5466.279525724888
14076,43.106988693296856,441.5199999998804,5466.358583084535
14077,43.106988693296856,441.53999999988037,5466.437638072939
14078,43.106988693296856,441.55999999988035,5466.51669068994
14079,43.106988693296856,441.57999999988033,5466.595740935379
14080,43.106988693296856,441.5999999998803,5466.674788809094
14081,43.106988693296856,441.6199999998803,5466.753834318372
14082,43.106988693296856,441.6399999998803,5466.832877471909
14083,43.106988693296856,441.65999999988026,5466.9119182697
14084,43.106988693296856,441.67999999988024,5466.990956711584
14085,43.106988693296856,441.6999999998802,5467.069992797398
14086,43.106988693296856,441.7199999998802,5467.149026526981
14087,43.106988693296856,441.7399999998802,5467.228057900172
14088,43.106988693296856,441.75999999988016,5467.307086916808
14089,43.106988693296856,441.77999999988015,5467.386113576728
14090,43.106988693296856,441.79999999988013,5467.465137879772
14091,43.106988693296856,441.8199999998801,5467.544159825776
14092,43.106988693296856,441.8399999998801,5467.623179414579
14093,43.106988693296856,441.8599999998801,5467.70219664602
14094,43.106988693296856,441.87999999988006,5467.781211519937
14095,43.106988693296856,441.89999999988004,5467.860224036168
14096,43.106988693296856,441.91999999988,5467.939234194551
14097,43.106988693296856,441.93999999988,5468.018241994926
14098,43.106988693296856,441.95999999988,5468.09724743713
14099,43.106988693296856,441.97999999987996,5468.176250521002
14100,43.106988693296856,441.99999999987995,5468.25525124638
14101,43.106988693296856,442.01999999987993,5468.334249613103
14102,43.106988693296856,442.0399999998799,5468.413245621008
14103,43.106988693296856,442.0599999998799,5468.4922392699345
14104,43.106988693296856,442.0799999998799,5468.571230559721
14105,43.106988693296856,442.09999999987986,5468.650219490205
14106,43.106988693296856,442.11999999987984,5468.729206061226
14107,43.106988693296856,442.1399999998798,5468.808190272622
14108,43.106988693296856,442.1599999998798,5468.88717212423
14109,43.106988693296856,442.1799999998798,5468.966151615891
14110,43.106988693296856,442.19999999987976,5469.0451287474425
14111,43.106988693296856,442.21999999987975,5469.124103518722
14112,43.106988693296856,442.2399999998797,5469.2030759295685
14113,43.106988693296856,442.2599999998797,5469.28204597982
14114,43.106988693296856,442.2799999998797,5469.361013669316
14115,43.106988693296856,442.2999999998797,5469.439978997893
14116,43.106988693296856,442.31999999987966,5469.518941965392
14117,43.106988693296856,442.33999999987964,5469.597902571649
14118,43.106988693296856,442.3599999998796,5469.676860816504
14119,43.106988693296856,442.3799999998796,5469.755816699794
14120,43.106988693296856,442.3999999998796,5469.83477022136
14121,43.106988693296856,442.41999999987956,5469.913721381037
14122,43.106988693296856,442.43999999987955,5469.992670178666
14123,43.106988693296856,442.4599999998795,5470.071616613764
14124,43.106988693296856,442.4799999998795,5470.150560685739
14125,43.106988693296856,442.4999999998795,5470.229502394421
14126,43.106988693296856,442.5199999998795,5470.308441739648
14127,43.106988693296856,442.53999999987946,5470.387378721258
14128,43.106988693296856,442.55999999987944,5470.46631333909
14129,43.106988693296856,442.5799999998794,5470.545245592984
14130,43.03876314427149,442.5999999998794,5470.624175482778
14131,43.03876314427149,442.6199999998794,5470.703103008346
14132,43.03876314427149,442.63999999987936,5470.7820281777285
14133,43.03876314427149,442.65999999987935,5470.860950998638
14134,43.03876314427149,442.6799999998793,5470.939871470919
14135,43.03876314427149,442.6999999998793,5471.0187895944155
14136,43.03876314427149,442.7199999998793,5471.097705368971
14137,43.03876314427149,442.7399999998793,5471.176618794431
14138,43.03876314427149,442.75999999987926,5471.255529870639
14139,43.03876314427149,442.77999999987924,5471.33443859744
14140,43.03876314427149,442.7999999998792,5471.413344974676
14141,43.03876314427149,442.8199999998792,5471.492249002193
14142,43.03876314427149,442.8399999998792,5471.571150679833
14143,43.03876314427149,442.85999999987916,5471.650050007443
14144,43.03876314427149,442.87999999987915,5471.728946984865
14145,43.03876314427149,442.8999999998791,5471.807841611944
14146,43.03876314427149,442.9199999998791,5471.886733888525
14147,43.03876314427149,442.9399999998791,5471.96562381445
14148,43.03876314427149,442.9599999998791,5472.044511389565
14149,43.03876314427149,442.97999999987906,5472.123396613713
14150,43.03876314427149,442.99999999987904,5472.20227948674
14151,43.03876314427149,443.019999999879,5472.281160008488
14152,43.03876314427149,443.039999999879,5472.360038178802
14153,43.03876314427149,443.059999999879,5472.438913997526
14154,43.03876314427149,443.07999999987896,5472.517787464504
14155,43.03876314427149,443.09999999987895,5472.596658579581
14156,43.03876314427149,443.1199999998789,5472.675527342601
14157,43.03876314427149,443.1399999998789,5472.754393753407
14158,43.03876314427149,443.1599999998789,5472.833257811845
14159,43.03876314427149,443.1799999998789,5472.912119517758
14160,43.03876314427149,443.19999999987886,5472.990978870989
14161,43.03876314427149,443.21999999987884,5473.069835871384
14162,43.03876314427149,443.2399999998788,5473.148690518788
14163,43.03876314427149,443.2599999998788,5473.227542813043
14164,43.03876314427149,443.2799999998788,5473.306392753995
14165,43.03876314427149,443.29999999987876,5473.385240341487
14166,43.03876314427149,443.31999999987875,5473.464085575363
14167,43.03876314427149,443.3399999998787,5473.542928455468
14168,43.03876314427149,443.3599999998787,5473.621768981647
14169,43.03876314427149,443.3799999998787,5473.700607153742
14170,43.03876314427149,443.3999999998787,5473.779442971599
14171,43.03876314427149,443.41999999987866,5473.858276435061
14172,43.03876314427149,443.43999999987864,5473.937107543973
14173,43.03876314427149,443.4599999998786,5474.015936298179
14174,43.03876314427149,443.4799999998786,5474.094762697524
14175,43.03876314427149,443.4999999998786,5474.173586741851
14176,43.03876314427149,443.51999999987856,5474.252408431004
14177,43.03876314427149,443.53999999987855,5474.331227764829
14178,43.03876314427149,443.5599999998785,5474.410044743169
14179,43.03876314427149,443.5799999998785,5474.488859365869
14180,43.03876314427149,443.5999999998785,5474.567671632772
14181,43.03876314427149,443.6199999998785,5474.646481543722
14182,43.03876314427149,443.63999999987846,5474.725289098787
14183,43.03876314427149,443.65999999987844,5474.804094306578
14184,43.03876314427149,443.6799999998784,5474.882897173713
14185,43.03876314427149,443.6999999998784,5474.961697700034
14186,43.03876314427149,443.7199999998784,5475.040495885384
14187,43.03876314427149,443.73999999987836,5475.119291729605
14188,43.03876314427149,443.75999999987835,5475.198085232539
14189,43.03876314427149,443.7799999998783,5475.2768763940285
14190,43.03876314427149,443.7999999998783,5475.355665213916
14191,43.03876314427149,443.8199999998783,5475.434451692044
14192,43.03876314427149,443.8399999998783,5475.5132358282535
14193,43.03876314427149,443.85999999987826,5475.592017622389
14194,43.03876314427149,443.87999999987824,5475.670797074291
14195,43.03876314427149,443.8999999998782,5475.749574183803
14196,43.03876314427149,443.9199999998782,5475.828348950767
14197,43.03876314427149,443.9399999998782,5475.907121375025
14198,43.03876314427149,443.95999999987816,5475.985891456419
14199,43.03876314427149,443.97999999987815,5476.064659194793
14200,43.03876314427149,443.9999999998781,5476.143424589989
14201,43.03876314427149,444.0199999998781,5476.222187641848
14202,43.03876314427149,444.0399999998781,5476.300948350213
14203,43.03876314427149,444.0599999998781,5476.379706714926
14204,43.03876314427149,444.07999999987805,5476.458462735831
14205,43.03876314427149,444.09999999987804,5476.537216412768
14206,43.03876314427149,444.119999999878,5476.615967745582
14207,43.03876314427149,444.139999999878,5476.694716734113
14208,43.03876314427149,444.159999999878,5476.773463378205
14209,43.03876314427149,444.17999999987796,5476.8522076777
14210,43.03876314427149,444.19999999987795,5476.9309496324395
14211,43.03876314427149,444.2199999998779,5477.009689242267
14212,43.03876314427149,444.2399999998779,5477.088426507024
14213,43.03876314427149,444.2599999998779,5477.167161426554
14214,43.03876314427149,444.2799999998779,5477.245894000699
14215,43.03876314427149,444.29999999987785,5477.324624229301
14216,43.03876314427149,444.31999999987784,5477.403352112203
14217,43.03876314427149,444.3399999998778,5477.482077649247
14218,43.03876314427149,444.3599999998778,5477.560800840275
14219,43.03876314427149,444.3799999998778,5477.639521685131
14220,43.03876314427149,444.39999999987776,5477.718240183655
14221,43.03876314427149,444.41999999987775,5477.796956335692
14222,43.03876314427149,444.4399999998777,5477.875670141082
14223,43.03876314427149,444.4599999998777,5477.954381599669
14224,43.03876314427149,444.4799999998777,5478.033090711296
14225,43.03876314427149,444.4999999998777,5478.1117974758035
14226,43.03876314427149,444.51999999987765,5478.190501893035
14227,43.03876314427149,444.53999999987764,5478.269203962833
14228,43.03876314427149,444.5599999998776,5478.3479036850395
14229,43.03876314427149,444.5799999998776,5478.426601059497
14230,43.03876314427149,444.5999999998776,5478.5052960860485
14231,43.03876314427149,444.61999999987756,5478.583988764536
14232,43.03876314427149,444.63999999987755,5478.662679094802
14233,43.03876314427149,444.6599999998775,5478.74136707711
14234,43.03876314427149,444.6799999998775,5478.820052721142
14235,43.03876314427149,444.6999999998775,5478.898736032785
14236,43.03876314427149,444.7199999998775,5478.9774170118835
14237,43.03876314427149,444.73999999987745,5479.056095658281
14238,43.03876314427149,444.75999999987744,5479.134771971822
14239,43.03876314427149,444.7799999998774,5479.213445952351
14240,43.03876314427149,444.7999999998774,5479.292117599712
14241,43.03876314427149,444.8199999998774,5479.370786913748
14242,43.03876314427149,444.83999999987736,5479.449453894304
14243,43.03876314427149,444.85999999987735,5479.528118541223
14244,43.03876314427149,444.8799999998773,5479.60678085435
14245,43.03876314427149,444.8999999998773,5479.685440833529
14246,43.03876314427149,444.9199999998773,5479.764098478605
14247,43.03876314427149,444.9399999998773,5479.84275378942
14248,43.03876314427149,444.95999999987725,5479.9214067658195
14249,43.03876314427149,444.97999999987724,5480.000057407647
14250,43.03876314427149,444.9999999998772,5480.078705714337
14251,43.03876314427149,445.0199999998772,5480.157351685326
14252,43.03876314427149,445.0399999998772,5480.235995320459
14253,43.03876314427149,445.05999999987716,5480.314636619581
14254,43.03876314427149,445.07999999987715,5480.393275582535
14255,43.03876314427149,445.0999999998771,5480.471912209168
14256,43.03876314427149,445.1199999998771,5480.550546499325
14257,43.03876314427149,445.1399999998771,5480.629178452849
14258,43.03876314427149,445.1599999998771,5480.7078080695865
14259,43.03876314427149,445.17999999987705,5480.786435349381
14260,43.03876314427149,445.19999999987704,5480.865060292077
14261,43.03876314427149,445.219999999877,5480.943682897521
14262,43.03876314427149,445.239999999877,5481.022303165558
14263,43.03876314427149,445.259999999877,5481.100921096031
14264,43.03876314427149,445.27999999987696,5481.179536688785
14265,43.03876314427149,445.29999999987695,5481.2581499436665
14266,42.97071737348616,445.3199999998769,5481.3367608605195
14267,42.97071737348616,445.3399999998769,5481.415369439189
14268,42.97071737348616,445.3599999998769,5481.493975679519
14269,42.97071737348616,445.3799999998769,5481.572579581355
14270,42.97071737348616,445.39999999987685,5481.6511811445425
14271,42.97071737348616,445.41999999987684,5481.729780368925
14272,42.97071737348616,445.4399999998768,5481.808377254349
14273,42.97071737348616,445.4599999998768,5481.886971800657
14274,42.97071737348616,445.4799999998768,5481.965564007696
14275,42.97071737348616,445.49999999987676,5482.04415387531
14276,42.97071737348616,445.51999999987675,5482.122741403345
14277,42.97071737348616,445.5399999998767,5482.201326591644
14278,42.97071737348616,445.5599999998767,5482.2799094400525
14279,42.97071737348616,445.5799999998767,5482.358489948416
14280,42.97071737348616,445.5999999998767,5482.437068116579
14281,42.97071737348616,445.61999999987665,5482.515643944387
14282,42.97071737348616,445.63999999987664,5482.594217431684
14283,42.97071737348616,445.6599999998766,5482.672788578316
14284,42.97071737348616,445.6799999998766,5482.751357384711
14285,42.97071737348616,445.6999999998766,5482.829923860823
14286,42.97071737348616,445.71999999987656,5482.908488011345
14287,42.97071737348616,445.73999999987655,5482.987049836122
14288,42.97071737348616,445.7599999998765,5483.065609335002
14289,42.97071737348616,445.7799999998765,5483.144166507831
14290,42.97071737348616,445.7999999998765,5483.222721354457
14291,42.97071737348616,445.8199999998765,5483.301273874726
14292,42.97071737348616,445.83999999987645,5483.3798240684855
14293,42.97071737348616,445.85999999987644,5483.458371935583
14294,42.97071737348616,445.8799999998764,5483.536917475865
14295,42.97071737348616,445.8999999998764,5483.61546068918
14296,42.97071737348616,445.9199999998764,5483.694001575373
14297,42.97071737348616,445.93999999987636,5483.772540134291
14298,42.97071737348616,445.95999999987635,5483.851076365783
14299,42.97071737348616,445.9799999998763,5483.929610269694
14300,42.97071737348616,445.9999999998763,5484.008141845873
14301,42.97071737348616,446.0199999998763,5484.0866710941655
14302,42.97071737348616,446.0399999998763,5484.165198014419
14303,42.97071737348616,446.05999999987625,5484.24372260648
14304,42.97071737348616,446.07999999987624,5484.322244870197
14305,42.97071737348616,446.0999999998762,5484.400764805417
14306,42.97071737348616,446.1199999998762,5484.479282411985
14307,42.97071737348616,446.1399999998762,5484.55779768975
14308,42.97071737348616,446.15999999987616,5484.636310638559
14309,42.97071737348616,446.17999999987615,5484.714821258258
14310,42.97071737348616,446.1999999998761,5484.793329548695
14311,42.97071737348616,446.2199999998761,5484.871835509716
14312,42.97071737348616,446.2399999998761,5484.950339141169
14313,42.97071737348616,446.2599999998761,5485.028840442901
14314,42.97071737348616,446.27999999987605,5485.107339414759
14315,42.97071737348616,446.29999999987604,5485.185836056589
14316,42.97071737348616,446.319999999876,5485.26433036824
14317,42.97071737348616,446.339999999876,5485.3428223495575
14318,42.97071737348616,446.359999999876,5485.42131200039
14319,42.97071737348616,446.37999999987596,5485.499799320583
14320,42.97071737348616,446.39999999987594,5485.578284309986
14321,42.97071737348616,446.4199999998759,5485.656766968444
14322,42.97071737348616,446.4399999998759,5485.735247295805
14323,42.97071737348616,446.4599999998759,5485.813725291915
14324,42.97071737348616,446.4799999998759,5485.892200956622
14325,42.97071737348616,446.49999999987585,5485.970674289773
14326,42.97071737348616,446.51999999987584,5486.049145291216
14327,42.97071737348616,446.5399999998758,5486.127613960796
14328,42.97071737348616,446.5599999998758,5486.206080298362
14329,42.97071737348616,446.5799999998758,5486.284544303761
14330,42.97071737348616,446.59999999987576,5486.363005976839
14331,42.97071737348616,446.61999999987574,5486.441465317444
14332,42.97071737348616,446.6399999998757,5486.519922325423
14333,42.97071737348616,446.6599999998757,5486.598377000623
14334,42.97071737348616,446.6799999998757,5486.676829342891
14335,42.97071737348616,446.6999999998757,5486.755279352855
14336,42.97071737348616,446.71999999987565,5486.833727041371
14337,42.97071737348616,446.73999999987564,5486.912172412276
14338,42.97071737348616,446.7599999998756,5486.990615465417
14339,42.97071737348616,446.7799999998756,5487.069056200642
14340,42.97071737348616,446.7999999998756,5487.147494617799
14341,42.97071737348616,446.81999999987556,5487.225930716734
14342,42.97071737348616,446.83999999987554,5487.304364497296
14343,42.97071737348616,446.8599999998755,5487.382795959332
14344,42.97071737348616,446.8799999998755,5487.461225102689
14345,42.97071737348616,446.8999999998755,5487.539651927216
14346,42.97071737348616,446.9199999998755,5487.61807643276
14347,42.97071737348616,446.93999999987545,5487.696498619168
14348,42.97071737348616,446.95999999987544,5487.774918486288
14349,42.97071737348616,446.9799999998754,5487.853336033967
14350,42.97071737348616,446.9999999998754,5487.931751262054
14351,42.97071737348616,447.0199999998754,5488.010164170395
14352,42.97071737348616,447.03999999987536,5488.088574758839
14353,42.97071737348616,447.05999999987534,5488.166983027233
14354,42.97071737348616,447.0799999998753,5488.245388975424
14355,42.97071737348616,447.0999999998753,5488.323792603261
14356,42.97071737348616,447.1199999998753,5488.40219391059
14357,42.97071737348616,447.1399999998753,5488.480592897259
14358,42.97071737348616,447.15999999987525,5488.5589895631165
14359,42.97071737348616,447.17999999987524,5488.63738390801
14360,42.97071737348616,447.1999999998752,5488.715775931786
14361,42.97071737348616,447.2199999998752,5488.794165634293
14362,42.97071737348616,447.2399999998752,5488.872553015378
14363,42.97071737348616,447.25999999987516,5488.950938074889
14364,42.97071737348616,447.27999999987514,5489.029320812673
14365,42.97071737348616,447.2999999998751,5489.10770122858
14366,42.97071737348616,447.3199999998751,5489.186079322454
14367,42.97071737348616,447.3399999998751,5489.264455094146
14368,42.97071737348616,447.3599999998751,5489.342828543501
14369,42.97071737348616,447.37999999987505,5489.421199670369
14370,42.97071737348616,447.39999999987504,5489.499568474595
14371,42.97071737348616,447.419999999875,5489.577934956029
14372,42.97071737348616,447.439999999875,5489.656299114517
14373,42.97071737348616,447.459999999875,5489.734660949908
14374,42.97071737348616,447.47999999987496,5489.813020462049
14375,42.97071737348616,447.49999999987494,5489.891377650788
14376,42.97071737348616,447.5199999998749,5489.969732515971
14377,42.97071737348616,447.5399999998749,5490.048085057296
14378,42.97071737348616,447.5599999998749,5490.126435273962
14379,42.97071737348616,447.5799999998749,5490.204783165758
14380,42.97071737348616,447.59999999987485,5490.283128732529
14381,42.97071737348616,447.61999999987484,5490.361471974119
14382,42.97071737348616,447.6399999998748,5490.439812890373
14383,42.97071737348616,447.6599999998748,5490.518151481136
14384,42.97071737348616,447.6799999998748,5490.596487746251
14385,42.97071737348616,447.69999999987476,5490.674821685564
14386,42.97071737348616,447.71999999987474,5490.753153299897
14387,42.97071737348616,447.7399999998747,5490.831482601001
14388,42.97071737348616,447.7599999998747,5490.909809591819
14389,42.97071737348616,447.7799999998747,5490.9881342721965
14390,42.97071737348616,447.7999999998747,5491.066456641981
14391,42.97071737348616,447.81999999987465,5491.144776701017
14392,42.97071737348616,447.83999999987464,5491.22309444915
14393,42.97071737348616,447.8599999998746,5491.301409886228
14394,42.97071737348616,447.8799999998746,5491.3797230120945
14395,42.97071737348616,447.8999999998746,5491.458033826597
14396,42.97071737348616,447.91999999987456,5491.536342329581
14397,42.97071737348616,447.93999999987454,5491.614648520893
14398,42.97071737348616,447.9599999998745,5491.692952400378
14399,42.97071737348616,447.9799999998745,5491.771253967882
14400,42.97071737348616,447.9999999998745,5491.849553223252
14401,42.97071737348616,448.01999999987447,5491.927850166332
14402,42.97071737348616,448.03999999987445,5492.006144796969
14403,42.902850718422854,448.05999999987444,5492.08443711501
14404,42.902850718422854,448.0799999998744,5492.162727120299
14405,42.902850718422854,448.0999999998744,5492.241014812683
14406,42.902850718422854,448.1199999998744,5492.319300192008
14407,42.902850718422854,448.13999999987436,5492.39758325812
14408,42.902850718422854,448.15999999987434,5492.475864010864
14409,42.902850718422854,448.1799999998743,5492.554142450087
14410,42.902850718422854,448.1999999998743,5492.632418575635
14411,42.902850718422854,448.2199999998743,5492.7106923873525
14412,42.902850718422854,448.23999999987427,5492.788963885087
14413,42.902850718422854,448.25999999987425,5492.867233068683
14414,42.902850718422854,448.27999999987424,5492.945499937989
14415,42.902850718422854,448.2999999998742,5493.023764492848
14416,42.902850718422854,448.3199999998742,5493.102026733109
14417,42.902850718422854,448.3399999998742,5493.180286658615
14418,42.902850718422854,448.35999999987416,5493.258544269213
14419,42.902850718422854,448.37999999987414,5493.33679956475
14420,42.902850718422854,448.3999999998741,5493.415052545071
14421,42.902850718422854,448.4199999998741,5493.4933032100225
14422,42.902850718422854,448.4399999998741,5493.57155155945
14423,42.902850718422854,448.45999999987407,5493.6497975932
14424,42.902850718422854,448.47999999987405,5493.7280413111175
14425,42.902850718422854,448.49999999987403,5493.80628271305
14426,42.902850718422854,448.519999999874,5493.884521798842
14427,42.902850718422854,448.539999999874,5493.96275856834
14428,42.902850718422854,448.559999999874,5494.040993021391
14429,42.902850718422854,448.57999999987396,5494.1192251578395
14430,42.902850718422854,448.59999999987394,5494.197454977532
14431,42.902850718422854,448.6199999998739,5494.2756824803155
14432,42.902850718422854,448.6399999998739,5494.353907666035
14433,42.902850718422854,448.6599999998739,5494.4321305345375
14434,42.902850718422854,448.67999999987387,5494.510351085668
14435,42.902850718422854,448.69999999987385,5494.588569319272
14436,42.902850718422854,448.71999999987383,5494.666785235197
14437,42.902850718422854,448.7399999998738,5494.744998834398
14438,42.902850718422854,448.7599999998738,5494.823210128769
14439,42.902850718422854,448.7799999998738,5494.901419120206
14440,42.902850718422854,448.79999999987376,5494.979625808558
14441,42.902850718422854,448.81999999987374,5495.057830193672
14442,42.902850718422854,448.8399999998737,5495.136032275395
14443,42.902850718422854,448.8599999998737,5495.214232053575
14444,42.902850718422854,448.8799999998737,5495.292429528059
14445,42.902850718422854,448.89999999987367,5495.370624698695
14446,42.902850718422854,448.91999999987365,5495.44881756533
14447,42.902850718422854,448.93999999987363,5495.52700812781
14448,42.902850718422854,448.9599999998736,5495.6051963859845
14449,42.902850718422854,448.9799999998736,5495.6833823397
14450,42.902850718422854,448.9999999998736,5495.761565988804
14451,42.902850718422854,449.01999999987356,5495.839747333144
14452,42.902850718422854,449.03999999987354,5495.917926372567
14453,42.902850718422854,449.0599999998735,5495.9961031069215
14454,42.902850718422854,449.0799999998735,5496.074277536054
14455,42.902850718422854,449.0999999998735,5496.152449659812
14456,42.902850718422854,449.11999999987347,5496.230619478043
14457,42.902850718422854,449.13999999987345,5496.308786990595
14458,42.902850718422854,449.15999999987343,5496.386952197315
14459,42.902850718422854,449.1799999998734,5496.46511509805
14460,42.902850718422854,449.1999999998734,5496.543275692648
14461,42.902850718422854,449.2199999998734,5496.621433980957
14462,42.902850718422854,449.23999999987336,5496.699589962823
14463,42.902850718422854,449.25999999987334,5496.777743638095
14464,42.902850718422854,449.2799999998733,5496.855895006619
14465,42.902850718422854,449.2999999998733,5496.934044068244
14466,42.902850718422854,449.3199999998733,5497.012190822816
14467,42.902850718422854,449.33999999987327,5497.090335270183
14468,42.902850718422854,449.35999999987325,5497.168477410192
14469,42.902850718422854,449.37999999987323,5497.246617242692
14470,42.902850718422854,449.3999999998732,5497.324754767529
14471,42.902850718422854,449.4199999998732,5497.402889984552
14472,42.902850718422854,449.4399999998732,5497.481022893607
14473,42.902850718422854,449.45999999987316,5497.5591534945415
14474,42.902850718422854,449.47999999987314,5497.637281787203
14475,42.902850718422854,449.4999999998731,5497.71540777144
14476,42.902850718422854,449.5199999998731,5497.7935314471
14477,42.902850718422854,449.5399999998731,5497.871652814029
14478,42.902850718422854,449.55999999987307,5497.949771872076
14479,42.902850718422854,449.57999999987305,5498.027888621087
14480,42.902850718422854,449.59999999987303,5498.1060030609115
14481,42.902850718422854,449.619999999873,5498.184115191395
14482,42.902850718422854,449.639999999873,5498.262225012386
14483,42.902850718422854,449.659999999873,5498.340332523732
14484,42.902850718422854,449.67999999987296,5498.418437725281
14485,42.902850718422854,449.69999999987294,5498.49654061688
14486,42.902850718422854,449.7199999998729,5498.574641198376
14487,42.902850718422854,449.7399999998729,5498.652739469618
14488,42.902850718422854,449.7599999998729,5498.730835431879
14489,42.902850718422854,449.77999999987287,5498.808929098029
14490,42.902850718422854,449.79999999987285,5498.887020469199
14491,42.902850718422854,449.81999999987283,5498.965109545238
14492,42.902850718422854,449.8399999998728,5499.043196325992
14493,42.902850718422854,449.8599999998728,5499.121280811306
14494,42.902850718422854,449.8799999998728,5499.199363001027
14495,42.902850718422854,449.89999999987276,5499.277442895002
14496,42.902850718422854,449.91999999987274,5499.355520493078
14497,42.902850718422854,449.9399999998727,5499.4335957951
14498,42.902850718422854,449.9599999998727,5499.511668800915
14499,42.902850718422854,449.9799999998727,5499.589739510369
14500,42.902850718422854,449.99999999987267,5499.66780792331
14501,42.902850718422854,450.01999999987265,5499.745874039582
14502,42.902850718422854,450.03999999987263,5499.823937859034
14503,42.902850718422854,450.0599999998726,5499.901999381511
14504,42.902850718422854,450.0799999998726,5499.9800586068595
14505,42.902850718422854,450.0999999998726,5500.058115534709
14506,42.902850718422854,450.11999999987256,5500.1361701644
14507,42.902850718422854,450.13999999987254,5500.214222495749
14508,42.902850718422854,450.1599999998725,5500.292272528604
14509,42.902850718422854,450.1799999998725,5500.370320262815
14510,42.902850718422854,450.1999999998725,5500.44836569823
14511,42.902850718422854,450.21999999987247,5500.526408834699
14512,42.902850718422854,450.23999999987245,5500.604449672071
14513,42.902850718422854,450.25999999987243,5500.682488210194
14514,42.902850718422854,450.2799999998724,5500.760524448917
14515,42.902850718422854,450.2999999998724,5500.838558388089
14516,42.902850718422854,450.3199999998724,5500.91659002756
14517,42.902850718422854,450.33999999987236,5500.9946193671785
14518,42.902850718422854,450.35999999987234,5501.072646406793
14519,42.902850718422854,450.3799999998723,5501.150671146252
14520,42.902850718422854,450.3999999998723,5501.2286935854045
14521,42.902850718422854,450.4199999998723,5501.3067137241005
14522,42.902850718422854,450.43999999987227,5501.384731562189
14523,42.902850718422854,450.45999999987225,5501.462747099517
14524,42.902850718422854,450.47999999987223,5501.540760335936
14525,42.902850718422854,450.4999999998722,5501.618771271294
14526,42.902850718422854,450.5199999998722,5501.696779905439
14527,42.902850718422854,450.5399999998722,5501.774786238221
14528,42.902850718422854,450.55999999987216,5501.852790269489
14529,42.902850718422854,450.57999999987214,5501.930791999091
14530,42.902850718422854,450.5999999998721,5502.008791426877
14531,42.902850718422854,450.6199999998721,5502.086788552696
14532,42.902850718422854,450.6399999998721,5502.164783376396
14533,42.902850718422854,450.65999999987207,5502.242775897827
14534,42.902850718422854,450.67999999987205,5502.320766116838
14535,42.902850718422854,450.69999999987203,5502.398754033277
14536,42.902850718422854,450.719999999872,5502.476739646994
14537,42.902850718422854,450.739999999872,5502.554722957838
14538,42.902850718422854,450.759999999872,5502.632703965656
14539,42.902850718422854,450.77999999987196,5502.710682672642
14540,42.83516251969929,450.79999999987194,5502.788659090855
14541,42.83516251969929,450.8199999998719,5502.866633221241
14542,42.83516251969929,450.8399999998719,5502.9446050636525
14543,42.83516251969929,450.8599999998719,5503.022574617942
14544,42.83516251969929,450.87999999987187,5503.100541883962
14545,42.83516251969929,450.89999999987185,5503.178506861564
14546,42.83516251969929,450.91999999987183,5503.2564695506
14547,42.83516251969929,450.9399999998718,5503.334429950922
14548,42.83516251969929,450.9599999998718,5503.412388062382
14549,42.83516251969929,450.9799999998718,5503.490343884832
14550,42.83516251969929,450.99999999987176,5503.5682974181245
14551,42.83516251969929,451.01999999987174,5503.646248662111
14552,42.83516251969929,451.0399999998717,5503.724197616644
14553,42.83516251969929,451.0599999998717,5503.802144281576
14554,42.83516251969929,451.0799999998717,5503.880088656759
14555,42.83516251969929,451.09999999987167,5503.958030742044
14556,42.83516251969929,451.11999999987165,5504.035970537283
14557,42.83516251969929,451.13999999987163,5504.113908042329
14558,42.83516251969929,451.1599999998716,5504.191843257034
14559,42.83516251969929,451.1799999998716,5504.26977618125
14560,42.83516251969929,451.1999999998716,5504.347706814829
14561,42.83516251969929,451.21999999987156,5504.425635157622
14562,42.83516251969929,451.23999999987154,5504.503561209483
14563,42.83516251969929,451.2599999998715,5504.581484970264
14564,42.83516251969929,451.2799999998715,5504.659406439815
14565,42.83516251969929,451.2999999998715,5504.73732561799
14566,42.83516251969929,451.31999999987147,5504.81524250464
14567,42.83516251969929,451.33999999987145,5504.893157099618
14568,42.83516251969929,451.35999999987143,5504.971069402776
14569,42.83516251969929,451.3799999998714,5505.048979413966
14570,42.83516251969929,451.3999999998714,5505.126887133039
14571,42.83516251969929,451.4199999998714,5505.204792559849
14572,42.83516251969929,451.43999999987136,5505.282695694247
14573,42.83516251969929,451.45999999987134,5505.360596536086
14574,42.83516251969929,451.4799999998713,5505.438495085216
14575,42.83516251969929,451.4999999998713,5505.516391341492
14576,42.83516251969929,451.5199999998713,5505.594285304764
14577,42.83516251969929,451.53999999987127,5505.672176974884
14578,42.83516251969929,451.55999999987125,5505.750066351705
14579,42.83516251969929,451.57999999987123,5505.8279534350795
14580,42.83516251969929,451.5999999998712,5505.905838224859
14581,42.83516251969929,451.6199999998712,5505.983720720896
14582,42.83516251969929,451.6399999998712,5506.061600923042
14583,42.83516251969929,451.65999999987116,5506.139478831149
14584,42.83516251969929,451.67999999987114,5506.217354445071
14585,42.83516251969929,451.6999999998711,5506.295227764658
14586,42.83516251969929,451.7199999998711,5506.373098789763
14587,42.83516251969929,451.7399999998711,5506.450967520239
14588,42.83516251969929,451.75999999987107,5506.5288339559365
14589,42.83516251969929,451.77999999987105,5506.606698096709
14590,42.83516251969929,451.79999999987103,5506.684559945548
14591,42.83516251969929,451.819999999871,5506.762419513334
14592,42.83516251969929,451.839999999871,5506.840276800792
14593,42.83516251969929,451.859999999871,5506.918131807772
14594,42.83516251969929,451.87999999987096,5506.995984534124
14595,42.83516251969929,451.89999999987094,5507.0738349796975
14596,42.83516251969929,451.9199999998709,5507.151683144342
14597,42.83516251969929,451.9399999998709,5507.229529027908
14598,42.83516251969929,451.9599999998709,5507.307372630245
14599,42.83516251969929,451.97999999987087,5507.385213951202
14600,42.83516251969929,451.99999999987085,5507.46305299063
14601,42.83516251969929,452.01999999987083,5507.540889748378
14602,42.83516251969929,452.0399999998708,5507.618724224296
14603,42.83516251969929,452.0599999998708,5507.696556418234
14604,42.83516251969929,452.0799999998708,5507.774386330041
14605,42.83516251969929,452.09999999987076,5507.852213959567
14606,42.83516251969929,452.11999999987074,5507.930039306662
14607,42.83516251969929,452.1399999998707,5508.007862371176
14608,42.83516251969929,452.1599999998707,5508.085683152958
14609,42.83516251969929,452.1799999998707,5508.1635016518585
14610,42.83516251969929,452.19999999987067,5508.241317867727
14611,42.83516251969929,452.21999999987065,5508.319131800414
14612,42.83516251969929,452.23999999987063,5508.3969434497685
14613,42.83516251969929,452.2599999998706,5508.47475281564
14614,42.83516251969929,452.2799999998706,5508.552559897879
14615,42.83516251969929,452.2999999998706,5508.630364696335
14616,42.83516251969929,452.31999999987056,5508.708167210858
14617,42.83516251969929,452.33999999987054,5508.7859674412975
14618,42.83516251969929,452.3599999998705,5508.863765387504
14619,42.83516251969929,452.3799999998705,5508.941561049326
14620,42.83516251969929,452.3999999998705,5509.019354426615
14621,42.83516251969929,452.41999999987047,5509.097145519219
14622,42.83516251969929,452.43999999987045,5509.174934326989
14623,42.83516251969929,452.45999999987043,5509.252720849775
14624,42.83516251969929,452.4799999998704,5509.330505087426
14625,42.83516251969929,452.4999999998704,5509.4082870397915
14626,42.83516251969929,452.5199999998704,5509.486066706722
14627,42.83516251969929,452.53999999987036,5509.5638440880675
14628,42.83516251969929,452.55999999987034,5509.641619183678
14629,42.83516251969929,452.5799999998703,5509.7193919934025
14630,42.83516251969929,452.5999999998703,5509.797162517091
14631,42.83516251969929,452.6199999998703,5509.874930754594
14632,42.83516251969929,452.63999999987027,5509.952696705761
14633,42.83516251969929,452.65999999987025,5510.030460370378
14634,42.83516251969929,452.67999999987023,5510.108221747552
14635,42.83516251969929,452.6999999998702,5510.185980836964
14636,42.83516251969929,452.7199999998702,5510.263737638461
14637,42.83516251969929,452.7399999998702,5510.341492151894
14638,42.83516251969929,452.75999999987016,5510.419244377113
14639,42.83516251969929,452.77999999987014,5510.496994313965
14640,42.83516251969929,452.7999999998701,5510.574741962301
14641,42.83516251969929,452.8199999998701,5510.652487326145
14642,42.83516251969929,452.8399999998701,5510.730230416042
14643,42.83516251969929,452.85999999987007,5510.807971232569
14644,42.83516251969929,452.87999999987005,5510.885709775575
14645,42.83516251969929,452.89999999987003,5510.963446044913
14646,42.83516251969929,452.91999999987,5511.041180040433
14647,42.83516251969929,452.93999999987,5511.118911761985
14648,42.83516251969929,452.95999999987,5511.196641209422
14649,42.83516251969929,452.97999999986996,5511.274368382593
14650,42.83516251969929,452.99999999986994,5511.352093281351
14651,42.83516251969929,453.0199999998699,5511.429815905545
14652,42.83516251969929,453.0399999998699,5511.507536255028
14653,42.83516251969929,453.0599999998699,5511.58525432965
14654,42.83516251969929,453.07999999986987,5511.662970129261
14655,42.83516251969929,453.09999999986985,5511.740683653714
14656,42.83516251969929,453.11999999986983,5511.818394902859
14657,42.83516251969929,453.1399999998698,5511.8961038765465
14658,42.83516251969929,453.1599999998698,5511.973810574628
14659,42.83516251969929,453.1799999998698,5512.051514996955
14660,42.83516251969929,453.19999999986976,5512.129217143378
14661,42.83516251969929,453.21999999986974,5512.206917013747
14662,42.83516251969929,453.2399999998697,5512.2846146079155
14663,42.83516251969929,453.2599999998697,5512.362309925733
14664,42.83516251969929,453.2799999998697,5512.4400029670505
14665,42.83516251969929,453.29999999986967,5512.517693731719
14666,42.83516251969929,453.31999999986965,5512.59538221959
14667,42.83516251969929,453.33999999986963,5512.673068430514
14668,42.83516251969929,453.3599999998696,5512.750752364342
14669,42.83516251969929,453.3799999998696,5512.828434020925
14670,42.83516251969929,453.3999999998696,5512.906113400115
14671,42.83516251969929,453.41999999986956,5512.983790501762
14672,42.83516251969929,453.43999999986954,5513.061465325718
14673,42.83516251969929,453.4599999998695,5513.139137871834
14674,42.83516251969929,453.4799999998695,5513.2168081399595
14675,42.83516251969929,453.4999999998695,5513.294476129947
14676,42.83516251969929,453.51999999986947,5513.372141841647
14677,42.76765212105086,453.53999999986945,5513.44980527491
14678,42.76765212105086,453.55999999986943,5513.527466429589
14679,42.76765212105086,453.5799999998694,5513.605125305534
14680,42.76765212105086,453.5999999998694,5513.682781902595
14681,42.76765212105086,453.6199999998694,5513.760436220624
14682,42.76765212105086,453.63999999986936,5513.838088259472
14683,42.76765212105086,453.65999999986934,5513.915738018991
14684,42.76765212105086,453.6799999998693,5513.99338549903
14685,42.76765212105086,453.6999999998693,5514.071030699442
14686,42.76765212105086,453.7199999998693,5514.148673620078
14687,42.76765212105086,453.73999999986927,5514.226314260787
14688,42.76765212105086,453.75999999986925,5514.3039526214225
14689,42.76765212105086,453.77999999986923,5514.3815887018345
14690,42.76765212105086,453.7999999998692,5514.459222501874
14691,42.76765212105086,453.8199999998692,5514.536854021392
14692,42.76765212105086,453.8399999998692,5514.614483265099
14693,42.76765212105086,453.85999999986916,5514.692110242345
14694,42.76765212105086,453.87999999986914,5514.7697349535
14695,42.76765212105086,453.8999999998691,5514.847357398418
14696,42.76765212105086,453.9199999998691,5514.924977576954
14697,42.76765212105086,453.9399999998691,5515.002595488962
14698,42.76765212105086,453.95999999986907,5515.080211134295
14699,42.76765212105086,453.97999999986905,5515.157824512808
14700,42.76765212105086,453.99999999986903,5515.235435624354
14701,42.76765212105086,454.019999999869,5515.313044468789
14702,42.76765212105086,454.039999999869,5515.390651045966
14703,42.76765212105086,454.059999999869,5515.468255355739
14704,42.76765212105086,454.07999999986896,5515.545857397962
14705,42.76765212105086,454.09999999986894,5515.623457172491
14706,42.76765212105086,454.1199999998689,5515.701054679178
14707,42.76765212105086,454.1399999998689,5515.778649917878
14708,42.76765212105086,454.1599999998689,5515.856242888446
14709,42.76765212105086,454.17999999986887,5515.933833590735
14710,42.76765212105086,454.19999999986885,5516.0114220246
14711,42.76765212105086,454.21999999986883,5516.089008189894
14712,42.76765212105086,454.2399999998688,5516.1665920864725
14713,42.76765212105086,454.2599999998688,5516.244173714189
14714,42.76765212105086,454.2799999998688,5516.321753072898
14715,42.76765212105086,454.29999999986876,5516.399330162453
14716,42.76765212105086,454.31999999986874,5516.476904982709
14717,42.76765212105086,454.3399999998687,5516.55447753352
14718,42.76765212105086,454.3599999998687,5516.63204781474
14719,42.76765212105086,454.3799999998687,5516.709615826224
14720,42.76765212105086,454.39999999986867,5516.7871815678245
14721,42.76765212105086,454.41999999986865,5516.864745039397
14722,42.76765212105086,454.43999999986863,5516.942306240796
14723,42.76765212105086,454.4599999998686,5517.019865171875
14724,42.76765212105086,454.4799999998686,5517.097421832487
14725,42.76765212105086,454.4999999998686,5517.174976222489
14726,42.76765212105086,454.51999999986856,5517.2525283417335
14727,42.76765212105086,454.53999999986854,5517.330078190074
14728,42.76765212105086,454.5599999998685,5517.407625767367
14729,42.76765212105086,454.5799999998685,5517.485171073465
14730,42.76765212105086,454.5999999998685,5517.562714108222
14731,42.76765212105086,454.61999999986847,5517.640254871493
14732,42.76765212105086,454.63999999986845,5517.717793363132
14733,42.76765212105086,454.65999999986843,5517.795329582993
14734,42.76765212105086,454.6799999998684,5517.872863530931
14735,42.76765212105086,454.6999999998684,5517.9503952068
14736,42.76765212105086,454.7199999998684,5518.027924610454
14737,42.76765212105086,454.73999999986836,5518.105451741747
14738,42.76765212105086,454.75999999986834,5518.182976600533
14739,42.76765212105086,454.7799999998683,5518.260499186667
14740,42.76765212105086,454.7999999998683,5518.338019500004
14741,42.76765212105086,454.8199999998683,5518.415537540396
14742,42.76765212105086,454.83999999986827,5518.4930533076995
14743,42.76765212105086,454.85999999986825,5518.570566807609
14744,42.76765212105086,454.87999999986823,5518.648078048939
14745,42.76765212105086,454.8999999998682,5518.725587031892
14746,42.76765212105086,454.9199999998682,5518.803093756323
14747,42.76765212105086,454.9399999998682,5518.8805982220865
14748,42.76765212105086,454.95999999986816,5518.9581004290385
14749,42.76765212105086,454.97999999986814,5519.035600377034
14750,42.76765212105086,454.9999999998681,5519.113098065927
14751,42.76765212105086,455.0199999998681,5519.190593495575
14752,42.76765212105086,455.0399999998681,5519.268086665831
14753,42.76765212105086,455.05999999986807,5519.3455775765515
14754,42.76765212105086,455.07999999986805,5519.423066227591
14755,42.76765212105086,455.09999999986803,5519.500552618806
14756,42.76765212105086,455.119999999868,5519.57803675005
14757,42.76765212105086,455.139999999868,5519.655518621179
14758,42.76765212105086,455.159999999868,5519.732998232048
14759,42.76765212105086,455.17999999986796,5519.8104755825125
14760,42.76765212105086,455.19999999986794,5519.887950672428
14761,42.76765212105086,455.2199999998679,5519.965423501649
14762,42.76765212105086,455.2399999998679,5520.0428940699385
14763,42.76765212105086,455.2599999998679,5520.120362376574
14764,42.76765212105086,455.27999999986787,5520.1978284213565
14765,42.76765212105086,455.29999999986785,5520.275292204141
14766,42.76765212105086,455.31999999986783,5520.352753724781
14767,42.76765212105086,455.3399999998678,5520.430212983131
14768,42.76765212105086,455.3599999998678,5520.507669979047
14769,42.76765212105086,455.3799999998678,5520.585124712382
14770,42.76765212105086,455.39999999986776,5520.662577182991
14771,42.76765212105086,455.41999999986774,5520.740027390729
14772,42.76765212105086,455.4399999998677,5520.81747533545
14773,42.76765212105086,455.4599999998677,5520.894921017008
14774,42.76765212105086,455.4799999998677,5520.972364435258
14775,42.76765212105086,455.49999999986767,5521.049805590054
14776,42.76765212105086,455.51999999986765,5521.127244481252
14777,42.76765212105086,455.53999999986763,5521.204681108706
14778,42.76765212105086,455.5599999998676,5521.282115472269
14779,42.76765212105086,455.5799999998676,5521.359547571797
14780,42.76765212105086,455.5999999998676,5521.436977407144
14781,42.76765212105086,455.61999999986756,5521.514404978165
14782,42.76765212105086,455.63999999986754,5521.591830284714
14783,42.76765212105086,455.6599999998675,5521.669253326646
14784,42.76765212105086,455.6799999998675,5521.746674103815
14785,42.76765212105086,455.6999999998675,5521.824092616076
14786,42.76765212105086,455.71999999986747,5521.901508863284
14787,42.76765212105086,455.73999999986745,5521.978922845293
14788,42.76765212105086,455.75999999986743,5522.056334561958
14789,42.76765212105086,455.7799999998674,5522.133744013132
14790,42.76765212105086,455.7999999998674,5522.211151198671
14791,42.76765212105086,455.8199999998674,5522.288556118429
14792,42.76765212105086,455.83999999986736,5522.365958772261
14793,42.76765212105086,455.85999999986734,5522.443359160022
14794,42.76765212105086,455.8799999998673,5522.520757288424
14795,42.76765212105086,455.8999999998673,5522.598153165719
14796,42.76765212105086,455.9199999998673,5522.675546791933
14797,42.76765212105086,455.93999999986727,5522.752938166919
14798,42.76765212105086,455.95999999986725,5522.830327290532
14799,42.76765212105086,455.97999999986723,5522.907714162627
14800,42.76765212105086,455.9999999998672,5522.985098783056
14801,42.76765212105086,456.0199999998672,5523.062481151675
14802,42.76765212105086,456.0399999998672,5523.139861268336
14803,42.76765212105086,456.05999999986716,5523.217239132896
14804,42.76765212105086,456.07999999986714,5523.294614745208
14805,42.76765212105086,456.0999999998671,5523.371988105126
14806,42.76765212105086,456.1199999998671,5523.449359212504
14807,42.76765212105086,456.1399999998671,5523.526728067196
14808,42.76765212105086,456.15999999986707,5523.604094669057
14809,42.76765212105086,456.17999999986705,5523.681459017942
14810,42.76765212105086,456.19999999986703,5523.758821113704
14811,42.76765212105086,456.219999999867,5523.836180956197
14812,42.76765212105086,456.239999999867,5523.9135385452755
14813,42.76765212105086,456.259999999867,5523.990893880794
14814,42.76765212105086,456.27999999986696,5524.068246962607
14815,42.70031886931264,456.29999999986694,5524.145597790569
14816,42.70031886931264,456.3199999998669,5524.222946364533
14817,42.70031886931264,456.3399999998669,5524.300292684354
14818,42.70031886931264,456.3599999998669,5524.377636749886
14819,42.70031886931264,456.37999999986687,5524.454978560983
14820,42.70031886931264,456.39999999986685,5524.5323181175
14821,42.70031886931264,456.41999999986683,5524.609655419291
14822,42.70031886931264,456.4399999998668,5524.68699046621
14823,42.70031886931264,456.4599999998668,5524.764323258111
14824,42.70031886931264,456.4799999998668,5524.841653794849
14825,42.70031886931264,456.49999999986676,5524.918982076278
14826,42.70031886931264,456.51999999986674,5524.9963081022515
14827,42.70031886931264,456.5399999998667,5525.073631872625
14828,42.70031886931264,456.5599999998667,5525.150953387252
14829,42.70031886931264,456.5799999998667,5525.228272645987
14830,42.70031886931264,456.59999999986667,5525.305589648685
14831,42.70031886931264,456.61999999986665,5525.382904395199
14832,42.70031886931264,456.63999999986663,5525.4602168853835
14833,42.70031886931264,456.6599999998666,5525.537527119093
14834,42.70031886931264,456.6799999998666,5525.614835096182
14835,42.70031886931264,456.6999999998666,5525.692140816504
14836,42.70031886931264,456.71999999986656,5525.769444279915
14837,42.70031886931264,456.73999999986654,5525.8467454862675
14838,42.70031886931264,456.7599999998665,5525.924044435417
14839,42.70031886931264,456.7799999998665,5526.0013411272175
14840,42.70031886931264,456.7999999998665,5526.078635561523
14841,42.70031886931264,456.81999999986647,5526.1559277381875
14842,42.70031886931264,456.83999999986645,5526.233217657066
14843,42.70031886931264,456.85999999986643,5526.3105053180125
14844,42.70031886931264,456.8799999998664,5526.387790720892
14845,42.70031886931264,456.8999999998664,5526.465073872895
14846,42.70031886931264,456.9199999998664,5526.542354781119
14847,42.70031886931264,456.93999999986636,5526.619633445417
14848,42.70031886931264,456.95999999986634,5526.696909865645
14849,42.70031886931264,456.9799999998663,5526.774184041655
14850,42.70031886931264,456.9999999998663,5526.851455973302
14851,42.70031886931264,457.0199999998663,5526.92872566044
14852,42.70031886931264,457.03999999986627,5527.005993102924
14853,42.70031886931264,457.05999999986625,5527.083258300606
14854,42.70031886931264,457.07999999986623,5527.160521253341
14855,42.70031886931264,457.0999999998662,5527.237781960985
14856,42.70031886931264,457.1199999998662,5527.315040423389
14857,42.70031886931264,457.1399999998662,5527.392296640409
14858,42.70031886931264,457.15999999986616,5527.469550611898
14859,42.70031886931264,457.17999999986614,5527.546802337711
14860,42.70031886931264,457.1999999998661,5527.624051817701
14861,42.70031886931264,457.2199999998661,5527.701299051723
14862,42.70031886931264,457.2399999998661,5527.778544039632
14863,42.70031886931264,457.25999999986607,5527.855786781281
14864,42.70031886931264,457.27999999986605,5527.933027276523
14865,42.70031886931264,457.29999999986603,5528.010265525213
14866,42.70031886931264,457.319999999866,5528.087501527206
14867,42.70031886931264,457.339999999866,5528.164735282355
14868,42.70031886931264,457.359999999866,5528.241966790514
14869,42.70031886931264,457.37999999986596,5528.319196051539
14870,42.70031886931264,457.39999999986594,5528.396423065282
14871,42.70031886931264,457.4199999998659,5528.473647831597
14872,42.70031886931264,457.4399999998659,5528.55087035034
14873,42.70031886931264,457.4599999998659,5528.628090621364
14874,42.70031886931264,457.47999999986587,5528.705308644523
14875,42.70031886931264,457.49999999986585,5528.782524419671
14876,42.70031886931264,457.51999999986583,5528.859737946663
14877,42.70031886931264,457.5399999998658,5528.936949225352
14878,42.70031886931264,457.5599999998658,5529.0141582555925
14879,42.70031886931264,457.5799999998658,5529.0913650372395
14880,42.70031886931264,457.59999999986576,5529.168569570146
14881,42.70031886931264,457.61999999986574,5529.245771854167
14882,42.70031886931264,457.6399999998657,5529.322971889156
14883,42.70031886931264,457.6599999998657,5529.400169674967
14884,42.70031886931264,457.6799999998657,5529.477365211455
14885,42.70031886931264,457.69999999986567,5529.554558498474
14886,42.70031886931264,457.71999999986565,5529.631749535877
14887,42.70031886931264,457.73999999986563,5529.70893832352
14888,42.70031886931264,457.7599999998656,5529.786124861255
14889,42.70031886931264,457.7799999998656,5529.863309148938
14890,42.70031886931264,457.7999999998656,5529.940491186422
14891,42.70031886931264,457.81999999986556,5530.017670973523
14892,42.70031886931264,457.83999999986554,5530.094848509437
14893,42.70031886931264,457.8599999998655,5530.172023793704
14894,42.70031886931264,457.8799999998655,5530.249196826182
14895,42.70031886931264,457.8999999998655,5530.326367606913
14896,42.70031886931264,457.91999999986547,5530.403536143953
14897,42.70031886931264,457.93999999986545,5530.480702443681
14898,42.70031886931264,457.95999999986543,5530.557866505955
14899,42.70031886931264,457.9799999998654,5530.635028330629
14900,42.70031886931264,457.9999999998654,5530.712187917561
14901,42.70031886931264,458.0199999998654,5530.789345266608
14902,42.70031886931264,458.03999999986536,5530.866500377624
14903,42.70031886931264,458.05999999986534,5530.943653250468
14904,42.70031886931264,458.0799999998653,5531.020803884995
14905,42.70031886931264,458.0999999998653,5531.097952281062
14906,42.70031886931264,458.1199999998653,5531.175098438525
14907,42.70031886931264,458.13999999986527,5531.252242357241
14908,42.70031886931264,458.15999999986525,5531.329384037066
14909,42.70031886931264,458.17999999986523,5531.406523477857
14910,42.70031886931264,458.1999999998652,5531.48366067947
14911,42.70031886931264,458.2199999998652,5531.560795641761
14912,42.70031886931264,458.2399999998652,5531.6379283645865
14913,42.70031886931264,458.25999999986516,5531.715058847804
14914,42.70031886931264,458.27999999986514,5531.79218709127
14915,42.70031886931264,458.2999999998651,5531.8693130948395
14916,42.70031886931264,458.3199999998651,5531.94643685837
14917,42.70031886931264,458.3399999998651,5532.023558381718
14918,42.70031886931264,458.35999999986507,5532.10067766474
14919,42.70031886931264,458.37999999986505,5532.1777947072915
14920,42.70031886931264,458.39999999986503,5532.25490950923
14921,42.70031886931264,458.419999999865,5532.332022070412
14922,42.70031886931264,458.439999999865,5532.409132390693
14923,42.70031886931264,458.459999999865,5532.486240469931
14924,42.70031886931264,458.47999999986496,5532.56334630798
14925,42.70031886931264,458.49999999986494,5532.640449904699
14926,42.70031886931264,458.5199999998649,5532.717551259944
14927,42.70031886931264,458.5399999998649,5532.794650373571
14928,42.70031886931264,458.5599999998649,5532.871747245436
14929,42.70031886931264,458.57999999986487,5532.948841875396
14930,42.70031886931264,458.59999999986485,5533.025934263308
14931,42.70031886931264,458.61999999986483,5533.103024409028
14932,42.70031886931264,458.6399999998648,5533.180112312412
14933,42.70031886931264,458.6599999998648,5533.2571979733175
14934,42.70031886931264,458.6799999998648,5533.334281391601
14935,42.70031886931264,458.69999999986476,5533.411362567118
14936,42.70031886931264,458.71999999986474,5533.488441499726
14937,42.70031886931264,458.7399999998647,5533.565518189281
14938,42.70031886931264,458.7599999998647,5533.642592635639
14939,42.70031886931264,458.7799999998647,5533.719664838657
14940,42.70031886931264,458.79999999986467,5533.796734798192
14941,42.70031886931264,458.81999999986465,5533.8738025141
14942,42.70031886931264,458.83999999986463,5533.950867986238
14943,42.70031886931264,458.8599999998646,5534.027931214462
14944,42.70031886931264,458.8799999998646,5534.104992198629
14945,42.70031886931264,458.8999999998646,5534.182050938595
14946,42.70031886931264,458.91999999986456,5534.259107434586
14947,42.70031886931264,458.93999999986454,5534.3361616955335
14948,42.70031886931264,458.9599999998645,5534.413213727044
14949,42.70031886931264,458.9799999998645,5534.490263528976
14950,42.70031886931264,458.9999999998645,5534.5673111011865
14951,42.70031886931264,459.01999999986447,5534.644356443533
14952,42.70031886931264,459.03999999986445,5534.721399555873
14953,42.70031886931264,459.05999999986443,5534.798440438064
14954,42.633162114401465,459.0799999998644,5534.875479089964
14955,42.633162114401465,459.0999999998644,5534.95251551143
14956,42.633162114401465,459.1199999998644,5535.029549702319
14957,42.633162114401465,459.13999999986436,5535.106581662489
14958,42.633162114401465,459.15999999986434,5535.183611391797
14959,42.633162114401465,459.1799999998643,5535.260638890101
14960,42.633162114401465,459.1999999998643,5535.337664157259
14961,42.633162114401465,459.2199999998643,5535.414687193127
14962,42.633162114401465,459.23999999986427,5535.491707997564
14963,42.633162114401465,459.25999999986425,5535.568726570426
14964,42.633162114401465,459.27999999986423,5535.645742911573
14965,42.633162114401465,459.2999999998642,5535.72275702086
14966,42.633162114401465,459.3199999998642,5535.799768898145
14967,42.633162114401465,459.3399999998642,5535.876778543286
14968,42.633162114401465,459.35999999986416,5535.95378595614
14969,42.633162114401465,459.37999999986414,5536.030791136564
14970,42.633162114401465,459.3999999998641,5536.107794084418
14971,42.633162114401465,459.4199999998641,5536.1847947995575
14972,42.633162114401465,459.4399999998641,5536.26179328184
14973,42.633162114401465,459.45999999986407,5536.338789531123
14974,42.633162114401465,459.47999999986405,5536.415783547265
14975,42.633162114401465,459.49999999986403,5536.492775330123
14976,42.633162114401465,459.519999999864,5536.569764879554
14977,42.633162114401465,459.539999999864,5536.646752195416
14978,42.633162114401465,459.559999999864,5536.723737277567
14979,42.633162114401465,459.57999999986396,5536.800720125864
14980,42.633162114401465,459.59999999986394,5536.877700740165
14981,42.633162114401465,459.6199999998639,5536.954679120327
14982,42.633162114401465,459.6399999998639,5537.031655266206
14983,42.633162114401465,459.6599999998639,5537.108629177662
14984,42.633162114401465,459.67999999986387,5537.185600854552
14985,42.633162114401465,459.69999999986385,5537.262570296733
14986,42.633162114401465,459.71999999986383,5537.339537504064
14987,42.633162114401465,459.7399999998638,5537.4165024764
14988,42.633162114401465,459.7599999998638,5537.4934652136
14989,42.633162114401465,459.7799999998638,5537.570425715521
14990,42.633162114401465,459.79999999986376,5537.647383982022
14991,42.633162114401465,459.81999999986374,5537.724340012959
14992,42.633162114401465,459.8399999998637,5537.80129380819
14993,42.633162114401465,459.8599999998637,5537.878245367573
14994,42.633162114401465,459.8799999998637,5537.955194690965
14995,42.633162114401465,459.89999999986367,5538.032141778224
14996,42.633162114401465,459.91999999986365,5538.109086629208
14997,42.633162114401465,459.93999999986363,5538.186029244294
14998,42.633162114401465,459.9599999998636,5538.262969632631
14999,42.633162114401465,459.9799999998636,5538.339907798684
15000,42.633162114401465,459.9999999998636,5538.416843742312
15001,42.633162114401465,460.01999999986356,5538.493777463373
15002,42.633162114401465,460.03999999986354,5538.5707089617235
15003,42.633162114401465,460.0599999998635,5538.647638237223
15004,42.633162114401465,460.0799999998635,5538.724565289729
15005,42.633162114401465,460.0999999998635,5538.8014901191
15006,42.633162114401465,460.11999999986347,5538.878412725195
15007,42.633162114401465,460.13999999986345,5538.9553331078705
15008,42.633162114401465,460.15999999986343,5539.032251266986
15009,42.633162114401465,460.1799999998634,5539.1091672023995
15010,42.633162114401465,460.1999999998634,5539.186080913969
15011,42.633162114401465,460.2199999998634,5539.262992401552
15012,42.633162114401465,460.23999999986336,5539.339901665007
15013,42.633162114401465,460.25999999986334,5539.4168087041935
15014,42.633162114401465,460.2799999998633,5539.493713518968
15015,42.633162114401465,460.2999999998633,5539.57061610919
15016,42.633162114401465,460.3199999998633,5539.647516474717
15017,42.633162114401465,460.33999999986327,5539.724414615407
15018,42.633162114401465,460.35999999986325,5539.801310531118
15019,42.633162114401465,460.37999999986323,5539.878204221709
15020,42.633162114401465,460.3999999998632,5539.955095687038
15021,42.633162114401465,460.4199999998632,5540.031984926896
15022,42.633162114401465,460.4399999998632,5540.108871940399
15023,42.633162114401465,460.45999999986316,5540.185756727255
15024,42.633162114401465,460.47999999986314,5540.262639287321
15025,42.633162114401465,460.4999999998631,5540.339519620454
15026,42.633162114401465,460.5199999998631,5540.41639772651
15027,42.633162114401465,460.5399999998631,5540.493273605346
15028,42.633162114401465,460.55999999986307,5540.570147256819
15029,42.633162114401465,460.57999999986305,5540.647018680785
15030,42.633162114401465,460.59999999986303,5540.7238878771
15031,42.633162114401465,460.619999999863,5540.800754845623
15032,42.633162114401465,460.639999999863,5540.877619586207
15033,42.633162114401465,460.659999999863,5540.954482098711
15034,42.633162114401465,460.67999999986296,5541.031342382991
15035,42.633162114401465,460.69999999986294,5541.108200438904
15036,42.633162114401465,460.7199999998629,5541.185056266305
15037,42.633162114401465,460.7399999998629,5541.261909865051
15038,42.633162114401465,460.7599999998629,5541.338761235
15039,42.633162114401465,460.77999999986287,5541.415610376008
15040,42.633162114401465,460.79999999986285,5541.492457287931
15041,42.633162114401465,460.81999999986283,5541.569301970626
15042,42.633162114401465,460.8399999998628,5541.646144423949
15043,42.633162114401465,460.8599999998628,5541.7229846477585
15044,42.633162114401465,460.8799999998628,5541.799822641909
15045,42.633162114401465,460.89999999986276,5541.876658406258
15046,42.633162114401465,460.91999999986274,5541.9534919406615
15047,42.633162114401465,460.9399999998627,5542.030323244977
15048,42.633162114401465,460.9599999998627,5542.107152319778
15049,42.633162114401465,460.9799999998627,5542.183979175277
15050,42.633162114401465,460.99999999986267,5542.260803815233
15051,42.633162114401465,461.01999999986265,5542.3376262394995
15052,42.633162114401465,461.03999999986263,5542.414446447931
15053,42.633162114401465,461.0599999998626,5542.491264440384
15054,42.633162114401465,461.0799999998626,5542.568080216713
15055,42.633162114401465,461.0999999998626,5542.644893776773
15056,42.633162114401465,461.11999999986256,5542.721705120419
15057,42.633162114401465,461.13999999986254,5542.798514247505
15058,42.633162114401465,461.1599999998625,5542.875321157889
15059,42.633162114401465,461.1799999998625,5542.952125851423
15060,42.633162114401465,461.1999999998625,5543.0289283279635
15061,42.633162114401465,461.21999999986247,5543.105728587365
15062,42.633162114401465,461.23999999986245,5543.182526629483
15063,42.633162114401465,461.25999999986243,5543.259322454172
15064,42.633162114401465,461.2799999998624,5543.3361160612885
15065,42.633162114401465,461.2999999998624,5543.412907450685
15066,42.633162114401465,461.3199999998624,5543.4896966222195
15067,42.633162114401465,461.33999999986236,5543.566483575745
15068,42.633162114401465,461.35999999986234,5543.643268311117
15069,42.633162114401465,461.3799999998623,5543.720050828191
15070,42.633162114401465,461.3999999998623,5543.796831126821
15071,42.633162114401465,461.4199999998623,5543.873609206864
15072,42.633162114401465,461.43999999986227,5543.950385068173
15073,42.633162114401465,461.45999999986225,5544.027158710604
15074,42.633162114401465,461.47999999986223,5544.103930134013
15075,42.633162114401465,461.4999999998622,5544.180699338254
15076,42.633162114401465,461.5199999998622,5544.257466323183
15077,42.633162114401465,461.5399999998622,5544.334231088653
15078,42.633162114401465,461.55999999986216,5544.410993634521
15079,42.633162114401465,461.57999999986214,5544.487753960641
15080,42.633162114401465,461.5999999998621,5544.56451206687
15081,42.633162114401465,461.6199999998621,5544.64126795306
15082,42.633162114401465,461.6399999998621,5544.718021619069
15083,42.633162114401465,461.65999999986207,5544.794773064751
15084,42.633162114401465,461.67999999986205,5544.871522289961
15085,42.633162114401465,461.69999999986203,5544.948269294554
15086,42.633162114401465,461.719999999862,5545.0250140783855
15087,42.633162114401465,461.739999999862,5545.10175664131
15088,42.633162114401465,461.759999999862,5545.178496983183
15089,42.633162114401465,461.77999999986196,5545.25523510386
15090,42.633162114401465,461.79999999986194,5545.3319710031965
15091,42.633162114401465,461.8199999998619,5545.408704681046
15092,42.633162114401465,461.8399999998619,5545.485436137265
15093,42.56618120929823,461.8599999998619,5545.562165371709
15094,42.56618120929823,461.87999999986187,5545.638892384231
15095,42.56618120929823,461.89999999986185,5545.715617174688
15096,42.56618120929823,461.91999999986183,5545.792339742935
15097,42.56618120929823,461.9399999998618,5545.869060088826
15098,42.56618120929823,461.9599999998618,5545.945778212217
15099,42.56618120929823,461.9799999998618,5546.022494113828
15100,42.56618120929823,461.99999999986176,5546.099207804219
15101,42.56618120929823,462.01999999986174,5546.175919286174
15102,42.56618120929823,462.0399999998617,5546.252628559554
15103,42.56618120929823,462.0599999998617,5546.329335624223
15104,42.56618120929823,462.0799999998617,5546.406040480042
15105,42.56618120929823,462.09999999986167,5546.482743126874
15106,42.56618120929823,462.11999999986165,5546.559443564582
15107,42.56618120929823,462.13999999986163,5546.6361417930275
15108,42.56618120929823,462.1599999998616,5546.712837812073
15109,42.56618120929823,462.1799999998616,5546.789531621582
15110,42.56618120929823,462.1999999998616,5546.866223221416
15111,42.56618120929823,462.21999999986156,5546.942912611437
15112,42.56618120929823,462.23999999986154,5547.019599791509
15113,42.56618120929823,462.2599999998615,5547.096284761493
15114,42.56618120929823,462.2799999998615,5547.172967521252
15115,42.56618120929823,462.2999999998615,5547.249648070649
15116,42.56618120929823,462.31999999986147,5547.326326409545
15117,42.56618120929823,462.33999999986145,5547.403002537804
15118,42.56618120929823,462.35999999986143,5547.479676455288
15119,42.56618120929823,462.3799999998614,5547.556348161859
15120,42.56618120929823,462.3999999998614,5547.63301765738
15121,42.56618120929823,462.4199999998614,5547.709684941713
15122,42.56618120929823,462.43999999986136,5547.7863500147205
15123,42.56618120929823,462.45999999986134,5547.863012876265
15124,42.56618120929823,462.4799999998613,5547.93967352621
15125,42.56618120929823,462.4999999998613,5548.016331964416
15126,42.56618120929823,462.5199999998613,5548.092988190748
15127,42.56618120929823,462.53999999986127,5548.169642205066
15128,42.56618120929823,462.55999999986125,5548.246294007235
15129,42.56618120929823,462.57999999986123,5548.322943597114
15130,42.56618120929823,462.5999999998612,5548.399590974569
15131,42.56618120929823,462.6199999998612,5548.4762361394605
15132,42.56618120929823,462.6399999998612,5548.552879091651
15133,42.56618120929823,462.65999999986116,5548.6295198310045
15134,42.56618120929823,462.67999999986114,5548.706158357382
15135,42.56618120929823,462.6999999998611,5548.7827946706475
15136,42.56618120929823,462.7199999998611,5548.859428770662
15137,42.56618120929823,462.7399999998611,5548.936060657288
15138,42.56618120929823,462.75999999986107,5549.012690330389
15139,42.56618120929823,462.77999999986105,5549.089317789827
15140,42.56618120929823,462.79999999986103,5549.165943035465
15141,42.56618120929823,462.819999999861,5549.242566067164
15142,42.56618120929823,462.839999999861,5549.319186884789
15143,42.56618120929823,462.859999999861,5549.3958054882005
15144,42.56618120929823,462.87999999986096,5549.472421877262
15145,42.56618120929823,462.89999999986094,5549.549036051835
15146,42.56618120929823,462.9199999998609,5549.625648011783
15147,42.56618120929823,462.9399999998609,5549.702257756968
15148,42.56618120929823,462.9599999998609,5549.778865287252
15149,42.56618120929823,462.97999999986087,5549.8554706025
15150,42.56618120929823,462.99999999986085,5549.932073703599
15151,42.56618120929823,463.01999999986083,5550.008674601685
15152,42.56618120929823,463.0399999998608,5550.085273298204
15153,42.56618120929823,463.0599999998608,5550.161869792689
15154,42.56618120929823,463.0799999998608,5550.238464085001
15155,42.56618120929823,463.09999999986076,5550.315056175003
15156,42.56618120929823,463.11999999986074,5550.391646062554
15157,42.56618120929823,463.1399999998607,5550.468233747517
15158,42.56618120929823,463.1599999998607,5550.544819229753
15159,42.56618120929823,463.1799999998607,5550.621402509122
15160,42.56618120929823,463.19999999986067,5550.697983585487
15161,42.56618120929823,463.21999999986065,5550.77456245871
15162,42.56618120929823,463.23999999986063,5550.85113912865
15163,42.56618120929823,463.2599999998606,5550.92771359517
15164,42.56618120929823,463.2799999998606,5551.00428585813
15165,42.56618120929823,463.2999999998606,5551.080855917393
15166,42.56618120929823,463.31999999986056,5551.157423772819
15167,42.56618120929823,463.33999999986054,5551.2339894242705
15168,42.56618120929823,463.3599999998605,5551.310552871609
15169,42.56618120929823,463.3799999998605,5551.387114114695
15170,42.56618120929823,463.3999999998605,5551.463673153389
15171,42.56618120929823,463.41999999986047,5551.540229987554
15172,42.56618120929823,463.43999999986045,5551.616784617051
15173,42.56618120929823,463.45999999986043,5551.693337041741
15174,42.56618120929823,463.4799999998604,5551.769887261486
15175,42.56618120929823,463.4999999998604,5551.846435276147
15176,42.56618120929823,463.5199999998604,5551.922981085585
15177,42.56618120929823,463.53999999986036,5551.9995246896615
15178,42.56618120929823,463.55999999986034,5552.076066088239
15179,42.56618120929823,463.5799999998603,5552.152605281178
15180,42.56618120929823,463.5999999998603,5552.229142268339
15181,42.56618120929823,463.6199999998603,5552.305677049585
15182,42.56618120929823,463.63999999986027,5552.382209624777
15183,42.56618120929823,463.65999999986025,5552.458739993775
15184,42.56618120929823,463.67999999986023,5552.535268156443
15185,42.56618120929823,463.6999999998602,5552.6117941126395
15186,42.56618120929823,463.7199999998602,5552.688317862228
15187,42.56618120929823,463.7399999998602,5552.764839405069
15188,42.56618120929823,463.75999999986016,5552.841358741025
15189,42.56618120929823,463.77999999986014,5552.917875869956
15190,42.56618120929823,463.7999999998601,5552.994390791724
15191,42.56618120929823,463.8199999998601,5553.07090350619
15192,42.56618120929823,463.8399999998601,5553.147414013216
15193,42.56618120929823,463.85999999986007,5553.2239223126635
15194,42.56618120929823,463.87999999986005,5553.300428404394
15195,42.56618120929823,463.89999999986003,5553.376932288268
15196,42.56618120929823,463.91999999986,5553.453433964148
15197,42.56618120929823,463.93999999986,5553.529933431894
15198,42.56618120929823,463.95999999986,5553.6064306913695
15199,42.56618120929823,463.97999999985996,5553.682925742434
15200,42.56618120929823,463.99999999985994,5553.75941858495
15201,42.56618120929823,464.0199999998599,5553.8359092200135
15202,42.56618120929823,464.0399999998599,5553.912397659828
15203,42.56618120929823,464.0599999998599,5553.988883905494
15204,42.56618120929823,464.07999999985987,5554.065367956873
15205,42.56618120929823,464.09999999985985,5554.141849813828
15206,42.56618120929823,464.11999999985983,5554.21832947622
15207,42.56618120929823,464.1399999998598,5554.29480694391
15208,42.56618120929823,464.1599999998598,5554.37128221676
15209,42.56618120929823,464.1799999998598,5554.447755294632
15210,42.56618120929823,464.19999999985976,5554.524226177387
15211,42.56618120929823,464.21999999985974,5554.600694864887
15212,42.56618120929823,464.2399999998597,5554.6771613569945
15213,42.56618120929823,464.2599999998597,5554.7536256535695
15214,42.56618120929823,464.2799999998597,5554.830087754474
15215,42.56618120929823,464.29999999985966,5554.906547659571
15216,42.56618120929823,464.31999999985965,5554.983005368721
15217,42.56618120929823,464.33999999985963,5555.0594608817855
15218,42.56618120929823,464.3599999998596,5555.135914198627
15219,42.56618120929823,464.3799999998596,5555.2123653191065
15220,42.56618120929823,464.3999999998596,5555.288814243087
15221,42.56618120929823,464.41999999985956,5555.365260970428
15222,42.56618120929823,464.43999999985954,5555.441705500993
15223,42.56618120929823,464.4599999998595,5555.518147834642
15224,42.56618120929823,464.4799999998595,5555.594587971238
15225,42.56618120929823,464.4999999998595,5555.671025910642
15226,42.56618120929823,464.51999999985946,5555.747461652716
15227,42.56618120929823,464.53999999985945,5555.823895197322
15228,42.56618120929823,464.55999999985943,5555.900326544321
15229,42.56618120929823,464.5799999998594,5555.976755693575
15230,42.56618120929823,464.5999999998594,5556.053182644946
15231,42.56618120929823,464.6199999998594,5556.129607398295
15232,42.56618120929823,464.63999999985936,5556.206029953484
15233,42.4993755100302,464.65999999985934,5556.282450310376
15234,42.4993755100302,464.6799999998593,5556.35886846883
15235,42.4993755100302,464.6999999998593,5556.43528442871
15236,42.4993755100302,464.7199999998593,5556.511698189876
15237,42.4993755100302,464.73999999985926,5556.5881097521915
15238,42.4993755100302,464.75999999985925,5556.664519115517
15239,42.4993755100302,464.7799999998592,5556.740926279715
15240,42.4993755100302,464.7999999998592,5556.817331244646
15241,42.4993755100302,464.8199999998592,5556.893734010173
15242,42.4993755100302,464.8399999998592,5556.970134576157
15243,42.4993755100302,464.85999999985916,5557.04653294246
15244,42.4993755100302,464.87999999985914,5557.122929108943
15245,42.4993755100302,464.8999999998591,5557.199323075469
15246,42.4993755100302,464.9199999998591,5557.275714841899
15247,42.4993755100302,464.9399999998591,5557.352104408094
15248,42.4993755100302,464.95999999985906,5557.428491773917
15249,42.4993755100302,464.97999999985905,5557.504876939229
15250,42.4993755100302,464.999999999859,5557.581259903892
15251,42.4993755100302,465.019999999859,5557.657640667768
15252,42.4993755100302,465.039999999859,5557.734019232709
15253,42.4993755100302,465.059999999859,5557.810395609604
15254,42.4993755100302,465.07999999985896,5557.886769799318
15255,42.4993755100302,465.09999999985894,5557.963141801713
15256,42.4993755100302,465.1199999998589,5558.039511616651
15257,42.4993755100302,465.1399999998589,5558.115879243994
15258,42.4993755100302,465.1599999998589,5558.192244683602
15259,42.4993755100302,465.17999999985886,5558.26860793534
15260,42.4993755100302,465.19999999985885,5558.344968999067
15261,42.4993755100302,465.2199999998588,5558.421327874646
15262,42.4993755100302,465.2399999998588,5558.497684561938
15263,42.4993755100302,465.2599999998588,5558.574039060805
15264,42.4993755100302,465.2799999998588,5558.65039137111
15265,42.4993755100302,465.29999999985876,5558.726741492715
15266,42.4993755100302,465.31999999985874,5558.803089425479
15267,42.4993755100302,465.3399999998587,5558.879435169266
15268,42.4993755100302,465.3599999998587,5558.955778723937
15269,42.4993755100302,465.3799999998587,5559.032120089355
15270,42.4993755100302,465.39999999985866,5559.108459265381
15271,42.4993755100302,465.41999999985865,5559.184796251876
15272,42.4993755100302,465.4399999998586,5559.261131048704
15273,42.4993755100302,465.4599999998586,5559.337463655725
15274,42.4993755100302,465.4799999998586,5559.413794072801
15275,42.4993755100302,465.4999999998586,5559.490122299794
15276,42.4993755100302,465.51999999985856,5559.566448336566
15277,42.4993755100302,465.53999999985854,5559.64277218298
15278,42.4993755100302,465.5599999998585,5559.719093838895
15279,42.4993755100302,465.5799999998585,5559.795413304175
15280,42.4993755100302,465.5999999998585,5559.871730578681
15281,42.4993755100302,465.61999999985846,5559.948045662276
15282,42.4993755100302,465.63999999985845,5560.02435855477
15283,42.4993755100302,465.6599999998584,5560.100669255343
15284,42.4993755100302,465.6799999998584,5560.176977763635
15285,42.4993755100302,465.6999999998584,5560.253284079506
15286,42.4993755100302,465.7199999998584,5560.329588202819
15287,42.4993755100302,465.73999999985836,5560.405890133436
15288,42.4993755100302,465.75999999985834,5560.482189871218
15289,42.4993755100302,465.7799999998583,5560.558487416028
15290,42.4993755100302,465.7999999998583,5560.634782767726
15291,42.4993755100302,465.8199999998583,5560.711075926176
15292,42.4993755100302,465.83999999985826,5560.787366891239
15293,42.4993755100302,465.85999999985825,5560.863655662776
15294,42.4993755100302,465.8799999998582,5560.93994224065
15295,42.4993755100302,465.8999999998582,5561.0162266247235
15296,42.4993755100302,465.9199999998582,5561.092508814857
15297,42.4993755100302,465.9399999998582,5561.168788810914
15298,42.4993755100302,465.95999999985816,5561.245066612754
15299,42.4993755100302,465.97999999985814,5561.321342220242
15300,42.4993755100302,465.9999999998581,5561.397615633237
15301,42.4993755100302,466.0199999998581,5561.473886851602
15302,42.4993755100302,466.0399999998581,5561.5501558752
15303,42.4993755100302,466.05999999985806,5561.626422706765
15304,42.4993755100302,466.07999999985805,5561.7026873567265
15305,42.4993755100302,466.099999999858,5561.778949825803
15306,42.4993755100302,466.119999999858,5561.855210113855
15307,42.4993755100302,466.139999999858,5561.931468220746
15308,42.4993755100302,466.159999999858,5562.007724146339
15309,42.4993755100302,466.17999999985796,5562.083977890495
15310,42.4993755100302,466.19999999985794,5562.160229453077
15311,42.4993755100302,466.2199999998579,5562.236478833946
15312,42.4993755100302,466.2399999998579,5562.312726032967
15313,42.4993755100302,466.2599999998579,5562.38897105
15314,42.4993755100302,466.27999999985786,5562.465213884908
15315,42.4993755100302,466.29999999985785,5562.541454537554
15316,42.4993755100302,466.3199999998578,5562.6176930078
15317,42.4993755100302,466.3399999998578,5562.6939292955085
15318,42.4993755100302,466.3599999998578,5562.770163400542
15319,42.4993755100302,466.3799999998578,5562.846395322762
15320,42.4993755100302,466.39999999985776,5562.922625062031
15321,42.4993755100302,466.41999999985774,5562.998852618212
15322,42.4993755100302,466.4399999998577,5563.075077991168
15323,42.4993755100302,466.4599999998577,5563.151301180759
15324,42.4993755100302,466.4799999998577,5563.2275221868495
15325,42.4993755100302,466.49999999985766,5563.303741009301
15326,42.4993755100302,466.51999999985765,5563.379957647976
15327,42.4993755100302,466.5399999998576,5563.456172102738
15328,42.4993755100302,466.5599999998576,5563.532384373447
15329,42.4993755100302,466.5799999998576,5563.608594459967
15330,42.4993755100302,466.5999999998576,5563.684802362161
15331,42.4993755100302,466.61999999985755,5563.7610080798895
15332,42.4993755100302,466.63999999985754,5563.837211613017
15333,42.4993755100302,466.6599999998575,5563.913412961404
15334,42.4993755100302,466.6799999998575,5563.989612124914
15335,42.4993755100302,466.6999999998575,5564.065809103409
15336,42.4993755100302,466.71999999985746,5564.142003896752
15337,42.4993755100302,466.73999999985745,5564.218196504804
15338,42.4993755100302,466.7599999998574,5564.294386927429
15339,42.4993755100302,466.7799999998574,5564.3705751644875
15340,42.4993755100302,466.7999999998574,5564.446761215844
15341,42.4993755100302,466.8199999998574,5564.52294508136
15342,42.4993755100302,466.83999999985735,5564.599126760898
15343,42.4993755100302,466.85999999985734,5564.67530625432
15344,42.4993755100302,466.8799999998573,5564.751483561489
15345,42.4993755100302,466.8999999998573,5564.827658682268
15346,42.4993755100302,466.9199999998573,5564.903831616517
15347,42.4993755100302,466.93999999985726,5564.980002364101
15348,42.4993755100302,466.95999999985725,5565.056170924881
15349,42.4993755100302,466.9799999998572,5565.132337298721
15350,42.4993755100302,466.9999999998572,5565.208501485481
15351,42.4993755100302,467.0199999998572,5565.284663485025
15352,42.4993755100302,467.0399999998572,5565.360823297215
15353,42.4993755100302,467.05999999985715,5565.436980921913
15354,42.4993755100302,467.07999999985714,5565.513136362775
15355,42.4993755100302,467.0999999998571,5565.589289629759
15356,42.4993755100302,467.1199999998571,5565.665440723428
15357,42.4993755100302,467.1399999998571,5565.741589643646
15358,42.4993755100302,467.15999999985706,5565.817736390276
15359,42.4993755100302,467.17999999985705,5565.893880963181
15360,42.4993755100302,467.199999999857,5565.970023362223
15361,42.4993755100302,467.219999999857,5566.046163587267
15362,42.4993755100302,467.239999999857,5566.1223016381755
15363,42.4993755100302,467.259999999857,5566.198437514811
15364,42.4993755100302,467.27999999985695,5566.274571217038
15365,42.4993755100302,467.29999999985694,5566.3507027447195
15366,42.4993755100302,467.3199999998569,5566.426832097718
15367,42.4993755100302,467.3399999998569,5566.502959275897
15368,42.4993755100302,467.3599999998569,5566.57908427912
15369,42.4993755100302,467.37999999985686,5566.65520710725
15370,42.4993755100302,467.39999999985685,5566.73132776015
15371,42.4993755100302,467.4199999998568,5566.807446237683
15372,42.4993755100302,467.4399999998568,5566.883562539712
15373,42.432744375653556,467.4599999998568,5566.959676666102
15374,42.432744375653556,467.4799999998568,5567.035788616714
15375,42.432744375653556,467.49999999985675,5567.111898391413
15376,42.432744375653556,467.51999999985674,5567.188005990061
15377,42.432744375653556,467.5399999998567,5567.264111412523
15378,42.432744375653556,467.5599999998567,5567.3402146586595
15379,42.432744375653556,467.5799999998567,5567.416315728336
15380,42.432744375653556,467.59999999985666,5567.492414621414
15381,42.432744375653556,467.61999999985665,5567.5685113377585
15382,42.432744375653556,467.6399999998566,5567.644605877232
15383,42.432744375653556,467.6599999998566,5567.7206982396965
15384,42.432744375653556,467.6799999998566,5567.796788425017
15385,42.432744375653556,467.6999999998566,5567.872876433056
15386,42.432744375653556,467.71999999985655,5567.9489622636775
15387,42.432744375653556,467.73999999985654,5568.025045916744
15388,42.432744375653556,467.7599999998565,5568.1011273921185
15389,42.432744375653556,467.7799999998565,5568.177206689665
15390,42.432744375653556,467.7999999998565,5568.253283809246
15391,42.432744375653556,467.81999999985646,5568.329358750725
15392,42.432744375653556,467.83999999985645,5568.405431513966
15393,42.432744375653556,467.8599999998564,5568.481502098831
15394,42.432744375653556,467.8799999998564,5568.557570505184
15395,42.432744375653556,467.8999999998564,5568.633636732889
15396,42.432744375653556,467.9199999998564,5568.709700781808
15397,42.432744375653556,467.93999999985635,5568.785762651805
15398,42.432744375653556,467.95999999985634,5568.861822342744
15399,42.432744375653556,467.9799999998563,5568.937879854487
15400,42.432744375653556,467.9999999998563,5569.013935186897
15401,42.432744375653556,468.0199999998563,5569.089988339838
15402,42.432744375653556,468.03999999985626,5569.166039313173
15403,42.432744375653556,468.05999999985625,5569.2420881067665
15404,42.432744375653556,468.0799999998562,5569.31813472048
15405,42.432744375653556,468.0999999998562,5569.394179158594
15406,42.432744375653556,468.1199999998562,5569.4702214299
15407,42.432744375653556,468.1399999998562,5569.546261534765
15408,42.432744375653556,468.15999999985615,5569.622299473052
15409,42.432744375653556,468.17999999985614,5569.698335244626
15410,42.432744375653556,468.1999999998561,5569.77436884935
15411,42.432744375653556,468.2199999998561,5569.850400287089
15412,42.432744375653556,468.2399999998561,5569.926429557706
15413,42.432744375653556,468.25999999985606,5570.00245666106
15414,42.432744375653556,468.27999999985605,5570.07848159645
15415,42.432744375653556,468.299999999856,5570.154504363226
15416,42.432744375653556,468.319999999856,5570.230524961254
15417,42.432744375653556,468.339999999856,5570.306543390398
15418,42.432744375653556,468.359999999856,5570.382559650522
15419,42.432744375653556,468.37999999985595,5570.458573741492
15420,42.432744375653556,468.39999999985594,5570.534585663171
15421,42.432744375653556,468.4199999998559,5570.6105954154245
15422,42.432744375653556,468.4399999998559,5570.6866029981165
15423,42.432744375653556,468.4599999998559,5570.7626084111125
15424,42.432744375653556,468.47999999985586,5570.838611654276
15425,42.432744375653556,468.49999999985585,5570.914612727473
15426,42.432744375653556,468.5199999998558,5570.9906116305665
15427,42.432744375653556,468.5399999998558,5571.066608363422
15428,42.432744375653556,468.5599999998558,5571.142602925905
15429,42.432744375653556,468.5799999998558,5571.218595317878
15430,42.432744375653556,468.59999999985575,5571.294585539206
15431,42.432744375653556,468.61999999985574,5571.370573589756
15432,42.432744375653556,468.6399999998557,5571.446559469389
15433,42.432744375653556,468.6599999998557,5571.522543177973
15434,42.432744375653556,468.6799999998557,5571.59852471537
15435,42.432744375653556,468.69999999985566,5571.674504081447
15436,42.432744375653556,468.71999999985565,5571.750481276066
15437,42.432744375653556,468.7399999998556,5571.8264562990935
15438,42.432744375653556,468.7599999998556,5571.902429150394
15439,42.432744375653556,468.7799999998556,5571.978399829832
15440,42.432744375653556,468.7999999998556,5572.054368337271
15441,42.432744375653556,468.81999999985555,5572.130334672576
15442,42.432744375653556,468.83999999985554,5572.206298835613
15443,42.432744375653556,468.8599999998555,5572.282260826246
15444,42.432744375653556,468.8799999998555,5572.358220644339
15445,42.432744375653556,468.8999999998555,5572.434178289757
15446,42.432744375653556,468.91999999985546,5572.5101337623655
15447,42.432744375653556,468.93999999985544,5572.586087062028
15448,42.432744375653556,468.9599999998554,5572.66203818861
15449,42.432744375653556,468.9799999998554,5572.737987141974
15450,42.432744375653556,468.9999999998554,5572.813933921988
15451,42.432744375653556,469.0199999998554,5572.889878528514
15452,42.432744375653556,469.03999999985535,5572.965820961417
15453,42.432744375653556,469.05999999985534,5573.041761220563
15454,42.432744375653556,469.0799999998553,5573.117699305816
15455,42.432744375653556,469.0999999998553,5573.1936352170405
15456,42.432744375653556,469.1199999998553,5573.2695689594375
15457,42.432744375653556,469.13999999985526,5573.345500541311
15458,42.432744375653556,469.15999999985524,5573.42142996287
15459,42.432744375653556,469.1799999998552,5573.497357223981
15460,42.432744375653556,469.1999999998552,5573.57328232451
15461,42.432744375653556,469.2199999998552,5573.649205264321
15462,42.432744375653556,469.2399999998552,5573.72512604328
15463,42.432744375653556,469.25999999985515,5573.801044661253
15464,42.432744375653556,469.27999999985514,5573.876961118106
15465,42.432744375653556,469.2999999998551,5573.952875413703
15466,42.432744375653556,469.3199999998551,5574.02878754791
15467,42.432744375653556,469.3399999998551,5574.104697520592
15468,42.432744375653556,469.35999999985506,5574.180605331615
15469,42.432744375653556,469.37999999985504,5574.256510980845
15470,42.432744375653556,469.399999999855,5574.332414468146
15471,42.432744375653556,469.419999999855,5574.408315793385
15472,42.432744375653556,469.439999999855,5574.484214956426
15473,42.432744375653556,469.459999999855,5574.560111957135
15474,42.432744375653556,469.47999999985495,5574.636006795378
15475,42.432744375653556,469.49999999985494,5574.711899471021
15476,42.432744375653556,469.5199999998549,5574.787789983928
15477,42.432744375653556,469.5399999998549,5574.863678333965
15478,42.432744375653556,469.5599999998549,5574.939564520998
15479,42.432744375653556,469.57999999985486,5575.015448544892
15480,42.432744375653556,469.59999999985484,5575.091330405512
15481,42.432744375653556,469.6199999998548,5575.167210102724
15482,42.432744375653556,469.6399999998548,5575.243087636394
15483,42.432744375653556,469.6599999998548,5575.318963006387
15484,42.432744375653556,469.6799999998548,5575.394836212568
15485,42.432744375653556,469.69999999985475,5575.4707072548035
15486,42.432744375653556,469.71999999985474,5575.546576132958
15487,42.432744375653556,469.7399999998547,5575.622442846898
15488,42.432744375653556,469.7599999998547,5575.6983073964875
15489,42.432744375653556,469.7799999998547,5575.774169781594
15490,42.432744375653556,469.79999999985466,5575.850030002081
15491,42.432744375653556,469.81999999985464,5575.925888057816
15492,42.432744375653556,469.8399999998546,5576.001743948664
15493,42.432744375653556,469.8599999998546,5576.077597674489
15494,42.432744375653556,469.8799999998546,5576.1534492351575
15495,42.432744375653556,469.8999999998546,5576.229298630535
15496,42.432744375653556,469.91999999985455,5576.305145860487
15497,42.432744375653556,469.93999999985454,5576.380990924879
15498,42.432744375653556,469.9599999998545,5576.456833823577
15499,42.432744375653556,469.9799999998545,5576.532674556445
15500,42.432744375653556,469.9999999998545,5576.608513123351
15501,42.432744375653556,470.01999999985446,5576.684349524159
15502,42.432744375653556,470.03999999985444,5576.7601837587345
15503,42.432744375653556,470.0599999998544,5576.836015826943
15504,42.432744375653556,470.0799999998544,5576.911845728651
15505,42.432744375653556,470.0999999998544,5576.987673463723
15506,42.432744375653556,470.1199999998544,5577.063499032024
15507,42.432744375653556,470.13999999985435,5577.139322439695
15508,42.432744375653556,470.15999999985434,5577.21514369451
15509,42.432744375653556,470.1799999998543,5577.290962796515
15510,42.432744375653556,470.1999999998543,5577.366779745578
15511,42.432744375653556,470.2199999998543,5577.442594541567
15512,42.432744375653556,470.23999999985426,5577.518407184347
15513,42.366287168235964,470.25999999985424,5577.594217673786
15514,42.366287168235964,470.2799999998542,5577.670026009751
15515,42.366287168235964,470.2999999998542,5577.7458321921085
15516,42.366287168235964,470.3199999998542,5577.821636220726
15517,42.366287168235964,470.3399999998542,5577.89743809547
15518,42.366287168235964,470.35999999985415,5577.973237816207
15519,42.366287168235964,470.37999999985414,5578.0490353828045
15520,42.366287168235964,470.3999999998541,5578.124830795129
15521,42.366287168235964,470.4199999998541,5578.200624053048
15522,42.366287168235964,470.4399999998541,5578.276415156429
15523,42.366287168235964,470.45999999985406,5578.352204105137
15524,42.366287168235964,470.47999999985404,5578.427990899041
15525,42.366287168235964,470.499999999854,5578.503775538007
15526,42.366287168235964,470.519999999854,5578.579558021902
15527,42.366287168235964,470.539999999854,5578.6553383505925
15528,42.366287168235964,470.55999999985397,5578.731116523946
15529,42.366287168235964,470.57999999985395,5578.80689254183
15530,42.366287168235964,470.59999999985394,5578.882666404111
15531,42.366287168235964,470.6199999998539,5578.958438110655
15532,42.366287168235964,470.6399999998539,5579.034207661331
15533,42.366287168235964,470.6599999998539,5579.109975056003
15534,42.366287168235964,470.67999999985386,5579.185740294542
15535,42.366287168235964,470.69999999985384,5579.261503376812
15536,42.366287168235964,470.7199999998538,5579.33726430268
15537,42.366287168235964,470.7399999998538,5579.413023072014
15538,42.366287168235964,470.7599999998538,5579.488779684681
15539,42.366287168235964,470.77999999985377,5579.564534140547
15540,42.366287168235964,470.79999999985375,5579.6402864394795
15541,42.366287168235964,470.81999999985374,5579.716036581346
15542,42.366287168235964,470.8399999998537,5579.791784566013
15543,42.366287168235964,470.8599999998537,5579.867530393348
15544,42.366287168235964,470.8799999998537,5579.943274063217
15545,42.366287168235964,470.89999999985366,5580.0190155754535
15546,42.366287168235964,470.91999999985364,5580.094754929376
15547,42.366287168235964,470.9399999998536,5580.170492124613
15548,42.366287168235964,470.9599999998536,5580.24622716103
15549,42.366287168235964,470.9799999998536,5580.3219600384955
15550,42.366287168235964,470.99999999985357,5580.397690756876
15551,42.366287168235964,471.01999999985355,5580.4734193160375
15552,42.366287168235964,471.03999999985353,5580.549145715847
15553,42.366287168235964,471.0599999998535,5580.624869956171
15554,42.366287168235964,471.0799999998535,5580.700592036877
15555,42.366287168235964,471.0999999998535,5580.776311957832
15556,42.366287168235964,471.11999999985346,5580.8520297189025
15557,42.366287168235964,471.13999999985344,5580.927745319955
15558,42.366287168235964,471.1599999998534,5581.00345876761
15559,42.366287168235964,471.1799999998534,5581.07917006859
15560,42.366287168235964,471.1999999998534,5581.154879222774
15561,42.366287168235964,471.21999999985337,5581.230586230029
15562,42.366287168235964,471.23999999985335,5581.306291090223
15563,42.366287168235964,471.25999999985333,5581.381993803222
15564,42.366287168235964,471.2799999998533,5581.457694368894
15565,42.366287168235964,471.2999999998533,5581.533392787107
15566,42.366287168235964,471.3199999998533,5581.609089057727
15567,42.366287168235964,471.33999999985326,5581.684783180622
15568,42.366287168235964,471.35999999985324,5581.760475155658
15569,42.366287168235964,471.3799999998532,5581.836164982705
15570,42.366287168235964,471.3999999998532,5581.911852661628
15571,42.366287168235964,471.4199999998532,5581.987538192295
15572,42.366287168235964,471.43999999985317,5582.063221574573
15573,42.366287168235964,471.45999999985315,5582.1389028083295
15574,42.366287168235964,471.47999999985313,5582.214581893431
15575,42.366287168235964,471.4999999998531,5582.290258829747
15576,42.366287168235964,471.5199999998531,5582.365933617142
15577,42.366287168235964,471.5399999998531,5582.441606255486
15578,42.366287168235964,471.55999999985306,5582.517276744644
15579,42.366287168235964,471.57999999985304,5582.592945084485
15580,42.366287168235964,471.599999999853,5582.668611274876
15581,42.366287168235964,471.619999999853,5582.744275315683
15582,42.366287168235964,471.639999999853,5582.819937206775
15583,42.366287168235964,471.65999999985297,5582.8955969480185
15584,42.366287168235964,471.67999999985295,5582.97125453928
15585,42.366287168235964,471.69999999985293,5583.046909980429
15586,42.366287168235964,471.7199999998529,5583.12256327133
15587,42.366287168235964,471.7399999998529,5583.198214411853
15588,42.366287168235964,471.7599999998529,5583.273863401864
15589,42.366287168235964,471.77999999985286,5583.349510241231
15590,42.366287168235964,471.79999999985284,5583.425154929821
15591,42.366287168235964,471.8199999998528,5583.5007974675
15592,42.366287168235964,471.8399999998528,5583.576437854137
15593,42.366287168235964,471.8599999998528,5583.652076089599
15594,42.366287168235964,471.87999999985277,5583.727712173753
15595,42.366287168235964,471.89999999985275,5583.803346106467
15596,42.366287168235964,471.91999999985273,5583.878977887608
15597,42.366287168235964,471.9399999998527,5583.954607517043
15598,42.366287168235964,471.9599999998527,5584.03023499464
15599,42.366287168235964,471.9799999998527,5584.1058603202655
15600,42.366287168235964,471.99999999985266,5584.181483493788
15601,42.366287168235964,472.01999999985264,5584.2571045150735
15602,42.366287168235964,472.0399999998526,5584.33272338399
15603,42.366287168235964,472.0599999998526,5584.4083401004045
15604,42.366287168235964,472.0799999998526,5584.483954664185
15605,42.366287168235964,472.09999999985257,5584.559567075199
15606,42.366287168235964,472.11999999985255,5584.635177333314
15607,42.366287168235964,472.13999999985253,5584.710785438396
15608,42.366287168235964,472.1599999998525,5584.7863913904675
15609,42.366287168235964,472.1799999998525,5584.8619951970695
15610,42.366287168235964,472.1999999998525,5584.937596864349
15611,42.366287168235964,472.21999999985246,5585.013196392171
15612,42.366287168235964,472.23999999985244,5585.088793780402
15613,42.366287168235964,472.2599999998524,5585.164389028906
15614,42.366287168235964,472.2799999998524,5585.239982137549
15615,42.366287168235964,472.2999999998524,5585.315573106196
15616,42.366287168235964,472.31999999985237,5585.391161934713
15617,42.366287168235964,472.33999999985235,5585.466748622964
15618,42.366287168235964,472.35999999985233,5585.542333170815
15619,42.366287168235964,472.3799999998523,5585.617915578132
15620,42.366287168235964,472.3999999998523,5585.69349584478
15621,42.366287168235964,472.4199999998523,5585.769073970624
15622,42.366287168235964,472.43999999985226,5585.844649955529
15623,42.366287168235964,472.45999999985224,5585.920223799362
15624,42.366287168235964,472.4799999998522,5585.995795501987
15625,42.366287168235964,472.4999999998522,5586.07136506327
15626,42.366287168235964,472.5199999998522,5586.146932483075
15627,42.366287168235964,472.53999999985217,5586.222497761269
15628,42.366287168235964,472.55999999985215,5586.298060897716
15629,42.366287168235964,472.57999999985213,5586.373621892282
15630,42.366287168235964,472.5999999998521,5586.449180744834
15631,42.366287168235964,472.6199999998521,5586.5247374552355
15632,42.366287168235964,472.6399999998521,5586.600292023352
15633,42.366287168235964,472.65999999985206,5586.67584444905
15634,42.366287168235964,472.67999999985204,5586.751394732192
15635,42.366287168235964,472.699999999852,5586.826942872646
15636,42.366287168235964,472.719999999852,5586.902488870277
15637,42.366287168235964,472.739999999852,5586.97803272495
15638,42.366287168235964,472.75999999985197,5587.053574436531
15639,42.366287168235964,472.77999999985195,5587.129114004884
15640,42.366287168235964,472.79999999985193,5587.204651429876
15641,42.366287168235964,472.8199999998519,5587.280186711372
15642,42.366287168235964,472.8399999998519,5587.355719849237
15643,42.366287168235964,472.8599999998519,5587.431250843337
15644,42.366287168235964,472.87999999985186,5587.506779693536
15645,42.366287168235964,472.89999999985184,5587.582306399701
15646,42.366287168235964,472.9199999998518,5587.657830961697
15647,42.366287168235964,472.9399999998518,5587.733353379389
15648,42.366287168235964,472.9599999998518,5587.808873652642
15649,42.366287168235964,472.97999999985177,5587.884391781323
15650,42.366287168235964,472.99999999985175,5587.959907765296
15651,42.366287168235964,473.01999999985173,5588.035421604426
15652,42.366287168235964,473.0399999998517,5588.11093329858
15653,42.366287168235964,473.0599999998517,5588.186442847622
15654,42.366287168235964,473.0799999998517,5588.261950251419
15655,42.30000325283932,473.09999999985166,5588.337455509835
15656,42.30000325283932,473.11999999985164,5588.412958622736
15657,42.30000325283932,473.1399999998516,5588.4884595899875
15658,42.30000325283932,473.1599999998516,5588.563958411455
15659,42.30000325283932,473.1799999998516,5588.639455087319
15660,42.30000325283932,473.19999999985157,5588.714949625625
15661,42.30000325283932,473.21999999985155,5588.790442031587
15662,42.30000325283932,473.23999999985153,5588.865932305076
15663,42.30000325283932,473.2599999998515,5588.941420445962
15664,42.30000325283932,473.2799999998515,5589.016906454114
15665,42.30000325283932,473.2999999998515,5589.092390329404
15666,42.30000325283932,473.31999999985146,5589.167872071701
15667,42.30000325283932,473.33999999985144,5589.243351680875
15668,42.30000325283932,473.3599999998514,5589.318829156797
15669,42.30000325283932,473.3799999998514,5589.394304499336
15670,42.30000325283932,473.3999999998514,5589.469777708363
15671,42.30000325283932,473.41999999985137,5589.545248783747
15672,42.30000325283932,473.43999999985135,5589.62071772536
15673,42.30000325283932,473.45999999985133,5589.696184533071
15674,42.30000325283932,473.4799999998513,5589.77164920675
15675,42.30000325283932,473.4999999998513,5589.847111746268
15676,42.30000325283932,473.5199999998513,5589.922572151494
15677,42.30000325283932,473.53999999985126,5589.998030422299
15678,42.30000325283932,473.55999999985124,5590.073486558036
15679,42.30000325283932,473.5799999998512,5590.148940558016
15680,42.30000325283932,473.5999999998512,5590.224392422103
15681,42.30000325283932,473.6199999998512,5590.299842150166
15682,42.30000325283932,473.63999999985117,5590.375289742075
15683,42.30000325283932,473.65999999985115,5590.4507351977
15684,42.30000325283932,473.67999999985113,5590.52617851691
15685,42.30000325283932,473.6999999998511,5590.601619699572
15686,42.30000325283932,473.7199999998511,5590.677058745559
15687,42.30000325283932,473.7399999998511,5590.752495654739
15688,42.30000325283932,473.75999999985106,5590.82793042698
15689,42.30000325283932,473.77999999985104,5590.9033630621525
15690,42.30000325283932,473.799999999851,5590.978793560126
15691,42.30000325283932,473.819999999851,5591.054221920769
15692,42.30000325283932,473.839999999851,5591.129648143952
15693,42.30000325283932,473.85999999985097,5591.2050722295435
15694,42.30000325283932,473.87999999985095,5591.280494177413
15695,42.30000325283932,473.89999999985093,5591.35591398743
15696,42.30000325283932,473.9199999998509,5591.4313316594635
15697,42.30000325283932,473.9399999998509,5591.5067471933835
15698,42.30000325283932,473.9599999998509,5591.58216058906
15699,42.30000325283932,473.97999999985086,5591.65757184636
15700,42.30000325283932,473.99999999985084,5591.732980965155
15701,42.30000325283932,474.0199999998508,5591.808387945313
15702,42.30000325283932,474.0399999998508,5591.883792786705
15703,42.30000325283932,474.0599999998508,5591.959195489199
15704,42.30000325283932,474.07999999985077,5592.034596052666
15705,42.30000325283932,474.09999999985075,5592.109994476973
15706,42.30000325283932,474.11999999985073,5592.185390761991
15707,42.30000325283932,474.1399999998507,5592.2607849075885
15708,42.30000325283932,474.1599999998507,5592.336176913635
15709,42.30000325283932,474.1799999998507,5592.4115667800015
15710,42.30000325283932,474.19999999985066,5592.486954507022
15711,42.30000325283932,474.21999999985064,5592.562340103175
15712,42.30000325283932,474.2399999998506,5592.637723572744
15713,42.30000325283932,474.2599999998506,5592.713104915597
15714,42.30000325283932,474.2799999998506,5592.788484131603
15715,42.30000325283932,474.29999999985057,5592.86386122063
15716,42.30000325283932,474.31999999985055,5592.939236182547
15717,42.30000325283932,474.33999999985053,5593.014609017222
15718,42.30000325283932,474.3599999998505,5593.089979724525
15719,42.30000325283932,474.3799999998505,5593.165348304324
15720,42.30000325283932,474.3999999998505,5593.240714756486
15721,42.30000325283932,474.41999999985046,5593.316079080882
15722,42.30000325283932,474.43999999985044,5593.39144127738
15723,42.30000325283932,474.4599999998504,5593.466801345848
15724,42.30000325283932,474.4799999998504,5593.542159286154
15725,42.30000325283932,474.4999999998504,5593.617515098168
15726,42.30000325283932,474.51999999985037,5593.692868781758
15727,42.30000325283932,474.53999999985035,5593.768220336792
15728,42.30000325283932,474.55999999985033,5593.84356976314
15729,42.30000325283932,474.5799999998503,5593.91891706067
15730,42.30000325283932,474.5999999998503,5593.994262229249
15731,42.30000325283932,474.6199999998503,5594.069605268748
15732,42.30000325283932,474.63999999985026,5594.144946179034
15733,42.30000325283932,474.65999999985024,5594.220284959977
15734,42.30000325283932,474.6799999998502,5594.295621611445
15735,42.30000325283932,474.6999999998502,5594.370956133307
15736,42.30000325283932,474.7199999998502,5594.446288525431
15737,42.30000325283932,474.73999999985017,5594.521618787685
15738,42.30000325283932,474.75999999985015,5594.596946919939
15739,42.30000325283932,474.77999999985013,5594.672272922061
15740,42.30000325283932,474.7999999998501,5594.74759679392
15741,42.30000325283932,474.8199999998501,5594.822918535384
15742,42.30000325283932,474.8399999998501,5594.898238146322
15743,42.30000325283932,474.85999999985006,5594.973555626603
15744,42.30000325283932,474.87999999985004,5595.048870976096
15745,42.30000325283932,474.89999999985,5595.124184194668
15746,42.30000325283932,474.91999999985,5595.199495282188
15747,42.30000325283932,474.93999999985,5595.274804238526
15748,42.30000325283932,474.95999999984997,5595.35011106355
15749,42.30000325283932,474.97999999984995,5595.425415757129
15750,42.30000325283932,474.99999999984993,5595.50071831913
15751,42.30000325283932,475.0199999998499,5595.576018749423
15752,42.30000325283932,475.0399999998499,5595.6513170478775
15753,42.30000325283932,475.0599999998499,5595.72661321436
15754,42.30000325283932,475.07999999984986,5595.801907248741
15755,42.30000325283932,475.09999999984984,5595.877199150889
15756,42.30000325283932,475.1199999998498,5595.952488920672
15757,42.30000325283932,475.1399999998498,5596.027776557959
15758,42.30000325283932,475.1599999998498,5596.103062062619
15759,42.30000325283932,475.17999999984977,5596.1783454345195
15760,42.30000325283932,475.19999999984975,5596.253626673531
15761,42.30000325283932,475.21999999984973,5596.328905780169
15762,42.30000325283932,475.2399999998497,5596.404182763913
15763,42.30000325283932,475.2599999998497,5596.479457628391
15764,42.30000325283932,475.2799999998497,5596.554730373475
15765,42.30000325283932,475.29999999984966,5596.630000999034
15766,42.30000325283932,475.31999999984964,5596.705269504938
15767,42.30000325283932,475.3399999998496,5596.780535891058
15768,42.30000325283932,475.3599999998496,5596.855800157265
15769,42.30000325283932,475.3799999998496,5596.931062303427
15770,42.30000325283932,475.39999999984957,5597.0063223294155
15771,42.30000325283932,475.41999999984955,5597.081580235101
15772,42.30000325283932,475.43999999984953,5597.156836020353
15773,42.30000325283932,475.4599999998495,5597.2320896850415
15774,42.30000325283932,475.4799999998495,5597.307341229038
15775,42.30000325283932,475.4999999998495,5597.382590652212
15776,42.30000325283932,475.51999999984946,5597.457837954433
15777,42.30000325283932,475.53999999984944,5597.533083135571
15778,42.30000325283932,475.5599999998494,5597.608326195498
15779,42.30000325283932,475.5799999998494,5597.683567134083
15780,42.30000325283932,475.5999999998494,5597.758805951197
15781,42.30000325283932,475.61999999984937,5597.83404264671
15782,42.30000325283932,475.63999999984935,5597.909277220492
15783,42.30000325283932,475.65999999984933,5597.984509672413
15784,42.30000325283932,475.6799999998493,5598.0597400023435
15785,42.30000325283932,475.6999999998493,5598.134968210154
15786,42.30000325283932,475.7199999998493,5598.210194295713
15787,42.30000325283932,475.73999999984926,5598.2854182588935
15788,42.30000325283932,475.75999999984924,5598.360640099564
15789,42.30000325283932,475.7799999998492,5598.435859817595
15790,42.30000325283932,475.7999999998492,5598.511077412857
15791,42.30000325283932,475.8199999998492,5598.58629288522
15792,42.30000325283932,475.83999999984917,5598.6615062345545
15793,42.30000325283932,475.85999999984915,5598.736717460731
15794,42.30000325283932,475.87999999984913,5598.811926563619
15795,42.30000325283932,475.8999999998491,5598.8871335430895
15796,42.23389199750253,475.9199999998491,5598.962338399013
15797,42.23389199750253,475.9399999998491,5599.037541131259
15798,42.23389199750253,475.95999999984906,5599.112741739697
15799,42.23389199750253,475.97999999984904,5599.187940224199
15800,42.23389199750253,475.999999999849,5599.263136584635
15801,42.23389199750253,476.019999999849,5599.338330820874
15802,42.23389199750253,476.039999999849,5599.413522932788
15803,42.23389199750253,476.05999999984897,5599.488712920245
15804,42.23389199750253,476.07999999984895,5599.563900783118
15805,42.23389199750253,476.09999999984893,5599.639086521275
15806,42.23389199750253,476.1199999998489,5599.714270134587
15807,42.23389199750253,476.1399999998489,5599.789451622925
15808,42.23389199750253,476.1599999998489,5599.86463098616
15809,42.23389199750253,476.17999999984886,5599.93980822416
15810,42.23389199750253,476.19999999984884,5600.014983336763
15811,42.23389199750253,476.2199999998488,5600.090156323224
15812,42.23389199750253,476.2399999998488,5600.165327183861
15813,42.23389199750253,476.2599999998488,5600.2404959283285
15814,42.23389199750253,476.27999999984877,5600.315662559293
15815,42.23389199750253,476.29999999984875,5600.390827076626
15816,42.23389199750253,476.31999999984873,5600.465989480202
15817,42.23389199750253,476.3399999998487,5600.541149769892
15818,42.23389199750253,476.3599999998487,5600.61630794557
15819,42.23389199750253,476.3799999998487,5600.691464007108
15820,42.23389199750253,476.39999999984866,5600.766617954379
15821,42.23389199750253,476.41999999984864,5600.8417697872555
15822,42.23389199750253,476.4399999998486,5600.91691950561
15823,42.23389199750253,476.4599999998486,5600.992067109315
15824,42.23389199750253,476.4799999998486,5601.067212598243
15825,42.23389199750253,476.49999999984857,5601.142355972267
15826,42.23389199750253,476.51999999984855,5601.21749723126
15827,42.23389199750253,476.53999999984853,5601.292636375093
15828,42.23389199750253,476.5599999998485,5601.367773403641
15829,42.23389199750253,476.5799999998485,5601.442908316775
15830,42.23389199750253,476.5999999998485,5601.518041114368
15831,42.23389199750253,476.61999999984846,5601.593171796293
15832,42.23389199750253,476.63999999984844,5601.668300362423
15833,42.23389199750253,476.6599999998484,5601.74342681263
15834,42.23389199750253,476.6799999998484,5601.818551146786
15835,42.23389199750253,476.6999999998484,5601.893673364765
15836,42.23389199750253,476.71999999984837,5601.968793466439
15837,42.23389199750253,476.73999999984835,5602.04391145168
15838,42.23389199750253,476.75999999984833,5602.119027320362
15839,42.23389199750253,476.7799999998483,5602.194141072357
15840,42.23389199750253,476.7999999998483,5602.269252707538
15841,42.23389199750253,476.8199999998483,5602.344362225777
15842,42.23389199750253,476.83999999984826,5602.419469626948
15843,42.23389199750253,476.85999999984824,5602.494574910922
15844,42.23389199750253,476.8799999998482,5602.5696780775725
15845,42.23389199750253,476.8999999998482,5602.644779126772
15846,42.23389199750253,476.9199999998482,5602.719878058393
15847,42.23389199750253,476.93999999984817,5602.7949748723095
15848,42.23389199750253,476.95999999984815,5602.870069568393
15849,42.23389199750253,476.97999999984813,5602.945162146516
15850,42.23389199750253,476.9999999998481,5603.020252606551
15851,42.23389199750253,477.0199999998481,5603.095340948372
15852,42.23389199750253,477.0399999998481,5603.170427171851
15853,42.23389199750253,477.05999999984806,5603.24551127686
15854,42.23389199750253,477.07999999984804,5603.320593263273
15855,42.23389199750253,477.099999999848,5603.395673130962
15856,42.23389199750253,477.119999999848,5603.470750879799
15857,42.23389199750253,477.139999999848,5603.545826509659
15858,42.23389199750253,477.15999999984797,5603.620900020412
15859,42.23389199750253,477.17999999984795,5603.695971411932
15860,42.23389199750253,477.19999999984793,5603.7710406840915
15861,42.23389199750253,477.2199999998479,5603.846107836764
15862,42.23389199750253,477.2399999998479,5603.921172869821
15863,42.23389199750253,477.2599999998479,5603.996235784081
15864,42.23389199750253,477.27999999984786,5604.0712965899575
15865,42.23389199750253,477.29999999984784,5604.146355289355
15866,42.23389199750253,477.3199999998478,5604.221411882144
15867,42.23389199750253,477.3399999998478,5604.296466368198
15868,42.23389199750253,477.3599999998478,5604.371518747388
15869,42.23389199750253,477.37999999984777,5604.446569019586
15870,42.23389199750253,477.39999999984775,5604.521617184663
15871,42.23389199750253,477.41999999984773,5604.5966632424925
15872,42.23389199750253,477.4399999998477,5604.671707192945
15873,42.23389199750253,477.4599999998477,5604.746749035894
15874,42.23389199750253,477.4799999998477,5604.82178877121
15875,42.23389199750253,477.49999999984766,5604.8968263987645
15876,42.23389199750253,477.51999999984764,5604.9718619184305
15877,42.23389199750253,477.5399999998476,5605.04689533008
15878,42.23389199750253,477.5599999998476,5605.121926633584
15879,42.23389199750253,477.5799999998476,5605.196955828814
15880,42.23389199750253,477.59999999984757,5605.271982915643
15881,42.23389199750253,477.61999999984755,5605.347007893943
15882,42.23389199750253,477.63999999984753,5605.422030763584
15883,42.23389199750253,477.6599999998475,5605.49705152444
15884,42.23389199750253,477.6799999998475,5605.572070176382
15885,42.23389199750253,477.6999999998475,5605.647086719282
15886,42.23389199750253,477.71999999984746,5605.722101153012
15887,42.23389199750253,477.73999999984744,5605.797113477443
15888,42.23389199750253,477.7599999998474,5605.872123692448
15889,42.23389199750253,477.7799999998474,5605.947131797899
15890,42.23389199750253,477.7999999998474,5606.022137793667
15891,42.23389199750253,477.81999999984737,5606.097141679625
15892,42.23389199750253,477.83999999984735,5606.172143455643
15893,42.23389199750253,477.85999999984733,5606.2471431215945
15894,42.23389199750253,477.8799999998473,5606.322140677351
15895,42.23389199750253,477.8999999998473,5606.397136122785
15896,42.23389199750253,477.9199999998473,5606.472129457768
15897,42.23389199750253,477.93999999984726,5606.547120682171
15898,42.23389199750253,477.95999999984724,5606.622109795868
15899,42.23389199750253,477.9799999998472,5606.697096798728
15900,42.23389199750253,477.9999999998472,5606.772081690626
15901,42.23389199750253,478.0199999998472,5606.847064471432
15902,42.23389199750253,478.03999999984717,5606.922045141017
15903,42.23389199750253,478.05999999984715,5606.997023699256
15904,42.23389199750253,478.07999999984713,5607.072000146019
15905,42.23389199750253,478.0999999998471,5607.1469744811775
15906,42.23389199750253,478.1199999998471,5607.221946704604
15907,42.23389199750253,478.1399999998471,5607.296916816172
15908,42.23389199750253,478.15999999984706,5607.3718848157505
15909,42.23389199750253,478.17999999984704,5607.446850703213
15910,42.23389199750253,478.199999999847,5607.521814478432
15911,42.23389199750253,478.219999999847,5607.5967761412785
15912,42.23389199750253,478.239999999847,5607.671735691625
15913,42.23389199750253,478.25999999984697,5607.746693129343
15914,42.23389199750253,478.27999999984695,5607.821648455433
15915,42.23389199750253,478.29999999984693,5607.89660168119
15916,42.23389199750253,478.3199999998469,5607.971552807748
15917,42.23389199750253,478.3399999998469,5608.046501834978
15918,42.23389199750253,478.3599999998469,5608.121448762753
15919,42.23389199750253,478.37999999984686,5608.196393590945
15920,42.23389199750253,478.39999999984684,5608.271336319426
15921,42.23389199750253,478.4199999998468,5608.346276948068
15922,42.23389199750253,478.4399999998468,5608.421215476745
15923,42.23389199750253,478.4599999998468,5608.496151905327
15924,42.23389199750253,478.47999999984677,5608.571086233686
15925,42.23389199750253,478.49999999984675,5608.646018461696
15926,42.23389199750253,478.51999999984673,5608.720948589228
15927,42.23389199750253,478.5399999998467,5608.795876616155
15928,42.23389199750253,478.5599999998467,5608.8708025423475
15929,42.23389199750253,478.5799999998467,5608.945726367679
15930,42.23389199750253,478.59999999984666,5609.020648092021
15931,42.23389199750253,478.61999999984664,5609.095567715246
15932,42.23389199750253,478.6399999998466,5609.170485237226
15933,42.23389199750253,478.6599999998466,5609.245400657834
15934,42.23389199750253,478.6799999998466,5609.320313976941
15935,42.23389199750253,478.69999999984657,5609.39522519442
15936,42.23389199750253,478.71999999984655,5609.470134310143
15937,42.23389199750253,478.73999999984653,5609.545041323982
15938,42.23389199750253,478.7599999998465,5609.61994623581
15939,42.16795277322461,478.7799999998465,5609.694849045498
15940,42.16795277322461,478.7999999998465,5609.769749752918
15941,42.16795277322461,478.81999999984646,5609.844648357943
15942,42.16795277322461,478.83999999984644,5609.919544860445
15943,42.16795277322461,478.8599999998464,5609.9944392602965
15944,42.23389199750253,478.8799999998464,5610.069331556899
15945,42.16795277322461,478.8999999998464,5610.144221749534
15946,42.16795277322461,478.91999999984637,5610.219109838062
15947,42.16795277322461,478.93999999984635,5610.293995822352
15948,42.16795277322461,478.95999999984633,5610.368879702278
15949,42.16795277322461,478.9799999998463,5610.443761477709
15950,42.16795277322461,478.9999999998463,5610.518641148518
15951,42.16795277322461,479.0199999998463,5610.593518714578
15952,42.16795277322461,479.03999999984626,5610.668394175758
15953,42.16795277322461,479.05999999984624,5610.743267531932
15954,42.16795277322461,479.0799999998462,5610.818138782971
15955,42.16795277322461,479.0999999998462,5610.893007928747
15956,42.16795277322461,479.1199999998462,5610.96787496913
15957,42.16795277322461,479.13999999984617,5611.042739903994
15958,42.16795277322461,479.15999999984615,5611.1176027332085
15959,42.16795277322461,479.17999999984613,5611.192463456647
15960,42.16795277322461,479.1999999998461,5611.26732207418
15961,42.16795277322461,479.2199999998461,5611.34217858568
15962,42.16795277322461,479.2399999998461,5611.4170329910185
15963,42.16795277322461,479.25999999984606,5611.491885290067
15964,42.16795277322461,479.27999999984604,5611.566735482698
15965,42.16795277322461,479.299999999846,5611.6415835705375
15966,42.16795277322461,479.319999999846,5611.716429563817
15967,42.16795277322461,479.339999999846,5611.791273463364
15968,42.16795277322461,479.35999999984597,5611.866115269051
15969,42.16795277322461,479.37999999984595,5611.9409549807515
15970,42.16795277322461,479.39999999984593,5612.015792598337
15971,42.16795277322461,479.4199999998459,5612.0906281216785
15972,42.16795277322461,479.4399999998459,5612.16546155065
15973,42.16795277322461,479.4599999998459,5612.240292885123
15974,42.16795277322461,479.47999999984586,5612.315122124971
15975,42.16795277322461,479.49999999984584,5612.389949270065
15976,42.16795277322461,479.5199999998458,5612.464774320278
15977,42.16795277322461,479.5399999998458,5612.539597275481
15978,42.16795277322461,479.5599999998458,5612.614418135548
15979,42.16795277322461,479.57999999984577,5612.68923690035
15980,42.16795277322461,479.59999999984575,5612.76405356976
15981,42.16795277322461,479.61999999984573,5612.83886814365
15982,42.16795277322461,479.6399999998457,5612.913680621892
15983,42.16795277322461,479.6599999998457,5612.988491004359
15984,42.16795277322461,479.6799999998457,5613.063299290923
15985,42.16795277322461,479.69999999984566,5613.1381054814565
15986,42.16795277322461,479.71999999984564,5613.212909575832
15987,42.16795277322461,479.7399999998456,5613.287711573921
15988,42.16795277322461,479.7599999998456,5613.362511475597
15989,42.16795277322461,479.7799999998456,5613.437309280731
15990,42.16795277322461,479.79999999984557,5613.512104989196
15991,42.16795277322461,479.81999999984555,5613.5868986008645
15992,42.16795277322461,479.83999999984553,5613.6616901156085
15993,42.16795277322461,479.8599999998455,5613.736479533301
15994,42.16795277322461,479.8799999998455,5613.811266853812
15995,42.16795277322461,479.8999999998455,5613.886052077017
15996,42.16795277322461,479.91999999984546,5613.960835202786
15997,42.16795277322461,479.93999999984544,5614.035616230993
15998,42.16795277322461,479.9599999998454,5614.110395161509
15999,42.16795277322461,479.9799999998454,5614.185171994207
16000,42.16795277322461,479.9999999998454,5614.259946728959
16001,42.16795277322461,480.01999999984537,5614.334719365638
16002,42.16795277322461,480.03999999984535,5614.409489904116
16003,42.16795277322461,480.05999999984533,5614.484258344265
16004,42.16795277322461,480.0799999998453,5614.559024685957
16005,42.16795277322461,480.0999999998453,5614.633788929066
16006,42.16795277322461,480.1199999998453,5614.708551073463
16007,42.16795277322461,480.13999999984526,5614.783311119021
16008,42.16795277322461,480.15999999984524,5614.858069065612
16009,42.16795277322461,480.1799999998452,5614.932824913108
16010,42.16795277322461,480.1999999998452,5615.007578661382
16011,42.16795277322461,480.2199999998452,5615.082330310305
16012,42.16795277322461,480.23999999984517,5615.157079859751
16013,42.16795277322461,480.25999999984515,5615.2318273095925
16014,42.16795277322461,480.27999999984513,5615.3065726597015
16015,42.16795277322461,480.2999999998451,5615.38131590995
16016,42.16795277322461,480.3199999998451,5615.456057062788
16017,42.16795277322461,480.3399999998451,5615.530796128032
16018,42.16795277322461,480.35999999984506,5615.605533106374
16019,42.16795277322461,480.37999999984504,5615.680267997686
16020,42.16795277322461,480.399999999845,5615.755000801842
16021,42.16795277322461,480.419999999845,5615.829731518714
16022,42.16795277322461,480.439999999845,5615.904460148175
16023,42.16795277322461,480.45999999984497,5615.979186690098
16024,42.16795277322461,480.47999999984495,5616.053911144356
16025,42.16795277322461,480.49999999984493,5616.128633510822
16026,42.16795277322461,480.5199999998449,5616.2033537893685
16027,42.16795277322461,480.5399999998449,5616.278071979869
16028,42.16795277322461,480.5599999998449,5616.352788082197
16029,42.16795277322461,480.57999999984486,5616.427502096223
16030,42.16795277322461,480.59999999984484,5616.5022140218225
16031,42.16795277322461,480.6199999998448,5616.576923858867
16032,42.16795277322461,480.6399999998448,5616.65163160723
16033,42.16795277322461,480.6599999998448,5616.726337266784
16034,42.16795277322461,480.67999999984477,5616.801040837402
16035,42.16795277322461,480.69999999984475,5616.875742318957
16036,42.16795277322461,480.71999999984473,5616.950441711323
16037,42.16795277322461,480.7399999998447,5617.025139014371
16038,42.16795277322461,480.7599999998447,5617.099834227975
16039,42.16795277322461,480.7799999998447,5617.174527352008
16040,42.16795277322461,480.79999999984466,5617.249218386343
16041,42.16795277322461,480.81999999984464,5617.323907330853
16042,42.16795277322461,480.8399999998446,5617.398594185411
16043,42.16795277322461,480.8599999998446,5617.4732789498885
16044,42.16795277322461,480.8799999998446,5617.54796162416
16045,42.16795277322461,480.89999999984457,5617.622642208098
16046,42.16795277322461,480.91999999984455,5617.697320701576
16047,42.16795277322461,480.93999999984453,5617.771997104466
16048,42.16795277322461,480.9599999998445,5617.846671416642
16049,42.16795277322461,480.9799999998445,5617.921343637976
16050,42.16795277322461,480.9999999998445,5617.996013768341
16051,42.16795277322461,481.01999999984446,5618.0706818076105
16052,42.16795277322461,481.03999999984444,5618.145347755658
16053,42.16795277322461,481.0599999998444,5618.220011612355
16054,42.16795277322461,481.0799999998444,5618.294673377575
16055,42.16795277322461,481.0999999998444,5618.369333051192
16056,42.16795277322461,481.11999999984437,5618.443990633078
16057,42.16795277322461,481.13999999984435,5618.518646123106
16058,42.16795277322461,481.15999999984433,5618.59329952115
16059,42.16795277322461,481.1799999998443,5618.667950827081
16060,42.16795277322461,481.1999999998443,5618.742600040773
16061,42.16795277322461,481.2199999998443,5618.8172471621
16062,42.16795277322461,481.23999999984426,5618.8918921909335
16063,42.16795277322461,481.25999999984424,5618.966535127147
16064,42.16795277322461,481.2799999998442,5619.041175970614
16065,42.16795277322461,481.2999999998442,5619.115814721207
16066,42.16795277322461,481.3199999998442,5619.1904513787995
16067,42.16795277322461,481.33999999984417,5619.265085946697
16068,42.16795277322461,481.35999999984415,5619.3397184342775
16069,42.16795277322461,481.37999999984413,5619.4143488420905
16070,42.16795277322461,481.3999999998441,5619.48897717001
16071,42.16795277322461,481.4199999998441,5619.56360341791
16072,42.16795277322461,481.4399999998441,5619.638227585663
16073,42.16795277322461,481.45999999984406,5619.712849673145
16074,42.16795277322461,481.47999999984404,5619.787469680228
16075,42.16795277322461,481.499999999844,5619.862087606788
16076,42.16795277322461,481.519999999844,5619.936703452698
16077,42.16795277322461,481.539999999844,5620.011317217806
16078,42.16795277322461,481.55999999984397,5620.085928901384
16079,42.16795277322461,481.57999999984395,5620.160538502932
16080,42.16795277322461,481.59999999984393,5620.235146022324
16081,42.16795277322461,481.6199999998439,5620.309751459438
16082,42.16795277322461,481.6399999998439,5620.3843548141485
16083,42.16795277322461,481.6599999998439,5620.4589560863305
16084,42.16795277322461,481.67999999984386,5620.53355527586
16085,42.16795277322461,481.69999999984384,5620.608152382612
16086,42.16795277322461,481.7199999998438,5620.682747406464
16087,42.16795277322461,481.7399999998438,5620.757340347291
16088,42.10218495394757,481.7599999998438,5620.831931204967
16089,42.10218495394757,481.77999999984377,5620.9065199793695
16090,42.10218495394757,481.79999999984375,5620.981106670373
16091,42.10218495394757,481.81999999984373,5621.055691277855
16092,42.10218495394757,481.8399999998437,5621.130273801688
16093,42.10218495394757,481.8599999998437,5621.204854241751
16094,42.10218495394757,481.8799999998437,5621.279432597917
16095,42.10218495394757,481.89999999984366,5621.354008870063
16096,42.10218495394757,481.91999999984364,5621.428583058065
16097,42.10218495394757,481.9399999998436,5621.503155161798
16098,42.10218495394757,481.9599999998436,5621.577725181137
16099,42.10218495394757,481.9799999998436,5621.652293115959
16100,42.10218495394757,481.99999999984357,5621.726858966138
16101,42.10218495394757,482.01999999984355,5621.801422731552
16102,42.10218495394757,482.03999999984353,5621.875984412074
16103,42.10218495394757,482.0599999998435,5621.950544007582
16104,42.10218495394757,482.0799999998435,5622.02510151795
16105,42.10218495394757,482.0999999998435,5622.0996569430545
16106,42.10218495394757,482.11999999984346,5622.174210282771
16107,42.10218495394757,482.13999999984344,5622.2487615369755
16108,42.10218495394757,482.1599999998434,5622.323310705543
16109,42.10218495394757,482.1799999998434,5622.39785778835
16110,42.10218495394757,482.1999999998434,5622.472402785272
16111,42.10218495394757,482.21999999984337,5622.546945696184
16112,42.10218495394757,482.23999999984335,5622.621486520962
16113,42.10218495394757,482.25999999984333,5622.696025259483
16114,42.10218495394757,482.2799999998433,5622.7705619116205
16115,42.10218495394757,482.2999999998433,5622.845096477252
16116,42.10218495394757,482.3199999998433,5622.9196289562515
16117,42.10218495394757,482.33999999984326,5622.994159348496
16118,42.10218495394757,482.35999999984324,5623.068687657879
16119,42.10218495394757,482.3799999998432,5623.143213892685
16120,42.10218495394757,482.3999999998432,5623.217738053277
16121,42.10218495394757,482.4199999998432,5623.292260139533
16122,42.10218495394757,482.43999999984317,5623.36678015133
16123,42.10218495394757,482.45999999984315,5623.441298088546
16124,42.10218495394757,482.47999999984313,5623.515813951058
16125,42.10218495394757,482.4999999998431,5623.590327738742
16126,42.10218495394757,482.5199999998431,5623.664839451477
16127,42.10218495394757,482.5399999998431,5623.739349089138
16128,42.10218495394757,482.55999999984306,5623.813856651604
16129,42.10218495394757,482.57999999984304,5623.888362138751
16130,42.10218495394757,482.599999999843,5623.9628655504575
16131,42.10218495394757,482.619999999843,5624.0373668866
16132,42.10218495394757,482.639999999843,5624.111866147055
16133,42.10218495394757,482.65999999984297,5624.1863633317
16134,42.10218495394757,482.67999999984295,5624.260858440412
16135,42.10218495394757,482.69999999984293,5624.33535147307
16136,42.10218495394757,482.7199999998429,5624.409842429549
16137,42.10218495394757,482.7399999998429,5624.484331309727
16138,42.10218495394757,482.7599999998429,5624.558818113482
16139,42.10218495394757,482.77999999984286,5624.63330284069
16140,42.10218495394757,482.79999999984284,5624.707785491229
16141,42.10218495394757,482.8199999998428,5624.782266064975
16142,42.10218495394757,482.8399999998428,5624.856744561806
16143,42.10218495394757,482.8599999998428,5624.9312209816
16144,42.10218495394757,482.87999999984277,5625.005695324233
16145,42.10218495394757,482.89999999984275,5625.080167589583
16146,42.10218495394757,482.91999999984273,5625.154637777527
16147,42.10218495394757,482.9399999998427,5625.229105887942
16148,42.10218495394757,482.9599999998427,5625.3035719207055
16149,42.10218495394757,482.9799999998427,5625.378035875694
16150,42.10218495394757,482.99999999984266,5625.452497752785
16151,42.10218495394757,483.01999999984264,5625.526957551857
16152,42.10218495394757,483.0399999998426,5625.601415272786
16153,42.10218495394757,483.0599999998426,5625.675870915449
16154,42.10218495394757,483.0799999998426,5625.750324479724
16155,42.10218495394757,483.09999999984257,5625.824775965489
16156,42.10218495394757,483.11999999984255,5625.899225372619
16157,42.10218495394757,483.13999999984253,5625.973672700993
16158,42.10218495394757,483.1599999998425,5626.048117950488
16159,42.10218495394757,483.1799999998425,5626.12256112098
16160,42.10218495394757,483.1999999998425,5626.197002212348
16161,42.10218495394757,483.21999999984246,5626.271441224468
16162,42.10218495394757,483.23999999984244,5626.345878157217
16163,42.10218495394757,483.2599999998424,5626.420313010473
16164,42.10218495394757,483.2799999998424,5626.494745784114
16165,42.10218495394757,483.2999999998424,5626.569176478016
16166,42.10218495394757,483.31999999984237,5626.6436050920565
16167,42.10218495394757,483.33999999984235,5626.718031626113
16168,42.10218495394757,483.35999999984233,5626.792456080063
16169,42.10218495394757,483.3799999998423,5626.866878458664
16170,42.10218495394757,483.3999999998423,5626.941298769757
16171,42.10218495394757,483.4199999998423,5627.015717013561
16172,42.10218495394757,483.43999999984226,5627.090133189952
16173,42.10218495394757,483.45999999984224,5627.164547298809
16174,42.10218495394757,483.4799999998422,5627.2389593400085
16175,42.10218495394757,483.4999999998422,5627.313369313427
16176,42.10218495394757,483.5199999998422,5627.387777218942
16177,42.10218495394757,483.53999999984217,5627.46218305643
16178,42.10218495394757,483.55999999984215,5627.5365868257695
16179,42.10218495394757,483.57999999984213,5627.610988526836
16180,42.10218495394757,483.5999999998421,5627.685388159508
16181,42.10218495394757,483.6199999998421,5627.7597857236615
16182,42.10218495394757,483.6399999998421,5627.834181219174
16183,42.10218495394757,483.65999999984206,5627.908574645922
16184,42.10218495394757,483.67999999984204,5627.982966003783
16185,42.10218495394757,483.699999999842,5628.057355292634
16186,42.10218495394757,483.719999999842,5628.131742512353
16187,42.10218495394757,483.739999999842,5628.2061276628165
16188,42.10218495394757,483.75999999984197,5628.280510743901
16189,42.10218495394757,483.77999999984195,5628.354891755484
16190,42.10218495394757,483.79999999984193,5628.429270697442
16191,42.10218495394757,483.8199999998419,5628.503647569653
16192,42.10218495394757,483.8399999998419,5628.578022371995
16193,42.10218495394757,483.8599999998419,5628.652395104343
16194,42.10218495394757,483.87999999984186,5628.726765766575
16195,42.10218495394757,483.89999999984184,5628.801134358569
16196,42.10218495394757,483.9199999998418,5628.8755008802
16197,42.10218495394757,483.9399999998418,5628.949865331347
16198,42.10218495394757,483.9599999998418,5629.024227711886
16199,42.10218495394757,483.97999999984177,5629.098588021695
16200,42.10218495394757,483.99999999984175,5629.172946260651
16201,42.10218495394757,484.01999999984173,5629.247302428631
16202,42.10218495394757,484.0399999998417,5629.321656525512
16203,42.10218495394757,484.0599999998417,5629.396008551171
16204,42.10218495394757,484.0799999998417,5629.470358505485
16205,42.10218495394757,484.09999999984166,5629.544706388331
16206,42.10218495394757,484.11999999984164,5629.619052199587
16207,42.10218495394757,484.1399999998416,5629.69339593913
16208,42.10218495394757,484.1599999998416,5629.767737606837
16209,42.10218495394757,484.1799999998416,5629.842077202585
16210,42.10218495394757,484.19999999984157,5629.91641472625
16211,42.10218495394757,484.21999999984155,5629.990750177711
16212,42.10218495394757,484.23999999984153,5630.0650835564165
16213,42.10218495394757,484.2599999998415,5630.139414861615
16214,42.10218495394757,484.2799999998415,5630.213744093157
16215,42.10218495394757,484.2999999998415,5630.28807125092
16216,42.10218495394757,484.31999999984146,5630.36239633478
16217,42.10218495394757,484.33999999984144,5630.4367193446105
16218,42.10218495394757,484.3599999998414,5630.511040280288
16219,42.10218495394757,484.3799999998414,5630.585359141689
16220,42.10218495394757,484.3999999998414,5630.659675934414
16221,42.10218495394757,484.41999999984137,5630.733990665768
16222,42.10218495394757,484.43999999984135,5630.808303335816
16223,42.10218495394757,484.45999999984133,5630.882613944435
16224,42.10218495394757,484.4799999998413,5630.956922491501
16225,42.10218495394757,484.4999999998413,5631.03122897689
16226,42.10218495394757,484.5199999998413,5631.105533400477
16227,42.10218495394757,484.53999999984126,5631.179835762139
16228,42.10218495394757,484.55999999984124,5631.254136061752
16229,42.10218495394757,484.5799999998412,5631.328434299192
16230,42.10218495394757,484.5999999998412,5631.402730474335
16231,42.036587916539766,484.6199999998412,5631.477024587057
16232,42.036587916539766,484.63999999984117,5631.551316637234
16233,42.036587916539766,484.65999999984115,5631.625606624742
16234,42.036587916539766,484.67999999984113,5631.699894549458
16235,42.036587916539766,484.6999999998411,5631.774180411257
16236,42.036587916539766,484.7199999998411,5631.848464210015
16237,42.036587916539766,484.7399999998411,5631.922745945609
16238,42.036587916539766,484.75999999984106,5631.997025617914
16239,42.036587916539766,484.77999999984104,5632.071303226808
16240,42.036587916539766,484.799999999841,5632.145578772165
16241,42.036587916539766,484.819999999841,5632.219852253862
16242,42.036587916539766,484.839999999841,5632.294123671775
16243,42.036587916539766,484.85999999984097,5632.36839302578
16244,42.036587916539766,484.87999999984095,5632.4426603157535
16245,42.036587916539766,484.89999999984093,5632.516925541571
16246,42.036587916539766,484.9199999998409,5632.591188703109
16247,42.036587916539766,484.9399999998409,5632.665449800244
16248,42.036587916539766,484.9599999998409,5632.739708832851
16249,42.036587916539766,484.97999999984086,5632.813965800807
16250,42.036587916539766,484.99999999984084,5632.888220703987
16251,42.036587916539766,485.0199999998408,5632.9624735422685
16252,42.036587916539766,485.0399999998408,5633.036724315527
16253,42.036587916539766,485.0599999998408,5633.1109730236385
16254,42.036587916539766,485.07999999984077,5633.1852196664795
16255,42.036587916539766,485.09999999984075,5633.259464243925
16256,42.036587916539766,485.11999999984073,5633.333706755853
16257,42.036587916539766,485.1399999998407,5633.4079472021385
16258,42.036587916539766,485.1599999998407,5633.482185582658
16259,42.036587916539766,485.1799999998407,5633.556421897286
16260,42.036587916539766,485.19999999984066,5633.6306561459005
16261,42.036587916539766,485.21999999984064,5633.704888328377
16262,42.036587916539766,485.2399999998406,5633.779118444592
16263,42.036587916539766,485.2599999998406,5633.853346494421
16264,42.036587916539766,485.2799999998406,5633.927572477741
16265,42.036587916539766,485.29999999984057,5634.001796394427
16266,42.036587916539766,485.31999999984055,5634.076018244356
16267,42.036587916539766,485.33999999984053,5634.150238027405
16268,42.036587916539766,485.3599999998405,5634.224455743449
16269,42.036587916539766,485.3799999998405,5634.298671392364
16270,42.036587916539766,485.3999999998405,5634.3728849740255
16271,42.036587916539766,485.41999999984046,5634.447096494487
16272,42.036587916539766,485.43999999984044,5634.521305960071
16273,42.036587916539766,485.4599999998404,5634.595513370685
16274,42.036587916539766,485.4799999998404,5634.669718726205
16275,42.036587916539766,485.4999999998404,5634.743922026509
16276,42.036587916539766,485.51999999984037,5634.818123271471
16277,42.036587916539766,485.53999999984035,5634.892322460971
16278,42.036587916539766,485.55999999984033,5634.966519594882
16279,42.036587916539766,485.5799999998403,5635.040714673082
16280,42.036587916539766,485.5999999998403,5635.114907695449
16281,42.036587916539766,485.6199999998403,5635.189098661858
16282,42.036587916539766,485.63999999984026,5635.2632875721865
16283,42.036587916539766,485.65999999984024,5635.33747442631
16284,42.036587916539766,485.6799999998402,5635.411659224106
16285,42.036587916539766,485.6999999998402,5635.48584196545
16286,42.036587916539766,485.7199999998402,5635.56002265022
16287,42.036587916539766,485.73999999984017,5635.634201278292
16288,42.036587916539766,485.75999999984015,5635.708377849542
16289,42.036587916539766,485.77999999984013,5635.782552363847
16290,42.036587916539766,485.7999999998401,5635.856724821084
16291,42.036587916539766,485.8199999998401,5635.9308952211295
16292,42.036587916539766,485.8399999998401,5636.00506356386
16293,42.036587916539766,485.85999999984006,5636.079229849152
16294,42.036587916539766,485.87999999984004,5636.153394076883
16295,42.036587916539766,485.89999999984,5636.2275562469285
16296,42.036587916539766,485.91999999984,5636.301716359165
16297,42.036587916539766,485.93999999984,5636.375874413469
16298,42.036587916539766,485.95999999983997,5636.450030409718
16299,42.036587916539766,485.97999999983995,5636.524184347789
16300,42.036587916539766,485.99999999983993,5636.598336227557
16301,42.036587916539766,486.0199999998399,5636.6724860489
16302,42.036587916539766,486.0399999998399,5636.746633811695
16303,42.036587916539766,486.0599999998399,5636.820779515817
16304,42.036587916539766,486.07999999983986,5636.894923161143
16305,42.036587916539766,486.09999999983984,5636.969064747551
16306,42.036587916539766,486.1199999998398,5637.043204274916
16307,42.036587916539766,486.1399999998398,5637.1173417431155
16308,42.036587916539766,486.1599999998398,5637.191477152026
16309,42.036587916539766,486.17999999983977,5637.265610501524
16310,42.036587916539766,486.19999999983975,5637.339741791487
16311,42.036587916539766,486.21999999983973,5637.41387102179
16312,42.036587916539766,486.2399999998397,5637.487998192311
16313,42.036587916539766,486.2599999998397,5637.562123302927
16314,42.036587916539766,486.2799999998397,5637.636246353513
16315,42.036587916539766,486.29999999983966,5637.710367343947
16316,42.036587916539766,486.31999999983964,5637.784486274105
16317,42.036587916539766,486.3399999998396,5637.858603143864
16318,42.036587916539766,486.3599999998396,5637.9327179531
16319,42.036587916539766,486.3799999998396,5638.006830701691
16320,42.036587916539766,486.39999999983957,5638.080941389512
16321,42.036587916539766,486.41999999983955,5638.155050016565
16322,42.036587916539766,486.43999999983953,5638.229156589765
16323,42.036587916539766,486.4599999998395,5638.303261114919
16324,42.036587916539766,486.4799999998395,5638.377363591903
16325,42.036587916539766,486.4999999998395,5638.4514640205925
16326,42.036587916539766,486.51999999983946,5638.525562400862
16327,42.036587916539766,486.53999999983944,5638.599658732588
16328,42.036587916539766,486.5599999998394,5638.673753015645
16329,42.036587916539766,486.5799999998394,5638.747845249909
16330,42.036587916539766,486.5999999998394,5638.821935435255
16331,42.036587916539766,486.61999999983937,5638.8960235715585
16332,42.036587916539766,486.63999999983935,5638.970109658694
16333,42.036587916539766,486.65999999983933,5639.044193696538
16334,42.036587916539766,486.6799999998393,5639.118275684966
16335,42.036587916539766,486.6999999998393,5639.192355623853
16336,42.036587916539766,486.7199999998393,5639.266433513073
16337,42.036587916539766,486.73999999983926,5639.340509352503
16338,42.036587916539766,486.75999999983924,5639.414583142019
16339,42.036587916539766,486.7799999998392,5639.488654881495
16340,42.036587916539766,486.7999999998392,5639.5627245708065
16341,42.036587916539766,486.8199999998392,5639.636792209829
16342,42.036587916539766,486.83999999983916,5639.710857798438
16343,42.036587916539766,486.85999999983915,5639.78492133651
16344,42.036587916539766,486.87999999983913,5639.858982823918
16345,42.036587916539766,486.8999999998391,5639.93304226054
16346,42.036587916539766,486.9199999998391,5640.007099646232
16347,42.036587916539766,486.9399999998391,5640.081154980257
16348,42.036587916539766,486.95999999983906,5640.155208262038
16349,42.036587916539766,486.97999999983904,5640.229259491452
16350,42.036587916539766,486.999999999839,5640.3033086683745
16351,42.036587916539766,487.019999999839,5640.377355792686
16352,42.036587916539766,487.039999999839,5640.451400864264
16353,42.036587916539766,487.05999999983896,5640.525443882984
16354,42.036587916539766,487.07999999983895,5640.599484848727
16355,42.036587916539766,487.09999999983893,5640.673523761369
16356,42.036587916539766,487.1199999998389,5640.747560620788
16357,42.036587916539766,487.1399999998389,5640.821595426863
16358,42.036587916539766,487.1599999998389,5640.89562817947
16359,42.036587916539766,487.17999999983886,5640.969658878487
16360,42.036587916539766,487.19999999983884,5641.043687523794
16361,42.036587916539766,487.2199999998388,5641.117714115267
16362,42.036587916539766,487.2399999998388,5641.191738652784
16363,42.036587916539766,487.2599999998388,5641.265761136223
16364,42.036587916539766,487.27999999983876,5641.339781565462
16365,42.036587916539766,487.29999999983875,5641.413799940378
16366,42.036587916539766,487.3199999998387,5641.487816260851
16367,42.036587916539766,487.3399999998387,5641.561830526757
16368,42.036587916539766,487.3599999998387,5641.635842737975
16369,42.036587916539766,487.3799999998387,5641.709852894382
16370,42.036587916539766,487.39999999983866,5641.783860995855
16371,42.036587916539766,487.41999999983864,5641.857867042274
16372,42.036587916539766,487.4399999998386,5641.931871033794
16373,42.036587916539766,487.4599999998386,5642.005872977963
16374,42.036587916539766,487.4799999998386,5642.079872879828
16375,41.97116104077907,487.49999999983856,5642.15387073927
16376,41.97116104077907,487.51999999983855,5642.22786655617
16377,41.97116104077907,487.5399999998385,5642.301860330407
16378,41.97116104077907,487.5599999998385,5642.375852061863
16379,41.97116104077907,487.5799999998385,5642.449841750417
16380,41.97116104077907,487.5999999998385,5642.523829395951
16381,41.97116104077907,487.61999999983846,5642.597814998345
16382,41.97116104077907,487.63999999983844,5642.67179855748
16383,41.97116104077907,487.6599999998384,5642.7457800732345
16384,41.97116104077907,487.6799999998384,5642.819759545491
16385,41.97116104077907,487.6999999998384,5642.89373697413
16386,41.97116104077907,487.71999999983836,5642.967712359031
16387,41.97116104077907,487.73999999983835,5643.0416857000755
16388,41.97116104077907,487.7599999998383,5643.115656997144
16389,41.97116104077907,487.7799999998383,5643.189626250116
16390,41.97116104077907,487.7999999998383,5643.2635934588725
16391,41.97116104077907,487.8199999998383,5643.337558623294
16392,41.97116104077907,487.83999999983826,5643.411521743262
16393,41.97116104077907,487.85999999983824,5643.485482818655
16394,41.97116104077907,487.8799999998382,5643.5594418493565
16395,41.97116104077907,487.8999999998382,5643.633398835244
16396,41.97116104077907,487.9199999998382,5643.707353776201
16397,41.97116104077907,487.93999999983816,5643.7813066721055
16398,41.97116104077907,487.95999999983815,5643.855257522839
16399,41.97116104077907,487.9799999998381,5643.929206328282
16400,41.97116104077907,487.9999999998381,5644.003153088315
16401,41.97116104077907,488.0199999998381,5644.0770978028195
16402,41.97116104077907,488.0399999998381,5644.151040471675
16403,41.97116104077907,488.05999999983806,5644.2249810947615
16404,41.97116104077907,488.07999999983804,5644.298919671961
16405,41.97116104077907,488.099999999838,5644.372856203153
16406,41.97116104077907,488.119999999838,5644.446790688218
16407,41.97116104077907,488.139999999838,5644.520723127038
16408,41.97116104077907,488.15999999983796,5644.594653519493
16409,41.97116104077907,488.17999999983795,5644.668581865462
16410,41.97116104077907,488.1999999998379,5644.742508164828
16411,41.97116104077907,488.2199999998379,5644.8164324174695
16412,41.97116104077907,488.2399999998379,5644.890354623268
16413,41.97116104077907,488.2599999998379,5644.9642747821035
16414,41.97116104077907,488.27999999983786,5645.038192893858
16415,41.97116104077907,488.29999999983784,5645.11210895841
16416,41.97116104077907,488.3199999998378,5645.186022975642
16417,41.97116104077907,488.3399999998378,5645.259934945434
16418,41.97116104077907,488.3599999998378,5645.333844867667
16419,41.97116104077907,488.37999999983776,5645.4077527422205
16420,41.97116104077907,488.39999999983775,5645.481658568976
16421,41.97116104077907,488.4199999998377,5645.555562347813
16422,41.97116104077907,488.4399999998377,5645.629464078614
16423,41.97116104077907,488.4599999998377,5645.703363761672
16424,41.97116104077907,488.4799999998377,5645.777261404822
16425,41.97116104077907,488.49999999983766,5645.851157012156
16426,41.97116104077907,488.51999999983764,5645.925050583556
16427,41.97116104077907,488.5399999998376,5645.998942118901
16428,41.97116104077907,488.5599999998376,5646.072831618071
16429,41.97116104077907,488.5799999998376,5646.146719080946
16430,41.97116104077907,488.59999999983756,5646.220604507406
16431,41.97116104077907,488.61999999983755,5646.294487897331
16432,41.97116104077907,488.6399999998375,5646.368369250601
16433,41.97116104077907,488.6599999998375,5646.442248567096
16434,41.97116104077907,488.6799999998375,5646.516125846694
16435,41.97116104077907,488.6999999998375,5646.590001089277
16436,41.97116104077907,488.71999999983746,5646.663874294725
16437,41.97116104077907,488.73999999983744,5646.737745462918
16438,41.97116104077907,488.7599999998374,5646.811614593734
16439,41.97116104077907,488.7799999998374,5646.885481687054
16440,41.97116104077907,488.7999999998374,5646.959346742759
16441,41.97116104077907,488.81999999983736,5647.033209760728
16442,41.97116104077907,488.83999999983735,5647.107070740841
16443,41.97116104077907,488.8599999998373,5647.180929682978
16444,41.97116104077907,488.8799999998373,5647.254786587018
16445,41.97116104077907,488.8999999998373,5647.328641452843
16446,41.97116104077907,488.9199999998373,5647.402494280331
16447,41.97116104077907,488.93999999983726,5647.476345069363
16448,41.97116104077907,488.95999999983724,5647.550193819819
16449,41.97116104077907,488.9799999998372,5647.6240405315775
16450,41.97116104077907,488.9999999998372,5647.69788520452
16451,41.97116104077907,489.0199999998372,5647.771727838527
16452,41.97116104077907,489.03999999983716,5647.845568433477
16453,41.97116104077907,489.05999999983715,5647.91940698925
16454,41.97116104077907,489.0799999998371,5647.993243505727
16455,41.97116104077907,489.0999999998371,5648.067077982787
16456,41.97116104077907,489.1199999998371,5648.14091042031
16457,41.97116104077907,489.1399999998371,5648.214740818177
16458,41.97116104077907,489.15999999983705,5648.288569176267
16459,41.97116104077907,489.17999999983704,5648.36239549446
16460,41.97116104077907,489.199999999837,5648.436219772636
16461,41.97116104077907,489.219999999837,5648.5100420106755
16462,41.97116104077907,489.239999999837,5648.583862208458
16463,41.97116104077907,489.25999999983696,5648.6576803658645
16464,41.97116104077907,489.27999999983695,5648.731496482774
16465,41.97116104077907,489.2999999998369,5648.805310559066
16466,41.97116104077907,489.3199999998369,5648.879122594622
16467,41.97116104077907,489.3399999998369,5648.95293258932
16468,41.97116104077907,489.3599999998369,5649.026740543041
16469,41.97116104077907,489.37999999983685,5649.100546455666
16470,41.97116104077907,489.39999999983684,5649.174350327073
16471,41.97116104077907,489.4199999998368,5649.248152157143
16472,41.97116104077907,489.4399999998368,5649.321951945756
16473,41.97116104077907,489.4599999998368,5649.395749692792
16474,41.97116104077907,489.47999999983676,5649.469545398718
16475,41.97116104077907,489.49999999983675,5649.543339072308
16476,41.97116104077907,489.5199999998367,5649.617130717059
16477,41.97116104077907,489.5399999998367,5649.69092033285
16478,41.97116104077907,489.5599999998367,5649.764707919561
16479,41.97116104077907,489.5799999998367,5649.838493477075
16480,41.97116104077907,489.59999999983665,5649.91227700527
16481,41.97116104077907,489.61999999983664,5649.986058504027
16482,41.97116104077907,489.6399999998366,5650.059837972872
16483,41.97116104077907,489.6599999998366,5650.133615411035
16484,41.97116104077907,489.6799999998366,5650.207390818362
16485,41.97116104077907,489.69999999983656,5650.28116419473
16486,41.97116104077907,489.71999999983655,5650.354935540017
16487,41.97116104077907,489.7399999998365,5650.428704854101
16488,41.97116104077907,489.7599999998365,5650.502472136858
16489,41.97116104077907,489.7799999998365,5650.576237388167
16490,41.97116104077907,489.7999999998365,5650.650000607905
16491,41.97116104077907,489.81999999983645,5650.723761795949
16492,41.97116104077907,489.83999999983644,5650.797520952177
16493,41.97116104077907,489.8599999998364,5650.871278076467
16494,41.97116104077907,489.8799999998364,5650.945033168697
16495,41.97116104077907,489.8999999998364,5651.018786228743
16496,41.97116104077907,489.91999999983636,5651.092537256484
16497,41.97116104077907,489.93999999983635,5651.166286251798
16498,41.97116104077907,489.9599999998363,5651.240033214561
16499,41.97116104077907,489.9799999998363,5651.313778144651
16500,41.97116104077907,489.9999999998363,5651.3875210419465
16501,41.97116104077907,490.0199999998363,5651.461261906325
16502,41.97116104077907,490.03999999983625,5651.535000737663
16503,41.97116104077907,490.05999999983624,5651.608737535838
16504,41.97116104077907,490.0799999998362,5651.682472300729
16505,41.97116104077907,490.0999999998362,5651.756205032213
16506,41.97116104077907,490.1199999998362,5651.829935730168
16507,41.97116104077907,490.13999999983616,5651.90366439447
16508,41.97116104077907,490.15999999983615,5651.977391024999
16509,41.97116104077907,490.1799999998361,5652.051115621631
16510,41.97116104077907,490.1999999998361,5652.124838184244
16511,41.97116104077907,490.2199999998361,5652.1985587127165
16512,41.97116104077907,490.2399999998361,5652.272277206925
16513,41.97116104077907,490.25999999983605,5652.345993666747
16514,41.97116104077907,490.27999999983604,5652.41970809206
16515,41.97116104077907,490.299999999836,5652.493420482743
16516,41.97116104077907,490.319999999836,5652.567130838674
16517,41.97116104077907,490.339999999836,5652.640839159728
16518,41.97116104077907,490.35999999983596,5652.714545445784
16519,41.90590370933642,490.37999999983595,5652.78824969672
16520,41.90590370933642,490.3999999998359,5652.861951912414
16521,41.90590370933642,490.4199999998359,5652.935652092743
16522,41.90590370933642,490.4399999998359,5653.009350237585
16523,41.90590370933642,490.4599999998359,5653.083046346816
16524,41.90590370933642,490.47999999983585,5653.156740420316
16525,41.90590370933642,490.49999999983584,5653.23043245867
16526,41.90590370933642,490.5199999998358,5653.304122470853
16527,41.90590370933642,490.5399999998358,5653.377810459464
16528,41.90590370933642,490.5599999998358,5653.451496424385
16529,41.90590370933642,490.57999999983576,5653.525180365498
16530,41.90590370933642,490.59999999983575,5653.598862282685
16531,41.90590370933642,490.6199999998357,5653.672542175829
16532,41.90590370933642,490.6399999998357,5653.746220044812
16533,41.90590370933642,490.6599999998357,5653.819895889515
16534,41.90590370933642,490.6799999998357,5653.8935697098195
16535,41.90590370933642,490.69999999983565,5653.967241505609
16536,41.90590370933642,490.71999999983564,5654.040911276766
16537,41.90590370933642,490.7399999998356,5654.11457902317
16538,41.90590370933642,490.7599999998356,5654.188244744706
16539,41.90590370933642,490.7799999998356,5654.2619084412545
16540,41.90590370933642,490.79999999983556,5654.3355701126975
16541,41.90590370933642,490.81999999983555,5654.409229758918
16542,41.90590370933642,490.8399999998355,5654.482887379797
16543,41.90590370933642,490.8599999998355,5654.556542975217
16544,41.90590370933642,490.8799999998355,5654.63019654506
16545,41.90590370933642,490.8999999998355,5654.703848089209
16546,41.90590370933642,490.91999999983545,5654.777497607544
16547,41.90590370933642,490.93999999983544,5654.8511450999495
16548,41.90590370933642,490.9599999998354,5654.924790566306
16549,41.90590370933642,490.9799999998354,5654.998434006497
16550,41.90590370933642,490.9999999998354,5655.072075420403
16551,41.90590370933642,491.01999999983536,5655.145714807907
16552,41.90590370933642,491.03999999983535,5655.2193521688905
16553,41.90590370933642,491.0599999998353,5655.292987503236
16554,41.90590370933642,491.0799999998353,5655.366620810825
16555,41.90590370933642,491.0999999998353,5655.440252091541
16556,41.90590370933642,491.1199999998353,5655.513881345265
16557,41.90590370933642,491.13999999983525,5655.587508571879
16558,41.90590370933642,491.15999999983524,5655.661133771266
16559,41.90590370933642,491.1799999998352,5655.734756943307
16560,41.90590370933642,491.1999999998352,5655.808378087884
16561,41.90590370933642,491.2199999998352,5655.8819972048805
16562,41.90590370933642,491.23999999983516,5655.955614294177
16563,41.90590370933642,491.25999999983514,5656.029229355658
16564,41.90590370933642,491.2799999998351,5656.102842389203
16565,41.90590370933642,491.2999999998351,5656.176453394695
16566,41.90590370933642,491.3199999998351,5656.250062372017
16567,41.90590370933642,491.3399999998351,5656.32366932105
16568,41.90590370933642,491.35999999983505,5656.397274241677
16569,41.90590370933642,491.37999999983504,5656.47087713378
16570,41.90590370933642,491.399999999835,5656.54447799724
16571,41.90590370933642,491.419999999835,5656.618076831941
16572,41.90590370933642,491.439999999835,5656.691673637763
16573,41.90590370933642,491.45999999983496,5656.76526841459
16574,41.90590370933642,491.47999999983494,5656.838861162302
16575,41.90590370933642,491.4999999998349,5656.912451880784
16576,41.90590370933642,491.5199999998349,5656.9860405707705
16577,41.90590370933642,491.5399999998349,5657.059627241818
16578,41.90590370933642,491.5599999998349,5657.1332118957835
16579,41.90590370933642,491.57999999983485,5657.206794532548
16580,41.90590370933642,491.59999999983484,5657.280375151991
16581,41.90590370933642,491.6199999998348,5657.353953753995
16582,41.90590370933642,491.6399999998348,5657.4275303384375
16583,41.90590370933642,491.6599999998348,5657.501104905201
16584,41.90590370933642,491.67999999983476,5657.574677454166
16585,41.90590370933642,491.69999999983474,5657.648247985213
16586,41.90590370933642,491.7199999998347,5657.721816498222
16587,41.90590370933642,491.7399999998347,5657.795382993074
16588,41.90590370933642,491.7599999998347,5657.868947469649
16589,41.90590370933642,491.7799999998347,5657.942509927829
16590,41.90590370933642,491.79999999983465,5658.016070367493
16591,41.90590370933642,491.81999999983464,5658.089628788522
16592,41.90590370933642,491.8399999998346,5658.163185190796
16593,41.90590370933642,491.8599999998346,5658.236739574197
16594,41.90590370933642,491.8799999998346,5658.310291938604
16595,41.90590370933642,491.89999999983456,5658.383842283899
16596,41.90590370933642,491.91999999983454,5658.457390609961
16597,41.90590370933642,491.9399999998345,5658.5309369166725
16598,41.90590370933642,491.9599999998345,5658.604481203913
16599,41.90590370933642,491.9799999998345,5658.6780234715625
16600,41.90590370933642,491.9999999998345,5658.751563719502
16601,41.90590370933642,492.01999999983445,5658.825101947612
16602,41.90590370933642,492.03999999983444,5658.898638155773
16603,41.90590370933642,492.0599999998344,5658.972172343867
16604,41.90590370933642,492.0799999998344,5659.045704511773
16605,41.90590370933642,492.0999999998344,5659.119234659372
16606,41.90590370933642,492.11999999983436,5659.192762786544
16607,41.90590370933642,492.13999999983434,5659.266288893171
16608,41.90590370933642,492.1599999998343,5659.339812979132
16609,41.90590370933642,492.1799999998343,5659.413335044309
16610,41.90590370933642,492.1999999998343,5659.486855088581
16611,41.90590370933642,492.2199999998343,5659.560373111831
16612,41.90590370933642,492.23999999983425,5659.633889113938
16613,41.90590370933642,492.25999999983424,5659.7074030947815
16614,41.90590370933642,492.2799999998342,5659.780915054243
16615,41.90590370933642,492.2999999998342,5659.854424992204
16616,41.90590370933642,492.3199999998342,5659.927932908545
16617,41.90590370933642,492.33999999983416,5660.001438803142
16618,41.90590370933642,492.35999999983414,5660.074942675303
16619,41.90590370933642,492.3799999998341,5660.148444524366
16620,41.90590370933642,492.3999999998341,5660.2219443502145
16621,41.90590370933642,492.4199999998341,5660.29544215273
16622,41.90590370933642,492.4399999998341,5660.368937931796
16623,41.90590370933642,492.45999999983405,5660.442431687292
16624,41.90590370933642,492.47999999983404,5660.515923419102
16625,41.90590370933642,492.499999999834,5660.589413127108
16626,41.90590370933642,492.519999999834,5660.662900811191
16627,41.90590370933642,492.539999999834,5660.736386472269
16628,41.90590370933642,492.55999999983396,5660.809870120826
16629,41.90590370933642,492.57999999983394,5660.883351758026
16630,41.90590370933642,492.5999999998339,5660.956831383751
16631,41.90590370933642,492.6199999998339,5661.030308997883
16632,41.90590370933642,492.6399999998339,5661.103784600306
16633,41.90590370933642,492.6599999998339,5661.177258190903
16634,41.90590370933642,492.67999999983385,5661.250729769556
16635,41.90590370933642,492.69999999983384,5661.324199336147
16636,41.90590370933642,492.7199999998338,5661.39766689056
16637,41.90590370933642,492.7399999998338,5661.471132432677
16638,41.90590370933642,492.7599999998338,5661.544595962381
16639,41.90590370933642,492.77999999983376,5661.618057479555
16640,41.90590370933642,492.79999999983374,5661.691516984082
16641,41.90590370933642,492.8199999998337,5661.764974475844
16642,41.90590370933642,492.8399999998337,5661.838429954723
16643,41.90590370933642,492.8599999998337,5661.911883420604
16644,41.90590370933642,492.8799999998337,5661.985334873368
16645,41.90590370933642,492.89999999983365,5662.058784312898
16646,41.90590370933642,492.91999999983364,5662.132231739078
16647,41.90590370933642,492.9399999998336,5662.205677151789
16648,41.90590370933642,492.9599999998336,5662.279120550915
16649,41.90590370933642,492.9799999998336,5662.352561936338
16650,41.90590370933642,492.99999999983356,5662.426001307941
16651,41.90590370933642,493.01999999983354,5662.499438665607
16652,41.90590370933642,493.0399999998335,5662.572874009219
16653,41.90590370933642,493.0599999998335,5662.646307338659
16654,41.90590370933642,493.0799999998335,5662.719738653811
16655,41.90590370933642,493.09999999983347,5662.793167954556
16656,41.90590370933642,493.11999999983345,5662.866595240779
16657,41.90590370933642,493.13999999983344,5662.940020512361
16658,41.90590370933642,493.1599999998334,5663.013443769186
16659,41.90590370933642,493.1799999998334,5663.086865011135
16660,41.90590370933642,493.1999999998334,5663.160284238093
16661,41.90590370933642,493.21999999983336,5663.233701449941
16662,41.90590370933642,493.23999999983334,5663.3071166465625
16663,41.90590370933642,493.2599999998333,5663.38052982784
16664,41.840815307759186,493.2799999998333,5663.453940993657
16665,41.840815307759186,493.2999999998333,5663.527350143896
16666,41.840815307759186,493.31999999983327,5663.600757278439
16667,41.840815307759186,493.33999999983325,5663.67416239717
16668,41.840815307759186,493.35999999983324,5663.747565499972
16669,41.840815307759186,493.3799999998332,5663.820966586726
16670,41.840815307759186,493.3999999998332,5663.8943656573165
16671,41.840815307759186,493.4199999998332,5663.967762711625
16672,41.840815307759186,493.43999999983316,5664.041157749536
16673,41.840815307759186,493.45999999983314,5664.114550770932
16674,41.840815307759186,493.4799999998331,5664.187941775694
16675,41.840815307759186,493.4999999998331,5664.261330763706
16676,41.840815307759186,493.5199999998331,5664.3347177348505
16677,41.840815307759186,493.53999999983307,5664.408102689012
16678,41.840815307759186,493.55999999983305,5664.48148562762
16679,41.840815307759186,493.57999999983303,5664.554866560337
16680,41.840815307759186,493.599999999833,5664.628245487964
16681,41.840815307759186,493.619999999833,5664.701622410382
16682,41.840815307759186,493.639999999833,5664.774997327476
16683,41.840815307759186,493.65999999983296,5664.8483702391295
16684,41.840815307759186,493.67999999983294,5664.921741145226
16685,41.840815307759186,493.6999999998329,5664.99511004565
16686,41.840815307759186,493.7199999998329,5665.068476940285
16687,41.840815307759186,493.7399999998329,5665.141841829015
16688,41.840815307759186,493.75999999983287,5665.215204711723
16689,41.840815307759186,493.77999999983285,5665.288565588295
16690,41.840815307759186,493.79999999983283,5665.361924458612
16691,41.840815307759186,493.8199999998328,5665.435281322559
16692,41.840815307759186,493.8399999998328,5665.5086361800195
16693,41.840815307759186,493.8599999998328,5665.5819890308785
16694,41.840815307759186,493.87999999983276,5665.655339875019
16695,41.840815307759186,493.89999999983274,5665.7286887123255
16696,41.840815307759186,493.9199999998327,5665.802035542681
16697,41.840815307759186,493.9399999998327,5665.875380365969
16698,41.840815307759186,493.9599999998327,5665.948723182074
16699,41.840815307759186,493.97999999983267,5666.02206399088
16700,41.840815307759186,493.99999999983265,5666.095402792271
16701,41.840815307759186,494.01999999983263,5666.16873958613
16702,41.840815307759186,494.0399999998326,5666.242074372341
16703,41.840815307759186,494.0599999998326,5666.315407150789
16704,41.840815307759186,494.0799999998326,5666.388737921356
16705,41.840815307759186,494.09999999983256,5666.462066683926
16706,41.840815307759186,494.11999999983254,5666.535393438385
16707,41.840815307759186,494.1399999998325,5666.608718184615
16708,41.840815307759186,494.1599999998325,5666.682040922501
16709,41.840815307759186,494.1799999998325,5666.755361651926
16710,41.840815307759186,494.19999999983247,5666.828680372774
16711,41.840815307759186,494.21999999983245,5666.9019970849295
16712,41.840815307759186,494.23999999983243,5666.975311788276
16713,41.840815307759186,494.2599999998324,5667.048624482696
16714,41.840815307759186,494.2799999998324,5667.121935168075
16715,41.840815307759186,494.2999999998324,5667.195243844296
16716,41.840815307759186,494.31999999983236,5667.268550511243
16717,41.840815307759186,494.33999999983234,5667.341855168801
16718,41.840815307759186,494.3599999998323,5667.415157816853
16719,41.840815307759186,494.3799999998323,5667.488458455283
16720,41.840815307759186,494.3999999998323,5667.561757083974
16721,41.840815307759186,494.41999999983227,5667.635053702811
16722,41.840815307759186,494.43999999983225,5667.708348311678
16723,41.840815307759186,494.45999999983223,5667.781640910458
16724,41.840815307759186,494.4799999998322,5667.854931499036
16725,41.840815307759186,494.4999999998322,5667.928220077295
16726,41.840815307759186,494.5199999998322,5668.001506645119
16727,41.840815307759186,494.53999999983216,5668.074791202392
16728,41.840815307759186,494.55999999983214,5668.148073748997
16729,41.840815307759186,494.5799999998321,5668.221354287131
16730,41.840815307759186,494.5999999998321,5668.294632826045
16731,41.840815307759186,494.6199999998321,5668.367909366407
16732,41.840815307759186,494.63999999983207,5668.4411839081
16733,41.840815307759186,494.65999999983205,5668.51445645101
16734,41.840815307759186,494.67999999983203,5668.587726995021
16735,41.840815307759186,494.699999999832,5668.660995540016
16736,41.840815307759186,494.719999999832,5668.734262085881
16737,41.840815307759186,494.739999999832,5668.807526632499
16738,41.840815307759186,494.75999999983196,5668.880789179753
16739,41.840815307759186,494.77999999983194,5668.954049727529
16740,41.840815307759186,494.7999999998319,5669.027308275711
16741,41.840815307759186,494.8199999998319,5669.1005648241835
16742,41.840815307759186,494.8399999998319,5669.173819372831
16743,41.840815307759186,494.85999999983187,5669.247071921536
16744,41.840815307759186,494.87999999983185,5669.320322470185
16745,41.840815307759186,494.89999999983183,5669.39357101866
16746,41.840815307759186,494.9199999998318,5669.466817566847
16747,41.840815307759186,494.9399999998318,5669.540062114629
16748,41.840815307759186,494.9599999998318,5669.613304661892
16749,41.840815307759186,494.97999999983176,5669.686545208518
16750,41.840815307759186,494.99999999983174,5669.759783754393
16751,41.840815307759186,495.0199999998317,5669.8330202994
16752,41.840815307759186,495.0399999998317,5669.906254843425
16753,41.840815307759186,495.0599999998317,5669.97948738635
16754,41.840815307759186,495.07999999983167,5670.052717927769
16755,41.840815307759186,495.09999999983165,5670.12594646681
16756,41.840815307759186,495.11999999983163,5670.199173003306
16757,41.840815307759186,495.1399999998316,5670.272397537141
16758,41.840815307759186,495.1599999998316,5670.345620068198
16759,41.840815307759186,495.1799999998316,5670.41884059636
16760,41.840815307759186,495.19999999983156,5670.4920591215105
16761,41.840815307759186,495.21999999983154,5670.565275643534
16762,41.840815307759186,495.2399999998315,5670.638490162312
16763,41.840815307759186,495.2599999998315,5670.7117026777305
16764,41.840815307759186,495.2799999998315,5670.784913189671
16765,41.840815307759186,495.29999999983147,5670.858121698017
16766,41.840815307759186,495.31999999983145,5670.931328202653
16767,41.840815307759186,495.33999999983143,5671.004532703462
16768,41.840815307759186,495.3599999998314,5671.077735200328
16769,41.840815307759186,495.3799999998314,5671.150935693134
16770,41.840815307759186,495.3999999998314,5671.224134181763
16771,41.840815307759186,495.41999999983136,5671.297330666099
16772,41.840815307759186,495.43999999983134,5671.370525146025
16773,41.840815307759186,495.4599999998313,5671.443717621425
16774,41.840815307759186,495.4799999998313,5671.516908092182
16775,41.840815307759186,495.4999999998313,5671.59009655818
16776,41.840815307759186,495.51999999983127,5671.663283019303
16777,41.840815307759186,495.53999999983125,5671.736467475433
16778,41.840815307759186,495.55999999983123,5671.809649926454
16779,41.840815307759186,495.5799999998312,5671.882830372249
16780,41.840815307759186,495.5999999998312,5671.956008815814
16781,41.840815307759186,495.6199999998312,5672.029185265997
16782,41.840815307759186,495.63999999983116,5672.102359723331
16783,41.840815307759186,495.65999999983114,5672.1755321877
16784,41.840815307759186,495.6799999998311,5672.248702658988
16785,41.840815307759186,495.6999999998311,5672.321871137079
16786,41.840815307759186,495.7199999998311,5672.395037621857
16787,41.840815307759186,495.73999999983107,5672.468202113206
16788,41.840815307759186,495.75999999983105,5672.541364611008
16789,41.840815307759186,495.77999999983103,5672.614525115149
16790,41.840815307759186,495.799999999831,5672.687683625512
16791,41.840815307759186,495.819999999831,5672.760840141981
16792,41.840815307759186,495.839999999831,5672.833994664439
16793,41.840815307759186,495.85999999983096,5672.907147192771
16794,41.840815307759186,495.87999999983094,5672.98029772686
16795,41.840815307759186,495.8999999998309,5673.05344626659
16796,41.840815307759186,495.9199999998309,5673.1265928118455
16797,41.840815307759186,495.9399999998309,5673.19973736251
16798,41.840815307759186,495.95999999983087,5673.272879918467
16799,41.840815307759186,495.97999999983085,5673.3460204796
16800,41.840815307759186,495.99999999983083,5673.419159045793
16801,41.840815307759186,496.0199999998308,5673.49229561693
16802,41.840815307759186,496.0399999998308,5673.565430192895
16803,41.840815307759186,496.0599999998308,5673.638562773573
16804,41.840815307759186,496.07999999983076,5673.711693358846
16805,41.840815307759186,496.09999999983074,5673.784821948599
16806,41.840815307759186,496.1199999998307,5673.857948542714
16807,41.840815307759186,496.1399999998307,5673.931073141078
16808,41.840815307759186,496.1599999998307,5674.0041957435715
16809,41.840815307759186,496.17999999983067,5674.077316350081
16810,41.77589522445494,496.19999999983065,5674.150434960488
16811,41.77589522445494,496.21999999983063,5674.223551574679
16812,41.77589522445494,496.2399999998306,5674.296666192536
16813,41.77589522445494,496.2599999998306,5674.3697788139425
16814,41.77589522445494,496.2799999998306,5674.442889438784
16815,41.77589522445494,496.29999999983056,5674.515998066943
16816,41.77589522445494,496.31999999983054,5674.589104698304
16817,41.77589522445494,496.3399999998305,5674.662209332751
16818,41.77589522445494,496.3599999998305,5674.735311970168
16819,41.77589522445494,496.3799999998305,5674.808412610439
16820,41.77589522445494,496.39999999983047,5674.881511253447
16821,41.77589522445494,496.41999999983045,5674.954607899076
16822,41.77589522445494,496.43999999983043,5675.0277025472105
16823,41.77589522445494,496.4599999998304,5675.100795197734
16824,41.77589522445494,496.4799999998304,5675.173885850531
16825,41.77589522445494,496.4999999998304,5675.246974505485
16826,41.77589522445494,496.51999999983036,5675.320061162479
16827,41.77589522445494,496.53999999983034,5675.393145821397
16828,41.77589522445494,496.5599999998303,5675.466228482125
16829,41.77589522445494,496.5799999998303,5675.539309144545
16830,41.77589522445494,496.5999999998303,5675.612387808541
16831,41.77589522445494,496.61999999983027,5675.685464477647
16832,41.77589522445494,496.63999999983025,5675.758539159654
16833,41.77589522445494,496.65999999983023,5675.831611854919
16834,41.77589522445494,496.6799999998302,5675.904682563327
16835,41.77589522445494,496.6999999998302,5675.97775128476
16836,41.77589522445494,496.7199999998302,5676.0508180191055
16837,41.77589522445494,496.73999999983016,5676.123882766246
16838,41.77589522445494,496.75999999983014,5676.196945526068
16839,41.77589522445494,496.7799999998301,5676.270006298454
16840,41.77589522445494,496.7999999998301,5676.34306508329
16841,41.77589522445494,496.8199999998301,5676.416121880459
16842,41.77589522445494,496.83999999983007,5676.489176689847
16843,41.77589522445494,496.85999999983005,5676.562229511338
16844,41.77589522445494,496.87999999983003,5676.635280344816
16845,41.77589522445494,496.89999999983,5676.708329190166
16846,41.77589522445494,496.91999999983,5676.781376047273
16847,41.77589522445494,496.93999999983,5676.85442091602
16848,41.77589522445494,496.95999999982996,5676.927463796292
16849,41.77589522445494,496.97999999982994,5677.000504687973
16850,41.77589522445494,496.9999999998299,5677.073543590949
16851,41.77589522445494,497.0199999998299,5677.146580505104
16852,41.77589522445494,497.0399999998299,5677.219615430322
16853,41.77589522445494,497.05999999982987,5677.292648366488
16854,41.77589522445494,497.07999999982985,5677.365679313486
16855,41.77589522445494,497.09999999982983,5677.438708271202
16856,41.77589522445494,497.1199999998298,5677.511735239519
16857,41.77589522445494,497.1399999998298,5677.584760218322
16858,41.77589522445494,497.1599999998298,5677.657783207495
16859,41.77589522445494,497.17999999982976,5677.7308042069235
16860,41.77589522445494,497.19999999982974,5677.803823216491
16861,41.77589522445494,497.2199999998297,5677.876840236083
16862,41.77589522445494,497.2399999998297,5677.949855265583
16863,41.77589522445494,497.2599999998297,5678.022868304876
16864,41.77589522445494,497.27999999982967,5678.0958793538475
16865,41.77589522445494,497.29999999982965,5678.1688884123805
16866,41.77589522445494,497.31999999982963,5678.241895480361
16867,41.77589522445494,497.3399999998296,5678.3149005576715
16868,41.77589522445494,497.3599999998296,5678.387903644199
16869,41.77589522445494,497.3799999998296,5678.460904739825
16870,41.77589522445494,497.39999999982956,5678.533903844437
16871,41.77589522445494,497.41999999982954,5678.606900957919
16872,41.77589522445494,497.4399999998295,5678.679896080154
16873,41.77589522445494,497.4599999998295,5678.752889211029
16874,41.77589522445494,497.4799999998295,5678.825880350426
16875,41.77589522445494,497.49999999982947,5678.898869498231
16876,41.77589522445494,497.51999999982945,5678.971856654328
16877,41.77589522445494,497.53999999982943,5679.0448418186015
16878,41.77589522445494,497.5599999998294,5679.117824990936
16879,41.77589522445494,497.5799999998294,5679.1908061712165
16880,41.77589522445494,497.5999999998294,5679.263785359328
16881,41.77589522445494,497.61999999982936,5679.336762555154
16882,41.77589522445494,497.63999999982934,5679.409737763031
16883,41.77589522445494,497.6599999998293,5679.482710990342
16884,41.77589522445494,497.6799999998293,5679.555682237307
16885,41.77589522445494,497.6999999998293,5679.628651503813
16886,41.77589522445494,497.71999999982927,5679.701618789743
16887,41.77589522445494,497.73999999982925,5679.774584094984
16888,41.77589522445494,497.75999999982923,5679.84754741942
16889,41.77589522445494,497.7799999998292,5679.920508762936
16890,41.77589522445494,497.7999999998292,5679.993468125418
16891,41.77589522445494,497.8199999998292,5680.0664255062875
16892,41.77589522445494,497.83999999982916,5680.139380904821
16893,41.77589522445494,497.85999999982914,5680.212334320889
16894,41.77589522445494,497.8799999998291,5680.285285754376
16895,41.77589522445494,497.8999999998291,5680.358235205168
16896,41.77589522445494,497.9199999998291,5680.431182673151
16897,41.77589522445494,497.93999999982907,5680.504128158211
16898,41.77589522445494,497.95999999982905,5680.577071660232
16899,41.77589522445494,497.97999999982903,5680.650013179102
16900,41.77589522445494,497.999999999829,5680.722952714705
16901,41.77589522445494,498.019999999829,5680.795890266927
16902,41.77589522445494,498.039999999829,5680.868825835654
16903,41.77589522445494,498.05999999982896,5680.941759420772
16904,41.77589522445494,498.07999999982894,5681.014691022166
16905,41.77589522445494,498.0999999998289,5681.0876206397215
16906,41.77589522445494,498.1199999998289,5681.160548273325
16907,41.77589522445494,498.1399999998289,5681.233473922862
16908,41.77589522445494,498.15999999982887,5681.306397588218
16909,41.77589522445494,498.17999999982885,5681.379319269278
16910,41.77589522445494,498.19999999982883,5681.45223896593
16911,41.77589522445494,498.2199999998288,5681.525156678057
16912,41.77589522445494,498.2399999998288,5681.598072405546
16913,41.77589522445494,498.2599999998288,5681.670986148283
16914,41.77589522445494,498.27999999982876,5681.7438979061535
16915,41.77589522445494,498.29999999982874,5681.8168076790425
16916,41.77589522445494,498.3199999998287,5681.889715466837
16917,41.77589522445494,498.3399999998287,5681.962621269421
16918,41.77589522445494,498.3599999998287,5682.035525086681
16919,41.77589522445494,498.37999999982867,5682.108426918504
16920,41.77589522445494,498.39999999982865,5682.181326764774
16921,41.77589522445494,498.41999999982863,5682.254224625377
16922,41.77589522445494,498.4399999998286,5682.327120500199
16923,41.77589522445494,498.4599999998286,5682.400014389126
16924,41.77589522445494,498.4799999998286,5682.472906292043
16925,41.77589522445494,498.49999999982856,5682.545796208837
16926,41.77589522445494,498.51999999982854,5682.618684139392
16927,41.77589522445494,498.5399999998285,5682.691570083595
16928,41.77589522445494,498.5599999998285,5682.764454041332
16929,41.77589522445494,498.5799999998285,5682.837336012488
16930,41.77589522445494,498.59999999982847,5682.910215996949
16931,41.77589522445494,498.61999999982845,5682.9830939946005
16932,41.77589522445494,498.63999999982843,5683.055970005328
16933,41.77589522445494,498.6599999998284,5683.128844034313
16934,41.77589522445494,498.6799999998284,5683.201716088514
16935,41.77589522445494,498.6999999998284,5683.274586168016
16936,41.77589522445494,498.71999999982836,5683.347454272704
16937,41.77589522445494,498.73999999982834,5683.420320402465
16938,41.77589522445494,498.7599999998283,5683.493184557185
16939,41.77589522445494,498.7799999998283,5683.566046736749
16940,41.77589522445494,498.7999999998283,5683.638906941044
16941,41.77589522445494,498.81999999982827,5683.711765169957
16942,41.77589522445494,498.83999999982825,5683.784621423373
16943,41.77589522445494,498.85999999982823,5683.857475701178
16944,41.77589522445494,498.8799999998282,5683.93032800326
16945,41.77589522445494,498.8999999998282,5684.0031783295035
16946,41.77589522445494,498.9199999998282,5684.076026679794
16947,41.77589522445494,498.93999999982816,5684.1488730540195
16948,41.77589522445494,498.95999999982814,5684.221717452066
16949,41.77589522445494,498.9799999998281,5684.294559873818
16950,41.77589522445494,498.9999999998281,5684.367400319163
16951,41.77589522445494,499.0199999998281,5684.440238787986
16952,41.77589522445494,499.03999999982807,5684.513075280175
16953,41.77589522445494,499.05999999982805,5684.585909795615
16954,41.77589522445494,499.07999999982803,5684.658742334193
16955,41.77589522445494,499.099999999828,5684.731572895795
16956,41.71114285067512,499.119999999828,5684.804401480306
16957,41.71114285067512,499.139999999828,5684.877228087614
16958,41.71114285067512,499.15999999982796,5684.950052717603
16959,41.71114285067512,499.17999999982794,5685.022875370161
16960,41.71114285067512,499.1999999998279,5685.095696045174
16961,41.71114285067512,499.2199999998279,5685.168514742527
16962,41.71114285067512,499.2399999998279,5685.241331462107
16963,41.71114285067512,499.25999999982787,5685.3141462038
16964,41.71114285067512,499.27999999982785,5685.386958967493
16965,41.71114285067512,499.29999999982783,5685.459769753072
16966,41.71114285067512,499.3199999998278,5685.532578560422
16967,41.71114285067512,499.3399999998278,5685.60538538943
16968,41.71114285067512,499.3599999998278,5685.6781902399825
16969,41.71114285067512,499.37999999982776,5685.750993111965
16970,41.71114285067512,499.39999999982774,5685.823794005264
16971,41.71114285067512,499.4199999998277,5685.896592919767
16972,41.71114285067512,499.4399999998277,5685.969389855358
16973,41.71114285067512,499.4599999998277,5686.042184811924
16974,41.71114285067512,499.47999999982767,5686.114977789352
16975,41.71114285067512,499.49999999982765,5686.1877687875285
16976,41.71114285067512,499.51999999982763,5686.2605578063385
16977,41.71114285067512,499.5399999998276,5686.333344845669
16978,41.71114285067512,499.5599999998276,5686.406129905405
16979,41.71114285067512,499.5799999998276,5686.478912985433
16980,41.71114285067512,499.59999999982756,5686.551694085641
16981,41.71114285067512,499.61999999982754,5686.624473205914
16982,41.71114285067512,499.6399999998275,5686.697250346138
16983,41.71114285067512,499.6599999998275,5686.7700255062
16984,41.71114285067512,499.6799999998275,5686.842798691694
16985,41.71114285067512,499.69999999982747,5686.915569908636
16986,41.71114285067512,499.71999999982745,5686.98833915696
16987,41.71114285067512,499.73999999982743,5687.061106436553
16988,41.71114285067512,499.7599999998274,5687.133871747301
16989,41.71114285067512,499.7799999998274,5687.206635089092
16990,41.71114285067512,499.7999999998274,5687.279396461812
16991,41.71114285067512,499.81999999982736,5687.352155865348
16992,41.71114285067512,499.83999999982734,5687.424913299588
16993,41.71114285067512,499.8599999998273,5687.497668764418
16994,41.71114285067512,499.8799999998273,5687.570422259726
16995,41.71114285067512,499.8999999998273,5687.643173785397
16996,41.71114285067512,499.91999999982727,5687.71592334132
16997,41.71114285067512,499.93999999982725,5687.788670927382
16998,41.71114285067512,499.95999999982723,5687.861416543467
16999,41.71114285067512,499.9799999998272,5687.934160189466
17000,41.71114285067512,499.9999999998272,5688.006901865263
17001,41.71114285067512,500.0199999998272,5688.079641570746
17002,41.71114285067512,500.03999999982716,5688.152379305802
17003,41.71114285067512,500.05999999982714,5688.225115070318
17004,41.71114285067512,500.0799999998271,5688.29784886418
17005,41.71114285067512,500.0999999998271,5688.370580687277
17006,41.71114285067512,500.1199999998271,5688.443310539494
17007,41.71114285067512,500.13999999982707,5688.516038420718
17008,41.71114285067512,500.15999999982705,5688.588764330838
17009,41.71114285067512,500.17999999982703,5688.6614882697395
17010,41.71114285067512,500.199999999827,5688.7342102373095
17011,41.71114285067512,500.219999999827,5688.806930233435
17012,41.71114285067512,500.239999999827,5688.879648258004
17013,41.71114285067512,500.25999999982696,5688.952364310902
17014,41.71114285067512,500.27999999982694,5689.025078392017
17015,41.71114285067512,500.2999999998269,5689.097790501236
17016,41.71114285067512,500.3199999998269,5689.170500638445
17017,41.71114285067512,500.3399999998269,5689.243208803532
17018,41.71114285067512,500.35999999982687,5689.315914996383
17019,41.71114285067512,500.37999999982685,5689.388619216886
17020,41.71114285067512,500.39999999982683,5689.461321464927
17021,41.71114285067512,500.4199999998268,5689.534021740395
17022,41.71114285067512,500.4399999998268,5689.606720043174
17023,41.71114285067512,500.4599999998268,5689.679416373154
17024,41.71114285067512,500.47999999982676,5689.75211073022
17025,41.71114285067512,500.49999999982674,5689.82480311426
17026,41.71114285067512,500.5199999998267,5689.897493525161
17027,41.71114285067512,500.5399999998267,5689.970181962809
17028,41.71114285067512,500.5599999998267,5690.042868426914
17029,41.71114285067512,500.57999999982667,5690.1155529164935
17030,41.71114285067512,500.59999999982665,5690.1882354313575
17031,41.71114285067512,500.61999999982663,5690.260915971394
17032,41.71114285067512,500.6399999998266,5690.33359453649
17033,41.71114285067512,500.6599999998266,5690.406271126532
17034,41.71114285067512,500.6799999998266,5690.4789457415045
17035,41.71114285067512,500.69999999982656,5690.551618387737
17036,41.71114285067512,500.71999999982654,5690.624289070703
17037,41.71114285067512,500.7399999998265,5690.696957790288
17038,41.71114285067512,500.7599999998265,5690.769624546382
17039,41.71114285067512,500.7799999998265,5690.842289338872
17040,41.71114285067512,500.79999999982647,5690.914952167646
17041,41.71114285067512,500.81999999982645,5690.987613032592
17042,41.71114285067512,500.83999999982643,5691.060271933597
17043,41.71114285067512,500.8599999998264,5691.132928870547
17044,41.71114285067512,500.8799999998264,5691.205583843333
17045,41.71114285067512,500.8999999998264,5691.278236851842
17046,41.71114285067512,500.91999999982636,5691.35088789596
17047,41.71114285067512,500.93999999982634,5691.423536975576
17048,41.71114285067512,500.9599999998263,5691.496184090577
17049,41.71114285067512,500.9799999998263,5691.568829240851
17050,41.71114285067512,500.9999999998263,5691.641472426287
17051,41.71114285067512,501.01999999982627,5691.714113646771
17052,41.71114285067512,501.03999999982625,5691.7867529021905
17053,41.71114285067512,501.05999999982623,5691.859390192435
17054,41.71114285067512,501.0799999998262,5691.932025517391
17055,41.71114285067512,501.0999999998262,5692.004658876946
17056,41.71114285067512,501.1199999998262,5692.07729027099
17057,41.71114285067512,501.13999999982616,5692.149919699407
17058,41.71114285067512,501.15999999982614,5692.222547162088
17059,41.71114285067512,501.1799999998261,5692.295172658919
17060,41.71114285067512,501.1999999998261,5692.367796189788
17061,41.71114285067512,501.2199999998261,5692.440417754583
17062,41.71114285067512,501.23999999982607,5692.513037353192
17063,41.71114285067512,501.25999999982605,5692.5856549855025
17064,41.71114285067512,501.27999999982603,5692.658270651402
17065,41.71114285067512,501.299999999826,5692.730884350778
17066,41.71114285067512,501.319999999826,5692.803496083519
17067,41.71114285067512,501.339999999826,5692.876105849513
17068,41.71114285067512,501.35999999982596,5692.948713648647
17069,41.71114285067512,501.37999999982594,5693.021319480808
17070,41.71114285067512,501.3999999998259,5693.093923345886
17071,41.71114285067512,501.4199999998259,5693.166525243766
17072,41.71114285067512,501.4399999998259,5693.239125174338
17073,41.71114285067512,501.45999999982587,5693.311723137489
17074,41.71114285067512,501.47999999982585,5693.384319133107
17075,41.71114285067512,501.49999999982583,5693.45691316108
17076,41.71114285067512,501.5199999998258,5693.529505221294
17077,41.71114285067512,501.5399999998258,5693.6020953136385
17078,41.71114285067512,501.5599999998258,5693.674683438001
17079,41.71114285067512,501.57999999982576,5693.747269594269
17080,41.71114285067512,501.59999999982574,5693.81985378233
17081,41.71114285067512,501.6199999998257,5693.892436002073
17082,41.71114285067512,501.6399999998257,5693.965016253384
17083,41.71114285067512,501.6599999998257,5694.037594536153
17084,41.71114285067512,501.67999999982567,5694.110170850266
17085,41.71114285067512,501.69999999982565,5694.182745195854
17086,41.71114285067512,501.71999999982563,5694.255317579958
17087,41.71114285067512,501.7399999998256,5694.3278880074295
17088,41.71114285067512,501.7599999998256,5694.400456478158
17089,41.71114285067512,501.7799999998256,5694.4730229920315
17090,41.71114285067512,501.79999999982556,5694.545587548939
17091,41.71114285067512,501.81999999982554,5694.618150148767
17092,41.71114285067512,501.8399999998255,5694.690710791407
17093,41.71114285067512,501.8599999998255,5694.763269476744
17094,41.71114285067512,501.8799999998255,5694.8358262046695
17095,41.71114285067512,501.89999999982547,5694.90838097507
17096,41.71114285067512,501.91999999982545,5694.980933787834
17097,41.71114285067512,501.93999999982543,5695.053484642851
17098,41.71114285067512,501.9599999998254,5695.126033540008
17099,41.71114285067512,501.9799999998254,5695.198580479195
17100,41.71114285067512,501.9999999998254,5695.271125460299
17101,41.71114285067512,502.01999999982536,5695.3436684832095
17102,41.71114285067512,502.03999999982534,5695.416209547814
17103,41.646557580498914,502.0599999998253,5695.488748654002
17104,41.646557580498914,502.0799999998253,5695.561285801661
17105,41.646557580498914,502.0999999998253,5695.63382099068
17106,41.646557580498914,502.11999999982527,5695.706354220946
17107,41.646557580498914,502.13999999982525,5695.778885492349
17108,41.646557580498914,502.15999999982523,5695.851414804777
17109,41.646557580498914,502.1799999998252,5695.923942158119
17110,41.646557580498914,502.1999999998252,5695.996467552262
17111,41.646557580498914,502.2199999998252,5696.068990987096
17112,41.646557580498914,502.23999999982516,5696.141512462508
17113,41.646557580498914,502.25999999982514,5696.2140319783875
17114,41.646557580498914,502.2799999998251,5696.286549534622
17115,41.646557580498914,502.2999999998251,5696.3590651311015
17116,41.646557580498914,502.3199999998251,5696.431578767713
17117,41.646557580498914,502.33999999982507,5696.504090444346
17118,41.646557580498914,502.35999999982505,5696.576600160887
17119,41.646557580498914,502.37999999982503,5696.6491079172265
17120,41.646557580498914,502.399999999825,5696.721613713253
17121,41.646557580498914,502.419999999825,5696.794117548853
17122,41.646557580498914,502.439999999825,5696.866619423917
17123,41.646557580498914,502.45999999982496,5696.939119338332
17124,41.646557580498914,502.47999999982494,5697.011617291987
17125,41.646557580498914,502.4999999998249,5697.084113284771
17126,41.646557580498914,502.5199999998249,5697.156607316572
17127,41.646557580498914,502.5399999998249,5697.229099387278
17128,41.646557580498914,502.55999999982487,5697.301589496778
17129,41.646557580498914,502.57999999982485,5697.374077644961
17130,41.646557580498914,502.59999999982483,5697.446563831715
17131,41.646557580498914,502.6199999998248,5697.519048056928
17132,41.646557580498914,502.6399999998248,5697.591530320489
17133,41.646557580498914,502.6599999998248,5697.664010622287
17134,41.646557580498914,502.67999999982476,5697.736488962209
17135,41.646557580498914,502.69999999982474,5697.808965340144
17136,41.646557580498914,502.7199999998247,5697.881439756347
17137,41.646557580498914,502.7399999998247,5697.953912218014
17138,41.646557580498914,502.7599999998247,5698.026382729034
17139,41.646557580498914,502.77999999982467,5698.0988512892945
17140,41.646557580498914,502.79999999982465,5698.171317898686
17141,41.646557580498914,502.81999999982463,5698.243782557096
17142,41.646557580498914,502.8399999998246,5698.316245264415
17143,41.646557580498914,502.8599999998246,5698.388706020531
17144,41.646557580498914,502.8799999998246,5698.461164825333
17145,41.646557580498914,502.89999999982456,5698.53362167871
17146,41.646557580498914,502.91999999982454,5698.6060765805505
17147,41.646557580498914,502.9399999998245,5698.678529530744
17148,41.646557580498914,502.9599999998245,5698.750980529178
17149,41.646557580498914,502.9799999998245,5698.823429575743
17150,41.646557580498914,502.99999999982447,5698.895876670327
17151,41.646557580498914,503.01999999982445,5698.968321812819
17152,41.646557580498914,503.03999999982443,5699.040765003108
17153,41.646557580498914,503.0599999998244,5699.113206241083
17154,41.646557580498914,503.0799999998244,5699.185645526633
17155,41.646557580498914,503.0999999998244,5699.2580828596465
17156,41.646557580498914,503.11999999982436,5699.330518240013
17157,41.646557580498914,503.13999999982434,5699.40295166762
17158,41.646557580498914,503.1599999998243,5699.475383142358
17159,41.646557580498914,503.1799999998243,5699.547812664115
17160,41.646557580498914,503.1999999998243,5699.62024023278
17161,41.646557580498914,503.21999999982427,5699.6926658482425
17162,41.646557580498914,503.23999999982425,5699.765089510391
17163,41.646557580498914,503.25999999982423,5699.837511219114
17164,41.646557580498914,503.2799999998242,5699.9099309743015
17165,41.646557580498914,503.2999999998242,5699.982348775841
17166,41.646557580498914,503.3199999998242,5700.054764623244
17167,41.646557580498914,503.33999999982416,5700.127178515557
17168,41.646557580498914,503.35999999982414,5700.199590452616
17169,41.646557580498914,503.3799999998241,5700.27200043431
17170,41.646557580498914,503.3999999998241,5700.344408460528
17171,41.646557580498914,503.4199999998241,5700.416814531159
17172,41.646557580498914,503.43999999982407,5700.489218646092
17173,41.646557580498914,503.45999999982405,5700.561620805215
17174,41.646557580498914,503.47999999982403,5700.634021008418
17175,41.646557580498914,503.499999999824,5700.70641925559
17176,41.646557580498914,503.519999999824,5700.778815546619
17177,41.646557580498914,503.539999999824,5700.851209881394
17178,41.646557580498914,503.55999999982396,5700.923602259805
17179,41.646557580498914,503.57999999982394,5700.99599268174
17180,41.646557580498914,503.5999999998239,5701.068381147088
17181,41.646557580498914,503.6199999998239,5701.140767655737
17182,41.646557580498914,503.6399999998239,5701.213152207578
17183,41.646557580498914,503.65999999982387,5701.285534802498
17184,41.646557580498914,503.67999999982385,5701.357915440386
17185,41.646557580498914,503.69999999982383,5701.430294121133
17186,41.646557580498914,503.7199999998238,5701.502670844626
17187,41.646557580498914,503.7399999998238,5701.575045611271
17188,41.646557580498914,503.7599999998238,5701.647418428998
17189,41.646557580498914,503.77999999982376,5701.719789301088
17190,41.646557580498914,503.79999999982374,5701.79215822743
17191,41.646557580498914,503.8199999998237,5701.864525207914
17192,41.646557580498914,503.8399999998237,5701.9368902424285
17193,41.646557580498914,503.8599999998237,5702.009253330863
17194,41.646557580498914,503.87999999982367,5702.081614473108
17195,41.646557580498914,503.89999999982365,5702.153973669052
17196,41.646557580498914,503.91999999982363,5702.226330918585
17197,41.646557580498914,503.9399999998236,5702.298686221595
17198,41.646557580498914,503.9599999998236,5702.371039577973
17199,41.646557580498914,503.9799999998236,5702.443390987608
17200,41.646557580498914,503.99999999982356,5702.515740450389
17201,41.646557580498914,504.01999999982354,5702.588087966206
17202,41.646557580498914,504.0399999998235,5702.660433534948
17203,41.646557580498914,504.0599999998235,5702.732777156505
17204,41.646557580498914,504.0799999998235,5702.805118830766
17205,41.646557580498914,504.09999999982347,5702.877458557621
17206,41.646557580498914,504.11999999982345,5702.949796336959
17207,41.646557580498914,504.13999999982343,5703.022132168669
17208,41.646557580498914,504.1599999998234,5703.09446605264
17209,41.646557580498914,504.1799999998234,5703.166797988763
17210,41.646557580498914,504.1999999998234,5703.239127976927
17211,41.646557580498914,504.21999999982336,5703.311456017022
17212,41.646557580498914,504.23999999982334,5703.3837821089355
17213,41.646557580498914,504.2599999998233,5703.456106252558
17214,41.646557580498914,504.2799999998233,5703.528428447779
17215,41.646557580498914,504.2999999998233,5703.600748694489
17216,41.646557580498914,504.31999999982327,5703.673066992576
17217,41.646557580498914,504.33999999982325,5703.74538334193
17218,41.646557580498914,504.35999999982323,5703.817697742441
17219,41.646557580498914,504.3799999998232,5703.890010193997
17220,41.646557580498914,504.3999999998232,5703.962320696489
17221,41.646557580498914,504.4199999998232,5704.034629249805
17222,41.646557580498914,504.43999999982316,5704.106935853836
17223,41.646557580498914,504.45999999982314,5704.179240508471
17224,41.646557580498914,504.4799999998231,5704.251543213598
17225,41.646557580498914,504.4999999998231,5704.323843969109
17226,41.646557580498914,504.5199999998231,5704.396142774891
17227,41.646557580498914,504.53999999982307,5704.468439630835
17228,41.646557580498914,504.55999999982305,5704.54073453683
17229,41.646557580498914,504.57999999982303,5704.613027492766
17230,41.646557580498914,504.599999999823,5704.685318498532
17231,41.646557580498914,504.619999999823,5704.757607554017
17232,41.646557580498914,504.639999999823,5704.829894659112
17233,41.646557580498914,504.65999999982296,5704.9021798137055
17234,41.646557580498914,504.67999999982294,5704.974463017687
17235,41.646557580498914,504.6999999998229,5705.046744270947
17236,41.646557580498914,504.7199999998229,5705.119023573373
17237,41.646557580498914,504.7399999998229,5705.191300924856
17238,41.646557580498914,504.75999999982287,5705.263576325955
17239,41.646557580498914,504.77999999982285,5705.33584978534
17240,41.646557580498914,504.79999999982283,5705.40812130564
17241,41.646557580498914,504.8199999998228,5705.480390886746
17242,41.646557580498914,504.8399999998228,5705.552658528549
17243,41.646557580498914,504.8599999998228,5705.624924230939
17244,41.646557580498914,504.87999999982276,5705.697187993806
17245,41.646557580498914,504.89999999982274,5705.769449817041
17246,41.646557580498914,504.9199999998227,5705.841709700535
17247,41.646557580498914,504.9399999998227,5705.913967644177
17248,41.646557580498914,504.9599999998227,5705.986223647858
17249,41.646557580498914,504.97999999982267,5706.058477711469
17250,41.58213881081724,504.99999999982265,5706.1307298349
17251,41.58213881081724,505.01999999982263,5706.202980018042
17252,41.58213881081724,505.0399999998226,5706.2752282607835
17253,41.58213881081724,505.0599999998226,5706.347474563017
17254,41.58213881081724,505.0799999998226,5706.419718924632
17255,41.58213881081724,505.09999999982256,5706.49196134552
17256,41.58213881081724,505.11999999982254,5706.564201825571
17257,41.58213881081724,505.1399999998225,5706.636440364675
17258,41.58213881081724,505.1599999998225,5706.708676962722
17259,41.58213881081724,505.1799999998225,5706.780911619603
17260,41.58213881081724,505.19999999982247,5706.8531443352085
17261,41.58213881081724,505.21999999982245,5706.925375109429
17262,41.58213881081724,505.23999999982243,5706.997603942155
17263,41.58213881081724,505.2599999998224,5707.069830833278
17264,41.58213881081724,505.2799999998224,5707.142055782686
17265,41.58213881081724,505.2999999998224,5707.214278790271
17266,41.58213881081724,505.31999999982236,5707.286499855924
17267,41.58213881081724,505.33999999982234,5707.358718979535
17268,41.58213881081724,505.3599999998223,5707.430936160994
17269,41.58213881081724,505.3799999998223,5707.503151400191
17270,41.58213881081724,505.3999999998223,5707.575364697018
17271,41.58213881081724,505.41999999982227,5707.647576051365
17272,41.58213881081724,505.43999999982225,5707.719785463121
17273,41.58213881081724,505.45999999982223,5707.791992932179
17274,41.58213881081724,505.4799999998222,5707.864198458427
17275,41.58213881081724,505.4999999998222,5707.936402041758
17276,41.58213881081724,505.5199999998222,5708.00860368206
17277,41.58213881081724,505.53999999982216,5708.0808033792255
17278,41.58213881081724,505.55999999982214,5708.153001133143
17279,41.58213881081724,505.5799999998221,5708.225196943705
17280,41.58213881081724,505.5999999998221,5708.297390810801
17281,41.58213881081724,505.6199999998221,5708.369582734321
17282,41.58213881081724,505.63999999982207,5708.441772714156
17283,41.58213881081724,505.65999999982205,5708.513960750198
17284,41.58213881081724,505.67999999982203,5708.586146842335
17285,41.58213881081724,505.699999999822,5708.658330990459
17286,41.58213881081724,505.719999999822,5708.73051319446
17287,41.58213881081724,505.739999999822,5708.8026934542295
17288,41.58213881081724,505.75999999982196,5708.874871769656
17289,41.58213881081724,505.77999999982194,5708.947048141402
17290,41.58213881081724,505.7999999998219,5709.0192225782
17291,41.58213881081724,505.8199999998219,5709.091395081854
17292,41.58213881081724,505.8399999998219,5709.163565652254
17293,41.58213881081724,505.85999999982187,5709.235734289291
17294,41.58213881081724,505.87999999982185,5709.307900992856
17295,41.58213881081724,505.89999999982183,5709.380065762841
17296,41.58213881081724,505.9199999998218,5709.452228599136
17297,41.58213881081724,505.9399999998218,5709.524389501634
17298,41.58213881081724,505.9599999998218,5709.596548470224
17299,41.58213881081724,505.97999999982176,5709.668705504798
17300,41.58213881081724,505.99999999982174,5709.740860605248
17301,41.58213881081724,506.0199999998217,5709.813013771463
17302,41.58213881081724,506.0399999998217,5709.885165003337
17303,41.58213881081724,506.0599999998217,5709.957314300758
17304,41.58213881081724,506.07999999982167,5710.0294616635465
17305,41.58213881081724,506.09999999982165,5710.101607090758
17306,41.58213881081724,506.11999999982163,5710.173750582113
17307,41.58213881081724,506.1399999998216,5710.245892137501
17308,41.58213881081724,506.1599999998216,5710.318031756814
17309,41.58213881081724,506.1799999998216,5710.390169439944
17310,41.58213881081724,506.19999999982156,5710.462305186781
17311,41.58213881081724,506.21999999982154,5710.534438997218
17312,41.58213881081724,506.2399999998215,5710.606570871145
17313,41.58213881081724,506.2599999998215,5710.678700808454
17314,41.58213881081724,506.2799999998215,5710.750828809036
17315,41.58213881081724,506.29999999982147,5710.822954872782
17316,41.58213881081724,506.31999999982145,5710.895078999584
17317,41.58213881081724,506.33999999982143,5710.9672011893335
17318,41.58213881081724,506.3599999998214,5711.039321441921
17319,41.58213881081724,506.3799999998214,5711.111439757238
17320,41.58213881081724,506.3999999998214,5711.183556135176
17321,41.58213881081724,506.41999999982136,5711.255670575627
17322,41.58213881081724,506.43999999982134,5711.327783078481
17323,41.58213881081724,506.4599999998213,5711.39989364363
17324,41.58213881081724,506.4799999998213,5711.472002270965
17325,41.58213881081724,506.4999999998213,5711.544108960378
17326,41.58213881081724,506.51999999982127,5711.616213711761
17327,41.58213881081724,506.53999999982125,5711.688316525004
17328,41.58213881081724,506.55999999982123,5711.760417399998
17329,41.58213881081724,506.5799999998212,5711.832516336635
17330,41.58213881081724,506.5999999998212,5711.904613334807
17331,41.58213881081724,506.6199999998212,5711.976708394405
17332,41.58213881081724,506.63999999982116,5712.0488015153205
17333,41.58213881081724,506.65999999982114,5712.120892697444
17334,41.58213881081724,506.6799999998211,5712.192981940668
17335,41.58213881081724,506.6999999998211,5712.265069244882
17336,41.58213881081724,506.7199999998211,5712.33715460998
17337,41.58213881081724,506.73999999982107,5712.409238035851
17338,41.58213881081724,506.75999999982105,5712.481319522387
17339,41.58213881081724,506.77999999982103,5712.55339906948
17340,41.58213881081724,506.799999999821,5712.625476677949
17341,41.58213881081724,506.819999999821,5712.697552357297
17342,41.58213881081724,506.839999999821,5712.769626108678
17343,41.58213881081724,506.85999999982096,5712.841697931981
17344,41.58213881081724,506.87999999982094,5712.913767827099
17345,41.58213881081724,506.8999999998209,5712.985835793924
17346,41.58213881081724,506.9199999998209,5713.057901832347
17347,41.58213881081724,506.9399999998209,5713.129965942259
17348,41.58213881081724,506.95999999982087,5713.202028123554
17349,41.58213881081724,506.97999999982085,5713.274088376121
17350,41.58213881081724,506.99999999982083,5713.346146699853
17351,41.58213881081724,507.0199999998208,5713.418203094642
17352,41.58213881081724,507.0399999998208,5713.490257560379
17353,41.58213881081724,507.0599999998208,5713.562310096956
17354,41.58213881081724,507.07999999982076,5713.6343607042645
17355,41.58213881081724,507.09999999982074,5713.7064093821955
17356,41.58213881081724,507.1199999998207,5713.778456130642
17357,41.58213881081724,507.1399999998207,5713.850500949494
17358,41.58213881081724,507.1599999998207,5713.922543838645
17359,41.58213881081724,507.17999999982067,5713.994584797985
17360,41.58213881081724,507.19999999982065,5714.066623827407
17361,41.58213881081724,507.21999999982063,5714.138660926802
17362,41.58213881081724,507.2399999998206,5714.210696096062
17363,41.58213881081724,507.2599999998206,5714.282729335078
17364,41.58213881081724,507.2799999998206,5714.354760643743
17365,41.58213881081724,507.29999999982056,5714.426790021947
17366,41.58213881081724,507.31999999982054,5714.498817469584
17367,41.58213881081724,507.3399999998205,5714.570842986543
17368,41.58213881081724,507.3599999998205,5714.642866572717
17369,41.58213881081724,507.3799999998205,5714.714888227998
17370,41.58213881081724,507.39999999982047,5714.786907952277
17371,41.58213881081724,507.41999999982045,5714.858925745446
17372,41.58213881081724,507.43999999982043,5714.930941607397
17373,41.58213881081724,507.4599999998204,5715.002955538021
17374,41.58213881081724,507.4799999998204,5715.07496753721
17375,41.58213881081724,507.4999999998204,5715.146977604856
17376,41.58213881081724,507.51999999982036,5715.218985740851
17377,41.58213881081724,507.53999999982034,5715.290991945086
17378,41.58213881081724,507.5599999998203,5715.362996217453
17379,41.58213881081724,507.5799999998203,5715.434998557843
17380,41.58213881081724,507.5999999998203,5715.506998966149
17381,41.58213881081724,507.61999999982027,5715.578997442261
17382,41.58213881081724,507.63999999982025,5715.6509939860725
17383,41.58213881081724,507.65999999982023,5715.722988597475
17384,41.58213881081724,507.6799999998202,5715.794981276359
17385,41.58213881081724,507.6999999998202,5715.866972022617
17386,41.58213881081724,507.7199999998202,5715.938960836141
17387,41.58213881081724,507.73999999982016,5716.010947716822
17388,41.58213881081724,507.75999999982014,5716.082932664552
17389,41.58213881081724,507.7799999998201,5716.1549156792225
17390,41.58213881081724,507.7999999998201,5716.226896760725
17391,41.58213881081724,507.8199999998201,5716.298875910379
17392,41.58213881081724,507.83999999982007,5716.370853137742
17393,41.58213881081724,507.85999999982005,5716.4428284436235
17394,41.58213881081724,507.87999999982003,5716.514801827913
17395,41.58213881081724,507.89999999982,5716.586773290504
17396,41.58213881081724,507.91999999982,5716.658742831289
17397,41.517885941316784,507.93999999982,5716.730710450158
17398,41.517885941316784,507.95999999981996,5716.802676147003
17399,41.517885941316784,507.97999999981994,5716.874639921716
17400,41.517885941316784,507.9999999998199,5716.94660177419
17401,41.517885941316784,508.0199999998199,5717.018561704315
17402,41.517885941316784,508.0399999998199,5717.090519711985
17403,41.517885941316784,508.05999999981987,5717.162475797089
17404,41.517885941316784,508.07999999981985,5717.234429959522
17405,41.517885941316784,508.09999999981983,5717.306382199173
17406,41.517885941316784,508.1199999998198,5717.378332515936
17407,41.517885941316784,508.1399999998198,5717.450280909701
17408,41.517885941316784,508.1599999998198,5717.522227380362
17409,41.517885941316784,508.17999999981976,5717.594171927809
17410,41.517885941316784,508.19999999981974,5717.666114551935
17411,41.517885941316784,508.2199999998197,5717.73805525263
17412,41.517885941316784,508.2399999998197,5717.809994029788
17413,41.517885941316784,508.2599999998197,5717.8819308833
17414,41.517885941316784,508.27999999981967,5717.953865813058
17415,41.517885941316784,508.29999999981965,5718.025798818953
17416,41.517885941316784,508.31999999981963,5718.097729900878
17417,41.517885941316784,508.3399999998196,5718.169659058724
17418,41.517885941316784,508.3599999998196,5718.2415862923835
17419,41.517885941316784,508.3799999998196,5718.313511601748
17420,41.517885941316784,508.39999999981956,5718.38543498671
17421,41.517885941316784,508.41999999981954,5718.45735644716
17422,41.517885941316784,508.4399999998195,5718.529275982991
17423,41.517885941316784,508.4599999998195,5718.601193594094
17424,41.517885941316784,508.4799999998195,5718.673109280362
17425,41.517885941316784,508.49999999981947,5718.745023041686
17426,41.517885941316784,508.51999999981945,5718.816934877958
17427,41.517885941316784,508.53999999981943,5718.88884478907
17428,41.517885941316784,508.5599999998194,5718.960752774914
17429,41.517885941316784,508.5799999998194,5719.032658835382
17430,41.517885941316784,508.5999999998194,5719.104562970365
17431,41.517885941316784,508.61999999981936,5719.176465179756
17432,41.517885941316784,508.63999999981934,5719.248365463446
17433,41.517885941316784,508.6599999998193,5719.320263821328
17434,41.517885941316784,508.6799999998193,5719.392160253293
17435,41.517885941316784,508.6999999998193,5719.464054759233
17436,41.517885941316784,508.71999999981927,5719.535947339039
17437,41.517885941316784,508.73999999981925,5719.607837992605
17438,41.517885941316784,508.75999999981923,5719.679726719821
17439,41.517885941316784,508.7799999998192,5719.75161352058
17440,41.517885941316784,508.7999999998192,5719.823498394773
17441,41.517885941316784,508.8199999998192,5719.895381342292
17442,41.517885941316784,508.83999999981916,5719.967262365047
17443,41.517885941316784,508.85999999981914,5720.039141471392
17444,41.517885941316784,508.8799999998191,5720.111018661061
17445,41.517885941316784,508.8999999998191,5720.182893933861
17446,41.517885941316784,508.9199999998191,5720.2547672896835
17447,41.517885941316784,508.93999999981907,5720.32663872842
17448,41.517885941316784,508.95999999981905,5720.398508249964
17449,41.517885941316784,508.97999999981903,5720.470375854206
17450,41.517885941316784,508.999999999819,5720.54224154104
17451,41.517885941316784,509.019999999819,5720.6141053103565
17452,41.517885941316784,509.039999999819,5720.685967162048
17453,41.517885941316784,509.05999999981896,5720.757827096007
17454,41.517885941316784,509.07999999981894,5720.829685112125
17455,41.517885941316784,509.0999999998189,5720.901541210294
17456,41.517885941316784,509.1199999998189,5720.973395390407
17457,41.517885941316784,509.1399999998189,5721.045247652355
17458,41.517885941316784,509.15999999981887,5721.117097996031
17459,41.517885941316784,509.17999999981885,5721.188946421325
17460,41.517885941316784,509.19999999981883,5721.260792928132
17461,41.517885941316784,509.2199999998188,5721.332637516342
17462,41.517885941316784,509.2399999998188,5721.404480185848
17463,41.517885941316784,509.2599999998188,5721.476320936542
17464,41.517885941316784,509.27999999981876,5721.548159768316
17465,41.517885941316784,509.29999999981874,5721.619996681062
17466,41.517885941316784,509.3199999998187,5721.691831674671
17467,41.517885941316784,509.3399999998187,5721.763664749037
17468,41.517885941316784,509.3599999998187,5721.835495904052
17469,41.517885941316784,509.37999999981866,5721.907325139607
17470,41.517885941316784,509.39999999981865,5721.979152455594
17471,41.517885941316784,509.41999999981863,5722.050977851905
17472,41.517885941316784,509.4399999998186,5722.1228013284335
17473,41.517885941316784,509.4599999998186,5722.194622885071
17474,41.517885941316784,509.4799999998186,5722.266442521709
17475,41.517885941316784,509.49999999981856,5722.33826023824
17476,41.517885941316784,509.51999999981854,5722.4100760345555
17477,41.517885941316784,509.5399999998185,5722.4818899105485
17478,41.517885941316784,509.5599999998185,5722.553701866111
17479,41.517885941316784,509.5799999998185,5722.625511901135
17480,41.517885941316784,509.59999999981846,5722.697320015512
17481,41.517885941316784,509.61999999981845,5722.769126209135
17482,41.517885941316784,509.63999999981843,5722.840930481895
17483,41.517885941316784,509.6599999998184,5722.912732833685
17484,41.517885941316784,509.6799999998184,5722.984533264398
17485,41.517885941316784,509.6999999998184,5723.056331773924
17486,41.517885941316784,509.71999999981836,5723.1281283621565
17487,41.517885941316784,509.73999999981834,5723.1999230289875
17488,41.517885941316784,509.7599999998183,5723.271715774309
17489,41.517885941316784,509.7799999998183,5723.343506598013
17490,41.517885941316784,509.7999999998183,5723.415295499992
17491,41.517885941316784,509.81999999981826,5723.487082480137
17492,41.517885941316784,509.83999999981825,5723.5588675383415
17493,41.517885941316784,509.8599999998182,5723.630650677262
17494,41.517885941316784,509.8799999998182,5723.7024319050915
17495,41.517885941316784,509.8999999998182,5723.774211222337
17496,41.517885941316784,509.9199999998182,5723.845988628888
17497,41.517885941316784,509.93999999981816,5723.917764124638
17498,41.517885941316784,509.95999999981814,5723.989537709476
17499,41.517885941316784,509.9799999998181,5724.061309383295
17500,41.517885941316784,509.9999999998181,5724.133079145987
17501,41.517885941316784,510.0199999998181,5724.204846997442
17502,41.517885941316784,510.03999999981806,5724.27661293755
17503,41.517885941316784,510.05999999981805,5724.348376966205
17504,41.517885941316784,510.079999999818,5724.420139083297
17505,41.517885941316784,510.099999999818,5724.491899288717
17506,41.517885941316784,510.119999999818,5724.563657582357
17507,41.517885941316784,510.139999999818,5724.635413964109
17508,41.517885941316784,510.15999999981796,5724.7071684338625
17509,41.517885941316784,510.17999999981794,5724.77892099151
17510,41.517885941316784,510.1999999998179,5724.850671636942
17511,41.517885941316784,510.2199999998179,5724.9224203700505
17512,41.517885941316784,510.2399999998179,5724.994167190727
17513,41.517885941316784,510.25999999981786,5725.065912098863
17514,41.517885941316784,510.27999999981785,5725.137655094349
17515,41.517885941316784,510.2999999998178,5725.209396177076
17516,41.517885941316784,510.3199999998178,5725.281135346937
17517,41.517885941316784,510.3399999998178,5725.352872603822
17518,41.517885941316784,510.3599999998178,5725.424607947623
17519,41.517885941316784,510.37999999981776,5725.496341378232
17520,41.517885941316784,510.39999999981774,5725.5680728955385
17521,41.517885941316784,510.4199999998177,5725.639802499435
17522,41.517885941316784,510.4399999998177,5725.711530189813
17523,41.517885941316784,510.4599999998177,5725.783255966563
17524,41.517885941316784,510.47999999981766,5725.854979829577
17525,41.517885941316784,510.49999999981765,5725.926701778746
17526,41.517885941316784,510.5199999998176,5725.998421813962
17527,41.517885941316784,510.5399999998176,5726.070139935116
17528,41.517885941316784,510.5599999998176,5726.141856142099
17529,41.517885941316784,510.5799999998176,5726.213570434803
17530,41.517885941316784,510.59999999981756,5726.285282813119
17531,41.517885941316784,510.61999999981754,5726.356993276939
17532,41.517885941316784,510.6399999998175,5726.428701826153
17533,41.517885941316784,510.6599999998175,5726.5004084606535
17534,41.517885941316784,510.6799999998175,5726.572113180331
17535,41.517885941316784,510.69999999981746,5726.643815985078
17536,41.517885941316784,510.71999999981745,5726.715516874785
17537,41.517885941316784,510.7399999998174,5726.787215849344
17538,41.517885941316784,510.7599999998174,5726.858912908645
17539,41.517885941316784,510.7799999998174,5726.930608052581
17540,41.517885941316784,510.7999999998174,5727.0023012810425
17541,41.517885941316784,510.81999999981736,5727.0739925939215
17542,41.517885941316784,510.83999999981734,5727.145681991109
17543,41.517885941316784,510.8599999998173,5727.217369472496
17544,41.517885941316784,510.8799999998173,5727.289055041461
17545,41.517885941316784,510.8999999998173,5727.360738705723
17546,41.453798374464164,510.91999999981726,5727.432420465658
17547,41.453798374464164,510.93999999981725,5727.504100321163
17548,41.453798374464164,510.9599999998172,5727.575778272132
17549,41.453798374464164,510.9799999998172,5727.647454318462
17550,41.453798374464164,510.9999999998172,5727.7191284600485
17551,41.453798374464164,511.0199999998172,5727.790800696787
17552,41.453798374464164,511.03999999981716,5727.862471028574
17553,41.453798374464164,511.05999999981714,5727.934139455304
17554,41.453798374464164,511.0799999998171,5728.005805976873
17555,41.453798374464164,511.0999999998171,5728.077470593176
17556,41.453798374464164,511.1199999998171,5728.149133304111
17557,41.453798374464164,511.13999999981706,5728.220794109572
17558,41.453798374464164,511.15999999981705,5728.292453009455
17559,41.453798374464164,511.179999999817,5728.364110003656
17560,41.453798374464164,511.199999999817,5728.43576509207
17561,41.453798374464164,511.219999999817,5728.507418274594
17562,41.453798374464164,511.239999999817,5728.579069551122
17563,41.453798374464164,511.25999999981696,5728.650718921552
17564,41.453798374464164,511.27999999981694,5728.722366385778
17565,41.453798374464164,511.2999999998169,5728.794011943695
17566,41.453798374464164,511.3199999998169,5728.865655595201
17567,41.453798374464164,511.3399999998169,5728.9372973401905
17568,41.453798374464164,511.35999999981686,5729.008937178559
17569,41.453798374464164,511.37999999981685,5729.0805751102025
17570,41.453798374464164,511.3999999998168,5729.152211135017
17571,41.453798374464164,511.4199999998168,5729.223845252897
17572,41.453798374464164,511.4399999998168,5729.29547746374
17573,41.453798374464164,511.4599999998168,5729.367107767442
17574,41.453798374464164,511.47999999981676,5729.4387361638965
17575,41.453798374464164,511.49999999981674,5729.510362653001
17576,41.453798374464164,511.5199999998167,5729.58198723465
17577,41.453798374464164,511.5399999998167,5729.653609908741
17578,41.453798374464164,511.5599999998167,5729.725230675168
17579,41.453798374464164,511.57999999981666,5729.796849533828
17580,41.453798374464164,511.59999999981665,5729.868466484616
17581,41.453798374464164,511.6199999998166,5729.940081527428
17582,41.453798374464164,511.6399999998166,5730.0116946621265
17583,41.453798374464164,511.6599999998166,5730.083305887846
17584,41.453798374464164,511.6799999998166,5730.154915204028
17585,41.453798374464164,511.69999999981655,5730.226522610566
17586,41.453798374464164,511.71999999981654,5730.298128107354
17587,41.453798374464164,511.7399999998165,5730.369731694287
17588,41.453798374464164,511.7599999998165,5730.441333371259
17589,41.453798374464164,511.7799999998165,5730.512933138164
17590,41.453798374464164,511.79999999981646,5730.584530994895
17591,41.453798374464164,511.81999999981645,5730.656126941348
17592,41.453798374464164,511.8399999998164,5730.727720977416
17593,41.453798374464164,511.8599999998164,5730.7993131029925
17594,41.453798374464164,511.8799999998164,5730.870903317973
17595,41.453798374464164,511.8999999998164,5730.942491626225
17596,41.453798374464164,511.91999999981635,5731.014078034548
17597,41.453798374464164,511.93999999981634,5731.0856625431625
17598,41.453798374464164,511.9599999998163,5731.157245151962
17599,41.453798374464164,511.9799999998163,5731.228825860842
17600,41.453798374464164,511.9999999998163,5731.300404669697
17601,41.453798374464164,512.0199999998163,5731.371981578421
17602,41.453798374464164,512.0399999998162,5731.443556586909
17603,41.453798374464164,512.0599999998162,5731.515129695055
17604,41.453798374464164,512.0799999998162,5731.586700902755
17605,41.453798374464164,512.0999999998162,5731.658270209902
17606,41.453798374464164,512.1199999998162,5731.729837616392
17607,41.453798374464164,512.1399999998162,5731.801403122118
17608,41.453798374464164,512.1599999998161,5731.872966726975
17609,41.453798374464164,512.1799999998161,5731.944528430859
17610,41.453798374464164,512.1999999998161,5732.016088233662
17611,41.453798374464164,512.2199999998161,5732.087646135282
17612,41.453798374464164,512.2399999998161,5732.159202135611
17613,41.453798374464164,512.259999999816,5732.230756234544
17614,41.453798374464164,512.279999999816,5732.302308431977
17615,41.453798374464164,512.299999999816,5732.373858727802
17616,41.453798374464164,512.319999999816,5732.445407121916
17617,41.453798374464164,512.339999999816,5732.516953614213
17618,41.453798374464164,512.359999999816,5732.588498204587
17619,41.453798374464164,512.3799999998159,5732.6600408929335
17620,41.453798374464164,512.3999999998159,5732.731581679146
17621,41.453798374464164,512.4199999998159,5732.80312056312
17622,41.453798374464164,512.4399999998159,5732.874657544749
17623,41.453798374464164,512.4599999998159,5732.946192623929
17624,41.453798374464164,512.4799999998158,5733.017725800554
17625,41.453798374464164,512.4999999998158,5733.089257074519
17626,41.453798374464164,512.5199999998158,5733.160786445717
17627,41.453798374464164,512.5399999998158,5733.232313914045
17628,41.453798374464164,512.5599999998158,5733.303839479397
17629,41.453798374464164,512.5799999998158,5733.375363141666
17630,41.453798374464164,512.5999999998157,5733.446884900747
17631,41.453798374464164,512.6199999998157,5733.518404756536
17632,41.453798374464164,512.6399999998157,5733.589922708928
17633,41.453798374464164,512.6599999998157,5733.661438757816
17634,41.453798374464164,512.6799999998157,5733.732952903095
17635,41.453798374464164,512.6999999998156,5733.80446514466
17636,41.453798374464164,512.7199999998156,5733.875975482405
17637,41.453798374464164,512.7399999998156,5733.947483916226
17638,41.453798374464164,512.7599999998156,5734.018990446016
17639,41.453798374464164,512.7799999998156,5734.09049507167
17640,41.453798374464164,512.7999999998156,5734.161997793084
17641,41.453798374464164,512.8199999998155,5734.233498610151
17642,41.453798374464164,512.8399999998155,5734.304997522767
17643,41.453798374464164,512.8599999998155,5734.376494530826
17644,41.453798374464164,512.8799999998155,5734.447989634222
17645,41.453798374464164,512.8999999998155,5734.51948283285
17646,41.453798374464164,512.9199999998154,5734.590974131401
17647,41.453798374464164,512.9399999998154,5734.662463536364
17648,41.453798374464164,512.9599999998154,5734.733951047834
17649,41.453798374464164,512.9799999998154,5734.8054366657025
17650,41.453798374464164,512.9999999998154,5734.876920389864
17651,41.453798374464164,513.0199999998154,5734.9484022202105
17652,41.453798374464164,513.0399999998153,5735.0198821566355
17653,41.453798374464164,513.0599999998153,5735.091360199031
17654,41.453798374464164,513.0799999998153,5735.162836347292
17655,41.453798374464164,513.0999999998153,5735.2343106013095
17656,41.453798374464164,513.1199999998153,5735.305782960978
17657,41.453798374464164,513.1399999998152,5735.37725342619
17658,41.453798374464164,513.1599999998152,5735.448721996838
17659,41.453798374464164,513.1799999998152,5735.5201886728155
17660,41.453798374464164,513.1999999998152,5735.591653454016
17661,41.453798374464164,513.2199999998152,5735.663116340332
17662,41.453798374464164,513.2399999998152,5735.7345773316565
17663,41.453798374464164,513.2599999998151,5735.806036427883
17664,41.453798374464164,513.2799999998151,5735.877493628904
17665,41.453798374464164,513.2999999998151,5735.948948934612
17666,41.453798374464164,513.3199999998151,5736.020402344902
17667,41.453798374464164,513.3399999998151,5736.091853859666
17668,41.453798374464164,513.359999999815,5736.163303478797
17669,41.453798374464164,513.379999999815,5736.234751202188
17670,41.453798374464164,513.399999999815,5736.306197029732
17671,41.453798374464164,513.419999999815,5736.377640961322
17672,41.453798374464164,513.439999999815,5736.449082996852
17673,41.453798374464164,513.459999999815,5736.520523136213
17674,41.453798374464164,513.4799999998149,5736.5919613793
17675,41.453798374464164,513.4999999998149,5736.663397726005
17676,41.453798374464164,513.5199999998149,5736.734832176222
17677,41.453798374464164,513.5399999998149,5736.806264729843
17678,41.453798374464164,513.5599999998149,5736.877695386762
17679,41.453798374464164,513.5799999998148,5736.949124146871
17680,41.453798374464164,513.5999999998148,5737.020551010065
17681,41.453798374464164,513.6199999998148,5737.0919759762355
17682,41.453798374464164,513.6399999998148,5737.163399045276
17683,41.453798374464164,513.6599999998148,5737.234820217079
17684,41.453798374464164,513.6799999998148,5737.306239491538
17685,41.453798374464164,513.6999999998147,5737.377656868546
17686,41.453798374464164,513.7199999998147,5737.449072347997
17687,41.453798374464164,513.7399999998147,5737.520485929783
17688,41.453798374464164,513.7599999998147,5737.591897613797
17689,41.453798374464164,513.7799999998147,5737.663307399934
17690,41.453798374464164,513.7999999998146,5737.734715288085
17691,41.453798374464164,513.8199999998146,5737.806121278143
17692,41.453798374464164,513.8399999998146,5737.877525370002
17693,41.453798374464164,513.8599999998146,5737.948927563555
17694,41.38987551549027,513.8799999998146,5738.020327858695
17695,41.38987551549027,513.8999999998146,5738.091726255316
17696,41.38987551549027,513.9199999998145,5738.163122753309
17697,41.38987551549027,513.9399999998145,5738.2345173580115
17698,41.38987551549027,513.9599999998145,5738.305910075331
17699,41.38987551549027,513.9799999998145,5738.377300905226
17700,41.38987551549027,513.9999999998145,5738.448689847594
17701,41.38987551549027,514.0199999998144,5738.520076902334
17702,41.38987551549027,514.0399999998144,5738.591462069342
17703,41.38987551549027,514.0599999998144,5738.662845348515
17704,41.38987551549027,514.0799999998144,5738.73422673975
17705,41.38987551549027,514.0999999998144,5738.805606242945
17706,41.38987551549027,514.1199999998144,5738.876983857997
17707,41.38987551549027,514.1399999998143,5738.948359584804
17708,41.38987551549027,514.1599999998143,5739.019733423262
17709,41.38987551549027,514.1799999998143,5739.091105373268
17710,41.38987551549027,514.1999999998143,5739.16247543472
17711,41.38987551549027,514.2199999998143,5739.233843607516
17712,41.38987551549027,514.2399999998142,5739.305209891552
17713,41.38987551549027,514.2599999998142,5739.376574286726
17714,41.38987551549027,514.2799999998142,5739.447936792935
17715,41.38987551549027,514.2999999998142,5739.519297410076
17716,41.38987551549027,514.3199999998142,5739.590656138047
17717,41.38987551549027,514.3399999998142,5739.662012976744
17718,41.38987551549027,514.3599999998141,5739.7333679260655
17719,41.38987551549027,514.3799999998141,5739.804720985908
17720,41.38987551549027,514.3999999998141,5739.876072156168
17721,41.38987551549027,514.4199999998141,5739.947421436745
17722,41.38987551549027,514.4399999998141,5740.01876882748
17723,41.38987551549027,514.459999999814,5740.090114327447
17724,41.38987551549027,514.479999999814,5740.161457936198
17725,41.38987551549027,514.499999999814,5740.23279965363
17726,41.38987551549027,514.519999999814,5740.30413947964
17727,41.38987551549027,514.539999999814,5740.375477414125
17728,41.38987551549027,514.559999999814,5740.446813456982
17729,41.38987551549027,514.5799999998139,5740.518147608109
17730,41.38987551549027,514.5999999998139,5740.589479867401
17731,41.38987551549027,514.6199999998139,5740.660810234755
17732,41.38987551549027,514.6399999998139,5740.732138710069
17733,41.38987551549027,514.6599999998139,5740.803465293239
17734,41.38987551549027,514.6799999998138,5740.874789984162
17735,41.38987551549027,514.6999999998138,5740.946112782734
17736,41.38987551549027,514.7199999998138,5741.017433688854
17737,41.38987551549027,514.7399999998138,5741.088752702417
17738,41.38987551549027,514.7599999998138,5741.160069823321
17739,41.38987551549027,514.7799999998138,5741.231385051461
17740,41.38987551549027,514.7999999998137,5741.302698386736
17741,41.38987551549027,514.8199999998137,5741.374009829042
17742,41.38987551549027,514.8399999998137,5741.445319378276
17743,41.38987551549027,514.8599999998137,5741.516627034334
17744,41.38987551549027,514.8799999998137,5741.587932797114
17745,41.38987551549027,514.8999999998136,5741.659236666513
17746,41.38987551549027,514.9199999998136,5741.730538642427
17747,41.38987551549027,514.9399999998136,5741.801838724823
17748,41.38987551549027,514.9599999998136,5741.873136919415
17749,41.38987551549027,514.9799999998136,5741.944433231285
17750,41.38987551549027,514.9999999998136,5742.015727660331
17751,41.38987551549027,515.0199999998135,5742.08702020645
17752,41.38987551549027,515.0399999998135,5742.158310869537
17753,41.38987551549027,515.0599999998135,5742.229599649489
17754,41.38987551549027,515.0799999998135,5742.300886546202
17755,41.38987551549027,515.0999999998135,5742.372171559572
17756,41.38987551549027,515.1199999998134,5742.443454689497
17757,41.38987551549027,515.1399999998134,5742.5147359358725
17758,41.38987551549027,515.1599999998134,5742.586015298595
17759,41.38987551549027,515.1799999998134,5742.657292777561
17760,41.38987551549027,515.1999999998134,5742.728568372668
17761,41.38987551549027,515.2199999998134,5742.799842083811
17762,41.38987551549027,515.2399999998133,5742.871113910887
17763,41.38987551549027,515.2599999998133,5742.942383853793
17764,41.38987551549027,515.2799999998133,5743.013651912425
17765,41.38987551549027,515.2999999998133,5743.08491808668
17766,41.38987551549027,515.3199999998133,5743.156182376453
17767,41.38987551549027,515.3399999998132,5743.227444781643
17768,41.38987551549027,515.3599999998132,5743.298705302143
17769,41.38987551549027,515.3799999998132,5743.369963937853
17770,41.38987551549027,515.3999999998132,5743.441220688667
17771,41.38987551549027,515.4199999998132,5743.512475554483
17772,41.38987551549027,515.4399999998132,5743.583728535197
17773,41.38987551549027,515.4599999998131,5743.654979630705
17774,41.38987551549027,515.4799999998131,5743.726228840905
17775,41.38987551549027,515.4999999998131,5743.7974761656915
17776,41.38987551549027,515.5199999998131,5743.868721604962
17777,41.38987551549027,515.5399999998131,5743.939965158613
17778,41.38987551549027,515.559999999813,5744.011206826541
17779,41.38987551549027,515.579999999813,5744.082446608642
17780,41.38987551549027,515.599999999813,5744.153684504814
17781,41.38987551549027,515.619999999813,5744.224920514952
17782,41.38987551549027,515.639999999813,5744.296154638952
17783,41.38987551549027,515.659999999813,5744.367386876713
17784,41.38987551549027,515.6799999998129,5744.438617228129
17785,41.38987551549027,515.6999999998129,5744.509845693098
17786,41.38987551549027,515.7199999998129,5744.581072271516
17787,41.38987551549027,515.7399999998129,5744.652296963279
17788,41.38987551549027,515.7599999998129,5744.723519768284
17789,41.38987551549027,515.7799999998128,5744.794740686428
17790,41.38987551549027,515.7999999998128,5744.8659597176065
17791,41.38987551549027,515.8199999998128,5744.9371768617175
17792,41.38987551549027,515.8399999998128,5745.008392118656
17793,41.38987551549027,515.8599999998128,5745.079605488319
17794,41.38987551549027,515.8799999998128,5745.150816970604
17795,41.38987551549027,515.8999999998127,5745.222026565406
17796,41.38987551549027,515.9199999998127,5745.293234272623
17797,41.38987551549027,515.9399999998127,5745.36444009215
17798,41.38987551549027,515.9599999998127,5745.435644024093
17799,41.38987551549027,515.9799999998127,5745.5068460749235
17800,41.38987551549027,515.9999999998126,5745.578046249241
17801,41.38987551549027,516.0199999998126,5745.649244546941
17802,41.38987551549027,516.0399999998126,5745.720440967918
17803,41.38987551549027,516.0599999998126,5745.791635512067
17804,41.38987551549027,516.0799999998126,5745.862828179283
17805,41.38987551549027,516.0999999998126,5745.93401896946
17806,41.38987551549027,516.1199999998125,5746.005207882495
17807,41.38987551549027,516.1399999998125,5746.07639491828
17808,41.38987551549027,516.1599999998125,5746.147580076712
17809,41.38987551549027,516.1799999998125,5746.218763357685
17810,41.38987551549027,516.1999999998125,5746.289944761094
17811,41.38987551549027,516.2199999998124,5746.361124286835
17812,41.38987551549027,516.2399999998124,5746.432301934801
17813,41.38987551549027,516.2599999998124,5746.503477704889
17814,41.38987551549027,516.2799999998124,5746.574651596992
17815,41.38987551549027,516.2999999998124,5746.645823611007
17816,41.38987551549027,516.3199999998124,5746.716993746827
17817,41.38987551549027,516.3399999998123,5746.788162004348
17818,41.38987551549027,516.3599999998123,5746.859328383464
17819,41.38987551549027,516.3799999998123,5746.930492884071
17820,41.38987551549027,516.3999999998123,5747.001655506064
17821,41.38987551549027,516.4199999998123,5747.072816249337
17822,41.38987551549027,516.4399999998122,5747.143975113785
17823,41.38987551549027,516.4599999998122,5747.215132099303
17824,41.38987551549027,516.4799999998122,5747.286287205787
17825,41.38987551549027,516.4999999998122,5747.35744043313
17826,41.38987551549027,516.5199999998122,5747.428591781229
17827,41.38987551549027,516.5399999998122,5747.499741249978
17828,41.38987551549027,516.5599999998121,5747.570888839272
17829,41.38987551549027,516.5799999998121,5747.642034549005
17830,41.38987551549027,516.5999999998121,5747.713178379074
17831,41.38987551549027,516.6199999998121,5747.784320329372
17832,41.38987551549027,516.6399999998121,5747.855460399795
17833,41.38987551549027,516.659999999812,5747.926598590238
17834,41.38987551549027,516.679999999812,5747.997734900596
17835,41.38987551549027,516.699999999812,5748.068869330763
17836,41.38987551549027,516.719999999812,5748.140001880634
17837,41.38987551549027,516.739999999812,5748.2111325501055
17838,41.38987551549027,516.759999999812,5748.282261339071
17839,41.38987551549027,516.7799999998119,5748.353388247426
17840,41.38987551549027,516.7999999998119,5748.424513275065
17841,41.38987551549027,516.8199999998119,5748.495636421883
17842,41.38987551549027,516.8399999998119,5748.566757687776
17843,41.38987551549027,516.8599999998119,5748.637877072638
17844,41.32611677237459,516.8799999998118,5748.708994576365
17845,41.32611677237459,516.8999999998118,5748.780110198851
17846,41.32611677237459,516.9199999998118,5748.851223939991
17847,41.32611677237459,516.9399999998118,5748.92233579968
17848,41.32611677237459,516.9599999998118,5748.993445777813
17849,41.32611677237459,516.9799999998118,5749.064553874621
17850,41.32611677237459,516.9999999998117,5749.1356600969675
17851,41.32611677237459,517.0199999998117,5749.2067644486915
17852,41.32611677237459,517.0399999998117,5749.277866929692
17853,41.32611677237459,517.0599999998117,5749.348967539868
17854,41.32611677237459,517.0799999998117,5749.420066279119
17855,41.32611677237459,517.0999999998116,5749.491163147344
17856,41.32611677237459,517.1199999998116,5749.562258144442
17857,41.32611677237459,517.1399999998116,5749.633351270312
17858,41.32611677237459,517.1599999998116,5749.704442524854
17859,41.32611677237459,517.1799999998116,5749.775531907967
17860,41.32611677237459,517.1999999998116,5749.84661941955
17861,41.32611677237459,517.2199999998115,5749.917705059502
17862,41.32611677237459,517.2399999998115,5749.988788827722
17863,41.32611677237459,517.2599999998115,5750.059870723685
17864,41.32611677237459,517.2799999998115,5750.130950746597
17865,41.32611677237459,517.2999999998115,5750.202028896326
17866,41.32611677237459,517.3199999998114,5750.2731051727715
17867,41.32611677237459,517.3399999998114,5750.344179575833
17868,41.32611677237459,517.3599999998114,5750.415252105409
17869,41.32611677237459,517.3799999998114,5750.4863227614005
17870,41.32611677237459,517.3999999998114,5750.557391543706
17871,41.32611677237459,517.4199999998114,5750.6284584522255
17872,41.32611677237459,517.4399999998113,5750.699523486857
17873,41.32611677237459,517.4599999998113,5750.770586647502
17874,41.32611677237459,517.4799999998113,5750.841647934058
17875,41.32611677237459,517.4999999998113,5750.912707346425
17876,41.32611677237459,517.5199999998113,5750.983764884503
17877,41.32611677237459,517.5399999998112,5751.054820548191
17878,41.32611677237459,517.5599999998112,5751.125874337388
17879,41.32611677237459,517.5799999998112,5751.196926251994
17880,41.32611677237459,517.5999999998112,5751.267976291909
17881,41.32611677237459,517.6199999998112,5751.339024457031
17882,41.32611677237459,517.6399999998112,5751.41007074726
17883,41.32611677237459,517.6599999998111,5751.481115162495
17884,41.32611677237459,517.6799999998111,5751.552157702637
17885,41.32611677237459,517.6999999998111,5751.623198367583
17886,41.32611677237459,517.7199999998111,5751.694237157235
17887,41.32611677237459,517.7399999998111,5751.76527407149
17888,41.32611677237459,517.759999999811,5751.836309110249
17889,41.32611677237459,517.779999999811,5751.907342273411
17890,41.32611677237459,517.799999999811,5751.978373560875
17891,41.32611677237459,517.819999999811,5752.049402972541
17892,41.32611677237459,517.839999999811,5752.120430508308
17893,41.32611677237459,517.859999999811,5752.191456168076
17894,41.32611677237459,517.8799999998109,5752.262479951744
17895,41.32611677237459,517.8999999998109,5752.3335018592115
17896,41.32611677237459,517.9199999998109,5752.404521890378
17897,41.32611677237459,517.9399999998109,5752.475540045143
17898,41.32611677237459,517.9599999998109,5752.546556323406
17899,41.32611677237459,517.9799999998108,5752.617570725066
17900,41.32611677237459,517.9999999998108,5752.68858325048
17901,41.32611677237459,518.0199999998108,5752.75959390687
17902,41.32611677237459,518.0399999998108,5752.830602697331
17903,41.32611677237459,518.0599999998108,5752.901609621765
17904,41.32611677237459,518.0799999998108,5752.972614680068
17905,41.32611677237459,518.0999999998107,5753.043617872138
17906,41.32611677237459,518.1199999998107,5753.114619197875
17907,41.32611677237459,518.1399999998107,5753.185618657177
17908,41.32611677237459,518.1599999998107,5753.256616249941
17909,41.32611677237459,518.1799999998107,5753.327611976066
17910,41.32611677237459,518.1999999998106,5753.398605835451
17911,41.32611677237459,518.2199999998106,5753.469597827994
17912,41.32611677237459,518.2399999998106,5753.540587953594
17913,41.32611677237459,518.2599999998106,5753.611576212148
17914,41.32611677237459,518.2799999998106,5753.682562603555
17915,41.32611677237459,518.2999999998106,5753.753547127713
17916,41.32611677237459,518.3199999998105,5753.8245297845215
17917,41.32611677237459,518.3399999998105,5753.895510573877
17918,41.32611677237459,518.3599999998105,5753.966489495679
17919,41.32611677237459,518.3799999998105,5754.037466549826
17920,41.32611677237459,518.3999999998105,5754.108441736215
17921,41.32611677237459,518.4199999998104,5754.179415054747
17922,41.32611677237459,518.4399999998104,5754.250386505318
17923,41.32611677237459,518.4599999998104,5754.321356087827
17924,41.32611677237459,518.4799999998104,5754.3923238021725
17925,41.32611677237459,518.4999999998104,5754.463289648253
17926,41.32611677237459,518.5199999998104,5754.534253625966
17927,41.32611677237459,518.5399999998103,5754.605215735211
17928,41.32611677237459,518.5599999998103,5754.676175975886
17929,41.32611677237459,518.5799999998103,5754.747134347889
17930,41.32611677237459,518.5999999998103,5754.818090851119
17931,41.32611677237459,518.6199999998103,5754.8890454854745
17932,41.32611677237459,518.6399999998102,5754.959998250853
17933,41.32611677237459,518.6599999998102,5755.030949147153
17934,41.32611677237459,518.6799999998102,5755.101898174273
17935,41.32611677237459,518.6999999998102,5755.172845332111
17936,41.32611677237459,518.7199999998102,5755.243790620567
17937,41.32611677237459,518.7399999998102,5755.314734039538
17938,41.32611677237459,518.7599999998101,5755.385675588923
17939,41.32611677237459,518.7799999998101,5755.456615268619
17940,41.32611677237459,518.7999999998101,5755.527553078527
17941,41.32611677237459,518.8199999998101,5755.598489018543
17942,41.32611677237459,518.8399999998101,5755.669423088566
17943,41.32611677237459,518.85999999981,5755.740355288494
17944,41.32611677237459,518.87999999981,5755.811285618227
17945,41.32611677237459,518.89999999981,5755.882214077662
17946,41.32611677237459,518.91999999981,5755.953140666697
17947,41.32611677237459,518.93999999981,5756.0240653852325
17948,41.32611677237459,518.95999999981,5756.094988233165
17949,41.32611677237459,518.9799999998099,5756.165909210394
17950,41.32611677237459,518.9999999998099,5756.236828316817
17951,41.32611677237459,519.0199999998099,5756.307745552941
17952,41.32611677237459,519.0399999998099,5756.378660926786
17953,41.32611677237459,519.0599999998099,5756.449574440895
17954,41.32611677237459,519.0799999998098,5756.520486095164
17955,41.32611677237459,519.0999999998098,5756.591395889493
17956,41.32611677237459,519.1199999998098,5756.662303823777
17957,41.32611677237459,519.1399999998098,5756.733209897914
17958,41.32611677237459,519.1599999998098,5756.804114111803
17959,41.32611677237459,519.1799999998098,5756.87501646534
17960,41.32611677237459,519.1999999998097,5756.945916958423
17961,41.32611677237459,519.2199999998097,5757.0168155909505
17962,41.32611677237459,519.2399999998097,5757.087712362819
17963,41.32611677237459,519.2599999998097,5757.158607273926
17964,41.32611677237459,519.2799999998097,5757.229500324169
17965,41.32611677237459,519.2999999998096,5757.300391513446
17966,41.32611677237459,519.3199999998096,5757.371280841655
17967,41.32611677237459,519.3399999998096,5757.442168308692
17968,41.32611677237459,519.3599999998096,5757.513053914457
17969,41.32611677237459,519.3799999998096,5757.583937658845
17970,41.32611677237459,519.3999999998096,5757.6548195417545
17971,41.32611677237459,519.4199999998095,5757.725699563083
17972,41.32611677237459,519.4399999998095,5757.796577722729
17973,41.32611677237459,519.4599999998095,5757.867454020589
17974,41.32611677237459,519.4799999998095,5757.938328456561
17975,41.32611677237459,519.4999999998095,5758.0092010305425
17976,41.32611677237459,519.5199999998094,5758.080071742431
17977,41.32611677237459,519.5399999998094,5758.150940592123
17978,41.32611677237459,519.5599999998094,5758.221807579518
17979,41.32611677237459,519.5799999998094,5758.292672704512
17980,41.32611677237459,519.5999999998094,5758.363535967004
17981,41.32611677237459,519.6199999998094,5758.434397366891
17982,41.32611677237459,519.6399999998093,5758.50525690407
17983,41.32611677237459,519.6599999998093,5758.576114578439
17984,41.32611677237459,519.6799999998093,5758.646970389896
17985,41.32611677237459,519.6999999998093,5758.717824338338
17986,41.32611677237459,519.7199999998093,5758.788676423662
17987,41.32611677237459,519.7399999998092,5758.859526645767
17988,41.32611677237459,519.7599999998092,5758.930375004549
17989,41.32611677237459,519.7799999998092,5759.001221499907
17990,41.32611677237459,519.7999999998092,5759.072066131738
17991,41.32611677237459,519.8199999998092,5759.14290889994
17992,41.32611677237459,519.8399999998092,5759.21374980441
17993,41.32611677237459,519.8599999998091,5759.2845888450465
17994,41.26252155582972,519.8799999998091,5759.355426021746
17995,41.26252155582972,519.8999999998091,5759.426261334406
17996,41.26252155582972,519.9199999998091,5759.497094782925
17997,41.26252155582972,519.9399999998091,5759.5679263672
17998,41.26252155582972,519.959999999809,5759.638756087129
17999,41.26252155582972,519.979999999809,5759.709583942609
18000,41.26252155582972,519.999999999809,5759.780409933538
18001,41.26252155582972,520.019999999809,5759.851234059814
18002,41.26252155582972,520.039999999809,5759.922056322051
18003,41.26252155582972,520.059999999809,5759.992876728501
18004,41.26252155582972,520.0799999998089,5760.063695280442
18005,41.26252155582972,520.0999999998089,5760.134511977053
18006,41.26252155582972,520.1199999998089,5760.205326818214
18007,41.26252155582972,520.1399999998089,5760.2761398038265
18008,41.26252155582972,520.1599999998089,5760.346950933789
18009,41.26252155582972,520.1799999998088,5760.4177602080035
18010,41.26252155582972,520.1999999998088,5760.48856762637
18011,41.26252155582972,520.2199999998088,5760.55937318879
18012,41.26252155582972,520.2399999998088,5760.6301768951635
18013,41.26252155582972,520.2599999998088,5760.700978745391
18014,41.26252155582972,520.2799999998088,5760.771778739373
18015,41.26252155582972,520.2999999998087,5760.842576877011
18016,41.26252155582972,520.3199999998087,5760.913373158205
18017,41.26252155582972,520.3399999998087,5760.984167582856
18018,41.26252155582972,520.3599999998087,5761.054960150864
18019,41.26252155582972,520.3799999998087,5761.125750862129
18020,41.26252155582972,520.3999999998086,5761.196539716553
18021,41.26252155582972,520.4199999998086,5761.267326714036
18022,41.26252155582972,520.4399999998086,5761.338111854479
18023,41.26252155582972,520.4599999998086,5761.408895137783
18024,41.26252155582972,520.4799999998086,5761.4796765638475
18025,41.26252155582972,520.4999999998086,5761.550456132574
18026,41.26252155582972,520.5199999998085,5761.621233843863
18027,41.26252155582972,520.5399999998085,5761.692009697615
18028,41.26252155582972,520.5599999998085,5761.76278369373
18029,41.26252155582972,520.5799999998085,5761.83355583211
18030,41.26252155582972,520.5999999998085,5761.904326112654
18031,41.26252155582972,520.6199999998084,5761.975094535264
18032,41.26252155582972,520.6399999998084,5762.04586109984
18033,41.26252155582972,520.6599999998084,5762.116625806283
18034,41.26252155582972,520.6799999998084,5762.187388654494
18035,41.26252155582972,520.6999999998084,5762.258149644372
18036,41.26252155582972,520.7199999998084,5762.328908775819
18037,41.26252155582972,520.7399999998083,5762.399666048736
18038,41.26252155582972,520.7599999998083,5762.470421463023
18039,41.26252155582972,520.7799999998083,5762.54117501858
18040,41.26252155582972,520.7999999998083,5762.611926715309
18041,41.26252155582972,520.8199999998083,5762.6826765531105
18042,41.26252155582972,520.8399999998082,5762.753424531884
18043,41.26252155582972,520.8599999998082,5762.824170651531
18044,41.26252155582972,520.8799999998082,5762.894914911953
18045,41.26252155582972,520.8999999998082,5762.965657313049
18046,41.26252155582972,520.9199999998082,5763.03639785472
18047,41.26252155582972,520.9399999998082,5763.107136536868
18048,41.26252155582972,520.9599999998081,5763.177873359392
18049,41.26252155582972,520.9799999998081,5763.248608322194
18050,41.26252155582972,520.9999999998081,5763.319341425174
18051,41.26252155582972,521.0199999998081,5763.390072668232
18052,41.26252155582972,521.0399999998081,5763.46080205127
18053,41.26252155582972,521.059999999808,5763.531529575024
18054,41.26252155582972,521.079999999808,5763.602255248165
18055,41.26252155582972,521.099999999808,5763.6729790718355
18056,41.26252155582972,521.119999999808,5763.743701045934
18057,41.26252155582972,521.139999999808,5763.81442117036
18058,41.26252155582972,521.159999999808,5763.885139445013
18059,41.26252155582972,521.1799999998079,5763.955855869791
18060,41.26252155582972,521.1999999998079,5764.026570444593
18061,41.26252155582972,521.2199999998079,5764.097283169318
18062,41.26252155582972,521.2399999998079,5764.167994043866
18063,41.26252155582972,521.2599999998079,5764.238703068136
18064,41.26252155582972,521.2799999998078,5764.3094102420255
18065,41.26252155582972,521.2999999998078,5764.380115565435
18066,41.26252155582972,521.3199999998078,5764.450819038262
18067,41.26252155582972,521.3399999998078,5764.521520660407
18068,41.26252155582972,521.3599999998078,5764.5922204317685
18069,41.26252155582972,521.3799999998078,5764.6629183522455
18070,41.26252155582972,521.3999999998077,5764.733614421737
18071,41.26252155582972,521.4199999998077,5764.804308640142
18072,41.26252155582972,521.4399999998077,5764.87500100736
18073,41.26252155582972,521.4599999998077,5764.9456915232895
18074,41.26252155582972,521.4799999998077,5765.01638018783
18075,41.26252155582972,521.4999999998076,5765.08706700088
18076,41.26252155582972,521.5199999998076,5765.157751962339
18077,41.26252155582972,521.5399999998076,5765.228435072106
18078,41.26252155582972,521.5599999998076,5765.299116330079
18079,41.26252155582972,521.5799999998076,5765.369795736159
18080,41.26252155582972,521.5999999998076,5765.440473290244
18081,41.26252155582972,521.6199999998075,5765.511148992233
18082,41.26252155582972,521.6399999998075,5765.581822842025
18083,41.26252155582972,521.6599999998075,5765.652494839518
18084,41.26252155582972,521.6799999998075,5765.723164984613
18085,41.26252155582972,521.6999999998075,5765.793833277207
18086,41.26252155582972,521.7199999998074,5765.864499717201
18087,41.26252155582972,521.7399999998074,5765.935164304494
18088,41.26252155582972,521.7599999998074,5766.005827038984
18089,41.26252155582972,521.7799999998074,5766.07648792057
18090,41.26252155582972,521.7999999998074,5766.147146949152
18091,41.26252155582972,521.8199999998074,5766.217804124628
18092,41.26252155582972,521.8399999998073,5766.288459446898
18093,41.26252155582972,521.8599999998073,5766.35911291586
18094,41.26252155582972,521.8799999998073,5766.429764531415
18095,41.26252155582972,521.8999999998073,5766.5004142934595
18096,41.26252155582972,521.9199999998073,5766.571062201894
18097,41.26252155582972,521.9399999998072,5766.641708256618
18098,41.26252155582972,521.9599999998072,5766.712352457529
18099,41.26252155582972,521.9799999998072,5766.782994804528
18100,41.26252155582972,521.9999999998072,5766.853635297513
18101,41.26252155582972,522.0199999998072,5766.9242739363835
18102,41.26252155582972,522.0399999998072,5766.994910721038
18103,41.26252155582972,522.0599999998071,5767.065545651376
18104,41.26252155582972,522.0799999998071,5767.136178728544
18105,41.26252155582972,522.0999999998071,5767.206809961554
18106,41.26252155582972,522.1199999998071,5767.277439351181
18107,41.26252155582972,522.1399999998071,5767.3480668973225
18108,41.26252155582972,522.159999999807,5767.418692599877
18109,41.26252155582972,522.179999999807,5767.489316458746
18110,41.26252155582972,522.199999999807,5767.559938473826
18111,41.26252155582972,522.219999999807,5767.630558645019
18112,41.26252155582972,522.239999999807,5767.701176972222
18113,41.26252155582972,522.259999999807,5767.771793455335
18114,41.26252155582972,522.2799999998069,5767.842408094257
18115,41.26252155582972,522.2999999998069,5767.913020888887
18116,41.26252155582972,522.3199999998069,5767.983631839124
18117,41.26252155582972,522.3399999998069,5768.054240944868
18118,41.26252155582972,522.3599999998069,5768.124848206018
18119,41.26252155582972,522.3799999998068,5768.195453622473
18120,41.26252155582972,522.3999999998068,5768.2660571941315
18121,41.26252155582972,522.4199999998068,5768.336658920894
18122,41.26252155582972,522.4399999998068,5768.407258802657
18123,41.26252155582972,522.4599999998068,5768.477856839323
18124,41.26252155582972,522.4799999998068,5768.5484530307895
18125,41.26252155582972,522.4999999998067,5768.619047376956
18126,41.26252155582972,522.5199999998067,5768.689639877721
18127,41.26252155582972,522.5399999998067,5768.760230532985
18128,41.26252155582972,522.5599999998067,5768.830819342646
18129,41.26252155582972,522.5799999998067,5768.901406306603
18130,41.26252155582972,522.5999999998066,5768.971991424757
18131,41.26252155582972,522.6199999998066,5769.042574697006
18132,41.26252155582972,522.6399999998066,5769.113156123249
18133,41.26252155582972,522.6599999998066,5769.183735703385
18134,41.26252155582972,522.6799999998066,5769.254313437314
18135,41.26252155582972,522.6999999998066,5769.324889324934
18136,41.26252155582972,522.7199999998065,5769.395463366145
18137,41.26252155582972,522.7399999998065,5769.466035560847
18138,41.26252155582972,522.7599999998065,5769.536605908937
18139,41.26252155582972,522.7799999998065,5769.6071744103165
18140,41.26252155582972,522.7999999998065,5769.677741064884
18141,41.26252155582972,522.8199999998064,5769.7483058725375
18142,41.26252155582972,522.8399999998064,5769.8188688331775
18143,41.26252155582972,522.8599999998064,5769.889429946703
18144,41.199089279286014,522.8799999998064,5769.959989213013
18145,41.26252155582972,522.8999999998064,5770.030546631917
18146,41.26252155582972,522.9199999998064,5770.101102202337
18147,41.26252155582972,522.9399999998063,5770.171655923997
18148,41.26252155582972,522.9599999998063,5770.242207796796
18149,41.26252155582972,522.9799999998063,5770.312757820632
18150,41.199089279286014,522.9999999998063,5770.383305995405
18151,41.199089279286014,523.0199999998063,5770.453852321012
18152,41.199089279286014,523.0399999998062,5770.524396797352
18153,41.199089279286014,523.0599999998062,5770.5949394243235
18154,41.199089279286014,523.0799999998062,5770.665480201825
18155,41.199089279286014,523.0999999998062,5770.736019131587
18156,41.199089279286014,523.1199999998062,5770.806556221753
18157,41.199089279286014,523.1399999998062,5770.877091472937
18158,41.199089279286014,523.1599999998061,5770.94762488504
18159,41.199089279286014,523.1799999998061,5771.018156457965
18160,41.199089279286014,523.1999999998061,5771.088686191615
18161,41.199089279286014,523.2199999998061,5771.159214085893
18162,41.199089279286014,523.2399999998061,5771.2297401407
18163,41.199089279286014,523.259999999806,5771.300264355941
18164,41.199089279286014,523.279999999806,5771.370786731517
18165,41.199089279286014,523.299999999806,5771.441307267331
18166,41.199089279286014,523.319999999806,5771.5118259632845
18167,41.199089279286014,523.339999999806,5771.582342819282
18168,41.199089279286014,523.359999999806,5771.6528578352245
18169,41.199089279286014,523.3799999998059,5771.723371011016
18170,41.199089279286014,523.3999999998059,5771.793882346558
18171,41.199089279286014,523.4199999998059,5771.864391841754
18172,41.199089279286014,523.4399999998059,5771.934899496506
18173,41.199089279286014,523.4599999998059,5772.005405310716
18174,41.199089279286014,523.4799999998058,5772.075909284287
18175,41.199089279286014,523.4999999998058,5772.146411417123
18176,41.199089279286014,523.5199999998058,5772.216911709125
18177,41.199089279286014,523.5399999998058,5772.2874101601965
18178,41.199089279286014,523.5599999998058,5772.357906770239
18179,41.199089279286014,523.5799999998058,5772.428401539157
18180,41.199089279286014,523.5999999998057,5772.498894466851
18181,41.199089279286014,523.6199999998057,5772.569385553225
18182,41.199089279286014,523.6399999998057,5772.639874798181
18183,41.199089279286014,523.6599999998057,5772.710362201622
18184,41.199089279286014,523.6799999998057,5772.78084776345
18185,41.199089279286014,523.6999999998056,5772.851331483568
18186,41.199089279286014,523.7199999998056,5772.921813361879
18187,41.199089279286014,523.7399999998056,5772.992293398285
18188,41.199089279286014,523.7599999998056,5773.062771592689
18189,41.199089279286014,523.7799999998056,5773.133247944994
18190,41.199089279286014,523.7999999998056,5773.203722455101
18191,41.199089279286014,523.8199999998055,5773.2741951229145
18192,41.199089279286014,523.8399999998055,5773.344665948336
18193,41.199089279286014,523.8599999998055,5773.415134931269
18194,41.199089279286014,523.8799999998055,5773.485602071615
18195,41.199089279286014,523.8999999998055,5773.556067369278
18196,41.199089279286014,523.9199999998054,5773.62653082416
18197,41.199089279286014,523.9399999998054,5773.696992436164
18198,41.199089279286014,523.9599999998054,5773.767452205192
18199,41.199089279286014,523.9799999998054,5773.837910131147
18200,41.199089279286014,523.9999999998054,5773.908366213931
18201,41.199089279286014,524.0199999998053,5773.978820453448
18202,41.199089279286014,524.0399999998053,5774.049272849599
18203,41.199089279286014,524.0599999998053,5774.119723402288
18204,41.199089279286014,524.0799999998053,5774.190172111417
18205,41.199089279286014,524.0999999998053,5774.260618976889
18206,41.199089279286014,524.1199999998053,5774.33106400107
18207,41.199089279286014,524.1399999998052,5774.401507191576
18208,41.199089279286014,524.1599999998052,5774.47194854889
18209,41.199089279286014,524.1799999998052,5774.542388072915
18210,41.199089279286014,524.1999999998052,5774.612825763551
18211,41.199089279286014,524.2199999998052,5774.6832616207
18212,41.199089279286014,524.2399999998051,5774.753695644264
18213,41.199089279286014,524.2599999998051,5774.824127834143
18214,41.199089279286014,524.2799999998051,5774.894558190239
18215,41.199089279286014,524.2999999998051,5774.964986712453
18216,41.199089279286014,524.3199999998051,5775.035413400686
18217,41.199089279286014,524.3399999998051,5775.10583825484
18218,41.199089279286014,524.359999999805,5775.176261274816
18219,41.199089279286014,524.379999999805,5775.246682460516
18220,41.199089279286014,524.399999999805,5775.317101811841
18221,41.199089279286014,524.419999999805,5775.387519328692
18222,41.199089279286014,524.439999999805,5775.457935010971
18223,41.199089279286014,524.459999999805,5775.528348858578
18224,41.199089279286014,524.4799999998049,5775.598760871416
18225,41.199089279286014,524.4999999998049,5775.669171049385
18226,41.199089279286014,524.5199999998049,5775.739579392387
18227,41.199089279286014,524.5399999998049,5775.809985900323
18228,41.199089279286014,524.5599999998049,5775.880390573095
18229,41.199089279286014,524.5799999998048,5775.950793410603
18230,41.199089279286014,524.5999999998048,5776.0211944127495
18231,41.199089279286014,524.6199999998048,5776.0915935794355
18232,41.199089279286014,524.6399999998048,5776.161990910563
18233,41.199089279286014,524.6599999998048,5776.232386406033
18234,41.199089279286014,524.6799999998047,5776.3027800657455
18235,41.199089279286014,524.6999999998047,5776.373171889604
18236,41.199089279286014,524.7199999998047,5776.443561877509
18237,41.199089279286014,524.7399999998047,5776.513950029361
18238,41.199089279286014,524.7599999998047,5776.584336345062
18239,41.199089279286014,524.7799999998047,5776.654720824515
18240,41.199089279286014,524.7999999998046,5776.725103467618
18241,41.199089279286014,524.8199999998046,5776.795484274276
18242,41.199089279286014,524.8399999998046,5776.865863244388
18243,41.199089279286014,524.8599999998046,5776.936240377855
18244,41.199089279286014,524.8799999998046,5777.00661567458
18245,41.199089279286014,524.8999999998045,5777.0769891344635
18246,41.199089279286014,524.9199999998045,5777.147360757407
18247,41.199089279286014,524.9399999998045,5777.217730543312
18248,41.199089279286014,524.9599999998045,5777.28809849208
18249,41.199089279286014,524.9799999998045,5777.358464603612
18250,41.199089279286014,524.9999999998045,5777.428828877811
18251,41.199089279286014,525.0199999998044,5777.499191314576
18252,41.199089279286014,525.0399999998044,5777.569551913809
18253,41.199089279286014,525.0599999998044,5777.639910675412
18254,41.199089279286014,525.0799999998044,5777.7102675992855
18255,41.199089279286014,525.0999999998044,5777.780622685332
18256,41.199089279286014,525.1199999998043,5777.850975933452
18257,41.199089279286014,525.1399999998043,5777.921327346748
18258,41.199089279286014,525.1599999998043,5777.991676932563
18259,41.199089279286014,525.1799999998043,5778.062024691271
18260,41.199089279286014,525.1999999998043,5778.132370622775
18261,41.199089279286014,525.2199999998043,5778.2027147269755
18262,41.199089279286014,525.2399999998042,5778.273057003775
18263,41.199089279286014,525.2599999998042,5778.343397453075
18264,41.199089279286014,525.2799999998042,5778.413736074779
18265,41.199089279286014,525.2999999998042,5778.484072868789
18266,41.199089279286014,525.3199999998042,5778.554407835005
18267,41.199089279286014,525.3399999998041,5778.6247409733305
18268,41.199089279286014,525.3599999998041,5778.695072283667
18269,41.199089279286014,525.3799999998041,5778.765401765918
18270,41.199089279286014,525.3999999998041,5778.835729419984
18271,41.199089279286014,525.4199999998041,5778.906055245768
18272,41.199089279286014,525.4399999998041,5778.976379243171
18273,41.199089279286014,525.459999999804,5779.046701412096
18274,41.199089279286014,525.479999999804,5779.117021752445
18275,41.199089279286014,525.499999999804,5779.1873402641195
18276,41.199089279286014,525.519999999804,5779.257656947022
18277,41.199089279286014,525.539999999804,5779.327971801054
18278,41.199089279286014,525.559999999804,5779.3982848261185
18279,41.199089279286014,525.5799999998039,5779.468596022117
18280,41.199089279286014,525.5999999998039,5779.538905388951
18281,41.199089279286014,525.6199999998039,5779.609212926524
18282,41.199089279286014,525.6399999998039,5779.679518634737
18283,41.199089279286014,525.6599999998039,5779.749822513492
18284,41.199089279286014,525.6799999998038,5779.820124562692
18285,41.199089279286014,525.6999999998038,5779.890424782238
18286,41.199089279286014,525.7199999998038,5779.960723172033
18287,41.199089279286014,525.7399999998038,5780.031019731885
18288,41.199089279286014,525.7599999998038,5780.101314460688
18289,41.199089279286014,525.7799999998037,5780.171607358174
18290,41.199089279286014,525.7999999998037,5780.241898424243
18291,41.199089279286014,525.8199999998037,5780.3121876587975
18292,41.199089279286014,525.8399999998037,5780.382475061737
18293,41.199089279286014,525.8599999998037,5780.452760632961
18294,41.199089279286014,525.8799999998037,5780.523044372371
18295,41.199089279286014,525.8999999998036,5780.593326279868
18296,41.199089279286014,525.9199999998036,5780.6636063553515
18297,41.199089279286014,525.9399999998036,5780.733884598723
18298,41.199089279286014,525.9599999998036,5780.804161009883
18299,41.199089279286014,525.9799999998036,5780.874435588731
18300,41.199089279286014,525.9999999998035,5780.944708335169
18301,41.199089279286014,526.0199999998035,5781.0149792490965
18302,41.13581935887616,526.0399999998035,5781.085248330414
18303,41.13581935887616,526.0599999998035,5781.155515579023
18304,41.13581935887616,526.0799999998035,5781.225780994823
18305,41.13581935887616,526.0999999998035,5781.296044577716
18306,41.13581935887616,526.1199999998034,5781.366306327602
18307,41.13581935887616,526.1399999998034,5781.436566244381
18308,41.13581935887616,526.1599999998034,5781.506824331615
18309,41.13581935887616,526.1799999998034,5781.577080595775
18310,41.13581935887616,526.1999999998034,5781.647335037092
18311,41.13581935887616,526.2199999998033,5781.717587655468
18312,41.13581935887616,526.2399999998033,5781.78783845081
18313,41.13581935887616,526.2599999998033,5781.858087423022
18314,41.13581935887616,526.2799999998033,5781.928334572009
18315,41.13581935887616,526.2999999998033,5781.998579897676
18316,41.13581935887616,526.3199999998033,5782.068823399927
18317,41.13581935887616,526.3399999998032,5782.139065078669
18318,41.13581935887616,526.3599999998032,5782.2093049338055
18319,41.13581935887616,526.3799999998032,5782.2795429652415
18320,41.13581935887616,526.3999999998032,5782.349779172882
18321,41.13581935887616,526.4199999998032,5782.4200135566325
18322,41.13581935887616,526.4399999998031,5782.490246116397
18323,41.13581935887616,526.4599999998031,5782.560476852082
18324,41.13581935887616,526.4799999998031,5782.6307057635895
18325,41.13581935887616,526.4999999998031,5782.7009328508275
18326,41.13581935887616,526.5199999998031,5782.771158113699
18327,41.13581935887616,526.5399999998031,5782.84138155211
18328,41.13581935887616,526.559999999803,5782.911603165965
18329,41.13581935887616,526.579999999803,5782.981822955169
18330,41.13581935887616,526.599999999803,5783.052040919628
18331,41.13581935887616,526.619999999803,5783.122257059245
18332,41.13581935887616,526.639999999803,5783.192471373926
18333,41.13581935887616,526.659999999803,5783.262683863576
18334,41.13581935887616,526.6799999998029,5783.3328945281
18335,41.13581935887616,526.6999999998029,5783.403103367403
18336,41.13581935887616,526.7199999998029,5783.47331038139
18337,41.13581935887616,526.7399999998029,5783.543515569965
18338,41.13581935887616,526.7599999998029,5783.613718933034
18339,41.13581935887616,526.7799999998028,5783.683920470502
18340,41.13581935887616,526.7999999998028,5783.754120182273
18341,41.13581935887616,526.8199999998028,5783.824318068253
18342,41.13581935887616,526.8399999998028,5783.894514128347
18343,41.13581935887616,526.8599999998028,5783.964708362459
18344,41.13581935887616,526.8799999998027,5784.0349007704945
18345,41.13581935887616,526.8999999998027,5784.105091352359
18346,41.13581935887616,526.9199999998027,5784.1752801079565
18347,41.13581935887616,526.9399999998027,5784.245467037193
18348,41.13581935887616,526.9599999998027,5784.315652139972
18349,41.13581935887616,526.9799999998027,5784.3858354162
18350,41.13581935887616,526.9999999998026,5784.456016865782
18351,41.13581935887616,527.0199999998026,5784.526196488621
18352,41.13581935887616,527.0399999998026,5784.596374284624
18353,41.13581935887616,527.0599999998026,5784.666550253695
18354,41.13581935887616,527.0799999998026,5784.73672439574
18355,41.13581935887616,527.0999999998025,5784.806896710662
18356,41.13581935887616,527.1199999998025,5784.8770671983675
18357,41.13581935887616,527.1399999998025,5784.947235858762
18358,41.13581935887616,527.1599999998025,5785.017402691749
18359,41.13581935887616,527.1799999998025,5785.08756770155
18360,41.13581935887616,527.1999999998025,5785.157730894184
18361,41.13581935887616,527.2199999998024,5785.227892269755
18362,41.13581935887616,527.2399999998024,5785.298051828166
18363,41.13581935887616,527.2599999998024,5785.368209569319
18364,41.13581935887616,527.2799999998024,5785.43836549312
18365,41.13581935887616,527.2999999998024,5785.508519599471
18366,41.13581935887616,527.3199999998023,5785.578671888275
18367,41.13581935887616,527.3399999998023,5785.648822359435
18368,41.13581935887616,527.3599999998023,5785.718971012855
18369,41.13581935887616,527.3799999998023,5785.789117848438
18370,41.13581935887616,527.3999999998023,5785.859262866087
18371,41.13581935887616,527.4199999998023,5785.929406065707
18372,41.13581935887616,527.4399999998022,5785.999547447199
18373,41.13581935887616,527.4599999998022,5786.0696870104675
18374,41.13581935887616,527.4799999998022,5786.139824755415
18375,41.13581935887616,527.4999999998022,5786.2099606819465
18376,41.13581935887616,527.5199999998022,5786.280094789964
18377,41.13581935887616,527.5399999998021,5786.350227079371
18378,41.13581935887616,527.5599999998021,5786.420357550071
18379,41.13581935887616,527.5799999998021,5786.490486201967
18380,41.13581935887616,527.5999999998021,5786.5606130349615
18381,41.13581935887616,527.6199999998021,5786.63073804896
18382,41.13581935887616,527.6399999998021,5786.700861243864
18383,41.13581935887616,527.659999999802,5786.770982619578
18384,41.13581935887616,527.679999999802,5786.841102176004
18385,41.13581935887616,527.699999999802,5786.911219913047
18386,41.13581935887616,527.719999999802,5786.981335830609
18387,41.13581935887616,527.739999999802,5787.051449928594
18388,41.13581935887616,527.759999999802,5787.121562206905
18389,41.13581935887616,527.7799999998019,5787.191672665445
18390,41.13581935887616,527.7999999998019,5787.261781304119
18391,41.13581935887616,527.8199999998019,5787.331888122828
18392,41.13581935887616,527.8399999998019,5787.401993121476
18393,41.13581935887616,527.8599999998019,5787.472096299967
18394,41.13581935887616,527.8799999998018,5787.542197658205
18395,41.13581935887616,527.8999999998018,5787.612297196091
18396,41.13581935887616,527.9199999998018,5787.6823949135305
18397,41.13581935887616,527.9399999998018,5787.752490810426
18398,41.13581935887616,527.9599999998018,5787.822584886681
18399,41.13581935887616,527.9799999998017,5787.892677142199
18400,41.13581935887616,527.9999999998017,5787.962767576883
18401,41.13581935887616,528.0199999998017,5788.032856190637
18402,41.13581935887616,528.0399999998017,5788.102942983363
18403,41.13581935887616,528.0599999998017,5788.1730279549665
18404,41.13581935887616,528.0799999998017,5788.243111105349
18405,41.13581935887616,528.0999999998016,5788.313192434414
18406,41.13581935887616,528.1199999998016,5788.383271942066
18407,41.13581935887616,528.1399999998016,5788.453349628207
18408,41.13581935887616,528.1599999998016,5788.523425492742
18409,41.13581935887616,528.1799999998016,5788.593499535573
18410,41.13581935887616,528.1999999998015,5788.663571761694
18411,41.13581935887616,528.2199999998015,5788.7336421767895
18412,41.13581935887616,528.2399999998015,5788.803710780841
18413,41.13581935887616,528.2599999998015,5788.873777573752
18414,41.13581935887616,528.2799999998015,5788.943842555424
18415,41.13581935887616,528.2999999998015,5789.013905725763
18416,41.13581935887616,528.3199999998014,5789.08396708467
18417,41.13581935887616,528.3399999998014,5789.154026632049
18418,41.13581935887616,528.3599999998014,5789.224084367803
18419,41.13581935887616,528.3799999998014,5789.294140291835
18420,41.13581935887616,528.3999999998014,5789.364194404049
18421,41.13581935887616,528.4199999998013,5789.434246704348
18422,41.13581935887616,528.4399999998013,5789.504297192635
18423,41.13581935887616,528.4599999998013,5789.574345868814
18424,41.13581935887616,528.4799999998013,5789.644392732787
18425,41.13581935887616,528.4999999998013,5789.714437784459
18426,41.13581935887616,528.5199999998013,5789.784481023732
18427,41.13581935887616,528.5399999998012,5789.85452245051
18428,41.13581935887616,528.5599999998012,5789.924562064695
18429,41.13581935887616,528.5799999998012,5789.9945998661915
18430,41.13581935887616,528.5999999998012,5790.064635854321
18431,41.13581935887616,528.6199999998012,5790.13467002825
18432,41.13581935887616,528.6399999998011,5790.204702387862
18433,41.13581935887616,528.6599999998011,5790.27473293306
18434,41.13581935887616,528.6799999998011,5790.344761663742
18435,41.13581935887616,528.6999999998011,5790.414788579811
18436,41.13581935887616,528.7199999998011,5790.484813681168
18437,41.13581935887616,528.7399999998011,5790.5548369677135
18438,41.13581935887616,528.759999999801,5790.624858439349
18439,41.13581935887616,528.779999999801,5790.694878095975
18440,41.13581935887616,528.799999999801,5790.764895937493
18441,41.13581935887616,528.819999999801,5790.834911963803
18442,41.13581935887616,528.839999999801,5790.904926174808
18443,41.13581935887616,528.859999999801,5790.974938570407
18444,41.13581935887616,528.8799999998009,5791.044949150502
18445,41.13581935887616,528.8999999998009,5791.114957914995
18446,41.13581935887616,528.9199999998009,5791.184964863786
18447,41.13581935887616,528.9399999998009,5791.254969996776
18448,41.13581935887616,528.9599999998009,5791.324973313866
18449,41.13581935887616,528.9799999998008,5791.394974814958
18450,41.13581935887616,528.9999999998008,5791.464974499952
18451,41.13581935887616,529.0199999998008,5791.53497236875
18452,41.13581935887616,529.0399999998008,5791.604968421251
18453,41.07271121342012,529.0599999998008,5791.674962657359
18454,41.07271121342012,529.0799999998007,5791.744955076973
18455,41.07271121342012,529.0999999998007,5791.814945679996
18456,41.07271121342012,529.1199999998007,5791.884934466327
18457,41.07271121342012,529.1399999998007,5791.954921435868
18458,41.07271121342012,529.1599999998007,5792.024906588519
18459,41.07271121342012,529.1799999998007,5792.094889924183
18460,41.07271121342012,529.1999999998006,5792.164871442809
18461,41.07271121342012,529.2199999998006,5792.234851149675
18462,41.07271121342012,529.2399999998006,5792.304829049614
18463,41.07271121342012,529.2599999998006,5792.374805142533
18464,41.07271121342012,529.2799999998006,5792.444779428336
18465,41.07271121342012,529.2999999998005,5792.51475190693
18466,41.07271121342012,529.3199999998005,5792.584722578218
18467,41.07271121342012,529.3399999998005,5792.654691442108
18468,41.07271121342012,529.3599999998005,5792.724658498503
18469,41.07271121342012,529.3799999998005,5792.79462374731
18470,41.07271121342012,529.3999999998005,5792.864587188433
18471,41.07271121342012,529.4199999998004,5792.934548821778
18472,41.07271121342012,529.4399999998004,5793.00450864725
18473,41.07271121342012,529.4599999998004,5793.074466664755
18474,41.07271121342012,529.4799999998004,5793.1444228741975
18475,41.07271121342012,529.4999999998004,5793.2143772754835
18476,41.07271121342012,529.5199999998003,5793.2843298685175
18477,41.07271121342012,529.5399999998003,5793.354280653206
18478,41.07271121342012,529.5599999998003,5793.424229629453
18479,41.07271121342012,529.5799999998003,5793.494176797165
18480,41.07271121342012,529.5999999998003,5793.564122156246
18481,41.07271121342012,529.6199999998003,5793.634065706603
18482,41.07271121342012,529.6399999998002,5793.70400744814
18483,41.07271121342012,529.6599999998002,5793.773947380763
18484,41.07271121342012,529.6799999998002,5793.843885504378
18485,41.07271121342012,529.6999999998002,5793.913821818888
18486,41.07271121342012,529.7199999998002,5793.983756324201
18487,41.07271121342012,529.7399999998001,5794.05368902022
18488,41.07271121342012,529.7599999998001,5794.123619906853
18489,41.07271121342012,529.7799999998001,5794.1935489840025
18490,41.07271121342012,529.7999999998001,5794.263476251575
18491,41.07271121342012,529.8199999998001,5794.333401709477
18492,41.07271121342012,529.8399999998,5794.403325357612
18493,41.07271121342012,529.8599999998,5794.473247195886
18494,41.07271121342012,529.8799999998,5794.543167224205
18495,41.07271121342012,529.8999999998,5794.613085442474
18496,41.07271121342012,529.9199999998,5794.683001850598
18497,41.07271121342012,529.9399999998,5794.752916448483
18498,41.07271121342012,529.9599999998,5794.8228292360345
18499,41.07271121342012,529.9799999997999,5794.892740213157
18500,41.07271121342012,529.9999999997999,5794.962649379756
18501,41.07271121342012,530.0199999997999,5795.032556735737
18502,41.07271121342012,530.0399999997999,5795.1024622810055
18503,41.07271121342012,530.0599999997999,5795.172366015467
18504,41.07271121342012,530.0799999997998,5795.242267939026
18505,41.07271121342012,530.0999999997998,5795.312168051589
18506,41.07271121342012,530.1199999997998,5795.3820663530605
18507,41.07271121342012,530.1399999997998,5795.451962843346
18508,41.07271121342012,530.1599999997998,5795.521857522352
18509,41.07271121342012,530.1799999997997,5795.591750389982
18510,41.07271121342012,530.1999999997997,5795.661641446142
18511,41.07271121342012,530.2199999997997,5795.731530690912
18512,41.07271121342012,530.2399999997997,5795.801418130134
18513,41.07271121342012,530.2599999997997,5795.871303768087
18514,41.07271121342012,530.2799999997997,5795.941187604675
18515,41.07271121342012,530.2999999997996,5796.011069639803
18516,41.07271121342012,530.3199999997996,5796.080949873376
18517,41.07271121342012,530.3399999997996,5796.150828305297
18518,41.07271121342012,530.3599999997996,5796.220704935472
18519,41.07271121342012,530.3799999997996,5796.290579763805
18520,41.07271121342012,530.3999999997995,5796.3604527902
18521,41.07271121342012,530.4199999997995,5796.430324014562
18522,41.07271121342012,530.4399999997995,5796.500193436796
18523,41.07271121342012,530.4599999997995,5796.570061056806
18524,41.07271121342012,530.4799999997995,5796.639926874496
18525,41.07271121342012,530.4999999997995,5796.709790889772
18526,41.07271121342012,530.5199999997994,5796.779653102538
18527,41.07271121342012,530.5399999997994,5796.849513512698
18528,41.07271121342012,530.5599999997994,5796.919372120156
18529,41.07271121342012,530.5799999997994,5796.989228924818
18530,41.07271121342012,530.5999999997994,5797.059083926588
18531,41.07271121342012,530.6199999997993,5797.12893712537
18532,41.07271121342012,530.6399999997993,5797.198788521068
18533,41.07271121342012,530.6599999997993,5797.268638113589
18534,41.07271121342012,530.6799999997993,5797.338485902836
18535,41.07271121342012,530.6999999997993,5797.408331888712
18536,41.07271121342012,530.7199999997993,5797.478176071125
18537,41.07271121342012,530.7399999997992,5797.548018449977
18538,41.07271121342012,530.7599999997992,5797.617859025173
18539,41.07271121342012,530.7799999997992,5797.6876977966185
18540,41.07271121342012,530.7999999997992,5797.757534764217
18541,41.07271121342012,530.8199999997992,5797.827369927873
18542,41.07271121342012,530.8399999997991,5797.897203287493
18543,41.07271121342012,530.8599999997991,5797.967034842979
18544,41.07271121342012,530.8799999997991,5798.036864594237
18545,41.07271121342012,530.8999999997991,5798.1066925411715
18546,41.07271121342012,530.9199999997991,5798.1765186836865
18547,41.07271121342012,530.939999999799,5798.246343021687
18548,41.07271121342012,530.959999999799,5798.316165555077
18549,41.07271121342012,530.979999999799,5798.385986283762
18550,41.07271121342012,530.999999999799,5798.455805207645
18551,41.07271121342012,531.019999999799,5798.525622326633
18552,41.07271121342012,531.039999999799,5798.595437640629
18553,41.07271121342012,531.059999999799,5798.665251149538
18554,41.07271121342012,531.0799999997989,5798.735062853264
18555,41.07271121342012,531.0999999997989,5798.804872751712
18556,41.07271121342012,531.1199999997989,5798.874680844786
18557,41.07271121342012,531.1399999997989,5798.944487132391
18558,41.07271121342012,531.1599999997989,5799.014291614432
18559,41.07271121342012,531.1799999997988,5799.084094290814
18560,41.07271121342012,531.1999999997988,5799.153895161441
18561,41.07271121342012,531.2199999997988,5799.223694226217
18562,41.07271121342012,531.2399999997988,5799.293491485354
18563,41.07271121342012,531.2599999997988,5799.363286945401
18564,41.07271121342012,531.2799999997987,5799.433080610144
18565,41.07271121342012,531.2999999997987,5799.502872479488
18566,41.07271121342012,531.3199999997987,5799.572662553339
18567,41.07271121342012,531.3399999997987,5799.6424508316
18568,41.07271121342012,531.3599999997987,5799.712237314179
18569,41.07271121342012,531.3799999997987,5799.782022000981
18570,41.07271121342012,531.3999999997986,5799.8518048919095
18571,41.07271121342012,531.4199999997986,5799.921585986871
18572,41.07271121342012,531.4399999997986,5799.99136528577
18573,41.07271121342012,531.4599999997986,5800.061142788053
18574,41.07271121342012,531.4799999997986,5800.130918492947
18575,41.07271121342012,531.4999999997985,5800.200692400333
18576,41.07271121342012,531.5199999997985,5800.270464510116
18577,41.07271121342012,531.5399999997985,5800.340234822201
18578,41.07271121342012,531.5599999997985,5800.410003336493
18579,41.07271121342012,531.5799999997985,5800.479770052897
18580,41.07271121342012,531.5999999997985,5800.549534971317
18581,41.07271121342012,531.6199999997984,5800.619298091659
18582,41.07271121342012,531.6399999997984,5800.689059413828
18583,41.07271121342012,531.6599999997984,5800.758818937727
18584,41.07271121342012,531.6799999997984,5800.828576663262
18585,41.07271121342012,531.6999999997984,5800.898332590338
18586,41.07271121342012,531.7199999997983,5800.96808671886
18587,41.07271121342012,531.7399999997983,5801.037839048732
18588,41.07271121342012,531.7599999997983,5801.10758957986
18589,41.07271121342012,531.7799999997983,5801.177338312149
18590,41.07271121342012,531.7999999997983,5801.247085245503
18591,41.07271121342012,531.8199999997983,5801.316830379827
18592,41.07271121342012,531.8399999997982,5801.386573715025
18593,41.07271121342012,531.8599999997982,5801.4563152510045
18594,41.07271121342012,531.8799999997982,5801.526054987668
18595,41.07271121342012,531.8999999997982,5801.5957929249225
18596,41.07271121342012,531.9199999997982,5801.66552906267
18597,41.07271121342012,531.9399999997981,5801.735263400818
18598,41.07271121342012,531.9599999997981,5801.804995939271
18599,41.07271121342012,531.9799999997981,5801.874726677933
18600,41.07271121342012,531.9999999997981,5801.944455616708
18601,41.07271121342012,532.0199999997981,5802.014182755503
18602,41.07271121342012,532.039999999798,5802.083908094221
18603,41.07271121342012,532.059999999798,5802.153631632769
18604,41.07271121342012,532.079999999798,5802.2233533710505
18605,41.009764264409895,532.099999999798,5802.293073308971
18606,41.009764264409895,532.119999999798,5802.362791446434
18607,41.009764264409895,532.139999999798,5802.432507783346
18608,41.009764264409895,532.159999999798,5802.502222319612
18609,41.009764264409895,532.1799999997979,5802.571935055136
18610,41.009764264409895,532.1999999997979,5802.641645989824
18611,41.009764264409895,532.2199999997979,5802.711355123579
18612,41.009764264409895,532.2399999997979,5802.781062456307
18613,41.009764264409895,532.2599999997979,5802.850767988327
18614,41.009764264409895,532.2799999997978,5802.920471726344
18615,41.009764264409895,532.2999999997978,5802.990173673345
18616,41.009764264409895,532.3199999997978,5803.059873829239
18617,41.009764264409895,532.3399999997978,5803.129572193932
18618,41.009764264409895,532.3599999997978,5803.199268767331
18619,41.009764264409895,532.3799999997977,5803.2689635493425
18620,41.009764264409895,532.3999999997977,5803.338656539873
18621,41.009764264409895,532.4199999997977,5803.408347738831
18622,41.009764264409895,532.4399999997977,5803.478037146123
18623,41.009764264409895,532.4599999997977,5803.547724761655
18624,41.009764264409895,532.4799999997977,5803.617410585335
18625,41.009764264409895,532.4999999997976,5803.687094617069
18626,41.009764264409895,532.5199999997976,5803.756776856765
18627,41.009764264409895,532.5399999997976,5803.82645730433
18628,41.009764264409895,532.5599999997976,5803.89613595967
18629,41.009764264409895,532.5799999997976,5803.965812822692
18630,41.009764264409895,532.5999999997975,5804.035487893304
18631,41.009764264409895,532.6199999997975,5804.105161171413
18632,41.009764264409895,532.6399999997975,5804.174832656925
18633,41.009764264409895,532.6599999997975,5804.244502349748
18634,41.009764264409895,532.6799999997975,5804.314170249788
18635,41.009764264409895,532.6999999997975,5804.383836356952
18636,41.009764264409895,532.7199999997974,5804.4535006711485
18637,41.009764264409895,532.7399999997974,5804.523163192283
18638,41.009764264409895,532.7599999997974,5804.592823920263
18639,41.009764264409895,532.7799999997974,5804.662482854996
18640,41.009764264409895,532.7999999997974,5804.732139996388
18641,41.009764264409895,532.8199999997973,5804.801795344346
18642,41.009764264409895,532.8399999997973,5804.871448898778
18643,41.009764264409895,532.8599999997973,5804.94110065959
18644,41.009764264409895,532.8799999997973,5805.0107506266895
18645,41.009764264409895,532.8999999997973,5805.080398799983
18646,41.009764264409895,532.9199999997973,5805.150045179379
18647,41.009764264409895,532.9399999997972,5805.219689764784
18648,41.009764264409895,532.9599999997972,5805.289332556104
18649,41.009764264409895,532.9799999997972,5805.358973553246
18650,41.009764264409895,532.9999999997972,5805.428612756117
18651,41.009764264409895,533.0199999997972,5805.4982501646255
18652,41.009764264409895,533.0399999997971,5805.567885778677
18653,41.009764264409895,533.0599999997971,5805.637519598179
18654,41.009764264409895,533.0799999997971,5805.707151623039
18655,41.009764264409895,533.0999999997971,5805.776781853164
18656,41.009764264409895,533.1199999997971,5805.84641028846
18657,41.009764264409895,533.139999999797,5805.916036928835
18658,41.009764264409895,533.159999999797,5805.985661774195
18659,41.009764264409895,533.179999999797,5806.055284824449
18660,41.009764264409895,533.199999999797,5806.124906079502
18661,41.009764264409895,533.219999999797,5806.194525539261
18662,41.009764264409895,533.239999999797,5806.264143203634
18663,41.009764264409895,533.259999999797,5806.333759072529
18664,41.009764264409895,533.2799999997969,5806.403373146388
18665,41.009764264409895,533.2999999997969,5806.472985432443
18666,41.009764264409895,533.3199999997969,5806.542595933087
18667,41.009764264409895,533.3399999997969,5806.612204648224
18668,41.009764264409895,533.3599999997969,5806.6818115777605
18669,41.009764264409895,533.3799999997968,5806.751416721602
18670,41.009764264409895,533.3999999997968,5806.821020079655
18671,41.009764264409895,533.4199999997968,5806.8906216518235
18672,41.009764264409895,533.4399999997968,5806.960221438015
18673,41.009764264409895,533.4599999997968,5807.029819438134
18674,41.009764264409895,533.4799999997967,5807.0994156520865
18675,41.009764264409895,533.4999999997967,5807.169010079779
18676,41.009764264409895,533.5199999997967,5807.238602721116
18677,41.009764264409895,533.5399999997967,5807.308193576004
18678,41.009764264409895,533.5599999997967,5807.377782644348
18679,41.009764264409895,533.5799999997967,5807.447369926055
18680,41.009764264409895,533.5999999997966,5807.51695542103
18681,41.009764264409895,533.6199999997966,5807.586539129178
18682,41.009764264409895,533.6399999997966,5807.656121050406
18683,41.009764264409895,533.6599999997966,5807.725701184619
18684,41.009764264409895,533.6799999997966,5807.795279531722
18685,41.009764264409895,533.6999999997965,5807.864856091622
18686,41.009764264409895,533.7199999997965,5807.934430864224
18687,41.009764264409895,533.7399999997965,5808.0040038494335
18688,41.009764264409895,533.7599999997965,5808.073575047157
18689,41.009764264409895,533.7799999997965,5808.1431444573
18690,41.009764264409895,533.7999999997965,5808.212712079768
18691,41.009764264409895,533.8199999997964,5808.282277914466
18692,41.009764264409895,533.8399999997964,5808.351841961302
18693,41.009764264409895,533.8599999997964,5808.421404220179
18694,41.009764264409895,533.8799999997964,5808.490964691005
18695,41.009764264409895,533.8999999997964,5808.560523373684
18696,41.009764264409895,533.9199999997963,5808.6300802681235
18697,41.009764264409895,533.9399999997963,5808.699635374228
18698,41.009764264409895,533.9599999997963,5808.769188691903
18699,41.009764264409895,533.9799999997963,5808.838740221055
18700,41.009764264409895,533.9999999997963,5808.908289961589
18701,41.009764264409895,534.0199999997963,5808.977837913411
18702,41.009764264409895,534.0399999997962,5809.047384076428
18703,41.009764264409895,534.0599999997962,5809.116928450544
18704,41.009764264409895,534.0799999997962,5809.186471035666
18705,41.009764264409895,534.0999999997962,5809.256011831699
18706,41.009764264409895,534.1199999997962,5809.325550838548
18707,41.009764264409895,534.1399999997961,5809.395088056121
18708,41.009764264409895,534.1599999997961,5809.464623484321
18709,41.009764264409895,534.1799999997961,5809.5341571230565
18710,41.009764264409895,534.1999999997961,5809.603688972232
18711,41.009764264409895,534.2199999997961,5809.6732190317525
18712,41.009764264409895,534.239999999796,5809.742747301525
18713,41.009764264409895,534.259999999796,5809.812273781455
18714,41.009764264409895,534.279999999796,5809.881798471447
18715,41.009764264409895,534.299999999796,5809.9513213720875
18716,41.009764264409895,534.319999999796,5810.020842491257
18717,41.009764264409895,534.339999999796,5810.090361829852
18718,41.009764264409895,534.359999999796,5810.15987938744
18719,41.009764264409895,534.3799999997959,5810.2293951639285
18720,41.009764264409895,534.3999999997959,5810.298909159223
18721,41.009764264409895,534.4199999997959,5810.368421373228
18722,41.009764264409895,534.4399999997959,5810.43793180585
18723,41.009764264409895,534.4599999997959,5810.507440456995
18724,41.009764264409895,534.4799999997958,5810.576947326568
18725,41.009764264409895,534.4999999997958,5810.646452414476
18726,41.009764264409895,534.5199999997958,5810.715955720623
18727,41.009764264409895,534.5399999997958,5810.785457244917
18728,41.009764264409895,534.5599999997958,5810.854956987262
18729,41.009764264409895,534.5799999997957,5810.924454947564
18730,41.009764264409895,534.5999999997957,5810.99395112573
18731,41.009764264409895,534.6199999997957,5811.063445521664
18732,41.009764264409895,534.6399999997957,5811.132938135273
18733,41.009764264409895,534.6599999997957,5811.202428966462
18734,41.009764264409895,534.6799999997957,5811.271918015138
18735,41.009764264409895,534.6999999997956,5811.341405281205
18736,41.009764264409895,534.7199999997956,5811.41089076457
18737,41.009764264409895,534.7399999997956,5811.480374465138
18738,41.009764264409895,534.7599999997956,5811.549856382816
18739,41.009764264409895,534.7799999997956,5811.619336517509
18740,41.009764264409895,534.7999999997955,5811.688814869121
18741,41.009764264409895,534.8199999997955,5811.758291437561
18742,41.009764264409895,534.8399999997955,5811.827766222733
18743,41.009764264409895,534.8599999997955,5811.897239224543
18744,41.009764264409895,534.8799999997955,5811.966710442897
18745,41.009764264409895,534.8999999997955,5812.0361798777
18746,41.009764264409895,534.9199999997954,5812.10564752886
18747,41.009764264409895,534.9399999997954,5812.17511339628
18748,41.009764264409895,534.9599999997954,5812.244577479867
18749,41.009764264409895,534.9799999997954,5812.314039779527
18750,41.009764264409895,534.9999999997954,5812.3835002951655
18751,41.009764264409895,535.0199999997953,5812.452959026688
18752,41.009764264409895,535.0399999997953,5812.522415974001
18753,41.009764264409895,535.0599999997953,5812.59187113701
18754,41.009764264409895,535.0799999997953,5812.6613245156195
18755,41.009764264409895,535.0999999997953,5812.730776109737
18756,41.009764264409895,535.1199999997953,5812.800225919268
18757,41.009764264409895,535.1399999997952,5812.869673944118
18758,40.94697793599466,535.1599999997952,5812.939120184194
18759,40.94697793599466,535.1799999997952,5813.008564639399
18760,40.94697793599466,535.1999999997952,5813.078007309641
18761,40.94697793599466,535.2199999997952,5813.147448194826
18762,40.94697793599466,535.2399999997951,5813.216887294859
18763,40.94697793599466,535.2599999997951,5813.286324609645
18764,40.94697793599466,535.2799999997951,5813.355760139091
18765,40.94697793599466,535.2999999997951,5813.425193883103
18766,40.94697793599466,535.3199999997951,5813.494625842352
18767,40.94697793599466,535.339999999795,5813.564056024879
18768,40.94697793599466,535.359999999795,5813.633484431834
18769,40.94697793599466,535.379999999795,5813.702911063127
18770,40.94697793599466,535.399999999795,5813.772335918667
18771,40.94697793599466,535.419999999795,5813.841758998361
18772,40.94697793599466,535.439999999795,5813.911180302121
18773,40.94697793599466,535.459999999795,5813.980599829854
18774,40.94697793599466,535.4799999997949,5814.050017581471
18775,40.94697793599466,535.4999999997949,5814.119433556882
18776,40.94697793599466,535.5199999997949,5814.188847755993
18777,40.94697793599466,535.5399999997949,5814.258260178716
18778,40.94697793599466,535.5599999997949,5814.32767082496
18779,40.94697793599466,535.5799999997948,5814.397079694632
18780,40.94697793599466,535.5999999997948,5814.4664867876445
18781,40.94697793599466,535.6199999997948,5814.535892103905
18782,40.94697793599466,535.6399999997948,5814.605295643323
18783,40.94697793599466,535.6599999997948,5814.674697405808
18784,40.94697793599466,535.6799999997947,5814.744097391268
18785,40.94697793599466,535.6999999997947,5814.813495599614
18786,40.94697793599466,535.7199999997947,5814.882892030754
18787,40.94697793599466,535.7399999997947,5814.952286684598
18788,40.94697793599466,535.7599999997947,5815.021679561055
18789,40.94697793599466,535.7799999997947,5815.091070660034
18790,40.94697793599466,535.7999999997946,5815.1604599814455
18791,40.94697793599466,535.8199999997946,5815.229847525197
18792,40.94697793599466,535.8399999997946,5815.299233291199
18793,40.94697793599466,535.8599999997946,5815.36861727936
18794,40.94697793599466,535.8799999997946,5815.437999489589
18795,40.94697793599466,535.8999999997945,5815.507379921796
18796,40.94697793599466,535.9199999997945,5815.576758575891
18797,40.94697793599466,535.9399999997945,5815.646135451782
18798,40.94697793599466,535.9599999997945,5815.715510549379
18799,40.94697793599466,535.9799999997945,5815.784883868591
18800,40.94697793599466,535.9999999997945,5815.854255409327
18801,40.94697793599466,536.0199999997944,5815.923625171497
18802,40.94697793599466,536.0399999997944,5815.99299315501
18803,40.94697793599466,536.0599999997944,5816.062359359775
18804,40.94697793599466,536.0799999997944,5816.131723785701
18805,40.94697793599466,536.0999999997944,5816.201086432698
18806,40.94697793599466,536.1199999997943,5816.270447300674
18807,40.94697793599466,536.1399999997943,5816.33980638954
18808,40.94697793599466,536.1599999997943,5816.409163699205
18809,40.94697793599466,536.1799999997943,5816.478519229578
18810,40.94697793599466,536.1999999997943,5816.547872980567
18811,40.94697793599466,536.2199999997943,5816.617224952084
18812,40.94697793599466,536.2399999997942,5816.686575144036
18813,40.94697793599466,536.2599999997942,5816.755923556334
18814,40.94697793599466,536.2799999997942,5816.825270188886
18815,40.94697793599466,536.2999999997942,5816.894615041601
18816,40.94697793599466,536.3199999997942,5816.96395811439
18817,40.94697793599466,536.3399999997941,5817.033299408215
18818,40.94697793599466,536.3599999997941,5817.1026389313265
18819,40.94697793599466,536.3799999997941,5817.171976684443
18820,40.94697793599466,536.3999999997941,5817.241312667472
18821,40.94697793599466,536.4199999997941,5817.310646880323
18822,40.94697793599466,536.439999999794,5817.379979322904
18823,40.94697793599466,536.459999999794,5817.449309995123
18824,40.94697793599466,536.479999999794,5817.51863889689
18825,40.94697793599466,536.499999999794,5817.587966028111
18826,40.94697793599466,536.519999999794,5817.657291388695
18827,40.94697793599466,536.539999999794,5817.726614978551
18828,40.94697793599466,536.559999999794,5817.795936797587
18829,40.94697793599466,536.5799999997939,5817.865256845713
18830,40.94697793599466,536.5999999997939,5817.934575122836
18831,40.94697793599466,536.6199999997939,5818.003891628864
18832,40.94697793599466,536.6399999997939,5818.073206363706
18833,40.94697793599466,536.6599999997939,5818.14251932727
18834,40.94697793599466,536.6799999997938,5818.2118305194645
18835,40.94697793599466,536.6999999997938,5818.281139940198
18836,40.94697793599466,536.7199999997938,5818.35044758938
18837,40.94697793599466,536.7399999997938,5818.419753466917
18838,40.94697793599466,536.7599999997938,5818.4890575727195
18839,40.94697793599466,536.7799999997937,5818.558359906694
18840,40.94697793599466,536.7999999997937,5818.627660468749
18841,40.94697793599466,536.8199999997937,5818.696959258794
18842,40.94697793599466,536.8399999997937,5818.766256276737
18843,40.94697793599466,536.8599999997937,5818.835551522487
18844,40.94697793599466,536.8799999997937,5818.904844995951
18845,40.94697793599466,536.8999999997936,5818.974136697038
18846,40.94697793599466,536.9199999997936,5819.043426625657
18847,40.94697793599466,536.9399999997936,5819.112714781716
18848,40.94697793599466,536.9599999997936,5819.182001165123
18849,40.94697793599466,536.9799999997936,5819.251285775788
18850,40.94697793599466,536.9999999997935,5819.320568613618
18851,40.94697793599466,537.0199999997935,5819.389849678521
18852,40.94697793599466,537.0399999997935,5819.459128970408
18853,40.94697793599466,537.0599999997935,5819.528406489184
18854,40.94697793599466,537.0799999997935,5819.597682234759
18855,40.94697793599466,537.0999999997935,5819.666956207043
18856,40.94697793599466,537.1199999997934,5819.736228405942
18857,40.94697793599466,537.1399999997934,5819.805498831365
18858,40.94697793599466,537.1599999997934,5819.874767483221
18859,40.94697793599466,537.1799999997934,5819.944034361419
18860,40.94697793599466,537.1999999997934,5820.013299465823
18861,40.94697793599466,537.2199999997933,5820.082562795512
18862,40.94697793599466,537.2399999997933,5820.15182434994
18863,40.94697793599466,537.2599999997933,5820.221084129016
18864,40.94697793599466,537.2799999997933,5820.290342132646
18865,40.94697793599466,537.2999999997933,5820.359598360737
18866,40.94697793599466,537.3199999997933,5820.4288528131965
18867,40.94697793599466,537.3399999997932,5820.49810548993
18868,40.94697793599466,537.3599999997932,5820.567356392552
18869,40.94697793599466,537.3799999997932,5820.636605529068
18870,40.94697793599466,537.3999999997932,5820.705852900095
18871,40.94697793599466,537.4199999997932,5820.775098505538
18872,40.94697793599466,537.4399999997931,5820.844342345304
18873,40.94697793599466,537.4599999997931,5820.913584419297
18874,40.94697793599466,537.4799999997931,5820.982824727424
18875,40.94697793599466,537.4999999997931,5821.052063269589
18876,40.94697793599466,537.5199999997931,5821.121300045699
18877,40.94697793599466,537.539999999793,5821.19053505566
18878,40.94697793599466,537.559999999793,5821.259768299377
18879,40.94697793599466,537.579999999793,5821.328999776757
18880,40.94697793599466,537.599999999793,5821.398229487704
18881,40.94697793599466,537.619999999793,5821.467457432125
18882,40.94697793599466,537.639999999793,5821.536683609926
18883,40.94697793599466,537.659999999793,5821.605908021011
18884,40.94697793599466,537.6799999997929,5821.675130665286
18885,40.94697793599466,537.6999999997929,5821.744351542658
18886,40.94697793599466,537.7199999997929,5821.813570653032
18887,40.94697793599466,537.7399999997929,5821.882787996314
18888,40.94697793599466,537.7599999997929,5821.952003572409
18889,40.94697793599466,537.7799999997928,5822.021217381224
18890,40.94697793599466,537.7999999997928,5822.090429422665
18891,40.94697793599466,537.8199999997928,5822.159639696636
18892,40.94697793599466,537.8399999997928,5822.2288482030435
18893,40.94697793599466,537.8599999997928,5822.298054941793
18894,40.94697793599466,537.8799999997927,5822.367259912791
18895,40.94697793599466,537.8999999997927,5822.436463115943
18896,40.94697793599466,537.9199999997927,5822.505664551155
18897,40.94697793599466,537.9399999997927,5822.574864218332
18898,40.94697793599466,537.9599999997927,5822.64406211738
18899,40.94697793599466,537.9799999997927,5822.7132582482045
18900,40.94697793599466,537.9999999997926,5822.7824526107115
18901,40.94697793599466,538.0199999997926,5822.851645204807
18902,40.94697793599466,538.0399999997926,5822.9208360303965
18903,40.94697793599466,538.0599999997926,5822.990025087386
18904,40.94697793599466,538.0799999997926,5823.059212375681
18905,40.94697793599466,538.0999999997925,5823.128397895188
18906,40.94697793599466,538.1199999997925,5823.197581645812
18907,40.94697793599466,538.1399999997925,5823.266763627458
18908,40.94697793599466,538.1599999997925,5823.335943840034
18909,40.94697793599466,538.1799999997925,5823.405122283443
18910,40.94697793599466,538.1999999997925,5823.474298957593
18911,40.884351654965705,538.2199999997924,5823.543473862389
18912,40.884351654965705,538.2399999997924,5823.612646997737
18913,40.884351654965705,538.2599999997924,5823.681818363542
18914,40.884351654965705,538.2799999997924,5823.750987959711
18915,40.884351654965705,538.2999999997924,5823.8201557861485
18916,40.884351654965705,538.3199999997923,5823.889321842761
18917,40.884351654965705,538.3399999997923,5823.958486129454
18918,40.884351654965705,538.3599999997923,5824.027648646134
18919,40.884351654965705,538.3799999997923,5824.096809394917
18920,40.884351654965705,538.3999999997923,5824.165968382936
18921,40.884351654965705,538.4199999997923,5824.235125610658
18922,40.884351654965705,538.4399999997922,5824.304281077992
18923,40.884351654965705,538.4599999997922,5824.373434784847
18924,40.884351654965705,538.4799999997922,5824.442586731132
18925,40.884351654965705,538.4999999997922,5824.5117369167565
18926,40.884351654965705,538.5199999997922,5824.58088534163
18927,40.884351654965705,538.5399999997921,5824.650032005662
18928,40.884351654965705,538.5599999997921,5824.719176908761
18929,40.884351654965705,538.5799999997921,5824.788320050837
18930,40.884351654965705,538.5999999997921,5824.857461431799
18931,40.884351654965705,538.6199999997921,5824.926601051555
18932,40.884351654965705,538.639999999792,5824.9957389100155
18933,40.884351654965705,538.659999999792,5825.0648750070895
18934,40.884351654965705,538.679999999792,5825.134009342686
18935,40.884351654965705,538.699999999792,5825.203141916715
18936,40.884351654965705,538.719999999792,5825.272272729085
18937,40.884351654965705,538.739999999792,5825.341401779705
18938,40.884351654965705,538.759999999792,5825.410529068485
18939,40.884351654965705,538.7799999997919,5825.479654595334
18940,40.884351654965705,538.7999999997919,5825.548778360161
18941,40.884351654965705,538.8199999997919,5825.617900362876
18942,40.884351654965705,538.8399999997919,5825.687020603387
18943,40.884351654965705,538.8599999997919,5825.7561390816045
18944,40.884351654965705,538.8799999997918,5825.8252557974365
18945,40.884351654965705,538.8999999997918,5825.894370750793
18946,40.884351654965705,538.9199999997918,5825.963483941584
18947,40.884351654965705,538.9399999997918,5826.0325953697175
18948,40.884351654965705,538.9599999997918,5826.101705035103
18949,40.884351654965705,538.9799999997917,5826.17081293765
18950,40.884351654965705,538.9999999997917,5826.2399190772685
18951,40.884351654965705,539.0199999997917,5826.309023453867
18952,40.884351654965705,539.0399999997917,5826.378126067354
18953,40.884351654965705,539.0599999997917,5826.4472269176395
18954,40.884351654965705,539.0799999997917,5826.516326004633
18955,40.884351654965705,539.0999999997916,5826.585423328243
18956,40.884351654965705,539.1199999997916,5826.65451888838
18957,40.884351654965705,539.1399999997916,5826.723612684953
18958,40.884351654965705,539.1599999997916,5826.79270471787
18959,40.884351654965705,539.1799999997916,5826.861794987041
18960,40.884351654965705,539.1999999997915,5826.930883492377
18961,40.884351654965705,539.2199999997915,5826.999970233785
18962,40.884351654965705,539.2399999997915,5827.069055211175
18963,40.884351654965705,539.2599999997915,5827.138138424456
18964,40.884351654965705,539.2799999997915,5827.207219873538
18965,40.884351654965705,539.2999999997915,5827.276299558329
18966,40.884351654965705,539.3199999997914,5827.3453774787395
18967,40.884351654965705,539.3399999997914,5827.4144536346785
18968,40.884351654965705,539.3599999997914,5827.483528026055
18969,40.884351654965705,539.3799999997914,5827.552600652779
18970,40.884351654965705,539.3999999997914,5827.621671517574
18971,40.884351654965705,539.4199999997913,5827.690740627141
18972,40.884351654965705,539.4399999997913,5827.759807981829
18973,40.884351654965705,539.4599999997913,5827.828873581547
18974,40.884351654965705,539.4799999997913,5827.8979374262035
18975,40.884351654965705,539.4999999997913,5827.966999515706
18976,40.884351654965705,539.5199999997913,5828.036059849965
18977,40.884351654965705,539.5399999997912,5828.105118428887
18978,40.884351654965705,539.5599999997912,5828.174175252382
18979,40.884351654965705,539.5799999997912,5828.243230320358
18980,40.884351654965705,539.5999999997912,5828.312283632722
18981,40.884351654965705,539.6199999997912,5828.381335189384
18982,40.884351654965705,539.6399999997911,5828.450384990252
18983,40.884351654965705,539.6599999997911,5828.519433035235
18984,40.884351654965705,539.6799999997911,5828.588479324241
18985,40.884351654965705,539.6999999997911,5828.657523857179
18986,40.884351654965705,539.7199999997911,5828.726566633956
18987,40.884351654965705,539.739999999791,5828.795607654482
18988,40.884351654965705,539.759999999791,5828.864646918665
18989,40.884351654965705,539.779999999791,5828.9336844264135
18990,40.884351654965705,539.799999999791,5829.002720177636
18991,40.884351654965705,539.819999999791,5829.071754172241
18992,40.884351654965705,539.839999999791,5829.140786410137
18993,40.884351654965705,539.859999999791,5829.209816891232
18994,40.884351654965705,539.8799999997909,5829.278845615435
18995,40.884351654965705,539.8999999997909,5829.347872582654
18996,40.884351654965705,539.9199999997909,5829.416897792799
18997,40.884351654965705,539.9399999997909,5829.485921245778
18998,40.884351654965705,539.9599999997909,5829.554942941498
18999,40.884351654965705,539.9799999997908,5829.6239628798685
19000,40.884351654965705,539.9999999997908,5829.692981060798
19001,40.884351654965705,540.0199999997908,5829.761997484195
19002,40.884351654965705,540.0399999997908,5829.831012149967
19003,40.884351654965705,540.0599999997908,5829.900025058025
19004,40.884351654965705,540.0799999997907,5829.969036208275
19005,40.884351654965705,540.0999999997907,5830.038045600462
19006,40.884351654965705,540.1199999997907,5830.107053233456
19007,40.884351654965705,540.1399999997907,5830.17605910707
19008,40.884351654965705,540.1599999997907,5830.245063221213
19009,40.884351654965705,540.1799999997907,5830.314065575797
19010,40.884351654965705,540.1999999997906,5830.3830661707325
19011,40.884351654965705,540.2199999997906,5830.45206500593
19012,40.884351654965705,540.2399999997906,5830.5210620813
19013,40.884351654965705,540.2599999997906,5830.590057396754
19014,40.884351654965705,540.2799999997906,5830.6590509522
19015,40.884351654965705,540.2999999997905,5830.728042747551
19016,40.884351654965705,540.3199999997905,5830.797032782716
19017,40.884351654965705,540.3399999997905,5830.866021057606
19018,40.884351654965705,540.3599999997905,5830.935007572133
19019,40.884351654965705,540.3799999997905,5831.003992326206
19020,40.884351654965705,540.3999999997905,5831.072975319736
19021,40.884351654965705,540.4199999997904,5831.141956556158
19022,40.884351654965705,540.4399999997904,5831.210936041918
19023,40.884351654965705,540.4599999997904,5831.279913777259
19024,40.884351654965705,540.4799999997904,5831.348889762091
19025,40.884351654965705,540.4999999997904,5831.417863996322
19026,40.884351654965705,540.5199999997903,5831.486836479862
19027,40.884351654965705,540.5399999997903,5831.5558072126205
19028,40.884351654965705,540.5599999997903,5831.624776194506
19029,40.884351654965705,540.5799999997903,5831.693743425429
19030,40.884351654965705,540.5999999997903,5831.762708905298
19031,40.884351654965705,540.6199999997903,5831.831672634022
19032,40.884351654965705,540.6399999997902,5831.90063461151
19033,40.884351654965705,540.6599999997902,5831.969594837673
19034,40.884351654965705,540.6799999997902,5832.038553312419
19035,40.884351654965705,540.6999999997902,5832.1075100356575
19036,40.884351654965705,540.7199999997902,5832.176465007298
19037,40.884351654965705,540.7399999997901,5832.24541822725
19038,40.884351654965705,540.7599999997901,5832.314369695423
19039,40.884351654965705,540.7799999997901,5832.383319411726
19040,40.884351654965705,540.7999999997901,5832.452267376068
19041,40.884351654965705,540.8199999997901,5832.521213588359
19042,40.884351654965705,540.83999999979,5832.590158048508
19043,40.884351654965705,540.85999999979,5832.659100756424
19044,40.884351654965705,540.87999999979,5832.728041712016
19045,40.884351654965705,540.89999999979,5832.796980915195
19046,40.884351654965705,540.91999999979,5832.865918365868
19047,40.884351654965705,540.93999999979,5832.934854063947
19048,40.884351654965705,540.9599999997899,5833.003788009339
19049,40.884351654965705,540.9799999997899,5833.072720201954
19050,40.884351654965705,540.9999999997899,5833.141650641703
19051,40.884351654965705,541.0199999997899,5833.210579328493
19052,40.884351654965705,541.0399999997899,5833.2795062622345
19053,40.884351654965705,541.0599999997899,5833.348431442837
19054,40.884351654965705,541.0799999997898,5833.417354870209
19055,40.884351654965705,541.0999999997898,5833.48627654426
19056,40.884351654965705,541.1199999997898,5833.5551964649
19057,40.884351654965705,541.1399999997898,5833.624114632039
19058,40.884351654965705,541.1599999997898,5833.693031045585
19059,40.884351654965705,541.1799999997897,5833.761945705447
19060,40.884351654965705,541.1999999997897,5833.830858611535
19061,40.884351654965705,541.2199999997897,5833.89976976376
19062,40.884351654965705,541.2399999997897,5833.968679162029
19063,40.884351654965705,541.2599999997897,5834.037586806252
19064,40.884351654965705,541.2799999997897,5834.106492696338
19065,40.82188485074179,541.2999999997896,5834.175396832197
19066,40.82188485074179,541.3199999997896,5834.2442992137385
19067,40.82188485074179,541.3399999997896,5834.313199840872
19068,40.82188485074179,541.3599999997896,5834.382098713506
19069,40.82188485074179,541.3799999997896,5834.45099583155
19070,40.82188485074179,541.3999999997895,5834.519891194915
19071,40.82188485074179,541.4199999997895,5834.588784803508
19072,40.82188485074179,541.4399999997895,5834.657676661209
19073,40.82188485074179,541.4599999997895,5834.726566773724
19074,40.82188485074179,541.4799999997895,5834.795455141169
19075,40.82188485074179,541.4999999997895,5834.8643417634585
19076,40.82188485074179,541.5199999997894,5834.9332266405045
19077,40.82188485074179,541.5399999997894,5835.00210977222
19078,40.82188485074179,541.5599999997894,5835.070991158519
19079,40.82188485074179,541.5799999997894,5835.139870799314
19080,40.82188485074179,541.5999999997894,5835.208748694518
19081,40.82188485074179,541.6199999997893,5835.277624844045
19082,40.82188485074179,541.6399999997893,5835.346499247807
19083,40.82188485074179,541.6599999997893,5835.415371905717
19084,40.82188485074179,541.6799999997893,5835.484242817689
19085,40.82188485074179,541.6999999997893,5835.553111983636
19086,40.82188485074179,541.7199999997893,5835.6219794034705
19087,40.82188485074179,541.7399999997892,5835.690845077106
19088,40.82188485074179,541.7599999997892,5835.7597090044555
19089,40.82188485074179,541.7799999997892,5835.828571185432
19090,40.82188485074179,541.7999999997892,5835.897431619949
19091,40.82188485074179,541.8199999997892,5835.96629030792
19092,40.82188485074179,541.8399999997891,5836.035147249257
19093,40.82188485074179,541.8599999997891,5836.1040024438735
19094,40.82188485074179,541.8799999997891,5836.172855891683
19095,40.82188485074179,541.8999999997891,5836.241707592599
19096,40.82188485074179,541.9199999997891,5836.310557546533
19097,40.82188485074179,541.939999999789,5836.3794057534005
19098,40.82188485074179,541.959999999789,5836.448252213113
19099,40.82188485074179,541.979999999789,5836.517096925584
19100,40.82188485074179,541.999999999789,5836.585939890727
19101,40.82188485074179,542.019999999789,5836.654781108454
19102,40.82188485074179,542.039999999789,5836.7236205786785
19103,40.82188485074179,542.0599999997889,5836.792458301315
19104,40.82188485074179,542.0799999997889,5836.861294276275
19105,40.82188485074179,542.0999999997889,5836.930128503472
19106,40.82188485074179,542.1199999997889,5836.998960982819
19107,40.82188485074179,542.1399999997889,5837.06779171423
19108,40.82188485074179,542.1599999997889,5837.136620697618
19109,40.82188485074179,542.1799999997888,5837.205447932896
19110,40.82188485074179,542.1999999997888,5837.274273419977
19111,40.82188485074179,542.2199999997888,5837.343097158774
19112,40.82188485074179,542.2399999997888,5837.4119191492
19113,40.82188485074179,542.2599999997888,5837.480739391169
19114,40.82188485074179,542.2799999997887,5837.549557884593
19115,40.82188485074179,542.2999999997887,5837.6183746293855
19116,40.82188485074179,542.3199999997887,5837.68718962546
19117,40.82188485074179,542.3399999997887,5837.756002872729
19118,40.82188485074179,542.3599999997887,5837.824814371107
19119,40.82188485074179,542.3799999997887,5837.8936241205065
19120,40.82188485074179,542.3999999997886,5837.96243212084
19121,40.82188485074179,542.4199999997886,5838.031238372022
19122,40.82188485074179,542.4399999997886,5838.100042873964
19123,40.82188485074179,542.4599999997886,5838.168845631101
19124,40.82188485074179,542.4799999997886,5838.237646648628
19125,40.82188485074179,542.4999999997885,5838.306445926541
19126,40.82188485074179,542.5199999997885,5838.375243464751
19127,40.82188485074179,542.5399999997885,5838.444039263171
19128,40.82188485074179,542.5599999997885,5838.512833321712
19129,40.82188485074179,542.5799999997885,5838.581625640284
19130,40.82188485074179,542.5999999997885,5838.6504162188
19131,40.82188485074179,542.6199999997884,5838.719205057171
19132,40.82188485074179,542.6399999997884,5838.7879921553085
19133,40.82188485074179,542.6599999997884,5838.856777513123
19134,40.82188485074179,542.6799999997884,5838.925561130527
19135,40.82188485074179,542.6999999997884,5838.994343007432
19136,40.82188485074179,542.7199999997883,5839.063123143748
19137,40.82188485074179,542.7399999997883,5839.131901539388
19138,40.82188485074179,542.7599999997883,5839.200678194264
19139,40.82188485074179,542.7799999997883,5839.269453108285
19140,40.82188485074179,542.7999999997883,5839.338226281365
19141,40.82188485074179,542.8199999997883,5839.406997713413
19142,40.82188485074179,542.8399999997882,5839.475767404342
19143,40.82188485074179,542.8599999997882,5839.544535354064
19144,40.82188485074179,542.8799999997882,5839.613301562488
19145,40.82188485074179,542.8999999997882,5839.682066029528
19146,40.82188485074179,542.9199999997882,5839.750828755094
19147,40.82188485074179,542.9399999997881,5839.819589739098
19148,40.82188485074179,542.9599999997881,5839.888348981451
19149,40.82188485074179,542.9799999997881,5839.957106482065
19150,40.82188485074179,542.9999999997881,5840.02586224077
19151,40.82188485074179,543.0199999997881,5840.094616256512
19152,40.82188485074179,543.039999999788,5840.163368528961
19153,40.82188485074179,543.059999999788,5840.232119058024
19154,40.82188485074179,543.079999999788,5840.300867843612
19155,40.82188485074179,543.099999999788,5840.369614885632
19156,40.82188485074179,543.119999999788,5840.438360183993
19157,40.82188485074179,543.139999999788,5840.507103738604
19158,40.82188485074179,543.1599999997879,5840.575845549374
19159,40.82188485074179,543.1799999997879,5840.644585616213
19160,40.82188485074179,543.1999999997879,5840.713323939028
19161,40.82188485074179,543.2199999997879,5840.7820605177285
19162,40.82188485074179,543.2399999997879,5840.850795352223
19163,40.82188485074179,543.2599999997879,5840.91952844242
19164,40.82188485074179,543.2799999997878,5840.988259788231
19165,40.82188485074179,543.2999999997878,5841.056989389561
19166,40.82188485074179,543.3199999997878,5841.125717246321
19167,40.82188485074179,543.3399999997878,5841.194443358419
19168,40.82188485074179,543.3599999997878,5841.263167725766
19169,40.82188485074179,543.3799999997877,5841.331890348268
19170,40.82188485074179,543.3999999997877,5841.400611225835
19171,40.82188485074179,543.4199999997877,5841.469330358376
19172,40.82188485074179,543.4399999997877,5841.5380477458
19173,40.82188485074179,543.4599999997877,5841.606763388048
19174,40.82188485074179,543.4799999997877,5841.675477290238
19175,40.82188485074179,543.4999999997876,5841.74418945719
19176,40.82188485074179,543.5199999997876,5841.812899888814
19177,40.82188485074179,543.5399999997876,5841.881608585017
19178,40.82188485074179,543.5599999997876,5841.950315545706
19179,40.82188485074179,543.5799999997876,5842.019020770789
19180,40.82188485074179,543.5999999997875,5842.087724260175
19181,40.82188485074179,543.6199999997875,5842.156426013769
19182,40.82188485074179,543.6399999997875,5842.2251260314815
19183,40.82188485074179,543.6599999997875,5842.2938243132185
19184,40.82188485074179,543.6799999997875,5842.362520858888
19185,40.82188485074179,543.6999999997875,5842.431215668398
19186,40.82188485074179,543.7199999997874,5842.499908741656
19187,40.82188485074179,543.7399999997874,5842.56860007857
19188,40.82188485074179,543.7599999997874,5842.637289679047
19189,40.82188485074179,543.7799999997874,5842.705977542995
19190,40.82188485074179,543.7999999997874,5842.774663670322
19191,40.82188485074179,543.8199999997873,5842.843348060936
19192,40.82188485074179,543.8399999997873,5842.912030714743
19193,40.82188485074179,543.8599999997873,5842.980711631653
19194,40.82188485074179,543.8799999997873,5843.049390811572
19195,40.82188485074179,543.8999999997873,5843.118068254409
19196,40.82188485074179,543.9199999997873,5843.186743960071
19197,40.82188485074179,543.9399999997872,5843.255417928465
19198,40.82188485074179,543.9599999997872,5843.3240901595
19199,40.82188485074179,543.9799999997872,5843.392760653083
19200,40.82188485074179,543.9999999997872,5843.4614294091225
19201,40.82188485074179,544.0199999997872,5843.530096427525
19202,40.82188485074179,544.0399999997871,5843.598761708198
19203,40.82188485074179,544.0599999997871,5843.667425251051
19204,40.82188485074179,544.0799999997871,5843.7360870559905
19205,40.82188485074179,544.0999999997871,5843.804747122924
19206,40.82188485074179,544.1199999997871,5843.87340545176
19207,40.82188485074179,544.139999999787,5843.942062042405
19208,40.82188485074179,544.159999999787,5844.010716894769
19209,40.82188485074179,544.179999999787,5844.079370008757
19210,40.82188485074179,544.199999999787,5844.148021384279
19211,40.82188485074179,544.219999999787,5844.216671021241
19212,40.82188485074179,544.239999999787,5844.285318919552
19213,40.82188485074179,544.2599999997869,5844.353965079119
19214,40.82188485074179,544.2799999997869,5844.42260949985
19215,40.82188485074179,544.2999999997869,5844.491252181653
19216,40.82188485074179,544.3199999997869,5844.559893124435
19217,40.82188485074179,544.3399999997869,5844.6285323281045
19218,40.82188485074179,544.3599999997869,5844.697169792568
19219,40.82188485074179,544.3799999997868,5844.765805517735
19220,40.75957695535435,544.3999999997868,5844.834439503513
19221,40.75957695535435,544.4199999997868,5844.903071749808
19222,40.75957695535435,544.4399999997868,5844.971702256529
19223,40.75957695535435,544.4599999997868,5845.040331023584
19224,40.75957695535435,544.4799999997867,5845.108958051027
19225,40.75957695535435,544.4999999997867,5845.177583344248
19226,40.75957695535435,544.5199999997867,5845.246206907319
19227,40.75957695535435,544.5399999997867,5845.314828740153
19228,40.75957695535435,544.5599999997867,5845.383448842661
19229,40.75957695535435,544.5799999997867,5845.452067214758
19230,40.75957695535435,544.5999999997866,5845.520683856356
19231,40.75957695535435,544.6199999997866,5845.589298767369
19232,40.75957695535435,544.6399999997866,5845.657911947708
19233,40.75957695535435,544.6599999997866,5845.726523397288
19234,40.75957695535435,544.6799999997866,5845.79513311602
19235,40.75957695535435,544.6999999997865,5845.863741103819
19236,40.75957695535435,544.7199999997865,5845.932347360596
19237,40.75957695535435,544.7399999997865,5846.000951886265
19238,40.75957695535435,544.7599999997865,5846.069554680739
19239,40.75957695535435,544.7799999997865,5846.138155743931
19240,40.75957695535435,544.7999999997865,5846.206755075753
19241,40.75957695535435,544.8199999997864,5846.275352676118
19242,40.75957695535435,544.8399999997864,5846.34394854494
19243,40.75957695535435,544.8599999997864,5846.412542682131
19244,40.75957695535435,544.8799999997864,5846.481135087604
19245,40.75957695535435,544.8999999997864,5846.549725761273
19246,40.75957695535435,544.9199999997863,5846.618314703051
19247,40.75957695535435,544.9399999997863,5846.686901912849
19248,40.75957695535435,544.9599999997863,5846.755487390581
19249,40.75957695535435,544.9799999997863,5846.8240711361605
19250,40.75957695535435,544.9999999997863,5846.8926531495
19251,40.75957695535435,545.0199999997863,5846.961233430512
19252,40.75957695535435,545.0399999997862,5847.0298119791105
19253,40.75957695535435,545.0599999997862,5847.098388795208
19254,40.75957695535435,545.0799999997862,5847.166963878717
19255,40.75957695535435,545.0999999997862,5847.235537229551
19256,40.75957695535435,545.1199999997862,5847.304108847622
19257,40.75957695535435,545.1399999997861,5847.372678732844
19258,40.75957695535435,545.1599999997861,5847.441246885131
19259,40.75957695535435,545.1799999997861,5847.509813304393
19260,40.75957695535435,545.1999999997861,5847.578377990545
19261,40.75957695535435,545.2199999997861,5847.6469409435
19262,40.75957695535435,545.239999999786,5847.715502163171
19263,40.75957695535435,545.259999999786,5847.78406164947
19264,40.75957695535435,545.279999999786,5847.85261940231
19265,40.75957695535435,545.299999999786,5847.921175421605
19266,40.75957695535435,545.319999999786,5847.9897297072675
19267,40.75957695535435,545.339999999786,5848.0582822592105
19268,40.75957695535435,545.3599999997859,5848.126833077346
19269,40.75957695535435,545.3799999997859,5848.195382161589
19270,40.75957695535435,545.3999999997859,5848.263929511851
19271,40.75957695535435,545.4199999997859,5848.332475128044
19272,40.75957695535435,545.4399999997859,5848.4010190100835
19273,40.75957695535435,545.4599999997859,5848.469561157881
19274,40.75957695535435,545.4799999997858,5848.53810157135
19275,40.75957695535435,545.4999999997858,5848.606640250664
19276,40.75957695535435,545.5199999997858,5848.67517720164
19277,40.75957695535435,545.5399999997858,5848.7437124277485
19278,40.75957695535435,545.5599999997858,5848.8122459289025
19279,40.75957695535435,545.5799999997857,5848.880777705013
19280,40.75957695535435,545.5999999997857,5848.949307755994
19281,40.75957695535435,545.6199999997857,5849.017836081755
19282,40.75957695535435,545.6399999997857,5849.086362682211
19283,40.75957695535435,545.6599999997857,5849.154887557273
19284,40.75957695535435,545.6799999997857,5849.223410706852
19285,40.75957695535435,545.6999999997856,5849.291932130861
19286,40.75957695535435,545.7199999997856,5849.360451829212
19287,40.75957695535435,545.7399999997856,5849.428969801818
19288,40.75957695535435,545.7599999997856,5849.497486048591
19289,40.75957695535435,545.7799999997856,5849.566000569442
19290,40.75957695535435,545.7999999997855,5849.6345133642835
19291,40.75957695535435,545.8199999997855,5849.703024433029
19292,40.75957695535435,545.8399999997855,5849.77153377559
19293,40.75957695535435,545.8599999997855,5849.840041391878
19294,40.75957695535435,545.8799999997855,5849.908547281805
19295,40.75957695535435,545.8999999997855,5849.977051445284
19296,40.75957695535435,545.9199999997854,5850.045553881953
19297,40.75957695535435,545.9399999997854,5850.11405459083
19298,40.75957695535435,545.9599999997854,5850.182553571759
19299,40.75957695535435,545.9799999997854,5850.251050824654
19300,40.75957695535435,545.9999999997854,5850.319546349429
19301,40.75957695535435,546.0199999997853,5850.388040146
19302,40.75957695535435,546.0399999997853,5850.45653221428
19303,40.75957695535435,546.0599999997853,5850.525022554183
19304,40.75957695535435,546.0799999997853,5850.593511165624
19305,40.75957695535435,546.0999999997853,5850.661998048516
19306,40.75957695535435,546.1199999997853,5850.730483202774
19307,40.75957695535435,546.1399999997852,5850.798966628313
19308,40.75957695535435,546.1599999997852,5850.867448325047
19309,40.75957695535435,546.1799999997852,5850.93592829289
19310,40.75957695535435,546.1999999997852,5851.004406531756
19311,40.75957695535435,546.2199999997852,5851.072883041559
19312,40.75957695535435,546.2399999997851,5851.141357822215
19313,40.75957695535435,546.2599999997851,5851.209830873636
19314,40.75957695535435,546.2799999997851,5851.278302195737
19315,40.75957695535435,546.2999999997851,5851.346771788432
19316,40.75957695535435,546.3199999997851,5851.4152396516365
19317,40.75957695535435,546.339999999785,5851.483705785264
19318,40.75957695535435,546.359999999785,5851.5521701892285
19319,40.75957695535435,546.379999999785,5851.620632863445
19320,40.75957695535435,546.399999999785,5851.689093807828
19321,40.75957695535435,546.419999999785,5851.75755302229
19322,40.75957695535435,546.439999999785,5851.8260105067475
19323,40.75957695535435,546.4599999997849,5851.894466261113
19324,40.75957695535435,546.4799999997849,5851.962920285302
19325,40.75957695535435,546.4999999997849,5852.031372579228
19326,40.75957695535435,546.5199999997849,5852.099823143194
19327,40.75957695535435,546.5399999997849,5852.1682719836845
19328,40.75957695535435,546.5599999997848,5852.2367191036965
19329,40.75957695535435,546.5799999997848,5852.305164503142
19330,40.75957695535435,546.5999999997848,5852.373608181933
19331,40.75957695535435,546.6199999997848,5852.442050139984
19332,40.75957695535435,546.6399999997848,5852.510490377204
19333,40.75957695535435,546.6599999997848,5852.578928893508
19334,40.75957695535435,546.6799999997847,5852.647365688808
19335,40.75957695535435,546.6999999997847,5852.715800763017
19336,40.75957695535435,546.7199999997847,5852.784234116046
19337,40.75957695535435,546.7399999997847,5852.852665747808
19338,40.75957695535435,546.7599999997847,5852.921095658215
19339,40.75957695535435,546.7799999997846,5852.98952384718
19340,40.75957695535435,546.7999999997846,5853.0579503146155
19341,40.75957695535435,546.8199999997846,5853.126375060433
19342,40.75957695535435,546.8399999997846,5853.194798084546
19343,40.75957695535435,546.8599999997846,5853.263219386867
19344,40.75957695535435,546.8799999997846,5853.331638967307
19345,40.75957695535435,546.8999999997845,5853.40005682578
19346,40.75957695535435,546.9199999997845,5853.468472962197
19347,40.75957695535435,546.9399999997845,5853.536887376471
19348,40.75957695535435,546.9599999997845,5853.605300068515
19349,40.75957695535435,546.9799999997845,5853.673711038241
19350,40.75957695535435,546.9999999997844,5853.742120285561
19351,40.75957695535435,547.0199999997844,5853.8105278103885
19352,40.75957695535435,547.0399999997844,5853.878933612636
19353,40.75957695535435,547.0599999997844,5853.947337692214
19354,40.75957695535435,547.0799999997844,5854.015740049037
19355,40.75957695535435,547.0999999997844,5854.084140683016
19356,40.75957695535435,547.1199999997843,5854.152539594064
19357,40.75957695535435,547.1399999997843,5854.220936782094
19358,40.75957695535435,547.1599999997843,5854.289332247018
19359,40.75957695535435,547.1799999997843,5854.357725988748
19360,40.75957695535435,547.1999999997843,5854.426118007197
19361,40.75957695535435,547.2199999997842,5854.494508302278
19362,40.75957695535435,547.2399999997842,5854.562896873902
19363,40.75957695535435,547.2599999997842,5854.631283721982
19364,40.75957695535435,547.2799999997842,5854.6996688464305
19365,40.75957695535435,547.2999999997842,5854.76805224716
19366,40.75957695535435,547.3199999997842,5854.836433924083
19367,40.75957695535435,547.3399999997841,5854.904813877113
19368,40.75957695535435,547.3599999997841,5854.973192106161
19369,40.75957695535435,547.3799999997841,5855.04156861114
19370,40.75957695535435,547.3999999997841,5855.109943391962
19371,40.75957695535435,547.4199999997841,5855.17831644854
19372,40.75957695535435,547.439999999784,5855.246687780786
19373,40.75957695535435,547.459999999784,5855.315057388612
19374,40.75957695535435,547.479999999784,5855.3834252719325
19375,40.69742740343288,547.499999999784,5855.451791430658
19376,40.69742740343288,547.519999999784,5855.520155864702
19377,40.69742740343288,547.539999999784,5855.588518574474
19378,40.69742740343288,547.5599999997839,5855.656879566801
19379,40.69742740343288,547.5799999997839,5855.725238844044
19380,40.69742740343288,547.5999999997839,5855.793596406117
19381,40.69742740343288,547.6199999997839,5855.861952252934
19382,40.69742740343288,547.6399999997839,5855.930306384409
19383,40.69742740343288,547.6599999997838,5855.998658800457
19384,40.69742740343288,547.6799999997838,5856.067009500991
19385,40.69742740343288,547.6999999997838,5856.135358485926
19386,40.69742740343288,547.7199999997838,5856.203705755177
19387,40.69742740343288,547.7399999997838,5856.272051308658
19388,40.69742740343288,547.7599999997838,5856.340395146282
19389,40.69742740343288,547.7799999997837,5856.408737267965
19390,40.69742740343288,547.7999999997837,5856.4770776736195
19391,40.69742740343288,547.8199999997837,5856.545416363161
19392,40.69742740343288,547.8399999997837,5856.613753336504
19393,40.69742740343288,547.8599999997837,5856.682088593561
19394,40.69742740343288,547.8799999997836,5856.750422134248
19395,40.69742740343288,547.8999999997836,5856.818753958478
19396,40.69742740343288,547.9199999997836,5856.887084066166
19397,40.69742740343288,547.9399999997836,5856.955412457226
19398,40.69742740343288,547.9599999997836,5857.023739131573
19399,40.69742740343288,547.9799999997836,5857.092064089121
19400,40.69742740343288,547.9999999997835,5857.160387329784
19401,40.69742740343288,548.0199999997835,5857.228708853476
19402,40.69742740343288,548.0399999997835,5857.297028660111
19403,40.69742740343288,548.0599999997835,5857.365346749605
19404,40.69742740343288,548.0799999997835,5857.433663121871
19405,40.69742740343288,548.0999999997834,5857.501977776823
19406,40.69742740343288,548.1199999997834,5857.570290714376
19407,40.69742740343288,548.1399999997834,5857.638601934444
19408,40.69742740343288,548.1599999997834,5857.706911436941
19409,40.69742740343288,548.1799999997834,5857.775219221781
19410,40.69742740343288,548.1999999997834,5857.843525288879
19411,40.69742740343288,548.2199999997833,5857.91182963815
19412,40.69742740343288,548.2399999997833,5857.9801322695075
19413,40.69742740343288,548.2599999997833,5858.048433182866
19414,40.69742740343288,548.2799999997833,5858.116732378138
19415,40.69742740343288,548.2999999997833,5858.18502985524
19416,40.69742740343288,548.3199999997832,5858.253325614086
19417,40.69742740343288,548.3399999997832,5858.321619654589
19418,40.69742740343288,548.3599999997832,5858.389911976665
19419,40.69742740343288,548.3799999997832,5858.458202580227
19420,40.69742740343288,548.3999999997832,5858.526491465191
19421,40.69742740343288,548.4199999997832,5858.594778631469
19422,40.69742740343288,548.4399999997831,5858.663064078976
19423,40.69742740343288,548.4599999997831,5858.731347807628
19424,40.69742740343288,548.4799999997831,5858.799629817337
19425,40.69742740343288,548.4999999997831,5858.867910108018
19426,40.69742740343288,548.5199999997831,5858.936188679586
19427,40.69742740343288,548.539999999783,5859.004465531955
19428,40.69742740343288,548.559999999783,5859.0727406656315
19429,40.69742740343288,548.579999999783,5859.141014087654
19430,40.69742740343288,548.599999999783,5859.209285799736
19431,40.69742740343288,548.619999999783,5859.2775558017875
19432,40.69742740343288,548.639999999783,5859.3458240937225
19433,40.69742740343288,548.6599999997829,5859.414090675453
19434,40.69742740343288,548.6799999997829,5859.482355546891
19435,40.69742740343288,548.6999999997829,5859.55061870795
19436,40.69742740343288,548.7199999997829,5859.618880158541
19437,40.69742740343288,548.7399999997829,5859.687139898578
19438,40.69742740343288,548.7599999997828,5859.755397927971
19439,40.69742740343288,548.7799999997828,5859.823654246635
19440,40.69742740343288,548.7999999997828,5859.89190885448
19441,40.69742740343288,548.8199999997828,5859.96016175142
19442,40.69742740343288,548.8399999997828,5860.028412937267
19443,40.69742740343288,548.8599999997828,5860.096662410805
19444,40.69742740343288,548.8799999997827,5860.164910171727
19445,40.69742740343288,548.8999999997827,5860.233156219943
19446,40.69742740343288,548.9199999997827,5860.301400555368
19447,40.69742740343288,548.9399999997827,5860.369643177912
19448,40.69742740343288,548.9599999997827,5860.437884087489
19449,40.69742740343288,548.9799999997826,5860.506123284011
19450,40.69742740343288,548.9999999997826,5860.57436076739
19451,40.69742740343288,549.0199999997826,5860.642596537539
19452,40.69742740343288,549.0399999997826,5860.710830594371
19453,40.69742740343288,549.0599999997826,5860.779062937798
19454,40.69742740343288,549.0799999997826,5860.847293567732
19455,40.69742740343288,549.0999999997825,5860.915522484085
19456,40.69742740343288,549.1199999997825,5860.983749686771
19457,40.69742740343288,549.1399999997825,5861.051975175702
19458,40.69742740343288,549.1599999997825,5861.12019895079
19459,40.69742740343288,549.1799999997825,5861.188421011948
19460,40.69742740343288,549.1999999997824,5861.256641359088
19461,40.69742740343288,549.2199999997824,5861.324859992122
19462,40.69742740343288,549.2399999997824,5861.393076910963
19463,40.69742740343288,549.2599999997824,5861.461292115524
19464,40.69742740343288,549.2799999997824,5861.529505605717
19465,40.69742740343288,549.2999999997824,5861.5977173814545
19466,40.69742740343288,549.3199999997823,5861.665927442649
19467,40.69742740343288,549.3399999997823,5861.734135789214
19468,40.69742740343288,549.3599999997823,5861.80234242106
19469,40.69742740343288,549.3799999997823,5861.8705473381
19470,40.69742740343288,549.3999999997823,5861.938750540247
19471,40.69742740343288,549.4199999997822,5862.006952027415
19472,40.69742740343288,549.4399999997822,5862.075151799513
19473,40.69742740343288,549.4599999997822,5862.143349856457
19474,40.69742740343288,549.4799999997822,5862.211546198157
19475,40.69742740343288,549.4999999997822,5862.279740824526
19476,40.69742740343288,549.5199999997822,5862.347933735477
19477,40.69742740343288,549.5399999997821,5862.416124930923
19478,40.69742740343288,549.5599999997821,5862.484314410775
19479,40.69742740343288,549.5799999997821,5862.552502175672
19480,40.69742740343288,549.5999999997821,5862.620688233325
19481,40.69742740343288,549.6199999997821,5862.688872584922
19482,40.69742740343288,549.639999999782,5862.757055230373
19483,40.69742740343288,549.659999999782,5862.82523616959
19484,40.69742740343288,549.679999999782,5862.8934154024855
19485,40.69742740343288,549.699999999782,5862.961592928969
19486,40.69742740343288,549.719999999782,5863.029768748954
19487,40.69742740343288,549.739999999782,5863.0979428623505
19488,40.69742740343288,549.7599999997819,5863.166115269071
19489,40.69742740343288,549.7799999997819,5863.234285969027
19490,40.69742740343288,549.7999999997819,5863.30245496213
19491,40.69742740343288,549.8199999997819,5863.370622248291
19492,40.69742740343288,549.8399999997819,5863.438787827422
19493,40.69742740343288,549.8599999997818,5863.5069516994345
19494,40.69742740343288,549.8799999997818,5863.57511386424
19495,40.69742740343288,549.8999999997818,5863.64327432175
19496,40.69742740343288,549.9199999997818,5863.711433071876
19497,40.69742740343288,549.9399999997818,5863.77959011453
19498,40.69742740343288,549.9599999997818,5863.847745449623
19499,40.69742740343288,549.9799999997817,5863.915899077067
19500,40.69742740343288,549.9999999997817,5863.984050996773
19501,40.69742740343288,550.0199999997817,5864.052201208652
19502,40.69742740343288,550.0399999997817,5864.120349712617
19503,40.69742740343288,550.0599999997817,5864.188496508579
19504,40.69742740343288,550.0799999997816,5864.25664159645
19505,40.69742740343288,550.0999999997816,5864.324784976141
19506,40.69742740343288,550.1199999997816,5864.392926647563
19507,40.69742740343288,550.1399999997816,5864.461066610629
19508,40.69742740343288,550.1599999997816,5864.529204865249
19509,40.69742740343288,550.1799999997816,5864.597341411336
19510,40.69742740343288,550.1999999997815,5864.665476248801
19511,40.69742740343288,550.2199999997815,5864.733609377555
19512,40.69742740343288,550.2399999997815,5864.801740797509
19513,40.69742740343288,550.2599999997815,5864.869870508577
19514,40.69742740343288,550.2799999997815,5864.937998510669
19515,40.69742740343288,550.2999999997814,5865.006124803696
19516,40.69742740343288,550.3199999997814,5865.074249387571
19517,40.69742740343288,550.3399999997814,5865.142372262205
19518,40.69742740343288,550.3599999997814,5865.2104934275085
19519,40.69742740343288,550.3799999997814,5865.278612883395
19520,40.69742740343288,550.3999999997814,5865.346730629774
19521,40.69742740343288,550.4199999997813,5865.414846666559
19522,40.69742740343288,550.4399999997813,5865.4829609936605
19523,40.69742740343288,550.4599999997813,5865.551073610991
19524,40.69742740343288,550.4799999997813,5865.619184518461
19525,40.69742740343288,550.4999999997813,5865.687293715982
19526,40.69742740343288,550.5199999997812,5865.755401203467
19527,40.69742740343288,550.5399999997812,5865.823506980826
19528,40.69742740343288,550.5599999997812,5865.891611047972
19529,40.69742740343288,550.5799999997812,5865.959713404816
19530,40.63543563219051,550.5999999997812,5866.027814052209
19531,40.63543563219051,550.6199999997812,5866.095912998156
19532,40.63543563219051,550.6399999997811,5866.1640102433685
19533,40.63543563219051,550.6599999997811,5866.232105787764
19534,40.63543563219051,550.6799999997811,5866.30019963126
19535,40.63543563219051,550.6999999997811,5866.3682917737715
19536,40.63543563219051,550.7199999997811,5866.436382215216
19537,40.63543563219051,550.739999999781,5866.50447095551
19538,40.63543563219051,550.759999999781,5866.572557994571
19539,40.63543563219051,550.779999999781,5866.6406433323145
19540,40.63543563219051,550.799999999781,5866.708726968658
19541,40.63543563219051,550.819999999781,5866.776808903518
19542,40.63543563219051,550.839999999781,5866.844889136811
19543,40.63543563219051,550.8599999997809,5866.912967668453
19544,40.63543563219051,550.8799999997809,5866.981044498363
19545,40.63543563219051,550.8999999997809,5867.049119626456
19546,40.63543563219051,550.9199999997809,5867.117193052648
19547,40.63543563219051,550.9399999997809,5867.185264776857
19548,40.63543563219051,550.9599999997808,5867.253334799
19549,40.63543563219051,550.9799999997808,5867.321403118994
19550,40.63543563219051,550.9999999997808,5867.389469736754
19551,40.63543563219051,551.0199999997808,5867.457534652198
19552,40.63543563219051,551.0399999997808,5867.525597865242
19553,40.63543563219051,551.0599999997808,5867.593659375803
19554,40.63543563219051,551.0799999997807,5867.661719183799
19555,40.63543563219051,551.0999999997807,5867.729777289144
19556,40.63543563219051,551.1199999997807,5867.797833691757
19557,40.63543563219051,551.1399999997807,5867.865888391553
19558,40.63543563219051,551.1599999997807,5867.933941388451
19559,40.63543563219051,551.1799999997806,5868.001992682366
19560,40.63543563219051,551.1999999997806,5868.070042273215
19561,40.63543563219051,551.2199999997806,5868.138090160915
19562,40.63543563219051,551.2399999997806,5868.206136345383
19563,40.63543563219051,551.2599999997806,5868.2741808265355
19564,40.63543563219051,551.2799999997806,5868.342223604289
19565,40.63543563219051,551.2999999997805,5868.41026467856
19566,40.63543563219051,551.3199999997805,5868.478304049267
19567,40.63543563219051,551.3399999997805,5868.546341716324
19568,40.63543563219051,551.3599999997805,5868.614377679649
19569,40.63543563219051,551.3799999997805,5868.6824119391595
19570,40.63543563219051,551.3999999997804,5868.750444494772
19571,40.63543563219051,551.4199999997804,5868.818475346402
19572,40.63543563219051,551.4399999997804,5868.886504493968
19573,40.63543563219051,551.4599999997804,5868.954531937385
19574,40.63543563219051,551.4799999997804,5869.022557676571
19575,40.63543563219051,551.4999999997804,5869.090581711442
19576,40.63543563219051,551.5199999997803,5869.158604041915
19577,40.63543563219051,551.5399999997803,5869.226624667907
19578,40.63543563219051,551.5599999997803,5869.2946435893355
19579,40.63543563219051,551.5799999997803,5869.362660806116
19580,40.63543563219051,551.5999999997803,5869.430676318165
19581,40.63543563219051,551.6199999997802,5869.4986901268485
19582,40.63543563219051,551.6399999997802,5869.566702239361
19583,40.63543563219051,551.6599999997802,5869.634712656265
19584,40.63543563219051,551.6799999997802,5869.702721377477
19585,40.63543563219051,551.6999999997802,5869.770728402913
19586,40.63543563219051,551.7199999997802,5869.838733732488
19587,40.63543563219051,551.7399999997801,5869.906737366119
19588,40.63543563219051,551.7599999997801,5869.974739303721
19589,40.63543563219051,551.7799999997801,5870.042739544973
19590,40.63543563219051,551.7999999997801,5870.110738088859
19591,40.63543563219051,551.8199999997801,5870.178734935216
19592,40.63543563219051,551.83999999978,5870.246730083961
19593,40.63543563219051,551.85999999978,5870.314723535007
19594,40.63543563219051,551.87999999978,5870.3827152882695
19595,40.63543563219051,551.89999999978,5870.450705343664
19596,40.63543563219051,551.91999999978,5870.518693701105
19597,40.63543563219051,551.93999999978,5870.586680360508
19598,40.63543563219051,551.9599999997799,5870.654665321787
19599,40.63543563219051,551.9799999997799,5870.722648584859
19600,40.63543563219051,551.9999999997799,5870.790630149637
19601,40.63543563219051,552.0199999997799,5870.858610016037
19602,40.63543563219051,552.0399999997799,5870.926588183975
19603,40.63543563219051,552.0599999997798,5870.994564653364
19604,40.63543563219051,552.0799999997798,5871.062539424121
19605,40.63543563219051,552.0999999997798,5871.130512496159
19606,40.63543563219051,552.1199999997798,5871.198483869395
19607,40.63543563219051,552.1399999997798,5871.266453543743
19608,40.63543563219051,552.1599999997798,5871.334421519118
19609,40.63543563219051,552.1799999997797,5871.402387795435
19610,40.63543563219051,552.1999999997797,5871.470352372609
19611,40.63543563219051,552.2199999997797,5871.5383152505565
19612,40.63543563219051,552.2399999997797,5871.606276429191
19613,40.63543563219051,552.2599999997797,5871.674235908427
19614,40.63543563219051,552.2799999997796,5871.742193688181
19615,40.63543563219051,552.2999999997796,5871.810149768367
19616,40.63543563219051,552.3199999997796,5871.878104148902
19617,40.63543563219051,552.3399999997796,5871.946056829699
19618,40.63543563219051,552.3599999997796,5872.014007810673
19619,40.63543563219051,552.3799999997796,5872.08195709174
19620,40.63543563219051,552.3999999997795,5872.149904672815
19621,40.63543563219051,552.4199999997795,5872.217850553813
19622,40.63543563219051,552.4399999997795,5872.285794734649
19623,40.63543563219051,552.4599999997795,5872.353737215238
19624,40.63543563219051,552.4799999997795,5872.421677995495
19625,40.63543563219051,552.4999999997794,5872.4896170753345
19626,40.63543563219051,552.5199999997794,5872.557554454673
19627,40.63543563219051,552.5399999997794,5872.625490133424
19628,40.63543563219051,552.5599999997794,5872.693424111504
19629,40.63543563219051,552.5799999997794,5872.761356388827
19630,40.63543563219051,552.5999999997794,5872.829286965309
19631,40.63543563219051,552.6199999997793,5872.897215840864
19632,40.63543563219051,552.6399999997793,5872.965143017465
19633,40.63543563219051,552.6599999997793,5873.033068502056
19634,40.63543563219051,552.6799999997793,5873.100992295103
19635,40.63543563219051,552.6999999997793,5873.168914396521
19636,40.63543563219051,552.7199999997792,5873.236834806225
19637,40.63543563219051,552.7399999997792,5873.304753524128
19638,40.63543563219051,552.7599999997792,5873.372670550145
19639,40.63543563219051,552.7799999997792,5873.440585884191
19640,40.63543563219051,552.7999999997792,5873.5084995261805
19641,40.63543563219051,552.8199999997792,5873.576411476028
19642,40.63543563219051,552.8399999997791,5873.644321733647
19643,40.63543563219051,552.8599999997791,5873.712230298954
19644,40.63543563219051,552.8799999997791,5873.7801371718615
19645,40.63543563219051,552.8999999997791,5873.848042352285
19646,40.63543563219051,552.9199999997791,5873.915945840139
19647,40.63543563219051,552.939999999779,5873.983847635338
19648,40.63543563219051,552.959999999779,5874.051747737796
19649,40.63543563219051,552.979999999779,5874.119646147428
19650,40.63543563219051,552.999999999779,5874.187542864149
19651,40.63543563219051,553.019999999779,5874.255437887872
19652,40.63543563219051,553.039999999779,5874.323331218513
19653,40.63543563219051,553.0599999997789,5874.391222855986
19654,40.63543563219051,553.0799999997789,5874.459112800205
19655,40.63543563219051,553.0999999997789,5874.527001051085
19656,40.63543563219051,553.1199999997789,5874.59488760854
19657,40.63543563219051,553.1399999997789,5874.662772472486
19658,40.63543563219051,553.1599999997788,5874.730655642837
19659,40.63543563219051,553.1799999997788,5874.798537119506
19660,40.63543563219051,553.1999999997788,5874.86641690241
19661,40.63543563219051,553.2199999997788,5874.934294991461
19662,40.63543563219051,553.2399999997788,5875.002171386575
19663,40.63543563219051,553.2599999997788,5875.070046087667
19664,40.63543563219051,553.2799999997787,5875.137919094651
19665,40.63543563219051,553.2999999997787,5875.205790407441
19666,40.63543563219051,553.3199999997787,5875.273660025951
19667,40.63543563219051,553.3399999997787,5875.341527950098
19668,40.63543563219051,553.3599999997787,5875.409394179795
19669,40.63543563219051,553.3799999997786,5875.4772587149555
19670,40.63543563219051,553.3999999997786,5875.545121555496
19671,40.63543563219051,553.4199999997786,5875.612982701329
19672,40.63543563219051,553.4399999997786,5875.680842152371
19673,40.63543563219051,553.4599999997786,5875.748699908536
19674,40.63543563219051,553.4799999997786,5875.816555969738
19675,40.63543563219051,553.4999999997785,5875.884410335892
19676,40.63543563219051,553.5199999997785,5875.952263006913
19677,40.63543563219051,553.5399999997785,5876.020113982715
19678,40.63543563219051,553.5599999997785,5876.087963263212
19679,40.63543563219051,553.5799999997785,5876.15581084832
19680,40.63543563219051,553.5999999997784,5876.223656737951
19681,40.63543563219051,553.6199999997784,5876.291500932022
19682,40.63543563219051,553.6399999997784,5876.359343430448
19683,40.63543563219051,553.6599999997784,5876.427184235793
19684,40.63543563219051,553.6799999997784,5876.495023354616
19685,40.63543563219051,553.6999999997784,5876.562860787275
19686,40.573601081409464,553.7199999997783,5876.630696533687
19687,40.573601081409464,553.7399999997783,5876.69853059377
19688,40.573601081409464,553.7599999997783,5876.766362967439
19689,40.573601081409464,553.7799999997783,5876.834193654612
19690,40.573601081409464,553.7999999997783,5876.902022655206
19691,40.573601081409464,553.8199999997782,5876.969849969136
19692,40.573601081409464,553.8399999997782,5877.03767559632
19693,40.573601081409464,553.8599999997782,5877.105499536674
19694,40.573601081409464,553.8799999997782,5877.173321790116
19695,40.573601081409464,553.8999999997782,5877.241142356561
19696,40.573601081409464,553.9199999997782,5877.308961235926
19697,40.573601081409464,553.9399999997781,5877.376778428129
19698,40.573601081409464,553.9599999997781,5877.444593933086
19699,40.573601081409464,553.9799999997781,5877.512407750714
19700,40.573601081409464,553.9999999997781,5877.58021988093
19701,40.573601081409464,554.0199999997781,5877.648030323649
19702,40.573601081409464,554.039999999778,5877.71583907879
19703,40.573601081409464,554.059999999778,5877.783646146268
19704,40.573601081409464,554.079999999778,5877.851451526001
19705,40.573601081409464,554.099999999778,5877.919255217906
19706,40.573601081409464,554.119999999778,5877.987057221898
19707,40.573601081409464,554.139999999778,5878.054857537895
19708,40.573601081409464,554.1599999997779,5878.122656165814
19709,40.573601081409464,554.1799999997779,5878.190453105571
19710,40.573601081409464,554.1999999997779,5878.258248357082
19711,40.573601081409464,554.2199999997779,5878.326041920266
19712,40.573601081409464,554.2399999997779,5878.3938337950385
19713,40.573601081409464,554.2599999997778,5878.461623981316
19714,40.573601081409464,554.2799999997778,5878.529412479015
19715,40.573601081409464,554.2999999997778,5878.597199288054
19716,40.573601081409464,554.3199999997778,5878.664984408348
19717,40.573601081409464,554.3399999997778,5878.732767839814
19718,40.573601081409464,554.3599999997778,5878.80054958237
19719,40.573601081409464,554.3799999997777,5878.868329635931
19720,40.573601081409464,554.3999999997777,5878.9361080004155
19721,40.573601081409464,554.4199999997777,5879.003884675739
19722,40.573601081409464,554.4399999997777,5879.071659661819
19723,40.573601081409464,554.4599999997777,5879.139432958571
19724,40.573601081409464,554.4799999997776,5879.207204565913
19725,40.573601081409464,554.4999999997776,5879.274974483762
19726,40.573601081409464,554.5199999997776,5879.342742712034
19727,40.573601081409464,554.5399999997776,5879.410509250646
19728,40.573601081409464,554.5599999997776,5879.478274099514
19729,40.573601081409464,554.5799999997776,5879.546037258557
19730,40.573601081409464,554.5999999997775,5879.613798727689
19731,40.573601081409464,554.6199999997775,5879.681558506828
19732,40.573601081409464,554.6399999997775,5879.749316595891
19733,40.573601081409464,554.6599999997775,5879.817072994795
19734,40.573601081409464,554.6799999997775,5879.88482770651
19735,40.573601081409464,554.6999999997774,5879.952580736799
19736,40.573601081409464,554.7199999997774,5880.020332085824
19737,40.573601081409464,554.7399999997774,5880.088081752567
19738,40.573601081409464,554.7599999997774,5880.155829736613
19739,40.573601081409464,554.7799999997774,5880.223576037878
19740,40.573601081409464,554.7999999997774,5880.291320656281
19741,40.573601081409464,554.8199999997773,5880.359063591736
19742,40.573601081409464,554.8399999997773,5880.426804844163
19743,40.573601081409464,554.8599999997773,5880.494544413476
19744,40.573601081409464,554.8799999997773,5880.562282299595
19745,40.573601081409464,554.8999999997773,5880.630018502435
19746,40.573601081409464,554.9199999997772,5880.697753021914
19747,40.573601081409464,554.9399999997772,5880.765485857948
19748,40.573601081409464,554.9599999997772,5880.833217010455
19749,40.573601081409464,554.9799999997772,5880.900946479352
19750,40.573601081409464,554.9999999997772,5880.968674264555
19751,40.573601081409464,555.0199999997772,5881.036400365982
19752,40.573601081409464,555.0399999997771,5881.10412478355
19753,40.573601081409464,555.0599999997771,5881.171847517176
19754,40.573601081409464,555.0799999997771,5881.239568566776
19755,40.573601081409464,555.0999999997771,5881.307287932268
19756,40.573601081409464,555.1199999997771,5881.375005613569
19757,40.573601081409464,555.139999999777,5881.442721610595
19758,40.573601081409464,555.159999999777,5881.510435923265
19759,40.573601081409464,555.179999999777,5881.578148551494
19760,40.573601081409464,555.199999999777,5881.645859495201
19761,40.573601081409464,555.219999999777,5881.713568754301
19762,40.573601081409464,555.239999999777,5881.781276328713
19763,40.573601081409464,555.2599999997769,5881.848982218352
19764,40.573601081409464,555.2799999997769,5881.916686423136
19765,40.573601081409464,555.2999999997769,5881.984388942982
19766,40.573601081409464,555.3199999997769,5882.052089777807
19767,40.573601081409464,555.3399999997769,5882.119788927528
19768,40.573601081409464,555.3599999997768,5882.187486392063
19769,40.573601081409464,555.3799999997768,5882.255182171328
19770,40.573601081409464,555.3999999997768,5882.32287626524
19771,40.573601081409464,555.4199999997768,5882.390568673716
19772,40.573601081409464,555.4399999997768,5882.458259396673
19773,40.573601081409464,555.4599999997768,5882.5259484340295
19774,40.573601081409464,555.4799999997767,5882.593635785701
19775,40.573601081409464,555.4999999997767,5882.661321451605
19776,40.573601081409464,555.5199999997767,5882.729005431658
19777,40.573601081409464,555.5399999997767,5882.796687725778
19778,40.573601081409464,555.5599999997767,5882.8643683338805
19779,40.573601081409464,555.5799999997766,5882.932047255885
19780,40.573601081409464,555.5999999997766,5882.999724491707
19781,40.573601081409464,555.6199999997766,5883.067400041263
19782,40.573601081409464,555.6399999997766,5883.135073904471
19783,40.573601081409464,555.6599999997766,5883.202746081248
19784,40.573601081409464,555.6799999997766,5883.27041657151
19785,40.573601081409464,555.6999999997765,5883.3380853788685
19786,40.573601081409464,555.7199999997765,5883.405752508798
19787,40.573601081409464,555.7399999997765,5883.473417961423
19788,40.573601081409464,555.7599999997765,5883.541081736662
19789,40.573601081409464,555.7799999997765,5883.60874383443
19790,40.573601081409464,555.7999999997764,5883.676404254646
19791,40.573601081409464,555.8199999997764,5883.744062997225
19792,40.573601081409464,555.8399999997764,5883.811720062086
19793,40.573601081409464,555.8599999997764,5883.879375449145
19794,40.573601081409464,555.8799999997764,5883.94702915832
19795,40.573601081409464,555.8999999997764,5884.014681189527
19796,40.573601081409464,555.9199999997763,5884.082331542684
19797,40.573601081409464,555.9399999997763,5884.149980217708
19798,40.573601081409464,555.9599999997763,5884.217627214515
19799,40.573601081409464,555.9799999997763,5884.285272533024
19800,40.573601081409464,555.9999999997763,5884.352916173151
19801,40.573601081409464,556.0199999997762,5884.420558134814
19802,40.573601081409464,556.0399999997762,5884.488198417929
19803,40.573601081409464,556.0599999997762,5884.5558370224135
19804,40.573601081409464,556.0799999997762,5884.623473948185
19805,40.573601081409464,556.0999999997762,5884.691109195161
19806,40.573601081409464,556.1199999997762,5884.758742763257
19807,40.573601081409464,556.1399999997761,5884.826374652392
19808,40.573601081409464,556.1599999997761,5884.894004862481
19809,40.573601081409464,556.1799999997761,5884.961633393443
19810,40.573601081409464,556.1999999997761,5885.029260245195
19811,40.573601081409464,556.2199999997761,5885.096885417653
19812,40.573601081409464,556.239999999776,5885.164508910734
19813,40.573601081409464,556.259999999776,5885.232130724357
19814,40.573601081409464,556.279999999776,5885.2997508584385
19815,40.573601081409464,556.299999999776,5885.367369312895
19816,40.573601081409464,556.319999999776,5885.434986087644
19817,40.573601081409464,556.339999999776,5885.502601182601
19818,40.573601081409464,556.3599999997759,5885.570214597686
19819,40.573601081409464,556.3799999997759,5885.637826332814
19820,40.573601081409464,556.3999999997759,5885.705436387903
19821,40.573601081409464,556.4199999997759,5885.773044762871
19822,40.573601081409464,556.4399999997759,5885.840651457634
19823,40.573601081409464,556.4599999997758,5885.908256472108
19824,40.573601081409464,556.4799999997758,5885.975859806213
19825,40.573601081409464,556.4999999997758,5886.0434614598635
19826,40.573601081409464,556.5199999997758,5886.111061432978
19827,40.573601081409464,556.5399999997758,5886.178659725474
19828,40.573601081409464,556.5599999997758,5886.246256337268
19829,40.573601081409464,556.5799999997757,5886.313851268278
19830,40.573601081409464,556.5999999997757,5886.38144451842
19831,40.573601081409464,556.6199999997757,5886.449036087612
19832,40.573601081409464,556.6399999997757,5886.51662597577
19833,40.573601081409464,556.6599999997757,5886.5842141828125
19834,40.573601081409464,556.6799999997756,5886.651800708656
19835,40.573601081409464,556.6999999997756,5886.719385553218
19836,40.573601081409464,556.7199999997756,5886.786968720744
19837,40.573601081409464,556.7399999997756,5886.85455021636
19838,40.573601081409464,556.7599999997756,5886.922130040078
19839,40.573601081409464,556.7799999997756,5886.989708191816
19840,40.573601081409464,556.7999999997755,5887.057284671491
19841,40.573601081409464,556.8199999997755,5887.1248594790195
19842,40.573601081409464,556.8399999997755,5887.192432614318
19843,40.51192319342687,556.8599999997755,5887.260004077304
19844,40.51192319342687,556.8799999997755,5887.327573867894
19845,40.51192319342687,556.8999999997754,5887.395141986004
19846,40.51192319342687,556.9199999997754,5887.462708431552
19847,40.51192319342687,556.9399999997754,5887.530273204454
19848,40.51192319342687,556.9599999997754,5887.597836304627
19849,40.51192319342687,556.9799999997754,5887.6653977319875
19850,40.51192319342687,556.9999999997754,5887.7329574864525
19851,40.51192319342687,557.0199999997753,5887.800515567939
19852,40.51192319342687,557.0399999997753,5887.868071976364
19853,40.51192319342687,557.0599999997753,5887.9356267116445
19854,40.51192319342687,557.0799999997753,5888.0031797736965
19855,40.51192319342687,557.0999999997753,5888.0707311624365
19856,40.51192319342687,557.1199999997752,5888.138280877782
19857,40.51192319342687,557.1399999997752,5888.205828919649
19858,40.51192319342687,557.1599999997752,5888.273375287956
19859,40.51192319342687,557.1799999997752,5888.340919982618
19860,40.51192319342687,557.1999999997752,5888.408463003553
19861,40.51192319342687,557.2199999997752,5888.476004350678
19862,40.51192319342687,557.2399999997751,5888.543544023908
19863,40.51192319342687,557.2599999997751,5888.6110820231615
19864,40.51192319342687,557.2799999997751,5888.678618348355
19865,40.51192319342687,557.2999999997751,5888.746152999404
19866,40.51192319342687,557.3199999997751,5888.813685976228
19867,40.51192319342687,557.339999999775,5888.881217278742
19868,40.51192319342687,557.359999999775,5888.948746906863
19869,40.51192319342687,557.379999999775,5889.016274860507
19870,40.51192319342687,557.399999999775,5889.083801139593
19871,40.51192319342687,557.419999999775,5889.151325744036
19872,40.51192319342687,557.439999999775,5889.218848673752
19873,40.51192319342687,557.4599999997749,5889.286369928661
19874,40.51192319342687,557.4799999997749,5889.353889508677
19875,40.51192319342687,557.4999999997749,5889.421407413718
19876,40.51192319342687,557.5199999997749,5889.488923643701
19877,40.51192319342687,557.5399999997749,5889.556438198542
19878,40.51192319342687,557.5599999997748,5889.623951078159
19879,40.51192319342687,557.5799999997748,5889.691462282467
19880,40.51192319342687,557.5999999997748,5889.758971811384
19881,40.51192319342687,557.6199999997748,5889.826479664827
19882,40.51192319342687,557.6399999997748,5889.893985842713
19883,40.51192319342687,557.6599999997748,5889.961490344958
19884,40.51192319342687,557.6799999997747,5890.028993171374
19885,40.51192319342687,557.6999999997747,5890.096494320712
19886,40.51192319342687,557.7199999997747,5890.163993792693
19887,40.51192319342687,557.7399999997747,5890.231491591821
19888,40.51192319342687,557.7599999997747,5890.298987722466
19889,40.51192319342687,557.7799999997746,5890.366482184545
19890,40.51192319342687,557.7999999997746,5890.433974977975
19891,40.51192319342687,557.8199999997746,5890.501466102673
19892,40.51192319342687,557.8399999997746,5890.568955558557
19893,40.51192319342687,557.8599999997746,5890.636443345545
19894,40.51192319342687,557.8799999997746,5890.703929463553
19895,40.51192319342687,557.8999999997745,5890.7714139125
19896,40.51192319342687,557.9199999997745,5890.838896692302
19897,40.51192319342687,557.9399999997745,5890.906377802878
19898,40.51192319342687,557.9599999997745,5890.973857244144
19899,40.51192319342687,557.9799999997745,5891.041335016018
19900,40.51192319342687,557.9999999997744,5891.108811118417
19901,40.51192319342687,558.0199999997744,5891.17628555126
19902,40.51192319342687,558.0399999997744,5891.243758314462
19903,40.51192319342687,558.0599999997744,5891.311229407942
19904,40.51192319342687,558.0799999997744,5891.378698831617
19905,40.51192319342687,558.0999999997744,5891.446166585405
19906,40.51192319342687,558.1199999997743,5891.513632669224
19907,40.51192319342687,558.1399999997743,5891.581097082989
19908,40.51192319342687,558.1599999997743,5891.64855982662
19909,40.51192319342687,558.1799999997743,5891.716020900033
19910,40.51192319342687,558.1999999997743,5891.7834803031465
19911,40.51192319342687,558.2199999997742,5891.850938035876
19912,40.51192319342687,558.2399999997742,5891.918394098141
19913,40.51192319342687,558.2599999997742,5891.985848489859
19914,40.51192319342687,558.2799999997742,5892.053301210945
19915,40.51192319342687,558.2999999997742,5892.1207522613195
19916,40.51192319342687,558.3199999997742,5892.188201640898
19917,40.51192319342687,558.3399999997741,5892.2556493495995
19918,40.51192319342687,558.3599999997741,5892.32309538734
19919,40.51192319342687,558.3799999997741,5892.3905397540375
19920,40.51192319342687,558.3999999997741,5892.4579824496095
19921,40.51192319342687,558.4199999997741,5892.525423473973
19922,40.51192319342687,558.439999999774,5892.592862827047
19923,40.51192319342687,558.459999999774,5892.660300508747
19924,40.51192319342687,558.479999999774,5892.727736518992
19925,40.51192319342687,558.499999999774,5892.795170857698
19926,40.51192319342687,558.519999999774,5892.862603524784
19927,40.51192319342687,558.539999999774,5892.930034520167
19928,40.51192319342687,558.5599999997739,5892.997463843764
19929,40.51192319342687,558.5799999997739,5893.064891495493
19930,40.51192319342687,558.5999999997739,5893.132317475271
19931,40.51192319342687,558.6199999997739,5893.199741783015
19932,40.51192319342687,558.6399999997739,5893.267164418644
19933,40.51192319342687,558.6599999997738,5893.334585382075
19934,40.51192319342687,558.6799999997738,5893.402004673224
19935,40.51192319342687,558.6999999997738,5893.46942229201
19936,40.51192319342687,558.7199999997738,5893.53683823835
19937,40.51192319342687,558.7399999997738,5893.6042525122875
19938,40.51192319342687,558.7599999997738,5893.6716651189045
19939,40.51192319342687,558.7799999997737,5893.739076062155
19940,40.51192319342687,558.7999999997737,5893.8064853419555
19941,40.51192319342687,558.8199999997737,5893.873892958226
19942,40.51192319342687,558.8399999997737,5893.941298910884
19943,40.51192319342687,558.8599999997737,5894.008703199847
19944,40.51192319342687,558.8799999997736,5894.076105825035
19945,40.51192319342687,558.8999999997736,5894.143506786364
19946,40.51192319342687,558.9199999997736,5894.210906083754
19947,40.51192319342687,558.9399999997736,5894.278303717121
19948,40.51192319342687,558.9599999997736,5894.345699686385
19949,40.51192319342687,558.9799999997736,5894.413093991464
19950,40.51192319342687,558.9999999997735,5894.480486632276
19951,40.51192319342687,559.0199999997735,5894.547877608738
19952,40.51192319342687,559.0399999997735,5894.615266920771
19953,40.51192319342687,559.0599999997735,5894.682654568292
19954,40.51192319342687,559.0799999997735,5894.750040551217
19955,40.51192319342687,559.0999999997734,5894.817424869467
19956,40.51192319342687,559.1199999997734,5894.884807522959
19957,40.51192319342687,559.1399999997734,5894.952188511611
19958,40.51192319342687,559.1599999997734,5895.019567835342
19959,40.51192319342687,559.1799999997734,5895.086945494069
19960,40.51192319342687,559.1999999997734,5895.154321487712
19961,40.51192319342687,559.2199999997733,5895.221695816188
19962,40.51192319342687,559.2399999997733,5895.289068479416
19963,40.51192319342687,559.2599999997733,5895.356439477312
19964,40.51192319342687,559.2799999997733,5895.423808809796
19965,40.51192319342687,559.2999999997733,5895.491176476787
19966,40.51192319342687,559.3199999997732,5895.558542478201
19967,40.51192319342687,559.3399999997732,5895.625906813959
19968,40.51192319342687,559.3599999997732,5895.693269483977
19969,40.51192319342687,559.3799999997732,5895.760630488174
19970,40.51192319342687,559.3999999997732,5895.827989826468
19971,40.51192319342687,559.4199999997732,5895.8953474987775
19972,40.51192319342687,559.4399999997731,5895.962703505021
19973,40.51192319342687,559.4599999997731,5896.030057845115
19974,40.51192319342687,559.4799999997731,5896.09741051898
19975,40.51192319342687,559.4999999997731,5896.164761526533
19976,40.51192319342687,559.5199999997731,5896.232110867692
19977,40.51192319342687,559.539999999773,5896.299458542377
19978,40.51192319342687,559.559999999773,5896.366804550504
19979,40.51192319342687,559.579999999773,5896.434148891992
19980,40.51192319342687,559.599999999773,5896.50149156676
19981,40.51192319342687,559.619999999773,5896.568832574725
19982,40.51192319342687,559.639999999773,5896.636171915807
19983,40.51192319342687,559.6599999997729,5896.703509589922
19984,40.51192319342687,559.6799999997729,5896.77084559699
19985,40.51192319342687,559.6999999997729,5896.838179936928
19986,40.51192319342687,559.7199999997729,5896.9055126096555
19987,40.51192319342687,559.7399999997729,5896.97284361509
19988,40.51192319342687,559.7599999997728,5897.0401729533905
19989,40.51192319342687,559.7799999997728,5897.107500630223
19990,40.51192319342687,559.7999999997728,5897.174826649079
19991,40.51192319342687,559.8199999997728,5897.2421510098775
19992,40.51192319342687,559.8399999997728,5897.309473712539
19993,40.51192319342687,559.8599999997728,5897.376794756983
19994,40.51192319342687,559.8799999997727,5897.444114143128
19995,40.51192319342687,559.8999999997727,5897.511431870894
19996,40.51192319342687,559.9199999997727,5897.5787479402
19997,40.51192319342687,559.9399999997727,5897.646062350965
19998,40.51192319342687,559.9599999997727,5897.713375103109
19999,40.51192319342687,559.9799999997726,5897.780686196551
20000,40.45040141312042,559.9999999997726,5897.847995631211
20001,40.45040141312042,560.0199999997726,5897.915303407009
20002,40.45040141312042,560.0399999997726,5897.982609523862
20003,40.45040141312042,560.0599999997726,5898.049913981692
20004,40.45040141312042,560.0799999997726,5898.117216780417
20005,40.45040141312042,560.0999999997725,5898.184517919957
20006,40.45040141312042,560.1199999997725,5898.251817400232
20007,40.45040141312042,560.1399999997725,5898.319115221159
20008,40.45040141312042,560.1599999997725,5898.38641138266
20009,40.45040141312042,560.1799999997725,5898.453705884654
20010,40.45040141312042,560.1999999997724,5898.520998727058
20011,40.45040141312042,560.2199999997724,5898.588289909794
20012,40.45040141312042,560.2399999997724,5898.6555794327805
20013,40.45040141312042,560.2599999997724,5898.722867295937
20014,40.45040141312042,560.2799999997724,5898.790153499183
20015,40.45040141312042,560.2999999997724,5898.857438042439
20016,40.45040141312042,560.3199999997723,5898.924720925623
20017,40.45040141312042,560.3399999997723,5898.992002148654
20018,40.45040141312042,560.3599999997723,5899.059281711453
20019,40.45040141312042,560.3799999997723,5899.126559613938
20020,40.45040141312042,560.3999999997723,5899.193835856029
20021,40.45040141312042,560.4199999997722,5899.261110437646
20022,40.45040141312042,560.4399999997722,5899.3283833587075
20023,40.45040141312042,560.4599999997722,5899.395654619133
20024,40.45040141312042,560.4799999997722,5899.462924218843
20025,40.45040141312042,560.4999999997722,5899.530192157756
20026,40.45040141312042,560.5199999997722,5899.597458435791
20027,40.45040141312042,560.5399999997721,5899.664723052869
20028,40.45040141312042,560.5599999997721,5899.731986008907
20029,40.45040141312042,560.5799999997721,5899.7992473038275
20030,40.45040141312042,560.5999999997721,5899.8665069375475
20031,40.45040141312042,560.6199999997721,5899.933764909988
20032,40.45040141312042,560.639999999772,5900.001021221065
20033,40.45040141312042,560.659999999772,5900.068275870072
20034,40.45040141312042,560.679999999772,5900.1355288563345
20035,40.45040141312042,560.699999999772,5900.20278017977
20036,40.45040141312042,560.719999999772,5900.270029840301
20037,40.45040141312042,560.739999999772,5900.337277837844
20038,40.45040141312042,560.7599999997719,5900.404524172321
20039,40.45040141312042,560.7799999997719,5900.471768843983
20040,40.45040141312042,560.7999999997719,5900.539011858586
20041,40.45040141312042,560.8199999997719,5900.60625321888
20042,40.45040141312042,560.8399999997719,5900.673492924785
20043,40.45040141312042,560.8599999997718,5900.74073097622
20044,40.45040141312042,560.8799999997718,5900.8079673731045
20045,40.45040141312042,560.8999999997718,5900.875202115357
20046,40.45040141312042,560.9199999997718,5900.942435202896
20047,40.45040141312042,560.9399999997718,5901.009666635641
20048,40.45040141312042,560.9599999997718,5901.076896413511
20049,40.45040141312042,560.9799999997717,5901.144124536426
20050,40.45040141312042,560.9999999997717,5901.211351004303
20051,40.45040141312042,561.0199999997717,5901.278575817062
20052,40.45040141312042,561.0399999997717,5901.345798974622
20053,40.45040141312042,561.0599999997717,5901.413020476902
20054,40.45040141312042,561.0799999997716,5901.480240323821
20055,40.45040141312042,561.0999999997716,5901.547458515298
20056,40.45040141312042,561.1199999997716,5901.614675051252
20057,40.45040141312042,561.1399999997716,5901.681889931601
20058,40.45040141312042,561.1599999997716,5901.749103156266
20059,40.45040141312042,561.1799999997716,5901.816314725164
20060,40.45040141312042,561.1999999997715,5901.883524638216
20061,40.45040141312042,561.2199999997715,5901.95073289534
20062,40.45040141312042,561.2399999997715,5902.017939496454
20063,40.45040141312042,561.2599999997715,5902.085144441479
20064,40.45040141312042,561.2799999997715,5902.1523477303335
20065,40.45040141312042,561.2999999997714,5902.219549362936
20066,40.45040141312042,561.3199999997714,5902.286749339206
20067,40.45040141312042,561.3399999997714,5902.353947659062
20068,40.45040141312042,561.3599999997714,5902.421144322423
20069,40.45040141312042,561.3799999997714,5902.488339329208
20070,40.45040141312042,561.3999999997714,5902.555532679337
20071,40.45040141312042,561.4199999997713,5902.622724372728
20072,40.45040141312042,561.4399999997713,5902.6899144093
20073,40.45040141312042,561.4599999997713,5902.757102788973
20074,40.45040141312042,561.4799999997713,5902.824289511665
20075,40.45040141312042,561.4999999997713,5902.891474577295
20076,40.45040141312042,561.5199999997712,5902.958657985783
20077,40.45040141312042,561.5399999997712,5903.025839737048
20078,40.45040141312042,561.5599999997712,5903.093019831008
20079,40.45040141312042,561.5799999997712,5903.160198267583
20080,40.45040141312042,561.5999999997712,5903.227375046691
20081,40.45040141312042,561.6199999997712,5903.294550168252
20082,40.45040141312042,561.6399999997711,5903.361723632184
20083,40.45040141312042,561.6599999997711,5903.428895438407
20084,40.45040141312042,561.6799999997711,5903.496065586841
20085,40.45040141312042,561.6999999997711,5903.563234077403
20086,40.45040141312042,561.7199999997711,5903.630400910012
20087,40.45040141312042,561.739999999771,5903.697566084589
20088,40.45040141312042,561.759999999771,5903.764729601052
20089,40.45040141312042,561.779999999771,5903.83189145932
20090,40.45040141312042,561.799999999771,5903.899051659761
20091,40.45040141312042,561.819999999771,5903.966210208698
20092,40.45040141312042,561.839999999771,5904.033367108402
20093,40.45040141312042,561.8599999997709,5904.100522358793
20094,40.45040141312042,561.8799999997709,5904.1676759597885
20095,40.45040141312042,561.8999999997709,5904.2348279113085
20096,40.45040141312042,561.9199999997709,5904.3019782132715
20097,40.45040141312042,561.9399999997709,5904.369126865597
20098,40.45040141312042,561.9599999997708,5904.436273868203
20099,40.45040141312042,561.9799999997708,5904.503419221009
20100,40.45040141312042,561.9999999997708,5904.570562923933
20101,40.45040141312042,562.0199999997708,5904.637704976894
20102,40.45040141312042,562.0399999997708,5904.7048453798125
20103,40.45040141312042,562.0599999997708,5904.771984132605
20104,40.45040141312042,562.0799999997707,5904.839121235193
20105,40.45040141312042,562.0999999997707,5904.906256687493
20106,40.45040141312042,562.1199999997707,5904.973390489424
20107,40.45040141312042,562.1399999997707,5905.040522640906
20108,40.45040141312042,562.1599999997707,5905.107653141857
20109,40.45040141312042,562.1799999997706,5905.174781992196
20110,40.45040141312042,562.1999999997706,5905.241909191842
20111,40.45040141312042,562.2199999997706,5905.309034740714
20112,40.45040141312042,562.2399999997706,5905.376158638731
20113,40.45040141312042,562.2599999997706,5905.443280885811
20114,40.45040141312042,562.2799999997706,5905.5104014818735
20115,40.45040141312042,562.2999999997705,5905.5775204268375
20116,40.45040141312042,562.3199999997705,5905.644637720622
20117,40.45040141312042,562.3399999997705,5905.711753363145
20118,40.45040141312042,562.3599999997705,5905.778867354326
20119,40.45040141312042,562.3799999997705,5905.845979694084
20120,40.45040141312042,562.3999999997704,5905.913090382338
20121,40.45040141312042,562.4199999997704,5905.980199419006
20122,40.45040141312042,562.4399999997704,5906.047306804007
20123,40.45040141312042,562.4599999997704,5906.114412537261
20124,40.45040141312042,562.4799999997704,5906.181516618686
20125,40.45040141312042,562.4999999997704,5906.2486190482
20126,40.45040141312042,562.5199999997703,5906.315719825724
20127,40.45040141312042,562.5399999997703,5906.382818951175
20128,40.45040141312042,562.5599999997703,5906.449916424473
20129,40.45040141312042,562.5799999997703,5906.517012245536
20130,40.45040141312042,562.5999999997703,5906.584106414283
20131,40.45040141312042,562.6199999997702,5906.651198930635
20132,40.45040141312042,562.6399999997702,5906.718289794508
20133,40.45040141312042,562.6599999997702,5906.785379005822
20134,40.45040141312042,562.6799999997702,5906.852466564495
20135,40.45040141312042,562.6999999997702,5906.919552470448
20136,40.45040141312042,562.7199999997702,5906.986636723599
20137,40.45040141312042,562.7399999997701,5907.053719323866
20138,40.45040141312042,562.7599999997701,5907.120800271168
20139,40.45040141312042,562.7799999997701,5907.187879565425
20140,40.45040141312042,562.7999999997701,5907.2549572065545
20141,40.45040141312042,562.8199999997701,5907.322033195048
20142,40.45040141312042,562.83999999977,5907.389107537812
20143,40.45040141312042,562.85999999977,5907.456180236621
20144,40.45040141312042,562.87999999977,5907.523251291391
20145,40.45040141312042,562.89999999977,5907.590320702042
20146,40.45040141312042,562.91999999977,5907.657388468493
20147,40.45040141312042,562.93999999977,5907.724454590662
20148,40.45040141312042,562.9599999997699,5907.79151906847
20149,40.45040141312042,562.9799999997699,5907.8585819018335
20150,40.45040141312042,562.9999999997699,5907.925643090673
20151,40.45040141312042,563.0199999997699,5907.992702634905
20152,40.45040141312042,563.0399999997699,5908.059760534451
20153,40.45040141312042,563.0599999997698,5908.1268167892285
20154,40.45040141312042,563.0799999997698,5908.193871399157
20155,40.45040141312042,563.0999999997698,5908.260924364155
20156,40.45040141312042,563.1199999997698,5908.32797568414
20157,40.45040141312042,563.1399999997698,5908.395025359033
20158,40.389035187894336,563.1599999997698,5908.462073388752
20159,40.389035187894336,563.1799999997697,5908.529119773216
20160,40.389035187894336,563.1999999997697,5908.596164512343
20161,40.389035187894336,563.2199999997697,5908.663207606054
20162,40.389035187894336,563.2399999997697,5908.730249054266
20163,40.389035187894336,563.2599999997697,5908.797288856898
20164,40.389035187894336,563.2799999997696,5908.86432701387
20165,40.389035187894336,563.2999999997696,5908.9313635251
20166,40.389035187894336,563.3199999997696,5908.998398390507
20167,40.389035187894336,563.3399999997696,5909.065431610009
20168,40.389035187894336,563.3599999997696,5909.132463183527
20169,40.389035187894336,563.3799999997696,5909.1994931109775
20170,40.389035187894336,563.3999999997695,5909.266521392281
20171,40.389035187894336,563.4199999997695,5909.333548027356
20172,40.389035187894336,563.4399999997695,5909.400573016122
20173,40.389035187894336,563.4599999997695,5909.467596358496
20174,40.389035187894336,563.4799999997695,5909.534618054398
20175,40.389035187894336,563.4999999997694,5909.601638103748
20176,40.389035187894336,563.5199999997694,5909.668656506463
20177,40.389035187894336,563.5399999997694,5909.735673262463
20178,40.389035187894336,563.5599999997694,5909.802688371667
20179,40.389035187894336,563.5799999997694,5909.869701833993
20180,40.389035187894336,563.5999999997694,5909.93671364936
20181,40.389035187894336,563.6199999997693,5910.003723817675
20182,40.389035187894336,563.6399999997693,5910.0707323380875
20183,40.389035187894336,563.6599999997693,5910.13773920987
20184,40.389035187894336,563.6799999997693,5910.204744432942
20185,40.389035187894336,563.6999999997693,5910.271748007222
20186,40.389035187894336,563.7199999997692,5910.338749932632
20187,40.389035187894336,563.7399999997692,5910.40575020909
20188,40.389035187894336,563.7599999997692,5910.472748836516
20189,40.389035187894336,563.7799999997692,5910.53974581483
20190,40.389035187894336,563.7999999997692,5910.606741143952
20191,40.389035187894336,563.8199999997692,5910.673734823801
20192,40.389035187894336,563.8399999997691,5910.740726854938
20193,40.389035187894336,563.8599999997691,5910.807717244257
20194,40.389035187894336,563.8799999997691,5910.874705992898
20195,40.389035187894336,563.8999999997691,5910.941693100781
20196,40.389035187894336,563.9199999997691,5911.008678567826
20197,40.389035187894336,563.939999999769,5911.075662393953
20198,40.389035187894336,563.959999999769,5911.142644579084
20199,40.389035187894336,563.979999999769,5911.209625123138
20200,40.389035187894336,563.999999999769,5911.276604026036
20201,40.389035187894336,564.019999999769,5911.343581287698
20202,40.389035187894336,564.039999999769,5911.410556908045
20203,40.389035187894336,564.0599999997689,5911.477530886997
20204,40.389035187894336,564.0799999997689,5911.544503224474
20205,40.389035187894336,564.0999999997689,5911.611473920399
20206,40.389035187894336,564.1199999997689,5911.6784429746895
20207,40.389035187894336,564.1399999997689,5911.745410387268
20208,40.389035187894336,564.1599999997688,5911.812376158054
20209,40.389035187894336,564.1799999997688,5911.879340286968
20210,40.389035187894336,564.1999999997688,5911.94630277393
20211,40.389035187894336,564.2199999997688,5912.013263618862
20212,40.389035187894336,564.2399999997688,5912.080222821683
20213,40.389035187894336,564.2599999997688,5912.147180382313
20214,40.389035187894336,564.2799999997687,5912.214136300675
20215,40.389035187894336,564.2999999997687,5912.281090576687
20216,40.389035187894336,564.3199999997687,5912.3480432102715
20217,40.389035187894336,564.3399999997687,5912.414994201347
20218,40.389035187894336,564.3599999997687,5912.481943549835
20219,40.389035187894336,564.3799999997686,5912.548891255656
20220,40.389035187894336,564.3999999997686,5912.61583731873
20221,40.389035187894336,564.4199999997686,5912.682781738978
20222,40.389035187894336,564.4399999997686,5912.7497245163195
20223,40.389035187894336,564.4599999997686,5912.816665650676
20224,40.389035187894336,564.4799999997686,5912.8836051419685
20225,40.389035187894336,564.4999999997685,5912.950542990116
20226,40.389035187894336,564.5199999997685,5913.01747919504
20227,40.389035187894336,564.5399999997685,5913.084413756661
20228,40.389035187894336,564.5599999997685,5913.151346674898
20229,40.389035187894336,564.5799999997685,5913.218277949673
20230,40.389035187894336,564.5999999997684,5913.285207580907
20231,40.389035187894336,564.6199999997684,5913.352135568519
20232,40.389035187894336,564.6399999997684,5913.41906191243
20233,40.389035187894336,564.6599999997684,5913.485986612561
20234,40.389035187894336,564.6799999997684,5913.5529096688315
20235,40.389035187894336,564.6999999997684,5913.619831081163
20236,40.389035187894336,564.7199999997683,5913.686750849476
20237,40.389035187894336,564.7399999997683,5913.753668973691
20238,40.389035187894336,564.7599999997683,5913.820585453727
20239,40.389035187894336,564.7799999997683,5913.8875002895065
20240,40.389035187894336,564.7999999997683,5913.954413480949
20241,40.389035187894336,564.8199999997682,5914.021325027976
20242,40.389035187894336,564.8399999997682,5914.088234930506
20243,40.389035187894336,564.8599999997682,5914.155143189258
20244,40.389035187894336,564.8799999997682,5914.222049811684
20245,40.389035187894336,564.8999999997682,5914.288954798454
20246,40.389035187894336,564.9199999997682,5914.355858149489
20247,40.389035187894336,564.9399999997681,5914.422759864709
20248,40.389035187894336,564.9599999997681,5914.489659944036
20249,40.389035187894336,564.9799999997681,5914.55655838739
20250,40.389035187894336,564.9999999997681,5914.623455194694
20251,40.389035187894336,565.0199999997681,5914.690350365866
20252,40.389035187894336,565.039999999768,5914.757243900829
20253,40.389035187894336,565.059999999768,5914.824135799504
20254,40.389035187894336,565.079999999768,5914.891026061811
20255,40.389035187894336,565.099999999768,5914.957914687672
20256,40.389035187894336,565.119999999768,5915.024801677007
20257,40.389035187894336,565.139999999768,5915.091687029738
20258,40.389035187894336,565.1599999997679,5915.158570745784
20259,40.389035187894336,565.1799999997679,5915.225452825069
20260,40.389035187894336,565.1999999997679,5915.292333267511
20261,40.389035187894336,565.2199999997679,5915.359212073033
20262,40.389035187894336,565.2399999997679,5915.426089241555
20263,40.389035187894336,565.2599999997678,5915.492964772998
20264,40.389035187894336,565.2799999997678,5915.559838667283
20265,40.389035187894336,565.2999999997678,5915.626710924332
20266,40.389035187894336,565.3199999997678,5915.693581544065
20267,40.389035187894336,565.3399999997678,5915.760450526403
20268,40.389035187894336,565.3599999997678,5915.827317871267
20269,40.389035187894336,565.3799999997677,5915.894183578578
20270,40.389035187894336,565.3999999997677,5915.961047648258
20271,40.389035187894336,565.4199999997677,5916.027910080226
20272,40.389035187894336,565.4399999997677,5916.094770874405
20273,40.389035187894336,565.4599999997677,5916.161630030715
20274,40.389035187894336,565.4799999997676,5916.228487549078
20275,40.389035187894336,565.4999999997676,5916.295343429413
20276,40.389035187894336,565.5199999997676,5916.362197671643
20277,40.389035187894336,565.5399999997676,5916.4290502756885
20278,40.389035187894336,565.5599999997676,5916.49590124147
20279,40.389035187894336,565.5799999997676,5916.562750568909
20280,40.389035187894336,565.5999999997675,5916.629598257926
20281,40.389035187894336,565.6199999997675,5916.696444308442
20282,40.389035187894336,565.6399999997675,5916.763288720378
20283,40.389035187894336,565.6599999997675,5916.830131493655
20284,40.389035187894336,565.6799999997675,5916.896972628195
20285,40.389035187894336,565.6999999997674,5916.963812123918
20286,40.389035187894336,565.7199999997674,5917.030649980745
20287,40.389035187894336,565.7399999997674,5917.097486198597
20288,40.389035187894336,565.7599999997674,5917.164320777396
20289,40.389035187894336,565.7799999997674,5917.231153717062
20290,40.389035187894336,565.7999999997674,5917.297985017516
20291,40.389035187894336,565.8199999997673,5917.36481467868
20292,40.389035187894336,565.8399999997673,5917.431642700474
20293,40.389035187894336,565.8599999997673,5917.49846908282
20294,40.389035187894336,565.8799999997673,5917.565293827005
20295,40.389035187894336,565.8999999997673,5917.6321169402445
20296,40.389035187894336,565.9199999997672,5917.698938423119
20297,40.389035187894336,565.9399999997672,5917.765758275549
20298,40.389035187894336,565.9599999997672,5917.832576497457
20299,40.389035187894336,565.9799999997672,5917.899393088765
20300,40.389035187894336,565.9999999997672,5917.966208049393
20301,40.389035187894336,566.0199999997672,5918.033021379264
20302,40.389035187894336,566.0399999997671,5918.0998330782995
20303,40.389035187894336,566.0599999997671,5918.166643146421
20304,40.389035187894336,566.0799999997671,5918.23345158355
20305,40.389035187894336,566.0999999997671,5918.300258389609
20306,40.389035187894336,566.1199999997671,5918.3670635645185
20307,40.389035187894336,566.139999999767,5918.433867108201
20308,40.389035187894336,566.159999999767,5918.500669020579
20309,40.389035187894336,566.179999999767,5918.567469301573
20310,40.389035187894336,566.199999999767,5918.6342679511035
20311,40.389035187894336,566.219999999767,5918.701064969095
20312,40.389035187894336,566.239999999767,5918.767860355467
20313,40.389035187894336,566.2599999997669,5918.834654110142
20314,40.389035187894336,566.2799999997669,5918.9014462330415
20315,40.389035187894336,566.2999999997669,5918.968236724088
20316,40.389035187894336,566.3199999997669,5919.035025583202
20317,40.32782396766524,566.3399999997669,5919.101812810306
20318,40.32782396766524,566.3599999997668,5919.168598405321
20319,40.32782396766524,566.3799999997668,5919.23538236817
20320,40.32782396766524,566.3999999997668,5919.302164698773
20321,40.32782396766524,566.4199999997668,5919.368945397052
20322,40.32782396766524,566.4399999997668,5919.43572446293
20323,40.32782396766524,566.4599999997668,5919.502501896328
20324,40.32782396766524,566.4799999997667,5919.569277697167
20325,40.32782396766524,566.4999999997667,5919.63605186537
20326,40.32782396766524,566.5199999997667,5919.702824400858
20327,40.32782396766524,566.5399999997667,5919.769595303553
20328,40.32782396766524,566.5599999997667,5919.836364573375
20329,40.32782396766524,566.5799999997666,5919.903132210248
20330,40.32782396766524,566.5999999997666,5919.9698982140935
20331,40.32782396766524,566.6199999997666,5920.036662584666
20332,40.32782396766524,566.6399999997666,5920.103425320823
20333,40.32782396766524,566.6599999997666,5920.170186422383
20334,40.32782396766524,566.6799999997666,5920.23694588927
20335,40.32782396766524,566.6999999997665,5920.3037037214035
20336,40.32782396766524,566.7199999997665,5920.370459918706
20337,40.32782396766524,566.7399999997665,5920.437214481098
20338,40.32782396766524,566.7599999997665,5920.503967408501
20339,40.32782396766524,566.7799999997665,5920.570718700837
20340,40.32782396766524,566.7999999997664,5920.637468358025
20341,40.32782396766524,566.8199999997664,5920.704216379989
20342,40.32782396766524,566.8399999997664,5920.770962766649
20343,40.32782396766524,566.8599999997664,5920.837707517927
20344,40.32782396766524,566.8799999997664,5920.904450633743
20345,40.32782396766524,566.8999999997664,5920.971192115822
20346,40.32782396766524,566.9199999997663,5921.037931970527
20347,40.32782396766524,566.9399999997663,5921.104670198295
20348,40.32782396766524,566.9599999997663,5921.171406799047
20349,40.32782396766524,566.9799999997663,5921.238141772706
20350,40.32782396766524,566.9999999997663,5921.304875119192
20351,40.32782396766524,567.0199999997662,5921.371606838427
20352,40.32782396766524,567.0399999997662,5921.438336930334
20353,40.32782396766524,567.0599999997662,5921.505065394834
20354,40.32782396766524,567.0799999997662,5921.571792231847
20355,40.32782396766524,567.0999999997662,5921.638517441297
20356,40.32782396766524,567.1199999997662,5921.7052410231045
20357,40.32782396766524,567.1399999997661,5921.771962977191
20358,40.32782396766524,567.1599999997661,5921.838683303477
20359,40.32782396766524,567.1799999997661,5921.905402001887
20360,40.32782396766524,567.1999999997661,5921.972119072339
20361,40.32782396766524,567.2199999997661,5922.0388345147585
20362,40.32782396766524,567.239999999766,5922.105548329065
20363,40.32782396766524,567.259999999766,5922.172260515179
20364,40.32782396766524,567.279999999766,5922.238971073024
20365,40.32782396766524,567.299999999766,5922.3056800025215
20366,40.32782396766524,567.319999999766,5922.372387303592
20367,40.32782396766524,567.339999999766,5922.4390929761585
20368,40.32782396766524,567.3599999997659,5922.5057970201415
20369,40.32782396766524,567.3799999997659,5922.572499435463
20370,40.32782396766524,567.3999999997659,5922.639200222045
20371,40.32782396766524,567.4199999997659,5922.705899379808
20372,40.32782396766524,567.4399999997659,5922.772596908675
20373,40.32782396766524,567.4599999997658,5922.839292808567
20374,40.32782396766524,567.4799999997658,5922.905987079405
20375,40.32782396766524,567.4999999997658,5922.972679721112
20376,40.32782396766524,567.5199999997658,5923.03937073361
20377,40.32782396766524,567.5399999997658,5923.106060116818
20378,40.32782396766524,567.5599999997658,5923.17274787066
20379,40.32782396766524,567.5799999997657,5923.239433995056
20380,40.32782396766524,567.5999999997657,5923.306118489929
20381,40.32782396766524,567.6199999997657,5923.3728013552
20382,40.32782396766524,567.6399999997657,5923.439482590791
20383,40.32782396766524,567.6599999997657,5923.506162196623
20384,40.32782396766524,567.6799999997656,5923.572840172619
20385,40.32782396766524,567.6999999997656,5923.6395165187
20386,40.32782396766524,567.7199999997656,5923.706191234786
20387,40.32782396766524,567.7399999997656,5923.772864320801
20388,40.32782396766524,567.7599999997656,5923.839535776666
20389,40.32782396766524,567.7799999997656,5923.906205602301
20390,40.32782396766524,567.7999999997655,5923.97287379763
20391,40.32782396766524,567.8199999997655,5924.0395403625735
20392,40.32782396766524,567.8399999997655,5924.106205297053
20393,40.32782396766524,567.8599999997655,5924.17286860099
20394,40.32782396766524,567.8799999997655,5924.239530274307
20395,40.32782396766524,567.8999999997654,5924.3061903169255
20396,40.32782396766524,567.9199999997654,5924.3728487311355
20397,40.32782396766524,567.9399999997654,5924.439505523017
20398,40.32782396766524,567.9599999997654,5924.506160692913
20399,40.32782396766524,567.9799999997654,5924.572814240746
20400,40.32782396766524,567.9999999997654,5924.639466166437
20401,40.32782396766524,568.0199999997653,5924.706116469908
20402,40.32782396766524,568.0399999997653,5924.77276515108
20403,40.32782396766524,568.0599999997653,5924.839412209876
20404,40.32782396766524,568.0799999997653,5924.906057646217
20405,40.32782396766524,568.0999999997653,5924.972701460026
20406,40.32782396766524,568.1199999997652,5925.039343651223
20407,40.32782396766524,568.1399999997652,5925.105984219731
20408,40.32782396766524,568.1599999997652,5925.172623165471
20409,40.32782396766524,568.1799999997652,5925.239260488366
20410,40.32782396766524,568.1999999997652,5925.305896188337
20411,40.32782396766524,568.2199999997652,5925.372530265306
20412,40.32782396766524,568.2399999997651,5925.439162719194
20413,40.32782396766524,568.2599999997651,5925.505793549924
20414,40.32782396766524,568.2799999997651,5925.572422757417
20415,40.32782396766524,568.2999999997651,5925.639050341596
20416,40.32782396766524,568.3199999997651,5925.705676302381
20417,40.32782396766524,568.339999999765,5925.7723006396955
20418,40.32782396766524,568.359999999765,5925.838923353461
20419,40.32782396766524,568.379999999765,5925.905544443598
20420,40.32782396766524,568.399999999765,5925.97216391003
20421,40.32782396766524,568.419999999765,5926.038781752677
20422,40.32782396766524,568.439999999765,5926.1053979714625
20423,40.32782396766524,568.4599999997649,5926.172012566308
20424,40.32782396766524,568.4799999997649,5926.238625537135
20425,40.32782396766524,568.4999999997649,5926.305236883864
20426,40.32782396766524,568.5199999997649,5926.371846606419
20427,40.32782396766524,568.5399999997649,5926.438454704721
20428,40.32782396766524,568.5599999997648,5926.505061178692
20429,40.32782396766524,568.5799999997648,5926.571666028253
20430,40.32782396766524,568.5999999997648,5926.638269253327
20431,40.32782396766524,568.6199999997648,5926.704870853835
20432,40.32782396766524,568.6399999997648,5926.7714708297
20433,40.32782396766524,568.6599999997648,5926.8380691808425
20434,40.32782396766524,568.6799999997647,5926.904665907185
20435,40.32782396766524,568.6999999997647,5926.971261008649
20436,40.32782396766524,568.7199999997647,5927.0378544851565
20437,40.32782396766524,568.7399999997647,5927.104446336629
20438,40.32782396766524,568.7599999997647,5927.171036562989
20439,40.32782396766524,568.7799999997646,5927.237625164158
20440,40.32782396766524,568.7999999997646,5927.304212140058
20441,40.32782396766524,568.8199999997646,5927.37079749061
20442,40.32782396766524,568.8399999997646,5927.437381215737
20443,40.32782396766524,568.8599999997646,5927.503963315361
20444,40.32782396766524,568.8799999997646,5927.570543789402
20445,40.32782396766524,568.8999999997645,5927.637122637783
20446,40.32782396766524,568.9199999997645,5927.703699860427
20447,40.32782396766524,568.9399999997645,5927.770275460218
20448,40.32782396766524,568.9599999997645,5927.836849442946
20449,40.32782396766524,568.9799999997645,5927.903421808856
20450,40.32782396766524,568.9999999997644,5927.969992557871
20451,40.32782396766524,569.0199999997644,5928.036561689912
20452,40.32782396766524,569.0399999997644,5928.103129204901
20453,40.32782396766524,569.0599999997644,5928.169695102761
20454,40.32782396766524,569.0799999997644,5928.236259383413
20455,40.32782396766524,569.0999999997643,5928.30282204678
20456,40.32782396766524,569.1199999997643,5928.369383092785
20457,40.32782396766524,569.1399999997643,5928.435942521348
20458,40.32782396766524,569.1599999997643,5928.502500332392
20459,40.32782396766524,569.1799999997643,5928.569056525839
20460,40.32782396766524,569.1999999997643,5928.635611101612
20461,40.32782396766524,569.2199999997642,5928.702164059632
20462,40.32782396766524,569.2399999997642,5928.768715399821
20463,40.32782396766524,569.2599999997642,5928.835265122102
20464,40.32782396766524,569.2799999997642,5928.901813226396
20465,40.32782396766524,569.2999999997642,5928.968359712627
20466,40.32782396766524,569.3199999997641,5929.034904580714
20467,40.32782396766524,569.3399999997641,5929.101447830582
20468,40.32782396766524,569.3599999997641,5929.167989462152
20469,40.32782396766524,569.3799999997641,5929.234529475346
20470,40.32782396766524,569.3999999997641,5929.301067870086
20471,40.32782396766524,569.4199999997641,5929.367604646294
20472,40.32782396766524,569.439999999764,5929.434139803893
20473,40.32782396766524,569.459999999764,5929.5006733428045
20474,40.32782396766524,569.479999999764,5929.567205262951
20475,40.32782396766524,569.499999999764,5929.633735564254
20476,40.266767204848286,569.519999999764,5929.700264246635
20477,40.266767204848286,569.539999999764,5929.766791310018
20478,40.266767204848286,569.5599999997639,5929.833316754323
20479,40.266767204848286,569.5799999997639,5929.899840579474
20480,40.266767204848286,569.5999999997639,5929.9663627853915
20481,40.32782396766524,569.6199999997639,5930.032883371881
20482,40.266767204848286,569.6399999997639,5930.099402337684
20483,40.266767204848286,569.6599999997638,5930.165919682597
20484,40.266767204848286,569.6799999997638,5930.23243540654
20485,40.266767204848286,569.6999999997638,5930.298949509438
20486,40.266767204848286,569.7199999997638,5930.36546199121
20487,40.266767204848286,569.7399999997638,5930.43197285178
20488,40.266767204848286,569.7599999997637,5930.4984820910695
20489,40.266767204848286,569.7799999997637,5930.564989709
20490,40.266767204848286,569.7999999997637,5930.631495705494
20491,40.266767204848286,569.8199999997637,5930.698000080472
20492,40.266767204848286,569.8399999997637,5930.764502833858
20493,40.266767204848286,569.8599999997637,5930.8310039655735
20494,40.266767204848286,569.8799999997636,5930.897503475539
20495,40.266767204848286,569.8999999997636,5930.964001363679
20496,40.266767204848286,569.9199999997636,5931.030497629913
20497,40.266767204848286,569.9399999997636,5931.096992274164
20498,40.266767204848286,569.9599999997636,5931.163485299639
20499,40.266767204848286,569.9799999997635,5931.22997671136
20500,40.266767204848286,569.9999999997635,5931.296466509451
20501,40.266767204848286,570.0199999997635,5931.362954693836
20502,40.266767204848286,570.0399999997635,5931.4294412644385
20503,40.266767204848286,570.0599999997635,5931.495926221181
20504,40.266767204848286,570.0799999997635,5931.562409563989
20505,40.266767204848286,570.0999999997634,5931.628891292784
20506,40.266767204848286,570.1199999997634,5931.69537140749
20507,40.266767204848286,570.1399999997634,5931.761849908031
20508,40.266767204848286,570.1599999997634,5931.82832679433
20509,40.266767204848286,570.1799999997634,5931.89480206631
20510,40.266767204848286,570.1999999997633,5931.961275723896
20511,40.266767204848286,570.2199999997633,5932.027747767009
20512,40.266767204848286,570.2399999997633,5932.094218195574
20513,40.266767204848286,570.2599999997633,5932.160687009515
20514,40.266767204848286,570.2799999997633,5932.227154208754
20515,40.266767204848286,570.2999999997633,5932.293619793215
20516,40.266767204848286,570.3199999997632,5932.360083762822
20517,40.266767204848286,570.3399999997632,5932.426546117498
20518,40.266767204848286,570.3599999997632,5932.493006857167
20519,40.266767204848286,570.3799999997632,5932.559465981752
20520,40.266767204848286,570.3999999997632,5932.625923491176
20521,40.266767204848286,570.4199999997631,5932.692379385363
20522,40.266767204848286,570.4399999997631,5932.758833664237
20523,40.266767204848286,570.4599999997631,5932.82528632772
20524,40.266767204848286,570.4799999997631,5932.891737375737
20525,40.266767204848286,570.4999999997631,5932.9581868082105
20526,40.266767204848286,570.5199999997631,5933.024634625064
20527,40.266767204848286,570.539999999763,5933.0910808262215
20528,40.266767204848286,570.559999999763,5933.157525411606
20529,40.266767204848286,570.579999999763,5933.223968381141
20530,40.266767204848286,570.599999999763,5933.290409734751
20531,40.266767204848286,570.619999999763,5933.356849472359
20532,40.266767204848286,570.639999999763,5933.423287593887
20533,40.266767204848286,570.6599999997629,5933.4897240992605
20534,40.266767204848286,570.6799999997629,5933.556158988402
20535,40.266767204848286,570.6999999997629,5933.622592261235
20536,40.266767204848286,570.7199999997629,5933.689023917683
20537,40.266767204848286,570.7399999997629,5933.7554539576695
20538,40.266767204848286,570.7599999997628,5933.821882381118
20539,40.266767204848286,570.7799999997628,5933.888309187952
20540,40.266767204848286,570.7999999997628,5933.954734378094
20541,40.266767204848286,570.8199999997628,5934.02115795147
20542,40.266767204848286,570.8399999997628,5934.087579908001
20543,40.266767204848286,570.8599999997627,5934.154000247612
20544,40.266767204848286,570.8799999997627,5934.220418970226
20545,40.266767204848286,570.8999999997627,5934.286836075767
20546,40.266767204848286,570.9199999997627,5934.353251564157
20547,40.266767204848286,570.9399999997627,5934.419665435321
20548,40.266767204848286,570.9599999997627,5934.486077689182
20549,40.266767204848286,570.9799999997626,5934.552488329563
20550,40.266767204848286,570.9999999997626,5934.618897361214
20551,40.266767204848286,571.0199999997626,5934.685304784163
20552,40.266767204848286,571.0399999997626,5934.751710598334
20553,40.266767204848286,571.0599999997626,5934.81811480365
20554,40.266767204848286,571.0799999997625,5934.884517400036
20555,40.266767204848286,571.0999999997625,5934.950918387415
20556,40.266767204848286,571.1199999997625,5935.017317765712
20557,40.266767204848286,571.1399999997625,5935.083715534849
20558,40.266767204848286,571.1599999997625,5935.150111694752
20559,40.266767204848286,571.1799999997625,5935.216506245344
20560,40.266767204848286,571.1999999997624,5935.282899186549
20561,40.266767204848286,571.2199999997624,5935.349290518291
20562,40.266767204848286,571.2399999997624,5935.415680240494
20563,40.266767204848286,571.2599999997624,5935.482068353082
20564,40.266767204848286,571.2799999997624,5935.548454855978
20565,40.266767204848286,571.2999999997623,5935.614839749107
20566,40.266767204848286,571.3199999997623,5935.681223032392
20567,40.266767204848286,571.3399999997623,5935.747604705758
20568,40.266767204848286,571.3599999997623,5935.813984769129
20569,40.266767204848286,571.3799999997623,5935.880363222428
20570,40.266767204848286,571.3999999997623,5935.946740065579
20571,40.266767204848286,571.4199999997622,5936.013115298507
20572,40.266767204848286,571.4399999997622,5936.079488921135
20573,40.266767204848286,571.4599999997622,5936.145860933387
20574,40.266767204848286,571.4799999997622,5936.212231335187
20575,40.266767204848286,571.4999999997622,5936.27860012646
20576,40.266767204848286,571.5199999997621,5936.344967307129
20577,40.266767204848286,571.5399999997621,5936.411332877118
20578,40.266767204848286,571.5599999997621,5936.477696836351
20579,40.266767204848286,571.5799999997621,5936.544059184752
20580,40.266767204848286,571.5999999997621,5936.610419922245
20581,40.266767204848286,571.6199999997621,5936.676779048753
20582,40.266767204848286,571.639999999762,5936.743136564201
20583,40.266767204848286,571.659999999762,5936.809492468514
20584,40.266767204848286,571.679999999762,5936.8758467616135
20585,40.266767204848286,571.699999999762,5936.942199443425
20586,40.266767204848286,571.719999999762,5937.008550513872
20587,40.266767204848286,571.739999999762,5937.074899972879
20588,40.266767204848286,571.7599999997619,5937.141247820369
20589,40.266767204848286,571.7799999997619,5937.207594056267
20590,40.266767204848286,571.7999999997619,5937.273938680497
20591,40.266767204848286,571.8199999997619,5937.340281692982
20592,40.266767204848286,571.8399999997619,5937.406623093646
20593,40.266767204848286,571.8599999997618,5937.472962882413
20594,40.266767204848286,571.8799999997618,5937.539301059209
20595,40.266767204848286,571.8999999997618,5937.605637623955
20596,40.266767204848286,571.9199999997618,5937.671972576577
20597,40.266767204848286,571.9399999997618,5937.738305916998
20598,40.266767204848286,571.9599999997617,5937.804637645142
20599,40.266767204848286,571.9799999997617,5937.870967760935
20600,40.266767204848286,571.9999999997617,5937.937296268842
20601,40.266767204848286,572.0199999997617,5938.003623173322
20602,40.266767204848286,572.0399999997617,5938.069948474297
20603,40.266767204848286,572.0599999997617,5938.136272171693
20604,40.266767204848286,572.0799999997616,5938.202594265433
20605,40.266767204848286,572.0999999997616,5938.268914755441
20606,40.266767204848286,572.1199999997616,5938.335233641641
20607,40.266767204848286,572.1399999997616,5938.401550923957
20608,40.266767204848286,572.1599999997616,5938.467866602314
20609,40.266767204848286,572.1799999997615,5938.534180676635
20610,40.266767204848286,572.1999999997615,5938.600493146844
20611,40.266767204848286,572.2199999997615,5938.666804012866
20612,40.266767204848286,572.2399999997615,5938.733113274624
20613,40.266767204848286,572.2599999997615,5938.799420932043
20614,40.266767204848286,572.2799999997615,5938.865726985046
20615,40.266767204848286,572.2999999997614,5938.932031433558
20616,40.266767204848286,572.3199999997614,5938.998334277503
20617,40.266767204848286,572.3399999997614,5939.064635516805
20618,40.266767204848286,572.3599999997614,5939.130935151387
20619,40.266767204848286,572.3799999997614,5939.197233181175
20620,40.266767204848286,572.3999999997613,5939.263529606091
20621,40.266767204848286,572.4199999997613,5939.3298244260595
20622,40.266767204848286,572.4399999997613,5939.396117641006
20623,40.266767204848286,572.4599999997613,5939.462409250853
20624,40.266767204848286,572.4799999997613,5939.528699255526
20625,40.266767204848286,572.4999999997613,5939.5949876549475
20626,40.266767204848286,572.5199999997612,5939.661274449043
20627,40.266767204848286,572.5399999997612,5939.727559637736
20628,40.266767204848286,572.5599999997612,5939.79384322095
20629,40.266767204848286,572.5799999997612,5939.86012519861
20630,40.266767204848286,572.5999999997612,5939.92640557064
20631,40.266767204848286,572.6199999997611,5939.992684336963
20632,40.266767204848286,572.6399999997611,5940.058961496923
20633,40.266767204848286,572.6599999997611,5940.125237049627
20634,40.266767204848286,572.6799999997611,5940.191510994972
20635,40.266767204848286,572.6999999997611,5940.257783332881
20636,40.266767204848286,572.7199999997611,5940.324054063278
20637,40.266767204848286,572.739999999761,5940.390323186085
20638,40.266767204848286,572.759999999761,5940.456590701225
20639,40.266767204848286,572.779999999761,5940.522856608622
20640,40.266767204848286,572.799999999761,5940.589120908198
20641,40.20586435434322,572.819999999761,5940.6553835998775
20642,40.20586435434322,572.839999999761,5940.721644683583
20643,40.20586435434322,572.8599999997609,5940.787904159237
20644,40.20586435434322,572.8799999997609,5940.854162026762
20645,40.20586435434322,572.8999999997609,5940.920418286083
20646,40.20586435434322,572.9199999997609,5940.986672937122
20647,40.20586435434322,572.9399999997609,5941.052925979803
20648,40.20586435434322,572.9599999997608,5941.119177414048
20649,40.20586435434322,572.9799999997608,5941.18542723978
20650,40.20586435434322,572.9999999997608,5941.251675457025
20651,40.20586435434322,573.0199999997608,5941.317922070375
20652,40.20586435434322,573.0399999997608,5941.384167083509
20653,40.20586435434322,573.0599999997607,5941.450410496352
20654,40.20586435434322,573.0799999997607,5941.516652308828
20655,40.20586435434322,573.0999999997607,5941.582892520864
20656,40.20586435434322,573.1199999997607,5941.649131132383
20657,40.20586435434322,573.1399999997607,5941.715368143312
20658,40.20586435434322,573.1599999997607,5941.781603553573
20659,40.20586435434322,573.1799999997606,5941.847837363093
20660,40.20586435434322,573.1999999997606,5941.914069571797
20661,40.20586435434322,573.2199999997606,5941.980300179609
20662,40.20586435434322,573.2399999997606,5942.046529186454
20663,40.20586435434322,573.2599999997606,5942.112756592257
20664,40.20586435434322,573.2799999997605,5942.178982396943
20665,40.20586435434322,573.2999999997605,5942.245206600437
20666,40.20586435434322,573.3199999997605,5942.311429202664
20667,40.20586435434322,573.3399999997605,5942.377650203549
20668,40.20586435434322,573.3599999997605,5942.4438696030165
20669,40.20586435434322,573.3799999997605,5942.510087400991
20670,40.20586435434322,573.3999999997604,5942.576303597399
20671,40.20586435434322,573.4199999997604,5942.642518192164
20672,40.20586435434322,573.4399999997604,5942.708731185211
20673,40.20586435434322,573.4599999997604,5942.774942576466
20674,40.20586435434322,573.4799999997604,5942.841152365852
20675,40.20586435434322,573.4999999997603,5942.907360553296
20676,40.20586435434322,573.5199999997603,5942.973567138722
20677,40.20586435434322,573.5399999997603,5943.039772122054
20678,40.20586435434322,573.5599999997603,5943.105975503219
20679,40.20586435434322,573.5799999997603,5943.172177282141
20680,40.20586435434322,573.5999999997603,5943.238377458744
20681,40.20586435434322,573.6199999997602,5943.304576032954
20682,40.20586435434322,573.6399999997602,5943.370773004695
20683,40.20586435434322,573.6599999997602,5943.436968373893
20684,40.20586435434322,573.6799999997602,5943.503162140472
20685,40.20586435434322,573.6999999997602,5943.569354304358
20686,40.20586435434322,573.7199999997601,5943.635544865475
20687,40.20586435434322,573.7399999997601,5943.701733823748
20688,40.20586435434322,573.7599999997601,5943.767921179103
20689,40.20586435434322,573.7799999997601,5943.834106931463
20690,40.20586435434322,573.7999999997601,5943.900291080755
20691,40.20586435434322,573.8199999997601,5943.966473626902
20692,40.20586435434322,573.83999999976,5944.032654569831
20693,40.20586435434322,573.85999999976,5944.098833909466
20694,40.20586435434322,573.87999999976,5944.16501164573
20695,40.20586435434322,573.89999999976,5944.231187778551
20696,40.20586435434322,573.91999999976,5944.297362307853
20697,40.20586435434322,573.93999999976,5944.3635352335605
20698,40.20586435434322,573.9599999997599,5944.429706555598
20699,40.20586435434322,573.9799999997599,5944.495876273892
20700,40.20586435434322,573.9999999997599,5944.562044388365
20701,40.20586435434322,574.0199999997599,5944.628210899151
20702,40.20586435434322,574.0399999997599,5944.69437581133
20703,40.20586435434322,574.0599999997598,5944.760539128137
20704,40.20586435434322,574.0799999997598,5944.826700849494
20705,40.20586435434322,574.0999999997598,5944.892860975327
20706,40.20586435434322,574.1199999997598,5944.959019505558
20707,40.20586435434322,574.1399999997598,5945.025176440114
20708,40.20586435434322,574.1599999997597,5945.091331778916
20709,40.20586435434322,574.1799999997597,5945.157485521891
20710,40.20586435434322,574.1999999997597,5945.2236376689625
20711,40.20586435434322,574.2199999997597,5945.289788220053
20712,40.20586435434322,574.2399999997597,5945.355937175089
20713,40.20586435434322,574.2599999997597,5945.422084533992
20714,40.20586435434322,574.2799999997596,5945.488230296689
20715,40.20586435434322,574.2999999997596,5945.554374463102
20716,40.20586435434322,574.3199999997596,5945.620517033157
20717,40.20586435434322,574.3399999997596,5945.686658006776
20718,40.20586435434322,574.3599999997596,5945.752797383885
20719,40.20586435434322,574.3799999997595,5945.818935164408
20720,40.20586435434322,574.3999999997595,5945.885071348268
20721,40.20586435434322,574.4199999997595,5945.95120593539
20722,40.20586435434322,574.4399999997595,5946.017338925699
20723,40.20586435434322,574.4599999997595,5946.083470319118
20724,40.20586435434322,574.4799999997595,5946.149600115571
20725,40.20586435434322,574.4999999997594,5946.215728314983
20726,40.20586435434322,574.5199999997594,5946.281854917277
20727,40.20586435434322,574.5399999997594,5946.347979922379
20728,40.20586435434322,574.5599999997594,5946.414103330212
20729,40.20586435434322,574.5799999997594,5946.480225140701
20730,40.20586435434322,574.5999999997593,5946.546345353769
20731,40.20586435434322,574.6199999997593,5946.612463969341
20732,40.20586435434322,574.6399999997593,5946.678580987341
20733,40.20586435434322,574.6599999997593,5946.744696407693
20734,40.20586435434322,574.6799999997593,5946.810810230321
20735,40.20586435434322,574.6999999997593,5946.876922455151
20736,40.20586435434322,574.7199999997592,5946.943033082104
20737,40.20586435434322,574.7399999997592,5947.009142111107
20738,40.20586435434322,574.7599999997592,5947.075249542084
20739,40.20586435434322,574.7799999997592,5947.141355374957
20740,40.20586435434322,574.7999999997592,5947.207459609652
20741,40.20586435434322,574.8199999997591,5947.273562246092
20742,40.20586435434322,574.8399999997591,5947.339663284203
20743,40.20586435434322,574.8599999997591,5947.405762723908
20744,40.20586435434322,574.8799999997591,5947.4718605651315
20745,40.20586435434322,574.8999999997591,5947.537956807798
20746,40.20586435434322,574.919999999759,5947.604051451831
20747,40.20586435434322,574.939999999759,5947.670144497155
20748,40.20586435434322,574.959999999759,5947.736235943695
20749,40.20586435434322,574.979999999759,5947.802325791374
20750,40.20586435434322,574.999999999759,5947.8684140401165
20751,40.20586435434322,575.019999999759,5947.9345006898475
20752,40.20586435434322,575.039999999759,5948.000585740805
20753,40.20586435434322,575.0599999997589,5948.0666691986125
20754,40.20586435434322,575.0799999997589,5948.132751066057
20755,40.20586435434322,575.0999999997589,5948.19883134306
20756,40.20586435434322,575.1199999997589,5948.264910029547
20757,40.20586435434322,575.1399999997589,5948.33098712544
20758,40.20586435434322,575.1599999997588,5948.397062630662
20759,40.20586435434322,575.1799999997588,5948.463136545137
20760,40.20586435434322,575.1999999997588,5948.529208868788
20761,40.20586435434322,575.2199999997588,5948.59527960154
20762,40.20586435434322,575.2399999997588,5948.661348743314
20763,40.20586435434322,575.2599999997587,5948.727416294036
20764,40.20586435434322,575.2799999997587,5948.793482253627
20765,40.20586435434322,575.2999999997587,5948.859546622012
20766,40.20586435434322,575.3199999997587,5948.9256093991135
20767,40.20586435434322,575.3399999997587,5948.991670584855
20768,40.20586435434322,575.3599999997587,5949.05773017916
20769,40.20586435434322,575.3799999997586,5949.1237881819525
20770,40.20586435434322,575.3999999997586,5949.189844593155
20771,40.20586435434322,575.4199999997586,5949.255899412691
20772,40.20586435434322,575.4399999997586,5949.321952640485
20773,40.20586435434322,575.4599999997586,5949.388004276459
20774,40.20586435434322,575.4799999997585,5949.454054320537
20775,40.20586435434322,575.4999999997585,5949.520102772642
20776,40.20586435434322,575.5199999997585,5949.586149632698
20777,40.20586435434322,575.5399999997585,5949.652194900628
20778,40.20586435434322,575.5599999997585,5949.718238576356
20779,40.20586435434322,575.5799999997585,5949.7842806598055
20780,40.20586435434322,575.5999999997584,5949.850321150899
20781,40.20586435434322,575.6199999997584,5949.91636004956
20782,40.20586435434322,575.6399999997584,5949.982397355713
20783,40.20586435434322,575.6599999997584,5950.048433068882
20784,40.20586435434322,575.6799999997584,5950.114467188018
20785,40.20586435434322,575.6999999997583,5950.180499712982
20786,40.20586435434322,575.7199999997583,5950.246530643697
20787,40.20586435434322,575.7399999997583,5950.312559980087
20788,40.20586435434322,575.7599999997583,5950.378587722076
20789,40.20586435434322,575.7799999997583,5950.444613869588
20790,40.20586435434322,575.7999999997583,5950.5106384225455
20791,40.20586435434322,575.8199999997582,5950.576661380874
20792,40.20586435434322,575.8399999997582,5950.642682744496
20793,40.20586435434322,575.8599999997582,5950.708702513335
20794,40.20586435434322,575.8799999997582,5950.7747206873155
20795,40.20586435434322,575.8999999997582,5950.840737266361
20796,40.20586435434322,575.9199999997581,5950.9067522503965
20797,40.20586435434322,575.9399999997581,5950.972765639344
20798,40.20586435434322,575.9599999997581,5951.038777433128
20799,40.20586435434322,575.9799999997581,5951.1047876316725
20800,40.20586435434322,575.9999999997581,5951.170796234901
20801,40.20586435434322,576.019999999758,5951.236803242738
20802,40.14511487352075,576.039999999758,5951.302808655106
20803,40.14511487352075,576.059999999758,5951.3688124723385
20804,40.14511487352075,576.079999999758,5951.434814700318
20805,40.14511487352075,576.099999999758,5951.500815341251
20806,40.14511487352075,576.119999999758,5951.566814395062
20807,40.14511487352075,576.139999999758,5951.632811861676
20808,40.14511487352075,576.1599999997579,5951.69880774102
20809,40.14511487352075,576.1799999997579,5951.764802033019
20810,40.14511487352075,576.1999999997579,5951.830794737599
20811,40.14511487352075,576.2199999997579,5951.896785854686
20812,40.14511487352075,576.2399999997579,5951.962775384205
20813,40.14511487352075,576.2599999997578,5952.028763326083
20814,40.14511487352075,576.2799999997578,5952.0947496802455
20815,40.14511487352075,576.2999999997578,5952.160734446618
20816,40.14511487352075,576.3199999997578,5952.226717625127
20817,40.14511487352075,576.3399999997578,5952.292699215697
20818,40.14511487352075,576.3599999997577,5952.358679218255
20819,40.14511487352075,576.3799999997577,5952.424657632727
20820,40.14511487352075,576.3999999997577,5952.490634459037
20821,40.14511487352075,576.4199999997577,5952.556609697112
20822,40.14511487352075,576.4399999997577,5952.622583346879
20823,40.14511487352075,576.4599999997577,5952.688555408262
20824,40.14511487352075,576.4799999997576,5952.754525881187
20825,40.14511487352075,576.4999999997576,5952.82049476558
20826,40.14511487352075,576.5199999997576,5952.886462061369
20827,40.14511487352075,576.5399999997576,5952.952427768476
20828,40.14511487352075,576.5599999997576,5953.018391886829
20829,40.14511487352075,576.5799999997575,5953.084354416354
20830,40.14511487352075,576.5999999997575,5953.150315356976
20831,40.14511487352075,576.6199999997575,5953.216274708621
20832,40.14511487352075,576.6399999997575,5953.282232471215
20833,40.14511487352075,576.6599999997575,5953.348188644684
20834,40.14511487352075,576.6799999997575,5953.414143228954
20835,40.14511487352075,576.6999999997574,5953.480096223951
20836,40.14511487352075,576.7199999997574,5953.546047629599
20837,40.14511487352075,576.7399999997574,5953.611997445826
20838,40.14511487352075,576.7599999997574,5953.677945672556
20839,40.14511487352075,576.7799999997574,5953.743892309716
20840,40.14511487352075,576.7999999997573,5953.809837357232
20841,40.14511487352075,576.8199999997573,5953.875780815029
20842,40.14511487352075,576.8399999997573,5953.941722683034
20843,40.14511487352075,576.8599999997573,5954.007662961171
20844,40.14511487352075,576.8799999997573,5954.073601649367
20845,40.14511487352075,576.8999999997573,5954.139538747549
20846,40.14511487352075,576.9199999997572,5954.20547425564
20847,40.14511487352075,576.9399999997572,5954.2714081735685
20848,40.14511487352075,576.9599999997572,5954.337340501259
20849,40.14511487352075,576.9799999997572,5954.403271238638
20850,40.14511487352075,576.9999999997572,5954.469200385631
20851,40.14511487352075,577.0199999997571,5954.535127942163
20852,40.14511487352075,577.0399999997571,5954.601053908161
20853,40.14511487352075,577.0599999997571,5954.666978283551
20854,40.14511487352075,577.0799999997571,5954.732901068756
20855,40.14511487352075,577.0999999997571,5954.798822269918
20856,40.14511487352075,577.119999999757,5954.864741888686
20857,40.14511487352075,577.139999999757,5954.930659924984
20858,40.14511487352075,577.159999999757,5954.996576378738
20859,40.14511487352075,577.179999999757,5955.0624912498715
20860,40.14511487352075,577.199999999757,5955.128404538309
20861,40.14511487352075,577.219999999757,5955.194316243976
20862,40.14511487352075,577.239999999757,5955.260226366795
20863,40.14511487352075,577.2599999997569,5955.326134906692
20864,40.14511487352075,577.2799999997569,5955.39204186359
20865,40.14511487352075,577.2999999997569,5955.457947237415
20866,40.14511487352075,577.3199999997569,5955.5238510280915
20867,40.14511487352075,577.3399999997569,5955.589753235543
20868,40.14511487352075,577.3599999997568,5955.655653859694
20869,40.14511487352075,577.3799999997568,5955.72155290047
20870,40.14511487352075,577.3999999997568,5955.787450357794
20871,40.14511487352075,577.4199999997568,5955.853346231591
20872,40.14511487352075,577.4399999997568,5955.9192405217855
20873,40.14511487352075,577.4599999997567,5955.985133228302
20874,40.14511487352075,577.4799999997567,5956.051024351066
20875,40.14511487352075,577.4999999997567,5956.11691389
20876,40.14511487352075,577.5199999997567,5956.182801845031
20877,40.14511487352075,577.5399999997567,5956.24868821608
20878,40.14511487352075,577.5599999997567,5956.314573003075
20879,40.14511487352075,577.5799999997566,5956.380456205938
20880,40.14511487352075,577.5999999997566,5956.446337824594
20881,40.14511487352075,577.6199999997566,5956.512217858968
20882,40.14511487352075,577.6399999997566,5956.578096308985
20883,40.14511487352075,577.6599999997566,5956.643973174568
20884,40.14511487352075,577.6799999997565,5956.709848455642
20885,40.14511487352075,577.6999999997565,5956.775722152132
20886,40.14511487352075,577.7199999997565,5956.841594263963
20887,40.14511487352075,577.7399999997565,5956.907464791058
20888,40.14511487352075,577.7599999997565,5956.973333733343
20889,40.14511487352075,577.7799999997565,5957.039201090741
20890,40.14511487352075,577.7999999997564,5957.105066863177
20891,40.14511487352075,577.8199999997564,5957.170931050576
20892,40.14511487352075,577.8399999997564,5957.236793652862
20893,40.14511487352075,577.8599999997564,5957.302654669958
20894,40.14511487352075,577.8799999997564,5957.368514101791
20895,40.14511487352075,577.8999999997563,5957.434371948285
20896,40.14511487352075,577.9199999997563,5957.500228209364
20897,40.14511487352075,577.9399999997563,5957.566082884952
20898,40.14511487352075,577.9599999997563,5957.631935974975
20899,40.14511487352075,577.9799999997563,5957.697787479356
20900,40.14511487352075,577.9999999997563,5957.7636373980195
20901,40.14511487352075,578.0199999997562,5957.829485730891
20902,40.14511487352075,578.0399999997562,5957.895332477894
20903,40.14511487352075,578.0599999997562,5957.961177638954
20904,40.14511487352075,578.0799999997562,5958.027021213995
20905,40.14511487352075,578.0999999997562,5958.092863203552
20906,40.14511487352075,578.1199999997561,5958.158703614305
20907,40.14511487352075,578.1399999997561,5958.22454244743
20908,40.14511487352075,578.1599999997561,5958.290379702853
20909,40.14511487352075,578.1799999997561,5958.356215380497
20910,40.14511487352075,578.1999999997561,5958.422049480285
20911,40.14511487352075,578.219999999756,5958.48788200214
20912,40.14511487352075,578.239999999756,5958.553712945988
20913,40.14511487352075,578.259999999756,5958.619542311751
20914,40.14511487352075,578.279999999756,5958.685370099352
20915,40.14511487352075,578.299999999756,5958.751196308716
20916,40.14511487352075,578.319999999756,5958.817020939767
20917,40.14511487352075,578.339999999756,5958.882843992426
20918,40.14511487352075,578.3599999997559,5958.948665466619
20919,40.14511487352075,578.3799999997559,5959.014485362269
20920,40.14511487352075,578.3999999997559,5959.080303679299
20921,40.14511487352075,578.4199999997559,5959.146120417633
20922,40.14511487352075,578.4399999997559,5959.211935577196
20923,40.14511487352075,578.4599999997558,5959.277749157909
20924,40.14511487352075,578.4799999997558,5959.343561159698
20925,40.14511487352075,578.4999999997558,5959.409371582485
20926,40.14511487352075,578.5199999997558,5959.475180426194
20927,40.14511487352075,578.5399999997558,5959.54098769075
20928,40.14511487352075,578.5599999997557,5959.606793376075
20929,40.14511487352075,578.5799999997557,5959.672597482093
20930,40.14511487352075,578.5999999997557,5959.738400008728
20931,40.14511487352075,578.6199999997557,5959.804200955903
20932,40.14511487352075,578.6399999997557,5959.870000323543
20933,40.14511487352075,578.6599999997557,5959.93579811157
20934,40.14511487352075,578.6799999997556,5960.001594319903
20935,40.14511487352075,578.6999999997556,5960.067388947833
20936,40.14511487352075,578.7199999997556,5960.133181994696
20937,40.14511487352075,578.7399999997556,5960.198973460419
20938,40.14511487352075,578.7599999997556,5960.26476334493
20939,40.14511487352075,578.7799999997555,5960.330551648153
20940,40.14511487352075,578.7999999997555,5960.3963383700175
20941,40.14511487352075,578.8199999997555,5960.462123510449
20942,40.14511487352075,578.8399999997555,5960.527907069374
20943,40.14511487352075,578.8599999997555,5960.59368904672
20944,40.14511487352075,578.8799999997555,5960.659469442413
20945,40.14511487352075,578.8999999997554,5960.725248256381
20946,40.14511487352075,578.9199999997554,5960.791025488549
20947,40.14511487352075,578.9399999997554,5960.856801138846
20948,40.14511487352075,578.9599999997554,5960.922575207197
20949,40.14511487352075,578.9799999997554,5960.98834769353
20950,40.14511487352075,578.9999999997553,5961.054118597771
20951,40.14511487352075,579.0199999997553,5961.119887919847
20952,40.14511487352075,579.0399999997553,5961.185655659685
20953,40.14511487352075,579.0599999997553,5961.251421817212
20954,40.14511487352075,579.0799999997553,5961.317186392354
20955,40.14511487352075,579.0999999997553,5961.382949385039
20956,40.14511487352075,579.1199999997552,5961.448710795923
20957,40.14511487352075,579.1399999997552,5961.514470632273
20958,40.14511487352075,579.1599999997552,5961.580228894781
20959,40.14511487352075,579.1799999997552,5961.645985583373
20960,40.14511487352075,579.1999999997552,5961.711740697976
20961,40.14511487352075,579.2199999997551,5961.777494238517
20962,40.084518222208665,579.2399999997551,5961.843246204921
20963,40.084518222208665,579.2599999997551,5961.908996597116
20964,40.084518222208665,579.2799999997551,5961.974745415028
20965,40.084518222208665,579.2999999997551,5962.040492658584
20966,40.084518222208665,579.319999999755,5962.106238327711
20967,40.084518222208665,579.339999999755,5962.1719824223355
20968,40.084518222208665,579.359999999755,5962.2377249423835
20969,40.084518222208665,579.379999999755,5962.303465887781
20970,40.084518222208665,579.399999999755,5962.3692052584565
20971,40.084518222208665,579.419999999755,5962.434943054335
20972,40.084518222208665,579.439999999755,5962.500679275344
20973,40.084518222208665,579.4599999997549,5962.56641392141
20974,40.084518222208665,579.4799999997549,5962.632146992459
20975,40.084518222208665,579.4999999997549,5962.697878488418
20976,40.084518222208665,579.5199999997549,5962.763608409214
20977,40.084518222208665,579.5399999997549,5962.829336754773
20978,40.084518222208665,579.5599999997548,5962.895063525022
20979,40.084518222208665,579.5799999997548,5962.960788719887
20980,40.084518222208665,579.5999999997548,5963.026512339296
20981,40.084518222208665,579.6199999997548,5963.0922343831735
20982,40.084518222208665,579.6399999997548,5963.157954851448
20983,40.084518222208665,579.6599999997547,5963.223673744046
20984,40.084518222208665,579.6799999997547,5963.289391060894
20985,40.084518222208665,579.6999999997547,5963.355106801917
20986,40.084518222208665,579.7199999997547,5963.420820967043
20987,40.084518222208665,579.7399999997547,5963.486533556199
20988,40.084518222208665,579.7599999997547,5963.552244569311
20989,40.084518222208665,579.7799999997546,5963.617954006307
20990,40.084518222208665,579.7999999997546,5963.683661867111
20991,40.084518222208665,579.8199999997546,5963.749368151652
20992,40.084518222208665,579.8399999997546,5963.815072859855
20993,40.084518222208665,579.8599999997546,5963.880775991647
20994,40.084518222208665,579.8799999997545,5963.946477546956
20995,40.084518222208665,579.8999999997545,5964.012177525707
20996,40.084518222208665,579.9199999997545,5964.077875927827
20997,40.084518222208665,579.9399999997545,5964.1435727532435
20998,40.084518222208665,579.9599999997545,5964.209268001882
20999,40.084518222208665,579.9799999997545,5964.27496167367
21000,40.084518222208665,579.9999999997544,5964.340653768534
21001,40.084518222208665,580.0199999997544,5964.4063442864
21002,40.084518222208665,580.0399999997544,5964.472033227195
21003,40.084518222208665,580.0599999997544,5964.537720590846
21004,40.084518222208665,580.0799999997544,5964.6034063772795
21005,40.084518222208665,580.0999999997543,5964.669090586422
21006,40.084518222208665,580.1199999997543,5964.7347732182
21007,40.084518222208665,580.1399999997543,5964.800454273688
21008,40.084518222208665,580.1599999997543,5964.866133759328
21009,40.084518222208665,580.1799999997543,5964.931811675641
21010,40.084518222208665,580.1999999997543,5964.997488022556
21011,40.084518222208665,580.2199999997542,5965.063162799998
21012,40.084518222208665,580.2399999997542,5965.128836007894
21013,40.084518222208665,580.2599999997542,5965.194507646172
21014,40.084518222208665,580.2799999997542,5965.2601777147565
21015,40.084518222208665,580.2999999997542,5965.3258462135755
21016,40.084518222208665,580.3199999997541,5965.391513142555
21017,40.084518222208665,580.3399999997541,5965.4571785016215
21018,40.084518222208665,580.3599999997541,5965.522842290702
21019,40.084518222208665,580.3799999997541,5965.588504509724
21020,40.084518222208665,580.3999999997541,5965.654165158612
21021,40.084518222208665,580.419999999754,5965.719824237295
21022,40.084518222208665,580.439999999754,5965.785481745698
21023,40.084518222208665,580.459999999754,5965.851137683749
21024,40.084518222208665,580.479999999754,5965.916792051374
21025,40.084518222208665,580.499999999754,5965.982444848499
21026,40.084518222208665,580.519999999754,5966.048096075051
21027,40.084518222208665,580.539999999754,5966.113745730958
21028,40.084518222208665,580.5599999997539,5966.179393816145
21029,40.084518222208665,580.5799999997539,5966.24504033054
21030,40.084518222208665,580.5999999997539,5966.310685274068
21031,40.084518222208665,580.6199999997539,5966.376328646657
21032,40.084518222208665,580.6399999997539,5966.441970448234
21033,40.084518222208665,580.6599999997538,5966.507610678725
21034,40.084518222208665,580.6799999997538,5966.573249338056
21035,40.084518222208665,580.6999999997538,5966.638886426154
21036,40.084518222208665,580.7199999997538,5966.704521942947
21037,40.084518222208665,580.7399999997538,5966.770155888361
21038,40.084518222208665,580.7599999997537,5966.835788262321
21039,40.084518222208665,580.7799999997537,5966.901419064756
21040,40.084518222208665,580.7999999997537,5966.967048295592
21041,40.084518222208665,580.8199999997537,5967.032675954754
21042,40.084518222208665,580.8399999997537,5967.098302042172
21043,40.084518222208665,580.8599999997537,5967.16392655777
21044,40.084518222208665,580.8799999997536,5967.229549501475
21045,40.084518222208665,580.8999999997536,5967.295170873214
21046,40.084518222208665,580.9199999997536,5967.360790672915
21047,40.084518222208665,580.9399999997536,5967.426408900503
21048,40.084518222208665,580.9599999997536,5967.4920255559055
21049,40.084518222208665,580.9799999997535,5967.557640639049
21050,40.084518222208665,580.9999999997535,5967.62325414986
21051,40.084518222208665,581.0199999997535,5967.688866088265
21052,40.084518222208665,581.0399999997535,5967.754476454192
21053,40.084518222208665,581.0599999997535,5967.820085247566
21054,40.084518222208665,581.0799999997535,5967.885692468314
21055,40.084518222208665,581.0999999997534,5967.951298116363
21056,40.084518222208665,581.1199999997534,5968.016902191641
21057,40.084518222208665,581.1399999997534,5968.082504694073
21058,40.084518222208665,581.1599999997534,5968.148105625263
21059,40.084518222208665,581.1799999997534,5968.213704991422
21060,40.084518222208665,581.1999999997533,5968.2793027929865
21061,40.084518222208665,581.2199999997533,5968.344899029884
21062,40.084518222208665,581.2399999997533,5968.410493702041
21063,40.084518222208665,581.2599999997533,5968.476086809385
21064,40.084518222208665,581.2799999997533,5968.541678351843
21065,40.084518222208665,581.2999999997533,5968.6072683293405
21066,40.084518222208665,581.3199999997532,5968.672856741805
21067,40.084518222208665,581.3399999997532,5968.738443589163
21068,40.084518222208665,581.3599999997532,5968.804028871341
21069,40.084518222208665,581.3799999997532,5968.869612588266
21070,40.084518222208665,581.3999999997532,5968.9351947398645
21071,40.084518222208665,581.4199999997531,5969.000775326063
21072,40.084518222208665,581.4399999997531,5969.06635434679
21073,40.084518222208665,581.4599999997531,5969.1319318019705
21074,40.084518222208665,581.4799999997531,5969.197507691531
21075,40.084518222208665,581.4999999997531,5969.2630820154
21076,40.084518222208665,581.519999999753,5969.328654773502
21077,40.084518222208665,581.539999999753,5969.394225965766
21078,40.084518222208665,581.559999999753,5969.459795592117
21079,40.084518222208665,581.579999999753,5969.525363652483
21080,40.084518222208665,581.599999999753,5969.59093014679
21081,40.084518222208665,581.619999999753,5969.656495074965
21082,40.084518222208665,581.639999999753,5969.722058436935
21083,40.084518222208665,581.6599999997529,5969.787620232626
21084,40.084518222208665,581.6799999997529,5969.853180461965
21085,40.084518222208665,581.6999999997529,5969.91873912488
21086,40.084518222208665,581.7199999997529,5969.984296221296
21087,40.084518222208665,581.7399999997529,5970.0498517506985
21088,40.084518222208665,581.7599999997528,5970.115405712042
21089,40.084518222208665,581.7799999997528,5970.180958105195
21090,40.084518222208665,581.7999999997528,5970.246508930083
21091,40.084518222208665,581.8199999997528,5970.312058186632
21092,40.084518222208665,581.8399999997528,5970.377605874769
21093,40.084518222208665,581.8599999997527,5970.443151994419
21094,40.084518222208665,581.8799999997527,5970.508696545508
21095,40.084518222208665,581.8999999997527,5970.574239527964
21096,40.084518222208665,581.9199999997527,5970.639780941711
21097,40.084518222208665,581.9399999997527,5970.705320786677
21098,40.084518222208665,581.9599999997527,5970.770859062786
21099,40.084518222208665,581.9799999997526,5970.836395769967
21100,40.084518222208665,581.9999999997526,5970.901930908143
21101,40.084518222208665,582.0199999997526,5970.967464477242
21102,40.084518222208665,582.0399999997526,5971.03299647719
21103,40.084518222208665,582.0599999997526,5971.098526907913
21104,40.084518222208665,582.0799999997525,5971.164055769337
21105,40.084518222208665,582.0999999997525,5971.229583061389
21106,40.084518222208665,582.1199999997525,5971.295108783995
21107,40.084518222208665,582.1399999997525,5971.36063293708
21108,40.084518222208665,582.1599999997525,5971.42615552057
21109,40.084518222208665,582.1799999997525,5971.491676536617
21110,40.084518222208665,582.1999999997524,5971.557195991158
21111,40.084518222208665,582.2199999997524,5971.622713884541
21112,40.084518222208665,582.2399999997524,5971.688230216693
21113,40.084518222208665,582.2599999997524,5971.753744987543
21114,40.084518222208665,582.2799999997524,5971.819258197017
21115,40.084518222208665,582.2999999997523,5971.8847698450445
21116,40.084518222208665,582.3199999997523,5971.950279931551
21117,40.084518222208665,582.3399999997523,5972.015788456467
21118,40.084518222208665,582.3599999997523,5972.081295419717
21119,40.084518222208665,582.3799999997523,5972.1468008212305
21120,40.084518222208665,582.3999999997523,5972.212304660935
21121,40.084518222208665,582.4199999997522,5972.277806938758
21122,40.084518222208665,582.4399999997522,5972.343307654627
21123,40.084518222208665,582.4599999997522,5972.40880680847
21124,40.0240738626785,582.4799999997522,5972.474304400214
21125,40.0240738626785,582.4999999997522,5972.539800429788
21126,40.0240738626785,582.5199999997521,5972.605294897117
21127,40.0240738626785,582.5399999997521,5972.670787802132
21128,40.0240738626785,582.5599999997521,5972.736279144758
21129,40.0240738626785,582.5799999997521,5972.801768924924
21130,40.0240738626785,582.5999999997521,5972.867257142557
21131,40.0240738626785,582.619999999752,5972.932743797584
21132,40.0240738626785,582.639999999752,5972.998228889935
21133,40.0240738626785,582.659999999752,5973.0637124195355
21134,40.0240738626785,582.679999999752,5973.129194386314
21135,40.0240738626785,582.699999999752,5973.194674790198
21136,40.0240738626785,582.719999999752,5973.260153631116
21137,40.0240738626785,582.739999999752,5973.325630908994
21138,40.0240738626785,582.7599999997519,5973.391106623761
21139,40.0240738626785,582.7799999997519,5973.456580775344
21140,40.0240738626785,582.7999999997519,5973.522053363671
21141,40.0240738626785,582.8199999997519,5973.58752438867
21142,40.0240738626785,582.8399999997519,5973.652993850268
21143,40.0240738626785,582.8599999997518,5973.718461748393
21144,40.0240738626785,582.8799999997518,5973.783928082972
21145,40.0240738626785,582.8999999997518,5973.849392853934
21146,40.0240738626785,582.9199999997518,5973.914856061206
21147,40.0240738626785,582.9399999997518,5973.980317704715
21148,40.0240738626785,582.9599999997517,5974.045777784389
21149,40.0240738626785,582.9799999997517,5974.111236300157
21150,40.0240738626785,582.9999999997517,5974.176693251945
21151,40.0240738626785,583.0199999997517,5974.242148639682
21152,40.0240738626785,583.0399999997517,5974.307602463294
21153,40.0240738626785,583.0599999997517,5974.37305472271
21154,40.0240738626785,583.0799999997516,5974.438505417857
21155,40.0240738626785,583.0999999997516,5974.503954548664
21156,40.0240738626785,583.1199999997516,5974.5694021150575
21157,40.0240738626785,583.1399999997516,5974.634848116965
21158,40.0240738626785,583.1599999997516,5974.700292554315
21159,40.0240738626785,583.1799999997515,5974.765735427034
21160,40.0240738626785,583.1999999997515,5974.831176737624
21161,40.0240738626785,583.2199999997515,5974.8966164912845
21162,40.0240738626785,583.2399999997515,5974.962054688243
21163,40.0240738626785,583.2599999997515,5975.027491328429
21164,40.0240738626785,583.2799999997515,5975.092926411771
21165,40.0240738626785,583.2999999997514,5975.1583599381975
21166,40.0240738626785,583.3199999997514,5975.223791907637
21167,40.0240738626785,583.3399999997514,5975.289222320019
21168,40.0240738626785,583.3599999997514,5975.354651175271
21169,40.0240738626785,583.3799999997514,5975.420078473323
21170,40.0240738626785,583.3999999997513,5975.4855042141035
21171,40.0240738626785,583.4199999997513,5975.550928397541
21172,40.0240738626785,583.4399999997513,5975.616351023564
21173,40.0240738626785,583.4599999997513,5975.681772092102
21174,40.0240738626785,583.4799999997513,5975.747191603083
21175,40.0240738626785,583.4999999997513,5975.812609556436
21176,40.0240738626785,583.5199999997512,5975.878025952089
21177,40.0240738626785,583.5399999997512,5975.943440789973
21178,40.0240738626785,583.5599999997512,5976.008854070014
21179,40.0240738626785,583.5799999997512,5976.074265792143
21180,40.0240738626785,583.5999999997512,5976.139675956287
21181,40.0240738626785,583.6199999997511,5976.205084562375
21182,40.0240738626785,583.6399999997511,5976.270491610338
21183,40.0240738626785,583.6599999997511,5976.335897100102
21184,40.0240738626785,583.6799999997511,5976.401301031596
21185,40.0240738626785,583.6999999997511,5976.46670340475
21186,40.0240738626785,583.719999999751,5976.532104219492
21187,40.0240738626785,583.739999999751,5976.597503475751
21188,40.0240738626785,583.759999999751,5976.662901173456
21189,40.0240738626785,583.779999999751,5976.728297312535
21190,40.0240738626785,583.799999999751,5976.793691892917
21191,40.0240738626785,583.819999999751,5976.859084914532
21192,40.0240738626785,583.839999999751,5976.924476377308
21193,40.0240738626785,583.8599999997509,5976.989866281173
21194,40.0240738626785,583.8799999997509,5977.055254626056
21195,40.0240738626785,583.8999999997509,5977.120641411886
21196,40.0240738626785,583.9199999997509,5977.186026638592
21197,40.0240738626785,583.9399999997509,5977.251410306103
21198,40.0240738626785,583.9599999997508,5977.316792414347
21199,40.0240738626785,583.9799999997508,5977.382172963254
21200,40.0240738626785,583.9999999997508,5977.4475519527505
21201,40.0240738626785,584.0199999997508,5977.512929382767
21202,40.0240738626785,584.0399999997508,5977.5783052532315
21203,40.0240738626785,584.0599999997507,5977.643679564074
21204,40.0240738626785,584.0799999997507,5977.709052315222
21205,40.0240738626785,584.0999999997507,5977.774423506605
21206,40.0240738626785,584.1199999997507,5977.839793138151
21207,40.0240738626785,584.1399999997507,5977.90516120979
21208,40.0240738626785,584.1599999997507,5977.97052772145
21209,40.0240738626785,584.1799999997506,5978.03589267306
21210,40.0240738626785,584.1999999997506,5978.101256064548
21211,40.0240738626785,584.2199999997506,5978.166617898978
21212,40.0240738626785,584.2399999997506,5978.2319781812985
21213,40.0240738626785,584.2599999997506,5978.297336911647
21214,40.0240738626785,584.2799999997505,5978.362694089953
21215,40.0240738626785,584.2999999997505,5978.428049716145
21216,40.0240738626785,584.3199999997505,5978.493403790153
21217,40.0240738626785,584.3399999997505,5978.558756311904
21218,40.0240738626785,584.3599999997505,5978.624107281329
21219,40.0240738626785,584.3799999997505,5978.6894566983565
21220,40.0240738626785,584.3999999997504,5978.7548045629155
21221,40.0240738626785,584.4199999997504,5978.820150874935
21222,40.0240738626785,584.4399999997504,5978.885495634345
21223,40.0240738626785,584.4599999997504,5978.950838841073
21224,40.0240738626785,584.4799999997504,5979.016180495049
21225,40.0240738626785,584.4999999997503,5979.081520596203
21226,40.0240738626785,584.5199999997503,5979.146859144462
21227,40.0240738626785,584.5399999997503,5979.212196139757
21228,40.0240738626785,584.5599999997503,5979.277531582016
21229,40.0240738626785,584.5799999997503,5979.342865471169
21230,40.0240738626785,584.5999999997503,5979.408197807144
21231,40.0240738626785,584.6199999997502,5979.4735285898705
21232,40.0240738626785,584.6399999997502,5979.538857819278
21233,40.0240738626785,584.6599999997502,5979.604185495295
21234,40.0240738626785,584.6799999997502,5979.669511617851
21235,40.0240738626785,584.6999999997502,5979.734836186874
21236,40.0240738626785,584.7199999997501,5979.800159202295
21237,40.0240738626785,584.7399999997501,5979.865480664042
21238,40.0240738626785,584.7599999997501,5979.930800572044
21239,40.0240738626785,584.7799999997501,5979.99611892623
21240,40.0240738626785,584.7999999997501,5980.061435726795
21241,40.0240738626785,584.81999999975,5980.126750973985
21242,40.0240738626785,584.83999999975,5980.192064667733
21243,40.0240738626785,584.85999999975,5980.2573768079665
21244,40.0240738626785,584.87999999975,5980.322687394614
21245,40.0240738626785,584.89999999975,5980.387996427604
21246,40.0240738626785,584.91999999975,5980.453303906863
21247,40.0240738626785,584.93999999975,5980.518609832319
21248,40.0240738626785,584.9599999997499,5980.583914203901
21249,40.0240738626785,584.9799999997499,5980.649217021536
21250,40.0240738626785,584.9999999997499,5980.714518285152
21251,40.0240738626785,585.0199999997499,5980.779817994676
21252,40.0240738626785,585.0399999997499,5980.845116150036
21253,40.0240738626785,585.0599999997498,5980.910412751161
21254,40.0240738626785,585.0799999997498,5980.9757077979775
21255,40.0240738626785,585.0999999997498,5981.041001290414
21256,40.0240738626785,585.1199999997498,5981.1062932283985
21257,40.0240738626785,585.1399999997498,5981.171583611858
21258,40.0240738626785,585.1599999997497,5981.2368724407215
21259,40.0240738626785,585.1799999997497,5981.302159714915
21260,40.0240738626785,585.1999999997497,5981.367445434368
21261,40.0240738626785,585.2199999997497,5981.432729599008
21262,40.0240738626785,585.2399999997497,5981.498012212472
21263,40.0240738626785,585.2599999997497,5981.563293279413
21264,40.0240738626785,585.2799999997496,5981.628572799875
21265,40.0240738626785,585.2999999997496,5981.693850773785
21266,40.0240738626785,585.3199999997496,5981.759127201072
21267,40.0240738626785,585.3399999997496,5981.824402081665
21268,40.0240738626785,585.3599999997496,5981.889675415492
21269,40.0240738626785,585.3799999997495,5981.954947202482
21270,40.0240738626785,585.3999999997495,5982.020217442563
21271,40.0240738626785,585.4199999997495,5982.085486135665
21272,40.0240738626785,585.4399999997495,5982.150753281715
21273,40.0240738626785,585.4599999997495,5982.216018880643
21274,40.0240738626785,585.4799999997495,5982.2812829323775
21275,40.0240738626785,585.4999999997494,5982.346545436846
21276,40.0240738626785,585.5199999997494,5982.411806393979
21277,40.0240738626785,585.5399999997494,5982.477065803703
21278,40.0240738626785,585.5599999997494,5982.542323665948
21279,40.0240738626785,585.5799999997494,5982.607579980642
21280,40.0240738626785,585.5999999997493,5982.672834747715
21281,40.0240738626785,585.6199999997493,5982.738087967094
21282,40.0240738626785,585.6399999997493,5982.803339638707
21283,40.0240738626785,585.6599999997493,5982.868589762485
21284,40.0240738626785,585.6799999997493,5982.933838338355
21285,40.0240738626785,585.6999999997493,5982.999085366246
21286,39.96378125963178,585.7199999997492,5983.064330846087
21287,39.96378125963178,585.7399999997492,5983.129574777806
21288,39.96378125963178,585.7599999997492,5983.194817161332
21289,39.96378125963178,585.7799999997492,5983.260057996594
21290,39.96378125963178,585.7999999997492,5983.32529728352
21291,39.96378125963178,585.8199999997491,5983.390535022038
21292,39.96378125963178,585.8399999997491,5983.455771212079
21293,39.96378125963178,585.8599999997491,5983.5210058535695
21294,39.96378125963178,585.8799999997491,5983.586238946439
21295,39.96378125963178,585.8999999997491,5983.651470490617
21296,39.96378125963178,585.919999999749,5983.71670048603
21297,39.96378125963178,585.939999999749,5983.781928932609
21298,39.96378125963178,585.959999999749,5983.847155830281
21299,39.96378125963178,585.979999999749,5983.912381178975
21300,39.96378125963178,585.999999999749,5983.97760497862
21301,39.96378125963178,586.019999999749,5984.042827229144
21302,39.96378125963178,586.0399999997489,5984.1080479304765
21303,39.96378125963178,586.0599999997489,5984.173267082546
21304,39.96378125963178,586.0799999997489,5984.23848468528
21305,39.96378125963178,586.0999999997489,5984.303700738609
21306,39.96378125963178,586.1199999997489,5984.36891524246
21307,39.96378125963178,586.1399999997489,5984.434128196764
21308,39.96378125963178,586.1599999997488,5984.499339601447
21309,39.96378125963178,586.1799999997488,5984.564549456439
21310,39.96378125963178,586.1999999997488,5984.629757761668
21311,39.96378125963178,586.2199999997488,5984.694964517063
21312,39.96378125963178,586.2399999997488,5984.760169722554
21313,39.96378125963178,586.2599999997487,5984.825373382021
21314,39.96378125963178,586.2799999997487,5984.890575499451
21315,39.96378125963178,586.2999999997487,5984.955776074785
21316,39.96378125963178,586.3199999997487,5985.020975107952
21317,39.96378125963178,586.3399999997487,5985.086172598882
21318,39.96378125963178,586.3599999997487,5985.151368547504
21319,39.96378125963178,586.3799999997486,5985.216562953748
21320,39.96378125963178,586.3999999997486,5985.281755817542
21321,39.96378125963178,586.4199999997486,5985.346947138817
21322,39.96378125963178,586.4399999997486,5985.412136917502
21323,39.96378125963178,586.4599999997486,5985.477325153526
21324,39.96378125963178,586.4799999997485,5985.542511846819
21325,39.96378125963178,586.4999999997485,5985.607696997311
21326,39.96378125963178,586.5199999997485,5985.6728806049305
21327,39.96378125963178,586.5399999997485,5985.738062669608
21328,39.96378125963178,586.5599999997485,5985.803243191272
21329,39.96378125963178,586.5799999997485,5985.868422169851
21330,39.96378125963178,586.5999999997484,5985.933599605277
21331,39.96378125963178,586.6199999997484,5985.998775497478
21332,39.96378125963178,586.6399999997484,5986.063949846384
21333,39.96378125963178,586.6599999997484,5986.129122651924
21334,39.96378125963178,586.6799999997484,5986.194293914028
21335,39.96378125963178,586.6999999997483,5986.259463632625
21336,39.96378125963178,586.7199999997483,5986.324631807644
21337,39.96378125963178,586.7399999997483,5986.389798439016
21338,39.96378125963178,586.7599999997483,5986.454963526669
21339,39.96378125963178,586.7799999997483,5986.520127070534
21340,39.96378125963178,586.7999999997483,5986.585289070538
21341,39.96378125963178,586.8199999997482,5986.650449526613
21342,39.96378125963178,586.8399999997482,5986.715608438687
21343,39.96378125963178,586.8599999997482,5986.78076580669
21344,39.96378125963178,586.8799999997482,5986.845921630552
21345,39.96378125963178,586.8999999997482,5986.911075910201
21346,39.96378125963178,586.9199999997481,5986.976228645568
21347,39.96378125963178,586.9399999997481,5987.041379836582
21348,39.96378125963178,586.9599999997481,5987.106529483172
21349,39.96378125963178,586.9799999997481,5987.171677585268
21350,39.96378125963178,586.9999999997481,5987.2368241428
21351,39.96378125963178,587.019999999748,5987.301969155697
21352,39.96378125963178,587.039999999748,5987.367112623889
21353,39.96378125963178,587.059999999748,5987.432254547303
21354,39.96378125963178,587.079999999748,5987.497394925872
21355,39.96378125963178,587.099999999748,5987.562533759523
21356,39.96378125963178,587.119999999748,5987.627671048187
21357,39.96378125963178,587.1399999997479,5987.6928067917925
21358,39.96378125963178,587.1599999997479,5987.757940990269
21359,39.96378125963178,587.1799999997479,5987.823073643547
21360,39.96378125963178,587.1999999997479,5987.888204751555
21361,39.96378125963178,587.2199999997479,5987.953334314224
21362,39.96378125963178,587.2399999997479,5988.018462331482
21363,39.96378125963178,587.2599999997478,5988.083588803343
21364,39.96378125963178,587.2799999997478,5988.148713734201
21365,39.96378125963178,587.2999999997478,5988.213837127678
21366,39.96378125963178,587.3199999997478,5988.278958983703
21367,39.96378125963178,587.3399999997478,5988.3440793022055
21368,39.96378125963178,587.3599999997477,5988.409198083116
21369,39.96378125963178,587.3799999997477,5988.474315326364
21370,39.96378125963178,587.3999999997477,5988.539431031879
21371,39.96378125963178,587.4199999997477,5988.604545199591
21372,39.96378125963178,587.4399999997477,5988.669657829429
21373,39.96378125963178,587.4599999997477,5988.734768921323
21374,39.96378125963178,587.4799999997476,5988.799878475203
21375,39.96378125963178,587.4999999997476,5988.864986490998
21376,39.96378125963178,587.5199999997476,5988.930092968638
21377,39.96378125963178,587.5399999997476,5988.995197908052
21378,39.96378125963178,587.5599999997476,5989.060301309172
21379,39.96378125963178,587.5799999997475,5989.125403171925
21380,39.96378125963178,587.5999999997475,5989.190503496243
21381,39.96378125963178,587.6199999997475,5989.255602282054
21382,39.96378125963178,587.6399999997475,5989.320699529288
21383,39.96378125963178,587.6599999997475,5989.385795237875
21384,39.96378125963178,587.6799999997475,5989.450889407744
21385,39.96378125963178,587.6999999997474,5989.515982038826
21386,39.96378125963178,587.7199999997474,5989.58107313105
21387,39.96378125963178,587.7399999997474,5989.646162684347
21388,39.96378125963178,587.7599999997474,5989.711250698644
21389,39.96378125963178,587.7799999997474,5989.776337173873
21390,39.96378125963178,587.7999999997473,5989.841422109962
21391,39.96378125963178,587.8199999997473,5989.906505506841
21392,39.96378125963178,587.8399999997473,5989.971587364441
21393,39.96378125963178,587.8599999997473,5990.036667684192
21394,39.96378125963178,587.8799999997473,5990.101746474744
21395,39.96378125963178,587.8999999997473,5990.166823736827
21396,39.96378125963178,587.9199999997472,5990.231899470368
21397,39.96378125963178,587.9399999997472,5990.2969736752975
21398,39.96378125963178,587.9599999997472,5990.362046351542
21399,39.96378125963178,587.9799999997472,5990.42711749903
21400,39.96378125963178,587.9999999997472,5990.492187117689
21401,39.96378125963178,588.0199999997471,5990.557255207449
21402,39.96378125963178,588.0399999997471,5990.622321768237
21403,39.96378125963178,588.0599999997471,5990.687386799981
21404,39.96378125963178,588.0799999997471,5990.75245030261
21405,39.96378125963178,588.0999999997471,5990.81751227605
21406,39.96378125963178,588.119999999747,5990.882572720232
21407,39.96378125963178,588.139999999747,5990.947631635083
21408,39.96378125963178,588.159999999747,5991.01268902053
21409,39.96378125963178,588.179999999747,5991.077744876503
21410,39.96378125963178,588.199999999747,5991.142799202929
21411,39.96378125963178,588.219999999747,5991.207851999738
21412,39.96378125963178,588.2399999997469,5991.272903266855
21413,39.96378125963178,588.2599999997469,5991.33795300421
21414,39.96378125963178,588.2799999997469,5991.403001211919
21415,39.96378125963178,588.2999999997469,5991.468047894885
21416,39.96378125963178,588.3199999997469,5991.533093056325
21417,39.96378125963178,588.3399999997469,5991.598136696168
21418,39.96378125963178,588.3599999997468,5991.663178814342
21419,39.96378125963178,588.3799999997468,5991.7282194107775
21420,39.96378125963178,588.3999999997468,5991.793258485401
21421,39.96378125963178,588.4199999997468,5991.858296038141
21422,39.96378125963178,588.4399999997468,5991.923332068927
21423,39.96378125963178,588.4599999997467,5991.988366577688
21424,39.96378125963178,588.4799999997467,5992.053399564351
21425,39.96378125963178,588.4999999997467,5992.1184310288445
21426,39.96378125963178,588.5199999997467,5992.183460971098
21427,39.96378125963178,588.5399999997467,5992.24848939104
21428,39.96378125963178,588.5599999997467,5992.313516288598
21429,39.96378125963178,588.5799999997466,5992.378541663702
21430,39.96378125963178,588.5999999997466,5992.44356551628
21431,39.96378125963178,588.6199999997466,5992.50858784626
21432,39.96378125963178,588.6399999997466,5992.57360865357
21433,39.96378125963178,588.6599999997466,5992.6386279381395
21434,39.96378125963178,588.6799999997465,5992.703645699897
21435,39.96378125963178,588.6999999997465,5992.7686619387705
21436,39.96378125963178,588.7199999997465,5992.833676654689
21437,39.96378125963178,588.7399999997465,5992.8986898475805
21438,39.96378125963178,588.7599999997465,5992.963701517374
21439,39.96378125963178,588.7799999997465,5993.0287116639975
21440,39.96378125963178,588.7999999997464,5993.09372028738
21441,39.96378125963178,588.8199999997464,5993.15872738745
21442,39.96378125963178,588.8399999997464,5993.223732964137
21443,39.96378125963178,588.8599999997464,5993.288737017368
21444,39.96378125963178,588.8799999997464,5993.353739547071
21445,39.96378125963178,588.8999999997463,5993.418740553177
21446,39.96378125963178,588.9199999997463,5993.483740035612
21447,39.96378125963178,588.9399999997463,5993.548737994305
21448,39.903639880186816,588.9599999997463,5993.613734429186
21449,39.903639880186816,588.9799999997463,5993.678729340182
21450,39.903639880186816,588.9999999997463,5993.743722727223
21451,39.903639880186816,589.0199999997462,5993.808714590236
21452,39.903639880186816,589.0399999997462,5993.873704929151
21453,39.903639880186816,589.0599999997462,5993.938693743896
21454,39.903639880186816,589.0799999997462,5994.003681034399
21455,39.903639880186816,589.0999999997462,5994.068666800589
21456,39.903639880186816,589.1199999997461,5994.133651042394
21457,39.903639880186816,589.1399999997461,5994.198633759744
21458,39.903639880186816,589.1599999997461,5994.263614952565
21459,39.903639880186816,589.1799999997461,5994.328594620788
21460,39.903639880186816,589.1999999997461,5994.39357276434
21461,39.903639880186816,589.219999999746,5994.458549383151
21462,39.903639880186816,589.239999999746,5994.523524477148
21463,39.903639880186816,589.259999999746,5994.588498046261
21464,39.903639880186816,589.279999999746,5994.653470090417
21465,39.903639880186816,589.299999999746,5994.718440609814
21466,39.903639880186816,589.319999999746,5994.783409609413
21467,39.903639880186816,589.3399999997459,5994.848377091756
21468,39.903639880186816,589.3599999997459,5994.913343056773
21469,39.903639880186816,589.3799999997459,5994.978307504391
21470,39.903639880186816,589.3999999997459,5995.04327043454
21471,39.903639880186816,589.4199999997459,5995.108231847149
21472,39.903639880186816,589.4399999997459,5995.173191742147
21473,39.903639880186816,589.4599999997458,5995.238150119462
21474,39.903639880186816,589.4799999997458,5995.303106979024
21475,39.903639880186816,589.4999999997458,5995.368062320762
21476,39.903639880186816,589.5199999997458,5995.433016144604
21477,39.903639880186816,589.5399999997458,5995.49796845048
21478,39.903639880186816,589.5599999997457,5995.562919238318
21479,39.903639880186816,589.5799999997457,5995.627868508047
21480,39.903639880186816,589.5999999997457,5995.692816259596
21481,39.903639880186816,589.6199999997457,5995.7577624928945
21482,39.903639880186816,589.6399999997457,5995.822707207871
21483,39.903639880186816,589.6599999997457,5995.887650404455
21484,39.903639880186816,589.6799999997456,5995.9525920825745
21485,39.903639880186816,589.6999999997456,5996.017532242159
21486,39.903639880186816,589.7199999997456,5996.082470883138
21487,39.903639880186816,589.7399999997456,5996.147408005439
21488,39.903639880186816,589.7599999997456,5996.212343608991
21489,39.903639880186816,589.7799999997455,5996.2772776937245
21490,39.903639880186816,589.7999999997455,5996.342210259568
21491,39.903639880186816,589.8199999997455,5996.407141306449
21492,39.903639880186816,589.8399999997455,5996.472070834298
21493,39.903639880186816,589.8599999997455,5996.536998843044
21494,39.903639880186816,589.8799999997455,5996.601925332615
21495,39.903639880186816,589.8999999997454,5996.66685030294
21496,39.903639880186816,589.9199999997454,5996.731773753948
21497,39.903639880186816,589.9399999997454,5996.796695685568
21498,39.903639880186816,589.9599999997454,5996.86161609773
21499,39.903639880186816,589.9799999997454,5996.926534990362
21500,39.903639880186816,589.9999999997453,5996.991452363392
21501,39.903639880186816,590.0199999997453,5997.056368216751
21502,39.903639880186816,590.0399999997453,5997.121282550367
21503,39.903639880186816,590.0599999997453,5997.186195364169
21504,39.903639880186816,590.0799999997453,5997.2511066580855
21505,39.903639880186816,590.0999999997453,5997.316016432046
21506,39.903639880186816,590.1199999997452,5997.380924685979
21507,39.903639880186816,590.1399999997452,5997.445831419815
21508,39.903639880186816,590.1599999997452,5997.5107366334805
21509,39.903639880186816,590.1799999997452,5997.575640326906
21510,39.903639880186816,590.1999999997452,5997.64054250002
21511,39.903639880186816,590.2199999997451,5997.705443152752
21512,39.903639880186816,590.2399999997451,5997.770342285031
21513,39.903639880186816,590.2599999997451,5997.8352398967845
21514,39.903639880186816,590.2799999997451,5997.900135987943
21515,39.903639880186816,590.2999999997451,5997.965030558435
21516,39.903639880186816,590.319999999745,5998.029923608561
21517,39.903639880186816,590.339999999745,5998.094815143806
21518,39.903639880186816,590.359999999745,5998.159705166305
21519,39.903639880186816,590.379999999745,5998.224593675986
21520,39.903639880186816,590.399999999745,5998.28948067278
21521,39.903639880186816,590.419999999745,5998.3543661566155
21522,39.903639880186816,590.4399999997449,5998.419250127422
21523,39.903639880186816,590.4599999997449,5998.4841325851285
21524,39.903639880186816,590.4799999997449,5998.549013529664
21525,39.903639880186816,590.4999999997449,5998.613892960958
21526,39.903639880186816,590.5199999997449,5998.67877087894
21527,39.903639880186816,590.5399999997449,5998.743647283539
21528,39.903639880186816,590.5599999997448,5998.808522174684
21529,39.903639880186816,590.5799999997448,5998.873395552306
21530,39.903639880186816,590.5999999997448,5998.938267416333
21531,39.903639880186816,590.6199999997448,5999.003137766694
21532,39.903639880186816,590.6399999997448,5999.068006603318
21533,39.903639880186816,590.6599999997447,5999.132873926135
21534,39.903639880186816,590.6799999997447,5999.197739735075
21535,39.903639880186816,590.6999999997447,5999.262604030066
21536,39.903639880186816,590.7199999997447,5999.327466811037
21537,39.903639880186816,590.7399999997447,5999.392328077919
21538,39.903639880186816,590.7599999997447,5999.45718783064
21539,39.903639880186816,590.7799999997446,5999.522046069129
21540,39.903639880186816,590.7999999997446,5999.586902793316
21541,39.903639880186816,590.8199999997446,5999.65175800313
21542,39.903639880186816,590.8399999997446,5999.716611698502
21543,39.903639880186816,590.8599999997446,5999.781463879359
21544,39.903639880186816,590.8799999997445,5999.846314545631
21545,39.903639880186816,590.8999999997445,5999.911163697247
21546,39.903639880186816,590.9199999997445,5999.976011334136
21547,39.903639880186816,590.9399999997445,6000.040857459987
21548,39.903639880186816,590.9599999997445,6000.105702089362
21549,39.903639880186816,590.9799999997445,6000.170545223399
21550,39.903639880186816,590.9999999997444,6000.235386862026
21551,39.903639880186816,591.0199999997444,6000.300227005171
21552,39.903639880186816,591.0399999997444,6000.365065652763
21553,39.903639880186816,591.0599999997444,6000.429902804732
21554,39.903639880186816,591.0799999997444,6000.494738461004
21555,39.903639880186816,591.0999999997443,6000.559572621509
21556,39.903639880186816,591.1199999997443,6000.624405286175
21557,39.903639880186816,591.1399999997443,6000.689236454931
21558,39.903639880186816,591.1599999997443,6000.754066127706
21559,39.903639880186816,591.1799999997443,6000.818894304428
21560,39.903639880186816,591.1999999997443,6000.883720985025
21561,39.903639880186816,591.2199999997442,6000.948546169427
21562,39.903639880186816,591.2399999997442,6001.01336985756
21563,39.903639880186816,591.2599999997442,6001.0781920493555
21564,39.903639880186816,591.2799999997442,6001.14301274474
21565,39.903639880186816,591.2999999997442,6001.207831943643
21566,39.903639880186816,591.3199999997441,6001.272649645994
21567,39.903639880186816,591.3399999997441,6001.337465852201
21568,39.903639880186816,591.3599999997441,6001.402280568299
21569,39.903639880186816,591.3799999997441,6001.467093795992
21570,39.903639880186816,591.3999999997441,6001.5319055352065
21571,39.903639880186816,591.419999999744,6001.5967157858695
21572,39.903639880186816,591.439999999744,6001.661524547908
21573,39.903639880186816,591.459999999744,6001.726331821249
21574,39.903639880186816,591.479999999744,6001.79113760582
21575,39.903639880186816,591.499999999744,6001.855941901547
21576,39.903639880186816,591.519999999744,6001.920744708358
21577,39.903639880186816,591.5399999997439,6001.98554602618
21578,39.903639880186816,591.5599999997439,6002.050345854939
21579,39.903639880186816,591.5799999997439,6002.115144194564
21580,39.903639880186816,591.5999999997439,6002.17994104498
21581,39.903639880186816,591.6199999997439,6002.244736406115
21582,39.903639880186816,591.6399999997438,6002.309530277897
21583,39.903639880186816,591.6599999997438,6002.37432266025
21584,39.903639880186816,591.6799999997438,6002.439113553104
21585,39.903639880186816,591.6999999997438,6002.503902956385
21586,39.903639880186816,591.7199999997438,6002.56869087002
21587,39.903639880186816,591.7399999997438,6002.633477293936
21588,39.903639880186816,591.7599999997437,6002.69826222806
21589,39.903639880186816,591.7799999997437,6002.76304567232
21590,39.903639880186816,591.7999999997437,6002.827827626642
21591,39.903639880186816,591.8199999997437,6002.892608090953
21592,39.903639880186816,591.8399999997437,6002.957387065181
21593,39.903639880186816,591.8599999997436,6003.022164549252
21594,39.903639880186816,591.8799999997436,6003.086940543094
21595,39.903639880186816,591.8999999997436,6003.151715046633
21596,39.903639880186816,591.9199999997436,6003.2164880597975
21597,39.903639880186816,591.9399999997436,6003.281259582513
21598,39.903639880186816,591.9599999997436,6003.346029614707
21599,39.903639880186816,591.9799999997435,6003.410798156307
21600,39.903639880186816,591.9999999997435,6003.475565207239
21601,39.903639880186816,592.0199999997435,6003.540330767431
21602,39.903639880186816,592.0399999997435,6003.605094836811
21603,39.903639880186816,592.0599999997435,6003.669857415304
21604,39.903639880186816,592.0799999997434,6003.734618502839
21605,39.903639880186816,592.0999999997434,6003.799378099342
21606,39.903639880186816,592.1199999997434,6003.86413620474
21607,39.903639880186816,592.1399999997434,6003.928892818961
21608,39.903639880186816,592.1599999997434,6003.99364794193
21609,39.903639880186816,592.1799999997434,6004.058401573576
21610,39.903639880186816,592.1999999997433,6004.123153713826
21611,39.84364919386529,592.2199999997433,6004.187904362606
21612,39.84364919386529,592.2399999997433,6004.252653519843
21613,39.84364919386529,592.2599999997433,6004.317401185465
21614,39.84364919386529,592.2799999997433,6004.382147359399
21615,39.84364919386529,592.2999999997432,6004.446892041572
21616,39.84364919386529,592.3199999997432,6004.511635231911
21617,39.84364919386529,592.3399999997432,6004.576376930343
21618,39.84364919386529,592.3599999997432,6004.641117137347
21619,39.84364919386529,592.3799999997432,6004.70585585903
21620,39.84364919386529,592.3999999997432,6004.770593096541
21621,39.84364919386529,592.4199999997431,6004.83532884981
21622,39.84364919386529,592.4399999997431,6004.9000631187655
21623,39.84364919386529,592.4599999997431,6004.964795903336
21624,39.84364919386529,592.4799999997431,6005.029527203452
21625,39.84364919386529,592.4999999997431,6005.094257019041
21626,39.84364919386529,592.519999999743,6005.158985350033
21627,39.84364919386529,592.539999999743,6005.223712196355
21628,39.84364919386529,592.559999999743,6005.288437557939
21629,39.84364919386529,592.579999999743,6005.353161434712
21630,39.84364919386529,592.599999999743,6005.417883826604
21631,39.84364919386529,592.619999999743,6005.482604733544
21632,39.84364919386529,592.6399999997429,6005.54732415546
21633,39.84364919386529,592.6599999997429,6005.612042092282
21634,39.84364919386529,592.6799999997429,6005.676758543938
21635,39.84364919386529,592.6999999997429,6005.741473510359
21636,39.84364919386529,592.7199999997429,6005.806186991473
21637,39.84364919386529,592.7399999997428,6005.870898987208
21638,39.84364919386529,592.7599999997428,6005.935609497495
21639,39.84364919386529,592.7799999997428,6006.000318522261
21640,39.84364919386529,592.7999999997428,6006.065026061437
21641,39.84364919386529,592.8199999997428,6006.1297321149505
21642,39.84364919386529,592.8399999997428,6006.194436682731
21643,39.84364919386529,592.8599999997427,6006.259139764708
21644,39.84364919386529,592.8799999997427,6006.323841360811
21645,39.84364919386529,592.8999999997427,6006.388541470967
21646,39.84364919386529,592.9199999997427,6006.453240095107
21647,39.84364919386529,592.9399999997427,6006.517937233159
21648,39.84364919386529,592.9599999997426,6006.582632885053
21649,39.84364919386529,592.9799999997426,6006.647327050717
21650,39.84364919386529,592.9999999997426,6006.71201973008
21651,39.84364919386529,593.0199999997426,6006.776710923073
21652,39.84364919386529,593.0399999997426,6006.8414006296225
21653,39.84364919386529,593.0599999997426,6006.90608884966
21654,39.84364919386529,593.0799999997425,6006.970775583112
21655,39.84364919386529,593.0999999997425,6007.035460829909
21656,39.84364919386529,593.1199999997425,6007.100144589981
21657,39.84364919386529,593.1399999997425,6007.164826863255
21658,39.84364919386529,593.1599999997425,6007.229507649662
21659,39.84364919386529,593.1799999997424,6007.29418694913
21660,39.84364919386529,593.1999999997424,6007.358864761587
21661,39.84364919386529,593.2199999997424,6007.423541086964
21662,39.84364919386529,593.2399999997424,6007.488215925189
21663,39.84364919386529,593.2599999997424,6007.552889276192
21664,39.84364919386529,593.2799999997424,6007.617561139901
21665,39.84364919386529,593.2999999997423,6007.682231516246
21666,39.84364919386529,593.3199999997423,6007.746900405155
21667,39.84364919386529,593.3399999997423,6007.811567806558
21668,39.84364919386529,593.3599999997423,6007.876233720383
21669,39.84364919386529,593.3799999997423,6007.940898147203
21670,39.84364919386529,593.3999999997422,6008.00556109348
21671,39.84364919386529,593.4199999997422,6008.070222559887
21672,39.84364919386529,593.4399999997422,6008.134882546354
21673,39.84364919386529,593.4599999997422,6008.199541052808
21674,39.84364919386529,593.4799999997422,6008.264198079176
21675,39.84364919386529,593.4999999997422,6008.328853625386
21676,39.84364919386529,593.5199999997421,6008.393507691366
21677,39.84364919386529,593.5399999997421,6008.458160277043
21678,39.84364919386529,593.5599999997421,6008.522811382346
21679,39.84364919386529,593.5799999997421,6008.5874610072015
21680,39.84364919386529,593.5999999997421,6008.652109151537
21681,39.84364919386529,593.619999999742,6008.7167558152805
21682,39.84364919386529,593.639999999742,6008.78140099836
21683,39.84364919386529,593.659999999742,6008.846044700704
21684,39.84364919386529,593.679999999742,6008.910686922238
21685,39.84364919386529,593.699999999742,6008.975327662891
21686,39.84364919386529,593.719999999742,6009.03996692259
21687,39.84364919386529,593.7399999997419,6009.104604701263
21688,39.84364919386529,593.7599999997419,6009.169240998838
21689,39.84364919386529,593.7799999997419,6009.233875815243
21690,39.84364919386529,593.7999999997419,6009.298509150404
21691,39.84364919386529,593.8199999997419,6009.363141004251
21692,39.84364919386529,593.8399999997418,6009.42777137671
21693,39.84364919386529,593.8599999997418,6009.492400267708
21694,39.84364919386529,593.8799999997418,6009.557027677174
21695,39.84364919386529,593.8999999997418,6009.621653605036
21696,39.84364919386529,593.9199999997418,6009.686278051221
21697,39.84364919386529,593.9399999997418,6009.750901015657
21698,39.84364919386529,593.9599999997417,6009.815522498272
21699,39.84364919386529,593.9799999997417,6009.880142498992
21700,39.84364919386529,593.9999999997417,6009.944761017747
21701,39.84364919386529,594.0199999997417,6010.009378054753
21702,39.84364919386529,594.0399999997417,6010.073993617102
21703,39.84364919386529,594.0599999997416,6010.138607709271
21704,39.84364919386529,594.0799999997416,6010.203220331188
21705,39.84364919386529,594.0999999997416,6010.267831482782
21706,39.84364919386529,594.1199999997416,6010.33244116398
21707,39.84364919386529,594.1399999997416,6010.397049374709
21708,39.84364919386529,594.1599999997416,6010.461656114899
21709,39.84364919386529,594.1799999997415,6010.526261384476
21710,39.84364919386529,594.1999999997415,6010.590865183369
21711,39.84364919386529,594.2199999997415,6010.655467511506
21712,39.84364919386529,594.2399999997415,6010.720068368814
21713,39.84364919386529,594.2599999997415,6010.7846677552225
21714,39.84364919386529,594.2799999997414,6010.849265670658
21715,39.84364919386529,594.2999999997414,6010.913862115049
21716,39.84364919386529,594.3199999997414,6010.978457088323
21717,39.84364919386529,594.3399999997414,6011.043050590409
21718,39.84364919386529,594.3599999997414,6011.107642621233
21719,39.84364919386529,594.3799999997414,6011.172233180725
21720,39.84364919386529,594.3999999997413,6011.236822269869
21721,39.84364919386529,594.4199999997413,6011.3014098949925
21722,39.84364919386529,594.4399999997413,6011.365996056619
21723,39.84364919386529,594.4599999997413,6011.430580754675
21724,39.84364919386529,594.4799999997413,6011.49516398909
21725,39.84364919386529,594.4999999997412,6011.55974575979
21726,39.84364919386529,594.5199999997412,6011.624326066703
21727,39.84364919386529,594.5399999997412,6011.688904909759
21728,39.84364919386529,594.5599999997412,6011.753482288885
21729,39.84364919386529,594.5799999997412,6011.818058204008
21730,39.84364919386529,594.5999999997412,6011.882632655056
21731,39.84364919386529,594.6199999997411,6011.947205641958
21732,39.84364919386529,594.6399999997411,6012.011777164641
21733,39.84364919386529,594.6599999997411,6012.076347223033
21734,39.84364919386529,594.6799999997411,6012.140915817062
21735,39.84364919386529,594.6999999997411,6012.205482946656
21736,39.84364919386529,594.719999999741,6012.270048611744
21737,39.84364919386529,594.739999999741,6012.334612812252
21738,39.84364919386529,594.759999999741,6012.399175548109
21739,39.84364919386529,594.779999999741,6012.4637368192425
21740,39.84364919386529,594.799999999741,6012.528296625581
21741,39.84364919386529,594.819999999741,6012.592854967052
21742,39.84364919386529,594.8399999997409,6012.657411843583
21743,39.84364919386529,594.8599999997409,6012.721967255103
21744,39.84364919386529,594.8799999997409,6012.786521201539
21745,39.84364919386529,594.8999999997409,6012.851073682818
21746,39.84364919386529,594.9199999997409,6012.9156246988705
21747,39.84364919386529,594.9399999997408,6012.980174249623
21748,39.84364919386529,594.9599999997408,6013.044722335003
21749,39.84364919386529,594.9799999997408,6013.109268954939
21750,39.84364919386529,594.9999999997408,6013.173814109358
21751,39.84364919386529,595.0199999997408,6013.23835779819
21752,39.84364919386529,595.0399999997408,6013.302900021362
21753,39.84364919386529,595.0599999997407,6013.367440778801
21754,39.84364919386529,595.0799999997407,6013.431980070436
21755,39.84364919386529,595.0999999997407,6013.496517896195
21756,39.84364919386529,595.1199999997407,6013.561054256004
21757,39.84364919386529,595.1399999997407,6013.625589149793
21758,39.84364919386529,595.1599999997406,6013.69012257749
21759,39.84364919386529,595.1799999997406,6013.754654539021
21760,39.84364919386529,595.1999999997406,6013.819185034316
21761,39.84364919386529,595.2199999997406,6013.883714063302
21762,39.84364919386529,595.2399999997406,6013.948241625908
21763,39.84364919386529,595.2599999997406,6014.01276772206
21764,39.84364919386529,595.2799999997405,6014.077292351687
21765,39.84364919386529,595.2999999997405,6014.141815514718
21766,39.84364919386529,595.3199999997405,6014.206337211079
21767,39.84364919386529,595.3399999997405,6014.270857440699
21768,39.84364919386529,595.3599999997405,6014.335376203506
21769,39.84364919386529,595.3799999997404,6014.399893499427
21770,39.84364919386529,595.3999999997404,6014.464409328391
21771,39.84364919386529,595.4199999997404,6014.52892369188
21772,39.84364919386529,595.4399999997404,6014.593436595927
21773,39.84364919386529,595.4599999997404,6014.65794804097
21774,39.84364919386529,595.4799999997404,6014.722458026938
21775,39.783808672579006,595.4999999997403,6014.786966553759
21776,39.783808672579006,595.5199999997403,6014.851473621364
21777,39.783808672579006,595.5399999997403,6014.915979229681
21778,39.783808672579006,595.5599999997403,6014.980483378642
21779,39.783808672579006,595.5799999997403,6015.044986068175
21780,39.783808672579006,595.5999999997402,6015.1094872982085
21781,39.783808672579006,595.6199999997402,6015.173987068674
21782,39.783808672579006,595.6399999997402,6015.2384853795
21783,39.783808672579006,595.6599999997402,6015.302982230616
21784,39.783808672579006,595.6799999997402,6015.367477621952
21785,39.783808672579006,595.6999999997402,6015.4319715534375
21786,39.783808672579006,595.7199999997401,6015.496464025002
21787,39.783808672579006,595.7399999997401,6015.560955036574
21788,39.783808672579006,595.7599999997401,6015.625444588085
21789,39.783808672579006,595.7799999997401,6015.689932679464
21790,39.783808672579006,595.7999999997401,6015.754419310639
21791,39.783808672579006,595.81999999974,6015.818904481541
21792,39.783808672579006,595.83999999974,6015.883388192099
21793,39.783808672579006,595.85999999974,6015.947870442243
21794,39.783808672579006,595.87999999974,6016.012351231901
21795,39.783808672579006,595.89999999974,6016.076830561005
21796,39.783808672579006,595.91999999974,6016.141308429484
21797,39.783808672579006,595.9399999997399,6016.205784837266
21798,39.783808672579006,595.9599999997399,6016.270259784282
21799,39.783808672579006,595.9799999997399,6016.334733270461
21800,39.783808672579006,595.9999999997399,6016.399205295732
21801,39.783808672579006,596.0199999997399,6016.463675860025
21802,39.783808672579006,596.0399999997398,6016.52814496327
21803,39.783808672579006,596.0599999997398,6016.592612605396
21804,39.783808672579006,596.0799999997398,6016.657078786334
21805,39.783808672579006,596.0999999997398,6016.721543506012
21806,39.783808672579006,596.1199999997398,6016.786006764359
21807,39.783808672579006,596.1399999997398,6016.850468561305
21808,39.783808672579006,596.1599999997397,6016.914928896781
21809,39.783808672579006,596.1799999997397,6016.979387770715
21810,39.783808672579006,596.1999999997397,6017.043845183038
21811,39.783808672579006,596.2199999997397,6017.108301133678
21812,39.783808672579006,596.2399999997397,6017.172755622565
21813,39.783808672579006,596.2599999997396,6017.23720864963
21814,39.783808672579006,596.2799999997396,6017.301660214801
21815,39.783808672579006,596.2999999997396,6017.3661103180075
21816,39.783808672579006,596.3199999997396,6017.43055895918
21817,39.783808672579006,596.3399999997396,6017.495006138248
21818,39.783808672579006,596.3599999997396,6017.559451855141
21819,39.783808672579006,596.3799999997395,6017.623896109787
21820,39.783808672579006,596.3999999997395,6017.688338902118
21821,39.783808672579006,596.4199999997395,6017.752780232062
21822,39.783808672579006,596.4399999997395,6017.81722010147
21823,39.783808672579006,596.4599999997395,6017.8816585156765
21824,39.783808672579006,596.4799999997394,6017.946095474996
21825,39.783808672579006,596.4999999997394,6018.010530979357
21826,39.783808672579006,596.5199999997394,6018.074965028691
21827,39.783808672579006,596.5399999997394,6018.1393976229265
21828,39.783808672579006,596.5599999997394,6018.203828761993
21829,39.783808672579006,596.5799999997394,6018.26825844582
21830,39.783808672579006,596.5999999997393,6018.332686674336
21831,39.783808672579006,596.6199999997393,6018.397113447473
21832,39.783808672579006,596.6399999997393,6018.461538765158
21833,39.783808672579006,596.6599999997393,6018.525962627322
21834,39.783808672579006,596.6799999997393,6018.590385033894
21835,39.783808672579006,596.6999999997392,6018.654805984803
21836,39.783808672579006,596.7199999997392,6018.719225479978
21837,39.783808672579006,596.7399999997392,6018.78364351935
21838,39.783808672579006,596.7599999997392,6018.848060102848
21839,39.783808672579006,596.7799999997392,6018.912475230401
21840,39.783808672579006,596.7999999997392,6018.976888901938
21841,39.783808672579006,596.8199999997391,6019.04130111739
21842,39.783808672579006,596.8399999997391,6019.105711876685
21843,39.783808672579006,596.8599999997391,6019.170121179753
21844,39.783808672579006,596.8799999997391,6019.234529026523
21845,39.783808672579006,596.8999999997391,6019.298935416926
21846,39.783808672579006,596.919999999739,6019.36334035089
21847,39.783808672579006,596.939999999739,6019.427743828345
21848,39.783808672579006,596.959999999739,6019.492145849221
21849,39.783808672579006,596.979999999739,6019.556546413446
21850,39.783808672579006,596.999999999739,6019.620945520951
21851,39.783808672579006,597.019999999739,6019.6853431716645
21852,39.783808672579006,597.0399999997389,6019.749739365517
21853,39.783808672579006,597.0599999997389,6019.814134102437
21854,39.783808672579006,597.0799999997389,6019.878527382354
21855,39.783808672579006,597.0999999997389,6019.942919205198
21856,39.783808672579006,597.1199999997389,6020.007309570946
21857,39.783808672579006,597.1399999997388,6020.071698480946
21858,39.783808672579006,597.1599999997388,6020.136085936128
21859,39.783808672579006,597.1799999997388,6020.200471936421
21860,39.783808672579006,597.1999999997388,6020.264856481754
21861,39.783808672579006,597.2199999997388,6020.329239572054
21862,39.783808672579006,597.2399999997388,6020.393621207249
21863,39.783808672579006,597.2599999997387,6020.458001387271
21864,39.783808672579006,597.2799999997387,6020.5223801120455
21865,39.783808672579006,597.2999999997387,6020.586757381502
21866,39.783808672579006,597.3199999997387,6020.65113319557
21867,39.783808672579006,597.3399999997387,6020.715507554177
21868,39.783808672579006,597.3599999997386,6020.779880457251
21869,39.783808672579006,597.3799999997386,6020.844251904722
21870,39.783808672579006,597.3999999997386,6020.908621896518
21871,39.783808672579006,597.4199999997386,6020.972990432567
21872,39.783808672579006,597.4399999997386,6021.037357512799
21873,39.783808672579006,597.4599999997386,6021.101723139582
21874,39.783808672579006,597.4799999997385,6021.16608731802
21875,39.783808672579006,597.4999999997385,6021.230450048346
21876,39.783808672579006,597.5199999997385,6021.294811330488
21877,39.783808672579006,597.5399999997385,6021.359171164376
21878,39.783808672579006,597.5599999997385,6021.423529549937
21879,39.783808672579006,597.5799999997384,6021.487886487099
21880,39.783808672579006,597.5999999997384,6021.552241975792
21881,39.783808672579006,597.6199999997384,6021.616596015944
21882,39.783808672579006,597.6399999997384,6021.680948607484
21883,39.783808672579006,597.6599999997384,6021.745299750341
21884,39.783808672579006,597.6799999997384,6021.809649444442
21885,39.783808672579006,597.6999999997383,6021.873997689716
21886,39.783808672579006,597.7199999997383,6021.938344486092
21887,39.783808672579006,597.7399999997383,6022.002689833499
21888,39.783808672579006,597.7599999997383,6022.067033731865
21889,39.783808672579006,597.7799999997383,6022.131376181119
21890,39.783808672579006,597.7999999997382,6022.195717181189
21891,39.783808672579006,597.8199999997382,6022.260056732004
21892,39.783808672579006,597.8399999997382,6022.324394833493
21893,39.783808672579006,597.8599999997382,6022.388731485584
21894,39.783808672579006,597.8799999997382,6022.453066688206
21895,39.783808672579006,597.8999999997382,6022.517400441287
21896,39.783808672579006,597.9199999997381,6022.581732744755
21897,39.783808672579006,597.9399999997381,6022.6460635985395
21898,39.783808672579006,597.9599999997381,6022.71039300257
21899,39.783808672579006,597.9799999997381,6022.774720956773
21900,39.783808672579006,597.9999999997381,6022.839047461079
21901,39.783808672579006,598.019999999738,6022.903372515415
21902,39.783808672579006,598.039999999738,6022.967696119711
21903,39.783808672579006,598.059999999738,6023.032018273895
21904,39.783808672579006,598.079999999738,6023.096338977895
21905,39.783808672579006,598.099999999738,6023.160658231641
21906,39.783808672579006,598.119999999738,6023.2249760350605
21907,39.783808672579006,598.1399999997379,6023.289292388083
21908,39.783808672579006,598.1599999997379,6023.353607290635
21909,39.783808672579006,598.1799999997379,6023.417920742648
21910,39.783808672579006,598.1999999997379,6023.482232744049
21911,39.783808672579006,598.2199999997379,6023.546543294766
21912,39.783808672579006,598.2399999997378,6023.610852394729
21913,39.783808672579006,598.2599999997378,6023.675160043866
21914,39.783808672579006,598.2799999997378,6023.739466242105
21915,39.783808672579006,598.2999999997378,6023.803770989375
21916,39.783808672579006,598.3199999997378,6023.868074285606
21917,39.783808672579006,598.3399999997378,6023.932376130725
21918,39.783808672579006,598.3599999997377,6023.996676524661
21919,39.783808672579006,598.3799999997377,6024.060975467342
21920,39.783808672579006,598.3999999997377,6024.125272958699
21921,39.783808672579006,598.4199999997377,6024.189568998658
21922,39.783808672579006,598.4399999997377,6024.253863587148
21923,39.783808672579006,598.4599999997376,6024.318156724098
21924,39.783808672579006,598.4799999997376,6024.382448412413
21925,39.783808672579006,598.4999999997376,6024.446738656936
21926,39.783808672579006,598.5199999997376,6024.511027457809
21927,39.783808672579006,598.5399999997376,6024.575314814962
21928,39.783808672579006,598.5599999997376,6024.639600728324
21929,39.783808672579006,598.5799999997375,6024.703885197822
21930,39.783808672579006,598.5999999997375,6024.768168223387
21931,39.783808672579006,598.6199999997375,6024.832449804945
21932,39.783808672579006,598.6399999997375,6024.896729942427
21933,39.783808672579006,598.6599999997375,6024.961008635759
21934,39.783808672579006,598.6799999997374,6025.025285884871
21935,39.783808672579006,598.6999999997374,6025.089561689691
21936,39.783808672579006,598.7199999997374,6025.153836050149
21937,39.783808672579006,598.7399999997374,6025.218108966173
21938,39.783808672579006,598.7599999997374,6025.28238043769
21939,39.7241177906168,598.7799999997374,6025.34665046463
21940,39.7241177906168,598.7999999997373,6025.410919046923
21941,39.7241177906168,598.8199999997373,6025.475186184494
21942,39.7241177906168,598.8399999997373,6025.539451877275
21943,39.7241177906168,598.8599999997373,6025.6037161251925
21944,39.7241177906168,598.8799999997373,6025.667978928176
21945,39.7241177906168,598.8999999997372,6025.732240286154
21946,39.7241177906168,598.9199999997372,6025.796500199054
21947,39.7241177906168,598.9399999997372,6025.860758666807
21948,39.7241177906168,598.9599999997372,6025.9250156893395
21949,39.7241177906168,598.9799999997372,6025.9892712665805
21950,39.7241177906168,598.9999999997372,6026.053525398459
21951,39.7241177906168,599.0199999997371,6026.117778084904
21952,39.7241177906168,599.0399999997371,6026.182029325843
21953,39.7241177906168,599.0599999997371,6026.246279121206
21954,39.7241177906168,599.0799999997371,6026.31052747092
21955,39.7241177906168,599.0999999997371,6026.374774374914
21956,39.7241177906168,599.119999999737,6026.439019833117
21957,39.7241177906168,599.139999999737,6026.503263845458
21958,39.7241177906168,599.159999999737,6026.567506411865
21959,39.7241177906168,599.179999999737,6026.631747532267
21960,39.7241177906168,599.199999999737,6026.695987206592
21961,39.7241177906168,599.219999999737,6026.760225434769
21962,39.7241177906168,599.2399999997369,6026.824462216728
21963,39.7241177906168,599.2599999997369,6026.888697552395
21964,39.7241177906168,599.2799999997369,6026.9529314417
21965,39.7241177906168,599.2999999997369,6027.017163884571
21966,39.7241177906168,599.3199999997369,6027.081394880938
21967,39.7241177906168,599.3399999997368,6027.145624430728
21968,39.7241177906168,599.3599999997368,6027.2098525338715
21969,39.7241177906168,599.3799999997368,6027.274079190295
21970,39.7241177906168,599.3999999997368,6027.338304399928
21971,39.7241177906168,599.4199999997368,6027.4025281627
21972,39.7241177906168,599.4399999997368,6027.466750478538
21973,39.7241177906168,599.4599999997367,6027.5309713473725
21974,39.7241177906168,599.4799999997367,6027.595190769131
21975,39.7241177906168,599.4999999997367,6027.65940874697
21976,39.7241177906168,599.5199999997367,6027.723625285056
21977,39.7241177906168,599.5399999997367,6027.787840383428
21978,39.7241177906168,599.5599999997366,6027.852054042017
21979,39.7241177906168,599.5799999997366,6027.916266260749
21980,39.7241177906168,599.5999999997366,6027.980477039554
21981,39.7241177906168,599.6199999997366,6028.044686378361
21982,39.7241177906168,599.6399999997366,6028.108894277098
21983,39.7241177906168,599.6599999997366,6028.173100735695
21984,39.7241177906168,599.6799999997365,6028.237305754079
21985,39.7241177906168,599.6999999997365,6028.301509332179
21986,39.7241177906168,599.7199999997365,6028.3657114699245
21987,39.7241177906168,599.7399999997365,6028.429912167244
21988,39.7241177906168,599.7599999997365,6028.4941114240655
21989,39.7241177906168,599.7799999997364,6028.5583092403185
21990,39.7241177906168,599.7999999997364,6028.622505615931
21991,39.7241177906168,599.8199999997364,6028.686700550832
21992,39.7241177906168,599.8399999997364,6028.750894044951
21993,39.7241177906168,599.8599999997364,6028.815086098215
21994,39.7241177906168,599.8799999997364,6028.879276710554
21995,39.7241177906168,599.8999999997363,6028.943465881896
21996,39.7241177906168,599.9199999997363,6029.0076536121705
21997,39.7241177906168,599.9399999997363,6029.071839901306
21998,39.7241177906168,599.9599999997363,6029.13602474923
21999,39.7241177906168,599.9799999997363,6029.200208155873
22000,39.7241177906168,599.9999999997362,6029.264390121163
22001,39.7241177906168,600.0199999997362,6029.328570645029
22002,39.7241177906168,600.0399999997362,6029.392749727399
22003,39.7241177906168,600.0599999997362,6029.456927368202
22004,39.7241177906168,600.0799999997362,6029.5211035673665
22005,39.7241177906168,600.0999999997362,6029.585278324821
22006,39.7241177906168,600.1199999997361,6029.6494516404955
22007,39.7241177906168,600.1399999997361,6029.713623514317
22008,39.7241177906168,600.1599999997361,6029.777793946216
22009,39.7241177906168,600.1799999997361,6029.84196293612
22010,39.7241177906168,600.1999999997361,6029.906130483958
22011,39.7241177906168,600.219999999736,6029.970296589659
22012,39.7241177906168,600.239999999736,6030.034461253202
22013,39.7241177906168,600.259999999736,6030.098624474875
22014,39.7241177906168,600.279999999736,6030.162786254642
22015,39.7241177906168,600.299999999736,6030.226946592434
22016,39.7241177906168,600.319999999736,6030.291105488179
22017,39.7241177906168,600.3399999997359,6030.355262941807
22018,39.7241177906168,600.3599999997359,6030.419418953248
22019,39.7241177906168,600.3799999997359,6030.4835735224315
22020,39.7241177906168,600.3999999997359,6030.547726649287
22021,39.7241177906168,600.4199999997359,6030.611878333744
22022,39.7241177906168,600.4399999997358,6030.676028575733
22023,39.7241177906168,600.4599999997358,6030.740177375183
22024,39.7241177906168,600.4799999997358,6030.804324732023
22025,39.7241177906168,600.4999999997358,6030.868470646184
22026,39.7241177906168,600.5199999997358,6030.932615121378
22027,39.7241177906168,600.5399999997358,6030.996758161529
22028,39.7241177906168,600.5599999997357,6031.06089976659
22029,39.7241177906168,600.5799999997357,6031.125039936491
22030,39.7241177906168,600.5999999997357,6031.189178671161
22031,39.7241177906168,600.6199999997357,6031.253315970532
22032,39.7241177906168,600.6399999997357,6031.317451834532
22033,39.7241177906168,600.6599999997356,6031.381586263092
22034,39.7241177906168,600.6799999997356,6031.445719256141
22035,39.7241177906168,600.6999999997356,6031.509850813611
22036,39.7241177906168,600.7199999997356,6031.573980935431
22037,39.7241177906168,600.7399999997356,6031.638109621531
22038,39.7241177906168,600.7599999997356,6031.702236871841
22039,39.7241177906168,600.7799999997355,6031.766362686291
22040,39.7241177906168,600.7999999997355,6031.830487064812
22041,39.7241177906168,600.8199999997355,6031.894610007333
22042,39.7241177906168,600.8399999997355,6031.958731513783
22043,39.7241177906168,600.8599999997355,6032.0228515840945
22044,39.7241177906168,600.8799999997354,6032.086970218196
22045,39.7241177906168,600.8999999997354,6032.1510874160185
22046,39.7241177906168,600.9199999997354,6032.215203177491
22047,39.7241177906168,600.9399999997354,6032.2793175025445
22048,39.7241177906168,600.9599999997354,6032.343430391108
22049,39.7241177906168,600.9799999997354,6032.407541843112
22050,39.7241177906168,600.9999999997353,6032.471651858487
22051,39.7241177906168,601.0199999997353,6032.535760437163
22052,39.7241177906168,601.0399999997353,6032.59986757907
22053,39.7241177906168,601.0599999997353,6032.663973284137
22054,39.7241177906168,601.0799999997353,6032.728077552295
22055,39.7241177906168,601.0999999997352,6032.792180383474
22056,39.7241177906168,601.1199999997352,6032.856281777605
22057,39.7241177906168,601.1399999997352,6032.920381734616
22058,39.7241177906168,601.1599999997352,6032.9844802544385
22059,39.7241177906168,601.1799999997352,6033.048577337002
22060,39.7241177906168,601.1999999997352,6033.112672982237
22061,39.7241177906168,601.2199999997351,6033.176767190073
22062,39.7241177906168,601.2399999997351,6033.240859960441
22063,39.7241177906168,601.2599999997351,6033.30495129327
22064,39.7241177906168,601.2799999997351,6033.369041188491
22065,39.7241177906168,601.2999999997351,6033.433129646033
22066,39.7241177906168,601.319999999735,6033.497216665827
22067,39.7241177906168,601.339999999735,6033.561302247803
22068,39.7241177906168,601.359999999735,6033.62538639189
22069,39.7241177906168,601.379999999735,6033.68946909802
22070,39.7241177906168,601.399999999735,6033.753550366121
22071,39.7241177906168,601.419999999735,6033.817630196125
22072,39.7241177906168,601.4399999997349,6033.88170858796
22073,39.7241177906168,601.4599999997349,6033.945785541558
22074,39.7241177906168,601.4799999997349,6034.0098610568475
22075,39.7241177906168,601.4999999997349,6034.07393513376
22076,39.7241177906168,601.5199999997349,6034.138007772295
22077,39.7241177906168,601.5399999997348,6034.202078976678
22078,39.7241177906168,601.5599999997348,6034.266148750497
22079,39.7241177906168,601.5799999997348,6034.330217093684
22080,39.7241177906168,601.5999999997348,6034.394284006167
22081,39.7241177906168,601.6199999997348,6034.458349487879
22082,39.7241177906168,601.6399999997348,6034.522413538749
22083,39.7241177906168,601.6599999997347,6034.586476158709
22084,39.7241177906168,601.6799999997347,6034.650537347688
22085,39.7241177906168,601.6999999997347,6034.714597105619
22086,39.7241177906168,601.7199999997347,6034.778655432431
22087,39.7241177906168,601.7399999997347,6034.842712328055
22088,39.7241177906168,601.7599999997346,6034.906767792422
22089,39.7241177906168,601.7799999997346,6034.970821825462
22090,39.7241177906168,601.7999999997346,6035.034874427106
22091,39.7241177906168,601.8199999997346,6035.0989255972845
22092,39.7241177906168,601.8399999997346,6035.162975335928
22093,39.7241177906168,601.8599999997346,6035.227023642968
22094,39.7241177906168,601.8799999997345,6035.291070518334
22095,39.7241177906168,601.8999999997345,6035.355115961957
22096,39.7241177906168,601.9199999997345,6035.419159973769
22097,39.7241177906168,601.9399999997345,6035.483202553699
22098,39.7241177906168,601.9599999997345,6035.547243701678
22099,39.7241177906168,601.9799999997344,6035.611283417637
22100,39.7241177906168,601.9999999997344,6035.6753217015075
22101,39.7241177906168,602.0199999997344,6035.739358553219
22102,39.7241177906168,602.0399999997344,6035.803393972702
22103,39.7241177906168,602.0599999997344,6035.867427959888
22104,39.66457602463144,602.0799999997344,6035.931460514707
22105,39.66457602463144,602.0999999997343,6035.995491637091
22106,39.66457602463144,602.1199999997343,6036.059521326968
22107,39.66457602463144,602.1399999997343,6036.123549584271
22108,39.66457602463144,602.1599999997343,6036.18757640893
22109,39.66457602463144,602.1799999997343,6036.2516018008755
22110,39.66457602463144,602.1999999997342,6036.3156257600385
22111,39.66457602463144,602.2199999997342,6036.37964828635
22112,39.66457602463144,602.2399999997342,6036.44366937974
22113,39.66457602463144,602.2599999997342,6036.507689040139
22114,39.66457602463144,602.2799999997342,6036.571707267478
22115,39.66457602463144,602.2999999997342,6036.635724061688
22116,39.66457602463144,602.3199999997341,6036.699739422699
22117,39.66457602463144,602.3399999997341,6036.763753350443
22118,39.66457602463144,602.3599999997341,6036.82776584485
22119,39.66457602463144,602.3799999997341,6036.891776905849
22120,39.66457602463144,602.3999999997341,6036.955786533373
22121,39.66457602463144,602.419999999734,6037.019794727352
22122,39.66457602463144,602.439999999734,6037.083801487716
22123,39.66457602463144,602.459999999734,6037.147806814397
22124,39.66457602463144,602.479999999734,6037.211810707325
22125,39.66457602463144,602.499999999734,6037.2758131664295
22126,39.66457602463144,602.519999999734,6037.339814191643
22127,39.66457602463144,602.5399999997339,6037.40381378305
22128,39.66457602463144,602.5599999997339,6037.4678119449645
22129,39.66457602463144,602.5799999997339,6037.531808680304
22130,39.66457602463144,602.5999999997339,6037.595803988999
22131,39.66457602463144,602.6199999997339,6037.659797870982
22132,39.66457602463144,602.6399999997338,6037.723790326184
22133,39.66457602463144,602.6599999997338,6037.787781354535
22134,39.66457602463144,602.6799999997338,6037.851770955967
22135,39.66457602463144,602.6999999997338,6037.915759130412
22136,39.66457602463144,602.7199999997338,6037.9797458778
22137,39.66457602463144,602.7399999997338,6038.043731198064
22138,39.66457602463144,602.7599999997337,6038.107715091134
22139,39.66457602463144,602.7799999997337,6038.171697556942
22140,39.66457602463144,602.7999999997337,6038.235678595418
22141,39.66457602463144,602.8199999997337,6038.299658206494
22142,39.66457602463144,602.8399999997337,6038.363636390102
22143,39.66457602463144,602.8599999997336,6038.427613146173
22144,39.66457602463144,602.8799999997336,6038.491588474638
22145,39.66457602463144,602.8999999997336,6038.555562375428
22146,39.66457602463144,602.9199999997336,6038.619534848474
22147,39.66457602463144,602.9399999997336,6038.683505893709
22148,39.66457602463144,602.9599999997336,6038.7474755110625
22149,39.66457602463144,602.9799999997335,6038.811443700467
22150,39.66457602463144,602.9999999997335,6038.875410461853
22151,39.66457602463144,603.0199999997335,6038.939375795152
22152,39.66457602463144,603.0399999997335,6039.003339700295
22153,39.66457602463144,603.0599999997335,6039.0673021772145
22154,39.66457602463144,603.0799999997334,6039.1312632258405
22155,39.66457602463144,603.0999999997334,6039.195222846105
22156,39.66457602463144,603.1199999997334,6039.259181037939
22157,39.66457602463144,603.1399999997334,6039.323137801274
22158,39.66457602463144,603.1599999997334,6039.387093136042
22159,39.66457602463144,603.1799999997334,6039.451047042172
22160,39.66457602463144,603.1999999997333,6039.514999519597
22161,39.66457602463144,603.2199999997333,6039.578950568249
22162,39.66457602463144,603.2399999997333,6039.642900188058
22163,39.66457602463144,603.2599999997333,6039.706848378955
22164,39.66457602463144,603.2799999997333,6039.770795140873
22165,39.66457602463144,603.2999999997332,6039.834740473742
22166,39.66457602463144,603.3199999997332,6039.898684377494
22167,39.66457602463144,603.3399999997332,6039.96262685206
22168,39.66457602463144,603.3599999997332,6040.026567897403
22169,39.66457602463144,603.3799999997332,6040.090507513811
22170,39.66457602463144,603.3999999997332,6040.154445701284
22171,39.66457602463144,603.4199999997331,6040.218382459753
22172,39.66457602463144,603.4399999997331,6040.282317789149
22173,39.66457602463144,603.4599999997331,6040.3462516894
22174,39.66457602463144,603.4799999997331,6040.410184160437
22175,39.66457602463144,603.4999999997331,6040.474115202191
22176,39.66457602463144,603.519999999733,6040.538044814592
22177,39.66457602463144,603.539999999733,6040.601972997569
22178,39.66457602463144,603.559999999733,6040.665899751302
22179,39.66457602463144,603.579999999733,6040.7298250805725
22180,39.66457602463144,603.599999999733,6040.793748987912
22181,39.66457602463144,603.619999999733,6040.857671473253
22182,39.66457602463144,603.6399999997329,6040.921592536523
22183,39.66457602463144,603.6599999997329,6040.9855121776545
22184,39.66457602463144,603.6799999997329,6041.049430396577
22185,39.66457602463144,603.6999999997329,6041.113347193221
22186,39.66457602463144,603.7199999997329,6041.177262567516
22187,39.66457602463144,603.7399999997328,6041.241176519392
22188,39.66457602463144,603.7599999997328,6041.30508904878
22189,39.66457602463144,603.7799999997328,6041.369000155611
22190,39.66457602463144,603.7999999997328,6041.432909839814
22191,39.66457602463144,603.8199999997328,6041.496818101319
22192,39.66457602463144,603.8399999997328,6041.560724940057
22193,39.66457602463144,603.8599999997327,6041.624630355959
22194,39.66457602463144,603.8799999997327,6041.688534348954
22195,39.66457602463144,603.8999999997327,6041.752436918972
22196,39.66457602463144,603.9199999997327,6041.816338065944
22197,39.66457602463144,603.9399999997327,6041.880237789801
22198,39.66457602463144,603.9599999997326,6041.944136090472
22199,39.66457602463144,603.9799999997326,6042.008032967888
22200,39.66457602463144,603.9999999997326,6042.071928421979
22201,39.66457602463144,604.0199999997326,6042.135822452674
22202,39.66457602463144,604.0399999997326,6042.199715059905
22203,39.66457602463144,604.0599999997326,6042.263606243602
22204,39.66457602463144,604.0799999997325,6042.327496003695
22205,39.66457602463144,604.0999999997325,6042.391384340114
22206,39.66457602463144,604.1199999997325,6042.455271252789
22207,39.66457602463144,604.1399999997325,6042.519156741651
22208,39.66457602463144,604.1599999997325,6042.58304080663
22209,39.66457602463144,604.1799999997324,6042.646923447657
22210,39.66457602463144,604.1999999997324,6042.710804664661
22211,39.66457602463144,604.2199999997324,6042.774684457573
22212,39.66457602463144,604.2399999997324,6042.838562826323
22213,39.66457602463144,604.2599999997324,6042.902439770842
22214,39.66457602463144,604.2799999997324,6042.966315291059
22215,39.66457602463144,604.2999999997323,6043.030189386905
22216,39.66457602463144,604.3199999997323,6043.09406205831
22217,39.66457602463144,604.3399999997323,6043.157933305204
22218,39.66457602463144,604.3599999997323,6043.221803127519
22219,39.66457602463144,604.3799999997323,6043.285671525183
22220,39.66457602463144,604.3999999997322,6043.349538498127
22221,39.66457602463144,604.4199999997322,6043.413404046282
22222,39.66457602463144,604.4399999997322,6043.477268169579
22223,39.66457602463144,604.4599999997322,6043.541130867946
22224,39.66457602463144,604.4799999997322,6043.604992141314
22225,39.66457602463144,604.4999999997322,6043.668851989614
22226,39.66457602463144,604.5199999997321,6043.732710412776
22227,39.66457602463144,604.5399999997321,6043.796567410731
22228,39.66457602463144,604.5599999997321,6043.860422983408
22229,39.66457602463144,604.5799999997321,6043.924277131087
22230,39.66457602463144,604.5999999997321,6043.988129859045
22231,39.66457602463144,604.619999999732,6044.051981169416
22232,39.66457602463144,604.639999999732,6044.115831062129
22233,39.66457602463144,604.659999999732,6044.179679537114
22234,39.66457602463144,604.679999999732,6044.243526594302
22235,39.66457602463144,604.699999999732,6044.307372233623
22236,39.66457602463144,604.719999999732,6044.371216455007
22237,39.66457602463144,604.7399999997319,6044.435059258383
22238,39.66457602463144,604.7599999997319,6044.498900643682
22239,39.66457602463144,604.7799999997319,6044.562740610833
22240,39.66457602463144,604.7999999997319,6044.626579159767
22241,39.66457602463144,604.8199999997319,6044.690416290414
22242,39.66457602463144,604.8399999997318,6044.754252002703
22243,39.66457602463144,604.8599999997318,6044.818086296565
22244,39.66457602463144,604.8799999997318,6044.881919171929
22245,39.66457602463144,604.8999999997318,6044.945750628726
22246,39.66457602463144,604.9199999997318,6045.009580666886
22247,39.66457602463144,604.9399999997318,6045.073409286339
22248,39.66457602463144,604.9599999997317,6045.137236487014
22249,39.66457602463144,604.9799999997317,6045.201062268841
22250,39.66457602463144,604.9999999997317,6045.264886631751
22251,39.66457602463144,605.0199999997317,6045.328709575674
22252,39.66457602463144,605.0399999997317,6045.39253110054
22253,39.66457602463144,605.0599999997316,6045.456351206278
22254,39.66457602463144,605.0799999997316,6045.520169892819
22255,39.66457602463144,605.0999999997316,6045.583987160092
22256,39.66457602463144,605.1199999997316,6045.647803008029
22257,39.66457602463144,605.1399999997316,6045.711617436558
22258,39.66457602463144,605.1599999997316,6045.77543044561
22259,39.66457602463144,605.1799999997315,6045.839242035115
22260,39.66457602463144,605.1999999997315,6045.9030522050025
22261,39.66457602463144,605.2199999997315,6045.966860955203
22262,39.66457602463144,605.2399999997315,6046.030668285646
22263,39.66457602463144,605.2599999997315,6046.094474196262
22264,39.66457602463144,605.2799999997314,6046.158278686981
22265,39.66457602463144,605.2999999997314,6046.222081757733
22266,39.66457602463144,605.3199999997314,6046.285883408447
22267,39.66457602463144,605.3399999997314,6046.349683639055
22268,39.66457602463144,605.3599999997314,6046.413482449486
22269,39.66457602463144,605.3799999997314,6046.477279839669
22270,39.60518285362662,605.3999999997313,6046.541075809535
22271,39.60518285362662,605.4199999997313,6046.604870359014
22272,39.60518285362662,605.4399999997313,6046.668663488037
22273,39.60518285362662,605.4599999997313,6046.732455196533
22274,39.60518285362662,605.4799999997313,6046.796245484432
22275,39.60518285362662,605.4999999997312,6046.860034351664
22276,39.60518285362662,605.5199999997312,6046.923821798159
22277,39.60518285362662,605.5399999997312,6046.987607823848
22278,39.60518285362662,605.5599999997312,6047.051392428659
22279,39.60518285362662,605.5799999997312,6047.115175612524
22280,39.60518285362662,605.5999999997312,6047.17895737579
22281,39.60518285362662,605.6199999997311,6047.242737723786
22282,39.60518285362662,605.6399999997311,6047.306516658087
22283,39.60518285362662,605.6599999997311,6047.370294178623
22284,39.60518285362662,605.6799999997311,6047.434070285326
22285,39.60518285362662,605.6999999997311,6047.4978449781265
22286,39.60518285362662,605.719999999731,6047.561618256957
22287,39.60518285362662,605.739999999731,6047.625390121749
22288,39.60518285362662,605.759999999731,6047.689160572433
22289,39.60518285362662,605.779999999731,6047.7529296089415
22290,39.60518285362662,605.799999999731,6047.816697231206
22291,39.60518285362662,605.819999999731,6047.880463439157
22292,39.60518285362662,605.8399999997309,6047.944228232727
22293,39.60518285362662,605.8599999997309,6048.0079916118475
22294,39.60518285362662,605.8799999997309,6048.07175357645
22295,39.60518285362662,605.8999999997309,6048.135514126465
22296,39.60518285362662,605.9199999997309,6048.199273261825
22297,39.60518285362662,605.9399999997308,6048.263030982461
22298,39.60518285362662,605.9599999997308,6048.326787288305
22299,39.60518285362662,605.9799999997308,6048.390542179289
22300,39.60518285362662,605.9999999997308,6048.454295655343
22301,39.60518285362662,606.0199999997308,6048.518047716399
22302,39.60518285362662,606.0399999997308,6048.581798362389
22303,39.60518285362662,606.0599999997307,6048.645547593244
22304,39.60518285362662,606.0799999997307,6048.709295408897
22305,39.60518285362662,606.0999999997307,6048.773041809277
22306,39.60518285362662,606.1199999997307,6048.836786794317
22307,39.60518285362662,606.1399999997307,6048.900530363949
22308,39.60518285362662,606.1599999997306,6048.964272518103
22309,39.60518285362662,606.1799999997306,6049.028013256712
22310,39.60518285362662,606.1999999997306,6049.091752579707
22311,39.60518285362662,606.2199999997306,6049.155490487019
22312,39.60518285362662,606.2399999997306,6049.21922697858
22313,39.60518285362662,606.2599999997306,6049.282962054322
22314,39.60518285362662,606.2799999997305,6049.346695714175
22315,39.60518285362662,606.2999999997305,6049.410427958072
22316,39.60518285362662,606.3199999997305,6049.474158785944
22317,39.60518285362662,606.3399999997305,6049.537888197723
22318,39.60518285362662,606.3599999997305,6049.60161619334
22319,39.60518285362662,606.3799999997304,6049.665342772727
22320,39.60518285362662,606.3999999997304,6049.729067935815
22321,39.60518285362662,606.4199999997304,6049.792791682535
22322,39.60518285362662,606.4399999997304,6049.856514012819
22323,39.60518285362662,606.4599999997304,6049.9202349266
22324,39.60518285362662,606.4799999997304,6049.9839544238075
22325,39.60518285362662,606.4999999997303,6050.047672504521
22326,39.60518285362662,606.5199999997303,6050.111389169011
22327,39.60518285362662,606.5399999997303,6050.175104417233
22328,39.60518285362662,606.5599999997303,6050.23881824912
22329,39.60518285362662,606.5799999997303,6050.302530664605
22330,39.60518285362662,606.5999999997302,6050.366241663621
22331,39.60518285362662,606.6199999997302,6050.429951246613
22332,39.60518285362662,606.6399999997302,6050.493659419336
22333,39.60518285362662,606.6599999997302,6050.557366182937
22334,39.60518285362662,606.6799999997302,6050.621071537348
22335,39.60518285362662,606.6999999997302,6050.684775482502
22336,39.60518285362662,606.7199999997301,6050.74847801833
22337,39.60518285362662,606.7399999997301,6050.812179144766
22338,39.60518285362662,606.7599999997301,6050.875878861739
22339,39.60518285362662,606.7799999997301,6050.9395771691825
22340,39.60518285362662,606.7999999997301,6051.003274067029
22341,39.60518285362662,606.81999999973,6051.0669695552115
22342,39.60518285362662,606.83999999973,6051.13066363366
22343,39.60518285362662,606.85999999973,6051.194356302308
22344,39.60518285362662,606.87999999973,6051.258047561087
22345,39.60518285362662,606.89999999973,6051.321737409928
22346,39.60518285362662,606.91999999973,6051.3854258487645
22347,39.60518285362662,606.9399999997299,6051.449112877528
22348,39.60518285362662,606.9599999997299,6051.512798496151
22349,39.60518285362662,606.9799999997299,6051.576482704565
22350,39.60518285362662,606.9999999997299,6051.640165502703
22351,39.60518285362662,607.0199999997299,6051.703846890496
22352,39.60518285362662,607.0399999997298,6051.767526867877
22353,39.60518285362662,607.0599999997298,6051.831205434777
22354,39.60518285362662,607.0799999997298,6051.894882591129
22355,39.60518285362662,607.0999999997298,6051.958558336865
22356,39.60518285362662,607.1199999997298,6052.022232671917
22357,39.60518285362662,607.1399999997298,6052.085905596216
22358,39.60518285362662,607.1599999997297,6052.149577109695
22359,39.60518285362662,607.1799999997297,6052.213247212287
22360,39.60518285362662,607.1999999997297,6052.276915903922
22361,39.60518285362662,607.2199999997297,6052.340583184533
22362,39.60518285362662,607.2399999997297,6052.404249054052
22363,39.60518285362662,607.2599999997296,6052.467913512412
22364,39.60518285362662,607.2799999997296,6052.531576559545
22365,39.60518285362662,607.2999999997296,6052.595238195382
22366,39.60518285362662,607.3199999997296,6052.658898419856
22367,39.60518285362662,607.3399999997296,6052.722557232898
22368,39.60518285362662,607.3599999997296,6052.786214634441
22369,39.60518285362662,607.3799999997295,6052.849870624417
22370,39.60518285362662,607.3999999997295,6052.913525202758
22371,39.60518285362662,607.4199999997295,6052.977178369396
22372,39.60518285362662,607.4399999997295,6053.040830124262
22373,39.60518285362662,607.4599999997295,6053.10448046729
22374,39.60518285362662,607.4799999997294,6053.168129398411
22375,39.60518285362662,607.4999999997294,6053.231776917558
22376,39.60518285362662,607.5199999997294,6053.295423024662
22377,39.60518285362662,607.5399999997294,6053.359067719656
22378,39.60518285362662,607.5599999997294,6053.422711002471
22379,39.60518285362662,607.5799999997294,6053.48635287304
22380,39.60518285362662,607.5999999997293,6053.549993331295
22381,39.60518285362662,607.6199999997293,6053.613632377168
22382,39.60518285362662,607.6399999997293,6053.677270011199
22383,39.60518285362662,607.6599999997293,6053.740906239574
22384,39.60518285362662,607.6799999997293,6053.804541063004
22385,39.60518285362662,607.6999999997292,6053.86817448142
22386,39.60518285362662,607.7199999997292,6053.931806494756
22387,39.60518285362662,607.7399999997292,6053.995437102941
22388,39.60518285362662,607.7599999997292,6054.0590663059065
22389,39.60518285362662,607.7799999997292,6054.122694103585
22390,39.60518285362662,607.7999999997292,6054.186320495907
22391,39.60518285362662,607.8199999997291,6054.249945482806
22392,39.60518285362662,607.8399999997291,6054.313569064211
22393,39.60518285362662,607.8599999997291,6054.377191240055
22394,39.60518285362662,607.8799999997291,6054.44081201027
22395,39.60518285362662,607.8999999997291,6054.504431374786
22396,39.60518285362662,607.919999999729,6054.568049333535
22397,39.60518285362662,607.939999999729,6054.631665886448
22398,39.60518285362662,607.959999999729,6054.695281033457
22399,39.60518285362662,607.979999999729,6054.7588947744935
22400,39.60518285362662,607.999999999729,6054.822507109489
22401,39.60518285362662,608.019999999729,6054.886118038376
22402,39.60518285362662,608.0399999997289,6054.949727561084
22403,39.60518285362662,608.0599999997289,6055.013335677545
22404,39.60518285362662,608.0799999997289,6055.076942387691
22405,39.60518285362662,608.0999999997289,6055.140547691453
22406,39.60518285362662,608.1199999997289,6055.204151588763
22407,39.60518285362662,608.1399999997288,6055.267754079552
22408,39.60518285362662,608.1599999997288,6055.331355163752
22409,39.60518285362662,608.1799999997288,6055.394954841295
22410,39.60518285362662,608.1999999997288,6055.458553112111
22411,39.60518285362662,608.2199999997288,6055.522149976133
22412,39.60518285362662,608.2399999997288,6055.585745433291
22413,39.60518285362662,608.2599999997287,6055.649339483517
22414,39.60518285362662,608.2799999997287,6055.712932126743
22415,39.60518285362662,608.2999999997287,6055.776523362901
22416,39.60518285362662,608.3199999997287,6055.840113191921
22417,39.60518285362662,608.3399999997287,6055.903701613735
22418,39.60518285362662,608.3599999997286,6055.967288628275
22419,39.60518285362662,608.3799999997286,6056.030874235472
22420,39.60518285362662,608.3999999997286,6056.094458435257
22421,39.60518285362662,608.4199999997286,6056.158041227563
22422,39.60518285362662,608.4399999997286,6056.221622612321
22423,39.60518285362662,608.4599999997286,6056.285202589462
22424,39.60518285362662,608.4799999997285,6056.3487811589175
22425,39.60518285362662,608.4999999997285,6056.412358320619
22426,39.60518285362662,608.5199999997285,6056.475934074499
22427,39.60518285362662,608.5399999997285,6056.539508420487
22428,39.60518285362662,608.5599999997285,6056.603081358517
22429,39.60518285362662,608.5799999997284,6056.666652888518
22430,39.60518285362662,608.5999999997284,6056.730223010423
22431,39.60518285362662,608.6199999997284,6056.793791724163
22432,39.60518285362662,608.6399999997284,6056.85735902967
22433,39.60518285362662,608.6599999997284,6056.920924927833
22434,39.60518285362662,608.6799999997284,6056.9844894247935
22435,39.60518285362662,608.6999999997283,6057.048052521069
22436,39.54593775894415,608.7199999997283,6057.11161421659
22437,39.54593775894415,608.7399999997283,6057.175174511292
22438,39.54593775894415,608.7599999997283,6057.238733405107
22439,39.54593775894415,608.7799999997283,6057.302290897968
22440,39.54593775894415,608.7999999997282,6057.365846989808
22441,39.54593775894415,608.8199999997282,6057.42940168056
22442,39.54593775894415,608.8399999997282,6057.492954970156
22443,39.54593775894415,608.8599999997282,6057.556506858529
22444,39.54593775894415,608.8799999997282,6057.620057345613
22445,39.54593775894415,608.8999999997282,6057.683606431339
22446,39.54593775894415,608.9199999997281,6057.747154115643
22447,39.54593775894415,608.9399999997281,6057.810700398455
22448,39.54593775894415,608.9599999997281,6057.87424527971
22449,39.54593775894415,608.9799999997281,6057.937788759339
22450,39.54593775894415,608.9999999997281,6058.001330837276
22451,39.54593775894415,609.019999999728,6058.064871513455
22452,39.54593775894415,609.039999999728,6058.128410787807
22453,39.54593775894415,609.059999999728,6058.191948660266
22454,39.54593775894415,609.079999999728,6058.255485130764
22455,39.54593775894415,609.099999999728,6058.319020199235
22456,39.54593775894415,609.119999999728,6058.382553865611
22457,39.54593775894415,609.1399999997279,6058.446086129826
22458,39.54593775894415,609.1599999997279,6058.5096169918115
22459,39.54593775894415,609.1799999997279,6058.573146451501
22460,39.54593775894415,609.1999999997279,6058.636674508828
22461,39.54593775894415,609.2199999997279,6058.700201163725
22462,39.54593775894415,609.2399999997278,6058.763726416125
22463,39.54593775894415,609.2599999997278,6058.827250265961
22464,39.54593775894415,609.2799999997278,6058.8907727131655
22465,39.54593775894415,609.2999999997278,6058.954293757672
22466,39.54593775894415,609.3199999997278,6059.017813399413
22467,39.54593775894415,609.3399999997278,6059.081331638322
22468,39.54593775894415,609.3599999997277,6059.144848474331
22469,39.54593775894415,609.3799999997277,6059.208363907374
22470,39.54593775894415,609.3999999997277,6059.271877937384
22471,39.54593775894415,609.4199999997277,6059.3353905642925
22472,39.54593775894415,609.4399999997277,6059.398901788033
22473,39.54593775894415,609.4599999997276,6059.462411608539
22474,39.54593775894415,609.4799999997276,6059.525920025743
22475,39.54593775894415,609.4999999997276,6059.589427039578
22476,39.54593775894415,609.5199999997276,6059.652932649978
22477,39.54593775894415,609.5399999997276,6059.716436856874
22478,39.54593775894415,609.5599999997276,6059.7799396602
22479,39.54593775894415,609.5799999997275,6059.843441059889
22480,39.54593775894415,609.5999999997275,6059.906941055874
22481,39.54593775894415,609.6199999997275,6059.970439648087
22482,39.54593775894415,609.6399999997275,6060.033936836512
22483,39.54593775894415,609.6599999997275,6060.097432621434
22484,39.54593775894415,609.6799999997274,6060.160927004146
22485,39.54593775894415,609.6999999997274,6060.22441999007
22486,39.54593775894415,609.7199999997274,6060.287911579598
22487,39.54593775894415,609.7399999997274,6060.351401772662
22488,39.54593775894415,609.7599999997274,6060.414890569195
22489,39.54593775894415,609.7799999997274,6060.478377969129
22490,39.54593775894415,609.7999999997273,6060.541863972395
22491,39.54593775894415,609.8199999997273,6060.605348578925
22492,39.54593775894415,609.8399999997273,6060.668831788652
22493,39.54593775894415,609.8599999997273,6060.732313601507
22494,39.54593775894415,609.8799999997273,6060.795794017421
22495,39.54593775894415,609.8999999997272,6060.859273036327
22496,39.54593775894415,609.9199999997272,6060.9227506581565
22497,39.54593775894415,609.9399999997272,6060.986226882842
22498,39.54593775894415,609.9599999997272,6061.049701710314
22499,39.54593775894415,609.9799999997272,6061.113175140506
22500,39.54593775894415,609.9999999997272,6061.17664717335
22501,39.54593775894415,610.0199999997271,6061.240117808777
22502,39.54593775894415,610.0399999997271,6061.303587046718
22503,39.54593775894415,610.0599999997271,6061.367054887107
22504,39.54593775894415,610.0799999997271,6061.430521329874
22505,39.54593775894415,610.0999999997271,6061.493986374952
22506,39.54593775894415,610.119999999727,6061.557450022274
22507,39.54593775894415,610.139999999727,6061.620912271769
22508,39.54593775894415,610.159999999727,6061.684373123371
22509,39.54593775894415,610.179999999727,6061.747832577012
22510,39.54593775894415,610.199999999727,6061.811290632622
22511,39.54593775894415,610.219999999727,6061.874747290135
22512,39.54593775894415,610.2399999997269,6061.938202549482
22513,39.54593775894415,610.2599999997269,6062.001656410595
22514,39.54593775894415,610.2799999997269,6062.065108873407
22515,39.54593775894415,610.2999999997269,6062.128559937847
22516,39.54593775894415,610.3199999997269,6062.192009603849
22517,39.54593775894415,610.3399999997268,6062.255457871345
22518,39.54593775894415,610.3599999997268,6062.3189047402675
22519,39.54593775894415,610.3799999997268,6062.382350210547
22520,39.54593775894415,610.3999999997268,6062.4457942821155
22521,39.54593775894415,610.4199999997268,6062.509236954906
22522,39.54593775894415,610.4399999997268,6062.572678228849
22523,39.54593775894415,610.4599999997267,6062.636118103877
22524,39.54593775894415,610.4799999997267,6062.6995565799225
22525,39.54593775894415,610.4999999997267,6062.762993656917
22526,39.54593775894415,610.5199999997267,6062.826429334793
22527,39.54593775894415,610.5399999997267,6062.889863613481
22528,39.54593775894415,610.5599999997266,6062.953296492914
22529,39.54593775894415,610.5799999997266,6063.016727973024
22530,39.54593775894415,610.5999999997266,6063.080158053743
22531,39.54593775894415,610.6199999997266,6063.143586735002
22532,39.54593775894415,610.6399999997266,6063.207014016733
22533,39.54593775894415,610.6599999997266,6063.270439898869
22534,39.54593775894415,610.6799999997265,6063.333864381341
22535,39.54593775894415,610.6999999997265,6063.39728746589
22536,39.54593775894415,610.7199999997265,6063.460709157741
22537,39.54593775894415,610.7399999997265,6063.524129457212
22538,39.54593775894415,610.7599999997265,6063.587548364237
22539,39.54593775894415,610.7799999997264,6063.650965878746
22540,39.54593775894415,610.7999999997264,6063.714382000674
22541,39.54593775894415,610.8199999997264,6063.777796729952
22542,39.54593775894415,610.8399999997264,6063.841210066512
22543,39.54593775894415,610.8599999997264,6063.904622010286
22544,39.54593775894415,610.8799999997264,6063.968032561208
22545,39.54593775894415,610.8999999997263,6064.031441719209
22546,39.54593775894415,610.9199999997263,6064.094849484221
22547,39.54593775894415,610.9399999997263,6064.158255856178
22548,39.54593775894415,610.9599999997263,6064.22166083501
22549,39.54593775894415,610.9799999997263,6064.285064420651
22550,39.54593775894415,610.9999999997262,6064.3484666130325
22551,39.54593775894415,611.0199999997262,6064.411867412086
22552,39.54593775894415,611.0399999997262,6064.475266817746
22553,39.54593775894415,611.0599999997262,6064.538664829943
22554,39.54593775894415,611.0799999997262,6064.60206144861
22555,39.54593775894415,611.0999999997262,6064.665456673678
22556,39.54593775894415,611.1199999997261,6064.728850505081
22557,39.54593775894415,611.1399999997261,6064.792242942751
22558,39.54593775894415,611.1599999997261,6064.855633986619
22559,39.54593775894415,611.1799999997261,6064.919023636619
22560,39.54593775894415,611.1999999997261,6064.982411892683
22561,39.54593775894415,611.219999999726,6065.045798754742
22562,39.54593775894415,611.239999999726,6065.109184222729
22563,39.54593775894415,611.259999999726,6065.172568296576
22564,39.54593775894415,611.279999999726,6065.235950976216
22565,39.54593775894415,611.299999999726,6065.299332261582
22566,39.54593775894415,611.319999999726,6065.362712152605
22567,39.54593775894415,611.3399999997259,6065.426090649217
22568,39.54593775894415,611.3599999997259,6065.489467751352
22569,39.54593775894415,611.3799999997259,6065.5528434589405
22570,39.54593775894415,611.3999999997259,6065.616217771916
22571,39.54593775894415,611.4199999997259,6065.679590690211
22572,39.54593775894415,611.4399999997258,6065.742962213756
22573,39.54593775894415,611.4599999997258,6065.806332342485
22574,39.54593775894415,611.4799999997258,6065.86970107633
22575,39.54593775894415,611.4999999997258,6065.933068415223
22576,39.54593775894415,611.5199999997258,6065.9964343590955
22577,39.54593775894415,611.5399999997258,6066.0597989078815
22578,39.54593775894415,611.5599999997257,6066.123162061513
22579,39.54593775894415,611.5799999997257,6066.186523819921
22580,39.54593775894415,611.5999999997257,6066.249884183038
22581,39.54593775894415,611.6199999997257,6066.313243150798
22582,39.54593775894415,611.6399999997257,6066.3766007231325
22583,39.54593775894415,611.6599999997256,6066.439956899973
22584,39.54593775894415,611.6799999997256,6066.503311681253
22585,39.54593775894415,611.6999999997256,6066.566665066904
22586,39.54593775894415,611.7199999997256,6066.630017059167
22587,39.54593775894415,611.7399999997256,6066.693367663042
22588,39.54593775894415,611.7599999997256,6066.75671687877
22589,39.54593775894415,611.7799999997255,6066.820064706283
22590,39.54593775894415,611.7999999997255,6066.883411145515
22591,39.54593775894415,611.8199999997255,6066.9467561964
22592,39.54593775894415,611.8399999997255,6067.0100998588705
22593,39.54593775894415,611.8599999997255,6067.07344213286
22594,39.54593775894415,611.8799999997254,6067.136783018301
22595,39.54593775894415,611.8999999997254,6067.200122515127
22596,39.54593775894415,611.9199999997254,6067.263460623271
22597,39.54593775894415,611.9399999997254,6067.326797342667
22598,39.54593775894415,611.9599999997254,6067.390132673248
22599,39.54593775894415,611.9799999997254,6067.4534666149475
22600,39.54593775894415,611.9999999997253,6067.516799167698
22601,39.54593775894415,612.0199999997253,6067.580130331434
22602,39.54593775894415,612.0399999997253,6067.643460106087
22603,39.48684022425106,612.0599999997253,6067.706788491592
22604,39.48684022425106,612.0799999997253,6067.770115487881
22605,39.48684022425106,612.0999999997252,6067.833441094888
22606,39.48684022425106,612.1199999997252,6067.896765312546
22607,39.48684022425106,612.1399999997252,6067.960088140789
22608,39.48684022425106,612.1599999997252,6068.023409579549
22609,39.48684022425106,612.1799999997252,6068.086729628759
22610,39.48684022425106,612.1999999997252,6068.150048288354
22611,39.48684022425106,612.2199999997251,6068.213365558266
22612,39.48684022425106,612.2399999997251,6068.276681438429
22613,39.48684022425106,612.2599999997251,6068.339995928775
22614,39.48684022425106,612.2799999997251,6068.403309029239
22615,39.48684022425106,612.2999999997251,6068.466620739752
22616,39.48684022425106,612.319999999725,6068.5299310602495
22617,39.48684022425106,612.339999999725,6068.593239990664
22618,39.48684022425106,612.359999999725,6068.656547530929
22619,39.48684022425106,612.379999999725,6068.7198536809765
22620,39.48684022425106,612.399999999725,6068.783158440741
22621,39.48684022425106,612.419999999725,6068.846461810156
22622,39.48684022425106,612.4399999997249,6068.909763789154
22623,39.48684022425106,612.4599999997249,6068.973064377668
22624,39.48684022425106,612.4799999997249,6069.036363575632
22625,39.48684022425106,612.4999999997249,6069.099661382979
22626,39.48684022425106,612.5199999997249,6069.162957799643
22627,39.48684022425106,612.5399999997248,6069.226252825556
22628,39.48684022425106,612.5599999997248,6069.289546460652
22629,39.48684022425106,612.5799999997248,6069.352838704864
22630,39.48684022425106,612.5999999997248,6069.416129558125
22631,39.48684022425106,612.6199999997248,6069.479419020369
22632,39.48684022425106,612.6399999997248,6069.542707091529
22633,39.48684022425106,612.6599999997247,6069.605993771539
22634,39.48684022425106,612.6799999997247,6069.669279060331
22635,39.48684022425106,612.6999999997247,6069.732562957839
22636,39.48684022425106,612.7199999997247,6069.795845463997
22637,39.48684022425106,612.7399999997247,6069.859126581325
22638,39.48684022425106,612.7599999997246,6069.922406314169
22639,39.48684022425106,612.7799999997246,6069.985684662666
22640,39.48684022425106,612.7999999997246,6070.048961626888
22641,39.48684022425106,612.8199999997246,6070.112237207057
22642,39.48684022425106,612.8399999997246,6070.175511403123
22643,39.48684022425106,612.8599999997246,6070.238784215022
22644,39.48684022425106,612.8799999997245,6070.302055642687
22645,39.48684022425106,612.8999999997245,6070.3653256860525
22646,39.48684022425106,612.9199999997245,6070.428594345053
22647,39.48684022425106,612.9399999997245,6070.491861619622
22648,39.48684022425106,612.9599999997245,6070.555127509694
22649,39.48684022425106,612.9799999997244,6070.6183920152025
22650,39.48684022425106,612.9999999997244,6070.681655136083
22651,39.48684022425106,613.0199999997244,6070.744916872268
22652,39.48684022425106,613.0399999997244,6070.808177223693
22653,39.48684022425106,613.0599999997244,6070.871436190291
22654,39.48684022425106,613.0799999997244,6070.934693771997
22655,39.48684022425106,613.0999999997243,6070.997949968745
22656,39.48684022425106,613.1199999997243,6071.061204780469
22657,39.48684022425106,613.1399999997243,6071.124458207103
22658,39.48684022425106,613.1599999997243,6071.187710248581
22659,39.48684022425106,613.1799999997243,6071.250960904838
22660,39.48684022425106,613.1999999997242,6071.3142101758085
22661,39.48684022425106,613.2199999997242,6071.377458061425
22662,39.48684022425106,613.2399999997242,6071.440704561623
22663,39.48684022425106,613.2599999997242,6071.503949676336
22664,39.48684022425106,613.2799999997242,6071.567193405498
22665,39.48684022425106,613.2999999997242,6071.6304357490435
22666,39.48684022425106,613.3199999997241,6071.693676706906
22667,39.48684022425106,613.3399999997241,6071.756916279021
22668,39.48684022425106,613.3599999997241,6071.820154465322
22669,39.48684022425106,613.3799999997241,6071.883391265743
22670,39.48684022425106,613.3999999997241,6071.946626680218
22671,39.48684022425106,613.419999999724,6072.009860708682
22672,39.48684022425106,613.439999999724,6072.073093351068
22673,39.48684022425106,613.459999999724,6072.136324607311
22674,39.48684022425106,613.479999999724,6072.1995544773445
22675,39.48684022425106,613.499999999724,6072.262782961103
22676,39.48684022425106,613.519999999724,6072.32601005852
22677,39.48684022425106,613.5399999997239,6072.389235769531
22678,39.48684022425106,613.5599999997239,6072.45246009407
22679,39.48684022425106,613.5799999997239,6072.515683032071
22680,39.48684022425106,613.5999999997239,6072.578904583467
22681,39.48684022425106,613.6199999997239,6072.642124748194
22682,39.48684022425106,613.6399999997238,6072.705343526185
22683,39.48684022425106,613.6599999997238,6072.768560917374
22684,39.48684022425106,613.6799999997238,6072.831776921696
22685,39.48684022425106,613.6999999997238,6072.894991539084
22686,39.48684022425106,613.7199999997238,6072.958204769473
22687,39.48684022425106,613.7399999997238,6073.021416612797
22688,39.48684022425106,613.7599999997237,6073.084627072088
22689,39.48684022425106,613.7799999997237,6073.147836151463
22690,39.48684022425106,613.7999999997237,6073.211043850978
22691,39.48684022425106,613.8199999997237,6073.274250170567
22692,39.48684022425106,613.8399999997237,6073.337455110164
22693,39.48684022425106,613.8599999997236,6073.400658669703
22694,39.48684022425106,613.8799999997236,6073.463860849119
22695,39.48684022425106,613.8999999997236,6073.527061648345
22696,39.48684022425106,613.9199999997236,6073.590261067316
22697,39.48684022425106,613.9399999997236,6073.653459105965
22698,39.48684022425106,613.9599999997235,6073.716655764228
22699,39.48684022425106,613.9799999997235,6073.779851042037
22700,39.48684022425106,613.9999999997235,6073.843044939328
22701,39.48684022425106,614.0199999997235,6073.906237456034
22702,39.48684022425106,614.0399999997235,6073.9694285920905
22703,39.48684022425106,614.0599999997235,6074.03261834743
22704,39.48684022425106,614.0799999997234,6074.095806721987
22705,39.48684022425106,614.0999999997234,6074.158993715697
22706,39.48684022425106,614.1199999997234,6074.2221793284925
22707,39.48684022425106,614.1399999997234,6074.285363560309
22708,39.48684022425106,614.1599999997234,6074.348546411079
22709,39.48684022425106,614.1799999997233,6074.411727880738
22710,39.48684022425106,614.1999999997233,6074.47490796922
22711,39.48684022425106,614.2199999997233,6074.538086676459
22712,39.48684022425106,614.2399999997233,6074.601264002389
22713,39.48684022425106,614.2599999997233,6074.664439946945
22714,39.48684022425106,614.2799999997233,6074.72761451006
22715,39.48684022425106,614.2999999997232,6074.79078769167
22716,39.48684022425106,614.3199999997232,6074.8539594917065
22717,39.48684022425106,614.3399999997232,6074.917129910105
22718,39.48684022425106,614.3599999997232,6074.980298946801
22719,39.48684022425106,614.3799999997232,6075.043466601726
22720,39.48684022425106,614.3999999997231,6075.106632874817
22721,39.48684022425106,614.4199999997231,6075.169797766005
22722,39.48684022425106,614.4399999997231,6075.232961275227
22723,39.48684022425106,614.4599999997231,6075.296123402416
22724,39.48684022425106,614.4799999997231,6075.3592841475065
22725,39.48684022425106,614.4999999997231,6075.4224435104325
22726,39.48684022425106,614.519999999723,6075.485601491128
22727,39.48684022425106,614.539999999723,6075.548758089528
22728,39.48684022425106,614.559999999723,6075.611913305565
22729,39.48684022425106,614.579999999723,6075.675067139175
22730,39.48684022425106,614.599999999723,6075.738219590291
22731,39.48684022425106,614.619999999723,6075.801370658847
22732,39.48684022425106,614.6399999997229,6075.864520344779
22733,39.48684022425106,614.6599999997229,6075.927668648019
22734,39.48684022425106,614.6799999997229,6075.9908155685025
22735,39.48684022425106,614.6999999997229,6076.053961106163
22736,39.48684022425106,614.7199999997229,6076.117105260935
22737,39.48684022425106,614.7399999997228,6076.180248032753
22738,39.48684022425106,614.7599999997228,6076.243389421551
22739,39.48684022425106,614.7799999997228,6076.30652943089
22740,39.48684022425106,614.7999999997228,6076.369668064639
22741,39.48684022425106,614.8199999997228,6076.432805322766
22742,39.48684022425106,614.8399999997227,6076.495941205206
22743,39.48684022425106,614.8599999997227,6076.559075711891
22744,39.48684022425106,614.8799999997227,6076.622208842756
22745,39.48684022425106,614.8999999997227,6076.685340597734
22746,39.48684022425106,614.9199999997227,6076.748470976758
22747,39.48684022425106,614.9399999997227,6076.811599979763
22748,39.48684022425106,614.9599999997226,6076.874727606682
22749,39.48684022425106,614.9799999997226,6076.937853857449
22750,39.48684022425106,614.9999999997226,6077.000978731998
22751,39.48684022425106,615.0199999997226,6077.064102230262
22752,39.48684022425106,615.0399999997226,6077.127224352174
22753,39.48684022425106,615.0599999997225,6077.19034509767
22754,39.48684022425106,615.0799999997225,6077.253464466681
22755,39.48684022425106,615.0999999997225,6077.316582459142
22756,39.48684022425106,615.1199999997225,6077.379699074987
22757,39.48684022425106,615.1399999997225,6077.442814314149
22758,39.48684022425106,615.1599999997225,6077.505928176562
22759,39.48684022425106,615.1799999997224,6077.569040662159
22760,39.48684022425106,615.1999999997224,6077.632151770875
22761,39.48684022425106,615.2199999997224,6077.695261502642
22762,39.48684022425106,615.2399999997224,6077.758369857395
22763,39.48684022425106,615.2599999997224,6077.821476835068
22764,39.48684022425106,615.2799999997223,6077.884582435593
22765,39.48684022425106,615.2999999997223,6077.947686658905
22766,39.48684022425106,615.3199999997223,6078.010789504937
22767,39.48684022425106,615.3399999997223,6078.073890973624
22768,39.48684022425106,615.3599999997223,6078.136991064898
22769,39.48684022425106,615.3799999997223,6078.200089778694
22770,39.427889735526875,615.3999999997222,6078.263187114944
22771,39.427889735526875,615.4199999997222,6078.326283073584
22772,39.427889735526875,615.4399999997222,6078.3893776545465
22773,39.427889735526875,615.4599999997222,6078.452470857765
22774,39.427889735526875,615.4799999997222,6078.515562683173
22775,39.427889735526875,615.4999999997221,6078.578653130705
22776,39.427889735526875,615.5199999997221,6078.641742200294
22777,39.427889735526875,615.5399999997221,6078.704829891874
22778,39.427889735526875,615.5599999997221,6078.767916205379
22779,39.427889735526875,615.5799999997221,6078.831001140742
22780,39.427889735526875,615.5999999997221,6078.894084697898
22781,39.427889735526875,615.619999999722,6078.9571668767785
22782,39.427889735526875,615.639999999722,6079.020247677319
22783,39.427889735526875,615.659999999722,6079.083327099453
22784,39.427889735526875,615.679999999722,6079.146405143113
22785,39.427889735526875,615.699999999722,6079.209481808234
22786,39.427889735526875,615.719999999722,6079.27255709475
22787,39.427889735526875,615.7399999997219,6079.335631002593
22788,39.427889735526875,615.7599999997219,6079.398703531698
22789,39.427889735526875,615.7799999997219,6079.4617746820495
22790,39.427889735526875,615.7999999997219,6079.524844457311
22791,39.427889735526875,615.8199999997219,6079.587912860682
22792,39.427889735526875,615.8399999997218,6079.650979892096
22793,39.427889735526875,615.8599999997218,6079.7140455514855
22794,39.427889735526875,615.8799999997218,6079.777109838784
22795,39.427889735526875,615.8999999997218,6079.840172753923
22796,39.427889735526875,615.9199999997218,6079.903234296837
22797,39.427889735526875,615.9399999997217,6079.966294467457
22798,39.427889735526875,615.9599999997217,6080.029353265746
22799,39.427889735526875,615.9799999997217,6080.092410691928
22800,39.427889735526875,615.9999999997217,6080.155466745979
22801,39.427889735526875,616.0199999997217,6080.218521427831
22802,39.427889735526875,616.0399999997217,6080.281574737419
22803,39.427889735526875,616.0599999997216,6080.344626674677
22804,39.427889735526875,616.0799999997216,6080.407677239538
22805,39.427889735526875,616.0999999997216,6080.470726431937
22806,39.427889735526875,616.1199999997216,6080.533774251807
22807,39.427889735526875,616.1399999997216,6080.596820699082
22808,39.427889735526875,616.1599999997215,6080.659865773696
22809,39.427889735526875,616.1799999997215,6080.722909475583
22810,39.427889735526875,616.1999999997215,6080.785951804677
22811,39.427889735526875,616.2199999997215,6080.848992760912
22812,39.427889735526875,616.2399999997215,6080.91203234422
22813,39.427889735526875,616.2599999997215,6080.9750705545375
22814,39.427889735526875,616.2799999997214,6081.038107391797
22815,39.427889735526875,616.2999999997214,6081.101142855932
22816,39.427889735526875,616.3199999997214,6081.164176946878
22817,39.427889735526875,616.3399999997214,6081.227209664567
22818,39.427889735526875,616.3599999997214,6081.290241008935
22819,39.427889735526875,616.3799999997213,6081.353270979913
22820,39.427889735526875,616.3999999997213,6081.416299577437
22821,39.427889735526875,616.4199999997213,6081.47932680144
22822,39.427889735526875,616.4399999997213,6081.542352651857
22823,39.427889735526875,616.4599999997213,6081.605377128621
22824,39.427889735526875,616.4799999997213,6081.668400231665
22825,39.427889735526875,616.4999999997212,6081.731421960925
22826,39.427889735526875,616.5199999997212,6081.7944423163335
22827,39.427889735526875,616.5399999997212,6081.857461297825
22828,39.427889735526875,616.5599999997212,6081.920478905332
22829,39.427889735526875,616.5799999997212,6081.98349513879
22830,39.427889735526875,616.5999999997211,6082.046509998133
22831,39.427889735526875,616.6199999997211,6082.109523483294
22832,39.427889735526875,616.6399999997211,6082.172535594206
22833,39.427889735526875,616.6599999997211,6082.235546330805
22834,39.427889735526875,616.6799999997211,6082.298555693023
22835,39.427889735526875,616.6999999997211,6082.361563680795
22836,39.427889735526875,616.719999999721,6082.424570294055
22837,39.427889735526875,616.739999999721,6082.487575532737
22838,39.427889735526875,616.759999999721,6082.550579396773
22839,39.427889735526875,616.779999999721,6082.613581886099
22840,39.427889735526875,616.799999999721,6082.676583000787
22841,39.427889735526875,616.819999999721,6082.739582744965
22842,39.427889735526875,616.8399999997209,6082.802581121514
22843,39.427889735526875,616.8599999997209,6082.865578130367
22844,39.427889735526875,616.8799999997209,6082.928573771458
22845,39.427889735526875,616.8999999997209,6082.991568044723
22846,39.427889735526875,616.9199999997209,6083.054560950095
22847,39.427889735526875,616.9399999997208,6083.117552487509
22848,39.427889735526875,616.9599999997208,6083.180542656899
22849,39.427889735526875,616.9799999997208,6083.2435314582
22850,39.427889735526875,616.9999999997208,6083.306518891346
22851,39.427889735526875,617.0199999997208,6083.369504956271
22852,39.427889735526875,617.0399999997207,6083.43248965291
22853,39.427889735526875,617.0599999997207,6083.495472981196
22854,39.427889735526875,617.0799999997207,6083.558454941065
22855,39.427889735526875,617.0999999997207,6083.621435532451
22856,39.427889735526875,617.1199999997207,6083.684414755288
22857,39.427889735526875,617.1399999997207,6083.747392609511
22858,39.427889735526875,617.1599999997206,6083.810369095053
22859,39.427889735526875,617.1799999997206,6083.873344211849
22860,39.427889735526875,617.1999999997206,6083.936317959834
22861,39.427889735526875,617.2199999997206,6083.999290338942
22862,39.427889735526875,617.2399999997206,6084.062261349107
22863,39.427889735526875,617.2599999997205,6084.125230990264
22864,39.427889735526875,617.2799999997205,6084.188199262347
22865,39.427889735526875,617.2999999997205,6084.25116616529
22866,39.427889735526875,617.3199999997205,6084.314131699028
22867,39.427889735526875,617.3399999997205,6084.377095863495
22868,39.427889735526875,617.3599999997205,6084.440058658625
22869,39.427889735526875,617.3799999997204,6084.503020084354
22870,39.427889735526875,617.3999999997204,6084.565980140615
22871,39.427889735526875,617.4199999997204,6084.628938827342
22872,39.427889735526875,617.4399999997204,6084.69189614447
22873,39.427889735526875,617.4599999997204,6084.754852091934
22874,39.427889735526875,617.4799999997203,6084.817806669666
22875,39.427889735526875,617.4999999997203,6084.880759877604
22876,39.427889735526875,617.5199999997203,6084.9437117156795
22877,39.427889735526875,617.5399999997203,6085.006662183828
22878,39.427889735526875,617.5599999997203,6085.069611281983
22879,39.427889735526875,617.5799999997203,6085.1325590100805
22880,39.427889735526875,617.5999999997202,6085.195505368054
22881,39.427889735526875,617.6199999997202,6085.258450355838
22882,39.427889735526875,617.6399999997202,6085.321393973367
22883,39.427889735526875,617.6599999997202,6085.384336220574
22884,39.427889735526875,617.6799999997202,6085.447277097395
22885,39.427889735526875,617.6999999997201,6085.510216603764
22886,39.427889735526875,617.7199999997201,6085.573154739615
22887,39.427889735526875,617.7399999997201,6085.636091504884
22888,39.427889735526875,617.7599999997201,6085.699026899503
22889,39.427889735526875,617.7799999997201,6085.761960923408
22890,39.427889735526875,617.7999999997201,6085.824893576532
22891,39.427889735526875,617.81999999972,6085.88782485904
22892,39.427889735526875,617.83999999972,6085.950754775496
22893,39.427889735526875,617.85999999972,6086.0136833284
22894,39.427889735526875,617.87999999972,6086.076610517686
22895,39.427889735526875,617.89999999972,6086.139536343289
22896,39.427889735526875,617.91999999972,6086.202460805142
22897,39.427889735526875,617.9399999997199,6086.265383903179
22898,39.427889735526875,617.9599999997199,6086.328305637333
22899,39.427889735526875,617.9799999997199,6086.391226007538
22900,39.427889735526875,617.9999999997199,6086.454145013727
22901,39.427889735526875,618.0199999997199,6086.517062655835
22902,39.427889735526875,618.0399999997198,6086.579978933794
22903,39.427889735526875,618.0599999997198,6086.64289384754
22904,39.427889735526875,618.0799999997198,6086.705807397005
22905,39.427889735526875,618.0999999997198,6086.768719582123
22906,39.427889735526875,618.1199999997198,6086.831630402828
22907,39.427889735526875,618.1399999997197,6086.894539859053
22908,39.427889735526875,618.1599999997197,6086.957447950733
22909,39.427889735526875,618.1799999997197,6087.020354677801
22910,39.427889735526875,618.1999999997197,6087.083260040191
22911,39.427889735526875,618.2199999997197,6087.146164037836
22912,39.427889735526875,618.2399999997197,6087.20906667067
22913,39.427889735526875,618.2599999997196,6087.271967938627
22914,39.427889735526875,618.2799999997196,6087.334867841641
22915,39.427889735526875,618.2999999997196,6087.397766379646
22916,39.427889735526875,618.3199999997196,6087.460663552574
22917,39.427889735526875,618.3399999997196,6087.52355936036
22918,39.427889735526875,618.3599999997195,6087.586453802937
22919,39.427889735526875,618.3799999997195,6087.64934688024
22920,39.427889735526875,618.3999999997195,6087.712238592201
22921,39.427889735526875,618.4199999997195,6087.775128938755
22922,39.427889735526875,618.4399999997195,6087.838017919836
22923,39.427889735526875,618.4599999997195,6087.900905535376
22924,39.427889735526875,618.4799999997194,6087.963791785311
22925,39.427889735526875,618.4999999997194,6088.026676669572
22926,39.427889735526875,618.5199999997194,6088.089560188095
22927,39.427889735526875,618.5399999997194,6088.152442340813
22928,39.427889735526875,618.5599999997194,6088.215323127659
22929,39.427889735526875,618.5799999997193,6088.278202548568
22930,39.427889735526875,618.5999999997193,6088.341080603473
22931,39.427889735526875,618.6199999997193,6088.4039572923075
22932,39.427889735526875,618.6399999997193,6088.466832615006
22933,39.427889735526875,618.6599999997193,6088.529706571501
22934,39.427889735526875,618.6799999997193,6088.592579161727
22935,39.427889735526875,618.6999999997192,6088.655450385619
22936,39.427889735526875,618.7199999997192,6088.718320243109
22937,39.427889735526875,618.7399999997192,6088.78118873413
22938,39.369085781051076,618.7599999997192,6088.844055858618
22939,39.369085781051076,618.7799999997192,6088.906921616505
22940,39.369085781051076,618.7999999997191,6088.969786007727
22941,39.369085781051076,618.8199999997191,6089.032649032215
22942,39.369085781051076,618.8399999997191,6089.095510690219
22943,39.369085781051076,618.8599999997191,6089.158370986634
22944,39.369085781051076,618.8799999997191,6089.221229923516
22945,39.369085781051076,618.8999999997191,6089.284087500805
22946,39.369085781051076,618.919999999719,6089.346943718438
22947,39.369085781051076,618.939999999719,6089.409798576352
22948,39.369085781051076,618.959999999719,6089.472652074486
22949,39.369085781051076,618.979999999719,6089.5355042127785
22950,39.369085781051076,618.999999999719,6089.598354991167
22951,39.369085781051076,619.019999999719,6089.661204409589
22952,39.369085781051076,619.0399999997189,6089.724052467983
22953,39.369085781051076,619.0599999997189,6089.786899166286
22954,39.369085781051076,619.0799999997189,6089.849744504438
22955,39.369085781051076,619.0999999997189,6089.912588482374
22956,39.369085781051076,619.1199999997189,6089.975431100035
22957,39.369085781051076,619.1399999997188,6090.038272357466
22958,39.369085781051076,619.1599999997188,6090.101112255076
22959,39.369085781051076,619.1799999997188,6090.163950792844
22960,39.369085781051076,619.1999999997188,6090.226787970704
22961,39.369085781051076,619.2199999997188,6090.2896237885925
22962,39.369085781051076,619.2399999997187,6090.352458246444
22963,39.369085781051076,619.2599999997187,6090.415291344196
22964,39.369085781051076,619.2799999997187,6090.478123081783
22965,39.369085781051076,619.2999999997187,6090.540953459143
22966,39.369085781051076,619.3199999997187,6090.603782476209
22967,39.369085781051076,619.3399999997187,6090.666610132917
22968,39.369085781051076,619.3599999997186,6090.729436429205
22969,39.369085781051076,619.3799999997186,6090.792261365007
22970,39.369085781051076,619.3999999997186,6090.85508494026
22971,39.369085781051076,619.4199999997186,6090.917907154899
22972,39.369085781051076,619.4399999997186,6090.980728008859
22973,39.369085781051076,619.4599999997185,6091.043547502077
22974,39.369085781051076,619.4799999997185,6091.106365634489
22975,39.369085781051076,619.4999999997185,6091.16918240603
22976,39.369085781051076,619.5199999997185,6091.231997816636
22977,39.369085781051076,619.5399999997185,6091.294811866243
22978,39.369085781051076,619.5599999997185,6091.357624554787
22979,39.369085781051076,619.5799999997184,6091.4204358822035
22980,39.369085781051076,619.5999999997184,6091.483245848428
22981,39.369085781051076,619.6199999997184,6091.546054453396
22982,39.369085781051076,619.6399999997184,6091.608861697045
22983,39.369085781051076,619.6599999997184,6091.671667579309
22984,39.369085781051076,619.6799999997183,6091.734472100125
22985,39.369085781051076,619.6999999997183,6091.797275259428
22986,39.369085781051076,619.7199999997183,6091.860077057154
22987,39.369085781051076,619.7399999997183,6091.922877493239
22988,39.369085781051076,619.7599999997183,6091.985676567619
22989,39.369085781051076,619.7799999997183,6092.048474280229
22990,39.369085781051076,619.7999999997182,6092.111270631006
22991,39.369085781051076,619.8199999997182,6092.174065619885
22992,39.369085781051076,619.8399999997182,6092.236859246803
22993,39.369085781051076,619.8599999997182,6092.2996515120785
22994,39.369085781051076,619.8799999997182,6092.362442420714
22995,39.369085781051076,619.8999999997181,6092.425231974252
22996,39.369085781051076,619.9199999997181,6092.488020172626
22997,39.369085781051076,619.9399999997181,6092.550807015773
22998,39.369085781051076,619.9599999997181,6092.613592503626
22999,39.369085781051076,619.9799999997181,6092.67637663612
23000,39.369085781051076,619.999999999718,6092.73915941319
23001,39.369085781051076,620.019999999718,6092.801940834769
23002,39.369085781051076,620.039999999718,6092.864720900793
23003,39.369085781051076,620.059999999718,6092.927499611196
23004,39.369085781051076,620.079999999718,6092.990276965913
23005,39.369085781051076,620.099999999718,6093.053052964878
23006,39.369085781051076,620.119999999718,6093.115827608025
23007,39.369085781051076,620.1399999997179,6093.1786008952895
23008,39.369085781051076,620.1599999997179,6093.2413728266065
23009,39.369085781051076,620.1799999997179,6093.30414340191
23010,39.369085781051076,620.1999999997179,6093.366912621134
23011,39.369085781051076,620.2199999997179,6093.429680484214
23012,39.369085781051076,620.2399999997178,6093.492446991085
23013,39.369085781051076,620.2599999997178,6093.55521214168
23014,39.369085781051076,620.2799999997178,6093.617975935936
23015,39.369085781051076,620.2999999997178,6093.680738373784
23016,39.369085781051076,620.3199999997178,6093.743499455161
23017,39.369085781051076,620.3399999997177,6093.806259180002
23018,39.369085781051076,620.3599999997177,6093.86901754824
23019,39.369085781051076,620.3799999997177,6093.931774559811
23020,39.369085781051076,620.3999999997177,6093.994530214649
23021,39.369085781051076,620.4199999997177,6094.057284512688
23022,39.369085781051076,620.4399999997177,6094.120037453864
23023,39.369085781051076,620.4599999997176,6094.18278903811
23024,39.369085781051076,620.4799999997176,6094.245539265362
23025,39.369085781051076,620.4999999997176,6094.308288135553
23026,39.369085781051076,620.5199999997176,6094.371035648619
23027,39.369085781051076,620.5399999997176,6094.433781804494
23028,39.369085781051076,620.5599999997175,6094.496526603113
23029,39.369085781051076,620.5799999997175,6094.55927004441
23030,39.369085781051076,620.5999999997175,6094.62201212832
23031,39.369085781051076,620.6199999997175,6094.684752854778
23032,39.369085781051076,620.6399999997175,6094.747492223717
23033,39.369085781051076,620.6599999997175,6094.8102302350735
23034,39.369085781051076,620.6799999997174,6094.872966888781
23035,39.369085781051076,620.6999999997174,6094.9357021847745
23036,39.369085781051076,620.7199999997174,6094.998436122988
23037,39.369085781051076,620.7399999997174,6095.061168703357
23038,39.369085781051076,620.7599999997174,6095.123899925816
23039,39.369085781051076,620.7799999997173,6095.186629790299
23040,39.369085781051076,620.7999999997173,6095.249358296741
23041,39.369085781051076,620.8199999997173,6095.312085445076
23042,39.369085781051076,620.8399999997173,6095.37481123524
23043,39.369085781051076,620.8599999997173,6095.437535667165
23044,39.369085781051076,620.8799999997173,6095.500258741265
23045,39.369085781051076,620.8999999997172,6095.562980462964
23046,39.369085781051076,620.9199999997172,6095.625700833412
23047,39.369085781051076,620.9399999997172,6095.688419852542
23048,39.369085781051076,620.9599999997172,6095.7511375202885
23049,39.369085781051076,620.9799999997172,6095.813853836586
23050,39.369085781051076,620.9999999997171,6095.876568801369
23051,39.369085781051076,621.0199999997171,6095.9392824145725
23052,39.369085781051076,621.0399999997171,6096.00199467613
23053,39.369085781051076,621.0599999997171,6096.064705585977
23054,39.369085781051076,621.0799999997171,6096.1274151440475
23055,39.369085781051076,621.099999999717,6096.190123350276
23056,39.369085781051076,621.119999999717,6096.252830204597
23057,39.369085781051076,621.139999999717,6096.3155357069445
23058,39.369085781051076,621.159999999717,6096.378239857253
23059,39.369085781051076,621.179999999717,6096.440942655458
23060,39.369085781051076,621.199999999717,6096.503644101493
23061,39.369085781051076,621.219999999717,6096.566344195293
23062,39.369085781051076,621.2399999997169,6096.629042936792
23063,39.369085781051076,621.2599999997169,6096.691740325925
23064,39.369085781051076,621.2799999997169,6096.754436362626
23065,39.369085781051076,621.2999999997169,6096.81713104683
23066,39.369085781051076,621.3199999997169,6096.87982437847
23067,39.369085781051076,621.3399999997168,6096.942516357483
23068,39.369085781051076,621.3599999997168,6097.005206983802
23069,39.369085781051076,621.3799999997168,6097.067896257362
23070,39.369085781051076,621.3999999997168,6097.130584178097
23071,39.369085781051076,621.4199999997168,6097.193270745942
23072,39.369085781051076,621.4399999997167,6097.255955960831
23073,39.369085781051076,621.4599999997167,6097.318639822698
23074,39.369085781051076,621.4799999997167,6097.381322331478
23075,39.369085781051076,621.4999999997167,6097.444003487107
23076,39.369085781051076,621.5199999997167,6097.506683289517
23077,39.369085781051076,621.5399999997167,6097.569361738644
23078,39.369085781051076,621.5599999997166,6097.632038834422
23079,39.369085781051076,621.5799999997166,6097.694714576785
23080,39.369085781051076,621.5999999997166,6097.75738896567
23081,39.369085781051076,621.6199999997166,6097.820062001008
23082,39.369085781051076,621.6399999997166,6097.882733682736
23083,39.369085781051076,621.6599999997165,6097.945404010788
23084,39.369085781051076,621.6799999997165,6098.008072985097
23085,39.369085781051076,621.6999999997165,6098.070740605599
23086,39.369085781051076,621.7199999997165,6098.133406872228
23087,39.369085781051076,621.7399999997165,6098.196071784919
23088,39.369085781051076,621.7599999997165,6098.258735343606
23089,39.369085781051076,621.7799999997164,6098.321397548223
23090,39.369085781051076,621.7999999997164,6098.384058398706
23091,39.369085781051076,621.8199999997164,6098.446717894988
23092,39.369085781051076,621.8399999997164,6098.509376037005
23093,39.369085781051076,621.8599999997164,6098.57203282469
23094,39.369085781051076,621.8799999997163,6098.634688257978
23095,39.369085781051076,621.8999999997163,6098.697342337374
23096,39.369085781051076,621.9199999997163,6098.759995068741
23097,39.369085781051076,621.9399999997163,6098.822646452817
23098,39.369085781051076,621.9599999997163,6098.885296489536
23099,39.369085781051076,621.9799999997163,6098.947945178832
23100,39.369085781051076,621.9999999997162,6099.010592520641
23101,39.369085781051076,622.0199999997162,6099.073238514896
23102,39.369085781051076,622.0399999997162,6099.135883161533
23103,39.369085781051076,622.0599999997162,6099.1985264604855
23104,39.369085781051076,622.0799999997162,6099.261168411688
23105,39.369085781051076,622.0999999997161,6099.323809015076
23106,39.310427851390365,622.1199999997161,6099.386448270584
23107,39.310427851390365,622.1399999997161,6099.449086178146
23108,39.310427851390365,622.1599999997161,6099.511722737697
23109,39.310427851390365,622.1799999997161,6099.574357949172
23110,39.310427851390365,622.199999999716,6099.636991812505
23111,39.310427851390365,622.219999999716,6099.69962432763
23112,39.310427851390365,622.239999999716,6099.762255494483
23113,39.310427851390365,622.259999999716,6099.824885312997
23114,39.310427851390365,622.279999999716,6099.887513783108
23115,39.310427851390365,622.299999999716,6099.950140904751
23116,39.310427851390365,622.319999999716,6100.012766677871
23117,39.310427851390365,622.3399999997159,6100.075391102634
23118,39.310427851390365,622.3599999997159,6100.138014179096
23119,39.310427851390365,622.3799999997159,6100.200635907193
23120,39.310427851390365,622.3999999997159,6100.26325628686
23121,39.310427851390365,622.4199999997159,6100.325875318034
23122,39.310427851390365,622.4399999997158,6100.388493000652
23123,39.310427851390365,622.4599999997158,6100.451109334648
23124,39.310427851390365,622.4799999997158,6100.51372431996
23125,39.310427851390365,622.4999999997158,6100.576337956522
23126,39.310427851390365,622.5199999997158,6100.638950244273
23127,39.310427851390365,622.5399999997157,6100.701561183147
23128,39.310427851390365,622.5599999997157,6100.76417077308
23129,39.310427851390365,622.5799999997157,6100.82677901401
23130,39.310427851390365,622.5999999997157,6100.889385905872
23131,39.310427851390365,622.6199999997157,6100.951991448601
23132,39.310427851390365,622.6399999997157,6101.014595642135
23133,39.310427851390365,622.6599999997156,6101.077198486409
23134,39.310427851390365,622.6799999997156,6101.139799981359
23135,39.310427851390365,622.6999999997156,6101.202400126922
23136,39.310427851390365,622.7199999997156,6101.264998923033
23137,39.310427851390365,622.7399999997156,6101.32759636963
23138,39.310427851390365,622.7599999997155,6101.390192466647
23139,39.310427851390365,622.7799999997155,6101.452787214022
23140,39.310427851390365,622.7999999997155,6101.515380611689
23141,39.310427851390365,622.8199999997155,6101.577972659586
23142,39.310427851390365,622.8399999997155,6101.640563357648
23143,39.310427851390365,622.8599999997155,6101.703152705812
23144,39.310427851390365,622.8799999997154,6101.765740704013
23145,39.310427851390365,622.8999999997154,6101.828327352188
23146,39.310427851390365,622.9199999997154,6101.890912651068
23147,39.310427851390365,622.9399999997154,6101.953496606126
23148,39.310427851390365,622.9599999997154,6102.016079217827
23149,39.310427851390365,622.9799999997153,6102.078660486109
23150,39.310427851390365,622.9999999997153,6102.141240410909
23151,39.310427851390365,623.0199999997153,6102.203818992165
23152,39.310427851390365,623.0399999997153,6102.266396229814
23153,39.310427851390365,623.0599999997153,6102.328972123793
23154,39.310427851390365,623.0799999997153,6102.391546674042
23155,39.310427851390365,623.0999999997152,6102.454119880495
23156,39.310427851390365,623.1199999997152,6102.516691743092
23157,39.310427851390365,623.1399999997152,6102.579262261771
23158,39.310427851390365,623.1599999997152,6102.641831436467
23159,39.310427851390365,623.1799999997152,6102.70439926712
23160,39.310427851390365,623.1999999997151,6102.766965753665
23161,39.310427851390365,623.2199999997151,6102.829530896041
23162,39.310427851390365,623.2399999997151,6102.892094694186
23163,39.310427851390365,623.2599999997151,6102.954657148037
23164,39.310427851390365,623.2799999997151,6103.017218257531
23165,39.310427851390365,623.299999999715,6103.079778022606
23166,39.310427851390365,623.319999999715,6103.142336443199
23167,39.310427851390365,623.339999999715,6103.204893519249
23168,39.310427851390365,623.359999999715,6103.267449250692
23169,39.310427851390365,623.379999999715,6103.330003637466
23170,39.310427851390365,623.399999999715,6103.392556679509
23171,39.310427851390365,623.419999999715,6103.455108376757
23172,39.310427851390365,623.4399999997149,6103.51765872915
23173,39.310427851390365,623.4599999997149,6103.580207736623
23174,39.310427851390365,623.4799999997149,6103.642755399115
23175,39.310427851390365,623.4999999997149,6103.705301716564
23176,39.310427851390365,623.5199999997149,6103.767846688906
23177,39.310427851390365,623.5399999997148,6103.830390316079
23178,39.310427851390365,623.5599999997148,6103.89293259802
23179,39.310427851390365,623.5799999997148,6103.955473534667
23180,39.310427851390365,623.5999999997148,6104.018013125959
23181,39.310427851390365,623.6199999997148,6104.080551371832
23182,39.310427851390365,623.6399999997147,6104.143088272224
23183,39.310427851390365,623.6599999997147,6104.2056238270725
23184,39.310427851390365,623.6799999997147,6104.268158036315
23185,39.310427851390365,623.6999999997147,6104.330690899888
23186,39.310427851390365,623.7199999997147,6104.393222417731
23187,39.310427851390365,623.7399999997147,6104.45575258978
23188,39.310427851390365,623.7599999997146,6104.518281415973
23189,39.310427851390365,623.7799999997146,6104.5808088962485
23190,39.310427851390365,623.7999999997146,6104.643335030542
23191,39.310427851390365,623.8199999997146,6104.705859818793
23192,39.310427851390365,623.8399999997146,6104.768383260938
23193,39.310427851390365,623.8599999997145,6104.830905356915
23194,39.310427851390365,623.8799999997145,6104.893426106661
23195,39.310427851390365,623.8999999997145,6104.955945510113
23196,39.310427851390365,623.9199999997145,6105.01846356721
23197,39.310427851390365,623.9399999997145,6105.080980279132
23198,39.310427851390365,623.9599999997145,6105.1434956512185
23199,39.310427851390365,623.9799999997144,6105.20600968387
23200,39.310427851390365,623.9999999997144,6105.268522377026
23201,39.310427851390365,624.0199999997144,6105.331033730622
23202,39.310427851390365,624.0399999997144,6105.393543744598
23203,39.310427851390365,624.0599999997144,6105.456052418891
23204,39.310427851390365,624.0799999997143,6105.518559753439
23205,39.310427851390365,624.0999999997143,6105.58106574818
23206,39.310427851390365,624.1199999997143,6105.643570403051
23207,39.310427851390365,624.1399999997143,6105.706073717991
23208,39.310427851390365,624.1599999997143,6105.768575692938
23209,39.310427851390365,624.1799999997143,6105.831076327829
23210,39.310427851390365,624.1999999997142,6105.893575622603
23211,39.310427851390365,624.2199999997142,6105.956073577197
23212,39.310427851390365,624.2399999997142,6106.018570191549
23213,39.310427851390365,624.2599999997142,6106.081065465597
23214,39.310427851390365,624.2799999997142,6106.143559399279
23215,39.310427851390365,624.2999999997141,6106.2060519925335
23216,39.310427851390365,624.3199999997141,6106.268543245297
23217,39.310427851390365,624.3399999997141,6106.331033157509
23218,39.310427851390365,624.3599999997141,6106.393521729107
23219,39.310427851390365,624.3799999997141,6106.456008960028
23220,39.310427851390365,624.399999999714,6106.518494850211
23221,39.310427851390365,624.419999999714,6106.580979399593
23222,39.310427851390365,624.439999999714,6106.643462608113
23223,39.310427851390365,624.459999999714,6106.705944475707
23224,39.310427851390365,624.479999999714,6106.768425002315
23225,39.310427851390365,624.499999999714,6106.830904187874
23226,39.310427851390365,624.519999999714,6106.893382032322
23227,39.310427851390365,624.5399999997139,6106.955858535596
23228,39.310427851390365,624.5599999997139,6107.018333697635
23229,39.310427851390365,624.5799999997139,6107.080807518377
23230,39.310427851390365,624.5999999997139,6107.143279997759
23231,39.310427851390365,624.6199999997139,6107.205751135721
23232,39.310427851390365,624.6399999997138,6107.268220932198
23233,39.310427851390365,624.6599999997138,6107.33068938713
23234,39.310427851390365,624.6799999997138,6107.393156500455
23235,39.310427851390365,624.6999999997138,6107.455622272109
23236,39.310427851390365,624.7199999997138,6107.518086702033
23237,39.310427851390365,624.7399999997137,6107.580549790162
23238,39.310427851390365,624.7599999997137,6107.643011536435
23239,39.310427851390365,624.7799999997137,6107.70547194079
23240,39.310427851390365,624.7999999997137,6107.767931003164
23241,39.310427851390365,624.8199999997137,6107.830388723497
23242,39.310427851390365,624.8399999997137,6107.8928451017255
23243,39.310427851390365,624.8599999997136,6107.955300137787
23244,39.310427851390365,624.8799999997136,6108.017753831621
23245,39.310427851390365,624.8999999997136,6108.080206183165
23246,39.310427851390365,624.9199999997136,6108.142657192355
23247,39.310427851390365,624.9399999997136,6108.205106859131
23248,39.310427851390365,624.9599999997135,6108.267555185142
23249,39.310427851390365,624.9799999997135,6108.330002175547
23250,39.310427851390365,624.9999999997135,6108.3924478306735
23251,39.310427851390365,625.0199999997135,6108.454892150459
23252,39.310427851390365,625.0399999997135,6108.517335134841
23253,39.310427851390365,625.0599999997135,6108.579776783758
23254,39.310427851390365,625.0799999997134,6108.642217097145
23255,39.310427851390365,625.0999999997134,6108.704656074941
23256,39.310427851390365,625.1199999997134,6108.767093717084
23257,39.310427851390365,625.1399999997134,6108.82953002351
23258,39.310427851390365,625.1599999997134,6108.891964994158
23259,39.310427851390365,625.1799999997133,6108.954398628965
23260,39.310427851390365,625.1999999997133,6109.016830927867
23261,39.310427851390365,625.2199999997133,6109.0792618908035
23262,39.310427851390365,625.2399999997133,6109.141691517711
23263,39.310427851390365,625.2599999997133,6109.204119808526
23264,39.310427851390365,625.2799999997133,6109.266546763189
23265,39.310427851390365,625.2999999997132,6109.328972381634
23266,39.310427851390365,625.3199999997132,6109.391396663801
23267,39.310427851390365,625.3399999997132,6109.453819609626
23268,39.310427851390365,625.3599999997132,6109.5162412190475
23269,39.310427851390365,625.3799999997132,6109.5786614920025
23270,39.310427851390365,625.3999999997131,6109.641080428428
23271,39.310427851390365,625.4199999997131,6109.7034980282615
23272,39.310427851390365,625.4399999997131,6109.765914291442
23273,39.310427851390365,625.4599999997131,6109.828329217905
23274,39.310427851390365,625.4799999997131,6109.890742807589
23275,39.25191543938635,625.499999999713,6109.9531550604315
23276,39.310427851390365,625.519999999713,6110.015565976387
23277,39.310427851390365,625.539999999713,6110.077975555668
23278,39.310427851390365,625.559999999713,6110.140383798333
23279,39.310427851390365,625.579999999713,6110.2027907043175
23280,39.310427851390365,625.599999999713,6110.26519627356
23281,39.310427851390365,625.619999999713,6110.327600505998
23282,39.25191543938635,625.6399999997129,6110.390003401568
23283,39.25191543938635,625.6599999997129,6110.452404960207
23284,39.25191543938635,625.6799999997129,6110.514805181852
23285,39.25191543938635,625.6999999997129,6110.5772040664415
23286,39.25191543938635,625.7199999997129,6110.6396016139115
23287,39.25191543938635,625.7399999997128,6110.701997824199
23288,39.25191543938635,625.7599999997128,6110.764392697241
23289,39.25191543938635,625.7799999997128,6110.826786232976
23290,39.25191543938635,625.7999999997128,6110.88917843134
23291,39.25191543938635,625.8199999997128,6110.9515692922705
23292,39.25191543938635,625.8399999997127,6111.013958815705
23293,39.25191543938635,625.8599999997127,6111.076347001581
23294,39.25191543938635,625.8799999997127,6111.138733849834
23295,39.25191543938635,625.8999999997127,6111.201119360403
23296,39.25191543938635,625.9199999997127,6111.263503533224
23297,39.25191543938635,625.9399999997127,6111.325886368235
23298,39.25191543938635,625.9599999997126,6111.388267865372
23299,39.25191543938635,625.9799999997126,6111.450648026569
23300,39.25191543938635,625.9999999997126,6111.513026856306
23301,39.25191543938635,626.0199999997126,6111.575404354801
23302,39.25191543938635,626.0399999997126,6111.637780521991
23303,39.25191543938635,626.0599999997125,6111.700155357812
23304,39.25191543938635,626.0799999997125,6111.762528862201
23305,39.25191543938635,626.0999999997125,6111.8249010350955
23306,39.25191543938635,626.1199999997125,6111.8872718764305
23307,39.25191543938635,626.1399999997125,6111.949641386143
23308,39.25191543938635,626.1599999997125,6112.0120095641705
23309,39.25191543938635,626.1799999997124,6112.074376410449
23310,39.25191543938635,626.1999999997124,6112.1367419249145
23311,39.25191543938635,626.2199999997124,6112.199106107504
23312,39.25191543938635,626.2399999997124,6112.261468958154
23313,39.25191543938635,626.2599999997124,6112.323830476801
23314,39.25191543938635,626.2799999997123,6112.386190663382
23315,39.25191543938635,626.2999999997123,6112.448549517833
23316,39.25191543938635,626.3199999997123,6112.510907040091
23317,39.25191543938635,626.3399999997123,6112.573263230093
23318,39.25191543938635,626.3599999997123,6112.635618087775
23319,39.25191543938635,626.3799999997123,6112.697971613073
23320,39.25191543938635,626.3999999997122,6112.760323805924
23321,39.25191543938635,626.4199999997122,6112.822674666265
23322,39.25191543938635,626.4399999997122,6112.885024194033
23323,39.25191543938635,626.4599999997122,6112.947372389163
23324,39.25191543938635,626.4799999997122,6113.009719251593
23325,39.25191543938635,626.4999999997121,6113.072064781259
23326,39.25191543938635,626.5199999997121,6113.134408978097
23327,39.25191543938635,626.5399999997121,6113.196751842044
23328,39.25191543938635,626.5599999997121,6113.259093373038
23329,39.25191543938635,626.5799999997121,6113.321433571014
23330,39.25191543938635,626.599999999712,6113.383772435908
23331,39.25191543938635,626.619999999712,6113.446109967658
23332,39.25191543938635,626.639999999712,6113.508446166201
23333,39.25191543938635,626.659999999712,6113.570781031472
23334,39.25191543938635,626.679999999712,6113.633114563408
23335,39.25191543938635,626.699999999712,6113.695446761946
23336,39.25191543938635,626.719999999712,6113.757777627023
23337,39.25191543938635,626.7399999997119,6113.8201071585745
23338,39.25191543938635,626.7599999997119,6113.882435356538
23339,39.25191543938635,626.7799999997119,6113.944762220849
23340,39.25191543938635,626.7999999997119,6114.007087751445
23341,39.25191543938635,626.8199999997119,6114.069411948263
23342,39.25191543938635,626.8399999997118,6114.131734811239
23343,39.25191543938635,626.8599999997118,6114.1940563403095
23344,39.25191543938635,626.8799999997118,6114.256376535411
23345,39.25191543938635,626.8999999997118,6114.3186953964805
23346,39.25191543938635,626.9199999997118,6114.381012923454
23347,39.25191543938635,626.9399999997117,6114.4433291162695
23348,39.25191543938635,626.9599999997117,6114.505643974861
23349,39.25191543938635,626.9799999997117,6114.567957499168
23350,39.25191543938635,626.9999999997117,6114.630269691585
23351,39.25191543938635,627.0199999997117,6114.692580556377
23352,39.25191543938635,627.0399999997117,6114.754890093687
23353,39.25191543938635,627.0599999997116,6114.817198303452
23354,39.25191543938635,627.0799999997116,6114.879505185608
23355,39.25191543938635,627.0999999997116,6114.9418107400925
23356,39.25191543938635,627.1199999997116,6115.004114966842
23357,39.25191543938635,627.1399999997116,6115.0664178657935
23358,39.25191543938635,627.1599999997115,6115.128719436882
23359,39.25191543938635,627.1799999997115,6115.191019680046
23360,39.25191543938635,627.1999999997115,6115.253318595222
23361,39.25191543938635,627.2199999997115,6115.3156161823445
23362,39.25191543938635,627.2399999997115,6115.377912441351
23363,39.25191543938635,627.2599999997115,6115.440207372179
23364,39.25191543938635,627.2799999997114,6115.502500974765
23365,39.25191543938635,627.2999999997114,6115.564793249046
23366,39.25191543938635,627.3199999997114,6115.627084194957
23367,39.25191543938635,627.3399999997114,6115.689373812436
23368,39.25191543938635,627.3599999997114,6115.751662101419
23369,39.25191543938635,627.3799999997113,6115.813949061843
23370,39.25191543938635,627.3999999997113,6115.876234693645
23371,39.25191543938635,627.4199999997113,6115.93851899676
23372,39.25191543938635,627.4399999997113,6116.000801971126
23373,39.25191543938635,627.4599999997113,6116.063083616678
23374,39.25191543938635,627.4799999997113,6116.125363933355
23375,39.25191543938635,627.4999999997112,6116.187642921092
23376,39.25191543938635,627.5199999997112,6116.249920579827
23377,39.25191543938635,627.5399999997112,6116.312196909495
23378,39.25191543938635,627.5599999997112,6116.374471910033
23379,39.25191543938635,627.5799999997112,6116.436745581379
23380,39.25191543938635,627.5999999997111,6116.499017923468
23381,39.25191543938635,627.6199999997111,6116.561288936237
23382,39.25191543938635,627.6399999997111,6116.6235586196235
23383,39.25191543938635,627.6599999997111,6116.685826973563
23384,39.25191543938635,627.6799999997111,6116.748093997992
23385,39.25191543938635,627.699999999711,6116.810359692849
23386,39.25191543938635,627.719999999711,6116.872624058068
23387,39.25191543938635,627.739999999711,6116.934887093588
23388,39.25191543938635,627.759999999711,6116.997148799344
23389,39.25191543938635,627.779999999711,6117.059409175274
23390,39.25191543938635,627.799999999711,6117.1216682213135
23391,39.25191543938635,627.819999999711,6117.1839259374
23392,39.25191543938635,627.8399999997109,6117.24618232347
23393,39.25191543938635,627.8599999997109,6117.308437379459
23394,39.25191543938635,627.8799999997109,6117.370691105305
23395,39.25191543938635,627.8999999997109,6117.432943500944
23396,39.25191543938635,627.9199999997109,6117.495194566312
23397,39.25191543938635,627.9399999997108,6117.5574443013475
23398,39.25191543938635,627.9599999997108,6117.6196927059855
23399,39.25191543938635,627.9799999997108,6117.681939780163
23400,39.25191543938635,627.9999999997108,6117.744185523817
23401,39.25191543938635,628.0199999997108,6117.80642993981
23402,39.25191543938635,628.0399999997107,6117.868673032152
23403,39.25191543938635,628.0599999997107,6117.930914800906
23404,39.25191543938635,628.0799999997107,6117.9931552460075
23405,39.25191543938635,628.0999999997107,6118.055394367392
23406,39.25191543938635,628.1199999997107,6118.1176321649955
23407,39.25191543938635,628.1399999997107,6118.179868638753
23408,39.25191543938635,628.1599999997106,6118.242103788601
23409,39.25191543938635,628.1799999997106,6118.304337614473
23410,39.25191543938635,628.1999999997106,6118.366570116308
23411,39.25191543938635,628.2199999997106,6118.42880129404
23412,39.25191543938635,628.2399999997106,6118.491031147604
23413,39.25191543938635,628.2599999997105,6118.553259676936
23414,39.25191543938635,628.2799999997105,6118.615486881973
23415,39.25191543938635,628.2999999997105,6118.677712762649
23416,39.25191543938635,628.3199999997105,6118.739937318901
23417,39.25191543938635,628.3399999997105,6118.802160550664
23418,39.25191543938635,628.3599999997105,6118.864382457873
23419,39.25191543938635,628.3799999997104,6118.926603040464
23420,39.25191543938635,628.3999999997104,6118.988822298374
23421,39.25191543938635,628.4199999997104,6119.051040231537
23422,39.25191543938635,628.4399999997104,6119.11325683989
23423,39.25191543938635,628.4599999997104,6119.175472123367
23424,39.25191543938635,628.4799999997103,6119.237686081906
23425,39.25191543938635,628.4999999997103,6119.299898715441
23426,39.25191543938635,628.5199999997103,6119.362110023908
23427,39.25191543938635,628.5399999997103,6119.424320007242
23428,39.25191543938635,628.5599999997103,6119.48652866538
23429,39.25191543938635,628.5799999997103,6119.548735998258
23430,39.25191543938635,628.5999999997102,6119.61094200581
23431,39.25191543938635,628.6199999997102,6119.673146687973
23432,39.25191543938635,628.6399999997102,6119.735350044682
23433,39.25191543938635,628.6599999997102,6119.797552075872
23434,39.25191543938635,628.6799999997102,6119.85975278148
23435,39.25191543938635,628.6999999997101,6119.921952161441
23436,39.25191543938635,628.7199999997101,6119.984150215691
23437,39.25191543938635,628.7399999997101,6120.046346944293
23438,39.25191543938635,628.7599999997101,6120.108542347478
23439,39.25191543938635,628.7799999997101,6120.1707364252015
23440,39.25191543938635,628.79999999971,6120.232929177399
23441,39.25191543938635,628.81999999971,6120.295120604006
23442,39.25191543938635,628.83999999971,6120.35731070496
23443,39.25191543938635,628.85999999971,6120.419499480196
23444,39.25191543938635,628.87999999971,6120.48168692965
23445,39.25191543938635,628.89999999971,6120.543873053259
23446,39.25191543938635,628.91999999971,6120.606057850958
23447,39.25191543938635,628.9399999997099,6120.668241322684
23448,39.25191543938635,628.9599999997099,6120.730423468372
23449,39.25191543938635,628.9799999997099,6120.792604287958
23450,39.25191543938635,628.9999999997099,6120.854783781379
23451,39.25191543938635,629.0199999997099,6120.916961948571
23452,39.193548040143,629.0399999997098,6120.979138792754
23453,39.193548040143,629.0599999997098,6121.041314317534
23454,39.193548040143,629.0799999997098,6121.10348852289
23455,39.193548040143,629.0999999997098,6121.1656614087615
23456,39.193548040143,629.1199999997098,6121.227832975087
23457,39.193548040143,629.1399999997097,6121.290003221805
23458,39.193548040143,629.1599999997097,6121.352172148853
23459,39.193548040143,629.1799999997097,6121.414339756171
23460,39.193548040143,629.1999999997097,6121.476506043697
23461,39.193548040143,629.2199999997097,6121.538671011368
23462,39.193548040143,629.2399999997097,6121.600834659124
23463,39.193548040143,629.2599999997096,6121.662996986904
23464,39.193548040143,629.2799999997096,6121.725157994644
23465,39.193548040143,629.2999999997096,6121.787317682284
23466,39.193548040143,629.3199999997096,6121.849476049762
23467,39.193548040143,629.3399999997096,6121.911633097018
23468,39.193548040143,629.3599999997095,6121.973788823989
23469,39.193548040143,629.3799999997095,6122.035943230613
23470,39.193548040143,629.3999999997095,6122.0980963168295
23471,39.193548040143,629.4199999997095,6122.160248082577
23472,39.193548040143,629.4399999997095,6122.222398527793
23473,39.193548040143,629.4599999997095,6122.284547652417
23474,39.193548040143,629.4799999997094,6122.346695456387
23475,39.193548040143,629.4999999997094,6122.408841939642
23476,39.193548040143,629.5199999997094,6122.47098710212
23477,39.193548040143,629.5399999997094,6122.533130943758
23478,39.193548040143,629.5599999997094,6122.595273464496
23479,39.193548040143,629.5799999997093,6122.657414664273
23480,39.193548040143,629.5999999997093,6122.719554543027
23481,39.193548040143,629.6199999997093,6122.7816931006955
23482,39.193548040143,629.6399999997093,6122.843830337218
23483,39.193548040143,629.6599999997093,6122.905966252532
23484,39.193548040143,629.6799999997093,6122.968100846578
23485,39.193548040143,629.6999999997092,6123.030234119292
23486,39.193548040143,629.7199999997092,6123.092366070614
23487,39.193548040143,629.7399999997092,6123.154496700482
23488,39.193548040143,629.7599999997092,6123.216626008834
23489,39.193548040143,629.7799999997092,6123.27875399561
23490,39.193548040143,629.7999999997091,6123.340880660747
23491,39.193548040143,629.8199999997091,6123.403006004183
23492,39.193548040143,629.8399999997091,6123.465130025858
23493,39.193548040143,629.8599999997091,6123.52725272571
23494,39.193548040143,629.8799999997091,6123.589374103678
23495,39.193548040143,629.899999999709,6123.6514941597
23496,39.193548040143,629.919999999709,6123.713612893714
23497,39.193548040143,629.939999999709,6123.775730305658
23498,39.193548040143,629.959999999709,6123.837846395471
23499,39.193548040143,629.979999999709,6123.8999611630925
23500,39.193548040143,629.999999999709,6123.96207460846
23501,39.193548040143,630.019999999709,6124.024186731513
23502,39.193548040143,630.0399999997089,6124.086297532227
23503,39.193548040143,630.0599999997089,6124.148407014073
23504,39.193548040143,630.0799999997089,6124.2105151801725
23505,39.193548040143,630.0999999997089,6124.272622030463
23506,39.193548040143,630.1199999997089,6124.334727564882
23507,39.193548040143,630.1399999997088,6124.396831783366
23508,39.193548040143,630.1599999997088,6124.458934685853
23509,39.193548040143,630.1799999997088,6124.52103627228
23510,39.193548040143,630.1999999997088,6124.583136542586
23511,39.193548040143,630.2199999997088,6124.645235496706
23512,39.193548040143,630.2399999997087,6124.707333134578
23513,39.193548040143,630.2599999997087,6124.769429456141
23514,39.193548040143,630.2799999997087,6124.83152446133
23515,39.193548040143,630.2999999997087,6124.893618150085
23516,39.193548040143,630.3199999997087,6124.955710522341
23517,39.193548040143,630.3399999997087,6125.017801578037
23518,39.193548040143,630.3599999997086,6125.079891317108
23519,39.193548040143,630.3799999997086,6125.141979739495
23520,39.193548040143,630.3999999997086,6125.204066845132
23521,39.193548040143,630.4199999997086,6125.266152633958
23522,39.193548040143,630.4399999997086,6125.32823710591
23523,39.193548040143,630.4599999997085,6125.390320260926
23524,39.193548040143,630.4799999997085,6125.452402098943
23525,39.193548040143,630.4999999997085,6125.5144826198975
23526,39.193548040143,630.5199999997085,6125.576561823728
23527,39.193548040143,630.5399999997085,6125.638639710372
23528,39.193548040143,630.5599999997085,6125.700716279766
23529,39.193548040143,630.5799999997084,6125.762791531848
23530,39.193548040143,630.5999999997084,6125.824865466555
23531,39.193548040143,630.6199999997084,6125.886938083824
23532,39.193548040143,630.6399999997084,6125.949009383594
23533,39.193548040143,630.6599999997084,6126.0110793658005
23534,39.193548040143,630.6799999997083,6126.073148030382
23535,39.193548040143,630.6999999997083,6126.135215377276
23536,39.193548040143,630.7199999997083,6126.197281406419
23537,39.193548040143,630.7399999997083,6126.259346117749
23538,39.193548040143,630.7599999997083,6126.3214095112035
23539,39.193548040143,630.7799999997083,6126.38347158672
23540,39.193548040143,630.7999999997082,6126.445532344234
23541,39.193548040143,630.8199999997082,6126.507591783686
23542,39.193548040143,630.8399999997082,6126.569649905011
23543,39.193548040143,630.8599999997082,6126.631706708147
23544,39.193548040143,630.8799999997082,6126.693762193032
23545,39.193548040143,630.8999999997081,6126.755816359603
23546,39.193548040143,630.9199999997081,6126.817869207797
23547,39.193548040143,630.9399999997081,6126.879920737552
23548,39.193548040143,630.9599999997081,6126.941970948806
23549,39.193548040143,630.9799999997081,6127.0040198414945
23550,39.193548040143,630.999999999708,6127.066067415556
23551,39.193548040143,631.019999999708,6127.128113670928
23552,39.193548040143,631.039999999708,6127.190158607547
23553,39.193548040143,631.059999999708,6127.252202225473
23554,39.193548040143,631.079999999708,6127.314244528584
23555,39.193548040143,631.099999999708,6127.376285519667
23556,39.193548040143,631.1199999997079,6127.438325198662
23557,39.193548040143,631.1399999997079,6127.500363565505
23558,39.193548040143,631.1599999997079,6127.562400620134
23559,39.193548040143,631.1799999997079,6127.624436362487
23560,39.193548040143,631.1999999997079,6127.686470792502
23561,39.193548040143,631.2199999997079,6127.748503910117
23562,39.193548040143,631.2399999997078,6127.810535715268
23563,39.193548040143,631.2599999997078,6127.872566207895
23564,39.193548040143,631.2799999997078,6127.934595387935
23565,39.193548040143,631.2999999997078,6127.996623255324
23566,39.193548040143,631.3199999997078,6128.058649810002
23567,39.193548040143,631.3399999997077,6128.120675051906
23568,39.193548040143,631.3599999997077,6128.182698980973
23569,39.193548040143,631.3799999997077,6128.2447215971415
23570,39.193548040143,631.3999999997077,6128.306742900349
23571,39.193548040143,631.4199999997077,6128.368762890533
23572,39.193548040143,631.4399999997077,6128.430781567631
23573,39.193548040143,631.4599999997076,6128.492798931582
23574,39.193548040143,631.4799999997076,6128.554814982323
23575,39.193548040143,631.4999999997076,6128.616829719791
23576,39.193548040143,631.5199999997076,6128.6788431439245
23577,39.193548040143,631.5399999997076,6128.740855254661
23578,39.193548040143,631.5599999997075,6128.802866051939
23579,39.193548040143,631.5799999997075,6128.864875535695
23580,39.193548040143,631.5999999997075,6128.926883705868
23581,39.193548040143,631.6199999997075,6128.988890562395
23582,39.193548040143,631.6399999997075,6129.050896105214
23583,39.193548040143,631.6599999997075,6129.112900334262
23584,39.193548040143,631.6799999997074,6129.174903249477
23585,39.193548040143,631.6999999997074,6129.236904850797
23586,39.193548040143,631.7199999997074,6129.29890513816
23587,39.193548040143,631.7399999997074,6129.360904111503
23588,39.193548040143,631.7599999997074,6129.422901770765
23589,39.193548040143,631.7799999997073,6129.484898115883
23590,39.193548040143,631.7999999997073,6129.546893146795
23591,39.193548040143,631.8199999997073,6129.608886863438
23592,39.193548040143,631.8399999997073,6129.67087926575
23593,39.193548040143,631.8599999997073,6129.73287035367
23594,39.193548040143,631.8799999997073,6129.794860127134
23595,39.193548040143,631.8999999997072,6129.85684858608
23596,39.193548040143,631.9199999997072,6129.9188357304465
23597,39.193548040143,631.9399999997072,6129.980821560171
23598,39.193548040143,631.9599999997072,6130.042806075295
23599,39.193548040143,631.9799999997072,6130.104789276062
23600,39.193548040143,631.9999999997071,6130.166771162432
23601,39.193548040143,632.0199999997071,6130.228751734346
23602,39.193548040143,632.0399999997071,6130.290730991741
23603,39.193548040143,632.0599999997071,6130.352708934557
23604,39.193548040143,632.0799999997071,6130.414685562942
23605,39.193548040143,632.099999999707,6130.476660881234
23606,39.193548040143,632.119999999707,6130.538634891889
23607,39.193548040143,632.139999999707,6130.600607594846
23608,39.193548040143,632.159999999707,6130.6625789900445
23609,39.193548040143,632.179999999707,6130.724549077423
23610,39.193548040143,632.199999999707,6130.786517856921
23611,39.193548040143,632.2199999997069,6130.848485328477
23612,39.193548040143,632.2399999997069,6130.910451492031
23613,39.193548040143,632.2599999997069,6130.972416347522
23614,39.193548040143,632.2799999997069,6131.034379894889
23615,39.193548040143,632.2999999997069,6131.09634213407
23616,39.193548040143,632.3199999997069,6131.158303065005
23617,39.193548040143,632.3399999997068,6131.220262687633
23618,39.193548040143,632.3599999997068,6131.282221001893
23619,39.193548040143,632.3799999997068,6131.344178007724
23620,39.193548040143,632.3999999997068,6131.406133705065
23621,39.193548040143,632.4199999997068,6131.468088093856
23622,39.13532515101445,632.4399999997067,6131.5300411740345
23623,39.13532515101445,632.4599999997067,6131.59199294554
23624,39.13532515101445,632.4799999997067,6131.653943408312
23625,39.13532515101445,632.4999999997067,6131.71589256229
23626,39.13532515101445,632.5199999997067,6131.777840407412
23627,39.13532515101445,632.5399999997067,6131.8397869436185
23628,39.13532515101445,632.5599999997066,6131.901732170847
23629,39.13532515101445,632.5799999997066,6131.963676089037
23630,39.13532515101445,632.5999999997066,6132.025618698129
23631,39.13532515101445,632.6199999997066,6132.08755999806
23632,39.13532515101445,632.6399999997066,6132.14949998877
23633,39.13532515101445,632.6599999997065,6132.211438670199
23634,39.13532515101445,632.6799999997065,6132.273376042284
23635,39.13532515101445,632.6999999997065,6132.335312104966
23636,39.13532515101445,632.7199999997065,6132.397246858183
23637,39.13532515101445,632.7399999997065,6132.459180301875
23638,39.13532515101445,632.7599999997065,6132.521112435979
23639,39.13532515101445,632.7799999997064,6132.583043260437
23640,39.13532515101445,632.7999999997064,6132.644972775186
23641,39.13532515101445,632.8199999997064,6132.706900980166
23642,39.13532515101445,632.8399999997064,6132.768827875316
23643,39.13532515101445,632.8599999997064,6132.830753460575
23644,39.13532515101445,632.8799999997063,6132.892677735881
23645,39.13532515101445,632.8999999997063,6132.954600701175
23646,39.13532515101445,632.9199999997063,6133.016522356395
23647,39.13532515101445,632.9399999997063,6133.0784427014805
23648,39.13532515101445,632.9599999997063,6133.14036173637
23649,39.13532515101445,632.9799999997063,6133.202279461004
23650,39.13532515101445,632.9999999997062,6133.264195875319
23651,39.13532515101445,633.0199999997062,6133.326110979257
23652,39.13532515101445,633.0399999997062,6133.388024772755
23653,39.13532515101445,633.0599999997062,6133.449937255753
23654,39.13532515101445,633.0799999997062,6133.51184842819
23655,39.13532515101445,633.0999999997061,6133.5737582902775
23656,39.13532515101445,633.1199999997061,6133.635666846358
23657,39.13532515101445,633.1399999997061,6133.697574098322
23658,39.13532515101445,633.1599999997061,6133.759480046108
23659,39.13532515101445,633.1799999997061,6133.821384689656
23660,39.13532515101445,633.199999999706,6133.883288028905
23661,39.13532515101445,633.219999999706,6133.945190063792
23662,39.13532515101445,633.239999999706,6134.007090794258
23663,39.13532515101445,633.259999999706,6134.068990220241
23664,39.13532515101445,633.279999999706,6134.1308883416805
23665,39.13532515101445,633.299999999706,6134.192785158515
23666,39.13532515101445,633.3199999997059,6134.254680670684
23667,39.13532515101445,633.3399999997059,6134.316574878127
23668,39.13532515101445,633.3599999997059,6134.378467780781
23669,39.13532515101445,633.3799999997059,6134.440359378586
23670,39.13532515101445,633.3999999997059,6134.502249671482
23671,39.13532515101445,633.4199999997059,6134.564138659407
23672,39.13532515101445,633.4399999997058,6134.6260263423
23673,39.13532515101445,633.4599999997058,6134.6879127201
23674,39.13532515101445,633.4799999997058,6134.749797792746
23675,39.13532515101445,633.4999999997058,6134.811681560177
23676,39.13532515101445,633.5199999997058,6134.873564022332
23677,39.13532515101445,633.5399999997057,6134.93544517915
23678,39.13532515101445,633.5599999997057,6134.997325030569
23679,39.13532515101445,633.5799999997057,6135.05920357653
23680,39.13532515101445,633.5999999997057,6135.121080816971
23681,39.13532515101445,633.6199999997057,6135.182956751831
23682,39.13532515101445,633.6399999997057,6135.244831381048
23683,39.13532515101445,633.6599999997056,6135.306704704562
23684,39.13532515101445,633.6799999997056,6135.368576722312
23685,39.13532515101445,633.6999999997056,6135.430447434237
23686,39.13532515101445,633.7199999997056,6135.492316840276
23687,39.13532515101445,633.7399999997056,6135.554184940367
23688,39.13532515101445,633.7599999997055,6135.616051734451
23689,39.13532515101445,633.7799999997055,6135.677917222464
23690,39.13532515101445,633.7999999997055,6135.739781404348
23691,39.13532515101445,633.8199999997055,6135.801644280041
23692,39.13532515101445,633.8399999997055,6135.863505849481
23693,39.13532515101445,633.8599999997055,6135.925366112608
23694,39.13532515101445,633.8799999997054,6135.987225069361
23695,39.13532515101445,633.8999999997054,6136.049082719678
23696,39.13532515101445,633.9199999997054,6136.110939063499
23697,39.13532515101445,633.9399999997054,6136.172794100763
23698,39.13532515101445,633.9599999997054,6136.234647831408
23699,39.13532515101445,633.9799999997053,6136.296500255375
23700,39.13532515101445,633.9999999997053,6136.358351372601
23701,39.13532515101445,634.0199999997053,6136.420201183025
23702,39.13532515101445,634.0399999997053,6136.482049686587
23703,39.13532515101445,634.0599999997053,6136.543896883226
23704,39.13532515101445,634.0799999997053,6136.60574277288
23705,39.13532515101445,634.0999999997052,6136.66758735549
23706,39.13532515101445,634.1199999997052,6136.729430631352
23707,39.13532515101445,634.1399999997052,6136.7912726052555
23708,39.13532515101445,634.1599999997052,6136.853113278741
23709,39.13532515101445,634.1799999997052,6136.914952651749
23710,39.13532515101445,634.1999999997051,6136.9767907242185
23711,39.13532515101445,634.2199999997051,6137.038627496087
23712,39.13532515101445,634.2399999997051,6137.100462967295
23713,39.13532515101445,634.2599999997051,6137.162297137781
23714,39.13532515101445,634.2799999997051,6137.224130007484
23715,39.13532515101445,634.299999999705,6137.285961576342
23716,39.13532515101445,634.319999999705,6137.347791844295
23717,39.13532515101445,634.339999999705,6137.4096208112815
23718,39.13532515101445,634.359999999705,6137.471448477241
23719,39.13532515101445,634.379999999705,6137.533274842112
23720,39.13532515101445,634.399999999705,6137.595099905834
23721,39.13532515101445,634.4199999997049,6137.656923668345
23722,39.13532515101445,634.4399999997049,6137.718746129585
23723,39.13532515101445,634.4599999997049,6137.780567289493
23724,39.13532515101445,634.4799999997049,6137.842387148006
23725,39.13532515101445,634.4999999997049,6137.904205705066
23726,39.13532515101445,634.5199999997049,6137.96602296061
23727,39.13532515101445,634.5399999997048,6138.027838914577
23728,39.13532515101445,634.5599999997048,6138.089653566906
23729,39.13532515101445,634.5799999997048,6138.151466917537
23730,39.13532515101445,634.5999999997048,6138.213278966407
23731,39.13532515101445,634.6199999997048,6138.275089713457
23732,39.13532515101445,634.6399999997047,6138.336899158626
23733,39.13532515101445,634.6599999997047,6138.398707301852
23734,39.13532515101445,634.6799999997047,6138.460514143074
23735,39.13532515101445,634.6999999997047,6138.522319682231
23736,39.13532515101445,634.7199999997047,6138.584123919262
23737,39.13532515101445,634.7399999997047,6138.645926854107
23738,39.13532515101445,634.7599999997046,6138.707728486703
23739,39.13532515101445,634.7799999997046,6138.769528816991
23740,39.13532515101445,634.7999999997046,6138.831327844909
23741,39.13532515101445,634.8199999997046,6138.893125570396
23742,39.13532515101445,634.8399999997046,6138.954921993391
23743,39.13532515101445,634.8599999997045,6139.016717113833
23744,39.13532515101445,634.8799999997045,6139.07851093166
23745,39.13532515101445,634.8999999997045,6139.140303446813
23746,39.13532515101445,634.9199999997045,6139.20209465923
23747,39.13532515101445,634.9399999997045,6139.26388456885
23748,39.13532515101445,634.9599999997045,6139.325673175612
23749,39.13532515101445,634.9799999997044,6139.387460479455
23750,39.13532515101445,634.9999999997044,6139.449246480317
23751,39.13532515101445,635.0199999997044,6139.511031178138
23752,39.13532515101445,635.0399999997044,6139.572814572857
23753,39.13532515101445,635.0599999997044,6139.634596664413
23754,39.13532515101445,635.0799999997043,6139.696377452745
23755,39.13532515101445,635.0999999997043,6139.758156937792
23756,39.13532515101445,635.1199999997043,6139.819935119493
23757,39.13532515101445,635.1399999997043,6139.881711998239
23758,39.13532515101445,635.1599999997043,6139.943487579278
23759,39.13532515101445,635.1799999997043,6140.005261863788
23760,39.13532515101445,635.1999999997042,6140.067034851918
23761,39.13532515101445,635.2199999997042,6140.128806543767
23762,39.13532515101445,635.2399999997042,6140.190576939272
23763,39.13532515101445,635.2599999997042,6140.2523460383745
23764,39.13532515101445,635.2799999997042,6140.31411384101
23765,39.13532515101445,635.2999999997041,6140.375880347118
23766,39.13532515101445,635.3199999997041,6140.437645556637
23767,39.13532515101445,635.3399999997041,6140.499409469505
23768,39.13532515101445,635.3599999997041,6140.5611720856605
23769,39.13532515101445,635.3799999997041,6140.622933405042
23770,39.13532515101445,635.399999999704,6140.684693427588
23771,39.13532515101445,635.419999999704,6140.7464521532365
23772,39.13532515101445,635.439999999704,6140.808209581925
23773,39.13532515101445,635.459999999704,6140.869965713594
23774,39.13532515101445,635.479999999704,6140.93172054818
23775,39.13532515101445,635.499999999704,6140.993474085622
23776,39.13532515101445,635.5199999997039,6141.055226325859
23777,39.13532515101445,635.5399999997039,6141.116977268828
23778,39.13532515101445,635.5599999997039,6141.178726914469
23779,39.13532515101445,635.5799999997039,6141.240475262719
23780,39.13532515101445,635.5999999997039,6141.302222313517
23781,39.13532515101445,635.6199999997039,6141.363968066801
23782,39.13532515101445,635.6399999997038,6141.4257125225095
23783,39.13532515101445,635.6599999997038,6141.487455680581
23784,39.13532515101445,635.6799999997038,6141.549197540954
23785,39.13532515101445,635.6999999997038,6141.610938103567
23786,39.13532515101445,635.7199999997038,6141.672677368358
23787,39.13532515101445,635.7399999997037,6141.734415335265
23788,39.13532515101445,635.7599999997037,6141.796152004227
23789,39.13532515101445,635.7799999997037,6141.857887375183
23790,39.13532515101445,635.7999999997037,6141.91962144807
23791,39.13532515101445,635.8199999997037,6141.981354222827
23792,39.13532515101445,635.8399999997037,6142.043085699393
23793,39.077246271592635,635.8599999997036,6142.104815877705
23794,39.077246271592635,635.8799999997036,6142.1665447577025
23795,39.077246271592635,635.8999999997036,6142.228272339324
23796,39.077246271592635,635.9199999997036,6142.289998622507
23797,39.077246271592635,635.9399999997036,6142.35172360719
23798,39.077246271592635,635.9599999997035,6142.413447293312
23799,39.077246271592635,635.9799999997035,6142.475169680811
23800,39.077246271592635,635.9999999997035,6142.536890769626
23801,39.077246271592635,636.0199999997035,6142.598610559694
23802,39.077246271592635,636.0399999997035,6142.660329050955
23803,39.077246271592635,636.0599999997035,6142.722046243346
23804,39.077246271592635,636.0799999997034,6142.783762136806
23805,39.077246271592635,636.0999999997034,6142.845476731274
23806,39.077246271592635,636.1199999997034,6142.907190026687
23807,39.077246271592635,636.1399999997034,6142.968902022985
23808,39.077246271592635,636.1599999997034,6143.030612720606
23809,39.077246271592635,636.1799999997033,6143.0923221247585
23810,39.077246271592635,636.1999999997033,6143.154030236152
23811,39.077246271592635,636.2199999997033,6143.215737054725
23812,39.077246271592635,636.2399999997033,6143.277442580417
23813,39.077246271592635,636.2599999997033,6143.3391468131695
23814,39.077246271592635,636.2799999997033,6143.40084975292
23815,39.077246271592635,636.2999999997032,6143.46255139961
23816,39.077246271592635,636.3199999997032,6143.524251753177
23817,39.077246271592635,636.3399999997032,6143.585950813562
23818,39.077246271592635,636.3599999997032,6143.647648580703
23819,39.077246271592635,636.3799999997032,6143.709345054542
23820,39.077246271592635,636.3999999997031,6143.771040235016
23821,39.077246271592635,636.4199999997031,6143.8327341220665
23822,39.077246271592635,636.4399999997031,6143.894426715632
23823,39.077246271592635,636.4599999997031,6143.9561180156525
23824,39.077246271592635,636.4799999997031,6144.017808022068
23825,39.077246271592635,636.499999999703,6144.0794967348165
23826,39.077246271592635,636.519999999703,6144.141184153839
23827,39.077246271592635,636.539999999703,6144.202870279076
23828,39.077246271592635,636.559999999703,6144.264555110465
23829,39.077246271592635,636.579999999703,6144.326238647946
23830,39.077246271592635,636.599999999703,6144.3879208914595
23831,39.077246271592635,636.6199999997029,6144.4496018409445
23832,39.077246271592635,636.6399999997029,6144.51128149634
23833,39.077246271592635,636.6599999997029,6144.572959857587
23834,39.077246271592635,636.6799999997029,6144.634636924624
23835,39.077246271592635,636.6999999997029,6144.696312697391
23836,39.077246271592635,636.7199999997028,6144.757987175827
23837,39.077246271592635,636.7399999997028,6144.819660359873
23838,39.077246271592635,636.7599999997028,6144.881332249467
23839,39.077246271592635,636.7799999997028,6144.9430028445495
23840,39.077246271592635,636.7999999997028,6145.00467214506
23841,39.077246271592635,636.8199999997028,6145.066340150937
23842,39.077246271592635,636.8399999997027,6145.128006862122
23843,39.077246271592635,636.8599999997027,6145.189672278552
23844,39.077246271592635,636.8799999997027,6145.25133640017
23845,39.077246271592635,636.8999999997027,6145.312999226912
23846,39.077246271592635,636.9199999997027,6145.374660758721
23847,39.077246271592635,636.9399999997026,6145.436320995534
23848,39.077246271592635,636.9599999997026,6145.497979937291
23849,39.077246271592635,636.9799999997026,6145.559637583933
23850,39.077246271592635,636.9999999997026,6145.621293935399
23851,39.077246271592635,637.0199999997026,6145.682948991628
23852,39.077246271592635,637.0399999997026,6145.74460275256
23853,39.077246271592635,637.0599999997025,6145.8062552181345
23854,39.077246271592635,637.0799999997025,6145.867906388291
23855,39.077246271592635,637.0999999997025,6145.929556262969
23856,39.077246271592635,637.1199999997025,6145.991204842107
23857,39.077246271592635,637.1399999997025,6146.052852125647
23858,39.077246271592635,637.1599999997024,6146.1144981135285
23859,39.077246271592635,637.1799999997024,6146.1761428064165
23860,39.077246271592635,637.1999999997024,6146.237786209723
23861,39.077246271592635,637.2199999997024,6146.299428323915
23862,39.077246271592635,637.2399999997024,6146.361069148933
23863,39.077246271592635,637.2599999997024,6146.422708684717
23864,39.077246271592635,637.2799999997023,6146.484346931206
23865,39.077246271592635,637.2999999997023,6146.545983888343
23866,39.077246271592635,637.3199999997023,6146.6076195560645
23867,39.077246271592635,637.3399999997023,6146.669253934312
23868,39.077246271592635,637.3599999997023,6146.730887023026
23869,39.077246271592635,637.3799999997022,6146.792518822146
23870,39.077246271592635,637.3999999997022,6146.8541493316125
23871,39.077246271592635,637.4199999997022,6146.915778551364
23872,39.077246271592635,637.4399999997022,6146.977406481343
23873,39.077246271592635,637.4599999997022,6147.039033121488
23874,39.077246271592635,637.4799999997022,6147.100658471739
23875,39.077246271592635,637.4999999997021,6147.1622825320355
23876,39.077246271592635,637.5199999997021,6147.223905302319
23877,39.077246271592635,637.5399999997021,6147.285526782528
23878,39.077246271592635,637.5599999997021,6147.347146972604
23879,39.077246271592635,637.5799999997021,6147.408765872486
23880,39.077246271592635,637.599999999702,6147.470383482115
23881,39.077246271592635,637.619999999702,6147.53199980143
23882,39.077246271592635,637.639999999702,6147.593614830372
23883,39.077246271592635,637.659999999702,6147.6552285688795
23884,39.077246271592635,637.679999999702,6147.716841016894
23885,39.077246271592635,637.699999999702,6147.778452174355
23886,39.077246271592635,637.7199999997019,6147.840062041203
23887,39.077246271592635,637.7399999997019,6147.901670617378
23888,39.077246271592635,637.7599999997019,6147.963277902819
23889,39.077246271592635,637.7799999997019,6148.024883897467
23890,39.077246271592635,637.7999999997019,6148.086488601261
23891,39.077246271592635,637.8199999997018,6148.148092014143
23892,39.077246271592635,637.8399999997018,6148.209694136051
23893,39.077246271592635,637.8599999997018,6148.271294966927
23894,39.077246271592635,637.8799999997018,6148.332894506709
23895,39.077246271592635,637.8999999997018,6148.394492755338
23896,39.077246271592635,637.9199999997018,6148.456089712755
23897,39.077246271592635,637.9399999997017,6148.517685378898
23898,39.077246271592635,637.9599999997017,6148.579279753709
23899,39.077246271592635,637.9799999997017,6148.640872837126
23900,39.077246271592635,637.9999999997017,6148.702464629091
23901,39.077246271592635,638.0199999997017,6148.7640551295435
23902,39.077246271592635,638.0399999997016,6148.825644338423
23903,39.077246271592635,638.0599999997016,6148.887232255671
23904,39.077246271592635,638.0799999997016,6148.948818881226
23905,39.077246271592635,638.0999999997016,6149.010404215028
23906,39.077246271592635,638.1199999997016,6149.071988257017
23907,39.077246271592635,638.1399999997016,6149.133571007134
23908,39.077246271592635,638.1599999997015,6149.195152465319
23909,39.077246271592635,638.1799999997015,6149.256732631511
23910,39.077246271592635,638.1999999997015,6149.318311506785
23911,39.077246271592635,638.2199999997015,6149.3798890962835
23912,39.077246271592635,638.2399999997015,6149.441465400398
23913,39.077246271592635,638.2599999997014,6149.503040419067
23914,39.077246271592635,638.2799999997014,6149.564614152229
23915,39.077246271592635,638.2999999997014,6149.626186599825
23916,39.077246271592635,638.3199999997014,6149.687757761792
23917,39.077246271592635,638.3399999997014,6149.749327638071
23918,39.077246271592635,638.3599999997014,6149.8108962286
23919,39.077246271592635,638.3799999997013,6149.872463533318
23920,39.077246271592635,638.3999999997013,6149.934029552165
23921,39.077246271592635,638.4199999997013,6149.995594285079
23922,39.077246271592635,638.4399999997013,6150.057157732213
23923,39.077246271592635,638.4599999997013,6150.118719893772
23924,39.077246271592635,638.4799999997012,6150.180280769702
23925,39.077246271592635,638.4999999997012,6150.241840359942
23926,39.077246271592635,638.5199999997012,6150.303398664433
23927,39.077246271592635,638.5399999997012,6150.364955683114
23928,39.077246271592635,638.5599999997012,6150.426511415925
23929,39.077246271592635,638.5799999997012,6150.488065862807
23930,39.077246271592635,638.5999999997011,6150.549619023699
23931,39.077246271592635,638.6199999997011,6150.611170898542
23932,39.077246271592635,638.6399999997011,6150.672721487274
23933,39.077246271592635,638.6599999997011,6150.734270789838
23934,39.077246271592635,638.6799999997011,6150.795818806171
23935,39.077246271592635,638.699999999701,6150.857365536215
23936,39.077246271592635,638.719999999701,6150.918910979909
23937,39.077246271592635,638.739999999701,6150.9804551371935
23938,39.077246271592635,638.759999999701,6151.041998008008
23939,39.077246271592635,638.779999999701,6151.103539592293
23940,39.077246271592635,638.799999999701,6151.165079889987
23941,39.077246271592635,638.8199999997009,6151.226618901032
23942,39.077246271592635,638.8399999997009,6151.288156625367
23943,39.077246271592635,638.8599999997009,6151.349693062933
23944,39.077246271592635,638.8799999997009,6151.4112282136675
23945,39.077246271592635,638.8999999997009,6151.472762077513
23946,39.077246271592635,638.9199999997008,6151.534294654408
23947,39.077246271592635,638.9399999997008,6151.595825944293
23948,39.077246271592635,638.9599999997008,6151.657355947109
23949,39.077246271592635,638.9799999997008,6151.718884662794
23950,39.077246271592635,638.9999999997008,6151.78041209129
23951,39.077246271592635,639.0199999997008,6151.8419382325355
23952,39.077246271592635,639.0399999997007,6151.903463086472
23953,39.077246271592635,639.0599999997007,6151.964986653037
23954,39.077246271592635,639.0799999997007,6152.026508932173
23955,39.077246271592635,639.0999999997007,6152.088029923819
23956,39.077246271592635,639.1199999997007,6152.149549627915
23957,39.077246271592635,639.1399999997006,6152.211068044401
23958,39.077246271592635,639.1599999997006,6152.272585173217
23959,39.077246271592635,639.1799999997006,6152.334101014302
23960,39.077246271592635,639.1999999997006,6152.395615567598
23961,39.077246271592635,639.2199999997006,6152.457128834585
23962,39.077246271592635,639.2399999997006,6152.518640820111
23963,39.077246271592635,639.2599999997005,6152.580151524489
23964,39.01931090369522,639.2799999997005,6152.641660947662
23965,39.01931090369522,639.2999999997005,6152.70316908957
23966,39.01931090369522,639.3199999997005,6152.764675950155
23967,39.01931090369522,639.3399999997005,6152.826181529357
23968,39.01931090369522,639.3599999997004,6152.887685827118
23969,39.01931090369522,639.3799999997004,6152.949188843379
23970,39.01931090369522,639.3999999997004,6153.01069057808
23971,39.01931090369522,639.4199999997004,6153.072191031164
23972,39.01931090369522,639.4399999997004,6153.133690202571
23973,39.01931090369522,639.4599999997004,6153.1951880922425
23974,39.01931090369522,639.4799999997003,6153.256684700119
23975,39.01931090369522,639.4999999997003,6153.318180026143
23976,39.01931090369522,639.5199999997003,6153.379674070255
23977,39.01931090369522,639.5399999997003,6153.441166832395
23978,39.01931090369522,639.5599999997003,6153.502658312505
23979,39.01931090369522,639.5799999997002,6153.564148510527
23980,39.01931090369522,639.5999999997002,6153.625637426401
23981,39.01931090369522,639.6199999997002,6153.687125060069
23982,39.01931090369522,639.6399999997002,6153.748611411472
23983,39.01931090369522,639.6599999997002,6153.81009648055
23984,39.01931090369522,639.6799999997002,6153.871580267245
23985,39.01931090369522,639.6999999997001,6153.933062771499
23986,39.01931090369522,639.7199999997001,6153.994543993252
23987,39.01931090369522,639.7399999997001,6154.056023932445
23988,39.01931090369522,639.7599999997001,6154.11750258902
23989,39.01931090369522,639.7799999997001,6154.178979962918
23990,39.01931090369522,639.7999999997,6154.240456054079
23991,39.01931090369522,639.8199999997,6154.301930862445
23992,39.01931090369522,639.8399999997,6154.363404387958
23993,39.01931090369522,639.8599999997,6154.424876630559
23994,39.01931090369522,639.8799999997,6154.4863475901875
23995,39.01931090369522,639.8999999997,6154.547817266786
23996,39.01931090369522,639.9199999996999,6154.609285660295
23997,39.01931090369522,639.9399999996999,6154.670752770657
23998,39.01931090369522,639.9599999996999,6154.732218597811
23999,39.01931090369522,639.9799999996999,6154.7936831417
24000,39.01931090369522,639.9999999996999,6154.855146402265
24001,39.01931090369522,640.0199999996998,6154.916608379446
24002,39.01931090369522,640.0399999996998,6154.978069073185
24003,39.01931090369522,640.0599999996998,6155.039528483423
24004,39.01931090369522,640.0799999996998,6155.100986610101
24005,39.01931090369522,640.0999999996998,6155.16244345316
24006,39.01931090369522,640.1199999996998,6155.2238990125425
24007,39.01931090369522,640.1399999996997,6155.285353288188
24008,39.01931090369522,640.1599999996997,6155.346806280038
24009,39.01931090369522,640.1799999996997,6155.408257988035
24010,39.01931090369522,640.1999999996997,6155.469708412119
24011,39.01931090369522,640.2199999996997,6155.531157552231
24012,39.01931090369522,640.2399999996996,6155.59260541015
24013,39.01931090369522,640.2599999996996,6155.654051990153
24014,39.01931090369522,640.2799999996996,6155.715497292456
24015,39.01931090369522,640.2999999996996,6155.776941317002
24016,39.01931090369522,640.3199999996996,6155.83838406373
24017,39.01931090369522,640.3399999996996,6155.8998255325805
24018,39.01931090369522,640.3599999996995,6155.961265723495
24019,39.01931090369522,640.3799999996995,6156.022704636413
24020,39.01931090369522,640.3999999996995,6156.084142271277
24021,39.01931090369522,640.4199999996995,6156.145578628027
24022,39.01931090369522,640.4399999996995,6156.207013706602
24023,39.01931090369522,640.4599999996994,6156.268447506944
24024,39.01931090369522,640.4799999996994,6156.329880028993
24025,39.01931090369522,640.4999999996994,6156.3913112726905
24026,39.01931090369522,640.5199999996994,6156.452741237977
24027,39.01931090369522,640.5399999996994,6156.5141699247915
24028,39.01931090369522,640.5599999996994,6156.575597333076
24029,39.01931090369522,640.5799999996993,6156.637023462771
24030,39.01931090369522,640.5999999996993,6156.698448313818
24031,39.01931090369522,640.6199999996993,6156.759871886156
24032,39.01931090369522,640.6399999996993,6156.821294179727
24033,39.01931090369522,640.6599999996993,6156.8827151944715
24034,39.01931090369522,640.6799999996992,6156.944134930329
24035,39.01931090369522,640.6999999996992,6157.00555338724
24036,39.01931090369522,640.7199999996992,6157.066970565146
24037,39.01931090369522,640.7399999996992,6157.128386463988
24038,39.01931090369522,640.7599999996992,6157.189801083707
24039,39.01931090369522,640.7799999996992,6157.251214424242
24040,39.01931090369522,640.7999999996991,6157.312626485535
24041,39.01931090369522,640.8199999996991,6157.374037267525
24042,39.01931090369522,640.8399999996991,6157.435446770154
24043,39.01931090369522,640.8599999996991,6157.496854993363
24044,39.01931090369522,640.8799999996991,6157.558261937092
24045,39.01931090369522,640.899999999699,6157.6196676012805
24046,39.01931090369522,640.919999999699,6157.681071985871
24047,39.01931090369522,640.939999999699,6157.742475090804
24048,39.01931090369522,640.959999999699,6157.803876916019
24049,39.01931090369522,640.979999999699,6157.8652774614575
24050,39.01931090369522,640.999999999699,6157.926676727059
24051,39.01931090369522,641.0199999996989,6157.988074712765
24052,39.01931090369522,641.0399999996989,6158.049471418517
24053,39.01931090369522,641.0599999996989,6158.110866844255
24054,39.01931090369522,641.0799999996989,6158.172260989919
24055,39.01931090369522,641.0999999996989,6158.23365385545
24056,39.01931090369522,641.1199999996988,6158.295045440788
24057,39.01931090369522,641.1399999996988,6158.356435745875
24058,39.01931090369522,641.1599999996988,6158.417824770651
24059,39.01931090369522,641.1799999996988,6158.479212515057
24060,39.01931090369522,641.1999999996988,6158.540598979033
24061,39.01931090369522,641.2199999996988,6158.60198416252
24062,39.01931090369522,641.2399999996987,6158.663368065459
24063,39.01931090369522,641.2599999996987,6158.72475069007
24064,39.01931090369522,641.2799999996987,6158.78613204044
24065,39.01931090369522,641.2999999996987,6158.847512116716
24066,39.01931090369522,641.3199999996987,6158.908890918838
24067,39.01931090369522,641.3399999996986,6158.9702684467475
24068,39.01931090369522,641.3599999996986,6159.031644700385
24069,39.01931090369522,641.3799999996986,6159.093019679691
24070,39.01931090369522,641.3999999996986,6159.154393384606
24071,39.01931090369522,641.4199999996986,6159.215765815071
24072,39.01931090369522,641.4399999996986,6159.277136971026
24073,39.01931090369522,641.4599999996985,6159.338506852413
24074,39.01931090369522,641.4799999996985,6159.399875459171
24075,39.01931090369522,641.4999999996985,6159.461242791242
24076,39.01931090369522,641.5199999996985,6159.522608848565
24077,39.01931090369522,641.5399999996985,6159.583973631083
24078,39.01931090369522,641.5599999996984,6159.645337138735
24079,39.01931090369522,641.5799999996984,6159.7066993714625
24080,39.01931090369522,641.5999999996984,6159.768060329206
24081,39.01931090369522,641.6199999996984,6159.829420011905
24082,39.01931090369522,641.6399999996984,6159.890778419503
24083,39.01931090369522,641.6599999996984,6159.952135551937
24084,39.01931090369522,641.6799999996983,6160.013491409165
24085,39.01931090369522,641.6999999996983,6160.074845991376
24086,39.01931090369522,641.7199999996983,6160.136199298632
24087,39.01931090369522,641.7399999996983,6160.1975513308735
24088,39.01931090369522,641.7599999996983,6160.258902088041
24089,39.01931090369522,641.7799999996982,6160.320251570075
24090,39.01931090369522,641.7999999996982,6160.381599776914
24091,39.01931090369522,641.8199999996982,6160.4429467085
24092,39.01931090369522,641.8399999996982,6160.5042923647725
24093,39.01931090369522,641.8599999996982,6160.565636745671
24094,39.01931090369522,641.8799999996982,6160.626979851138
24095,39.01931090369522,641.8999999996981,6160.688321681111
24096,39.01931090369522,641.9199999996981,6160.749662235532
24097,39.01931090369522,641.9399999996981,6160.81100151434
24098,39.01931090369522,641.9599999996981,6160.872339517476
24099,39.01931090369522,641.9799999996981,6160.933676244879
24100,39.01931090369522,641.999999999698,6160.995011696491
24101,39.01931090369522,642.019999999698,6161.056345872251
24102,39.01931090369522,642.039999999698,6161.1176787721
24103,39.01931090369522,642.059999999698,6161.1790103959775
24104,39.01931090369522,642.079999999698,6161.240340743824
24105,39.01931090369522,642.099999999698,6161.30166981558
24106,39.01931090369522,642.1199999996979,6161.362997611184
24107,39.01931090369522,642.1399999996979,6161.4243241305785
24108,39.01931090369522,642.1599999996979,6161.4856493737025
24109,39.01931090369522,642.1799999996979,6161.546973340496
24110,39.01931090369522,642.1999999996979,6161.6082960309
24111,39.01931090369522,642.2199999996978,6161.669617444855
24112,39.01931090369522,642.2399999996978,6161.730937582301
24113,39.01931090369522,642.2599999996978,6161.7922564431765
24114,39.01931090369522,642.2799999996978,6161.853574030174
24115,39.01931090369522,642.2999999996978,6161.914890347176
24116,39.01931090369522,642.3199999996978,6161.976205394257
24117,39.01931090369522,642.3399999996977,6162.037519171356
24118,39.01931090369522,642.3599999996977,6162.098831678414
24119,39.01931090369522,642.3799999996977,6162.160142915372
24120,39.01931090369522,642.3999999996977,6162.22145288217
24121,39.01931090369522,642.4199999996977,6162.282761578748
24122,39.01931090369522,642.4399999996976,6162.344069005048
24123,39.01931090369522,642.4599999996976,6162.40537516101
24124,39.01931090369522,642.4799999996976,6162.466680046574
24125,39.01931090369522,642.4999999996976,6162.52798366168
24126,39.01931090369522,642.5199999996976,6162.5892860062695
24127,39.01931090369522,642.5399999996976,6162.650587080283
24128,39.01931090369522,642.5599999996975,6162.711886883661
24129,39.01931090369522,642.5799999996975,6162.773185416343
24130,39.01931090369522,642.5999999996975,6162.834482678271
24131,39.01931090369522,642.6199999996975,6162.895778669385
24132,39.01931090369522,642.6399999996975,6162.957073389626
24133,39.01931090369522,642.6599999996974,6163.018366838934
24134,39.01931090369522,642.6799999996974,6163.079659017249
24135,39.01931090369522,642.6999999996974,6163.140949924511
24136,39.01931090369522,642.7199999996974,6163.202239560662
24137,38.96151855135347,642.7399999996974,6163.263527925642
24138,38.96151855135347,642.7599999996974,6163.324815019392
24139,38.96151855135347,642.7799999996973,6163.386100841852
24140,38.96151855135347,642.7999999996973,6163.447385392962
24141,38.96151855135347,642.8199999996973,6163.508668672664
24142,38.96151855135347,642.8399999996973,6163.569950680897
24143,38.96151855135347,642.8599999996973,6163.631231417602
24144,38.96151855135347,642.8799999996972,6163.692510882721
24145,38.96151855135347,642.8999999996972,6163.753789076192
24146,38.96151855135347,642.9199999996972,6163.815065997957
24147,38.96151855135347,642.9399999996972,6163.876341647957
24148,38.96151855135347,642.9599999996972,6163.937616026132
24149,38.96151855135347,642.9799999996972,6163.998889132422
24150,38.96151855135347,642.9999999996971,6164.060160966768
24151,38.96151855135347,643.0199999996971,6164.121431529111
24152,38.96151855135347,643.0399999996971,6164.18270081939
24153,38.96151855135347,643.0599999996971,6164.243968837548
24154,38.96151855135347,643.0799999996971,6164.305235583523
24155,38.96151855135347,643.099999999697,6164.366501057258
24156,38.96151855135347,643.119999999697,6164.427765258691
24157,38.96151855135347,643.139999999697,6164.489028187763
24158,38.96151855135347,643.159999999697,6164.5502898444165
24159,38.96151855135347,643.179999999697,6164.611550228591
24160,38.96151855135347,643.199999999697,6164.672809340227
24161,38.96151855135347,643.2199999996969,6164.7340671792645
24162,38.96151855135347,643.2399999996969,6164.795323745644
24163,38.96151855135347,643.2599999996969,6164.856579039307
24164,38.96151855135347,643.2799999996969,6164.9178330601935
24165,38.96151855135347,643.2999999996969,6164.979085811176
24166,38.96151855135347,643.3199999996968,6165.040337295563
24167,38.96151855135347,643.3399999996968,6165.101587513344
24168,38.96151855135347,643.3599999996968,6165.16283646446
24169,38.96151855135347,643.3799999996968,6165.224084148851
24170,38.96151855135347,643.3999999996968,6165.2853305664585
24171,38.96151855135347,643.4199999996968,6165.3465757172235
24172,38.96151855135347,643.4399999996967,6165.407819601087
24173,38.96151855135347,643.4599999996967,6165.46906221799
24174,38.96151855135347,643.4799999996967,6165.530303567873
24175,38.96151855135347,643.4999999996967,6165.591543650677
24176,38.96151855135347,643.5199999996967,6165.652782466343
24177,38.96151855135347,643.5399999996966,6165.7140200148115
24178,38.96151855135347,643.5599999996966,6165.775256296024
24179,38.96151855135347,643.5799999996966,6165.836491309921
24180,38.96151855135347,643.5999999996966,6165.897725056444
24181,38.96151855135347,643.6199999996966,6165.958957535533
24182,38.96151855135347,643.6399999996966,6166.020188747129
24183,38.96151855135347,643.6599999996965,6166.081418691174
24184,38.96151855135347,643.6799999996965,6166.142647367608
24185,38.96151855135347,643.6999999996965,6166.203874776373
24186,38.96151855135347,643.7199999996965,6166.265100917408
24187,38.96151855135347,643.7399999996965,6166.326325790655
24188,38.96151855135347,643.7599999996964,6166.387549396055
24189,38.96151855135347,643.7799999996964,6166.448771733549
24190,38.96151855135347,643.7999999996964,6166.509992803078
24191,38.96151855135347,643.8199999996964,6166.571212604582
24192,38.96151855135347,643.8399999996964,6166.632431138003
24193,38.96151855135347,643.8599999996964,6166.693648403282
24194,38.96151855135347,643.8799999996963,6166.754864400359
24195,38.96151855135347,643.8999999996963,6166.816079129176
24196,38.96151855135347,643.9199999996963,6166.877292589673
24197,38.96151855135347,643.9399999996963,6166.9385047817905
24198,38.96151855135347,643.9599999996963,6166.99971570547
24199,38.96151855135347,643.9799999996962,6167.0609253606535
24200,38.96151855135347,643.9999999996962,6167.122133747281
24201,38.96151855135347,644.0199999996962,6167.183340865293
24202,38.96151855135347,644.0399999996962,6167.244546714631
24203,38.96151855135347,644.0599999996962,6167.3057512952355
24204,38.96151855135347,644.0799999996962,6167.366954607048
24205,38.96151855135347,644.0999999996961,6167.428156650009
24206,38.96151855135347,644.1199999996961,6167.4893574240605
24207,38.96151855135347,644.1399999996961,6167.550556929142
24208,38.96151855135347,644.1599999996961,6167.611755165195
24209,38.96151855135347,644.1799999996961,6167.67295213216
24210,38.96151855135347,644.199999999696,6167.7341478299795
24211,38.96151855135347,644.219999999696,6167.795342258592
24212,38.96151855135347,644.239999999696,6167.856535417941
24213,38.96151855135347,644.259999999696,6167.917727307966
24214,38.96151855135347,644.279999999696,6167.978917928607
24215,38.96151855135347,644.299999999696,6168.040107279834
24216,38.96151855135347,644.3199999996959,6168.101295364967
24217,38.96151855135347,644.3399999996959,6168.162482187081
24218,38.96151855135347,644.3599999996959,6168.223667746118
24219,38.96151855135347,644.3799999996959,6168.284852042018
24220,38.96151855135347,644.3999999996959,6168.346035074724
24221,38.96151855135347,644.4199999996958,6168.407216844175
24222,38.96151855135347,644.4399999996958,6168.468397350314
24223,38.96151855135347,644.4599999996958,6168.529576593082
24224,38.96151855135347,644.4799999996958,6168.59075457242
24225,38.96151855135347,644.4999999996958,6168.651931288269
24226,38.96151855135347,644.5199999996958,6168.713106740571
24227,38.96151855135347,644.5399999996957,6168.774280929266
24228,38.96151855135347,644.5599999996957,6168.835453854295
24229,38.96151855135347,644.5799999996957,6168.896625515601
24230,38.96151855135347,644.5999999996957,6168.957795913124
24231,38.96151855135347,644.6199999996957,6169.0189650468055
24232,38.96151855135347,644.6399999996956,6169.080132916587
24233,38.96151855135347,644.6599999996956,6169.141299522409
24234,38.96151855135347,644.6799999996956,6169.202464864214
24235,38.96151855135347,644.6999999996956,6169.2636289419415
24236,38.96151855135347,644.7199999996956,6169.324791755534
24237,38.96151855135347,644.7399999996956,6169.385953304932
24238,38.96151855135347,644.7599999996955,6169.447113590078
24239,38.96151855135347,644.7799999996955,6169.508272610911
24240,38.96151855135347,644.7999999996955,6169.5694303673745
24241,38.96151855135347,644.8199999996955,6169.630586859409
24242,38.96151855135347,644.8399999996955,6169.691742086956
24243,38.96151855135347,644.8599999996954,6169.752896049956
24244,38.96151855135347,644.8799999996954,6169.81404874835
24245,38.96151855135347,644.8999999996954,6169.875200182079
24246,38.96151855135347,644.9199999996954,6169.936350351087
24247,38.96151855135347,644.9399999996954,6169.9974992553125
24248,38.96151855135347,644.9599999996954,6170.058646894894
24249,38.96151855135347,644.9799999996953,6170.119793269996
24250,38.96151855135347,644.9999999996953,6170.180938380563
24251,38.96151855135347,645.0199999996953,6170.242082226537
24252,38.96151855135347,645.0399999996953,6170.303224807859
24253,38.96151855135347,645.0599999996953,6170.364366124471
24254,38.96151855135347,645.0799999996952,6170.425506176317
24255,38.96151855135347,645.0999999996952,6170.486644963336
24256,38.96151855135347,645.1199999996952,6170.547782485472
24257,38.96151855135347,645.1399999996952,6170.608918742667
24258,38.96151855135347,645.1599999996952,6170.670053734861
24259,38.96151855135347,645.1799999996952,6170.731187461996
24260,38.96151855135347,645.1999999996951,6170.792319924016
24261,38.96151855135347,645.2199999996951,6170.853451120861
24262,38.96151855135347,645.2399999996951,6170.914581052474
24263,38.96151855135347,645.2599999996951,6170.975709718797
24264,38.96151855135347,645.2799999996951,6171.03683711977
24265,38.96151855135347,645.299999999695,6171.097963255337
24266,38.96151855135347,645.319999999695,6171.159088125546
24267,38.96151855135347,645.339999999695,6171.220211734137
24268,38.96151855135347,645.359999999695,6171.281334083878
24269,38.96151855135347,645.379999999695,6171.342455174713
24270,38.96151855135347,645.399999999695,6171.403575006582
24271,38.96151855135347,645.4199999996949,6171.464693579427
24272,38.96151855135347,645.4399999996949,6171.5258108931885
24273,38.96151855135347,645.4599999996949,6171.586926947807
24274,38.96151855135347,645.4799999996949,6171.648041743225
24275,38.96151855135347,645.4999999996949,6171.709155279384
24276,38.96151855135347,645.5199999996948,6171.770267556223
24277,38.96151855135347,645.5399999996948,6171.8313785736855
24278,38.96151855135347,645.5599999996948,6171.892488331712
24279,38.96151855135347,645.5799999996948,6171.953596830244
24280,38.96151855135347,645.5999999996948,6172.014704069223
24281,38.96151855135347,645.6199999996948,6172.075810048589
24282,38.96151855135347,645.6399999996947,6172.136914768284
24283,38.96151855135347,645.6599999996947,6172.19801822825
24284,38.96151855135347,645.6799999996947,6172.259120428426
24285,38.96151855135347,645.6999999996947,6172.3202213687555
24286,38.96151855135347,645.7199999996947,6172.381321049179
24287,38.96151855135347,645.7399999996946,6172.442419469638
24288,38.96151855135347,645.7599999996946,6172.503516630072
24289,38.96151855135347,645.7799999996946,6172.564612530425
24290,38.96151855135347,645.7999999996946,6172.625707170636
24291,38.96151855135347,645.8199999996946,6172.686800550647
24292,38.96151855135347,645.8399999996946,6172.747892670399
24293,38.96151855135347,645.8599999996945,6172.808983529833
24294,38.96151855135347,645.8799999996945,6172.870073128892
24295,38.96151855135347,645.8999999996945,6172.931161467515
24296,38.96151855135347,645.9199999996945,6172.992248545645
24297,38.96151855135347,645.9399999996945,6173.053334363223
24298,38.96151855135347,645.9599999996944,6173.11441892019
24299,38.96151855135347,645.9799999996944,6173.175502216486
24300,38.96151855135347,645.9999999996944,6173.236584252054
24301,38.96151855135347,646.0199999996944,6173.297665026834
24302,38.96151855135347,646.0399999996944,6173.3587445407675
24303,38.96151855135347,646.0599999996944,6173.419822793796
24304,38.96151855135347,646.0799999996943,6173.480899785861
24305,38.96151855135347,646.0999999996943,6173.541975516903
24306,38.96151855135347,646.1199999996943,6173.603049986865
24307,38.96151855135347,646.1399999996943,6173.664123195686
24308,38.96151855135347,646.1599999996943,6173.725195143309
24309,38.90386872080023,646.1799999996942,6173.786265829674
24310,38.90386872080023,646.1999999996942,6173.8473352547235
24311,38.90386872080023,646.2199999996942,6173.908403418397
24312,38.90386872080023,646.2399999996942,6173.969470320637
24313,38.90386872080023,646.2599999996942,6174.030535961385
24314,38.90386872080023,646.2799999996942,6174.091600340581
24315,38.90386872080023,646.2999999996941,6174.152663458168
24316,38.90386872080023,646.3199999996941,6174.213725314085
24317,38.90386872080023,646.3399999996941,6174.274785908452
24318,38.90386872080023,646.3599999996941,6174.335845245096
24319,38.90386872080023,646.3799999996941,6174.3969033262565
24320,38.90386872080023,646.399999999694,6174.457960151878
24321,38.90386872080023,646.419999999694,6174.519015721904
24322,38.90386872080023,646.439999999694,6174.580070036276
24323,38.90386872080023,646.459999999694,6174.641123094939
24324,38.90386872080023,646.479999999694,6174.702174897835
24325,38.90386872080023,646.499999999694,6174.763225444908
24326,38.90386872080023,646.5199999996939,6174.824274736101
24327,38.90386872080023,646.5399999996939,6174.885322771357
24328,38.90386872080023,646.5599999996939,6174.946369550619
24329,38.90386872080023,646.5799999996939,6175.007415073831
24330,38.90386872080023,646.5999999996939,6175.068459340935
24331,38.90386872080023,646.6199999996938,6175.129502351875
24332,38.90386872080023,646.6399999996938,6175.190544106595
24333,38.90386872080023,646.6599999996938,6175.251584605036
24334,38.90386872080023,646.6799999996938,6175.312623847144
24335,38.90386872080023,646.6999999996938,6175.37366183286
24336,38.90386872080023,646.7199999996938,6175.434698562129
24337,38.90386872080023,646.7399999996937,6175.495734034892
24338,38.90386872080023,646.7599999996937,6175.556768251094
24339,38.90386872080023,646.7799999996937,6175.6178012106775
24340,38.90386872080023,646.7999999996937,6175.678832913586
24341,38.90386872080023,646.8199999996937,6175.739863359763
24342,38.90386872080023,646.8399999996936,6175.800892549151
24343,38.90386872080023,646.8599999996936,6175.861920481694
24344,38.90386872080023,646.8799999996936,6175.922947157335
24345,38.90386872080023,646.8999999996936,6175.983972576018
24346,38.90386872080023,646.9199999996936,6176.044996737684
24347,38.90386872080023,646.9399999996936,6176.106019642279
24348,38.90386872080023,646.9599999996935,6176.167041289744
24349,38.90386872080023,646.9799999996935,6176.228061680023
24350,38.90386872080023,646.9999999996935,6176.289080813059
24351,38.90386872080023,647.0199999996935,6176.350098688796
24352,38.90386872080023,647.0399999996935,6176.411115307176
24353,38.90386872080023,647.0599999996934,6176.472130668144
24354,38.90386872080023,647.0799999996934,6176.533144771642
24355,38.90386872080023,647.0999999996934,6176.594157617613
24356,38.90386872080023,647.1199999996934,6176.655169206001
24357,38.90386872080023,647.1399999996934,6176.716179536749
24358,38.90386872080023,647.1599999996934,6176.777188609801
24359,38.90386872080023,647.1799999996933,6176.838196425098
24360,38.90386872080023,647.1999999996933,6176.899202982586
24361,38.90386872080023,647.2199999996933,6176.960208282206
24362,38.90386872080023,647.2399999996933,6177.021212323902
24363,38.90386872080023,647.2599999996933,6177.082215107617
24364,38.90386872080023,647.2799999996932,6177.143216633295
24365,38.90386872080023,647.2999999996932,6177.204216900879
24366,38.90386872080023,647.3199999996932,6177.265215910313
24367,38.90386872080023,647.3399999996932,6177.3262136615385
24368,38.90386872080023,647.3599999996932,6177.387210154753
24369,38.90386872080023,647.3799999996932,6177.448205394112
24370,38.90386872080023,647.3999999996931,6177.509199381491
24371,38.90386872080023,647.4199999996931,6177.570192116834
24372,38.90386872080023,647.4399999996931,6177.631183600082
24373,38.90386872080023,647.4599999996931,6177.692173831179
24374,38.90386872080023,647.4799999996931,6177.753162810067
24375,38.90386872080023,647.499999999693,6177.814150536688
24376,38.90386872080023,647.519999999693,6177.875137010985
24377,38.90386872080023,647.539999999693,6177.9361222329
24378,38.90386872080023,647.559999999693,6177.997106202375
24379,38.90386872080023,647.579999999693,6178.058088919353
24380,38.90386872080023,647.599999999693,6178.119070383777
24381,38.90386872080023,647.6199999996929,6178.180050595589
24382,38.90386872080023,647.6399999996929,6178.241029554731
24383,38.90386872080023,647.6599999996929,6178.302007261145
24384,38.90386872080023,647.6799999996929,6178.3629837147755
24385,38.90386872080023,647.6999999996929,6178.423958915563
24386,38.90386872080023,647.7199999996928,6178.484932863451
24387,38.90386872080023,647.7399999996928,6178.5459055583815
24388,38.90386872080023,647.7599999996928,6178.606877000297
24389,38.90386872080023,647.7799999996928,6178.66784718914
24390,38.90386872080023,647.7999999996928,6178.728816124853
24391,38.90386872080023,647.8199999996928,6178.789783807379
24392,38.90386872080023,647.8399999996927,6178.850750236659
24393,38.90386872080023,647.8599999996927,6178.911715412637
24394,38.90386872080023,647.8799999996927,6178.972679335255
24395,38.90386872080023,647.8999999996927,6179.033642004454
24396,38.90386872080023,647.9199999996927,6179.094603420179
24397,38.90386872080023,647.9399999996926,6179.155563582371
24398,38.90386872080023,647.9599999996926,6179.216522490972
24399,38.90386872080023,647.9799999996926,6179.277480145925
24400,38.90386872080023,647.9999999996926,6179.338436547174
24401,38.90386872080023,648.0199999996926,6179.399391694659
24402,38.90386872080023,648.0399999996926,6179.460345588323
24403,38.90386872080023,648.0599999996925,6179.52129822811
24404,38.90386872080023,648.0799999996925,6179.582249613961
24405,38.90386872080023,648.0999999996925,6179.6431997458185
24406,38.90386872080023,648.1199999996925,6179.704148623626
24407,38.90386872080023,648.1399999996925,6179.765096247325
24408,38.90386872080023,648.1599999996924,6179.826042616859
24409,38.90386872080023,648.1799999996924,6179.8869877321695
24410,38.90386872080023,648.1999999996924,6179.9479315931985
24411,38.90386872080023,648.2199999996924,6180.008874199899
24412,38.90386872080023,648.2399999996924,6180.06981555243
24413,38.90386872080023,648.2599999996924,6180.13075565087
24414,38.90386872080023,648.2799999996923,6180.191694495163
24415,38.90386872080023,648.2999999996923,6180.25263208525
24416,38.90386872080023,648.3199999996923,6180.313568421074
24417,38.90386872080023,648.3399999996923,6180.374503502575
24418,38.90386872080023,648.3599999996923,6180.4354373296965
24419,38.90386872080023,648.3799999996922,6180.496369902711
24420,38.90386872080023,648.3999999996922,6180.557301226117
24421,38.90386872080023,648.4199999996922,6180.618231301426
24422,38.90386872080023,648.4399999996922,6180.67916012858
24423,38.90386872080023,648.4599999996922,6180.740087707522
24424,38.90386872080023,648.4799999996922,6180.801014038195
24425,38.90386872080023,648.4999999996921,6180.861939120538
24426,38.90386872080023,648.5199999996921,6180.922862954496
24427,38.90386872080023,648.5399999996921,6180.983785540009
24428,38.90386872080023,648.5599999996921,6181.044706877021
24429,38.90386872080023,648.5799999996921,6181.105626965473
24430,38.90386872080023,648.599999999692,6181.166545805307
24431,38.90386872080023,648.619999999692,6181.227463396464
24432,38.90386872080023,648.639999999692,6181.288379738889
24433,38.90386872080023,648.659999999692,6181.349294832521
24434,38.90386872080023,648.679999999692,6181.410208677304
24435,38.90386872080023,648.699999999692,6181.471121273178
24436,38.90386872080023,648.7199999996919,6181.532032620087
24437,38.90386872080023,648.7399999996919,6181.592942717973
24438,38.90386872080023,648.7599999996919,6181.653851566777
24439,38.90386872080023,648.7799999996919,6181.714759166442
24440,38.90386872080023,648.7999999996919,6181.775665516909
24441,38.90386872080023,648.8199999996918,6181.836570618121
24442,38.90386872080023,648.8399999996918,6181.89747447002
24443,38.90386872080023,648.8599999996918,6181.958377072548
24444,38.90386872080023,648.8799999996918,6182.019278425646
24445,38.90386872080023,648.8999999996918,6182.080178529258
24446,38.90386872080023,648.9199999996918,6182.141077383325
24447,38.90386872080023,648.9399999996917,6182.201974987789
24448,38.90386872080023,648.9599999996917,6182.262871342592
24449,38.90386872080023,648.9799999996917,6182.3237664476765
24450,38.90386872080023,648.9999999996917,6182.384660302984
24451,38.90386872080023,649.0199999996917,6182.445552908457
24452,38.90386872080023,649.0399999996916,6182.506444264038
24453,38.90386872080023,649.0599999996916,6182.567334369668
24454,38.90386872080023,649.0799999996916,6182.62822322529
24455,38.90386872080023,649.0999999996916,6182.6891108308455
24456,38.90386872080023,649.1199999996916,6182.749997186276
24457,38.90386872080023,649.1399999996916,6182.810882291526
24458,38.90386872080023,649.1599999996915,6182.871766146534
24459,38.90386872080023,649.1799999996915,6182.932648751245
24460,38.90386872080023,649.1999999996915,6182.9935301056
24461,38.90386872080023,649.2199999996915,6183.054410209541
24462,38.90386872080023,649.2399999996915,6183.11528906301
24463,38.90386872080023,649.2599999996914,6183.1761666659495
24464,38.90386872080023,649.2799999996914,6183.237043018302
24465,38.90386872080023,649.2999999996914,6183.297918120008
24466,38.90386872080023,649.3199999996914,6183.358791971011
24467,38.90386872080023,649.3399999996914,6183.419664571253
24468,38.90386872080023,649.3599999996914,6183.480535920675
24469,38.90386872080023,649.3799999996913,6183.54140601922
24470,38.90386872080023,649.3999999996913,6183.6022748672485
24471,38.90386872080023,649.4199999996913,6183.663142469695
24472,38.90386872080023,649.4399999996913,6183.724008827725
24473,38.90386872080023,649.4599999996913,6183.784873941279
24474,38.90386872080023,649.4799999996912,6183.845737810301
24475,38.90386872080023,649.4999999996912,6183.906600434733
24476,38.90386872080023,649.5199999996912,6183.967461814518
24477,38.90386872080023,649.5399999996912,6184.028321949598
24478,38.90386872080023,649.5599999996912,6184.089180839915
24479,38.90386872080023,649.5799999996912,6184.150038485411
24480,38.90386872080023,649.5999999996911,6184.210894886029
24481,38.90386872080023,649.6199999996911,6184.271750041711
24482,38.90386872080023,649.6399999996911,6184.3326039524
24483,38.84636092045803,649.6599999996911,6184.393456618039
24484,38.84636092045803,649.6799999996911,6184.454308038568
24485,38.84636092045803,649.699999999691,6184.515158213932
24486,38.84636092045803,649.719999999691,6184.576007144073
24487,38.84636092045803,649.739999999691,6184.636854828932
24488,38.84636092045803,649.759999999691,6184.697701268452
24489,38.84636092045803,649.779999999691,6184.758546462575
24490,38.84636092045803,649.799999999691,6184.819390411245
24491,38.84636092045803,649.8199999996909,6184.8802331144025
24492,38.84636092045803,649.8399999996909,6184.9410745719915
24493,38.84636092045803,649.8599999996909,6185.001914783953
24494,38.84636092045803,649.8799999996909,6185.0627537502305
24495,38.84636092045803,649.8999999996909,6185.123591470766
24496,38.84636092045803,649.9199999996908,6185.184427945502
24497,38.84636092045803,649.9399999996908,6185.24526317438
24498,38.84636092045803,649.9599999996908,6185.306097157344
24499,38.84636092045803,649.9799999996908,6185.366929894336
24500,38.84636092045803,649.9999999996908,6185.427761385297
24501,38.84636092045803,650.0199999996908,6185.488591630171
24502,38.84636092045803,650.0399999996907,6185.5494206288995
24503,38.84636092045803,650.0599999996907,6185.610248381426
24504,38.84636092045803,650.0799999996907,6185.671074887691
24505,38.84636092045803,650.0999999996907,6185.731900147639
24506,38.84636092045803,650.1199999996907,6185.7927241612115
24507,38.84636092045803,650.1399999996906,6185.853546928351
24508,38.84636092045803,650.1599999996906,6185.914368448999
24509,38.84636092045803,650.1799999996906,6185.9751887231
24510,38.84636092045803,650.1999999996906,6186.036007750594
24511,38.84636092045803,650.2199999996906,6186.096825531425
24512,38.84636092045803,650.2399999996906,6186.157642065535
24513,38.84636092045803,650.2599999996905,6186.218457352867
24514,38.84636092045803,650.2799999996905,6186.279271393362
24515,38.84636092045803,650.2999999996905,6186.340084186964
24516,38.84636092045803,650.3199999996905,6186.400895733615
24517,38.84636092045803,650.3399999996905,6186.461706033256
24518,38.84636092045803,650.3599999996904,6186.5225150858305
24519,38.84636092045803,650.3799999996904,6186.583322891282
24520,38.84636092045803,650.3999999996904,6186.644129449551
24521,38.84636092045803,650.4199999996904,6186.704934761044
24522,38.84636092045803,650.4399999996904,6186.765738830638
24523,38.84636092045803,650.4599999996904,6186.826541659049
24524,38.84636092045803,650.4799999996903,6186.8873432462215
24525,38.84636092045803,650.4999999996903,6186.948143592096
24526,38.84636092045803,650.5199999996903,6187.008942696617
24527,38.84636092045803,650.5399999996903,6187.069740559726
24528,38.84636092045803,650.5599999996903,6187.130537181365
24529,38.84636092045803,650.5799999996902,6187.191332561478
24530,38.84636092045803,650.5999999996902,6187.2521267000075
24531,38.84636092045803,650.6199999996902,6187.312919596896
24532,38.84636092045803,650.6399999996902,6187.373711252085
24533,38.84636092045803,650.6599999996902,6187.434501665518
24534,38.84636092045803,650.6799999996902,6187.495290837138
24535,38.84636092045803,650.6999999996901,6187.556078766887
24536,38.84636092045803,650.7199999996901,6187.616865454709
24537,38.84636092045803,650.7399999996901,6187.677650900545
24538,38.84636092045803,650.7599999996901,6187.738435104338
24539,38.84636092045803,650.7799999996901,6187.799218066031
24540,38.84636092045803,650.79999999969,6187.859999785567
24541,38.84636092045803,650.81999999969,6187.920780262888
24542,38.84636092045803,650.83999999969,6187.981559497936
24543,38.84636092045803,650.85999999969,6188.042337490655
24544,38.84636092045803,650.87999999969,6188.103114240987
24545,38.84636092045803,650.89999999969,6188.163889748876
24546,38.84636092045803,650.9199999996899,6188.224664014262
24547,38.84636092045803,650.9399999996899,6188.28543703709
24548,38.84636092045803,650.9599999996899,6188.346208817301
24549,38.84636092045803,650.9799999996899,6188.406979354839
24550,38.84636092045803,650.9999999996899,6188.467748649646
24551,38.84636092045803,651.0199999996898,6188.528516701664
24552,38.84636092045803,651.0399999996898,6188.589283510836
24553,38.84636092045803,651.0599999996898,6188.650049077106
24554,38.84636092045803,651.0799999996898,6188.710813400415
24555,38.84636092045803,651.0999999996898,6188.771576480706
24556,38.84636092045803,651.1199999996898,6188.832338317922
24557,38.84636092045803,651.1399999996897,6188.893098912006
24558,38.84636092045803,651.1599999996897,6188.9538582629
24559,38.84636092045803,651.1799999996897,6189.014616370548
24560,38.84636092045803,651.1999999996897,6189.07537323489
24561,38.84636092045803,651.2199999996897,6189.136128855871
24562,38.84636092045803,651.2399999996896,6189.196883233433
24563,38.84636092045803,651.2599999996896,6189.257636367519
24564,38.84636092045803,651.2799999996896,6189.318388258071
24565,38.84636092045803,651.2999999996896,6189.379138905031
24566,38.84636092045803,651.3199999996896,6189.439888308343
24567,38.84636092045803,651.3399999996896,6189.500636467949
24568,38.84636092045803,651.3599999996895,6189.561383383792
24569,38.84636092045803,651.3799999996895,6189.622129055815
24570,38.84636092045803,651.3999999996895,6189.68287348396
24571,38.84636092045803,651.4199999996895,6189.74361666817
24572,38.84636092045803,651.4399999996895,6189.804358609026
24573,38.84636092045803,651.4599999996894,6189.865099311694
24574,38.84636092045803,651.4799999996894,6189.925838776628
24575,38.84636092045803,651.4999999996894,6189.986577003768
24576,38.84636092045803,651.5199999996894,6190.047313993191
24577,38.84636092045803,651.5399999996894,6190.108049745112
24578,38.84636092045803,651.5599999996894,6190.16878425949
24579,38.84636092045803,651.5799999996893,6190.229517536268
24580,38.84636092045803,651.5999999996893,6190.290249575388
24581,38.84636092045803,651.6199999996893,6190.350980376794
24582,38.84636092045803,651.6399999996893,6190.411709940428
24583,38.84636092045803,651.6599999996893,6190.472438266235
24584,38.84636092045803,651.6799999996892,6190.533165354157
24585,38.84636092045803,651.6999999996892,6190.5938912041365
24586,38.84636092045803,651.7199999996892,6190.654615816116
24587,38.84636092045803,651.7399999996892,6190.71533919004
24588,38.84636092045803,651.7599999996892,6190.776061325851
24589,38.84636092045803,651.7799999996892,6190.836782223491
24590,38.84636092045803,651.7999999996891,6190.897501882905
24591,38.84636092045803,651.8199999996891,6190.9582203040345
24592,38.84636092045803,651.8399999996891,6191.018937486823
24593,38.84636092045803,651.8599999996891,6191.079653431214
24594,38.84636092045803,651.8799999996891,6191.140368137149
24595,38.84636092045803,651.899999999689,6191.201081604573
24596,38.84636092045803,651.919999999689,6191.261793833428
24597,38.84636092045803,651.939999999689,6191.322504823657
24598,38.84636092045803,651.959999999689,6191.383214575204
24599,38.84636092045803,651.979999999689,6191.443923088011
24600,38.84636092045803,651.999999999689,6191.504630362021
24601,38.84636092045803,652.0199999996889,6191.565336397178
24602,38.84636092045803,652.0399999996889,6191.626041193424
24603,38.84636092045803,652.0599999996889,6191.686744750702
24604,38.84636092045803,652.0799999996889,6191.747447068956
24605,38.84636092045803,652.0999999996889,6191.808148148128
24606,38.84636092045803,652.1199999996888,6191.868847988161
24607,38.84636092045803,652.1399999996888,6191.929546588999
24608,38.84636092045803,652.1599999996888,6191.990243950585
24609,38.84636092045803,652.1799999996888,6192.0509400728615
24610,38.84636092045803,652.1999999996888,6192.1116349557715
24611,38.84636092045803,652.2199999996888,6192.172328599258
24612,38.84636092045803,652.2399999996887,6192.233021003265
24613,38.84636092045803,652.2599999996887,6192.293712167735
24614,38.84636092045803,652.2799999996887,6192.354402092611
24615,38.84636092045803,652.2999999996887,6192.415090777836
24616,38.84636092045803,652.3199999996887,6192.475778223352
24617,38.84636092045803,652.3399999996886,6192.536464429103
24618,38.84636092045803,652.3599999996886,6192.597149395033
24619,38.84636092045803,652.3799999996886,6192.657833121084
24620,38.84636092045803,652.3999999996886,6192.718515607199
24621,38.84636092045803,652.4199999996886,6192.779196853321
24622,38.84636092045803,652.4399999996886,6192.839876859393
24623,38.84636092045803,652.4599999996885,6192.900555626406
24624,38.84636092045803,652.4799999996885,6192.961233159377
24625,38.84636092045803,652.4999999996885,6193.021909458699
24626,38.84636092045803,652.5199999996885,6193.082584524314
24627,38.84636092045803,652.5399999996885,6193.143258356166
24628,38.84636092045803,652.5599999996884,6193.203930954198
24629,38.84636092045803,652.5799999996884,6193.264602318352
24630,38.84636092045803,652.5999999996884,6193.325272448574
24631,38.84636092045803,652.6199999996884,6193.385941344804
24632,38.84636092045803,652.6399999996884,6193.446609006988
24633,38.84636092045803,652.6599999996884,6193.507275435068
24634,38.84636092045803,652.6799999996883,6193.567940628986
24635,38.84636092045803,652.6999999996883,6193.628604588688
24636,38.84636092045803,652.7199999996883,6193.689267314116
24637,38.84636092045803,652.7399999996883,6193.749928805212
24638,38.84636092045803,652.7599999996883,6193.810589061922
24639,38.84636092045803,652.7799999996882,6193.871248084187
24640,38.84636092045803,652.7999999996882,6193.93190587195
24641,38.84636092045803,652.8199999996882,6193.992562425156
24642,38.84636092045803,652.8399999996882,6194.053217743747
24643,38.84636092045803,652.8599999996882,6194.113871827667
24644,38.84636092045803,652.8799999996882,6194.174524676859
24645,38.84636092045803,652.8999999996881,6194.235176291266
24646,38.84636092045803,652.9199999996881,6194.295826670831
24647,38.84636092045803,652.9399999996881,6194.356475815498
24648,38.84636092045803,652.9599999996881,6194.41712372521
24649,38.84636092045803,652.9799999996881,6194.477770399911
24650,38.84636092045803,652.999999999688,6194.538415839542
24651,38.84636092045803,653.019999999688,6194.599060044048
24652,38.84636092045803,653.039999999688,6194.659703013373
24653,38.84636092045803,653.059999999688,6194.720344747458
24654,38.84636092045803,653.079999999688,6194.780985246248
24655,38.84636092045803,653.099999999688,6194.841624509686
24656,38.84636092045803,653.1199999996879,6194.902262537715
24657,38.7889946609272,653.1399999996879,6194.962899330278
24658,38.7889946609272,653.1599999996879,6195.023534887318
24659,38.7889946609272,653.1799999996879,6195.08416920878
24660,38.7889946609272,653.1999999996879,6195.144802294605
24661,38.7889946609272,653.2199999996878,6195.205434144738
24662,38.7889946609272,653.2399999996878,6195.266064759122
24663,38.7889946609272,653.2599999996878,6195.3266941377
24664,38.7889946609272,653.2799999996878,6195.387322280414
24665,38.7889946609272,653.2999999996878,6195.447949187209
24666,38.7889946609272,653.3199999996878,6195.508574858028
24667,38.7889946609272,653.3399999996877,6195.569199292813
24668,38.7889946609272,653.3599999996877,6195.629822491509
24669,38.7889946609272,653.3799999996877,6195.690444454059
24670,38.7889946609272,653.3999999996877,6195.751065180405
24671,38.7889946609272,653.4199999996877,6195.811684670492
24672,38.7889946609272,653.4399999996876,6195.872302924261
24673,38.7889946609272,653.4599999996876,6195.932919941657
24674,38.7889946609272,653.4799999996876,6195.993535723959
24675,38.7889946609272,653.4999999996876,6196.054150275553
24676,38.7889946609272,653.5199999996876,6196.114763596727
24677,38.7889946609272,653.5399999996876,6196.175375687425
24678,38.7889946609272,653.5599999996875,6196.235986547589
24679,38.7889946609272,653.5799999996875,6196.296596177164
24680,38.7889946609272,653.5999999996875,6196.357204576094
24681,38.7889946609272,653.6199999996875,6196.417811744321
24682,38.7889946609272,653.6399999996875,6196.478417681789
24683,38.7889946609272,653.6599999996874,6196.539022388442
24684,38.7889946609272,653.6799999996874,6196.5996258642235
24685,38.7889946609272,653.6999999996874,6196.660228109077
24686,38.7889946609272,653.7199999996874,6196.720829122946
24687,38.7889946609272,653.7399999996874,6196.781428905774
24688,38.7889946609272,653.7599999996874,6196.842027457505
24689,38.7889946609272,653.7799999996873,6196.902624778081
24690,38.7889946609272,653.7999999996873,6196.9632208674475
24691,38.7889946609272,653.8199999996873,6197.023815725547
24692,38.7889946609272,653.8399999996873,6197.084409352324
24693,38.7889946609272,653.8599999996873,6197.14500174772
24694,38.7889946609272,653.8799999996872,6197.2055929116805
24695,38.7889946609272,653.8999999996872,6197.266182844149
24696,38.7889946609272,653.9199999996872,6197.3267715450675
24697,38.7889946609272,653.9399999996872,6197.387359014381
24698,38.7889946609272,653.9599999996872,6197.447945252033
24699,38.7889946609272,653.9799999996872,6197.508530257966
24700,38.7889946609272,653.9999999996871,6197.569114032125
24701,38.7889946609272,654.0199999996871,6197.629696574452
24702,38.7889946609272,654.0399999996871,6197.690277884893
24703,38.7889946609272,654.0599999996871,6197.750857963389
24704,38.7889946609272,654.0799999996871,6197.811436809884
24705,38.7889946609272,654.099999999687,6197.8720144243225
24706,38.7889946609272,654.119999999687,6197.932590806648
24707,38.7889946609272,654.139999999687,6197.993165956803
24708,38.7889946609272,654.159999999687,6198.053739874732
24709,38.7889946609272,654.179999999687,6198.1143125603785
24710,38.7889946609272,654.199999999687,6198.174884013685
24711,38.7889946609272,654.2199999996869,6198.235454234597
24712,38.7889946609272,654.2399999996869,6198.296023223056
24713,38.7889946609272,654.2599999996869,6198.356590979008
24714,38.7889946609272,654.2799999996869,6198.417157502394
24715,38.7889946609272,654.2999999996869,6198.477722793159
24716,38.7889946609272,654.3199999996868,6198.538286851246
24717,38.7889946609272,654.3399999996868,6198.5988496765995
24718,38.7889946609272,654.3599999996868,6198.659411269162
24719,38.7889946609272,654.3799999996868,6198.719971628878
24720,38.7889946609272,654.3999999996868,6198.78053075569
24721,38.7889946609272,654.4199999996868,6198.841088649542
24722,38.7889946609272,654.4399999996867,6198.901645310379
24723,38.7889946609272,654.4599999996867,6198.962200738142
24724,38.7889946609272,654.4799999996867,6199.0227549327765
24725,38.7889946609272,654.4999999996867,6199.083307895967
24726,38.7889946609272,654.5199999996867,6199.1438596319185
24727,38.7889946609272,654.5399999996866,6199.204410140855
24728,38.7889946609272,654.5599999996866,6199.26495942272
24729,38.7889946609272,654.5799999996866,6199.325507477457
24730,38.7889946609272,654.5999999996866,6199.3860543050105
24731,38.7889946609272,654.6199999996866,6199.446599905324
24732,38.7889946609272,654.6399999996866,6199.50714427834
24733,38.7889946609272,654.6599999996865,6199.567687424003
24734,38.7889946609272,654.6799999996865,6199.628229342257
24735,38.7889946609272,654.6999999996865,6199.688770033046
24736,38.7889946609272,654.7199999996865,6199.749309496313
24737,38.7889946609272,654.7399999996865,6199.809847732002
24738,38.7889946609272,654.7599999996864,6199.870384740057
24739,38.7889946609272,654.7799999996864,6199.930920520421
24740,38.7889946609272,654.7999999996864,6199.991455073038
24741,38.7889946609272,654.8199999996864,6200.051988397992
24742,38.7889946609272,654.8399999996864,6200.112520495445
24743,38.7889946609272,654.8599999996864,6200.173051365348
24744,38.7889946609272,654.8799999996863,6200.2335810076465
24745,38.7889946609272,654.8999999996863,6200.294109422283
24746,38.7889946609272,654.9199999996863,6200.354636609202
24747,38.7889946609272,654.9399999996863,6200.415162568347
24748,38.7889946609272,654.9599999996863,6200.475687299661
24749,38.7889946609272,654.9799999996862,6200.536210803089
24750,38.7889946609272,654.9999999996862,6200.596733078573
24751,38.7889946609272,655.0199999996862,6200.657254126059
24752,38.7889946609272,655.0399999996862,6200.717773945489
24753,38.7889946609272,655.0599999996862,6200.778292536807
24754,38.7889946609272,655.0799999996862,6200.838809899958
24755,38.7889946609272,655.0999999996861,6200.899326034883
24756,38.7889946609272,655.1199999996861,6200.959840941529
24757,38.7889946609272,655.1399999996861,6201.020354619838
24758,38.7889946609272,655.1599999996861,6201.080867069754
24759,38.7889946609272,655.1799999996861,6201.141378291221
24760,38.7889946609272,655.199999999686,6201.201888284183
24761,38.7889946609272,655.219999999686,6201.262397048583
24762,38.7889946609272,655.239999999686,6201.322904584365
24763,38.7889946609272,655.259999999686,6201.383410891472
24764,38.7889946609272,655.279999999686,6201.443915969849
24765,38.7889946609272,655.299999999686,6201.504419819438
24766,38.7889946609272,655.3199999996859,6201.564922440185
24767,38.7889946609272,655.3399999996859,6201.6254238320325
24768,38.7889946609272,655.3599999996859,6201.685923994924
24769,38.7889946609272,655.3799999996859,6201.746422928804
24770,38.7889946609272,655.3999999996859,6201.806920633617
24771,38.7889946609272,655.4199999996858,6201.867417109304
24772,38.7889946609272,655.4399999996858,6201.927912355812
24773,38.7889946609272,655.4599999996858,6201.988406373082
24774,38.7889946609272,655.4799999996858,6202.04889916106
24775,38.7889946609272,655.4999999996858,6202.109390719688
24776,38.7889946609272,655.5199999996858,6202.169881051032
24777,38.7889946609272,655.5399999996857,6202.230370159013
24778,38.7889946609272,655.5599999996857,6202.2908580437825
24779,38.7889946609272,655.5799999996857,6202.351344705285
24780,38.7889946609272,655.5999999996857,6202.411830143464
24781,38.7889946609272,655.6199999996857,6202.472314358262
24782,38.7889946609272,655.6399999996856,6202.532797349624
24783,38.7889946609272,655.6599999996856,6202.593279117493
24784,38.7889946609272,655.6799999996856,6202.653759661813
24785,38.7889946609272,655.6999999996856,6202.714238982527
24786,38.7889946609272,655.7199999996856,6202.774717079579
24787,38.7889946609272,655.7399999996856,6202.835193952914
24788,38.7889946609272,655.7599999996855,6202.895669602474
24789,38.7889946609272,655.7799999996855,6202.956144028204
24790,38.7889946609272,655.7999999996855,6203.016617230046
24791,38.7889946609272,655.8199999996855,6203.077089207945
24792,38.7889946609272,655.8399999996855,6203.137559961845
24793,38.7889946609272,655.8599999996854,6203.198029491688
24794,38.7889946609272,655.8799999996854,6203.258497797419
24795,38.7889946609272,655.8999999996854,6203.318964878982
24796,38.7889946609272,655.9199999996854,6203.37943073632
24797,38.7889946609272,655.9399999996854,6203.439895369376
24798,38.7889946609272,655.9599999996854,6203.500358778095
24799,38.7889946609272,655.9799999996853,6203.56082096242
24800,38.7889946609272,655.9999999996853,6203.621281922295
24801,38.7889946609272,656.0199999996853,6203.681741657663
24802,38.7889946609272,656.0399999996853,6203.742200168469
24803,38.7889946609272,656.0599999996853,6203.802657454656
24804,38.7889946609272,656.0799999996852,6203.863113516168
24805,38.7889946609272,656.0999999996852,6203.923568352948
24806,38.7889946609272,656.1199999996852,6203.9840219649395
24807,38.7889946609272,656.1399999996852,6204.0444743520875
24808,38.7889946609272,656.1599999996852,6204.104925514335
24809,38.7889946609272,656.1799999996852,6204.165375451626
24810,38.7889946609272,656.1999999996851,6204.225824163903
24811,38.7889946609272,656.2199999996851,6204.286271651111
24812,38.7889946609272,656.2399999996851,6204.346717913193
24813,38.7889946609272,656.2599999996851,6204.407162950093
24814,38.7889946609272,656.2799999996851,6204.467606761756
24815,38.7889946609272,656.299999999685,6204.528049348123
24816,38.7889946609272,656.319999999685,6204.58849070914
24817,38.7889946609272,656.339999999685,6204.64893084475
24818,38.7889946609272,656.359999999685,6204.709369754896
24819,38.7889946609272,656.379999999685,6204.769807439523
24820,38.7889946609272,656.399999999685,6204.830243898574
24821,38.7889946609272,656.4199999996849,6204.890679131992
24822,38.7889946609272,656.4399999996849,6204.951113139722
24823,38.7889946609272,656.4599999996849,6205.011545921707
24824,38.7889946609272,656.4799999996849,6205.07197747789
24825,38.7889946609272,656.4999999996849,6205.132407808216
24826,38.7889946609272,656.5199999996848,6205.192836912628
24827,38.7889946609272,656.5399999996848,6205.2532647936105
24828,38.7889946609272,656.5599999996848,6205.31369145486
24829,38.7889946609272,656.5799999996848,6205.374116896458
24830,38.7889946609272,656.5999999996848,6205.434541118348
24831,38.73176945497408,656.6199999996848,6205.494964120475
24832,38.73176945497408,656.6399999996847,6205.555385902785
24833,38.73176945497408,656.6599999996847,6205.615806465223
24834,38.73176945497408,656.6799999996847,6205.676225807732
24835,38.73176945497408,656.6999999996847,6205.73664393026
24836,38.73176945497408,656.7199999996847,6205.79706083275
24837,38.73176945497408,656.7399999996846,6205.857476515147
24838,38.73176945497408,656.7599999996846,6205.917890977397
24839,38.73176945497408,656.7799999996846,6205.978304219445
24840,38.73176945497408,656.7999999996846,6206.038716241235
24841,38.73176945497408,656.8199999996846,6206.099127042713
24842,38.73176945497408,656.8399999996846,6206.159536623823
24843,38.73176945497408,656.8599999996845,6206.219944984511
24844,38.73176945497408,656.8799999996845,6206.2803521247215
24845,38.73176945497408,656.8999999996845,6206.3407580444
24846,38.73176945497408,656.9199999996845,6206.401162743491
24847,38.73176945497408,656.9399999996845,6206.461566221939
24848,38.73176945497408,656.9599999996844,6206.521968479691
24849,38.73176945497408,656.9799999996844,6206.58236951669
24850,38.73176945497408,656.9999999996844,6206.6427693328815
24851,38.73176945497408,657.0199999996844,6206.703167928211
24852,38.73176945497408,657.0399999996844,6206.763565302624
24853,38.73176945497408,657.0599999996844,6206.823961456064
24854,38.73176945497408,657.0799999996843,6206.8843563884775
24855,38.73176945497408,657.0999999996843,6206.9447500998085
24856,38.73176945497408,657.1199999996843,6207.005142590003
24857,38.73176945497408,657.1399999996843,6207.065533859005
24858,38.73176945497408,657.1599999996843,6207.125923906759
24859,38.73176945497408,657.1799999996842,6207.186312733213
24860,38.73176945497408,657.1999999996842,6207.246700338308
24861,38.73176945497408,657.2199999996842,6207.307086721992
24862,38.73176945497408,657.2399999996842,6207.367471884209
24863,38.73176945497408,657.2599999996842,6207.427855824904
24864,38.73176945497408,657.2799999996842,6207.488238544022
24865,38.73176945497408,657.2999999996841,6207.548620041509
24866,38.73176945497408,657.3199999996841,6207.6090003173085
24867,38.73176945497408,657.3399999996841,6207.669379371366
24868,38.73176945497408,657.3599999996841,6207.729757203627
24869,38.73176945497408,657.3799999996841,6207.7901338140355
24870,38.73176945497408,657.399999999684,6207.850509202538
24871,38.73176945497408,657.419999999684,6207.910883369079
24872,38.73176945497408,657.439999999684,6207.971256313603
24873,38.73176945497408,657.459999999684,6208.031628036055
24874,38.73176945497408,657.479999999684,6208.091998536381
24875,38.73176945497408,657.499999999684,6208.152367814525
24876,38.73176945497408,657.5199999996839,6208.212735870433
24877,38.73176945497408,657.5399999996839,6208.273102704049
24878,38.73176945497408,657.5599999996839,6208.33346831805
24879,38.73176945497408,657.5799999996839,6208.393832715609
24880,38.73176945497408,657.5999999996839,6208.454195896726
24881,38.73176945497408,657.6199999996838,6208.514557861345
24882,38.73176945497408,657.6399999996838,6208.574918609412
24883,38.73176945497408,657.6599999996838,6208.635278140871
24884,38.73176945497408,657.6799999996838,6208.695636455668
24885,38.73176945497408,657.6999999996838,6208.755993553748
24886,38.73176945497408,657.7199999996838,6208.816349435056
24887,38.73176945497408,657.7399999996837,6208.876704099535
24888,38.73176945497408,657.7599999996837,6208.937057547133
24889,38.73176945497408,657.7799999996837,6208.997409777793
24890,38.73176945497408,657.7999999996837,6209.057760791461
24891,38.73176945497408,657.8199999996837,6209.118110588082
24892,38.73176945497408,657.8399999996836,6209.178459167601
24893,38.73176945497408,657.8599999996836,6209.238806529963
24894,38.73176945497408,657.8799999996836,6209.299152675112
24895,38.73176945497408,657.8999999996836,6209.3594976029935
24896,38.73176945497408,657.9199999996836,6209.419841313553
24897,38.73176945497408,657.9399999996836,6209.480183806735
24898,38.73176945497408,657.9599999996835,6209.540525082485
24899,38.73176945497408,657.9799999996835,6209.600865140748
24900,38.73176945497408,657.9999999996835,6209.661203981469
24901,38.73176945497408,658.0199999996835,6209.721541604593
24902,38.73176945497408,658.0399999996835,6209.781878010064
24903,38.73176945497408,658.0599999996834,6209.842213197829
24904,38.73176945497408,658.0799999996834,6209.902547167831
24905,38.73176945497408,658.0999999996834,6209.962879920015
24906,38.73176945497408,658.1199999996834,6210.023211454352
24907,38.73176945497408,658.1399999996834,6210.083541771074
24908,38.73176945497408,658.1599999996834,6210.143870870192
24909,38.73176945497408,658.1799999996833,6210.20419875165
24910,38.73176945497408,658.1999999996833,6210.264525415395
24911,38.73176945497408,658.2199999996833,6210.32485086137
24912,38.73176945497408,658.2399999996833,6210.385175089518
24913,38.73176945497408,658.2599999996833,6210.445498099786
24914,38.73176945497408,658.2799999996832,6210.505819892117
24915,38.73176945497408,658.2999999996832,6210.566140466455
24916,38.73176945497408,658.3199999996832,6210.626459822745
24917,38.73176945497408,658.3399999996832,6210.686777960933
24918,38.73176945497408,658.3599999996832,6210.747094880961
24919,38.73176945497408,658.3799999996832,6210.807410582775
24920,38.73176945497408,658.3999999996831,6210.8677250663195
24921,38.73176945497408,658.4199999996831,6210.928038331537
24922,38.73176945497408,658.4399999996831,6210.988350378374
24923,38.73176945497408,658.4599999996831,6211.048661206774
24924,38.73176945497408,658.4799999996831,6211.108970816682
24925,38.73176945497408,658.499999999683,6211.169279208042
24926,38.73176945497408,658.519999999683,6211.2295863807985
24927,38.73176945497408,658.539999999683,6211.289892334897
24928,38.73176945497408,658.559999999683,6211.350197070296
24929,38.73176945497408,658.579999999683,6211.410500590106
24930,38.73176945497408,658.599999999683,6211.470802897286
24931,38.73176945497408,658.6199999996829,6211.531103991783
24932,38.73176945497408,658.6399999996829,6211.591403873541
24933,38.73176945497408,658.6599999996829,6211.651702542505
24934,38.73176945497408,658.6799999996829,6211.711999998619
24935,38.73176945497408,658.6999999996829,6211.7722962418275
24936,38.73176945497408,658.7199999996828,6211.832591272076
24937,38.73176945497408,658.7399999996828,6211.892885089308
24938,38.73176945497408,658.7599999996828,6211.95317769347
24939,38.73176945497408,658.7799999996828,6212.013469084505
24940,38.73176945497408,658.7999999996828,6212.073759262359
24941,38.73176945497408,658.8199999996828,6212.134048226975
24942,38.73176945497408,658.8399999996827,6212.194335978299
24943,38.73176945497408,658.8599999996827,6212.254622516275
24944,38.73176945497408,658.8799999996827,6212.314907840849
24945,38.73176945497408,658.8999999996827,6212.375191951964
24946,38.73176945497408,658.9199999996827,6212.435474849565
24947,38.73176945497408,658.9399999996826,6212.495756533598
24948,38.73176945497408,658.9599999996826,6212.556037004006
24949,38.73176945497408,658.9799999996826,6212.6163162607345
24950,38.73176945497408,658.9999999996826,6212.676594303728
24951,38.73176945497408,659.0199999996826,6212.736871132931
24952,38.73176945497408,659.0399999996825,6212.7971467482885
24953,38.73176945497408,659.0599999996825,6212.857421149745
24954,38.73176945497408,659.0799999996825,6212.917694337246
24955,38.73176945497408,659.0999999996825,6212.977966310735
24956,38.73176945497408,659.1199999996825,6213.038237070156
24957,38.73176945497408,659.1399999996825,6213.098506615456
24958,38.73176945497408,659.1599999996824,6213.158774946578
24959,38.73176945497408,659.1799999996824,6213.219042063467
24960,38.73176945497408,659.1999999996824,6213.279307966068
24961,38.73176945497408,659.2199999996824,6213.339572654326
24962,38.73176945497408,659.2399999996824,6213.399836128185
24963,38.73176945497408,659.2599999996823,6213.46009838759
24964,38.73176945497408,659.2799999996823,6213.520359432485
24965,38.73176945497408,659.2999999996823,6213.580619262815
24966,38.73176945497408,659.3199999996823,6213.640877878525
24967,38.73176945497408,659.3399999996823,6213.701135279561
24968,38.73176945497408,659.3599999996823,6213.761391465865
24969,38.73176945497408,659.3799999996822,6213.821646437384
24970,38.73176945497408,659.3999999996822,6213.881900194061
24971,38.73176945497408,659.4199999996822,6213.942152735842
24972,38.73176945497408,659.4399999996822,6214.00240406267
24973,38.73176945497408,659.4599999996822,6214.062654174492
24974,38.73176945497408,659.4799999996821,6214.122903071251
24975,38.73176945497408,659.4999999996821,6214.183150752892
24976,38.73176945497408,659.5199999996821,6214.24339721936
24977,38.73176945497408,659.5399999996821,6214.3036424706
24978,38.73176945497408,659.5599999996821,6214.363886506556
24979,38.73176945497408,659.5799999996821,6214.424129327264
24980,38.73176945497408,659.599999999682,6214.484370936226
24981,38.73176945497408,659.619999999682,6214.544611336112
24982,38.73176945497408,659.639999999682,6214.604850526868
24983,38.73176945497408,659.659999999682,6214.665088508439
24984,38.73176945497408,659.679999999682,6214.72532528077
24985,38.73176945497408,659.699999999682,6214.785560843808
24986,38.73176945497408,659.7199999996819,6214.845795197495
24987,38.73176945497408,659.7399999996819,6214.9060283417775
24988,38.73176945497408,659.7599999996819,6214.966260276601
24989,38.73176945497408,659.7799999996819,6215.0264910019105
24990,38.73176945497408,659.7999999996819,6215.08672051765
24991,38.73176945497408,659.8199999996818,6215.146948823765
24992,38.73176945497408,659.8399999996818,6215.207175920202
24993,38.73176945497408,659.8599999996818,6215.267401806904
24994,38.73176945497408,659.8799999996818,6215.327626483817
24995,38.73176945497408,659.8999999996818,6215.387849950886
24996,38.73176945497408,659.9199999996817,6215.448072208057
24997,38.73176945497408,659.9399999996817,6215.508293255274
24998,38.73176945497408,659.9599999996817,6215.568513092483
24999,38.73176945497408,659.9799999996817,6215.628731719628
25000,38.73176945497408,659.9999999996817,6215.6889491366555
25001,38.73176945497408,660.0199999996817,6215.749165343509
25002,38.73176945497408,660.0399999996816,6215.809380340134
25003,38.73176945497408,660.0599999996816,6215.869594126477
25004,38.73176945497408,660.0799999996816,6215.929806702481
25005,38.73176945497408,660.0999999996816,6215.9900180680925
25006,38.73176945497408,660.1199999996816,6216.050228223256
25007,38.674684817519356,660.1399999996815,6216.110437167918
25008,38.674684817519356,660.1599999996815,6216.170644902021
25009,38.674684817519356,660.1799999996815,6216.230851425513
25010,38.674684817519356,660.1999999996815,6216.291056738337
25011,38.674684817519356,660.2199999996815,6216.351260840439
25012,38.674684817519356,660.2399999996815,6216.411463731763
25013,38.674684817519356,660.2599999996814,6216.471665412256
25014,38.674684817519356,660.2799999996814,6216.531865881861
25015,38.674684817519356,660.2999999996814,6216.592065140525
25016,38.674684817519356,660.3199999996814,6216.652263188192
25017,38.674684817519356,660.3399999996814,6216.712460024807
25018,38.674684817519356,660.3599999996813,6216.772655650316
25019,38.674684817519356,660.3799999996813,6216.832850064663
25020,38.674684817519356,660.3999999996813,6216.893043267794
25021,38.674684817519356,660.4199999996813,6216.953235259654
25022,38.674684817519356,660.4399999996813,6217.013426040188
25023,38.674684817519356,660.4599999996813,6217.073615609341
25024,38.674684817519356,660.4799999996812,6217.133803967058
25025,38.674684817519356,660.4999999996812,6217.193991113284
25026,38.674684817519356,660.5199999996812,6217.254177047965
25027,38.674684817519356,660.5399999996812,6217.314361771045
25028,38.674684817519356,660.5599999996812,6217.37454528247
25029,38.674684817519356,660.5799999996811,6217.434727582184
25030,38.674684817519356,660.5999999996811,6217.494908670288
25031,38.674684817519356,660.6199999996811,6217.555088550304
25032,38.674684817519356,660.6399999996811,6217.61526722436
25033,38.674684817519356,660.6599999996811,6217.6754446924
25034,38.674684817519356,660.6799999996811,6217.73562095437
25035,38.674684817519356,660.699999999681,6217.795796010216
25036,38.674684817519356,660.719999999681,6217.855969859883
25037,38.674684817519356,660.739999999681,6217.916142503317
25038,38.674684817519356,660.759999999681,6217.976313940464
25039,38.674684817519356,660.779999999681,6218.036484171269
25040,38.674684817519356,660.799999999681,6218.096653195677
25041,38.674684817519356,660.8199999996809,6218.156821013635
25042,38.674684817519356,660.8399999996809,6218.216987625086
25043,38.674684817519356,660.8599999996809,6218.277153029979
25044,38.674684817519356,660.8799999996809,6218.337317228256
25045,38.674684817519356,660.8999999996809,6218.397480219865
25046,38.674684817519356,660.9199999996808,6218.457642004751
25047,38.674684817519356,660.9399999996808,6218.517802582858
25048,38.674684817519356,660.9599999996808,6218.577961954134
25049,38.674684817519356,660.9799999996808,6218.638120118522
25050,38.674684817519356,660.9999999996808,6218.69827707597
25051,38.674684817519356,661.0199999996807,6218.758432826421
25052,38.674684817519356,661.0399999996807,6218.818587369823
25053,38.674684817519356,661.0599999996807,6218.87874070612
25054,38.674684817519356,661.0799999996807,6218.938892835258
25055,38.674684817519356,661.0999999996807,6218.999043757183
25056,38.674684817519356,661.1199999996807,6219.05919347184
25057,38.674684817519356,661.1399999996806,6219.119341979175
25058,38.674684817519356,661.1599999996806,6219.179489279133
25059,38.674684817519356,661.1799999996806,6219.2396353716595
25060,38.674684817519356,661.1999999996806,6219.299780256701
25061,38.674684817519356,661.2199999996806,6219.359923934201
25062,38.674684817519356,661.2399999996805,6219.420066404107
25063,38.674684817519356,661.2599999996805,6219.480207666365
25064,38.674684817519356,661.2799999996805,6219.540347720918
25065,38.674684817519356,661.2999999996805,6219.600486567714
25066,38.674684817519356,661.3199999996805,6219.660624206697
25067,38.674684817519356,661.3399999996805,6219.720760637813
25068,38.674684817519356,661.3599999996804,6219.7808958610085
25069,38.674684817519356,661.3799999996804,6219.841029876227
25070,38.674684817519356,661.3999999996804,6219.901162683416
25071,38.674684817519356,661.4199999996804,6219.961294282521
25072,38.674684817519356,661.4399999996804,6220.02142467351
25073,38.674684817519356,661.4599999996803,6220.081553856639
25074,38.674684817519356,661.4799999996803,6220.1416818319385
25075,38.674684817519356,661.4999999996803,6220.201808599353
25076,38.674684817519356,661.5199999996803,6220.26193415883
25077,38.674684817519356,661.5399999996803,6220.322058510313
25078,38.674684817519356,661.5599999996803,6220.382181653748
25079,38.674684817519356,661.5799999996802,6220.442303589083
25080,38.674684817519356,661.5999999996802,6220.502424316262
25081,38.674684817519356,661.6199999996802,6220.562543835463
25082,38.674684817519356,661.6399999996802,6220.622662150621
25083,38.674684817519356,661.6599999996802,6220.682779263579
25084,38.674684817519356,661.6799999996801,6220.742895174281
25085,38.674684817519356,661.6999999996801,6220.803009882676
25086,38.674684817519356,661.7199999996801,6220.863123388707
25087,38.674684817519356,661.7399999996801,6220.923235692321
25088,38.674684817519356,661.7599999996801,6220.983346793463
25089,38.674684817519356,661.7799999996801,6221.043456692079
25090,38.674684817519356,661.79999999968,6221.103565388115
25091,38.674684817519356,661.81999999968,6221.163672881517
25092,38.674684817519356,661.83999999968,6221.22377917223
25093,38.674684817519356,661.85999999968,6221.2838842602005
25094,38.674684817519356,661.87999999968,6221.343988145373
25095,38.674684817519356,661.89999999968,6221.404090827695
25096,38.674684817519356,661.9199999996799,6221.464192307111
25097,38.674684817519356,661.9399999996799,6221.524292583567
25098,38.674684817519356,661.9599999996799,6221.584391657009
25099,38.674684817519356,661.9799999996799,6221.6444895273835
25100,38.674684817519356,661.9999999996799,6221.704586194634
25101,38.674684817519356,662.0199999996798,6221.764681658709
25102,38.674684817519356,662.0399999996798,6221.824775919553
25103,38.674684817519356,662.0599999996798,6221.884868977111
25104,38.674684817519356,662.0799999996798,6221.94496083133
25105,38.674684817519356,662.0999999996798,6222.005051482155
25106,38.674684817519356,662.1199999996797,6222.065140929532
25107,38.674684817519356,662.1399999996797,6222.125229173407
25108,38.674684817519356,662.1599999996797,6222.185316213726
25109,38.674684817519356,662.1799999996797,6222.245402050434
25110,38.674684817519356,662.1999999996797,6222.305486683476
25111,38.674684817519356,662.2199999996797,6222.3655701128
25112,38.674684817519356,662.2399999996796,6222.425652338351
25113,38.674684817519356,662.2599999996796,6222.485733360074
25114,38.674684817519356,662.2799999996796,6222.545813177915
25115,38.674684817519356,662.2999999996796,6222.60589179182
25116,38.674684817519356,662.3199999996796,6222.665969201735
25117,38.674684817519356,662.3399999996795,6222.726045407605
25118,38.674684817519356,662.3599999996795,6222.786120409377
25119,38.674684817519356,662.3799999996795,6222.846194206996
25120,38.674684817519356,662.3999999996795,6222.906266800408
25121,38.674684817519356,662.4199999996795,6222.966338189559
25122,38.674684817519356,662.4399999996795,6223.026408374394
25123,38.674684817519356,662.4599999996794,6223.086477354859
25124,38.674684817519356,662.4799999996794,6223.1465451309
25125,38.674684817519356,662.4999999996794,6223.206611702463
25126,38.674684817519356,662.5199999996794,6223.266677069493
25127,38.674684817519356,662.5399999996794,6223.3267412319365
25128,38.674684817519356,662.5599999996793,6223.386804189739
25129,38.674684817519356,662.5799999996793,6223.446865942847
25130,38.674684817519356,662.5999999996793,6223.5069264912045
25131,38.674684817519356,662.6199999996793,6223.566985834759
25132,38.674684817519356,662.6399999996793,6223.627043973765
25133,38.674684817519356,662.6599999996793,6223.687100912494
25134,38.674684817519356,662.6799999996792,6223.747156652446
25135,38.674684817519356,662.6999999996792,6223.807211193566
25136,38.674684817519356,662.7199999996792,6223.867264535798
25137,38.674684817519356,662.7399999996792,6223.927316679086
25138,38.674684817519356,662.7599999996792,6223.987367623376
25139,38.674684817519356,662.7799999996791,6224.04741736861
25140,38.674684817519356,662.7999999996791,6224.107465914734
25141,38.674684817519356,662.8199999996791,6224.167513261693
25142,38.674684817519356,662.8399999996791,6224.22755940943
25143,38.674684817519356,662.8599999996791,6224.287604357891
25144,38.674684817519356,662.8799999996791,6224.347648107019
25145,38.674684817519356,662.899999999679,6224.40769065676
25146,38.674684817519356,662.919999999679,6224.467732007057
25147,38.674684817519356,662.939999999679,6224.527772157855
25148,38.674684817519356,662.959999999679,6224.587811109099
25149,38.674684817519356,662.979999999679,6224.647848860733
25150,38.674684817519356,662.999999999679,6224.707885412701
25151,38.674684817519356,663.0199999996789,6224.767920764949
25152,38.674684817519356,663.0399999996789,6224.82795491742
25153,38.674684817519356,663.0599999996789,6224.887987870059
25154,38.674684817519356,663.0799999996789,6224.9480196228105
25155,38.674684817519356,663.0999999996789,6225.008050175619
25156,38.674684817519356,663.1199999996788,6225.06807952843
25157,38.674684817519356,663.1399999996788,6225.128107681186
25158,38.674684817519356,663.1599999996788,6225.188134633832
25159,38.674684817519356,663.1799999996788,6225.248160386313
25160,38.674684817519356,663.1999999996788,6225.308184938574
25161,38.674684817519356,663.2199999996787,6225.368208290559
25162,38.674684817519356,663.2399999996787,6225.428230442212
25163,38.674684817519356,663.2599999996787,6225.488251393478
25164,38.674684817519356,663.2799999996787,6225.548271144302
25165,38.674684817519356,663.2999999996787,6225.608289694627
25166,38.674684817519356,663.3199999996787,6225.668307044399
25167,38.674684817519356,663.3399999996786,6225.728323193562
25168,38.674684817519356,663.3599999996786,6225.78833814206
25169,38.674684817519356,663.3799999996786,6225.848351889837
25170,38.674684817519356,663.3999999996786,6225.908364436839
25171,38.674684817519356,663.4199999996786,6225.96837578301
25172,38.674684817519356,663.4399999996785,6226.0283859282945
25173,38.674684817519356,663.4599999996785,6226.088394872637
25174,38.674684817519356,663.4799999996785,6226.1484026159815
25175,38.674684817519356,663.4999999996785,6226.208409158273
25176,38.674684817519356,663.5199999996785,6226.2684144994555
25177,38.674684817519356,663.5399999996785,6226.328418639474
25178,38.674684817519356,663.5599999996784,6226.388421578273
25179,38.674684817519356,663.5799999996784,6226.448423315796
25180,38.674684817519356,663.5999999996784,6226.508423851989
25181,38.674684817519356,663.6199999996784,6226.568423186796
25182,38.674684817519356,663.6399999996784,6226.628421320162
25183,38.61774026562639,663.6599999996783,6226.688418252409
25184,38.61774026562639,663.6799999996783,6226.748413988091
25185,38.61774026562639,663.6999999996783,6226.808408528337
25186,38.61774026562639,663.7199999996783,6226.868401873094
25187,38.61774026562639,663.7399999996783,6226.928394022306
25188,38.61774026562639,663.7599999996783,6226.988384975919
25189,38.61774026562639,663.7799999996782,6227.048374733879
25190,38.61774026562639,663.7999999996782,6227.108363296132
25191,38.61774026562639,663.8199999996782,6227.168350662622
25192,38.61774026562639,663.8399999996782,6227.228336833296
25193,38.61774026562639,663.8599999996782,6227.288321808099
25194,38.61774026562639,663.8799999996781,6227.348305586976
25195,38.61774026562639,663.8999999996781,6227.408288169873
25196,38.61774026562639,663.9199999996781,6227.468269556736
25197,38.61774026562639,663.9399999996781,6227.52824974751
25198,38.61774026562639,663.9599999996781,6227.588228742141
25199,38.61774026562639,663.9799999996781,6227.6482065405735
25200,38.61774026562639,663.999999999678,6227.708183142754
25201,38.61774026562639,664.019999999678,6227.768158548628
25202,38.61774026562639,664.039999999678,6227.828132758141
25203,38.61774026562639,664.059999999678,6227.888105771238
25204,38.61774026562639,664.079999999678,6227.948077587866
25205,38.61774026562639,664.099999999678,6228.008048207968
25206,38.61774026562639,664.1199999996779,6228.068017631493
25207,38.61774026562639,664.1399999996779,6228.127985858383
25208,38.61774026562639,664.1599999996779,6228.187952888586
25209,38.61774026562639,664.1799999996779,6228.247918722046
25210,38.61774026562639,664.1999999996779,6228.30788335871
25211,38.61774026562639,664.2199999996778,6228.367846798522
25212,38.61774026562639,664.2399999996778,6228.427809041429
25213,38.61774026562639,664.2599999996778,6228.487770087376
25214,38.61774026562639,664.2799999996778,6228.547729936308
25215,38.61774026562639,664.2999999996778,6228.607688588172
25216,38.61774026562639,664.3199999996777,6228.667646042913
25217,38.61774026562639,664.3399999996777,6228.727602300475
25218,38.61774026562639,664.3599999996777,6228.787557360805
25219,38.61774026562639,664.3799999996777,6228.847511223849
25220,38.61774026562639,664.3999999996777,6228.907463889552
25221,38.61774026562639,664.4199999996777,6228.967415357859
25222,38.61774026562639,664.4399999996776,6229.027365628716
25223,38.61774026562639,664.4599999996776,6229.087314702069
25224,38.61774026562639,664.4799999996776,6229.147262577863
25225,38.61774026562639,664.4999999996776,6229.207209256044
25226,38.61774026562639,664.5199999996776,6229.267154736557
25227,38.61774026562639,664.5399999996775,6229.327099019348
25228,38.61774026562639,664.5599999996775,6229.387042104362
25229,38.61774026562639,664.5799999996775,6229.4469839915455
25230,38.61774026562639,664.5999999996775,6229.506924680843
25231,38.61774026562639,664.6199999996775,6229.566864172201
25232,38.61774026562639,664.6399999996775,6229.626802465566
25233,38.61774026562639,664.6599999996774,6229.686739560881
25234,38.61774026562639,664.6799999996774,6229.746675458521
25235,38.61774026562639,664.6999999996774,6229.806610163065
25236,38.61774026562639,664.7199999996774,6229.866543675232
25237,38.61774026562639,664.7399999996774,6229.926475994967
25238,38.61774026562639,664.7599999996773,6229.9864071222155
25239,38.61774026562639,664.7799999996773,6230.04633705701
25240,38.61774026562639,664.7999999996773,6230.106265799481
25241,38.61774026562639,664.8199999996773,6230.166193349585
25242,38.61774026562639,664.8399999996773,6230.226119707271
25243,38.61774026562639,664.8599999996773,6230.286044872484
25244,38.61774026562639,664.8799999996772,6230.345968845171
25245,38.61774026562639,664.8999999996772,6230.405891625279
25246,38.61774026562639,664.9199999996772,6230.465813212754
25247,38.61774026562639,664.9399999996772,6230.525733607544
25248,38.61774026562639,664.9599999996772,6230.585652809594
25249,38.61774026562639,664.9799999996771,6230.645570818851
25250,38.61774026562639,664.9999999996771,6230.705487635263
25251,38.61774026562639,665.0199999996771,6230.765403258775
25252,38.61774026562639,665.0399999996771,6230.825317689335
25253,38.61774026562639,665.0599999996771,6230.885230926889
25254,38.61774026562639,665.079999999677,6230.945142971383
25255,38.61774026562639,665.099999999677,6231.005053822764
25256,38.61774026562639,665.119999999677,6231.06496348098
25257,38.61774026562639,665.139999999677,6231.124871945976
25258,38.61774026562639,665.159999999677,6231.1847792177
25259,38.61774026562639,665.179999999677,6231.244685296098
25260,38.61774026562639,665.199999999677,6231.304590181117
25261,38.61774026562639,665.2199999996769,6231.364493872704
25262,38.61774026562639,665.2399999996769,6231.424396370804
25263,38.61774026562639,665.2599999996769,6231.484297675365
25264,38.61774026562639,665.2799999996769,6231.544197786334
25265,38.61774026562639,665.2999999996769,6231.604096703657
25266,38.61774026562639,665.3199999996768,6231.663994427281
25267,38.61774026562639,665.3399999996768,6231.723890957152
25268,38.61774026562639,665.3599999996768,6231.783786293218
25269,38.61774026562639,665.3799999996768,6231.843680435425
25270,38.61774026562639,665.3999999996768,6231.903573383719
25271,38.61774026562639,665.4199999996767,6231.9634651380475
25272,38.61774026562639,665.4399999996767,6232.023355698357
25273,38.61774026562639,665.4599999996767,6232.083245064594
25274,38.61774026562639,665.4799999996767,6232.143133236706
25275,38.61774026562639,665.4999999996767,6232.203020214638
25276,38.61774026562639,665.5199999996767,6232.262905998338
25277,38.61774026562639,665.5399999996766,6232.322790587753
25278,38.61774026562639,665.5599999996766,6232.382673982828
25279,38.61774026562639,665.5799999996766,6232.442556183511
25280,38.61774026562639,665.5999999996766,6232.502437189749
25281,38.61774026562639,665.6199999996766,6232.562317001488
25282,38.61774026562639,665.6399999996765,6232.622195618675
25283,38.61774026562639,665.6599999996765,6232.6820730412555
25284,38.61774026562639,665.6799999996765,6232.741949269178
25285,38.61774026562639,665.6999999996765,6232.801824302946
25286,38.61774026562639,665.7199999996765,6232.861698147497
25287,38.61774026562639,665.7399999996765,6232.921570803268
25288,38.61774026562639,665.7599999996764,6232.981442270207
25289,38.61774026562639,665.7799999996764,6233.04131254826
25290,38.61774026562639,665.7999999996764,6233.101181637375
25291,38.61774026562639,665.8199999996764,6233.161049537499
25292,38.61774026562639,665.8399999996764,6233.220916248578
25293,38.61774026562639,665.8599999996763,6233.28078177056
25294,38.61774026562639,665.8799999996763,6233.340646103392
25295,38.61774026562639,665.8999999996763,6233.400509247021
25296,38.61774026562639,665.9199999996763,6233.460371201393
25297,38.61774026562639,665.9399999996763,6233.520231966457
25298,38.61774026562639,665.9599999996763,6233.580091542158
25299,38.61774026562639,665.9799999996762,6233.6399499284435
25300,38.61774026562639,665.9999999996762,6233.699807125261
25301,38.61774026562639,666.0199999996762,6233.759663132558
25302,38.61774026562639,666.0399999996762,6233.81951795028
25303,38.61774026562639,666.0599999996762,6233.879371578376
25304,38.61774026562639,666.0799999996761,6233.939224016792
25305,38.61774026562639,666.0999999996761,6233.999075265474
25306,38.61774026562639,666.1199999996761,6234.058925324371
25307,38.61774026562639,666.1399999996761,6234.118774193428
25308,38.61774026562639,666.1599999996761,6234.178621872594
25309,38.61774026562639,666.179999999676,6234.238468361815
25310,38.61774026562639,666.199999999676,6234.298313661037
25311,38.61774026562639,666.219999999676,6234.358157770209
25312,38.61774026562639,666.239999999676,6234.4180006892775
25313,38.61774026562639,666.259999999676,6234.477842418189
25314,38.61774026562639,666.279999999676,6234.53768295689
25315,38.61774026562639,666.299999999676,6234.597522305329
25316,38.61774026562639,666.3199999996759,6234.657360463452
25317,38.61774026562639,666.3399999996759,6234.717197431207
25318,38.61774026562639,666.3599999996759,6234.77703320854
25319,38.61774026562639,666.3799999996759,6234.836867795399
25320,38.61774026562639,666.3999999996759,6234.896701191729
25321,38.61774026562639,666.4199999996758,6234.95653339748
25322,38.61774026562639,666.4399999996758,6235.016364412597
25323,38.61774026562639,666.4599999996758,6235.076194237027
25324,38.61774026562639,666.4799999996758,6235.136022870718
25325,38.61774026562639,666.4999999996758,6235.195850313617
25326,38.61774026562639,666.5199999996757,6235.25567656567
25327,38.61774026562639,666.5399999996757,6235.315501626825
25328,38.61774026562639,666.5599999996757,6235.375325497029
25329,38.61774026562639,666.5799999996757,6235.435148176229
25330,38.61774026562639,666.5999999996757,6235.494969664372
25331,38.61774026562639,666.6199999996757,6235.554789961404
25332,38.61774026562639,666.6399999996756,6235.614609067274
25333,38.61774026562639,666.6599999996756,6235.674426981927
25334,38.61774026562639,666.6799999996756,6235.734243705312
25335,38.61774026562639,666.6999999996756,6235.794059237374
25336,38.61774026562639,666.7199999996756,6235.853873579009
25337,38.61774026562639,666.7399999996755,6235.913686735028
25338,38.61774026562639,666.7599999996755,6235.973498705814
25339,38.61774026562639,666.7799999996755,6236.033309491314
25340,38.61774026562639,666.7999999996755,6236.093119091476
25341,38.61774026562639,666.8199999996755,6236.152927506247
25342,38.61774026562639,666.8399999996755,6236.212734735574
25343,38.61774026562639,666.8599999996754,6236.272540779404
25344,38.61774026562639,666.8799999996754,6236.332345637686
25345,38.61774026562639,666.8999999996754,6236.392149310365
25346,38.61774026562639,666.9199999996754,6236.45195179739
25347,38.61774026562639,666.9399999996754,6236.511753098708
25348,38.61774026562639,666.9599999996753,6236.571553214267
25349,38.61774026562639,666.9799999996753,6236.631352144012
25350,38.61774026562639,666.9999999996753,6236.691149887893
25351,38.61774026562639,667.0199999996753,6236.750946445855
25352,38.61774026562639,667.0399999996753,6236.810741817847
25353,38.61774026562639,667.0599999996753,6236.870536003816
25354,38.61774026562639,667.0799999996752,6236.930329003708
25355,38.61774026562639,667.0999999996752,6236.9901208174715
25356,38.61774026562639,667.1199999996752,6237.049911445054
25357,38.61774026562639,667.1399999996752,6237.109700886403
25358,38.61774026562639,667.1599999996752,6237.1694891414645
25359,38.560935318489655,667.1799999996751,6237.229276210187
25360,38.560935318489655,667.1999999996751,6237.289062092517
25361,38.560935318489655,667.2199999996751,6237.348846788403
25362,38.560935318489655,667.2399999996751,6237.40863029779
25363,38.560935318489655,667.2599999996751,6237.4684126206275
25364,38.560935318489655,667.279999999675,6237.5281937568625
25365,38.560935318489655,667.299999999675,6237.5879737064415
25366,38.560935318489655,667.319999999675,6237.647752469312
25367,38.560935318489655,667.339999999675,6237.707530045422
25368,38.560935318489655,667.359999999675,6237.767306434718
25369,38.560935318489655,667.379999999675,6237.827081637148
25370,38.560935318489655,667.399999999675,6237.886855652659
25371,38.560935318489655,667.4199999996749,6237.946628481198
25372,38.560935318489655,667.4399999996749,6238.006400122713
25373,38.560935318489655,667.4599999996749,6238.066170577151
25374,38.560935318489655,667.4799999996749,6238.125939844459
25375,38.560935318489655,667.4999999996749,6238.185707924585
25376,38.560935318489655,667.5199999996748,6238.245474817475
25377,38.560935318489655,667.5399999996748,6238.305240523078
25378,38.560935318489655,667.5599999996748,6238.365005041341
25379,38.560935318489655,667.5799999996748,6238.424768372211
25380,38.560935318489655,667.5999999996748,6238.484530515634
25381,38.560935318489655,667.6199999996747,6238.5442914715595
25382,38.560935318489655,667.6399999996747,6238.604051239934
25383,38.560935318489655,667.6599999996747,6238.663809820705
25384,38.560935318489655,667.6799999996747,6238.7235672138195
25385,38.560935318489655,667.6999999996747,6238.783323419225
25386,38.560935318489655,667.7199999996747,6238.843078436868
25387,38.560935318489655,667.7399999996746,6238.902832267917
25388,38.560935318489655,667.7599999996746,6238.962584916558
25389,38.560935318489655,667.7799999996746,6239.022336383074
25390,38.560935318489655,667.7999999996746,6239.082086667412
25391,38.560935318489655,667.8199999996746,6239.14183576952
25392,38.560935318489655,667.8399999996745,6239.201583689346
25393,38.560935318489655,667.8599999996745,6239.261330426837
25394,38.560935318489655,667.8799999996745,6239.32107598194
25395,38.560935318489655,667.8999999996745,6239.380820354603
25396,38.560935318489655,667.9199999996745,6239.440563544774
25397,38.560935318489655,667.9399999996745,6239.500305552399
25398,38.560935318489655,667.9599999996744,6239.560046377427
25399,38.560935318489655,667.9799999996744,6239.619786019805
25400,38.560935318489655,667.9999999996744,6239.67952447948
25401,38.560935318489655,668.0199999996744,6239.7392617564
25402,38.560935318489655,668.0399999996744,6239.798997850513
25403,38.560935318489655,668.0599999996743,6239.858732761765
25404,38.560935318489655,668.0799999996743,6239.918466490105
25405,38.560935318489655,668.0999999996743,6239.9781990354795
25406,38.560935318489655,668.1199999996743,6240.037930397925
25407,38.560935318489655,668.1399999996743,6240.097660577726
25408,38.560935318489655,668.1599999996743,6240.157389574855
25409,38.560935318489655,668.1799999996742,6240.217117389258
25410,38.560935318489655,668.1999999996742,6240.276844020881
25411,38.560935318489655,668.2199999996742,6240.3365694696695
25412,38.560935318489655,668.2399999996742,6240.396293735569
25413,38.560935318489655,668.2599999996742,6240.456016818525
25414,38.560935318489655,668.2799999996741,6240.5157387184845
25415,38.560935318489655,668.2999999996741,6240.575459435392
25416,38.560935318489655,668.3199999996741,6240.6351789691935
25417,38.560935318489655,668.3399999996741,6240.694897319835
25418,38.560935318489655,668.3599999996741,6240.754614487262
25419,38.560935318489655,668.379999999674,6240.81433047142
25420,38.560935318489655,668.399999999674,6240.874045272256
25421,38.560935318489655,668.419999999674,6240.933758889714
25422,38.560935318489655,668.439999999674,6240.993471323741
25423,38.560935318489655,668.459999999674,6241.053182574282
25424,38.560935318489655,668.479999999674,6241.112892641283
25425,38.560935318489655,668.499999999674,6241.1726015246895
25426,38.560935318489655,668.5199999996739,6241.232309224448
25427,38.560935318489655,668.5399999996739,6241.292015740503
25428,38.560935318489655,668.5599999996739,6241.351721072802
25429,38.560935318489655,668.5799999996739,6241.41142522129
25430,38.560935318489655,668.5999999996739,6241.471128185913
25431,38.560935318489655,668.6199999996738,6241.530829966615
25432,38.560935318489655,668.6399999996738,6241.590530563343
25433,38.560935318489655,668.6599999996738,6241.650229976043
25434,38.560935318489655,668.6799999996738,6241.709928204661
25435,38.560935318489655,668.6999999996738,6241.769625249142
25436,38.560935318489655,668.7199999996737,6241.829321109432
25437,38.560935318489655,668.7399999996737,6241.889015785478
25438,38.560935318489655,668.7599999996737,6241.948709278828
25439,38.560935318489655,668.7799999996737,6242.008401593504
25440,38.560935318489655,668.7999999996737,6242.068092729725
25441,38.560935318489655,668.8199999996737,6242.127782687438
25442,38.560935318489655,668.8399999996736,6242.187471466589
25443,38.560935318489655,668.8599999996736,6242.247159067123
25444,38.560935318489655,668.8799999996736,6242.306845488985
25445,38.560935318489655,668.8999999996736,6242.366530732123
25446,38.560935318489655,668.9199999996736,6242.42621479648
25447,38.560935318489655,668.9399999996735,6242.485897682003
25448,38.560935318489655,668.9599999996735,6242.5455793886385
25449,38.560935318489655,668.9799999996735,6242.605259916332
25450,38.560935318489655,668.9999999996735,6242.664939265029
25451,38.560935318489655,669.0199999996735,6242.724617434675
25452,38.560935318489655,669.0399999996735,6242.784294425215
25453,38.560935318489655,669.0599999996734,6242.843970236597
25454,38.560935318489655,669.0799999996734,6242.903644868765
25455,38.560935318489655,669.0999999996734,6242.963318321666
25456,38.560935318489655,669.1199999996734,6243.022990595244
25457,38.560935318489655,669.1399999996734,6243.082661689446
25458,38.560935318489655,669.1599999996733,6243.142331604217
25459,38.560935318489655,669.1799999996733,6243.202000339505
25460,38.560935318489655,669.1999999996733,6243.261667895253
25461,38.560935318489655,669.2199999996733,6243.321334271408
25462,38.560935318489655,669.2399999996733,6243.380999467916
25463,38.560935318489655,669.2599999996733,6243.440663484722
25464,38.560935318489655,669.2799999996732,6243.500326321772
25465,38.560935318489655,669.2999999996732,6243.5599879790125
25466,38.560935318489655,669.3199999996732,6243.619648456389
25467,38.560935318489655,669.3399999996732,6243.679307753846
25468,38.560935318489655,669.3599999996732,6243.738965871331
25469,38.560935318489655,669.3799999996731,6243.798622808788
25470,38.560935318489655,669.3999999996731,6243.858278566165
25471,38.560935318489655,669.4199999996731,6243.917933143406
25472,38.560935318489655,669.4399999996731,6243.977586540458
25473,38.560935318489655,669.4599999996731,6244.037238757266
25474,38.560935318489655,669.479999999673,6244.0968897937755
25475,38.560935318489655,669.499999999673,6244.156539649933
25476,38.560935318489655,669.519999999673,6244.216188325684
25477,38.560935318489655,669.539999999673,6244.275835820974
25478,38.560935318489655,669.559999999673,6244.335482135749
25479,38.560935318489655,669.579999999673,6244.395127269955
25480,38.560935318489655,669.599999999673,6244.454771223538
25481,38.560935318489655,669.6199999996729,6244.514413996443
25482,38.560935318489655,669.6399999996729,6244.574055588617
25483,38.560935318489655,669.6599999996729,6244.633696000004
25484,38.560935318489655,669.6799999996729,6244.693335230551
25485,38.560935318489655,669.6999999996729,6244.752973280204
25486,38.560935318489655,669.7199999996728,6244.812610148908
25487,38.560935318489655,669.7399999996728,6244.872245836609
25488,38.560935318489655,669.7599999996728,6244.931880343253
25489,38.560935318489655,669.7799999996728,6244.991513670773
25490,38.560935318489655,669.7999999996728,6245.051145822971
25491,38.560935318489655,669.8199999996727,6245.1107768
25492,38.560935318489655,669.8399999996727,6245.170406601805
25493,38.560935318489655,669.8599999996727,6245.23003522833
25494,38.560935318489655,669.8799999996727,6245.289662679521
25495,38.560935318489655,669.8999999996727,6245.349288955323
25496,38.560935318489655,669.9199999996727,6245.40891405568
25497,38.560935318489655,669.9399999996726,6245.468537980537
25498,38.560935318489655,669.9599999996726,6245.528160729839
25499,38.560935318489655,669.9799999996726,6245.587782303532
25500,38.560935318489655,669.9999999996726,6245.647402701559
25501,38.560935318489655,670.0199999996726,6245.707021923868
25502,38.560935318489655,670.0399999996725,6245.7666399704
25503,38.560935318489655,670.0599999996725,6245.826256841104
25504,38.560935318489655,670.0799999996725,6245.885872535921
25505,38.560935318489655,670.0999999996725,6245.945487054799
25506,38.560935318489655,670.1199999996725,6246.005100397681
25507,38.560935318489655,670.1399999996725,6246.064712564514
25508,38.560935318489655,670.1599999996724,6246.124323555241
25509,38.560935318489655,670.1799999996724,6246.183933369808
25510,38.560935318489655,670.1999999996724,6246.243542008159
25511,38.560935318489655,670.2199999996724,6246.30314947024
25512,38.560935318489655,670.2399999996724,6246.362755755996
25513,38.560935318489655,670.2599999996723,6246.42236086537
25514,38.560935318489655,670.2799999996723,6246.4819647983095
25515,38.560935318489655,670.2999999996723,6246.541567554758
25516,38.560935318489655,670.3199999996723,6246.601169134661
25517,38.560935318489655,670.3399999996723,6246.6607695379635
25518,38.560935318489655,670.3599999996723,6246.72036876461
25519,38.560935318489655,670.3799999996722,6246.779966814545
25520,38.560935318489655,670.3999999996722,6246.839563687715
25521,38.560935318489655,670.4199999996722,6246.899159384063
25522,38.560935318489655,670.4399999996722,6246.958753903536
25523,38.560935318489655,670.4599999996722,6247.018347246077
25524,38.560935318489655,670.4799999996721,6247.077939411632
25525,38.560935318489655,670.4999999996721,6247.137530400146
25526,38.560935318489655,670.5199999996721,6247.197120211564
25527,38.560935318489655,670.5399999996721,6247.25670884583
25528,38.560935318489655,670.5599999996721,6247.31629630289
25529,38.560935318489655,670.579999999672,6247.375882582689
25530,38.560935318489655,670.599999999672,6247.435467685172
25531,38.560935318489655,670.619999999672,6247.495051610283
25532,38.560935318489655,670.639999999672,6247.554634357967
25533,38.560935318489655,670.659999999672,6247.614215928171
25534,38.560935318489655,670.679999999672,6247.673796320838
25535,38.560935318489655,670.699999999672,6247.733375535913
25536,38.504269497423344,670.7199999996719,6247.792953573342
25537,38.504269497423344,670.7399999996719,6247.852530433069
25538,38.504269497423344,670.7599999996719,6247.912106115039
25539,38.504269497423344,670.7799999996719,6247.971680619197
25540,38.504269497423344,670.7999999996719,6248.031253947813
25541,38.504269497423344,670.8199999996718,6248.090826104372
25542,38.504269497423344,670.8399999996718,6248.150397088959
25543,38.504269497423344,670.8599999996718,6248.209966901521
25544,38.504269497423344,670.8799999996718,6248.2695355420055
25545,38.504269497423344,670.8999999996718,6248.329103010363
25546,38.504269497423344,670.9199999996717,6248.388669306541
25547,38.504269497423344,670.9399999996717,6248.448234430487
25548,38.504269497423344,670.9599999996717,6248.507798382151
25549,38.504269497423344,670.9799999996717,6248.567361161481
25550,38.504269497423344,670.9999999996717,6248.626922768425
25551,38.504269497423344,671.0199999996717,6248.686483202931
25552,38.504269497423344,671.0399999996716,6248.746042464948
25553,38.504269497423344,671.0599999996716,6248.805600554424
25554,38.504269497423344,671.0799999996716,6248.865157471308
25555,38.504269497423344,671.0999999996716,6248.924713215547
25556,38.504269497423344,671.1199999996716,6248.984267787091
25557,38.504269497423344,671.1399999996715,6249.043821185887
25558,38.504269497423344,671.1599999996715,6249.103373411885
25559,38.504269497423344,671.1799999996715,6249.162924465032
25560,38.504269497423344,671.1999999996715,6249.222474345277
25561,38.504269497423344,671.2199999996715,6249.282023052569
25562,38.504269497423344,671.2399999996715,6249.341570586855
25563,38.504269497423344,671.2599999996714,6249.401116948084
25564,38.504269497423344,671.2799999996714,6249.460662136204
25565,38.504269497423344,671.2999999996714,6249.520206151164
25566,38.504269497423344,671.3199999996714,6249.579748992912
25567,38.504269497423344,671.3399999996714,6249.639290661396
25568,38.504269497423344,671.3599999996713,6249.6988311565665
25569,38.504269497423344,671.3799999996713,6249.75837047837
25570,38.504269497423344,671.3999999996713,6249.8179086267555
25571,38.504269497423344,671.4199999996713,6249.877445601671
25572,38.504269497423344,671.4399999996713,6249.936981403064
25573,38.504269497423344,671.4599999996713,6249.996516030885
25574,38.504269497423344,671.4799999996712,6250.056049485226
25575,38.504269497423344,671.4999999996712,6250.115581766211
25576,38.504269497423344,671.5199999996712,6250.175112873791
25577,38.504269497423344,671.5399999996712,6250.234642807913
25578,38.504269497423344,671.5599999996712,6250.294171568526
25579,38.504269497423344,671.5799999996711,6250.353699155577
25580,38.504269497423344,671.5999999996711,6250.413225569014
25581,38.504269497423344,671.6199999996711,6250.472750808785
25582,38.504269497423344,671.6399999996711,6250.5322748748395
25583,38.504269497423344,671.6599999996711,6250.591797767124
25584,38.504269497423344,671.679999999671,6250.651319485588
25585,38.504269497423344,671.699999999671,6250.710840030178
25586,38.504269497423344,671.719999999671,6250.770359400842
25587,38.504269497423344,671.739999999671,6250.829877597528
25588,38.504269497423344,671.759999999671,6250.889394620185
25589,38.504269497423344,671.779999999671,6250.948910468761
25590,38.504269497423344,671.799999999671,6251.008425143203
25591,38.504269497423344,671.8199999996709,6251.0679386460215
25592,38.504269497423344,671.8399999996709,6251.127450980281
25593,38.504269497423344,671.8599999996709,6251.18696214599
25594,38.504269497423344,671.8799999996709,6251.246472143096
25595,38.504269497423344,671.8999999996709,6251.305980971547
25596,38.504269497423344,671.9199999996708,6251.36548863129
25597,38.504269497423344,671.9399999996708,6251.424995122273
25598,38.504269497423344,671.9599999996708,6251.484500444442
25599,38.504269497423344,671.9799999996708,6251.544004597747
25600,38.504269497423344,671.9999999996708,6251.603507582134
25601,38.504269497423344,672.0199999996707,6251.66300939755
25602,38.504269497423344,672.0399999996707,6251.722510043944
25603,38.504269497423344,672.0599999996707,6251.782009521262
25604,38.504269497423344,672.0799999996707,6251.841507829452
25605,38.504269497423344,672.0999999996707,6251.901004968461
25606,38.504269497423344,672.1199999996707,6251.960500938238
25607,38.504269497423344,672.1399999996706,6252.0199957387285
25608,38.504269497423344,672.1599999996706,6252.079489369881
25609,38.504269497423344,672.1799999996706,6252.138981831644
25610,38.504269497423344,672.1999999996706,6252.198473123963
25611,38.504269497423344,672.2199999996706,6252.257963246786
25612,38.504269497423344,672.2399999996705,6252.317452200062
25613,38.504269497423344,672.2599999996705,6252.3769399837365
25614,38.504269497423344,672.2799999996705,6252.436426597758
25615,38.504269497423344,672.2999999996705,6252.495912042074
25616,38.504269497423344,672.3199999996705,6252.555396316632
25617,38.504269497423344,672.3399999996705,6252.61487942138
25618,38.504269497423344,672.3599999996704,6252.674361356264
25619,38.504269497423344,672.3799999996704,6252.733842121233
25620,38.504269497423344,672.3999999996704,6252.793321716233
25621,38.504269497423344,672.4199999996704,6252.852800141212
25622,38.504269497423344,672.4399999996704,6252.912277396119
25623,38.504269497423344,672.4599999996703,6252.9717534809
25624,38.504269497423344,672.4799999996703,6253.031228395503
25625,38.504269497423344,672.4999999996703,6253.090702139875
25626,38.504269497423344,672.5199999996703,6253.150174713965
25627,38.504269497423344,672.5399999996703,6253.209646117718
25628,38.504269497423344,672.5599999996703,6253.2691163510835
25629,38.504269497423344,672.5799999996702,6253.328585414008
25630,38.504269497423344,672.5999999996702,6253.388053306439
25631,38.504269497423344,672.6199999996702,6253.447520028325
25632,38.504269497423344,672.6399999996702,6253.506985579613
25633,38.504269497423344,672.6599999996702,6253.56644996025
25634,38.504269497423344,672.6799999996701,6253.625913170184
25635,38.504269497423344,672.6999999996701,6253.685375209361
25636,38.504269497423344,672.7199999996701,6253.744836077731
25637,38.504269497423344,672.7399999996701,6253.80429577524
25638,38.504269497423344,672.7599999996701,6253.863754301836
25639,38.504269497423344,672.77999999967,6253.923211657466
25640,38.504269497423344,672.79999999967,6253.982667842078
25641,38.504269497423344,672.81999999967,6254.042122855625
25642,38.504269497423344,672.83999999967,6254.101576701019
25643,38.504269497423344,672.85999999967,6254.1610293811145
25644,38.504269497423344,672.87999999967,6254.220480895859
25645,38.504269497423344,672.89999999967,6254.279931245198
25646,38.504269497423344,672.9199999996699,6254.339380429082
25647,38.504269497423344,672.9399999996699,6254.398828447456
25648,38.504269497423344,672.9599999996699,6254.45827530027
25649,38.504269497423344,672.9799999996699,6254.51772098747
25650,38.504269497423344,672.9999999996699,6254.577165509004
25651,38.504269497423344,673.0199999996698,6254.636608864819
25652,38.504269497423344,673.0399999996698,6254.696051054864
25653,38.504269497423344,673.0599999996698,6254.755492079086
25654,38.504269497423344,673.0799999996698,6254.814931937432
25655,38.504269497423344,673.0999999996698,6254.874370629851
25656,38.504269497423344,673.1199999996697,6254.933808156289
25657,38.504269497423344,673.1399999996697,6254.993244516695
25658,38.504269497423344,673.1599999996697,6255.052679711015
25659,38.504269497423344,673.1799999996697,6255.112113739198
25660,38.504269497423344,673.1999999996697,6255.171546601191
25661,38.504269497423344,673.2199999996697,6255.230978296941
25662,38.504269497423344,673.2399999996696,6255.290408826398
25663,38.504269497423344,673.2599999996696,6255.349838189507
25664,38.504269497423344,673.2799999996696,6255.409266386217
25665,38.504269497423344,673.2999999996696,6255.468693416475
25666,38.504269497423344,673.3199999996696,6255.528119280229
25667,38.504269497423344,673.3399999996695,6255.587543977425
25668,38.504269497423344,673.3599999996695,6255.646967508013
25669,38.504269497423344,673.3799999996695,6255.70638987194
25670,38.504269497423344,673.3999999996695,6255.765811069153
25671,38.504269497423344,673.4199999996695,6255.8252310995995
25672,38.504269497423344,673.4399999996695,6255.884649963227
25673,38.504269497423344,673.4599999996694,6255.944067659984
25674,38.504269497423344,673.4799999996694,6256.003484189818
25675,38.504269497423344,673.4999999996694,6256.062899552676
25676,38.504269497423344,673.5199999996694,6256.122313748506
25677,38.504269497423344,673.5399999996694,6256.181726777255
25678,38.504269497423344,673.5599999996693,6256.241138638871
25679,38.504269497423344,673.5799999996693,6256.300549333303
25680,38.504269497423344,673.5999999996693,6256.359958860497
25681,38.504269497423344,673.6199999996693,6256.4193672204
25682,38.504269497423344,673.6399999996693,6256.478774412962
25683,38.504269497423344,673.6599999996693,6256.538180438129
25684,38.504269497423344,673.6799999996692,6256.597585295848
25685,38.504269497423344,673.6999999996692,6256.656988986068
25686,38.504269497423344,673.7199999996692,6256.716391508737
25687,38.504269497423344,673.7399999996692,6256.7757928638
25688,38.504269497423344,673.7599999996692,6256.835193051207
25689,38.504269497423344,673.7799999996691,6256.894592070906
25690,38.504269497423344,673.7999999996691,6256.953989922842
25691,38.504269497423344,673.8199999996691,6257.013386606965
25692,38.504269497423344,673.8399999996691,6257.0727821232995
25693,38.504269497423344,673.8599999996691,6257.132176475126
25694,38.504269497423344,673.879999999669,6257.191569665023
25695,38.504269497423344,673.899999999669,6257.25096169294
25696,38.504269497423344,673.919999999669,6257.310352558825
25697,38.504269497423344,673.939999999669,6257.369742262625
25698,38.504269497423344,673.959999999669,6257.429130804288
25699,38.504269497423344,673.979999999669,6257.488518183763
25700,38.504269497423344,673.999999999669,6257.547904400996
25701,38.504269497423344,674.0199999996689,6257.607289455937
25702,38.504269497423344,674.0399999996689,6257.666673348531
25703,38.504269497423344,674.0599999996689,6257.726056078727
25704,38.504269497423344,674.0799999996689,6257.785437646474
25705,38.504269497423344,674.0999999996689,6257.844818051719
25706,38.504269497423344,674.1199999996688,6257.90419729441
25707,38.504269497423344,674.1399999996688,6257.963575374494
25708,38.504269497423344,674.1599999996688,6258.022952291921
25709,38.504269497423344,674.1799999996688,6258.082328046637
25710,38.504269497423344,674.1999999996688,6258.14170263859
25711,38.504269497423344,674.2199999996687,6258.2010760677285
25712,38.504269497423344,674.2399999996687,6258.260448334
25713,38.504269497423344,674.2599999996687,6258.319819437353
25714,38.4477423258498,674.2799999996687,6258.379189377733
25715,38.4477423258498,674.2999999996687,6258.438558155091
25716,38.4477423258498,674.3199999996687,6258.497925769373
25717,38.4477423258498,674.3399999996686,6258.557292220527
25718,38.4477423258498,674.3599999996686,6258.616657508502
25719,38.4477423258498,674.3799999996686,6258.676021633244
25720,38.4477423258498,674.3999999996686,6258.735384594703
25721,38.4477423258498,674.4199999996686,6258.794746392825
25722,38.4477423258498,674.4399999996685,6258.854107027559
25723,38.4477423258498,674.4599999996685,6258.913466498851
25724,38.4477423258498,674.4799999996685,6258.972824806652
25725,38.4477423258498,674.4999999996685,6259.032181950907
25726,38.4477423258498,674.5199999996685,6259.091537931566
25727,38.4477423258498,674.5399999996685,6259.150892748575
25728,38.4477423258498,674.5599999996684,6259.210246401883
25729,38.4477423258498,674.5799999996684,6259.269598891437
25730,38.4477423258498,674.5999999996684,6259.3289502171865
25731,38.4477423258498,674.6199999996684,6259.388300379078
25732,38.4477423258498,674.6399999996684,6259.44764937706
25733,38.4477423258498,674.6599999996683,6259.50699721108
25734,38.4477423258498,674.6799999996683,6259.566343881085
25735,38.4477423258498,674.6999999996683,6259.625689387025
25736,38.4477423258498,674.7199999996683,6259.685033728846
25737,38.4477423258498,674.7399999996683,6259.744376906497
25738,38.4477423258498,674.7599999996683,6259.803718919925
25739,38.4477423258498,674.7799999996682,6259.863059769078
25740,38.4477423258498,674.7999999996682,6259.922399453904
25741,38.4477423258498,674.8199999996682,6259.981737974352
25742,38.4477423258498,674.8399999996682,6260.041075330461
25743,38.4477423258498,674.8599999996682,6260.100411522589
25744,38.4477423258498,674.8799999996681,6260.159746554052
25745,38.4477423258498,674.8999999996681,6260.219080426906
25746,38.4477423258498,674.9199999996681,6260.2784131411
25747,38.4477423258498,674.9399999996681,6260.337744696582
25748,38.4477423258498,674.9599999996681,6260.397075093301
25749,38.4477423258498,674.979999999668,6260.456404331206
25750,38.4477423258498,674.999999999668,6260.515732410243
25751,38.4477423258498,675.019999999668,6260.575059330362
25752,38.4477423258498,675.039999999668,6260.63438509151
25753,38.4477423258498,675.059999999668,6260.693709693636
25754,38.4477423258498,675.079999999668,6260.753033136689
25755,38.4477423258498,675.099999999668,6260.812355420616
25756,38.4477423258498,675.1199999996679,6260.871676545366
25757,38.4477423258498,675.1399999996679,6260.930996510888
25758,38.4477423258498,675.1599999996679,6260.990315317129
25759,38.4477423258498,675.1799999996679,6261.049632964037
25760,38.4477423258498,675.1999999996679,6261.108949451562
25761,38.4477423258498,675.2199999996678,6261.168264779651
25762,38.4477423258498,675.2399999996678,6261.227578948253
25763,38.4477423258498,675.2599999996678,6261.286891957316
25764,38.4477423258498,675.2799999996678,6261.346203806787
25765,38.4477423258498,675.2999999996678,6261.405514496617
25766,38.4477423258498,675.3199999996677,6261.4648240267525
25767,38.4477423258498,675.3399999996677,6261.524132397142
25768,38.4477423258498,675.3599999996677,6261.583439607734
25769,38.4477423258498,675.3799999996677,6261.642745658477
25770,38.4477423258498,675.3999999996677,6261.702050549319
25771,38.4477423258498,675.4199999996677,6261.761354280208
25772,38.4477423258498,675.4399999996676,6261.820656851093
25773,38.4477423258498,675.4599999996676,6261.879958261922
25774,38.4477423258498,675.4799999996676,6261.939258512643
25775,38.4477423258498,675.4999999996676,6261.998557603205
25776,38.4477423258498,675.5199999996676,6262.057855533556
25777,38.4477423258498,675.5399999996675,6262.117152303644
25778,38.4477423258498,675.5599999996675,6262.176447913417
25779,38.4477423258498,675.5799999996675,6262.235742362825
25780,38.4477423258498,675.5999999996675,6262.295035651814
25781,38.4477423258498,675.6199999996675,6262.354327780334
25782,38.4477423258498,675.6399999996675,6262.413618748332
25783,38.4477423258498,675.6599999996674,6262.472908555757
25784,38.4477423258498,675.6799999996674,6262.532197202559
25785,38.4477423258498,675.6999999996674,6262.5914846886835
25786,38.4477423258498,675.7199999996674,6262.65077101408
25787,38.4477423258498,675.7399999996674,6262.710056178697
25788,38.4477423258498,675.7599999996673,6262.769340182483
25789,38.4477423258498,675.7799999996673,6262.828623025385
25790,38.4477423258498,675.7999999996673,6262.887904707353
25791,38.4477423258498,675.8199999996673,6262.947185228334
25792,38.4477423258498,675.8399999996673,6263.006464588277
25793,38.4477423258498,675.8599999996673,6263.06574278713
25794,38.4477423258498,675.8799999996672,6263.125019825053
25795,38.4477423258498,675.8999999996672,6263.184295705734
25796,38.4477423258498,675.9199999996672,6263.243570430964
25797,38.4477423258498,675.9399999996672,6263.302844000689
25798,38.4477423258498,675.9599999996672,6263.362116414859
25799,38.4477423258498,675.9799999996671,6263.421387673422
25800,38.4477423258498,675.9999999996671,6263.480657776327
25801,38.4477423258498,676.0199999996671,6263.539926723522
25802,38.4477423258498,676.0399999996671,6263.599194514955
25803,38.4477423258498,676.0599999996671,6263.658461150577
25804,38.4477423258498,676.079999999667,6263.717726630334
25805,38.4477423258498,676.099999999667,6263.776990954176
25806,38.4477423258498,676.119999999667,6263.83625412205
25807,38.4477423258498,676.139999999667,6263.895516133906
25808,38.4477423258498,676.159999999667,6263.954776989693
25809,38.4477423258498,676.179999999667,6264.014036689357
25810,38.4477423258498,676.1999999996669,6264.073295232849
25811,38.4477423258498,676.2199999996669,6264.132552620116
25812,38.4477423258498,676.2399999996669,6264.191808851107
25813,38.4477423258498,676.2599999996669,6264.251063925772
25814,38.4477423258498,676.2799999996669,6264.310317844057
25815,38.4477423258498,676.2999999996669,6264.3695706059125
25816,38.4477423258498,676.3199999996668,6264.428822211286
25817,38.4477423258498,676.3399999996668,6264.488072660127
25818,38.4477423258498,676.3599999996668,6264.547321952383
25819,38.4477423258498,676.3799999996668,6264.606570088003
25820,38.4477423258498,676.3999999996668,6264.665817066935
25821,38.4477423258498,676.4199999996667,6264.725062889129
25822,38.4477423258498,676.4399999996667,6264.7843075545325
25823,38.4477423258498,676.4599999996667,6264.843551063094
25824,38.4477423258498,676.4799999996667,6264.9027934147625
25825,38.4477423258498,676.4999999996667,6264.962034609486
25826,38.4477423258498,676.5199999996667,6265.021274647213
25827,38.4477423258498,676.5399999996666,6265.080513527893
25828,38.4477423258498,676.5599999996666,6265.139751251474
25829,38.4477423258498,676.5799999996666,6265.198987817905
25830,38.4477423258498,676.5999999996666,6265.258223227133
25831,38.4477423258498,676.6199999996666,6265.317457479108
25832,38.4477423258498,676.6399999996665,6265.376690573778
25833,38.4477423258498,676.6599999996665,6265.435922511092
25834,38.4477423258498,676.6799999996665,6265.495153290998
25835,38.4477423258498,676.6999999996665,6265.554382913445
25836,38.4477423258498,676.7199999996665,6265.613611378381
25837,38.4477423258498,676.7399999996665,6265.672838685756
25838,38.4477423258498,676.7599999996664,6265.732064835516
25839,38.4477423258498,676.7799999996664,6265.791289827612
25840,38.4477423258498,676.7999999996664,6265.850513661991
25841,38.4477423258498,676.8199999996664,6265.909736338602
25842,38.4477423258498,676.8399999996664,6265.968957857393
25843,38.4477423258498,676.8599999996663,6266.028178218315
25844,38.4477423258498,676.8799999996663,6266.087397421314
25845,38.4477423258498,676.8999999996663,6266.146615466623
25846,38.4477423258498,676.9199999996663,6266.205832358274
25847,38.4477423258498,676.9399999996663,6266.265048097739
25848,38.4477423258498,676.9599999996663,6266.324262684966
25849,38.4477423258498,676.9799999996662,6266.383476119901
25850,38.4477423258498,676.9999999996662,6266.442688402493
25851,38.4477423258498,677.0199999996662,6266.50189953269
25852,38.4477423258498,677.0399999996662,6266.561109510439
25853,38.4477423258498,677.0599999996662,6266.620318335687
25854,38.4477423258498,677.0799999996661,6266.679526008384
25855,38.4477423258498,677.0999999996661,6266.738732528475
25856,38.4477423258498,677.1199999996661,6266.79793789591
25857,38.4477423258498,677.1399999996661,6266.857142110635
25858,38.4477423258498,677.1599999996661,6266.916345172599
25859,38.4477423258498,677.179999999666,6266.975547081748
25860,38.4477423258498,677.199999999666,6267.034747838031
25861,38.4477423258498,677.219999999666,6267.093947441395
25862,38.4477423258498,677.239999999666,6267.153145891789
25863,38.4477423258498,677.259999999666,6267.212343189159
25864,38.4477423258498,677.279999999666,6267.271539333453
25865,38.4477423258498,677.2999999996659,6267.33073432462
25866,38.4477423258498,677.3199999996659,6267.389928162606
25867,38.4477423258498,677.3399999996659,6267.44912084736
25868,38.4477423258498,677.3599999996659,6267.508312378829
25869,38.4477423258498,677.3799999996659,6267.567502756961
25870,38.4477423258498,677.3999999996659,6267.6266919817035
25871,38.4477423258498,677.4199999996658,6267.685880053004
25872,38.4477423258498,677.4399999996658,6267.745066970811
25873,38.4477423258498,677.4599999996658,6267.804252735072
25874,38.4477423258498,677.4799999996658,6267.8634373457335
25875,38.4477423258498,677.4999999996658,6267.922620802744
25876,38.4477423258498,677.5199999996657,6267.981803106051
25877,38.4477423258498,677.5399999996657,6268.040984255604
25878,38.4477423258498,677.5599999996657,6268.100164251348
25879,38.4477423258498,677.5799999996657,6268.159343093233
25880,38.4477423258498,677.5999999996657,6268.2185207812045
25881,38.4477423258498,677.6199999996657,6268.277697315211
25882,38.4477423258498,677.6399999996656,6268.336872695201
25883,38.4477423258498,677.6599999996656,6268.3960469211215
25884,38.4477423258498,677.6799999996656,6268.45521999292
25885,38.4477423258498,677.6999999996656,6268.514391910546
25886,38.4477423258498,677.7199999996656,6268.573562673945
25887,38.4477423258498,677.7399999996655,6268.632732283066
25888,38.4477423258498,677.7599999996655,6268.691900737856
25889,38.4477423258498,677.7799999996655,6268.751068038262
25890,38.4477423258498,677.7999999996655,6268.810234184233
25891,38.4477423258498,677.8199999996655,6268.869399175716
25892,38.39135332928836,677.8399999996655,6268.92856301266
25893,38.39135332928836,677.8599999996654,6268.987725695011
25894,38.39135332928836,677.8799999996654,6269.046887222718
25895,38.39135332928836,677.8999999996654,6269.106047595728
25896,38.39135332928836,677.9199999996654,6269.16520681434
25897,38.39135332928836,677.9399999996654,6269.22436488283
25898,38.39135332928836,677.9599999996653,6269.283521802316
25899,38.39135332928836,677.9799999996653,6269.342677572747
25900,38.39135332928836,677.9999999996653,6269.401832194075
25901,38.39135332928836,678.0199999996653,6269.460985666249
25902,38.39135332928836,678.0399999996653,6269.5201379892205
25903,38.39135332928836,678.0599999996653,6269.579289162939
25904,38.39135332928836,678.0799999996652,6269.638439187355
25905,38.39135332928836,678.0999999996652,6269.6975880624195
25906,38.39135332928836,678.1199999996652,6269.756735788082
25907,38.39135332928836,678.1399999996652,6269.815882364292
25908,38.39135332928836,678.1599999996652,6269.875027791
25909,38.39135332928836,678.1799999996651,6269.934172068158
25910,38.39135332928836,678.1999999996651,6269.993315195715
25911,38.39135332928836,678.2199999996651,6270.052457173786
25912,38.39135332928836,678.2399999996651,6270.111598002553
25913,38.39135332928836,678.2599999996651,6270.170737681974
25914,38.39135332928836,678.279999999665,6270.229876211997
25915,38.39135332928836,678.299999999665,6270.289013592572
25916,38.39135332928836,678.319999999665,6270.348149823647
25917,38.39135332928836,678.339999999665,6270.407284905172
25918,38.39135332928836,678.359999999665,6270.466418837095
25919,38.39135332928836,678.379999999665,6270.525551619366
25920,38.39135332928836,678.3999999996649,6270.584683251933
25921,38.39135332928836,678.4199999996649,6270.643813734745
25922,38.39135332928836,678.4399999996649,6270.702943067752
25923,38.39135332928836,678.4599999996649,6270.762071250902
25924,38.39135332928836,678.4799999996649,6270.821198284146
25925,38.39135332928836,678.4999999996649,6270.88032416743
25926,38.39135332928836,678.5199999996648,6270.939448900705
25927,38.39135332928836,678.5399999996648,6270.998572483921
25928,38.39135332928836,678.5599999996648,6271.0576949170245
25929,38.39135332928836,678.5799999996648,6271.116816199966
25930,38.39135332928836,678.5999999996648,6271.175936332694
25931,38.39135332928836,678.6199999996647,6271.235055315157
25932,38.39135332928836,678.6399999996647,6271.294173147306
25933,38.39135332928836,678.6599999996647,6271.353289829088
25934,38.39135332928836,678.6799999996647,6271.412405360453
25935,38.39135332928836,678.6999999996647,6271.47151974135
25936,38.39135332928836,678.7199999996647,6271.530632971728
25937,38.39135332928836,678.7399999996646,6271.589745051536
25938,38.39135332928836,678.7599999996646,6271.648855980723
25939,38.39135332928836,678.7799999996646,6271.707965759238
25940,38.39135332928836,678.7999999996646,6271.767074387029
25941,38.39135332928836,678.8199999996646,6271.826181864048
25942,38.39135332928836,678.8399999996645,6271.88528819024
25943,38.39135332928836,678.8599999996645,6271.9443933655575
25944,38.39135332928836,678.8799999996645,6272.003497389947
25945,38.39135332928836,678.8999999996645,6272.06260026336
25946,38.39135332928836,678.9199999996645,6272.121701985743
25947,38.39135332928836,678.9399999996645,6272.180802557447
25948,38.39135332928836,678.9599999996644,6272.239901982811
25949,38.39135332928836,678.9799999996644,6272.299000262567
25950,38.39135332928836,678.9999999996644,6272.358097396663
25951,38.39135332928836,679.0199999996644,6272.417193385048
25952,38.39135332928836,679.0399999996644,6272.476288227672
25953,38.39135332928836,679.0599999996643,6272.535381924481
25954,38.39135332928836,679.0799999996643,6272.594474475424
25955,38.39135332928836,679.0999999996643,6272.6535658804505
25956,38.39135332928836,679.1199999996643,6272.712656139508
25957,38.39135332928836,679.1399999996643,6272.771745252546
25958,38.39135332928836,679.1599999996643,6272.830833219511
25959,38.39135332928836,679.1799999996642,6272.889920040353
25960,38.39135332928836,679.1999999996642,6272.949005715021
25961,38.39135332928836,679.2199999996642,6273.008090243461
25962,38.39135332928836,679.2399999996642,6273.067173625624
25963,38.39135332928836,679.2599999996642,6273.126255861456
25964,38.39135332928836,679.2799999996641,6273.185336950908
25965,38.39135332928836,679.2999999996641,6273.244416893926
25966,38.39135332928836,679.3199999996641,6273.303495690461
25967,38.39135332928836,679.3399999996641,6273.36257334046
25968,38.39135332928836,679.3599999996641,6273.421649843871
25969,38.39135332928836,679.379999999664,6273.480725200643
25970,38.39135332928836,679.399999999664,6273.539799410724
25971,38.39135332928836,679.419999999664,6273.598872474063
25972,38.39135332928836,679.439999999664,6273.657944390608
25973,38.39135332928836,679.459999999664,6273.717015160308
25974,38.39135332928836,679.479999999664,6273.7760847831105
25975,38.39135332928836,679.4999999996639,6273.835153258965
25976,38.39135332928836,679.5199999996639,6273.894220587819
25977,38.39135332928836,679.5399999996639,6273.953286769622
25978,38.39135332928836,679.5599999996639,6274.012351804321
25979,38.39135332928836,679.5799999996639,6274.071415691866
25980,38.39135332928836,679.5999999996639,6274.130478432204
25981,38.39135332928836,679.6199999996638,6274.189540025284
25982,38.39135332928836,679.6399999996638,6274.248600471055
25983,38.39135332928836,679.6599999996638,6274.307659769465
25984,38.39135332928836,679.6799999996638,6274.366717920463
25985,38.39135332928836,679.6999999996638,6274.425774923997
25986,38.39135332928836,679.7199999996637,6274.484830780015
25987,38.39135332928836,679.7399999996637,6274.543885488466
25988,38.39135332928836,679.7599999996637,6274.602939049298
25989,38.39135332928836,679.7799999996637,6274.66199146246
25990,38.39135332928836,679.7999999996637,6274.7210427279
25991,38.39135332928836,679.8199999996637,6274.780092845566
25992,38.39135332928836,679.8399999996636,6274.839141815408
25993,38.39135332928836,679.8599999996636,6274.8981896373725
25994,38.39135332928836,679.8799999996636,6274.957236311409
25995,38.39135332928836,679.8999999996636,6275.0162818374665
25996,38.39135332928836,679.9199999996636,6275.075326215493
25997,38.39135332928836,679.9399999996635,6275.134369445436
25998,38.39135332928836,679.9599999996635,6275.193411527731
25999,38.39135332928836,679.9799999996635,6275.2524524670835
26000,38.39135332928836,679.9999999996635,6275.311492263917
26001,38.39135332928836,680.0199999996635,6275.3705309181805
26002,38.39135332928836,680.0399999996635,6275.429568429823
26003,38.39135332928836,680.0599999996634,6275.488604798793
26004,38.39135332928836,680.0799999996634,6275.547640025038
26005,38.39135332928836,680.0999999996634,6275.606674108508
26006,38.39135332928836,680.1199999996634,6275.66570704915
26007,38.39135332928836,680.1399999996634,6275.724738846914
26008,38.39135332928836,680.1599999996633,6275.783769501748
26009,38.39135332928836,680.1799999996633,6275.8427990136
26010,38.39135332928836,680.1999999996633,6275.901827382419
26011,38.39135332928836,680.2199999996633,6275.960854608154
26012,38.39135332928836,680.2399999996633,6276.019880690753
26013,38.39135332928836,680.2599999996633,6276.078905630165
26014,38.39135332928836,680.2799999996632,6276.137929426338
26015,38.39135332928836,680.2999999996632,6276.196952079221
26016,38.39135332928836,680.3199999996632,6276.255973588762
26017,38.39135332928836,680.3399999996632,6276.314993954909
26018,38.39135332928836,680.3599999996632,6276.374013177613
26019,38.39135332928836,680.3799999996631,6276.433031256821
26020,38.39135332928836,680.3999999996631,6276.492048192481
26021,38.39135332928836,680.4199999996631,6276.551063984542
26022,38.39135332928836,680.4399999996631,6276.610078632953
26023,38.39135332928836,680.4599999996631,6276.669092137662
26024,38.39135332928836,680.479999999663,6276.728104498618
26025,38.39135332928836,680.499999999663,6276.78711571577
26026,38.39135332928836,680.519999999663,6276.846125789065
26027,38.39135332928836,680.539999999663,6276.905134718452
26028,38.39135332928836,680.559999999663,6276.964142503881
26029,38.39135332928836,680.579999999663,6277.0231491453
26030,38.39135332928836,680.5999999996629,6277.082154642656
26031,38.39135332928836,680.6199999996629,6277.1411589959
26032,38.39135332928836,680.6399999996629,6277.200162204978
26033,38.39135332928836,680.6599999996629,6277.259164269841
26034,38.39135332928836,680.6799999996629,6277.318165190436
26035,38.39135332928836,680.6999999996629,6277.377164966712
26036,38.39135332928836,680.7199999996628,6277.436163598618
26037,38.39135332928836,680.7399999996628,6277.495161086102
26038,38.39135332928836,680.7599999996628,6277.554157429113
26039,38.39135332928836,680.7799999996628,6277.6131526275985
26040,38.39135332928836,680.7999999996628,6277.672146681509
26041,38.39135332928836,680.8199999996627,6277.731139590791
26042,38.39135332928836,680.8399999996627,6277.790131355395
26043,38.39135332928836,680.8599999996627,6277.849121975268
26044,38.39135332928836,680.8799999996627,6277.908111450359
26045,38.39135332928836,680.8999999996627,6277.967099780617
26046,38.39135332928836,680.9199999996627,6278.0260869659905
26047,38.39135332928836,680.9399999996626,6278.085073006428
26048,38.39135332928836,680.9599999996626,6278.144057901877
26049,38.39135332928836,680.9799999996626,6278.203041653136
26050,38.39135332928836,680.9999999996626,6278.262024264784
26051,38.39135332928836,681.0199999996626,6278.321005737188
26052,38.39135332928836,681.0399999996625,6278.379986070298
26053,38.39135332928836,681.0599999996625,6278.438965264064
26054,38.39135332928836,681.0799999996625,6278.4979433184335
26055,38.39135332928836,681.0999999996625,6278.556920233355
26056,38.39135332928836,681.1199999996625,6278.61589600878
26057,38.39135332928836,681.1399999996625,6278.674870644654
26058,38.39135332928836,681.1599999996624,6278.733844140928
26059,38.39135332928836,681.1799999996624,6278.792816497551
26060,38.39135332928836,681.1999999996624,6278.851787714471
26061,38.39135332928836,681.2199999996624,6278.9107577916375
26062,38.39135332928836,681.2399999996624,6278.969726728999
26063,38.39135332928836,681.2599999996623,6279.028694526505
26064,38.39135332928836,681.2799999996623,6279.087661184104
26065,38.39135332928836,681.2999999996623,6279.146626701745
26066,38.39135332928836,681.3199999996623,6279.205591079376
26067,38.39135332928836,681.3399999996623,6279.264554316947
26068,38.39135332928836,681.3599999996623,6279.323516414407
26069,38.39135332928836,681.3799999996622,6279.382477371704
26070,38.39135332928836,681.3999999996622,6279.441437188788
26071,38.39135332928836,681.4199999996622,6279.500395865607
26072,38.3351020353439,681.4399999996622,6279.559353402111
26073,38.3351020353439,681.4599999996622,6279.6183097982475
26074,38.3351020353439,681.4799999996621,6279.677265053967
26075,38.3351020353439,681.4999999996621,6279.736219169217
26076,38.3351020353439,681.5199999996621,6279.795172143948
26077,38.3351020353439,681.5399999996621,6279.854123978107
26078,38.3351020353439,681.5599999996621,6279.913074671644
26079,38.3351020353439,681.579999999662,6279.972024224508
26080,38.3351020353439,681.599999999662,6280.030972636674
26081,38.3351020353439,681.619999999662,6280.08991990831
26082,38.3351020353439,681.639999999662,6280.148866039384
26083,38.3351020353439,681.659999999662,6280.207811029847
26084,38.3351020353439,681.679999999662,6280.266754879647
26085,38.3351020353439,681.6999999996619,6280.325697588734
26086,38.3351020353439,681.7199999996619,6280.384639157057
26087,38.3351020353439,681.7399999996619,6280.443579584565
26088,38.3351020353439,681.7599999996619,6280.502518871208
26089,38.3351020353439,681.7799999996619,6280.561457016935
26090,38.3351020353439,681.7999999996618,6280.620394021695
26091,38.3351020353439,681.8199999996618,6280.679329885437
26092,38.3351020353439,681.8399999996618,6280.738264608111
26093,38.3351020353439,681.8599999996618,6280.797198189667
26094,38.3351020353439,681.8799999996618,6280.8561306300535
26095,38.3351020353439,681.8999999996618,6280.9150619292195
26096,38.3351020353439,681.9199999996617,6280.973992087114
26097,38.3351020353439,681.9399999996617,6281.032921103688
26098,38.3351020353439,681.9599999996617,6281.091848978889
26099,38.3351020353439,681.9799999996617,6281.150775712667
26100,38.3351020353439,681.9999999996617,6281.209701306083
26101,38.3351020353439,682.0199999996616,6281.268625763124
26102,38.3351020353439,682.0399999996616,6281.327549084067
26103,38.3351020353439,682.0599999996616,6281.386471268861
26104,38.3351020353439,682.0799999996616,6281.445392317456
26105,38.3351020353439,682.0999999996616,6281.504312229802
26106,38.3351020353439,682.1199999996616,6281.563231005848
26107,38.3351020353439,682.1399999996615,6281.622148645545
26108,38.3351020353439,682.1599999996615,6281.681065148842
26109,38.3351020353439,682.1799999996615,6281.739980515689
26110,38.3351020353439,682.1999999996615,6281.798894746036
26111,38.3351020353439,682.2199999996615,6281.857807839832
26112,38.3351020353439,682.2399999996614,6281.916719797028
26113,38.3351020353439,682.2599999996614,6281.975630617573
26114,38.3351020353439,682.2799999996614,6282.034540301417
26115,38.3351020353439,682.2999999996614,6282.093448848509
26116,38.3351020353439,682.3199999996614,6282.1523562588
26117,38.3351020353439,682.3399999996614,6282.211262532239
26118,38.3351020353439,682.3599999996613,6282.270167668776
26119,38.3351020353439,682.3799999996613,6282.3290716683605
26120,38.3351020353439,682.3999999996613,6282.387974530943
26121,38.3351020353439,682.4199999996613,6282.446876256474
26122,38.3351020353439,682.4399999996613,6282.505776844901
26123,38.3351020353439,682.4599999996612,6282.564676296176
26124,38.3351020353439,682.4799999996612,6282.6235746102475
26125,38.3351020353439,682.4999999996612,6282.682471787066
26126,38.3351020353439,682.5199999996612,6282.74136782658
26127,38.3351020353439,682.5399999996612,6282.8002627287415
26128,38.3351020353439,682.5599999996612,6282.859156493499
26129,38.3351020353439,682.5799999996611,6282.918049120802
26130,38.3351020353439,682.5999999996611,6282.9769406106
26131,38.3351020353439,682.6199999996611,6283.035830962844
26132,38.3351020353439,682.6399999996611,6283.0947201774825
26133,38.3351020353439,682.6599999996611,6283.153608254466
26134,38.3351020353439,682.679999999661,6283.212495193745
26135,38.3351020353439,682.699999999661,6283.271380995268
26136,38.3351020353439,682.719999999661,6283.330265658987
26137,38.3351020353439,682.739999999661,6283.389149184849
26138,38.3351020353439,682.759999999661,6283.448031572805
26139,38.3351020353439,682.779999999661,6283.506912822805
26140,38.3351020353439,682.7999999996609,6283.565792934799
26141,38.3351020353439,682.8199999996609,6283.624671908737
26142,38.3351020353439,682.8399999996609,6283.683549744567
26143,38.3351020353439,682.8599999996609,6283.742426442242
26144,38.3351020353439,682.8799999996609,6283.801302001709
26145,38.3351020353439,682.8999999996608,6283.860176422919
26146,38.3351020353439,682.9199999996608,6283.919049705821
26147,38.3351020353439,682.9399999996608,6283.977921850365
26148,38.3351020353439,682.9599999996608,6284.036792856502
26149,38.3351020353439,682.9799999996608,6284.09566272418
26150,38.3351020353439,682.9999999996608,6284.1545314533505
26151,38.3351020353439,683.0199999996607,6284.21339904544
26152,38.3351020353439,683.0399999996607,6284.272265504298
26153,38.3351020353439,683.0599999996607,6284.331130830143
26154,38.3351020353439,683.0799999996607,6284.389995022924
26155,38.3351020353439,683.0999999996607,6284.448858082593
26156,38.3351020353439,683.1199999996606,6284.507720009099
26157,38.3351020353439,683.1399999996606,6284.566580802392
26158,38.3351020353439,683.1599999996606,6284.625440462422
26159,38.3351020353439,683.1799999996606,6284.68429898914
26160,38.3351020353439,683.1999999996606,6284.743156382495
26161,38.3351020353439,683.2199999996606,6284.802012642437
26162,38.3351020353439,683.2399999996605,6284.860867768917
26163,38.3351020353439,683.2599999996605,6284.919721761885
26164,38.3351020353439,683.2799999996605,6284.97857462129
26165,38.3351020353439,683.2999999996605,6285.037426347083
26166,38.3351020353439,683.3199999996605,6285.096276939214
26167,38.3351020353439,683.3399999996604,6285.155126397632
26168,38.3351020353439,683.3599999996604,6285.213974722287
26169,38.3351020353439,683.3799999996604,6285.27282191313
26170,38.3351020353439,683.3999999996604,6285.331667970112
26171,38.3351020353439,683.4199999996604,6285.390512893181
26172,38.3351020353439,683.4399999996604,6285.449356682288
26173,38.3351020353439,683.4599999996603,6285.508199337384
26174,38.3351020353439,683.4799999996603,6285.567040858418
26175,38.3351020353439,683.4999999996603,6285.625881245341
26176,38.3351020353439,683.5199999996603,6285.684720498101
26177,38.3351020353439,683.5399999996603,6285.74355861665
26178,38.3351020353439,683.5599999996602,6285.802395600937
26179,38.3351020353439,683.5799999996602,6285.861231450913
26180,38.3351020353439,683.5999999996602,6285.920066166527
26181,38.3351020353439,683.6199999996602,6285.97889974773
26182,38.3351020353439,683.6399999996602,6286.037732194472
26183,38.3351020353439,683.6599999996602,6286.096563506701
26184,38.3351020353439,683.6799999996601,6286.15539368437
26185,38.3351020353439,683.6999999996601,6286.214222727428
26186,38.3351020353439,683.7199999996601,6286.273050635825
26187,38.3351020353439,683.7399999996601,6286.3318774095105
26188,38.3351020353439,683.7599999996601,6286.390703048435
26189,38.3351020353439,683.77999999966,6286.44952755255
26190,38.3351020353439,683.79999999966,6286.508350921803
26191,38.3351020353439,683.81999999966,6286.567173156146
26192,38.3351020353439,683.83999999966,6286.625994255528
26193,38.3351020353439,683.85999999966,6286.6848142199
26194,38.3351020353439,683.87999999966,6286.743633049211
26195,38.3351020353439,683.8999999996599,6286.802450743412
26196,38.3351020353439,683.9199999996599,6286.861267302453
26197,38.3351020353439,683.9399999996599,6286.920082726283
26198,38.3351020353439,683.9599999996599,6286.978897014853
26199,38.3351020353439,683.9799999996599,6287.037710168112
26200,38.3351020353439,683.9999999996598,6287.096522186012
26201,38.3351020353439,684.0199999996598,6287.155333068502
26202,38.3351020353439,684.0399999996598,6287.214142817359
26203,38.3351020353439,684.0599999996598,6287.272951436199
26204,38.3351020353439,684.0799999996598,6287.331758925176
26205,38.3351020353439,684.0999999996598,6287.390565284238
26206,38.3351020353439,684.1199999996597,6287.449370513335
26207,38.3351020353439,684.1399999996597,6287.508174612417
26208,38.3351020353439,684.1599999996597,6287.566977581432
26209,38.3351020353439,684.1799999996597,6287.62577942033
26210,38.3351020353439,684.1999999996597,6287.68458012906
26211,38.3351020353439,684.2199999996596,6287.743379707571
26212,38.3351020353439,684.2399999996596,6287.802178155812
26213,38.3351020353439,684.2599999996596,6287.860975473732
26214,38.3351020353439,684.2799999996596,6287.919771661281
26215,38.3351020353439,684.2999999996596,6287.978566718408
26216,38.3351020353439,684.3199999996596,6288.037360645062
26217,38.3351020353439,684.3399999996595,6288.096153441193
26218,38.3351020353439,684.3599999996595,6288.1549451067485
26219,38.3351020353439,684.3799999996595,6288.213735641679
26220,38.3351020353439,684.3999999996595,6288.272525045933
26221,38.3351020353439,684.4199999996595,6288.3313133194615
26222,38.3351020353439,684.4399999996594,6288.390100462211
26223,38.3351020353439,684.4599999996594,6288.448886474132
26224,38.3351020353439,684.4799999996594,6288.507671355175
26225,38.3351020353439,684.4999999996594,6288.566455105288
26226,38.3351020353439,684.5199999996594,6288.62523772442
26227,38.3351020353439,684.5399999996594,6288.68401921252
26228,38.3351020353439,684.5599999996593,6288.742799569538
26229,38.3351020353439,684.5799999996593,6288.801578795423
26230,38.3351020353439,684.5999999996593,6288.8603568901235
26231,38.3351020353439,684.6199999996593,6288.91913385359
26232,38.3351020353439,684.6399999996593,6288.977909685771
26233,38.3351020353439,684.6599999996592,6289.036684386616
26234,38.3351020353439,684.6799999996592,6289.095457956074
26235,38.3351020353439,684.6999999996592,6289.154230394094
26236,38.3351020353439,684.7199999996592,6289.213001700626
26237,38.3351020353439,684.7399999996592,6289.2717718756185
26238,38.3351020353439,684.7599999996592,6289.330540919021
26239,38.3351020353439,684.7799999996591,6289.389308830782
26240,38.3351020353439,684.7999999996591,6289.448075610852
26241,38.3351020353439,684.8199999996591,6289.50684125918
26242,38.3351020353439,684.8399999996591,6289.565605775714
26243,38.3351020353439,684.8599999996591,6289.624369160405
26244,38.3351020353439,684.879999999659,6289.6831314132005
26245,38.3351020353439,684.899999999659,6289.741892534051
26246,38.3351020353439,684.919999999659,6289.800652522905
26247,38.3351020353439,684.939999999659,6289.859411379712
26248,38.3351020353439,684.959999999659,6289.918169104421
26249,38.3351020353439,684.979999999659,6289.976925696982
26250,38.3351020353439,684.9999999996589,6290.035681157414
26251,38.3351020353439,685.0199999996589,6290.094435485977
26252,38.3351020353439,685.0399999996589,6290.153188682647
26253,38.3351020353439,685.0599999996589,6290.21194074956
26254,38.3351020353439,685.0799999996589,6290.270691690099
26255,38.3351020353439,685.0999999996588,6290.329441504351
26256,38.3351020353439,685.1199999996588,6290.388190192268
26257,38.3351020353439,685.1399999996588,6290.446937753798
26258,38.278987973695855,685.1599999996588,6290.505684188894
26259,38.278987973695855,685.1799999996588,6290.564429497504
26260,38.278987973695855,685.1999999996588,6290.623173679579
26261,38.278987973695855,685.2199999996587,6290.6819167350695
26262,38.278987973695855,685.2399999996587,6290.740658663925
26263,38.278987973695855,685.2599999996587,6290.7993994660965
26264,38.278987973695855,685.2799999996587,6290.858139141534
26265,38.278987973695855,685.2999999996587,6290.916877690187
26266,38.278987973695855,685.3199999996586,6290.975615112007
26267,38.278987973695855,685.3399999996586,6291.034351406945
26268,38.278987973695855,685.3599999996586,6291.093086574948
26269,38.278987973695855,685.3799999996586,6291.151820615969
26270,38.278987973695855,685.3999999996586,6291.210553529957
26271,38.278987973695855,685.4199999996586,6291.269285316863
26272,38.278987973695855,685.4399999996585,6291.328015976636
26273,38.278987973695855,685.4599999996585,6291.386745509229
26274,38.278987973695855,685.4799999996585,6291.445473914589
26275,38.278987973695855,685.4999999996585,6291.504201192667
26276,38.278987973695855,685.5199999996585,6291.562927343415
26277,38.278987973695855,685.5399999996584,6291.621652366782
26278,38.278987973695855,685.5599999996584,6291.680376262718
26279,38.278987973695855,685.5799999996584,6291.739099031173
26280,38.278987973695855,685.5999999996584,6291.797820672099
26281,38.278987973695855,685.6199999996584,6291.856541185445
26282,38.278987973695855,685.6399999996584,6291.9152605711615
26283,38.278987973695855,685.6599999996583,6291.973978829198
26284,38.278987973695855,685.6799999996583,6292.032695959506
26285,38.278987973695855,685.6999999996583,6292.091411962035
26286,38.278987973695855,685.7199999996583,6292.150126836735
26287,38.278987973695855,685.7399999996583,6292.208840583556
26288,38.278987973695855,685.7599999996582,6292.267553202449
26289,38.278987973695855,685.7799999996582,6292.326264693364
26290,38.278987973695855,685.7999999996582,6292.384975056251
26291,38.278987973695855,685.8199999996582,6292.443684291061
26292,38.278987973695855,685.8399999996582,6292.502392397744
26293,38.278987973695855,685.8599999996582,6292.56109937625
26294,38.278987973695855,685.8799999996581,6292.61980522653
26295,38.278987973695855,685.8999999996581,6292.678509948532
26296,38.278987973695855,685.9199999996581,6292.737213542209
26297,38.278987973695855,685.9399999996581,6292.79591600751
26298,38.278987973695855,685.9599999996581,6292.854617344385
26299,38.278987973695855,685.979999999658,6292.913317552784
26300,38.278987973695855,685.999999999658,6292.972016632659
26301,38.278987973695855,686.019999999658,6293.030714583959
26302,38.278987973695855,686.039999999658,6293.089411406634
26303,38.278987973695855,686.059999999658,6293.148107100635
26304,38.278987973695855,686.079999999658,6293.206801668277
26305,38.278987973695855,686.0999999996579,6293.265495112471
26306,38.278987973695855,686.1199999996579,6293.324187433234
26307,38.278987973695855,686.1399999996579,6293.382878630517
26308,38.278987973695855,686.1599999996579,6293.441568704267
26309,38.278987973695855,686.1799999996579,6293.5002576544375
26310,38.278987973695855,686.1999999996578,6293.558945480977
26311,38.278987973695855,686.2199999996578,6293.617632183836
26312,38.278987973695855,686.2399999996578,6293.676317762965
26313,38.278987973695855,686.2599999996578,6293.735002218313
26314,38.278987973695855,686.2799999996578,6293.793685549831
26315,38.278987973695855,686.2999999996578,6293.852367757469
26316,38.278987973695855,686.3199999996577,6293.911048841178
26317,38.278987973695855,686.3399999996577,6293.9697288009065
26318,38.278987973695855,686.3599999996577,6294.028407636605
26319,38.278987973695855,686.3799999996577,6294.087085348225
26320,38.278987973695855,686.3999999996577,6294.145761935714
26321,38.278987973695855,686.4199999996576,6294.204437399025
26322,38.278987973695855,686.4399999996576,6294.263111738106
26323,38.278987973695855,686.4599999996576,6294.321784952909
26324,38.278987973695855,686.4799999996576,6294.380457043383
26325,38.278987973695855,686.4999999996576,6294.439128009479
26326,38.278987973695855,686.5199999996576,6294.497797851145
26327,38.278987973695855,686.5399999996575,6294.556466568333
26328,38.278987973695855,686.5599999996575,6294.615134160993
26329,38.278987973695855,686.5799999996575,6294.673800629075
26330,38.278987973695855,686.5999999996575,6294.732465972529
26331,38.278987973695855,686.6199999996575,6294.7911301913055
26332,38.278987973695855,686.6399999996574,6294.849793285354
26333,38.278987973695855,686.6599999996574,6294.908455254626
26334,38.278987973695855,686.6799999996574,6294.967116099069
26335,38.278987973695855,686.6999999996574,6295.025775818635
26336,38.278987973695855,686.7199999996574,6295.084434413275
26337,38.278987973695855,686.7399999996574,6295.1430918829365
26338,38.278987973695855,686.7599999996573,6295.201748227571
26339,38.278987973695855,686.7799999996573,6295.260403447131
26340,38.278987973695855,686.7999999996573,6295.319057541563
26341,38.278987973695855,686.8199999996573,6295.377710510818
26342,38.278987973695855,686.8399999996573,6295.436362354848
26343,38.278987973695855,686.8599999996572,6295.4950130736015
26344,38.278987973695855,686.8799999996572,6295.553662667029
26345,38.278987973695855,686.8999999996572,6295.612311135081
26346,38.278987973695855,686.9199999996572,6295.670958477707
26347,38.278987973695855,686.9399999996572,6295.729604694858
26348,38.278987973695855,686.9599999996572,6295.788249786483
26349,38.278987973695855,686.9799999996571,6295.846893752533
26350,38.278987973695855,686.9999999996571,6295.905536592958
26351,38.278987973695855,687.0199999996571,6295.964178307709
26352,38.278987973695855,687.0399999996571,6296.022818896734
26353,38.278987973695855,687.0599999996571,6296.081458359985
26354,38.278987973695855,687.079999999657,6296.1400966974115
26355,38.278987973695855,687.099999999657,6296.198733911732
26356,38.278987973695855,687.119999999657,6296.25737000569
26357,38.278987973695855,687.139999999657,6296.316004979238
26358,38.278987973695855,687.159999999657,6296.374638832325
26359,38.278987973695855,687.179999999657,6296.4332715649025
26360,38.278987973695855,687.1999999996569,6296.4919031769205
26361,38.278987973695855,687.2199999996569,6296.550533668329
26362,38.278987973695855,687.2399999996569,6296.609163039078
26363,38.278987973695855,687.2599999996569,6296.667791289118
26364,38.278987973695855,687.2799999996569,6296.726418418399
26365,38.278987973695855,687.2999999996568,6296.785044426871
26366,38.278987973695855,687.3199999996568,6296.843669314484
26367,38.278987973695855,687.3399999996568,6296.902293081189
26368,38.278987973695855,687.3599999996568,6296.960915726936
26369,38.278987973695855,687.3799999996568,6297.019537251675
26370,38.278987973695855,687.3999999996568,6297.078157655355
26371,38.278987973695855,687.4199999996567,6297.1367769379285
26372,38.278987973695855,687.4399999996567,6297.195395099345
26373,38.278987973695855,687.4599999996567,6297.254012139553
26374,38.278987973695855,687.4799999996567,6297.312628058505
26375,38.278987973695855,687.4999999996567,6297.371242856149
26376,38.278987973695855,687.5199999996566,6297.429856532438
26377,38.278987973695855,687.5399999996566,6297.48846908732
26378,38.278987973695855,687.5599999996566,6297.547080520745
26379,38.278987973695855,687.5799999996566,6297.605690832665
26380,38.278987973695855,687.5999999996566,6297.664300023029
26381,38.278987973695855,687.6199999996566,6297.722908091787
26382,38.278987973695855,687.6399999996565,6297.78151503889
26383,38.278987973695855,687.6599999996565,6297.840120864287
26384,38.278987973695855,687.6799999996565,6297.898725567929
26385,38.278987973695855,687.6999999996565,6297.957329149767
26386,38.278987973695855,687.7199999996565,6298.015931609751
26387,38.278987973695855,687.7399999996564,6298.0745329478295
26388,38.278987973695855,687.7599999996564,6298.133133163954
26389,38.278987973695855,687.7799999996564,6298.191732258075
26390,38.278987973695855,687.7999999996564,6298.250330230142
26391,38.278987973695855,687.8199999996564,6298.308927080106
26392,38.278987973695855,687.8399999996564,6298.3675228079155
26393,38.278987973695855,687.8599999996563,6298.426117413523
26394,38.278987973695855,687.8799999996563,6298.484710896876
26395,38.278987973695855,687.8999999996563,6298.543303257927
26396,38.278987973695855,687.9199999996563,6298.601894496625
26397,38.278987973695855,687.9399999996563,6298.660484612921
26398,38.278987973695855,687.9599999996562,6298.719073606765
26399,38.278987973695855,687.9799999996562,6298.777661478107
26400,38.278987973695855,687.9999999996562,6298.836248226898
26401,38.278987973695855,688.0199999996562,6298.894833853086
26402,38.278987973695855,688.0399999996562,6298.953418356624
26403,38.278987973695855,688.0599999996562,6299.01200173746
26404,38.278987973695855,688.0799999996561,6299.070583995546
26405,38.278987973695855,688.0999999996561,6299.129165130896
26406,38.278987973695855,688.1199999996561,6299.187745146584
26407,38.278987973695855,688.1399999996561,6299.246324045103
26408,38.278987973695855,688.1599999996561,6299.304901826403
26409,38.278987973695855,688.179999999656,6299.3634784904325
26410,38.278987973695855,688.199999999656,6299.4220540371425
26411,38.278987973695855,688.219999999656,6299.480628466483
26412,38.278987973695855,688.239999999656,6299.539201778404
26413,38.278987973695855,688.259999999656,6299.597773972857
26414,38.278987973695855,688.279999999656,6299.656345049791
26415,38.278987973695855,688.2999999996559,6299.714915009155
26416,38.278987973695855,688.3199999996559,6299.773483850901
26417,38.278987973695855,688.3399999996559,6299.832051574979
26418,38.278987973695855,688.3599999996559,6299.890618181338
26419,38.278987973695855,688.3799999996559,6299.949183669929
26420,38.278987973695855,688.3999999996558,6300.00774804071
26421,38.278987973695855,688.4199999996558,6300.066311293839
26422,38.278987973695855,688.4399999996558,6300.124873429407
26423,38.278987973695855,688.4599999996558,6300.183434447362
26424,38.278987973695855,688.4799999996558,6300.241994347656
26425,38.278987973695855,688.4999999996558,6300.30055313024
26426,38.278987973695855,688.5199999996557,6300.359110795062
26427,38.278987973695855,688.5399999996557,6300.417667342075
26428,38.278987973695855,688.5599999996557,6300.476222771228
26429,38.278987973695855,688.5799999996557,6300.534777082472
26430,38.278987973695855,688.5999999996557,6300.593330275757
26431,38.278987973695855,688.6199999996556,6300.651882351033
26432,38.278987973695855,688.6399999996556,6300.710433308252
26433,38.278987973695855,688.6599999996556,6300.768983147363
26434,38.278987973695855,688.6799999996556,6300.827531868316
26435,38.278987973695855,688.6999999996556,6300.886079471064
26436,38.278987973695855,688.7199999996556,6300.944625955555
26437,38.278987973695855,688.7399999996555,6301.003171321741
26438,38.223010676086865,688.7599999996555,6301.061715569572
26439,38.223010676086865,688.7799999996555,6301.1202586989975
26440,38.223010676086865,688.7999999996555,6301.1788007099685
26441,38.223010676086865,688.8199999996555,6301.237341602436
26442,38.223010676086865,688.8399999996554,6301.29588137635
26443,38.223010676086865,688.8599999996554,6301.354420031661
26444,38.223010676086865,688.8799999996554,6301.412957568319
26445,38.223010676086865,688.8999999996554,6301.471493986275
26446,38.223010676086865,688.9199999996554,6301.53002928548
26447,38.223010676086865,688.9399999996554,6301.588563465883
26448,38.223010676086865,688.9599999996553,6301.647096527437
26449,38.223010676086865,688.9799999996553,6301.705628470089
26450,38.223010676086865,688.9999999996553,6301.764159293792
26451,38.223010676086865,689.0199999996553,6301.822688998494
26452,38.223010676086865,689.0399999996553,6301.8812175841485
26453,38.223010676086865,689.0599999996552,6301.939745050704
26454,38.223010676086865,689.0799999996552,6301.998271398112
26455,38.223010676086865,689.0999999996552,6302.056796626322
26456,38.223010676086865,689.1199999996552,6302.115320735407
26457,38.223010676086865,689.1399999996552,6302.173843728461
26458,38.223010676086865,689.1599999996552,6302.232365607474
26459,38.223010676086865,689.1799999996551,6302.290886372396
26460,38.223010676086865,689.1999999996551,6302.349406023179
26461,38.223010676086865,689.2199999996551,6302.407924559773
26462,38.223010676086865,689.2399999996551,6302.466441982129
26463,38.223010676086865,689.2599999996551,6302.524958290199
26464,38.223010676086865,689.279999999655,6302.583473483933
26465,38.223010676086865,689.299999999655,6302.641987563282
26466,38.223010676086865,689.319999999655,6302.700500528197
26467,38.223010676086865,689.339999999655,6302.75901237863
26468,38.223010676086865,689.359999999655,6302.8175231145315
26469,38.223010676086865,689.379999999655,6302.876032735851
26470,38.223010676086865,689.3999999996549,6302.934541242542
26471,38.223010676086865,689.4199999996549,6302.993048634553
26472,38.223010676086865,689.4399999996549,6303.051554911836
26473,38.223010676086865,689.4599999996549,6303.110060074343
26474,38.223010676086865,689.4799999996549,6303.168564122023
26475,38.223010676086865,689.4999999996548,6303.227067054828
26476,38.223010676086865,689.5199999996548,6303.285568872709
26477,38.223010676086865,689.5399999996548,6303.344069575616
26478,38.223010676086865,689.5599999996548,6303.4025691635015
26479,38.223010676086865,689.5799999996548,6303.461067636316
26480,38.223010676086865,689.5999999996548,6303.519564994011
26481,38.223010676086865,689.6199999996547,6303.578061236535
26482,38.223010676086865,689.6399999996547,6303.636556363842
26483,38.223010676086865,689.6599999996547,6303.695050375882
26484,38.223010676086865,689.6799999996547,6303.7535432726045
26485,38.223010676086865,689.6999999996547,6303.812035053962
26486,38.223010676086865,689.7199999996546,6303.870525719905
26487,38.223010676086865,689.7399999996546,6303.929015270385
26488,38.223010676086865,689.7599999996546,6303.9875037053525
26489,38.223010676086865,689.7799999996546,6304.045991024758
26490,38.223010676086865,689.7999999996546,6304.104477228554
26491,38.223010676086865,689.8199999996546,6304.16296231669
26492,38.223010676086865,689.8399999996545,6304.221446289118
26493,38.223010676086865,689.8599999996545,6304.279929145788
26494,38.223010676086865,689.8799999996545,6304.338410886651
26495,38.223010676086865,689.8999999996545,6304.396891511659
26496,38.223010676086865,689.9199999996545,6304.455371020763
26497,38.223010676086865,689.9399999996544,6304.513849413912
26498,38.223010676086865,689.9599999996544,6304.572326691059
26499,38.223010676086865,689.9799999996544,6304.630802852154
26500,38.223010676086865,689.9999999996544,6304.689277897149
26501,38.223010676086865,690.0199999996544,6304.747751825994
26502,38.223010676086865,690.0399999996544,6304.80622463864
26503,38.223010676086865,690.0599999996543,6304.864696335038
26504,38.223010676086865,690.0799999996543,6304.9231669151395
26505,38.223010676086865,690.0999999996543,6304.981636378895
26506,38.223010676086865,690.1199999996543,6305.040104726256
26507,38.223010676086865,690.1399999996543,6305.098571957365
26508,38.223010676086865,690.1599999996542,6305.157038075688
26509,38.223010676086865,690.1799999996542,6305.215503082966
26510,38.223010676086865,690.1999999996542,6305.27396697915
26511,38.223010676086865,690.2199999996542,6305.332429764191
26512,38.223010676086865,690.2399999996542,6305.390891438041
26513,38.223010676086865,690.2599999996542,6305.44935200065
26514,38.223010676086865,690.2799999996541,6305.507811451969
26515,38.223010676086865,690.2999999996541,6305.566269791951
26516,38.223010676086865,690.3199999996541,6305.624727020546
26517,38.223010676086865,690.3399999996541,6305.683183137706
26518,38.223010676086865,690.3599999996541,6305.741638143381
26519,38.223010676086865,690.379999999654,6305.800092037524
26520,38.223010676086865,690.399999999654,6305.858544820086
26521,38.223010676086865,690.419999999654,6305.916996491016
26522,38.223010676086865,690.439999999654,6305.975447050268
26523,38.223010676086865,690.459999999654,6306.033896497791
26524,38.223010676086865,690.479999999654,6306.092344833538
26525,38.223010676086865,690.4999999996539,6306.1507920574595
26526,38.223010676086865,690.5199999996539,6306.2092381695065
26527,38.223010676086865,690.5399999996539,6306.267683169631
26528,38.223010676086865,690.5599999996539,6306.326127057784
26529,38.223010676086865,690.5799999996539,6306.384569833916
26530,38.223010676086865,690.5999999996538,6306.44301149798
26531,38.223010676086865,690.6199999996538,6306.501452049925
26532,38.223010676086865,690.6399999996538,6306.559891489705
26533,38.223010676086865,690.6599999996538,6306.618329817268
26534,38.223010676086865,690.6799999996538,6306.676767032568
26535,38.223010676086865,690.6999999996538,6306.735203135555
26536,38.223010676086865,690.7199999996537,6306.793638126181
26537,38.223010676086865,690.7399999996537,6306.852072004396
26538,38.223010676086865,690.7599999996537,6306.910504770152
26539,38.223010676086865,690.7799999996537,6306.968936423401
26540,38.223010676086865,690.7999999996537,6307.027366964093
26541,38.223010676086865,690.8199999996536,6307.08579639218
26542,38.223010676086865,690.8399999996536,6307.144224707613
26543,38.223010676086865,690.8599999996536,6307.202651910343
26544,38.223010676086865,690.8799999996536,6307.2610780003215
26545,38.223010676086865,690.8999999996536,6307.3195029775
26546,38.223010676086865,690.9199999996536,6307.377926841829
26547,38.223010676086865,690.9399999996535,6307.436349593261
26548,38.223010676086865,690.9599999996535,6307.494771231747
26549,38.223010676086865,690.9799999996535,6307.553191757238
26550,38.223010676086865,690.9999999996535,6307.611611169685
26551,38.223010676086865,691.0199999996535,6307.670029469039
26552,38.223010676086865,691.0399999996534,6307.728446655252
26553,38.223010676086865,691.0599999996534,6307.786862728275
26554,38.223010676086865,691.0799999996534,6307.8452776880595
26555,38.223010676086865,691.0999999996534,6307.903691534557
26556,38.223010676086865,691.1199999996534,6307.962104267718
26557,38.223010676086865,691.1399999996534,6308.020515887494
26558,38.223010676086865,691.1599999996533,6308.078926394094
26559,38.223010676086865,691.1799999996533,6308.137335791262
26560,38.223010676086865,691.1999999996533,6308.195744080418
26561,38.223010676086865,691.2199999996533,6308.254151261515
26562,38.223010676086865,691.2399999996533,6308.312557334504
26563,38.223010676086865,691.2599999996532,6308.370962299336
26564,38.223010676086865,691.2799999996532,6308.42936615596
26565,38.223010676086865,691.2999999996532,6308.48776890433
26566,38.223010676086865,691.3199999996532,6308.546170544395
26567,38.223010676086865,691.3399999996532,6308.604571076106
26568,38.223010676086865,691.3599999996532,6308.662970499416
26569,38.223010676086865,691.3799999996531,6308.721368814273
26570,38.223010676086865,691.3999999996531,6308.77976602063
26571,38.223010676086865,691.4199999996531,6308.838162118437
26572,38.223010676086865,691.4399999996531,6308.896557107646
26573,38.223010676086865,691.4599999996531,6308.954950988208
26574,38.223010676086865,691.479999999653,6309.013343760073
26575,38.223010676086865,691.499999999653,6309.071735423193
26576,38.223010676086865,691.519999999653,6309.130125977518
26577,38.223010676086865,691.539999999653,6309.188515423
26578,38.223010676086865,691.559999999653,6309.24690375959
26579,38.223010676086865,691.579999999653,6309.305290987239
26580,38.223010676086865,691.5999999996529,6309.363677105896
26581,38.223010676086865,691.6199999996529,6309.422062115515
26582,38.223010676086865,691.6399999996529,6309.480446016044
26583,38.223010676086865,691.6599999996529,6309.538828807436
26584,38.223010676086865,691.6799999996529,6309.597210489643
26585,38.223010676086865,691.6999999996528,6309.655591062613
26586,38.223010676086865,691.7199999996528,6309.713970526299
26587,38.223010676086865,691.7399999996528,6309.772348880651
26588,38.223010676086865,691.7599999996528,6309.830726125622
26589,38.223010676086865,691.7799999996528,6309.8891022611615
26590,38.223010676086865,691.7999999996528,6309.94747728722
26591,38.223010676086865,691.8199999996527,6310.005851203756
26592,38.223010676086865,691.8399999996527,6310.064224010926
26593,38.223010676086865,691.8599999996527,6310.122595708835
26594,38.223010676086865,691.8799999996527,6310.180966297435
26595,38.223010676086865,691.8999999996527,6310.239335776676
26596,38.223010676086865,691.9199999996526,6310.297704146511
26597,38.223010676086865,691.9399999996526,6310.356071406892
26598,38.223010676086865,691.9599999996526,6310.41443755777
26599,38.223010676086865,691.9799999996526,6310.472802599097
26600,38.223010676086865,691.9999999996526,6310.5311665308245
26601,38.223010676086865,692.0199999996526,6310.589529352905
26602,38.223010676086865,692.0399999996525,6310.6478910652895
26603,38.223010676086865,692.0599999996525,6310.706251667931
26604,38.223010676086865,692.0799999996525,6310.764611160779
26605,38.223010676086865,692.0999999996525,6310.822969543788
26606,38.223010676086865,692.1199999996525,6310.881326816908
26607,38.223010676086865,692.1399999996524,6310.939682980091
26608,38.223010676086865,692.1599999996524,6310.998038033289
26609,38.223010676086865,692.1799999996524,6311.056391976787
26610,38.223010676086865,692.1999999996524,6311.114744814726
26611,38.223010676086865,692.2199999996524,6311.173096548239
26612,38.223010676086865,692.2399999996524,6311.23144717728
26613,38.223010676086865,692.2599999996523,6311.289796701798
26614,38.223010676086865,692.2799999996523,6311.348145121745
26615,38.223010676086865,692.2999999996523,6311.406492437071
26616,38.223010676086865,692.3199999996523,6311.464838647729
26617,38.223010676086865,692.3399999996523,6311.523183753669
26618,38.223010676086865,692.3599999996522,6311.581527754843
26619,38.16716967631193,692.3799999996522,6311.639870651201
26620,38.16716967631193,692.3999999996522,6311.698212442694
26621,38.16716967631193,692.4199999996522,6311.756553129275
26622,38.16716967631193,692.4399999996522,6311.814892710893
26623,38.16716967631193,692.4599999996522,6311.873231187501
26624,38.16716967631193,692.4799999996521,6311.931568559049
26625,38.16716967631193,692.4999999996521,6311.989904825488
26626,38.16716967631193,692.5199999996521,6312.048239986771
26627,38.16716967631193,692.5399999996521,6312.106574042847
26628,38.16716967631193,692.5599999996521,6312.1649069936675
26629,38.16716967631193,692.579999999652,6312.223238839185
26630,38.16716967631193,692.599999999652,6312.28156957935
26631,38.16716967631193,692.619999999652,6312.339899214113
26632,38.16716967631193,692.639999999652,6312.398227743426
26633,38.16716967631193,692.659999999652,6312.45655516724
26634,38.16716967631193,692.679999999652,6312.5148814855065
26635,38.16716967631193,692.6999999996519,6312.573206698175
26636,38.16716967631193,692.7199999996519,6312.631530805199
26637,38.16716967631193,692.7399999996519,6312.689853806528
26638,38.16716967631193,692.7599999996519,6312.748175702114
26639,38.16716967631193,692.7799999996519,6312.806496491908
26640,38.16716967631193,692.7999999996518,6312.86481617586
26641,38.16716967631193,692.8199999996518,6312.9231347539235
26642,38.16716967631193,692.8399999996518,6312.981452226048
26643,38.16716967631193,692.8599999996518,6313.039768592184
26644,38.16716967631193,692.8799999996518,6313.0980838522855
26645,38.16716967631193,692.8999999996518,6313.156398006301
26646,38.16716967631193,692.9199999996517,6313.214711054183
26647,38.16716967631193,692.9399999996517,6313.2730229958825
26648,38.16716967631193,692.9599999996517,6313.33133383135
26649,38.16716967631193,692.9799999996517,6313.3896435605375
26650,38.16716967631193,692.9999999996517,6313.4479521833955
26651,38.16716967631193,693.0199999996516,6313.506259699876
26652,38.16716967631193,693.0399999996516,6313.56456610993
26653,38.16716967631193,693.0599999996516,6313.622871413508
26654,38.16716967631193,693.0799999996516,6313.681175610561
26655,38.16716967631193,693.0999999996516,6313.739478701041
26656,38.16716967631193,693.1199999996516,6313.7977806848985
26657,38.16716967631193,693.1399999996515,6313.856081562086
26658,38.16716967631193,693.1599999996515,6313.914381332554
26659,38.16716967631193,693.1799999996515,6313.972679996253
26660,38.16716967631193,693.1999999996515,6314.030977553502
26661,38.16716967631193,693.2199999996515,6314.089274008349
26662,38.16716967631193,693.2399999996514,6314.147569361522
26663,38.16716967631193,693.2599999996514,6314.205863612972
26664,38.16716967631193,693.2799999996514,6314.264156762651
26665,38.16716967631193,693.2999999996514,6314.322448810509
26666,38.16716967631193,693.3199999996514,6314.380739756497
26667,38.16716967631193,693.3399999996514,6314.439029600566
26668,38.16716967631193,693.3599999996513,6314.497318342667
26669,38.16716967631193,693.3799999996513,6314.555605982751
26670,38.16716967631193,693.3999999996513,6314.61389252077
26671,38.16716967631193,693.4199999996513,6314.672177956673
26672,38.16716967631193,693.4399999996513,6314.730462290413
26673,38.16716967631193,693.4599999996512,6314.788745521939
26674,38.16716967631193,693.4799999996512,6314.847027651203
26675,38.16716967631193,693.4999999996512,6314.905308678155
26676,38.16716967631193,693.5199999996512,6314.963588602748
26677,38.16716967631193,693.5399999996512,6315.021867424932
26678,38.16716967631193,693.5599999996512,6315.080145144657
26679,38.16716967631193,693.5799999996511,6315.138421761874
26680,38.16716967631193,693.5999999996511,6315.196697276536
26681,38.16716967631193,693.6199999996511,6315.2549716885915
26682,38.16716967631193,693.6399999996511,6315.313244997993
26683,38.16716967631193,693.6599999996511,6315.371517204691
26684,38.16716967631193,693.679999999651,6315.429788308637
26685,38.16716967631193,693.699999999651,6315.488058309781
26686,38.16716967631193,693.719999999651,6315.546327208074
26687,38.16716967631193,693.739999999651,6315.604595003469
26688,38.16716967631193,693.759999999651,6315.662861695914
26689,38.16716967631193,693.779999999651,6315.721127285362
26690,38.16716967631193,693.7999999996509,6315.779391771763
26691,38.16716967631193,693.8199999996509,6315.837655155068
26692,38.16716967631193,693.8399999996509,6315.8959174352285
26693,38.16716967631193,693.8599999996509,6315.954178612195
26694,38.16716967631193,693.8799999996509,6316.01243868592
26695,38.16716967631193,693.8999999996508,6316.0706976563515
26696,38.16716967631193,693.9199999996508,6316.1289555234425
26697,38.16716967631193,693.9399999996508,6316.187212287144
26698,38.16716967631193,693.9599999996508,6316.245467947406
26699,38.16716967631193,693.9799999996508,6316.303722504181
26700,38.16716967631193,693.9999999996508,6316.3619759574185
26701,38.16716967631193,694.0199999996507,6316.42022830707
26702,38.16716967631193,694.0399999996507,6316.478479553087
26703,38.16716967631193,694.0599999996507,6316.536729695419
26704,38.16716967631193,694.0799999996507,6316.594978734019
26705,38.16716967631193,694.0999999996507,6316.653226668836
26706,38.16716967631193,694.1199999996506,6316.711473499823
26707,38.16716967631193,694.1399999996506,6316.76971922693
26708,38.16716967631193,694.1599999996506,6316.827963850107
26709,38.16716967631193,694.1799999996506,6316.886207369306
26710,38.16716967631193,694.1999999996506,6316.944449784478
26711,38.16716967631193,694.2199999996506,6317.002691096018
26712,38.16716967631193,694.2399999996505,6317.06093130836
26713,38.16716967631193,694.2599999996505,6317.119170421939
26714,38.16716967631193,694.2799999996505,6317.177408436708
26715,38.16716967631193,694.2999999996505,6317.235645352616
26716,38.16716967631193,694.3199999996505,6317.293881169616
26717,38.16716967631193,694.3399999996504,6317.3521158876565
26718,38.16716967631193,694.3599999996504,6317.41034950669
26719,38.16716967631193,694.3799999996504,6317.468582026668
26720,38.16716967631193,694.3999999996504,6317.52681344754
26721,38.16716967631193,694.4199999996504,6317.585043769258
26722,38.16716967631193,694.4399999996504,6317.643272991772
26723,38.16716967631193,694.4599999996503,6317.701501115034
26724,38.16716967631193,694.4799999996503,6317.759728138995
26725,38.16716967631193,694.4999999996503,6317.817954063606
26726,38.16716967631193,694.5199999996503,6317.876178888817
26727,38.16716967631193,694.5399999996503,6317.93440261458
26728,38.16716967631193,694.5599999996502,6317.992625240846
26729,38.16716967631193,694.5799999996502,6318.050846767565
26730,38.16716967631193,694.5999999996502,6318.1090671946895
26731,38.16716967631193,694.6199999996502,6318.167286522169
26732,38.16716967631193,694.6399999996502,6318.225504749956
26733,38.16716967631193,694.6599999996502,6318.283721878
26734,38.16716967631193,694.6799999996501,6318.3419379062525
26735,38.16716967631193,694.6999999996501,6318.400152834665
26736,38.16716967631193,694.7199999996501,6318.458366663189
26737,38.16716967631193,694.7399999996501,6318.516579391774
26738,38.16716967631193,694.7599999996501,6318.574791020372
26739,38.16716967631193,694.77999999965,6318.633001548933
26740,38.16716967631193,694.79999999965,6318.691210977409
26741,38.16716967631193,694.81999999965,6318.749419305751
26742,38.16716967631193,694.83999999965,6318.80762653391
26743,38.16716967631193,694.85999999965,6318.865832661836
26744,38.16716967631193,694.87999999965,6318.924037689481
26745,38.16716967631193,694.8999999996499,6318.982241616796
26746,38.16716967631193,694.9199999996499,6319.040444443732
26747,38.16716967631193,694.9399999996499,6319.098646170239
26748,38.16716967631193,694.9599999996499,6319.156846796269
26749,38.16716967631193,694.9799999996499,6319.215046321772
26750,38.16716967631193,694.9999999996498,6319.273244746701
26751,38.16716967631193,695.0199999996498,6319.331442071005
26752,38.16716967631193,695.0399999996498,6319.389638294636
26753,38.16716967631193,695.0599999996498,6319.447833417545
26754,38.16716967631193,695.0799999996498,6319.506027439683
26755,38.16716967631193,695.0999999996498,6319.5642203610005
26756,38.16716967631193,695.1199999996497,6319.622412181449
26757,38.16716967631193,695.1399999996497,6319.6806029009795
26758,38.16716967631193,695.1599999996497,6319.738792519543
26759,38.16716967631193,695.1799999996497,6319.79698103709
26760,38.16716967631193,695.1999999996497,6319.855168453571
26761,38.16716967631193,695.2199999996496,6319.91335476894
26762,38.16716967631193,695.2399999996496,6319.971539983904
26763,38.16716967631193,695.2599999996496,6320.029724102863
26764,38.16716967631193,695.2799999996496,6320.087907126429
26765,38.16716967631193,695.2999999996496,6320.146089054579
26766,38.16716967631193,695.3199999996496,6320.204269887264
26767,38.16716967631193,695.3399999996495,6320.262449624435
26768,38.16716967631193,695.3599999996495,6320.320628266045
26769,38.16716967631193,695.3799999996495,6320.3788058120435
26770,38.16716967631193,695.3999999996495,6320.436982262383
26771,38.16716967631193,695.4199999996495,6320.495157617014
26772,38.16716967631193,695.4399999996494,6320.553331875889
26773,38.16716967631193,695.4599999996494,6320.611505038959
26774,38.16716967631193,695.4799999996494,6320.669677106175
26775,38.16716967631193,695.4999999996494,6320.727848077489
26776,38.16716967631193,695.5199999996494,6320.7860179528525
26777,38.16716967631193,695.5399999996494,6320.844186732216
26778,38.16716967631193,695.5599999996493,6320.902354415532
26779,38.16716967631193,695.5799999996493,6320.96052100275
26780,38.16716967631193,695.5999999996493,6321.018686493824
26781,38.16716967631193,695.6199999996493,6321.076850888704
26782,38.16716967631193,695.6399999996493,6321.135014187342
26783,38.16716967631193,695.6599999996492,6321.193176389688
26784,38.16716967631193,695.6799999996492,6321.251337495695
26785,38.16716967631193,695.6999999996492,6321.3094975053145
26786,38.16716967631193,695.7199999996492,6321.367656418497
26787,38.16716967631193,695.7399999996492,6321.425814235194
26788,38.16716967631193,695.7599999996492,6321.483970955356
26789,38.16716967631193,695.7799999996491,6321.542126578936
26790,38.16716967631193,695.7999999996491,6321.600281105886
26791,38.16716967631193,695.8199999996491,6321.658434536156
26792,38.16716967631193,695.8399999996491,6321.7165868696975
26793,38.16716967631193,695.8599999996491,6321.774738106462
26794,38.16716967631193,695.879999999649,6321.832888246401
26795,38.16716967631193,695.899999999649,6321.891037289466
26796,38.16716967631193,695.919999999649,6321.949185235609
26797,38.16716967631193,695.939999999649,6322.0073320847805
26798,38.16716967631193,695.959999999649,6322.065477836933
26799,38.16716967631193,695.979999999649,6322.123622492016
26800,38.16716967631193,695.9999999996489,6322.181766049982
26801,38.11146451020726,696.0199999996489,6322.239908510783
26802,38.11146451020726,696.0399999996489,6322.29804987437
26803,38.11146451020726,696.0599999996489,6322.356190140695
26804,38.11146451020726,696.0799999996489,6322.414329309708
26805,38.11146451020726,696.0999999996488,6322.472467381361
26806,38.11146451020726,696.1199999996488,6322.530604355606
26807,38.11146451020726,696.1399999996488,6322.588740232394
26808,38.11146451020726,696.1599999996488,6322.6468750116765
26809,38.11146451020726,696.1799999996488,6322.705008693405
26810,38.11146451020726,696.1999999996488,6322.763141277531
26811,38.11146451020726,696.2199999996487,6322.821272764006
26812,38.11146451020726,696.2399999996487,6322.8794031527805
26813,38.11146451020726,696.2599999996487,6322.93753244482
26814,38.11146451020726,696.2799999996487,6322.995660643942
26815,38.11146451020726,696.2999999996487,6323.053787750416
26816,38.11146451020726,696.3199999996486,6323.1119137641945
26817,38.11146451020726,696.3399999996486,6323.17003868523
26818,38.11146451020726,696.3599999996486,6323.228162513476
26819,38.11146451020726,696.3799999996486,6323.286285248884
26820,38.11146451020726,696.3999999996486,6323.344406891408
26821,38.11146451020726,696.4199999996486,6323.402527441
26822,38.11146451020726,696.4399999996485,6323.460646897613
26823,38.11146451020726,696.4599999996485,6323.5187652611985
26824,38.11146451020726,696.4799999996485,6323.576882531711
26825,38.11146451020726,696.4999999996485,6323.634998709102
26826,38.11146451020726,696.5199999996485,6323.693113793324
26827,38.11146451020726,696.5399999996484,6323.751227784332
26828,38.11146451020726,696.5599999996484,6323.809340682075
26829,38.11146451020726,696.5799999996484,6323.867452486509
26830,38.11146451020726,696.5999999996484,6323.925563197585
26831,38.11146451020726,696.6199999996484,6323.983672815256
26832,38.11146451020726,696.6399999996484,6324.041781339475
26833,38.11146451020726,696.6599999996483,6324.099888770194
26834,38.11146451020726,696.6799999996483,6324.157995107367
26835,38.11146451020726,696.6999999996483,6324.216100350946
26836,38.11146451020726,696.7199999996483,6324.274204500884
26837,38.11146451020726,696.7399999996483,6324.3323075571325
26838,38.11146451020726,696.7599999996482,6324.390409519645
26839,38.11146451020726,696.7799999996482,6324.448510388374
26840,38.11146451020726,696.7999999996482,6324.506610163274
26841,38.11146451020726,696.8199999996482,6324.564708844295
26842,38.11146451020726,696.8399999996482,6324.622806431391
26843,38.11146451020726,696.8599999996482,6324.680902924515
26844,38.11146451020726,696.8799999996481,6324.738998323619
26845,38.11146451020726,696.8999999996481,6324.797092628656
26846,38.11146451020726,696.9199999996481,6324.8551858395795
26847,38.11146451020726,696.9399999996481,6324.913277956341
26848,38.11146451020726,696.9599999996481,6324.971368978893
26849,38.11146451020726,696.979999999648,6325.02945890719
26850,38.11146451020726,696.999999999648,6325.087547741184
26851,38.11146451020726,697.019999999648,6325.145635480826
26852,38.11146451020726,697.039999999648,6325.203722126071
26853,38.11146451020726,697.059999999648,6325.26180767687
26854,38.11146451020726,697.079999999648,6325.319892133178
26855,38.11146451020726,697.0999999996479,6325.377975494945
26856,38.11146451020726,697.1199999996479,6325.436057762125
26857,38.11146451020726,697.1399999996479,6325.49413893467
26858,38.11146451020726,697.1599999996479,6325.552219012535
26859,38.11146451020726,697.1799999996479,6325.61029799567
26860,38.11146451020726,697.1999999996478,6325.66837588403
26861,38.11146451020726,697.2199999996478,6325.726452677566
26862,38.11146451020726,697.2399999996478,6325.784528376232
26863,38.11146451020726,697.2599999996478,6325.842602979978
26864,38.11146451020726,697.2799999996478,6325.900676490118
26865,38.11146451020726,697.2999999996478,6325.958748910328
26866,38.11146451020726,697.3199999996477,6326.016820240824
26867,38.11146451020726,697.3399999996477,6326.074890481559
26868,38.11146451020726,697.3599999996477,6326.132959632486
26869,38.11146451020726,697.3799999996477,6326.191027693558
26870,38.11146451020726,697.3999999996477,6326.249094664728
26871,38.11146451020726,697.4199999996476,6326.307160545948
26872,38.11146451020726,697.4399999996476,6326.365225337172
26873,38.11146451020726,697.4599999996476,6326.423289038353
26874,38.11146451020726,697.4799999996476,6326.481351649443
26875,38.11146451020726,697.4999999996476,6326.539413170396
26876,38.11146451020726,697.5199999996476,6326.597473601164
26877,38.11146451020726,697.5399999996475,6326.655532941701
26878,38.11146451020726,697.5599999996475,6326.713591191959
26879,38.11146451020726,697.5799999996475,6326.771648351891
26880,38.11146451020726,697.5999999996475,6326.8297044214505
26881,38.11146451020726,697.6199999996475,6326.887759400591
26882,38.11146451020726,697.6399999996474,6326.945813289264
26883,38.11146451020726,697.6599999996474,6327.003866087423
26884,38.11146451020726,697.6799999996474,6327.061917795021
26885,38.11146451020726,697.6999999996474,6327.119968412011
26886,38.11146451020726,697.7199999996474,6327.178017938346
26887,38.11146451020726,697.7399999996474,6327.236066373979
26888,38.11146451020726,697.7599999996473,6327.294113718863
26889,38.11146451020726,697.7799999996473,6327.35215997295
26890,38.11146451020726,697.7999999996473,6327.410205136194
26891,38.11146451020726,697.8199999996473,6327.468249208548
26892,38.11146451020726,697.8399999996473,6327.526292189964
26893,38.11146451020726,697.8599999996472,6327.584334080396
26894,38.11146451020726,697.8799999996472,6327.642374879796
26895,38.11146451020726,697.8999999996472,6327.700414588118
26896,38.11146451020726,697.9199999996472,6327.758453205314
26897,38.11146451020726,697.9399999996472,6327.816490731338
26898,38.11146451020726,697.9599999996472,6327.874527166142
26899,38.11146451020726,697.9799999996471,6327.932562509679
26900,38.11146451020726,697.9999999996471,6327.990596761902
26901,38.11146451020726,698.0199999996471,6328.048629922765
26902,38.11146451020726,698.0399999996471,6328.106661992219
26903,38.11146451020726,698.0599999996471,6328.164692970219
26904,38.11146451020726,698.079999999647,6328.222722856717
26905,38.11146451020726,698.099999999647,6328.280751651666
26906,38.11146451020726,698.119999999647,6328.338779355019
26907,38.11146451020726,698.139999999647,6328.396805966729
26908,38.11146451020726,698.159999999647,6328.454831486748
26909,38.11146451020726,698.179999999647,6328.512855915031
26910,38.11146451020726,698.1999999996469,6328.570879251529
26911,38.11146451020726,698.2199999996469,6328.628901496196
26912,38.11146451020726,698.2399999996469,6328.686922648984
26913,38.11146451020726,698.2599999996469,6328.744942709848
26914,38.11146451020726,698.2799999996469,6328.802961678739
26915,38.11146451020726,698.2999999996468,6328.860979557287
26916,38.11146451020726,698.3199999996468,6328.9189963489225
26917,38.11146451020726,698.3399999996468,6328.9770120538005
26918,38.11146451020726,698.3599999996468,6329.035026671873
26919,38.11146451020726,698.3799999996468,6329.0930402030945
26920,38.11146451020726,698.3999999996468,6329.151052647417
26921,38.11146451020726,698.4199999996467,6329.209064004793
26922,38.11146451020726,698.4399999996467,6329.267074275177
26923,38.11146451020726,698.4599999996467,6329.3250834585215
26924,38.11146451020726,698.4799999996467,6329.38309155478
26925,38.11146451020726,698.4999999996467,6329.441098563904
26926,38.11146451020726,698.5199999996466,6329.499104485849
26927,38.11146451020726,698.5399999996466,6329.557109320566
26928,38.11146451020726,698.5599999996466,6329.61511306801
26929,38.11146451020726,698.5799999996466,6329.673115728133
26930,38.11146451020726,698.5999999996466,6329.731117300888
26931,38.11146451020726,698.6199999996466,6329.789117786229
26932,38.11146451020726,698.6399999996465,6329.847117184109
26933,38.11146451020726,698.6599999996465,6329.905115494481
26934,38.11146451020726,698.6799999996465,6329.963112717297
26935,38.11146451020726,698.6999999996465,6330.021108852532
26936,38.11146451020726,698.7199999996465,6330.079103900399
26937,38.11146451020726,698.7399999996464,6330.137097860919
26938,38.11146451020726,698.7599999996464,6330.195090734045
26939,38.11146451020726,698.7799999996464,6330.253082519729
26940,38.11146451020726,698.7999999996464,6330.311073217924
26941,38.11146451020726,698.8199999996464,6330.369062828582
26942,38.11146451020726,698.8399999996464,6330.427051351657
26943,38.11146451020726,698.8599999996463,6330.485038787099
26944,38.11146451020726,698.8799999996463,6330.5430251348635
26945,38.11146451020726,698.8999999996463,6330.601010394901
26946,38.11146451020726,698.9199999996463,6330.658994567166
26947,38.11146451020726,698.9399999996463,6330.716977651609
26948,38.11146451020726,698.9599999996462,6330.774959648184
26949,38.11146451020726,698.9799999996462,6330.832940556844
26950,38.11146451020726,698.9999999996462,6330.89092037754
26951,38.11146451020726,699.0199999996462,6330.948899110226
26952,38.11146451020726,699.0399999996462,6331.006876754854
26953,38.11146451020726,699.0599999996462,6331.064853311376
26954,38.11146451020726,699.0799999996461,6331.122828779746
26955,38.11146451020726,699.0999999996461,6331.180803159916
26956,38.11146451020726,699.1199999996461,6331.238776451838
26957,38.11146451020726,699.1399999996461,6331.296748655465
26958,38.11146451020726,699.1599999996461,6331.35471977075
26959,38.11146451020726,699.179999999646,6331.412689797646
26960,38.11146451020726,699.199999999646,6331.470658736104
26961,38.11146451020726,699.219999999646,6331.528626586078
26962,38.11146451020726,699.239999999646,6331.58659334752
26963,38.11146451020726,699.259999999646,6331.644559020382
26964,38.11146451020726,699.279999999646,6331.702523604617
26965,38.11146451020726,699.2999999996459,6331.7604871001795
26966,38.11146451020726,699.3199999996459,6331.818449509065
26967,38.11146451020726,699.3399999996459,6331.876410834541
26968,38.11146451020726,699.3599999996459,6331.934371076701
26969,38.11146451020726,699.3799999996459,6331.992330235496
26970,38.11146451020726,699.3999999996458,6332.050288310881
26971,38.11146451020726,699.4199999996458,6332.108245302808
26972,38.11146451020726,699.4399999996458,6332.166201211231
26973,38.11146451020726,699.4599999996458,6332.224156036101
26974,38.11146451020726,699.4799999996458,6332.282109777371
26975,38.11146451020726,699.4999999996458,6332.340062434996
26976,38.11146451020726,699.5199999996457,6332.398014008927
26977,38.11146451020726,699.5399999996457,6332.455964499117
26978,38.11146451020726,699.5599999996457,6332.513913905519
26979,38.11146451020726,699.5799999996457,6332.5718622280865
26980,38.11146451020726,699.5999999996457,6332.629809466772
26981,38.11146451020726,699.6199999996456,6332.687755621528
26982,38.11146451020726,699.6399999996456,6332.745700692307
26983,38.05589471563951,699.6599999996456,6332.803644679062
26984,38.05589471563951,699.6799999996456,6332.861587581747
26985,38.05589471563951,699.6999999996456,6332.919529400314
26986,38.05589471563951,699.7199999996456,6332.977470134716
26987,38.05589471563951,699.7399999996455,6333.035409784906
26988,38.05589471563951,699.7599999996455,6333.093348350836
26989,38.05589471563951,699.7799999996455,6333.1512858324595
26990,38.05589471563951,699.7999999996455,6333.20922222973
26991,38.05589471563951,699.8199999996455,6333.267157542599
26992,38.05589471563951,699.8399999996454,6333.325091771021
26993,38.05589471563951,699.8599999996454,6333.383024914948
26994,38.05589471563951,699.8799999996454,6333.440956974332
26995,38.05589471563951,699.8999999996454,6333.498887949127
26996,38.05589471563951,699.9199999996454,6333.556817839285
26997,38.05589471563951,699.9399999996454,6333.61474664476
26998,38.05589471563951,699.9599999996453,6333.6726743655045
26999,38.05589471563951,699.9799999996453,6333.730601001471
27000,38.05589471563951,699.9999999996453,6333.788526552612
27001,38.05589471563951,700.0199999996453,6333.8464510188805
27002,38.05589471563951,700.0399999996453,6333.90437440023
27003,38.05589471563951,700.0599999996452,6333.9622966966135
27004,38.05589471563951,700.0799999996452,6334.020217907983
27005,38.05589471563951,700.0999999996452,6334.078138034292
27006,38.05589471563951,700.1199999996452,6334.136057075493
27007,38.05589471563951,700.1399999996452,6334.19397503154
27008,38.05589471563951,700.1599999996452,6334.251891902383
27009,38.05589471563951,700.1799999996451,6334.309807687978
27010,38.05589471563951,700.1999999996451,6334.367722388276
27011,38.05589471563951,700.2199999996451,6334.4256360032305
27012,38.05589471563951,700.2399999996451,6334.483548532795
27013,38.05589471563951,700.2599999996451,6334.541459976921
27014,38.05589471563951,700.279999999645,6334.5993703355625
27015,38.05589471563951,700.299999999645,6334.657279608672
27016,38.05589471563951,700.319999999645,6334.715187796202
27017,38.05589471563951,700.339999999645,6334.773094900297
27018,38.05589471563951,700.359999999645,6334.831000923734
27019,38.05589471563951,700.379999999645,6334.888905866535
27020,38.05589471563951,700.3999999996449,6334.946809728655
27021,38.05589471563951,700.4199999996449,6335.004712510046
27022,38.05589471563951,700.4399999996449,6335.062614210662
27023,38.05589471563951,700.4599999996449,6335.120514830454
27024,38.05589471563951,700.4799999996449,6335.178414369377
27025,38.05589471563951,700.4999999996448,6335.236312827383
27026,38.05589471563951,700.5199999996448,6335.294210204425
27027,38.05589471563951,700.5399999996448,6335.352106500457
27028,38.05589471563951,700.5599999996448,6335.4100017154315
27029,38.05589471563951,700.5799999996448,6335.4678958493005
27030,38.05589471563951,700.5999999996448,6335.525788902019
27031,38.05589471563951,700.6199999996447,6335.583680873538
27032,38.05589471563951,700.6399999996447,6335.641571763811
27033,38.05589471563951,700.6599999996447,6335.699461572793
27034,38.05589471563951,700.6799999996447,6335.757350300434
27035,38.05589471563951,700.6999999996447,6335.81523794669
27036,38.05589471563951,700.7199999996446,6335.873124511512
27037,38.05589471563951,700.7399999996446,6335.931009994854
27038,38.05589471563951,700.7599999996446,6335.988894396669
27039,38.05589471563951,700.7799999996446,6336.04677771691
27040,38.05589471563951,700.7999999996446,6336.104659955529
27041,38.05589471563951,700.8199999996446,6336.1625411124805
27042,38.05589471563951,700.8399999996445,6336.220421187717
27043,38.05589471563951,700.8599999996445,6336.278300181191
27044,38.05589471563951,700.8799999996445,6336.336178092856
27045,38.05589471563951,700.8999999996445,6336.394054922665
27046,38.05589471563951,700.9199999996445,6336.4519306705715
27047,38.05589471563951,700.9399999996444,6336.509805336527
27048,38.05589471563951,700.9599999996444,6336.567678920486
27049,38.05589471563951,700.9799999996444,6336.625551422402
27050,38.05589471563951,700.9999999996444,6336.683422842227
27051,38.05589471563951,701.0199999996444,6336.741293179914
27052,38.05589471563951,701.0399999996444,6336.799162435416
27053,38.05589471563951,701.0599999996443,6336.857030608687
27054,38.05589471563951,701.0799999996443,6336.914897699679
27055,38.05589471563951,701.0999999996443,6336.972763708346
27056,38.05589471563951,701.1199999996443,6337.03062863464
27057,38.05589471563951,701.1399999996443,6337.088492478515
27058,38.05589471563951,701.1599999996442,6337.146355239924
27059,38.05589471563951,701.1799999996442,6337.204216918819
27060,38.05589471563951,701.1999999996442,6337.262077515154
27061,38.05589471563951,701.2199999996442,6337.319937028881
27062,38.05589471563951,701.2399999996442,6337.3777954599545
27063,38.05589471563951,701.2599999996442,6337.435652808327
27064,38.05589471563951,701.2799999996441,6337.493509073952
27065,38.05589471563951,701.2999999996441,6337.551364256781
27066,38.05589471563951,701.3199999996441,6337.609218356769
27067,38.05589471563951,701.3399999996441,6337.667071373868
27068,38.05589471563951,701.3599999996441,6337.724923310616
27069,38.05589471563951,701.379999999644,6337.782774169647
27070,38.05589471563951,701.399999999644,6337.840623950926
27071,38.05589471563951,701.419999999644,6337.898472654405
27072,38.05589471563951,701.439999999644,6337.956320280038
27073,38.05589471563951,701.459999999644,6338.014166827778
27074,38.05589471563951,701.479999999644,6338.072012297578
27075,38.05589471563951,701.4999999996439,6338.129856689391
27076,38.05589471563951,701.5199999996439,6338.18770000317
27077,38.05589471563951,701.5399999996439,6338.2455422388675
27078,38.05589471563951,701.5599999996439,6338.303383396437
27079,38.05589471563951,701.5799999996439,6338.361223475833
27080,38.05589471563951,701.5999999996438,6338.419062477007
27081,38.05589471563951,701.6199999996438,6338.476900399913
27082,38.05589471563951,701.6399999996438,6338.534737244503
27083,38.05589471563951,701.6599999996438,6338.592573010731
27084,38.05589471563951,701.6799999996438,6338.65040769855
27085,38.05589471563951,701.6999999996438,6338.708241307913
27086,38.05589471563951,701.7199999996437,6338.766073838774
27087,38.05589471563951,701.7399999996437,6338.823905291085
27088,38.05589471563951,701.7599999996437,6338.881735664799
27089,38.05589471563951,701.7799999996437,6338.939564959869
27090,38.05589471563951,701.7999999996437,6338.99739317625
27091,38.05589471563951,701.8199999996436,6339.055220313893
27092,38.05589471563951,701.8399999996436,6339.113046372752
27093,38.05589471563951,701.8599999996436,6339.1708713527805
27094,38.05589471563951,701.8799999996436,6339.228695253931
27095,38.05589471563951,701.8999999996436,6339.286518076156
27096,38.05589471563951,701.9199999996436,6339.34433981941
27097,38.05589471563951,701.9399999996435,6339.402160483646
27098,38.05589471563951,701.9599999996435,6339.459980068817
27099,38.05589471563951,701.9799999996435,6339.517798574874
27100,38.05589471563951,701.9999999996435,6339.575616001773
27101,38.05589471563951,702.0199999996435,6339.633432349466
27102,38.05589471563951,702.0399999996434,6339.691247617906
27103,38.05589471563951,702.0599999996434,6339.749061807046
27104,38.05589471563951,702.0799999996434,6339.80687491684
27105,38.05589471563951,702.0999999996434,6339.8646869472395
27106,38.05589471563951,702.1199999996434,6339.922497898199
27107,38.05589471563951,702.1399999996434,6339.9803077696715
27108,38.05589471563951,702.1599999996433,6340.0381165616645
27109,38.05589471563951,702.1799999996433,6340.095924274313
27110,38.05589471563951,702.1999999996433,6340.153730907584
27111,38.05589471563951,702.2199999996433,6340.21153646143
27112,38.05589471563951,702.2399999996433,6340.269340935805
27113,38.05589471563951,702.2599999996432,6340.327144330662
27114,38.05589471563951,702.2799999996432,6340.384946645953
27115,38.05589471563951,702.2999999996432,6340.4427478816315
27116,38.05589471563951,702.3199999996432,6340.50054803765
27117,38.05589471563951,702.3399999996432,6340.558347113963
27118,38.05589471563951,702.3599999996432,6340.616145110574
27119,38.05589471563951,702.3799999996431,6340.6739420303575
27120,38.05589471563951,702.3999999996431,6340.731737875712
27121,38.05589471563951,702.4199999996431,6340.789532646588
27122,38.05589471563951,702.4399999996431,6340.847326342938
27123,38.05589471563951,702.4599999996431,6340.905118964714
27124,38.05589471563951,702.479999999643,6340.962910511868
27125,38.05589471563951,702.499999999643,6341.0207009843525
27126,38.05589471563951,702.519999999643,6341.078490382119
27127,38.05589471563951,702.539999999643,6341.1362787051185
27128,38.05589471563951,702.559999999643,6341.194065953304
27129,38.05589471563951,702.579999999643,6341.251852126627
27130,38.05589471563951,702.5999999996429,6341.30963722504
27131,38.05589471563951,702.6199999996429,6341.367421248495
27132,38.05589471563951,702.6399999996429,6341.425204196943
27133,38.05589471563951,702.6599999996429,6341.482986070337
27134,38.05589471563951,702.6799999996429,6341.5407668686275
27135,38.05589471563951,702.6999999996428,6341.598546591768
27136,38.05589471563951,702.7199999996428,6341.656325239711
27137,38.05589471563951,702.7399999996428,6341.714102812406
27138,38.05589471563951,702.7599999996428,6341.771879309807
27139,38.05589471563951,702.7799999996428,6341.829654731866
27140,38.05589471563951,702.7999999996428,6341.887429078533
27141,38.05589471563951,702.8199999996427,6341.945202349762
27142,38.05589471563951,702.8399999996427,6342.002974545505
27143,38.05589471563951,702.8599999996427,6342.060745665713
27144,38.05589471563951,702.8799999996427,6342.118515710337
27145,38.05589471563951,702.8999999996427,6342.176284679331
27146,38.05589471563951,702.9199999996426,6342.234052572646
27147,38.05589471563951,702.9399999996426,6342.291819390234
27148,38.05589471563951,702.9599999996426,6342.349585132048
27149,38.05589471563951,702.9799999996426,6342.407349798038
27150,38.05589471563951,702.9999999996426,6342.465113388157
27151,38.05589471563951,703.0199999996426,6342.522875902358
27152,38.05589471563951,703.0399999996425,6342.580637340591
27153,38.05589471563951,703.0599999996425,6342.638397702809
27154,38.05589471563951,703.0799999996425,6342.6961569889645
27155,38.05589471563951,703.0999999996425,6342.753915199009
27156,38.05589471563951,703.1199999996425,6342.811672332893
27157,38.05589471563951,703.1399999996424,6342.869428390571
27158,38.05589471563951,703.1599999996424,6342.927183371993
27159,38.05589471563951,703.1799999996424,6342.984937277112
27160,38.05589471563951,703.1999999996424,6343.042690105881
27161,38.05589471563951,703.2199999996424,6343.10044185825
27162,38.05589471563951,703.2399999996424,6343.158192534172
27163,38.05589471563951,703.2599999996423,6343.215942133598
27164,38.05589471563951,703.2799999996423,6343.273690656481
27165,38.05589471563951,703.2999999996423,6343.331438102773
27166,38.0004598324948,703.3199999996423,6343.389184472426
27167,38.0004598324948,703.3399999996423,6343.446929765391
27168,38.0004598324948,703.3599999996422,6343.504673981621
27169,38.0004598324948,703.3799999996422,6343.562417121179
27170,38.0004598324948,703.3999999996422,6343.6201591870795
27171,38.0004598324948,703.4199999996422,6343.677900181321
27172,38.0004598324948,703.4399999996422,6343.735640103858
27173,38.0004598324948,703.4599999996422,6343.793378954644
27174,38.0004598324948,703.4799999996421,6343.851116733633
27175,38.0004598324948,703.4999999996421,6343.908853440778
27176,38.0004598324948,703.5199999996421,6343.966589076035
27177,38.0004598324948,703.5399999996421,6344.024323639356
27178,38.0004598324948,703.5599999996421,6344.082057130696
27179,38.0004598324948,703.579999999642,6344.139789550008
27180,38.0004598324948,703.599999999642,6344.197520897245
27181,38.0004598324948,703.619999999642,6344.255251172363
27182,38.0004598324948,703.639999999642,6344.312980375315
27183,38.0004598324948,703.659999999642,6344.370708506055
27184,38.0004598324948,703.679999999642,6344.428435564536
27185,38.0004598324948,703.6999999996419,6344.4861615507125
27186,38.0004598324948,703.7199999996419,6344.543886464538
27187,38.0004598324948,703.7399999996419,6344.601610305967
27188,38.0004598324948,703.7599999996419,6344.659333074954
27189,38.0004598324948,703.7799999996419,6344.71705477145
27190,38.0004598324948,703.7999999996418,6344.774775395412
27191,38.0004598324948,703.8199999996418,6344.832494946792
27192,38.0004598324948,703.8399999996418,6344.890213425545
27193,38.0004598324948,703.8599999996418,6344.947930831624
27194,38.0004598324948,703.8799999996418,6345.005647164983
27195,38.0004598324948,703.8999999996418,6345.063362425576
27196,38.0004598324948,703.9199999996417,6345.121076613357
27197,38.0004598324948,703.9399999996417,6345.17878972828
27198,38.0004598324948,703.9599999996417,6345.236501770299
27199,38.0004598324948,703.9799999996417,6345.294212739366
27200,38.0004598324948,703.9999999996417,6345.351922635437
27201,38.0004598324948,704.0199999996416,6345.409631458466
27202,38.0004598324948,704.0399999996416,6345.467339208405
27203,38.0004598324948,704.0599999996416,6345.525045885209
27204,38.0004598324948,704.0799999996416,6345.5827514888315
27205,38.0004598324948,704.0999999996416,6345.640456019227
27206,38.0004598324948,704.1199999996415,6345.698159476349
27207,38.0004598324948,704.1399999996415,6345.7558618601515
27208,38.0004598324948,704.1599999996415,6345.813563170588
27209,38.0004598324948,704.1799999996415,6345.871263407613
27210,38.0004598324948,704.1999999996415,6345.92896257118
27211,38.0004598324948,704.2199999996415,6345.986660661242
27212,38.0004598324948,704.2399999996414,6346.044357677754
27213,38.0004598324948,704.2599999996414,6346.102053620671
27214,38.0004598324948,704.2799999996414,6346.159748489944
27215,38.0004598324948,704.2999999996414,6346.217442285529
27216,38.0004598324948,704.3199999996414,6346.275135007379
27217,38.0004598324948,704.3399999996413,6346.332826655448
27218,38.0004598324948,704.3599999996413,6346.39051722969
27219,38.0004598324948,704.3799999996413,6346.448206730059
27220,38.0004598324948,704.3999999996413,6346.505895156679
27221,38.0004598324948,704.4199999996413,6346.56358251274
27222,38.0004598324948,704.4399999996413,6346.621268799898
27223,38.0004598324948,704.4599999996412,6346.678954018105
27224,38.0004598324948,704.4799999996412,6346.7366381673155
27225,38.0004598324948,704.4999999996412,6346.794321247482
27226,38.0004598324948,704.5199999996412,6346.852003258557
27227,38.0004598324948,704.5399999996412,6346.909684200493
27228,38.0004598324948,704.5599999996411,6346.967364073244
27229,38.0004598324948,704.5799999996411,6347.025042876763
27230,38.0004598324948,704.5999999996411,6347.0827206110025
27231,38.0004598324948,704.6199999996411,6347.140397275915
27232,38.0004598324948,704.6399999996411,6347.198072871455
27233,38.0004598324948,704.6599999996411,6347.255747397575
27234,38.0004598324948,704.679999999641,6347.313420854227
27235,38.0004598324948,704.699999999641,6347.371093241364
27236,38.0004598324948,704.719999999641,6347.42876455894
27237,38.0004598324948,704.739999999641,6347.486434806908
27238,38.0004598324948,704.759999999641,6347.54410398522
27239,38.0004598324948,704.779999999641,6347.601772093831
27240,38.0004598324948,704.7999999996409,6347.659439132692
27241,38.0004598324948,704.8199999996409,6347.717105101756
27242,38.0004598324948,704.8399999996409,6347.774770000977
27243,38.0004598324948,704.8599999996409,6347.832433830307
27244,38.0004598324948,704.8799999996409,6347.8900965897
27245,38.0004598324948,704.8999999996408,6347.947758279109
27246,38.0004598324948,704.9199999996408,6348.005418898486
27247,38.0004598324948,704.9399999996408,6348.063078447784
27248,38.0004598324948,704.9599999996408,6348.120736926958
27249,38.0004598324948,704.9799999996408,6348.178394335959
27250,38.0004598324948,704.9999999996407,6348.23605067474
27251,38.0004598324948,705.0199999996407,6348.293705943255
27252,38.0004598324948,705.0399999996407,6348.351360141457
27253,38.0004598324948,705.0599999996407,6348.409013269298
27254,38.0004598324948,705.0799999996407,6348.466665326732
27255,38.0004598324948,705.0999999996407,6348.524316313712
27256,38.0004598324948,705.1199999996406,6348.58196623019
27257,38.0004598324948,705.1399999996406,6348.639615076119
27258,38.0004598324948,705.1599999996406,6348.697262851453
27259,38.0004598324948,705.1799999996406,6348.754909556145
27260,38.0004598324948,705.1999999996406,6348.812555190148
27261,38.0004598324948,705.2199999996405,6348.8701997534135
27262,38.0004598324948,705.2399999996405,6348.927843245896
27263,38.0004598324948,705.2599999996405,6348.985485667548
27264,38.0004598324948,705.2799999996405,6349.0431270183235
27265,38.0004598324948,705.2999999996405,6349.100767298174
27266,38.0004598324948,705.3199999996405,6349.158406507054
27267,38.0004598324948,705.3399999996404,6349.216044644914
27268,38.0004598324948,705.3599999996404,6349.27368171171
27269,38.0004598324948,705.3799999996404,6349.331317707393
27270,38.0004598324948,705.3999999996404,6349.388952631917
27271,38.0004598324948,705.4199999996404,6349.44658648547
27272,38.0004598324948,705.4399999996403,6349.50421927155
27273,38.0004598324948,705.4599999996403,6349.5618509915375
27274,38.0004598324948,705.4799999996403,6349.619481645386
27275,38.0004598324948,705.4999999996403,6349.67711123305
27276,38.0004598324948,705.5199999996403,6349.734739754481
27277,38.0004598324948,705.5399999996403,6349.792367209633
27278,38.0004598324948,705.5599999996402,6349.849993598459
27279,38.0004598324948,705.5799999996402,6349.907618920913
27280,38.0004598324948,705.5999999996402,6349.965243176947
27281,38.0004598324948,705.6199999996402,6350.022866366542
27282,38.0004598324948,705.6399999996402,6350.080488489953
27283,38.0004598324948,705.6599999996401,6350.1381095472
27284,38.0004598324948,705.6799999996401,6350.195729538238
27285,38.0004598324948,705.6999999996401,6350.253348463021
27286,38.0004598324948,705.7199999996401,6350.310966321502
27287,38.0004598324948,705.7399999996401,6350.3685831136345
27288,38.0004598324948,705.7599999996401,6350.426198839374
27289,38.0004598324948,705.77999999964,6350.483813498672
27290,38.0004598324948,705.79999999964,6350.541427091484
27291,38.0004598324948,705.81999999964,6350.599039617764
27292,38.0004598324948,705.83999999964,6350.656651077465
27293,38.0004598324948,705.85999999964,6350.71426147054
27294,38.0004598324948,705.87999999964,6350.771870796944
27295,38.0004598324948,705.8999999996399,6350.829479056631
27296,38.0004598324948,705.9199999996399,6350.887086249553
27297,38.0004598324948,705.9399999996399,6350.944692375667
27298,38.0004598324948,705.9599999996399,6351.002297434924
27299,38.0004598324948,705.9799999996399,6351.059901427278
27300,38.0004598324948,705.9999999996398,6351.117504352685
27301,38.0004598324948,706.0199999996398,6351.175106211096
27302,38.0004598324948,706.0399999996398,6351.232707002467
27303,38.0004598324948,706.0599999996398,6351.290306726751
27304,38.0004598324948,706.0799999996398,6351.347905383901
27305,38.0004598324948,706.0999999996397,6351.405502973872
27306,38.0004598324948,706.1199999996397,6351.463099496617
27307,38.0004598324948,706.1399999996397,6351.520694952091
27308,38.0004598324948,706.1599999996397,6351.578289340247
27309,38.0004598324948,706.1799999996397,6351.635882661038
27310,38.0004598324948,706.1999999996397,6351.693474914418
27311,38.0004598324948,706.2199999996396,6351.7510661003425
27312,38.0004598324948,706.2399999996396,6351.808656218765
27313,38.0004598324948,706.2599999996396,6351.866245269637
27314,38.0004598324948,706.2799999996396,6351.923833252915
27315,38.0004598324948,706.2999999996396,6351.981420168551
27316,38.0004598324948,706.3199999996395,6352.0390060165
27317,38.0004598324948,706.3399999996395,6352.096590796715
27318,38.0004598324948,706.3599999996395,6352.15417450915
27319,38.0004598324948,706.3799999996395,6352.211757153759
27320,38.0004598324948,706.3999999996395,6352.269338730496
27321,38.0004598324948,706.4199999996395,6352.3269192393145
27322,38.0004598324948,706.4399999996394,6352.384498680474
27323,38.0004598324948,706.4599999996394,6352.442077057848
27324,38.0004598324948,706.4799999996394,6352.499654372547
27325,38.0004598324948,706.4999999996394,6352.557230624527
27326,38.0004598324948,706.5199999996394,6352.6148058137405
27327,38.0004598324948,706.5399999996393,6352.6723799401425
27328,38.0004598324948,706.5599999996393,6352.729953003687
27329,38.0004598324948,706.5799999996393,6352.787525004328
27330,38.0004598324948,706.5999999996393,6352.84509594202
27331,38.0004598324948,706.6199999996393,6352.902665816716
27332,38.0004598324948,706.6399999996393,6352.960234628371
27333,38.0004598324948,706.6599999996392,6353.017802376939
27334,38.0004598324948,706.6799999996392,6353.075369062373
27335,38.0004598324948,706.6999999996392,6353.132934684629
27336,38.0004598324948,706.7199999996392,6353.190499243659
27337,38.0004598324948,706.7399999996392,6353.248062739419
27338,38.0004598324948,706.7599999996391,6353.305625171861
27339,38.0004598324948,706.7799999996391,6353.363186540941
27340,38.0004598324948,706.7999999996391,6353.420746846611
27341,38.0004598324948,706.8199999996391,6353.478306088828
27342,38.0004598324948,706.8399999996391,6353.535864267543
27343,38.0004598324948,706.8599999996391,6353.593421382712
27344,38.0004598324948,706.879999999639,6353.6509774342885
27345,38.0004598324948,706.899999999639,6353.708532422227
27346,38.0004598324948,706.919999999639,6353.766086346481
27347,38.0004598324948,706.939999999639,6353.823639207005
27348,38.0004598324948,706.959999999639,6353.881191003752
27349,37.94515940266804,706.979999999639,6353.938741736678
27350,37.94515940266804,706.9999999996389,6353.996291405735
27351,37.94515940266804,707.0199999996389,6354.053840010879
27352,37.94515940266804,707.0399999996389,6354.111387552063
27353,37.94515940266804,707.0599999996389,6354.168934029241
27354,37.94515940266804,707.0799999996389,6354.226479442368
27355,37.94515940266804,707.0999999996388,6354.284023791397
27356,37.94515940266804,707.1199999996388,6354.341567076282
27357,37.94515940266804,707.1399999996388,6354.399109296979
27358,37.94515940266804,707.1599999996388,6354.45665045344
27359,37.94515940266804,707.1799999996388,6354.514190545619
27360,37.94515940266804,707.1999999996387,6354.571729573472
27361,37.94515940266804,707.2199999996387,6354.629267536951
27362,37.94515940266804,707.2399999996387,6354.686804436012
27363,37.94515940266804,707.2599999996387,6354.744340270608
27364,37.94515940266804,707.2799999996387,6354.801875040693
27365,37.94515940266804,707.2999999996387,6354.859408746221
27366,37.94515940266804,707.3199999996386,6354.916941387146
27367,37.94515940266804,707.3399999996386,6354.974472963423
27368,37.94515940266804,707.3599999996386,6355.032003475006
27369,37.94515940266804,707.3799999996386,6355.089532921848
27370,37.94515940266804,707.3999999996386,6355.147061303905
27371,37.94515940266804,707.4199999996385,6355.204588621129
27372,37.94515940266804,707.4399999996385,6355.262114873475
27373,37.94515940266804,707.4599999996385,6355.319640061239
27374,37.94515940266804,707.4799999996385,6355.377164188229
27375,37.94515940266804,707.4999999996385,6355.434687255175
27376,37.94515940266804,707.5199999996385,6355.492209262034
27377,37.94515940266804,707.5399999996384,6355.549730208758
27378,37.94515940266804,707.5599999996384,6355.607250095303
27379,37.94515940266804,707.5799999996384,6355.664768921623
27380,37.94515940266804,707.5999999996384,6355.722286687673
27381,37.94515940266804,707.6199999996384,6355.779803393405
27382,37.94515940266804,707.6399999996383,6355.837319038776
27383,37.94515940266804,707.6599999996383,6355.894833623738
27384,37.94515940266804,707.6799999996383,6355.952347148247
27385,37.94515940266804,707.6999999996383,6356.009859612257
27386,37.94515940266804,707.7199999996383,6356.0673710157225
27387,37.94515940266804,707.7399999996383,6356.124881358598
27388,37.94515940266804,707.7599999996382,6356.182390640838
27389,37.94515940266804,707.7799999996382,6356.239898862396
27390,37.94515940266804,707.7999999996382,6356.297406023227
27391,37.94515940266804,707.8199999996382,6356.354912123285
27392,37.94515940266804,707.8399999996382,6356.412417162525
27393,37.94515940266804,707.8599999996381,6356.4699211409015
27394,37.94515940266804,707.8799999996381,6356.5274240583685
27395,37.94515940266804,707.8999999996381,6356.58492591488
27396,37.94515940266804,707.9199999996381,6356.64242671039
27397,37.94515940266804,707.9399999996381,6356.699926444854
27398,37.94515940266804,707.9599999996381,6356.757425118226
27399,37.94515940266804,707.979999999638,6356.81492273046
27400,37.94515940266804,707.999999999638,6356.872419281512
27401,37.94515940266804,708.019999999638,6356.929914771334
27402,37.94515940266804,708.039999999638,6356.987409199882
27403,37.94515940266804,708.059999999638,6357.04490256711
27404,37.94515940266804,708.079999999638,6357.102394872972
27405,37.94515940266804,708.0999999996379,6357.1598861174225
27406,37.94515940266804,708.1199999996379,6357.217376300417
27407,37.94515940266804,708.1399999996379,6357.274865421908
27408,37.94515940266804,708.1599999996379,6357.332353481851
27409,37.94515940266804,708.1799999996379,6357.3898404802
27410,37.94515940266804,708.1999999996378,6357.44732641691
27411,37.94515940266804,708.2199999996378,6357.504811291935
27412,37.94515940266804,708.2399999996378,6357.562295105229
27413,37.94515940266804,708.2599999996378,6357.619777856747
27414,37.94515940266804,708.2799999996378,6357.677259546443
27415,37.94515940266804,708.2999999996377,6357.734740174271
27416,37.94515940266804,708.3199999996377,6357.792219740186
27417,37.94515940266804,708.3399999996377,6357.849698244143
27418,37.94515940266804,708.3599999996377,6357.907175686095
27419,37.94515940266804,708.3799999996377,6357.964652065997
27420,37.94515940266804,708.3999999996377,6358.022127383804
27421,37.94515940266804,708.4199999996376,6358.07960163947
27422,37.94515940266804,708.4399999996376,6358.137074832949
27423,37.94515940266804,708.4599999996376,6358.194546964196
27424,37.94515940266804,708.4799999996376,6358.252018033579
27425,37.94515940266804,708.4999999996376,6358.309488045276
27426,37.94515940266804,708.5199999996375,6358.366956999744
27427,37.94515940266804,708.5399999996375,6358.424424896935
27428,37.94515940266804,708.5599999996375,6358.481891736806
27429,37.94515940266804,708.5799999996375,6358.539357519308
27430,37.94515940266804,708.5999999996375,6358.596822244399
27431,37.94515940266804,708.6199999996375,6358.654285912031
27432,37.94515940266804,708.6399999996374,6358.71174852216
27433,37.94515940266804,708.6599999996374,6358.76921007474
27434,37.94515940266804,708.6799999996374,6358.826670569725
27435,37.94515940266804,708.6999999996374,6358.88413000707
27436,37.94515940266804,708.7199999996374,6358.94158838673
27437,37.94515940266804,708.7399999996373,6358.999045708658
27438,37.94515940266804,708.7599999996373,6359.056501972809
27439,37.94515940266804,708.7799999996373,6359.113957179138
27440,37.94515940266804,708.7999999996373,6359.171411327599
27441,37.94515940266804,708.8199999996373,6359.228864418148
27442,37.94515940266804,708.8399999996373,6359.286316450738
27443,37.94515940266804,708.8599999996372,6359.343767425323
27444,37.94515940266804,708.8799999996372,6359.401217341858
27445,37.94515940266804,708.8999999996372,6359.458666200298
27446,37.94515940266804,708.9199999996372,6359.516114000597
27447,37.94515940266804,708.9399999996372,6359.57356074271
27448,37.94515940266804,708.9599999996371,6359.631006426591
27449,37.94515940266804,708.9799999996371,6359.688451052194
27450,37.94515940266804,708.9999999996371,6359.745894619475
27451,37.94515940266804,709.0199999996371,6359.803337128387
27452,37.94515940266804,709.0399999996371,6359.860778578885
27453,37.94515940266804,709.0599999996371,6359.9182189709245
27454,37.94515940266804,709.079999999637,6359.975658304458
27455,37.94515940266804,709.099999999637,6360.033096579488
27456,37.94515940266804,709.119999999637,6360.09053379622
27457,37.94515940266804,709.139999999637,6360.147969954631
27458,37.94515940266804,709.159999999637,6360.205405054673
27459,37.94515940266804,709.179999999637,6360.262839096303
27460,37.94515940266804,709.1999999996369,6360.3202720794725
27461,37.94515940266804,709.2199999996369,6360.377704004138
27462,37.94515940266804,709.2399999996369,6360.435134870252
27463,37.94515940266804,709.2599999996369,6360.492564677769
27464,37.94515940266804,709.2799999996369,6360.549993426644
27465,37.94515940266804,709.2999999996368,6360.60742111683
27466,37.94515940266804,709.3199999996368,6360.664847748281
27467,37.94515940266804,709.3399999996368,6360.722273320953
27468,37.94515940266804,709.3599999996368,6360.779697834798
27469,37.94515940266804,709.3799999996368,6360.837121289771
27470,37.94515940266804,709.3999999996367,6360.894543685827
27471,37.94515940266804,709.4199999996367,6360.951965022919
27472,37.94515940266804,709.4399999996367,6361.009385301001
27473,37.94515940266804,709.4599999996367,6361.066804520028
27474,37.94515940266804,709.4799999996367,6361.124222679954
27475,37.94515940266804,709.4999999996367,6361.181639781393
27476,37.94515940266804,709.5199999996366,6361.239055828399
27477,37.94515940266804,709.5399999996366,6361.2964708213085
27478,37.94515940266804,709.5599999996366,6361.353884760076
27479,37.94515940266804,709.5799999996366,6361.411297644655
27480,37.94515940266804,709.5999999996366,6361.468709475001
27481,37.94515940266804,709.6199999996365,6361.526120251067
27482,37.94515940266804,709.6399999996365,6361.58352997281
27483,37.94515940266804,709.6599999996365,6361.640938640181
27484,37.94515940266804,709.6799999996365,6361.698346253136
27485,37.94515940266804,709.6999999996365,6361.755752811629
27486,37.94515940266804,709.7199999996365,6361.813158315614
27487,37.94515940266804,709.7399999996364,6361.870562765045
27488,37.94515940266804,709.7599999996364,6361.9279661598775
27489,37.94515940266804,709.7799999996364,6361.985368500064
27490,37.94515940266804,709.7999999996364,6362.042769785561
27491,37.94515940266804,709.8199999996364,6362.1001700163215
27492,37.94515940266804,709.8399999996363,6362.157569192299
27493,37.94515940266804,709.8599999996363,6362.214967313449
27494,37.94515940266804,709.8799999996363,6362.272364379725
27495,37.94515940266804,709.8999999996363,6362.329760391082
27496,37.94515940266804,709.9199999996363,6362.387155347475
27497,37.94515940266804,709.9399999996363,6362.444549248857
27498,37.94515940266804,709.9599999996362,6362.501942095182
27499,37.94515940266804,709.9799999996362,6362.5593338864055
27500,37.94515940266804,709.9999999996362,6362.616724622481
27501,37.94515940266804,710.0199999996362,6362.674114303363
27502,37.94515940266804,710.0399999996362,6362.731502929006
27503,37.94515940266804,710.0599999996361,6362.788890499363
27504,37.94515940266804,710.0799999996361,6362.846277014391
27505,37.94515940266804,710.0999999996361,6362.903662474042
27506,37.94515940266804,710.1199999996361,6362.961046878271
27507,37.94515940266804,710.1399999996361,6363.018430227033
27508,37.94515940266804,710.159999999636,6363.075812520281
27509,37.94515940266804,710.179999999636,6363.13319375797
27510,37.94515940266804,710.199999999636,6363.190573940054
27511,37.94515940266804,710.219999999636,6363.247953066487
27512,37.94515940266804,710.239999999636,6363.305331137224
27513,37.94515940266804,710.259999999636,6363.36270815222
27514,37.94515940266804,710.279999999636,6363.420084111428
27515,37.94515940266804,710.2999999996359,6363.477459014803
27516,37.94515940266804,710.3199999996359,6363.534832862299
27517,37.94515940266804,710.3399999996359,6363.592205653869
27518,37.94515940266804,710.3599999996359,6363.649577389469
27519,37.94515940266804,710.3799999996359,6363.706948069053
27520,37.94515940266804,710.3999999996358,6363.764317692576
27521,37.94515940266804,710.4199999996358,6363.821686259991
27522,37.94515940266804,710.4399999996358,6363.879053771253
27523,37.94515940266804,710.4599999996358,6363.936420226316
27524,37.94515940266804,710.4799999996358,6363.9937856251345
27525,37.94515940266804,710.4999999996357,6364.051149967662
27526,37.94515940266804,710.5199999996357,6364.108513254845
27527,37.94515940266804,710.5399999996357,6364.1658754906075
27528,37.94515940266804,710.5599999996357,6364.223236675234
27529,37.94515940266804,710.5799999996357,6364.28059680868
27530,37.94515940266804,710.5999999996357,6364.337955890899
27531,37.94515940266804,710.6199999996356,6364.3953139218465
27532,37.94515940266804,710.6399999996356,6364.452670901477
27533,37.88999297005216,710.6599999996356,6364.510026829745
27534,37.88999297005216,710.6799999996356,6364.5673817066045
27535,37.88999297005216,710.6999999996356,6364.624735532011
27536,37.88999297005216,710.7199999996355,6364.682088305919
27537,37.88999297005216,710.7399999996355,6364.739440028283
27538,37.88999297005216,710.7599999996355,6364.796790699057
27539,37.88999297005216,710.7799999996355,6364.854140318196
27540,37.88999297005216,710.7999999996355,6364.911488885655
27541,37.88999297005216,710.8199999996355,6364.968836401387
27542,37.88999297005216,710.8399999996354,6365.026182865348
27543,37.88999297005216,710.8599999996354,6365.083528277492
27544,37.88999297005216,710.8799999996354,6365.140872637774
27545,37.88999297005216,710.8999999996354,6365.198215946149
27546,37.88999297005216,710.9199999996354,6365.25555820257
27547,37.88999297005216,710.9399999996353,6365.312899406993
27548,37.88999297005216,710.9599999996353,6365.370239559372
27549,37.88999297005216,710.9799999996353,6365.427578659662
27550,37.88999297005216,710.9999999996353,6365.484916707816
27551,37.88999297005216,711.0199999996353,6365.542253703791
27552,37.88999297005216,711.0399999996353,6365.599589647541
27553,37.88999297005216,711.0599999996352,6365.656924539019
27554,37.88999297005216,711.0799999996352,6365.7142583781815
27555,37.88999297005216,711.0999999996352,6365.771591164982
27556,37.88999297005216,711.1199999996352,6365.828922899375
27557,37.88999297005216,711.1399999996352,6365.886253581316
27558,37.88999297005216,711.1599999996351,6365.943583210758
27559,37.88999297005216,711.1799999996351,6366.000911787658
27560,37.88999297005216,711.1999999996351,6366.0582393119685
27561,37.88999297005216,711.2199999996351,6366.115565783644
27562,37.88999297005216,711.2399999996351,6366.172891202641
27563,37.88999297005216,711.259999999635,6366.230215568913
27564,37.88999297005216,711.279999999635,6366.287538882414
27565,37.88999297005216,711.299999999635,6366.3448611430995
27566,37.88999297005216,711.319999999635,6366.402182350924
27567,37.88999297005216,711.339999999635,6366.459502505842
27568,37.88999297005216,711.359999999635,6366.516821607807
27569,37.88999297005216,711.379999999635,6366.5741396567755
27570,37.88999297005216,711.3999999996349,6366.631456652701
27571,37.88999297005216,711.4199999996349,6366.688772595538
27572,37.88999297005216,711.4399999996349,6366.74608748524
27573,37.88999297005216,711.4599999996349,6366.803401321764
27574,37.88999297005216,711.4799999996349,6366.860714105063
27575,37.88999297005216,711.4999999996348,6366.9180258350925
27576,37.88999297005216,711.5199999996348,6366.975336511807
27577,37.88999297005216,711.5399999996348,6367.032646136366
27578,37.88999297005216,711.5599999996348,6367.089954712164
27579,37.88999297005216,711.5799999996348,6367.147262239406
27580,37.88999297005216,711.5999999996347,6367.204568718045
27581,37.88999297005216,711.6199999996347,6367.261874148036
27582,37.88999297005216,711.6399999996347,6367.319178529335
27583,37.88999297005216,711.6599999996347,6367.376481861896
27584,37.88999297005216,711.6799999996347,6367.433784145673
27585,37.88999297005216,711.6999999996347,6367.491085380621
27586,37.88999297005216,711.7199999996346,6367.548385566695
27587,37.88999297005216,711.7399999996346,6367.60568470385
27588,37.88999297005216,711.7599999996346,6367.662982792041
27589,37.88999297005216,711.7799999996346,6367.720279831221
27590,37.88999297005216,711.7999999996346,6367.7775758213465
27591,37.88999297005216,711.8199999996345,6367.834870762372
27592,37.88999297005216,711.8399999996345,6367.892164654251
27593,37.88999297005216,711.8599999996345,6367.94945749694
27594,37.88999297005216,711.8799999996345,6368.006749290393
27595,37.88999297005216,711.8999999996345,6368.064040034564
27596,37.88999297005216,711.9199999996345,6368.121329729408
27597,37.88999297005216,711.9399999996344,6368.178618374881
27598,37.88999297005216,711.9599999996344,6368.235905970936
27599,37.88999297005216,711.9799999996344,6368.293192517529
27600,37.88999297005216,711.9999999996344,6368.350478014614
27601,37.88999297005216,712.0199999996344,6368.407762462146
27602,37.88999297005216,712.0399999996343,6368.46504586008
27603,37.88999297005216,712.0599999996343,6368.52232820837
27604,37.88999297005216,712.0799999996343,6368.579609506971
27605,37.88999297005216,712.0999999996343,6368.636889755838
27606,37.88999297005216,712.1199999996343,6368.694168954926
27607,37.88999297005216,712.1399999996343,6368.751447104189
27608,37.88999297005216,712.1599999996342,6368.808724203582
27609,37.88999297005216,712.1799999996342,6368.86600025306
27610,37.88999297005216,712.1999999996342,6368.923275252578
27611,37.88999297005216,712.2199999996342,6368.98054920209
27612,37.88999297005216,712.2399999996342,6369.037822101551
27613,37.88999297005216,712.2599999996341,6369.095093950916
27614,37.88999297005216,712.2799999996341,6369.152364750139
27615,37.88999297005216,712.2999999996341,6369.209634499176
27616,37.88999297005216,712.3199999996341,6369.266903197981
27617,37.88999297005216,712.3399999996341,6369.324170846509
27618,37.88999297005216,712.359999999634,6369.381437444715
27619,37.88999297005216,712.379999999634,6369.438702992552
27620,37.88999297005216,712.399999999634,6369.4959674899765
27621,37.88999297005216,712.419999999634,6369.553230936943
27622,37.88999297005216,712.439999999634,6369.610493333405
27623,37.88999297005216,712.459999999634,6369.66775467932
27624,37.88999297005216,712.479999999634,6369.72501497464
27625,37.88999297005216,712.4999999996339,6369.78227421932
27626,37.88999297005216,712.5199999996339,6369.839532413316
27627,37.88999297005216,712.5399999996339,6369.896789556583
27628,37.88999297005216,712.5599999996339,6369.95404565062
27629,37.88999297005216,712.5799999996339,6370.011300698713
27630,37.88999297005216,712.5999999996338,6370.068554701157
27631,37.88999297005216,712.6199999996338,6370.1258076579825
27632,37.88999297005216,712.6399999996338,6370.183059569144
27633,37.88999297005216,712.6599999996338,6370.240310434596
27634,37.88999297005216,712.6799999996338,6370.297560254294
27635,37.88999297005216,712.6999999996337,6370.354809028192
27636,37.88999297005216,712.7199999996337,6370.412056756245
27637,37.88999297005216,712.7399999996337,6370.469303438407
27638,37.88999297005216,712.7599999996337,6370.526549074634
27639,37.88999297005216,712.7799999996337,6370.58379366488
27640,37.88999297005216,712.7999999996337,6370.6410372091
27641,37.88999297005216,712.8199999996336,6370.698279707249
27642,37.88999297005216,712.8399999996336,6370.755521159281
27643,37.88999297005216,712.8599999996336,6370.812761565151
27644,37.88999297005216,712.8799999996336,6370.870000924814
27645,37.88999297005216,712.8999999996336,6370.9272392382245
27646,37.88999297005216,712.9199999996335,6370.984476505337
27647,37.88999297005216,712.9399999996335,6371.041712726106
27648,37.88999297005216,712.9599999996335,6371.098947900487
27649,37.88999297005216,712.9799999996335,6371.156182028433
27650,37.88999297005216,712.9999999996335,6371.213415109901
27651,37.88999297005216,713.0199999996335,6371.270647144845
27652,37.88999297005216,713.0399999996334,6371.327878133218
27653,37.88999297005216,713.0599999996334,6371.385108074977
27654,37.88999297005216,713.0799999996334,6371.442336970076
27655,37.88999297005216,713.0999999996334,6371.49956481847
27656,37.88999297005216,713.1199999996334,6371.5567916201135
27657,37.88999297005216,713.1399999996333,6371.614017374961
27658,37.88999297005216,713.1599999996333,6371.671242082967
27659,37.88999297005216,713.1799999996333,6371.728465744087
27660,37.88999297005216,713.1999999996333,6371.7856883582745
27661,37.88999297005216,713.2199999996333,6371.842909925485
27662,37.88999297005216,713.2399999996333,6371.900130445674
27663,37.88999297005216,713.2599999996332,6371.957349918795
27664,37.88999297005216,713.2799999996332,6372.014568344804
27665,37.88999297005216,713.2999999996332,6372.071785723653
27666,37.88999297005216,713.3199999996332,6372.1290020553
27667,37.88999297005216,713.3399999996332,6372.186217339698
27668,37.88999297005216,713.3599999996331,6372.243431576801
27669,37.88999297005216,713.3799999996331,6372.300644766566
27670,37.88999297005216,713.3999999996331,6372.357856908946
27671,37.88999297005216,713.4199999996331,6372.4150680038965
27672,37.88999297005216,713.4399999996331,6372.472278051372
27673,37.88999297005216,713.459999999633,6372.529487051327
27674,37.88999297005216,713.479999999633,6372.586695003716
27675,37.88999297005216,713.499999999633,6372.643901908495
27676,37.88999297005216,713.519999999633,6372.701107765617
27677,37.88999297005216,713.539999999633,6372.758312575038
27678,37.88999297005216,713.559999999633,6372.815516336712
27679,37.88999297005216,713.579999999633,6372.8727190525
27680,37.88999297005216,713.5999999996329,6372.92992072554
27681,37.88999297005216,713.6199999996329,6372.98712135593
27682,37.88999297005216,713.6399999996329,6373.044320943624
27683,37.88999297005216,713.6599999996329,6373.101519488578
27684,37.88999297005216,713.6799999996329,6373.158716990744
27685,37.88999297005216,713.6999999996328,6373.21591345008
27686,37.88999297005216,713.7199999996328,6373.273108866539
27687,37.88999297005216,713.7399999996328,6373.330303240075
27688,37.88999297005216,713.7599999996328,6373.3874965706445
27689,37.88999297005216,713.7799999996328,6373.4446888582015
27690,37.88999297005216,713.7999999996327,6373.501880102701
27691,37.88999297005216,713.8199999996327,6373.559070304097
27692,37.88999297005216,713.8399999996327,6373.616259462345
27693,37.88999297005216,713.8599999996327,6373.673447577399
27694,37.88999297005216,713.8799999996327,6373.730634649215
27695,37.88999297005216,713.8999999996327,6373.787820677747
27696,37.88999297005216,713.9199999996326,6373.845005662949
27697,37.88999297005216,713.9399999996326,6373.902189604777
27698,37.88999297005216,713.9599999996326,6373.9593725031855
27699,37.88999297005216,713.9799999996326,6374.016554358129
27700,37.88999297005216,713.9999999996326,6374.0737351695625
27701,37.88999297005216,714.0199999996325,6374.130914937441
27702,37.88999297005216,714.0399999996325,6374.188093661719
27703,37.88999297005216,714.0599999996325,6374.245271342351
27704,37.88999297005216,714.0799999996325,6374.302447979292
27705,37.88999297005216,714.0999999996325,6374.359623572496
27706,37.88999297005216,714.1199999996325,6374.416798121919
27707,37.88999297005216,714.1399999996324,6374.473971627515
27708,37.88999297005216,714.1599999996324,6374.531144089239
27709,37.88999297005216,714.1799999996324,6374.588315507046
27710,37.88999297005216,714.1999999996324,6374.645485880891
27711,37.88999297005216,714.2199999996324,6374.702655210728
27712,37.88999297005216,714.2399999996323,6374.759823496513
27713,37.88999297005216,714.2599999996323,6374.816990738199
27714,37.88999297005216,714.2799999996323,6374.874156935742
27715,37.88999297005216,714.2999999996323,6374.931322089095
27716,37.88999297005216,714.3199999996323,6374.9884861982155
27717,37.88999297005216,714.3399999996323,6375.0456492630565
27718,37.834960080527516,714.3599999996322,6375.102811283574
27719,37.834960080527516,714.3799999996322,6375.159972259721
27720,37.834960080527516,714.3999999996322,6375.217132191454
27721,37.834960080527516,714.4199999996322,6375.2742910787265
27722,37.834960080527516,714.4399999996322,6375.3314489214945
27723,37.834960080527516,714.4599999996321,6375.388605719711
27724,37.834960080527516,714.4799999996321,6375.445761473333
27725,37.834960080527516,714.4999999996321,6375.502916182314
27726,37.834960080527516,714.5199999996321,6375.560069846609
27727,37.834960080527516,714.5399999996321,6375.617222466172
27728,37.834960080527516,714.559999999632,6375.674374040959
27729,37.834960080527516,714.579999999632,6375.731524570924
27730,37.834960080527516,714.599999999632,6375.788674058083
27731,37.834960080527516,714.619999999632,6375.845822505125
27732,37.834960080527516,714.639999999632,6375.90296991208
27733,37.834960080527516,714.659999999632,6375.960116278905
27734,37.834960080527516,714.679999999632,6376.017261605554
27735,37.834960080527516,714.6999999996319,6376.0744058919845
27736,37.834960080527516,714.7199999996319,6376.131549138151
27737,37.834960080527516,714.7399999996319,6376.18869134401
27738,37.834960080527516,714.7599999996319,6376.245832509518
27739,37.834960080527516,714.7799999996319,6376.3029726346285
27740,37.834960080527516,714.7999999996318,6376.360111719299
27741,37.834960080527516,714.8199999996318,6376.417249763485
27742,37.834960080527516,714.8399999996318,6376.474386767143
27743,37.834960080527516,714.8599999996318,6376.531522730228
27744,37.834960080527516,714.8799999996318,6376.5886576526955
27745,37.834960080527516,714.8999999996317,6376.645791534502
27746,37.834960080527516,714.9199999996317,6376.702924375602
27747,37.834960080527516,714.9399999996317,6376.760056175954
27748,37.834960080527516,714.9599999996317,6376.817186935511
27749,37.834960080527516,714.9799999996317,6376.87431665423
27750,37.834960080527516,714.9999999996317,6376.931445332067
27751,37.834960080527516,715.0199999996316,6376.988572968977
27752,37.834960080527516,715.0399999996316,6377.045699564916
27753,37.834960080527516,715.0599999996316,6377.1028251198395
27754,37.834960080527516,715.0799999996316,6377.159949633705
27755,37.834960080527516,715.0999999996316,6377.217073106466
27756,37.834960080527516,715.1199999996315,6377.274195538081
27757,37.834960080527516,715.1399999996315,6377.331316928503
27758,37.834960080527516,715.1599999996315,6377.388437277689
27759,37.834960080527516,715.1799999996315,6377.445556585595
27760,37.834960080527516,715.1999999996315,6377.502674852177
27761,37.834960080527516,715.2199999996315,6377.55979207739
27762,37.834960080527516,715.2399999996314,6377.6169082611905
27763,37.834960080527516,715.2599999996314,6377.674023403534
27764,37.834960080527516,715.2799999996314,6377.731137504376
27765,37.834960080527516,715.2999999996314,6377.7882505636735
27766,37.834960080527516,715.3199999996314,6377.845362581381
27767,37.834960080527516,715.3399999996313,6377.902473557454
27768,37.834960080527516,715.3599999996313,6377.959583491849
27769,37.834960080527516,715.3799999996313,6378.016692384522
27770,37.834960080527516,715.3999999996313,6378.073800235428
27771,37.834960080527516,715.4199999996313,6378.130907044524
27772,37.834960080527516,715.4399999996313,6378.1880128117655
27773,37.834960080527516,715.4599999996312,6378.245117537108
27774,37.834960080527516,715.4799999996312,6378.302221220507
27775,37.834960080527516,715.4999999996312,6378.359323861919
27776,37.834960080527516,715.5199999996312,6378.416425461299
27777,37.834960080527516,715.5399999996312,6378.4735260186035
27778,37.834960080527516,715.5599999996311,6378.530625533788
27779,37.834960080527516,715.5799999996311,6378.5877240068085
27780,37.834960080527516,715.5999999996311,6378.6448214376205
27781,37.834960080527516,715.6199999996311,6378.701917828585
27782,37.834960080527516,715.6399999996311,6378.759013182221
27783,37.834960080527516,715.659999999631,6378.816107498503
27784,37.834960080527516,715.679999999631,6378.873200777386
27785,37.834960080527516,715.699999999631,6378.930293018827
27786,37.834960080527516,715.719999999631,6378.987384222781
27787,37.834960080527516,715.739999999631,6379.044474389204
27788,37.834960080527516,715.759999999631,6379.101563518052
27789,37.834960080527516,715.779999999631,6379.15865160928
27790,37.834960080527516,715.7999999996309,6379.215738662845
27791,37.834960080527516,715.8199999996309,6379.272824678702
27792,37.834960080527516,715.8399999996309,6379.329909656806
27793,37.834960080527516,715.8599999996309,6379.386993597114
27794,37.834960080527516,715.8799999996309,6379.444076499582
27795,37.834960080527516,715.8999999996308,6379.5011583641635
27796,37.834960080527516,715.9199999996308,6379.5582391908165
27797,37.834960080527516,715.9399999996308,6379.615318979497
27798,37.834960080527516,715.9599999996308,6379.672397730159
27799,37.834960080527516,715.9799999996308,6379.729475442759
27800,37.834960080527516,715.9999999996307,6379.786552117254
27801,37.834960080527516,716.0199999996307,6379.843627753599
27802,37.834960080527516,716.0399999996307,6379.90070235175
27803,37.834960080527516,716.0599999996307,6379.957775911661
27804,37.834960080527516,716.0799999996307,6380.014848433306
27805,37.834960080527516,716.0999999996307,6380.071919916888
27806,37.834960080527516,716.1199999996306,6380.128990362467
27807,37.834960080527516,716.1399999996306,6380.18605977
27808,37.834960080527516,716.1599999996306,6380.243128139441
27809,37.834960080527516,716.1799999996306,6380.300195470747
27810,37.834960080527516,716.1999999996306,6380.357261763874
27811,37.834960080527516,716.2199999996305,6380.414327018777
27812,37.834960080527516,716.2399999996305,6380.471391235412
27813,37.834960080527516,716.2599999996305,6380.528454413734
27814,37.834960080527516,716.2799999996305,6380.5855165537
27815,37.834960080527516,716.2999999996305,6380.642577655264
27816,37.834960080527516,716.3199999996305,6380.699637718383
27817,37.834960080527516,716.3399999996304,6380.756696743013
27818,37.834960080527516,716.3599999996304,6380.813754729109
27819,37.834960080527516,716.3799999996304,6380.8708116766265
27820,37.834960080527516,716.3999999996304,6380.927867585522
27821,37.834960080527516,716.4199999996304,6380.98492245575
27822,37.834960080527516,716.4399999996303,6381.041976287268
27823,37.834960080527516,716.4599999996303,6381.09902908003
27824,37.834960080527516,716.4799999996303,6381.156080833993
27825,37.834960080527516,716.4999999996303,6381.2131315491115
27826,37.834960080527516,716.5199999996303,6381.270181225343
27827,37.834960080527516,716.5399999996303,6381.327229862642
27828,37.834960080527516,716.5599999996302,6381.384277460964
27829,37.834960080527516,716.5799999996302,6381.441324020266
27830,37.834960080527516,716.5999999996302,6381.498369540502
27831,37.834960080527516,716.6199999996302,6381.55541402167
27832,37.834960080527516,716.6399999996302,6381.612457466397
27833,37.834960080527516,716.6599999996301,6381.66949987694
27834,37.834960080527516,716.6799999996301,6381.726541253253
27835,37.834960080527516,716.6999999996301,6381.783581595293
27836,37.834960080527516,716.7199999996301,6381.840620903015
27837,37.834960080527516,716.7399999996301,6381.897659176376
27838,37.834960080527516,716.75999999963,6381.954696415331
27839,37.834960080527516,716.77999999963,6382.011732619834
27840,37.834960080527516,716.79999999963,6382.068767789844
27841,37.834960080527516,716.81999999963,6382.125801925315
27842,37.834960080527516,716.83999999963,6382.182835026202
27843,37.834960080527516,716.85999999963,6382.239867092462
27844,37.834960080527516,716.87999999963,6382.29689812405
27845,37.834960080527516,716.8999999996299,6382.353928120922
27846,37.834960080527516,716.9199999996299,6382.410957083034
27847,37.834960080527516,716.9399999996299,6382.467985010342
27848,37.834960080527516,716.9599999996299,6382.525011902801
27849,37.834960080527516,716.9799999996299,6382.582037760368
27850,37.834960080527516,716.9999999996298,6382.639062582996
27851,37.834960080527516,717.0199999996298,6382.696086370644
27852,37.834960080527516,717.0399999996298,6382.753109123265
27853,37.834960080527516,717.0599999996298,6382.810130840817
27854,37.834960080527516,717.0799999996298,6382.867151523254
27855,37.834960080527516,717.0999999996297,6382.924171170533
27856,37.834960080527516,717.1199999996297,6382.981189782608
27857,37.834960080527516,717.1399999996297,6383.038207359437
27858,37.834960080527516,717.1599999996297,6383.095223900975
27859,37.834960080527516,717.1799999996297,6383.152239407177
27860,37.834960080527516,717.1999999996297,6383.209253878
27861,37.834960080527516,717.2199999996296,6383.266267313398
27862,37.834960080527516,717.2399999996296,6383.323279713328
27863,37.834960080527516,717.2599999996296,6383.380291077745
27864,37.834960080527516,717.2799999996296,6383.437301406606
27865,37.834960080527516,717.2999999996296,6383.494310699865
27866,37.834960080527516,717.3199999996295,6383.551318957479
27867,37.834960080527516,717.3399999996295,6383.608326179405
27868,37.834960080527516,717.3599999996295,6383.6653323655955
27869,37.834960080527516,717.3799999996295,6383.722337516008
27870,37.834960080527516,717.3999999996295,6383.779341630599
27871,37.834960080527516,717.4199999996295,6383.836344709323
27872,37.834960080527516,717.4399999996294,6383.8933467521365
27873,37.834960080527516,717.4599999996294,6383.950347758995
27874,37.834960080527516,717.4799999996294,6384.007347729854
27875,37.834960080527516,717.4999999996294,6384.06434666467
27876,37.834960080527516,717.5199999996294,6384.1213445633975
27877,37.834960080527516,717.5399999996293,6384.1783414259935
27878,37.834960080527516,717.5599999996293,6384.235337252413
27879,37.834960080527516,717.5799999996293,6384.292332042612
27880,37.834960080527516,717.5999999996293,6384.349325796546
27881,37.834960080527516,717.6199999996293,6384.406318514171
27882,37.834960080527516,717.6399999996293,6384.463310195547
27883,37.834960080527516,717.6599999996292,6384.520300843634
27884,37.834960080527516,717.6799999996292,6384.577290460459
27885,37.834960080527516,717.6999999996292,6384.6342790459785
27886,37.834960080527516,717.7199999996292,6384.691266600146
27887,37.834960080527516,717.7399999996292,6384.748253122919
27888,37.834960080527516,717.7599999996291,6384.805238614252
27889,37.834960080527516,717.7799999996291,6384.8622230741
27890,37.834960080527516,717.7999999996291,6384.91920650242
27891,37.834960080527516,717.8199999996291,6384.976188899165
27892,37.834960080527516,717.8399999996291,6385.0331702642925
27893,37.834960080527516,717.859999999629,6385.090150597757
27894,37.834960080527516,717.879999999629,6385.147129899515
27895,37.834960080527516,717.899999999629,6385.204108169521
27896,37.834960080527516,717.919999999629,6385.26108540773
27897,37.834960080527516,717.939999999629,6385.318061614099
27898,37.834960080527516,717.959999999629,6385.375036788582
27899,37.834960080527516,717.979999999629,6385.432010931135
27900,37.834960080527516,717.9999999996289,6385.488984041713
27901,37.834960080527516,718.0199999996289,6385.5459561202715
27902,37.834960080527516,718.0399999996289,6385.602927166767
27903,37.834960080527516,718.0599999996289,6385.659897181154
27904,37.780060281951286,718.0799999996289,6385.716866163388
27905,37.780060281951286,718.0999999996288,6385.7738341134245
27906,37.780060281951286,718.1199999996288,6385.830801031219
27907,37.780060281951286,718.1399999996288,6385.887766916728
27908,37.780060281951286,718.1599999996288,6385.944731769905
27909,37.780060281951286,718.1799999996288,6386.001695590707
27910,37.780060281951286,718.1999999996287,6386.058658379088
27911,37.780060281951286,718.2199999996287,6386.115620135005
27912,37.780060281951286,718.2399999996287,6386.172580858412
27913,37.780060281951286,718.2599999996287,6386.229540549266
27914,37.780060281951286,718.2799999996287,6386.286499207521
27915,37.780060281951286,718.2999999996287,6386.343456833134
27916,37.780060281951286,718.3199999996286,6386.4004134260595
27917,37.780060281951286,718.3399999996286,6386.457368986253
27918,37.780060281951286,718.3599999996286,6386.514323513669
27919,37.780060281951286,718.3799999996286,6386.571277008265
27920,37.780060281951286,718.3999999996286,6386.628229469995
27921,37.780060281951286,718.4199999996285,6386.685180898815
27922,37.780060281951286,718.4399999996285,6386.74213129468
27923,37.780060281951286,718.4599999996285,6386.799080657545
27924,37.780060281951286,718.4799999996285,6386.856028987368
27925,37.780060281951286,718.4999999996285,6386.912976284101
27926,37.780060281951286,718.5199999996285,6386.969922547702
27927,37.780060281951286,718.5399999996284,6387.026867778125
27928,37.780060281951286,718.5599999996284,6387.083811975326
27929,37.780060281951286,718.5799999996284,6387.140755139261
27930,37.780060281951286,718.5999999996284,6387.197697269885
27931,37.780060281951286,718.6199999996284,6387.254638367153
27932,37.780060281951286,718.6399999996283,6387.311578431021
27933,37.780060281951286,718.6599999996283,6387.368517461596
27934,37.780060281951286,718.6799999996283,6387.425455461822
27935,37.780060281951286,718.6999999996283,6387.4823924332795
27936,37.780060281951286,718.7199999996283,6387.539328375924
27937,37.780060281951286,718.7399999996283,6387.596263289711
27938,37.780060281951286,718.7599999996282,6387.653197174595
27939,37.780060281951286,718.7799999996282,6387.710130030532
27940,37.780060281951286,718.7999999996282,6387.767061857477
27941,37.780060281951286,718.8199999996282,6387.823992655384
27942,37.780060281951286,718.8399999996282,6387.8809224242095
27943,37.780060281951286,718.8599999996281,6387.937851163909
27944,37.780060281951286,718.8799999996281,6387.994778874437
27945,37.780060281951286,718.8999999996281,6388.051705555748
27946,37.780060281951286,718.9199999996281,6388.108631207799
27947,37.780060281951286,718.9399999996281,6388.165555830544
27948,37.780060281951286,718.959999999628,6388.222479423938
27949,37.780060281951286,718.979999999628,6388.2794019879375
27950,37.780060281951286,718.999999999628,6388.336323522497
27951,37.780060281951286,719.019999999628,6388.393244027571
27952,37.780060281951286,719.039999999628,6388.4501635031165
27953,37.780060281951286,719.059999999628,6388.5070819490875
27954,37.780060281951286,719.079999999628,6388.5639993654395
27955,37.780060281951286,719.0999999996279,6388.620915752127
27956,37.780060281951286,719.1199999996279,6388.677831109107
27957,37.780060281951286,719.1399999996279,6388.734745436333
27958,37.780060281951286,719.1599999996279,6388.79165873376
27959,37.780060281951286,719.1799999996279,6388.848571001346
27960,37.780060281951286,719.1999999996278,6388.905482239043
27961,37.780060281951286,719.2199999996278,6388.962392446808
27962,37.780060281951286,719.2399999996278,6389.019301624596
27963,37.780060281951286,719.2599999996278,6389.076209772362
27964,37.780060281951286,719.2799999996278,6389.133116890061
27965,37.780060281951286,719.2999999996277,6389.190022977648
27966,37.780060281951286,719.3199999996277,6389.24692803508
27967,37.780060281951286,719.3399999996277,6389.30383206231
27968,37.780060281951286,719.3599999996277,6389.360735059295
27969,37.780060281951286,719.3799999996277,6389.417637025989
27970,37.780060281951286,719.3999999996277,6389.474537962348
27971,37.780060281951286,719.4199999996276,6389.531437868327
27972,37.780060281951286,719.4399999996276,6389.588336743881
27973,37.780060281951286,719.4599999996276,6389.645234588966
27974,37.780060281951286,719.4799999996276,6389.702131403536
27975,37.780060281951286,719.4999999996276,6389.759027187548
27976,37.780060281951286,719.5199999996275,6389.815921940955
27977,37.780060281951286,719.5399999996275,6389.872815663714
27978,37.780060281951286,719.5599999996275,6389.92970835578
27979,37.780060281951286,719.5799999996275,6389.986600017108
27980,37.780060281951286,719.5999999996275,6390.043490647745
27981,37.780060281951286,719.6199999996275,6390.100380247848
27982,37.780060281951286,719.6399999996274,6390.157268817385
27983,37.780060281951286,719.6599999996274,6390.21415635631
27984,37.780060281951286,719.6799999996274,6390.271042864794
27985,37.780060281951286,719.6999999996274,6390.32792834612
27986,37.780060281951286,719.7199999996274,6390.384812801633
27987,37.780060281951286,719.7399999996273,6390.441696231291
27988,37.780060281951286,719.7599999996273,6390.498578635047
27989,37.780060281951286,719.7799999996273,6390.555460012858
27990,37.780060281951286,719.7999999996273,6390.61234036468
27991,37.780060281951286,719.8199999996273,6390.669219690468
27992,37.780060281951286,719.8399999996273,6390.7260979901785
27993,37.780060281951286,719.8599999996272,6390.782975263767
27994,37.780060281951286,719.8799999996272,6390.839851511189
27995,37.780060281951286,719.8999999996272,6390.896726732401
27996,37.780060281951286,719.9199999996272,6390.953600927357
27997,37.780060281951286,719.9399999996272,6391.010474096015
27998,37.780060281951286,719.9599999996271,6391.067346238329
27999,37.780060281951286,719.9799999996271,6391.124217354256
28000,37.780060281951286,719.9999999996271,6391.181087443751
28001,37.780060281951286,720.0199999996271,6391.2379565067695
28002,37.780060281951286,720.0399999996271,6391.294824543268
28003,37.780060281951286,720.059999999627,6391.351691553203
28004,37.780060281951286,720.079999999627,6391.408557536528
28005,37.780060281951286,720.099999999627,6391.4654224932
28006,37.780060281951286,720.119999999627,6391.5222864231755
28007,37.780060281951286,720.139999999627,6391.57914932641
28008,37.780060281951286,720.159999999627,6391.636011202858
28009,37.780060281951286,720.179999999627,6391.692872052477
28010,37.780060281951286,720.1999999996269,6391.74973187522
28011,37.780060281951286,720.2199999996269,6391.806590671046
28012,37.780060281951286,720.2399999996269,6391.863448439909
28013,37.780060281951286,720.2599999996269,6391.920305181765
28014,37.780060281951286,720.2799999996269,6391.97716089657
28015,37.780060281951286,720.2999999996268,6392.03401558428
28016,37.780060281951286,720.3199999996268,6392.090869244849
28017,37.780060281951286,720.3399999996268,6392.147721878236
28018,37.780060281951286,720.3599999996268,6392.204573484394
28019,37.780060281951286,720.3799999996268,6392.26142406328
28020,37.780060281951286,720.3999999996267,6392.318273614849
28021,37.780060281951286,720.4199999996267,6392.375122139058
28022,37.780060281951286,720.4399999996267,6392.431969635862
28023,37.780060281951286,720.4599999996267,6392.488816105216
28024,37.780060281951286,720.4799999996267,6392.545661547077
28025,37.780060281951286,720.4999999996267,6392.6025059614
28026,37.780060281951286,720.5199999996266,6392.659349348141
28027,37.780060281951286,720.5399999996266,6392.716191707256
28028,37.780060281951286,720.5599999996266,6392.773033038701
28029,37.780060281951286,720.5799999996266,6392.829873342432
28030,37.780060281951286,720.5999999996266,6392.886712618403
28031,37.780060281951286,720.6199999996265,6392.943550866571
28032,37.780060281951286,720.6399999996265,6393.000388086892
28033,37.780060281951286,720.6599999996265,6393.057224279321
28034,37.780060281951286,720.6799999996265,6393.114059443815
28035,37.780060281951286,720.6999999996265,6393.170893580604
28036,37.780060281951286,720.7199999996265,6393.227726693227
28037,37.780060281951286,720.7399999996264,6393.284558782748
28038,37.780060281951286,720.7599999996264,6393.341389849122
28039,37.780060281951286,720.7799999996264,6393.398219892305
28040,37.780060281951286,720.7999999996264,6393.455048912252
28041,37.780060281951286,720.8199999996264,6393.5118769089195
28042,37.780060281951286,720.8399999996263,6393.568703882262
28043,37.780060281951286,720.8599999996263,6393.625529832235
28044,37.780060281951286,720.8799999996263,6393.682354758795
28045,37.780060281951286,720.8999999996263,6393.7391786618955
28046,37.780060281951286,720.9199999996263,6393.796001541494
28047,37.780060281951286,720.9399999996263,6393.852823397546
28048,37.780060281951286,720.9599999996262,6393.909644230006
28049,37.780060281951286,720.9799999996262,6393.96646403883
28050,37.780060281951286,720.9999999996262,6394.023282823973
28051,37.780060281951286,721.0199999996262,6394.080100585392
28052,37.780060281951286,721.0399999996262,6394.136917323041
28053,37.780060281951286,721.0599999996261,6394.193733036876
28054,37.780060281951286,721.0799999996261,6394.250547726853
28055,37.780060281951286,721.0999999996261,6394.307361392927
28056,37.780060281951286,721.1199999996261,6394.364174035054
28057,37.780060281951286,721.1399999996261,6394.42098565319
28058,37.780060281951286,721.159999999626,6394.477796247289
28059,37.780060281951286,721.179999999626,6394.534605817307
28060,37.780060281951286,721.199999999626,6394.591414363201
28061,37.780060281951286,721.219999999626,6394.648221884924
28062,37.780060281951286,721.239999999626,6394.705028382434
28063,37.780060281951286,721.259999999626,6394.761833855685
28064,37.780060281951286,721.2799999996259,6394.818638304633
28065,37.780060281951286,721.2999999996259,6394.875441729234
28066,37.780060281951286,721.3199999996259,6394.932244129443
28067,37.780060281951286,721.3399999996259,6394.9890455052155
28068,37.780060281951286,721.3599999996259,6395.045845856507
28069,37.780060281951286,721.3799999996259,6395.102645183274
28070,37.780060281951286,721.3999999996258,6395.1594434854715
28071,37.780060281951286,721.4199999996258,6395.216240763054
28072,37.780060281951286,721.4399999996258,6395.273037015978
28073,37.780060281951286,721.4599999996258,6395.329832244199
28074,37.780060281951286,721.4799999996258,6395.386626447673
28075,37.780060281951286,721.4999999996257,6395.443419626355
28076,37.780060281951286,721.5199999996257,6395.5002117802
28077,37.780060281951286,721.5399999996257,6395.557002909164
28078,37.780060281951286,721.5599999996257,6395.613793013203
28079,37.780060281951286,721.5799999996257,6395.670582092272
28080,37.780060281951286,721.5999999996257,6395.727370146326
28081,37.780060281951286,721.6199999996256,6395.784157175322
28082,37.780060281951286,721.6399999996256,6395.840943179215
28083,37.780060281951286,721.6599999996256,6395.897728157961
28084,37.780060281951286,721.6799999996256,6395.954512111514
28085,37.780060281951286,721.6999999996256,6396.011295039832
28086,37.780060281951286,721.7199999996255,6396.068076943208
28087,37.780060281951286,721.7399999996255,6396.1248578255045
28088,37.780060281951286,721.7599999996255,6396.1816376875095
28089,37.780060281951286,721.7799999996255,6396.2384165291805
28090,37.725293124146916,721.7999999996255,6396.295194350474
28091,37.725293124146916,721.8199999996255,6396.351971151347
28092,37.725293124146916,721.8399999996254,6396.408746931757
28093,37.725293124146916,721.8599999996254,6396.465521691661
28094,37.725293124146916,721.8799999996254,6396.522295431015
28095,37.725293124146916,721.8999999996254,6396.579068149776
28096,37.725293124146916,721.9199999996254,6396.6358398479015
28097,37.725293124146916,721.9399999996253,6396.692610525348
28098,37.725293124146916,721.9599999996253,6396.749380182073
28099,37.725293124146916,721.9799999996253,6396.806148818033
28100,37.725293124146916,721.9999999996253,6396.862916433184
28101,37.725293124146916,722.0199999996253,6396.919683027485
28102,37.725293124146916,722.0399999996253,6396.976448600892
28103,37.725293124146916,722.0599999996252,6397.0332131533605
28104,37.725293124146916,722.0799999996252,6397.089976684849
28105,37.725293124146916,722.0999999996252,6397.146739195314
28106,37.725293124146916,722.1199999996252,6397.203500684713
28107,37.725293124146916,722.1399999996252,6397.260261153002
28108,37.725293124146916,722.1599999996251,6397.317020600139
28109,37.725293124146916,722.1799999996251,6397.373779026079
28110,37.725293124146916,722.1999999996251,6397.430536430781
28111,37.725293124146916,722.2199999996251,6397.487292814201
28112,37.725293124146916,722.2399999996251,6397.544048176296
28113,37.725293124146916,722.259999999625,6397.600802517023
28114,37.725293124146916,722.279999999625,6397.657555836339
28115,37.725293124146916,722.299999999625,6397.714308134201
28116,37.725293124146916,722.319999999625,6397.771059410566
28117,37.725293124146916,722.339999999625,6397.827809665389
28118,37.725293124146916,722.359999999625,6397.8845588986305
28119,37.725293124146916,722.3799999996249,6397.941307110244
28120,37.725293124146916,722.3999999996249,6397.998054300189
28121,37.725293124146916,722.4199999996249,6398.0548004684215
28122,37.725293124146916,722.4399999996249,6398.111545614898
28123,37.725293124146916,722.4599999996249,6398.168289739576
28124,37.725293124146916,722.4799999996249,6398.225032842412
28125,37.725293124146916,722.4999999996248,6398.281774923363
28126,37.725293124146916,722.5199999996248,6398.338515982386
28127,37.725293124146916,722.5399999996248,6398.3952560194375
28128,37.725293124146916,722.5599999996248,6398.451995034476
28129,37.725293124146916,722.5799999996248,6398.508733027456
28130,37.725293124146916,722.5999999996247,6398.565469998337
28131,37.725293124146916,722.6199999996247,6398.622205947075
28132,37.725293124146916,722.6399999996247,6398.678940873626
28133,37.725293124146916,722.6599999996247,6398.735674777948
28134,37.725293124146916,722.6799999996247,6398.792407659997
28135,37.725293124146916,722.6999999996247,6398.849139519731
28136,37.725293124146916,722.7199999996246,6398.905870357106
28137,37.725293124146916,722.7399999996246,6398.962600172452
28138,37.725293124146916,722.7599999996246,6399.019328969572
28139,37.725293124146916,722.7799999996246,6399.076056748918
28140,37.725293124146916,722.7999999996246,6399.132783510448
28141,37.725293124146916,722.8199999996245,6399.189509254116
28142,37.725293124146916,722.8399999996245,6399.246233979882
28143,37.725293124146916,722.8599999996245,6399.302957687701
28144,37.725293124146916,722.8799999996245,6399.35968037753
28145,37.725293124146916,722.8999999996245,6399.416402049325
28146,37.725293124146916,722.9199999996245,6399.473122703044
28147,37.725293124146916,722.9399999996244,6399.529842338644
28148,37.725293124146916,722.9599999996244,6399.586560956081
28149,37.725293124146916,722.9799999996244,6399.643278555312
28150,37.725293124146916,722.9999999996244,6399.699995136293
28151,37.725293124146916,723.0199999996244,6399.756710698982
28152,37.725293124146916,723.0399999996243,6399.813425243335
28153,37.725293124146916,723.0599999996243,6399.870138769308
28154,37.725293124146916,723.0799999996243,6399.926851276859
28155,37.725293124146916,723.0999999996243,6399.983562765945
28156,37.725293124146916,723.1199999996243,6400.040273236596
28157,37.725293124146916,723.1399999996243,6400.096982688963
28158,37.725293124146916,723.1599999996242,6400.153691123018
28159,37.725293124146916,723.1799999996242,6400.210398538716
28160,37.725293124146916,723.1999999996242,6400.267104936014
28161,37.725293124146916,723.2199999996242,6400.323810314869
28162,37.725293124146916,723.2399999996242,6400.380514675236
28163,37.725293124146916,723.2599999996241,6400.437218017072
28164,37.725293124146916,723.2799999996241,6400.493920340334
28165,37.725293124146916,723.2999999996241,6400.550621644978
28166,37.725293124146916,723.3199999996241,6400.607321930959
28167,37.725293124146916,723.3399999996241,6400.664021198236
28168,37.725293124146916,723.359999999624,6400.720719446764
28169,37.725293124146916,723.379999999624,6400.777416676499
28170,37.725293124146916,723.399999999624,6400.834112887398
28171,37.725293124146916,723.419999999624,6400.890808079417
28172,37.725293124146916,723.439999999624,6400.947502252513
28173,37.725293124146916,723.459999999624,6401.004195406642
28174,37.725293124146916,723.4799999996239,6401.06088754176
28175,37.725293124146916,723.4999999996239,6401.117578657824
28176,37.725293124146916,723.5199999996239,6401.174268754791
28177,37.725293124146916,723.5399999996239,6401.230957832617
28178,37.725293124146916,723.5599999996239,6401.287645891257
28179,37.725293124146916,723.5799999996239,6401.344332930668
28180,37.725293124146916,723.5999999996238,6401.401018950808
28181,37.725293124146916,723.6199999996238,6401.457703951632
28182,37.725293124146916,723.6399999996238,6401.514387933096
28183,37.725293124146916,723.6599999996238,6401.571070895157
28184,37.725293124146916,723.6799999996238,6401.627752837772
28185,37.725293124146916,723.6999999996237,6401.684433760897
28186,37.725293124146916,723.7199999996237,6401.741113664488
28187,37.725293124146916,723.7399999996237,6401.797792548501
28188,37.725293124146916,723.7599999996237,6401.854470413481
28189,37.725293124146916,723.7799999996237,6401.911147263302
28190,37.725293124146916,723.7999999996237,6401.967823098291
28191,37.725293124146916,723.8199999996236,6402.0244979184035
28192,37.725293124146916,723.8399999996236,6402.0811717235965
28193,37.725293124146916,723.8599999996236,6402.137844513826
28194,37.725293124146916,723.8799999996236,6402.19451628905
28195,37.725293124146916,723.8999999996236,6402.251187049223
28196,37.725293124146916,723.9199999996235,6402.307856794302
28197,37.725293124146916,723.9399999996235,6402.3645255242445
28198,37.725293124146916,723.9599999996235,6402.421193239006
28199,37.725293124146916,723.9799999996235,6402.477859938544
28200,37.725293124146916,723.9999999996235,6402.534525622813
28201,37.725293124146916,724.0199999996235,6402.5911902917705
28202,37.725293124146916,724.0399999996234,6402.647853945374
28203,37.725293124146916,724.0599999996234,6402.704516583579
28204,37.725293124146916,724.0799999996234,6402.761178206341
28205,37.725293124146916,724.0999999996234,6402.817838813618
28206,37.725293124146916,724.1199999996234,6402.874498405367
28207,37.725293124146916,724.1399999996233,6402.931156981544
28208,37.725293124146916,724.1599999996233,6402.9878145421035
28209,37.725293124146916,724.1799999996233,6403.044471087004
28210,37.725293124146916,724.1999999996233,6403.101126616202
28211,37.725293124146916,724.2199999996233,6403.157781129654
28212,37.725293124146916,724.2399999996233,6403.214434627315
28213,37.725293124146916,724.2599999996232,6403.271087109143
28214,37.725293124146916,724.2799999996232,6403.3277385750935
28215,37.725293124146916,724.2999999996232,6403.384389025124
28216,37.725293124146916,724.3199999996232,6403.441038459189
28217,37.725293124146916,724.3399999996232,6403.497686877247
28218,37.725293124146916,724.3599999996231,6403.554334279254
28219,37.725293124146916,724.3799999996231,6403.610980665167
28220,37.725293124146916,724.3999999996231,6403.667626034941
28221,37.725293124146916,724.4199999996231,6403.724270388534
28222,37.725293124146916,724.4399999996231,6403.780913725902
28223,37.725293124146916,724.459999999623,6403.837556047001
28224,37.725293124146916,724.479999999623,6403.894197351788
28225,37.725293124146916,724.499999999623,6403.950837640219
28226,37.725293124146916,724.519999999623,6404.007476912251
28227,37.725293124146916,724.539999999623,6404.06411516784
28228,37.725293124146916,724.559999999623,6404.120752406943
28229,37.725293124146916,724.5799999996229,6404.177388629517
28230,37.725293124146916,724.5999999996229,6404.234023835516
28231,37.725293124146916,724.6199999996229,6404.2906580249
28232,37.725293124146916,724.6399999996229,6404.347291197623
28233,37.725293124146916,724.6599999996229,6404.403923353642
28234,37.725293124146916,724.6799999996229,6404.4605544929145
28235,37.725293124146916,724.6999999996228,6404.517184615395
28236,37.725293124146916,724.7199999996228,6404.573813721042
28237,37.725293124146916,724.7399999996228,6404.630441809811
28238,37.725293124146916,724.7599999996228,6404.687068881659
28239,37.725293124146916,724.7799999996228,6404.743694937448
28240,37.725293124146916,724.7999999996227,6404.800319980949
28241,37.725293124146916,724.8199999996227,6404.856944012442
28242,37.725293124146916,724.8399999996227,6404.913567031884
28243,37.725293124146916,724.8599999996227,6404.970189039232
28244,37.725293124146916,724.8799999996227,6405.026810034442
28245,37.725293124146916,724.8999999996227,6405.083430017471
28246,37.725293124146916,724.9199999996226,6405.140048988275
28247,37.725293124146916,724.9399999996226,6405.196666946812
28248,37.725293124146916,724.9599999996226,6405.253283893038
28249,37.725293124146916,724.9799999996226,6405.30989982691
28250,37.725293124146916,724.9999999996226,6405.366514748384
28251,37.725293124146916,725.0199999996225,6405.423128657418
28252,37.725293124146916,725.0399999996225,6405.479741553967
28253,37.725293124146916,725.0599999996225,6405.5363534379885
28254,37.725293124146916,725.0799999996225,6405.59296430944
28255,37.725293124146916,725.0999999996225,6405.649574168277
28256,37.725293124146916,725.1199999996225,6405.706183014456
28257,37.725293124146916,725.1399999996224,6405.762790847934
28258,37.725293124146916,725.1599999996224,6405.819397668669
28259,37.725293124146916,725.1799999996224,6405.8760034766165
28260,37.725293124146916,725.1999999996224,6405.932608271733
28261,37.725293124146916,725.2199999996224,6405.989212053976
28262,37.725293124146916,725.2399999996223,6406.045814823302
28263,37.725293124146916,725.2599999996223,6406.102416579667
28264,37.725293124146916,725.2799999996223,6406.159017323029
28265,37.725293124146916,725.2999999996223,6406.215617053343
28266,37.725293124146916,725.3199999996223,6406.272215770567
28267,37.725293124146916,725.3399999996223,6406.328813474656
28268,37.725293124146916,725.3599999996222,6406.38541016557
28269,37.725293124146916,725.3799999996222,6406.442005843262
28270,37.725293124146916,725.3999999996222,6406.498600507692
28271,37.725293124146916,725.4199999996222,6406.555194158814
28272,37.725293124146916,725.4399999996222,6406.611786796586
28273,37.725293124146916,725.4599999996221,6406.6683784209645
28274,37.725293124146916,725.4799999996221,6406.724969031906
28275,37.725293124146916,725.4999999996221,6406.781558629367
28276,37.725293124146916,725.5199999996221,6406.838147213305
28277,37.670658158893836,725.5399999996221,6406.8947347836765
28278,37.670658158893836,725.559999999622,6406.951321340438
28279,37.670658158893836,725.579999999622,6407.007906883546
28280,37.670658158893836,725.599999999622,6407.064491412957
28281,37.670658158893836,725.619999999622,6407.121074928628
28282,37.670658158893836,725.639999999622,6407.177657430517
28283,37.670658158893836,725.659999999622,6407.234238918579
28284,37.670658158893836,725.6799999996219,6407.290819392771
28285,37.670658158893836,725.6999999996219,6407.3473988530495
28286,37.670658158893836,725.7199999996219,6407.403977299372
28287,37.670658158893836,725.7399999996219,6407.460554731695
28288,37.670658158893836,725.7599999996219,6407.517131149975
28289,37.670658158893836,725.7799999996219,6407.573706554169
28290,37.670658158893836,725.7999999996218,6407.630280945343
28291,37.670658158893836,725.8199999996218,6407.686854326751
28292,37.670658158893836,725.8399999996218,6407.743426698594
28293,37.670658158893836,725.8599999996218,6407.799998060828
28294,37.670658158893836,725.8799999996218,6407.856568413412
28295,37.670658158893836,725.8999999996217,6407.913137756302
28296,37.670658158893836,725.9199999996217,6407.969706089454
28297,37.670658158893836,725.9399999996217,6408.026273412826
28298,37.670658158893836,725.9599999996217,6408.082839726376
28299,37.670658158893836,725.9799999996217,6408.139405030059
28300,37.670658158893836,725.9999999996217,6408.195969323833
28301,37.670658158893836,726.0199999996216,6408.252532607656
28302,37.670658158893836,726.0399999996216,6408.309094881482
28303,37.670658158893836,726.0599999996216,6408.365656145272
28304,37.670658158893836,726.0799999996216,6408.42221639898
28305,37.670658158893836,726.0999999996216,6408.478775642564
28306,37.670658158893836,726.1199999996215,6408.535333875981
28307,37.670658158893836,726.1399999996215,6408.5918910991895
28308,37.670658158893836,726.1599999996215,6408.6484473121445
28309,37.670658158893836,726.1799999996215,6408.705002514804
28310,37.670658158893836,726.1999999996215,6408.761556707124
28311,37.670658158893836,726.2199999996215,6408.818109889063
28312,37.670658158893836,726.2399999996214,6408.874662060577
28313,37.670658158893836,726.2599999996214,6408.931213221624
28314,37.670658158893836,726.2799999996214,6408.98776337216
28315,37.670658158893836,726.2999999996214,6409.044312512142
28316,37.670658158893836,726.3199999996214,6409.100860641528
28317,37.670658158893836,726.3399999996213,6409.1574077602745
28318,37.670658158893836,726.3599999996213,6409.213953868339
28319,37.670658158893836,726.3799999996213,6409.270498965677
28320,37.670658158893836,726.3999999996213,6409.327043052247
28321,37.670658158893836,726.4199999996213,6409.383586128006
28322,37.670658158893836,726.4399999996213,6409.44012819291
28323,37.670658158893836,726.4599999996212,6409.496669246917
28324,37.670658158893836,726.4799999996212,6409.553209289984
28325,37.670658158893836,726.4999999996212,6409.609748322067
28326,37.670658158893836,726.5199999996212,6409.666286343125
28327,37.670658158893836,726.5399999996212,6409.722823353113
28328,37.670658158893836,726.5599999996211,6409.779359351989
28329,37.670658158893836,726.5799999996211,6409.835894339711
28330,37.670658158893836,726.5999999996211,6409.892428316234
28331,37.670658158893836,726.6199999996211,6409.948961281516
28332,37.670658158893836,726.6399999996211,6410.005493235519
28333,37.670658158893836,726.659999999621,6410.062024178368
28334,37.670658158893836,726.679999999621,6410.118554110145
28335,37.670658158893836,726.699999999621,6410.175083030808
28336,37.670658158893836,726.719999999621,6410.231610940315
28337,37.670658158893836,726.739999999621,6410.288137838623
28338,37.670658158893836,726.759999999621,6410.34466372569
28339,37.670658158893836,726.7799999996209,6410.401188601474
28340,37.670658158893836,726.7999999996209,6410.457712465933
28341,37.670658158893836,726.8199999996209,6410.514235320451
28342,37.670658158893836,726.8399999996209,6410.57075716816
28343,37.670658158893836,726.8599999996209,6410.627278009211
28344,37.670658158893836,726.8799999996208,6410.683797843562
28345,37.670658158893836,726.8999999996208,6410.740316671169
28346,37.670658158893836,726.9199999996208,6410.796834491989
28347,37.670658158893836,726.9399999996208,6410.853351305979
28348,37.670658158893836,726.9599999996208,6410.909867113097
28349,37.670658158893836,726.9799999996208,6410.966381913299
28350,37.670658158893836,726.9999999996207,6411.022895706543
28351,37.670658158893836,727.0199999996207,6411.079408492785
28352,37.670658158893836,727.0399999996207,6411.135920271981
28353,37.670658158893836,727.0599999996207,6411.19243104409
28354,37.670658158893836,727.0799999996207,6411.248940809068
28355,37.670658158893836,727.0999999996206,6411.305449566872
28356,37.670658158893836,727.1199999996206,6411.361957317459
28357,37.670658158893836,727.1399999996206,6411.418464060786
28358,37.670658158893836,727.1599999996206,6411.474969796811
28359,37.670658158893836,727.1799999996206,6411.53147452549
28360,37.670658158893836,727.1999999996206,6411.58797824678
28361,37.670658158893836,727.2199999996205,6411.644480960638
28362,37.670658158893836,727.2399999996205,6411.700982667022
28363,37.670658158893836,727.2599999996205,6411.757483365887
28364,37.670658158893836,727.2799999996205,6411.813983057192
28365,37.670658158893836,727.2999999996205,6411.8704817408925
28366,37.670658158893836,727.3199999996204,6411.926979416946
28367,37.670658158893836,727.3399999996204,6411.98347608531
28368,37.670658158893836,727.3599999996204,6412.039971745941
28369,37.670658158893836,727.3799999996204,6412.096466398796
28370,37.670658158893836,727.3999999996204,6412.1529600438325
28371,37.670658158893836,727.4199999996204,6412.209452681007
28372,37.670658158893836,727.4399999996203,6412.265944310277
28373,37.670658158893836,727.4599999996203,6412.322434931598
28374,37.670658158893836,727.4799999996203,6412.378924544928
28375,37.670658158893836,727.4999999996203,6412.435413150224
28376,37.670658158893836,727.5199999996203,6412.491900747444
28377,37.670658158893836,727.5399999996202,6412.548387336543
28378,37.670658158893836,727.5599999996202,6412.60487291748
28379,37.670658158893836,727.5799999996202,6412.66135749021
28380,37.670658158893836,727.5999999996202,6412.717841054692
28381,37.670658158893836,727.6199999996202,6412.774323610882
28382,37.670658158893836,727.6399999996202,6412.830805158736
28383,37.670658158893836,727.6599999996201,6412.887285698213
28384,37.670658158893836,727.6799999996201,6412.94376522927
28385,37.670658158893836,727.6999999996201,6413.000243751862
28386,37.670658158893836,727.7199999996201,6413.056721265948
28387,37.670658158893836,727.7399999996201,6413.113197771484
28388,37.670658158893836,727.75999999962,6413.169673268427
28389,37.670658158893836,727.77999999962,6413.226147756734
28390,37.670658158893836,727.79999999962,6413.282621236362
28391,37.670658158893836,727.81999999962,6413.339093707267
28392,37.670658158893836,727.83999999962,6413.395565171121
28393,37.670658158893836,727.85999999962,6413.452035630834
28394,37.670658158893836,727.8799999996199,6413.508505086501
28395,37.670658158893836,727.8999999996199,6413.564973538079
28396,37.670658158893836,727.9199999996199,6413.6214409855265
28397,37.670658158893836,727.9399999996199,6413.6779074288
28398,37.670658158893836,727.9599999996199,6413.734372867855
28399,37.670658158893836,727.9799999996198,6413.790837302651
28400,37.670658158893836,727.9999999996198,6413.847300733145
28401,37.670658158893836,728.0199999996198,6413.903763159293
28402,37.670658158893836,728.0399999996198,6413.960224581052
28403,37.670658158893836,728.0599999996198,6414.016684998381
28404,37.670658158893836,728.0799999996198,6414.073144411235
28405,37.670658158893836,728.0999999996197,6414.129602819573
28406,37.670658158893836,728.1199999996197,6414.186060223352
28407,37.670658158893836,728.1399999996197,6414.2425166225285
28408,37.670658158893836,728.1599999996197,6414.29897201706
28409,37.670658158893836,728.1799999996197,6414.3554264069035
28410,37.670658158893836,728.1999999996196,6414.411879792016
28411,37.670658158893836,728.2199999996196,6414.468332172355
28412,37.670658158893836,728.2399999996196,6414.524783547878
28413,37.670658158893836,728.2599999996196,6414.581233918541
28414,37.670658158893836,728.2799999996196,6414.637683284303
28415,37.670658158893836,728.2999999996196,6414.69413164512
28416,37.670658158893836,728.3199999996195,6414.75057900095
28417,37.670658158893836,728.3399999996195,6414.807025351749
28418,37.670658158893836,728.3599999996195,6414.863470697475
28419,37.670658158893836,728.3799999996195,6414.9199150380855
28420,37.670658158893836,728.3999999996195,6414.976358373538
28421,37.670658158893836,728.4199999996194,6415.032800703788
28422,37.670658158893836,728.4399999996194,6415.089242028794
28423,37.670658158893836,728.4599999996194,6415.145682348512
28424,37.670658158893836,728.4799999996194,6415.202121662901
28425,37.670658158893836,728.4999999996194,6415.258559971917
28426,37.670658158893836,728.5199999996194,6415.314997275517
28427,37.670658158893836,728.5399999996193,6415.3714335736595
28428,37.670658158893836,728.5599999996193,6415.427868866301
28429,37.670658158893836,728.5799999996193,6415.484303153398
28430,37.670658158893836,728.5999999996193,6415.540736434909
28431,37.670658158893836,728.6199999996193,6415.597168710791
28432,37.670658158893836,728.6399999996192,6415.653599981
28433,37.670658158893836,728.6599999996192,6415.710030245495
28434,37.670658158893836,728.6799999996192,6415.7664595042315
28435,37.670658158893836,728.6999999996192,6415.822887757167
28436,37.670658158893836,728.7199999996192,6415.87931500426
28437,37.670658158893836,728.7399999996192,6415.9357412454665
28438,37.670658158893836,728.7599999996191,6415.992166480744
28439,37.670658158893836,728.7799999996191,6416.04859071005
28440,37.670658158893836,728.7999999996191,6416.105013933341
28441,37.670658158893836,728.8199999996191,6416.161436150575
28442,37.670658158893836,728.8399999996191,6416.217857361709
28443,37.670658158893836,728.859999999619,6416.274277568763
28444,37.670658158893836,728.879999999619,6416.330696774512
28445,37.670658158893836,728.899999999619,6416.387114978998
28446,37.670658158893836,728.919999999619,6416.443532182179
28447,37.670658158893836,728.939999999619,6416.499948384012
28448,37.670658158893836,728.959999999619,6416.556363584455
28449,37.670658158893836,728.9799999996189,6416.6127777834645
28450,37.670658158893836,728.9999999996189,6416.669190981
28451,37.670658158893836,729.0199999996189,6416.725603177018
28452,37.670658158893836,729.0399999996189,6416.782014371475
28453,37.670658158893836,729.0599999996189,6416.838424564331
28454,37.670658158893836,729.0799999996188,6416.894833755541
28455,37.670658158893836,729.0999999996188,6416.951241945065
28456,37.670658158893836,729.1199999996188,6417.007649132858
28457,37.670658158893836,729.1399999996188,6417.06405531888
28458,37.670658158893836,729.1599999996188,6417.120460503087
28459,37.670658158893836,729.1799999996188,6417.176864685437
28460,37.670658158893836,729.1999999996187,6417.233267865888
28461,37.670658158893836,729.2199999996187,6417.289670044396
28462,37.670658158893836,729.2399999996187,6417.346071220921
28463,37.670658158893836,729.2599999996187,6417.402471395419
28464,37.61615493991688,729.2799999996187,6417.458870567848
28465,37.61615493991688,729.2999999996186,6417.515268738165
28466,37.61615493991688,729.3199999996186,6417.571665906328
28467,37.61615493991688,729.3399999996186,6417.6280620722955
28468,37.61615493991688,729.3599999996186,6417.684457236024
28469,37.61615493991688,729.3799999996186,6417.7408513974715
28470,37.61615493991688,729.3999999996186,6417.797244556595
28471,37.61615493991688,729.4199999996185,6417.853636713352
28472,37.61615493991688,729.4399999996185,6417.910027867701
28473,37.61615493991688,729.4599999996185,6417.966418019599
28474,37.61615493991688,729.4799999996185,6418.0228071690035
28475,37.61615493991688,729.4999999996185,6418.079195315872
28476,37.61615493991688,729.5199999996184,6418.135582460162
28477,37.61615493991688,729.5399999996184,6418.191968601832
28478,37.61615493991688,729.5599999996184,6418.248353740839
28479,37.61615493991688,729.5799999996184,6418.30473787714
28480,37.61615493991688,729.5999999996184,6418.361121010693
28481,37.61615493991688,729.6199999996184,6418.417503141456
28482,37.61615493991688,729.6399999996183,6418.473884269387
28483,37.61615493991688,729.6599999996183,6418.530264394442
28484,37.61615493991688,729.6799999996183,6418.58664351658
28485,37.61615493991688,729.6999999996183,6418.643021635758
28486,37.61615493991688,729.7199999996183,6418.699398751933
28487,37.61615493991688,729.7399999996182,6418.755774865063
28488,37.61615493991688,729.7599999996182,6418.812149975107
28489,37.61615493991688,729.7799999996182,6418.8685240820205
28490,37.61615493991688,729.7999999996182,6418.924897185761
28491,37.61615493991688,729.8199999996182,6418.981269286288
28492,37.61615493991688,729.8399999996182,6419.037640383558
28493,37.61615493991688,729.8599999996181,6419.094010477529
28494,37.61615493991688,729.8799999996181,6419.150379570332
28495,37.61615493991688,729.8999999996181,6419.206747664311
28496,37.61615493991688,729.9199999996181,6419.263114759446
28497,37.61615493991688,729.9399999996181,6419.319480855696
28498,37.61615493991688,729.959999999618,6419.37584595302
28499,37.61615493991688,729.979999999618,6419.432210051374
28500,37.61615493991688,729.999999999618,6419.488573150717
28501,37.61615493991688,730.019999999618,6419.544935251006
28502,37.61615493991688,730.039999999618,6419.6012963522
28503,37.61615493991688,730.059999999618,6419.657656454256
28504,37.61615493991688,730.0799999996179,6419.714015557132
28505,37.61615493991688,730.0999999996179,6419.770373660787
28506,37.61615493991688,730.1199999996179,6419.826730765178
28507,37.61615493991688,730.1399999996179,6419.883086870263
28508,37.61615493991688,730.1599999996179,6419.939441975999
28509,37.61615493991688,730.1799999996178,6419.995796082346
28510,37.61615493991688,730.1999999996178,6420.052149189392
28511,37.61615493991688,730.2199999996178,6420.1085012972635
28512,37.61615493991688,730.2399999996178,6420.16485240592
28513,37.61615493991688,730.2599999996178,6420.221202515321
28514,37.61615493991688,730.2799999996178,6420.277551625424
28515,37.61615493991688,730.2999999996177,6420.333899736188
28516,37.61615493991688,730.3199999996177,6420.39024684757
28517,37.61615493991688,730.3399999996177,6420.446592959528
28518,37.61615493991688,730.3599999996177,6420.502938072022
28519,37.61615493991688,730.3799999996177,6420.559282185008
28520,37.61615493991688,730.3999999996176,6420.615625298446
28521,37.61615493991688,730.4199999996176,6420.671967412292
28522,37.61615493991688,730.4399999996176,6420.728308526507
28523,37.61615493991688,730.4599999996176,6420.784648641047
28524,37.61615493991688,730.4799999996176,6420.840987755871
28525,37.61615493991688,730.4999999996176,6420.897325870937
28526,37.61615493991688,730.5199999996175,6420.953662986202
28527,37.61615493991688,730.5399999996175,6421.009999101626
28528,37.61615493991688,730.5599999996175,6421.0663342171665
28529,37.61615493991688,730.5799999996175,6421.122668332781
28530,37.61615493991688,730.5999999996175,6421.1790014484295
28531,37.61615493991688,730.6199999996174,6421.235333564068
28532,37.61615493991688,730.6399999996174,6421.291664679656
28533,37.61615493991688,730.6599999996174,6421.347994795151
28534,37.61615493991688,730.6799999996174,6421.404323910511
28535,37.61615493991688,730.6999999996174,6421.460652025695
28536,37.61615493991688,730.7199999996174,6421.51697914066
28537,37.61615493991688,730.7399999996173,6421.573305255365
28538,37.61615493991688,730.7599999996173,6421.629630369768
28539,37.61615493991688,730.7799999996173,6421.685954483827
28540,37.61615493991688,730.7999999996173,6421.742277597501
28541,37.61615493991688,730.8199999996173,6421.798599710747
28542,37.61615493991688,730.8399999996172,6421.854920823524
28543,37.61615493991688,730.8599999996172,6421.9112409357895
28544,37.61615493991688,730.8799999996172,6421.967560047534
28545,37.61615493991688,730.8999999996172,6422.023878161215
28546,37.61615493991688,730.9199999996172,6422.080195279007
28547,37.61615493991688,730.9399999996172,6422.136511400868
28548,37.61615493991688,730.9599999996171,6422.192826526754
28549,37.61615493991688,730.9799999996171,6422.249140656626
28550,37.61615493991688,730.9999999996171,6422.305453790441
28551,37.61615493991688,731.0199999996171,6422.361765928157
28552,37.61615493991688,731.0399999996171,6422.418077069732
28553,37.61615493991688,731.059999999617,6422.474387215125
28554,37.61615493991688,731.079999999617,6422.530696364293
28555,37.61615493991688,731.099999999617,6422.587004517196
28556,37.61615493991688,731.119999999617,6422.64331167379
28557,37.61615493991688,731.139999999617,6422.699617834034
28558,37.61615493991688,731.159999999617,6422.755922997887
28559,37.61615493991688,731.1799999996169,6422.8122271653065
28560,37.61615493991688,731.1999999996169,6422.86853033625
28561,37.61615493991688,731.2199999996169,6422.924832510676
28562,37.61615493991688,731.2399999996169,6422.981133688544
28563,37.61615493991688,731.2599999996169,6423.03743386981
28564,37.61615493991688,731.2799999996168,6423.093733054434
28565,37.61615493991688,731.2999999996168,6423.150031242373
28566,37.61615493991688,731.3199999996168,6423.206328433586
28567,37.61615493991688,731.3399999996168,6423.262624628031
28568,37.61615493991688,731.3599999996168,6423.318919825665
28569,37.61615493991688,731.3799999996168,6423.375214026448
28570,37.61615493991688,731.3999999996167,6423.431507230337
28571,37.61615493991688,731.4199999996167,6423.48779943729
28572,37.61615493991688,731.4399999996167,6423.544090647266
28573,37.61615493991688,731.4599999996167,6423.600380860223
28574,37.61615493991688,731.4799999996167,6423.656670076119
28575,37.61615493991688,731.4999999996166,6423.712958294911
28576,37.61615493991688,731.5199999996166,6423.769245516559
28577,37.61615493991688,731.5399999996166,6423.82553174102
28578,37.61615493991688,731.5599999996166,6423.881816968254
28579,37.61615493991688,731.5799999996166,6423.938101198216
28580,37.61615493991688,731.5999999996166,6423.994384430866
28581,37.61615493991688,731.6199999996165,6424.050666666163
28582,37.61615493991688,731.6399999996165,6424.106947904064
28583,37.61615493991688,731.6599999996165,6424.163228144528
28584,37.61615493991688,731.6799999996165,6424.219507387512
28585,37.61615493991688,731.6999999996165,6424.2757856329745
28586,37.61615493991688,731.7199999996164,6424.332062880874
28587,37.61615493991688,731.7399999996164,6424.388339131169
28588,37.61615493991688,731.7599999996164,6424.444614383818
28589,37.61615493991688,731.7799999996164,6424.500888638778
28590,37.61615493991688,731.7999999996164,6424.5571618960075
28591,37.61615493991688,731.8199999996164,6424.613434155465
28592,37.61615493991688,731.8399999996163,6424.669705417108
28593,37.61615493991688,731.8599999996163,6424.725975680895
28594,37.61615493991688,731.8799999996163,6424.782244946785
28595,37.61615493991688,731.8999999996163,6424.838513214823
28596,37.61615493991688,731.9199999996163,6424.894780487695
28597,37.61615493991688,731.9399999996162,6424.951046767295
28598,37.61615493991688,731.9599999996162,6425.007312053583
28599,37.61615493991688,731.9799999996162,6425.063576346514
28600,37.61615493991688,731.9999999996162,6425.119839646049
28601,37.61615493991688,732.0199999996162,6425.176101952144
28602,37.61615493991688,732.0399999996162,6425.232363264758
28603,37.61615493991688,732.0599999996161,6425.288623583848
28604,37.61615493991688,732.0799999996161,6425.344882909372
28605,37.61615493991688,732.0999999996161,6425.401141241289
28606,37.61615493991688,732.1199999996161,6425.457398579557
28607,37.61615493991688,732.1399999996161,6425.513654924132
28608,37.61615493991688,732.159999999616,6425.569910274974
28609,37.61615493991688,732.179999999616,6425.62616463204
28610,37.61615493991688,732.199999999616,6425.682417995288
28611,37.61615493991688,732.219999999616,6425.738670364677
28612,37.61615493991688,732.239999999616,6425.794921740164
28613,37.61615493991688,732.259999999616,6425.851172121706
28614,37.61615493991688,732.2799999996159,6425.907421509263
28615,37.61615493991688,732.2999999996159,6425.963669902792
28616,37.61615493991688,732.3199999996159,6426.019917302251
28617,37.61615493991688,732.3399999996159,6426.076163707598
28618,37.61615493991688,732.3599999996159,6426.132409118792
28619,37.61615493991688,732.3799999996158,6426.188653535789
28620,37.61615493991688,732.3999999996158,6426.2448969585475
28621,37.61615493991688,732.4199999996158,6426.3011393870265
28622,37.61615493991688,732.4399999996158,6426.357380821183
28623,37.61615493991688,732.4599999996158,6426.413621260976
28624,37.61615493991688,732.4799999996158,6426.469860706361
28625,37.61615493991688,732.4999999996157,6426.526099157299
28626,37.61615493991688,732.5199999996157,6426.582336613746
28627,37.61615493991688,732.5399999996157,6426.63857307566
28628,37.61615493991688,732.5599999996157,6426.694808543
28629,37.61615493991688,732.5799999996157,6426.7510430157245
28630,37.61615493991688,732.5999999996156,6426.80727649379
28631,37.61615493991688,732.6199999996156,6426.863508977154
28632,37.61615493991688,732.6399999996156,6426.919740465777
28633,37.61615493991688,732.6599999996156,6426.975970959615
28634,37.61615493991688,732.6799999996156,6427.032200458626
28635,37.61615493991688,732.6999999996156,6427.088428962768
28636,37.61615493991688,732.7199999996155,6427.144656472
28637,37.61615493991688,732.7399999996155,6427.200882986279
28638,37.61615493991688,732.7599999996155,6427.257108505563
28639,37.61615493991688,732.7799999996155,6427.3133330298115
28640,37.61615493991688,732.7999999996155,6427.369556558981
28641,37.61615493991688,732.8199999996154,6427.425779093029
28642,37.61615493991688,732.8399999996154,6427.482000631914
28643,37.61615493991688,732.8599999996154,6427.538221175595
28644,37.61615493991688,732.8799999996154,6427.594440724029
28645,37.61615493991688,732.8999999996154,6427.650659277174
28646,37.61615493991688,732.9199999996154,6427.7068768351355
28647,37.61615493991688,732.9399999996153,6427.763093400896
28648,37.61615493991688,732.9599999996153,6427.819308976111
28649,37.61615493991688,732.9799999996153,6427.875523560738
28650,37.61615493991688,732.9999999996153,6427.931737154735
28651,37.61615493991688,733.0199999996153,6427.98794975806
28652,37.56178302287614,733.0399999996152,6428.044161370669
28653,37.56178302287614,733.0599999996152,6428.100371992521
28654,37.56178302287614,733.0799999996152,6428.156581623573
28655,37.56178302287614,733.0999999996152,6428.212790263783
28656,37.56178302287614,733.1199999996152,6428.268997913108
28657,37.56178302287614,733.1399999996152,6428.325204571507
28658,37.56178302287614,733.1599999996151,6428.381410238936
28659,37.56178302287614,733.1799999996151,6428.437614915353
28660,37.56178302287614,733.1999999996151,6428.493818600717
28661,37.56178302287614,733.2199999996151,6428.550021294984
28662,37.56178302287614,733.2399999996151,6428.606222998112
28663,37.56178302287614,733.259999999615,6428.662423710059
28664,37.56178302287614,733.279999999615,6428.718623430782
28665,37.56178302287614,733.299999999615,6428.774822160239
28666,37.56178302287614,733.319999999615,6428.831019898387
28667,37.56178302287614,733.339999999615,6428.887216645186
28668,37.56178302287614,733.359999999615,6428.94341240059
28669,37.56178302287614,733.3799999996149,6428.999607164559
28670,37.56178302287614,733.3999999996149,6429.055800937051
28671,37.56178302287614,733.4199999996149,6429.111993718022
28672,37.56178302287614,733.4399999996149,6429.16818550743
28673,37.56178302287614,733.4599999996149,6429.224376305234
28674,37.56178302287614,733.4799999996148,6429.28056611139
28675,37.56178302287614,733.4999999996148,6429.3367549258555
28676,37.56178302287614,733.5199999996148,6429.392942748589
28677,37.56178302287614,733.5399999996148,6429.449129579549
28678,37.56178302287614,733.5599999996148,6429.505315418691
28679,37.56178302287614,733.5799999996148,6429.561500265973
28680,37.56178302287614,733.5999999996147,6429.617684121355
28681,37.56178302287614,733.6199999996147,6429.673866984792
28682,37.56178302287614,733.6399999996147,6429.730048856242
28683,37.56178302287614,733.6599999996147,6429.786229735664
28684,37.56178302287614,733.6799999996147,6429.842409623015
28685,37.56178302287614,733.6999999996146,6429.898588518252
28686,37.56178302287614,733.7199999996146,6429.954766421333
28687,37.56178302287614,733.7399999996146,6430.010943332223
28688,37.56178302287614,733.7599999996146,6430.067119251027
28689,37.56178302287614,733.7799999996146,6430.123294177782
28690,37.56178302287614,733.7999999996146,6430.179468112445
28691,37.56178302287614,733.8199999996145,6430.235641054974
28692,37.56178302287614,733.8399999996145,6430.291813005327
28693,37.56178302287614,733.8599999996145,6430.347983963462
28694,37.56178302287614,733.8799999996145,6430.404153929337
28695,37.56178302287614,733.8999999996145,6430.460322902909
28696,37.56178302287614,733.9199999996144,6430.516490884136
28697,37.56178302287614,733.9399999996144,6430.572657873166
28698,37.56178302287614,733.9599999996144,6430.628823872958
28699,37.56178302287614,733.9799999996144,6430.684988884771
28700,37.56178302287614,733.9999999996144,6430.741152908565
28701,37.56178302287614,734.0199999996144,6430.797315944297
28702,37.56178302287614,734.0399999996143,6430.853477991926
28703,37.56178302287614,734.0599999996143,6430.9096390514105
28704,37.56178302287614,734.0799999996143,6430.965799122709
28705,37.56178302287614,734.0999999996143,6431.021958205778
28706,37.56178302287614,734.1199999996143,6431.078116300578
28707,37.56178302287614,734.1399999996142,6431.134273407066
28708,37.56178302287614,734.1599999996142,6431.190429525201
28709,37.56178302287614,734.1799999996142,6431.246584654941
28710,37.56178302287614,734.1999999996142,6431.302738796245
28711,37.56178302287614,734.2199999996142,6431.35889194907
28712,37.56178302287614,734.2399999996142,6431.415044113375
28713,37.56178302287614,734.2599999996141,6431.471195289118
28714,37.56178302287614,734.2799999996141,6431.527345476258
28715,37.56178302287614,734.2999999996141,6431.583494674754
28716,37.56178302287614,734.3199999996141,6431.639642884562
28717,37.56178302287614,734.3399999996141,6431.695790105642
28718,37.56178302287614,734.359999999614,6431.751936337952
28719,37.56178302287614,734.379999999614,6431.808081581451
28720,37.56178302287614,734.399999999614,6431.864225836096
28721,37.56178302287614,734.419999999614,6431.920369101846
28722,37.56178302287614,734.439999999614,6431.976511378658
28723,37.56178302287614,734.459999999614,6432.032652666492
28724,37.56178302287614,734.4799999996139,6432.088792965306
28725,37.56178302287614,734.4999999996139,6432.144932275059
28726,37.56178302287614,734.5199999996139,6432.201070595707
28727,37.56178302287614,734.5399999996139,6432.25720792721
28728,37.56178302287614,734.5599999996139,6432.313344269527
28729,37.56178302287614,734.5799999996138,6432.3694796226155
28730,37.56178302287614,734.5999999996138,6432.425613986433
28731,37.56178302287614,734.6199999996138,6432.481747360939
28732,37.56178302287614,734.6399999996138,6432.537879746092
28733,37.56178302287614,734.6599999996138,6432.594011141849
28734,37.56178302287614,734.6799999996138,6432.650141548169
28735,37.56178302287614,734.6999999996137,6432.70627096501
28736,37.56178302287614,734.7199999996137,6432.762399392331
28737,37.56178302287614,734.7399999996137,6432.81852683009
28738,37.56178302287614,734.7599999996137,6432.874653278246
28739,37.56178302287614,734.7799999996137,6432.930778736756
28740,37.56178302287614,734.7999999996136,6432.986903205579
28741,37.56178302287614,734.8199999996136,6433.043026684674
28742,37.56178302287614,734.8399999996136,6433.099149173999
28743,37.56178302287614,734.8599999996136,6433.155270673511
28744,37.56178302287614,734.8799999996136,6433.211391183169
28745,37.56178302287614,734.8999999996136,6433.267510702933
28746,37.56178302287614,734.9199999996135,6433.323629232759
28747,37.56178302287614,734.9399999996135,6433.379746772607
28748,37.56178302287614,734.9599999996135,6433.435863322687
28749,37.56178302287614,734.9799999996135,6433.491978886305
28750,37.56178302287614,734.9999999996135,6433.548093464502
28751,37.56178302287614,735.0199999996134,6433.604207057236
28752,37.56178302287614,735.0399999996134,6433.660319664465
28753,37.56178302287614,735.0599999996134,6433.716431286148
28754,37.56178302287614,735.0799999996134,6433.772541922244
28755,37.56178302287614,735.0999999996134,6433.828651572711
28756,37.56178302287614,735.1199999996134,6433.884760237509
28757,37.56178302287614,735.1399999996133,6433.940867916595
28758,37.56178302287614,735.1599999996133,6433.996974609929
28759,37.56178302287614,735.1799999996133,6434.053080317468
28760,37.56178302287614,735.1999999996133,6434.109185039171
28761,37.56178302287614,735.2199999996133,6434.165288774998
28762,37.56178302287614,735.2399999996132,6434.221391524906
28763,37.56178302287614,735.2599999996132,6434.277493288854
28764,37.56178302287614,735.2799999996132,6434.333594066801
28765,37.56178302287614,735.2999999996132,6434.389693858706
28766,37.56178302287614,735.3199999996132,6434.445792664526
28767,37.56178302287614,735.3399999996132,6434.501890484222
28768,37.56178302287614,735.3599999996131,6434.557987317751
28769,37.56178302287614,735.3799999996131,6434.614083165072
28770,37.56178302287614,735.3999999996131,6434.670178026144
28771,37.56178302287614,735.4199999996131,6434.726271900925
28772,37.56178302287614,735.4399999996131,6434.782364789374
28773,37.56178302287614,735.459999999613,6434.838456691449
28774,37.56178302287614,735.479999999613,6434.894547607109
28775,37.56178302287614,735.499999999613,6434.9506375363135
28776,37.56178302287614,735.519999999613,6435.0067264790205
28777,37.56178302287614,735.539999999613,6435.062814435188
28778,37.56178302287614,735.559999999613,6435.118901404775
28779,37.56178302287614,735.5799999996129,6435.174987387741
28780,37.56178302287614,735.5999999996129,6435.231072384043
28781,37.56178302287614,735.6199999996129,6435.2871563936405
28782,37.56178302287614,735.6399999996129,6435.343239416493
28783,37.56178302287614,735.6599999996129,6435.399321452558
28784,37.56178302287614,735.6799999996128,6435.455402501794
28785,37.56178302287614,735.6999999996128,6435.51148256416
28786,37.56178302287614,735.7199999996128,6435.567561639616
28787,37.56178302287614,735.7399999996128,6435.623639728118
28788,37.56178302287614,735.7599999996128,6435.679716829626
28789,37.56178302287614,735.7799999996128,6435.735792944099
28790,37.56178302287614,735.7999999996127,6435.791868071495
28791,37.56178302287614,735.8199999996127,6435.8479422117725
28792,37.56178302287614,735.8399999996127,6435.904015364891
28793,37.56178302287614,735.8599999996127,6435.960087530809
28794,37.56178302287614,735.8799999996127,6436.0161587094835
28795,37.56178302287614,735.8999999996126,6436.0722289008745
28796,37.56178302287614,735.9199999996126,6436.128298104941
28797,37.56178302287614,735.9399999996126,6436.1843663216405
28798,37.56178302287614,735.9599999996126,6436.240433550933
28799,37.56178302287614,735.9799999996126,6436.296499793093
28800,37.56178302287614,735.9999999996126,6436.352565051762
28801,37.56178302287614,736.0199999996125,6436.408629327729
28802,37.56178302287614,736.0399999996125,6436.464692620951
28803,37.56178302287614,736.0599999996125,6436.520754931386
28804,37.56178302287614,736.0799999996125,6436.576816258994
28805,37.56178302287614,736.0999999996125,6436.632876603731
28806,37.56178302287614,736.1199999996124,6436.688935965558
28807,37.56178302287614,736.1399999996124,6436.744994344432
28808,37.56178302287614,736.1599999996124,6436.801051740311
28809,37.56178302287614,736.1799999996124,6436.857108153154
28810,37.56178302287614,736.1999999996124,6436.913163582918
28811,37.56178302287614,736.2199999996124,6436.969218029563
28812,37.56178302287614,736.2399999996123,6437.0252714930475
28813,37.56178302287614,736.2599999996123,6437.081323973329
28814,37.56178302287614,736.2799999996123,6437.137375470365
28815,37.56178302287614,736.2999999996123,6437.1934259841155
28816,37.56178302287614,736.3199999996123,6437.249475514538
28817,37.56178302287614,736.3399999996122,6437.30552406159
28818,37.56178302287614,736.3599999996122,6437.361571625232
28819,37.56178302287614,736.3799999996122,6437.41761820542
28820,37.56178302287614,736.3999999996122,6437.473663802114
28821,37.56178302287614,736.4199999996122,6437.529708415272
28822,37.56178302287614,736.4399999996122,6437.585752044852
28823,37.56178302287614,736.4599999996121,6437.641794690812
28824,37.56178302287614,736.4799999996121,6437.697836353112
28825,37.56178302287614,736.4999999996121,6437.753877031708
28826,37.56178302287614,736.5199999996121,6437.80991672656
28827,37.56178302287614,736.5399999996121,6437.865955437625
28828,37.56178302287614,736.559999999612,6437.921993164863
28829,37.56178302287614,736.579999999612,6437.978029908231
28830,37.56178302287614,736.599999999612,6438.034065667688
28831,37.56178302287614,736.619999999612,6438.090100443193
28832,37.56178302287614,736.639999999612,6438.146134234703
28833,37.56178302287614,736.659999999612,6438.202167042176
28834,37.56178302287614,736.6799999996119,6438.258198865572
28835,37.56178302287614,736.6999999996119,6438.314229704849
28836,37.56178302287614,736.7199999996119,6438.370259559964
28837,37.56178302287614,736.7399999996119,6438.426288430877
28838,37.56178302287614,736.7599999996119,6438.482316317546
28839,37.56178302287614,736.7799999996118,6438.538343219929
28840,37.56178302287614,736.7999999996118,6438.594369137983
28841,37.50754196535661,736.8199999996118,6438.650394071668
28842,37.50754196535661,736.8399999996118,6438.706418020943
28843,37.50754196535661,736.8599999996118,6438.762440985764
28844,37.50754196535661,736.8799999996118,6438.818462966092
28845,37.50754196535661,736.8999999996117,6438.874483961883
28846,37.50754196535661,736.9199999996117,6438.930503973097
28847,37.50754196535661,736.9399999996117,6438.986522999691
28848,37.50754196535661,736.9599999996117,6439.042541041625
28849,37.50754196535661,736.9799999996117,6439.098558098855
28850,37.50754196535661,736.9999999996116,6439.154574171699
28851,37.50754196535661,737.0199999996116,6439.210589263849
28852,37.50754196535661,737.0399999996116,6439.266603375786
28853,37.50754196535661,737.0599999996116,6439.322616507469
28854,37.50754196535661,737.0799999996116,6439.378628658858
28855,37.50754196535661,737.0999999996116,6439.434639829914
28856,37.50754196535661,737.1199999996115,6439.490650020595
28857,37.50754196535661,737.1399999996115,6439.546659230862
28858,37.50754196535661,737.1599999996115,6439.602667460675
28859,37.50754196535661,737.1799999996115,6439.658674709993
28860,37.50754196535661,737.1999999996115,6439.7146809787755
28861,37.50754196535661,737.2199999996114,6439.770686266984
28862,37.50754196535661,737.2399999996114,6439.826690574577
28863,37.50754196535661,737.2599999996114,6439.882693901515
28864,37.50754196535661,737.2799999996114,6439.938696247758
28865,37.50754196535661,737.2999999996114,6439.994697613266
28866,37.50754196535661,737.3199999996114,6440.050697998128
28867,37.50754196535661,737.3399999996113,6440.10669740248
28868,37.50754196535661,737.3599999996113,6440.162695826285
28869,37.50754196535661,737.3799999996113,6440.218693269502
28870,37.50754196535661,737.3999999996113,6440.274689732091
28871,37.50754196535661,737.4199999996113,6440.33068521401
28872,37.50754196535661,737.4399999996112,6440.386679715219
28873,37.50754196535661,737.4599999996112,6440.442673235675
28874,37.50754196535661,737.4799999996112,6440.49866577534
28875,37.50754196535661,737.4999999996112,6440.554657334171
28876,37.50754196535661,737.5199999996112,6440.610647912127
28877,37.50754196535661,737.5399999996112,6440.666637509168
28878,37.50754196535661,737.5599999996111,6440.722626125253
28879,37.50754196535661,737.5799999996111,6440.77861376034
28880,37.50754196535661,737.5999999996111,6440.834600414389
28881,37.50754196535661,737.6199999996111,6440.890586087358
28882,37.50754196535661,737.6399999996111,6440.946570779208
28883,37.50754196535661,737.659999999611,6441.002554489896
28884,37.50754196535661,737.679999999611,6441.058537219383
28885,37.50754196535661,737.699999999611,6441.114518967625
28886,37.50754196535661,737.719999999611,6441.170499734584
28887,37.50754196535661,737.739999999611,6441.226479520218
28888,37.50754196535661,737.759999999611,6441.2824583244865
28889,37.50754196535661,737.7799999996109,6441.338436147347
28890,37.50754196535661,737.7999999996109,6441.39441298876
28891,37.50754196535661,737.8199999996109,6441.450388848684
28892,37.50754196535661,737.8399999996109,6441.506363727079
28893,37.50754196535661,737.8599999996109,6441.562337623902
28894,37.50754196535661,737.8799999996108,6441.618310539114
28895,37.50754196535661,737.8999999996108,6441.6742824726725
28896,37.50754196535661,737.9199999996108,6441.730253424538
28897,37.50754196535661,737.9399999996108,6441.786223394669
28898,37.50754196535661,737.9599999996108,6441.842192383024
28899,37.50754196535661,737.9799999996108,6441.898160389563
28900,37.50754196535661,737.9999999996107,6441.954127414244
28901,37.50754196535661,738.0199999996107,6442.01009345754
28902,37.50754196535661,738.0399999996107,6442.066058523099
28903,37.50754196535661,738.0599999996107,6442.12202261123
28904,37.50754196535661,738.0799999996107,6442.177985721892
28905,37.50754196535661,738.0999999996106,6442.233947855042
28906,37.50754196535661,738.1199999996106,6442.289909010638
28907,37.50754196535661,738.1399999996106,6442.34586918864
28908,37.50754196535661,738.1599999996106,6442.401828389004
28909,37.50754196535661,738.1799999996106,6442.457786611688
28910,37.50754196535661,738.1999999996106,6442.513743856651
28911,37.50754196535661,738.2199999996105,6442.5697001238495
28912,37.50754196535661,738.2399999996105,6442.625655413243
28913,37.50754196535661,738.2599999996105,6442.681609724789
28914,37.50754196535661,738.2799999996105,6442.737563058446
28915,37.50754196535661,738.2999999996105,6442.7935154141705
28916,37.50754196535661,738.3199999996104,6442.849466791922
28917,37.50754196535661,738.3399999996104,6442.905417191658
28918,37.50754196535661,738.3599999996104,6442.961366613336
28919,37.50754196535661,738.3799999996104,6443.017315056915
28920,37.50754196535661,738.3999999996104,6443.073262522353
28921,37.50754196535661,738.4199999996104,6443.129209009607
28922,37.50754196535661,738.4399999996103,6443.185154518635
28923,37.50754196535661,738.4599999996103,6443.2410990493945
28924,37.50754196535661,738.4799999996103,6443.2970426018455
28925,37.50754196535661,738.4999999996103,6443.352985175945
28926,37.50754196535661,738.5199999996103,6443.408926771651
28927,37.50754196535661,738.5399999996102,6443.4648673889205
28928,37.50754196535661,738.5599999996102,6443.520807027713
28929,37.50754196535661,738.5799999996102,6443.576745687986
28930,37.50754196535661,738.5999999996102,6443.632683369697
28931,37.50754196535661,738.6199999996102,6443.688620072804
28932,37.50754196535661,738.6399999996102,6443.744555797266
28933,37.50754196535661,738.6599999996101,6443.80049054304
28934,37.50754196535661,738.6799999996101,6443.856424310085
28935,37.50754196535661,738.6999999996101,6443.9123570983575
28936,37.50754196535661,738.7199999996101,6443.968288907817
28937,37.50754196535661,738.7399999996101,6444.0242197384205
28938,37.50754196535661,738.75999999961,6444.080149590127
28939,37.50754196535661,738.77999999961,6444.136078462893
28940,37.50754196535661,738.79999999961,6444.192006356678
28941,37.50754196535661,738.81999999961,6444.247933271439
28942,37.50754196535661,738.83999999961,6444.303859207135
28943,37.50754196535661,738.85999999961,6444.359784163723
28944,37.50754196535661,738.8799999996099,6444.415708141161
28945,37.50754196535661,738.8999999996099,6444.471631139409
28946,37.50754196535661,738.9199999996099,6444.527553158422
28947,37.50754196535661,738.9399999996099,6444.58347419816
28948,37.50754196535661,738.9599999996099,6444.63939425858
28949,37.50754196535661,738.9799999996098,6444.695313339641
28950,37.50754196535661,738.9999999996098,6444.7512314413
28951,37.50754196535661,739.0199999996098,6444.8071485635155
28952,37.50754196535661,739.0399999996098,6444.863064707038
28953,37.50754196535661,739.0599999996098,6444.918979875343
28954,37.50754196535661,739.0799999996098,6444.974894068693
28955,37.50754196535661,739.0999999996097,6445.030807287045
28956,37.50754196535661,739.1199999996097,6445.086719530356
28957,37.50754196535661,739.1399999996097,6445.142630798587
28958,37.50754196535661,739.1599999996097,6445.198541091693
28959,37.50754196535661,739.1799999996097,6445.254450409634
28960,37.50754196535661,739.1999999996096,6445.3103587523665
28961,37.50754196535661,739.2199999996096,6445.36626611985
28962,37.50754196535661,739.2399999996096,6445.4221725120415
28963,37.50754196535661,739.2599999996096,6445.478077928899
28964,37.50754196535661,739.2799999996096,6445.533982370383
28965,37.50754196535661,739.2999999996096,6445.589885836448
28966,37.50754196535661,739.3199999996095,6445.645788327054
28967,37.50754196535661,739.3399999996095,6445.701689842159
28968,37.50754196535661,739.3599999996095,6445.757590381721
28969,37.50754196535661,739.3799999996095,6445.813489945697
28970,37.50754196535661,739.3999999996095,6445.869388534047
28971,37.50754196535661,739.4199999996094,6445.925286146728
28972,37.50754196535661,739.4399999996094,6445.9811827836975
28973,37.50754196535661,739.4599999996094,6446.037078444914
28974,37.50754196535661,739.4799999996094,6446.092973130336
28975,37.50754196535661,739.4999999996094,6446.1488668399215
28976,37.50754196535661,739.5199999996094,6446.2047595736285
28977,37.50754196535661,739.5399999996093,6446.260651331414
28978,37.50754196535661,739.5599999996093,6446.316542113237
28979,37.50754196535661,739.5799999996093,6446.372431919056
28980,37.50754196535661,739.5999999996093,6446.428320748829
28981,37.50754196535661,739.6199999996093,6446.484208602513
28982,37.50754196535661,739.6399999996092,6446.540095480067
28983,37.50754196535661,739.6599999996092,6446.595981381449
28984,37.50754196535661,739.6799999996092,6446.651866306616
28985,37.50754196535661,739.6999999996092,6446.707750255528
28986,37.50754196535661,739.7199999996092,6446.763633228141
28987,37.50754196535661,739.7399999996092,6446.819515224414
28988,37.50754196535661,739.7599999996091,6446.875396244306
28989,37.50754196535661,739.7799999996091,6446.931276287774
28990,37.50754196535661,739.7999999996091,6446.987155354776
28991,37.50754196535661,739.8199999996091,6447.043033445271
28992,37.50754196535661,739.8399999996091,6447.098910559216
28993,37.50754196535661,739.859999999609,6447.154786696569
28994,37.50754196535661,739.879999999609,6447.210661857289
28995,37.50754196535661,739.899999999609,6447.266536041333
28996,37.50754196535661,739.919999999609,6447.32240924866
28997,37.50754196535661,739.939999999609,6447.378281479228
28998,37.50754196535661,739.959999999609,6447.434152732994
28999,37.50754196535661,739.9799999996089,6447.490023009918
29000,37.50754196535661,739.9999999996089,6447.545892309957
29001,37.50754196535661,740.0199999996089,6447.601760633069
29002,37.50754196535661,740.0399999996089,6447.657627979212
29003,37.50754196535661,740.0599999996089,6447.713494349446
29004,37.50754196535661,740.0799999996088,6447.769359747144
29005,37.50754196535661,740.0999999996088,6447.825224172523
29006,37.50754196535661,740.1199999996088,6447.881087625541
29007,37.50754196535661,740.1399999996088,6447.9369501061565
29008,37.50754196535661,740.1599999996088,6447.992811614327
29009,37.50754196535661,740.1799999996088,6448.048672150013
29010,37.50754196535661,740.1999999996087,6448.104531713171
29011,37.50754196535661,740.2199999996087,6448.160390303761
29012,37.50754196535661,740.2399999996087,6448.216247921741
29013,37.50754196535661,740.2599999996087,6448.27210456707
29014,37.50754196535661,740.2799999996087,6448.327960239704
29015,37.50754196535661,740.2999999996086,6448.383814939605
29016,37.50754196535661,740.3199999996086,6448.43966866673
29017,37.50754196535661,740.3399999996086,6448.495521421037
29018,37.50754196535661,740.3599999996086,6448.551373202485
29019,37.50754196535661,740.3799999996086,6448.6072240110325
29020,37.50754196535661,740.3999999996086,6448.663073846637
29021,37.50754196535661,740.4199999996085,6448.7189227092595
29022,37.50754196535661,740.4399999996085,6448.774770598857
29023,37.50754196535661,740.4599999996085,6448.8306175153875
29024,37.50754196535661,740.4799999996085,6448.88646345881
29025,37.50754196535661,740.4999999996085,6448.942308429083
29026,37.50754196535661,740.5199999996084,6448.998152426165
29027,37.50754196535661,740.5399999996084,6449.053995450015
29028,37.50754196535661,740.5599999996084,6449.10983750059
29029,37.50754196535661,740.5799999996084,6449.165678577851
29030,37.45343132685808,740.5999999996084,6449.221518681756
29031,37.45343132685808,740.6199999996084,6449.2773578122615
29032,37.45343132685808,740.6399999996083,6449.333195969327
29033,37.45343132685808,740.6599999996083,6449.389033152911
29034,37.45343132685808,740.6799999996083,6449.444869362973
29035,37.45343132685808,740.6999999996083,6449.500704599471
29036,37.45343132685808,740.7199999996083,6449.556538862363
29037,37.45343132685808,740.7399999996082,6449.612372151607
29038,37.45343132685808,740.7599999996082,6449.6682044671625
29039,37.45343132685808,740.7799999996082,6449.724035808988
29040,37.45343132685808,740.7999999996082,6449.779866177043
29041,37.45343132685808,740.8199999996082,6449.835695571284
29042,37.45343132685808,740.8399999996082,6449.8915239916705
29043,37.45343132685808,740.8599999996081,6449.947351438161
29044,37.45343132685808,740.8799999996081,6450.003177910717
29045,37.45343132685808,740.8999999996081,6450.059003409447
29046,37.45343132685808,740.9199999996081,6450.114827934438
29047,37.45343132685808,740.9399999996081,6450.170651485649
29048,37.45343132685808,740.959999999608,6450.226474063039
29049,37.45343132685808,740.979999999608,6450.282295666568
29050,37.45343132685808,740.999999999608,6450.338116296194
29051,37.45343132685808,741.019999999608,6450.393935951877
29052,37.45343132685808,741.039999999608,6450.449754633576
29053,37.45343132685808,741.059999999608,6450.50557234125
29054,37.45343132685808,741.0799999996079,6450.561389076131
29055,37.45343132685808,741.0999999996079,6450.6172048411145
29056,37.45343132685808,741.1199999996079,6450.673019636345
29057,37.45343132685808,741.1399999996079,6450.728833461782
29058,37.45343132685808,741.1599999996079,6450.784646317386
29059,37.45343132685808,741.1799999996078,6450.840458203117
29060,37.45343132685808,741.1999999996078,6450.896269118934
29061,37.45343132685808,741.2199999996078,6450.952079064797
29062,37.45343132685808,741.2399999996078,6451.0078880406645
29063,37.45343132685808,741.2599999996078,6451.063696046498
29064,37.45343132685808,741.2799999996078,6451.119503082257
29065,37.45343132685808,741.2999999996077,6451.175309147901
29066,37.45343132685808,741.3199999996077,6451.23111424339
29067,37.45343132685808,741.3399999996077,6451.286918368683
29068,37.45343132685808,741.3599999996077,6451.34272152374
29069,37.45343132685808,741.3799999996077,6451.398523708521
29070,37.45343132685808,741.3999999996076,6451.4543249229855
29071,37.45343132685808,741.4199999996076,6451.510125167094
29072,37.45343132685808,741.4399999996076,6451.565924440805
29073,37.45343132685808,741.4599999996076,6451.621722744079
29074,37.45343132685808,741.4799999996076,6451.677520076876
29075,37.45343132685808,741.4999999996076,6451.733316439156
29076,37.45343132685808,741.5199999996075,6451.789111830878
29077,37.45343132685808,741.5399999996075,6451.844906252002
29078,37.45343132685808,741.5599999996075,6451.900699702488
29079,37.45343132685808,741.5799999996075,6451.956492182296
29080,37.45343132685808,741.5999999996075,6452.012283691384
29081,37.45343132685808,741.6199999996074,6452.068074229714
29082,37.45343132685808,741.6399999996074,6452.123863797244
29083,37.45343132685808,741.6599999996074,6452.179652393935
29084,37.45343132685808,741.6799999996074,6452.235440019746
29085,37.45343132685808,741.6999999996074,6452.291226674638
29086,37.45343132685808,741.7199999996074,6452.347012358569
29087,37.45343132685808,741.7399999996073,6452.402797071501
29088,37.45343132685808,741.7599999996073,6452.458580813392
29089,37.45343132685808,741.7799999996073,6452.514363584201
29090,37.45343132685808,741.7999999996073,6452.57014538389
29091,37.45343132685808,741.8199999996073,6452.625926212418
29092,37.45343132685808,741.8399999996072,6452.681706069744
29093,37.45343132685808,741.8599999996072,6452.737484955828
29094,37.45343132685808,741.8799999996072,6452.793262870631
29095,37.45343132685808,741.8999999996072,6452.849039814112
29096,37.45343132685808,741.9199999996072,6452.90481578623
29097,37.45343132685808,741.9399999996072,6452.960590786945
29098,37.45343132685808,741.9599999996071,6453.016364816218
29099,37.45343132685808,741.9799999996071,6453.072137874007
29100,37.45343132685808,741.9999999996071,6453.127909960273
29101,37.45343132685808,742.0199999996071,6453.183681074976
29102,37.45343132685808,742.0399999996071,6453.239451218075
29103,37.45343132685808,742.059999999607,6453.29522038953
29104,37.45343132685808,742.079999999607,6453.350988589301
29105,37.45343132685808,742.099999999607,6453.406755818938
29106,37.45343132685808,742.119999999607,6453.462522081235
29107,37.45343132685808,742.139999999607,6453.518287376289
29108,37.45343132685808,742.159999999607,6453.5740517040595
29109,37.45343132685808,742.1799999996069,6453.629815064508
29110,37.45343132685808,742.1999999996069,6453.685577457593
29111,37.45343132685808,742.2199999996069,6453.741338883276
29112,37.45343132685808,742.2399999996069,6453.797099341515
29113,37.45343132685808,742.2599999996069,6453.852858832271
29114,37.45343132685808,742.2799999996068,6453.908617355503
29115,37.45343132685808,742.2999999996068,6453.964374911173
29116,37.45343132685808,742.3199999996068,6454.020131499239
29117,37.45343132685808,742.3399999996068,6454.075887119662
29118,37.45343132685808,742.3599999996068,6454.131641772402
29119,37.45343132685808,742.3799999996068,6454.187395457418
29120,37.45343132685808,742.3999999996067,6454.24314817467
29121,37.45343132685808,742.4199999996067,6454.298899924119
29122,37.45343132685808,742.4399999996067,6454.3546507057235
29123,37.45343132685808,742.4599999996067,6454.410400519445
29124,37.45343132685808,742.4799999996067,6454.466149365242
29125,37.45343132685808,742.4999999996066,6454.521897243076
29126,37.45343132685808,742.5199999996066,6454.577644152905
29127,37.45343132685808,742.5399999996066,6454.63339009469
29128,37.45343132685808,742.5599999996066,6454.689135068392
29129,37.45343132685808,742.5799999996066,6454.744879073969
29130,37.45343132685808,742.5999999996066,6454.800622111382
29131,37.45343132685808,742.6199999996065,6454.85636418059
29132,37.45343132685808,742.6399999996065,6454.912105281554
29133,37.45343132685808,742.6599999996065,6454.967845414234
29134,37.45343132685808,742.6799999996065,6455.023584578589
29135,37.45343132685808,742.6999999996065,6455.07932277458
29136,37.45343132685808,742.7199999996064,6455.135060002166
29137,37.45343132685808,742.7399999996064,6455.190796261308
29138,37.45343132685808,742.7599999996064,6455.246531551965
29139,37.45343132685808,742.7799999996064,6455.302265874097
29140,37.45343132685808,742.7999999996064,6455.357999227665
29141,37.45343132685808,742.8199999996064,6455.413731612627
29142,37.45343132685808,742.8399999996063,6455.469463028945
29143,37.45343132685808,742.8599999996063,6455.525193476577
29144,37.45343132685808,742.8799999996063,6455.580922955485
29145,37.45343132685808,742.8999999996063,6455.636651465627
29146,37.45343132685808,742.9199999996063,6455.692379006965
29147,37.45343132685808,742.9399999996062,6455.748105579457
29148,37.45343132685808,742.9599999996062,6455.803831183064
29149,37.45343132685808,742.9799999996062,6455.859555817746
29150,37.45343132685808,742.9999999996062,6455.915279483462
29151,37.45343132685808,743.0199999996062,6455.971002180173
29152,37.45343132685808,743.0399999996062,6456.0267239078385
29153,37.45343132685808,743.0599999996061,6456.082444666418
29154,37.45343132685808,743.0799999996061,6456.138164455872
29155,37.45343132685808,743.0999999996061,6456.193883276161
29156,37.45343132685808,743.1199999996061,6456.249601129106
29157,37.45343132685808,743.1399999996061,6456.30531801729
29158,37.45343132685808,743.159999999606,6456.361033940757
29159,37.45343132685808,743.179999999606,6456.416748899466
29160,37.45343132685808,743.199999999606,6456.472462893379
29161,37.45343132685808,743.219999999606,6456.5281759224545
29162,37.45343132685808,743.239999999606,6456.583887986652
29163,37.45343132685808,743.259999999606,6456.639599085934
29164,37.45343132685808,743.2799999996059,6456.6953092202575
29165,37.45343132685808,743.2999999996059,6456.751018389584
29166,37.45343132685808,743.3199999996059,6456.8067265938735
29167,37.45343132685808,743.3399999996059,6456.862433833086
29168,37.45343132685808,743.3599999996059,6456.918140107181
29169,37.45343132685808,743.3799999996058,6456.973845416119
29170,37.45343132685808,743.3999999996058,6457.02954975986
29171,37.45343132685808,743.4199999996058,6457.085253138363
29172,37.45343132685808,743.4399999996058,6457.14095555159
29173,37.45343132685808,743.4599999996058,6457.196656999499
29174,37.45343132685808,743.4799999996058,6457.252357482052
29175,37.45343132685808,743.4999999996057,6457.308056999206
29176,37.45343132685808,743.5199999996057,6457.363755550924
29177,37.45343132685808,743.5399999996057,6457.419453137164
29178,37.45343132685808,743.5599999996057,6457.475149757887
29179,37.45343132685808,743.5799999996057,6457.530845413053
29180,37.45343132685808,743.5999999996056,6457.586540102621
29181,37.45343132685808,743.6199999996056,6457.642233826553
29182,37.45343132685808,743.6399999996056,6457.697926584807
29183,37.45343132685808,743.6599999996056,6457.753618377344
29184,37.45343132685808,743.6799999996056,6457.809309204124
29185,37.45343132685808,743.6999999996056,6457.8649990651065
29186,37.45343132685808,743.7199999996055,6457.920687960252
29187,37.45343132685808,743.7399999996055,6457.97637588952
29188,37.45343132685808,743.7599999996055,6458.032062852871
29189,37.45343132685808,743.7799999996055,6458.087748850265
29190,37.45343132685808,743.7999999996055,6458.143433881662
29191,37.45343132685808,743.8199999996054,6458.1991179470215
29192,37.45343132685808,743.8399999996054,6458.254801046304
29193,37.45343132685808,743.8599999996054,6458.31048317947
29194,37.45343132685808,743.8799999996054,6458.366164346478
29195,37.45343132685808,743.8999999996054,6458.42184454729
29196,37.45343132685808,743.9199999996054,6458.477523781864
29197,37.45343132685808,743.9399999996053,6458.533202050161
29198,37.45343132685808,743.9599999996053,6458.588879352141
29199,37.45343132685808,743.9799999996053,6458.644555687763
29200,37.45343132685808,743.9999999996053,6458.700231056989
29201,37.45343132685808,744.0199999996053,6458.755905459777
29202,37.45343132685808,744.0399999996052,6458.811578896088
29203,37.45343132685808,744.0599999996052,6458.867251365882
29204,37.45343132685808,744.0799999996052,6458.922922869119
29205,37.45343132685808,744.0999999996052,6458.978593405759
29206,37.45343132685808,744.1199999996052,6459.034262975762
29207,37.45343132685808,744.1399999996052,6459.089931581294
29208,37.45343132685808,744.1599999996051,6459.145599224802
29209,37.45343132685808,744.1799999996051,6459.201265906278
29210,37.45343132685808,744.1999999996051,6459.256931625683
29211,37.45343132685808,744.2199999996051,6459.312596382975
29212,37.45343132685808,744.2399999996051,6459.368260178115
29213,37.45343132685808,744.259999999605,6459.4239230110625
29214,37.45343132685808,744.279999999605,6459.479584881778
29215,37.45343132685808,744.299999999605,6459.535245790219
29216,37.45343132685808,744.319999999605,6459.590905736348
29217,37.45343132685808,744.339999999605,6459.646564720123
29218,37.45343132685808,744.359999999605,6459.7022227415055
29219,37.45343132685808,744.3799999996049,6459.757879800454
29220,37.39945066878497,744.3999999996049,6459.813535896929
29221,37.39945066878497,744.4199999996049,6459.86919103089
29222,37.39945066878497,744.4399999996049,6459.924845202297
29223,37.39945066878497,744.4599999996049,6459.980498411109
29224,37.45343132685808,744.4799999996048,6460.036150657347
29225,37.45343132685808,744.4999999996048,6460.091801941186
29226,37.45343132685808,744.5199999996048,6460.1474522626
29227,37.39945066878497,744.5399999996048,6460.203101621551
29228,37.39945066878497,744.5599999996048,6460.258750017996
29229,37.39945066878497,744.5799999996048,6460.314397451896
29230,37.39945066878497,744.5999999996047,6460.37004392321
29231,37.39945066878497,744.6199999996047,6460.425689431896
29232,37.39945066878497,744.6399999996047,6460.481333977915
29233,37.39945066878497,744.6599999996047,6460.536977561225
29234,37.39945066878497,744.6799999996047,6460.5926201817865
29235,37.39945066878497,744.6999999996046,6460.6482618395585
29236,37.39945066878497,744.7199999996046,6460.7039025345
29237,37.39945066878497,744.7399999996046,6460.759542266571
29238,37.39945066878497,744.7599999996046,6460.81518103573
29239,37.39945066878497,744.7799999996046,6460.870818841938
29240,37.39945066878497,744.7999999996046,6460.926455685152
29241,37.39945066878497,744.8199999996045,6460.982091565333
29242,37.39945066878497,744.8399999996045,6461.037726482439
29243,37.39945066878497,744.8599999996045,6461.093360436431
29244,37.39945066878497,744.8799999996045,6461.148993427267
29245,37.39945066878497,744.8999999996045,6461.204625454907
29246,37.39945066878497,744.9199999996044,6461.26025651931
29247,37.39945066878497,744.9399999996044,6461.315886620436
29248,37.39945066878497,744.9599999996044,6461.371515758243
29249,37.39945066878497,744.9799999996044,6461.427143932691
29250,37.39945066878497,744.9999999996044,6461.48277114374
29251,37.39945066878497,745.0199999996044,6461.538397391349
29252,37.39945066878497,745.0399999996043,6461.5940226754765
29253,37.39945066878497,745.0599999996043,6461.649646996083
29254,37.39945066878497,745.0799999996043,6461.705270353127
29255,37.39945066878497,745.0999999996043,6461.760892746569
29256,37.39945066878497,745.1199999996043,6461.8165141763675
29257,37.39945066878497,745.1399999996042,6461.8721346425045
29258,37.39945066878497,745.1599999996042,6461.927754147191
29259,37.39945066878497,745.1799999996042,6461.983372692439
29260,37.39945066878497,745.1999999996042,6462.038990278208
29261,37.39945066878497,745.2199999996042,6462.094606904457
29262,37.39945066878497,745.2399999996042,6462.150222571145
29263,37.39945066878497,745.2599999996041,6462.20583727823
29264,37.39945066878497,745.2799999996041,6462.2614510256735
29265,37.39945066878497,745.2999999996041,6462.317063813433
29266,37.39945066878497,745.3199999996041,6462.372675641469
29267,37.39945066878497,745.3399999996041,6462.428286509739
29268,37.39945066878497,745.359999999604,6462.483896418204
29269,37.39945066878497,745.379999999604,6462.539505366821
29270,37.39945066878497,745.399999999604,6462.59511335555
29271,37.39945066878497,745.419999999604,6462.65072038435
29272,37.39945066878497,745.439999999604,6462.706326453182
29273,37.39945066878497,745.459999999604,6462.761931562002
29274,37.39945066878497,745.4799999996039,6462.817535710772
29275,37.39945066878497,745.4999999996039,6462.87313889945
29276,37.39945066878497,745.5199999996039,6462.928741127995
29277,37.39945066878497,745.5399999996039,6462.984342396366
29278,37.39945066878497,745.5599999996039,6463.039942704522
29279,37.39945066878497,745.5799999996038,6463.095542052423
29280,37.39945066878497,745.5999999996038,6463.151140440028
29281,37.39945066878497,745.6199999996038,6463.2067378672955
29282,37.39945066878497,745.6399999996038,6463.262334334185
29283,37.39945066878497,745.6599999996038,6463.317929840656
29284,37.39945066878497,745.6799999996038,6463.373524386667
29285,37.39945066878497,745.6999999996037,6463.429117972178
29286,37.39945066878497,745.7199999996037,6463.484710597147
29287,37.39945066878497,745.7399999996037,6463.540302261534
29288,37.39945066878497,745.7599999996037,6463.595892965298
29289,37.39945066878497,745.7799999996037,6463.651482708398
29290,37.39945066878497,745.7999999996036,6463.707071490794
29291,37.39945066878497,745.8199999996036,6463.762659312444
29292,37.39945066878497,745.8399999996036,6463.818246173308
29293,37.39945066878497,745.8599999996036,6463.873832073344
29294,37.39945066878497,745.8799999996036,6463.929417012512
29295,37.39945066878497,745.8999999996036,6463.985000990771
29296,37.39945066878497,745.9199999996035,6464.040584008081
29297,37.39945066878497,745.9399999996035,6464.0961660644
29298,37.39945066878497,745.9599999996035,6464.151747159687
29299,37.39945066878497,745.9799999996035,6464.207327293902
29300,37.39945066878497,745.9999999996035,6464.2629064670045
29301,37.39945066878497,746.0199999996034,6464.318484678953
29302,37.39945066878497,746.0399999996034,6464.374061929706
29303,37.39945066878497,746.0599999996034,6464.429638219223
29304,37.39945066878497,746.0799999996034,6464.485213547465
29305,37.39945066878497,746.0999999996034,6464.540787914389
29306,37.39945066878497,746.1199999996034,6464.596361319954
29307,37.39945066878497,746.1399999996033,6464.65193376412
29308,37.39945066878497,746.1599999996033,6464.707505246923
29309,37.39945066878497,746.1799999996033,6464.763075770869
29310,37.39945066878497,746.1999999996033,6464.818645337785
29311,37.39945066878497,746.2199999996033,6464.874213947628
29312,37.39945066878497,746.2399999996032,6464.929781600358
29313,37.39945066878497,746.2599999996032,6464.985348295934
29314,37.39945066878497,746.2799999996032,6465.040914034315
29315,37.39945066878497,746.2999999996032,6465.0964788154615
29316,37.39945066878497,746.3199999996032,6465.152042639331
29317,37.39945066878497,746.3399999996032,6465.207605505883
29318,37.39945066878497,746.3599999996031,6465.263167415078
29319,37.39945066878497,746.3799999996031,6465.318728366875
29320,37.39945066878497,746.3999999996031,6465.374288361232
29321,37.39945066878497,746.4199999996031,6465.429847398109
29322,37.39945066878497,746.4399999996031,6465.485405477465
29323,37.39945066878497,746.459999999603,6465.54096259926
29324,37.39945066878497,746.479999999603,6465.596518763452
29325,37.39945066878497,746.499999999603,6465.652073970001
29326,37.39945066878497,746.519999999603,6465.707628218866
29327,37.39945066878497,746.539999999603,6465.763181510007
29328,37.39945066878497,746.559999999603,6465.818733843382
29329,37.39945066878497,746.5799999996029,6465.874285218951
29330,37.39945066878497,746.5999999996029,6465.929835636673
29331,37.39945066878497,746.6199999996029,6465.985385096507
29332,37.39945066878497,746.6399999996029,6466.040933598413
29333,37.39945066878497,746.6599999996029,6466.09648114235
29334,37.39945066878497,746.6799999996028,6466.152027728277
29335,37.39945066878497,746.6999999996028,6466.207573356153
29336,37.39945066878497,746.7199999996028,6466.263118025938
29337,37.39945066878497,746.7399999996028,6466.3186617375895
29338,37.39945066878497,746.7599999996028,6466.374204491069
29339,37.39945066878497,746.7799999996028,6466.429746286333
29340,37.39945066878497,746.7999999996027,6466.485287123343
29341,37.39945066878497,746.8199999996027,6466.540827002059
29342,37.39945066878497,746.8399999996027,6466.596365922438
29343,37.39945066878497,746.8599999996027,6466.65190388444
29344,37.39945066878497,746.8799999996027,6466.707440888024
29345,37.39945066878497,746.8999999996026,6466.762976933151
29346,37.39945066878497,746.9199999996026,6466.818512019778
29347,37.39945066878497,746.9399999996026,6466.874046147865
29348,37.39945066878497,746.9599999996026,6466.929579317371
29349,37.39945066878497,746.9799999996026,6466.985111528255
29350,37.39945066878497,746.9999999996026,6467.040642780478
29351,37.39945066878497,747.0199999996025,6467.096173073998
29352,37.39945066878497,747.0399999996025,6467.151702408774
29353,37.39945066878497,747.0599999996025,6467.207230784766
29354,37.39945066878497,747.0799999996025,6467.262758201932
29355,37.39945066878497,747.0999999996025,6467.318284660232
29356,37.39945066878497,747.1199999996024,6467.3738101596255
29357,37.39945066878497,747.1399999996024,6467.429334700071
29358,37.39945066878497,747.1599999996024,6467.484858281529
29359,37.39945066878497,747.1799999996024,6467.540380904087
29360,37.39945066878497,747.1999999996024,6467.5959025704815
29361,37.39945066878497,747.2199999996024,6467.651423282279
29362,37.39945066878497,747.2399999996023,6467.706943039439
29363,37.39945066878497,747.2599999996023,6467.762461841919
29364,37.39945066878497,747.2799999996023,6467.817979689678
29365,37.39945066878497,747.2999999996023,6467.873496582676
29366,37.39945066878497,747.3199999996023,6467.929012520871
29367,37.39945066878497,747.3399999996022,6467.984527504222
29368,37.39945066878497,747.3599999996022,6468.040041532687
29369,37.39945066878497,747.3799999996022,6468.095554606224
29370,37.39945066878497,747.3999999996022,6468.151066724793
29371,37.39945066878497,747.4199999996022,6468.2065778883525
29372,37.39945066878497,747.4399999996022,6468.262088096861
29373,37.39945066878497,747.4599999996021,6468.317597350277
29374,37.39945066878497,747.4799999996021,6468.3731056485585
29375,37.39945066878497,747.4999999996021,6468.428612991665
29376,37.39945066878497,747.5199999996021,6468.4841193795555
29377,37.39945066878497,747.5399999996021,6468.539624812188
29378,37.39945066878497,747.559999999602,6468.595129289521
29379,37.39945066878497,747.579999999602,6468.650632811514
29380,37.39945066878497,747.599999999602,6468.706135378125
29381,37.39945066878497,747.619999999602,6468.761636989312
29382,37.39945066878497,747.639999999602,6468.8171376450355
29383,37.39945066878497,747.659999999602,6468.872637345253
29384,37.39945066878497,747.6799999996019,6468.928136089923
29385,37.39945066878497,747.6999999996019,6468.9836338790055
29386,37.39945066878497,747.7199999996019,6469.039130712458
29387,37.39945066878497,747.7399999996019,6469.094626590239
29388,37.39945066878497,747.7599999996019,6469.150121512308
29389,37.39945066878497,747.7799999996018,6469.205615478623
29390,37.39945066878497,747.7999999996018,6469.261108489143
29391,37.39945066878497,747.8199999996018,6469.316600543827
29392,37.39945066878497,747.8399999996018,6469.372091642633
29393,37.39945066878497,747.8599999996018,6469.42758178552
29394,37.39945066878497,747.8799999996018,6469.4830709724465
29395,37.39945066878497,747.8999999996017,6469.538559203372
29396,37.39945066878497,747.9199999996017,6469.594046478254
29397,37.39945066878497,747.9399999996017,6469.649532797052
29398,37.39945066878497,747.9599999996017,6469.705018159725
29399,37.39945066878497,747.9799999996017,6469.760502566231
29400,37.39945066878497,747.9999999996016,6469.815986016528
29401,37.39945066878497,748.0199999996016,6469.871468510575
29402,37.39945066878497,748.0399999996016,6469.9269500483315
29403,37.39945066878497,748.0599999996016,6469.982430629756
29404,37.39945066878497,748.0799999996016,6470.037910254875
29405,37.39945066878497,748.0999999996016,6470.093388923855
29406,37.39945066878497,748.1199999996015,6470.148866636671
29407,37.39945066878497,748.1399999996015,6470.204343393284
29408,37.39945066878497,748.1599999996015,6470.259819193653
29409,37.39945066878497,748.1799999996015,6470.315294037739
29410,37.39945066878497,748.1999999996015,6470.3707679256895
29411,37.39945066878497,748.2199999996014,6470.42624086055
29412,37.39945066878497,748.2399999996014,6470.481712843666
29413,37.39945066878497,748.2599999996014,6470.537183874999
29414,37.39945066878497,748.2799999996014,6470.592653954508
29415,37.39945066878497,748.2999999996014,6470.648123082154
29416,37.39945066878497,748.3199999996014,6470.703591257897
29417,37.39945066878497,748.3399999996013,6470.759058481698
29418,37.345599554436276,748.3599999996013,6470.814524753518
29419,37.345599554436276,748.3799999996013,6470.869990073316
29420,37.345599554436276,748.3999999996013,6470.925454441054
29421,37.345599554436276,748.4199999996013,6470.980917856691
29422,37.345599554436276,748.4399999996012,6471.036380320189
29423,37.345599554436276,748.4599999996012,6471.091841831507
29424,37.345599554436276,748.4799999996012,6471.147302390606
29425,37.345599554436276,748.4999999996012,6471.202761997446
29426,37.345599554436276,748.5199999996012,6471.258220651988
29427,37.345599554436276,748.5399999996012,6471.313678354193
29428,37.345599554436276,748.5599999996011,6471.369135104021
29429,37.345599554436276,748.5799999996011,6471.424590901431
29430,37.345599554436276,748.5999999996011,6471.480045746385
29431,37.345599554436276,748.6199999996011,6471.535499638843
29432,37.345599554436276,748.6399999996011,6471.590952578766
29433,37.345599554436276,748.659999999601,6471.646404566113
29434,37.345599554436276,748.679999999601,6471.701855600846
29435,37.345599554436276,748.699999999601,6471.757305682925
29436,37.345599554436276,748.719999999601,6471.81275481231
29437,37.345599554436276,748.739999999601,6471.868202988962
29438,37.345599554436276,748.759999999601,6471.9236502128415
29439,37.345599554436276,748.7799999996009,6471.979096483908
29440,37.345599554436276,748.7999999996009,6472.0345418021225
29441,37.345599554436276,748.8199999996009,6472.089986167445
29442,37.345599554436276,748.8399999996009,6472.145429579837
29443,37.345599554436276,748.8599999996009,6472.200872039258
29444,37.345599554436276,748.8799999996008,6472.2563135456685
29445,37.345599554436276,748.8999999996008,6472.31175409903
29446,37.345599554436276,748.9199999996008,6472.367193699301
29447,37.345599554436276,748.9399999996008,6472.4226323464445
29448,37.345599554436276,748.9599999996008,6472.478070040419
29449,37.345599554436276,748.9799999996008,6472.533506781186
29450,37.345599554436276,748.9999999996007,6472.5889425687055
29451,37.345599554436276,749.0199999996007,6472.644377402938
29452,37.345599554436276,749.0399999996007,6472.699811283844
29453,37.345599554436276,749.0599999996007,6472.755244211383
29454,37.345599554436276,749.0799999996007,6472.810676185517
29455,37.345599554436276,749.0999999996006,6472.866107206206
29456,37.345599554436276,749.1199999996006,6472.92153727341
29457,37.345599554436276,749.1399999996006,6472.976966387089
29458,37.345599554436276,749.1599999996006,6473.032394547205
29459,37.345599554436276,749.1799999996006,6473.0878217537165
29460,37.345599554436276,749.1999999996005,6473.143248006586
29461,37.345599554436276,749.2199999996005,6473.198673305997
29462,37.345599554436276,749.2399999996005,6473.254097654954
29463,37.345599554436276,749.2599999996005,6473.3095210544425
29464,37.345599554436276,749.2799999996005,6473.364943504423
29465,37.345599554436276,749.2999999996005,6473.420365004855
29466,37.345599554436276,749.3199999996004,6473.4757855557
29467,37.345599554436276,749.3399999996004,6473.531205156918
29468,37.345599554436276,749.3599999996004,6473.586623808471
29469,37.345599554436276,749.3799999996004,6473.642041510318
29470,37.345599554436276,749.3999999996004,6473.6974582624225
29471,37.345599554436276,749.4199999996003,6473.752874064742
29472,37.345599554436276,749.4399999996003,6473.808288917239
29473,37.345599554436276,749.4599999996003,6473.863702819875
29474,37.345599554436276,749.4799999996003,6473.919115772608
29475,37.345599554436276,749.4999999996003,6473.974527775401
29476,37.345599554436276,749.5199999996003,6474.029938828214
29477,37.345599554436276,749.5399999996002,6474.0853489310075
29478,37.345599554436276,749.5599999996002,6474.140758083742
29479,37.345599554436276,749.5799999996002,6474.19616628638
29480,37.345599554436276,749.5999999996002,6474.25157353888
29481,37.345599554436276,749.6199999996002,6474.306979841203
29482,37.345599554436276,749.6399999996001,6474.362385193311
29483,37.345599554436276,749.6599999996001,6474.417789595163
29484,37.345599554436276,749.6799999996001,6474.4731930467215
29485,37.345599554436276,749.6999999996001,6474.528595547946
29486,37.345599554436276,749.7199999996001,6474.583997098797
29487,37.345599554436276,749.7399999996001,6474.639397699237
29488,37.345599554436276,749.7599999996,6474.694797349225
29489,37.345599554436276,749.7799999996,6474.7501960487225
29490,37.345599554436276,749.7999999996,6474.80559379769
29491,37.345599554436276,749.8199999996,6474.8609905960875
29492,37.345599554436276,749.8399999996,6474.916386443877
29493,37.345599554436276,749.8599999996,6474.971781341019
29494,37.345599554436276,749.8799999995999,6475.027175287473
29495,37.345599554436276,749.8999999995999,6475.082568283201
29496,37.345599554436276,749.9199999995999,6475.137960328163
29497,37.345599554436276,749.9399999995999,6475.19335142232
29498,37.345599554436276,749.9599999995999,6475.248741565633
29499,37.345599554436276,749.9799999995998,6475.3041307580625
29500,37.345599554436276,749.9999999995998,6475.3595189995685
29501,37.345599554436276,750.0199999995998,6475.414906290112
29502,37.345599554436276,750.0399999995998,6475.470292629655
29503,37.345599554436276,750.0599999995998,6475.525678018157
29504,37.345599554436276,750.0799999995997,6475.581062455579
29505,37.345599554436276,750.0999999995997,6475.636445941882
29506,37.345599554436276,750.1199999995997,6475.691828477026
29507,37.345599554436276,750.1399999995997,6475.747210060973
29508,37.345599554436276,750.1599999995997,6475.802590693682
29509,37.345599554436276,750.1799999995997,6475.857970375115
29510,37.345599554436276,750.1999999995996,6475.913349105232
29511,37.345599554436276,750.2199999995996,6475.968726883993
29512,37.345599554436276,750.2399999995996,6476.024103711647
29513,37.345599554436276,750.2599999995996,6476.079479591514
29514,37.345599554436276,750.2799999995996,6476.134854524355
29515,37.345599554436276,750.2999999995995,6476.190228510131
29516,37.345599554436276,750.3199999995995,6476.245601548802
29517,37.345599554436276,750.3399999995995,6476.300973640329
29518,37.345599554436276,750.3599999995995,6476.356344784673
29519,37.345599554436276,750.3799999995995,6476.411714981794
29520,37.345599554436276,750.3999999995995,6476.467084231654
29521,37.345599554436276,750.4199999995994,6476.522452534213
29522,37.345599554436276,750.4399999995994,6476.577819889432
29523,37.345599554436276,750.4599999995994,6476.633186297273
29524,37.345599554436276,750.4799999995994,6476.688551757696
29525,37.345599554436276,750.4999999995994,6476.743916270661
29526,37.345599554436276,750.5199999995993,6476.79927983613
29527,37.345599554436276,750.5399999995993,6476.854642454064
29528,37.345599554436276,750.5599999995993,6476.910004124422
29529,37.345599554436276,750.5799999995993,6476.965364847167
29530,37.345599554436276,750.5999999995993,6477.020724622258
29531,37.345599554436276,750.6199999995993,6477.076083449657
29532,37.345599554436276,750.6399999995992,6477.131441329325
29533,37.345599554436276,750.6599999995992,6477.186798261222
29534,37.345599554436276,750.6799999995992,6477.242154245309
29535,37.345599554436276,750.6999999995992,6477.297509281548
29536,37.345599554436276,750.7199999995992,6477.352863369898
29537,37.345599554436276,750.7399999995991,6477.408216510321
29538,37.345599554436276,750.7599999995991,6477.463568702778
29539,37.345599554436276,750.7799999995991,6477.518919947228
29540,37.345599554436276,750.7999999995991,6477.574270243634
29541,37.345599554436276,750.8199999995991,6477.629619591956
29542,37.345599554436276,750.8399999995991,6477.684967992154
29543,37.345599554436276,750.859999999599,6477.740315444191
29544,37.345599554436276,750.879999999599,6477.795661948026
29545,37.345599554436276,750.899999999599,6477.85100750362
29546,37.345599554436276,750.919999999599,6477.906352110935
29547,37.345599554436276,750.939999999599,6477.96169576993
29548,37.345599554436276,750.959999999599,6478.017038480568
29549,37.345599554436276,750.9799999995989,6478.072380242808
29550,37.345599554436276,750.9999999995989,6478.127721056612
29551,37.345599554436276,751.0199999995989,6478.1830609219405
29552,37.345599554436276,751.0399999995989,6478.238399838754
29553,37.345599554436276,751.0599999995989,6478.293737807014
29554,37.345599554436276,751.0799999995988,6478.34907482668
29555,37.345599554436276,751.0999999995988,6478.404410897715
29556,37.345599554436276,751.1199999995988,6478.459746020078
29557,37.345599554436276,751.1399999995988,6478.51508019373
29558,37.345599554436276,751.1599999995988,6478.570413418633
29559,37.345599554436276,751.1799999995987,6478.625745694746
29560,37.345599554436276,751.1999999995987,6478.681077022032
29561,37.345599554436276,751.2199999995987,6478.73640740045
29562,37.345599554436276,751.2399999995987,6478.791736829962
29563,37.345599554436276,751.2599999995987,6478.847065310877
29564,37.345599554436276,751.2799999995987,6478.902392846849
29565,37.345599554436276,751.2999999995986,6478.957719438391
29566,37.345599554436276,751.3199999995986,6479.013045085465
29567,37.345599554436276,751.3399999995986,6479.06836978803
29568,37.345599554436276,751.3599999995986,6479.123693546049
29569,37.345599554436276,751.3799999995986,6479.1790163594815
29570,37.345599554436276,751.3999999995985,6479.234338228288
29571,37.345599554436276,751.4199999995985,6479.2896591524295
29572,37.345599554436276,751.4399999995985,6479.344979131866
29573,37.345599554436276,751.4599999995985,6479.40029816656
29574,37.345599554436276,751.4799999995985,6479.45561625647
29575,37.345599554436276,751.4999999995985,6479.510933401559
29576,37.345599554436276,751.5199999995984,6479.566249601785
29577,37.345599554436276,751.5399999995984,6479.621564857111
29578,37.345599554436276,751.5599999995984,6479.676879167496
29579,37.345599554436276,751.5799999995984,6479.7321925329015
29580,37.345599554436276,751.5999999995984,6479.787504953289
29581,37.345599554436276,751.6199999995983,6479.842816428617
29582,37.345599554436276,751.6399999995983,6479.898126958848
29583,37.345599554436276,751.6599999995983,6479.953436543942
29584,37.345599554436276,751.6799999995983,6480.008745183867
29585,37.345599554436276,751.6999999995983,6480.064052878744
29586,37.345599554436276,751.7199999995983,6480.119359628632
29587,37.345599554436276,751.7399999995982,6480.17466543349
29588,37.345599554436276,751.7599999995982,6480.229970293278
29589,37.345599554436276,751.7799999995982,6480.285274207954
29590,37.345599554436276,751.7999999995982,6480.340577177479
29591,37.345599554436276,751.8199999995982,6480.395879201812
29592,37.345599554436276,751.8399999995981,6480.451180280914
29593,37.345599554436276,751.8599999995981,6480.506480414743
29594,37.345599554436276,751.8799999995981,6480.56177960326
29595,37.345599554436276,751.8999999995981,6480.617077846424
29596,37.345599554436276,751.9199999995981,6480.672375144194
29597,37.345599554436276,751.9399999995981,6480.72767149653
29598,37.345599554436276,751.959999999598,6480.782966903393
29599,37.345599554436276,751.979999999598,6480.83826136474
29600,37.345599554436276,751.999999999598,6480.893554880533
29601,37.345599554436276,752.019999999598,6480.948847450731
29602,37.345599554436276,752.039999999598,6481.004139075293
29603,37.345599554436276,752.059999999598,6481.059429754179
29604,37.345599554436276,752.0799999995979,6481.114719487349
29605,37.345599554436276,752.0999999995979,6481.170008274762
29606,37.345599554436276,752.1199999995979,6481.225296116379
29607,37.345599554436276,752.1399999995979,6481.280583012157
29608,37.345599554436276,752.1599999995979,6481.335868962058
29609,37.291877548995615,752.1799999995978,6481.391153966041
29610,37.291877548995615,752.1999999995978,6481.446438024065
29611,37.291877548995615,752.2199999995978,6481.501721136091
29612,37.291877548995615,752.2399999995978,6481.557003302078
29613,37.291877548995615,752.2599999995978,6481.612284521984
29614,37.291877548995615,752.2799999995977,6481.667564796222
29615,37.291877548995615,752.2999999995977,6481.72284412825
29616,37.291877548995615,752.3199999995977,6481.778122518367
29617,37.291877548995615,752.3399999995977,6481.8333999665365
29618,37.291877548995615,752.3599999995977,6481.888676472719
29619,37.291877548995615,752.3799999995977,6481.943952036879
29620,37.291877548995615,752.3999999995976,6481.999226658975
29621,37.291877548995615,752.4199999995976,6482.05450033897
29622,37.291877548995615,752.4399999995976,6482.109773076825
29623,37.291877548995615,752.4599999995976,6482.165044872503
29624,37.291877548995615,752.4799999995976,6482.2203157259655
29625,37.291877548995615,752.4999999995975,6482.275585637174
29626,37.291877548995615,752.5199999995975,6482.33085460609
29627,37.291877548995615,752.5399999995975,6482.386122632675
29628,37.291877548995615,752.5599999995975,6482.4413897168915
29629,37.291877548995615,752.5799999995975,6482.496655858701
29630,37.291877548995615,752.5999999995975,6482.551921058065
29631,37.291877548995615,752.6199999995974,6482.607185314945
29632,37.291877548995615,752.6399999995974,6482.662448629303
29633,37.291877548995615,752.6599999995974,6482.717711001102
29634,37.291877548995615,752.6799999995974,6482.772972430302
29635,37.291877548995615,752.6999999995974,6482.828232916865
29636,37.291877548995615,752.7199999995973,6482.883492460754
29637,37.291877548995615,752.7399999995973,6482.938751061929
29638,37.291877548995615,752.7599999995973,6482.994008720352
29639,37.291877548995615,752.7799999995973,6483.049265435986
29640,37.291877548995615,752.7999999995973,6483.104521208792
29641,37.291877548995615,752.8199999995973,6483.159776038731
29642,37.291877548995615,752.8399999995972,6483.215029925766
29643,37.291877548995615,752.8599999995972,6483.270282869859
29644,37.291877548995615,752.8799999995972,6483.325534870971
29645,37.291877548995615,752.8999999995972,6483.380785929063
29646,37.291877548995615,752.9199999995972,6483.436036044098
29647,37.291877548995615,752.9399999995971,6483.491285216037
29648,37.291877548995615,752.9599999995971,6483.546533444842
29649,37.291877548995615,752.9799999995971,6483.601780730475
29650,37.291877548995615,752.9999999995971,6483.657027072898
29651,37.291877548995615,753.0199999995971,6483.712272472072
29652,37.291877548995615,753.0399999995971,6483.767516927959
29653,37.291877548995615,753.059999999597,6483.822760440521
29654,37.291877548995615,753.079999999597,6483.87800300972
29655,37.291877548995615,753.099999999597,6483.933244635516
29656,37.291877548995615,753.119999999597,6483.988485317872
29657,37.291877548995615,753.139999999597,6484.04372505675
29658,37.291877548995615,753.159999999597,6484.098963852112
29659,37.291877548995615,753.1799999995969,6484.154201703919
29660,37.291877548995615,753.1999999995969,6484.209438612133
29661,37.291877548995615,753.2199999995969,6484.264674576716
29662,37.291877548995615,753.2399999995969,6484.31990959763
29663,37.291877548995615,753.2599999995969,6484.375143674835
29664,37.291877548995615,753.2799999995968,6484.4303768082955
29665,37.291877548995615,753.2999999995968,6484.485608998679
29666,37.291877548995615,753.3199999995968,6484.540840249263
29667,37.291877548995615,753.3399999995968,6484.5960705603
29668,37.291877548995615,753.3599999995968,6484.65129993175
29669,37.291877548995615,753.3799999995967,6484.706528363574
29670,37.291877548995615,753.3999999995967,6484.761755855732
29671,37.291877548995615,753.4199999995967,6484.816982408186
29672,37.291877548995615,753.4399999995967,6484.872208020896
29673,37.291877548995615,753.4599999995967,6484.927432693824
29674,37.291877548995615,753.4799999995967,6484.982656426931
29675,37.291877548995615,753.4999999995966,6485.037879220176
29676,37.291877548995615,753.5199999995966,6485.093101073522
29677,37.291877548995615,753.5399999995966,6485.148321986929
29678,37.291877548995615,753.5599999995966,6485.203541960357
29679,37.291877548995615,753.5799999995966,6485.258760993768
29680,37.291877548995615,753.5999999995965,6485.313979087123
29681,37.291877548995615,753.6199999995965,6485.369196240383
29682,37.291877548995615,753.6399999995965,6485.424412453508
29683,37.291877548995615,753.6599999995965,6485.4796277264595
29684,37.291877548995615,753.6799999995965,6485.534842059198
29685,37.291877548995615,753.6999999995965,6485.590055451685
29686,37.291877548995615,753.7199999995964,6485.64526790388
29687,37.291877548995615,753.7399999995964,6485.7004794157465
29688,37.291877548995615,753.7599999995964,6485.755689987243
29689,37.291877548995615,753.7799999995964,6485.810899618332
29690,37.291877548995615,753.7999999995964,6485.866108308973
29691,37.291877548995615,753.8199999995963,6485.921316059127
29692,37.291877548995615,753.8399999995963,6485.976522868756
29693,37.291877548995615,753.8599999995963,6486.03172873782
29694,37.291877548995615,753.8799999995963,6486.086933666281
29695,37.291877548995615,753.8999999995963,6486.142137654098
29696,37.291877548995615,753.9199999995963,6486.197340701234
29697,37.291877548995615,753.9399999995962,6486.252542807649
29698,37.291877548995615,753.9599999995962,6486.307743973303
29699,37.291877548995615,753.9799999995962,6486.362944198158
29700,37.291877548995615,753.9999999995962,6486.418143482175
29701,37.291877548995615,754.0199999995962,6486.4733418253145
29702,37.291877548995615,754.0399999995961,6486.528539227537
29703,37.291877548995615,754.0599999995961,6486.583735688804
29704,37.291877548995615,754.0799999995961,6486.638931209077
29705,37.291877548995615,754.0999999995961,6486.694125788315
29706,37.291877548995615,754.1199999995961,6486.749319426481
29707,37.291877548995615,754.1399999995961,6486.804512123535
29708,37.291877548995615,754.159999999596,6486.859703879437
29709,37.291877548995615,754.179999999596,6486.914894694149
29710,37.291877548995615,754.199999999596,6486.970084567632
29711,37.291877548995615,754.219999999596,6487.025273499846
29712,37.291877548995615,754.239999999596,6487.080461490753
29713,37.291877548995615,754.259999999596,6487.135648540313
29714,37.291877548995615,754.2799999995959,6487.190834648487
29715,37.291877548995615,754.2999999995959,6487.246019815237
29716,37.291877548995615,754.3199999995959,6487.301204041498
29717,37.291877548995615,754.3399999995959,6487.356387330389
29718,37.291877548995615,754.3599999995959,6487.411569682114
29719,37.291877548995615,754.3799999995958,6487.466751096632
29720,37.291877548995615,754.3999999995958,6487.521931573905
29721,37.291877548995615,754.4199999995958,6487.577111113895
29722,37.291877548995615,754.4399999995958,6487.632289716561
29723,37.291877548995615,754.4599999995958,6487.687467381866
29724,37.291877548995615,754.4799999995957,6487.742644109769
29725,37.291877548995615,754.4999999995957,6487.797819900232
29726,37.291877548995615,754.5199999995957,6487.852994753215
29727,37.291877548995615,754.5399999995957,6487.90816866868
29728,37.291877548995615,754.5599999995957,6487.963341646589
29729,37.291877548995615,754.5799999995957,6488.0185136869
29730,37.291877548995615,754.5999999995956,6488.073684789577
29731,37.291877548995615,754.6199999995956,6488.128854954579
29732,37.291877548995615,754.6399999995956,6488.184024181867
29733,37.291877548995615,754.6599999995956,6488.239192471403
29734,37.291877548995615,754.6799999995956,6488.294359823148
29735,37.291877548995615,754.6999999995955,6488.349526237062
29736,37.291877548995615,754.7199999995955,6488.404691713105
29737,37.291877548995615,754.7399999995955,6488.459856251241
29738,37.291877548995615,754.7599999995955,6488.515019851428
29739,37.291877548995615,754.7799999995955,6488.570182513629
29740,37.291877548995615,754.7999999995955,6488.625344237805
29741,37.291877548995615,754.8199999995954,6488.680505023915
29742,37.291877548995615,754.8399999995954,6488.735664871922
29743,37.291877548995615,754.8599999995954,6488.7908237817865
29744,37.291877548995615,754.8799999995954,6488.845981753469
29745,37.291877548995615,754.8999999995954,6488.90113878693
29746,37.291877548995615,754.9199999995953,6488.95629488213
29747,37.291877548995615,754.9399999995953,6489.011450039032
29748,37.291877548995615,754.9599999995953,6489.066604257596
29749,37.291877548995615,754.9799999995953,6489.121757537782
29750,37.291877548995615,754.9999999995953,6489.176909879553
29751,37.291877548995615,755.0199999995953,6489.232061282868
29752,37.291877548995615,755.0399999995952,6489.287211747689
29753,37.291877548995615,755.0599999995952,6489.342361273977
29754,37.291877548995615,755.0799999995952,6489.397509861693
29755,37.291877548995615,755.0999999995952,6489.4526575107975
29756,37.291877548995615,755.1199999995952,6489.507804221252
29757,37.291877548995615,755.1399999995951,6489.562949993016
29758,37.291877548995615,755.1599999995951,6489.618094826053
29759,37.291877548995615,755.1799999995951,6489.673238720321
29760,37.291877548995615,755.1999999995951,6489.728381675784
29761,37.291877548995615,755.2199999995951,6489.7835236924
29762,37.291877548995615,755.239999999595,6489.838664770133
29763,37.291877548995615,755.259999999595,6489.893804908942
29764,37.291877548995615,755.279999999595,6489.948944108788
29765,37.291877548995615,755.299999999595,6490.004082369635
29766,37.291877548995615,755.319999999595,6490.0592196915495
29767,37.291877548995615,755.339999999595,6490.114356075853
29768,37.291877548995615,755.359999999595,6490.169491525562
29769,37.291877548995615,755.3799999995949,6490.224626040836
29770,37.291877548995615,755.3999999995949,6490.279759621634
29771,37.291877548995615,755.4199999995949,6490.334892267919
29772,37.291877548995615,755.4399999995949,6490.39002397965
29773,37.291877548995615,755.4599999995949,6490.44515475679
29774,37.291877548995615,755.4799999995948,6490.500284599298
29775,37.291877548995615,755.4999999995948,6490.555413507135
29776,37.291877548995615,755.5199999995948,6490.610541480262
29777,37.291877548995615,755.5399999995948,6490.665668518641
29778,37.291877548995615,755.5599999995948,6490.720794622232
29779,37.291877548995615,755.5799999995947,6490.775919790995
29780,37.291877548995615,755.5999999995947,6490.831044024892
29781,37.291877548995615,755.6199999995947,6490.886167323884
29782,37.291877548995615,755.6399999995947,6490.941289687932
29783,37.291877548995615,755.6599999995947,6490.996411116996
29784,37.291877548995615,755.6799999995947,6491.051531611037
29785,37.291877548995615,755.6999999995946,6491.106651170016
29786,37.291877548995615,755.7199999995946,6491.161769793895
29787,37.291877548995615,755.7399999995946,6491.216887482633
29788,37.291877548995615,755.7599999995946,6491.272004236192
29789,37.291877548995615,755.7799999995946,6491.327120054532
29790,37.291877548995615,755.7999999995945,6491.382234937615
29791,37.291877548995615,755.8199999995945,6491.437348885402
29792,37.291877548995615,755.8399999995945,6491.492461897852
29793,37.291877548995615,755.8599999995945,6491.547573974928
29794,37.291877548995615,755.8799999995945,6491.60268511659
29795,37.291877548995615,755.8999999995945,6491.657795322798
29796,37.291877548995615,755.9199999995944,6491.712904593514
29797,37.291877548995615,755.9399999995944,6491.768012928699
29798,37.291877548995615,755.9599999995944,6491.823120328313
29799,37.291877548995615,755.9799999995944,6491.878226792318
29800,37.291877548995615,755.9999999995944,6491.933332320674
29801,37.23828421952125,756.0199999995943,6491.9884369133415
29802,37.23828421952125,756.0399999995943,6492.043540570283
29803,37.23828421952125,756.0599999995943,6492.098643291458
29804,37.23828421952125,756.0799999995943,6492.153745076827
29805,37.23828421952125,756.0999999995943,6492.208845926352
29806,37.23828421952125,756.1199999995943,6492.2639458399935
29807,37.23828421952125,756.1399999995942,6492.319044817713
29808,37.23828421952125,756.1599999995942,6492.37414285947
29809,37.23828421952125,756.1799999995942,6492.429239965227
29810,37.23828421952125,756.1999999995942,6492.484336134943
29811,37.23828421952125,756.2199999995942,6492.53943136858
29812,37.23828421952125,756.2399999995941,6492.594525666099
29813,37.23828421952125,756.2599999995941,6492.64961902746
29814,37.23828421952125,756.2799999995941,6492.704711452625
29815,37.23828421952125,756.2999999995941,6492.759802941555
29816,37.23828421952125,756.3199999995941,6492.81489349421
29817,37.23828421952125,756.339999999594,6492.869983110551
29818,37.23828421952125,756.359999999594,6492.925071791962
29819,37.23828421952125,756.379999999594,6492.980159541021
29820,37.23828421952125,756.399999999594,6493.035246357821
29821,37.23828421952125,756.419999999594,6493.090332242324
29822,37.23828421952125,756.439999999594,6493.145417194491
29823,37.23828421952125,756.459999999594,6493.200501214283
29824,37.23828421952125,756.4799999995939,6493.255584301662
29825,37.23828421952125,756.4999999995939,6493.3106664565885
29826,37.23828421952125,756.5199999995939,6493.365747679025
29827,37.23828421952125,756.5399999995939,6493.420827968932
29828,37.23828421952125,756.5599999995939,6493.475907326271
29829,37.23828421952125,756.5799999995938,6493.530985751004
29830,37.23828421952125,756.5999999995938,6493.58606324309
29831,37.23828421952125,756.6199999995938,6493.641139802493
29832,37.23828421952125,756.6399999995938,6493.696215429173
29833,37.23828421952125,756.6599999995938,6493.751290123092
29834,37.23828421952125,756.6799999995937,6493.80636388421
29835,37.23828421952125,756.6999999995937,6493.86143671249
29836,37.23828421952125,756.7199999995937,6493.916508607892
29837,37.23828421952125,756.7399999995937,6493.971579570377
29838,37.23828421952125,756.7599999995937,6494.026649599907
29839,37.23828421952125,756.7799999995937,6494.081718696443
29840,37.23828421952125,756.7999999995936,6494.136786859947
29841,37.23828421952125,756.8199999995936,6494.19185409038
29842,37.23828421952125,756.8399999995936,6494.246920387703
29843,37.23828421952125,756.8599999995936,6494.3019857518775
29844,37.23828421952125,756.8799999995936,6494.357050182864
29845,37.23828421952125,756.8999999995935,6494.412113680626
29846,37.23828421952125,756.9199999995935,6494.467176245123
29847,37.23828421952125,756.9399999995935,6494.522237876316
29848,37.23828421952125,756.9599999995935,6494.577298574167
29849,37.23828421952125,756.9799999995935,6494.6323583386375
29850,37.23828421952125,756.9999999995935,6494.687417169689
29851,37.23828421952125,757.0199999995934,6494.742475067283
29852,37.23828421952125,757.0399999995934,6494.797532031379
29853,37.23828421952125,757.0599999995934,6494.85258806194
29854,37.23828421952125,757.0799999995934,6494.9076431589265
29855,37.23828421952125,757.0999999995934,6494.9626973223
29856,37.23828421952125,757.1199999995933,6495.017750552022
29857,37.23828421952125,757.1399999995933,6495.072802848054
29858,37.23828421952125,757.1599999995933,6495.127854210357
29859,37.23828421952125,757.1799999995933,6495.182904638893
29860,37.23828421952125,757.1999999995933,6495.237954133622
29861,37.23828421952125,757.2199999995933,6495.293002694506
29862,37.23828421952125,757.2399999995932,6495.348050321506
29863,37.23828421952125,757.2599999995932,6495.403097014584
29864,37.23828421952125,757.2799999995932,6495.458142773701
29865,37.23828421952125,757.2999999995932,6495.513187598818
29866,37.23828421952125,757.3199999995932,6495.568231489897
29867,37.23828421952125,757.3399999995931,6495.623274446898
29868,37.23828421952125,757.3599999995931,6495.678316469784
29869,37.23828421952125,757.3799999995931,6495.733357560243
29870,37.23828421952125,757.3999999995931,6495.788397720747
29871,37.23828421952125,757.4199999995931,6495.8434369513425
29872,37.23828421952125,757.439999999593,6495.898475251991
29873,37.23828421952125,757.459999999593,6495.953512622655
29874,37.23828421952125,757.479999999593,6496.008549063295
29875,37.23828421952125,757.499999999593,6496.0635845738725
29876,37.23828421952125,757.519999999593,6496.118619154349
29877,37.23828421952125,757.539999999593,6496.173652804687
29878,37.23828421952125,757.559999999593,6496.228685524847
29879,37.23828421952125,757.5799999995929,6496.28371731479
29880,37.23828421952125,757.5999999995929,6496.3387481744785
29881,37.23828421952125,757.6199999995929,6496.393778103874
29882,37.23828421952125,757.6399999995929,6496.448807102937
29883,37.23828421952125,757.6599999995929,6496.50383517163
29884,37.23828421952125,757.6799999995928,6496.558862309915
29885,37.23828421952125,757.6999999995928,6496.613888517752
29886,37.23828421952125,757.7199999995928,6496.6689137951025
29887,37.23828421952125,757.7399999995928,6496.7239381419295
29888,37.23828421952125,757.7599999995928,6496.778961558193
29889,37.23828421952125,757.7799999995927,6496.833984043856
29890,37.23828421952125,757.7999999995927,6496.889005598879
29891,37.23828421952125,757.8199999995927,6496.944026223223
29892,37.23828421952125,757.8399999995927,6496.99904591685
29893,37.23828421952125,757.8599999995927,6497.054064679723
29894,37.23828421952125,757.8799999995927,6497.109082511801
29895,37.23828421952125,757.8999999995926,6497.164099413047
29896,37.23828421952125,757.9199999995926,6497.219115383422
29897,37.23828421952125,757.9399999995926,6497.2741304228875
29898,37.23828421952125,757.9599999995926,6497.329144531405
29899,37.23828421952125,757.9799999995926,6497.384157708936
29900,37.23828421952125,757.9999999995925,6497.439169955443
29901,37.23828421952125,758.0199999995925,6497.494181270886
29902,37.23828421952125,758.0399999995925,6497.549191655226
29903,37.23828421952125,758.0599999995925,6497.604201108427
29904,37.23828421952125,758.0799999995925,6497.6592096304485
29905,37.23828421952125,758.0999999995925,6497.7142172212525
29906,37.23828421952125,758.1199999995924,6497.7692238808
29907,37.23828421952125,758.1399999995924,6497.824229609054
29908,37.23828421952125,758.1599999995924,6497.879234405975
29909,37.23828421952125,758.1799999995924,6497.934238271524
29910,37.23828421952125,758.1999999995924,6497.989241205663
29911,37.23828421952125,758.2199999995923,6498.044243208355
29912,37.23828421952125,758.2399999995923,6498.099244279559
29913,37.23828421952125,758.2599999995923,6498.154244419237
29914,37.23828421952125,758.2799999995923,6498.209243627352
29915,37.23828421952125,758.2999999995923,6498.264241903865
29916,37.23828421952125,758.3199999995923,6498.319239248736
29917,37.23828421952125,758.3399999995922,6498.374235661929
29918,37.23828421952125,758.3599999995922,6498.429231143403
29919,37.23828421952125,758.3799999995922,6498.484225693121
29920,37.23828421952125,758.3999999995922,6498.539219313031
29921,37.23828421952125,758.4199999995922,6498.594212005403
29922,37.23828421952125,758.4399999995921,6498.649203770235
29923,37.23828421952125,758.4599999995921,6498.704194607487
29924,37.23828421952125,758.4799999995921,6498.759184517121
29925,37.23828421952125,758.4999999995921,6498.8141734990995
29926,37.23828421952125,758.5199999995921,6498.8691615533835
29927,37.23828421952125,758.539999999592,6498.924148679935
29928,37.23828421952125,758.559999999592,6498.979134878715
29929,37.23828421952125,758.579999999592,6499.034120149686
29930,37.23828421952125,758.599999999592,6499.089104492809
29931,37.23828421952125,758.619999999592,6499.1440879080465
29932,37.23828421952125,758.639999999592,6499.199070395359
29933,37.23828421952125,758.659999999592,6499.254051954708
29934,37.23828421952125,758.6799999995919,6499.309032586057
29935,37.23828421952125,758.6999999995919,6499.364012289366
29936,37.23828421952125,758.7199999995919,6499.418991064597
29937,37.23828421952125,758.7399999995919,6499.473968911712
29938,37.23828421952125,758.7599999995919,6499.528945830673
29939,37.23828421952125,758.7799999995918,6499.583921821441
29940,37.23828421952125,758.7999999995918,6499.638896883978
29941,37.23828421952125,758.8199999995918,6499.693871018245
29942,37.23828421952125,758.8399999995918,6499.748844224204
29943,37.23828421952125,758.8599999995918,6499.803816501817
29944,37.23828421952125,758.8799999995917,6499.858787851045
29945,37.23828421952125,758.8999999995917,6499.91375827185
29946,37.23828421952125,758.9199999995917,6499.968727764194
29947,37.23828421952125,758.9399999995917,6500.02369632806
29948,37.23828421952125,758.9599999995917,6500.078663963647
29949,37.23828421952125,758.9799999995917,6500.133630670958
29950,37.23828421952125,758.9999999995916,6500.188596449956
29951,37.23828421952125,759.0199999995916,6500.243561300603
29952,37.23828421952125,759.0399999995916,6500.29852522286
29953,37.23828421952125,759.0599999995916,6500.35348821669
29954,37.23828421952125,759.0799999995916,6500.408450282053
29955,37.23828421952125,759.0999999995915,6500.463411418913
29956,37.23828421952125,759.1199999995915,6500.51837162723
29957,37.23828421952125,759.1399999995915,6500.573330906967
29958,37.23828421952125,759.1599999995915,6500.628289258087
29959,37.23828421952125,759.1799999995915,6500.68324668055
29960,37.23828421952125,759.1999999995915,6500.738203174318
29961,37.23828421952125,759.2199999995914,6500.793158739354
29962,37.23828421952125,759.2399999995914,6500.8481133756195
29963,37.23828421952125,759.2599999995914,6500.903067083076
29964,37.23828421952125,759.2799999995914,6500.958019861686
29965,37.23828421952125,759.2999999995914,6501.012971711411
29966,37.23828421952125,759.3199999995913,6501.067922632214
29967,37.23828421952125,759.3399999995913,6501.122872624055
29968,37.23828421952125,759.3599999995913,6501.177821686897
29969,37.23828421952125,759.3799999995913,6501.232769820702
29970,37.23828421952125,759.3999999995913,6501.287717025447
29971,37.23828421952125,759.4199999995913,6501.342663303403
29972,37.23828421952125,759.4399999995912,6501.397608656695
29973,37.23828421952125,759.4599999995912,6501.452553085285
29974,37.23828421952125,759.4799999995912,6501.5074965891345
29975,37.23828421952125,759.4999999995912,6501.562439168205
29976,37.23828421952125,759.5199999995912,6501.617380822459
29977,37.23828421952125,759.5399999995911,6501.672321551859
29978,37.23828421952125,759.5599999995911,6501.727261356365
29979,37.23828421952125,759.5799999995911,6501.782200235939
29980,37.23828421952125,759.5999999995911,6501.837138190544
29981,37.23828421952125,759.6199999995911,6501.892075220141
29982,37.23828421952125,759.639999999591,6501.9470113246925
29983,37.23828421952125,759.659999999591,6502.00194650416
29984,37.23828421952125,759.679999999591,6502.056880758504
29985,37.23828421952125,759.699999999591,6502.111814087688
29986,37.23828421952125,759.719999999591,6502.166746491674
29987,37.23828421952125,759.739999999591,6502.221677970422
29988,37.23828421952125,759.759999999591,6502.276608523895
29989,37.23828421952125,759.7799999995909,6502.331538152055
29990,37.23828421952125,759.7999999995909,6502.386466854864
29991,37.23828421952125,759.8199999995909,6502.441394632283
29992,37.23828421952125,759.8399999995909,6502.496321484274
29993,37.23828421952125,759.8599999995909,6502.551247410799
29994,37.18481913493624,759.8799999995908,6502.60617241182
29995,37.18481913493624,759.8999999995908,6502.661096487298
29996,37.18481913493624,759.9199999995908,6502.716019637195
29997,37.18481913493624,759.9399999995908,6502.770941861474
29998,37.18481913493624,759.9599999995908,6502.825863160096
29999,37.18481913493624,759.9799999995907,6502.880783533023
30000,37.18481913493624,759.9999999995907,6502.935702980216
30001,37.18481913493624,760.0199999995907,6502.990621501637
30002,37.18481913493624,760.0399999995907,6503.045539097249
30003,37.18481913493624,760.0599999995907,6503.100455767013
30004,37.18481913493624,760.0799999995907,6503.15537151089
30005,37.18481913493624,760.0999999995906,6503.210286328844
30006,37.18481913493624,760.1199999995906,6503.265200220834
30007,37.18481913493624,760.1399999995906,6503.3201131868245
30008,37.18481913493624,760.1599999995906,6503.3750252267755
30009,37.18481913493624,760.1799999995906,6503.42993634065
30010,37.18481913493624,760.1999999995905,6503.4848465284085
30011,37.18481913493624,760.2199999995905,6503.539755790014
30012,37.18481913493624,760.2399999995905,6503.594664125428
30013,37.18481913493624,760.2599999995905,6503.649571534612
30014,37.18481913493624,760.2799999995905,6503.704478017528
30015,37.18481913493624,760.2999999995905,6503.759383574138
30016,37.18481913493624,760.3199999995904,6503.814288204404
30017,37.18481913493624,760.3399999995904,6503.869191908287
30018,37.18481913493624,760.3599999995904,6503.924094685749
30019,37.18481913493624,760.3799999995904,6503.978996536753
30020,37.18481913493624,760.3999999995904,6504.033897461259
30021,37.18481913493624,760.4199999995903,6504.088797459293
30022,37.18481913493624,760.4399999995903,6504.143696533125
30023,37.18481913493624,760.4599999995903,6504.198594684456
30024,37.18481913493624,760.4799999995903,6504.253491913248
30025,37.18481913493624,760.4999999995903,6504.308388219461
30026,37.18481913493624,760.5199999995903,6504.363283603059
30027,37.18481913493624,760.5399999995902,6504.418178064003
30028,37.18481913493624,760.5599999995902,6504.473071602254
30029,37.18481913493624,760.5799999995902,6504.527964217774
30030,37.18481913493624,760.5999999995902,6504.582855910525
30031,37.18481913493624,760.6199999995902,6504.637746680468
30032,37.18481913493624,760.6399999995901,6504.692636527565
30033,37.18481913493624,760.6599999995901,6504.747525451778
30034,37.18481913493624,760.6799999995901,6504.802413453068
30035,37.18481913493624,760.6999999995901,6504.857300531397
30036,37.18481913493624,760.7199999995901,6504.912186686728
30037,37.18481913493624,760.73999999959,6504.967071919021
30038,37.18481913493624,760.75999999959,6505.021956228238
30039,37.18481913493624,760.77999999959,6505.076839614341
30040,37.18481913493624,760.79999999959,6505.131722077292
30041,37.18481913493624,760.81999999959,6505.186603617051
30042,37.18481913493624,760.83999999959,6505.241484233582
30043,37.18481913493624,760.85999999959,6505.296363926845
30044,37.18481913493624,760.8799999995899,6505.351242696802
30045,37.18481913493624,760.8999999995899,6505.406120543415
30046,37.18481913493624,760.9199999995899,6505.460997466646
30047,37.18481913493624,760.9399999995899,6505.5158734664565
30048,37.18481913493624,760.9599999995899,6505.570748542807
30049,37.18481913493624,760.9799999995898,6505.625622695661
30050,37.18481913493624,760.9999999995898,6505.680495924979
30051,37.18481913493624,761.0199999995898,6505.735368230724
30052,37.18481913493624,761.0399999995898,6505.790239612856
30053,37.18481913493624,761.0599999995898,6505.845110071337
30054,37.18481913493624,761.0799999995897,6505.89997960613
30055,37.18481913493624,761.0999999995897,6505.954848217195
30056,37.18481913493624,761.1199999995897,6506.009715904494
30057,37.18481913493624,761.1399999995897,6506.06458266799
30058,37.18481913493624,761.1599999995897,6506.119448507644
30059,37.18481913493624,761.1799999995897,6506.1743134234175
30060,37.18481913493624,761.1999999995896,6506.229177415272
30061,37.18481913493624,761.2199999995896,6506.2840404831695
30062,37.18481913493624,761.2399999995896,6506.338902627072
30063,37.18481913493624,761.2599999995896,6506.39376384694
30064,37.18481913493624,761.2799999995896,6506.448624142736
30065,37.18481913493624,761.2999999995895,6506.5034835144215
30066,37.18481913493624,761.3199999995895,6506.558341961959
30067,37.18481913493624,761.3399999995895,6506.613199485309
30068,37.18481913493624,761.3599999995895,6506.668056084435
30069,37.18481913493624,761.3799999995895,6506.722911759297
30070,37.18481913493624,761.3999999995895,6506.7777665098565
30071,37.18481913493624,761.4199999995894,6506.832620336077
30072,37.18481913493624,761.4399999995894,6506.887473238034
30073,37.18481913493624,761.4599999995894,6506.942325218284
30074,37.18481913493624,761.4799999995894,6506.9971762783425
30075,37.18481913493624,761.4999999995894,6507.0520264181705
30076,37.18481913493624,761.5199999995893,6507.10687563773
30077,37.18481913493624,761.5399999995893,6507.1617239369825
30078,37.18481913493624,761.5599999995893,6507.21657131589
30079,37.18481913493624,761.5799999995893,6507.271417774414
30080,37.18481913493624,761.5999999995893,6507.326263312516
30081,37.18481913493624,761.6199999995893,6507.381107930158
30082,37.18481913493624,761.6399999995892,6507.435951627301
30083,37.18481913493624,761.6599999995892,6507.490794403907
30084,37.18481913493624,761.6799999995892,6507.545636259938
30085,37.18481913493624,761.6999999995892,6507.600477195356
30086,37.18481913493624,761.7199999995892,6507.655317210122
30087,37.18481913493624,761.7399999995891,6507.710156304199
30088,37.18481913493624,761.7599999995891,6507.764994477548
30089,37.18481913493624,761.7799999995891,6507.819831730129
30090,37.18481913493624,761.7999999995891,6507.874668061907
30091,37.18481913493624,761.8199999995891,6507.929503472841
30092,37.18481913493624,761.839999999589,6507.984337962895
30093,37.18481913493624,761.859999999589,6508.039171532028
30094,37.18481913493624,761.879999999589,6508.094004180204
30095,37.18481913493624,761.899999999589,6508.148835907384
30096,37.18481913493624,761.919999999589,6508.203666713529
30097,37.18481913493624,761.939999999589,6508.258496598602
30098,37.18481913493624,761.959999999589,6508.313325562563
30099,37.18481913493624,761.9799999995889,6508.368153605375
30100,37.18481913493624,761.9999999995889,6508.422980726999
30101,37.18481913493624,762.0199999995889,6508.477806927398
30102,37.18481913493624,762.0399999995889,6508.532632206533
30103,37.18481913493624,762.0599999995889,6508.587456564365
30104,37.18481913493624,762.0799999995888,6508.642280000857
30105,37.18481913493624,762.0999999995888,6508.697102515969
30106,37.18481913493624,762.1199999995888,6508.751924109664
30107,37.18481913493624,762.1399999995888,6508.806744781904
30108,37.18481913493624,762.1599999995888,6508.86156453265
30109,37.18481913493624,762.1799999995887,6508.916383361864
30110,37.18481913493624,762.1999999995887,6508.971201269508
30111,37.18481913493624,762.2199999995887,6509.026018255543
30112,37.18481913493624,762.2399999995887,6509.0808343199315
30113,37.18481913493624,762.2599999995887,6509.135649462634
30114,37.18481913493624,762.2799999995887,6509.190463683614
30115,37.18481913493624,762.2999999995886,6509.245276982832
30116,37.18481913493624,762.3199999995886,6509.30008936025
30117,37.18481913493624,762.3399999995886,6509.35490081583
30118,37.18481913493624,762.3599999995886,6509.409711349533
30119,37.18481913493624,762.3799999995886,6509.464520961321
30120,37.18481913493624,762.3999999995885,6509.519329651156
30121,37.18481913493624,762.4199999995885,6509.574137419
30122,37.18481913493624,762.4399999995885,6509.628944264814
30123,37.18481913493624,762.4599999995885,6509.683750188727
30124,37.18481913493624,762.4799999995885,6509.738555193498
30125,37.18481913493624,762.4999999995885,6509.793359280391
30126,37.18481913493624,762.5199999995884,6509.848162449369
30127,37.18481913493624,762.5399999995884,6509.902964700393
30128,37.18481913493624,762.5599999995884,6509.957766033424
30129,37.18481913493624,762.5799999995884,6510.012566448437
30130,37.18481913493624,762.5999999995884,6510.067365945574
30131,37.18481913493624,762.6199999995883,6510.122164524885
30132,37.18481913493624,762.6399999995883,6510.176962186332
30133,37.18481913493624,762.6599999995883,6510.231758929876
30134,37.18481913493624,762.6799999995883,6510.28655475548
30135,37.18481913493624,762.6999999995883,6510.341349663105
30136,37.18481913493624,762.7199999995883,6510.396143652712
30137,37.18481913493624,762.7399999995882,6510.4509367242645
30138,37.18481913493624,762.7599999995882,6510.505728877723
30139,37.18481913493624,762.7799999995882,6510.56052011305
30140,37.18481913493624,762.7999999995882,6510.6153104302075
30141,37.18481913493624,762.8199999995882,6510.670099829156
30142,37.18481913493624,762.8399999995881,6510.724888309859
30143,37.18481913493624,762.8599999995881,6510.779675872278
30144,37.18481913493624,762.8799999995881,6510.834462516374
30145,37.18481913493624,762.8999999995881,6510.889248242109
30146,37.18481913493624,762.9199999995881,6510.944033049445
30147,37.18481913493624,762.939999999588,6510.998816938344
30148,37.18481913493624,762.959999999588,6511.053599908768
30149,37.18481913493624,762.979999999588,6511.108381960678
30150,37.18481913493624,762.999999999588,6511.163163094037
30151,37.18481913493624,763.019999999588,6511.217943308806
30152,37.18481913493624,763.039999999588,6511.2727226049465
30153,37.18481913493624,763.059999999588,6511.327500982421
30154,37.18481913493624,763.0799999995879,6511.382278441191
30155,37.18481913493624,763.0999999995879,6511.437054981219
30156,37.18481913493624,763.1199999995879,6511.4918306024665
30157,37.18481913493624,763.1399999995879,6511.546605304895
30158,37.18481913493624,763.1599999995879,6511.601379088466
30159,37.18481913493624,763.1799999995878,6511.656151953142
30160,37.18481913493624,763.1999999995878,6511.710923898885
30161,37.18481913493624,763.2199999995878,6511.765694925656
30162,37.18481913493624,763.2399999995878,6511.820465033417
30163,37.18481913493624,763.2599999995878,6511.8752342221305
30164,37.18481913493624,763.2799999995877,6511.9300024917575
30165,37.18481913493624,763.2999999995877,6511.98476984226
30166,37.18481913493624,763.3199999995877,6512.039536273601
30167,37.18481913493624,763.3399999995877,6512.094301785741
30168,37.18481913493624,763.3599999995877,6512.149066378642
30169,37.18481913493624,763.3799999995877,6512.203830052265
30170,37.18481913493624,763.3999999995876,6512.258592806575
30171,37.18481913493624,763.4199999995876,6512.31335464153
30172,37.18481913493624,763.4399999995876,6512.368115557094
30173,37.18481913493624,763.4599999995876,6512.422875553229
30174,37.18481913493624,763.4799999995876,6512.47763463012
30175,37.18481913493624,763.4999999995875,6512.532392790838
30176,37.18481913493624,763.5199999995875,6512.587150036434
30177,37.18481913493624,763.5399999995875,6512.64190636687
30178,37.18481913493624,763.5599999995875,6512.696661782108
30179,37.18481913493624,763.5799999995875,6512.751416282111
30180,37.18481913493624,763.5999999995875,6512.806169866839
30181,37.18481913493624,763.6199999995874,6512.860922536256
30182,37.18481913493624,763.6399999995874,6512.915674290323
30183,37.18481913493624,763.6599999995874,6512.970425129003
30184,37.18481913493624,763.6799999995874,6513.0251750522575
30185,37.18481913493624,763.6999999995874,6513.079924060049
30186,37.18481913493624,763.7199999995873,6513.13467215234
30187,37.13148186601866,763.7399999995873,6513.189419329091
30188,37.13148186601866,763.7599999995873,6513.244165590266
30189,37.13148186601866,763.7799999995873,6513.298910935826
30190,37.13148186601866,763.7999999995873,6513.353655365733
30191,37.13148186601866,763.8199999995873,6513.408398879949
30192,37.13148186601866,763.8399999995872,6513.463141478437
30193,37.13148186601866,763.8599999995872,6513.517883161159
30194,37.13148186601866,763.8799999995872,6513.572623928077
30195,37.13148186601866,763.8999999995872,6513.627363779152
30196,37.13148186601866,763.9199999995872,6513.682102714347
30197,37.13148186601866,763.9399999995871,6513.736840733624
30198,37.13148186601866,763.9599999995871,6513.791577836946
30199,37.13148186601866,763.9799999995871,6513.846314024274
30200,37.13148186601866,763.9999999995871,6513.90104929557
30201,37.13148186601866,764.0199999995871,6513.9557836507975
30202,37.13148186601866,764.039999999587,6514.010517089917
30203,37.13148186601866,764.059999999587,6514.065249612891
30204,37.13148186601866,764.079999999587,6514.119981219683
30205,37.13148186601866,764.099999999587,6514.174711910253
30206,37.13148186601866,764.119999999587,6514.229441684563
30207,37.13148186601866,764.139999999587,6514.284170542577
30208,37.13148186601866,764.159999999587,6514.338898484257
30209,37.13148186601866,764.1799999995869,6514.393625509563
30210,37.13148186601866,764.1999999995869,6514.448351618459
30211,37.13148186601866,764.2199999995869,6514.503076810907
30212,37.13148186601866,764.2399999995869,6514.557801086869
30213,37.13148186601866,764.2599999995869,6514.612524446307
30214,37.13148186601866,764.2799999995868,6514.667246889183
30215,37.13148186601866,764.2999999995868,6514.721968415459
30216,37.13148186601866,764.3199999995868,6514.776689025097
30217,37.13148186601866,764.3399999995868,6514.831408718059
30218,37.13148186601866,764.3599999995868,6514.886127494307
30219,37.13148186601866,764.3799999995867,6514.940845353804
30220,37.13148186601866,764.3999999995867,6514.995562296513
30221,37.13148186601866,764.4199999995867,6515.050278322393
30222,37.13148186601866,764.4399999995867,6515.104993431409
30223,37.13148186601866,764.4599999995867,6515.159707623521
30224,37.13148186601866,764.4799999995867,6515.214420898693
30225,37.13148186601866,764.4999999995866,6515.269133257139
30226,37.13148186601866,764.5199999995866,6515.323844701864
30227,37.13148186601866,764.5399999995866,6515.378555233587
30228,37.13148186601866,764.5599999995866,6515.433264852271
30229,37.13148186601866,764.5799999995866,6515.48797355788
30230,37.13148186601866,764.5999999995865,6515.542681350374
30231,37.13148186601866,764.6199999995865,6515.597388229717
30232,37.13148186601866,764.6399999995865,6515.65209419587
30233,37.13148186601866,764.6599999995865,6515.706799248796
30234,37.13148186601866,764.6799999995865,6515.761503388459
30235,37.13148186601866,764.6999999995865,6515.816206614818
30236,37.13148186601866,764.7199999995864,6515.870908927837
30237,37.13148186601866,764.7399999995864,6515.925610327479
30238,37.13148186601866,764.7599999995864,6515.980310813706
30239,37.13148186601866,764.7799999995864,6516.035010386479
30240,37.13148186601866,764.7999999995864,6516.089709045763
30241,37.13148186601866,764.8199999995863,6516.144406791518
30242,37.13148186601866,764.8399999995863,6516.199103623708
30243,37.13148186601866,764.8599999995863,6516.253799542294
30244,37.13148186601866,764.8799999995863,6516.308494547238
30245,37.13148186601866,764.8999999995863,6516.363188638505
30246,37.13148186601866,764.9199999995863,6516.417881816054
30247,37.13148186601866,764.9399999995862,6516.472574079849
30248,37.13148186601866,764.9599999995862,6516.527265429853
30249,37.13148186601866,764.9799999995862,6516.581955866028
30250,37.13148186601866,764.9999999995862,6516.636645388335
30251,37.13148186601866,765.0199999995862,6516.691333996737
30252,37.13148186601866,765.0399999995861,6516.746021691197
30253,37.13148186601866,765.0599999995861,6516.800708471676
30254,37.13148186601866,765.0799999995861,6516.8553943381385
30255,37.13148186601866,765.0999999995861,6516.910079290546
30256,37.13148186601866,765.1199999995861,6516.96476332886
30257,37.13148186601866,765.139999999586,6517.019446453043
30258,37.13148186601866,765.159999999586,6517.074128663058
30259,37.13148186601866,765.179999999586,6517.128809958867
30260,37.13148186601866,765.199999999586,6517.183490340433
30261,37.13148186601866,765.219999999586,6517.238169807718
30262,37.13148186601866,765.239999999586,6517.292848360683
30263,37.13148186601866,765.259999999586,6517.347525999292
30264,37.13148186601866,765.2799999995859,6517.402202723507
30265,37.13148186601866,765.2999999995859,6517.4568785332895
30266,37.13148186601866,765.3199999995859,6517.511553428602
30267,37.13148186601866,765.3399999995859,6517.566227409408
30268,37.13148186601866,765.3599999995859,6517.62090047567
30269,37.13148186601866,765.3799999995858,6517.6755726273495
30270,37.13148186601866,765.3999999995858,6517.730243864408
30271,37.13148186601866,765.4199999995858,6517.784914186809
30272,37.13148186601866,765.4399999995858,6517.839583594515
30273,37.13148186601866,765.4599999995858,6517.894252087488
30274,37.13148186601866,765.4799999995857,6517.9489196656905
30275,37.13148186601866,765.4999999995857,6518.003586329084
30276,37.13148186601866,765.5199999995857,6518.058252077945
30277,37.13148186601866,765.5399999995857,6518.1129169155965
30278,37.13148186601866,765.5599999995857,6518.167580842541
30279,37.13148186601866,765.5799999995857,6518.22224385874
30280,37.13148186601866,765.5999999995856,6518.276905964157
30281,37.13148186601866,765.6199999995856,6518.331567158754
30282,37.13148186601866,765.6399999995856,6518.386227442495
30283,37.13148186601866,765.6599999995856,6518.44088681534
30284,37.13148186601866,765.6799999995856,6518.495545277253
30285,37.13148186601866,765.6999999995855,6518.550202828196
30286,37.13148186601866,765.7199999995855,6518.604859468132
30287,37.13148186601866,765.7399999995855,6518.659515197024
30288,37.13148186601866,765.7599999995855,6518.714170014833
30289,37.13148186601866,765.7799999995855,6518.768823921523
30290,37.13148186601866,765.7999999995855,6518.823476917056
30291,37.13148186601866,765.8199999995854,6518.878129001394
30292,37.13148186601866,765.8399999995854,6518.932780174499
30293,37.13148186601866,765.8599999995854,6518.987430436336
30294,37.13148186601866,765.8799999995854,6519.042079786865
30295,37.13148186601866,765.8999999995854,6519.096728226049
30296,37.13148186601866,765.9199999995853,6519.151375753851
30297,37.13148186601866,765.9399999995853,6519.206022370234
30298,37.13148186601866,765.9599999995853,6519.260668075159
30299,37.13148186601866,765.9799999995853,6519.31531286859
30300,37.13148186601866,765.9999999995853,6519.369956750488
30301,37.13148186601866,766.0199999995853,6519.424599720817
30302,37.13148186601866,766.0399999995852,6519.479241779539
30303,37.13148186601866,766.0599999995852,6519.533882926617
30304,37.13148186601866,766.0799999995852,6519.588523162012
30305,37.13148186601866,766.0999999995852,6519.643162485688
30306,37.13148186601866,766.1199999995852,6519.697800897607
30307,37.13148186601866,766.1399999995851,6519.752438397731
30308,37.13148186601866,766.1599999995851,6519.807074986023
30309,37.13148186601866,766.1799999995851,6519.861710662445
30310,37.13148186601866,766.1999999995851,6519.916345426961
30311,37.13148186601866,766.2199999995851,6519.970979279532
30312,37.13148186601866,766.239999999585,6520.02561222014
30313,37.13148186601866,766.259999999585,6520.080244248938
30314,37.13148186601866,766.279999999585,6520.134875365913
30315,37.13148186601866,766.299999999585,6520.18950557103
30316,37.13148186601866,766.319999999585,6520.244134864251
30317,37.13148186601866,766.339999999585,6520.298763245537
30318,37.13148186601866,766.3599999995849,6520.353390714851
30319,37.13148186601866,766.3799999995849,6520.408017272157
30320,37.13148186601866,766.3999999995849,6520.462642917416
30321,37.13148186601866,766.4199999995849,6520.517267650591
30322,37.13148186601866,766.4399999995849,6520.571891471644
30323,37.13148186601866,766.4599999995849,6520.626514380539
30324,37.13148186601866,766.4799999995848,6520.6811363772385
30325,37.13148186601866,766.4999999995848,6520.7357574617035
30326,37.13148186601866,766.5199999995848,6520.790377633898
30327,37.13148186601866,766.5399999995848,6520.844996894198
30328,37.13148186601866,766.5599999995848,6520.899615246061
30329,37.13148186601866,766.5799999995847,6520.954232689794
30330,37.13148186601866,766.5999999995847,6521.008849225356
30331,37.13148186601866,766.6199999995847,6521.063464852712
30332,37.13148186601866,766.6399999995847,6521.118079571823
30333,37.13148186601866,766.6599999995847,6521.17269338265
30334,37.13148186601866,766.6799999995847,6521.227306285157
30335,37.13148186601866,766.6999999995846,6521.2819182793055
30336,37.13148186601866,766.7199999995846,6521.336529365058
30337,37.13148186601866,766.7399999995846,6521.391139542376
30338,37.13148186601866,766.7599999995846,6521.445748811222
30339,37.13148186601866,766.7799999995846,6521.500357171558
30340,37.13148186601866,766.7999999995845,6521.554964623347
30341,37.13148186601866,766.8199999995845,6521.609571166549
30342,37.13148186601866,766.8399999995845,6521.664176801129
30343,37.13148186601866,766.8599999995845,6521.718781527047
30344,37.13148186601866,766.8799999995845,6521.773385344266
30345,37.13148186601866,766.8999999995845,6521.827988252749
30346,37.13148186601866,766.9199999995844,6521.882590252456
30347,37.13148186601866,766.9399999995844,6521.937191343351
30348,37.13148186601866,766.9599999995844,6521.9917915253955
30349,37.13148186601866,766.9799999995844,6522.046390798552
30350,37.13148186601866,766.9999999995844,6522.100989162783
30351,37.13148186601866,767.0199999995843,6522.155586618049
30352,37.13148186601866,767.0399999995843,6522.210183164314
30353,37.13148186601866,767.0599999995843,6522.264778801539
30354,37.13148186601866,767.0799999995843,6522.319373529687
30355,37.13148186601866,767.0999999995843,6522.37396734872
30356,37.13148186601866,767.1199999995843,6522.4285602586
30357,37.13148186601866,767.1399999995842,6522.4831522592885
30358,37.13148186601866,767.1599999995842,6522.537743350748
30359,37.13148186601866,767.1799999995842,6522.592333532942
30360,37.13148186601866,767.1999999995842,6522.64692280583
30361,37.13148186601866,767.2199999995842,6522.701511169377
30362,37.13148186601866,767.2399999995841,6522.756098623544
30363,37.13148186601866,767.2599999995841,6522.810685168293
30364,37.13148186601866,767.2799999995841,6522.865270803587
30365,37.13148186601866,767.2999999995841,6522.919855529387
30366,37.13148186601866,767.3199999995841,6522.974439345656
30367,37.13148186601866,767.339999999584,6523.029022252355
30368,37.13148186601866,767.359999999584,6523.0836042494475
30369,37.13148186601866,767.379999999584,6523.138185336895
30370,37.13148186601866,767.399999999584,6523.19276551466
30371,37.13148186601866,767.419999999584,6523.247344782704
30372,37.13148186601866,767.439999999584,6523.301923140991
30373,37.13148186601866,767.4599999995839,6523.356500589481
30374,37.13148186601866,767.4799999995839,6523.411077128137
30375,37.13148186601866,767.4999999995839,6523.465652756921
30376,37.13148186601866,767.5199999995839,6523.520227475796
30377,37.13148186601866,767.5399999995839,6523.574801284723
30378,37.13148186601866,767.5599999995839,6523.629374184338
30379,37.13148186601866,767.5799999995838,6523.683946177938
30380,37.13148186601866,767.5999999995838,6523.738517265782
30381,37.07827198539179,767.6199999995838,6523.793087447833
30382,37.07827198539179,767.6399999995838,6523.847656724055
30383,37.07827198539179,767.6599999995838,6523.90222509441
30384,37.07827198539179,767.6799999995837,6523.956792558861
30385,37.07827198539179,767.6999999995837,6524.011359117371
30386,37.07827198539179,767.7199999995837,6524.065924769905
30387,37.07827198539179,767.7399999995837,6524.120489516424
30388,37.07827198539179,767.7599999995837,6524.175053356892
30389,37.07827198539179,767.7799999995837,6524.229616291272
30390,37.07827198539179,767.7999999995836,6524.284178319527
30391,37.07827198539179,767.8199999995836,6524.33873944162
30392,37.07827198539179,767.8399999995836,6524.393299657515
30393,37.07827198539179,767.8599999995836,6524.447858967174
30394,37.07827198539179,767.8799999995836,6524.5024173705615
30395,37.07827198539179,767.8999999995835,6524.556974867639
30396,37.07827198539179,767.9199999995835,6524.61153145837
30397,37.07827198539179,767.9399999995835,6524.666087142718
30398,37.07827198539179,767.9599999995835,6524.720641920647
30399,37.07827198539179,767.9799999995835,6524.775195792118
30400,37.07827198539179,767.9999999995835,6524.829748757096
30401,37.07827198539179,768.0199999995834,6524.884300815544
30402,37.07827198539179,768.0399999995834,6524.938851967423
30403,37.07827198539179,768.0599999995834,6524.993402212698
30404,37.07827198539179,768.0799999995834,6525.0479515513325
30405,37.07827198539179,768.0999999995834,6525.102499983288
30406,37.07827198539179,768.1199999995833,6525.157047508529
30407,37.07827198539179,768.1399999995833,6525.211594127018
30408,37.07827198539179,768.1599999995833,6525.266139838718
30409,37.07827198539179,768.1799999995833,6525.320684643592
30410,37.07827198539179,768.1999999995833,6525.375228541604
30411,37.07827198539179,768.2199999995833,6525.429771532717
30412,37.07827198539179,768.2399999995832,6525.484313616893
30413,37.07827198539179,768.2599999995832,6525.538854794096
30414,37.07827198539179,768.2799999995832,6525.593395064288
30415,37.07827198539179,768.2999999995832,6525.647934427434
30416,37.07827198539179,768.3199999995832,6525.702472883496
30417,37.07827198539179,768.3399999995831,6525.757010432437
30418,37.07827198539179,768.3599999995831,6525.8115470742205
30419,37.07827198539179,768.3799999995831,6525.86608280881
30420,37.07827198539179,768.3999999995831,6525.920617636168
30421,37.07827198539179,768.4199999995831,6525.9751515562575
30422,37.07827198539179,768.439999999583,6526.029684569042
30423,37.07827198539179,768.459999999583,6526.084216674484
30424,37.07827198539179,768.479999999583,6526.138747872548
30425,37.07827198539179,768.499999999583,6526.193278163197
30426,37.07827198539179,768.519999999583,6526.247807546392
30427,37.07827198539179,768.539999999583,6526.302336022099
30428,37.07827198539179,768.5599999995829,6526.356863590278
30429,37.07827198539179,768.5799999995829,6526.411390251758
30430,37.07827198539179,768.5999999995829,6526.465916009419
30431,37.07827198539179,768.6199999995829,6526.520440863452
30432,37.07827198539179,768.6399999995829,6526.57496481382
30433,37.07827198539179,768.6599999995829,6526.629487860486
30434,37.07827198539179,768.6799999995828,6526.6840100034115
30435,37.07827198539179,768.6999999995828,6526.73853124256
30436,37.07827198539179,768.7199999995828,6526.793051577895
30437,37.07827198539179,768.7399999995828,6526.847571009379
30438,37.07827198539179,768.7599999995828,6526.902089536975
30439,37.07827198539179,768.7799999995827,6526.956607160645
30440,37.07827198539179,768.7999999995827,6527.011123880352
30441,37.07827198539179,768.8199999995827,6527.0656396960585
30442,37.07827198539179,768.8399999995827,6527.120154607728
30443,37.07827198539179,768.8599999995827,6527.174668615323
30444,37.07827198539179,768.8799999995827,6527.229181718805
30445,37.07827198539179,768.8999999995826,6527.283693918139
30446,37.07827198539179,768.9199999995826,6527.3382052132865
30447,37.07827198539179,768.9399999995826,6527.39271560421
30448,37.07827198539179,768.9599999995826,6527.447225090873
30449,37.07827198539179,768.9799999995826,6527.501733673238
30450,37.07827198539179,768.9999999995825,6527.556241351268
30451,37.07827198539179,769.0199999995825,6527.610748124925
30452,37.07827198539179,769.0399999995825,6527.6652539941715
30453,37.07827198539179,769.0599999995825,6527.719758958971
30454,37.07827198539179,769.0799999995825,6527.774263019287
30455,37.07827198539179,769.0999999995825,6527.828766175082
30456,37.07827198539179,769.1199999995824,6527.883268426318
30457,37.07827198539179,769.1399999995824,6527.937769772958
30458,37.07827198539179,769.1599999995824,6527.992270214964
30459,37.07827198539179,769.1799999995824,6528.046769752301
30460,37.07827198539179,769.1999999995824,6528.101268384929
30461,37.07827198539179,769.2199999995823,6528.155766112814
30462,37.07827198539179,769.2399999995823,6528.210262935915
30463,37.07827198539179,769.2599999995823,6528.264758854198
30464,37.07827198539179,769.2799999995823,6528.319253867624
30465,37.07827198539179,769.2999999995823,6528.373747976157
30466,37.07827198539179,769.3199999995823,6528.428241179758
30467,37.07827198539179,769.3399999995822,6528.48273347839
30468,37.07827198539179,769.3599999995822,6528.537224872018
30469,37.07827198539179,769.3799999995822,6528.591715360603
30470,37.07827198539179,769.3999999995822,6528.646204944109
30471,37.07827198539179,769.4199999995822,6528.700693622497
30472,37.07827198539179,769.4399999995821,6528.755181395731
30473,37.07827198539179,769.4599999995821,6528.809668263773
30474,37.07827198539179,769.4799999995821,6528.864154226587
30475,37.07827198539179,769.4999999995821,6528.918639284134
30476,37.07827198539179,769.5199999995821,6528.973123436378
30477,37.07827198539179,769.539999999582,6529.027606683282
30478,37.07827198539179,769.559999999582,6529.082089024808
30479,37.07827198539179,769.579999999582,6529.136570460919
30480,37.07827198539179,769.599999999582,6529.191050992716
30481,37.07827198539179,769.619999999582,6529.245530622984
30482,37.07827198539179,769.639999999582,6529.300009351875
30483,37.07827198539179,769.6599999995819,6529.35448717935
30484,37.07827198539179,769.6799999995819,6529.408964105373
30485,37.07827198539179,769.6999999995819,6529.463440129907
30486,37.07827198539179,769.7199999995819,6529.5179152529145
30487,37.07827198539179,769.7399999995819,6529.572389474358
30488,37.07827198539179,769.7599999995819,6529.6268627942
30489,37.07827198539179,769.7799999995818,6529.681335212404
30490,37.07827198539179,769.7999999995818,6529.7358067289315
30491,37.07827198539179,769.8199999995818,6529.790277343747
30492,37.07827198539179,769.8399999995818,6529.844747056813
30493,37.07827198539179,769.8599999995818,6529.899215868091
30494,37.07827198539179,769.8799999995817,6529.953683777545
30495,37.07827198539179,769.8999999995817,6530.008150785143
30496,37.07827198539179,769.9199999995817,6530.062616890984
30497,37.07827198539179,769.9399999995817,6530.117082095116
30498,37.07827198539179,769.9599999995817,6530.1715463975
30499,37.07827198539179,769.9799999995817,6530.2260097981
30500,37.07827198539179,769.9999999995816,6530.280472296878
30501,37.07827198539179,770.0199999995816,6530.334933893797
30502,37.07827198539179,770.0399999995816,6530.389394588819
30503,37.07827198539179,770.0599999995816,6530.443854381908
30504,37.07827198539179,770.0799999995816,6530.498313273025
30505,37.07827198539179,770.0999999995815,6530.552771262133
30506,37.07827198539179,770.1199999995815,6530.607228349196
30507,37.07827198539179,770.1399999995815,6530.661684534175
30508,37.07827198539179,770.1599999995815,6530.716139817033
30509,37.07827198539179,770.1799999995815,6530.770594197733
30510,37.07827198539179,770.1999999995815,6530.825047676237
30511,37.07827198539179,770.2199999995814,6530.8795002525085
30512,37.07827198539179,770.2399999995814,6530.9339519265095
30513,37.07827198539179,770.2599999995814,6530.988402698203
30514,37.07827198539179,770.2799999995814,6531.042852567551
30515,37.07827198539179,770.2999999995814,6531.097301534516
30516,37.07827198539179,770.3199999995813,6531.151749599062
30517,37.07827198539179,770.3399999995813,6531.206196761151
30518,37.07827198539179,770.3599999995813,6531.260643020745
30519,37.07827198539179,770.3799999995813,6531.315088377807
30520,37.07827198539179,770.3999999995813,6531.3695328323
30521,37.07827198539179,770.4199999995813,6531.423976384186
30522,37.07827198539179,770.4399999995812,6531.4784190334285
30523,37.07827198539179,770.4599999995812,6531.532860779989
30524,37.07827198539179,770.4799999995812,6531.587301623831
30525,37.07827198539179,770.4999999995812,6531.641741564917
30526,37.07827198539179,770.5199999995812,6531.696180603209
30527,37.07827198539179,770.5399999995811,6531.75061873867
30528,37.07827198539179,770.5599999995811,6531.805055971263
30529,37.07827198539179,770.5799999995811,6531.85949230095
30530,37.07827198539179,770.5999999995811,6531.913927727694
30531,37.07827198539179,770.6199999995811,6531.968362252884
30532,37.07827198539179,770.639999999581,6532.022795879194
30533,37.07827198539179,770.659999999581,6532.077228606729
30534,37.07827198539179,770.679999999581,6532.131660435451
30535,37.07827198539179,770.699999999581,6532.186091365321
30536,37.07827198539179,770.719999999581,6532.240521396302
30537,37.07827198539179,770.739999999581,6532.294950528357
30538,37.07827198539179,770.7599999995809,6532.349378761446
30539,37.07827198539179,770.7799999995809,6532.403806095533
30540,37.07827198539179,770.7999999995809,6532.458232530578
30541,37.07827198539179,770.8199999995809,6532.512658066546
30542,37.07827198539179,770.8399999995809,6532.5670827033955
30543,37.07827198539179,770.8599999995809,6532.621506441091
30544,37.07827198539179,770.8799999995808,6532.675929279594
30545,37.07827198539179,770.8999999995808,6532.730351218866
30546,37.07827198539179,770.9199999995808,6532.78477225887
30547,37.07827198539179,770.9399999995808,6532.839192399568
30548,37.07827198539179,770.9599999995808,6532.89361164092
30549,37.07827198539179,770.9799999995807,6532.948029982891
30550,37.07827198539179,770.9999999995807,6533.0024474254415
30551,37.07827198539179,771.0199999995807,6533.056863968533
30552,37.07827198539179,771.0399999995807,6533.11127961213
30553,37.07827198539179,771.0599999995807,6533.165694356192
30554,37.07827198539179,771.0799999995807,6533.220108200682
30555,37.07827198539179,771.0999999995806,6533.274521145562
30556,37.07827198539179,771.1199999995806,6533.3289331907945
30557,37.07827198539179,771.1399999995806,6533.38334433634
30558,37.07827198539179,771.1599999995806,6533.437754582163
30559,37.07827198539179,771.1799999995806,6533.492163928223
30560,37.07827198539179,771.1999999995805,6533.546572374484
30561,37.07827198539179,771.2199999995805,6533.600979920907
30562,37.07827198539179,771.2399999995805,6533.655386567454
30563,37.07827198539179,771.2599999995805,6533.709792314088
30564,37.07827198539179,771.2799999995805,6533.764197160771
30565,37.07827198539179,771.2999999995805,6533.818601107464
30566,37.07827198539179,771.3199999995804,6533.873004154129
30567,37.07827198539179,771.3399999995804,6533.92740630073
30568,37.07827198539179,771.3599999995804,6533.981807547227
30569,37.07827198539179,771.3799999995804,6534.036207893582
30570,37.07827198539179,771.3999999995804,6534.090607339759
30571,37.07827198539179,771.4199999995803,6534.145005885719
30572,37.07827198539179,771.4399999995803,6534.199403531424
30573,37.07827198539179,771.4599999995803,6534.253800276836
30574,37.07827198539179,771.4799999995803,6534.308196121917
30575,37.07827198539179,771.4999999995803,6534.362591066629
30576,37.025189067514475,771.5199999995803,6534.416985110935
30577,37.025189067514475,771.5399999995802,6534.471378254795
30578,37.025189067514475,771.5599999995802,6534.525770498173
30579,37.025189067514475,771.5799999995802,6534.580161841031
30580,37.025189067514475,771.5999999995802,6534.634552283331
30581,37.025189067514475,771.6199999995802,6534.688941825034
30582,37.025189067514475,771.6399999995801,6534.743330467692
30583,37.025189067514475,771.6599999995801,6534.797718213646
30584,37.025189067514475,771.6799999995801,6534.852105062946
30585,37.025189067514475,771.6999999995801,6534.9064910155585
30586,37.025189067514475,771.7199999995801,6534.960876071447
30587,37.025189067514475,771.73999999958,6535.015260230576
30588,37.025189067514475,771.75999999958,6535.0696434929105
30589,37.025189067514475,771.77999999958,6535.124025858415
30590,37.025189067514475,771.79999999958,6535.178407327054
30591,37.025189067514475,771.81999999958,6535.232787898792
30592,37.025189067514475,771.83999999958,6535.287167573592
30593,37.025189067514475,771.8599999995799,6535.341546351421
30594,37.025189067514475,771.8799999995799,6535.395924232243
30595,37.025189067514475,771.8999999995799,6535.450301216021
30596,37.025189067514475,771.9199999995799,6535.504677302722
30597,37.025189067514475,771.9399999995799,6535.559052492308
30598,37.025189067514475,771.9599999995798,6535.613426784746
30599,37.025189067514475,771.9799999995798,6535.667800179998
30600,37.025189067514475,771.9999999995798,6535.722172678032
30601,37.025189067514475,772.0199999995798,6535.7765442788095
30602,37.025189067514475,772.0399999995798,6535.830914982296
30603,37.025189067514475,772.0599999995798,6535.885284788456
30604,37.025189067514475,772.0799999995797,6535.9396536972545
30605,37.025189067514475,772.0999999995797,6535.994021708656
30606,37.025189067514475,772.1199999995797,6536.0483888226245
30607,37.025189067514475,772.1399999995797,6536.1027550391245
30608,37.025189067514475,772.1599999995797,6536.157120358122
30609,37.025189067514475,772.1799999995796,6536.211484779579
30610,37.025189067514475,772.1999999995796,6536.265848303463
30611,37.025189067514475,772.2199999995796,6536.320210929736
30612,37.025189067514475,772.2399999995796,6536.374572658365
30613,37.025189067514475,772.2599999995796,6536.428933489312
30614,37.025189067514475,772.2799999995796,6536.483293422543
30615,37.025189067514475,772.2999999995795,6536.537652458022
30616,37.025189067514475,772.3199999995795,6536.592010595715
30617,37.025189067514475,772.3399999995795,6536.646367835585
30618,37.025189067514475,772.3599999995795,6536.700724177596
30619,37.025189067514475,772.3799999995795,6536.755079621715
30620,37.025189067514475,772.3999999995794,6536.809434167904
30621,37.025189067514475,772.4199999995794,6536.86378781613
30622,37.025189067514475,772.4399999995794,6536.918140566356
30623,37.025189067514475,772.4599999995794,6536.972492418547
30624,37.025189067514475,772.4799999995794,6537.026843372667
30625,37.025189067514475,772.4999999995794,6537.081193428681
30626,37.025189067514475,772.5199999995793,6537.135542586554
30627,37.025189067514475,772.5399999995793,6537.18989084625
30628,37.025189067514475,772.5599999995793,6537.244238207733
30629,37.025189067514475,772.5799999995793,6537.298584670969
30630,37.025189067514475,772.5999999995793,6537.352930235921
30631,37.025189067514475,772.6199999995792,6537.407274902555
30632,37.025189067514475,772.6399999995792,6537.461618670835
30633,37.025189067514475,772.6599999995792,6537.515961542544
30634,37.025189067514475,772.6799999995792,6537.570303519818
30635,37.025189067514475,772.6999999995792,6537.624644602661
30636,37.025189067514475,772.7199999995792,6537.678984791036
30637,37.025189067514475,772.7399999995791,6537.7333240849075
30638,37.025189067514475,772.7599999995791,6537.78766248424
30639,37.025189067514475,772.7799999995791,6537.841999988997
30640,37.025189067514475,772.7999999995791,6537.896336599141
30641,37.025189067514475,772.8199999995791,6537.950672314638
30642,37.025189067514475,772.839999999579,6538.005007135451
30643,37.025189067514475,772.859999999579,6538.059341061544
30644,37.025189067514475,772.879999999579,6538.1136740928805
30645,37.025189067514475,772.899999999579,6538.168006229425
30646,37.025189067514475,772.919999999579,6538.222337471142
30647,37.025189067514475,772.939999999579,6538.276667817994
30648,37.025189067514475,772.9599999995789,6538.330997269945
30649,37.025189067514475,772.9799999995789,6538.38532582696
30650,37.025189067514475,772.9999999995789,6538.439653489002
30651,37.025189067514475,773.0199999995789,6538.493980256036
30652,37.025189067514475,773.0399999995789,6538.548306128024
30653,37.025189067514475,773.0599999995788,6538.602631104931
30654,37.025189067514475,773.0799999995788,6538.6569551867215
30655,37.025189067514475,773.0999999995788,6538.711278373359
30656,37.025189067514475,773.1199999995788,6538.765600664808
30657,37.025189067514475,773.1399999995788,6538.81992206103
30658,37.025189067514475,773.1599999995788,6538.874242561992
30659,37.025189067514475,773.1799999995787,6538.928562167656
30660,37.025189067514475,773.1999999995787,6538.982880877987
30661,37.025189067514475,773.2199999995787,6539.037198692948
30662,37.025189067514475,773.2399999995787,6539.091515612503
30663,37.025189067514475,773.2599999995787,6539.145831636616
30664,37.025189067514475,773.2799999995786,6539.200146765252
30665,37.025189067514475,773.2999999995786,6539.254460998373
30666,37.025189067514475,773.3199999995786,6539.308774335945
30667,37.025189067514475,773.3399999995786,6539.363086777929
30668,37.025189067514475,773.3599999995786,6539.417398324292
30669,37.025189067514475,773.3799999995786,6539.471708974997
30670,37.025189067514475,773.3999999995785,6539.526018730006
30671,37.025189067514475,773.4199999995785,6539.580327589286
30672,37.025189067514475,773.4399999995785,6539.6346355527985
30673,37.025189067514475,773.4599999995785,6539.688942620509
30674,37.025189067514475,773.4799999995785,6539.743248792381
30675,37.025189067514475,773.4999999995784,6539.797554068377
30676,37.025189067514475,773.5199999995784,6539.851858448464
30677,37.025189067514475,773.5399999995784,6539.906161932603
30678,37.025189067514475,773.5599999995784,6539.960464520759
30679,37.025189067514475,773.5799999995784,6540.0147662129075
30680,37.025189067514475,773.5999999995784,6540.069067009184
30681,37.025189067514475,773.6199999995783,6540.123366909623
30682,37.025189067514475,773.6399999995783,6540.177665914185
30683,37.025189067514475,773.6599999995783,6540.231964022844
30684,37.025189067514475,773.6799999995783,6540.286261237649
30685,37.025189067514475,773.6999999995783,6540.340557560576
30686,37.025189067514475,773.7199999995782,6540.394852991586
30687,37.025189067514475,773.7399999995782,6540.449147530645
30688,37.025189067514475,773.7599999995782,6540.503441177715
30689,37.025189067514475,773.7799999995782,6540.557733932761
30690,37.025189067514475,773.7999999995782,6540.6120257957455
30691,37.025189067514475,773.8199999995782,6540.666316766632
30692,37.025189067514475,773.8399999995781,6540.720606845384
30693,37.025189067514475,773.8599999995781,6540.774896031966
30694,37.025189067514475,773.8799999995781,6540.8291843263405
30695,37.025189067514475,773.8999999995781,6540.883471728472
30696,37.025189067514475,773.9199999995781,6540.937758238323
30697,37.025189067514475,773.939999999578,6540.992043855857
30698,37.025189067514475,773.959999999578,6541.046328581039
30699,37.025189067514475,773.979999999578,6541.100612413832
30700,37.025189067514475,773.999999999578,6541.154895354199
30701,37.025189067514475,774.019999999578,6541.209177402104
30702,37.025189067514475,774.039999999578,6541.26345855751
30703,37.025189067514475,774.0599999995779,6541.317738820381
30704,37.025189067514475,774.0799999995779,6541.372018190681
30705,37.025189067514475,774.0999999995779,6541.426296668373
30706,37.025189067514475,774.1199999995779,6541.48057425342
30707,37.025189067514475,774.1399999995779,6541.534850945786
30708,37.025189067514475,774.1599999995778,6541.589126745435
30709,37.025189067514475,774.1799999995778,6541.643401652331
30710,37.025189067514475,774.1999999995778,6541.697675666436
30711,37.025189067514475,774.2199999995778,6541.751948787715
30712,37.025189067514475,774.2399999995778,6541.8062210161315
30713,37.025189067514475,774.2599999995778,6541.860492351648
30714,37.025189067514475,774.2799999995777,6541.914762794228
30715,37.025189067514475,774.2999999995777,6541.969032343837
30716,37.025189067514475,774.3199999995777,6542.023301000437
30717,37.025189067514475,774.3399999995777,6542.077568763992
30718,37.025189067514475,774.3599999995777,6542.131835634465
30719,37.025189067514475,774.3799999995776,6542.186101611819
30720,37.025189067514475,774.3999999995776,6542.24036669602
30721,37.025189067514475,774.4199999995776,6542.29463088703
30722,37.025189067514475,774.4399999995776,6542.348894184812
30723,37.025189067514475,774.4599999995776,6542.40315658933
30724,37.025189067514475,774.4799999995776,6542.457418100548
30725,37.025189067514475,774.4999999995775,6542.51167871843
30726,37.025189067514475,774.5199999995775,6542.565938442938
30727,37.025189067514475,774.5399999995775,6542.620197274037
30728,37.025189067514475,774.5599999995775,6542.674455211691
30729,37.025189067514475,774.5799999995775,6542.728712255862
30730,37.025189067514475,774.5999999995774,6542.782968406514
30731,37.025189067514475,774.6199999995774,6542.8372236636105
30732,37.025189067514475,774.6399999995774,6542.891478027115
30733,37.025189067514475,774.6599999995774,6542.945731496992
30734,37.025189067514475,774.6799999995774,6542.9999840732635
30735,37.025189067514475,774.6999999995774,6543.054235758259
30736,37.025189067514475,774.7199999995773,6543.108486553779
30737,37.025189067514475,774.7399999995773,6543.162736459785
30738,37.025189067514475,774.7599999995773,6543.216985476243
30739,37.025189067514475,774.7799999995773,6543.271233603115
30740,37.025189067514475,774.7999999995773,6543.325480840366
30741,37.025189067514475,774.8199999995772,6543.379727187958
30742,37.025189067514475,774.8399999995772,6543.433972645857
30743,37.025189067514475,774.8599999995772,6543.488217214023
30744,37.025189067514475,774.8799999995772,6543.542460892422
30745,37.025189067514475,774.8999999995772,6543.596703681017
30746,37.025189067514475,774.9199999995772,6543.650945579771
30747,37.025189067514475,774.9399999995771,6543.705186588649
30748,37.025189067514475,774.9599999995771,6543.759426707613
30749,37.025189067514475,774.9799999995771,6543.813665936627
30750,37.025189067514475,774.9999999995771,6543.867904275656
30751,37.025189067514475,775.0199999995771,6543.922141724662
30752,37.025189067514475,775.039999999577,6543.976378283608
30753,37.025189067514475,775.059999999577,6544.030613952459
30754,37.025189067514475,775.079999999577,6544.084848731178
30755,37.025189067514475,775.099999999577,6544.1390826197285
30756,37.025189067514475,775.119999999577,6544.193315618074
30757,37.025189067514475,775.139999999577,6544.247547726179
30758,37.025189067514475,775.1599999995769,6544.3017789440055
30759,37.025189067514475,775.1799999995769,6544.356009271519
30760,37.025189067514475,775.1999999995769,6544.410238708681
30761,37.025189067514475,775.2199999995769,6544.464467255457
30762,37.025189067514475,775.2399999995769,6544.518694911809
30763,37.025189067514475,775.2599999995768,6544.572921677701
30764,37.025189067514475,775.2799999995768,6544.627147553097
30765,37.025189067514475,775.2999999995768,6544.68137253796
30766,37.025189067514475,775.3199999995768,6544.735596632254
30767,37.025189067514475,775.3399999995768,6544.789819835943
30768,37.025189067514475,775.3599999995768,6544.8440421489895
30769,37.025189067514475,775.3799999995767,6544.898263571358
30770,37.025189067514475,775.3999999995767,6544.952484103012
30771,36.972232688671504,775.4199999995767,6545.006703743914
30772,36.972232688671504,775.4399999995767,6545.060922494029
30773,36.972232688671504,775.4599999995767,6545.1151403533195
30774,36.972232688671504,775.4799999995766,6545.16935732175
30775,36.972232688671504,775.4999999995766,6545.223573399283
30776,36.972232688671504,775.5199999995766,6545.277788585883
30777,36.972232688671504,775.5399999995766,6545.332002881513
30778,36.972232688671504,775.5599999995766,6545.386216286137
30779,36.972232688671504,775.5799999995766,6545.440428799718
30780,36.972232688671504,775.5999999995765,6545.49464042222
30781,36.972232688671504,775.6199999995765,6545.548851153607
30782,36.972232688671504,775.6399999995765,6545.603060993842
30783,36.972232688671504,775.6599999995765,6545.657269942888
30784,36.972232688671504,775.6799999995765,6545.71147800071
30785,36.972232688671504,775.6999999995764,6545.76568516737
30786,36.972232688671504,775.7199999995764,6545.8198914451805
30787,36.972232688671504,775.7399999995764,6545.874096835555
30788,36.972232688671504,775.7599999995764,6545.928301338457
30789,36.972232688671504,775.7799999995764,6545.982504953849
30790,36.972232688671504,775.7999999995764,6546.036707681695
30791,36.972232688671504,775.8199999995763,6546.090909521959
30792,36.972232688671504,775.8399999995763,6546.145110474603
30793,36.972232688671504,775.8599999995763,6546.199310539592
30794,36.972232688671504,775.8799999995763,6546.25350971689
30795,36.972232688671504,775.8999999995763,6546.3077080064595
30796,36.972232688671504,775.9199999995762,6546.361905408264
30797,36.972232688671504,775.9399999995762,6546.416101922267
30798,36.972232688671504,775.9599999995762,6546.470297548433
30799,36.972232688671504,775.9799999995762,6546.524492286725
30800,36.972232688671504,775.9999999995762,6546.578686137106
30801,36.972232688671504,776.0199999995762,6546.632879099539
30802,36.972232688671504,776.0399999995761,6546.687071173989
30803,36.972232688671504,776.0599999995761,6546.74126236042
30804,36.972232688671504,776.0799999995761,6546.795452658793
30805,36.972232688671504,776.0999999995761,6546.8496420690735
30806,36.972232688671504,776.1199999995761,6546.9038305912245
30807,36.972232688671504,776.139999999576,6546.958018225209
30808,36.972232688671504,776.159999999576,6547.012204970992
30809,36.972232688671504,776.179999999576,6547.066390828535
30810,36.972232688671504,776.199999999576,6547.120575797803
30811,36.972232688671504,776.219999999576,6547.17475987876
30812,36.972232688671504,776.239999999576,6547.228943071368
30813,36.972232688671504,776.2599999995759,6547.283125375591
30814,36.972232688671504,776.2799999995759,6547.3373067913935
30815,36.972232688671504,776.2999999995759,6547.391487318738
30816,36.972232688671504,776.3199999995759,6547.4456669575875
30817,36.972232688671504,776.3399999995759,6547.499845707907
30818,36.972232688671504,776.3599999995758,6547.55402356966
30819,36.972232688671504,776.3799999995758,6547.608200542809
30820,36.972232688671504,776.3999999995758,6547.662376627318
30821,36.972232688671504,776.4199999995758,6547.71655182315
30822,36.972232688671504,776.4399999995758,6547.770726130269
30823,36.972232688671504,776.4599999995758,6547.824899548639
30824,36.972232688671504,776.4799999995757,6547.8790720782235
30825,36.972232688671504,776.4999999995757,6547.933243718985
30826,36.972232688671504,776.5199999995757,6547.987414470887
30827,36.972232688671504,776.5399999995757,6548.041584333895
30828,36.972232688671504,776.5599999995757,6548.095753307971
30829,36.972232688671504,776.5799999995756,6548.149921393078
30830,36.972232688671504,776.5999999995756,6548.204088589181
30831,36.972232688671504,776.6199999995756,6548.258254896243
30832,36.972232688671504,776.6399999995756,6548.312420314227
30833,36.972232688671504,776.6599999995756,6548.3665848430965
30834,36.972232688671504,776.6799999995756,6548.420748482816
30835,36.972232688671504,776.6999999995755,6548.474911233348
30836,36.972232688671504,776.7199999995755,6548.529073094808
30837,36.972232688671504,776.7399999995755,6548.583234069784
30838,36.972232688671504,776.7599999995755,6548.637394159505
30839,36.972232688671504,776.7799999995755,6548.691553363933
30840,36.972232688671504,776.7999999995754,6548.745711683032
30841,36.972232688671504,776.8199999995754,6548.799869116766
30842,36.972232688671504,776.8399999995754,6548.854025665099
30843,36.972232688671504,776.8599999995754,6548.908181327994
30844,36.972232688671504,776.8799999995754,6548.962336105414
30845,36.972232688671504,776.8999999995754,6549.016489997323
30846,36.972232688671504,776.9199999995753,6549.070643003686
30847,36.972232688671504,776.9399999995753,6549.124795124465
30848,36.972232688671504,776.9599999995753,6549.178946359624
30849,36.972232688671504,776.9799999995753,6549.2330967091275
30850,36.972232688671504,776.9999999995753,6549.287246172938
30851,36.972232688671504,777.0199999995752,6549.341394751019
30852,36.972232688671504,777.0399999995752,6549.395542443334
30853,36.972232688671504,777.0599999995752,6549.449689249848
30854,36.972232688671504,777.0799999995752,6549.503835170523
30855,36.972232688671504,777.0999999995752,6549.557980205324
30856,36.972232688671504,777.1199999995752,6549.612124354214
30857,36.972232688671504,777.1399999995751,6549.666267617156
30858,36.972232688671504,777.1599999995751,6549.720409994115
30859,36.972232688671504,777.1799999995751,6549.774551485052
30860,36.972232688671504,777.1999999995751,6549.828692089934
30861,36.972232688671504,777.2199999995751,6549.882831808722
30862,36.972232688671504,777.239999999575,6549.93697064138
30863,36.972232688671504,777.259999999575,6549.991108587873
30864,36.972232688671504,777.279999999575,6550.0452456482335
30865,36.972232688671504,777.299999999575,6550.099381822543
30866,36.972232688671504,777.319999999575,6550.153517110772
30867,36.972232688671504,777.339999999575,6550.207651512882
30868,36.972232688671504,777.3599999995749,6550.261785028838
30869,36.972232688671504,777.3799999995749,6550.315917658604
30870,36.972232688671504,777.3999999995749,6550.370049402144
30871,36.972232688671504,777.4199999995749,6550.4241802594215
30872,36.972232688671504,777.4399999995749,6550.4783102304
30873,36.972232688671504,777.4599999995748,6550.532439315044
30874,36.972232688671504,777.4799999995748,6550.586567513316
30875,36.972232688671504,777.4999999995748,6550.6406948251815
30876,36.972232688671504,777.5199999995748,6550.694821250603
30877,36.972232688671504,777.5399999995748,6550.748946789546
30878,36.972232688671504,777.5599999995748,6550.803071441973
30879,36.972232688671504,777.5799999995747,6550.857195207847
30880,36.972232688671504,777.5999999995747,6550.9113180871345
30881,36.972232688671504,777.6199999995747,6550.965440079797
30882,36.972232688671504,777.6399999995747,6551.019561185799
30883,36.972232688671504,777.6599999995747,6551.073681405104
30884,36.972232688671504,777.6799999995746,6551.127800737677
30885,36.972232688671504,777.6999999995746,6551.181919183481
30886,36.972232688671504,777.7199999995746,6551.23603674248
30887,36.972232688671504,777.7399999995746,6551.290153414837
30888,36.972232688671504,777.7599999995746,6551.344269203335
30889,36.972232688671504,777.7799999995746,6551.398384108966
30890,36.972232688671504,777.7999999995745,6551.452498131693
30891,36.972232688671504,777.8199999995745,6551.50661127148
30892,36.972232688671504,777.8399999995745,6551.560723528292
30893,36.972232688671504,777.8599999995745,6551.614834902093
30894,36.972232688671504,777.8799999995745,6551.668945392847
30895,36.972232688671504,777.8999999995744,6551.723055000516
30896,36.972232688671504,777.9199999995744,6551.777163725065
30897,36.972232688671504,777.9399999995744,6551.831271566459
30898,36.972232688671504,777.9599999995744,6551.885378524661
30899,36.972232688671504,777.9799999995744,6551.939484599635
30900,36.972232688671504,777.9999999995744,6551.993589791345
30901,36.972232688671504,778.0199999995743,6552.047694099754
30902,36.972232688671504,778.0399999995743,6552.101797524828
30903,36.972232688671504,778.0599999995743,6552.155900066529
30904,36.972232688671504,778.0799999995743,6552.210001724822
30905,36.972232688671504,778.0999999995743,6552.264102499671
30906,36.972232688671504,778.1199999995742,6552.318202391039
30907,36.972232688671504,778.1399999995742,6552.372301398891
30908,36.972232688671504,778.1599999995742,6552.42639952319
30909,36.972232688671504,778.1799999995742,6552.480496763901
30910,36.972232688671504,778.1999999995742,6552.534593120987
30911,36.972232688671504,778.2199999995742,6552.588688594412
30912,36.972232688671504,778.2399999995741,6552.64278318414
30913,36.972232688671504,778.2599999995741,6552.696876890135
30914,36.972232688671504,778.2799999995741,6552.750969712361
30915,36.972232688671504,778.2999999995741,6552.805061650783
30916,36.972232688671504,778.3199999995741,6552.859152705362
30917,36.972232688671504,778.339999999574,6552.913242876065
30918,36.972232688671504,778.359999999574,6552.967332162854
30919,36.972232688671504,778.379999999574,6553.021420565695
30920,36.972232688671504,778.399999999574,6553.075508084549
30921,36.972232688671504,778.419999999574,6553.129594719383
30922,36.972232688671504,778.439999999574,6553.183680470159
30923,36.972232688671504,778.4599999995739,6553.237765336841
30924,36.972232688671504,778.4799999995739,6553.291849319394
30925,36.972232688671504,778.4999999995739,6553.345932417781
30926,36.972232688671504,778.5199999995739,6553.400014631967
30927,36.972232688671504,778.5399999995739,6553.454095961914
30928,36.972232688671504,778.5599999995738,6553.5081764075885
30929,36.972232688671504,778.5799999995738,6553.562255968953
30930,36.972232688671504,778.5999999995738,6553.616334645971
30931,36.972232688671504,778.6199999995738,6553.670412438607
30932,36.972232688671504,778.6399999995738,6553.724489346825
30933,36.972232688671504,778.6599999995738,6553.778565370589
30934,36.972232688671504,778.6799999995737,6553.832640509862
30935,36.972232688671504,778.6999999995737,6553.88671476461
30936,36.972232688671504,778.7199999995737,6553.940788134794
30937,36.972232688671504,778.7399999995737,6553.994860620381
30938,36.972232688671504,778.7599999995737,6554.048932221589
30939,36.972232688671504,778.7799999995736,6554.103002941509
30940,36.972232688671504,778.7999999995736,6554.157072780923
30941,36.972232688671504,778.8199999995736,6554.2111417397955
30942,36.972232688671504,778.8399999995736,6554.265209818091
30943,36.972232688671504,778.8599999995736,6554.319277015772
30944,36.972232688671504,778.8799999995736,6554.373343332803
30945,36.972232688671504,778.8999999995735,6554.427408769149
30946,36.972232688671504,778.9199999995735,6554.481473324773
30947,36.972232688671504,778.9399999995735,6554.53553699964
30948,36.972232688671504,778.9599999995735,6554.589599793712
30949,36.972232688671504,778.9799999995735,6554.643661706956
30950,36.972232688671504,778.9999999995734,6554.697722739334
30951,36.972232688671504,779.0199999995734,6554.751782890809
30952,36.972232688671504,779.0399999995734,6554.805842161348
30953,36.972232688671504,779.0599999995734,6554.859900550912
30954,36.972232688671504,779.0799999995734,6554.9139580594665
30955,36.972232688671504,779.0999999995734,6554.968014686975
30956,36.972232688671504,779.1199999995733,6555.022070433402
30957,36.972232688671504,779.1399999995733,6555.076125298712
30958,36.972232688671504,779.1599999995733,6555.130179282868
30959,36.972232688671504,779.1799999995733,6555.184232385835
30960,36.972232688671504,779.1999999995733,6555.238284607575
30961,36.972232688671504,779.2199999995732,6555.292335948054
30962,36.972232688671504,779.2399999995732,6555.346386407235
30963,36.972232688671504,779.2599999995732,6555.4004359850815
30964,36.972232688671504,779.2799999995732,6555.454484681559
30965,36.972232688671504,779.2999999995732,6555.50853249663
30966,36.972232688671504,779.3199999995732,6555.5625794302605
30967,36.972232688671504,779.3399999995731,6555.616625482413
30968,36.919402426964,779.3599999995731,6555.670670653051
30969,36.919402426964,779.3799999995731,6555.72471494214
30970,36.919402426964,779.3999999995731,6555.778758349643
30971,36.919402426964,779.4199999995731,6555.832800875524
30972,36.919402426964,779.439999999573,6555.886842519748
30973,36.919402426964,779.459999999573,6555.940883282278
30974,36.919402426964,779.479999999573,6555.994923163079
30975,36.919402426964,779.499999999573,6556.048962162114
30976,36.919402426964,779.519999999573,6556.103000279347
30977,36.919402426964,779.539999999573,6556.157037514742
30978,36.919402426964,779.5599999995729,6556.211073868264
30979,36.919402426964,779.5799999995729,6556.265109339876
30980,36.919402426964,779.5999999995729,6556.319143929542
30981,36.919402426964,779.6199999995729,6556.373177637227
30982,36.919402426964,779.6399999995729,6556.4272104628935
30983,36.919402426964,779.6599999995728,6556.481242406507
30984,36.919402426964,779.6799999995728,6556.53527346803
30985,36.919402426964,779.6999999995728,6556.589303647428
30986,36.919402426964,779.7199999995728,6556.6433329446645
30987,36.919402426964,779.7399999995728,6556.697361359703
30988,36.919402426964,779.7599999995728,6556.751388892508
30989,36.919402426964,779.7799999995727,6556.805415543323
30990,36.919402426964,779.7999999995727,6556.859441315157
30991,36.919402426964,779.8199999995727,6556.913466208497
30992,36.919402426964,779.8399999995727,6556.967490223307
30993,36.919402426964,779.8599999995727,6557.021513359551
30994,36.919402426964,779.8799999995726,6557.075535617193
30995,36.919402426964,779.8999999995726,6557.129556996197
30996,36.919402426964,779.9199999995726,6557.183577496527
30997,36.919402426964,779.9399999995726,6557.237597118146
30998,36.919402426964,779.9599999995726,6557.29161586102
30999,36.919402426964,779.9799999995726,6557.345633725111
31000,36.919402426964,779.9999999995725,6557.399650710384
31001,36.919402426964,780.0199999995725,6557.453666816803
31002,36.919402426964,780.0399999995725,6557.507682044332
31003,36.919402426964,780.0599999995725,6557.561696392934
31004,36.919402426964,780.0799999995725,6557.6157098625745
31005,36.919402426964,780.0999999995724,6557.669722453216
31006,36.919402426964,780.1199999995724,6557.723734164824
31007,36.919402426964,780.1399999995724,6557.777744997362
31008,36.919402426964,780.1599999995724,6557.831754950793
31009,36.919402426964,780.1799999995724,6557.885764025082
31010,36.919402426964,780.1999999995724,6557.939772220192
31011,36.919402426964,780.2199999995723,6557.993779536088
31012,36.919402426964,780.2399999995723,6558.047785972734
31013,36.919402426964,780.2599999995723,6558.1017915300945
31014,36.919402426964,780.2799999995723,6558.1557962081315
31015,36.919402426964,780.2999999995723,6558.209800006811
31016,36.919402426964,780.3199999995722,6558.263802926095
31017,36.919402426964,780.3399999995722,6558.317804965949
31018,36.919402426964,780.3599999995722,6558.371806126337
31019,36.919402426964,780.3799999995722,6558.425806407223
31020,36.919402426964,780.3999999995722,6558.47980580857
31021,36.919402426964,780.4199999995722,6558.533804330343
31022,36.919402426964,780.4399999995721,6558.587801972505
31023,36.919402426964,780.4599999995721,6558.6417987350205
31024,36.919402426964,780.4799999995721,6558.695794617854
31025,36.919402426964,780.4999999995721,6558.749789620969
31026,36.919402426964,780.5199999995721,6558.80378374433
31027,36.919402426964,780.539999999572,6558.8577769879
31028,36.919402426964,780.559999999572,6558.911769351644
31029,36.919402426964,780.579999999572,6558.965760835525
31030,36.919402426964,780.599999999572,6559.019751439508
31031,36.919402426964,780.619999999572,6559.073741163556
31032,36.919402426964,780.639999999572,6559.127730007634
31033,36.919402426964,780.6599999995719,6559.181717971705
31034,36.919402426964,780.6799999995719,6559.235705055734
31035,36.919402426964,780.6999999995719,6559.289691259684
31036,36.919402426964,780.7199999995719,6559.34367658352
31037,36.919402426964,780.7399999995719,6559.397661027206
31038,36.919402426964,780.7599999995718,6559.451644590705
31039,36.919402426964,780.7799999995718,6559.505627273981
31040,36.919402426964,780.7999999995718,6559.559609077357
31041,36.919402426964,780.8199999995718,6559.613590004104
31042,36.919402426964,780.8399999995718,6559.667570054514
31043,36.919402426964,780.8599999995718,6559.721549228551
31044,36.919402426964,780.8799999995717,6559.775527526181
31045,36.919402426964,780.8999999995717,6559.829504947365
31046,36.919402426964,780.9199999995717,6559.883481492069
31047,36.919402426964,780.9399999995717,6559.937457160257
31048,36.919402426964,780.9599999995717,6559.991431951892
31049,36.919402426964,780.9799999995716,6560.045405867049
31050,36.919402426964,780.9999999995716,6560.099378905874
31051,36.919402426964,781.0199999995716,6560.153351068338
31052,36.919402426964,781.0399999995716,6560.207322354407
31053,36.919402426964,781.0599999995716,6560.261292764043
31054,36.919402426964,781.0799999995716,6560.315262297212
31055,36.919402426964,781.0999999995715,6560.369230953878
31056,36.919402426964,781.1199999995715,6560.423198734006
31057,36.919402426964,781.1399999995715,6560.47716563756
31058,36.919402426964,781.1599999995715,6560.531131664503
31059,36.919402426964,781.1799999995715,6560.585096814802
31060,36.919402426964,781.1999999995714,6560.639061088419
31061,36.919402426964,781.2199999995714,6560.69302448532
31062,36.919402426964,781.2399999995714,6560.746987005469
31063,36.919402426964,781.2599999995714,6560.80094864883
31064,36.919402426964,781.2799999995714,6560.854909415368
31065,36.919402426964,781.2999999995714,6560.908869305046
31066,36.919402426964,781.3199999995713,6560.96282831783
31067,36.919402426964,781.3399999995713,6561.016786453683
31068,36.919402426964,781.3599999995713,6561.070743712571
31069,36.919402426964,781.3799999995713,6561.124700094458
31070,36.919402426964,781.3999999995713,6561.178655599307
31071,36.919402426964,781.4199999995712,6561.232610227084
31072,36.919402426964,781.4399999995712,6561.286563977752
31073,36.919402426964,781.4599999995712,6561.340516851276
31074,36.919402426964,781.4799999995712,6561.394468847621
31075,36.919402426964,781.4999999995712,6561.448419966751
31076,36.919402426964,781.5199999995712,6561.502370208631
31077,36.919402426964,781.5399999995711,6561.556319573224
31078,36.919402426964,781.5599999995711,6561.610268060495
31079,36.919402426964,781.5799999995711,6561.664215670409
31080,36.919402426964,781.5999999995711,6561.71816240293
31081,36.919402426964,781.6199999995711,6561.772108258022
31082,36.919402426964,781.639999999571,6561.82605323565
31083,36.919402426964,781.659999999571,6561.879997335778
31084,36.919402426964,781.679999999571,6561.9339405583705
31085,36.919402426964,781.699999999571,6561.987882903391
31086,36.919402426964,781.719999999571,6562.041824370806
31087,36.919402426964,781.739999999571,6562.095764960579
31088,36.919402426964,781.7599999995709,6562.149704672674
31089,36.919402426964,781.7799999995709,6562.203643507055
31090,36.919402426964,781.7999999995709,6562.257581463687
31091,36.919402426964,781.8199999995709,6562.311518543128
31092,36.919402426964,781.8399999995709,6562.365454748467
31093,36.919402426964,781.8599999995708,6562.419390079948
31094,36.919402426964,781.8799999995708,6562.473324537537
31095,36.919402426964,781.8999999995708,6562.527258121198
31096,36.919402426964,781.9199999995708,6562.581190830896
31097,36.919402426964,781.9399999995708,6562.635122666595
31098,36.919402426964,781.9599999995708,6562.689053628259
31099,36.919402426964,781.9799999995707,6562.7429837158525
31100,36.919402426964,781.9999999995707,6562.79691292934
31101,36.919402426964,782.0199999995707,6562.850841268686
31102,36.919402426964,782.0399999995707,6562.904768733855
31103,36.919402426964,782.0599999995707,6562.958695324812
31104,36.919402426964,782.0799999995706,6563.01262104152
31105,36.919402426964,782.0999999995706,6563.066545883945
31106,36.919402426964,782.1199999995706,6563.1204698520505
31107,36.919402426964,782.1399999995706,6563.174392945801
31108,36.919402426964,782.1599999995706,6563.228315165161
31109,36.919402426964,782.1799999995706,6563.282236510095
31110,36.919402426964,782.1999999995705,6563.3361569805675
31111,36.919402426964,782.2199999995705,6563.390076576543
31112,36.919402426964,782.2399999995705,6563.443995297986
31113,36.919402426964,782.2599999995705,6563.49791314486
31114,36.919402426964,782.2799999995705,6563.5518301171305
31115,36.919402426964,782.2999999995704,6563.605746214762
31116,36.919402426964,782.3199999995704,6563.659661437719
31117,36.919402426964,782.3399999995704,6563.713575785965
31118,36.919402426964,782.3599999995704,6563.767489259465
31119,36.919402426964,782.3799999995704,6563.821401858184
31120,36.919402426964,782.3999999995704,6563.875313582085
31121,36.919402426964,782.4199999995703,6563.929224431134
31122,36.919402426964,782.4399999995703,6563.983134405294
31123,36.919402426964,782.4599999995703,6564.037043504531
31124,36.919402426964,782.4799999995703,6564.090951728808
31125,36.919402426964,782.4999999995703,6564.14485907809
31126,36.919402426964,782.5199999995702,6564.198765552342
31127,36.919402426964,782.5399999995702,6564.2526711515275
31128,36.919402426964,782.5599999995702,6564.306575875612
31129,36.919402426964,782.5799999995702,6564.360479724559
31130,36.919402426964,782.5999999995702,6564.414382698333
31131,36.919402426964,782.6199999995702,6564.468284796899
31132,36.919402426964,782.6399999995701,6564.522186020221
31133,36.919402426964,782.6599999995701,6564.5760863682635
31134,36.919402426964,782.6799999995701,6564.629985840991
31135,36.919402426964,782.6999999995701,6564.683884438368
31136,36.919402426964,782.7199999995701,6564.7377821603595
31137,36.919402426964,782.73999999957,6564.791679006929
31138,36.919402426964,782.75999999957,6564.845574978042
31139,36.919402426964,782.77999999957,6564.899470073662
31140,36.919402426964,782.79999999957,6564.953364293754
31141,36.919402426964,782.81999999957,6565.007257638282
31142,36.919402426964,782.83999999957,6565.061150108073
31143,36.919402426964,782.8599999995699,6565.115041706143
31144,36.919402426964,782.8799999995699,6565.168932432699
31145,36.919402426964,782.8999999995699,6565.222822287706
31146,36.919402426964,782.9199999995699,6565.276711271128
31147,36.919402426964,782.9399999995699,6565.330599382931
31148,36.919402426964,782.9599999995698,6565.3844866230775
31149,36.919402426964,782.9799999995698,6565.4383729915335
31150,36.919402426964,782.9999999995698,6565.492258488263
31151,36.919402426964,783.0199999995698,6565.546143113231
31152,36.919402426964,783.0399999995698,6565.600026866401
31153,36.919402426964,783.0599999995698,6565.653909747739
31154,36.919402426964,783.0799999995697,6565.707791757208
31155,36.919402426964,783.0999999995697,6565.761672894773
31156,36.919402426964,783.1199999995697,6565.8155531604
31157,36.919402426964,783.1399999995697,6565.869432554051
31158,36.919402426964,783.1599999995697,6565.923311075692
31159,36.919402426964,783.1799999995696,6565.977188725288
31160,36.919402426964,783.1999999995696,6566.031065502803
31161,36.919402426964,783.2199999995696,6566.084941408201
31162,36.919402426964,783.2399999995696,6566.1388164414475
31163,36.919402426964,783.2599999995696,6566.192690602506
31164,36.86669786229998,783.2799999995696,6566.246563891343
31165,36.86669786229998,783.2999999995695,6566.300436307921
31166,36.86669786229998,783.3199999995695,6566.354307852204
31167,36.86669786229998,783.3399999995695,6566.408178524159
31168,36.86669786229998,783.3599999995695,6566.462048323749
31169,36.86669786229998,783.3799999995695,6566.515917250938
31170,36.86669786229998,783.3999999995694,6566.569785305693
31171,36.86669786229998,783.4199999995694,6566.623652487976
31172,36.86669786229998,783.4399999995694,6566.677518797753
31173,36.86669786229998,783.4599999995694,6566.731384234988
31174,36.86669786229998,783.4799999995694,6566.785248799645
31175,36.86669786229998,783.4999999995694,6566.839112491689
31176,36.86669786229998,783.5199999995693,6566.892975311084
31177,36.86669786229998,783.5399999995693,6566.946837257796
31178,36.86669786229998,783.5599999995693,6567.000698331788
31179,36.86669786229998,783.5799999995693,6567.054558533026
31180,36.86669786229998,783.5999999995693,6567.108417861474
31181,36.86669786229998,783.6199999995692,6567.162276317096
31182,36.86669786229998,783.6399999995692,6567.216133899858
31183,36.86669786229998,783.6599999995692,6567.269990609722
31184,36.86669786229998,783.6799999995692,6567.323846446655
31185,36.86669786229998,783.6999999995692,6567.37770141062
31186,36.86669786229998,783.7199999995692,6567.431555501582
31187,36.86669786229998,783.7399999995691,6567.485408719505
31188,36.86669786229998,783.7599999995691,6567.539261064356
31189,36.86669786229998,783.7799999995691,6567.593112536097
31190,36.86669786229998,783.7999999995691,6567.646963134693
31191,36.86669786229998,783.8199999995691,6567.700812860108
31192,36.86669786229998,783.839999999569,6567.754661712309
31193,36.86669786229998,783.859999999569,6567.8085096922705
31194,36.86669786229998,783.879999999569,6567.862356802569
31195,36.86669786229998,783.899999999569,6567.9162030433445
31196,36.86669786229998,783.919999999569,6567.970048414563
31197,36.86669786229998,783.939999999569,6568.023892916189
31198,36.86669786229998,783.9599999995689,6568.077736548186
31199,36.86669786229998,783.9799999995689,6568.13157931052
31200,36.86669786229998,783.9999999995689,6568.185421203154
31201,36.86669786229998,784.0199999995689,6568.239262226054
31202,36.86669786229998,784.0399999995689,6568.293102379184
31203,36.86669786229998,784.0599999995688,6568.3469416625085
31204,36.86669786229998,784.0799999995688,6568.400780075992
31205,36.86669786229998,784.0999999995688,6568.454617619599
31206,36.86669786229998,784.1199999995688,6568.508454293295
31207,36.86669786229998,784.1399999995688,6568.562290097043
31208,36.86669786229998,784.1599999995688,6568.616125030809
31209,36.86669786229998,784.1799999995687,6568.669959094556
31210,36.86669786229998,784.1999999995687,6568.723792288251
31211,36.86669786229998,784.2199999995687,6568.777624611857
31212,36.86669786229998,784.2399999995687,6568.831456065339
31213,36.86669786229998,784.2599999995687,6568.88528664866
31214,36.86669786229998,784.2799999995686,6568.9391163617875
31215,36.86669786229998,784.2999999995686,6568.992945204684
31216,36.86669786229998,784.3199999995686,6569.046773177314
31217,36.86669786229998,784.3399999995686,6569.100600279643
31218,36.86669786229998,784.3599999995686,6569.154426511635
31219,36.86669786229998,784.3799999995686,6569.208251873256
31220,36.86669786229998,784.3999999995685,6569.262076364468
31221,36.86669786229998,784.4199999995685,6569.315899985238
31222,36.86669786229998,784.4399999995685,6569.369722735529
31223,36.86669786229998,784.4599999995685,6569.423544615306
31224,36.86669786229998,784.4799999995685,6569.477365624534
31225,36.86669786229998,784.4999999995684,6569.531185763177
31226,36.86669786229998,784.5199999995684,6569.585005031199
31227,36.86669786229998,784.5399999995684,6569.638823428567
31228,36.86669786229998,784.5599999995684,6569.692640955243
31229,36.86669786229998,784.5799999995684,6569.746457611193
31230,36.86669786229998,784.5999999995684,6569.800273396381
31231,36.86669786229998,784.6199999995683,6569.854088310772
31232,36.86669786229998,784.6399999995683,6569.90790235433
31233,36.86669786229998,784.6599999995683,6569.96171552702
31234,36.86669786229998,784.6799999995683,6570.015527828817
31235,36.86669786229998,784.6999999995683,6570.069339259832
31236,36.86669786229998,784.7199999995682,6570.123149820088
31237,36.86669786229998,784.7399999995682,6570.176959509547
31238,36.86669786229998,784.7599999995682,6570.230768328173
31239,36.86669786229998,784.7799999995682,6570.2845762759325
31240,36.86669786229998,784.7999999995682,6570.338383352789
31241,36.86669786229998,784.8199999995682,6570.392189558706
31242,36.86669786229998,784.8399999995681,6570.44599489365
31243,36.86669786229998,784.8599999995681,6570.4997993575835
31244,36.86669786229998,784.8799999995681,6570.553602951753
31245,36.86669786229998,784.8999999995681,6570.607405678643
31246,36.86669786229998,784.9199999995681,6570.661207538355
31247,36.86669786229998,784.939999999568,6570.715008530852
31248,36.86669786229998,784.959999999568,6570.768808656101
31249,36.86669786229998,784.979999999568,6570.822607914066
31250,36.86669786229998,784.999999999568,6570.87640630471
31251,36.86669786229998,785.019999999568,6570.930203827999
31252,36.86669786229998,785.039999999568,6570.984000483898
31253,36.86669786229998,785.0599999995679,6571.03779627237
31254,36.86669786229998,785.0799999995679,6571.09159119338
31255,36.86669786229998,785.0999999995679,6571.145385246893
31256,36.86669786229998,785.1199999995679,6571.199178432874
31257,36.86669786229998,785.1399999995679,6571.252970751287
31258,36.86669786229998,785.1599999995678,6571.306762202096
31259,36.86669786229998,785.1799999995678,6571.360552785267
31260,36.86669786229998,785.1999999995678,6571.414342500763
31261,36.86669786229998,785.2199999995678,6571.46813134855
31262,36.86669786229998,785.2399999995678,6571.521919328591
31263,36.86669786229998,785.2599999995678,6571.575706440852
31264,36.86669786229998,785.2799999995677,6571.629492685296
31265,36.86669786229998,785.2999999995677,6571.683278061889
31266,36.86669786229998,785.3199999995677,6571.737062570594
31267,36.86669786229998,785.3399999995677,6571.790846211378
31268,36.86669786229998,785.3599999995677,6571.844628984204
31269,36.86669786229998,785.3799999995676,6571.898410889036
31270,36.86669786229998,785.3999999995676,6571.95219192584
31271,36.86669786229998,785.4199999995676,6572.00597209458
31272,36.86669786229998,785.4399999995676,6572.059751395221
31273,36.86669786229998,785.4599999995676,6572.113529827726
31274,36.86669786229998,785.4799999995676,6572.167307392061
31275,36.86669786229998,785.4999999995675,6572.22108408819
31276,36.86669786229998,785.5199999995675,6572.274859916078
31277,36.86669786229998,785.5399999995675,6572.328634875689
31278,36.86669786229998,785.5599999995675,6572.382408966988
31279,36.86669786229998,785.5799999995675,6572.436182189939
31280,36.86669786229998,785.5999999995674,6572.489954544508
31281,36.86669786229998,785.6199999995674,6572.543726030658
31282,36.86669786229998,785.6399999995674,6572.5974966483545
31283,36.86669786229998,785.6599999995674,6572.651266397562
31284,36.86669786229998,785.6799999995674,6572.705035278244
31285,36.86669786229998,785.6999999995674,6572.758803290367
31286,36.86669786229998,785.7199999995673,6572.812570433894
31287,36.86669786229998,785.7399999995673,6572.866336708789
31288,36.86669786229998,785.7599999995673,6572.920102115018
31289,36.86669786229998,785.7799999995673,6572.973866652546
31290,36.86669786229998,785.7999999995673,6573.027630321337
31291,36.86669786229998,785.8199999995672,6573.081393121354
31292,36.86669786229998,785.8399999995672,6573.135155052564
31293,36.86669786229998,785.8599999995672,6573.18891611493
31294,36.86669786229998,785.8799999995672,6573.242676308417
31295,36.86669786229998,785.8999999995672,6573.296435634505
31296,36.86669786229998,785.9199999995672,6573.350194095492
31297,36.86669786229998,785.9399999995671,6573.403951691436
31298,36.86669786229998,785.9599999995671,6573.457708422301
31299,36.86669786229998,785.9799999995671,6573.511464288051
31300,36.86669786229998,785.9999999995671,6573.565219288651
31301,36.86669786229998,786.0199999995671,6573.618973424066
31302,36.86669786229998,786.039999999567,6573.672726694261
31303,36.86669786229998,786.059999999567,6573.7264790992
31304,36.86669786229998,786.079999999567,6573.7802306388485
31305,36.86669786229998,786.099999999567,6573.833981313171
31306,36.86669786229998,786.119999999567,6573.887731122131
31307,36.86669786229998,786.139999999567,6573.941480065696
31308,36.86669786229998,786.1599999995669,6573.995228143828
31309,36.86669786229998,786.1799999995669,6574.048975356493
31310,36.86669786229998,786.1999999995669,6574.102721703656
31311,36.86669786229998,786.2199999995669,6574.156467185281
31312,36.86669786229998,786.2399999995669,6574.210211801334
31313,36.86669786229998,786.2599999995668,6574.263955551778
31314,36.86669786229998,786.2799999995668,6574.317698436579
31315,36.86669786229998,786.2999999995668,6574.371440455701
31316,36.86669786229998,786.3199999995668,6574.425181609109
31317,36.86669786229998,786.3399999995668,6574.478921896768
31318,36.86669786229998,786.3599999995668,6574.532661318643
31319,36.86669786229998,786.3799999995667,6574.586399874697
31320,36.86669786229998,786.3999999995667,6574.6401375648975
31321,36.86669786229998,786.4199999995667,6574.693874389207
31322,36.86669786229998,786.4399999995667,6574.747610347591
31323,36.86669786229998,786.4599999995667,6574.801345440014
31324,36.86669786229998,786.4799999995666,6574.855079666442
31325,36.86669786229998,786.4999999995666,6574.908813026838
31326,36.86669786229998,786.5199999995666,6574.962545521168
31327,36.86669786229998,786.5399999995666,6575.016277149396
31328,36.86669786229998,786.5599999995666,6575.070007911488
31329,36.86669786229998,786.5799999995666,6575.1237378074065
31330,36.86669786229998,786.5999999995665,6575.177466837118
31331,36.86669786229998,786.6199999995665,6575.231195000587
31332,36.86669786229998,786.6399999995665,6575.2849222977775
31333,36.86669786229998,786.6599999995665,6575.338648728655
31334,36.86669786229998,786.6799999995665,6575.392374293185
31335,36.86669786229998,786.6999999995664,6575.4460989913305
31336,36.86669786229998,786.7199999995664,6575.499822823057
31337,36.86669786229998,786.7399999995664,6575.553545788329
31338,36.86669786229998,786.7599999995664,6575.607267887111
31339,36.86669786229998,786.7799999995664,6575.660989119369
31340,36.86669786229998,786.7999999995664,6575.714709485067
31341,36.86669786229998,786.8199999995663,6575.76842898417
31342,36.86669786229998,786.8399999995663,6575.822147616643
31343,36.86669786229998,786.8599999995663,6575.87586538245
31344,36.86669786229998,786.8799999995663,6575.929582281556
31345,36.86669786229998,786.8999999995663,6575.983298313925
31346,36.86669786229998,786.9199999995662,6576.037013481336
31347,36.86669786229998,786.9399999995662,6576.09072778598
31348,36.86669786229998,786.9599999995662,6576.14444122787
31349,36.86669786229998,786.9799999995662,6576.19815380697
31350,36.86669786229998,786.9999999995662,6576.251865523247
31351,36.86669786229998,787.0199999995662,6576.305576376665
31352,36.86669786229998,787.0399999995661,6576.35928636719
31353,36.86669786229998,787.0599999995661,6576.412995494787
31354,36.86669786229998,787.0799999995661,6576.46670375942
31355,36.86669786229998,787.0999999995661,6576.5204111610565
31356,36.86669786229998,787.1199999995661,6576.57411769966
31357,36.86669786229998,787.139999999566,6576.627823375196
31358,36.86669786229998,787.159999999566,6576.681528187632
31359,36.86669786229998,787.179999999566,6576.73523213693
31360,36.86669786229998,787.199999999566,6576.788935223057
31361,36.86669786229998,787.219999999566,6576.842637445978
31362,36.81411857638481,787.239999999566,6576.896338805658
31363,36.81411857638481,787.2599999995659,6576.950039302063
31364,36.81411857638481,787.2799999995659,6577.003738935157
31365,36.81411857638481,787.2999999995659,6577.057437704907
31366,36.81411857638481,787.3199999995659,6577.111135611277
31367,36.81411857638481,787.3399999995659,6577.164832654233
31368,36.81411857638481,787.3599999995658,6577.218528833739
31369,36.81411857638481,787.3799999995658,6577.27222414976
31370,36.81411857638481,787.3999999995658,6577.325918602264
31371,36.81411857638481,787.4199999995658,6577.379612191215
31372,36.81411857638481,787.4399999995658,6577.433304916577
31373,36.81411857638481,787.4599999995658,6577.486996778316
31374,36.81411857638481,787.4799999995657,6577.540687776398
31375,36.81411857638481,787.4999999995657,6577.594377910787
31376,36.81411857638481,787.5199999995657,6577.64806718145
31377,36.81411857638481,787.5399999995657,6577.70175558835
31378,36.81411857638481,787.5599999995657,6577.755443131455
31379,36.81411857638481,787.5799999995656,6577.809129810727
31380,36.81411857638481,787.5999999995656,6577.862815626134
31381,36.81411857638481,787.6199999995656,6577.91650057764
31382,36.81411857638481,787.6399999995656,6577.9701846652115
31383,36.81411857638481,787.6599999995656,6578.023867888812
31384,36.81411857638481,787.6799999995656,6578.0775502484075
31385,36.81411857638481,787.6999999995655,6578.131231743963
31386,36.81411857638481,787.7199999995655,6578.1849123754455
31387,36.81411857638481,787.7399999995655,6578.238592142819
31388,36.81411857638481,787.7599999995655,6578.292271046047
31389,36.81411857638481,787.7799999995655,6578.345949085097
31390,36.81411857638481,787.7999999995654,6578.399626259935
31391,36.81411857638481,787.8199999995654,6578.453302570524
31392,36.81411857638481,787.8399999995654,6578.5069780168305
31393,36.81411857638481,787.8599999995654,6578.56065259882
31394,36.81411857638481,787.8799999995654,6578.614326316457
31395,36.81411857638481,787.8999999995654,6578.6679991697065
31396,36.81411857638481,787.9199999995653,6578.721671158537
31397,36.81411857638481,787.9399999995653,6578.775342284787
31398,36.81411857638481,787.9599999995653,6578.829012550282
31399,36.81411857638481,787.9799999995653,6578.882681954986
31400,36.81411857638481,787.9999999995653,6578.936350498864
31401,36.81411857638481,788.0199999995652,6578.990018181883
31402,36.81411857638481,788.0399999995652,6579.043685004008
31403,36.81411857638481,788.0599999995652,6579.097350965204
31404,36.81411857638481,788.0799999995652,6579.151016065437
31405,36.81411857638481,788.0999999995652,6579.204680304672
31406,36.81411857638481,788.1199999995652,6579.258343682875
31407,36.81411857638481,788.1399999995651,6579.312006200013
31408,36.81411857638481,788.1599999995651,6579.365667856048
31409,36.81411857638481,788.1799999995651,6579.419328650948
31410,36.81411857638481,788.1999999995651,6579.472988584677
31411,36.81411857638481,788.2199999995651,6579.526647657202
31412,36.81411857638481,788.239999999565,6579.580305868488
31413,36.81411857638481,788.259999999565,6579.6339632185
31414,36.81411857638481,788.279999999565,6579.687619707203
31415,36.81411857638481,788.299999999565,6579.741275334564
31416,36.81411857638481,788.319999999565,6579.794930100547
31417,36.81411857638481,788.339999999565,6579.848584005119
31418,36.81411857638481,788.3599999995649,6579.902237048244
31419,36.81411857638481,788.3799999995649,6579.955889229888
31420,36.81411857638481,788.3999999995649,6580.009540550023
31421,36.81411857638481,788.4199999995649,6580.063191008744
31422,36.81411857638481,788.4399999995649,6580.116840606089
31423,36.81411857638481,788.4599999995648,6580.170489342022
31424,36.81411857638481,788.4799999995648,6580.224137216509
31425,36.81411857638481,788.4999999995648,6580.277784229515
31426,36.81411857638481,788.5199999995648,6580.331430381006
31427,36.81411857638481,788.5399999995648,6580.385075670945
31428,36.81411857638481,788.5599999995648,6580.438720099299
31429,36.81411857638481,788.5799999995647,6580.4923636660305
31430,36.81411857638481,788.5999999995647,6580.546006371107
31431,36.81411857638481,788.6199999995647,6580.599648214492
31432,36.81411857638481,788.6399999995647,6580.653289196151
31433,36.81411857638481,788.6599999995647,6580.706929316048
31434,36.81411857638481,788.6799999995646,6580.76056857415
31435,36.81411857638481,788.6999999995646,6580.814206970421
31436,36.81411857638481,788.7199999995646,6580.867844504825
31437,36.81411857638481,788.7399999995646,6580.921481177329
31438,36.81411857638481,788.7599999995646,6580.975116987897
31439,36.81411857638481,788.7799999995646,6581.028751936494
31440,36.81411857638481,788.7999999995645,6581.082386023085
31441,36.81411857638481,788.8199999995645,6581.136019247635
31442,36.81411857638481,788.8399999995645,6581.189651610109
31443,36.81411857638481,788.8599999995645,6581.243283110472
31444,36.81411857638481,788.8799999995645,6581.296913748688
31445,36.81411857638481,788.8999999995644,6581.350543524723
31446,36.81411857638481,788.9199999995644,6581.404172438543
31447,36.81411857638481,788.9399999995644,6581.45780049016
31448,36.81411857638481,788.9599999995644,6581.511427681673
31449,36.81411857638481,788.9799999995644,6581.565054014754
31450,36.81411857638481,788.9999999995644,6581.618679489369
31451,36.81411857638481,789.0199999995643,6581.672304105482
31452,36.81411857638481,789.0399999995643,6581.725927863058
31453,36.81411857638481,789.0599999995643,6581.779550762062
31454,36.81411857638481,789.0799999995643,6581.83317280246
31455,36.81411857638481,789.0999999995643,6581.886793984216
31456,36.81411857638481,789.1199999995642,6581.940414307295
31457,36.81411857638481,789.1399999995642,6581.994033771663
31458,36.81411857638481,789.1599999995642,6582.047652377285
31459,36.81411857638481,789.1799999995642,6582.101270124125
31460,36.81411857638481,789.1999999995642,6582.15488701215
31461,36.81411857638481,789.2199999995642,6582.208503041323
31462,36.81411857638481,789.2399999995641,6582.26211821161
31463,36.81411857638481,789.2599999995641,6582.315732522976
31464,36.81411857638481,789.2799999995641,6582.369345975386
31465,36.81411857638481,789.2999999995641,6582.4229585688045
31466,36.81411857638481,789.3199999995641,6582.476570303197
31467,36.81411857638481,789.339999999564,6582.530181178529
31468,36.81411857638481,789.359999999564,6582.583791194766
31469,36.81411857638481,789.379999999564,6582.637400351871
31470,36.81411857638481,789.399999999564,6582.691008649812
31471,36.81411857638481,789.419999999564,6582.744616088552
31472,36.81411857638481,789.439999999564,6582.798222668056
31473,36.81411857638481,789.4599999995639,6582.8518283882895
31474,36.81411857638481,789.4799999995639,6582.905433249218
31475,36.81411857638481,789.4999999995639,6582.9590372508055
31476,36.81411857638481,789.5199999995639,6583.012640393018
31477,36.81411857638481,789.5399999995639,6583.066242675821
31478,36.81411857638481,789.5599999995638,6583.119844099178
31479,36.81411857638481,789.5799999995638,6583.173444663056
31480,36.81411857638481,789.5999999995638,6583.227044367419
31481,36.81411857638481,789.6199999995638,6583.280643212232
31482,36.81411857638481,789.6399999995638,6583.33424119746
31483,36.81411857638481,789.6599999995638,6583.3878383230685
31484,36.81411857638481,789.6799999995637,6583.441434589022
31485,36.81411857638481,789.6999999995637,6583.495029995286
31486,36.81411857638481,789.7199999995637,6583.548624541825
31487,36.81411857638481,789.7399999995637,6583.602218228605
31488,36.81411857638481,789.7599999995637,6583.655811055591
31489,36.81411857638481,789.7799999995636,6583.709403022747
31490,36.81411857638481,789.7999999995636,6583.762994130039
31491,36.81411857638481,789.8199999995636,6583.816584377432
31492,36.81411857638481,789.8399999995636,6583.870173764891
31493,36.81411857638481,789.8599999995636,6583.92376229238
31494,36.81411857638481,789.8799999995636,6583.977349959866
31495,36.81411857638481,789.8999999995635,6584.030936767313
31496,36.81411857638481,789.9199999995635,6584.084522714686
31497,36.81411857638481,789.9399999995635,6584.13810780195
31498,36.81411857638481,789.9599999995635,6584.191692029165
31499,36.81411857638481,789.9799999995635,6584.2452753986145
31500,36.81411857638481,789.9999999995634,6584.298857911742
31501,36.81411857638481,790.0199999995634,6584.352439568513
31502,36.81411857638481,790.0399999995634,6584.406020368891
31503,36.81411857638481,790.0599999995634,6584.459600312844
31504,36.81411857638481,790.0799999995634,6584.513179400335
31505,36.81411857638481,790.0999999995634,6584.566757631329
31506,36.81411857638481,790.1199999995633,6584.620335005792
31507,36.81411857638481,790.1399999995633,6584.673911523689
31508,36.81411857638481,790.1599999995633,6584.727487184985
31509,36.81411857638481,790.1799999995633,6584.7810619896445
31510,36.81411857638481,790.1999999995633,6584.834635937634
31511,36.81411857638481,790.2199999995632,6584.888209028917
31512,36.81411857638481,790.2399999995632,6584.94178126346
31513,36.81411857638481,790.2599999995632,6584.995352641228
31514,36.81411857638481,790.2799999995632,6585.048923162186
31515,36.81411857638481,790.2999999995632,6585.102492826299
31516,36.81411857638481,790.3199999995632,6585.156061633532
31517,36.81411857638481,790.3399999995631,6585.20962958385
31518,36.81411857638481,790.3599999995631,6585.263196677219
31519,36.81411857638481,790.3799999995631,6585.316762913602
31520,36.81411857638481,790.3999999995631,6585.370328292967
31521,36.81411857638481,790.4199999995631,6585.423892815278
31522,36.81411857638481,790.439999999563,6585.477456480499
31523,36.81411857638481,790.459999999563,6585.531019288597
31524,36.81411857638481,790.479999999563,6585.584581239536
31525,36.81411857638481,790.499999999563,6585.638142333281
31526,36.81411857638481,790.519999999563,6585.6917025697985
31527,36.81411857638481,790.539999999563,6585.745261949052
31528,36.81411857638481,790.5599999995629,6585.798820471007
31529,36.81411857638481,790.5799999995629,6585.85237813563
31530,36.81411857638481,790.5999999995629,6585.905934942884
31531,36.81411857638481,790.6199999995629,6585.9594908927365
31532,36.81411857638481,790.6399999995629,6586.013045985151
31533,36.81411857638481,790.6599999995628,6586.066600220092
31534,36.81411857638481,790.6799999995628,6586.120153597527
31535,36.81411857638481,790.6999999995628,6586.173706117419
31536,36.81411857638481,790.7199999995628,6586.227257779734
31537,36.81411857638481,790.7399999995628,6586.280808584437
31538,36.81411857638481,790.7599999995628,6586.334358531494
31539,36.81411857638481,790.7799999995627,6586.38790762087
31540,36.81411857638481,790.7999999995627,6586.441455852529
31541,36.81411857638481,790.8199999995627,6586.495003226436
31542,36.81411857638481,790.8399999995627,6586.548549742557
31543,36.81411857638481,790.8599999995627,6586.602095400857
31544,36.81411857638481,790.8799999995626,6586.655640201302
31545,36.81411857638481,790.8999999995626,6586.709184143856
31546,36.81411857638481,790.9199999995626,6586.762727228484
31547,36.81411857638481,790.9399999995626,6586.816269455153
31548,36.81411857638481,790.9599999995626,6586.869810823826
31549,36.81411857638481,790.9799999995626,6586.9233513346135
31550,36.81411857638481,790.9999999995625,6586.976890990073
31551,36.81411857638481,791.0199999995625,6587.030429791463
31552,36.81411857638481,791.0399999995625,6587.083967738748
31553,36.81411857638481,791.0599999995625,6587.137504831892
31554,36.81411857638481,791.0799999995625,6587.191041070863
31555,36.81411857638481,791.0999999995624,6587.244576455625
31556,36.81411857638481,791.1199999995624,6587.298110986143
31557,36.81411857638481,791.1399999995624,6587.351644662383
31558,36.81411857638481,791.1599999995624,6587.405177484309
31559,36.81411857638481,791.1799999995624,6587.458709451887
31560,36.76166415271194,791.1999999995624,6587.512240565083
31561,36.76166415271194,791.2199999995623,6587.5657708238605
31562,36.76166415271194,791.2399999995623,6587.619300228186
31563,36.76166415271194,791.2599999995623,6587.672828778025
31564,36.76166415271194,791.2799999995623,6587.726356473342
31565,36.76166415271194,791.2999999995623,6587.779883314102
31566,36.76166415271194,791.3199999995622,6587.833409300272
31567,36.76166415271194,791.3399999995622,6587.8869344318155
31568,36.76166415271194,791.3599999995622,6587.940458708698
31569,36.76166415271194,791.3799999995622,6587.993982130886
31570,36.76166415271194,791.3999999995622,6588.047504698344
31571,36.76166415271194,791.4199999995622,6588.101026411036
31572,36.76166415271194,791.4399999995621,6588.1545472689295
31573,36.76166415271194,791.4599999995621,6588.208067271988
31574,36.76166415271194,791.4799999995621,6588.261586420177
31575,36.76166415271194,791.4999999995621,6588.3151047134625
31576,36.76166415271194,791.5199999995621,6588.368622151809
31577,36.76166415271194,791.539999999562,6588.422138735183
31578,36.76166415271194,791.559999999562,6588.475654463548
31579,36.76166415271194,791.579999999562,6588.529169336872
31580,36.76166415271194,791.599999999562,6588.582683355117
31581,36.76166415271194,791.619999999562,6588.6361965182505
31582,36.76166415271194,791.639999999562,6588.689708826237
31583,36.76166415271194,791.6599999995619,6588.743220279041
31584,36.76166415271194,791.6799999995619,6588.79673087663
31585,36.76166415271194,791.6999999995619,6588.850240618967
31586,36.76166415271194,791.7199999995619,6588.903749506018
31587,36.76166415271194,791.7399999995619,6588.957257537749
31588,36.76166415271194,791.7599999995618,6589.010764714124
31589,36.76166415271194,791.7799999995618,6589.064271035109
31590,36.76166415271194,791.7999999995618,6589.11777650067
31591,36.76166415271194,791.8199999995618,6589.171281110771
31592,36.76166415271194,791.8399999995618,6589.224784865378
31593,36.76166415271194,791.8599999995618,6589.278287764456
31594,36.76166415271194,791.8799999995617,6589.3317898079695
31595,36.76166415271194,791.8999999995617,6589.385290995885
31596,36.76166415271194,791.9199999995617,6589.438791328167
31597,36.76166415271194,791.9399999995617,6589.492290804781
31598,36.76166415271194,791.9599999995617,6589.545789425692
31599,36.76166415271194,791.9799999995616,6589.599287190867
31600,36.76166415271194,791.9999999995616,6589.6527841004445
31601,36.76166415271194,792.0199999995616,6589.706280156936
31602,36.76166415271194,792.0399999995616,6589.759775361271
31603,36.76166415271194,792.0599999995616,6589.813269713414
31604,36.76166415271194,792.0799999995616,6589.866763213332
31605,36.76166415271194,792.0999999995615,6589.920255860989
31606,36.76166415271194,792.1199999995615,6589.9737476563505
31607,36.76166415271194,792.1399999995615,6590.027238599405
31608,36.76166415271194,792.1599999995615,6590.080728690325
31609,36.76166415271194,792.1799999995615,6590.134217929095
31610,36.76166415271194,792.1999999995614,6590.187706315682
31611,36.76166415271194,792.2199999995614,6590.241193850051
31612,36.76166415271194,792.2399999995614,6590.294680532168
31613,36.76166415271194,792.2599999995614,6590.348166361999
31614,36.76166415271194,792.2799999995614,6590.401651339509
31615,36.76166415271194,792.2999999995614,6590.455135464665
31616,36.76166415271194,792.3199999995613,6590.508618737431
31617,36.76166415271194,792.3399999995613,6590.562101157774
31618,36.76166415271194,792.3599999995613,6590.61558272566
31619,36.76166415271194,792.3799999995613,6590.669063441053
31620,36.76166415271194,792.3999999995613,6590.72254330392
31621,36.76166415271194,792.4199999995612,6590.776022314227
31622,36.76166415271194,792.4399999995612,6590.829500471938
31623,36.76166415271194,792.4599999995612,6590.882977777021
31624,36.76166415271194,792.4799999995612,6590.93645422944
31625,36.76166415271194,792.4999999995612,6590.989929829161
31626,36.76166415271194,792.5199999995612,6591.04340457615
31627,36.76166415271194,792.5399999995611,6591.096878470374
31628,36.76166415271194,792.5599999995611,6591.150351511796
31629,36.76166415271194,792.5799999995611,6591.2038237003835
31630,36.76166415271194,792.5999999995611,6591.257295036102
31631,36.76166415271194,792.6199999995611,6591.310765518917
31632,36.76166415271194,792.639999999561,6591.364235148794
31633,36.76166415271194,792.659999999561,6591.417703925699
31634,36.76166415271194,792.679999999561,6591.471171849598
31635,36.76166415271194,792.699999999561,6591.524638920457
31636,36.76166415271194,792.719999999561,6591.57810513824
31637,36.76166415271194,792.739999999561,6591.631570502915
31638,36.76166415271194,792.7599999995609,6591.685035014446
31639,36.76166415271194,792.7799999995609,6591.738498672799
31640,36.76166415271194,792.7999999995609,6591.791961477941
31641,36.76166415271194,792.8199999995609,6591.845423429836
31642,36.76166415271194,792.8399999995609,6591.898884528451
31643,36.76166415271194,792.8599999995608,6591.952344773751
31644,36.76166415271194,792.8799999995608,6592.005804165702
31645,36.76166415271194,792.8999999995608,6592.05926270427
31646,36.76166415271194,792.9199999995608,6592.112720389419
31647,36.76166415271194,792.9399999995608,6592.166177221117
31648,36.76166415271194,792.9599999995608,6592.219633199329
31649,36.76166415271194,792.9799999995607,6592.27308832402
31650,36.76166415271194,792.9999999995607,6592.326542595157
31651,36.76166415271194,793.0199999995607,6592.379996012933
31652,36.76166415271194,793.0399999995607,6592.433448580145
31653,36.76166415271194,793.0599999995607,6592.486900297537
31654,36.76166415271194,793.0799999995606,6592.540351165077
31655,36.76166415271194,793.0999999995606,6592.5938011827275
31656,36.76166415271194,793.1199999995606,6592.6472503504565
31657,36.76166415271194,793.1399999995606,6592.70069866823
31658,36.76166415271194,793.1599999995606,6592.754146136012
31659,36.76166415271194,793.1799999995606,6592.807592753771
31660,36.76166415271194,793.1999999995605,6592.861038521471
31661,36.76166415271194,793.2199999995605,6592.914483439078
31662,36.76166415271194,793.2399999995605,6592.967927506558
31663,36.76166415271194,793.2599999995605,6593.021370723877
31664,36.76166415271194,793.2799999995605,6593.074813091001
31665,36.76166415271194,793.2999999995604,6593.128254607895
31666,36.76166415271194,793.3199999995604,6593.181695274526
31667,36.76166415271194,793.3399999995604,6593.235135090858
31668,36.76166415271194,793.3599999995604,6593.28857405686
31669,36.76166415271194,793.3799999995604,6593.342012172495
31670,36.76166415271194,793.3999999995604,6593.395449437729
31671,36.76166415271194,793.4199999995603,6593.44888585253
31672,36.76166415271194,793.4399999995603,6593.502321416862
31673,36.76166415271194,793.4599999995603,6593.555756130691
31674,36.76166415271194,793.4799999995603,6593.609189993984
31675,36.76166415271194,793.4999999995603,6593.662623006705
31676,36.76166415271194,793.5199999995602,6593.716055168821
31677,36.76166415271194,793.5399999995602,6593.769486480298
31678,36.76166415271194,793.5599999995602,6593.8229169411015
31679,36.76166415271194,793.5799999995602,6593.8763465511975
31680,36.76166415271194,793.5999999995602,6593.929775310552
31681,36.76166415271194,793.6199999995602,6593.983203219131
31682,36.76166415271194,793.6399999995601,6594.036630276899
31683,36.76166415271194,793.6599999995601,6594.090056483823
31684,36.76166415271194,793.6799999995601,6594.143481839868
31685,36.76166415271194,793.6999999995601,6594.1969063450015
31686,36.76166415271194,793.7199999995601,6594.250329999188
31687,36.76166415271194,793.73999999956,6594.303752802393
31688,36.76166415271194,793.75999999956,6594.357174754584
31689,36.76166415271194,793.77999999956,6594.410595855726
31690,36.76166415271194,793.79999999956,6594.464016105784
31691,36.76166415271194,793.81999999956,6594.517435504725
31692,36.76166415271194,793.83999999956,6594.570854052514
31693,36.76166415271194,793.8599999995599,6594.624271749118
31694,36.76166415271194,793.8799999995599,6594.677688594501
31695,36.76166415271194,793.8999999995599,6594.731104588631
31696,36.76166415271194,793.9199999995599,6594.784519731472
31697,36.76166415271194,793.9399999995599,6594.837934022991
31698,36.76166415271194,793.9599999995598,6594.891347463154
31699,36.76166415271194,793.9799999995598,6594.944760051925
31700,36.76166415271194,793.9999999995598,6594.998171789272
31701,36.76166415271194,794.0199999995598,6595.051582675161
31702,36.76166415271194,794.0399999995598,6595.10499270983
31703,36.76166415271194,794.0599999995597,6595.158401896266
31704,36.76166415271194,794.0799999995597,6595.211810234987
31705,36.76166415271194,794.0999999995597,6595.265217725959
31706,36.76166415271194,794.1199999995597,6595.318624369148
31707,36.76166415271194,794.1399999995597,6595.37203016452
31708,36.76166415271194,794.1599999995597,6595.425435112041
31709,36.76166415271194,794.1799999995596,6595.478839211676
31710,36.76166415271194,794.1999999995596,6595.532242463391
31711,36.76166415271194,794.2199999995596,6595.585644867153
31712,36.76166415271194,794.2399999995596,6595.639046422927
31713,36.76166415271194,794.2599999995596,6595.692447130679
31714,36.76166415271194,794.2799999995595,6595.745846990375
31715,36.76166415271194,794.2999999995595,6595.7992460019805
31716,36.76166415271194,794.3199999995595,6595.852644165461
31717,36.76166415271194,794.3399999995595,6595.906041480784
31718,36.76166415271194,794.3599999995595,6595.959437947913
31719,36.76166415271194,794.3799999995595,6596.012833566816
31720,36.76166415271194,794.3999999995594,6596.066228337458
31721,36.76166415271194,794.4199999995594,6596.119622259805
31722,36.76166415271194,794.4399999995594,6596.173015333822
31723,36.76166415271194,794.4599999995594,6596.226407559476
31724,36.76166415271194,794.4799999995594,6596.279798936732
31725,36.76166415271194,794.4999999995593,6596.333189465557
31726,36.76166415271194,794.5199999995593,6596.386579145916
31727,36.76166415271194,794.5399999995593,6596.439967977774
31728,36.76166415271194,794.5599999995593,6596.493355961099
31729,36.76166415271194,794.5799999995593,6596.546743095855
31730,36.76166415271194,794.5999999995593,6596.600129382009
31731,36.76166415271194,794.6199999995592,6596.653514819526
31732,36.76166415271194,794.6399999995592,6596.706899408373
31733,36.76166415271194,794.6599999995592,6596.760283148515
31734,36.76166415271194,794.6799999995592,6596.813666039918
31735,36.76166415271194,794.6999999995592,6596.867048082548
31736,36.76166415271194,794.7199999995591,6596.92042927637
31737,36.76166415271194,794.7399999995591,6596.9738096213505
31738,36.76166415271194,794.7599999995591,6597.027189117456
31739,36.76166415271194,794.7799999995591,6597.080567764652
31740,36.76166415271194,794.7999999995591,6597.133945562904
31741,36.76166415271194,794.8199999995591,6597.187322512178
31742,36.76166415271194,794.839999999559,6597.24069861244
31743,36.76166415271194,794.859999999559,6597.294073863655
31744,36.76166415271194,794.879999999559,6597.34744826579
31745,36.76166415271194,794.899999999559,6597.400821818811
31746,36.76166415271194,794.919999999559,6597.454194522683
31747,36.76166415271194,794.939999999559,6597.507566377372
31748,36.76166415271194,794.9599999995589,6597.560937382845
31749,36.76166415271194,794.9799999995589,6597.614307539066
31750,36.76166415271194,794.9999999995589,6597.667676846003
31751,36.76166415271194,795.0199999995589,6597.72104530362
31752,36.76166415271194,795.0399999995589,6597.774412911883
31753,36.76166415271194,795.0599999995588,6597.827779671088
31754,36.76166415271194,795.0799999995588,6597.881145584506
31755,36.76166415271194,795.0999999995588,6597.934510652439
31756,36.76166415271194,795.1199999995588,6597.987874874853
31757,36.76166415271194,795.1399999995588,6598.041238251716
31758,36.76166415271194,795.1599999995587,6598.0946007829925
31759,36.709334176553426,795.1799999995587,6598.14796246865
31760,36.709334176553426,795.1999999995587,6598.201323308654
31761,36.709334176553426,795.2199999995587,6598.254683302971
31762,36.709334176553426,795.2399999995587,6598.308042451567
31763,36.709334176553426,795.2599999995587,6598.361400754409
31764,36.709334176553426,795.2799999995586,6598.414758211463
31765,36.709334176553426,795.2999999995586,6598.468114822695
31766,36.709334176553426,795.3199999995586,6598.521470588071
31767,36.709334176553426,795.3399999995586,6598.574825507558
31768,36.709334176553426,795.3599999995586,6598.628179581122
31769,36.709334176553426,795.3799999995585,6598.68153280873
31770,36.709334176553426,795.3999999995585,6598.734885190347
31771,36.709334176553426,795.4199999995585,6598.78823672594
31772,36.709334176553426,795.4399999995585,6598.841587415475
31773,36.709334176553426,795.4599999995585,6598.894937258919
31774,36.709334176553426,795.4799999995585,6598.948286256237
31775,36.709334176553426,795.4999999995584,6599.0016344073965
31776,36.709334176553426,795.5199999995584,6599.054981712364
31777,36.709334176553426,795.5399999995584,6599.108328171104
31778,36.709334176553426,795.5599999995584,6599.161673783585
31779,36.709334176553426,795.5799999995584,6599.215018549771
31780,36.709334176553426,795.5999999995583,6599.268362469631
31781,36.709334176553426,795.6199999995583,6599.32170554313
31782,36.709334176553426,795.6399999995583,6599.375047770233
31783,36.709334176553426,795.6599999995583,6599.428389150908
31784,36.709334176553426,795.6799999995583,6599.48172968512
31785,36.709334176553426,795.6999999995583,6599.535069372836
31786,36.709334176553426,795.7199999995582,6599.588408214023
31787,36.709334176553426,795.7399999995582,6599.6417462086465
31788,36.709334176553426,795.7599999995582,6599.6950833566725
31789,36.709334176553426,795.7799999995582,6599.748419658068
31790,36.709334176553426,795.7999999995582,6599.801755112799
31791,36.709334176553426,795.8199999995581,6599.8550897208315
31792,36.709334176553426,795.8399999995581,6599.908423482132
31793,36.709334176553426,795.8599999995581,6599.961756396667
31794,36.709334176553426,795.8799999995581,6600.015088464412
31795,36.709334176553426,795.8999999995581,6600.068419685465
31796,36.709334176553426,795.9199999995581,6600.121750059845
31797,36.709334176553426,795.939999999558,6600.175079587516
31798,36.709334176553426,795.959999999558,6600.228408268445
31799,36.709334176553426,795.979999999558,6600.281736102596
31800,36.709334176553426,795.999999999558,6600.335063089938
31801,36.709334176553426,796.019999999558,6600.388389230434
31802,36.709334176553426,796.039999999558,6600.441714524051
31803,36.709334176553426,796.0599999995579,6600.495038970756
31804,36.709334176553426,796.0799999995579,6600.548362571025
31805,36.709334176553426,796.0999999995579,6600.601685327687
31806,36.709334176553426,796.1199999995579,6600.655007240968
31807,36.709334176553426,796.1399999995579,6600.708328310835
31808,36.709334176553426,796.1599999995578,6600.761648537253
31809,36.709334176553426,796.1799999995578,6600.814967920188
31810,36.709334176553426,796.1999999995578,6600.868286459607
31811,36.709334176553426,796.2199999995578,6600.921604155475
31812,36.709334176553426,796.2399999995578,6600.974921007757
31813,36.709334176553426,796.2599999995577,6601.0282370164205
31814,36.709334176553426,796.2799999995577,6601.081552181431
31815,36.709334176553426,796.2999999995577,6601.134866502754
31816,36.709334176553426,796.3199999995577,6601.188179980357
31817,36.709334176553426,796.3399999995577,6601.241492614205
31818,36.709334176553426,796.3599999995577,6601.294804404262
31819,36.709334176553426,796.3799999995576,6601.348115350497
31820,36.709334176553426,796.3999999995576,6601.401425452875
31821,36.709334176553426,796.4199999995576,6601.454734711361
31822,36.709334176553426,796.4399999995576,6601.508043125922
31823,36.709334176553426,796.4599999995576,6601.561350696524
31824,36.709334176553426,796.4799999995575,6601.614657423132
31825,36.709334176553426,796.4999999995575,6601.667963305712
31826,36.709334176553426,796.5199999995575,6601.72126834423
31827,36.709334176553426,796.5399999995575,6601.774572538653
31828,36.709334176553426,796.5599999995575,6601.827875888946
31829,36.709334176553426,796.5799999995575,6601.881178395076
31830,36.709334176553426,796.5999999995574,6601.934480057008
31831,36.709334176553426,796.6199999995574,6601.987780874708
31832,36.709334176553426,796.6399999995574,6602.041080848142
31833,36.709334176553426,796.6599999995574,6602.094379977276
31834,36.709334176553426,796.6799999995574,6602.147678262076
31835,36.709334176553426,796.6999999995573,6602.200975702507
31836,36.709334176553426,796.7199999995573,6602.254272298536
31837,36.709334176553426,796.7399999995573,6602.30756805013
31838,36.709334176553426,796.7599999995573,6602.360862957253
31839,36.709334176553426,796.7799999995573,6602.414157019872
31840,36.709334176553426,796.7999999995573,6602.467450237952
31841,36.709334176553426,796.8199999995572,6602.52074261146
31842,36.709334176553426,796.8399999995572,6602.5740341403625
31843,36.709334176553426,796.8599999995572,6602.627324824624
31844,36.709334176553426,796.8799999995572,6602.680614664211
31845,36.709334176553426,796.8999999995572,6602.73390365909
31846,36.709334176553426,796.9199999995571,6602.787191809226
31847,36.709334176553426,796.9399999995571,6602.840479114586
31848,36.709334176553426,796.9599999995571,6602.893765575135
31849,36.709334176553426,796.9799999995571,6602.947051190839
31850,36.709334176553426,796.9999999995571,6603.000335961665
31851,36.709334176553426,797.0199999995571,6603.053619887578
31852,36.709334176553426,797.039999999557,6603.106902968544
31853,36.709334176553426,797.059999999557,6603.160185204529
31854,36.709334176553426,797.079999999557,6603.213466595499
31855,36.709334176553426,797.099999999557,6603.266747142177
31856,36.709334176553426,797.119999999557,6603.320026847333
31857,36.709334176553426,797.139999999557,6603.3733057111585
31858,36.709334176553426,797.1599999995569,6603.426583733622
31859,36.709334176553426,797.1799999995569,6603.479860914687
31860,36.709334176553426,797.1999999995569,6603.533137254321
31861,36.709334176553426,797.2199999995569,6603.58641275249
31862,36.709334176553426,797.2399999995569,6603.63968740916
31863,36.709334176553426,797.2599999995568,6603.692961224297
31864,36.709334176553426,797.2799999995568,6603.746234197866
31865,36.709334176553426,797.2999999995568,6603.799506329834
31866,36.709334176553426,797.3199999995568,6603.852777620167
31867,36.709334176553426,797.3399999995568,6603.906048068831
31868,36.709334176553426,797.3599999995567,6603.959317675792
31869,36.709334176553426,797.3799999995567,6604.012586441015
31870,36.709334176553426,797.3999999995567,6604.065854364467
31871,36.709334176553426,797.4199999995567,6604.119121446114
31872,36.709334176553426,797.4399999995567,6604.172387685922
31873,36.709334176553426,797.4599999995567,6604.225653083858
31874,36.709334176553426,797.4799999995566,6604.278917639886
31875,36.709334176553426,797.4999999995566,6604.332181353972
31876,36.709334176553426,797.5199999995566,6604.3854442260845
31877,36.709334176553426,797.5399999995566,6604.438706256187
31878,36.709334176553426,797.5599999995566,6604.491967444247
31879,36.709334176553426,797.5799999995565,6604.54522779023
31880,36.709334176553426,797.5999999995565,6604.598487294102
31881,36.709334176553426,797.6199999995565,6604.651745955829
31882,36.709334176553426,797.6399999995565,6604.705003775377
31883,36.709334176553426,797.6599999995565,6604.758260752712
31884,36.709334176553426,797.6799999995565,6604.8115168878
31885,36.709334176553426,797.6999999995564,6604.864772180607
31886,36.709334176553426,797.7199999995564,6604.9180266311
31887,36.709334176553426,797.7399999995564,6604.971280239243
31888,36.709334176553426,797.7599999995564,6605.024533005004
31889,36.709334176553426,797.7799999995564,6605.077784928348
31890,36.709334176553426,797.7999999995563,6605.131036009241
31891,36.709334176553426,797.8199999995563,6605.18428624765
31892,36.709334176553426,797.8399999995563,6605.23753564354
31893,36.709334176553426,797.8599999995563,6605.290784196876
31894,36.709334176553426,797.8799999995563,6605.344031907626
31895,36.709334176553426,797.8999999995563,6605.397278775756
31896,36.709334176553426,797.9199999995562,6605.450524801231
31897,36.709334176553426,797.9399999995562,6605.503769984018
31898,36.709334176553426,797.9599999995562,6605.557014324081
31899,36.709334176553426,797.9799999995562,6605.610257821389
31900,36.709334176553426,797.9999999995562,6605.6635004759055
31901,36.709334176553426,798.0199999995561,6605.716742287597
31902,36.709334176553426,798.0399999995561,6605.769983256431
31903,36.709334176553426,798.0599999995561,6605.823223382373
31904,36.709334176553426,798.0799999995561,6605.876462665387
31905,36.709334176553426,798.0999999995561,6605.929701105441
31906,36.709334176553426,798.1199999995561,6605.982938703488
31907,36.709334176553426,798.139999999556,6606.036175462136
31908,36.709334176553426,798.159999999556,6606.089411381536
31909,36.709334176553426,798.179999999556,6606.1426464616525
31910,36.709334176553426,798.199999999556,6606.195880702451
31911,36.709334176553426,798.219999999556,6606.249114103897
31912,36.709334176553426,798.239999999556,6606.302346665957
31913,36.709334176553426,798.2599999995559,6606.355578388595
31914,36.709334176553426,798.2799999995559,6606.4088092717775
31915,36.709334176553426,798.2999999995559,6606.462039315469
31916,36.709334176553426,798.3199999995559,6606.515268519636
31917,36.709334176553426,798.3399999995559,6606.568496884244
31918,36.709334176553426,798.3599999995558,6606.621724409258
31919,36.709334176553426,798.3799999995558,6606.674951094643
31920,36.709334176553426,798.3999999995558,6606.728176940365
31921,36.709334176553426,798.4199999995558,6606.78140194639
31922,36.709334176553426,798.4399999995558,6606.8346261126835
31923,36.709334176553426,798.4599999995557,6606.88784943921
31924,36.709334176553426,798.4799999995557,6606.941071925936
31925,36.709334176553426,798.4999999995557,6606.994293572826
31926,36.709334176553426,798.5199999995557,6607.047514379846
31927,36.709334176553426,798.5399999995557,6607.100734346961
31928,36.709334176553426,798.5599999995557,6607.153953474137
31929,36.709334176553426,798.5799999995556,6607.207171761339
31930,36.709334176553426,798.5999999995556,6607.2603892085335
31931,36.709334176553426,798.6199999995556,6607.313605815685
31932,36.709334176553426,798.6399999995556,6607.36682158276
31933,36.709334176553426,798.6599999995556,6607.420036509723
31934,36.709334176553426,798.6799999995555,6607.47325059654
31935,36.709334176553426,798.6999999995555,6607.526463843176
31936,36.709334176553426,798.7199999995555,6607.5796762495975
31937,36.709334176553426,798.7399999995555,6607.632887815769
31938,36.709334176553426,798.7599999995555,6607.686098541656
31939,36.709334176553426,798.7799999995555,6607.739308427224
31940,36.709334176553426,798.7999999995554,6607.79251747244
31941,36.709334176553426,798.8199999995554,6607.845725677267
31942,36.709334176553426,798.8399999995554,6607.8989330416725
31943,36.709334176553426,798.8599999995554,6607.952139565621
31944,36.709334176553426,798.8799999995554,6608.005345249078
31945,36.709334176553426,798.8999999995553,6608.058550092011
31946,36.709334176553426,798.9199999995553,6608.111754094382
31947,36.709334176553426,798.9399999995553,6608.164957256159
31948,36.709334176553426,798.9599999995553,6608.218159577307
31949,36.709334176553426,798.9799999995553,6608.271361057791
31950,36.709334176553426,798.9999999995553,6608.324561697576
31951,36.709334176553426,799.0199999995552,6608.377761496629
31952,36.709334176553426,799.0399999995552,6608.430960454915
31953,36.709334176553426,799.0599999995552,6608.484158572399
31954,36.709334176553426,799.0799999995552,6608.537355849046
31955,36.709334176553426,799.0999999995552,6608.590552284823
31956,36.709334176553426,799.1199999995551,6608.643747879695
31957,36.709334176553426,799.1399999995551,6608.69694263487
31958,36.657128234950825,799.1599999995551,6608.750136552841
31959,36.657128234950825,799.1799999995551,6608.803329633717
31960,36.657128234950825,799.1999999995551,6608.856521877467
31961,36.657128234950825,799.2199999995551,6608.909713284055
31962,36.657128234950825,799.239999999555,6608.96290385345
31963,36.657128234950825,799.259999999555,6609.016093585618
31964,36.657128234950825,799.279999999555,6609.069282480526
31965,36.657128234950825,799.299999999555,6609.122470538142
31966,36.657128234950825,799.319999999555,6609.175657758431
31967,36.657128234950825,799.339999999555,6609.22884414136
31968,36.657128234950825,799.3599999995549,6609.282029686898
31969,36.657128234950825,799.3799999995549,6609.33521439501
31970,36.657128234950825,799.3999999995549,6609.3883982656625
31971,36.657128234950825,799.4199999995549,6609.441581298824
31972,36.657128234950825,799.4399999995549,6609.49476349446
31973,36.657128234950825,799.4599999995548,6609.547944852538
31974,36.657128234950825,799.4799999995548,6609.601125373026
31975,36.657128234950825,799.4999999995548,6609.6543050558885
31976,36.657128234950825,799.5199999995548,6609.707483901094
31977,36.657128234950825,799.5399999995548,6609.760661908608
31978,36.657128234950825,799.5599999995547,6609.813839078399
31979,36.657128234950825,799.5799999995547,6609.867015410433
31980,36.657128234950825,799.5999999995547,6609.920190904677
31981,36.657128234950825,799.6199999995547,6609.973365561098
31982,36.657128234950825,799.6399999995547,6610.026539379682
31983,36.657128234950825,799.6599999995547,6610.079712360587
31984,36.657128234950825,799.6799999995546,6610.132884503799
31985,36.657128234950825,799.6999999995546,6610.186055809284
31986,36.657128234950825,799.7199999995546,6610.239226277009
31987,36.657128234950825,799.7399999995546,6610.29239590694
31988,36.657128234950825,799.7599999995546,6610.345564699044
31989,36.657128234950825,799.7799999995545,6610.398732653287
31990,36.657128234950825,799.7999999995545,6610.451899769635
31991,36.657128234950825,799.8199999995545,6610.505066048055
31992,36.657128234950825,799.8399999995545,6610.558231488512
31993,36.657128234950825,799.8599999995545,6610.611396090975
31994,36.657128234950825,799.8799999995545,6610.664559855409
31995,36.657128234950825,799.8999999995544,6610.71772278178
31996,36.657128234950825,799.9199999995544,6610.770884870056
31997,36.657128234950825,799.9399999995544,6610.824046120202
31998,36.657128234950825,799.9599999995544,6610.8772065321855
31999,36.657128234950825,799.9799999995544,6610.930366105972
32000,36.657128234950825,799.9999999995543,6610.983524841528
32001,36.657128234950825,800.0199999995543,6611.036682738821
32002,36.657128234950825,800.0399999995543,6611.089839797816
32003,36.657128234950825,800.0599999995543,6611.1429960184805
32004,36.657128234950825,800.0799999995543,6611.196151400781
32005,36.657128234950825,800.0999999995543,6611.249305944682
32006,36.657128234950825,800.1199999995542,6611.302459650153
32007,36.657128234950825,800.1399999995542,6611.355612517158
32008,36.657128234950825,800.1599999995542,6611.408764547015
32009,36.657128234950825,800.1799999995542,6611.461915741838
32010,36.657128234950825,800.1999999995542,6611.5150661016805
32011,36.657128234950825,800.2199999995541,6611.568215626509
32012,36.657128234950825,800.2399999995541,6611.621364316292
32013,36.657128234950825,800.2599999995541,6611.674512170994
32014,36.657128234950825,800.2799999995541,6611.727659190581
32015,36.657128234950825,800.2999999995541,6611.780805375021
32016,36.657128234950825,800.319999999554,6611.833950724281
32017,36.657128234950825,800.339999999554,6611.887095238325
32018,36.657128234950825,800.359999999554,6611.940238917122
32019,36.657128234950825,800.379999999554,6611.993381760637
32020,36.657128234950825,800.399999999554,6612.046523768837
32021,36.657128234950825,800.419999999554,6612.099664941688
32022,36.657128234950825,800.439999999554,6612.152805279157
32023,36.657128234950825,800.4599999995539,6612.205944781211
32024,36.657128234950825,800.4799999995539,6612.259083447815
32025,36.657128234950825,800.4999999995539,6612.312221278937
32026,36.657128234950825,800.5199999995539,6612.365358274543
32027,36.657128234950825,800.5399999995539,6612.418494434599
32028,36.657128234950825,800.5599999995538,6612.471629759072
32029,36.657128234950825,800.5799999995538,6612.524764247929
32030,36.657128234950825,800.5999999995538,6612.577897901136
32031,36.657128234950825,800.6199999995538,6612.631030718659
32032,36.657128234950825,800.6399999995538,6612.684162700464
32033,36.657128234950825,800.6599999995537,6612.737293846519
32034,36.657128234950825,800.6799999995537,6612.790424156789
32035,36.657128234950825,800.6999999995537,6612.843553631243
32036,36.657128234950825,800.7199999995537,6612.896682269845
32037,36.657128234950825,800.7399999995537,6612.949810072562
32038,36.657128234950825,800.7599999995537,6613.002937039361
32039,36.657128234950825,800.7799999995536,6613.056063170209
32040,36.657128234950825,800.7999999995536,6613.109188465071
32041,36.657128234950825,800.8199999995536,6613.162312923915
32042,36.657128234950825,800.8399999995536,6613.215436546707
32043,36.657128234950825,800.8599999995536,6613.268559333413
32044,36.657128234950825,800.8799999995535,6613.321681283999
32045,36.657128234950825,800.8999999995535,6613.3748023984335
32046,36.657128234950825,800.9199999995535,6613.427922676681
32047,36.657128234950825,800.9399999995535,6613.481042118709
32048,36.657128234950825,800.9599999995535,6613.5341607244845
32049,36.657128234950825,800.9799999995535,6613.587278493973
32050,36.657128234950825,800.9999999995534,6613.640395427141
32051,36.657128234950825,801.0199999995534,6613.693511523956
32052,36.657128234950825,801.0399999995534,6613.746626784383
32053,36.657128234950825,801.0599999995534,6613.79974120839
32054,36.657128234950825,801.0799999995534,6613.852854795942
32055,36.657128234950825,801.0999999995533,6613.905967547007
32056,36.657128234950825,801.1199999995533,6613.959079461551
32057,36.657128234950825,801.1399999995533,6614.01219053954
32058,36.657128234950825,801.1599999995533,6614.0653007809415
32059,36.657128234950825,801.1799999995533,6614.11841018735
32060,36.657128234950825,801.1999999995533,6614.1715187607915
32061,36.657128234950825,801.2199999995532,6614.224626501283
32062,36.657128234950825,801.2399999995532,6614.277733408789
32063,36.657128234950825,801.2599999995532,6614.330839483277
32064,36.657128234950825,801.2799999995532,6614.383944724714
32065,36.657128234950825,801.2999999995532,6614.437049133066
32066,36.657128234950825,801.3199999995531,6614.490152708299
32067,36.657128234950825,801.3399999995531,6614.543255450381
32068,36.657128234950825,801.3599999995531,6614.596357359278
32069,36.657128234950825,801.3799999995531,6614.649458434956
32070,36.657128234950825,801.3999999995531,6614.702558677381
32071,36.657128234950825,801.419999999553,6614.75565808652
32072,36.657128234950825,801.439999999553,6614.808756662341
32073,36.657128234950825,801.459999999553,6614.861854404809
32074,36.657128234950825,801.479999999553,6614.91495131389
32075,36.657128234950825,801.499999999553,6614.968047389552
32076,36.657128234950825,801.519999999553,6615.021142631761
32077,36.657128234950825,801.539999999553,6615.074237040483
32078,36.657128234950825,801.5599999995529,6615.127330615686
32079,36.657128234950825,801.5799999995529,6615.180423357336
32080,36.657128234950825,801.5999999995529,6615.233515265399
32081,36.657128234950825,801.6199999995529,6615.286606339841
32082,36.657128234950825,801.6399999995529,6615.339696580629
32083,36.657128234950825,801.6599999995528,6615.39278598773
32084,36.657128234950825,801.6799999995528,6615.445874561111
32085,36.657128234950825,801.6999999995528,6615.498962300738
32086,36.657128234950825,801.7199999995528,6615.552049206577
32087,36.657128234950825,801.7399999995528,6615.605135278595
32088,36.657128234950825,801.7599999995527,6615.658220516759
32089,36.657128234950825,801.7799999995527,6615.711304921034
32090,36.657128234950825,801.7999999995527,6615.764388491388
32091,36.657128234950825,801.8199999995527,6615.817471227787
32092,36.657128234950825,801.8399999995527,6615.870553130198
32093,36.657128234950825,801.8599999995527,6615.923634198587
32094,36.657128234950825,801.8799999995526,6615.976714432921
32095,36.657128234950825,801.8999999995526,6616.029793833166
32096,36.657128234950825,801.9199999995526,6616.082872399289
32097,36.657128234950825,801.9399999995526,6616.135950131256
32098,36.657128234950825,801.9599999995526,6616.189027029035
32099,36.657128234950825,801.9799999995525,6616.242103092592
32100,36.657128234950825,801.9999999995525,6616.295178321892
32101,36.657128234950825,802.0199999995525,6616.3482527169035
32102,36.657128234950825,802.0399999995525,6616.401326277592
32103,36.657128234950825,802.0599999995525,6616.454399003924
32104,36.657128234950825,802.0799999995525,6616.5074708958655
32105,36.657128234950825,802.0999999995524,6616.560541953385
32106,36.657128234950825,802.1199999995524,6616.6136121764475
32107,36.657128234950825,802.1399999995524,6616.66668156502
32108,36.657128234950825,802.1599999995524,6616.7197501190685
32109,36.657128234950825,802.1799999995524,6616.7728178385605
32110,36.657128234950825,802.1999999995523,6616.825884725334
32111,36.657128234950825,802.2199999995523,6616.8789507812635
32112,36.657128234950825,802.2399999995523,6616.93201600632
32113,36.657128234950825,802.2599999995523,6616.985080400468
32114,36.657128234950825,802.2799999995523,6617.038143963675
32115,36.657128234950825,802.2999999995523,6617.0912066959045
32116,36.657128234950825,802.3199999995522,6617.144268597124
32117,36.657128234950825,802.3399999995522,6617.197329667299
32118,36.657128234950825,802.3599999995522,6617.250389906394
32119,36.657128234950825,802.3799999995522,6617.303449314377
32120,36.657128234950825,802.3999999995522,6617.356507891212
32121,36.657128234950825,802.4199999995521,6617.4095656368645
32122,36.657128234950825,802.4399999995521,6617.462622551302
32123,36.657128234950825,802.4599999995521,6617.51567863449
32124,36.657128234950825,802.4799999995521,6617.568733886393
32125,36.657128234950825,802.4999999995521,6617.621788306978
32126,36.657128234950825,802.519999999552,6617.67484189621
32127,36.657128234950825,802.539999999552,6617.727894654055
32128,36.657128234950825,802.559999999552,6617.7809465804785
32129,36.657128234950825,802.579999999552,6617.833997675447
32130,36.657128234950825,802.599999999552,6617.887047938926
32131,36.657128234950825,802.619999999552,6617.940097370882
32132,36.657128234950825,802.639999999552,6617.993145971279
32133,36.657128234950825,802.6599999995519,6618.046193740084
32134,36.657128234950825,802.6799999995519,6618.099240677263
32135,36.657128234950825,802.6999999995519,6618.152286782781
32136,36.657128234950825,802.7199999995519,6618.205332056604
32137,36.657128234950825,802.7399999995519,6618.2583764986975
32138,36.657128234950825,802.7599999995518,6618.311420109028
32139,36.657128234950825,802.7799999995518,6618.364462887562
32140,36.657128234950825,802.7999999995518,6618.417504834263
32141,36.657128234950825,802.8199999995518,6618.470545949099
32142,36.657128234950825,802.8399999995518,6618.523586232034
32143,36.657128234950825,802.8599999995517,6618.576625683036
32144,36.657128234950825,802.8799999995517,6618.629664302069
32145,36.657128234950825,802.8999999995517,6618.682702089099
32146,36.657128234950825,802.9199999995517,6618.735739044092
32147,36.657128234950825,802.9399999995517,6618.788775167014
32148,36.657128234950825,802.9599999995517,6618.841810457831
32149,36.657128234950825,802.9799999995516,6618.894844916508
32150,36.657128234950825,802.9999999995516,6618.947878543012
32151,36.657128234950825,803.0199999995516,6619.000911337307
32152,36.657128234950825,803.0399999995516,6619.053943299361
32153,36.657128234950825,803.0599999995516,6619.106974429138
32154,36.657128234950825,803.0799999995515,6619.160004726605
32155,36.657128234950825,803.0999999995515,6619.213034191726
32156,36.657128234950825,803.1199999995515,6619.266062824469
32157,36.657128234950825,803.1399999995515,6619.319090624799
32158,36.657128234950825,803.1599999995515,6619.372117592681
32159,36.60504591670579,803.1799999995515,6619.425143728082
32160,36.60504591670579,803.1999999995514,6619.478169031007
32161,36.60504591670579,803.2199999995514,6619.53119350349
32162,36.60504591670579,803.2399999995514,6619.584217147195
32163,36.60504591670579,803.2599999995514,6619.6372399620905
32164,36.60504591670579,803.2799999995514,6619.690261948143
32165,36.60504591670579,803.2999999995513,6619.743283105321
32166,36.60504591670579,803.3199999995513,6619.796303433592
32167,36.60504591670579,803.3399999995513,6619.8493229329215
32168,36.60504591670579,803.3599999995513,6619.902341603279
32169,36.60504591670579,803.3799999995513,6619.955359444631
32170,36.60504591670579,803.3999999995513,6620.00837645695
32171,36.60504591670579,803.4199999995512,6620.061392640335
32172,36.60504591670579,803.4399999995512,6620.114407994833
32173,36.60504591670579,803.4599999995512,6620.16742252041
32174,36.60504591670579,803.4799999995512,6620.220436217034
32175,36.60504591670579,803.4999999995512,6620.273449084672
32176,36.60504591670579,803.5199999995511,6620.326461123292
32177,36.60504591670579,803.5399999995511,6620.37947233286
32178,36.60504591670579,803.5599999995511,6620.432482713344
32179,36.60504591670579,803.5799999995511,6620.485492264711
32180,36.60504591670579,803.5999999995511,6620.538500986927
32181,36.60504591670579,803.619999999551,6620.59150887996
32182,36.60504591670579,803.639999999551,6620.644515943778
32183,36.60504591670579,803.659999999551,6620.697522178348
32184,36.60504591670579,803.679999999551,6620.750527583636
32185,36.60504591670579,803.699999999551,6620.80353215961
32186,36.60504591670579,803.719999999551,6620.856535906237
32187,36.60504591670579,803.739999999551,6620.909538823485
32188,36.60504591670579,803.7599999995509,6620.96254091132
32189,36.60504591670579,803.7799999995509,6621.015542169709
32190,36.60504591670579,803.7999999995509,6621.06854259862
32191,36.60504591670579,803.8199999995509,6621.1215421980205
32192,36.60504591670579,803.8399999995509,6621.174540967877
32193,36.60504591670579,803.8599999995508,6621.227538908157
32194,36.60504591670579,803.8799999995508,6621.280536018828
32195,36.60504591670579,803.8999999995508,6621.333532299856
32196,36.60504591670579,803.9199999995508,6621.38652775121
32197,36.60504591670579,803.9399999995508,6621.439522372856
32198,36.60504591670579,803.9599999995507,6621.492516164762
32199,36.60504591670579,803.9799999995507,6621.545509126893
32200,36.60504591670579,803.9999999995507,6621.598501259219
32201,36.60504591670579,804.0199999995507,6621.651492561706
32202,36.60504591670579,804.0399999995507,6621.70448303432
32203,36.60504591670579,804.0599999995507,6621.757472677031
32204,36.60504591670579,804.0799999995506,6621.810461489804
32205,36.60504591670579,804.0999999995506,6621.863449472607
32206,36.60504591670579,804.1199999995506,6621.916436625406
32207,36.60504591670579,804.1399999995506,6621.96942294817
32208,36.60504591670579,804.1599999995506,6622.022408440866
32209,36.60504591670579,804.1799999995505,6622.075393103459
32210,36.60504591670579,804.1999999995505,6622.128376935918
32211,36.60504591670579,804.2199999995505,6622.18135993829
32212,36.60504591670579,804.2399999995505,6622.234342112641
32213,36.60504591670579,804.2599999995505,6622.287323460313
32214,36.60504591670579,804.2799999995505,6622.340303981275
32215,36.60504591670579,804.2999999995504,6622.393283675494
32216,36.60504591670579,804.3199999995504,6622.446262542937
32217,36.60504591670579,804.3399999995504,6622.499240583571
32218,36.60504591670579,804.3599999995504,6622.5522177973635
32219,36.60504591670579,804.3799999995504,6622.6051941842825
32220,36.60504591670579,804.3999999995503,6622.658169744294
32221,36.60504591670579,804.4199999995503,6622.711144477366
32222,36.60504591670579,804.4399999995503,6622.764118383466
32223,36.60504591670579,804.4599999995503,6622.81709146256
32224,36.60504591670579,804.4799999995503,6622.870063714616
32225,36.60504591670579,804.4999999995503,6622.923035139601
32226,36.60504591670579,804.5199999995502,6622.976005737482
32227,36.60504591670579,804.5399999995502,6623.0289755082285
32228,36.60504591670579,804.5599999995502,6623.081944451806
32229,36.60504591670579,804.5799999995502,6623.134912568181
32230,36.60504591670579,804.5999999995502,6623.187879857322
32231,36.60504591670579,804.6199999995501,6623.240846319195
32232,36.60504591670579,804.6399999995501,6623.293811953768
32233,36.60504591670579,804.6599999995501,6623.346776761009
32234,36.60504591670579,804.6799999995501,6623.399740740884
32235,36.60504591670579,804.6999999995501,6623.452703893361
32236,36.60504591670579,804.71999999955,6623.505666218406
32237,36.60504591670579,804.73999999955,6623.558627715987
32238,36.60504591670579,804.75999999955,6623.611588386072
32239,36.60504591670579,804.77999999955,6623.664548228628
32240,36.60504591670579,804.79999999955,6623.717507243621
32241,36.60504591670579,804.81999999955,6623.77046543102
32242,36.60504591670579,804.83999999955,6623.8234227907915
32243,36.60504591670579,804.8599999995499,6623.876379322903
32244,36.60504591670579,804.8799999995499,6623.929335027321
32245,36.60504591670579,804.8999999995499,6623.982289904013
32246,36.60504591670579,804.9199999995499,6624.035243952946
32247,36.60504591670579,804.9399999995499,6624.088197174088
32248,36.60504591670579,804.9599999995498,6624.1411495674065
32249,36.60504591670579,804.9799999995498,6624.194101132868
32250,36.60504591670579,804.9999999995498,6624.24705187044
32251,36.60504591670579,805.0199999995498,6624.30000178009
32252,36.60504591670579,805.0399999995498,6624.352950861784
32253,36.60504591670579,805.0599999995497,6624.405899115491
32254,36.60504591670579,805.0799999995497,6624.458846541177
32255,36.60504591670579,805.0999999995497,6624.51179313881
32256,36.60504591670579,805.1199999995497,6624.564738908357
32257,36.60504591670579,805.1399999995497,6624.617683849785
32258,36.60504591670579,805.1599999995497,6624.670627963062
32259,36.60504591670579,805.1799999995496,6624.723571248154
32260,36.60504591670579,805.1999999995496,6624.776513705029
32261,36.60504591670579,805.2199999995496,6624.829455333655
32262,36.60504591670579,805.2399999995496,6624.882396134124
32263,36.60504591670579,805.2599999995496,6624.935336108759
32264,36.60504591670579,805.2799999995495,6624.988275258738
32265,36.60504591670579,805.2999999995495,6625.041213584031
32266,36.60504591670579,805.3199999995495,6625.094151084602
32267,36.60504591670579,805.3399999995495,6625.1470877604215
32268,36.60504591670579,805.3599999995495,6625.200023611455
32269,36.60504591670579,805.3799999995495,6625.252958637671
32270,36.60504591670579,805.3999999995494,6625.3058928390365
32271,36.60504591670579,805.4199999995494,6625.358826215518
32272,36.60504591670579,805.4399999995494,6625.411758767084
32273,36.60504591670579,805.4599999995494,6625.464690493702
32274,36.60504591670579,805.4799999995494,6625.517621395338
32275,36.60504591670579,805.4999999995493,6625.570551471961
32276,36.60504591670579,805.5199999995493,6625.623480723538
32277,36.60504591670579,805.5399999995493,6625.676409150035
32278,36.60504591670579,805.5599999995493,6625.729336751421
32279,36.60504591670579,805.5799999995493,6625.782263527663
32280,36.60504591670579,805.5999999995493,6625.835189478728
32281,36.60504591670579,805.6199999995492,6625.888114604584
32282,36.60504591670579,805.6399999995492,6625.941038905198
32283,36.60504591670579,805.6599999995492,6625.993962380538
32284,36.60504591670579,805.6799999995492,6626.04688503057
32285,36.60504591670579,805.6999999995492,6626.099806855262
32286,36.60504591670579,805.7199999995491,6626.152727854582
32287,36.60504591670579,805.7399999995491,6626.205648028496
32288,36.60504591670579,805.7599999995491,6626.258567376974
32289,36.60504591670579,805.7799999995491,6626.311485899981
32290,36.60504591670579,805.7999999995491,6626.364403597485
32291,36.60504591670579,805.819999999549,6626.417320469453
32292,36.60504591670579,805.839999999549,6626.470236515854
32293,36.60504591670579,805.859999999549,6626.523151736653
32294,36.60504591670579,805.879999999549,6626.576066131819
32295,36.60504591670579,805.899999999549,6626.62897970132
32296,36.60504591670579,805.919999999549,6626.681892445122
32297,36.60504591670579,805.939999999549,6626.734804363193
32298,36.60504591670579,805.9599999995489,6626.7877154555
32299,36.60504591670579,805.9799999995489,6626.84062572201
32300,36.60504591670579,805.9999999995489,6626.8935351626915
32301,36.60504591670579,806.0199999995489,6626.946443777511
32302,36.60504591670579,806.0399999995489,6626.999351566437
32303,36.60504591670579,806.0599999995488,6627.052258529437
32304,36.60504591670579,806.0799999995488,6627.105164666476
32305,36.60504591670579,806.0999999995488,6627.158069977524
32306,36.60504591670579,806.1199999995488,6627.210974462547
32307,36.60504591670579,806.1399999995488,6627.263878121513
32308,36.60504591670579,806.1599999995487,6627.316780954388
32309,36.60504591670579,806.1799999995487,6627.369682961142
32310,36.60504591670579,806.1999999995487,6627.42258414174
32311,36.60504591670579,806.2199999995487,6627.475484496151
32312,36.60504591670579,806.2399999995487,6627.528384024341
32313,36.60504591670579,806.2599999995487,6627.581282726453
32314,36.60504591670579,806.2799999995486,6627.634180605031
32315,36.60504591670579,806.2999999995486,6627.687077661059
32316,36.60504591670579,806.3199999995486,6627.739973894503
32317,36.60504591670579,806.3399999995486,6627.79286930533
32318,36.60504591670579,806.3599999995486,6627.845763893506
32319,36.60504591670579,806.3799999995485,6627.898657658999
32320,36.60504591670579,806.3999999995485,6627.951550601774
32321,36.60504591670579,806.4199999995485,6628.004442721799
32322,36.60504591670579,806.4399999995485,6628.057334019039
32323,36.60504591670579,806.4599999995485,6628.110224493463
32324,36.60504591670579,806.4799999995485,6628.163114145036
32325,36.60504591670579,806.4999999995484,6628.216002973725
32326,36.60504591670579,806.5199999995484,6628.268890979497
32327,36.60504591670579,806.5399999995484,6628.321778162318
32328,36.60504591670579,806.5599999995484,6628.374664522155
32329,36.60504591670579,806.5799999995484,6628.427550058976
32330,36.60504591670579,806.5999999995483,6628.480434772745
32331,36.60504591670579,806.6199999995483,6628.533318663431
32332,36.60504591670579,806.6399999995483,6628.586201730999
32333,36.60504591670579,806.6599999995483,6628.639083975417
32334,36.60504591670579,806.6799999995483,6628.691965396651
32335,36.60504591670579,806.6999999995483,6628.744845994667
32336,36.60504591670579,806.7199999995482,6628.797725769433
32337,36.60504591670579,806.7399999995482,6628.850604720915
32338,36.60504591670579,806.7599999995482,6628.903482849079
32339,36.60504591670579,806.7799999995482,6628.956360153894
32340,36.60504591670579,806.7999999995482,6629.009236635324
32341,36.60504591670579,806.8199999995481,6629.062112293337
32342,36.60504591670579,806.8399999995481,6629.114987127899
32343,36.60504591670579,806.8599999995481,6629.167861138978
32344,36.60504591670579,806.8799999995481,6629.220734326539
32345,36.60504591670579,806.8999999995481,6629.27360669055
32346,36.60504591670579,806.919999999548,6629.326478230977
32347,36.60504591670579,806.939999999548,6629.379348947787
32348,36.60504591670579,806.959999999548,6629.432218840946
32349,36.60504591670579,806.979999999548,6629.4850879104215
32350,36.60504591670579,806.999999999548,6629.5379561561795
32351,36.60504591670579,807.019999999548,6629.590823578187
32352,36.60504591670579,807.039999999548,6629.643690176411
32353,36.60504591670579,807.0599999995479,6629.696555950817
32354,36.60504591670579,807.0799999995479,6629.749420901373
32355,36.60504591670579,807.0999999995479,6629.802285028045
32356,36.60504591670579,807.1199999995479,6629.855148330799
32357,36.60504591670579,807.1399999995479,6629.908010809603
32358,36.60504591670579,807.1599999995478,6629.960872464423
32359,36.60504591670579,807.1799999995478,6630.013733295234
32360,36.60504591670579,807.1999999995478,6630.066593302118
32361,36.60504591670579,807.2199999995478,6630.1194524850935
32362,36.60504591670579,807.2399999995478,6630.172310844126
32363,36.60504591670579,807.2599999995477,6630.22516837918
32364,36.60504591670579,807.2799999995477,6630.278025090439
32365,36.60504591670579,807.2999999995477,6630.330880980583
32366,36.553086812371056,807.3199999995477,6630.383736050361
32367,36.553086812371056,807.3399999995477,6630.436590299741
32368,36.553086812371056,807.3599999995477,6630.4894437286885
32369,36.553086812371056,807.3799999995476,6630.542296337172
32370,36.553086812371056,807.3999999995476,6630.595148125159
32371,36.553086812371056,807.4199999995476,6630.647999092616
32372,36.553086812371056,807.4399999995476,6630.7008492395125
32373,36.553086812371056,807.4599999995476,6630.753698565814
32374,36.553086812371056,807.4799999995475,6630.80654707149
32375,36.553086812371056,807.4999999995475,6630.859394756506
32376,36.553086812371056,807.5199999995475,6630.91224162083
32377,36.553086812371056,807.5399999995475,6630.96508766443
32378,36.553086812371056,807.5599999995475,6631.017932887273
32379,36.553086812371056,807.5799999995475,6631.070777289326
32380,36.553086812371056,807.5999999995474,6631.123620870557
32381,36.553086812371056,807.6199999995474,6631.1764636309335
32382,36.553086812371056,807.6399999995474,6631.229305570423
32383,36.553086812371056,807.6599999995474,6631.282146688993
32384,36.553086812371056,807.6799999995474,6631.33498698661
32385,36.553086812371056,807.6999999995473,6631.387826463242
32386,36.553086812371056,807.7199999995473,6631.440665118857
32387,36.553086812371056,807.7399999995473,6631.493502953423
32388,36.553086812371056,807.7599999995473,6631.546339966905
32389,36.553086812371056,807.7799999995473,6631.599176159273
32390,36.553086812371056,807.7999999995473,6631.652011530493
32391,36.553086812371056,807.8199999995472,6631.704846080533
32392,36.553086812371056,807.8399999995472,6631.7576798093605
32393,36.553086812371056,807.8599999995472,6631.810512716943
32394,36.553086812371056,807.8799999995472,6631.863344803247
32395,36.553086812371056,807.8999999995472,6631.916176068241
32396,36.553086812371056,807.9199999995471,6631.969006511892
32397,36.553086812371056,807.9399999995471,6632.021836134168
32398,36.553086812371056,807.9599999995471,6632.074664935036
32399,36.553086812371056,807.9799999995471,6632.127492914463
32400,36.553086812371056,807.9999999995471,6632.180320072417
32401,36.553086812371056,808.019999999547,6632.233146408866
32402,36.553086812371056,808.039999999547,6632.285971923777
32403,36.553086812371056,808.059999999547,6632.338796617117
32404,36.553086812371056,808.079999999547,6632.391620488854
32405,36.553086812371056,808.099999999547,6632.444443538955
32406,36.553086812371056,808.119999999547,6632.497265767388
32407,36.553086812371056,808.139999999547,6632.55008717412
32408,36.553086812371056,808.1599999995469,6632.602907759118
32409,36.553086812371056,808.1799999995469,6632.655727522351
32410,36.553086812371056,808.1999999995469,6632.708546463786
32411,36.553086812371056,808.2199999995469,6632.761364583389
32412,36.553086812371056,808.2399999995469,6632.814181881129
32413,36.553086812371056,808.2599999995468,6632.8669983569725
32414,36.553086812371056,808.2799999995468,6632.919814010887
32415,36.553086812371056,808.2999999995468,6632.972628843087
32416,36.553086812371056,808.3199999995468,6633.0254428562785
32417,36.553086812371056,808.3399999995468,6633.078256050964
32418,36.553086812371056,808.3599999995467,6633.131068427109
32419,36.553086812371056,808.3799999995467,6633.183879984682
32420,36.553086812371056,808.3999999995467,6633.236690723648
32421,36.553086812371056,808.4199999995467,6633.289500643976
32422,36.553086812371056,808.4399999995467,6633.342309745631
32423,36.553086812371056,808.4599999995467,6633.39511802858
32424,36.553086812371056,808.4799999995466,6633.447925492791
32425,36.553086812371056,808.4999999995466,6633.500732138231
32426,36.553086812371056,808.5199999995466,6633.553537964865
32427,36.553086812371056,808.5399999995466,6633.606342972663
32428,36.553086812371056,808.5599999995466,6633.659147161588
32429,36.553086812371056,808.5799999995465,6633.7119505316105
32430,36.553086812371056,808.5999999995465,6633.764753082695
32431,36.553086812371056,808.6199999995465,6633.81755481481
32432,36.553086812371056,808.6399999995465,6633.870355727921
32433,36.553086812371056,808.6599999995465,6633.923155821996
32434,36.553086812371056,808.6799999995465,6633.975955097001
32435,36.553086812371056,808.6999999995464,6634.028753552903
32436,36.553086812371056,808.7199999995464,6634.08155118967
32437,36.553086812371056,808.7399999995464,6634.134348007267
32438,36.553086812371056,808.7599999995464,6634.187144005663
32439,36.553086812371056,808.7799999995464,6634.239939184824
32440,36.553086812371056,808.7999999995463,6634.292733544717
32441,36.553086812371056,808.8199999995463,6634.345527085307
32442,36.553086812371056,808.8399999995463,6634.398319806564
32443,36.553086812371056,808.8599999995463,6634.451111708454
32444,36.553086812371056,808.8799999995463,6634.503902790942
32445,36.553086812371056,808.8999999995463,6634.556693053997
32446,36.553086812371056,808.9199999995462,6634.609482497585
32447,36.553086812371056,808.9399999995462,6634.662271121673
32448,36.553086812371056,808.9599999995462,6634.715058926228
32449,36.553086812371056,808.9799999995462,6634.767845911218
32450,36.553086812371056,808.9999999995462,6634.820632076608
32451,36.553086812371056,809.0199999995461,6634.8734174223655
32452,36.553086812371056,809.0399999995461,6634.926201948458
32453,36.553086812371056,809.0599999995461,6634.978985654851
32454,36.553086812371056,809.0799999995461,6635.031768541514
32455,36.553086812371056,809.0999999995461,6635.0845506084115
32456,36.553086812371056,809.119999999546,6635.137331855511
32457,36.553086812371056,809.139999999546,6635.190112282779
32458,36.553086812371056,809.159999999546,6635.242891890184
32459,36.553086812371056,809.179999999546,6635.295670677691
32460,36.553086812371056,809.199999999546,6635.348448645269
32461,36.553086812371056,809.219999999546,6635.4012257928825
32462,36.553086812371056,809.239999999546,6635.4540021205
32463,36.553086812371056,809.2599999995459,6635.5067776280885
32464,36.553086812371056,809.2799999995459,6635.559552315614
32465,36.553086812371056,809.2999999995459,6635.612326183044
32466,36.553086812371056,809.3199999995459,6635.665099230642
32467,36.553086812371056,809.3399999995459,6635.717871461378
32468,36.553086812371056,809.3599999995458,6635.770642875556
32469,36.553086812371056,809.3799999995458,6635.823413473144
32470,36.553086812371056,809.3999999995458,6635.876183254108
32471,36.553086812371056,809.4199999995458,6635.928952218415
32472,36.553086812371056,809.4399999995458,6635.981720366033
32473,36.553086812371056,809.4599999995457,6636.034487696928
32474,36.553086812371056,809.4799999995457,6636.087254211068
32475,36.553086812371056,809.4999999995457,6636.140019908419
32476,36.553086812371056,809.5199999995457,6636.192784788948
32477,36.553086812371056,809.5399999995457,6636.245548852623
32478,36.553086812371056,809.5599999995457,6636.2983120994095
32479,36.553086812371056,809.5799999995456,6636.351074529276
32480,36.553086812371056,809.5999999995456,6636.403836142189
32481,36.553086812371056,809.6199999995456,6636.456596938115
32482,36.553086812371056,809.6399999995456,6636.509356917021
32483,36.553086812371056,809.6599999995456,6636.562116078875
32484,36.553086812371056,809.6799999995455,6636.614874423643
32485,36.553086812371056,809.6999999995455,6636.6676319512935
32486,36.553086812371056,809.7199999995455,6636.720388661792
32487,36.553086812371056,809.7399999995455,6636.773144555105
32488,36.553086812371056,809.7599999995455,6636.8258996312015
32489,36.553086812371056,809.7799999995455,6636.878653890048
32490,36.553086812371056,809.7999999995454,6636.93140733161
32491,36.553086812371056,809.8199999995454,6636.984159955856
32492,36.553086812371056,809.8399999995454,6637.036911762752
32493,36.553086812371056,809.8599999995454,6637.089662752266
32494,36.553086812371056,809.8799999995454,6637.142412924364
32495,36.553086812371056,809.8999999995453,6637.195162279014
32496,36.553086812371056,809.9199999995453,6637.247910816182
32497,36.553086812371056,809.9399999995453,6637.300658535837
32498,36.553086812371056,809.9599999995453,6637.353405437944
32499,36.553086812371056,809.9799999995453,6637.406151522471
32500,36.553086812371056,809.9999999995453,6637.458896789384
32501,36.553086812371056,810.0199999995452,6637.5116412386515
32502,36.553086812371056,810.0399999995452,6637.564384870239
32503,36.553086812371056,810.0599999995452,6637.617127684114
32504,36.553086812371056,810.0799999995452,6637.669869680244
32505,36.553086812371056,810.0999999995452,6637.7226108585955
32506,36.553086812371056,810.1199999995451,6637.775351219136
32507,36.553086812371056,810.1399999995451,6637.828090761832
32508,36.553086812371056,810.1599999995451,6637.88082948665
32509,36.553086812371056,810.1799999995451,6637.933567393559
32510,36.553086812371056,810.1999999995451,6637.986304482525
32511,36.553086812371056,810.219999999545,6638.039040753514
32512,36.553086812371056,810.239999999545,6638.091776206495
32513,36.553086812371056,810.259999999545,6638.144510841433
32514,36.553086812371056,810.279999999545,6638.197244658296
32515,36.553086812371056,810.299999999545,6638.249977657051
32516,36.553086812371056,810.319999999545,6638.302709837665
32517,36.553086812371056,810.339999999545,6638.3554412006015
32518,36.553086812371056,810.3599999995449,6638.408171748789
32519,36.553086812371056,810.3799999995449,6638.460901482467
32520,36.553086812371056,810.3999999995449,6638.513630401603
32521,36.553086812371056,810.4199999995449,6638.566358506163
32522,36.553086812371056,810.4399999995449,6638.619085796113
32523,36.553086812371056,810.4599999995448,6638.67181227142
32524,36.553086812371056,810.4799999995448,6638.724537932051
32525,36.553086812371056,810.4999999995448,6638.777262777971
32526,36.553086812371056,810.5199999995448,6638.829986809148
32527,36.553086812371056,810.5399999995448,6638.8827100255485
32528,36.553086812371056,810.5599999995447,6638.935432427138
32529,36.553086812371056,810.5799999995447,6638.988154013883
32530,36.553086812371056,810.5999999995447,6639.040874785751
32531,36.553086812371056,810.6199999995447,6639.093594742708
32532,36.553086812371056,810.6399999995447,6639.14631388472
32533,36.553086812371056,810.6599999995447,6639.1990322117545
32534,36.553086812371056,810.6799999995446,6639.251749723777
32535,36.553086812371056,810.6999999995446,6639.304466420755
32536,36.553086812371056,810.7199999995446,6639.357182302653
32537,36.553086812371056,810.7399999995446,6639.40989736944
32538,36.553086812371056,810.7599999995446,6639.462611621081
32539,36.553086812371056,810.7799999995445,6639.515325057543
32540,36.553086812371056,810.7999999995445,6639.568037678793
32541,36.553086812371056,810.8199999995445,6639.620749484797
32542,36.553086812371056,810.8399999995445,6639.673460475521
32543,36.553086812371056,810.8599999995445,6639.726170650932
32544,36.553086812371056,810.8799999995445,6639.778880010996
32545,36.553086812371056,810.8999999995444,6639.83158855568
32546,36.553086812371056,810.9199999995444,6639.884296284951
32547,36.553086812371056,810.9399999995444,6639.937003198775
32548,36.553086812371056,810.9599999995444,6639.989709297118
32549,36.553086812371056,810.9799999995444,6640.042414580017
32550,36.553086812371056,810.9999999995443,6640.095119047569
32551,36.553086812371056,811.0199999995443,6640.147822699748
32552,36.553086812371056,811.0399999995443,6640.20052553652
32553,36.553086812371056,811.0599999995443,6640.253227557853
32554,36.553086812371056,811.0799999995443,6640.305928763713
32555,36.553086812371056,811.0999999995443,6640.358629154067
32556,36.553086812371056,811.1199999995442,6640.411328728881
32557,36.553086812371056,811.1399999995442,6640.464027488123
32558,36.553086812371056,811.1599999995442,6640.516725431759
32559,36.553086812371056,811.1799999995442,6640.569422559757
32560,36.553086812371056,811.1999999995442,6640.622118872083
32561,36.553086812371056,811.2199999995441,6640.674814368704
32562,36.553086812371056,811.2399999995441,6640.727509049586
32563,36.553086812371056,811.2599999995441,6640.780202914697
32564,36.553086812371056,811.2799999995441,6640.832895964004
32565,36.553086812371056,811.2999999995441,6640.885588197472
32566,36.553086812371056,811.319999999544,6640.93827961507
32567,36.553086812371056,811.339999999544,6640.990970216764
32568,36.50125051424126,811.359999999544,6641.04366000322
32569,36.50125051424126,811.379999999544,6641.096348977122
32570,36.50125051424126,811.399999999544,6641.149037138664
32571,36.50125051424126,811.419999999544,6641.201724487815
32572,36.50125051424126,811.4399999995439,6641.2544110245435
32573,36.50125051424126,811.4599999995439,6641.307096748818
32574,36.50125051424126,811.4799999995439,6641.359781660609
32575,36.50125051424126,811.4999999995439,6641.412465759884
32576,36.50125051424126,811.5199999995439,6641.465149046612
32577,36.50125051424126,811.5399999995439,6641.517831520762
32578,36.50125051424126,811.5599999995438,6641.570513182303
32579,36.50125051424126,811.5799999995438,6641.623194031204
32580,36.50125051424126,811.5999999995438,6641.675874067432
32581,36.50125051424126,811.6199999995438,6641.728553290958
32582,36.50125051424126,811.6399999995438,6641.781231701751
32583,36.50125051424126,811.6599999995437,6641.8339092997785
32584,36.50125051424126,811.6799999995437,6641.88658608501
32585,36.50125051424126,811.6999999995437,6641.939262057414
32586,36.50125051424126,811.7199999995437,6641.991937216961
32587,36.50125051424126,811.7399999995437,6642.044611563618
32588,36.50125051424126,811.7599999995437,6642.097285097355
32589,36.50125051424126,811.7799999995436,6642.14995781814
32590,36.50125051424126,811.7999999995436,6642.202629725943
32591,36.50125051424126,811.8199999995436,6642.2553008207315
32592,36.50125051424126,811.8399999995436,6642.307971102475
32593,36.50125051424126,811.8599999995436,6642.360640571142
32594,36.50125051424126,811.8799999995435,6642.413309226702
32595,36.50125051424126,811.8999999995435,6642.465977069123
32596,36.50125051424126,811.9199999995435,6642.518644098375
32597,36.50125051424126,811.9399999995435,6642.571310314427
32598,36.50125051424126,811.9599999995435,6642.623975717247
32599,36.50125051424126,811.9799999995435,6642.676640306804
32600,36.50125051424126,811.9999999995434,6642.729304083066
32601,36.50125051424126,812.0199999995434,6642.781967046004
32602,36.50125051424126,812.0399999995434,6642.834629195585
32603,36.50125051424126,812.0599999995434,6642.8872905317785
32604,36.50125051424126,812.0799999995434,6642.939951054554
32605,36.50125051424126,812.0999999995433,6642.992610763879
32606,36.50125051424126,812.1199999995433,6643.045269659724
32607,36.50125051424126,812.1399999995433,6643.0979277420565
32608,36.50125051424126,812.1599999995433,6643.150585010846
32609,36.50125051424126,812.1799999995433,6643.203241466062
32610,36.50125051424126,812.1999999995433,6643.255897107672
32611,36.50125051424126,812.2199999995432,6643.308551935646
32612,36.50125051424126,812.2399999995432,6643.361205949953
32613,36.50125051424126,812.2599999995432,6643.413859150561
32614,36.50125051424126,812.2799999995432,6643.466511537439
32615,36.50125051424126,812.2999999995432,6643.519163110556
32616,36.50125051424126,812.3199999995431,6643.571813869881
32617,36.50125051424126,812.3399999995431,6643.624463815383
32618,36.50125051424126,812.3599999995431,6643.677112947031
32619,36.50125051424126,812.3799999995431,6643.729761265673
32620,36.50125051424126,812.3999999995431,6643.782408773728
32621,36.50125051424126,812.419999999543,6643.835055471339
32622,36.50125051424126,812.439999999543,6643.887701358474
32623,36.50125051424126,812.459999999543,6643.940346435102
32624,36.50125051424126,812.479999999543,6643.99299070119
32625,36.50125051424126,812.499999999543,6644.045634156707
32626,36.50125051424126,812.519999999543,6644.098276801621
32627,36.50125051424126,812.5399999995429,6644.150918635901
32628,36.50125051424126,812.5599999995429,6644.203559659514
32629,36.50125051424126,812.5799999995429,6644.2561998724295
32630,36.50125051424126,812.5999999995429,6644.308839274616
32631,36.50125051424126,812.6199999995429,6644.36147786604
32632,36.50125051424126,812.6399999995429,6644.414115646671
32633,36.50125051424126,812.6599999995428,6644.466752616478
32634,36.50125051424126,812.6799999995428,6644.519388775428
32635,36.50125051424126,812.6999999995428,6644.572024123489
32636,36.50125051424126,812.7199999995428,6644.624658660631
32637,36.50125051424126,812.7399999995428,6644.677292386821
32638,36.50125051424126,812.7599999995427,6644.729925302027
32639,36.50125051424126,812.7799999995427,6644.782557406218
32640,36.50125051424126,812.7999999995427,6644.835188699362
32641,36.50125051424126,812.8199999995427,6644.887819181427
32642,36.50125051424126,812.8399999995427,6644.940448852382
32643,36.50125051424126,812.8599999995427,6644.993077712195
32644,36.50125051424126,812.8799999995426,6645.045705760835
32645,36.50125051424126,812.8999999995426,6645.098332998268
32646,36.50125051424126,812.9199999995426,6645.150959424464
32647,36.50125051424126,812.9399999995426,6645.203585039391
32648,36.50125051424126,812.9599999995426,6645.256209843018
32649,36.50125051424126,812.9799999995425,6645.308833835312
32650,36.50125051424126,812.9999999995425,6645.361457016242
32651,36.50125051424126,813.0199999995425,6645.414079385776
32652,36.50125051424126,813.0399999995425,6645.466700943883
32653,36.50125051424126,813.0599999995425,6645.51932169053
32654,36.50125051424126,813.0799999995425,6645.571941625686
32655,36.50125051424126,813.0999999995424,6645.624560749319
32656,36.50125051424126,813.1199999995424,6645.6771790613975
32657,36.50125051424126,813.1399999995424,6645.72979656189
32658,36.50125051424126,813.1599999995424,6645.782413250764
32659,36.50125051424126,813.1799999995424,6645.8350291279885
32660,36.50125051424126,813.1999999995423,6645.887644193532
32661,36.50125051424126,813.2199999995423,6645.940258447362
32662,36.50125051424126,813.2399999995423,6645.992871889447
32663,36.50125051424126,813.2599999995423,6646.0454845197555
32664,36.50125051424126,813.2799999995423,6646.098096338256
32665,36.50125051424126,813.2999999995423,6646.150707344917
32666,36.50125051424126,813.3199999995422,6646.2033175397055
32667,36.50125051424126,813.3399999995422,6646.255926922591
32668,36.50125051424126,813.3599999995422,6646.308535493542
32669,36.50125051424126,813.3799999995422,6646.361143252526
32670,36.50125051424126,813.3999999995422,6646.413750200627
32671,36.50125051424126,813.4199999995421,6646.46635634016
32672,36.50125051424126,813.4399999995421,6646.5189616712305
32673,36.50125051424126,813.4599999995421,6646.571566193807
32674,36.50125051424126,813.4799999995421,6646.624169907856
32675,36.50125051424126,813.4999999995421,6646.676772813348
32676,36.50125051424126,813.519999999542,6646.729374910251
32677,36.50125051424126,813.539999999542,6646.781976198532
32678,36.50125051424126,813.559999999542,6646.83457667816
32679,36.50125051424126,813.579999999542,6646.887176349104
32680,36.50125051424126,813.599999999542,6646.939775211332
32681,36.50125051424126,813.619999999542,6646.992373264812
32682,36.50125051424126,813.6399999995419,6647.0449705095125
32683,36.50125051424126,813.6599999995419,6647.097566945402
32684,36.50125051424126,813.6799999995419,6647.150162572449
32685,36.50125051424126,813.6999999995419,6647.202757390621
32686,36.50125051424126,813.7199999995419,6647.255351399886
32687,36.50125051424126,813.7399999995419,6647.307944600214
32688,36.50125051424126,813.7599999995418,6647.360536991571
32689,36.50125051424126,813.7799999995418,6647.413128573928
32690,36.50125051424126,813.7999999995418,6647.465719347251
32691,36.50125051424126,813.8199999995418,6647.51830931151
32692,36.50125051424126,813.8399999995418,6647.570898466673
32693,36.50125051424126,813.8599999995417,6647.623486812707
32694,36.50125051424126,813.8799999995417,6647.6760743495815
32695,36.50125051424126,813.8999999995417,6647.728661077264
32696,36.50125051424126,813.9199999995417,6647.781246995724
32697,36.50125051424126,813.9399999995417,6647.83383210493
32698,36.50125051424126,813.9599999995417,6647.886416404848
32699,36.50125051424126,813.9799999995416,6647.938999895448
32700,36.50125051424126,813.9999999995416,6647.991582576699
32701,36.50125051424126,814.0199999995416,6648.044164448568
32702,36.50125051424126,814.0399999995416,6648.096745511024
32703,36.50125051424126,814.0599999995416,6648.149325764035
32704,36.50125051424126,814.0799999995415,6648.201905207569
32705,36.50125051424126,814.0999999995415,6648.254483841595
32706,36.50125051424126,814.1199999995415,6648.307061666082
32707,36.50125051424126,814.1399999995415,6648.359638680997
32708,36.50125051424126,814.1599999995415,6648.412214886308
32709,36.50125051424126,814.1799999995415,6648.464790281984
32710,36.50125051424126,814.1999999995414,6648.517364867995
32711,36.50125051424126,814.2199999995414,6648.569938644307
32712,36.50125051424126,814.2399999995414,6648.622511610888
32713,36.50125051424126,814.2599999995414,6648.675083767708
32714,36.50125051424126,814.2799999995414,6648.727655114735
32715,36.50125051424126,814.2999999995413,6648.780225651937
32716,36.50125051424126,814.3199999995413,6648.832795379282
32717,36.50125051424126,814.3399999995413,6648.885364296739
32718,36.50125051424126,814.3599999995413,6648.937932404276
32719,36.50125051424126,814.3799999995413,6648.990499701861
32720,36.50125051424126,814.3999999995413,6649.0430661894625
32721,36.50125051424126,814.4199999995412,6649.095631868411
32722,36.50125051424126,814.4399999995412,6649.148196740908
32723,36.50125051424126,814.4599999995412,6649.200760807017
32724,36.50125051424126,814.4799999995412,6649.253324066706
32725,36.50125051424126,814.4999999995412,6649.305886519944
32726,36.50125051424126,814.5199999995411,6649.358448166697
32727,36.50125051424126,814.5399999995411,6649.4110090069325
32728,36.50125051424126,814.5599999995411,6649.463569040619
32729,36.50125051424126,814.5799999995411,6649.5161282677245
32730,36.50125051424126,814.5999999995411,6649.568686688216
32731,36.50125051424126,814.619999999541,6649.621244302062
32732,36.50125051424126,814.639999999541,6649.673801109229
32733,36.50125051424126,814.659999999541,6649.726357109686
32734,36.50125051424126,814.679999999541,6649.7789123034
32735,36.50125051424126,814.699999999541,6649.831466690339
32736,36.50125051424126,814.719999999541,6649.88402027047
32737,36.50125051424126,814.7399999995409,6649.936573043761
32738,36.50125051424126,814.7599999995409,6649.98912501018
32739,36.50125051424126,814.7799999995409,6650.0416761697625
32740,36.50125051424126,814.7999999995409,6650.094226522607
32741,36.50125051424126,814.8199999995409,6650.146776068686
32742,36.50125051424126,814.8399999995409,6650.199324807969
32743,36.50125051424126,814.8599999995408,6650.25187274042
32744,36.50125051424126,814.8799999995408,6650.304419866007
32745,36.50125051424126,814.8999999995408,6650.356966184697
32746,36.50125051424126,814.9199999995408,6650.409511696455
32747,36.50125051424126,814.9399999995408,6650.462056401249
32748,36.50125051424126,814.9599999995407,6650.514600299045
32749,36.50125051424126,814.9799999995407,6650.56714338981
32750,36.50125051424126,814.9999999995407,6650.619685673509
32751,36.50125051424126,815.0199999995407,6650.67222715011
32752,36.50125051424126,815.0399999995407,6650.72476781958
32753,36.50125051424126,815.0599999995407,6650.777307681885
32754,36.50125051424126,815.0799999995406,6650.829846736991
32755,36.50125051424126,815.0999999995406,6650.882384984866
32756,36.50125051424126,815.1199999995406,6650.934922425475
32757,36.50125051424126,815.1399999995406,6650.987459058785
32758,36.50125051424126,815.1599999995406,6651.0399948847635
32759,36.50125051424126,815.1799999995405,6651.092529903377
32760,36.50125051424126,815.1999999995405,6651.145064114591
32761,36.50125051424126,815.2199999995405,6651.197597518373
32762,36.50125051424126,815.2399999995405,6651.2501301146895
32763,36.50125051424126,815.2599999995405,6651.302661903507
32764,36.50125051424126,815.2799999995405,6651.355192884793
32765,36.50125051424126,815.2999999995404,6651.407723058513
32766,36.50125051424126,815.3199999995404,6651.460252424633
32767,36.50125051424126,815.3399999995404,6651.512780983121
32768,36.50125051424126,815.3599999995404,6651.565308733943
32769,36.50125051424126,815.3799999995404,6651.617835677066
32770,36.44953661634395,815.3999999995403,6651.670361812456
32771,36.44953661634395,815.4199999995403,6651.722887140079
32772,36.44953661634395,815.4399999995403,6651.775411661413
32773,36.44953661634395,815.4599999995403,6651.827935378392
32774,36.44953661634395,815.4799999995403,6651.880458291034
32775,36.44953661634395,815.4999999995403,6651.932980399309
32776,36.44953661634395,815.5199999995402,6651.985501703184
32777,36.44953661634395,815.5399999995402,6652.038022202629
32778,36.44953661634395,815.5599999995402,6652.090541897612
32779,36.44953661634395,815.5799999995402,6652.1430607881
32780,36.44953661634395,815.5999999995402,6652.195578874063
32781,36.44953661634395,815.6199999995401,6652.248096155469
32782,36.44953661634395,815.6399999995401,6652.300612632287
32783,36.44953661634395,815.6599999995401,6652.353128304485
32784,36.44953661634395,815.6799999995401,6652.405643172031
32785,36.44953661634395,815.6999999995401,6652.458157234893
32786,36.44953661634395,815.71999999954,6652.51067049304
32787,36.44953661634395,815.73999999954,6652.563182946441
32788,36.44953661634395,815.75999999954,6652.615694595063
32789,36.44953661634395,815.77999999954,6652.668205438877
32790,36.44953661634395,815.79999999954,6652.720715477848
32791,36.44953661634395,815.81999999954,6652.773224711947
32792,36.44953661634395,815.8399999995399,6652.825733141141
32793,36.44953661634395,815.8599999995399,6652.8782407654
32794,36.44953661634395,815.8799999995399,6652.930747584691
32795,36.44953661634395,815.8999999995399,6652.983253598983
32796,36.44953661634395,815.9199999995399,6653.035758808243
32797,36.44953661634395,815.9399999995399,6653.088263212442
32798,36.44953661634395,815.9599999995398,6653.140766811547
32799,36.44953661634395,815.9799999995398,6653.193269605526
32800,36.44953661634395,815.9999999995398,6653.245771594348
32801,36.44953661634395,816.0199999995398,6653.298272777982
32802,36.44953661634395,816.0399999995398,6653.350773156395
32803,36.44953661634395,816.0599999995397,6653.403272729556
32804,36.44953661634395,816.0799999995397,6653.455771497434
32805,36.44953661634395,816.0999999995397,6653.508269459998
32806,36.44953661634395,816.1199999995397,6653.5607666172145
32807,36.44953661634395,816.1399999995397,6653.613262969053
32808,36.44953661634395,816.1599999995397,6653.665758515482
32809,36.44953661634395,816.1799999995396,6653.718253256469
32810,36.44953661634395,816.1999999995396,6653.770747191984
32811,36.44953661634395,816.2199999995396,6653.8232403219945
32812,36.44953661634395,816.2399999995396,6653.875732646469
32813,36.44953661634395,816.2599999995396,6653.928224165376
32814,36.44953661634395,816.2799999995395,6653.980714878684
32815,36.44953661634395,816.2999999995395,6654.033204786361
32816,36.44953661634395,816.3199999995395,6654.085693888376
32817,36.44953661634395,816.3399999995395,6654.138182184697
32818,36.44953661634395,816.3599999995395,6654.190669675293
32819,36.44953661634395,816.3799999995395,6654.243156360132
32820,36.44953661634395,816.3999999995394,6654.295642239183
32821,36.44953661634395,816.4199999995394,6654.3481273124125
32822,36.44953661634395,816.4399999995394,6654.400611579791
32823,36.44953661634395,816.4599999995394,6654.453095042965
32824,36.44953661634395,816.4799999995394,6654.505577703664
32825,36.44953661634395,816.4999999995393,6654.558059561863
32826,36.44953661634395,816.5199999995393,6654.610540617531
32827,36.44953661634395,816.5399999995393,6654.663020870636
32828,36.44953661634395,816.5599999995393,6654.715500321144
32829,36.44953661634395,816.5799999995393,6654.767978969024
32830,36.44953661634395,816.5999999995392,6654.820456814243
32831,36.44953661634395,816.6199999995392,6654.87293385677
32832,36.44953661634395,816.6399999995392,6654.925410096572
32833,36.44953661634395,816.6599999995392,6654.977885533616
32834,36.44953661634395,816.6799999995392,6655.030360167872
32835,36.44953661634395,816.6999999995392,6655.082833999305
32836,36.44953661634395,816.7199999995391,6655.135307027885
32837,36.44953661634395,816.7399999995391,6655.187779253578
32838,36.44953661634395,816.7599999995391,6655.240250676353
32839,36.44953661634395,816.7799999995391,6655.292721296178
32840,36.44953661634395,816.7999999995391,6655.34519111302
32841,36.44953661634395,816.819999999539,6655.397660126846
32842,36.44953661634395,816.839999999539,6655.450128337625
32843,36.44953661634395,816.859999999539,6655.5025957453245
32844,36.44953661634395,816.879999999539,6655.555062349912
32845,36.44953661634395,816.899999999539,6655.607528151356
32846,36.44953661634395,816.919999999539,6655.659993149623
32847,36.44953661634395,816.9399999995389,6655.712457344682
32848,36.44953661634395,816.9599999995389,6655.764920736499
32849,36.44953661634395,816.9799999995389,6655.817383325044
32850,36.44953661634395,816.9999999995389,6655.869845110284
32851,36.44953661634395,817.0199999995389,6655.922306092186
32852,36.44953661634395,817.0399999995388,6655.974766270718
32853,36.44953661634395,817.0599999995388,6656.0272256458475
32854,36.44953661634395,817.0799999995388,6656.079684217543
32855,36.44953661634395,817.0999999995388,6656.132141985772
32856,36.44953661634395,817.1199999995388,6656.184598950503
32857,36.44953661634395,817.1399999995388,6656.237055111702
32858,36.44953661634395,817.1599999995387,6656.289510469338
32859,36.44953661634395,817.1799999995387,6656.341965023379
32860,36.44953661634395,817.1999999995387,6656.3944187737925
32861,36.44953661634395,817.2199999995387,6656.4468717205455
32862,36.44953661634395,817.2399999995387,6656.499323863606
32863,36.44953661634395,817.2599999995386,6656.551775202943
32864,36.44953661634395,817.2799999995386,6656.6042257385225
32865,36.44953661634395,817.2999999995386,6656.6566754703135
32866,36.44953661634395,817.3199999995386,6656.709124398283
32867,36.44953661634395,817.3399999995386,6656.7615725224
32868,36.44953661634395,817.3599999995386,6656.814019842631
32869,36.44953661634395,817.3799999995385,6656.866466358944
32870,36.44953661634395,817.3999999995385,6656.918912071307
32871,36.44953661634395,817.4199999995385,6656.971356979688
32872,36.44953661634395,817.4399999995385,6657.023801084054
32873,36.44953661634395,817.4599999995385,6657.076244384406
32874,36.44953661634395,817.4799999995384,6657.128686882614
32875,36.44953661634395,817.4999999995384,6657.181128580254
32876,36.44953661634395,817.5199999995384,6657.2335694772955
32877,36.44953661634395,817.5399999995384,6657.286009573705
32878,36.44953661634395,817.5599999995384,6657.338448869452
32879,36.44953661634395,817.5799999995384,6657.390887364503
32880,36.44953661634395,817.5999999995383,6657.443325058826
32881,36.44953661634395,817.6199999995383,6657.49576195239
32882,36.44953661634395,817.6399999995383,6657.548198045162
32883,36.44953661634395,817.6599999995383,6657.60063333711
32884,36.44953661634395,817.6799999995383,6657.6530678282015
32885,36.44953661634395,817.6999999995382,6657.705501518405
32886,36.44953661634395,817.7199999995382,6657.7579344076885
32887,36.44953661634395,817.7399999995382,6657.810366496019
32888,36.44953661634395,817.7599999995382,6657.862797783366
32889,36.44953661634395,817.7799999995382,6657.915228269696
32890,36.44953661634395,817.7999999995382,6657.967657954977
32891,36.44953661634395,817.8199999995381,6658.020086839178
32892,36.44953661634395,817.8399999995381,6658.072514922265
32893,36.44953661634395,817.8599999995381,6658.124942204208
32894,36.44953661634395,817.8799999995381,6658.177368684974
32895,36.44953661634395,817.8999999995381,6658.22979436453
32896,36.44953661634395,817.919999999538,6658.282219242845
32897,36.44953661634395,817.939999999538,6658.334643319887
32898,36.44953661634395,817.959999999538,6658.387066595623
32899,36.44953661634395,817.979999999538,6658.439489070021
32900,36.44953661634395,817.999999999538,6658.4919107430505
32901,36.44953661634395,818.019999999538,6658.5443316146775
32902,36.44953661634395,818.0399999995379,6658.596751684871
32903,36.44953661634395,818.0599999995379,6658.649170953599
32904,36.44953661634395,818.0799999995379,6658.701589420829
32905,36.44953661634395,818.0999999995379,6658.754007086528
32906,36.44953661634395,818.1199999995379,6658.806423950665
32907,36.44953661634395,818.1399999995378,6658.858840013208
32908,36.44953661634395,818.1599999995378,6658.911255274124
32909,36.44953661634395,818.1799999995378,6658.963669733383
32910,36.44953661634395,818.1999999995378,6659.01608339095
32911,36.44953661634395,818.2199999995378,6659.068496246795
32912,36.44953661634395,818.2399999995378,6659.120908300885
32913,36.44953661634395,818.2599999995377,6659.173319553189
32914,36.44953661634395,818.2799999995377,6659.225730003673
32915,36.44953661634395,818.2999999995377,6659.278139652306
32916,36.44953661634395,818.3199999995377,6659.330548499056
32917,36.44953661634395,818.3399999995377,6659.382956543891
32918,36.44953661634395,818.3599999995376,6659.435363786778
32919,36.44953661634395,818.3799999995376,6659.487770227686
32920,36.44953661634395,818.3999999995376,6659.540175866583
32921,36.44953661634395,818.4199999995376,6659.5925807034355
32922,36.44953661634395,818.4399999995376,6659.644984738213
32923,36.44953661634395,818.4599999995376,6659.697387970882
32924,36.44953661634395,818.4799999995375,6659.749790401488
32925,36.44953661634395,818.4999999995375,6659.8021920321335
32926,36.44953661634395,818.5199999995375,6659.854592864231
32927,36.44953661634395,818.5399999995375,6659.906992897746
32928,36.44953661634395,818.5599999995375,6659.959392132649
32929,36.44953661634395,818.5799999995374,6660.011790568914
32930,36.44953661634395,818.5999999995374,6660.064188206658
32931,36.44953661634395,818.6199999995374,6660.116585045923
32932,36.44953661634395,818.6399999995374,6660.168981086675
32933,36.44953661634395,818.6599999995374,6660.221376328881
32934,36.44953661634395,818.6799999995374,6660.273770772511
32935,36.44953661634395,818.6999999995373,6660.326164417533
32936,36.44953661634395,818.7199999995373,6660.3785572639135
32937,36.44953661634395,818.7399999995373,6660.430949311622
32938,36.44953661634395,818.7599999995373,6660.483340560625
32939,36.44953661634395,818.7799999995373,6660.535731010892
32940,36.44953661634395,818.7999999995372,6660.58812066239
32941,36.44953661634395,818.8199999995372,6660.640509515088
32942,36.44953661634395,818.8399999995372,6660.6928975689525
32943,36.44953661634395,818.8599999995372,6660.745284823953
32944,36.44953661634395,818.8799999995372,6660.797671280056
32945,36.44953661634395,818.8999999995372,6660.850056937232
32946,36.44953661634395,818.9199999995371,6660.902441795447
32947,36.44953661634395,818.9399999995371,6660.954825854669
32948,36.44953661634395,818.9599999995371,6661.007209114867
32949,36.44953661634395,818.9799999995371,6661.059591576008
32950,36.44953661634395,818.9999999995371,6661.11197323806
32951,36.44953661634395,819.019999999537,6661.164354100993
32952,36.44953661634395,819.039999999537,6661.216734164773
32953,36.44953661634395,819.059999999537,6661.269113429368
32954,36.44953661634395,819.079999999537,6661.321491894747
32955,36.44953661634395,819.099999999537,6661.373869560877
32956,36.44953661634395,819.119999999537,6661.426246427727
32957,36.44953661634395,819.1399999995369,6661.478622495265
32958,36.44953661634395,819.1599999995369,6661.530997763458
32959,36.44953661634395,819.1799999995369,6661.583372232275
32960,36.44953661634395,819.1999999995369,6661.635745901684
32961,36.44953661634395,819.2199999995369,6661.688118771652
32962,36.44953661634395,819.2399999995368,6661.740490842148
32963,36.44953661634395,819.2599999995368,6661.79286211314
32964,36.44953661634395,819.2799999995368,6661.845232584595
32965,36.44953661634395,819.2999999995368,6661.897602256482
32966,36.44953661634395,819.3199999995368,6661.949971128769
32967,36.44953661634395,819.3399999995368,6662.002339201424
32968,36.44953661634395,819.3599999995367,6662.054706474414
32969,36.44953661634395,819.3799999995367,6662.107072947709
32970,36.44953661634395,819.3999999995367,6662.159438621275
32971,36.44953661634395,819.4199999995367,6662.211803495081
32972,36.44953661634395,819.4399999995367,6662.264167569095
32973,36.397944714430494,819.4599999995366,6662.316530843284
32974,36.397944714430494,819.4799999995366,6662.368893317618
32975,36.397944714430494,819.4999999995366,6662.421254992179
32976,36.397944714430494,819.5199999995366,6662.473615869153
32977,36.397944714430494,819.5399999995366,6662.525975949693
32978,36.397944714430494,819.5599999995366,6662.5783352337685
32979,36.397944714430494,819.5799999995365,6662.6306937213485
32980,36.397944714430494,819.5999999995365,6662.683051412403
32981,36.397944714430494,819.6199999995365,6662.735408306901
32982,36.397944714430494,819.6399999995365,6662.787764404813
32983,36.397944714430494,819.6599999995365,6662.840119706108
32984,36.397944714430494,819.6799999995364,6662.892474210757
32985,36.397944714430494,819.6999999995364,6662.944827918729
32986,36.397944714430494,819.7199999995364,6662.997180829992
32987,36.397944714430494,819.7399999995364,6663.049532944518
32988,36.397944714430494,819.7599999995364,6663.101884262276
32989,36.397944714430494,819.7799999995364,6663.154234783235
32990,36.397944714430494,819.7999999995363,6663.206584507364
32991,36.397944714430494,819.8199999995363,6663.258933434634
32992,36.397944714430494,819.8399999995363,6663.311281565015
32993,36.397944714430494,819.8599999995363,6663.363628898475
32994,36.397944714430494,819.8799999995363,6663.415975434986
32995,36.397944714430494,819.8999999995362,6663.468321174515
32996,36.397944714430494,819.9199999995362,6663.520666117033
32997,36.397944714430494,819.9399999995362,6663.57301026251
32998,36.397944714430494,819.9599999995362,6663.625353610915
32999,36.397944714430494,819.9799999995362,6663.677696162218
33000,36.397944714430494,819.9999999995362,6663.730037916389
33001,36.397944714430494,820.0199999995361,6663.782378873397
33002,36.397944714430494,820.0399999995361,6663.8347190332115
33003,36.397944714430494,820.0599999995361,6663.887058395803
33004,36.397944714430494,820.0799999995361,6663.939396961141
33005,36.397944714430494,820.0999999995361,6663.991734729195
33006,36.397944714430494,820.119999999536,6664.044071699934
33007,36.397944714430494,820.139999999536,6664.096407873329
33008,36.397944714430494,820.159999999536,6664.148743249348
33009,36.397944714430494,820.179999999536,6664.201077827962
33010,36.397944714430494,820.199999999536,6664.25341160914
33011,36.397944714430494,820.219999999536,6664.305744592852
33012,36.397944714430494,820.2399999995359,6664.358076779067
33013,36.397944714430494,820.2599999995359,6664.410408167756
33014,36.397944714430494,820.2799999995359,6664.462738758888
33015,36.397944714430494,820.2999999995359,6664.515068552432
33016,36.397944714430494,820.3199999995359,6664.567397548359
33017,36.397944714430494,820.3399999995358,6664.6197257466365
33018,36.397944714430494,820.3599999995358,6664.6720531472365
33019,36.397944714430494,820.3799999995358,6664.724379750127
33020,36.397944714430494,820.3999999995358,6664.776705555279
33021,36.397944714430494,820.4199999995358,6664.829030562661
33022,36.397944714430494,820.4399999995358,6664.881354772243
33023,36.397944714430494,820.4599999995357,6664.933678183995
33024,36.397944714430494,820.4799999995357,6664.986000797887
33025,36.397944714430494,820.4999999995357,6665.038322613887
33026,36.397944714430494,820.5199999995357,6665.090643632119
33027,36.397944714430494,820.5399999995357,6665.14296385487
33028,36.397944714430494,820.5599999995356,6665.195283283054
33029,36.397944714430494,820.5799999995356,6665.2476019166415
33030,36.397944714430494,820.5999999995356,6665.299919755601
33031,36.397944714430494,820.6199999995356,6665.352236799902
33032,36.397944714430494,820.6399999995356,6665.404553049513
33033,36.397944714430494,820.6599999995356,6665.456868504403
33034,36.397944714430494,820.6799999995355,6665.50918316454
33035,36.397944714430494,820.6999999995355,6665.561497029895
33036,36.397944714430494,820.7199999995355,6665.613810100434
33037,36.397944714430494,820.7399999995355,6665.666122376128
33038,36.397944714430494,820.7599999995355,6665.718433856946
33039,36.397944714430494,820.7799999995354,6665.770744542856
33040,36.397944714430494,820.7999999995354,6665.823054433827
33041,36.397944714430494,820.8199999995354,6665.875363529828
33042,36.397944714430494,820.8399999995354,6665.927671830828
33043,36.397944714430494,820.8599999995354,6665.9799793367965
33044,36.397944714430494,820.8799999995354,6666.032286047702
33045,36.397944714430494,820.8999999995353,6666.084591963512
33046,36.397944714430494,820.9199999995353,6666.136897084198
33047,36.397944714430494,820.9399999995353,6666.189201409727
33048,36.397944714430494,820.9599999995353,6666.241504940068
33049,36.397944714430494,820.9799999995353,6666.293807675191
33050,36.397944714430494,820.9999999995352,6666.346109615063
33051,36.397944714430494,821.0199999995352,6666.398410759655
33052,36.397944714430494,821.0399999995352,6666.450711108935
33053,36.397944714430494,821.0599999995352,6666.503010662872
33054,36.397944714430494,821.0799999995352,6666.555309421435
33055,36.397944714430494,821.0999999995352,6666.6076073845925
33056,36.397944714430494,821.1199999995351,6666.6599045523135
33057,36.397944714430494,821.1399999995351,6666.712200924568
33058,36.397944714430494,821.1599999995351,6666.764496501323
33059,36.397944714430494,821.1799999995351,6666.816791282549
33060,36.397944714430494,821.1999999995351,6666.869085268214
33061,36.397944714430494,821.219999999535,6666.921378458287
33062,36.397944714430494,821.239999999535,6666.973670852737
33063,36.397944714430494,821.259999999535,6667.025962451534
33064,36.397944714430494,821.279999999535,6667.0782532546455
33065,36.397944714430494,821.299999999535,6667.13054326204
33066,36.397944714430494,821.319999999535,6667.182832473688
33067,36.397944714430494,821.3399999995349,6667.235120889558
33068,36.397944714430494,821.3599999995349,6667.287408509618
33069,36.397944714430494,821.3799999995349,6667.339695333838
33070,36.397944714430494,821.3999999995349,6667.391981362186
33071,36.397944714430494,821.4199999995349,6667.444266594632
33072,36.397944714430494,821.4399999995348,6667.496551031143
33073,36.397944714430494,821.4599999995348,6667.54883467169
33074,36.397944714430494,821.4799999995348,6667.601117516241
33075,36.397944714430494,821.4999999995348,6667.653399564765
33076,36.397944714430494,821.5199999995348,6667.705680817231
33077,36.397944714430494,821.5399999995348,6667.7579612738045
33078,36.397944714430494,821.5599999995347,6667.810240936997
33079,36.397944714430494,821.5799999995347,6667.86251980754
33080,36.397944714430494,821.5999999995347,6667.9147978854035
33081,36.397944714430494,821.6199999995347,6667.967075170556
33082,36.397944714430494,821.6399999995347,6668.019351662967
33083,36.397944714430494,821.6599999995346,6668.071627362604
33084,36.397944714430494,821.6799999995346,6668.123902269437
33085,36.397944714430494,821.6999999995346,6668.176176383435
33086,36.397944714430494,821.7199999995346,6668.228449704566
33087,36.397944714430494,821.7399999995346,6668.280722232799
33088,36.397944714430494,821.7599999995346,6668.332993968104
33089,36.397944714430494,821.7799999995345,6668.38526491045
33090,36.397944714430494,821.7999999995345,6668.437535059805
33091,36.397944714430494,821.8199999995345,6668.489804416137
33092,36.397944714430494,821.8399999995345,6668.542072979417
33093,36.397944714430494,821.8599999995345,6668.5943407496125
33094,36.397944714430494,821.8799999995344,6668.646607726692
33095,36.397944714430494,821.8999999995344,6668.6988739106255
33096,36.397944714430494,821.9199999995344,6668.751139301382
33097,36.397944714430494,821.9399999995344,6668.803403898929
33098,36.397944714430494,821.9599999995344,6668.855667703237
33099,36.397944714430494,821.9799999995344,6668.907930714274
33100,36.397944714430494,821.9999999995343,6668.960192932009
33101,36.397944714430494,822.0199999995343,6669.012454356411
33102,36.397944714430494,822.0399999995343,6669.0647149874485
33103,36.397944714430494,822.0599999995343,6669.116974825091
33104,36.397944714430494,822.0799999995343,6669.169233869307
33105,36.397944714430494,822.0999999995342,6669.221492120066
33106,36.397944714430494,822.1199999995342,6669.273749577335
33107,36.397944714430494,822.1399999995342,6669.326006241085
33108,36.397944714430494,822.1599999995342,6669.378262111285
33109,36.397944714430494,822.1799999995342,6669.430517187903
33110,36.397944714430494,822.1999999995342,6669.482771470908
33111,36.397944714430494,822.2199999995341,6669.535024960269
33112,36.397944714430494,822.2399999995341,6669.5872776559545
33113,36.397944714430494,822.2599999995341,6669.639529557934
33114,36.397944714430494,822.2799999995341,6669.691780666176
33115,36.397944714430494,822.2999999995341,6669.744030980649
33116,36.397944714430494,822.319999999534,6669.796280501323
33117,36.397944714430494,822.339999999534,6669.848529228167
33118,36.397944714430494,822.359999999534,6669.900777161148
33119,36.397944714430494,822.379999999534,6669.953024300236
33120,36.397944714430494,822.399999999534,6670.0052706454035
33121,36.397944714430494,822.419999999534,6670.057516196698
33122,36.397944714430494,822.4399999995339,6670.109760954147
33123,36.397944714430494,822.4599999995339,6670.162004917718
33124,36.397944714430494,822.4799999995339,6670.214248087381
33125,36.397944714430494,822.4999999995339,6670.266490463103
33126,36.397944714430494,822.5199999995339,6670.318732044852
33127,36.397944714430494,822.5399999995338,6670.3709728325975
33128,36.397944714430494,822.5599999995338,6670.423212826552
33129,36.397944714430494,822.5799999995338,6670.475452029462
33130,36.397944714430494,822.5999999995338,6670.527690441867
33131,36.397944714430494,822.6199999995338,6670.579928063735
33132,36.397944714430494,822.6399999995338,6670.632164895033
33133,36.397944714430494,822.6599999995337,6670.68440093573
33134,36.397944714430494,822.6799999995337,6670.736636185792
33135,36.397944714430494,822.6999999995337,6670.788870645188
33136,36.397944714430494,822.7199999995337,6670.841104313884
33137,36.397944714430494,822.7399999995337,6670.893337191848
33138,36.397944714430494,822.7599999995336,6670.945569279049
33139,36.397944714430494,822.7799999995336,6670.997800575453
33140,36.397944714430494,822.7999999995336,6671.050031081028
33141,36.397944714430494,822.8199999995336,6671.102260795741
33142,36.397944714430494,822.8399999995336,6671.15448971956
33143,36.397944714430494,822.8599999995336,6671.206717852453
33144,36.397944714430494,822.8799999995335,6671.258945194387
33145,36.397944714430494,822.8999999995335,6671.311171745329
33146,36.397944714430494,822.9199999995335,6671.363397505249
33147,36.397944714430494,822.9399999995335,6671.415622474112
33148,36.397944714430494,822.9599999995335,6671.467846651886
33149,36.397944714430494,822.9799999995334,6671.520070038539
33150,36.397944714430494,822.9999999995334,6671.5722926340395
33151,36.397944714430494,823.0199999995334,6671.624514438354
33152,36.397944714430494,823.0399999995334,6671.6767354514495
33153,36.397944714430494,823.0599999995334,6671.728955673295
33154,36.397944714430494,823.0799999995334,6671.781175103857
33155,36.397944714430494,823.0999999995333,6671.833393743103
33156,36.397944714430494,823.1199999995333,6671.885611591002
33157,36.397944714430494,823.1399999995333,6671.93782864752
33158,36.397944714430494,823.1599999995333,6671.990044912625
33159,36.397944714430494,823.1799999995333,6672.042260386285
33160,36.397944714430494,823.1999999995332,6672.094475068468
33161,36.397944714430494,823.2199999995332,6672.146688959139
33162,36.397944714430494,823.2399999995332,6672.198902058269
33163,36.397944714430494,823.2599999995332,6672.251114365823
33164,36.397944714430494,823.2799999995332,6672.3033258817695
33165,36.397944714430494,823.2999999995332,6672.355536606076
33166,36.397944714430494,823.3199999995331,6672.407746538711
33167,36.397944714430494,823.3399999995331,6672.45995567964
33168,36.397944714430494,823.3599999995331,6672.512164028833
33169,36.397944714430494,823.3799999995331,6672.564371586255
33170,36.397944714430494,823.3999999995331,6672.616578351876
33171,36.397944714430494,823.419999999533,6672.668784325662
33172,36.397944714430494,823.439999999533,6672.720989507581
33173,36.397944714430494,823.459999999533,6672.773193897601
33174,36.397944714430494,823.479999999533,6672.82539749569
33175,36.397944714430494,823.499999999533,6672.877600301814
33176,36.397944714430494,823.519999999533,6672.929802315941
33177,36.34647440596726,823.5399999995329,6672.982003538039
33178,36.34647440596726,823.5599999995329,6673.034203968075
33179,36.34647440596726,823.5799999995329,6673.086403606295
33180,36.34647440596726,823.5999999995329,6673.138602455501
33181,36.34647440596726,823.6199999995329,6673.190800516011
33182,36.34647440596726,823.6399999995328,6673.242997787794
33183,36.34647440596726,823.6599999995328,6673.295194270818
33184,36.34647440596726,823.6799999995328,6673.347389965053
33185,36.34647440596726,823.6999999995328,6673.399584870466
33186,36.34647440596726,823.7199999995328,6673.451778987029
33187,36.34647440596726,823.7399999995328,6673.503972314709
33188,36.34647440596726,823.7599999995327,6673.556164853476
33189,36.34647440596726,823.7799999995327,6673.6083566032985
33190,36.34647440596726,823.7999999995327,6673.660547564145
33191,36.34647440596726,823.8199999995327,6673.712737735986
33192,36.34647440596726,823.8399999995327,6673.764927118789
33193,36.34647440596726,823.8599999995326,6673.817115712524
33194,36.34647440596726,823.8799999995326,6673.86930351716
33195,36.34647440596726,823.8999999995326,6673.921490532665
33196,36.34647440596726,823.9199999995326,6673.973676759009
33197,36.34647440596726,823.9399999995326,6674.025862196161
33198,36.34647440596726,823.9599999995326,6674.07804684409
33199,36.34647440596726,823.9799999995325,6674.1302307027645
33200,36.34647440596726,823.9999999995325,6674.182413772153
33201,36.34647440596726,824.0199999995325,6674.234596052226
33202,36.34647440596726,824.0399999995325,6674.286777542952
33203,36.34647440596726,824.0599999995325,6674.3389582443
33204,36.34647440596726,824.0799999995324,6674.391138156238
33205,36.34647440596726,824.0999999995324,6674.443317278737
33206,36.34647440596726,824.1199999995324,6674.495495611764
33207,36.34647440596726,824.1399999995324,6674.54767315529
33208,36.34647440596726,824.1599999995324,6674.599849909282
33209,36.34647440596726,824.1799999995324,6674.652025873711
33210,36.34647440596726,824.1999999995323,6674.704201048545
33211,36.34647440596726,824.2199999995323,6674.7563754337525
33212,36.34647440596726,824.2399999995323,6674.808549029303
33213,36.34647440596726,824.2599999995323,6674.860721835166
33214,36.34647440596726,824.2799999995323,6674.91289385131
33215,36.34647440596726,824.2999999995322,6674.965065077705
33216,36.34647440596726,824.3199999995322,6675.017235514319
33217,36.34647440596726,824.3399999995322,6675.06940516112
33218,36.34647440596726,824.3599999995322,6675.121574018079
33219,36.34647440596726,824.3799999995322,6675.173742085164
33220,36.34647440596726,824.3999999995322,6675.225909362344
33221,36.34647440596726,824.4199999995321,6675.278075849589
33222,36.34647440596726,824.4399999995321,6675.330241546868
33223,36.34647440596726,824.4599999995321,6675.382406454149
33224,36.34647440596726,824.4799999995321,6675.4345705714
33225,36.34647440596726,824.4999999995321,6675.486733898593
33226,36.34647440596726,824.519999999532,6675.538896435695
33227,36.34647440596726,824.539999999532,6675.591058182676
33228,36.34647440596726,824.559999999532,6675.643219139504
33229,36.34647440596726,824.579999999532,6675.695379306149
33230,36.34647440596726,824.599999999532,6675.747538683001
33231,36.34647440596726,824.619999999532,6675.799697272716
33232,36.34647440596726,824.6399999995319,6675.851855075514
33233,36.34647440596726,824.6599999995319,6675.904012091365
33234,36.34647440596726,824.6799999995319,6675.9561683202355
33235,36.34647440596726,824.6999999995319,6676.008323762095
33236,36.34647440596726,824.7199999995319,6676.060478416911
33237,36.34647440596726,824.7399999995318,6676.112632284652
33238,36.34647440596726,824.7599999995318,6676.164785365288
33239,36.34647440596726,824.7799999995318,6676.216937658785
33240,36.34647440596726,824.7999999995318,6676.269089165114
33241,36.34647440596726,824.8199999995318,6676.321239884241
33242,36.34647440596726,824.8399999995318,6676.3733898161345
33243,36.34647440596726,824.8599999995317,6676.425538960763
33244,36.34647440596726,824.8799999995317,6676.477687318096
33245,36.34647440596726,824.8999999995317,6676.5298348881015
33246,36.34647440596726,824.9199999995317,6676.581981670747
33247,36.34647440596726,824.9399999995317,6676.634127666002
33248,36.34647440596726,824.9599999995316,6676.686272873834
33249,36.34647440596726,824.9799999995316,6676.738417294212
33250,36.34647440596726,824.9999999995316,6676.790560927104
33251,36.34647440596726,825.0199999995316,6676.842703772478
33252,36.34647440596726,825.0399999995316,6676.894845830302
33253,36.34647440596726,825.0599999995316,6676.946987100546
33254,36.34647440596726,825.0799999995315,6676.999127583177
33255,36.34647440596726,825.0999999995315,6677.051267278164
33256,36.34647440596726,825.1199999995315,6677.103406185475
33257,36.34647440596726,825.1399999995315,6677.155544305079
33258,36.34647440596726,825.1599999995315,6677.207681636944
33259,36.34647440596726,825.1799999995314,6677.259818181037
33260,36.34647440596726,825.1999999995314,6677.311953937328
33261,36.34647440596726,825.2199999995314,6677.364088905786
33262,36.34647440596726,825.2399999995314,6677.416223086378
33263,36.34647440596726,825.2599999995314,6677.468356479072
33264,36.34647440596726,825.2799999995314,6677.520489083838
33265,36.34647440596726,825.2999999995313,6677.5726209006425
33266,36.34647440596726,825.3199999995313,6677.624751929455
33267,36.34647440596726,825.3399999995313,6677.6768821702435
33268,36.34647440596726,825.3599999995313,6677.729011622977
33269,36.34647440596726,825.3799999995313,6677.781140287623
33270,36.34647440596726,825.3999999995312,6677.8332681641505
33271,36.34647440596726,825.4199999995312,6677.885395252528
33272,36.34647440596726,825.4399999995312,6677.9375215527225
33273,36.34647440596726,825.4599999995312,6677.989647064704
33274,36.34647440596726,825.4799999995312,6678.041771788439
33275,36.34647440596726,825.4999999995312,6678.093895723899
33276,36.34647440596726,825.5199999995311,6678.146018871049
33277,36.34647440596726,825.5399999995311,6678.198141229859
33278,36.34647440596726,825.5599999995311,6678.250262800298
33279,36.34647440596726,825.5799999995311,6678.302383582332
33280,36.34647440596726,825.5999999995311,6678.3545035759325
33281,36.34647440596726,825.619999999531,6678.406622781703
33282,36.34647440596726,825.639999999531,6678.458741202213
33283,36.34647440596726,825.659999999531,6678.51085883765
33284,36.34647440596726,825.679999999531,6678.562975687982
33285,36.34647440596726,825.699999999531,6678.615091753177
33286,36.34647440596726,825.719999999531,6678.667207033204
33287,36.34647440596726,825.7399999995309,6678.719321528033
33288,36.34647440596726,825.7599999995309,6678.771435237631
33289,36.34647440596726,825.7799999995309,6678.823548161966
33290,36.34647440596726,825.7999999995309,6678.875660301008
33291,36.34647440596726,825.8199999995309,6678.927771654725
33292,36.34647440596726,825.8399999995308,6678.979882223085
33293,36.34647440596726,825.8599999995308,6679.031992006057
33294,36.34647440596726,825.8799999995308,6679.08410100361
33295,36.34647440596726,825.8999999995308,6679.136209215712
33296,36.34647440596726,825.9199999995308,6679.188316642332
33297,36.34647440596726,825.9399999995308,6679.240423283438
33298,36.34647440596726,825.9599999995307,6679.292529138998
33299,36.34647440596726,825.9799999995307,6679.344634208982
33300,36.34647440596726,825.9999999995307,6679.396738493358
33301,36.34647440596726,826.0199999995307,6679.448841992094
33302,36.34647440596726,826.0399999995307,6679.500944705158
33303,36.34647440596726,826.0599999995306,6679.55304663252
33304,36.34647440596726,826.0799999995306,6679.605147774148
33305,36.34647440596726,826.0999999995306,6679.65724813001
33306,36.34647440596726,826.1199999995306,6679.709347700075
33307,36.34647440596726,826.1399999995306,6679.761446484312
33308,36.34647440596726,826.1599999995306,6679.8135444826885
33309,36.34647440596726,826.1799999995305,6679.8656416951735
33310,36.34647440596726,826.1999999995305,6679.917738121736
33311,36.34647440596726,826.2199999995305,6679.969833762344
33312,36.34647440596726,826.2399999995305,6680.021928616981
33313,36.34647440596726,826.2599999995305,6680.074022685782
33314,36.34647440596726,826.2799999995304,6680.126115968748
33315,36.34647440596726,826.2999999995304,6680.178208465849
33316,36.34647440596726,826.3199999995304,6680.230300177053
33317,36.34647440596726,826.3399999995304,6680.2823911023315
33318,36.34647440596726,826.3599999995304,6680.334481241653
33319,36.34647440596726,826.3799999995304,6680.386570594987
33320,36.34647440596726,826.3999999995303,6680.438659162302
33321,36.34647440596726,826.4199999995303,6680.49074694357
33322,36.34647440596726,826.4399999995303,6680.542833938759
33323,36.34647440596726,826.4599999995303,6680.594920147839
33324,36.34647440596726,826.4799999995303,6680.64700557078
33325,36.34647440596726,826.4999999995302,6680.69909020755
33326,36.34647440596726,826.5199999995302,6680.75117405812
33327,36.34647440596726,826.5399999995302,6680.803257122459
33328,36.34647440596726,826.5599999995302,6680.855339400538
33329,36.34647440596726,826.5799999995302,6680.907420892324
33330,36.34647440596726,826.5999999995302,6680.959501597788
33331,36.34647440596726,826.6199999995301,6681.0115815169
33332,36.34647440596726,826.6399999995301,6681.063660650493
33333,36.34647440596726,826.6599999995301,6681.115739001043
33334,36.34647440596726,826.6799999995301,6681.167816568701
33335,36.34647440596726,826.6999999995301,6681.2198933534355
33336,36.34647440596726,826.71999999953,6681.271969355215
33337,36.34647440596726,826.73999999953,6681.324044574009
33338,36.34647440596726,826.75999999953,6681.376119009787
33339,36.34647440596726,826.77999999953,6681.428192662516
33340,36.34647440596726,826.79999999953,6681.480265532167
33341,36.34647440596726,826.81999999953,6681.532337618708
33342,36.34647440596726,826.8399999995299,6681.584408922107
33343,36.34647440596726,826.8599999995299,6681.636479442334
33344,36.34647440596726,826.8799999995299,6681.688549179357
33345,36.34647440596726,826.8999999995299,6681.740618133145
33346,36.34647440596726,826.9199999995299,6681.792686303667
33347,36.34647440596726,826.9399999995298,6681.8447536908925
33348,36.34647440596726,826.9599999995298,6681.89682029479
33349,36.34647440596726,826.9799999995298,6681.948886115328
33350,36.34647440596726,826.9999999995298,6682.000951152475
33351,36.34647440596726,827.0199999995298,6682.053015406201
33352,36.34647440596726,827.0399999995298,6682.105078876473
33353,36.34647440596726,827.0599999995297,6682.157141563262
33354,36.34647440596726,827.0799999995297,6682.209203466535
33355,36.34647440596726,827.0999999995297,6682.261264586262
33356,36.34647440596726,827.1199999995297,6682.313324922412
33357,36.34647440596726,827.1399999995297,6682.365384474953
33358,36.34647440596726,827.1599999995296,6682.417443243855
33359,36.34647440596726,827.1799999995296,6682.469501229086
33360,36.34647440596726,827.1999999995296,6682.521558430614
33361,36.34647440596726,827.2199999995296,6682.573614848409
33362,36.34647440596726,827.2399999995296,6682.62567048244
33363,36.34647440596726,827.2599999995296,6682.677725332675
33364,36.34647440596726,827.2799999995295,6682.729779399085
33365,36.34647440596726,827.2999999995295,6682.781832681636
33366,36.34647440596726,827.3199999995295,6682.833885180298
33367,36.34647440596726,827.3399999995295,6682.885936895041
33368,36.34647440596726,827.3599999995295,6682.937987825831
33369,36.34647440596726,827.3799999995294,6682.9900379726405
33370,36.34647440596726,827.3999999995294,6683.042087335436
33371,36.34647440596726,827.4199999995294,6683.094135914186
33372,36.34647440596726,827.4399999995294,6683.146183708861
33373,36.34647440596726,827.4599999995294,6683.1982307194285
33374,36.34647440596726,827.4799999995294,6683.250276945858
33375,36.34647440596726,827.4999999995293,6683.302322388118
33376,36.34647440596726,827.5199999995293,6683.354367046179
33377,36.34647440596726,827.5399999995293,6683.406410920007
33378,36.34647440596726,827.5599999995293,6683.458454009573
33379,36.34647440596726,827.5799999995293,6683.510496314845
33380,36.34647440596726,827.5999999995292,6683.562537835793
33381,36.29512529012664,827.6199999995292,6683.614578572384
33382,36.29512529012664,827.6399999995292,6683.666618524588
33383,36.29512529012664,827.6599999995292,6683.718657693422
33384,36.29512529012664,827.6799999995292,6683.770696081141
33385,36.29512529012664,827.6999999995292,6683.822733687852
33386,36.29512529012664,827.7199999995291,6683.874770513524
33387,36.29512529012664,827.7399999995291,6683.926806558128
33388,36.29512529012664,827.7599999995291,6683.978841821635
33389,36.29512529012664,827.7799999995291,6684.030876304014
33390,36.29512529012664,827.7999999995291,6684.082910005236
33391,36.29512529012664,827.819999999529,6684.1349429252705
33392,36.29512529012664,827.839999999529,6684.186975064088
33393,36.29512529012664,827.859999999529,6684.239006421659
33394,36.29512529012664,827.879999999529,6684.291036997954
33395,36.29512529012664,827.899999999529,6684.3430667929415
33396,36.29512529012664,827.919999999529,6684.395095806593
33397,36.29512529012664,827.9399999995289,6684.447124038879
33398,36.29512529012664,827.9599999995289,6684.499151489769
33399,36.29512529012664,827.9799999995289,6684.551178159233
33400,36.29512529012664,827.9999999995289,6684.603204047242
33401,36.29512529012664,828.0199999995289,6684.6552291537655
33402,36.29512529012664,828.0399999995288,6684.707253478774
33403,36.29512529012664,828.0599999995288,6684.759277022237
33404,36.29512529012664,828.0799999995288,6684.811299784126
33405,36.29512529012664,828.0999999995288,6684.86332176441
33406,36.29512529012664,828.1199999995288,6684.91534296306
33407,36.29512529012664,828.1399999995288,6684.967363380045
33408,36.29512529012664,828.1599999995287,6685.019383015337
33409,36.29512529012664,828.1799999995287,6685.071401868904
33410,36.29512529012664,828.1999999995287,6685.123419940718
33411,36.29512529012664,828.2199999995287,6685.175437230749
33412,36.29512529012664,828.2399999995287,6685.227453738966
33413,36.29512529012664,828.2599999995286,6685.27946946534
33414,36.29512529012664,828.2799999995286,6685.331484409842
33415,36.29512529012664,828.2999999995286,6685.383498572441
33416,36.29512529012664,828.3199999995286,6685.435511953107
33417,36.29512529012664,828.3399999995286,6685.4875245518115
33418,36.29512529012664,828.3599999995286,6685.539536368524
33419,36.29512529012664,828.3799999995285,6685.591547403214
33420,36.29512529012664,828.3999999995285,6685.6435576558515
33421,36.29512529012664,828.4199999995285,6685.695567126409
33422,36.29512529012664,828.4399999995285,6685.747575814854
33423,36.29512529012664,828.4599999995285,6685.799583721158
33424,36.29512529012664,828.4799999995284,6685.851590845292
33425,36.29512529012664,828.4999999995284,6685.9035971872245
33426,36.29512529012664,828.5199999995284,6685.955602746926
33427,36.29512529012664,828.5399999995284,6686.007607524368
33428,36.29512529012664,828.5599999995284,6686.059611519519
33429,36.29512529012664,828.5799999995284,6686.111614732351
33430,36.29512529012664,828.5999999995283,6686.163617162832
33431,36.29512529012664,828.6199999995283,6686.215618810935
33432,36.29512529012664,828.6399999995283,6686.267619676628
33433,36.29512529012664,828.6599999995283,6686.319619759882
33434,36.29512529012664,828.6799999995283,6686.3716190618625
33435,36.29512529012664,828.6999999995282,6686.423617584564
33436,36.29512529012664,828.7199999995282,6686.475615328049
33437,36.29512529012664,828.7399999995282,6686.527612292284
33438,36.29512529012664,828.7599999995282,6686.579608477241
33439,36.29512529012664,828.7799999995282,6686.631603882888
33440,36.29512529012664,828.7999999995282,6686.683598509195
33441,36.29512529012664,828.8199999995281,6686.735592356131
33442,36.29512529012664,828.8399999995281,6686.787585423665
33443,36.29512529012664,828.8599999995281,6686.8395777117685
33444,36.29512529012664,828.8799999995281,6686.891569220408
33445,36.29512529012664,828.8999999995281,6686.9435599495555
33446,36.29512529012664,828.919999999528,6686.9955498991785
33447,36.29512529012664,828.939999999528,6687.047539069247
33448,36.29512529012664,828.959999999528,6687.099527459731
33449,36.29512529012664,828.979999999528,6687.151515070598
33450,36.29512529012664,828.999999999528,6687.203501901819
33451,36.29512529012664,829.019999999528,6687.255487953364
33452,36.29512529012664,829.0399999995279,6687.307473225201
33453,36.29512529012664,829.0599999995279,6687.3594577173
33454,36.29512529012664,829.0799999995279,6687.41144142963
33455,36.29512529012664,829.0999999995279,6687.463424362161
33456,36.29512529012664,829.1199999995279,6687.515406514863
33457,36.29512529012664,829.1399999995278,6687.567387887703
33458,36.29512529012664,829.1599999995278,6687.619368480652
33459,36.29512529012664,829.1799999995278,6687.671348293679
33460,36.29512529012664,829.1999999995278,6687.723327326755
33461,36.29512529012664,829.2199999995278,6687.775305579847
33462,36.29512529012664,829.2399999995278,6687.827283052925
33463,36.29512529012664,829.2599999995277,6687.87925974596
33464,36.29512529012664,829.2799999995277,6687.931235658919
33465,36.29512529012664,829.2999999995277,6687.983210791773
33466,36.29512529012664,829.3199999995277,6688.035185144491
33467,36.29512529012664,829.3399999995277,6688.087158717043
33468,36.29512529012664,829.3599999995276,6688.139131509398
33469,36.29512529012664,829.3799999995276,6688.191103521524
33470,36.29512529012664,829.3999999995276,6688.243074753393
33471,36.29512529012664,829.4199999995276,6688.295045204972
33472,36.29512529012664,829.4399999995276,6688.347014876231
33473,36.29512529012664,829.4599999995276,6688.39898376714
33474,36.29512529012664,829.4799999995275,6688.450951877668
33475,36.29512529012664,829.4999999995275,6688.5029192077845
33476,36.29512529012664,829.5199999995275,6688.5548857574595
33477,36.29512529012664,829.5399999995275,6688.606851526662
33478,36.29512529012664,829.5599999995275,6688.658816515361
33479,36.29512529012664,829.5799999995274,6688.710780723526
33480,36.29512529012664,829.5999999995274,6688.762744151127
33481,36.29512529012664,829.6199999995274,6688.814706798133
33482,36.29512529012664,829.6399999995274,6688.866668664513
33483,36.29512529012664,829.6599999995274,6688.9186297502365
33484,36.29512529012664,829.6799999995274,6688.9705900552735
33485,36.29512529012664,829.6999999995273,6689.0225495810255
33486,36.29512529012664,829.7199999995273,6689.074508329383
33487,36.29512529012664,829.7399999995273,6689.126466300371
33488,36.29512529012664,829.7599999995273,6689.178423493958
33489,36.29512529012664,829.7799999995273,6689.230379910113
33490,36.29512529012664,829.7999999995272,6689.282335548806
33491,36.29512529012664,829.8199999995272,6689.334290410007
33492,36.29512529012664,829.8399999995272,6689.386244493685
33493,36.29512529012664,829.8599999995272,6689.438197799808
33494,36.29512529012664,829.8799999995272,6689.490150328347
33495,36.29512529012664,829.8999999995272,6689.542102079271
33496,36.29512529012664,829.9199999995271,6689.594053052549
33497,36.29512529012664,829.9399999995271,6689.64600324815
33498,36.29512529012664,829.9599999995271,6689.697952666044
33499,36.29512529012664,829.9799999995271,6689.749901306201
33500,36.29512529012664,829.9999999995271,6689.801849168588
33501,36.29512529012664,830.019999999527,6689.853796253176
33502,36.29512529012664,830.039999999527,6689.905742559936
33503,36.29512529012664,830.059999999527,6689.957688088834
33504,36.29512529012664,830.079999999527,6690.009632839848
33505,36.29512529012664,830.099999999527,6690.061576813057
33506,36.29512529012664,830.119999999527,6690.1135200084955
33507,36.29512529012664,830.1399999995269,6690.16546242613
33508,36.29512529012664,830.1599999995269,6690.217404065931
33509,36.29512529012664,830.1799999995269,6690.269344927868
33510,36.29512529012664,830.1999999995269,6690.321285011909
33511,36.29512529012664,830.2199999995269,6690.373224318024
33512,36.29512529012664,830.2399999995268,6690.425162846182
33513,36.29512529012664,830.2599999995268,6690.477100596352
33514,36.29512529012664,830.2799999995268,6690.529037568504
33515,36.29512529012664,830.2999999995268,6690.580973762605
33516,36.29512529012664,830.3199999995268,6690.6329091786265
33517,36.29512529012664,830.3399999995268,6690.684843816536
33518,36.29512529012664,830.3599999995267,6690.736777676304
33519,36.29512529012664,830.3799999995267,6690.788710757899
33520,36.29512529012664,830.3999999995267,6690.84064306129
33521,36.29512529012664,830.4199999995267,6690.892574586447
33522,36.29512529012664,830.4399999995267,6690.944505333338
33523,36.29512529012664,830.4599999995266,6690.996435301933
33524,36.29512529012664,830.4799999995266,6691.0483644922015
33525,36.29512529012664,830.4999999995266,6691.1002929041115
33526,36.29512529012664,830.5199999995266,6691.152220537632
33527,36.29512529012664,830.5399999995266,6691.204147392734
33528,36.29512529012664,830.5599999995266,6691.256073469385
33529,36.29512529012664,830.5799999995265,6691.307998767555
33530,36.29512529012664,830.5999999995265,6691.359923287212
33531,36.29512529012664,830.6199999995265,6691.4118470283265
33532,36.29512529012664,830.6399999995265,6691.463769990867
33533,36.29512529012664,830.6599999995265,6691.515692174803
33534,36.29512529012664,830.6799999995264,6691.567613580104
33535,36.29512529012664,830.6999999995264,6691.6195342067385
33536,36.29512529012664,830.7199999995264,6691.67145405634
33537,36.29512529012664,830.7399999995264,6691.723373130671
33538,36.29512529012664,830.7599999995264,6691.775291429713
33539,36.29512529012664,830.7799999995264,6691.827208953438
33540,36.29512529012664,830.7999999995263,6691.879125701812
33541,36.29512529012664,830.8199999995263,6691.931041674804
33542,36.29512529012664,830.8399999995263,6691.982956872383
33543,36.29512529012664,830.8599999995263,6692.034871294517
33544,36.29512529012664,830.8799999995263,6692.086784941174
33545,36.29512529012664,830.8999999995262,6692.138697812325
33546,36.29512529012664,830.9199999995262,6692.190609907935
33547,36.29512529012664,830.9399999995262,6692.242521227975
33548,36.29512529012664,830.9599999995262,6692.294431772413
33549,36.29512529012664,830.9799999995262,6692.346341541217
33550,36.29512529012664,830.9999999995262,6692.398250534356
33551,36.29512529012664,831.0199999995261,6692.450158751798
33552,36.29512529012664,831.0399999995261,6692.502066193512
33553,36.29512529012664,831.0599999995261,6692.553972859467
33554,36.29512529012664,831.0799999995261,6692.60587874963
33555,36.29512529012664,831.0999999995261,6692.657783863971
33556,36.29512529012664,831.119999999526,6692.709688202459
33557,36.29512529012664,831.139999999526,6692.76159176506
33558,36.29512529012664,831.159999999526,6692.813494551745
33559,36.29512529012664,831.179999999526,6692.865396562481
33560,36.29512529012664,831.199999999526,6692.917297797237
33561,36.29512529012664,831.219999999526,6692.969198255982
33562,36.29512529012664,831.2399999995259,6693.021097938684
33563,36.29512529012664,831.2599999995259,6693.0729968453115
33564,36.29512529012664,831.2799999995259,6693.124894975834
33565,36.29512529012664,831.2999999995259,6693.176792330219
33566,36.29512529012664,831.3199999995259,6693.228688908434
33567,36.29512529012664,831.3399999995258,6693.28058471045
33568,36.29512529012664,831.3599999995258,6693.332479736234
33569,36.29512529012664,831.3799999995258,6693.384373985755
33570,36.29512529012664,831.3999999995258,6693.436267458981
33571,36.29512529012664,831.4199999995258,6693.488160155881
33572,36.29512529012664,831.4399999995258,6693.540052076423
33573,36.29512529012664,831.4599999995257,6693.591943220577
33574,36.29512529012664,831.4799999995257,6693.64383358831
33575,36.29512529012664,831.4999999995257,6693.695723179591
33576,36.29512529012664,831.5199999995257,6693.747611994389
33577,36.29512529012664,831.5399999995257,6693.799500032672
33578,36.29512529012664,831.5599999995256,6693.851387294409
33579,36.29512529012664,831.5799999995256,6693.903273779567
33580,36.29512529012664,831.5999999995256,6693.955159488116
33581,36.29512529012664,831.6199999995256,6694.007044420025
33582,36.29512529012664,831.6399999995256,6694.058928575261
33583,36.29512529012664,831.6599999995256,6694.110811953794
33584,36.29512529012664,831.6799999995255,6694.162694555592
33585,36.29512529012664,831.6999999995255,6694.214576380623
33586,36.24389696777827,831.7199999995255,6694.266457428882
33587,36.24389696777827,831.7399999995255,6694.318337702157
33588,36.24389696777827,831.7599999995255,6694.370217202001
33589,36.24389696777827,831.7799999995254,6694.422095928385
33590,36.24389696777827,831.7999999995254,6694.473973881279
33591,36.24389696777827,831.8199999995254,6694.525851060653
33592,36.24389696777827,831.8399999995254,6694.577727466477
33593,36.24389696777827,831.8599999995254,6694.629603098722
33594,36.24389696777827,831.8799999995254,6694.681477957359
33595,36.24389696777827,831.8999999995253,6694.733352042357
33596,36.24389696777827,831.9199999995253,6694.785225353688
33597,36.24389696777827,831.9399999995253,6694.83709789132
33598,36.24389696777827,831.9599999995253,6694.888969655225
33599,36.24389696777827,831.9799999995253,6694.940840645373
33600,36.24389696777827,831.9999999995252,6694.992710861735
33601,36.24389696777827,832.0199999995252,6695.04458030428
33602,36.24389696777827,832.0399999995252,6695.0964489729795
33603,36.24389696777827,832.0599999995252,6695.148316867803
33604,36.24389696777827,832.0799999995252,6695.200183988722
33605,36.24389696777827,832.0999999995252,6695.252050335705
33606,36.24389696777827,832.1199999995251,6695.303915908723
33607,36.24389696777827,832.1399999995251,6695.355780707747
33608,36.24389696777827,832.1599999995251,6695.407644732747
33609,36.24389696777827,832.1799999995251,6695.459507983694
33610,36.24389696777827,832.1999999995251,6695.5113704605565
33611,36.24389696777827,832.219999999525,6695.563232163307
33612,36.24389696777827,832.239999999525,6695.615093091914
33613,36.24389696777827,832.259999999525,6695.666953246349
33614,36.24389696777827,832.279999999525,6695.718812626583
33615,36.24389696777827,832.299999999525,6695.770671232584
33616,36.24389696777827,832.319999999525,6695.822529064325
33617,36.24389696777827,832.3399999995249,6695.8743861217745
33618,36.24389696777827,832.3599999995249,6695.926242404903
33619,36.24389696777827,832.3799999995249,6695.978097913681
33620,36.24389696777827,832.3999999995249,6696.029952648079
33621,36.24389696777827,832.4199999995249,6696.081806608068
33622,36.24389696777827,832.4399999995248,6696.133659793618
33623,36.24389696777827,832.4599999995248,6696.185512204698
33624,36.24389696777827,832.4799999995248,6696.23736384128
33625,36.24389696777827,832.4999999995248,6696.2892147033335
33626,36.24389696777827,832.5199999995248,6696.3410647908295
33627,36.24389696777827,832.5399999995248,6696.392914103738
33628,36.24389696777827,832.5599999995247,6696.444762642029
33629,36.24389696777827,832.5799999995247,6696.496610405673
33630,36.24389696777827,832.5999999995247,6696.5484573946405
33631,36.24389696777827,832.6199999995247,6696.600303608902
33632,36.24389696777827,832.6399999995247,6696.652149048427
33633,36.24389696777827,832.6599999995246,6696.703993713188
33634,36.24389696777827,832.6799999995246,6696.755837603152
33635,36.24389696777827,832.6999999995246,6696.807680718292
33636,36.24389696777827,832.7199999995246,6696.859523058578
33637,36.24389696777827,832.7399999995246,6696.911364624042
33638,36.24389696777827,832.7599999995246,6696.96320541653
33639,36.24389696777827,832.7799999995245,6697.015045437321
33640,36.24389696777827,832.7999999995245,6697.066884686383
33641,36.24389696777827,832.8199999995245,6697.118723163686
33642,36.24389696777827,832.8399999995245,6697.1705608692
33643,36.24389696777827,832.8599999995245,6697.222397802895
33644,36.24389696777827,832.8799999995244,6697.27423396474
33645,36.24389696777827,832.8999999995244,6697.326069354705
33646,36.24389696777827,832.9199999995244,6697.377903972761
33647,36.24389696777827,832.9399999995244,6697.429737818876
33648,36.24389696777827,832.9599999995244,6697.48157089302
33649,36.24389696777827,832.9799999995244,6697.533403195163
33650,36.24389696777827,832.9999999995243,6697.585234725276
33651,36.24389696777827,833.0199999995243,6697.637065483327
33652,36.24389696777827,833.0399999995243,6697.688895469287
33653,36.24389696777827,833.0599999995243,6697.740724683124
33654,36.24389696777827,833.0799999995243,6697.79255312481
33655,36.24389696777827,833.0999999995242,6697.844380794313
33656,36.24389696777827,833.1199999995242,6697.896207691603
33657,36.24389696777827,833.1399999995242,6697.94803381665
33658,36.24389696777827,833.1599999995242,6697.999859169424
33659,36.24389696777827,833.1799999995242,6698.051683749894
33660,36.24389696777827,833.1999999995242,6698.103507558031
33661,36.24389696777827,833.2199999995241,6698.155330593804
33662,36.24389696777827,833.2399999995241,6698.207152857182
33663,36.24389696777827,833.2599999995241,6698.258974348136
33664,36.24389696777827,833.2799999995241,6698.3107950666345
33665,36.24389696777827,833.2999999995241,6698.362615012648
33666,36.24389696777827,833.319999999524,6698.4144341861465
33667,36.24389696777827,833.339999999524,6698.466252587099
33668,36.24389696777827,833.359999999524,6698.518070215476
33669,36.24389696777827,833.379999999524,6698.569887071247
33670,36.24389696777827,833.399999999524,6698.621703154381
33671,36.24389696777827,833.419999999524,6698.673518464849
33672,36.24389696777827,833.4399999995239,6698.72533300262
33673,36.24389696777827,833.4599999995239,6698.777146767664
33674,36.24389696777827,833.4799999995239,6698.8289597599505
33675,36.24389696777827,833.4999999995239,6698.8807719794495
33676,36.24389696777827,833.5199999995239,6698.93258342613
33677,36.24389696777827,833.5399999995238,6698.984394099963
33678,36.24389696777827,833.5599999995238,6699.036204000917
33679,36.24389696777827,833.5799999995238,6699.088013128962
33680,36.24389696777827,833.5999999995238,6699.139821484068
33681,36.24389696777827,833.6199999995238,6699.191629066206
33682,36.24389696777827,833.6399999995238,6699.2434358753435
33683,36.24389696777827,833.6599999995237,6699.295241911452
33684,36.24389696777827,833.6799999995237,6699.3470471744995
33685,36.24389696777827,833.6999999995237,6699.398851664458
33686,36.24389696777827,833.7199999995237,6699.450655381295
33687,36.24389696777827,833.7399999995237,6699.5024583249815
33688,36.24389696777827,833.7599999995236,6699.554260495592
33689,36.24389696777827,833.7799999995236,6699.6060618952
33690,36.24389696777827,833.7999999995236,6699.657862524932
33691,36.24389696777827,833.8199999995236,6699.709662384759
33692,36.24389696777827,833.8399999995236,6699.761461474651
33693,36.24389696777827,833.8599999995236,6699.813259794577
33694,36.24389696777827,833.8799999995235,6699.8650573445075
33695,36.24389696777827,833.8999999995235,6699.916854124412
33696,36.24389696777827,833.9199999995235,6699.96865013426
33697,36.24389696777827,833.9399999995235,6700.0204453740325
33698,36.24389696777827,833.9599999995235,6700.072239843819
33699,36.24389696777827,833.9799999995234,6700.124033543617
33700,36.24389696777827,833.9999999995234,6700.175826473395
33701,36.24389696777827,834.0199999995234,6700.227618633124
33702,36.24389696777827,834.0399999995234,6700.279410022771
33703,36.24389696777827,834.0599999995234,6700.331200642308
33704,36.24389696777827,834.0799999995234,6700.382990491704
33705,36.24389696777827,834.0999999995233,6700.434779570927
33706,36.24389696777827,834.1199999995233,6700.486567879949
33707,36.24389696777827,834.1399999995233,6700.538355418737
33708,36.24389696777827,834.1599999995233,6700.590142187263
33709,36.24389696777827,834.1799999995233,6700.641928185495
33710,36.24389696777827,834.1999999995232,6700.693713413403
33711,36.24389696777827,834.2199999995232,6700.745497870957
33712,36.24389696777827,834.2399999995232,6700.797281558125
33713,36.24389696777827,834.2599999995232,6700.849064474879
33714,36.24389696777827,834.2799999995232,6700.900846621186
33715,36.24389696777827,834.2999999995232,6700.952627997018
33716,36.24389696777827,834.3199999995231,6701.004408602343
33717,36.24389696777827,834.3399999995231,6701.05618843713
33718,36.24389696777827,834.3599999995231,6701.10796750135
33719,36.24389696777827,834.3799999995231,6701.159745794972
33720,36.24389696777827,834.3999999995231,6701.211523317966
33721,36.24389696777827,834.419999999523,6701.2633000703
33722,36.24389696777827,834.439999999523,6701.315076051945
33723,36.24389696777827,834.459999999523,6701.36685126287
33724,36.24389696777827,834.479999999523,6701.418625703045
33725,36.24389696777827,834.499999999523,6701.470399372439
33726,36.24389696777827,834.519999999523,6701.522172271021
33727,36.24389696777827,834.5399999995229,6701.573944398762
33728,36.24389696777827,834.5599999995229,6701.625715755631
33729,36.24389696777827,834.5799999995229,6701.677486341598
33730,36.24389696777827,834.5999999995229,6701.729256156631
33731,36.24389696777827,834.6199999995229,6701.781025200701
33732,36.24389696777827,834.6399999995228,6701.832793473777
33733,36.24389696777827,834.6599999995228,6701.884560975829
33734,36.24389696777827,834.6799999995228,6701.936327706826
33735,36.24389696777827,834.6999999995228,6701.988093666738
33736,36.24389696777827,834.7199999995228,6702.0398588555345
33737,36.24389696777827,834.7399999995228,6702.091623273185
33738,36.24389696777827,834.7599999995227,6702.143386919659
33739,36.24389696777827,834.7799999995227,6702.195149795072
33740,36.24389696777827,834.7999999995227,6702.246911901689
33741,36.24389696777827,834.8199999995227,6702.298673240449
33742,36.24389696777827,834.8399999995227,6702.350433811322
33743,36.24389696777827,834.8599999995226,6702.402193614276
33744,36.24389696777827,834.8799999995226,6702.453952649283
33745,36.24389696777827,834.8999999995226,6702.505710916309
33746,36.24389696777827,834.9199999995226,6702.557468415324
33747,36.24389696777827,834.9399999995226,6702.609225146298
33748,36.24389696777827,834.9599999995226,6702.6609811091985
33749,36.24389696777827,834.9799999995225,6702.712736303995
33750,36.24389696777827,834.9999999995225,6702.764490730658
33751,36.24389696777827,835.0199999995225,6702.816244389154
33752,36.24389696777827,835.0399999995225,6702.867997279453
33753,36.24389696777827,835.0599999995225,6702.919749401525
33754,36.24389696777827,835.0799999995224,6702.971500755339
33755,36.24389696777827,835.0999999995224,6703.023251340862
33756,36.24389696777827,835.1199999995224,6703.075001158065
33757,36.24389696777827,835.1399999995224,6703.126750206917
33758,36.24389696777827,835.1599999995224,6703.178498487386
33759,36.24389696777827,835.1799999995224,6703.230245999441
33760,36.24389696777827,835.1999999995223,6703.281992743052
33761,36.24389696777827,835.2199999995223,6703.333738718187
33762,36.24389696777827,835.2399999995223,6703.385483924817
33763,36.24389696777827,835.2599999995223,6703.437228362909
33764,36.24389696777827,835.2799999995223,6703.488972032433
33765,36.24389696777827,835.2999999995222,6703.540714933357
33766,36.24389696777827,835.3199999995222,6703.592457065651
33767,36.24389696777827,835.3399999995222,6703.644198429283
33768,36.24389696777827,835.3599999995222,6703.695939024224
33769,36.24389696777827,835.3799999995222,6703.747678850441
33770,36.24389696777827,835.3999999995222,6703.799417907904
33771,36.24389696777827,835.4199999995221,6703.851156196582
33772,36.24389696777827,835.4399999995221,6703.902893716445
33773,36.24389696777827,835.4599999995221,6703.95463046746
33774,36.24389696777827,835.4799999995221,6704.006366449597
33775,36.24389696777827,835.4999999995221,6704.058101662826
33776,36.24389696777827,835.519999999522,6704.1098361071145
33777,36.24389696777827,835.539999999522,6704.161569782432
33778,36.24389696777827,835.559999999522,6704.213302688748
33779,36.24389696777827,835.579999999522,6704.265034826031
33780,36.24389696777827,835.599999999522,6704.316766194251
33781,36.24389696777827,835.619999999522,6704.368496793376
33782,36.24389696777827,835.6399999995219,6704.420226623375
33783,36.24389696777827,835.6599999995219,6704.471955684217
33784,36.24389696777827,835.6799999995219,6704.523683975873
33785,36.24389696777827,835.6999999995219,6704.575411498309
33786,36.24389696777827,835.7199999995219,6704.627138251496
33787,36.24389696777827,835.7399999995218,6704.678864235402
33788,36.24389696777827,835.7599999995218,6704.730589449998
33789,36.24389696777827,835.7799999995218,6704.782313895251
33790,36.24389696777827,835.7999999995218,6704.834037571319
33791,36.24389696777827,835.8199999995218,6704.885760480648
33792,36.192789041480246,835.8399999995218,6704.937482623986
33793,36.192789041480246,835.8599999995217,6704.989204001304
33794,36.192789041480246,835.8799999995217,6705.040924612571
33795,36.192789041480246,835.8999999995217,6705.092644457759
33796,36.192789041480246,835.9199999995217,6705.144363536837
33797,36.192789041480246,835.9399999995217,6705.1960818497755
33798,36.192789041480246,835.9599999995216,6705.247799396546
33799,36.192789041480246,835.9799999995216,6705.299516177117
33800,36.192789041480246,835.9999999995216,6705.3512321914595
33801,36.192789041480246,836.0199999995216,6705.402947439545
33802,36.192789041480246,836.0399999995216,6705.454661921342
33803,36.192789041480246,836.0599999995216,6705.506375636823
33804,36.192789041480246,836.0799999995215,6705.558088585955
33805,36.192789041480246,836.0999999995215,6705.6098007687115
33806,36.192789041480246,836.1199999995215,6705.661512185062
33807,36.192789041480246,836.1399999995215,6705.713222834976
33808,36.192789041480246,836.1599999995215,6705.764932718424
33809,36.192789041480246,836.1799999995214,6705.816641835377
33810,36.192789041480246,836.1999999995214,6705.868350185805
33811,36.192789041480246,836.2199999995214,6705.920057769678
33812,36.192789041480246,836.2399999995214,6705.971764586967
33813,36.192789041480246,836.2599999995214,6706.023470637641
33814,36.192789041480246,836.2799999995214,6706.075175921672
33815,36.192789041480246,836.2999999995213,6706.126880439029
33816,36.192789041480246,836.3199999995213,6706.1785841896835
33817,36.192789041480246,836.3399999995213,6706.230287173605
33818,36.192789041480246,836.3599999995213,6706.281989390764
33819,36.192789041480246,836.3799999995213,6706.33369084113
33820,36.192789041480246,836.3999999995212,6706.385391524675
33821,36.192789041480246,836.4199999995212,6706.437091441368
33822,36.192789041480246,836.4399999995212,6706.488790591179
33823,36.192789041480246,836.4599999995212,6706.54048897408
33824,36.192789041480246,836.4799999995212,6706.592186590041
33825,36.192789041480246,836.4999999995212,6706.643883439031
33826,36.192789041480246,836.5199999995211,6706.6955795210215
33827,36.192789041480246,836.5399999995211,6706.747274835982
33828,36.192789041480246,836.5599999995211,6706.798969383884
33829,36.192789041480246,836.5799999995211,6706.850663164696
33830,36.192789041480246,836.5999999995211,6706.90235617839
33831,36.192789041480246,836.619999999521,6706.954048424935
33832,36.192789041480246,836.639999999521,6707.005739904302
33833,36.192789041480246,836.659999999521,6707.057430616462
33834,36.192789041480246,836.679999999521,6707.109120561384
33835,36.192789041480246,836.699999999521,6707.160809739039
33836,36.192789041480246,836.719999999521,6707.212498149398
33837,36.192789041480246,836.7399999995209,6707.26418579243
33838,36.192789041480246,836.7599999995209,6707.315872668107
33839,36.192789041480246,836.7799999995209,6707.367558776397
33840,36.192789041480246,836.7999999995209,6707.419244117273
33841,36.192789041480246,836.8199999995209,6707.470928690916
33842,36.192789041480246,836.8399999995208,6707.522612499743
33843,36.192789041480246,836.8599999995208,6707.574295544259
33844,36.192789041480246,836.8799999995208,6707.625977824432
33845,36.192789041480246,836.8999999995208,6707.677659340233
33846,36.192789041480246,836.9199999995208,6707.7293400916315
33847,36.192789041480246,836.9399999995208,6707.781020078597
33848,36.192789041480246,836.9599999995207,6707.8326993011
33849,36.192789041480246,836.9799999995207,6707.884377759109
33850,36.192789041480246,836.9999999995207,6707.936055452596
33851,36.192789041480246,837.0199999995207,6707.987732381529
33852,36.192789041480246,837.0399999995207,6708.039408545879
33853,36.192789041480246,837.0599999995206,6708.091083945616
33854,36.192789041480246,837.0799999995206,6708.14275858071
33855,36.192789041480246,837.0999999995206,6708.194432451129
33856,36.192789041480246,837.1199999995206,6708.246105556845
33857,36.192789041480246,837.1399999995206,6708.297777897827
33858,36.192789041480246,837.1599999995206,6708.349449474044
33859,36.192789041480246,837.1799999995205,6708.401120285468
33860,36.192789041480246,837.1999999995205,6708.452790332067
33861,36.192789041480246,837.2199999995205,6708.504459613811
33862,36.192789041480246,837.2399999995205,6708.556128130671
33863,36.192789041480246,837.2599999995205,6708.607795882616
33864,36.192789041480246,837.2799999995204,6708.659462869617
33865,36.192789041480246,837.2999999995204,6708.711129091642
33866,36.192789041480246,837.3199999995204,6708.762794548662
33867,36.192789041480246,837.3399999995204,6708.814459240646
33868,36.192789041480246,837.3599999995204,6708.866123167565
33869,36.192789041480246,837.3799999995204,6708.917786329389
33870,36.192789041480246,837.3999999995203,6708.969448726087
33871,36.192789041480246,837.4199999995203,6709.0211103576285
33872,36.192789041480246,837.4399999995203,6709.072771223984
33873,36.192789041480246,837.4599999995203,6709.124431325124
33874,36.192789041480246,837.4799999995203,6709.176090661017
33875,36.192789041480246,837.4999999995202,6709.227749231634
33876,36.192789041480246,837.5199999995202,6709.2794070369455
33877,36.192789041480246,837.5399999995202,6709.33106407692
33878,36.192789041480246,837.5599999995202,6709.3827203515275
33879,36.192789041480246,837.5799999995202,6709.434375860738
33880,36.192789041480246,837.5999999995202,6709.486030604522
33881,36.192789041480246,837.6199999995201,6709.537684582849
33882,36.192789041480246,837.6399999995201,6709.589337795688
33883,36.192789041480246,837.6599999995201,6709.6409902430105
33884,36.192789041480246,837.6799999995201,6709.692641924785
33885,36.192789041480246,837.6999999995201,6709.744292840982
33886,36.192789041480246,837.71999999952,6709.795942991571
33887,36.192789041480246,837.73999999952,6709.847592376523
33888,36.192789041480246,837.75999999952,6709.899240995806
33889,36.192789041480246,837.77999999952,6709.950888849392
33890,36.192789041480246,837.79999999952,6710.00253593725
33891,36.192789041480246,837.81999999952,6710.054182259457
33892,36.192789041480246,837.8399999995199,6710.105827816332
33893,36.192789041480246,837.8599999995199,6710.157472610552
33894,36.192789041480246,837.8799999995199,6710.209116642446
33895,36.192789041480246,837.8999999995199,6710.260759911986
33896,36.192789041480246,837.9199999995199,6710.31240241914
33897,36.192789041480246,837.9399999995198,6710.36404416388
33898,36.192789041480246,837.9599999995198,6710.415685146176
33899,36.192789041480246,837.9799999995198,6710.467325365998
33900,36.192789041480246,837.9999999995198,6710.518964823316
33901,36.192789041480246,838.0199999995198,6710.570603518102
33902,36.192789041480246,838.0399999995198,6710.6222414503245
33903,36.192789041480246,838.0599999995197,6710.673878619955
33904,36.192789041480246,838.0799999995197,6710.725515026964
33905,36.192789041480246,838.0999999995197,6710.777150671321
33906,36.192789041480246,838.1199999995197,6710.828785552997
33907,36.192789041480246,838.1399999995197,6710.880419671962
33908,36.192789041480246,838.1599999995196,6710.932053028187
33909,36.192789041480246,838.1799999995196,6710.983685621641
33910,36.192789041480246,838.1999999995196,6711.035317452295
33911,36.192789041480246,838.2199999995196,6711.086948520121
33912,36.192789041480246,838.2399999995196,6711.138578825087
33913,36.192789041480246,838.2599999995196,6711.190208367165
33914,36.192789041480246,838.2799999995195,6711.2418371463245
33915,36.192789041480246,838.2999999995195,6711.293465162536
33916,36.192789041480246,838.3199999995195,6711.3450924157705
33917,36.192789041480246,838.3399999995195,6711.396718905998
33918,36.192789041480246,838.3599999995195,6711.448344633188
33919,36.192789041480246,838.3799999995194,6711.499969597312
33920,36.192789041480246,838.3999999995194,6711.55159379834
33921,36.192789041480246,838.4199999995194,6711.603217236242
33922,36.192789041480246,838.4399999995194,6711.654839910989
33923,36.192789041480246,838.4599999995194,6711.70646182255
33924,36.192789041480246,838.4799999995194,6711.758082970898
33925,36.192789041480246,838.4999999995193,6711.809703356001
33926,36.192789041480246,838.5199999995193,6711.861322977829
33927,36.192789041480246,838.5399999995193,6711.912941836355
33928,36.192789041480246,838.5599999995193,6711.964559931547
33929,36.192789041480246,838.5799999995193,6712.016177263377
33930,36.192789041480246,838.5999999995192,6712.067793831815
33931,36.192789041480246,838.6199999995192,6712.11940963683
33932,36.192789041480246,838.6399999995192,6712.171024678393
33933,36.192789041480246,838.6599999995192,6712.222638956476
33934,36.192789041480246,838.6799999995192,6712.2742524710475
33935,36.192789041480246,838.6999999995192,6712.325865222078
33936,36.192789041480246,838.7199999995191,6712.377477209539
33937,36.192789041480246,838.7399999995191,6712.4290884334005
33938,36.192789041480246,838.7599999995191,6712.4806988936325
33939,36.192789041480246,838.7799999995191,6712.5323085902055
33940,36.192789041480246,838.7999999995191,6712.583917523089
33941,36.192789041480246,838.819999999519,6712.635525692255
33942,36.192789041480246,838.839999999519,6712.687133097674
33943,36.192789041480246,838.859999999519,6712.738739739708
33944,36.192789041480246,838.879999999519,6712.790345621026
33945,36.192789041480246,838.899999999519,6712.841950741856
33946,36.192789041480246,838.919999999519,6712.893555102166
33947,36.192789041480246,838.9399999995189,6712.9451587019275
33948,36.192789041480246,838.9599999995189,6712.996761541111
33949,36.192789041480246,838.9799999995189,6713.048363619685
33950,36.192789041480246,838.9999999995189,6713.099964937622
33951,36.192789041480246,839.0199999995189,6713.15156549489
33952,36.192789041480246,839.0399999995188,6713.20316529146
33953,36.192789041480246,839.0599999995188,6713.254764327303
33954,36.192789041480246,839.0799999995188,6713.306362602389
33955,36.192789041480246,839.0999999995188,6713.3579601166875
33956,36.192789041480246,839.1199999995188,6713.40955687017
33957,36.192789041480246,839.1399999995187,6713.461152862805
33958,36.192789041480246,839.1599999995187,6713.512748094563
33959,36.192789041480246,839.1799999995187,6713.564342565415
33960,36.192789041480246,839.1999999995187,6713.6159362753315
33961,36.192789041480246,839.2199999995187,6713.667529224283
33962,36.192789041480246,839.2399999995187,6713.719121412238
33963,36.192789041480246,839.2599999995186,6713.770712839168
33964,36.192789041480246,839.2799999995186,6713.822303505042
33965,36.192789041480246,839.2999999995186,6713.873893409832
33966,36.192789041480246,839.3199999995186,6713.925482553507
33967,36.192789041480246,839.3399999995186,6713.977070936038
33968,36.192789041480246,839.3599999995185,6714.028658557395
33969,36.192789041480246,839.3799999995185,6714.080245417547
33970,36.192789041480246,839.3999999995185,6714.131831516466
33971,36.192789041480246,839.4199999995185,6714.183416854122
33972,36.192789041480246,839.4399999995185,6714.235001430484
33973,36.192789041480246,839.4599999995185,6714.2865852455225
33974,36.192789041480246,839.4799999995184,6714.3381682992085
33975,36.192789041480246,839.4999999995184,6714.389750591512
33976,36.192789041480246,839.5199999995184,6714.441332122403
33977,36.192789041480246,839.5399999995184,6714.492912891851
33978,36.192789041480246,839.5599999995184,6714.544492899828
33979,36.192789041480246,839.5799999995183,6714.5960721463025
33980,36.192789041480246,839.5999999995183,6714.647650631246
33981,36.192789041480246,839.6199999995183,6714.699228354628
33982,36.192789041480246,839.6399999995183,6714.750805316418
33983,36.192789041480246,839.6599999995183,6714.802381516589
33984,36.192789041480246,839.6799999995183,6714.8539569551085
33985,36.192789041480246,839.6999999995182,6714.905531631947
33986,36.192789041480246,839.7199999995182,6714.957105547076
33987,36.192789041480246,839.7399999995182,6715.008678700465
33988,36.192789041480246,839.7599999995182,6715.060251092084
33989,36.192789041480246,839.7799999995182,6715.111822721904
33990,36.192789041480246,839.7999999995181,6715.163393589894
33991,36.192789041480246,839.8199999995181,6715.214963696026
33992,36.192789041480246,839.8399999995181,6715.266533040269
33993,36.192789041480246,839.8599999995181,6715.318101622593
33994,36.192789041480246,839.8799999995181,6715.369669443576
33995,36.192789041480246,839.8999999995181,6715.4212365057965
33996,36.192789041480246,839.919999999518,6715.472802809449
33997,36.192789041480246,839.939999999518,6715.524368354503
33998,36.14180111547038,839.959999999518,6715.575933140931
33999,36.14180111547038,839.979999999518,6715.627497168702
34000,36.14180111547038,839.999999999518,6715.6790604377875
34001,36.14180111547038,840.019999999518,6715.730622948159
34002,36.14180111547038,840.0399999995179,6715.782184699788
34003,36.14180111547038,840.0599999995179,6715.833745692643
34004,36.14180111547038,840.0799999995179,6715.885305926697
34005,36.14180111547038,840.0999999995179,6715.936865401919
34006,36.14180111547038,840.1199999995179,6715.988424118282
34007,36.14180111547038,840.1399999995178,6716.039982075755
34008,36.14180111547038,840.1599999995178,6716.09153927431
34009,36.14180111547038,840.1799999995178,6716.143095713917
34010,36.14180111547038,840.1999999995178,6716.194651394549
34011,36.14180111547038,840.2199999995178,6716.246206316174
34012,36.14180111547038,840.2399999995177,6716.297760478765
34013,36.14180111547038,840.2599999995177,6716.349313882291
34014,36.14180111547038,840.2799999995177,6716.400866526725
34015,36.14180111547038,840.2999999995177,6716.4524184120355
34016,36.14180111547038,840.3199999995177,6716.503969538196
34017,36.14180111547038,840.3399999995177,6716.555519905175
34018,36.14180111547038,840.3599999995176,6716.607069512945
34019,36.14180111547038,840.3799999995176,6716.658618361475
34020,36.14180111547038,840.3999999995176,6716.710166450738
34021,36.14180111547038,840.4199999995176,6716.761713780704
34022,36.14180111547038,840.4399999995176,6716.813260351343
34023,36.14180111547038,840.4599999995175,6716.864806162627
34024,36.14180111547038,840.4799999995175,6716.916351214527
34025,36.14180111547038,840.4999999995175,6716.967895507013
34026,36.14180111547038,840.5199999995175,6717.019439040057
34027,36.14180111547038,840.5399999995175,6717.070981813628
34028,36.14180111547038,840.5599999995175,6717.122523827699
34029,36.14180111547038,840.5799999995174,6717.17406508224
34030,36.14180111547038,840.5999999995174,6717.225605577222
34031,36.14180111547038,840.6199999995174,6717.277145312616
34032,36.14180111547038,840.6399999995174,6717.328684288392
34033,36.14180111547038,840.6599999995174,6717.380222504521
34034,36.14180111547038,840.6799999995173,6717.431759960975
34035,36.14180111547038,840.6999999995173,6717.483296657724
34036,36.14180111547038,840.7199999995173,6717.534832594739
34037,36.14180111547038,840.7399999995173,6717.586367771991
34038,36.14180111547038,840.7599999995173,6717.637902189451
34039,36.14180111547038,840.7799999995173,6717.689435847089
34040,36.14180111547038,840.7999999995172,6717.740968744877
34041,36.14180111547038,840.8199999995172,6717.792500882785
34042,36.14180111547038,840.8399999995172,6717.844032260785
34043,36.14180111547038,840.8599999995172,6717.895562878846
34044,36.14180111547038,840.8799999995172,6717.947092736941
34045,36.14180111547038,840.8999999995171,6717.998621835781
34046,36.14180111547038,840.9199999995171,6718.050150177573
34047,36.14180111547038,840.9399999995171,6718.101677762455
34048,36.14180111547038,840.9599999995171,6718.153204590398
34049,36.14180111547038,840.9799999995171,6718.204730661371
34050,36.14180111547038,840.9999999995171,6718.256255975347
34051,36.14180111547038,841.019999999517,6718.307780532295
34052,36.14180111547038,841.039999999517,6718.359304332186
34053,36.14180111547038,841.059999999517,6718.410827374992
34054,36.14180111547038,841.079999999517,6718.462349660681
34055,36.14180111547038,841.099999999517,6718.513871189226
34056,36.14180111547038,841.119999999517,6718.565391960597
34057,36.14180111547038,841.1399999995169,6718.616911974764
34058,36.14180111547038,841.1599999995169,6718.668431231698
34059,36.14180111547038,841.1799999995169,6718.71994973137
34060,36.14180111547038,841.1999999995169,6718.771467473751
34061,36.14180111547038,841.2199999995169,6718.82298445881
34062,36.14180111547038,841.2399999995168,6718.87450068652
34063,36.14180111547038,841.2599999995168,6718.926016156851
34064,36.14180111547038,841.2799999995168,6718.977530869773
34065,36.14180111547038,841.2999999995168,6719.029044825256
34066,36.14180111547038,841.3199999995168,6719.080558023273
34067,36.14180111547038,841.3399999995167,6719.132070463792
34068,36.14180111547038,841.3599999995167,6719.183582146785
34069,36.14180111547038,841.3799999995167,6719.235093072222
34070,36.14180111547038,841.3999999995167,6719.286603240075
34071,36.14180111547038,841.4199999995167,6719.3381126503145
34072,36.14180111547038,841.4399999995167,6719.38962130291
34073,36.14180111547038,841.4599999995166,6719.441129197833
34074,36.14180111547038,841.4799999995166,6719.492636335054
34075,36.14180111547038,841.4999999995166,6719.544142714543
34076,36.14180111547038,841.5199999995166,6719.595648336272
34077,36.14180111547038,841.5399999995166,6719.647153200211
34078,36.14180111547038,841.5599999995165,6719.69865730633
34079,36.14180111547038,841.5799999995165,6719.7501606546
34080,36.14180111547038,841.5999999995165,6719.801663244993
34081,36.14180111547038,841.6199999995165,6719.853165077478
34082,36.14180111547038,841.6399999995165,6719.904666152026
34083,36.14180111547038,841.6599999995165,6719.956166468609
34084,36.14180111547038,841.6799999995164,6720.007666027201
34085,36.14180111547038,841.6999999995164,6720.059164827889
34086,36.14180111547038,841.7199999995164,6720.110662870715
34087,36.14180111547038,841.7399999995164,6720.162160155649
34088,36.14180111547038,841.7599999995164,6720.21365668266
34089,36.14180111547038,841.7799999995163,6720.265152451719
34090,36.14180111547038,841.7999999995163,6720.316647462795
34091,36.14180111547038,841.8199999995163,6720.368141715858
34092,36.14180111547038,841.8399999995163,6720.4196352108775
34093,36.14180111547038,841.8599999995163,6720.471127947823
34094,36.14180111547038,841.8799999995163,6720.522619926665
34095,36.14180111547038,841.8999999995162,6720.5741111473735
34096,36.14180111547038,841.9199999995162,6720.625601610882
34097,36.14180111547038,841.9399999995162,6720.677091319337
34098,36.14180111547038,841.9599999995162,6720.728580272842
34099,36.14180111547038,841.9799999995162,6720.7800684713675
34100,36.14180111547038,841.9999999995161,6720.831555914883
34101,36.14180111547038,842.0199999995161,6720.883042603358
34102,36.14180111547038,842.0399999995161,6720.934528536763
34103,36.14180111547038,842.0599999995161,6720.986013715066
34104,36.14180111547038,842.0799999995161,6721.037498138239
34105,36.14180111547038,842.0999999995161,6721.0889818062515
34106,36.14180111547038,842.119999999516,6721.140464719072
34107,36.14180111547038,842.139999999516,6721.191946876671
34108,36.14180111547038,842.159999999516,6721.243428279018
34109,36.14180111547038,842.179999999516,6721.294908926083
34110,36.14180111547038,842.199999999516,6721.346388817836
34111,36.14180111547038,842.219999999516,6721.397867954246
34112,36.14180111547038,842.2399999995159,6721.449346335284
34113,36.14180111547038,842.2599999995159,6721.500823960919
34114,36.14180111547038,842.2799999995159,6721.55230083112
34115,36.14180111547038,842.2999999995159,6721.603776945858
34116,36.14180111547038,842.3199999995159,6721.655252305102
34117,36.14180111547038,842.3399999995158,6721.706726908823
34118,36.14180111547038,842.3599999995158,6721.758200756989
34119,36.14180111547038,842.3799999995158,6721.8096738495715
34120,36.14180111547038,842.3999999995158,6721.861146186539
34121,36.14180111547038,842.4199999995158,6721.912617767862
34122,36.14180111547038,842.4399999995157,6721.96408859351
34123,36.14180111547038,842.4599999995157,6722.015558663452
34124,36.14180111547038,842.4799999995157,6722.067027977659
34125,36.14180111547038,842.4999999995157,6722.1184965361
34126,36.14180111547038,842.5199999995157,6722.169964338746
34127,36.14180111547038,842.5399999995157,6722.221431385565
34128,36.14180111547038,842.5599999995156,6722.2728976765275
34129,36.14180111547038,842.5799999995156,6722.324363211604
34130,36.14180111547038,842.5999999995156,6722.375827990763
34131,36.14180111547038,842.6199999995156,6722.427292013976
34132,36.14180111547038,842.6399999995156,6722.478755281211
34133,36.14180111547038,842.6599999995155,6722.5302177924395
34134,36.14180111547038,842.6799999995155,6722.581679547629
34135,36.14180111547038,842.6999999995155,6722.633140546752
34136,36.14180111547038,842.7199999995155,6722.684600789776
34137,36.14180111547038,842.7399999995155,6722.736060276671
34138,36.14180111547038,842.7599999995155,6722.787519007408
34139,36.14180111547038,842.7799999995154,6722.838976981957
34140,36.14180111547038,842.7999999995154,6722.890434200286
34141,36.14180111547038,842.8199999995154,6722.941890662366
34142,36.14180111547038,842.8399999995154,6722.993346368166
34143,36.14180111547038,842.8599999995154,6723.044801317657
34144,36.14180111547038,842.8799999995153,6723.096255510809
34145,36.14180111547038,842.8999999995153,6723.14770894759
34146,36.14180111547038,842.9199999995153,6723.199161627971
34147,36.14180111547038,842.9399999995153,6723.250613553079
34148,36.14180111547038,842.9599999995153,6723.302064724906
34149,36.14180111547038,842.9799999995153,6723.353515143517
34150,36.14180111547038,842.9999999995152,6723.404964808883
34151,36.14180111547038,843.0199999995152,6723.456413720974
34152,36.14180111547038,843.0399999995152,6723.507861879759
34153,36.14180111547038,843.0599999995152,6723.559309285209
34154,36.14180111547038,843.0799999995152,6723.610755937293
34155,36.14180111547038,843.0999999995151,6723.662201835981
34156,36.14180111547038,843.1199999995151,6723.713646981244
34157,36.14180111547038,843.1399999995151,6723.76509137305
34158,36.14180111547038,843.1599999995151,6723.81653501137
34159,36.14180111547038,843.1799999995151,6723.867977896174
34160,36.14180111547038,843.1999999995151,6723.919420027431
34161,36.14180111547038,843.219999999515,6723.970861405112
34162,36.14180111547038,843.239999999515,6724.022302029187
34163,36.14180111547038,843.259999999515,6724.073741899625
34164,36.14180111547038,843.279999999515,6724.125181016397
34165,36.14180111547038,843.299999999515,6724.176619379471
34166,36.14180111547038,843.319999999515,6724.228056988819
34167,36.14180111547038,843.3399999995149,6724.279493844409
34168,36.14180111547038,843.3599999995149,6724.3309299462135
34169,36.14180111547038,843.3799999995149,6724.3823652942
34170,36.14180111547038,843.3999999995149,6724.433799888339
34171,36.14180111547038,843.4199999995149,6724.485233728601
34172,36.14180111547038,843.4399999995148,6724.536666814955
34173,36.14180111547038,843.4599999995148,6724.588099147372
34174,36.14180111547038,843.4799999995148,6724.639530725822
34175,36.14180111547038,843.4999999995148,6724.690961550274
34176,36.14180111547038,843.5199999995148,6724.742391620698
34177,36.14180111547038,843.5399999995147,6724.793820937064
34178,36.14180111547038,843.5599999995147,6724.845249499343
34179,36.14180111547038,843.5799999995147,6724.896677307503
34180,36.14180111547038,843.5999999995147,6724.948104361515
34181,36.14180111547038,843.6199999995147,6724.999530661349
34182,36.14180111547038,843.6399999995147,6725.050956206975
34183,36.14180111547038,843.6599999995146,6725.102380998362
34184,36.14180111547038,843.6799999995146,6725.15380503548
34185,36.14180111547038,843.6999999995146,6725.2052283183
34186,36.14180111547038,843.7199999995146,6725.256650846792
34187,36.14180111547038,843.7399999995146,6725.308072620925
34188,36.14180111547038,843.7599999995145,6725.359493640669
34189,36.14180111547038,843.7799999995145,6725.410913905994
34190,36.14180111547038,843.7999999995145,6725.46233341687
34191,36.14180111547038,843.8199999995145,6725.513752173267
34192,36.14180111547038,843.8399999995145,6725.565170175154
34193,36.14180111547038,843.8599999995145,6725.616587422503
34194,36.14180111547038,843.8799999995144,6725.668003915282
34195,36.14180111547038,843.8999999995144,6725.719419653461
34196,36.14180111547038,843.9199999995144,6725.770834637011
34197,36.14180111547038,843.9399999995144,6725.822248865901
34198,36.14180111547038,843.9599999995144,6725.873662341507
34199,36.14180111547038,843.9799999995143,6725.925075065739
34200,36.14180111547038,843.9999999995143,6725.976487038629
34201,36.14180111547038,844.0199999995143,6726.027898260146
34202,36.14180111547038,844.0399999995143,6726.079308730261
34203,36.14180111547038,844.0599999995143,6726.130718448945
34204,36.14180111547038,844.0799999995143,6726.182127416168
34205,36.09093279565757,844.0999999995142,6726.233535631901
34206,36.09093279565757,844.1199999995142,6726.284943096114
34207,36.09093279565757,844.1399999995142,6726.336349808778
34208,36.09093279565757,844.1599999995142,6726.387755769864
34209,36.09093279565757,844.1799999995142,6726.439160979342
34210,36.09093279565757,844.1999999995141,6726.490565437182
34211,36.09093279565757,844.2199999995141,6726.541969143355
34212,36.09093279565757,844.2399999995141,6726.593372097832
34213,36.09093279565757,844.2599999995141,6726.644774300583
34214,36.09093279565757,844.2799999995141,6726.696175751578
34215,36.09093279565757,844.2999999995141,6726.747576450789
34216,36.09093279565757,844.319999999514,6726.798976398186
34217,36.09093279565757,844.339999999514,6726.850375593739
34218,36.09093279565757,844.359999999514,6726.901774037419
34219,36.09093279565757,844.379999999514,6726.953171729197
34220,36.09093279565757,844.399999999514,6727.004568669043
34221,36.09093279565757,844.419999999514,6727.055964856927
34222,36.09093279565757,844.4399999995139,6727.107360292821
34223,36.09093279565757,844.4599999995139,6727.158754976695
34224,36.09093279565757,844.4799999995139,6727.210148908518
34225,36.09093279565757,844.4999999995139,6727.261542088262
34226,36.09093279565757,844.5199999995139,6727.312934515898
34227,36.09093279565757,844.5399999995138,6727.364326191396
34228,36.09093279565757,844.5599999995138,6727.415717114726
34229,36.09093279565757,844.5799999995138,6727.467107285859
34230,36.09093279565757,844.5999999995138,6727.518496704766
34231,36.09093279565757,844.6199999995138,6727.5698853714175
34232,36.09093279565757,844.6399999995137,6727.621273285783
34233,36.09093279565757,844.6599999995137,6727.672660447834
34234,36.09093279565757,844.6799999995137,6727.72404685754
34235,36.09093279565757,844.6999999995137,6727.7754325148735
34236,36.09093279565757,844.7199999995137,6727.826817419804
34237,36.09093279565757,844.7399999995137,6727.878201572301
34238,36.09093279565757,844.7599999995136,6727.929584972337
34239,36.09093279565757,844.7799999995136,6727.980967619881
34240,36.09093279565757,844.7999999995136,6728.032349514904
34241,36.09093279565757,844.8199999995136,6728.083730657377
34242,36.09093279565757,844.8399999995136,6728.13511104727
34243,36.09093279565757,844.8599999995135,6728.186490684554
34244,36.09093279565757,844.8799999995135,6728.2378695692
34245,36.09093279565757,844.8999999995135,6728.2892477011765
34246,36.09093279565757,844.9199999995135,6728.340625080456
34247,36.09093279565757,844.9399999995135,6728.3920017070095
34248,36.09093279565757,844.9599999995135,6728.443377580806
34249,36.09093279565757,844.9799999995134,6728.494752703277
34250,36.09093279565757,844.9999999995134,6728.546127076014
34251,36.09093279565757,845.0199999995134,6728.597500699006
34252,36.09093279565757,845.0399999995134,6728.648873572222
34253,36.09093279565757,845.0599999995134,6728.700245695635
34254,36.09093279565757,845.0799999995133,6728.751617069215
34255,36.09093279565757,845.0999999995133,6728.802987692933
34256,36.09093279565757,845.1199999995133,6728.85435756676
34257,36.09093279565757,845.1399999995133,6728.905726690667
34258,36.09093279565757,845.1599999995133,6728.957095064624
34259,36.09093279565757,845.1799999995133,6729.008462688603
34260,36.09093279565757,845.1999999995132,6729.059829562574
34261,36.09093279565757,845.2199999995132,6729.111195686509
34262,36.09093279565757,845.2399999995132,6729.162561060378
34263,36.09093279565757,845.2599999995132,6729.213925684152
34264,36.09093279565757,845.2799999995132,6729.265289557802
34265,36.09093279565757,845.2999999995131,6729.316652681298
34266,36.09093279565757,845.3199999995131,6729.368015054612
34267,36.09093279565757,845.3399999995131,6729.419376677715
34268,36.09093279565757,845.3599999995131,6729.470737550578
34269,36.09093279565757,845.3799999995131,6729.522097673171
34270,36.09093279565757,845.399999999513,6729.573457045464
34271,36.09093279565757,845.419999999513,6729.62481566743
34272,36.09093279565757,845.439999999513,6729.676173539039
34273,36.09093279565757,845.459999999513,6729.727530660262
34274,36.09093279565757,845.479999999513,6729.77888703107
34275,36.09093279565757,845.499999999513,6729.830242651433
34276,36.09093279565757,845.519999999513,6729.881597521323
34277,36.09093279565757,845.5399999995129,6729.93295164071
34278,36.09093279565757,845.5599999995129,6729.984305009565
34279,36.09093279565757,845.5799999995129,6730.035657627898
34280,36.09093279565757,845.5999999995129,6730.087009495792
34281,36.09093279565757,845.6199999995129,6730.138360613226
34282,36.09093279565757,845.6399999995128,6730.18971098017
34283,36.09093279565757,845.6599999995128,6730.241060596597
34284,36.09093279565757,845.6799999995128,6730.292409462477
34285,36.09093279565757,845.6999999995128,6730.343757577782
34286,36.09093279565757,845.7199999995128,6730.395104942482
34287,36.09093279565757,845.7399999995127,6730.44645155655
34288,36.09093279565757,845.7599999995127,6730.497797419955
34289,36.09093279565757,845.7799999995127,6730.549142532669
34290,36.09093279565757,845.7999999995127,6730.600486894664
34291,36.09093279565757,845.8199999995127,6730.65183050591
34292,36.09093279565757,845.8399999995127,6730.703173366379
34293,36.09093279565757,845.8599999995126,6730.754515476042
34294,36.09093279565757,845.8799999995126,6730.80585683487
34295,36.09093279565757,845.8999999995126,6730.857197442834
34296,36.09093279565757,845.9199999995126,6730.908537299906
34297,36.09093279565757,845.9399999995126,6730.9598764060565
34298,36.09093279565757,845.9599999995125,6731.011214761257
34299,36.09093279565757,845.9799999995125,6731.062552365498
34300,36.09093279565757,845.9999999995125,6731.11388922045
34301,36.09093279565757,846.0199999995125,6731.165225327604
34302,36.09093279565757,846.0399999995125,6731.216560686933
34303,36.09093279565757,846.0599999995125,6731.267895298407
34304,36.09093279565757,846.0799999995124,6731.319229161998
34305,36.09093279565757,846.0999999995124,6731.370562277677
34306,36.09093279565757,846.1199999995124,6731.421894645415
34307,36.09093279565757,846.1399999995124,6731.473226265183
34308,36.09093279565757,846.1599999995124,6731.524557136954
34309,36.09093279565757,846.1799999995123,6731.5758872606975
34310,36.09093279565757,846.1999999995123,6731.627216636386
34311,36.09093279565757,846.2199999995123,6731.67854526399
34312,36.09093279565757,846.2399999995123,6731.72987314348
34313,36.09093279565757,846.2599999995123,6731.78120027483
34314,36.09093279565757,846.2799999995123,6731.832526658009
34315,36.09093279565757,846.2999999995122,6731.883852292988
34316,36.09093279565757,846.3199999995122,6731.93517717974
34317,36.09093279565757,846.3399999995122,6731.986501318236
34318,36.09093279565757,846.3599999995122,6732.037824708446
34319,36.09093279565757,846.3799999995122,6732.089147350343
34320,36.09093279565757,846.3999999995121,6732.140469243897
34321,36.09093279565757,846.4199999995121,6732.19179038908
34322,36.09093279565757,846.4399999995121,6732.243110785863
34323,36.09093279565757,846.4599999995121,6732.294430434217
34324,36.09093279565757,846.4799999995121,6732.345749334114
34325,36.09093279565757,846.499999999512,6732.3970674855245
34326,36.09093279565757,846.519999999512,6732.44838488842
34327,36.09093279565757,846.539999999512,6732.4997015427725
34328,36.09093279565757,846.559999999512,6732.551017448553
34329,36.09093279565757,846.579999999512,6732.602332605732
34330,36.09093279565757,846.599999999512,6732.653647014282
34331,36.09093279565757,846.619999999512,6732.704960674173
34332,36.09093279565757,846.6399999995119,6732.756273585377
34333,36.09093279565757,846.6599999995119,6732.807585747865
34334,36.09093279565757,846.6799999995119,6732.858897161609
34335,36.09093279565757,846.6999999995119,6732.91020782658
34336,36.09093279565757,846.7199999995119,6732.961517742749
34337,36.09093279565757,846.7399999995118,6733.012826910087
34338,36.09093279565757,846.7599999995118,6733.064135328566
34339,36.09093279565757,846.7799999995118,6733.115442998158
34340,36.09093279565757,846.7999999995118,6733.1667499188325
34341,36.09093279565757,846.8199999995118,6733.218056090562
34342,36.09093279565757,846.8399999995117,6733.269361513317
34343,36.09093279565757,846.8599999995117,6733.320666187069
34344,36.09093279565757,846.8799999995117,6733.37197011179
34345,36.09093279565757,846.8999999995117,6733.423273287451
34346,36.09093279565757,846.9199999995117,6733.474575714023
34347,36.09093279565757,846.9399999995117,6733.5258773914775
34348,36.09093279565757,846.9599999995116,6733.577178319786
34349,36.09093279565757,846.9799999995116,6733.628478498919
34350,36.09093279565757,846.9999999995116,6733.679777928907
34351,36.09093279565757,847.0199999995116,6733.7310766115725
34352,36.09093279565757,847.0399999995116,6733.782374548217
34353,36.09093279565757,847.0599999995115,6733.833671738813
34354,36.09093279565757,847.0799999995115,6733.88496818333
34355,36.09093279565757,847.0999999995115,6733.936263881741
34356,36.09093279565757,847.1199999995115,6733.987558834016
34357,36.09093279565757,847.1399999995115,6734.038853040129
34358,36.09093279565757,847.1599999995115,6734.090146500048
34359,36.09093279565757,847.1799999995114,6734.141439213746
34360,36.09093279565757,847.1999999995114,6734.192731181194
34361,36.09093279565757,847.2199999995114,6734.244022402364
34362,36.09093279565757,847.2399999995114,6734.295312877227
34363,36.09093279565757,847.2599999995114,6734.346602605754
34364,36.09093279565757,847.2799999995113,6734.397891587917
34365,36.09093279565757,847.2999999995113,6734.449179823687
34366,36.09093279565757,847.3199999995113,6734.500467313035
34367,36.09093279565757,847.3399999995113,6734.551754055933
34368,36.09093279565757,847.3599999995113,6734.603040052352
34369,36.09093279565757,847.3799999995113,6734.654325302265
34370,36.09093279565757,847.3999999995112,6734.70560980564
34371,36.09093279565757,847.4199999995112,6734.756893562451
34372,36.09093279565757,847.4399999995112,6734.808176572669
34373,36.09093279565757,847.4599999995112,6734.859458836265
34374,36.09093279565757,847.4799999995112,6734.91074035321
34375,36.09093279565757,847.4999999995111,6734.962021123475
34376,36.09093279565757,847.5199999995111,6735.0133011470325
34377,36.09093279565757,847.5399999995111,6735.064580423853
34378,36.09093279565757,847.5599999995111,6735.115858953908
34379,36.09093279565757,847.5799999995111,6735.16713673717
34380,36.09093279565757,847.599999999511,6735.218413773609
34381,36.09093279565757,847.619999999511,6735.269690063197
34382,36.09093279565757,847.639999999511,6735.320965605905
34383,36.09093279565757,847.659999999511,6735.372240401704
34384,36.09093279565757,847.679999999511,6735.4235144505665
34385,36.09093279565757,847.699999999511,6735.474787752463
34386,36.09093279565757,847.719999999511,6735.526060307366
34387,36.09093279565757,847.7399999995109,6735.577332115245
34388,36.09093279565757,847.7599999995109,6735.628603176072
34389,36.09093279565757,847.7799999995109,6735.679873489819
34390,36.09093279565757,847.7999999995109,6735.731143056458
34391,36.09093279565757,847.8199999995109,6735.782411875959
34392,36.09093279565757,847.8399999995108,6735.833679948294
34393,36.09093279565757,847.8599999995108,6735.884947273434
34394,36.09093279565757,847.8799999995108,6735.93621385135
34395,36.09093279565757,847.8999999995108,6735.987479682014
34396,36.09093279565757,847.9199999995108,6736.0387447653975
34397,36.09093279565757,847.9399999995107,6736.090009101472
34398,36.09093279565757,847.9599999995107,6736.141272690208
34399,36.09093279565757,847.9799999995107,6736.192535531578
34400,36.09093279565757,847.9999999995107,6736.243797625552
34401,36.09093279565757,848.0199999995107,6736.295058972202
34402,36.09093279565757,848.0399999995107,6736.346319573575
34403,36.09093279565757,848.0599999995106,6736.397579430821
34404,36.09093279565757,848.0799999995106,6736.448838543912
34405,36.09093279565757,848.0999999995106,6736.500096912819
34406,36.09093279565757,848.1199999995106,6736.551354537513
34407,36.09093279565757,848.1399999995106,6736.602611417968
34408,36.09093279565757,848.1599999995105,6736.6538675541515
34409,36.09093279565757,848.1799999995105,6736.705122946038
34410,36.09093279565757,848.1999999995105,6736.756377593596
34411,36.09093279565757,848.2199999995105,6736.807631496799
34412,36.09093279565757,848.2399999995105,6736.858884655618
34413,36.040183689613116,848.2599999995105,6736.910137070024
34414,36.040183689613116,848.2799999995104,6736.961388739987
34415,36.040183689613116,848.2999999995104,6737.0126396654805
34416,36.040183689613116,848.3199999995104,6737.063889846475
34417,36.040183689613116,848.3399999995104,6737.1151392829415
34418,36.040183689613116,848.3599999995104,6737.166387974852
34419,36.040183689613116,848.3799999995103,6737.217635922178
34420,36.040183689613116,848.3999999995103,6737.268883124889
34421,36.040183689613116,848.4199999995103,6737.320129582958
34422,36.040183689613116,848.4399999995103,6737.371375296356
34423,36.040183689613116,848.4599999995103,6737.422620265054
34424,36.040183689613116,848.4799999995103,6737.473864489024
34425,36.040183689613116,848.4999999995102,6737.525107968237
34426,36.040183689613116,848.5199999995102,6737.576350702663
34427,36.040183689613116,848.5399999995102,6737.627592692275
34428,36.040183689613116,848.5599999995102,6737.678833937044
34429,36.040183689613116,848.5799999995102,6737.730074436941
34430,36.040183689613116,848.5999999995101,6737.781314191939
34431,36.040183689613116,848.6199999995101,6737.832553202006
34432,36.040183689613116,848.6399999995101,6737.883791467117
34433,36.040183689613116,848.6599999995101,6737.93502898724
34434,36.040183689613116,848.6799999995101,6737.986265762349
34435,36.040183689613116,848.69999999951,6738.037501792413
34436,36.040183689613116,848.71999999951,6738.088737077405
34437,36.040183689613116,848.73999999951,6738.139971617296
34438,36.040183689613116,848.75999999951,6738.191205412058
34439,36.040183689613116,848.77999999951,6738.242438461661
34440,36.040183689613116,848.79999999951,6738.2936707660765
34441,36.040183689613116,848.81999999951,6738.344902325277
34442,36.040183689613116,848.8399999995099,6738.396133139233
34443,36.040183689613116,848.8599999995099,6738.447363207915
34444,36.040183689613116,848.8799999995099,6738.498592531296
34445,36.040183689613116,848.8999999995099,6738.549821109346
34446,36.040183689613116,848.9199999995099,6738.601048942038
34447,36.040183689613116,848.9399999995098,6738.652276029341
34448,36.040183689613116,848.9599999995098,6738.703502371228
34449,36.040183689613116,848.9799999995098,6738.75472796767
34450,36.040183689613116,848.9999999995098,6738.805952818639
34451,36.040183689613116,849.0199999995098,6738.857176924104
34452,36.040183689613116,849.0399999995097,6738.9084002841655
34453,36.040183689613116,849.0599999995097,6738.9596229008175
34454,36.040183689613116,849.0799999995097,6739.010844774921
34455,36.040183689613116,849.0999999995097,6739.062065906448
34456,36.040183689613116,849.1199999995097,6739.113286295369
34457,36.040183689613116,849.1399999995097,6739.164505941656
34458,36.040183689613116,849.1599999995096,6739.21572484528
34459,36.040183689613116,849.1799999995096,6739.266943006213
34460,36.040183689613116,849.1999999995096,6739.3181604244255
34461,36.040183689613116,849.2199999995096,6739.369377099889
34462,36.040183689613116,849.2399999995096,6739.420593032574
34463,36.040183689613116,849.2599999995095,6739.471808222453
34464,36.040183689613116,849.2799999995095,6739.523022669496
34465,36.040183689613116,849.2999999995095,6739.574236373675
34466,36.040183689613116,849.3199999995095,6739.625449334962
34467,36.040183689613116,849.3399999995095,6739.676661553327
34468,36.040183689613116,849.3599999995095,6739.727873028742
34469,36.040183689613116,849.3799999995094,6739.779083761177
34470,36.040183689613116,849.3999999995094,6739.830293750606
34471,36.040183689613116,849.4199999995094,6739.881502996998
34472,36.040183689613116,849.4399999995094,6739.932711500325
34473,36.040183689613116,849.4599999995094,6739.983919260559
34474,36.040183689613116,849.4799999995093,6740.035126277704
34475,36.040183689613116,849.4999999995093,6740.086332551835
34476,36.040183689613116,849.5199999995093,6740.1375380829295
34477,36.040183689613116,849.5399999995093,6740.18874287096
34478,36.040183689613116,849.5599999995093,6740.239946915896
34479,36.040183689613116,849.5799999995093,6740.29115021771
34480,36.040183689613116,849.5999999995092,6740.342352776373
34481,36.040183689613116,849.6199999995092,6740.393554591857
34482,36.040183689613116,849.6399999995092,6740.444755664131
34483,36.040183689613116,849.6599999995092,6740.495955993167
34484,36.040183689613116,849.6799999995092,6740.547155578936
34485,36.040183689613116,849.6999999995091,6740.5983544214105
34486,36.040183689613116,849.7199999995091,6740.649552520561
34487,36.040183689613116,849.7399999995091,6740.700749876358
34488,36.040183689613116,849.7599999995091,6740.751946488773
34489,36.040183689613116,849.7799999995091,6740.803142357777
34490,36.040183689613116,849.799999999509,6740.854337483342
34491,36.040183689613116,849.819999999509,6740.905531865437
34492,36.040183689613116,849.839999999509,6740.956725504036
34493,36.040183689613116,849.859999999509,6741.007918399108
34494,36.040183689613116,849.879999999509,6741.0591105506255
34495,36.040183689613116,849.899999999509,6741.110301958559
34496,36.040183689613116,849.919999999509,6741.16149262288
34497,36.040183689613116,849.9399999995089,6741.21268254356
34498,36.040183689613116,849.9599999995089,6741.263871720569
34499,36.040183689613116,849.9799999995089,6741.315060153879
34500,36.040183689613116,849.9999999995089,6741.366247843461
34501,36.040183689613116,850.0199999995089,6741.417434789286
34502,36.040183689613116,850.0399999995088,6741.468620991325
34503,36.040183689613116,850.0599999995088,6741.51980644972
34504,36.040183689613116,850.0799999995088,6741.570991166716
34505,36.040183689613116,850.0999999995088,6741.622175143031
34506,36.040183689613116,850.1199999995088,6741.673358378635
34507,36.040183689613116,850.1399999995087,6741.724540873501
34508,36.040183689613116,850.1599999995087,6741.775722627598
34509,36.040183689613116,850.1799999995087,6741.826903640899
34510,36.040183689613116,850.1999999995087,6741.878083913375
34511,36.040183689613116,850.2199999995087,6741.929263444997
34512,36.040183689613116,850.2399999995087,6741.980442235736
34513,36.040183689613116,850.2599999995086,6742.031620285562
34514,36.040183689613116,850.2799999995086,6742.0827975944485
34515,36.040183689613116,850.2999999995086,6742.133974162365
34516,36.040183689613116,850.3199999995086,6742.185149989284
34517,36.040183689613116,850.3399999995086,6742.236325075175
34518,36.040183689613116,850.3599999995085,6742.28749942001
34519,36.040183689613116,850.3799999995085,6742.338673023761
34520,36.040183689613116,850.3999999995085,6742.389845886398
34521,36.040183689613116,850.4199999995085,6742.441018007893
34522,36.040183689613116,850.4399999995085,6742.492189388217
34523,36.040183689613116,850.4599999995085,6742.543360027342
34524,36.040183689613116,850.4799999995084,6742.594529925237
34525,36.040183689613116,850.4999999995084,6742.645699081875
34526,36.040183689613116,850.5199999995084,6742.696867497227
34527,36.040183689613116,850.5399999995084,6742.748035171264
34528,36.040183689613116,850.5599999995084,6742.799202103956
34529,36.040183689613116,850.5799999995083,6742.850368295276
34530,36.040183689613116,850.5999999995083,6742.901533745195
34531,36.040183689613116,850.6199999995083,6742.952698453683
34532,36.040183689613116,850.6399999995083,6743.003862420713
34533,36.040183689613116,850.6599999995083,6743.055025646254
34534,36.040183689613116,850.6799999995083,6743.1061881302785
34535,36.040183689613116,850.6999999995082,6743.157349872758
34536,36.040183689613116,850.7199999995082,6743.208510873662
34537,36.040183689613116,850.7399999995082,6743.259671132963
34538,36.040183689613116,850.7599999995082,6743.310830650633
34539,36.040183689613116,850.7799999995082,6743.361989426642
34540,36.040183689613116,850.7999999995081,6743.413147460961
34541,36.040183689613116,850.8199999995081,6743.464304753563
34542,36.040183689613116,850.8399999995081,6743.515461304417
34543,36.040183689613116,850.8599999995081,6743.566617113495
34544,36.040183689613116,850.8799999995081,6743.617772180769
34545,36.040183689613116,850.899999999508,6743.668926506209
34546,36.040183689613116,850.919999999508,6743.720080089786
34547,36.040183689613116,850.939999999508,6743.771232931473
34548,36.040183689613116,850.959999999508,6743.82238503124
34549,36.040183689613116,850.979999999508,6743.873536389057
34550,36.040183689613116,850.999999999508,6743.924687004897
34551,36.040183689613116,851.019999999508,6743.975836878732
34552,36.040183689613116,851.0399999995079,6744.026986010531
34553,36.040183689613116,851.0599999995079,6744.078134400266
34554,36.040183689613116,851.0799999995079,6744.129282048117
34555,36.040183689613116,851.0999999995079,6744.180428956482
34556,36.040183689613116,851.1199999995079,6744.23157512589
34557,36.040183689613116,851.1399999995078,6744.282720556314
34558,36.040183689613116,851.1599999995078,6744.333865247724
34559,36.040183689613116,851.1799999995078,6744.385009200092
34560,36.040183689613116,851.1999999995078,6744.436152413388
34561,36.040183689613116,851.2199999995078,6744.4872948875845
34562,36.040183689613116,851.2399999995077,6744.538436622652
34563,36.040183689613116,851.2599999995077,6744.589577618561
34564,36.040183689613116,851.2799999995077,6744.640717875283
34565,36.040183689613116,851.2999999995077,6744.691857392791
34566,36.040183689613116,851.3199999995077,6744.742996171054
34567,36.040183689613116,851.3399999995077,6744.794134210044
34568,36.040183689613116,851.3599999995076,6744.845271509733
34569,36.040183689613116,851.3799999995076,6744.896408070091
34570,36.040183689613116,851.3999999995076,6744.9475438910895
34571,36.040183689613116,851.4199999995076,6744.9986789727
34572,36.040183689613116,851.4399999995076,6745.049813314893
34573,36.040183689613116,851.4599999995075,6745.100946917641
34574,36.040183689613116,851.4799999995075,6745.1520797809135
34575,36.040183689613116,851.4999999995075,6745.203211904683
34576,36.040183689613116,851.5199999995075,6745.25434328892
34577,36.040183689613116,851.5399999995075,6745.305473933596
34578,36.040183689613116,851.5599999995075,6745.356603838682
34579,36.040183689613116,851.5799999995074,6745.407733004148
34580,36.040183689613116,851.5999999995074,6745.458861429967
34581,36.040183689613116,851.6199999995074,6745.509989116111
34582,36.040183689613116,851.6399999995074,6745.5611160625485
34583,36.040183689613116,851.6599999995074,6745.612242269252
34584,36.040183689613116,851.6799999995073,6745.663367736193
34585,36.040183689613116,851.6999999995073,6745.714492463343
34586,36.040183689613116,851.7199999995073,6745.7656164506725
34587,36.040183689613116,851.7399999995073,6745.816739698153
34588,36.040183689613116,851.7599999995073,6745.867862205755
34589,36.040183689613116,851.7799999995073,6745.91898397345
34590,36.040183689613116,851.7999999995072,6745.97010500121
34591,36.040183689613116,851.8199999995072,6746.021225289005
34592,36.040183689613116,851.8399999995072,6746.072344836807
34593,36.040183689613116,851.8599999995072,6746.123463644587
34594,36.040183689613116,851.8799999995072,6746.1745817123165
34595,36.040183689613116,851.8999999995071,6746.2256990399665
34596,36.040183689613116,851.9199999995071,6746.276815627508
34597,36.040183689613116,851.9399999995071,6746.327931474912
34598,36.040183689613116,851.9599999995071,6746.379046582149
34599,36.040183689613116,851.9799999995071,6746.430160949192
34600,36.040183689613116,851.999999999507,6746.481274576012
34601,36.040183689613116,852.019999999507,6746.532387462579
34602,36.040183689613116,852.039999999507,6746.583499608865
34603,36.040183689613116,852.059999999507,6746.634611014841
34604,36.040183689613116,852.079999999507,6746.685721680477
34605,36.040183689613116,852.099999999507,6746.736831606002
34606,36.040183689613116,852.119999999507,6746.787940794067
34607,36.040183689613116,852.1399999995069,6746.839049245029
34608,36.040183689613116,852.1599999995069,6746.890156958858
34609,36.040183689613116,852.1799999995069,6746.941263935526
34610,36.040183689613116,852.1999999995069,6746.992370175003
34611,36.040183689613116,852.2199999995069,6747.043475677261
34612,36.040183689613116,852.2399999995068,6747.09458044227
34613,36.040183689613116,852.2599999995068,6747.1456844700015
34614,36.040183689613116,852.2799999995068,6747.196787760427
34615,36.040183689613116,852.2999999995068,6747.247890313516
34616,36.040183689613116,852.3199999995068,6747.29899212924
34617,36.040183689613116,852.3399999995067,6747.35009320757
34618,36.040183689613116,852.3599999995067,6747.401193548479
34619,36.040183689613116,852.3799999995067,6747.452293151935
34620,36.040183689613116,852.3999999995067,6747.50339201791
34621,36.040183689613116,852.4199999995067,6747.554490146375
34622,35.98955340656229,852.4399999995067,6747.605587537302
34623,35.98955340656229,852.4599999995066,6747.656684190661
34624,35.98955340656229,852.4799999995066,6747.707780106422
34625,35.98955340656229,852.4999999995066,6747.758875284559
34626,35.98955340656229,852.5199999995066,6747.809969725039
34627,35.98955340656229,852.5399999995066,6747.861063427836
34628,35.98955340656229,852.5599999995065,6747.912156392919
34629,35.98955340656229,852.5799999995065,6747.963248620261
34630,35.98955340656229,852.5999999995065,6748.014340109831
34631,35.98955340656229,852.6199999995065,6748.065430861602
34632,35.98955340656229,852.6399999995065,6748.116520875544
34633,35.98955340656229,852.6599999995065,6748.167610151627
34634,35.98955340656229,852.6799999995064,6748.218698689823
34635,35.98955340656229,852.6999999995064,6748.269786490103
34636,35.98955340656229,852.7199999995064,6748.320873552438
34637,35.98955340656229,852.7399999995064,6748.371959876798
34638,35.98955340656229,852.7599999995064,6748.423045463156
34639,35.98955340656229,852.7799999995063,6748.4741303114815
34640,35.98955340656229,852.7999999995063,6748.525214421746
34641,35.98955340656229,852.8199999995063,6748.576297793919
34642,35.98955340656229,852.8399999995063,6748.627380427974
34643,35.98955340656229,852.8599999995063,6748.678462323879
34644,35.98955340656229,852.8799999995063,6748.729543481608
34645,35.98955340656229,852.8999999995062,6748.78062390113
34646,35.98955340656229,852.9199999995062,6748.831703582417
34647,35.98955340656229,852.9399999995062,6748.882782525438
34648,35.98955340656229,852.9599999995062,6748.933860730167
34649,35.98955340656229,852.9799999995062,6748.984938196573
34650,35.98955340656229,852.9999999995061,6749.036014924628
34651,35.98955340656229,853.0199999995061,6749.087090914302
34652,35.98955340656229,853.0399999995061,6749.138166165567
34653,35.98955340656229,853.0599999995061,6749.189240678393
34654,35.98955340656229,853.0799999995061,6749.240314452751
34655,35.98955340656229,853.099999999506,6749.291387488613
34656,35.98955340656229,853.119999999506,6749.342459786279
34657,35.98955340656229,853.139999999506,6749.393531348163
34658,35.98955340656229,853.159999999506,6749.444602174472
34659,35.98955340656229,853.179999999506,6749.495672265174
34660,35.98955340656229,853.199999999506,6749.546741620242
34661,35.98955340656229,853.219999999506,6749.597810239647
34662,35.98955340656229,853.2399999995059,6749.648878123358
34663,35.98955340656229,853.2599999995059,6749.699945271348
34664,35.98955340656229,853.2799999995059,6749.751011683586
34665,35.98955340656229,853.2999999995059,6749.802077360043
34666,35.98955340656229,853.3199999995059,6749.853142300691
34667,35.98955340656229,853.3399999995058,6749.9042065055
34668,35.98955340656229,853.3599999995058,6749.955269974441
34669,35.98955340656229,853.3799999995058,6750.006332707488
34670,35.98955340656229,853.3999999995058,6750.057394704688
34671,35.98955340656229,853.4199999995058,6750.108455966066
34672,35.98955340656229,853.4399999995057,6750.159516491593
34673,35.98955340656229,853.4599999995057,6750.2105762812425
34674,35.98955340656229,853.4799999995057,6750.261635334984
34675,35.98955340656229,853.4999999995057,6750.31269365279
34676,35.98955340656229,853.5199999995057,6750.363751234632
34677,35.98955340656229,853.5399999995057,6750.4148080804825
34678,35.98955340656229,853.5599999995056,6750.4658641903125
34679,35.98955340656229,853.5799999995056,6750.516919564095
34680,35.98955340656229,853.5999999995056,6750.5679742018
34681,35.98955340656229,853.6199999995056,6750.6190281034005
34682,35.98955340656229,853.6399999995056,6750.670081268868
34683,35.98955340656229,853.6599999995055,6750.721133698173
34684,35.98955340656229,853.6799999995055,6750.772185391288
34685,35.98955340656229,853.6999999995055,6750.823236348186
34686,35.98955340656229,853.7199999995055,6750.874286568837
34687,35.98955340656229,853.7399999995055,6750.925336053214
34688,35.98955340656229,853.7599999995055,6750.976384801288
34689,35.98955340656229,853.7799999995054,6751.027432813031
34690,35.98955340656229,853.7999999995054,6751.078480088415
34691,35.98955340656229,853.8199999995054,6751.129526627411
34692,35.98955340656229,853.8399999995054,6751.180572429991
34693,35.98955340656229,853.8599999995054,6751.231617496127
34694,35.98955340656229,853.8799999995053,6751.2826618257905
34695,35.98955340656229,853.8999999995053,6751.333705418953
34696,35.98955340656229,853.9199999995053,6751.384748275587
34697,35.98955340656229,853.9399999995053,6751.435790395664
34698,35.98955340656229,853.9599999995053,6751.486831779156
34699,35.98955340656229,853.9799999995053,6751.5378724260345
34700,35.98955340656229,853.9999999995052,6751.58891233627
34701,35.98955340656229,854.0199999995052,6751.6399515098365
34702,35.98955340656229,854.0399999995052,6751.690989946704
34703,35.98955340656229,854.0599999995052,6751.742027646845
34704,35.98955340656229,854.0799999995052,6751.79306461023
34705,35.98955340656229,854.0999999995051,6751.844100836834
34706,35.98955340656229,854.1199999995051,6751.895136326625
34707,35.98955340656229,854.1399999995051,6751.946171080109
34708,35.98955340656229,854.1599999995051,6751.997205099667
34709,35.98955340656229,854.1799999995051,6752.048238385479
34710,35.98955340656229,854.199999999505,6752.099270937518
34711,35.98955340656229,854.219999999505,6752.150302755756
34712,35.98955340656229,854.239999999505,6752.201333840163
34713,35.98955340656229,854.259999999505,6752.252364190713
34714,35.98955340656229,854.279999999505,6752.303393807377
34715,35.98955340656229,854.299999999505,6752.354422690127
34716,35.98955340656229,854.319999999505,6752.4054508389345
34717,35.98955340656229,854.3399999995049,6752.456478253772
34718,35.98955340656229,854.3599999995049,6752.507504934611
34719,35.98955340656229,854.3799999995049,6752.5585308814225
34720,35.98955340656229,854.3999999995049,6752.60955609418
34721,35.98955340656229,854.4199999995049,6752.660580572855
34722,35.98955340656229,854.4399999995048,6752.711604317418
34723,35.98955340656229,854.4599999995048,6752.762627327843
34724,35.98955340656229,854.4799999995048,6752.8136496041
34725,35.98955340656229,854.4999999995048,6752.8646711461615
34726,35.98955340656229,854.5199999995048,6752.915691954
34727,35.98955340656229,854.5399999995047,6752.966712027586
34728,35.98955340656229,854.5599999995047,6753.017731366893
34729,35.98955340656229,854.5799999995047,6753.0687499718915
34730,35.98955340656229,854.5999999995047,6753.119767842554
34731,35.98955340656229,854.6199999995047,6753.170784978853
34732,35.98955340656229,854.6399999995047,6753.221801380759
34733,35.98955340656229,854.6599999995046,6753.272817048244
34734,35.98955340656229,854.6799999995046,6753.323831981281
34735,35.98955340656229,854.6999999995046,6753.374846179841
34736,35.98955340656229,854.7199999995046,6753.425859643897
34737,35.98955340656229,854.7399999995046,6753.47687237342
34738,35.98955340656229,854.7599999995045,6753.527884368381
34739,35.98955340656229,854.7799999995045,6753.578895628753
34740,35.98955340656229,854.7999999995045,6753.629906154508
34741,35.98955340656229,854.8199999995045,6753.680915945617
34742,35.98955340656229,854.8399999995045,6753.731925002053
34743,35.98955340656229,854.8599999995045,6753.782933323787
34744,35.98955340656229,854.8799999995044,6753.83394091079
34745,35.98955340656229,854.8999999995044,6753.884947763036
34746,35.98955340656229,854.9199999995044,6753.935953880496
34747,35.98955340656229,854.9399999995044,6753.986959263141
34748,35.98955340656229,854.9599999995044,6754.037963910944
34749,35.98955340656229,854.9799999995043,6754.088967823876
34750,35.98955340656229,854.9999999995043,6754.13997100191
34751,35.98955340656229,855.0199999995043,6754.190973445017
34752,35.98955340656229,855.0399999995043,6754.24197515317
34753,35.98955340656229,855.0599999995043,6754.2929761263385
34754,35.98955340656229,855.0799999995043,6754.3439763644965
34755,35.98955340656229,855.0999999995042,6754.394975867615
34756,35.98955340656229,855.1199999995042,6754.445974635666
34757,35.98955340656229,855.1399999995042,6754.496972668621
34758,35.98955340656229,855.1599999995042,6754.547969967172
34759,35.98955340656229,855.1799999995042,6754.5989665335555
34760,35.98955340656229,855.1999999995041,6754.649962367916
34761,35.98955340656229,855.2199999995041,6754.700957470223
34762,35.98955340656229,855.2399999995041,6754.7519518404515
34763,35.98955340656229,855.2599999995041,6754.802945478572
34764,35.98955340656229,855.2799999995041,6754.853938384556
34765,35.98955340656229,855.299999999504,6754.904930558377
34766,35.98955340656229,855.319999999504,6754.955922000006
34767,35.98955340656229,855.339999999504,6755.006912709414
34768,35.98955340656229,855.359999999504,6755.057902686574
34769,35.98955340656229,855.379999999504,6755.108891931459
34770,35.98955340656229,855.399999999504,6755.159880444039
34771,35.98955340656229,855.419999999504,6755.210868224287
34772,35.98955340656229,855.4399999995039,6755.261855272174
34773,35.98955340656229,855.4599999995039,6755.312841587674
34774,35.98955340656229,855.4799999995039,6755.363827170756
34775,35.98955340656229,855.4999999995039,6755.414812021394
34776,35.98955340656229,855.5199999995039,6755.46579613956
34777,35.98955340656229,855.5399999995038,6755.516779525225
34778,35.98955340656229,855.5599999995038,6755.567762178361
34779,35.98955340656229,855.5799999995038,6755.61874409894
34780,35.98955340656229,855.5999999995038,6755.669725286934
34781,35.98955340656229,855.6199999995038,6755.720705742316
34782,35.98955340656229,855.6399999995037,6755.771685465056
34783,35.98955340656229,855.6599999995037,6755.822664455128
34784,35.98955340656229,855.6799999995037,6755.873642712502
34785,35.98955340656229,855.6999999995037,6755.924620237151
34786,35.98955340656229,855.7199999995037,6755.975597029048
34787,35.98955340656229,855.7399999995037,6756.026573088163
34788,35.98955340656229,855.7599999995036,6756.077548414469
34789,35.98955340656229,855.7799999995036,6756.1285230079375
34790,35.98955340656229,855.7999999995036,6756.179496868541
34791,35.98955340656229,855.8199999995036,6756.230469996251
34792,35.98955340656229,855.8399999995036,6756.281442391039
34793,35.98955340656229,855.8599999995035,6756.332414052877
34794,35.98955340656229,855.8799999995035,6756.383384981737
34795,35.98955340656229,855.8999999995035,6756.434355177593
34796,35.98955340656229,855.9199999995035,6756.485324640415
34797,35.98955340656229,855.9399999995035,6756.5362933701745
34798,35.98955340656229,855.9599999995035,6756.587261366844
34799,35.98955340656229,855.9799999995034,6756.638228630396
34800,35.98955340656229,855.9999999995034,6756.689195160802
34801,35.98955340656229,856.0199999995034,6756.740160958034
34802,35.98955340656229,856.0399999995034,6756.7911260220635
34803,35.98955340656229,856.0599999995034,6756.842090352863
34804,35.98955340656229,856.0799999995033,6756.8930539504045
34805,35.98955340656229,856.0999999995033,6756.94401681466
34806,35.98955340656229,856.1199999995033,6756.994978945601
34807,35.98955340656229,856.1399999995033,6757.0459403432005
34808,35.98955340656229,856.1599999995033,6757.096901007429
34809,35.98955340656229,856.1799999995033,6757.1478609392025
34810,35.98955340656229,856.1999999995032,6757.198820140702
34811,35.98955340656229,856.2199999995032,6757.249778612039
34812,35.98955340656229,856.2399999995032,6757.300736353185
34813,35.98955340656229,856.2599999995032,6757.351693364112
34814,35.98955340656229,856.2799999995032,6757.402649644793
34815,35.98955340656229,856.2999999995031,6757.453605195199
34816,35.98955340656229,856.3199999995031,6757.504560015302
34817,35.98955340656229,856.3399999995031,6757.555514105074
34818,35.98955340656229,856.3599999995031,6757.606467464486
34819,35.98955340656229,856.3799999995031,6757.657420093511
34820,35.98955340656229,856.399999999503,6757.70837199212
34821,35.98955340656229,856.419999999503,6757.759323160286
34822,35.98955340656229,856.439999999503,6757.81027359798
34823,35.98955340656229,856.459999999503,6757.8612233051745
34824,35.98955340656229,856.479999999503,6757.912172281841
34825,35.98955340656229,856.499999999503,6757.963120527951
34826,35.98955340656229,856.5199999995029,6758.014068043477
34827,35.98955340656229,856.5399999995029,6758.065014828391
34828,35.98955340656229,856.5599999995029,6758.115960882665
34829,35.98955340656229,856.5799999995029,6758.16690620627
34830,35.98955340656229,856.5999999995029,6758.217850799178
34831,35.939041557375624,856.6199999995029,6758.268794661362
34832,35.939041557375624,856.6399999995028,6758.319737792794
34833,35.939041557375624,856.6599999995028,6758.370680193444
34834,35.939041557375624,856.6799999995028,6758.4216218632855
34835,35.939041557375624,856.6999999995028,6758.47256280229
34836,35.939041557375624,856.7199999995028,6758.523503010429
34837,35.939041557375624,856.7399999995027,6758.574442487675
34838,35.939041557375624,856.7599999995027,6758.625381233999
34839,35.939041557375624,856.7799999995027,6758.6763192493745
34840,35.939041557375624,856.7999999995027,6758.727256533772
34841,35.939041557375624,856.8199999995027,6758.778193087163
34842,35.939041557375624,856.8399999995027,6758.829128909521
34843,35.939041557375624,856.8599999995026,6758.880064000818
34844,35.939041557375624,856.8799999995026,6758.930998361024
34845,35.939041557375624,856.8999999995026,6758.981931990112
34846,35.939041557375624,856.9199999995026,6759.032864888053
34847,35.939041557375624,856.9399999995026,6759.08379705482
34848,35.939041557375624,856.9599999995025,6759.134728490385
34849,35.939041557375624,856.9799999995025,6759.185659194719
34850,35.939041557375624,856.9999999995025,6759.236589167795
34851,35.939041557375624,857.0199999995025,6759.287518409584
34852,35.939041557375624,857.0399999995025,6759.338446920058
34853,35.939041557375624,857.0599999995025,6759.38937469919
34854,35.939041557375624,857.0799999995024,6759.44030174695
34855,35.939041557375624,857.0999999995024,6759.491228063312
34856,35.939041557375624,857.1199999995024,6759.542153648245
34857,35.939041557375624,857.1399999995024,6759.593078501724
34858,35.939041557375624,857.1599999995024,6759.64400262372
34859,35.939041557375624,857.1799999995023,6759.694926014204
34860,35.939041557375624,857.1999999995023,6759.745848674174
34861,35.939041557375624,857.2199999995023,6759.796770605455
34862,35.939041557375624,857.2399999995023,6759.84769180811
34863,35.939041557375624,857.2599999995023,6759.89861228211
34864,35.939041557375624,857.2799999995023,6759.949532027426
34865,35.939041557375624,857.2999999995022,6760.000451044032
34866,35.939041557375624,857.3199999995022,6760.051369332003
34867,35.939041557375624,857.3399999995022,6760.102286891409
34868,35.939041557375624,857.3599999995022,6760.153203722222
34869,35.939041557375624,857.3799999995022,6760.204119824415
34870,35.939041557375624,857.3999999995021,6760.255035197959
34871,35.939041557375624,857.4199999995021,6760.305949842825
34872,35.939041557375624,857.4399999995021,6760.356863758984
34873,35.939041557375624,857.4599999995021,6760.407776946409
34874,35.939041557375624,857.4799999995021,6760.458689405071
34875,35.939041557375624,857.499999999502,6760.5096011349415
34876,35.939041557375624,857.519999999502,6760.560512135992
34877,35.939041557375624,857.539999999502,6760.611422408194
34878,35.939041557375624,857.559999999502,6760.662331951519
34879,35.939041557375624,857.579999999502,6760.713240765939
34880,35.939041557375624,857.599999999502,6760.7641488514255
34881,35.939041557375624,857.6199999995019,6760.815056207949
34882,35.939041557375624,857.6399999995019,6760.865962835483
34883,35.939041557375624,857.6599999995019,6760.916868733997
34884,35.939041557375624,857.6799999995019,6760.967773903464
34885,35.939041557375624,857.6999999995019,6761.018678343855
34886,35.939041557375624,857.7199999995019,6761.069582055142
34887,35.939041557375624,857.7399999995018,6761.120485037296
34888,35.939041557375624,857.7599999995018,6761.171387290289
34889,35.939041557375624,857.7799999995018,6761.222288814092
34890,35.939041557375624,857.7999999995018,6761.273189608677
34891,35.939041557375624,857.8199999995018,6761.324089674015
34892,35.939041557375624,857.8399999995017,6761.374989010079
34893,35.939041557375624,857.8599999995017,6761.425887616839
34894,35.939041557375624,857.8799999995017,6761.4767854942675
34895,35.939041557375624,857.8999999995017,6761.527682642336
34896,35.939041557375624,857.9199999995017,6761.578579061015
34897,35.939041557375624,857.9399999995017,6761.629474750278
34898,35.939041557375624,857.9599999995016,6761.680369710095
34899,35.939041557375624,857.9799999995016,6761.731263940438
34900,35.939041557375624,857.9999999995016,6761.782157441278
34901,35.939041557375624,858.0199999995016,6761.833050212588
34902,35.939041557375624,858.0399999995016,6761.883942254339
34903,35.939041557375624,858.0599999995015,6761.934833566501
34904,35.939041557375624,858.0799999995015,6761.985724149047
34905,35.939041557375624,858.0999999995015,6762.036614001949
34906,35.939041557375624,858.1199999995015,6762.087503125177
34907,35.939041557375624,858.1399999995015,6762.138391518704
34908,35.939041557375624,858.1599999995015,6762.189279182502
34909,35.939041557375624,858.1799999995014,6762.240166116541
34910,35.939041557375624,858.1999999995014,6762.291052320794
34911,35.939041557375624,858.2199999995014,6762.34193779649
34912,35.939041557375624,858.2399999995014,6762.392822545395
34913,35.939041557375624,858.2599999995014,6762.443706567538
34914,35.939041557375624,858.2799999995013,6762.494589862893
34915,35.939041557375624,858.2999999995013,6762.5454724314295
34916,35.939041557375624,858.3199999995013,6762.596354273121
34917,35.939041557375624,858.3399999995013,6762.647235387937
34918,35.939041557375624,858.3599999995013,6762.698115775851
34919,35.939041557375624,858.3799999995013,6762.748995436833
34920,35.939041557375624,858.3999999995012,6762.799874370856
34921,35.939041557375624,858.4199999995012,6762.8507525778905
34922,35.939041557375624,858.4399999995012,6762.901630057909
34923,35.939041557375624,858.4599999995012,6762.952506810882
34924,35.939041557375624,858.4799999995012,6763.003382836783
34925,35.939041557375624,858.4999999995011,6763.054258135582
34926,35.939041557375624,858.5199999995011,6763.105132707251
34927,35.939041557375624,858.5399999995011,6763.1560065517615
34928,35.939041557375624,858.5599999995011,6763.2068796690855
34929,35.939041557375624,858.5799999995011,6763.257752059194
34930,35.939041557375624,858.599999999501,6763.308623722059
34931,35.939041557375624,858.619999999501,6763.359494657651
34932,35.939041557375624,858.639999999501,6763.410364865944
34933,35.939041557375624,858.659999999501,6763.461234346908
34934,35.939041557375624,858.679999999501,6763.512103100515
34935,35.939041557375624,858.699999999501,6763.562971126736
34936,35.939041557375624,858.7199999995009,6763.613838425543
34937,35.939041557375624,858.7399999995009,6763.664704996908
34938,35.939041557375624,858.7599999995009,6763.715570840802
34939,35.939041557375624,858.7799999995009,6763.766435957196
34940,35.939041557375624,858.7999999995009,6763.817300346063
34941,35.939041557375624,858.8199999995009,6763.868164007375
34942,35.939041557375624,858.8399999995008,6763.919026941102
34943,35.939041557375624,858.8599999995008,6763.969889147216
34944,35.939041557375624,858.8799999995008,6764.020750625689
34945,35.939041557375624,858.8999999995008,6764.071611376493
34946,35.939041557375624,858.9199999995008,6764.122471399599
34947,35.939041557375624,858.9399999995007,6764.173330694978
34948,35.939041557375624,858.9599999995007,6764.224189262603
34949,35.939041557375624,858.9799999995007,6764.275047102446
34950,35.939041557375624,858.9999999995007,6764.325904214476
34951,35.939041557375624,859.0199999995007,6764.376760598667
34952,35.939041557375624,859.0399999995007,6764.4276162549895
34953,35.939041557375624,859.0599999995006,6764.478471183415
34954,35.939041557375624,859.0799999995006,6764.529325383916
34955,35.939041557375624,859.0999999995006,6764.580178856463
34956,35.939041557375624,859.1199999995006,6764.631031601029
34957,35.939041557375624,859.1399999995006,6764.6818836175835
34958,35.939041557375624,859.1599999995005,6764.7327349061
34959,35.939041557375624,859.1799999995005,6764.783585466549
34960,35.939041557375624,859.1999999995005,6764.834435298903
34961,35.939041557375624,859.2199999995005,6764.8852844031335
34962,35.939041557375624,859.2399999995005,6764.936132780657
34963,35.939041557375624,859.2599999995005,6764.986980433096
34964,35.939041557375624,859.2799999995004,6765.037827360443
34965,35.939041557375624,859.2999999995004,6765.088673562671
34966,35.939041557375624,859.3199999995004,6765.139519039751
34967,35.939041557375624,859.3399999995004,6765.190363791655
34968,35.939041557375624,859.3599999995004,6765.241207818354
34969,35.939041557375624,859.3799999995003,6765.292051119821
34970,35.939041557375624,859.3999999995003,6765.342893696026
34971,35.939041557375624,859.4199999995003,6765.3937355469425
34972,35.939041557375624,859.4399999995003,6765.444576672541
34973,35.939041557375624,859.4599999995003,6765.495417072794
34974,35.939041557375624,859.4799999995003,6765.5462567476725
34975,35.939041557375624,859.4999999995002,6765.597095697149
34976,35.939041557375624,859.5199999995002,6765.647933921194
34977,35.939041557375624,859.5399999995002,6765.698771419779
34978,35.939041557375624,859.5599999995002,6765.7496081928775
34979,35.939041557375624,859.5799999995002,6765.80044424046
34980,35.939041557375624,859.5999999995001,6765.851279562498
34981,35.939041557375624,859.6199999995001,6765.902114158965
34982,35.939041557375624,859.6399999995001,6765.95294802983
34983,35.939041557375624,859.6599999995001,6766.003781175066
34984,35.939041557375624,859.6799999995001,6766.054613594645
34985,35.939041557375624,859.6999999995,6766.105445288538
34986,35.939041557375624,859.7199999995,6766.156276256717
34987,35.939041557375624,859.7399999995,6766.207106499154
34988,35.939041557375624,859.7599999995,6766.257936015821
34989,35.939041557375624,859.7799999995,6766.3087648066885
34990,35.939041557375624,859.7999999995,6766.359592871729
34991,35.939041557375624,859.8199999994999,6766.410420210914
34992,35.939041557375624,859.8399999994999,6766.461246824215
34993,35.939041557375624,859.8599999994999,6766.512072711604
34994,35.939041557375624,859.8799999994999,6766.562897873052
34995,35.939041557375624,859.8999999994999,6766.613722308532
34996,35.939041557375624,859.9199999994999,6766.664546018014
34997,35.939041557375624,859.9399999994998,6766.715369001472
34998,35.939041557375624,859.9599999994998,6766.766191258876
34999,35.939041557375624,859.9799999994998,6766.817012790198
35000,35.939041557375624,859.9999999994998,6766.867833595409
35001,35.939041557375624,860.0199999994998,6766.918653674482
35002,35.939041557375624,860.0399999994997,6766.969473027388
35003,35.939041557375624,860.0599999994997,6767.020291654098
35004,35.939041557375624,860.0799999994997,6767.071109554586
35005,35.939041557375624,860.0999999994997,6767.121926728822
35006,35.939041557375624,860.1199999994997,6767.172743176778
35007,35.939041557375624,860.1399999994997,6767.223558898425
35008,35.939041557375624,860.1599999994996,6767.274373893735
35009,35.939041557375624,860.1799999994996,6767.325188162681
35010,35.939041557375624,860.1999999994996,6767.376001705234
35011,35.939041557375624,860.2199999994996,6767.426814521365
35012,35.939041557375624,860.2399999994996,6767.47762661106
35013,35.939041557375624,860.2599999994995,6767.528437975987
35014,35.939041557375624,860.2799999994995,6767.579248617678
35015,35.939041557375624,860.2999999994995,6767.630058536104
35016,35.939041557375624,860.3199999994995,6767.680867731238
35017,35.939041557375624,860.3399999994995,6767.731676203052
35018,35.939041557375624,860.3599999994995,6767.782483951518
35019,35.939041557375624,860.3799999994994,6767.833290976607
35020,35.939041557375624,860.3999999994994,6767.884097278291
35021,35.939041557375624,860.4199999994994,6767.934902856542
35022,35.939041557375624,860.4399999994994,6767.985707711332
35023,35.939041557375624,860.4599999994994,6768.036511842633
35024,35.939041557375624,860.4799999994993,6768.087315250417
35025,35.939041557375624,860.4999999994993,6768.138117934656
35026,35.939041557375624,860.5199999994993,6768.188919895321
35027,35.939041557375624,860.5399999994993,6768.239721132385
35028,35.939041557375624,860.5599999994993,6768.290521645819
35029,35.939041557375624,860.5799999994993,6768.341321435596
35030,35.939041557375624,860.5999999994992,6768.392120501687
35031,35.939041557375624,860.6199999994992,6768.442918844064
35032,35.939041557375624,860.6399999994992,6768.493716462698
35033,35.939041557375624,860.6599999994992,6768.544513357562
35034,35.939041557375624,860.6799999994992,6768.595309528628
35035,35.939041557375624,860.6999999994991,6768.646104975867
35036,35.939041557375624,860.7199999994991,6768.696899699252
35037,35.939041557375624,860.7399999994991,6768.747693698754
35038,35.939041557375624,860.7599999994991,6768.798486974345
35039,35.939041557375624,860.7799999994991,6768.849279525997
35040,35.939041557375624,860.799999999499,6768.9000713536825
35041,35.88864775456068,860.819999999499,6768.950862457373
35042,35.88864775456068,860.839999999499,6769.00165283704
35043,35.88864775456068,860.859999999499,6769.052442492655
35044,35.88864775456068,860.879999999499,6769.103231424191
35045,35.88864775456068,860.899999999499,6769.15401963162
35046,35.88864775456068,860.9199999994989,6769.204807114913
35047,35.88864775456068,860.9399999994989,6769.255593874042
35048,35.88864775456068,860.9599999994989,6769.306379908979
35049,35.88864775456068,860.9799999994989,6769.357165219696
35050,35.88864775456068,860.9999999994989,6769.407949806165
35051,35.88864775456068,861.0199999994989,6769.458733668357
35052,35.88864775456068,861.0399999994988,6769.509516806245
35053,35.88864775456068,861.0599999994988,6769.560299219801
35054,35.88864775456068,861.0799999994988,6769.611080908996
35055,35.88864775456068,861.0999999994988,6769.661861873802
35056,35.88864775456068,861.1199999994988,6769.712642114192
35057,35.88864775456068,861.1399999994987,6769.763421630137
35058,35.88864775456068,861.1599999994987,6769.814200421608
35059,35.88864775456068,861.1799999994987,6769.864978488578
35060,35.88864775456068,861.1999999994987,6769.91575583102
35061,35.88864775456068,861.2199999994987,6769.966532448903
35062,35.88864775456068,861.2399999994987,6770.017308342212
35063,35.88864775456068,861.2599999994986,6770.068083511099
35064,35.88864775456068,861.2799999994986,6770.118857957262
35065,35.88864775456068,861.2999999994986,6770.169631681922
35066,35.88864775456068,861.3199999994986,6770.22040468505
35067,35.88864775456068,861.3399999994986,6770.27117696662
35068,35.88864775456068,861.3599999994985,6770.321948526603
35069,35.88864775456068,861.3799999994985,6770.37271936497
35070,35.88864775456068,861.3999999994985,6770.423489481694
35071,35.88864775456068,861.4199999994985,6770.474258876746
35072,35.88864775456068,861.4399999994985,6770.5250275500985
35073,35.88864775456068,861.4599999994985,6770.575795501723
35074,35.88864775456068,861.4799999994984,6770.6265627315925
35075,35.88864775456068,861.4999999994984,6770.677329239677
35076,35.88864775456068,861.5199999994984,6770.72809502595
35077,35.88864775456068,861.5399999994984,6770.778860090383
35078,35.88864775456068,861.5599999994984,6770.829624432948
35079,35.88864775456068,861.5799999994983,6770.880388053616
35080,35.88864775456068,861.5999999994983,6770.93115095236
35081,35.88864775456068,861.6199999994983,6770.981913129152
35082,35.88864775456068,861.6399999994983,6771.032674583964
35083,35.88864775456068,861.6599999994983,6771.083435316767
35084,35.88864775456068,861.6799999994982,6771.134195327532
35085,35.88864775456068,861.6999999994982,6771.184954616234
35086,35.88864775456068,861.7199999994982,6771.235713182842
35087,35.88864775456068,861.7399999994982,6771.28647102733
35088,35.88864775456068,861.7599999994982,6771.337228149668
35089,35.88864775456068,861.7799999994982,6771.387984549829
35090,35.88864775456068,861.7999999994981,6771.438740227784
35091,35.88864775456068,861.8199999994981,6771.489495183507
35092,35.88864775456068,861.8399999994981,6771.540249416968
35093,35.88864775456068,861.8599999994981,6771.59100292814
35094,35.88864775456068,861.8799999994981,6771.641755716994
35095,35.88864775456068,861.899999999498,6771.692507783503
35096,35.88864775456068,861.919999999498,6771.743259127638
35097,35.88864775456068,861.939999999498,6771.794009749372
35098,35.88864775456068,861.959999999498,6771.844759648676
35099,35.88864775456068,861.979999999498,6771.895508825522
35100,35.88864775456068,861.999999999498,6771.946257279881
35101,35.88864775456068,862.0199999994979,6771.997005011726
35102,35.88864775456068,862.0399999994979,6772.04775202103
35103,35.88864775456068,862.0599999994979,6772.098498307762
35104,35.88864775456068,862.0799999994979,6772.149243871897
35105,35.88864775456068,862.0999999994979,6772.199988713405
35106,35.88864775456068,862.1199999994978,6772.250732832259
35107,35.88864775456068,862.1399999994978,6772.30147622843
35108,35.88864775456068,862.1599999994978,6772.35221890189
35109,35.88864775456068,862.1799999994978,6772.402960852612
35110,35.88864775456068,862.1999999994978,6772.4537020805665
35111,35.88864775456068,862.2199999994978,6772.504442585726
35112,35.88864775456068,862.2399999994977,6772.555182368063
35113,35.88864775456068,862.2599999994977,6772.605921427548
35114,35.88864775456068,862.2799999994977,6772.656659764241
35115,35.88864775456068,862.2999999994977,6772.707397379995
35116,35.88864775456068,862.3199999994977,6772.758134275887
35117,35.88864775456068,862.3399999994976,6772.808870451888
35118,35.88864775456068,862.3599999994976,6772.85960590797
35119,35.88864775456068,862.3799999994976,6772.910340644105
35120,35.88864775456068,862.3999999994976,6772.961074660266
35121,35.88864775456068,862.4199999994976,6773.011807956423
35122,35.88864775456068,862.4399999994976,6773.062540532548
35123,35.88864775456068,862.4599999994975,6773.113272388615
35124,35.88864775456068,862.4799999994975,6773.164003524594
35125,35.88864775456068,862.4999999994975,6773.214733940456
35126,35.88864775456068,862.5199999994975,6773.265463636175
35127,35.88864775456068,862.5399999994975,6773.316192611721
35128,35.88864775456068,862.5599999994974,6773.366920867067
35129,35.88864775456068,862.5799999994974,6773.417648402185
35130,35.88864775456068,862.5999999994974,6773.468375217045
35131,35.88864775456068,862.6199999994974,6773.519101311621
35132,35.88864775456068,862.6399999994974,6773.5698266858835
35133,35.88864775456068,862.6599999994974,6773.620551339805
35134,35.88864775456068,862.6799999994973,6773.671275273357
35135,35.88864775456068,862.6999999994973,6773.721998486512
35136,35.88864775456068,862.7199999994973,6773.772720979241
35137,35.88864775456068,862.7399999994973,6773.823442751516
35138,35.88864775456068,862.7599999994973,6773.87416380331
35139,35.88864775456068,862.7799999994972,6773.924884134593
35140,35.88864775456068,862.7999999994972,6773.975603745338
35141,35.88864775456068,862.8199999994972,6774.026322635516
35142,35.88864775456068,862.8399999994972,6774.0770408051
35143,35.88864775456068,862.8599999994972,6774.1277582540615
35144,35.88864775456068,862.8799999994972,6774.178474982372
35145,35.88864775456068,862.8999999994971,6774.229190990003
35146,35.88864775456068,862.9199999994971,6774.279906276927
35147,35.88864775456068,862.9399999994971,6774.330620843116
35148,35.88864775456068,862.9599999994971,6774.381334688541
35149,35.88864775456068,862.9799999994971,6774.432047813174
35150,35.88864775456068,862.999999999497,6774.482760216987
35151,35.88864775456068,863.019999999497,6774.533471899952
35152,35.88864775456068,863.039999999497,6774.5841828620405
35153,35.88864775456068,863.059999999497,6774.634893103225
35154,35.88864775456068,863.079999999497,6774.685602623477
35155,35.88864775456068,863.099999999497,6774.736311422768
35156,35.88864775456068,863.1199999994969,6774.787019501071
35157,35.88864775456068,863.1399999994969,6774.837726858356
35158,35.88864775456068,863.1599999994969,6774.888433494597
35159,35.88864775456068,863.1799999994969,6774.939139409764
35160,35.88864775456068,863.1999999994969,6774.98984460383
35161,35.88864775456068,863.2199999994968,6775.040549076765
35162,35.88864775456068,863.2399999994968,6775.0912528285435
35163,35.88864775456068,863.2599999994968,6775.141955859136
35164,35.88864775456068,863.2799999994968,6775.192658168514
35165,35.88864775456068,863.2999999994968,6775.243359756772
35166,35.88864775456068,863.3199999994968,6775.294060625906
35167,35.88864775456068,863.3399999994967,6775.344760776809
35168,35.88864775456068,863.3599999994967,6775.395460209454
35169,35.88864775456068,863.3799999994967,6775.446158923811
35170,35.88864775456068,863.3999999994967,6775.496856919853
35171,35.88864775456068,863.4199999994967,6775.547554197551
35172,35.88864775456068,863.4399999994966,6775.598250756878
35173,35.88864775456068,863.4599999994966,6775.648946597805
35174,35.88864775456068,863.4799999994966,6775.699641720304
35175,35.88864775456068,863.4999999994966,6775.750336124346
35176,35.88864775456068,863.5199999994966,6775.801029809904
35177,35.88864775456068,863.5399999994966,6775.85172277695
35178,35.88864775456068,863.5599999994965,6775.9024150254545
35179,35.88864775456068,863.5799999994965,6775.95310655539
35180,35.88864775456068,863.5999999994965,6776.003797366729
35181,35.88864775456068,863.6199999994965,6776.0544874594425
35182,35.88864775456068,863.6399999994965,6776.105176833503
35183,35.88864775456068,863.6599999994964,6776.155865488881
35184,35.88864775456068,863.6799999994964,6776.20655342555
35185,35.88864775456068,863.6999999994964,6776.257240643481
35186,35.88864775456068,863.7199999994964,6776.307927142646
35187,35.88864775456068,863.7399999994964,6776.358612923016
35188,35.88864775456068,863.7599999994964,6776.409297984565
35189,35.88864775456068,863.7799999994963,6776.459982327262
35190,35.88864775456068,863.7999999994963,6776.510665951081
35191,35.88864775456068,863.8199999994963,6776.561348855993
35192,35.88864775456068,863.8399999994963,6776.61203104197
35193,35.88864775456068,863.8599999994963,6776.6627125089835
35194,35.88864775456068,863.8799999994962,6776.713393257006
35195,35.88864775456068,863.8999999994962,6776.764073286009
35196,35.88864775456068,863.9199999994962,6776.814752595964
35197,35.88864775456068,863.9399999994962,6776.865431186843
35198,35.88864775456068,863.9599999994962,6776.9161090586185
35199,35.88864775456068,863.9799999994962,6776.966786211261
35200,35.88864775456068,863.9999999994961,6777.017462644743
35201,35.88864775456068,864.0199999994961,6777.068138359037
35202,35.88864775456068,864.0399999994961,6777.1188133541145
35203,35.88864775456068,864.0599999994961,6777.169487629947
35204,35.88864775456068,864.0799999994961,6777.220161186507
35205,35.88864775456068,864.099999999496,6777.270834023764
35206,35.88864775456068,864.119999999496,6777.321506141692
35207,35.88864775456068,864.139999999496,6777.372177540263
35208,35.88864775456068,864.159999999496,6777.422848219448
35209,35.88864775456068,864.179999999496,6777.473518179219
35210,35.88864775456068,864.199999999496,6777.524187419549
35211,35.88864775456068,864.2199999994959,6777.574855940408
35212,35.88864775456068,864.2399999994959,6777.625523741769
35213,35.88864775456068,864.2599999994959,6777.676190823603
35214,35.88864775456068,864.2799999994959,6777.726857185882
35215,35.88864775456068,864.2999999994959,6777.777522828579
35216,35.88864775456068,864.3199999994958,6777.82818775183
35217,35.88864775456068,864.3399999994958,6777.878851957865
35218,35.88864775456068,864.3599999994958,6777.929515447428
35219,35.88864775456068,864.3799999994958,6777.9801782204895
35220,35.88864775456068,864.3999999994958,6778.030840277022
35221,35.88864775456068,864.4199999994958,6778.081501616999
35222,35.88864775456068,864.4399999994957,6778.132162240391
35223,35.88864775456068,864.4599999994957,6778.182822147171
35224,35.88864775456068,864.4799999994957,6778.233481337309
35225,35.88864775456068,864.4999999994957,6778.2841398107785
35226,35.88864775456068,864.5199999994957,6778.3347975675515
35227,35.88864775456068,864.5399999994956,6778.3854546076
35228,35.88864775456068,864.5599999994956,6778.436110930895
35229,35.88864775456068,864.5799999994956,6778.486766537409
35230,35.88864775456068,864.5999999994956,6778.537421427114
35231,35.88864775456068,864.6199999994956,6778.588075599982
35232,35.88864775456068,864.6399999994956,6778.638729055986
35233,35.88864775456068,864.6599999994955,6778.689381795096
35234,35.88864775456068,864.6799999994955,6778.740033817285
35235,35.88864775456068,864.6999999994955,6778.790685122524
35236,35.88864775456068,864.7199999994955,6778.8413357107875
35237,35.88864775456068,864.7399999994955,6778.891985582045
35238,35.88864775456068,864.7599999994954,6778.94263473627
35239,35.88864775456068,864.7799999994954,6778.993283173432
35240,35.88864775456068,864.7999999994954,6779.043930893506
35241,35.88864775456068,864.8199999994954,6779.0945778964615
35242,35.88864775456068,864.8399999994954,6779.145224182273
35243,35.88864775456068,864.8599999994954,6779.19586975091
35244,35.88864775456068,864.8799999994953,6779.246514602346
35245,35.88864775456068,864.8999999994953,6779.297158736553
35246,35.88864775456068,864.9199999994953,6779.347802153502
35247,35.88864775456068,864.9399999994953,6779.3984448531655
35248,35.88864775456068,864.9599999994953,6779.449086835515
35249,35.88864775456068,864.9799999994952,6779.4997281005235
35250,35.88864775456068,864.9999999994952,6779.550368648162
35251,35.88864775456068,865.0199999994952,6779.601008478402
35252,35.838371612253425,865.0399999994952,6779.651647591217
35253,35.838371612253425,865.0599999994952,6779.702285986578
35254,35.838371612253425,865.0799999994952,6779.752923664458
35255,35.838371612253425,865.0999999994951,6779.803560624828
35256,35.838371612253425,865.1199999994951,6779.854196867659
35257,35.838371612253425,865.1399999994951,6779.904832392925
35258,35.838371612253425,865.1599999994951,6779.955467200597
35259,35.838371612253425,865.1799999994951,6780.006101290649
35260,35.838371612253425,865.199999999495,6780.056734663096
35261,35.838371612253425,865.219999999495,6780.10736731794
35262,35.838371612253425,865.239999999495,6780.1579992551515
35263,35.838371612253425,865.259999999495,6780.208630474704
35264,35.838371612253425,865.279999999495,6780.259260976566
35265,35.838371612253425,865.299999999495,6780.309890760712
35266,35.838371612253425,865.3199999994949,6780.360519827112
35267,35.838371612253425,865.3399999994949,6780.411148175921
35268,35.838371612253425,865.3599999994949,6780.461775809295
35269,35.838371612253425,865.3799999994949,6780.512402727737
35270,35.838371612253425,865.3999999994949,6780.563028931219
35271,35.838371612253425,865.4199999994948,6780.613654419715
35272,35.838371612253425,865.4399999994948,6780.664279193198
35273,35.838371612253425,865.4599999994948,6780.714903251642
35274,35.838371612253425,865.4799999994948,6780.76552659502
35275,35.838371612253425,865.4999999994948,6780.816149223305
35276,35.838371612253425,865.5199999994948,6780.866771136471
35277,35.838371612253425,865.5399999994947,6780.917392334491
35278,35.838371612253425,865.5599999994947,6780.968012817338
35279,35.838371612253425,865.5799999994947,6781.018632584986
35280,35.838371612253425,865.5999999994947,6781.069251637409
35281,35.838371612253425,865.6199999994947,6781.119869974579
35282,35.838371612253425,865.6399999994946,6781.170487596471
35283,35.838371612253425,865.6599999994946,6781.221104503056
35284,35.838371612253425,865.6799999994946,6781.27172069431
35285,35.838371612253425,865.6999999994946,6781.322336170204
35286,35.838371612253425,865.7199999994946,6781.372950930713
35287,35.838371612253425,865.7399999994946,6781.42356497581
35288,35.838371612253425,865.7599999994945,6781.474178305468
35289,35.838371612253425,865.7799999994945,6781.5247909196605
35290,35.838371612253425,865.7999999994945,6781.575402818361
35291,35.838371612253425,865.8199999994945,6781.626014001543
35292,35.838371612253425,865.8399999994945,6781.67662446918
35293,35.838371612253425,865.8599999994944,6781.7272342212445
35294,35.838371612253425,865.8799999994944,6781.7778432577115
35295,35.838371612253425,865.8999999994944,6781.828451578553
35296,35.838371612253425,865.9199999994944,6781.879059183742
35297,35.838371612253425,865.9399999994944,6781.929666073253
35298,35.838371612253425,865.9599999994944,6781.98027224706
35299,35.838371612253425,865.9799999994943,6782.030877705135
35300,35.838371612253425,865.9999999994943,6782.081482447452
35301,35.838371612253425,866.0199999994943,6782.132086473984
35302,35.838371612253425,866.0399999994943,6782.182689784704
35303,35.838371612253425,866.0599999994943,6782.233292379587
35304,35.838371612253425,866.0799999994942,6782.283894258604
35305,35.838371612253425,866.0999999994942,6782.334495421731
35306,35.838371612253425,866.1199999994942,6782.38509586894
35307,35.838371612253425,866.1399999994942,6782.435695600204
35308,35.838371612253425,866.1599999994942,6782.486294615497
35309,35.838371612253425,866.1799999994942,6782.536892914793
35310,35.838371612253425,866.1999999994941,6782.587490498064
35311,35.838371612253425,866.2199999994941,6782.638087365283
35312,35.838371612253425,866.2399999994941,6782.688683516426
35313,35.838371612253425,866.2599999994941,6782.739278951464
35314,35.838371612253425,866.2799999994941,6782.789873670372
35315,35.838371612253425,866.299999999494,6782.840467673122
35316,35.838371612253425,866.319999999494,6782.891060959688
35317,35.838371612253425,866.339999999494,6782.941653530043
35318,35.838371612253425,866.359999999494,6782.992245384388
35319,35.838371612253425,866.379999999494,6783.042836525113
35320,35.838371612253425,866.399999999494,6783.093426952562
35321,35.838371612253425,866.4199999994939,6783.14401666671
35322,35.838371612253425,866.4399999994939,6783.194605667529
35323,35.838371612253425,866.4599999994939,6783.245193954992
35324,35.838371612253425,866.4799999994939,6783.295781529072
35325,35.838371612253425,866.4999999994939,6783.346368389743
35326,35.838371612253425,866.5199999994938,6783.396954536977
35327,35.838371612253425,866.5399999994938,6783.447539970748
35328,35.838371612253425,866.5599999994938,6783.498124691028
35329,35.838371612253425,866.5799999994938,6783.548708697792
35330,35.838371612253425,866.5999999994938,6783.599291991011
35331,35.838371612253425,866.6199999994938,6783.649874570659
35332,35.838371612253425,866.6399999994937,6783.70045643671
35333,35.838371612253425,866.6599999994937,6783.751037589135
35334,35.838371612253425,866.6799999994937,6783.801618027909
35335,35.838371612253425,866.6999999994937,6783.8521977530045
35336,35.838371612253425,866.7199999994937,6783.902776764394
35337,35.838371612253425,866.7399999994936,6783.953355062051
35338,35.838371612253425,866.7599999994936,6784.003932645948
35339,35.838371612253425,866.7799999994936,6784.05450951606
35340,35.838371612253425,866.7999999994936,6784.105085672358
35341,35.838371612253425,866.8199999994936,6784.155661114815
35342,35.838371612253425,866.8399999994936,6784.206235843406
35343,35.838371612253425,866.8599999994935,6784.256809858102
35344,35.838371612253425,866.8799999994935,6784.307383158878
35345,35.838371612253425,866.8999999994935,6784.357955745706
35346,35.838371612253425,866.9199999994935,6784.40852761856
35347,35.838371612253425,866.9399999994935,6784.459098777411
35348,35.838371612253425,866.9599999994934,6784.509669222234
35349,35.838371612253425,866.9799999994934,6784.560238953001
35350,35.838371612253425,866.9999999994934,6784.610807969687
35351,35.838371612253425,867.0199999994934,6784.661376272263
35352,35.838371612253425,867.0399999994934,6784.711943860702
35353,35.838371612253425,867.0599999994934,6784.762510734979
35354,35.838371612253425,867.0799999994933,6784.813076895065
35355,35.838371612253425,867.0999999994933,6784.863642340934
35356,35.838371612253425,867.1199999994933,6784.91420707256
35357,35.838371612253425,867.1399999994933,6784.964771089915
35358,35.838371612253425,867.1599999994933,6785.015334392972
35359,35.838371612253425,867.1799999994932,6785.065896981705
35360,35.838371612253425,867.1999999994932,6785.116458856086
35361,35.838371612253425,867.2199999994932,6785.167020016089
35362,35.838371612253425,867.2399999994932,6785.217580461686
35363,35.838371612253425,867.2599999994932,6785.268140192852
35364,35.838371612253425,867.2799999994932,6785.318699209559
35365,35.838371612253425,867.2999999994931,6785.369257511779
35366,35.838371612253425,867.3199999994931,6785.419815099487
35367,35.838371612253425,867.3399999994931,6785.470371972655
35368,35.838371612253425,867.3599999994931,6785.5209281312555
35369,35.838371612253425,867.3799999994931,6785.5714835755725
35370,35.838371612253425,867.399999999493,6785.6220383080645
35371,35.838371612253425,867.419999999493,6785.672592328945
35372,35.838371612253425,867.439999999493,6785.723145638189
35373,35.838371612253425,867.459999999493,6785.773698235767
35374,35.838371612253425,867.479999999493,6785.8242501216555
35375,35.838371612253425,867.499999999493,6785.874801295826
35376,35.838371612253425,867.5199999994929,6785.925351758251
35377,35.838371612253425,867.5399999994929,6785.975901508905
35378,35.838371612253425,867.5599999994929,6786.02645054776
35379,35.838371612253425,867.5799999994929,6786.07699887479
35380,35.838371612253425,867.5999999994929,6786.127546489967
35381,35.838371612253425,867.6199999994928,6786.178093393266
35382,35.838371612253425,867.6399999994928,6786.2286395846595
35383,35.838371612253425,867.6599999994928,6786.279185064121
35384,35.838371612253425,867.6799999994928,6786.329729831622
35385,35.838371612253425,867.6999999994928,6786.380273887137
35386,35.838371612253425,867.7199999994928,6786.43081723064
35387,35.838371612253425,867.7399999994927,6786.481359862103
35388,35.838371612253425,867.7599999994927,6786.5319017815
35389,35.838371612253425,867.7799999994927,6786.582442988803
35390,35.838371612253425,867.7999999994927,6786.632983483987
35391,35.838371612253425,867.8199999994927,6786.683523267024
35392,35.838371612253425,867.8399999994926,6786.734062337886
35393,35.838371612253425,867.8599999994926,6786.784600696548
35394,35.838371612253425,867.8799999994926,6786.835138342984
35395,35.838371612253425,867.8999999994926,6786.885675277164
35396,35.838371612253425,867.9199999994926,6786.9362114990645
35397,35.838371612253425,867.9399999994926,6786.9867470086565
35398,35.838371612253425,867.9599999994925,6787.037281805914
35399,35.838371612253425,867.9799999994925,6787.08781589081
35400,35.838371612253425,867.9999999994925,6787.138349263318
35401,35.838371612253425,868.0199999994925,6787.188881923411
35402,35.838371612253425,868.0399999994925,6787.239413871062
35403,35.838371612253425,868.0599999994924,6787.289945106245
35404,35.838371612253425,868.0799999994924,6787.340475628932
35405,35.838371612253425,868.0999999994924,6787.391005439097
35406,35.838371612253425,868.1199999994924,6787.441534536713
35407,35.838371612253425,868.1399999994924,6787.492062921753
35408,35.838371612253425,868.1599999994924,6787.542590594191
35409,35.838371612253425,868.1799999994923,6787.593117553999
35410,35.838371612253425,868.1999999994923,6787.6436438011515
35411,35.838371612253425,868.2199999994923,6787.69416933562
35412,35.838371612253425,868.2399999994923,6787.74469415738
35413,35.838371612253425,868.2599999994923,6787.795218266402
35414,35.838371612253425,868.2799999994922,6787.845741662662
35415,35.838371612253425,868.2999999994922,6787.896264346131
35416,35.838371612253425,868.3199999994922,6787.946786316783
35417,35.838371612253425,868.3399999994922,6787.997307574591
35418,35.838371612253425,868.3599999994922,6788.047828119528
35419,35.838371612253425,868.3799999994922,6788.098347951568
35420,35.838371612253425,868.3999999994921,6788.148867071187
35421,35.838371612253425,868.4199999994921,6788.199385480765
35422,35.838371612253425,868.4399999994921,6788.249903180487
35423,35.838371612253425,868.4599999994921,6788.300420170325
35424,35.838371612253425,868.4799999994921,6788.3509364502515
35425,35.838371612253425,868.499999999492,6788.401452020239
35426,35.838371612253425,868.519999999492,6788.45196688026
35427,35.838371612253425,868.539999999492,6788.5024810302875
35428,35.838371612253425,868.559999999492,6788.552994470294
35429,35.838371612253425,868.579999999492,6788.603507200251
35430,35.838371612253425,868.599999999492,6788.654019220132
35431,35.838371612253425,868.6199999994919,6788.704530529909
35432,35.838371612253425,868.6399999994919,6788.755041129554
35433,35.838371612253425,868.6599999994919,6788.805551019042
35434,35.838371612253425,868.6799999994919,6788.856060198343
35435,35.838371612253425,868.6999999994919,6788.906568667429
35436,35.838371612253425,868.7199999994918,6788.957076426275
35437,35.838371612253425,868.7399999994918,6789.007583474852
35438,35.838371612253425,868.7599999994918,6789.058089813133
35439,35.838371612253425,868.7799999994918,6789.10859544109
35440,35.838371612253425,868.7999999994918,6789.1591003586955
35441,35.838371612253425,868.8199999994918,6789.209604565923
35442,35.838371612253425,868.8399999994917,6789.260108062744
35443,35.838371612253425,868.8599999994917,6789.310610849131
35444,35.838371612253425,868.8799999994917,6789.361112925058
35445,35.838371612253425,868.8999999994917,6789.411614290495
35446,35.838371612253425,868.9199999994917,6789.462114945416
35447,35.838371612253425,868.9399999994916,6789.512614889793
35448,35.838371612253425,868.9599999994916,6789.5631141236
35449,35.838371612253425,868.9799999994916,6789.613612646808
35450,35.838371612253425,868.9999999994916,6789.66411045939
35451,35.838371612253425,869.0199999994916,6789.714607561318
35452,35.838371612253425,869.0399999994916,6789.765103952565
35453,35.838371612253425,869.0599999994915,6789.815599633104
35454,35.838371612253425,869.0799999994915,6789.866094602907
35455,35.838371612253425,869.0999999994915,6789.916588861946
35456,35.838371612253425,869.1199999994915,6789.967082410195
35457,35.838371612253425,869.1399999994915,6790.017575247635
35458,35.838371612253425,869.1599999994914,6790.068067374363
35459,35.838371612253425,869.1799999994914,6790.118558790386
35460,35.838371612253425,869.1999999994914,6790.169049495676
35461,35.838371612253425,869.2199999994914,6790.2195394902055
35462,35.838371612253425,869.2399999994914,6790.270028773947
35463,35.838371612253425,869.2599999994914,6790.320517346871
35464,35.838371612253425,869.2799999994913,6790.371005208952
35465,35.838371612253425,869.2999999994913,6790.421492360159
35466,35.838371612253425,869.3199999994913,6790.471978800467
35467,35.838371612253425,869.3399999994913,6790.522464529845
35468,35.838371612253425,869.3599999994913,6790.5729495482665
35469,35.838371612253425,869.3799999994912,6790.623433855704
35470,35.78821274621004,869.3999999994912,6790.673917452129
35471,35.78821274621004,869.4199999994912,6790.72440033817
35472,35.78821274621004,869.4399999994912,6790.77488251596
35473,35.78821274621004,869.4599999994912,6790.8253639856375
35474,35.78821274621004,869.4799999994912,6790.875844747177
35475,35.78821274621004,869.4999999994911,6790.926324800553
35476,35.78821274621004,869.5199999994911,6790.976804145736
35477,35.78821274621004,869.5399999994911,6791.027282782702
35478,35.78821274621004,869.5599999994911,6791.077760711422
35479,35.78821274621004,869.5799999994911,6791.128237931871
35480,35.78821274621004,869.599999999491,6791.17871444402
35481,35.78821274621004,869.619999999491,6791.229190247845
35482,35.78821274621004,869.639999999491,6791.279665343317
35483,35.78821274621004,869.659999999491,6791.33013973041
35484,35.78821274621004,869.679999999491,6791.380613409097
35485,35.78821274621004,869.699999999491,6791.431086379352
35486,35.78821274621004,869.7199999994909,6791.481558641147
35487,35.78821274621004,869.7399999994909,6791.532030194456
35488,35.78821274621004,869.7599999994909,6791.582501039252
35489,35.78821274621004,869.7799999994909,6791.632971175509
35490,35.78821274621004,869.7999999994909,6791.683440603199
35491,35.78821274621004,869.8199999994908,6791.733909322296
35492,35.78821274621004,869.8399999994908,6791.784377332773
35493,35.78821274621004,869.8599999994908,6791.8348446346035
35494,35.78821274621004,869.8799999994908,6791.88531122776
35495,35.78821274621004,869.8999999994908,6791.935777112217
35496,35.78821274621004,869.9199999994908,6791.986242287946
35497,35.78821274621004,869.9399999994907,6792.036706754921
35498,35.78821274621004,869.9599999994907,6792.087170513116
35499,35.78821274621004,869.9799999994907,6792.137633562503
35500,35.78821274621004,869.9999999994907,6792.188095903056
35501,35.78821274621004,870.0199999994907,6792.238557534748
35502,35.78821274621004,870.0399999994906,6792.289018457553
35503,35.78821274621004,870.0599999994906,6792.3394786714425
35504,35.78821274621004,870.0799999994906,6792.389938176391
35505,35.78821274621004,870.0999999994906,6792.440396972372
35506,35.78821274621004,870.1199999994906,6792.490855059357
35507,35.78821274621004,870.1399999994906,6792.541312437322
35508,35.78821274621004,870.1599999994905,6792.591769106238
35509,35.78821274621004,870.1799999994905,6792.642225066079
35510,35.78821274621004,870.1999999994905,6792.692680316818
35511,35.78821274621004,870.2199999994905,6792.743134858429
35512,35.78821274621004,870.2399999994905,6792.793588690884
35513,35.78821274621004,870.2599999994904,6792.844041814156
35514,35.78821274621004,870.2799999994904,6792.89449422822
35515,35.78821274621004,870.2999999994904,6792.944945933047
35516,35.78821274621004,870.3199999994904,6792.9953969286125
35517,35.78821274621004,870.3399999994904,6793.045847214888
35518,35.78821274621004,870.3599999994904,6793.0962967918485
35519,35.78821274621004,870.3799999994903,6793.1467456594655
35520,35.78821274621004,870.3999999994903,6793.197193817713
35521,35.78821274621004,870.4199999994903,6793.247641266564
35522,35.78821274621004,870.4399999994903,6793.2980880068
35523,35.78821274621004,870.4599999994903,6793.348534040355
35524,35.78821274621004,870.4799999994902,6793.398979367329
35525,35.78821274621004,870.4999999994902,6793.449423987695
35526,35.78821274621004,870.5199999994902,6793.499867901424
35527,35.78821274621004,870.5399999994902,6793.55031110849
35528,35.78821274621004,870.5599999994902,6793.600753608865
35529,35.78821274621004,870.5799999994902,6793.651195402521
35530,35.78821274621004,870.5999999994901,6793.701636489431
35531,35.78821274621004,870.6199999994901,6793.752076869567
35532,35.78821274621004,870.6399999994901,6793.802516542902
35533,35.78821274621004,870.6599999994901,6793.852955509407
35534,35.78821274621004,870.6799999994901,6793.9033937690565
35535,35.78821274621004,870.69999999949,6793.953831321822
35536,35.78821274621004,870.71999999949,6794.004268167676
35537,35.78821274621004,870.73999999949,6794.054704306591
35538,35.78821274621004,870.75999999949,6794.105139738539
35539,35.78821274621004,870.77999999949,6794.155574463493
35540,35.78821274621004,870.79999999949,6794.206008481427
35541,35.78821274621004,870.8199999994899,6794.25644179231
35542,35.78821274621004,870.8399999994899,6794.306874396118
35543,35.78821274621004,870.8599999994899,6794.35730629282
35544,35.78821274621004,870.8799999994899,6794.407737482391
35545,35.78821274621004,870.8999999994899,6794.458167964803
35546,35.78821274621004,870.9199999994898,6794.508597740027
35547,35.78821274621004,870.9399999994898,6794.559026808037
35548,35.78821274621004,870.9599999994898,6794.609455168805
35549,35.78821274621004,870.9799999994898,6794.659882822303
35550,35.78821274621004,870.9999999994898,6794.710309768504
35551,35.78821274621004,871.0199999994898,6794.760736007381
35552,35.78821274621004,871.0399999994897,6794.811161538905
35553,35.78821274621004,871.0599999994897,6794.86158636305
35554,35.78821274621004,871.0799999994897,6794.912010479788
35555,35.78821274621004,871.0999999994897,6794.96243388909
35556,35.78821274621004,871.1199999994897,6795.01285659093
35557,35.78821274621004,871.1399999994896,6795.06327858528
35558,35.78821274621004,871.1599999994896,6795.113699872113
35559,35.78821274621004,871.1799999994896,6795.164120451401
35560,35.78821274621004,871.1999999994896,6795.214540323116
35561,35.78821274621004,871.2199999994896,6795.264959487232
35562,35.78821274621004,871.2399999994896,6795.31537794372
35563,35.78821274621004,871.2599999994895,6795.365795692553
35564,35.78821274621004,871.2799999994895,6795.416212733703
35565,35.78821274621004,871.2999999994895,6795.466629067143
35566,35.78821274621004,871.3199999994895,6795.517044692845
35567,35.78821274621004,871.3399999994895,6795.567459610782
35568,35.78821274621004,871.3599999994894,6795.617873820926
35569,35.78821274621004,871.3799999994894,6795.66828732325
35570,35.78821274621004,871.3999999994894,6795.718700117726
35571,35.78821274621004,871.4199999994894,6795.769112204327
35572,35.78821274621004,871.4399999994894,6795.819523583024
35573,35.78821274621004,871.4599999994894,6795.869934254802
35574,35.78821274621004,871.4799999994893,6795.920344221514
35575,35.78821274621004,871.4999999994893,6795.9707534832305
35576,35.78821274621004,871.5199999994893,6796.021162039924
35577,35.78821274621004,871.5399999994893,6796.071569891567
35578,35.78821274621004,871.5599999994893,6796.121977038132
35579,35.78821274621004,871.5799999994892,6796.172383479591
35580,35.78821274621004,871.5999999994892,6796.222789215917
35581,35.78821274621004,871.6199999994892,6796.273194247083
35582,35.78821274621004,871.6399999994892,6796.32359857306
35583,35.78821274621004,871.6599999994892,6796.374002193821
35584,35.78821274621004,871.6799999994892,6796.424405109339
35585,35.78821274621004,871.6999999994891,6796.474807319587
35586,35.78821274621004,871.7199999994891,6796.525208824536
35587,35.78821274621004,871.7399999994891,6796.575609624159
35588,35.78821274621004,871.7599999994891,6796.6260097184295
35589,35.78821274621004,871.7799999994891,6796.676409107319
35590,35.78821274621004,871.799999999489,6796.7268077908
35591,35.78821274621004,871.819999999489,6796.777205768846
35592,35.78821274621004,871.839999999489,6796.827603041429
35593,35.78821274621004,871.859999999489,6796.87799960852
35594,35.78821274621004,871.879999999489,6796.928395470094
35595,35.78821274621004,871.899999999489,6796.978790626122
35596,35.78821274621004,871.9199999994889,6797.029185076576
35597,35.78821274621004,871.9399999994889,6797.07957882143
35598,35.78821274621004,871.9599999994889,6797.129971860656
35599,35.78821274621004,871.9799999994889,6797.180364194226
35600,35.78821274621004,871.9999999994889,6797.230755822113
35601,35.78821274621004,872.0199999994888,6797.281146744289
35602,35.78821274621004,872.0399999994888,6797.331536960727
35603,35.78821274621004,872.0599999994888,6797.381926471399
35604,35.78821274621004,872.0799999994888,6797.432315276278
35605,35.78821274621004,872.0999999994888,6797.482703375336
35606,35.78821274621004,872.1199999994888,6797.533090768547
35607,35.78821274621004,872.1399999994887,6797.583477455881
35608,35.78821274621004,872.1599999994887,6797.633863437312
35609,35.78821274621004,872.1799999994887,6797.684248712813
35610,35.78821274621004,872.1999999994887,6797.734633282355
35611,35.78821274621004,872.2199999994887,6797.785017145912
35612,35.78821274621004,872.2399999994886,6797.835400303456
35613,35.78821274621004,872.2599999994886,6797.885782754958
35614,35.78821274621004,872.2799999994886,6797.936164500393
35615,35.78821274621004,872.2999999994886,6797.986545539732
35616,35.78821274621004,872.3199999994886,6798.036925872948
35617,35.78821274621004,872.3399999994886,6798.087305500013
35618,35.78821274621004,872.3599999994885,6798.1376844209
35619,35.78821274621004,872.3799999994885,6798.188062635581
35620,35.78821274621004,872.3999999994885,6798.2384401440295
35621,35.78821274621004,872.4199999994885,6798.288816946217
35622,35.78821274621004,872.4399999994885,6798.339193042116
35623,35.78821274621004,872.4599999994884,6798.389568431699
35624,35.78821274621004,872.4799999994884,6798.439943116135
35625,35.78821274621004,872.4999999994884,6798.490317097144
35626,35.78821274621004,872.5199999994884,6798.540690374763
35627,35.78821274621004,872.5399999994884,6798.591062948962
35628,35.78821274621004,872.5599999994884,6798.641434819714
35629,35.78821274621004,872.5799999994883,6798.691805986991
35630,35.78821274621004,872.5999999994883,6798.742176450766
35631,35.78821274621004,872.6199999994883,6798.79254621101
35632,35.78821274621004,872.6399999994883,6798.8429152676945
35633,35.78821274621004,872.6599999994883,6798.893283620792
35634,35.78821274621004,872.6799999994882,6798.943651270276
35635,35.78821274621004,872.6999999994882,6798.994018216117
35636,35.78821274621004,872.7199999994882,6799.044384458287
35637,35.78821274621004,872.7399999994882,6799.094749996759
35638,35.78821274621004,872.7599999994882,6799.145114831504
35639,35.78821274621004,872.7799999994882,6799.195478962494
35640,35.78821274621004,872.7999999994881,6799.245842389702
35641,35.78821274621004,872.8199999994881,6799.2962051131
35642,35.78821274621004,872.8399999994881,6799.3465671326585
35643,35.78821274621004,872.8599999994881,6799.396928448351
35644,35.78821274621004,872.8799999994881,6799.447289060149
35645,35.78821274621004,872.899999999488,6799.497648968025
35646,35.78821274621004,872.919999999488,6799.548008171951
35647,35.78821274621004,872.939999999488,6799.598366671898
35648,35.78821274621004,872.959999999488,6799.648724467838
35649,35.78821274621004,872.979999999488,6799.6990815597455
35650,35.78821274621004,872.999999999488,6799.74943794759
35651,35.78821274621004,873.0199999994879,6799.799793631345
35652,35.78821274621004,873.0399999994879,6799.850148610982
35653,35.78821274621004,873.0599999994879,6799.900502886472
35654,35.78821274621004,873.0799999994879,6799.950856457789
35655,35.78821274621004,873.0999999994879,6800.001209324904
35656,35.78821274621004,873.1199999994878,6800.0515614878805
35657,35.78821274621004,873.1399999994878,6800.101912946775
35658,35.78821274621004,873.1599999994878,6800.152263701561
35659,35.78821274621004,873.1799999994878,6800.2026137522125
35660,35.78821274621004,873.1999999994878,6800.252963098703
35661,35.78821274621004,873.2199999994878,6800.303311741005
35662,35.78821274621004,873.2399999994877,6800.353659679092
35663,35.78821274621004,873.2599999994877,6800.404006912938
35664,35.78821274621004,873.2799999994877,6800.454353442516
35665,35.78821274621004,873.2999999994877,6800.5046992678
35666,35.78821274621004,873.3199999994877,6800.555044388763
35667,35.78821274621004,873.3399999994876,6800.605388805379
35668,35.78821274621004,873.3599999994876,6800.655732517621
35669,35.78821274621004,873.3799999994876,6800.706075525462
35670,35.78821274621004,873.3999999994876,6800.756417828877
35671,35.78821274621004,873.4199999994876,6800.806759427837
35672,35.78821274621004,873.4399999994876,6800.857100322318
35673,35.78821274621004,873.4599999994875,6800.907440512291
35674,35.78821274621004,873.4799999994875,6800.957779997731
35675,35.78821274621004,873.4999999994875,6801.008118780049
35676,35.78821274621004,873.5199999994875,6801.058456860904
35677,35.78821274621004,873.5399999994875,6801.108794240298
35678,35.78821274621004,873.5599999994874,6801.159130918204
35679,35.78821274621004,873.5799999994874,6801.209466894595
35680,35.78821274621004,873.5999999994874,6801.259802169444
35681,35.78821274621004,873.6199999994874,6801.310136742724
35682,35.73817077379853,873.6399999994874,6801.360470614409
35683,35.73817077379853,873.6599999994874,6801.410803784471
35684,35.73817077379853,873.6799999994873,6801.461136252883
35685,35.73817077379853,873.6999999994873,6801.511468019619
35686,35.73817077379853,873.7199999994873,6801.561799084652
35687,35.73817077379853,873.7399999994873,6801.612129447954
35688,35.73817077379853,873.7599999994873,6801.6624591095
35689,35.73817077379853,873.7799999994872,6801.712788069261
35690,35.73817077379853,873.7999999994872,6801.763116327211
35691,35.73817077379853,873.8199999994872,6801.813443883324
35692,35.73817077379853,873.8399999994872,6801.863770737572
35693,35.73817077379853,873.8599999994872,6801.914096889928
35694,35.73817077379853,873.8799999994872,6801.964422340367
35695,35.73817077379853,873.8999999994871,6802.01474708886
35696,35.73817077379853,873.9199999994871,6802.06507113538
35697,35.73817077379853,873.9399999994871,6802.115394479902
35698,35.73817077379853,873.9599999994871,6802.165717122397
35699,35.73817077379853,873.9799999994871,6802.21603906284
35700,35.73817077379853,873.999999999487,6802.266360301202
35701,35.73817077379853,874.019999999487,6802.316680837459
35702,35.73817077379853,874.039999999487,6802.367000671582
35703,35.73817077379853,874.059999999487,6802.417319803544
35704,35.73817077379853,874.079999999487,6802.467638233319
35705,35.73817077379853,874.099999999487,6802.51795596088
35706,35.73817077379853,874.1199999994869,6802.568272986199
35707,35.73817077379853,874.1399999994869,6802.618589309251
35708,35.73817077379853,874.1599999994869,6802.668904930008
35709,35.73817077379853,874.1799999994869,6802.719219848443
35710,35.73817077379853,874.1999999994869,6802.76953406453
35711,35.73817077379853,874.2199999994868,6802.819847578241
35712,35.73817077379853,874.2399999994868,6802.87016038955
35713,35.73817077379853,874.2599999994868,6802.920472498429
35714,35.73817077379853,874.2799999994868,6802.970783904852
35715,35.73817077379853,874.2999999994868,6803.021094608793
35716,35.73817077379853,874.3199999994868,6803.071404610223
35717,35.73817077379853,874.3399999994867,6803.121713909116
35718,35.73817077379853,874.3599999994867,6803.172022505445
35719,35.73817077379853,874.3799999994867,6803.222330399184
35720,35.73817077379853,874.3999999994867,6803.272637590306
35721,35.73817077379853,874.4199999994867,6803.322944078783
35722,35.73817077379853,874.4399999994866,6803.373249864589
35723,35.73817077379853,874.4599999994866,6803.423554947696
35724,35.73817077379853,874.4799999994866,6803.473859328079
35725,35.73817077379853,874.4999999994866,6803.524163005718
35726,35.73817077379853,874.5199999994866,6803.574465982033
35727,35.73817077379853,874.5399999994866,6803.624768258367
35728,35.73817077379853,874.5599999994865,6803.675069834693
35729,35.73817077379853,874.5799999994865,6803.725370710984
35730,35.73817077379853,874.5999999994865,6803.775670887213
35731,35.73817077379853,874.6199999994865,6803.825970363353
35732,35.73817077379853,874.6399999994865,6803.876269139378
35733,35.73817077379853,874.6599999994864,6803.926567215259
35734,35.73817077379853,874.6799999994864,6803.976864590971
35735,35.73817077379853,874.6999999994864,6804.027161266486
35736,35.73817077379853,874.7199999994864,6804.077457241777
35737,35.73817077379853,874.7399999994864,6804.127752516817
35738,35.73817077379853,874.7599999994864,6804.178047091579
35739,35.73817077379853,874.7799999994863,6804.228340966037
35740,35.73817077379853,874.7999999994863,6804.2786341401625
35741,35.73817077379853,874.8199999994863,6804.328926613929
35742,35.73817077379853,874.8399999994863,6804.379218387309
35743,35.73817077379853,874.8599999994863,6804.429509460277
35744,35.73817077379853,874.8799999994862,6804.479799832805
35745,35.73817077379853,874.8999999994862,6804.530089504866
35746,35.73817077379853,874.9199999994862,6804.580378476433
35747,35.73817077379853,874.9399999994862,6804.630666747479
35748,35.73817077379853,874.9599999994862,6804.680954317978
35749,35.73817077379853,874.9799999994862,6804.731241187902
35750,35.73817077379853,874.9999999994861,6804.781527357224
35751,35.73817077379853,875.0199999994861,6804.831812825917
35752,35.73817077379853,875.0399999994861,6804.882097593954
35753,35.73817077379853,875.0599999994861,6804.932381661309
35754,35.73817077379853,875.0799999994861,6804.982665027954
35755,35.73817077379853,875.099999999486,6805.032947693862
35756,35.73817077379853,875.119999999486,6805.083229659007
35757,35.73817077379853,875.139999999486,6805.1335109233605
35758,35.73817077379853,875.159999999486,6805.183791486897
35759,35.73817077379853,875.179999999486,6805.234071349588
35760,35.73817077379853,875.199999999486,6805.284350511408
35761,35.73817077379853,875.2199999994859,6805.334628972329
35762,35.73817077379853,875.2399999994859,6805.3849067323235
35763,35.73817077379853,875.2599999994859,6805.435183791366
35764,35.73817077379853,875.2799999994859,6805.48546014943
35765,35.73817077379853,875.2999999994859,6805.535735806487
35766,35.73817077379853,875.3199999994858,6805.586010762509
35767,35.73817077379853,875.3399999994858,6805.636285017472
35768,35.73817077379853,875.3599999994858,6805.686558571347
35769,35.73817077379853,875.3799999994858,6805.736831424107
35770,35.73817077379853,875.3999999994858,6805.787103575725
35771,35.73817077379853,875.4199999994858,6805.837375026175
35772,35.73817077379853,875.4399999994857,6805.8876457754295
35773,35.73817077379853,875.4599999994857,6805.9379158234615
35774,35.73817077379853,875.4799999994857,6805.988185170244
35775,35.73817077379853,875.4999999994857,6806.03845381575
35776,35.73817077379853,875.5199999994857,6806.088721759996
35777,35.73817077379853,875.5399999994856,6806.1389890046075
35778,35.73817077379853,875.5599999994856,6806.189255550819
35779,35.73817077379853,875.5799999994856,6806.239521398603
35780,35.73817077379853,875.5999999994856,6806.289786547932
35781,35.73817077379853,875.6199999994856,6806.34005099878
35782,35.73817077379853,875.6399999994856,6806.390314751119
35783,35.73817077379853,875.6599999994855,6806.440577804923
35784,35.73817077379853,875.6799999994855,6806.490840160164
35785,35.73817077379853,875.6999999994855,6806.541101816816
35786,35.73817077379853,875.7199999994855,6806.591362774851
35787,35.73817077379853,875.7399999994855,6806.641623034244
35788,35.73817077379853,875.7599999994854,6806.691882594966
35789,35.73817077379853,875.7799999994854,6806.742141456991
35790,35.73817077379853,875.7999999994854,6806.792399620292
35791,35.73817077379853,875.8199999994854,6806.842657084841
35792,35.73817077379853,875.8399999994854,6806.892913850613
35793,35.73817077379853,875.8599999994854,6806.943169917579
35794,35.73817077379853,875.8799999994853,6806.993425285714
35795,35.73817077379853,875.8999999994853,6807.04367995499
35796,35.73817077379853,875.9199999994853,6807.09393392538
35797,35.73817077379853,875.9399999994853,6807.144187196857
35798,35.73817077379853,875.9599999994853,6807.194439769395
35799,35.73817077379853,875.9799999994852,6807.244691642966
35800,35.73817077379853,875.9999999994852,6807.294942817543
35801,35.73817077379853,876.0199999994852,6807.3451932931
35802,35.73817077379853,876.0399999994852,6807.395443069609
35803,35.73817077379853,876.0599999994852,6807.445692147045
35804,35.73817077379853,876.0799999994852,6807.495940525378
35805,35.73817077379853,876.0999999994851,6807.546188204583
35806,35.73817077379853,876.1199999994851,6807.596435184632
35807,35.73817077379853,876.1399999994851,6807.6466814655
35808,35.73817077379853,876.1599999994851,6807.696927047158
35809,35.73817077379853,876.1799999994851,6807.74717192958
35810,35.73817077379853,876.199999999485,6807.797416112739
35811,35.73817077379853,876.219999999485,6807.847659596608
35812,35.73817077379853,876.239999999485,6807.89790238116
35813,35.73817077379853,876.259999999485,6807.948144466368
35814,35.73817077379853,876.279999999485,6807.9983858522055
35815,35.73817077379853,876.299999999485,6808.048626538645
35816,35.73817077379853,876.3199999994849,6808.09886652566
35817,35.73817077379853,876.3399999994849,6808.149105813223
35818,35.73817077379853,876.3599999994849,6808.199344401308
35819,35.73817077379853,876.3799999994849,6808.249582289886
35820,35.73817077379853,876.3999999994849,6808.2998194789325
35821,35.73817077379853,876.4199999994848,6808.350055968419
35822,35.73817077379853,876.4399999994848,6808.400291758319
35823,35.73817077379853,876.4599999994848,6808.450526848606
35824,35.73817077379853,876.4799999994848,6808.500761239253
35825,35.73817077379853,876.4999999994848,6808.550994930232
35826,35.73817077379853,876.5199999994848,6808.601227921517
35827,35.73817077379853,876.5399999994847,6808.65146021316
35828,35.73817077379853,876.5599999994847,6808.701691806928
35829,35.73817077379853,876.5799999994847,6808.75192270388
35830,35.73817077379853,876.5999999994847,6808.80215290399
35831,35.73817077379853,876.6199999994847,6808.852382407231
35832,35.73817077379853,876.6399999994846,6808.902611213575
35833,35.73817077379853,876.6599999994846,6808.9528393229975
35834,35.73817077379853,876.6799999994846,6809.0030667354695
35835,35.73817077379853,876.6999999994846,6809.053293450966
35836,35.73817077379853,876.7199999994846,6809.103519469458
35837,35.73817077379853,876.7399999994846,6809.15374479092
35838,35.73817077379853,876.7599999994845,6809.203969415325
35839,35.73817077379853,876.7799999994845,6809.254193342646
35840,35.73817077379853,876.7999999994845,6809.304416572857
35841,35.73817077379853,876.8199999994845,6809.35463910593
35842,35.73817077379853,876.8399999994845,6809.404860941839
35843,35.73817077379853,876.8599999994844,6809.455082080556
35844,35.73817077379853,876.8799999994844,6809.505302522056
35845,35.73817077379853,876.8999999994844,6809.555522266311
35846,35.73817077379853,876.9199999994844,6809.605741313293
35847,35.73817077379853,876.9399999994844,6809.655959662977
35848,35.73817077379853,876.9599999994844,6809.7061773153355
35849,35.73817077379853,876.9799999994843,6809.756394270342
35850,35.73817077379853,876.9999999994843,6809.806610527969
35851,35.73817077379853,877.0199999994843,6809.856826088189
35852,35.73817077379853,877.0399999994843,6809.907040950978
35853,35.73817077379853,877.0599999994843,6809.957255116306
35854,35.73817077379853,877.0799999994842,6810.007468584152
35855,35.73817077379853,877.0999999994842,6810.0576813545795
35856,35.73817077379853,877.1199999994842,6810.107893427618
35857,35.73817077379853,877.1399999994842,6810.158104803242
35858,35.73817077379853,877.1599999994842,6810.208315481424
35859,35.73817077379853,877.1799999994842,6810.258525462135
35860,35.73817077379853,877.1999999994841,6810.308734745351
35861,35.73817077379853,877.2199999994841,6810.3589433310435
35862,35.73817077379853,877.2399999994841,6810.409151219186
35863,35.73817077379853,877.2599999994841,6810.459358409752
35864,35.73817077379853,877.2799999994841,6810.5095649027135
35865,35.73817077379853,877.299999999484,6810.559770698044
35866,35.73817077379853,877.319999999484,6810.609975795717
35867,35.73817077379853,877.339999999484,6810.660180195705
35868,35.73817077379853,877.359999999484,6810.710383897981
35869,35.73817077379853,877.379999999484,6810.760586902518
35870,35.73817077379853,877.399999999484,6810.81078920929
35871,35.73817077379853,877.4199999994839,6810.86099081827
35872,35.73817077379853,877.4399999994839,6810.911191729429
35873,35.73817077379853,877.4599999994839,6810.961391942743
35874,35.73817077379853,877.4799999994839,6811.011591458183
35875,35.73817077379853,877.4999999994839,6811.061790275722
35876,35.73817077379853,877.5199999994838,6811.111988395334
35877,35.73817077379853,877.5399999994838,6811.162185816992
35878,35.73817077379853,877.5599999994838,6811.212382540787
35879,35.73817077379853,877.5799999994838,6811.262578568716
35880,35.73817077379853,877.5999999994838,6811.312773901705
35881,35.73817077379853,877.6199999994838,6811.362968539728
35882,35.73817077379853,877.6399999994837,6811.413162482758
35883,35.73817077379853,877.6599999994837,6811.463355730767
35884,35.73817077379853,877.6799999994837,6811.5135482837295
35885,35.73817077379853,877.6999999994837,6811.563740141618
35886,35.73817077379853,877.7199999994837,6811.613931304405
35887,35.73817077379853,877.7399999994836,6811.664121772064
35888,35.73817077379853,877.7599999994836,6811.71431154457
35889,35.73817077379853,877.7799999994836,6811.764500621894
35890,35.73817077379853,877.7999999994836,6811.814689004009
35891,35.73817077379853,877.8199999994836,6811.864876690889
35892,35.73817077379853,877.8399999994836,6811.915063682507
35893,35.73817077379853,877.8599999994835,6811.965249978836
35894,35.73817077379853,877.8799999994835,6812.0154355798495
35895,35.68824531399048,877.8999999994835,6812.0656204855195
35896,35.68824531399048,877.9199999994835,6812.11580469582
35897,35.68824531399048,877.9399999994835,6812.165988210724
35898,35.68824531399048,877.9599999994834,6812.216171030204
35899,35.68824531399048,877.9799999994834,6812.266353154235
35900,35.68824531399048,877.9999999994834,6812.316534582787
35901,35.68824531399048,878.0199999994834,6812.366715315836
35902,35.68824531399048,878.0399999994834,6812.4168953533535
35903,35.68824531399048,878.0599999994834,6812.467074695313
35904,35.68824531399048,878.0799999994833,6812.517253341688
35905,35.68824531399048,878.0999999994833,6812.567431292451
35906,35.68824531399048,878.1199999994833,6812.617608547576
35907,35.68824531399048,878.1399999994833,6812.667785107035
35908,35.68824531399048,878.1599999994833,6812.717960970803
35909,35.68824531399048,878.1799999994832,6812.76813613885
35910,35.68824531399048,878.1999999994832,6812.818310611152
35911,35.68824531399048,878.2199999994832,6812.868484387681
35912,35.68824531399048,878.2399999994832,6812.91865746841
35913,35.68824531399048,878.2599999994832,6812.968829853312
35914,35.68824531399048,878.2799999994832,6813.0190015423605
35915,35.68824531399048,878.2999999994831,6813.069172535528
35916,35.68824531399048,878.3199999994831,6813.119342832789
35917,35.68824531399048,878.3399999994831,6813.169512434115
35918,35.68824531399048,878.3599999994831,6813.21968133948
35919,35.68824531399048,878.3799999994831,6813.269849548858
35920,35.68824531399048,878.399999999483,6813.320017062219
35921,35.68824531399048,878.419999999483,6813.37018387954
35922,35.68824531399048,878.439999999483,6813.420350000792
35923,35.68824531399048,878.459999999483,6813.470515425947
35924,35.68824531399048,878.479999999483,6813.520680154981
35925,35.68824531399048,878.499999999483,6813.570844187865
35926,35.68824531399048,878.5199999994829,6813.6210075245735
35927,35.68824531399048,878.5399999994829,6813.671170165078
35928,35.68824531399048,878.5599999994829,6813.721332109353
35929,35.68824531399048,878.5799999994829,6813.771493357512
35930,35.68824531399048,878.5999999994829,6813.821653911483
35931,35.68824531399048,878.6199999994828,6813.871813771935
35932,35.68824531399048,878.6399999994828,6813.921972938843
35933,35.68824531399048,878.6599999994828,6813.972131412179
35934,35.68824531399048,878.6799999994828,6814.022289191917
35935,35.68824531399048,878.6999999994828,6814.072446278029
35936,35.68824531399048,878.7199999994828,6814.122602670489
35937,35.68824531399048,878.7399999994827,6814.17275836927
35938,35.68824531399048,878.7599999994827,6814.222913374345
35939,35.68824531399048,878.7799999994827,6814.273067685687
35940,35.68824531399048,878.7999999994827,6814.323221303271
35941,35.68824531399048,878.8199999994827,6814.373374227068
35942,35.68824531399048,878.8399999994826,6814.423526457052
35943,35.68824531399048,878.8599999994826,6814.473677993195
35944,35.68824531399048,878.8799999994826,6814.523828835473
35945,35.68824531399048,878.8999999994826,6814.573978983857
35946,35.68824531399048,878.9199999994826,6814.624128438321
35947,35.68824531399048,878.9399999994826,6814.674277198838
35948,35.68824531399048,878.9599999994825,6814.724425265382
35949,35.68824531399048,878.9799999994825,6814.774572637924
35950,35.68824531399048,878.9999999994825,6814.82471931644
35951,35.68824531399048,879.0199999994825,6814.874865300901
35952,35.68824531399048,879.0399999994825,6814.925010591281
35953,35.68824531399048,879.0599999994824,6814.975155187553
35954,35.68824531399048,879.0799999994824,6815.0252990896915
35955,35.68824531399048,879.0999999994824,6815.075442297668
35956,35.68824531399048,879.1199999994824,6815.125584811456
35957,35.68824531399048,879.1399999994824,6815.17572663103
35958,35.68824531399048,879.1599999994824,6815.225867756361
35959,35.68824531399048,879.1799999994823,6815.276008187424
35960,35.68824531399048,879.1999999994823,6815.326147924192
35961,35.68824531399048,879.2199999994823,6815.376286966637
35962,35.68824531399048,879.2399999994823,6815.426425314734
35963,35.68824531399048,879.2599999994823,6815.476562968454
35964,35.68824531399048,879.2799999994822,6815.526699927773
35965,35.68824531399048,879.2999999994822,6815.576836192662
35966,35.68824531399048,879.3199999994822,6815.626971763095
35967,35.68824531399048,879.3399999994822,6815.677106639045
35968,35.68824531399048,879.3599999994822,6815.727240820485
35969,35.68824531399048,879.3799999994822,6815.777374307389
35970,35.68824531399048,879.3999999994821,6815.82750709973
35971,35.68824531399048,879.4199999994821,6815.87763919748
35972,35.68824531399048,879.4399999994821,6815.927770600613
35973,35.68824531399048,879.4599999994821,6815.977901309103
35974,35.68824531399048,879.4799999994821,6816.028031322922
35975,35.68824531399048,879.499999999482,6816.078160642044
35976,35.68824531399048,879.519999999482,6816.128289266442
35977,35.68824531399048,879.539999999482,6816.178417196089
35978,35.68824531399048,879.559999999482,6816.228544430958
35979,35.68824531399048,879.579999999482,6816.2786709710235
35980,35.68824531399048,879.599999999482,6816.328796816438
35981,35.68824531399048,879.6199999994819,6816.378921969354
35982,35.68824531399048,879.6399999994819,6816.429046430302
35983,35.68824531399048,879.6599999994819,6816.4791701992535
35984,35.68824531399048,879.6799999994819,6816.529293276182
35985,35.68824531399048,879.6999999994819,6816.579415661061
35986,35.68824531399048,879.7199999994818,6816.629537353863
35987,35.68824531399048,879.7399999994818,6816.679658354562
35988,35.68824531399048,879.7599999994818,6816.729778663132
35989,35.68824531399048,879.7799999994818,6816.779898279544
35990,35.68824531399048,879.7999999994818,6816.830017203773
35991,35.68824531399048,879.8199999994818,6816.880135435793
35992,35.68824531399048,879.8399999994817,6816.930252975575
35993,35.68824531399048,879.8599999994817,6816.9803698230935
35994,35.68824531399048,879.8799999994817,6817.030485978322
35995,35.68824531399048,879.8999999994817,6817.080601441234
35996,35.68824531399048,879.9199999994817,6817.130716211802
35997,35.68824531399048,879.9399999994816,6817.180830289999
35998,35.68824531399048,879.9599999994816,6817.230943675799
35999,35.68824531399048,879.9799999994816,6817.281056369175
36000,35.68824531399048,879.9999999994816,6817.3311683701
36001,35.68824531399048,880.0199999994816,6817.381279678549
36002,35.68824531399048,880.0399999994816,6817.431390294492
36003,35.68824531399048,880.0599999994815,6817.481500217906
36004,35.68824531399048,880.0799999994815,6817.531609448762
36005,35.68824531399048,880.0999999994815,6817.581717987033
36006,35.68824531399048,880.1199999994815,6817.631825832693
36007,35.68824531399048,880.1399999994815,6817.681932985715
36008,35.68824531399048,880.1599999994814,6817.732039446073
36009,35.68824531399048,880.1799999994814,6817.78214521374
36010,35.68824531399048,880.1999999994814,6817.832250288689
36011,35.68824531399048,880.2199999994814,6817.882354670893
36012,35.68824531399048,880.2399999994814,6817.932458360326
36013,35.68824531399048,880.2599999994814,6817.98256135696
36014,35.68824531399048,880.2799999994813,6818.03266366077
36015,35.68824531399048,880.2999999994813,6818.082765271728
36016,35.68824531399048,880.3199999994813,6818.132866189808
36017,35.68824531399048,880.3399999994813,6818.182966414983
36018,35.68824531399048,880.3599999994813,6818.233065947225
36019,35.68824531399048,880.3799999994812,6818.2831647865105
36020,35.68824531399048,880.3999999994812,6818.33326293281
36021,35.68824531399048,880.4199999994812,6818.383360386098
36022,35.68824531399048,880.4399999994812,6818.433457146347
36023,35.68824531399048,880.4599999994812,6818.48355321353
36024,35.68824531399048,880.4799999994812,6818.533648587621
36025,35.68824531399048,880.4999999994811,6818.583743268594
36026,35.68824531399048,880.5199999994811,6818.6338372564205
36027,35.68824531399048,880.5399999994811,6818.683930551075
36028,35.68824531399048,880.5599999994811,6818.73402315253
36029,35.68824531399048,880.5799999994811,6818.78411506076
36030,35.68824531399048,880.599999999481,6818.834206275737
36031,35.68824531399048,880.619999999481,6818.884296797651
36032,35.68824531399048,880.639999999481,6818.934386628791
36033,35.68824531399048,880.659999999481,6818.984475769515
36034,35.68824531399048,880.679999999481,6819.034564219794
36035,35.68824531399048,880.699999999481,6819.084651979605
36036,35.68824531399048,880.7199999994809,6819.134739048918
36037,35.68824531399048,880.7399999994809,6819.184825427708
36038,35.68824531399048,880.7599999994809,6819.234911115948
36039,35.68824531399048,880.7799999994809,6819.284996113612
36040,35.68824531399048,880.7999999994809,6819.335080420672
36041,35.68824531399048,880.8199999994808,6819.385164037102
36042,35.68824531399048,880.8399999994808,6819.435246962876
36043,35.68824531399048,880.8599999994808,6819.485329197966
36044,35.68824531399048,880.8799999994808,6819.535410742346
36045,35.68824531399048,880.8999999994808,6819.585491595991
36046,35.68824531399048,880.9199999994808,6819.635571758871
36047,35.68824531399048,880.9399999994807,6819.685651230962
36048,35.68824531399048,880.9599999994807,6819.735730012237
36049,35.68824531399048,880.9799999994807,6819.785808102668
36050,35.68824531399048,880.9999999994807,6819.83588550223
36051,35.68824531399048,881.0199999994807,6819.885962210895
36052,35.68824531399048,881.0399999994806,6819.936038228637
36053,35.68824531399048,881.0599999994806,6819.986113555429
36054,35.68824531399048,881.0799999994806,6820.036188191283
36055,35.68824531399048,881.0999999994806,6820.086262136265
36056,35.68824531399048,881.1199999994806,6820.136335390355
36057,35.68824531399048,881.1399999994806,6820.186407953527
36058,35.68824531399048,881.1599999994805,6820.236479825755
36059,35.68824531399048,881.1799999994805,6820.286551007011
36060,35.68824531399048,881.1999999994805,6820.336621497269
36061,35.68824531399048,881.2199999994805,6820.386691296503
36062,35.68824531399048,881.2399999994805,6820.436760404686
36063,35.68824531399048,881.2599999994804,6820.48682882179
36064,35.68824531399048,881.2799999994804,6820.536896547791
36065,35.68824531399048,881.2999999994804,6820.586963582661
36066,35.68824531399048,881.3199999994804,6820.637029926374
36067,35.68824531399048,881.3399999994804,6820.687095578904
36068,35.68824531399048,881.3599999994804,6820.737160540222
36069,35.68824531399048,881.3799999994803,6820.787224810304
36070,35.68824531399048,881.3999999994803,6820.8372883891225
36071,35.68824531399048,881.4199999994803,6820.887351276651
36072,35.68824531399048,881.4399999994803,6820.937413472863
36073,35.68824531399048,881.4599999994803,6820.987474977732
36074,35.68824531399048,881.4799999994802,6821.037535791232
36075,35.68824531399048,881.4999999994802,6821.087595913335
36076,35.68824531399048,881.5199999994802,6821.137655344015
36077,35.68824531399048,881.5399999994802,6821.187714083246
36078,35.68824531399048,881.5599999994802,6821.237772131001
36079,35.68824531399048,881.5799999994802,6821.287829487254
36080,35.68824531399048,881.5999999994801,6821.337886151978
36081,35.68824531399048,881.6199999994801,6821.387942125146
36082,35.68824531399048,881.6399999994801,6821.437997407019
36083,35.68824531399048,881.6599999994801,6821.488052000078
36084,35.68824531399048,881.6799999994801,6821.538105904543
36085,35.68824531399048,881.69999999948,6821.588159120389
36086,35.68824531399048,881.71999999948,6821.638211647588
36087,35.68824531399048,881.73999999948,6821.688263486114
36088,35.68824531399048,881.75999999948,6821.738314635942
36089,35.68824531399048,881.77999999948,6821.788365097043
36090,35.68824531399048,881.79999999948,6821.838414869394
36091,35.68824531399048,881.8199999994799,6821.888463952967
36092,35.68824531399048,881.8399999994799,6821.938512347735
36093,35.68824531399048,881.8599999994799,6821.988560053673
36094,35.68824531399048,881.8799999994799,6822.038607070754
36095,35.68824531399048,881.8999999994799,6822.0886533989515
36096,35.68824531399048,881.9199999994798,6822.13869903824
36097,35.68824531399048,881.9399999994798,6822.188743988591
36098,35.68824531399048,881.9599999994798,6822.238788249982
36099,35.68824531399048,881.9799999994798,6822.288831822383
36100,35.68824531399048,881.9999999994798,6822.33887470577
36101,35.68824531399048,882.0199999994798,6822.388916900115
36102,35.68824531399048,882.0399999994797,6822.438958405392
36103,35.68824531399048,882.0599999994797,6822.488999221576
36104,35.68824531399048,882.0799999994797,6822.53903934864
36105,35.68824531399048,882.0999999994797,6822.5890787865565
36106,35.68824531399048,882.1199999994797,6822.639117535301
36107,35.68824531399048,882.1399999994796,6822.689155594846
36108,35.68824531399048,882.1599999994796,6822.739192965166
36109,35.63843598735286,882.1799999994796,6822.789229646234
36110,35.63843598735286,882.1999999994796,6822.839265638024
36111,35.63843598735286,882.2199999994796,6822.889300940509
36112,35.63843598735286,882.2399999994796,6822.939335553664
36113,35.63843598735286,882.2599999994795,6822.989369477462
36114,35.63843598735286,882.2799999994795,6823.039402711876
36115,35.63843598735286,882.2999999994795,6823.089435256881
36116,35.63843598735286,882.3199999994795,6823.13946711245
36117,35.63843598735286,882.3399999994795,6823.189498278556
36118,35.63843598735286,882.3599999994794,6823.2395287551735
36119,35.63843598735286,882.3799999994794,6823.289558542276
36120,35.63843598735286,882.3999999994794,6823.339587639837
36121,35.63843598735286,882.4199999994794,6823.389616047831
36122,35.63843598735286,882.4399999994794,6823.439643766231
36123,35.63843598735286,882.4599999994794,6823.48967079501
36124,35.63843598735286,882.4799999994793,6823.539697134143
36125,35.63843598735286,882.4999999994793,6823.589722783603
36126,35.63843598735286,882.5199999994793,6823.639747743364
36127,35.63843598735286,882.5399999994793,6823.689772013399
36128,35.63843598735286,882.5599999994793,6823.739795593683
36129,35.63843598735286,882.5799999994792,6823.789818484188
36130,35.63843598735286,882.5999999994792,6823.839840684888
36131,35.63843598735286,882.6199999994792,6823.889862195758
36132,35.63843598735286,882.6399999994792,6823.93988301677
36133,35.63843598735286,882.6599999994792,6823.98990314832
36134,35.63843598735286,882.6799999994792,6824.039922592514
36135,35.63843598735286,882.6999999994791,6824.089941349515
36136,35.63843598735286,882.7199999994791,6824.139959419299
36137,35.63843598735286,882.7399999994791,6824.189976801838
36138,35.63843598735286,882.7599999994791,6824.239993497107
36139,35.63843598735286,882.7799999994791,6824.29000950508
36140,35.63843598735286,882.799999999479,6824.34002482573
36141,35.63843598735286,882.819999999479,6824.390039459032
36142,35.63843598735286,882.839999999479,6824.440053404959
36143,35.63843598735286,882.859999999479,6824.490066663485
36144,35.63843598735286,882.879999999479,6824.540079234584
36145,35.63843598735286,882.899999999479,6824.59009111823
36146,35.63843598735286,882.9199999994789,6824.640102314397
36147,35.63843598735286,882.9399999994789,6824.690112823059
36148,35.63843598735286,882.9599999994789,6824.74012264419
36149,35.63843598735286,882.9799999994789,6824.790131777763
36150,35.63843598735286,882.9999999994789,6824.840140223753
36151,35.63843598735286,883.0199999994788,6824.890147982133
36152,35.63843598735286,883.0399999994788,6824.940155052878
36153,35.63843598735286,883.0599999994788,6824.990161435961
36154,35.63843598735286,883.0799999994788,6825.040167131357
36155,35.63843598735286,883.0999999994788,6825.090172139037
36156,35.63843598735286,883.1199999994788,6825.140176458978
36157,35.63843598735286,883.1399999994787,6825.190180091153
36158,35.63843598735286,883.1599999994787,6825.240183035536
36159,35.63843598735286,883.1799999994787,6825.2901852921
36160,35.63843598735286,883.1999999994787,6825.340186860821
36161,35.63843598735286,883.2199999994787,6825.39018774167
36162,35.63843598735286,883.2399999994786,6825.440187934623
36163,35.63843598735286,883.2599999994786,6825.490187439654
36164,35.63843598735286,883.2799999994786,6825.540186256735
36165,35.63843598735286,883.2999999994786,6825.590184385842
36166,35.63843598735286,883.3199999994786,6825.640181826948
36167,35.63843598735286,883.3399999994786,6825.690178580026
36168,35.63843598735286,883.3599999994785,6825.740174645052
36169,35.63843598735286,883.3799999994785,6825.790170021999
36170,35.63843598735286,883.3999999994785,6825.84016471084
36171,35.63843598735286,883.4199999994785,6825.89015871155
36172,35.63843598735286,883.4399999994785,6825.940152024102
36173,35.63843598735286,883.4599999994784,6825.99014464847
36174,35.63843598735286,883.4799999994784,6826.040136584629
36175,35.63843598735286,883.4999999994784,6826.090127832553
36176,35.63843598735286,883.5199999994784,6826.140118392214
36177,35.63843598735286,883.5399999994784,6826.190108263588
36178,35.63843598735286,883.5599999994784,6826.240097446647
36179,35.63843598735286,883.5799999994783,6826.290085941367
36180,35.63843598735286,883.5999999994783,6826.34007374772
36181,35.63843598735286,883.6199999994783,6826.390060865681
36182,35.63843598735286,883.6399999994783,6826.440047295224
36183,35.63843598735286,883.6599999994783,6826.4900330363225
36184,35.63843598735286,883.6799999994782,6826.540018089561
36185,35.63843598735286,883.6999999994782,6826.5900024570155
36186,35.63843598735286,883.7199999994782,6826.6399861388245
36187,35.63843598735286,883.7399999994782,6826.689969134963
36188,35.63843598735286,883.7599999994782,6826.739951445404
36189,35.63843598735286,883.7799999994782,6826.789933070121
36190,35.63843598735286,883.7999999994781,6826.83991400909
36191,35.63843598735286,883.8199999994781,6826.889894262284
36192,35.63843598735286,883.8399999994781,6826.939873829676
36193,35.63843598735286,883.8599999994781,6826.989852711241
36194,35.63843598735286,883.8799999994781,6827.039830906953
36195,35.63843598735286,883.899999999478,6827.089808416787
36196,35.63843598735286,883.919999999478,6827.139785240714
36197,35.63843598735286,883.939999999478,6827.189761378711
36198,35.63843598735286,883.959999999478,6827.239736830751
36199,35.63843598735286,883.979999999478,6827.289711596807
36200,35.63843598735286,883.999999999478,6827.339685676854
36201,35.63843598735286,884.0199999994779,6827.3896590708655
36202,35.63843598735286,884.0399999994779,6827.439631778816
36203,35.63843598735286,884.0599999994779,6827.489603800679
36204,35.63843598735286,884.0799999994779,6827.5395751364285
36205,35.63843598735286,884.0999999994779,6827.589545786039
36206,35.63843598735286,884.1199999994778,6827.639515749484
36207,35.63843598735286,884.1399999994778,6827.689485026738
36208,35.63843598735286,884.1599999994778,6827.739453617774
36209,35.63843598735286,884.1799999994778,6827.789421522568
36210,35.63843598735286,884.1999999994778,6827.839388741092
36211,35.63843598735286,884.2199999994777,6827.889355273321
36212,35.63843598735286,884.2399999994777,6827.939321119227
36213,35.63843598735286,884.2599999994777,6827.9892862787865
36214,35.63843598735286,884.2799999994777,6828.039250751973
36215,35.63843598735286,884.2999999994777,6828.08921453876
36216,35.63843598735286,884.3199999994777,6828.139177639121
36217,35.63843598735286,884.3399999994776,6828.189140053031
36218,35.63843598735286,884.3599999994776,6828.239101780464
36219,35.63843598735286,884.3799999994776,6828.289062821393
36220,35.63843598735286,884.3999999994776,6828.339023175792
36221,35.63843598735286,884.4199999994776,6828.388982843636
36222,35.63843598735286,884.4399999994775,6828.438941824898
36223,35.63843598735286,884.4599999994775,6828.488900119553
36224,35.63843598735286,884.4799999994775,6828.538857727575
36225,35.63843598735286,884.4999999994775,6828.588814648937
36226,35.63843598735286,884.5199999994775,6828.638770883614
36227,35.63843598735286,884.5399999994775,6828.688726431578
36228,35.63843598735286,884.5599999994774,6828.738681292805
36229,35.63843598735286,884.5799999994774,6828.788635467269
36230,35.63843598735286,884.5999999994774,6828.838588954944
36231,35.63843598735286,884.6199999994774,6828.888541755802
36232,35.63843598735286,884.6399999994774,6828.9384938698195
36233,35.63843598735286,884.6599999994773,6828.988445296969
36234,35.63843598735286,884.6799999994773,6829.038396037225
36235,35.63843598735286,884.6999999994773,6829.088346091343
36236,35.63843598735286,884.7199999994773,6829.138295461264
36237,35.63843598735286,884.7399999994773,6829.188244147093
36238,35.63843598735286,884.7599999994773,6829.238192148807
36239,35.63843598735286,884.7799999994772,6829.288139466377
36240,35.63843598735286,884.7999999994772,6829.338086099779
36241,35.63843598735286,884.8199999994772,6829.388032048985
36242,35.63843598735286,884.8399999994772,6829.437977313971
36243,35.63843598735286,884.8599999994772,6829.48792189471
36244,35.63843598735286,884.8799999994771,6829.537865791176
36245,35.63843598735286,884.8999999994771,6829.587809003344
36246,35.63843598735286,884.9199999994771,6829.637751531187
36247,35.63843598735286,884.9399999994771,6829.687693374679
36248,35.63843598735286,884.9599999994771,6829.737634533794
36249,35.63843598735286,884.9799999994771,6829.787575008507
36250,35.63843598735286,884.999999999477,6829.837514798791
36251,35.63843598735286,885.019999999477,6829.887453904621
36252,35.63843598735286,885.039999999477,6829.93739232597
36253,35.63843598735286,885.059999999477,6829.987330062813
36254,35.63843598735286,885.079999999477,6830.037267115156
36255,35.63843598735286,885.099999999477,6830.087203483047
36256,35.63843598735286,885.1199999994769,6830.137139166466
36257,35.63843598735286,885.1399999994769,6830.187074165386
36258,35.63843598735286,885.1599999994769,6830.237008479779
36259,35.63843598735286,885.1799999994769,6830.286942109622
36260,35.63843598735286,885.1999999994769,6830.336875054887
36261,35.63843598735286,885.2199999994768,6830.386807315548
36262,35.63843598735286,885.2399999994768,6830.436738891579
36263,35.63843598735286,885.2599999994768,6830.486669782953
36264,35.63843598735286,885.2799999994768,6830.536599989644
36265,35.63843598735286,885.2999999994768,6830.586529511626
36266,35.63843598735286,885.3199999994767,6830.636458348874
36267,35.63843598735286,885.3399999994767,6830.68638650136
36268,35.63843598735286,885.3599999994767,6830.736313969059
36269,35.63843598735286,885.3799999994767,6830.786240751944
36270,35.63843598735286,885.3999999994767,6830.836166849989
36271,35.63843598735286,885.4199999994767,6830.886092263168
36272,35.63843598735286,885.4399999994766,6830.936016991455
36273,35.63843598735286,885.4599999994766,6830.985941034824
36274,35.63843598735286,885.4799999994766,6831.035864393247
36275,35.63843598735286,885.4999999994766,6831.0857870667
36276,35.63843598735286,885.5199999994766,6831.135709055155
36277,35.63843598735286,885.5399999994765,6831.185630358586
36278,35.63843598735286,885.5599999994765,6831.235550976969
36279,35.63843598735286,885.5799999994765,6831.285470910275
36280,35.63843598735286,885.5999999994765,6831.33539015848
36281,35.63843598735286,885.6199999994765,6831.385308721556
36282,35.63843598735286,885.6399999994765,6831.435226599478
36283,35.63843598735286,885.6599999994764,6831.485143792219
36284,35.63843598735286,885.6799999994764,6831.535060299753
36285,35.63843598735286,885.6999999994764,6831.584976122054
36286,35.63843598735286,885.7199999994764,6831.634891260092
36287,35.63843598735286,885.7399999994764,6831.684805715758
36288,35.63843598735286,885.7599999994763,6831.734719489127
36289,35.63843598735286,885.7799999994763,6831.784632580175
36290,35.63843598735286,885.7999999994763,6831.834544988874
36291,35.63843598735286,885.8199999994763,6831.884456715198
36292,35.63843598735286,885.8399999994763,6831.934367759122
36293,35.63843598735286,885.8599999994763,6831.98427812062
36294,35.63843598735286,885.8799999994762,6832.034187799664
36295,35.63843598735286,885.8999999994762,6832.08409679623
36296,35.63843598735286,885.9199999994762,6832.134005110292
36297,35.63843598735286,885.9399999994762,6832.183912741822
36298,35.63843598735286,885.9599999994762,6832.233819690794
36299,35.63843598735286,885.9799999994761,6832.283725957183
36300,35.63843598735286,885.9999999994761,6832.333631540963
36301,35.63843598735286,886.0199999994761,6832.3835364421075
36302,35.63843598735286,886.0399999994761,6832.43344066059
36303,35.63843598735286,886.0599999994761,6832.483344196386
36304,35.63843598735286,886.0799999994761,6832.533247049467
36305,35.63843598735286,886.099999999476,6832.583149219808
36306,35.63843598735286,886.119999999476,6832.633050707383
36307,35.63843598735286,886.139999999476,6832.682951512165
36308,35.63843598735286,886.159999999476,6832.7328516341295
36309,35.63843598735286,886.179999999476,6832.7827510732495
36310,35.63843598735286,886.199999999476,6832.832649829499
36311,35.63843598735286,886.2199999994759,6832.882547902852
36312,35.63843598735286,886.2399999994759,6832.9324452932815
36313,35.63843598735286,886.2599999994759,6832.982342000762
36314,35.63843598735286,886.2799999994759,6833.032238025268
36315,35.63843598735286,886.2999999994759,6833.082133366774
36316,35.63843598735286,886.3199999994758,6833.132028025251
36317,35.63843598735286,886.3399999994758,6833.1819220006755
36318,35.63843598735286,886.3599999994758,6833.23181529302
36319,35.63843598735286,886.3799999994758,6833.28170790226
36320,35.63843598735286,886.3999999994758,6833.331599828368
36321,35.63843598735286,886.4199999994757,6833.381491071318
36322,35.63843598735286,886.4399999994757,6833.431381631084
36323,35.58874241603985,886.4599999994757,6833.4812715076405
36324,35.58874241603985,886.4799999994757,6833.531160700961
36325,35.58874241603985,886.4999999994757,6833.581049211019
36326,35.58874241603985,886.5199999994757,6833.6309370377885
36327,35.58874241603985,886.5399999994756,6833.680824181244
36328,35.58874241603985,886.5599999994756,6833.730710641359
36329,35.58874241603985,886.5799999994756,6833.780596418107
36330,35.58874241603985,886.5999999994756,6833.8304815114625
36331,35.58874241603985,886.6199999994756,6833.880365921399
36332,35.58874241603985,886.6399999994755,6833.930249647891
36333,35.58874241603985,886.6599999994755,6833.980132690912
36334,35.58874241603985,886.6799999994755,6834.030015050435
36335,35.58874241603985,886.6999999994755,6834.079896726435
36336,35.58874241603985,886.7199999994755,6834.1297777188865
36337,35.58874241603985,886.7399999994755,6834.179658028824
36338,35.58874241603985,886.7599999994754,6834.229537657826
36339,35.58874241603985,886.7799999994754,6834.2794166059275
36340,35.58874241603985,886.7999999994754,6834.329294873102
36341,35.58874241603985,886.8199999994754,6834.379172459326
36342,35.58874241603985,886.8399999994754,6834.429049364571
36343,35.58874241603985,886.8599999994753,6834.478925588813
36344,35.58874241603985,886.8799999994753,6834.5288011320245
36345,35.58874241603985,886.8999999994753,6834.578675994181
36346,35.58874241603985,886.9199999994753,6834.628550175257
36347,35.58874241603985,886.9399999994753,6834.678423675226
36348,35.58874241603985,886.9599999994753,6834.728296494063
36349,35.58874241603985,886.9799999994752,6834.778168631741
36350,35.58874241603985,886.9999999994752,6834.828040088235
36351,35.58874241603985,887.0199999994752,6834.877910863519
36352,35.58874241603985,887.0399999994752,6834.927780957567
36353,35.58874241603985,887.0599999994752,6834.977650370353
36354,35.58874241603985,887.0799999994751,6835.027519101853
36355,35.58874241603985,887.0999999994751,6835.077387152039
36356,35.58874241603985,887.1199999994751,6835.127254520886
36357,35.58874241603985,887.1399999994751,6835.177121208368
36358,35.58874241603985,887.1599999994751,6835.22698721446
36359,35.58874241603985,887.1799999994751,6835.276852539135
36360,35.58874241603985,887.199999999475,6835.326717182368
36361,35.58874241603985,887.219999999475,6835.3765811441335
36362,35.58874241603985,887.239999999475,6835.426444424405
36363,35.58874241603985,887.259999999475,6835.4763070231575
36364,35.58874241603985,887.279999999475,6835.526168940364
36365,35.58874241603985,887.299999999475,6835.576030176
36366,35.58874241603985,887.3199999994749,6835.625890730039
36367,35.58874241603985,887.3399999994749,6835.675750602455
36368,35.58874241603985,887.3599999994749,6835.725609793223
36369,35.58874241603985,887.3799999994749,6835.775468302317
36370,35.58874241603985,887.3999999994749,6835.82532612971
36371,35.58874241603985,887.4199999994748,6835.875183275378
36372,35.58874241603985,887.4399999994748,6835.925039739293
36373,35.58874241603985,887.4599999994748,6835.974895521432
36374,35.58874241603985,887.4799999994748,6836.024750621767
36375,35.58874241603985,887.4999999994748,6836.074605040274
36376,35.58874241603985,887.5199999994747,6836.124458776926
36377,35.58874241603985,887.5399999994747,6836.174311831697
36378,35.58874241603985,887.5599999994747,6836.224164204562
36379,35.58874241603985,887.5799999994747,6836.274015895495
36380,35.58874241603985,887.5999999994747,6836.3238669044695
36381,35.58874241603985,887.6199999994747,6836.37371723146
36382,35.58874241603985,887.6399999994746,6836.423566876442
36383,35.58874241603985,887.6599999994746,6836.4734158393885
36384,35.58874241603985,887.6799999994746,6836.523264120274
36385,35.58874241603985,887.6999999994746,6836.573111719072
36386,35.58874241603985,887.7199999994746,6836.622958635758
36387,35.58874241603985,887.7399999994745,6836.672804870304
36388,35.58874241603985,887.7599999994745,6836.722650423959
36389,35.58874241603985,887.7799999994745,6836.772495298233
36390,35.58874241603985,887.7999999994745,6836.822339493128
36391,35.58874241603985,887.8199999994745,6836.872183008621
36392,35.58874241603985,887.8399999994745,6836.922025844684
36393,35.58874241603985,887.8599999994744,6836.971868001292
36394,35.58874241603985,887.8799999994744,6837.021709478419
36395,35.58874241603985,887.8999999994744,6837.07155027604
36396,35.58874241603985,887.9199999994744,6837.121390394129
36397,35.58874241603985,887.9399999994744,6837.171229832659
36398,35.58874241603985,887.9599999994743,6837.221068591606
36399,35.58874241603985,887.9799999994743,6837.270906670943
36400,35.58874241603985,887.9999999994743,6837.320744070645
36401,35.58874241603985,888.0199999994743,6837.370580790685
36402,35.58874241603985,888.0399999994743,6837.42041683104
36403,35.58874241603985,888.0599999994743,6837.4702521916815
36404,35.58874241603985,888.0799999994742,6837.520086872585
36405,35.58874241603985,888.0999999994742,6837.569920873724
36406,35.58874241603985,888.1199999994742,6837.619754195073
36407,35.58874241603985,888.1399999994742,6837.669586836607
36408,35.58874241603985,888.1599999994742,6837.7194187983
36409,35.58874241603985,888.1799999994741,6837.769250080125
36410,35.58874241603985,888.1999999994741,6837.819080682058
36411,35.58874241603985,888.2199999994741,6837.868910604072
36412,35.58874241603985,888.2399999994741,6837.918739846142
36413,35.58874241603985,888.2599999994741,6837.9685684082415
36414,35.58874241603985,888.2799999994741,6838.018396290346
36415,35.58874241603985,888.299999999474,6838.068223492429
36416,35.58874241603985,888.319999999474,6838.118050014465
36417,35.58874241603985,888.339999999474,6838.167875856427
36418,35.58874241603985,888.359999999474,6838.21770101829
36419,35.58874241603985,888.379999999474,6838.2675255000295
36420,35.58874241603985,888.399999999474,6838.317349301618
36421,35.58874241603985,888.4199999994739,6838.367172423032
36422,35.58874241603985,888.4399999994739,6838.416994864243
36423,35.58874241603985,888.4599999994739,6838.466816625227
36424,35.58874241603985,888.4799999994739,6838.516637705957
36425,35.58874241603985,888.4999999994739,6838.566458106408
36426,35.58874241603985,888.5199999994738,6838.616277826555
36427,35.58874241603985,888.5399999994738,6838.666096866372
36428,35.58874241603985,888.5599999994738,6838.715915225832
36429,35.58874241603985,888.5799999994738,6838.76573290491
36430,35.58874241603985,888.5999999994738,6838.81554990358
36431,35.58874241603985,888.6199999994737,6838.865366221817
36432,35.58874241603985,888.6399999994737,6838.915181859594
36433,35.58874241603985,888.6599999994737,6838.964996816886
36434,35.58874241603985,888.6799999994737,6839.014811093668
36435,35.58874241603985,888.6999999994737,6839.064624689913
36436,35.58874241603985,888.7199999994737,6839.114437605596
36437,35.58874241603985,888.7399999994736,6839.164249840692
36438,35.58874241603985,888.7599999994736,6839.214061395178
36439,35.58874241603985,888.7799999994736,6839.263872270464
36440,35.58874241603985,888.7999999994736,6839.313682467924
36441,35.58874241603985,888.8199999994736,6839.363491987532
36442,35.58874241603985,888.8399999994735,6839.413300829262
36443,35.58874241603985,888.8599999994735,6839.463108993089
36444,35.58874241603985,888.8799999994735,6839.512916478987
36445,35.58874241603985,888.8999999994735,6839.56272328693
36446,35.58874241603985,888.9199999994735,6839.612529416892
36447,35.58874241603985,888.9399999994735,6839.662334868848
36448,35.58874241603985,888.9599999994734,6839.712139642772
36449,35.58874241603985,888.9799999994734,6839.761943738638
36450,35.58874241603985,888.9999999994734,6839.811747156421
36451,35.58874241603985,889.0199999994734,6839.861549896095
36452,35.58874241603985,889.0399999994734,6839.911351957634
36453,35.58874241603985,889.0599999994733,6839.9611533410125
36454,35.58874241603985,889.0799999994733,6840.01095404621
36455,35.58874241603985,889.0999999994733,6840.06075407329
36456,35.58874241603985,889.1199999994733,6840.11055342227
36457,35.58874241603985,889.1399999994733,6840.160352093123
36458,35.58874241603985,889.1599999994733,6840.210150085824
36459,35.58874241603985,889.1799999994732,6840.259947400347
36460,35.58874241603985,889.1999999994732,6840.3097440366655
36461,35.58874241603985,889.2199999994732,6840.3595399947535
36462,35.58874241603985,889.2399999994732,6840.409335274584
36463,35.58874241603985,889.2599999994732,6840.459129876132
36464,35.58874241603985,889.2799999994731,6840.508923799371
36465,35.58874241603985,889.2999999994731,6840.558717044274
36466,35.58874241603985,889.3199999994731,6840.608509610816
36467,35.58874241603985,889.3399999994731,6840.658301498971
36468,35.58874241603985,889.3599999994731,6840.708092708713
36469,35.58874241603985,889.3799999994731,6840.757883240014
36470,35.58874241603985,889.399999999473,6840.80767309285
36471,35.58874241603985,889.419999999473,6840.857462267194
36472,35.58874241603985,889.439999999473,6840.90725076302
36473,35.58874241603985,889.459999999473,6840.957038580302
36474,35.58874241603985,889.479999999473,6841.006825719013
36475,35.58874241603985,889.499999999473,6841.056612179128
36476,35.58874241603985,889.5199999994729,6841.106397960621
36477,35.58874241603985,889.5399999994729,6841.156183063465
36478,35.58874241603985,889.5599999994729,6841.205967487634
36479,35.58874241603985,889.5799999994729,6841.255751233102
36480,35.58874241603985,889.5999999994729,6841.305534299843
36481,35.58874241603985,889.6199999994728,6841.355316687831
36482,35.58874241603985,889.6399999994728,6841.40509839704
36483,35.58874241603985,889.6599999994728,6841.454879427443
36484,35.58874241603985,889.6799999994728,6841.504659779015
36485,35.58874241603985,889.6999999994728,6841.554439451729
36486,35.58874241603985,889.7199999994727,6841.604218445559
36487,35.58874241603985,889.7399999994727,6841.6539967604795
36488,35.58874241603985,889.7599999994727,6841.703774396464
36489,35.58874241603985,889.7799999994727,6841.753551353524
36490,35.58874241603985,889.7999999994727,6841.8033276332435
36491,35.58874241603985,889.8199999994727,6841.853103236859
36492,35.58874241603985,889.8399999994726,6841.902878164343
36493,35.58874241603985,889.8599999994726,6841.952652415669
36494,35.58874241603985,889.8799999994726,6842.0024259908105
36495,35.58874241603985,889.8999999994726,6842.052198889741
36496,35.58874241603985,889.9199999994726,6842.101971112434
36497,35.58874241603985,889.9399999994725,6842.151742658862
36498,35.58874241603985,889.9599999994725,6842.201513528999
36499,35.58874241603985,889.9799999994725,6842.251283722819
36500,35.58874241603985,889.9999999994725,6842.301053240294
36501,35.58874241603985,890.0199999994725,6842.350822081398
36502,35.58874241603985,890.0399999994725,6842.400590246105
36503,35.58874241603985,890.0599999994724,6842.450357734388
36504,35.58874241603985,890.0799999994724,6842.500124546219
36505,35.58874241603985,890.0999999994724,6842.549890681574
36506,35.58874241603985,890.1199999994724,6842.599656140424
36507,35.58874241603985,890.1399999994724,6842.649420922743
36508,35.58874241603985,890.1599999994723,6842.699185028505
36509,35.58874241603985,890.1799999994723,6842.748948457683
36510,35.58874241603985,890.1999999994723,6842.79871121025
36511,35.58874241603985,890.2199999994723,6842.848473286181
36512,35.58874241603985,890.2399999994723,6842.898234685447
36513,35.58874241603985,890.2599999994723,6842.947995408023
36514,35.58874241603985,890.2799999994722,6842.997755453882
36515,35.58874241603985,890.2999999994722,6843.047514822997
36516,35.58874241603985,890.3199999994722,6843.097273515342
36517,35.58874241603985,890.3399999994722,6843.14703153089
36518,35.58874241603985,890.3599999994722,6843.196788869614
36519,35.58874241603985,890.3799999994721,6843.246545531487
36520,35.58874241603985,890.3999999994721,6843.296301516483
36521,35.58874241603985,890.4199999994721,6843.346056824576
36522,35.58874241603985,890.4399999994721,6843.395811455739
36523,35.58874241603985,890.4599999994721,6843.445565409945
36524,35.58874241603985,890.479999999472,6843.495318687167
36525,35.58874241603985,890.499999999472,6843.54507128738
36526,35.58874241603985,890.519999999472,6843.594823210556
36527,35.58874241603985,890.539999999472,6843.644574456668
36528,35.58874241603985,890.559999999472,6843.694325025691
36529,35.58874241603985,890.579999999472,6843.744074917597
36530,35.58874241603985,890.599999999472,6843.793824132359
36531,35.58874241603985,890.6199999994719,6843.843572669952
36532,35.58874241603985,890.6399999994719,6843.893320530348
36533,35.58874241603985,890.6599999994719,6843.9430677135215
36534,35.58874241603985,890.6799999994719,6843.992814219445
36535,35.58874241603985,890.6999999994719,6844.042560048092
36536,35.58874241603985,890.7199999994718,6844.092305199436
36537,35.58874241603985,890.7399999994718,6844.142049673451
36538,35.53916422378477,890.7599999994718,6844.19179347011
36539,35.53916422378477,890.7799999994718,6844.241536589385
36540,35.53916422378477,890.7999999994718,6844.291279031322
36541,35.53916422378477,890.8199999994717,6844.341020797592
36542,35.53916422378477,890.8399999994717,6844.390761889232
36543,35.53916422378477,890.8599999994717,6844.440502306216
36544,35.53916422378477,890.8799999994717,6844.490242048521
36545,35.53916422378477,890.8999999994717,6844.539981116121
36546,35.53916422378477,890.9199999994717,6844.589719508993
36547,35.53916422378477,890.9399999994716,6844.63945722711
36548,35.53916422378477,890.9599999994716,6844.689194270449
36549,35.53916422378477,890.9799999994716,6844.738930638983
36550,35.53916422378477,890.9999999994716,6844.78866633269
36551,35.53916422378477,891.0199999994716,6844.838401351543
36552,35.53916422378477,891.0399999994715,6844.888135695519
36553,35.53916422378477,891.0599999994715,6844.937869364591
36554,35.53916422378477,891.0799999994715,6844.987602358737
36555,35.53916422378477,891.0999999994715,6845.03733467793
36556,35.53916422378477,891.1199999994715,6845.087066322146
36557,35.53916422378477,891.1399999994715,6845.13679729136
36558,35.53916422378477,891.1599999994714,6845.186527585549
36559,35.53916422378477,891.1799999994714,6845.236257204686
36560,35.53916422378477,891.1999999994714,6845.285986148748
36561,35.53916422378477,891.2199999994714,6845.335714417709
36562,35.53916422378477,891.2399999994714,6845.385442011545
36563,35.53916422378477,891.2599999994713,6845.43516893023
36564,35.53916422378477,891.2799999994713,6845.484895173741
36565,35.53916422378477,891.2999999994713,6845.5346207420525
36566,35.53916422378477,891.3199999994713,6845.5843456351395
36567,35.53916422378477,891.3399999994713,6845.6340698529775
36568,35.53916422378477,891.3599999994713,6845.683793395541
36569,35.53916422378477,891.3799999994712,6845.733516262807
36570,35.53916422378477,891.3999999994712,6845.783238454749
36571,35.53916422378477,891.4199999994712,6845.832959971343
36572,35.53916422378477,891.4399999994712,6845.882680812565
36573,35.53916422378477,891.4599999994712,6845.932400978389
36574,35.53916422378477,891.4799999994711,6845.9821204687905
36575,35.53916422378477,891.4999999994711,6846.031839283745
36576,35.53916422378477,891.5199999994711,6846.081557423228
36577,35.53916422378477,891.5399999994711,6846.131274887215
36578,35.53916422378477,891.5599999994711,6846.18099167568
36579,35.53916422378477,891.579999999471,6846.230707788599
36580,35.53916422378477,891.599999999471,6846.280423225948
36581,35.53916422378477,891.619999999471,6846.330137987701
36582,35.53916422378477,891.639999999471,6846.379852073834
36583,35.53916422378477,891.659999999471,6846.429565484322
36584,35.53916422378477,891.679999999471,6846.47927821914
36585,35.53916422378477,891.699999999471,6846.528990278263
36586,35.53916422378477,891.7199999994709,6846.578701661668
36587,35.53916422378477,891.7399999994709,6846.6284123693285
36588,35.53916422378477,891.7599999994709,6846.67812240122
36589,35.53916422378477,891.7799999994709,6846.727831757319
36590,35.53916422378477,891.7999999994709,6846.7775404376
36591,35.53916422378477,891.8199999994708,6846.827248442137
36592,35.53916422378477,891.8399999994708,6846.876955772663
36593,35.53916422378477,891.8599999994708,6846.926662430009
36594,35.53916422378477,891.8799999994708,6846.97636841415
36595,35.53916422378477,891.8999999994708,6847.026073725061
36596,35.53916422378477,891.9199999994707,6847.075778362717
36597,35.53916422378477,891.9399999994707,6847.125482327092
36598,35.53916422378477,891.9599999994707,6847.175185618161
36599,35.53916422378477,891.9799999994707,6847.224888235899
36600,35.53916422378477,891.9999999994707,6847.274590180281
36601,35.53916422378477,892.0199999994707,6847.324291451281
36602,35.53916422378477,892.0399999994706,6847.373992048875
36603,35.53916422378477,892.0599999994706,6847.4236919730365
36604,35.53916422378477,892.0799999994706,6847.473391223742
36605,35.53916422378477,892.0999999994706,6847.523089800964
36606,35.53916422378477,892.1199999994706,6847.572787704678
36607,35.53916422378477,892.1399999994705,6847.62248493486
36608,35.53916422378477,892.1599999994705,6847.672181491484
36609,35.53916422378477,892.1799999994705,6847.721877374524
36610,35.53916422378477,892.1999999994705,6847.771572583956
36611,35.53916422378477,892.2199999994705,6847.821267119754
36612,35.53916422378477,892.2399999994705,6847.870960981893
36613,35.53916422378477,892.2599999994704,6847.920654170349
36614,35.53916422378477,892.2799999994704,6847.970346685095
36615,35.53916422378477,892.2999999994704,6848.020038526107
36616,35.53916422378477,892.3199999994704,6848.069729693359
36617,35.53916422378477,892.3399999994704,6848.119420186825
36618,35.53916422378477,892.3599999994703,6848.169110006481
36619,35.53916422378477,892.3799999994703,6848.2187991523015
36620,35.53916422378477,892.3999999994703,6848.268487624261
36621,35.53916422378477,892.4199999994703,6848.318175422335
36622,35.53916422378477,892.4399999994703,6848.367862546498
36623,35.53916422378477,892.4599999994703,6848.417548996725
36624,35.53916422378477,892.4799999994702,6848.467234772989
36625,35.53916422378477,892.4999999994702,6848.516919875267
36626,35.53916422378477,892.5199999994702,6848.5666043035335
36627,35.53916422378477,892.5399999994702,6848.616288057762
36628,35.53916422378477,892.5599999994702,6848.665971137929
36629,35.53916422378477,892.5799999994701,6848.715653544007
36630,35.53916422378477,892.5999999994701,6848.765335275973
36631,35.53916422378477,892.6199999994701,6848.8150163338005
36632,35.53916422378477,892.6399999994701,6848.8646967174645
36633,35.53916422378477,892.6599999994701,6848.91437642694
36634,35.53916422378477,892.67999999947,6848.964055462202
36635,35.53916422378477,892.69999999947,6849.013733823225
36636,35.53916422378477,892.71999999947,6849.063411509984
36637,35.53916422378477,892.73999999947,6849.113088522453
36638,35.53916422378477,892.75999999947,6849.162764860607
36639,35.53916422378477,892.77999999947,6849.212440524422
36640,35.53916422378477,892.79999999947,6849.262115513872
36641,35.53916422378477,892.8199999994699,6849.311789828932
36642,35.53916422378477,892.8399999994699,6849.361463469712
36643,35.53916422378477,892.8599999994699,6849.411136438138
36644,35.53916422378477,892.8799999994699,6849.460808734905
36645,35.53916422378477,892.8999999994699,6849.51048035999
36646,35.53916422378477,892.9199999994698,6849.560151313365
36647,35.53916422378477,892.9399999994698,6849.609821595008
36648,35.53916422378477,892.9599999994698,6849.659491204891
36649,35.53916422378477,892.9799999994698,6849.709160142991
36650,35.53916422378477,892.9999999994698,6849.758828409282
36651,35.53916422378477,893.0199999994697,6849.808496003738
36652,35.53916422378477,893.0399999994697,6849.858162926334
36653,35.53916422378477,893.0599999994697,6849.907829177047
36654,35.53916422378477,893.0799999994697,6849.957494755849
36655,35.53916422378477,893.0999999994697,6850.007159662721
36656,35.53916422378477,893.1199999994697,6850.056823897732
36657,35.53916422378477,893.1399999994696,6850.1064874609165
36658,35.53916422378477,893.1599999994696,6850.156150352249
36659,35.53916422378477,893.1799999994696,6850.205812571704
36660,35.53916422378477,893.1999999994696,6850.255474119257
36661,35.53916422378477,893.2199999994696,6850.305134994883
36662,35.53916422378477,893.2399999994695,6850.354795198556
36663,35.53916422378477,893.2599999994695,6850.40445473025
36664,35.53916422378477,893.2799999994695,6850.454113589941
36665,35.53916422378477,893.2999999994695,6850.503771777602
36666,35.53916422378477,893.3199999994695,6850.55342929321
36667,35.53916422378477,893.3399999994695,6850.603086136737
36668,35.53916422378477,893.3599999994694,6850.65274230816
36669,35.53916422378477,893.3799999994694,6850.702397807452
36670,35.53916422378477,893.3999999994694,6850.752052634589
36671,35.53916422378477,893.4199999994694,6850.801706789544
36672,35.53916422378477,893.4399999994694,6850.851360272293
36673,35.53916422378477,893.4599999994693,6850.901013082811
36674,35.53916422378477,893.4799999994693,6850.950665221072
36675,35.53916422378477,893.4999999994693,6851.00031668705
36676,35.53916422378477,893.5199999994693,6851.049967480721
36677,35.53916422378477,893.5399999994693,6851.099617602059
36678,35.53916422378477,893.5599999994693,6851.149267051039
36679,35.53916422378477,893.5799999994692,6851.198915827635
36680,35.53916422378477,893.5999999994692,6851.248563931822
36681,35.53916422378477,893.6199999994692,6851.298211363575
36682,35.53916422378477,893.6399999994692,6851.347858122868
36683,35.53916422378477,893.6599999994692,6851.397504209676
36684,35.53916422378477,893.6799999994691,6851.447149623975
36685,35.53916422378477,893.6999999994691,6851.4967943657375
36686,35.53916422378477,893.7199999994691,6851.546438434939
36687,35.53916422378477,893.7399999994691,6851.596081831554
36688,35.53916422378477,893.7599999994691,6851.645724555558
36689,35.53916422378477,893.779999999469,6851.695366606926
36690,35.53916422378477,893.799999999469,6851.745007985631
36691,35.53916422378477,893.819999999469,6851.794648691648
36692,35.53916422378477,893.839999999469,6851.844288724953
36693,35.53916422378477,893.859999999469,6851.893928085689
36694,35.53916422378477,893.879999999469,6851.9435667759135
36695,35.53916422378477,893.899999999469,6851.9932047961565
36696,35.53916422378477,893.9199999994689,6852.042842146393
36697,35.53916422378477,893.9399999994689,6852.092478826598
36698,35.53916422378477,893.9599999994689,6852.142114836746
36699,35.53916422378477,893.9799999994689,6852.191750176811
36700,35.53916422378477,893.9999999994689,6852.241384846769
36701,35.53916422378477,894.0199999994688,6852.291018846593
36702,35.53916422378477,894.0399999994688,6852.340652176258
36703,35.53916422378477,894.0599999994688,6852.390284835739
36704,35.53916422378477,894.0799999994688,6852.439916825011
36705,35.53916422378477,894.0999999994688,6852.489548144048
36706,35.53916422378477,894.1199999994687,6852.539178792826
36707,35.53916422378477,894.1399999994687,6852.588808771317
36708,35.53916422378477,894.1599999994687,6852.638438079499
36709,35.53916422378477,894.1799999994687,6852.688066717344
36710,35.53916422378477,894.1999999994687,6852.737694684827
36711,35.53916422378477,894.2199999994687,6852.787321981924
36712,35.53916422378477,894.2399999994686,6852.8369486086085
36713,35.53916422378477,894.2599999994686,6852.886574564855
36714,35.53916422378477,894.2799999994686,6852.936199850639
36715,35.53916422378477,894.2999999994686,6852.985824465935
36716,35.53916422378477,894.3199999994686,6853.035448410717
36717,35.53916422378477,894.3399999994685,6853.085071684961
36718,35.53916422378477,894.3599999994685,6853.13469428864
36719,35.53916422378477,894.3799999994685,6853.184316221729
36720,35.53916422378477,894.3999999994685,6853.233937484203
36721,35.53916422378477,894.4199999994685,6853.2835580760375
36722,35.53916422378477,894.4399999994685,6853.333177997206
36723,35.53916422378477,894.4599999994684,6853.382797247683
36724,35.53916422378477,894.4799999994684,6853.432415827444
36725,35.53916422378477,894.4999999994684,6853.482033736463
36726,35.53916422378477,894.5199999994684,6853.5316509747145
36727,35.53916422378477,894.5399999994684,6853.581267542174
36728,35.53916422378477,894.5599999994683,6853.6308834388155
36729,35.53916422378477,894.5799999994683,6853.680498664614
36730,35.53916422378477,894.5999999994683,6853.730113219544
36731,35.53916422378477,894.6199999994683,6853.779727103581
36732,35.53916422378477,894.6399999994683,6853.829340316697
36733,35.53916422378477,894.6599999994683,6853.8789528588695
36734,35.53916422378477,894.6799999994682,6853.928564730072
36735,35.53916422378477,894.6999999994682,6853.97817593028
36736,35.53916422378477,894.7199999994682,6854.027786459466
36737,35.53916422378477,894.7399999994682,6854.077396317607
36738,35.53916422378477,894.7599999994682,6854.127005504676
36739,35.53916422378477,894.7799999994681,6854.176614020649
36740,35.53916422378477,894.7999999994681,6854.2262218655
36741,35.53916422378477,894.8199999994681,6854.275829039203
36742,35.53916422378477,894.8399999994681,6854.325435541734
36743,35.53916422378477,894.8599999994681,6854.375041373067
36744,35.53916422378477,894.879999999468,6854.424646533386
36745,35.53916422378477,894.899999999468,6854.474251024969
36746,35.53916422378477,894.919999999468,6854.523854848194
36747,35.53916422378477,894.939999999468,6854.573458003035
36748,35.53916422378477,894.959999999468,6854.623060489467
36749,35.53916422378477,894.979999999468,6854.6726623074655
36750,35.53916422378477,894.999999999468,6854.722263457004
36751,35.53916422378477,895.0199999994679,6854.771863938058
36752,35.53916422378477,895.0399999994679,6854.821463750601
36753,35.53916422378477,895.0599999994679,6854.871062894607
36754,35.48970103589198,895.0799999994679,6854.920661370052
36755,35.48970103589198,895.0999999994679,6854.970259176909
36756,35.48970103589198,895.1199999994678,6855.019856315153
36757,35.48970103589198,895.1399999994678,6855.06945278476
36758,35.48970103589198,895.1599999994678,6855.119048585702
36759,35.48970103589198,895.1799999994678,6855.168643717955
36760,35.48970103589198,895.1999999994678,6855.218238181493
36761,35.48970103589198,895.2199999994677,6855.26783197629
36762,35.48970103589198,895.2399999994677,6855.317425102321
36763,35.48970103589198,895.2599999994677,6855.367017559561
36764,35.48970103589198,895.2799999994677,6855.4166093479835
36765,35.48970103589198,895.2999999994677,6855.466200467564
36766,35.48970103589198,895.3199999994677,6855.515790918276
36767,35.48970103589198,895.3399999994676,6855.565380700095
36768,35.48970103589198,895.3599999994676,6855.614969812995
36769,35.48970103589198,895.3799999994676,6855.66455825695
36770,35.48970103589198,895.3999999994676,6855.714146031935
36771,35.48970103589198,895.4199999994676,6855.763733137925
36772,35.48970103589198,895.4399999994675,6855.813319574893
36773,35.48970103589198,895.4599999994675,6855.862905342815
36774,35.48970103589198,895.4799999994675,6855.912490441664
36775,35.48970103589198,895.4999999994675,6855.962074871416
36776,35.48970103589198,895.5199999994675,6856.011658632045
36777,35.48970103589198,895.5399999994675,6856.061241723524
36778,35.48970103589198,895.5599999994674,6856.11082414583
36779,35.48970103589198,895.5799999994674,6856.160405898935
36780,35.48970103589198,895.5999999994674,6856.209986982815
36781,35.48970103589198,895.6199999994674,6856.259567397445
36782,35.48970103589198,895.6399999994674,6856.309147142798
36783,35.48970103589198,895.6599999994673,6856.358726218849
36784,35.48970103589198,895.6799999994673,6856.408304625574
36785,35.48970103589198,895.6999999994673,6856.457882362945
36786,35.48970103589198,895.7199999994673,6856.507459430938
36787,35.48970103589198,895.7399999994673,6856.557035829527
36788,35.48970103589198,895.7599999994673,6856.606611558687
36789,35.48970103589198,895.7799999994672,6856.656186618392
36790,35.48970103589198,895.7999999994672,6856.705761008617
36791,35.48970103589198,895.8199999994672,6856.755334729335
36792,35.48970103589198,895.8399999994672,6856.804907780523
36793,35.48970103589198,895.8599999994672,6856.854480162153
36794,35.48970103589198,895.8799999994671,6856.9040518742
36795,35.48970103589198,895.8999999994671,6856.953622916868
36796,35.48970103589198,895.9199999994671,6857.003193292312
36797,35.48970103589198,895.9399999994671,6857.052763000725
36798,35.48970103589198,895.9599999994671,6857.10233204208
36799,35.48970103589198,895.979999999467,6857.151900416353
36800,35.48970103589198,895.999999999467,6857.201468123518
36801,35.48970103589198,896.019999999467,6857.251035163549
36802,35.48970103589198,896.039999999467,6857.300601536421
36803,35.48970103589198,896.059999999467,6857.350167242108
36804,35.48970103589198,896.079999999467,6857.399732280584
36805,35.48970103589198,896.099999999467,6857.449296651825
36806,35.48970103589198,896.1199999994669,6857.498860355803
36807,35.48970103589198,896.1399999994669,6857.548423392494
36808,35.48970103589198,896.1599999994669,6857.597985761873
36809,35.48970103589198,896.1799999994669,6857.647547463914
36810,35.48970103589198,896.1999999994669,6857.69710849859
36811,35.48970103589198,896.2199999994668,6857.746668865877
36812,35.48970103589198,896.2399999994668,6857.796228565749
36813,35.48970103589198,896.2599999994668,6857.845787598179
36814,35.48970103589198,896.2799999994668,6857.895345963144
36815,35.48970103589198,896.2999999994668,6857.944903660617
36816,35.48970103589198,896.3199999994667,6857.994460690572
36817,35.48970103589198,896.3399999994667,6858.044017052985
36818,35.48970103589198,896.3599999994667,6858.093572747828
36819,35.48970103589198,896.3799999994667,6858.143127775078
36820,35.48970103589198,896.3999999994667,6858.192682134708
36821,35.48970103589198,896.4199999994667,6858.242235826692
36822,35.48970103589198,896.4399999994666,6858.291788851006
36823,35.48970103589198,896.4599999994666,6858.3413412076225
36824,35.48970103589198,896.4799999994666,6858.3908928965175
36825,35.48970103589198,896.4999999994666,6858.440443917665
36826,35.48970103589198,896.5199999994666,6858.489994271039
36827,35.48970103589198,896.5399999994665,6858.539543956615
36828,35.48970103589198,896.5599999994665,6858.5890929743655
36829,35.48970103589198,896.5799999994665,6858.638641324267
36830,35.48970103589198,896.5999999994665,6858.688189006293
36831,35.48970103589198,896.6199999994665,6858.737736020418
36832,35.48970103589198,896.6399999994665,6858.787282366617
36833,35.48970103589198,896.6599999994664,6858.836828044862
36834,35.48970103589198,896.6799999994664,6858.88637305513
36835,35.48970103589198,896.6999999994664,6858.935917397394
36836,35.48970103589198,896.7199999994664,6858.98546107163
36837,35.48970103589198,896.7399999994664,6859.035004077811
36838,35.48970103589198,896.7599999994663,6859.084546415912
36839,35.48970103589198,896.7799999994663,6859.134088085907
36840,35.48970103589198,896.7999999994663,6859.183629087771
36841,35.48970103589198,896.8199999994663,6859.233169421478
36842,35.48970103589198,896.8399999994663,6859.282709087003
36843,35.48970103589198,896.8599999994663,6859.33224808432
36844,35.48970103589198,896.8799999994662,6859.3817864134035
36845,35.48970103589198,896.8999999994662,6859.431324074228
36846,35.48970103589198,896.9199999994662,6859.48086106717
36847,35.48970103589198,896.9399999994662,6859.530397394369
36848,35.48970103589198,896.9599999994662,6859.579933055996
36849,35.48970103589198,896.9799999994661,6859.629468052024
36850,35.48970103589198,896.9999999994661,6859.679002382429
36851,35.48970103589198,897.0199999994661,6859.728536047183
36852,35.48970103589198,897.0399999994661,6859.778069046263
36853,35.48970103589198,897.0599999994661,6859.827601379643
36854,35.48970103589198,897.079999999466,6859.877133047296
36855,35.48970103589198,897.099999999466,6859.926664049198
36856,35.48970103589198,897.119999999466,6859.976194385323
36857,35.48970103589198,897.139999999466,6860.025724055651
36858,35.48970103589198,897.159999999466,6860.075253060209
36859,35.48970103589198,897.179999999466,6860.124781398978
36860,35.48970103589198,897.199999999466,6860.17430907193
36861,35.48970103589198,897.2199999994659,6860.223836079042
36862,35.48970103589198,897.2399999994659,6860.273362420287
36863,35.48970103589198,897.2599999994659,6860.322888095642
36864,35.48970103589198,897.2799999994659,6860.37241310508
36865,35.48970103589198,897.2999999994659,6860.421937448577
36866,35.48970103589198,897.3199999994658,6860.471461126108
36867,35.48970103589198,897.3399999994658,6860.520984137646
36868,35.48970103589198,897.3599999994658,6860.570506483168
36869,35.48970103589198,897.3799999994658,6860.620028162647
36870,35.48970103589198,897.3999999994658,6860.669549176059
36871,35.48970103589198,897.4199999994657,6860.7190695233785
36872,35.48970103589198,897.4399999994657,6860.76858920458
36873,35.48970103589198,897.4599999994657,6860.818108219638
36874,35.48970103589198,897.4799999994657,6860.867626568528
36875,35.48970103589198,897.4999999994657,6860.917144251224
36876,35.48970103589198,897.5199999994657,6860.966661267702
36877,35.48970103589198,897.5399999994656,6861.016177617936
36878,35.48970103589198,897.5599999994656,6861.0656933019
36879,35.48970103589198,897.5799999994656,6861.11520831957
36880,35.48970103589198,897.5999999994656,6861.164722670921
36881,35.48970103589198,897.6199999994656,6861.214236355927
36882,35.48970103589198,897.6399999994655,6861.263749374563
36883,35.48970103589198,897.6599999994655,6861.313261726804
36884,35.48970103589198,897.6799999994655,6861.362773412624
36885,35.48970103589198,897.6999999994655,6861.412284431999
36886,35.48970103589198,897.7199999994655,6861.461794784903
36887,35.48970103589198,897.7399999994655,6861.511304471311
36888,35.48970103589198,897.7599999994654,6861.560813491198
36889,35.48970103589198,897.7799999994654,6861.610321844539
36890,35.48970103589198,897.7999999994654,6861.659829531308
36891,35.48970103589198,897.8199999994654,6861.70933655148
36892,35.48970103589198,897.8399999994654,6861.75884290503
36893,35.48970103589198,897.8599999994653,6861.808348591933
36894,35.48970103589198,897.8799999994653,6861.857853612164
36895,35.48970103589198,897.8999999994653,6861.907357965697
36896,35.48970103589198,897.9199999994653,6861.9568616525075
36897,35.48970103589198,897.9399999994653,6862.006364673137
36898,35.48970103589198,897.9599999994653,6862.055867029599
36899,35.48970103589198,897.9799999994652,6862.105368722031
36900,35.48970103589198,897.9999999994652,6862.1548697504095
36901,35.48970103589198,898.0199999994652,6862.204370114709
36902,35.48970103589198,898.0399999994652,6862.253869814903
36903,35.48970103589198,898.0599999994652,6862.303368850968
36904,35.48970103589198,898.0799999994651,6862.352867222878
36905,35.48970103589198,898.0999999994651,6862.402364930608
36906,35.48970103589198,898.1199999994651,6862.451861974134
36907,35.48970103589198,898.1399999994651,6862.501358353429
36908,35.48970103589198,898.1599999994651,6862.55085406847
36909,35.48970103589198,898.179999999465,6862.60034911923
36910,35.48970103589198,898.199999999465,6862.649843505685
36911,35.48970103589198,898.219999999465,6862.699337227809
36912,35.48970103589198,898.239999999465,6862.748830285578
36913,35.48970103589198,898.259999999465,6862.798322678966
36914,35.48970103589198,898.279999999465,6862.847814407947
36915,35.48970103589198,898.299999999465,6862.897305472498
36916,35.48970103589198,898.3199999994649,6862.946795872593
36917,35.48970103589198,898.3399999994649,6862.996285608207
36918,35.48970103589198,898.3599999994649,6863.045774679314
36919,35.48970103589198,898.3799999994649,6863.095263085889
36920,35.48970103589198,898.3999999994649,6863.144750827908
36921,35.48970103589198,898.4199999994648,6863.194237905345
36922,35.48970103589198,898.4399999994648,6863.243724318176
36923,35.48970103589198,898.4599999994648,6863.293210066374
36924,35.48970103589198,898.4799999994648,6863.342695149915
36925,35.48970103589198,898.4999999994648,6863.392179568774
36926,35.48970103589198,898.5199999994647,6863.441663322926
36927,35.48970103589198,898.5399999994647,6863.491146412344
36928,35.48970103589198,898.5599999994647,6863.540628837006
36929,35.48970103589198,898.5799999994647,6863.590110596884
36930,35.48970103589198,898.5999999994647,6863.639591691955
36931,35.48970103589198,898.6199999994647,6863.689072122193
36932,35.48970103589198,898.6399999994646,6863.738551887573
36933,35.48970103589198,898.6599999994646,6863.788030988069
36934,35.48970103589198,898.6799999994646,6863.837509423657
36935,35.48970103589198,898.6999999994646,6863.886987194312
36936,35.48970103589198,898.7199999994646,6863.936464300008
36937,35.48970103589198,898.7399999994645,6863.98594074072
36938,35.48970103589198,898.7599999994645,6864.0354165164235
36939,35.48970103589198,898.7799999994645,6864.084891627093
36940,35.48970103589198,898.7999999994645,6864.134366072704
36941,35.48970103589198,898.8199999994645,6864.183839853231
36942,35.48970103589198,898.8399999994645,6864.233312968648
36943,35.48970103589198,898.8599999994644,6864.28278541893
36944,35.48970103589198,898.8799999994644,6864.332257204053
36945,35.48970103589198,898.8999999994644,6864.381728323991
36946,35.48970103589198,898.9199999994644,6864.4311987787205
36947,35.48970103589198,898.9399999994644,6864.480668568214
36948,35.48970103589198,898.9599999994643,6864.530137693214
36949,35.48970103589198,898.9799999994643,6864.579606155697
36950,35.48970103589198,898.9999999994643,6864.629073955775
36951,35.48970103589198,899.0199999994643,6864.678541093424
36952,35.48970103589198,899.0399999994643,6864.7280075686185
36953,35.48970103589198,899.0599999994643,6864.777473381333
36954,35.48970103589198,899.0799999994642,6864.8269385315425
36955,35.48970103589198,899.0999999994642,6864.876403019222
36956,35.48970103589198,899.1199999994642,6864.925866844346
36957,35.48970103589198,899.1399999994642,6864.97533000689
36958,35.48970103589198,899.1599999994642,6865.024792506828
36959,35.48970103589198,899.1799999994641,6865.074254344135
36960,35.48970103589198,899.1999999994641,6865.1237155187855
36961,35.48970103589198,899.2199999994641,6865.173176030756
36962,35.48970103589198,899.2399999994641,6865.222635880019
36963,35.48970103589198,899.2599999994641,6865.272095066551
36964,35.48970103589198,899.279999999464,6865.3215535903255
36965,35.48970103589198,899.299999999464,6865.371011451319
36966,35.48970103589198,899.319999999464,6865.420468649505
36967,35.48970103589198,899.339999999464,6865.469925184859
36968,35.48970103589198,899.359999999464,6865.5193810573555
36969,35.48970103589198,899.379999999464,6865.56883626697
36970,35.48970103589198,899.399999999464,6865.618290813676
36971,35.4403524792289,899.4199999994639,6865.66774469745
36972,35.4403524792289,899.4399999994639,6865.717197918266
36973,35.4403524792289,899.4599999994639,6865.766650476098
36974,35.4403524792289,899.4799999994639,6865.816102370922
36975,35.4403524792289,899.4999999994639,6865.865553602712
36976,35.4403524792289,899.5199999994638,6865.915004171444
36977,35.4403524792289,899.5399999994638,6865.964454077091
36978,35.4403524792289,899.5599999994638,6866.01390331963
36979,35.4403524792289,899.5799999994638,6866.063351899034
36980,35.4403524792289,899.5999999994638,6866.11279981528
36981,35.4403524792289,899.6199999994637,6866.162247068341
36982,35.4403524792289,899.6399999994637,6866.2116936581915
36983,35.4403524792289,899.6599999994637,6866.261139584808
36984,35.4403524792289,899.6799999994637,6866.310584848165
36985,35.4403524792289,899.6999999994637,6866.360029448236
36986,35.4403524792289,899.7199999994637,6866.409473384996
36987,35.4403524792289,899.7399999994636,6866.458916658421
36988,35.4403524792289,899.7599999994636,6866.508359268486
36989,35.4403524792289,899.7799999994636,6866.557801215165
36990,35.4403524792289,899.7999999994636,6866.607242498432
36991,35.4403524792289,899.8199999994636,6866.656683118264
36992,35.4403524792289,899.8399999994635,6866.706123074634
36993,35.4403524792289,899.8599999994635,6866.755562367518
36994,35.4403524792289,899.8799999994635,6866.80500099689
36995,35.4403524792289,899.8999999994635,6866.854438962726
36996,35.4403524792289,899.9199999994635,6866.903876264999
36997,35.4403524792289,899.9399999994635,6866.953312903685
36998,35.4403524792289,899.9599999994634,6867.002748878759
36999,35.4403524792289,899.9799999994634,6867.052184191035
37000,35.4403524792289,899.9999999994634,6867.10161884216
37001,35.4403524792289,900.0199999994634,6867.151052832201
37002,35.4403524792289,900.0399999994634,6867.200486161132
37003,35.4403524792289,900.0599999994633,6867.249918828929
37004,35.4403524792289,900.0799999994633,6867.299350835567
37005,35.4403524792289,900.0999999994633,6867.3487821810195
37006,35.4403524792289,900.1199999994633,6867.398212865262
37007,35.4403524792289,900.1399999994633,6867.44764288827
37008,35.4403524792289,900.1599999994633,6867.4970722500175
37009,35.4403524792289,900.1799999994632,6867.54650095048
37010,35.4403524792289,900.1999999994632,6867.595928989631
37011,35.4403524792289,900.2199999994632,6867.645356367447
37012,35.4403524792289,900.2399999994632,6867.694783083902
37013,35.4403524792289,900.2599999994632,6867.74420913897
37014,35.4403524792289,900.2799999994631,6867.793634532628
37015,35.4403524792289,900.2999999994631,6867.843059264849
37016,35.4403524792289,900.3199999994631,6867.8924833356095
37017,35.4403524792289,900.3399999994631,6867.941906744883
37018,35.4403524792289,900.3599999994631,6867.9913294926455
37019,35.4403524792289,900.379999999463,6868.040751578871
37020,35.4403524792289,900.399999999463,6868.090173003535
37021,35.4403524792289,900.419999999463,6868.139593766611
37022,35.4403524792289,900.439999999463,6868.189013868076
37023,35.4403524792289,900.459999999463,6868.238433307903
37024,35.4403524792289,900.479999999463,6868.287852086067
37025,35.4403524792289,900.499999999463,6868.337270202544
37026,35.4403524792289,900.5199999994629,6868.386687657307
37027,35.4403524792289,900.5399999994629,6868.436104450333
37028,35.4403524792289,900.5599999994629,6868.485520581596
37029,35.4403524792289,900.5799999994629,6868.53493605107
37030,35.4403524792289,900.5999999994629,6868.58435085873
37031,35.4403524792289,900.6199999994628,6868.6337650045525
37032,35.4403524792289,900.6399999994628,6868.683178488511
37033,35.4403524792289,900.6599999994628,6868.732591310581
37034,35.4403524792289,900.6799999994628,6868.7820034707365
37035,35.4403524792289,900.6999999994628,6868.831414968953
37036,35.4403524792289,900.7199999994627,6868.880825805206
37037,35.4403524792289,900.7399999994627,6868.930235979469
37038,35.4403524792289,900.7599999994627,6868.979645491718
37039,35.4403524792289,900.7799999994627,6869.029054341927
37040,35.4403524792289,900.7999999994627,6869.078462530071
37041,35.4403524792289,900.8199999994627,6869.127870056125
37042,35.4403524792289,900.8399999994626,6869.177276920064
37043,35.4403524792289,900.8599999994626,6869.226683121863
37044,35.4403524792289,900.8799999994626,6869.276088661497
37045,35.4403524792289,900.8999999994626,6869.32549353894
37046,35.4403524792289,900.9199999994626,6869.374897754167
37047,35.4403524792289,900.9399999994625,6869.424301307154
37048,35.4403524792289,900.9599999994625,6869.473704197874
37049,35.4403524792289,900.9799999994625,6869.5231064263035
37050,35.4403524792289,900.9999999994625,6869.57250799346
37051,35.4403524792289,901.0199999994625,6869.6219089009455
37052,35.4403524792289,901.0399999994625,6869.671309148799
37053,35.4403524792289,901.0599999994624,6869.720708736996
37054,35.4403524792289,901.0799999994624,6869.770107665511
37055,35.4403524792289,901.0999999994624,6869.81950593432
37056,35.4403524792289,901.1199999994624,6869.868903543396
37057,35.4403524792289,901.1399999994624,6869.918300492715
37058,35.4403524792289,901.1599999994623,6869.9676967822525
37059,35.4403524792289,901.1799999994623,6870.017092411992
37060,35.4403524792289,901.1999999994623,6870.066487382024
37061,35.4403524792289,901.2199999994623,6870.115881692358
37062,35.4403524792289,901.2399999994623,6870.165275342969
37063,35.4403524792289,901.2599999994623,6870.214668333832
37064,35.4403524792289,901.2799999994622,6870.264060664924
37065,35.4403524792289,901.2999999994622,6870.313452336218
37066,35.4403524792289,901.3199999994622,6870.362843347691
37067,35.4403524792289,901.3399999994622,6870.412233699318
37068,35.4403524792289,901.3599999994622,6870.461623391074
37069,35.4403524792289,901.3799999994621,6870.511012422935
37070,35.4403524792289,901.3999999994621,6870.560400794876
37071,35.4403524792289,901.4199999994621,6870.609788506873
37072,35.4403524792289,901.4399999994621,6870.659175558901
37073,35.4403524792289,901.4599999994621,6870.708561950934
37074,35.4403524792289,901.479999999462,6870.75794768295
37075,35.4403524792289,901.499999999462,6870.807332754923
37076,35.4403524792289,901.519999999462,6870.856717166828
37077,35.4403524792289,901.539999999462,6870.906100918642
37078,35.4403524792289,901.559999999462,6870.955484010338
37079,35.4403524792289,901.579999999462,6871.004866441894
37080,35.4403524792289,901.5999999994619,6871.054248213283
37081,35.4403524792289,901.6199999994619,6871.1036293244815
37082,35.4403524792289,901.6399999994619,6871.153009775465
37083,35.4403524792289,901.6599999994619,6871.202389566209
37084,35.4403524792289,901.6799999994619,6871.251768696688
37085,35.4403524792289,901.6999999994619,6871.301147166878
37086,35.4403524792289,901.7199999994618,6871.350524976755
37087,35.4403524792289,901.7399999994618,6871.3999021262935
37088,35.4403524792289,901.7599999994618,6871.44927861547
37089,35.4403524792289,901.7799999994618,6871.498654444258
37090,35.4403524792289,901.7999999994618,6871.548029612634
37091,35.4403524792289,901.8199999994617,6871.5974041205745
37092,35.4403524792289,901.8399999994617,6871.646777968053
37093,35.4403524792289,901.8599999994617,6871.696151155046
37094,35.4403524792289,901.8799999994617,6871.7455236815285
37095,35.4403524792289,901.8999999994617,6871.794895547476
37096,35.4403524792289,901.9199999994617,6871.844266752863
37097,35.4403524792289,901.9399999994616,6871.893637297667
37098,35.4403524792289,901.9599999994616,6871.9430071818615
37099,35.4403524792289,901.9799999994616,6871.992376405423
37100,35.4403524792289,901.9999999994616,6872.041744968326
37101,35.4403524792289,902.0199999994616,6872.0911128717535
37102,35.4403524792289,902.0399999994615,6872.140480117178
37103,35.4403524792289,902.0599999994615,6872.18984670461
37104,35.4403524792289,902.0799999994615,6872.239212634025
37105,35.4403524792289,902.0999999994615,6872.288577905396
37106,35.4403524792289,902.1199999994615,6872.3379425187
37107,35.4403524792289,902.1399999994615,6872.387306473913
37108,35.4403524792289,902.1599999994614,6872.436669771008
37109,35.4403524792289,902.1799999994614,6872.486032409964
37110,35.4403524792289,902.1999999994614,6872.535394390753
37111,35.4403524792289,902.2199999994614,6872.584755713352
37112,35.4403524792289,902.2399999994614,6872.634116377737
37113,35.4403524792289,902.2599999994613,6872.683476383882
37114,35.4403524792289,902.2799999994613,6872.732835731764
37115,35.4403524792289,902.2999999994613,6872.7821944213565
37116,35.4403524792289,902.3199999994613,6872.831552452636
37117,35.4403524792289,902.3399999994613,6872.880909825578
37118,35.4403524792289,902.3599999994613,6872.930266540157
37119,35.4403524792289,902.3799999994612,6872.97962259635
37120,35.4403524792289,902.3999999994612,6873.028977994131
37121,35.4403524792289,902.4199999994612,6873.078332733477
37122,35.4403524792289,902.4399999994612,6873.127686814361
37123,35.4403524792289,902.4599999994612,6873.17704023676
37124,35.4403524792289,902.4799999994611,6873.226393000649
37125,35.4403524792289,902.4999999994611,6873.275745106004
37126,35.4403524792289,902.5199999994611,6873.3250965528
37127,35.4403524792289,902.5399999994611,6873.374447341012
37128,35.4403524792289,902.5599999994611,6873.423797470615
37129,35.4403524792289,902.579999999461,6873.473146941586
37130,35.4403524792289,902.599999999461,6873.5224957538985
37131,35.4403524792289,902.619999999461,6873.57184390753
37132,35.4403524792289,902.639999999461,6873.621191402454
37133,35.4403524792289,902.659999999461,6873.670538238648
37134,35.4403524792289,902.679999999461,6873.719884416086
37135,35.4403524792289,902.6999999994609,6873.769229934743
37136,35.4403524792289,902.7199999994609,6873.818574794595
37137,35.4403524792289,902.7399999994609,6873.867918995618
37138,35.4403524792289,902.7599999994609,6873.917262537787
37139,35.4403524792289,902.7799999994609,6873.966605421077
37140,35.4403524792289,902.7999999994609,6874.015947645463
37141,35.4403524792289,902.8199999994608,6874.065289210921
37142,35.4403524792289,902.8399999994608,6874.114630117427
37143,35.4403524792289,902.8599999994608,6874.163970364955
37144,35.4403524792289,902.8799999994608,6874.213309953482
37145,35.4403524792289,902.8999999994608,6874.262648882983
37146,35.4403524792289,902.9199999994607,6874.311987153433
37147,35.4403524792289,902.9399999994607,6874.361324764807
37148,35.4403524792289,902.9599999994607,6874.410661717082
37149,35.4403524792289,902.9799999994607,6874.459998010231
37150,35.4403524792289,902.9999999994607,6874.509333644231
37151,35.4403524792289,903.0199999994607,6874.558668619058
37152,35.4403524792289,903.0399999994606,6874.608002936117
37153,35.4403524792289,903.0599999994606,6874.657336596818
37154,35.4403524792289,903.0799999994606,6874.706669601136
37155,35.4403524792289,903.0999999994606,6874.7560019490475
37156,35.4403524792289,903.1199999994606,6874.805333640527
37157,35.4403524792289,903.1399999994605,6874.85466467555
37158,35.4403524792289,903.1599999994605,6874.903995054092
37159,35.4403524792289,903.1799999994605,6874.953324776128
37160,35.4403524792289,903.1999999994605,6875.002653841634
37161,35.4403524792289,903.2199999994605,6875.051982250585
37162,35.4403524792289,903.2399999994605,6875.101310002956
37163,35.4403524792289,903.2599999994604,6875.150637098723
37164,35.4403524792289,903.2799999994604,6875.199963537861
37165,35.4403524792289,903.2999999994604,6875.249289320345
37166,35.4403524792289,903.3199999994604,6875.298614446151
37167,35.4403524792289,903.3399999994604,6875.347938915254
37168,35.4403524792289,903.3599999994603,6875.39726272763
37169,35.4403524792289,903.3799999994603,6875.446585883253
37170,35.4403524792289,903.3999999994603,6875.495908382099
37171,35.4403524792289,903.4199999994603,6875.545230224144
37172,35.4403524792289,903.4399999994603,6875.594551409363
37173,35.4403524792289,903.4599999994603,6875.64387193773
37174,35.4403524792289,903.4799999994602,6875.693191809222
37175,35.4403524792289,903.4999999994602,6875.742511023815
37176,35.4403524792289,903.5199999994602,6875.791829581482
37177,35.4403524792289,903.5399999994602,6875.8411474822
37178,35.4403524792289,903.5599999994602,6875.890464725943
37179,35.4403524792289,903.5799999994601,6875.939781312689
37180,35.4403524792289,903.5999999994601,6875.989097242411
37181,35.4403524792289,903.6199999994601,6876.038412515085
37182,35.4403524792289,903.6399999994601,6876.087727130686
37183,35.4403524792289,903.6599999994601,6876.1370410891905
37184,35.4403524792289,903.67999999946,6876.186354390572
37185,35.4403524792289,903.69999999946,6876.235667034807
37186,35.4403524792289,903.71999999946,6876.284979021872
37187,35.4403524792289,903.73999999946,6876.33429035174
37188,35.391118182218,903.75999999946,6876.383601024387
37189,35.391118182218,903.77999999946,6876.432911039789
37190,35.391118182218,903.7999999994599,6876.482220397922
37191,35.391118182218,903.8199999994599,6876.53152909876
37192,35.391118182218,903.8399999994599,6876.580837142279
37193,35.391118182218,903.8599999994599,6876.630144528454
37194,35.391118182218,903.8799999994599,6876.679451257261
37195,35.391118182218,903.8999999994599,6876.728757328674
37196,35.391118182218,903.9199999994598,6876.77806274267
37197,35.391118182218,903.9399999994598,6876.827367499223
37198,35.391118182218,903.9599999994598,6876.87667159831
37199,35.391118182218,903.9799999994598,6876.925975039905
37200,35.391118182218,903.9999999994598,6876.975277823984
37201,35.391118182218,904.0199999994597,6877.024579950521
37202,35.391118182218,904.0399999994597,6877.073881419523
37203,35.391118182218,904.0599999994597,6877.123182232378
37204,35.391118182218,904.0799999994597,6877.172482390202
37205,35.391118182218,904.0999999994597,6877.22178189297
37206,35.391118182218,904.1199999994597,6877.271080740658
37207,35.391118182218,904.1399999994596,6877.320378933241
37208,35.391118182218,904.1599999994596,6877.369676470694
37209,35.391118182218,904.1799999994596,6877.418973352992
37210,35.391118182218,904.1999999994596,6877.46826958011
37211,35.391118182218,904.2199999994596,6877.517565152024
37212,35.391118182218,904.2399999994595,6877.566860068709
37213,35.391118182218,904.2599999994595,6877.61615433014
37214,35.391118182218,904.2799999994595,6877.665447936292
37215,35.391118182218,904.2999999994595,6877.7147408871415
37216,35.391118182218,904.3199999994595,6877.764033182662
37217,35.391118182218,904.3399999994595,6877.8133248228305
37218,35.391118182218,904.3599999994594,6877.862615807621
37219,35.391118182218,904.3799999994594,6877.911906137009
37220,35.391118182218,904.3999999994594,6877.96119581097
37221,35.391118182218,904.4199999994594,6878.010484829479
37222,35.391118182218,904.4399999994594,6878.059773192511
37223,35.391118182218,904.4599999994593,6878.109060900041
37224,35.391118182218,904.4799999994593,6878.158347952045
37225,35.391118182218,904.4999999994593,6878.207634348498
37226,35.391118182218,904.5199999994593,6878.256920089375
37227,35.391118182218,904.5399999994593,6878.306205174651
37228,35.391118182218,904.5599999994593,6878.355489604302
37229,35.391118182218,904.5799999994592,6878.404773378304
37230,35.391118182218,904.5999999994592,6878.45405649663
37231,35.391118182218,904.6199999994592,6878.503338959256
37232,35.391118182218,904.6399999994592,6878.552620766158
37233,35.391118182218,904.6599999994592,6878.601901917311
37234,35.391118182218,904.6799999994591,6878.651182412689
37235,35.391118182218,904.6999999994591,6878.700462252269
37236,35.391118182218,904.7199999994591,6878.749741436025
37237,35.391118182218,904.7399999994591,6878.7990199639335
37238,35.391118182218,904.7599999994591,6878.848297835969
37239,35.391118182218,904.779999999459,6878.897575052106
37240,35.391118182218,904.799999999459,6878.946851612321
37241,35.391118182218,904.819999999459,6878.996127516588
37242,35.391118182218,904.839999999459,6879.045402764883
37243,35.391118182218,904.859999999459,6879.094677357181
37244,35.391118182218,904.879999999459,6879.143951293458
37245,35.391118182218,904.8999999994589,6879.193224573688
37246,35.391118182218,904.9199999994589,6879.242497197847
37247,35.391118182218,904.9399999994589,6879.29176916591
37248,35.391118182218,904.9599999994589,6879.341040477852
37249,35.391118182218,904.9799999994589,6879.390311133649
37250,35.391118182218,904.9999999994589,6879.439581133276
37251,35.391118182218,905.0199999994588,6879.488850476708
37252,35.391118182218,905.0399999994588,6879.538119163919
37253,35.391118182218,905.0599999994588,6879.587387194949
37254,35.391118182218,905.0799999994588,6879.636654571373
37255,35.391118182218,905.0999999994588,6879.685921294195
37256,35.391118182218,905.1199999994587,6879.735187363392
37257,35.391118182218,905.1399999994587,6879.7844527789375
37258,35.391118182218,905.1599999994587,6879.833717540808
37259,35.391118182218,905.1799999994587,6879.882981648978
37260,35.391118182218,905.1999999994587,6879.932245103422
37261,35.391118182218,905.2199999994587,6879.981507904117
37262,35.391118182218,905.2399999994586,6880.030770051056
37263,35.391118182218,905.2599999994586,6880.080031544289
37264,35.391118182218,905.2799999994586,6880.129292383799
37265,35.391118182218,905.2999999994586,6880.17855256956
37266,35.391118182218,905.3199999994586,6880.227812101548
37267,35.391118182218,905.3399999994585,6880.277070979737
37268,35.391118182218,905.3599999994585,6880.326329204103
37269,35.391118182218,905.3799999994585,6880.375586774621
37270,35.391118182218,905.3999999994585,6880.424843691267
37271,35.391118182218,905.4199999994585,6880.4740999540145
37272,35.391118182218,905.4399999994585,6880.523355562839
37273,35.391118182218,905.4599999994584,6880.572610517716
37274,35.391118182218,905.4799999994584,6880.621864818621
37275,35.391118182218,905.4999999994584,6880.67111846553
37276,35.391118182218,905.5199999994584,6880.720371458416
37277,35.391118182218,905.5399999994584,6880.769623797255
37278,35.391118182218,905.5599999994583,6880.818875482022
37279,35.391118182218,905.5799999994583,6880.868126512693
37280,35.391118182218,905.5999999994583,6880.917376889243
37281,35.391118182218,905.6199999994583,6880.9666266116465
37282,35.391118182218,905.6399999994583,6881.015875679878
37283,35.391118182218,905.6599999994583,6881.065124093914
37284,35.391118182218,905.6799999994582,6881.11437185373
37285,35.391118182218,905.6999999994582,6881.163618959299
37286,35.391118182218,905.7199999994582,6881.212865410598
37287,35.391118182218,905.7399999994582,6881.262111207602
37288,35.391118182218,905.7599999994582,6881.311356350286
37289,35.391118182218,905.7799999994581,6881.360600838624
37290,35.391118182218,905.7999999994581,6881.409844672593
37291,35.391118182218,905.8199999994581,6881.459087852167
37292,35.391118182218,905.8399999994581,6881.508330377321
37293,35.391118182218,905.8599999994581,6881.557572248031
37294,35.391118182218,905.879999999458,6881.606813464271
37295,35.391118182218,905.899999999458,6881.656054026017
37296,35.391118182218,905.919999999458,6881.705293933244
37297,35.391118182218,905.939999999458,6881.754533185928
37298,35.391118182218,905.959999999458,6881.803771784043
37299,35.391118182218,905.979999999458,6881.853009727564
37300,35.391118182218,905.9999999994579,6881.902247016467
37301,35.391118182218,906.0199999994579,6881.951483650727
37302,35.391118182218,906.0399999994579,6882.000719630319
37303,35.391118182218,906.0599999994579,6882.049954955217
37304,35.391118182218,906.0799999994579,6882.099189625493
37305,35.391118182218,906.0999999994579,6882.148423642849
37306,35.391118182218,906.1199999994578,6882.1976570081315
37307,35.391118182218,906.1399999994578,6882.246889721317
37308,35.391118182218,906.1599999994578,6882.296121782379
37309,35.391118182218,906.1799999994578,6882.345353191294
37310,35.391118182218,906.1999999994578,6882.394583948037
37311,35.391118182218,906.2199999994577,6882.443814052583
37312,35.391118182218,906.2399999994577,6882.493043504906
37313,35.391118182218,906.2599999994577,6882.542272304984
37314,35.391118182218,906.2799999994577,6882.591500452791
37315,35.391118182218,906.2999999994577,6882.640727948301
37316,35.391118182218,906.3199999994577,6882.68995479149
37317,35.391118182218,906.3399999994576,6882.739180982334
37318,35.391118182218,906.3599999994576,6882.788406520807
37319,35.391118182218,906.3799999994576,6882.8376314068855
37320,35.391118182218,906.3999999994576,6882.886855640544
37321,35.391118182218,906.4199999994576,6882.936079221758
37322,35.391118182218,906.4399999994575,6882.985302150501
37323,35.391118182218,906.4599999994575,6883.034524426751
37324,35.391118182218,906.4799999994575,6883.083746050482
37325,35.391118182218,906.4999999994575,6883.132967021668
37326,35.391118182218,906.5199999994575,6883.182187340287
37327,35.391118182218,906.5399999994575,6883.231407006312
37328,35.391118182218,906.5599999994574,6883.2806260197185
37329,35.391118182218,906.5799999994574,6883.329844380482
37330,35.391118182218,906.5999999994574,6883.379062088578
37331,35.391118182218,906.6199999994574,6883.428279143982
37332,35.391118182218,906.6399999994574,6883.477495546668
37333,35.391118182218,906.6599999994573,6883.526711296613
37334,35.391118182218,906.6799999994573,6883.575926393791
37335,35.391118182218,906.6999999994573,6883.625140838177
37336,35.391118182218,906.7199999994573,6883.674354629747
37337,35.391118182218,906.7399999994573,6883.723567768475
37338,35.391118182218,906.7599999994572,6883.772780254338
37339,35.391118182218,906.7799999994572,6883.82199208731
37340,35.391118182218,906.7999999994572,6883.871203267367
37341,35.391118182218,906.8199999994572,6883.920413794483
37342,35.391118182218,906.8399999994572,6883.969623668634
37343,35.391118182218,906.8599999994572,6884.018832889796
37344,35.391118182218,906.8799999994571,6884.068041457943
37345,35.391118182218,906.8999999994571,6884.117249373051
37346,35.391118182218,906.9199999994571,6884.166456635095
37347,35.391118182218,906.9399999994571,6884.215663244049
37348,35.391118182218,906.9599999994571,6884.26486919989
37349,35.391118182218,906.979999999457,6884.314074502593
37350,35.391118182218,906.999999999457,6884.363279152132
37351,35.391118182218,907.019999999457,6884.412483148484
37352,35.391118182218,907.039999999457,6884.461686491623
37353,35.391118182218,907.059999999457,6884.510889181524
37354,35.391118182218,907.079999999457,6884.5600912181635
37355,35.391118182218,907.0999999994569,6884.6092926016445
37356,35.391118182218,907.1199999994569,6884.658493333822
37357,35.391118182218,907.1399999994569,6884.707693415394
37358,35.391118182218,907.1599999994569,6884.756892846334
37359,35.391118182218,907.1799999994569,6884.806091626619
37360,35.391118182218,907.1999999994568,6884.855289756222
37361,35.391118182218,907.2199999994568,6884.904487235119
37362,35.391118182218,907.2399999994568,6884.953684063283
37363,35.391118182218,907.2599999994568,6885.00288024069
37364,35.391118182218,907.2799999994568,6885.052075767314
37365,35.391118182218,907.2999999994568,6885.10127064313
37366,35.391118182218,907.3199999994567,6885.150464868113
37367,35.391118182218,907.3399999994567,6885.199658442237
37368,35.391118182218,907.3599999994567,6885.248851365476
37369,35.391118182218,907.3799999994567,6885.298043637807
37370,35.391118182218,907.3999999994567,6885.347235259202
37371,35.391118182218,907.4199999994566,6885.396426229637
37372,35.391118182218,907.4399999994566,6885.4456165490865
37373,35.391118182218,907.4599999994566,6885.494806217525
37374,35.391118182218,907.4799999994566,6885.543995234929
37375,35.391118182218,907.4999999994566,6885.5931836012705
37376,35.391118182218,907.5199999994566,6885.642371316526
37377,35.391118182218,907.5399999994565,6885.691558380669
37378,35.391118182218,907.5599999994565,6885.740744793676
37379,35.391118182218,907.5799999994565,6885.789930555519
37380,35.391118182218,907.5999999994565,6885.839115666175
37381,35.391118182218,907.6199999994565,6885.888300125616
37382,35.391118182218,907.6399999994564,6885.93748393382
37383,35.391118182218,907.6599999994564,6885.9866670907595
37384,35.391118182218,907.6799999994564,6886.03584959641
37385,35.391118182218,907.6999999994564,6886.085031450746
37386,35.391118182218,907.7199999994564,6886.134212653742
37387,35.391118182218,907.7399999994564,6886.183393205372
37388,35.391118182218,907.7599999994563,6886.232573105613
37389,35.391118182218,907.7799999994563,6886.281752354437
37390,35.391118182218,907.7999999994563,6886.330930951821
37391,35.391118182218,907.8199999994563,6886.380108897738
37392,35.391118182218,907.8399999994563,6886.429286192163
37393,35.391118182218,907.8599999994562,6886.478462835071
37394,35.391118182218,907.8799999994562,6886.5276388264365
37395,35.391118182218,907.8999999994562,6886.576814166235
37396,35.391118182218,907.9199999994562,6886.625988854439
37397,35.391118182218,907.9399999994562,6886.675162891025
37398,35.391118182218,907.9599999994562,6886.724336275968
37399,35.391118182218,907.9799999994561,6886.773509009242
37400,35.391118182218,907.9999999994561,6886.822681090822
37401,35.391118182218,908.0199999994561,6886.871852520681
37402,35.391118182218,908.0399999994561,6886.921023298796
37403,35.391118182218,908.0599999994561,6886.970193425141
37404,35.391118182218,908.079999999456,6887.019362899689
37405,35.391118182218,908.099999999456,6887.068531722418
37406,35.341997774828975,908.119999999456,6887.1176998934625
37407,35.341997774828975,908.139999999456,6887.166867414837
37408,35.341997774828975,908.159999999456,6887.216034287086
37409,35.341997774828975,908.179999999456,6887.265200510185
37410,35.341997774828975,908.1999999994559,6887.314366084112
37411,35.341997774828975,908.2199999994559,6887.363531008843
37412,35.341997774828975,908.2399999994559,6887.412695284353
37413,35.341997774828975,908.2599999994559,6887.461858910618
37414,35.341997774828975,908.2799999994559,6887.511021887614
37415,35.341997774828975,908.2999999994558,6887.560184215318
37416,35.341997774828975,908.3199999994558,6887.609345893707
37417,35.341997774828975,908.3399999994558,6887.658506922755
37418,35.341997774828975,908.3599999994558,6887.707667302439
37419,35.341997774828975,908.3799999994558,6887.756827032736
37420,35.341997774828975,908.3999999994558,6887.80598611362
37421,35.341997774828975,908.4199999994557,6887.855144545069
37422,35.341997774828975,908.4399999994557,6887.904302327059
37423,35.341997774828975,908.4599999994557,6887.953459459565
37424,35.341997774828975,908.4799999994557,6888.002615942564
37425,35.341997774828975,908.4999999994557,6888.051771776032
37426,35.341997774828975,908.5199999994556,6888.100926959945
37427,35.341997774828975,908.5399999994556,6888.150081494279
37428,35.341997774828975,908.5599999994556,6888.199235379011
37429,35.341997774828975,908.5799999994556,6888.248388614116
37430,35.341997774828975,908.5999999994556,6888.29754119957
37431,35.341997774828975,908.6199999994556,6888.3466931353505
37432,35.341997774828975,908.6399999994555,6888.395844421432
37433,35.341997774828975,908.6599999994555,6888.444995057792
37434,35.341997774828975,908.6799999994555,6888.494145044406
37435,35.341997774828975,908.6999999994555,6888.543294381249
37436,35.341997774828975,908.7199999994555,6888.5924430683
37437,35.341997774828975,908.7399999994554,6888.641591105533
37438,35.341997774828975,908.7599999994554,6888.690738492924
37439,35.341997774828975,908.7799999994554,6888.7398852304495
37440,35.341997774828975,908.7999999994554,6888.789031318086
37441,35.341997774828975,908.8199999994554,6888.838176755809
37442,35.341997774828975,908.8399999994554,6888.887321543596
37443,35.341997774828975,908.8599999994553,6888.936465681421
37444,35.341997774828975,908.8799999994553,6888.985609169262
37445,35.341997774828975,908.8999999994553,6889.034752007094
37446,35.341997774828975,908.9199999994553,6889.083894194893
37447,35.341997774828975,908.9399999994553,6889.133035732636
37448,35.341997774828975,908.9599999994552,6889.182176620299
37449,35.341997774828975,908.9799999994552,6889.2313168578585
37450,35.341997774828975,908.9999999994552,6889.280456445289
37451,35.341997774828975,909.0199999994552,6889.329595382568
37452,35.341997774828975,909.0399999994552,6889.378733669671
37453,35.341997774828975,909.0599999994552,6889.427871306575
37454,35.341997774828975,909.0799999994551,6889.4770082932555
37455,35.341997774828975,909.0999999994551,6889.526144629688
37456,35.341997774828975,909.1199999994551,6889.575280315849
37457,35.341997774828975,909.1399999994551,6889.624415351895
37458,35.341997774828975,909.1599999994551,6889.673549739778
37459,35.341997774828975,909.179999999455,6889.722683479845
37460,35.341997774828975,909.199999999455,6889.771816572073
37461,35.341997774828975,909.219999999455,6889.820949016436
37462,35.341997774828975,909.239999999455,6889.8700808129115
37463,35.341997774828975,909.259999999455,6889.919211961474
37464,35.341997774828975,909.279999999455,6889.968342462098
37465,35.341997774828975,909.2999999994549,6890.017472314767
37466,35.341997774828975,909.3199999994549,6890.066601519527
37467,35.341997774828975,909.3399999994549,6890.115730076373
37468,35.341997774828975,909.3599999994549,6890.164857985284
37469,35.341997774828975,909.3799999994549,6890.2139852462315
37470,35.341997774828975,909.3999999994548,6890.263111859193
37471,35.341997774828975,909.4199999994548,6890.312237824141
37472,35.341997774828975,909.4399999994548,6890.361363141054
37473,35.341997774828975,909.4599999994548,6890.410487809907
37474,35.341997774828975,909.4799999994548,6890.459611830674
37475,35.341997774828975,909.4999999994548,6890.50873520333
37476,35.341997774828975,909.5199999994547,6890.557857927852
37477,35.341997774828975,909.5399999994547,6890.606980004214
37478,35.341997774828975,909.5599999994547,6890.6561014323925
37479,35.341997774828975,909.5799999994547,6890.705222212362
37480,35.341997774828975,909.5999999994547,6890.7543423440975
37481,35.341997774828975,909.6199999994546,6890.803461827575
37482,35.341997774828975,909.6399999994546,6890.85258066277
37483,35.341997774828975,909.6599999994546,6890.901698849658
37484,35.341997774828975,909.6799999994546,6890.950816388213
37485,35.341997774828975,909.6999999994546,6890.999933278412
37486,35.341997774828975,909.7199999994546,6891.049049520229
37487,35.341997774828975,909.7399999994545,6891.098165113641
37488,35.341997774828975,909.7599999994545,6891.147280058622
37489,35.341997774828975,909.7799999994545,6891.196394355146
37490,35.341997774828975,909.7999999994545,6891.245508003191
37491,35.341997774828975,909.8199999994545,6891.294621002732
37492,35.341997774828975,909.8399999994544,6891.343733353743
37493,35.341997774828975,909.8599999994544,6891.3928450562
37494,35.341997774828975,909.8799999994544,6891.441956110078
37495,35.341997774828975,909.8999999994544,6891.491066515353
37496,35.341997774828975,909.9199999994544,6891.540176272
37497,35.341997774828975,909.9399999994544,6891.589285379994
37498,35.341997774828975,909.9599999994543,6891.638393839311
37499,35.341997774828975,909.9799999994543,6891.687501649926
37500,35.341997774828975,909.9999999994543,6891.736608811814
37501,35.341997774828975,910.0199999994543,6891.7857153249515
37502,35.341997774828975,910.0399999994543,6891.834821189313
37503,35.341997774828975,910.0599999994542,6891.883926404873
37504,35.341997774828975,910.0799999994542,6891.933030971608
37505,35.341997774828975,910.0999999994542,6891.982134889493
37506,35.341997774828975,910.1199999994542,6892.031238158504
37507,35.341997774828975,910.1399999994542,6892.080340778615
37508,35.341997774828975,910.1599999994542,6892.1294427500225
37509,35.341997774828975,910.1799999994541,6892.178544074909
37510,35.341997774828975,910.1999999994541,6892.227644753485
37511,35.341997774828975,910.2199999994541,6892.276744785725
37512,35.341997774828975,910.2399999994541,6892.325844171604
37513,35.341997774828975,910.2599999994541,6892.3749429110985
37514,35.341997774828975,910.279999999454,6892.424041004183
37515,35.341997774828975,910.299999999454,6892.473138450833
37516,35.341997774828975,910.319999999454,6892.5222352510245
37517,35.341997774828975,910.339999999454,6892.571331404732
37518,35.341997774828975,910.359999999454,6892.620426911931
37519,35.341997774828975,910.379999999454,6892.669521772597
37520,35.341997774828975,910.3999999994539,6892.718615986706
37521,35.341997774828975,910.4199999994539,6892.767709554233
37522,35.341997774828975,910.4399999994539,6892.816802475153
37523,35.341997774828975,910.4599999994539,6892.865894749442
37524,35.341997774828975,910.4799999994539,6892.914986377075
37525,35.341997774828975,910.4999999994538,6892.964077358028
37526,35.341997774828975,910.5199999994538,6893.013167692275
37527,35.341997774828975,910.5399999994538,6893.062257379792
37528,35.341997774828975,910.5599999994538,6893.111346420555
37529,35.341997774828975,910.5799999994538,6893.160434814538
37530,35.341997774828975,910.5999999994538,6893.209522561719
37531,35.341997774828975,910.6199999994537,6893.258609662071
37532,35.341997774828975,910.6399999994537,6893.307696115569
37533,35.341997774828975,910.6599999994537,6893.356781922191
37534,35.341997774828975,910.6799999994537,6893.40586708191
37535,35.341997774828975,910.6999999994537,6893.454951594703
37536,35.341997774828975,910.7199999994536,6893.504035460544
37537,35.341997774828975,910.7399999994536,6893.55311867941
37538,35.341997774828975,910.7599999994536,6893.602201251274
37539,35.341997774828975,910.7799999994536,6893.651283176114
37540,35.341997774828975,910.7999999994536,6893.700364453904
37541,35.341997774828975,910.8199999994536,6893.749445084619
37542,35.341997774828975,910.8399999994535,6893.798525068235
37543,35.341997774828975,910.8599999994535,6893.8476044047275
37544,35.341997774828975,910.8799999994535,6893.896683094072
37545,35.341997774828975,910.8999999994535,6893.945761136243
37546,35.341997774828975,910.9199999994535,6893.994838531216
37547,35.341997774828975,910.9399999994534,6894.043915278968
37548,35.341997774828975,910.9599999994534,6894.092991379473
37549,35.341997774828975,910.9799999994534,6894.1420668327055
37550,35.341997774828975,910.9999999994534,6894.191141638643
37551,35.341997774828975,911.0199999994534,6894.240215797259
37552,35.341997774828975,911.0399999994534,6894.289289308531
37553,35.341997774828975,911.0599999994533,6894.338362172432
37554,35.341997774828975,911.0799999994533,6894.387434388939
37555,35.341997774828975,911.0999999994533,6894.436505958027
37556,35.341997774828975,911.1199999994533,6894.4855768796715
37557,35.341997774828975,911.1399999994533,6894.534647153848
37558,35.341997774828975,911.1599999994532,6894.583716780531
37559,35.341997774828975,911.1799999994532,6894.6327857600645
37560,35.341997774828975,911.1999999994532,6894.68185409453
37561,35.341997774828975,911.2199999994532,6894.730921784096
37562,35.341997774828975,911.2399999994532,6894.779988828738
37563,35.341997774828975,911.2599999994532,6894.8290552284325
37564,35.341997774828975,911.2799999994531,6894.878120983154
37565,35.341997774828975,911.2999999994531,6894.927186092878
37566,35.341997774828975,911.3199999994531,6894.976250557581
37567,35.341997774828975,911.3399999994531,6895.025314377237
37568,35.341997774828975,911.3599999994531,6895.074377551822
37569,35.341997774828975,911.379999999453,6895.123440081312
37570,35.341997774828975,911.399999999453,6895.1725019656815
37571,35.341997774828975,911.419999999453,6895.2215632049065
37572,35.341997774828975,911.439999999453,6895.270623798962
37573,35.341997774828975,911.459999999453,6895.319683747825
37574,35.341997774828975,911.479999999453,6895.36874305147
37575,35.341997774828975,911.4999999994529,6895.417801709872
37576,35.341997774828975,911.5199999994529,6895.466859723007
37577,35.341997774828975,911.5399999994529,6895.515917090849
37578,35.341997774828975,911.5599999994529,6895.564973813376
37579,35.341997774828975,911.5799999994529,6895.614029890562
37580,35.341997774828975,911.5999999994528,6895.663085322382
37581,35.341997774828975,911.6199999994528,6895.7121401088125
37582,35.341997774828975,911.6399999994528,6895.761194249829
37583,35.341997774828975,911.6599999994528,6895.810247745406
37584,35.341997774828975,911.6799999994528,6895.85930059552
37585,35.341997774828975,911.6999999994528,6895.908352800146
37586,35.341997774828975,911.7199999994527,6895.957404359258
37587,35.341997774828975,911.7399999994527,6896.0064552728345
37588,35.341997774828975,911.7599999994527,6896.055505540849
37589,35.341997774828975,911.7799999994527,6896.104555163277
37590,35.341997774828975,911.7999999994527,6896.153604140094
37591,35.341997774828975,911.8199999994526,6896.202652471276
37592,35.341997774828975,911.8399999994526,6896.251700156799
37593,35.341997774828975,911.8599999994526,6896.3007471966375
37594,35.341997774828975,911.8799999994526,6896.349793590767
37595,35.341997774828975,911.8999999994526,6896.398839339164
37596,35.341997774828975,911.9199999994526,6896.447884441802
37597,35.341997774828975,911.9399999994525,6896.496928898658
37598,35.341997774828975,911.9599999994525,6896.545972709707
37599,35.341997774828975,911.9799999994525,6896.595015874924
37600,35.341997774828975,911.9999999994525,6896.644058394285
37601,35.341997774828975,912.0199999994525,6896.693100267766
37602,35.341997774828975,912.0399999994524,6896.7421414953415
37603,35.341997774828975,912.0599999994524,6896.791182076988
37604,35.341997774828975,912.0799999994524,6896.84022201268
37605,35.341997774828975,912.0999999994524,6896.889261302394
37606,35.341997774828975,912.1199999994524,6896.938299946104
37607,35.341997774828975,912.1399999994524,6896.987337943787
37608,35.341997774828975,912.1599999994523,6897.036375295417
37609,35.341997774828975,912.1799999994523,6897.085412000971
37610,35.341997774828975,912.1999999994523,6897.134448060975
37611,35.341997774828975,912.2199999994523,6897.183483477491
37612,35.341997774828975,912.2399999994523,6897.232518250664
37613,35.341997774828975,912.2599999994522,6897.28155238047
37614,35.341997774828975,912.2799999994522,6897.3305858668855
37615,35.341997774828975,912.2999999994522,6897.379618709885
37616,35.341997774828975,912.3199999994522,6897.4286509094445
37617,35.341997774828975,912.3399999994522,6897.47768246554
37618,35.341997774828975,912.3599999994522,6897.526713378147
37619,35.341997774828975,912.3799999994521,6897.575743647242
37620,35.341997774828975,912.3999999994521,6897.624773272801
37621,35.341997774828975,912.4199999994521,6897.673802254798
37622,35.341997774828975,912.4399999994521,6897.722830593209
37623,35.341997774828975,912.4599999994521,6897.771858288012
37624,35.341997774828975,912.479999999452,6897.82088533918
37625,35.29299088857077,912.499999999452,6897.86991174669
37626,35.29299088857077,912.519999999452,6897.918937510518
37627,35.29299088857077,912.539999999452,6897.967962630639
37628,35.29299088857077,912.559999999452,6898.016987107029
37629,35.29299088857077,912.579999999452,6898.066010939665
37630,35.29299088857077,912.5999999994519,6898.115034128521
37631,35.29299088857077,912.6199999994519,6898.164056673573
37632,35.29299088857077,912.6399999994519,6898.213078574798
37633,35.29299088857077,912.6599999994519,6898.26209983217
37634,35.29299088857077,912.6799999994519,6898.311120445665
37635,35.29299088857077,912.6999999994518,6898.3601404152605
37636,35.29299088857077,912.7199999994518,6898.409159740931
37637,35.29299088857077,912.7399999994518,6898.458178422652
37638,35.29299088857077,912.7599999994518,6898.507196460399
37639,35.29299088857077,912.7799999994518,6898.556213854149
37640,35.29299088857077,912.7999999994518,6898.605230603877
37641,35.29299088857077,912.8199999994517,6898.654246709559
37642,35.29299088857077,912.8399999994517,6898.7032621711705
37643,35.29299088857077,912.8599999994517,6898.752276988687
37644,35.29299088857077,912.8799999994517,6898.801291162085
37645,35.29299088857077,912.8999999994517,6898.85030469134
37646,35.29299088857077,912.9199999994516,6898.899317576427
37647,35.29299088857077,912.9399999994516,6898.948329817323
37648,35.29299088857077,912.9599999994516,6898.997341414002
37649,35.29299088857077,912.9799999994516,6899.046352366441
37650,35.29299088857077,912.9999999994516,6899.095362674616
37651,35.29299088857077,913.0199999994516,6899.144372338502
37652,35.29299088857077,913.0399999994515,6899.1933813580745
37653,35.29299088857077,913.0599999994515,6899.24238973331
37654,35.29299088857077,913.0799999994515,6899.291397464184
37655,35.29299088857077,913.0999999994515,6899.340404550672
37656,35.29299088857077,913.1199999994515,6899.3894109927505
37657,35.29299088857077,913.1399999994514,6899.4384167903945
37658,35.29299088857077,913.1599999994514,6899.48742194358
37659,35.29299088857077,913.1799999994514,6899.536426452282
37660,35.29299088857077,913.1999999994514,6899.585430316478
37661,35.29299088857077,913.2199999994514,6899.634433536788
37662,35.29299088857077,913.2399999994514,6899.683436114942
37663,35.29299088857077,913.2599999994513,6899.732438051041
37664,35.29299088857077,913.2799999994513,6899.78143934506
37665,35.29299088857077,913.2999999994513,6899.830439996975
37666,35.29299088857077,913.3199999994513,6899.879440006762
37667,35.29299088857077,913.3399999994513,6899.9284393743965
37668,35.29299088857077,913.3599999994512,6899.977438099855
37669,35.29299088857077,913.3799999994512,6900.02643618313
37670,35.29299088857077,913.3999999994512,6900.0754336243035
37671,35.29299088857077,913.4199999994512,6900.124430423363
37672,35.29299088857077,913.4399999994512,6900.173426580285
37673,35.29299088857077,913.4599999994512,6900.222422095046
37674,35.29299088857077,913.4799999994511,6900.27141696762
37675,35.29299088857077,913.4999999994511,6900.320411197985
37676,35.29299088857077,913.5199999994511,6900.369404786116
37677,35.29299088857077,913.5399999994511,6900.41839773199
37678,35.29299088857077,913.5599999994511,6900.467390035583
37679,35.29299088857077,913.579999999451,6900.516381696871
37680,35.29299088857077,913.599999999451,6900.56537271583
37681,35.29299088857077,913.619999999451,6900.614363092435
37682,35.29299088857077,913.639999999451,6900.663352826665
37683,35.29299088857077,913.659999999451,6900.712341918494
37684,35.29299088857077,913.679999999451,6900.761330367898
37685,35.29299088857077,913.6999999994509,6900.810318174854
37686,35.29299088857077,913.7199999994509,6900.859305339338
37687,35.29299088857077,913.7399999994509,6900.908291861326
37688,35.29299088857077,913.7599999994509,6900.957277740793
37689,35.29299088857077,913.7799999994509,6901.006262977717
37690,35.29299088857077,913.7999999994508,6901.055247572072
37691,35.29299088857077,913.8199999994508,6901.1042315238365
37692,35.29299088857077,913.8399999994508,6901.153214832985
37693,35.29299088857077,913.8599999994508,6901.202197499495
37694,35.29299088857077,913.8799999994508,6901.251179523341
37695,35.29299088857077,913.8999999994508,6901.3001609045
37696,35.29299088857077,913.9199999994507,6901.349141642949
37697,35.29299088857077,913.9399999994507,6901.398121738663
37698,35.29299088857077,913.9599999994507,6901.447101191618
37699,35.29299088857077,913.9799999994507,6901.49608000179
37700,35.29299088857077,913.9999999994507,6901.545058169156
37701,35.29299088857077,914.0199999994506,6901.594035693692
37702,35.29299088857077,914.0399999994506,6901.643012575373
37703,35.29299088857077,914.0599999994506,6901.6919888141765
37704,35.29299088857077,914.0799999994506,6901.740964410078
37705,35.29299088857077,914.0999999994506,6901.789939363054
37706,35.29299088857077,914.1199999994506,6901.83891367308
37707,35.29299088857077,914.1399999994505,6901.887887340133
37708,35.29299088857077,914.1599999994505,6901.936860364188
37709,35.29299088857077,914.1799999994505,6901.985832745222
37710,35.29299088857077,914.1999999994505,6902.034804483211
37711,35.29299088857077,914.2199999994505,6902.083775578131
37712,35.29299088857077,914.2399999994504,6902.1327460307875
37713,35.29299088857077,914.2599999994504,6902.181715842862
37714,35.29299088857077,914.2799999994504,6902.23068501443
37715,35.29299088857077,914.2999999994504,6902.279653545465
37716,35.29299088857077,914.3199999994504,6902.328621435947
37717,35.29299088857077,914.3399999994504,6902.377588685849
37718,35.29299088857077,914.3599999994503,6902.426555295148
37719,35.29299088857077,914.3799999994503,6902.475521263821
37720,35.29299088857077,914.3999999994503,6902.524486591843
37721,35.29299088857077,914.4199999994503,6902.5734512791905
37722,35.29299088857077,914.4399999994503,6902.622415325839
37723,35.29299088857077,914.4599999994502,6902.671378731766
37724,35.29299088857077,914.4799999994502,6902.720341496946
37725,35.29299088857077,914.4999999994502,6902.769303621357
37726,35.29299088857077,914.5199999994502,6902.818265104973
37727,35.29299088857077,914.5399999994502,6902.867225947772
37728,35.29299088857077,914.5599999994502,6902.916186149729
37729,35.29299088857077,914.5799999994501,6902.96514571082
37730,35.29299088857077,914.5999999994501,6903.014104631023
37731,35.29299088857077,914.6199999994501,6903.063062910312
37732,35.29299088857077,914.6399999994501,6903.112020548663
37733,35.29299088857077,914.6599999994501,6903.160977546054
37734,35.29299088857077,914.67999999945,6903.20993390246
37735,35.29299088857077,914.69999999945,6903.258889617857
37736,35.29299088857077,914.71999999945,6903.307844692221
37737,35.29299088857077,914.73999999945,6903.356799125529
37738,35.29299088857077,914.75999999945,6903.405752917756
37739,35.29299088857077,914.77999999945,6903.45470606888
37740,35.29299088857077,914.7999999994499,6903.503658578876
37741,35.29299088857077,914.8199999994499,6903.552610447719
37742,35.29299088857077,914.8399999994499,6903.601561675387
37743,35.29299088857077,914.8599999994499,6903.650512261855
37744,35.29299088857077,914.8799999994499,6903.699462207099
37745,35.29299088857077,914.8999999994498,6903.748411511096
37746,35.29299088857077,914.9199999994498,6903.797360173821
37747,35.29299088857077,914.9399999994498,6903.846308195251
37748,35.29299088857077,914.9599999994498,6903.895255575363
37749,35.29299088857077,914.9799999994498,6903.944202314132
37750,35.29299088857077,914.9999999994498,6903.993148411533
37751,35.29299088857077,915.0199999994497,6904.042093867544
37752,35.29299088857077,915.0399999994497,6904.091038682141
37753,35.29299088857077,915.0599999994497,6904.1399828552985
37754,35.29299088857077,915.0799999994497,6904.188926386994
37755,35.29299088857077,915.0999999994497,6904.2378692772045
37756,35.29299088857077,915.1199999994496,6904.286811525904
37757,35.29299088857077,915.1399999994496,6904.33575313307
37758,35.29299088857077,915.1599999994496,6904.384694098679
37759,35.29299088857077,915.1799999994496,6904.433634422705
37760,35.29299088857077,915.1999999994496,6904.482574105126
37761,35.29299088857077,915.2199999994496,6904.531513145918
37762,35.29299088857077,915.2399999994495,6904.580451545057
37763,35.29299088857077,915.2599999994495,6904.629389303502
37764,35.29299088857077,915.2799999994495,6904.678326422809
37765,35.29299088857077,915.2999999994495,6904.72726290302
37766,35.29299088857077,915.3199999994495,6904.776198744113
37767,35.29299088857077,915.3399999994494,6904.825133946062
37768,35.29299088857077,915.3599999994494,6904.874068508845
37769,35.29299088857077,915.3799999994494,6904.923002432438
37770,35.29299088857077,915.3999999994494,6904.971935716816
37771,35.29299088857077,915.4199999994494,6905.020868361956
37772,35.29299088857077,915.4399999994494,6905.069800367833
37773,35.29299088857077,915.4599999994493,6905.118731734424
37774,35.29299088857077,915.4799999994493,6905.167662461705
37775,35.29299088857077,915.4999999994493,6905.216592549652
37776,35.29299088857077,915.5199999994493,6905.265521998242
37777,35.29299088857077,915.5399999994493,6905.314450807449
37778,35.29299088857077,915.5599999994492,6905.363378977251
37779,35.29299088857077,915.5799999994492,6905.412306507624
37780,35.29299088857077,915.5999999994492,6905.461233398543
37781,35.29299088857077,915.6199999994492,6905.510159649985
37782,35.29299088857077,915.6399999994492,6905.559085261926
37783,35.29299088857077,915.6599999994492,6905.608010234342
37784,35.29299088857077,915.6799999994491,6905.65693456721
37785,35.29299088857077,915.6999999994491,6905.705858260504
37786,35.29299088857077,915.7199999994491,6905.754781314202
37787,35.29299088857077,915.7399999994491,6905.803703728279
37788,35.29299088857077,915.7599999994491,6905.852625502712
37789,35.29299088857077,915.779999999449,6905.901546637477
37790,35.29299088857077,915.799999999449,6905.950467132549
37791,35.29299088857077,915.819999999449,6905.999386987905
37792,35.29299088857077,915.839999999449,6906.048306203522
37793,35.29299088857077,915.859999999449,6906.097224779374
37794,35.29299088857077,915.879999999449,6906.146142715439
37795,35.29299088857077,915.8999999994489,6906.1950600116925
37796,35.29299088857077,915.9199999994489,6906.243976668111
37797,35.29299088857077,915.9399999994489,6906.29289268467
37798,35.29299088857077,915.9599999994489,6906.341808061346
37799,35.29299088857077,915.9799999994489,6906.390722798114
37800,35.29299088857077,915.9999999994488,6906.439636894952
37801,35.29299088857077,916.0199999994488,6906.488550351834
37802,35.29299088857077,916.0399999994488,6906.537463168738
37803,35.29299088857077,916.0599999994488,6906.58637534564
37804,35.29299088857077,916.0799999994488,6906.635286882514
37805,35.29299088857077,916.0999999994488,6906.684197779339
37806,35.29299088857077,916.1199999994487,6906.73310803609
37807,35.29299088857077,916.1399999994487,6906.782017652742
37808,35.29299088857077,916.1599999994487,6906.830926629273
37809,35.29299088857077,916.1799999994487,6906.879834965657
37810,35.29299088857077,916.1999999994487,6906.928742661872
37811,35.29299088857077,916.2199999994486,6906.977649717894
37812,35.29299088857077,916.2399999994486,6907.026556133697
37813,35.29299088857077,916.2599999994486,6907.0754619092595
37814,35.29299088857077,916.2799999994486,6907.124367045744
37815,35.29299088857077,916.2999999994486,6907.173271544647
37816,35.29299088857077,916.3199999994486,6907.222175405981
37817,35.29299088857077,916.3399999994485,6907.271078629723
37818,35.29299088857077,916.3599999994485,6907.319981215848
37819,35.29299088857077,916.3799999994485,6907.368883164333
37820,35.29299088857077,916.3999999994485,6907.417784475154
37821,35.29299088857077,916.4199999994485,6907.466685148286
37822,35.29299088857077,916.4399999994484,6907.515585183706
37823,35.29299088857077,916.4599999994484,6907.56448458139
37824,35.29299088857077,916.4799999994484,6907.613383341314
37825,35.29299088857077,916.4999999994484,6907.662281463455
37826,35.29299088857077,916.5199999994484,6907.711178947788
37827,35.29299088857077,916.5399999994484,6907.760075794288
37828,35.29299088857077,916.5599999994483,6907.808972002934
37829,35.29299088857077,916.5799999994483,6907.8578675737
37830,35.29299088857077,916.5999999994483,6907.906762506563
37831,35.29299088857077,916.6199999994483,6907.955656801498
37832,35.29299088857077,916.6399999994483,6908.004550458482
37833,35.29299088857077,916.6599999994482,6908.053443477492
37834,35.29299088857077,916.6799999994482,6908.102335858502
37835,35.29299088857077,916.6999999994482,6908.151227601489
37836,35.29299088857077,916.7199999994482,6908.20011870643
37837,35.29299088857077,916.7399999994482,6908.2490091733
37838,35.29299088857077,916.7599999994482,6908.297899002076
37839,35.29299088857077,916.7799999994481,6908.346788192733
37840,35.29299088857077,916.7999999994481,6908.395676745247
37841,35.29299088857077,916.8199999994481,6908.444564659596
37842,35.29299088857077,916.8399999994481,6908.493451935754
37843,35.29299088857077,916.8599999994481,6908.542338573698
37844,35.24409715648387,916.879999999448,6908.591224573403
37845,35.24409715648387,916.899999999448,6908.640109934848
37846,35.24409715648387,916.919999999448,6908.688994658006
37847,35.24409715648387,916.939999999448,6908.737878742855
37848,35.24409715648387,916.959999999448,6908.78676218937
37849,35.24409715648387,916.979999999448,6908.835644997528
37850,35.24409715648387,916.9999999994479,6908.884527167304
37851,35.24409715648387,917.0199999994479,6908.9334086986755
37852,35.24409715648387,917.0399999994479,6908.982289591618
37853,35.24409715648387,917.0599999994479,6909.031169846106
37854,35.24409715648387,917.0799999994479,6909.080049462119
37855,35.24409715648387,917.0999999994478,6909.128928439631
37856,35.24409715648387,917.1199999994478,6909.177806778617
37857,35.24409715648387,917.1399999994478,6909.226684479056
37858,35.24409715648387,917.1599999994478,6909.275561540921
37859,35.24409715648387,917.1799999994478,6909.32443796419
37860,35.24409715648387,917.1999999994478,6909.373313748839
37861,35.24409715648387,917.2199999994477,6909.422188894843
37862,35.24409715648387,917.2399999994477,6909.471063402179
37863,35.24409715648387,917.2599999994477,6909.519937270824
37864,35.24409715648387,917.2799999994477,6909.568810500752
37865,35.24409715648387,917.2999999994477,6909.617683093143
37866,35.24409715648387,917.3199999994476,6909.666555049212
37867,35.24409715648387,917.3399999994476,6909.715426368938
37868,35.24409715648387,917.3599999994476,6909.764297052298
37869,35.24409715648387,917.3799999994476,6909.813167099268
37870,35.24409715648387,917.3999999994476,6909.862036509823
37871,35.24409715648387,917.4199999994476,6909.91090528394
37872,35.24409715648387,917.4399999994475,6909.959773421595
37873,35.24409715648387,917.4599999994475,6910.008640922767
37874,35.24409715648387,917.4799999994475,6910.057507787501
37875,35.24409715648387,917.4999999994475,6910.106374015812
37876,35.24409715648387,917.5199999994475,6910.155239607677
37877,35.24409715648387,917.5399999994474,6910.20410456307
37878,35.24409715648387,917.5599999994474,6910.2529688819695
37879,35.24409715648387,917.5799999994474,6910.30183256435
37880,35.24409715648387,917.5999999994474,6910.350695610186
37881,35.24409715648387,917.6199999994474,6910.399558019456
37882,35.24409715648387,917.6399999994474,6910.448419792135
37883,35.24409715648387,917.6599999994473,6910.497280928197
37884,35.24409715648387,917.6799999994473,6910.546141427621
37885,35.24409715648387,917.6999999994473,6910.59500129038
37886,35.24409715648387,917.7199999994473,6910.643860516452
37887,35.24409715648387,917.7399999994473,6910.692719105812
37888,35.24409715648387,917.7599999994472,6910.741577058436
37889,35.24409715648387,917.7799999994472,6910.790434374299
37890,35.24409715648387,917.7999999994472,6910.8392910533785
37891,35.24409715648387,917.8199999994472,6910.888147095649
37892,35.24409715648387,917.8399999994472,6910.9370025010885
37893,35.24409715648387,917.8599999994472,6910.98585726967
37894,35.24409715648387,917.8799999994471,6911.034711401372
37895,35.24409715648387,917.8999999994471,6911.083564896168
37896,35.24409715648387,917.9199999994471,6911.132417754036
37897,35.24409715648387,917.9399999994471,6911.181269974951
37898,35.24409715648387,917.9599999994471,6911.230121558889
37899,35.24409715648387,917.979999999447,6911.278972505825
37900,35.24409715648387,917.999999999447,6911.327822815735
37901,35.24409715648387,918.019999999447,6911.376672488596
37902,35.24409715648387,918.039999999447,6911.425521524384
37903,35.24409715648387,918.059999999447,6911.474369923074
37904,35.24409715648387,918.079999999447,6911.523217684642
37905,35.24409715648387,918.0999999994469,6911.572064809065
37906,35.24409715648387,918.1199999994469,6911.620911296317
37907,35.24409715648387,918.1399999994469,6911.669757146376
37908,35.24409715648387,918.1599999994469,6911.718602359216
37909,35.24409715648387,918.1799999994469,6911.767446934813
37910,35.24409715648387,918.1999999994468,6911.816290873144
37911,35.24409715648387,918.2199999994468,6911.865134174184
37912,35.24409715648387,918.2399999994468,6911.91397683791
37913,35.24409715648387,918.2599999994468,6911.962818864297
37914,35.24409715648387,918.2799999994468,6912.011660253322
37915,35.24409715648387,918.2999999994468,6912.060501004985
37916,35.24409715648387,918.3199999994467,6912.109341120661
37917,35.24409715648387,918.3399999994467,6912.158180601488
37918,35.24409715648387,918.3599999994467,6912.207019447442
37919,35.24409715648387,918.3799999994467,6912.255857658499
37920,35.24409715648387,918.3999999994467,6912.304695234634
37921,35.24409715648387,918.4199999994466,6912.3535321758245
37922,35.24409715648387,918.4399999994466,6912.402368482046
37923,35.24409715648387,918.4599999994466,6912.4512041532735
37924,35.24409715648387,918.4799999994466,6912.500039189484
37925,35.24409715648387,918.4999999994466,6912.548873590653
37926,35.24409715648387,918.5199999994466,6912.5977073567565
37927,35.24409715648387,918.5399999994465,6912.646540487771
37928,35.24409715648387,918.5599999994465,6912.695372983671
37929,35.24409715648387,918.5799999994465,6912.7442048444345
37930,35.24409715648387,918.5999999994465,6912.793036070037
37931,35.24409715648387,918.6199999994465,6912.841866660453
37932,35.24409715648387,918.6399999994464,6912.89069661566
37933,35.24409715648387,918.6599999994464,6912.939525935633
37934,35.24409715648387,918.6799999994464,6912.988354620349
37935,35.24409715648387,918.6999999994464,6913.037182669784
37936,35.24409715648387,918.7199999994464,6913.086010083913
37937,35.24409715648387,918.7399999994464,6913.134836862711
37938,35.24409715648387,918.7599999994463,6913.183663006156
37939,35.24409715648387,918.7799999994463,6913.232488514223
37940,35.24409715648387,918.7999999994463,6913.281313386889
37941,35.24409715648387,918.8199999994463,6913.33013762413
37942,35.24409715648387,918.8399999994463,6913.37896122592
37943,35.24409715648387,918.8599999994462,6913.427784192236
37944,35.24409715648387,918.8799999994462,6913.476606523054
37945,35.24409715648387,918.8999999994462,6913.5254282183505
37946,35.24409715648387,918.9199999994462,6913.574249278101
37947,35.24409715648387,918.9399999994462,6913.623069702282
37948,35.24409715648387,918.9599999994462,6913.671889490869
37949,35.24409715648387,918.9799999994461,6913.720708643838
37950,35.24409715648387,918.9999999994461,6913.769527161166
37951,35.24409715648387,919.0199999994461,6913.818345042827
37952,35.24409715648387,919.0399999994461,6913.867162288798
37953,35.24409715648387,919.0599999994461,6913.915978899055
37954,35.24409715648387,919.079999999446,6913.964794873574
37955,35.24409715648387,919.099999999446,6914.013610212331
37956,35.24409715648387,919.119999999446,6914.062424915302
37957,35.24409715648387,919.139999999446,6914.111238982462
37958,35.24409715648387,919.159999999446,6914.160052413788
37959,35.24409715648387,919.179999999446,6914.208865209256
37960,35.24409715648387,919.1999999994459,6914.257677368842
37961,35.24409715648387,919.2199999994459,6914.306488892522
37962,35.24409715648387,919.2399999994459,6914.355299780272
37963,35.24409715648387,919.2599999994459,6914.4041100320665
37964,35.24409715648387,919.2799999994459,6914.452919647883
37965,35.24409715648387,919.2999999994458,6914.501728627698
37966,35.24409715648387,919.3199999994458,6914.550536971543
37967,35.24409715648387,919.3399999994458,6914.599344680919
37968,35.24409715648387,919.3599999994458,6914.6481517568145
37969,35.24409715648387,919.3799999994458,6914.696958199206
37970,35.24409715648387,919.3999999994458,6914.74576400807
37971,35.24409715648387,919.4199999994457,6914.794569183382
37972,35.24409715648387,919.4399999994457,6914.843373725118
37973,35.24409715648387,919.4599999994457,6914.892177633254
37974,35.24409715648387,919.4799999994457,6914.940980907766
37975,35.24409715648387,919.4999999994457,6914.989783548631
37976,35.24409715648387,919.5199999994456,6915.038585555823
37977,35.24409715648387,919.5399999994456,6915.087386929321
37978,35.24409715648387,919.5599999994456,6915.136187669099
37979,35.24409715648387,919.5799999994456,6915.184987775134
37980,35.24409715648387,919.5999999994456,6915.233787247401
37981,35.24409715648387,919.6199999994456,6915.282586085877
37982,35.24409715648387,919.6399999994455,6915.331384290537
37983,35.24409715648387,919.6599999994455,6915.380181861359
37984,35.24409715648387,919.6799999994455,6915.428978798318
37985,35.24409715648387,919.6999999994455,6915.47777510139
37986,35.24409715648387,919.7199999994455,6915.526570770551
37987,35.24409715648387,919.7399999994454,6915.575365805777
37988,35.24409715648387,919.7599999994454,6915.624160207045
37989,35.24409715648387,919.7799999994454,6915.67295397433
37990,35.24409715648387,919.7999999994454,6915.721747107609
37991,35.24409715648387,919.8199999994454,6915.770539606858
37992,35.24409715648387,919.8399999994454,6915.819331472052
37993,35.24409715648387,919.8599999994453,6915.868122703168
37994,35.24409715648387,919.8799999994453,6915.916913300182
37995,35.24409715648387,919.8999999994453,6915.96570326307
37996,35.24409715648387,919.9199999994453,6916.014492591808
37997,35.24409715648387,919.9399999994453,6916.063281286372
37998,35.24409715648387,919.9599999994452,6916.112069346738
37999,35.24409715648387,919.9799999994452,6916.160856772883
38000,35.24409715648387,919.9999999994452,6916.209643564782
38001,35.24409715648387,920.0199999994452,6916.258429722411
38002,35.24409715648387,920.0399999994452,6916.307215245747
38003,35.24409715648387,920.0599999994452,6916.356000134765
38004,35.24409715648387,920.0799999994451,6916.404784389442
38005,35.24409715648387,920.0999999994451,6916.453568009754
38006,35.24409715648387,920.1199999994451,6916.502350995677
38007,35.24409715648387,920.1399999994451,6916.551133347187
38008,35.24409715648387,920.1599999994451,6916.599915064259
38009,35.24409715648387,920.179999999445,6916.648696146871
38010,35.24409715648387,920.199999999445,6916.697476594998
38011,35.24409715648387,920.219999999445,6916.746256408616
38012,35.24409715648387,920.239999999445,6916.795035587702
38013,35.24409715648387,920.259999999445,6916.843814132231
38014,35.24409715648387,920.279999999445,6916.89259204218
38015,35.24409715648387,920.2999999994449,6916.941369317524
38016,35.24409715648387,920.3199999994449,6916.99014595824
38017,35.24409715648387,920.3399999994449,6917.038921964393
38018,35.24409715648387,920.3599999994449,6917.087697337644
38019,35.24409715648387,920.3799999994449,6917.13647207885
38020,35.24409715648387,920.3999999994448,6917.185246187984
38021,35.24409715648387,920.4199999994448,6917.234019665025
38022,35.24409715648387,920.4399999994448,6917.2827925099455
38023,35.24409715648387,920.4599999994448,6917.331564722722
38024,35.24409715648387,920.4799999994448,6917.38033630333
38025,35.24409715648387,920.4999999994448,6917.429107251746
38026,35.24409715648387,920.5199999994447,6917.477877567944
38027,35.24409715648387,920.5399999994447,6917.526647251901
38028,35.24409715648387,920.5599999994447,6917.575416303591
38029,35.24409715648387,920.5799999994447,6917.624184722991
38030,35.24409715648387,920.5999999994447,6917.672952510076
38031,35.24409715648387,920.6199999994446,6917.721719664822
38032,35.24409715648387,920.6399999994446,6917.7704861872035
38033,35.24409715648387,920.6599999994446,6917.819252077197
38034,35.24409715648387,920.6799999994446,6917.868017334778
38035,35.24409715648387,920.6999999994446,6917.916781959922
38036,35.24409715648387,920.7199999994446,6917.965545952605
38037,35.24409715648387,920.7399999994445,6918.014309312801
38038,35.24409715648387,920.7599999994445,6918.063072040486
38039,35.24409715648387,920.7799999994445,6918.111834135637
38040,35.24409715648387,920.7999999994445,6918.160595598228
38041,35.24409715648387,920.8199999994445,6918.209356428235
38042,35.24409715648387,920.8399999994444,6918.258116625634
38043,35.24409715648387,920.8599999994444,6918.3068761904005
38044,35.24409715648387,920.8799999994444,6918.35563512251
38045,35.24409715648387,920.8999999994444,6918.404393421938
38046,35.24409715648387,920.9199999994444,6918.45315108866
38047,35.24409715648387,920.9399999994444,6918.501908122652
38048,35.24409715648387,920.9599999994443,6918.550664523888
38049,35.24409715648387,920.9799999994443,6918.599420292346
38050,35.24409715648387,920.9999999994443,6918.648175427999
38051,35.24409715648387,921.0199999994443,6918.696929930825
38052,35.24409715648387,921.0399999994443,6918.745683800797
38053,35.24409715648387,921.0599999994442,6918.794437037894
38054,35.24409715648387,921.0799999994442,6918.843189642088
38055,35.24409715648387,921.0999999994442,6918.891941613357
38056,35.24409715648387,921.1199999994442,6918.940692951675
38057,35.24409715648387,921.1399999994442,6918.989443657019
38058,35.24409715648387,921.1599999994442,6919.038193729364
38059,35.24409715648387,921.1799999994441,6919.086943168685
38060,35.24409715648387,921.1999999994441,6919.135691974958
38061,35.24409715648387,921.2199999994441,6919.1844401481585
38062,35.24409715648387,921.2399999994441,6919.233187688262
38063,35.24409715648387,921.2599999994441,6919.281934595244
38064,35.24409715648387,921.279999999444,6919.33068086908
38065,35.1953162131324,921.299999999444,6919.379426509747
38066,35.1953162131324,921.319999999444,6919.428171517218
38067,35.1953162131324,921.339999999444,6919.4769158914705
38068,35.1953162131324,921.359999999444,6919.525659632601
38069,35.1953162131324,921.379999999444,6919.574402742397
38070,35.1953162131324,921.3999999994439,6919.623145221562
38071,35.1953162131324,921.4199999994439,6919.671887070071
38072,35.1953162131324,921.4399999994439,6919.7206282879015
38073,35.1953162131324,921.4599999994439,6919.7693688750305
38074,35.1953162131324,921.4799999994439,6919.818108831436
38075,35.1953162131324,921.4999999994438,6919.866848157094
38076,35.1953162131324,921.5199999994438,6919.915586851981
38077,35.1953162131324,921.5399999994438,6919.964324916075
38078,35.1953162131324,921.5599999994438,6920.013062349358
38079,35.1953162131324,921.5799999994438,6920.061799151875
38080,35.1953162131324,921.5999999994438,6920.110535323632
38081,35.1953162131324,921.6199999994437,6920.159270864605
38082,35.1953162131324,921.6399999994437,6920.208005774772
38083,35.1953162131324,921.6599999994437,6920.256740054109
38084,35.1953162131324,921.6799999994437,6920.305473702594
38085,35.1953162131324,921.6999999994437,6920.354206720203
38086,35.1953162131324,921.7199999994436,6920.402939106914
38087,35.1953162131324,921.7399999994436,6920.451670862703
38088,35.1953162131324,921.7599999994436,6920.500401987548
38089,35.1953162131324,921.7799999994436,6920.549132481424
38090,35.1953162131324,921.7999999994436,6920.597862344309
38091,35.1953162131324,921.8199999994436,6920.64659157618
38092,35.1953162131324,921.8399999994435,6920.695320177014
38093,35.1953162131324,921.8599999994435,6920.7440481467875
38094,35.1953162131324,921.8799999994435,6920.792775485477
38095,35.1953162131324,921.8999999994435,6920.8415021930605
38096,35.1953162131324,921.9199999994435,6920.890228269514
38097,35.1953162131324,921.9399999994434,6920.938953714815
38098,35.1953162131324,921.9599999994434,6920.987678528941
38099,35.1953162131324,921.9799999994434,6921.036402711868
38100,35.1953162131324,921.9999999994434,6921.085126263572
38101,35.1953162131324,922.0199999994434,6921.133849184032
38102,35.1953162131324,922.0399999994434,6921.182571473224
38103,35.1953162131324,922.0599999994433,6921.231293131124
38104,35.1953162131324,922.0799999994433,6921.280014157711
38105,35.1953162131324,922.0999999994433,6921.32873455296
38106,35.1953162131324,922.1199999994433,6921.377454316848
38107,35.1953162131324,922.1399999994433,6921.426173449354
38108,35.1953162131324,922.1599999994432,6921.474891950453
38109,35.1953162131324,922.1799999994432,6921.523609820121
38110,35.1953162131324,922.1999999994432,6921.572327058338
38111,35.1953162131324,922.2199999994432,6921.621043665078
38112,35.1953162131324,922.2399999994432,6921.669759640319
38113,35.1953162131324,922.2599999994432,6921.718474984039
38114,35.1953162131324,922.2799999994431,6921.767189696214
38115,35.1953162131324,922.2999999994431,6921.81590377682
38116,35.1953162131324,922.3199999994431,6921.864617225835
38117,35.1953162131324,922.3399999994431,6921.913330043236
38118,35.1953162131324,922.3599999994431,6921.962042228999
38119,35.1953162131324,922.379999999443,6922.010753783244
38120,35.1953162131324,922.399999999443,6922.059464707746
38121,35.1953162131324,922.419999999443,6922.108175003009
38122,35.1953162131324,922.439999999443,6922.15688466901
38123,35.1953162131324,922.459999999443,6922.205593705725
38124,35.1953162131324,922.479999999443,6922.254302113131
38125,35.1953162131324,922.4999999994429,6922.303009891206
38126,35.1953162131324,922.5199999994429,6922.351717039925
38127,35.1953162131324,922.5399999994429,6922.400423559264
38128,35.1953162131324,922.5599999994429,6922.4491294492
38129,35.1953162131324,922.5799999994429,6922.49783470971
38130,35.1953162131324,922.5999999994428,6922.546539340771
38131,35.1953162131324,922.6199999994428,6922.595243342359
38132,35.1953162131324,922.6399999994428,6922.643946714451
38133,35.1953162131324,922.6599999994428,6922.692649457023
38134,35.1953162131324,922.6799999994428,6922.741351570053
38135,35.1953162131324,922.6999999994428,6922.790053053515
38136,35.1953162131324,922.7199999994427,6922.838753907388
38137,35.1953162131324,922.7399999994427,6922.887454131648
38138,35.1953162131324,922.7599999994427,6922.936153726271
38139,35.1953162131324,922.7799999994427,6922.984852691234
38140,35.1953162131324,922.7999999994427,6923.033551026513
38141,35.1953162131324,922.8199999994426,6923.082248732086
38142,35.1953162131324,922.8399999994426,6923.130945807928
38143,35.1953162131324,922.8599999994426,6923.1796422540165
38144,35.1953162131324,922.8799999994426,6923.228338070328
38145,35.1953162131324,922.8999999994426,6923.27703325684
38146,35.1953162131324,922.9199999994426,6923.325727813527
38147,35.1953162131324,922.9399999994425,6923.374421740366
38148,35.1953162131324,922.9599999994425,6923.423115037335
38149,35.1953162131324,922.9799999994425,6923.47180770441
38150,35.1953162131324,922.9999999994425,6923.520499741568
38151,35.1953162131324,923.0199999994425,6923.569191148784
38152,35.1953162131324,923.0399999994424,6923.617881926036
38153,35.1953162131324,923.0599999994424,6923.666572073301
38154,35.1953162131324,923.0799999994424,6923.715261590554
38155,35.1953162131324,923.0999999994424,6923.7639504777735
38156,35.1953162131324,923.1199999994424,6923.812638734935
38157,35.1953162131324,923.1399999994424,6923.861326362015
38158,35.1953162131324,923.1599999994423,6923.91001335899
38159,35.1953162131324,923.1799999994423,6923.9586997258375
38160,35.1953162131324,923.1999999994423,6924.007385462533
38161,35.1953162131324,923.2199999994423,6924.056070569054
38162,35.1953162131324,923.2399999994423,6924.104755045377
38163,35.1953162131324,923.2599999994422,6924.153438891478
38164,35.1953162131324,923.2799999994422,6924.202122107334
38165,35.1953162131324,923.2999999994422,6924.250804692921
38166,35.1953162131324,923.3199999994422,6924.299486648216
38167,35.1953162131324,923.3399999994422,6924.348167973196
38168,35.1953162131324,923.3599999994422,6924.396848667837
38169,35.1953162131324,923.3799999994421,6924.445528732116
38170,35.1953162131324,923.3999999994421,6924.494208166187
38171,35.1953162131324,923.4199999994421,6924.542886972015
38172,35.1953162131324,923.4399999994421,6924.5915651499745
38173,35.1953162131324,923.4599999994421,6924.640242700041
38174,35.1953162131324,923.479999999442,6924.688919622192
38175,35.1953162131324,923.499999999442,6924.737595916403
38176,35.1953162131324,923.519999999442,6924.786271582651
38177,35.1953162131324,923.539999999442,6924.834946620913
38178,35.1953162131324,923.559999999442,6924.883621031165
38179,35.1953162131324,923.579999999442,6924.932294813384
38180,35.1953162131324,923.5999999994419,6924.980967967546
38181,35.1953162131324,923.6199999994419,6925.029640493629
38182,35.1953162131324,923.6399999994419,6925.078312391608
38183,35.1953162131324,923.6599999994419,6925.12698366146
38184,35.1953162131324,923.6799999994419,6925.175654303162
38185,35.1953162131324,923.6999999994418,6925.224324316691
38186,35.1953162131324,923.7199999994418,6925.272993702023
38187,35.1953162131324,923.7399999994418,6925.321662459134
38188,35.1953162131324,923.7599999994418,6925.370330588002
38189,35.1953162131324,923.7799999994418,6925.418998088602
38190,35.1953162131324,923.7999999994418,6925.467664960912
38191,35.1953162131324,923.8199999994417,6925.516331204908
38192,35.1953162131324,923.8399999994417,6925.564996820567
38193,35.1953162131324,923.8599999994417,6925.613661807865
38194,35.1953162131324,923.8799999994417,6925.662326166779
38195,35.1953162131324,923.8999999994417,6925.710989897286
38196,35.1953162131324,923.9199999994416,6925.759652999362
38197,35.1953162131324,923.9399999994416,6925.808315472983
38198,35.1953162131324,923.9599999994416,6925.856977318126
38199,35.1953162131324,923.9799999994416,6925.9056385347685
38200,35.1953162131324,923.9999999994416,6925.954299122886
38201,35.1953162131324,924.0199999994416,6926.002959082456
38202,35.1953162131324,924.0399999994415,6926.051618413455
38203,35.1953162131324,924.0599999994415,6926.100277115859
38204,35.1953162131324,924.0799999994415,6926.148935189645
38205,35.1953162131324,924.0999999994415,6926.1975926347895
38206,35.1953162131324,924.1199999994415,6926.246249451269
38207,35.1953162131324,924.1399999994414,6926.294905639061
38208,35.1953162131324,924.1599999994414,6926.34356119814
38209,35.1953162131324,924.1799999994414,6926.3922161284845
38210,35.1953162131324,924.1999999994414,6926.44087043007
38211,35.1953162131324,924.2199999994414,6926.489524102874
38212,35.1953162131324,924.2399999994414,6926.538177146874
38213,35.1953162131324,924.2599999994413,6926.586829562044
38214,35.1953162131324,924.2799999994413,6926.635481348362
38215,35.1953162131324,924.2999999994413,6926.684132505805
38216,35.1953162131324,924.3199999994413,6926.732783034349
38217,35.1953162131324,924.3399999994413,6926.781432933971
38218,35.1953162131324,924.3599999994412,6926.830082204647
38219,35.1953162131324,924.3799999994412,6926.878730846354
38220,35.1953162131324,924.3999999994412,6926.927378859069
38221,35.1953162131324,924.4199999994412,6926.976026242975
38222,35.1953162131324,924.4399999994412,6927.024673000158
38223,35.1953162131324,924.4599999994412,6927.073319130839
38224,35.1953162131324,924.4799999994411,6927.1219646349955
38225,35.1953162131324,924.4999999994411,6927.170609512603
38226,35.1953162131324,924.5199999994411,6927.219253763638
38227,35.1953162131324,924.5399999994411,6927.267897388078
38228,35.1953162131324,924.5599999994411,6927.3165403859
38229,35.1953162131324,924.579999999441,6927.36518275708
38230,35.1953162131324,924.599999999441,6927.413824501595
38231,35.1953162131324,924.619999999441,6927.46246561942
38232,35.1953162131324,924.639999999441,6927.511106110533
38233,35.1953162131324,924.659999999441,6927.55974597491
38234,35.1953162131324,924.679999999441,6927.6083852125275
38235,35.1953162131324,924.6999999994409,6927.657023823363
38236,35.1953162131324,924.7199999994409,6927.705661807392
38237,35.1953162131324,924.7399999994409,6927.754299164592
38238,35.1953162131324,924.7599999994409,6927.80293589494
38239,35.1953162131324,924.7799999994409,6927.851571998412
38240,35.1953162131324,924.7999999994408,6927.900207474983
38241,35.1953162131324,924.8199999994408,6927.948842324632
38242,35.1953162131324,924.8399999994408,6927.997476547335
38243,35.1953162131324,924.8599999994408,6928.046110143068
38244,35.1953162131324,924.8799999994408,6928.094743111808
38245,35.1953162131324,924.8999999994408,6928.143375453532
38246,35.1953162131324,924.9199999994407,6928.192007168216
38247,35.1953162131324,924.9399999994407,6928.2406382558365
38248,35.1953162131324,924.9599999994407,6928.28926871637
38249,35.1953162131324,924.9799999994407,6928.337898549794
38250,35.1953162131324,924.9999999994407,6928.386527756084
38251,35.1953162131324,925.0199999994406,6928.435156335218
38252,35.1953162131324,925.0399999994406,6928.483784287172
38253,35.1953162131324,925.0599999994406,6928.532411611922
38254,35.1953162131324,925.0799999994406,6928.581038309445
38255,35.1953162131324,925.0999999994406,6928.629664379718
38256,35.1953162131324,925.1199999994406,6928.678289822717
38257,35.1953162131324,925.1399999994405,6928.726914638418
38258,35.1953162131324,925.1599999994405,6928.775538826799
38259,35.1953162131324,925.1799999994405,6928.824162387836
38260,35.1953162131324,925.1999999994405,6928.872785321505
38261,35.1953162131324,925.2199999994405,6928.921407627784
38262,35.1953162131324,925.2399999994404,6928.970029306649
38263,35.1953162131324,925.2599999994404,6929.018650358076
38264,35.1953162131324,925.2799999994404,6929.067270782042
38265,35.1953162131324,925.2999999994404,6929.115890578524
38266,35.1953162131324,925.3199999994404,6929.164509747498
38267,35.1953162131324,925.3399999994404,6929.213128288941
38268,35.1953162131324,925.3599999994403,6929.26174620283
38269,35.1953162131324,925.3799999994403,6929.310363489141
38270,35.1953162131324,925.3999999994403,6929.358980147851
38271,35.1953162131324,925.4199999994403,6929.407596178936
38272,35.1953162131324,925.4399999994403,6929.456211582719
38273,35.1953162131324,925.4599999994402,6929.504826361301
38274,35.1953162131324,925.4799999994402,6929.553440514853
38275,35.1953162131324,925.4999999994402,6929.602054043353
38276,35.1953162131324,925.5199999994402,6929.650666946778
38277,35.1953162131324,925.5399999994402,6929.699279225104
38278,35.1953162131324,925.5599999994402,6929.747890878308
38279,35.1953162131324,925.5799999994401,6929.796501906366
38280,35.1953162131324,925.5999999994401,6929.845112309255
38281,35.1953162131324,925.6199999994401,6929.893722086951
38282,35.1953162131324,925.6399999994401,6929.942331239432
38283,35.1953162131324,925.6599999994401,6929.990939766674
38284,35.1953162131324,925.67999999944,6930.039547668682
38285,35.1953162131324,925.69999999944,6930.088154945483
38286,35.1953162131324,925.71999999944,6930.136761597058
38287,35.1953162131324,925.73999999944,6930.185367623381
38288,35.1953162131324,925.75999999944,6930.23397302443
38289,35.1953162131324,925.77999999944,6930.282577800181
38290,35.1953162131324,925.7999999994399,6930.33118195061
38291,35.1953162131324,925.8199999994399,6930.379785475693
38292,35.146647694596574,925.8399999994399,6930.428388375407
38293,35.146647694596574,925.8599999994399,6930.476990649729
38294,35.146647694596574,925.8799999994399,6930.5255922986335
38295,35.146647694596574,925.8999999994398,6930.574193322098
38296,35.146647694596574,925.9199999994398,6930.622793720098
38297,35.146647694596574,925.9399999994398,6930.671393492612
38298,35.146647694596574,925.9599999994398,6930.719992639614
38299,35.146647694596574,925.9799999994398,6930.7685911610815
38300,35.146647694596574,925.9999999994398,6930.817189056991
38301,35.146647694596574,926.0199999994397,6930.865786327318
38302,35.146647694596574,926.0399999994397,6930.91438297204
38303,35.146647694596574,926.0599999994397,6930.962978991131
38304,35.146647694596574,926.0799999994397,6931.011574384571
38305,35.146647694596574,926.0999999994397,6931.060169152333
38306,35.146647694596574,926.1199999994396,6931.108763294395
38307,35.146647694596574,926.1399999994396,6931.157356810734
38308,35.146647694596574,926.1599999994396,6931.205949701325
38309,35.146647694596574,926.1799999994396,6931.254541966145
38310,35.146647694596574,926.1999999994396,6931.303133605169
38311,35.146647694596574,926.2199999994396,6931.351724618376
38312,35.146647694596574,926.2399999994395,6931.40031500574
38313,35.146647694596574,926.2599999994395,6931.448904767238
38314,35.146647694596574,926.2799999994395,6931.497493902846
38315,35.146647694596574,926.2999999994395,6931.546082412542
38316,35.146647694596574,926.3199999994395,6931.594670296301
38317,35.146647694596574,926.3399999994394,6931.643257554099
38318,35.146647694596574,926.3599999994394,6931.691844185914
38319,35.146647694596574,926.3799999994394,6931.740430191721
38320,35.146647694596574,926.3999999994394,6931.789015571497
38321,35.146647694596574,926.4199999994394,6931.837600325217
38322,35.146647694596574,926.4399999994394,6931.886184452859
38323,35.146647694596574,926.4599999994393,6931.934767954851
38324,35.146647694596574,926.4799999994393,6931.983350832958
38325,35.146647694596574,926.4999999994393,6932.031933087308
38326,35.146647694596574,926.5199999994393,6932.080514717875
38327,35.146647694596574,926.5399999994393,6932.1290957246365
38328,35.146647694596574,926.5599999994392,6932.177676107569
38329,35.146647694596574,926.5799999994392,6932.226255866648
38330,35.146647694596574,926.5999999994392,6932.274835001851
38331,35.146647694596574,926.6199999994392,6932.323413513153
38332,35.146647694596574,926.6399999994392,6932.371991400532
38333,35.146647694596574,926.6599999994392,6932.420568663964
38334,35.146647694596574,926.6799999994391,6932.469145303426
38335,35.146647694596574,926.6999999994391,6932.517721318893
38336,35.146647694596574,926.7199999994391,6932.566296710342
38337,35.146647694596574,926.7399999994391,6932.61487147775
38338,35.146647694596574,926.7599999994391,6932.663445621093
38339,35.146647694596574,926.779999999439,6932.712019140348
38340,35.146647694596574,926.799999999439,6932.760592035491
38341,35.146647694596574,926.819999999439,6932.809164306498
38342,35.146647694596574,926.839999999439,6932.8577359533465
38343,35.146647694596574,926.859999999439,6932.906306976012
38344,35.146647694596574,926.879999999439,6932.954877374472
38345,35.146647694596574,926.8999999994389,6933.0034471487015
38346,35.146647694596574,926.9199999994389,6933.052016298678
38347,35.146647694596574,926.9399999994389,6933.100584824377
38348,35.146647694596574,926.9599999994389,6933.149152725776
38349,35.146647694596574,926.9799999994389,6933.1977200028505
38350,35.146647694596574,926.9999999994388,6933.246286655578
38351,35.146647694596574,927.0199999994388,6933.294852683935
38352,35.146647694596574,927.0399999994388,6933.343418087897
38353,35.146647694596574,927.0599999994388,6933.39198286744
38354,35.146647694596574,927.0799999994388,6933.440547022542
38355,35.146647694596574,927.0999999994388,6933.489110553179
38356,35.146647694596574,927.1199999994387,6933.5376734593265
38357,35.146647694596574,927.1399999994387,6933.5862357409615
38358,35.146647694596574,927.1599999994387,6933.634797398061
38359,35.146647694596574,927.1799999994387,6933.6833584306005
38360,35.146647694596574,927.1999999994387,6933.731918838557
38361,35.146647694596574,927.2199999994386,6933.780478621908
38362,35.146647694596574,927.2399999994386,6933.829037780628
38363,35.146647694596574,927.2599999994386,6933.8775963146945
38364,35.146647694596574,927.2799999994386,6933.926154224084
38365,35.146647694596574,927.2999999994386,6933.974711508772
38366,35.146647694596574,927.3199999994386,6934.023268168736
38367,35.146647694596574,927.3399999994385,6934.071824203952
38368,35.146647694596574,927.3599999994385,6934.120379614396
38369,35.146647694596574,927.3799999994385,6934.168934400046
38370,35.146647694596574,927.3999999994385,6934.217488560877
38371,35.146647694596574,927.4199999994385,6934.266042096867
38372,35.146647694596574,927.4399999994384,6934.314595007991
38373,35.146647694596574,927.4599999994384,6934.363147294225
38374,35.146647694596574,927.4799999994384,6934.4116989561735
38375,35.146647694596574,927.4999999994384,6934.460249995583
38376,35.146647694596574,927.5199999994384,6934.508800412557
38377,35.146647694596574,927.5399999994384,6934.557350207074
38378,35.146647694596574,927.5599999994383,6934.605899379108
38379,35.146647694596574,927.5799999994383,6934.654447928638
38380,35.146647694596574,927.5999999994383,6934.702995855639
38381,35.146647694596574,927.6199999994383,6934.751543160088
38382,35.146647694596574,927.6399999994383,6934.800089841961
38383,35.146647694596574,927.6599999994382,6934.848635901236
38384,35.146647694596574,927.6799999994382,6934.897181337888
38385,35.146647694596574,927.6999999994382,6934.945726151893
38386,35.146647694596574,927.7199999994382,6934.994270343229
38387,35.146647694596574,927.7399999994382,6935.042813911872
38388,35.146647694596574,927.7599999994382,6935.091356857799
38389,35.146647694596574,927.7799999994381,6935.1398991809865
38390,35.146647694596574,927.7999999994381,6935.18844088141
38391,35.146647694596574,927.8199999994381,6935.236981959048
38392,35.146647694596574,927.8399999994381,6935.285522413875
38393,35.146647694596574,927.8599999994381,6935.334062245868
38394,35.146647694596574,927.879999999438,6935.382601455004
38395,35.146647694596574,927.899999999438,6935.43114004126
38396,35.146647694596574,927.919999999438,6935.479678004611
38397,35.146647694596574,927.939999999438,6935.528215345034
38398,35.146647694596574,927.959999999438,6935.576752062507
38399,35.146647694596574,927.979999999438,6935.625288157005
38400,35.146647694596574,927.9999999994379,6935.6738236285055
38401,35.146647694596574,928.0199999994379,6935.7223584769845
38402,35.146647694596574,928.0399999994379,6935.770892702419
38403,35.146647694596574,928.0599999994379,6935.819426304784
38404,35.146647694596574,928.0799999994379,6935.867959284058
38405,35.146647694596574,928.0999999994378,6935.916491640217
38406,35.146647694596574,928.1199999994378,6935.965023373237
38407,35.146647694596574,928.1399999994378,6936.0135544830955
38408,35.146647694596574,928.1599999994378,6936.062084969768
38409,35.146647694596574,928.1799999994378,6936.110614833231
38410,35.146647694596574,928.1999999994378,6936.159144073462
38411,35.146647694596574,928.2199999994377,6936.207672690436
38412,35.146647694596574,928.2399999994377,6936.256200684131
38413,35.146647694596574,928.2599999994377,6936.304728054523
38414,35.146647694596574,928.2799999994377,6936.353254801589
38415,35.146647694596574,928.2999999994377,6936.4017809253055
38416,35.146647694596574,928.3199999994376,6936.450306425648
38417,35.146647694596574,928.3399999994376,6936.498831302593
38418,35.146647694596574,928.3599999994376,6936.547355556119
38419,35.146647694596574,928.3799999994376,6936.595879186201
38420,35.146647694596574,928.3999999994376,6936.644402192816
38421,35.146647694596574,928.4199999994376,6936.69292457594
38422,35.146647694596574,928.4399999994375,6936.74144633555
38423,35.146647694596574,928.4599999994375,6936.789967471623
38424,35.146647694596574,928.4799999994375,6936.838487984134
38425,35.146647694596574,928.4999999994375,6936.887007873838
38426,35.146647694596574,928.5199999994375,6936.935527142369
38427,35.146647694596574,928.5399999994374,6936.9840457898
38428,35.146647694596574,928.5599999994374,6937.032563816108
38429,35.146647694596574,928.5799999994374,6937.08108122127
38430,35.146647694596574,928.5999999994374,6937.129598005263
38431,35.146647694596574,928.6199999994374,6937.178114168062
38432,35.146647694596574,928.6399999994374,6937.226629709646
38433,35.146647694596574,928.6599999994373,6937.27514462999
38434,35.146647694596574,928.6799999994373,6937.323658929071
38435,35.146647694596574,928.6999999994373,6937.372172606865
38436,35.146647694596574,928.7199999994373,6937.42068566335
38437,35.146647694596574,928.7399999994373,6937.469198098502
38438,35.146647694596574,928.7599999994372,6937.5177099122975
38439,35.146647694596574,928.7799999994372,6937.566221104714
38440,35.146647694596574,928.7999999994372,6937.614731675727
38441,35.146647694596574,928.8199999994372,6937.663241625313
38442,35.146647694596574,928.8399999994372,6937.71175095345
38443,35.146647694596574,928.8599999994372,6937.760259660114
38444,35.146647694596574,928.8799999994371,6937.80876774528
38445,35.146647694596574,928.8999999994371,6937.857275208928
38446,35.146647694596574,928.9199999994371,6937.905782051031
38447,35.146647694596574,928.9399999994371,6937.954288271568
38448,35.146647694596574,928.9599999994371,6938.002793870514
38449,35.146647694596574,928.979999999437,6938.051298847848
38450,35.146647694596574,928.999999999437,6938.099803203544
38451,35.146647694596574,929.019999999437,6938.148306937581
38452,35.146647694596574,929.039999999437,6938.196810049934
38453,35.146647694596574,929.059999999437,6938.245312540581
38454,35.146647694596574,929.079999999437,6938.293814409497
38455,35.146647694596574,929.0999999994369,6938.34231565666
38456,35.146647694596574,929.1199999994369,6938.390816282045
38457,35.146647694596574,929.1399999994369,6938.439316285631
38458,35.146647694596574,929.1599999994369,6938.487815667394
38459,35.146647694596574,929.1799999994369,6938.53631442731
38460,35.146647694596574,929.1999999994368,6938.584812565355
38461,35.146647694596574,929.2199999994368,6938.633310081506
38462,35.146647694596574,929.2399999994368,6938.681806975741
38463,35.146647694596574,929.2599999994368,6938.730303248035
38464,35.146647694596574,929.2799999994368,6938.7787988983655
38465,35.146647694596574,929.2999999994367,6938.827293926709
38466,35.146647694596574,929.3199999994367,6938.875788333042
38467,35.146647694596574,929.3399999994367,6938.924282117341
38468,35.146647694596574,929.3599999994367,6938.972775279583
38469,35.146647694596574,929.3799999994367,6939.021267819745
38470,35.146647694596574,929.3999999994367,6939.069759737803
38471,35.146647694596574,929.4199999994366,6939.118251033733
38472,35.146647694596574,929.4399999994366,6939.166741707513
38473,35.146647694596574,929.4599999994366,6939.215231759119
38474,35.146647694596574,929.4799999994366,6939.263721188528
38475,35.146647694596574,929.4999999994366,6939.312209995715
38476,35.146647694596574,929.5199999994365,6939.3606981816365
38477,35.146647694596574,929.5399999994365,6939.409185747889
38478,35.146647694596574,929.5599999994365,6939.45767269452
38479,35.146647694596574,929.5799999994365,6939.506159021506
38480,35.146647694596574,929.5999999994365,6939.554644728826
38481,35.146647694596574,929.6199999994365,6939.603129816455
38482,35.146647694596574,929.6399999994364,6939.65161428437
38483,35.146647694596574,929.6599999994364,6939.700098132548
38484,35.146647694596574,929.6799999994364,6939.7485813609655
38485,35.146647694596574,929.6999999994364,6939.7970639696
38486,35.146647694596574,929.7199999994364,6939.8455459584275
38487,35.146647694596574,929.7399999994363,6939.894027327425
38488,35.146647694596574,929.7599999994363,6939.9425080765695
38489,35.146647694596574,929.7799999994363,6939.990988205837
38490,35.146647694596574,929.7999999994363,6940.039467715244
38491,35.146647694596574,929.8199999994363,6940.087946604838
38492,35.146647694596574,929.8399999994363,6940.1364248745995
38493,35.146647694596574,929.8599999994362,6940.184902524505
38494,35.146647694596574,929.8799999994362,6940.233379554531
38495,35.146647694596574,929.8999999994362,6940.281855964655
38496,35.146647694596574,929.9199999994362,6940.330331754854
38497,35.146647694596574,929.9399999994362,6940.378806925106
38498,35.146647694596574,929.9599999994361,6940.427281475387
38499,35.146647694596574,929.9799999994361,6940.475755405673
38500,35.146647694596574,929.9999999994361,6940.5242287159435
38501,35.146647694596574,930.0199999994361,6940.572701406174
38502,35.146647694596574,930.0399999994361,6940.621173476341
38503,35.146647694596574,930.0599999994361,6940.669644926423
38504,35.146647694596574,930.079999999436,6940.7181157563955
38505,35.146647694596574,930.099999999436,6940.766585966237
38506,35.146647694596574,930.119999999436,6940.815055555923
38507,35.146647694596574,930.139999999436,6940.863524525432
38508,35.146647694596574,930.159999999436,6940.91199287474
38509,35.146647694596574,930.179999999436,6940.960460603824
38510,35.146647694596574,930.1999999994359,6941.008927712662
38511,35.146647694596574,930.2199999994359,6941.05739420123
38512,35.146647694596574,930.2399999994359,6941.105860069505
38513,35.146647694596574,930.2599999994359,6941.154325317465
38514,35.09809123846481,930.2799999994359,6941.202789945086
38515,35.09809123846481,930.2999999994358,6941.251253952346
38516,35.09809123846481,930.3199999994358,6941.299717339221
38517,35.09809123846481,930.3399999994358,6941.348180105689
38518,35.09809123846481,930.3599999994358,6941.396642251726
38519,35.09809123846481,930.3799999994358,6941.44510377731
38520,35.09809123846481,930.3999999994357,6941.493564682417
38521,35.09809123846481,930.4199999994357,6941.542024967024
38522,35.09809123846481,930.4399999994357,6941.59048463111
38523,35.09809123846481,930.4599999994357,6941.638943674649
38524,35.09809123846481,930.4799999994357,6941.687402097621
38525,35.09809123846481,930.4999999994357,6941.735859900001
38526,35.09809123846481,930.5199999994356,6941.784317081766
38527,35.09809123846481,930.5399999994356,6941.832773643918
38528,35.09809123846481,930.5599999994356,6941.881229587782
38529,35.09809123846481,930.5799999994356,6941.929684913374
38530,35.09809123846481,930.5999999994356,6941.97813962067
38531,35.09809123846481,930.6199999994355,6942.0265937096465
38532,35.09809123846481,930.6399999994355,6942.075047180282
38533,35.09809123846481,930.6599999994355,6942.123500032554
38534,35.09809123846481,930.6799999994355,6942.171952266439
38535,35.09809123846481,930.6999999994355,6942.2204038819145
38536,35.09809123846481,930.7199999994355,6942.268854878959
38537,35.09809123846481,930.7399999994354,6942.317305257549
38538,35.09809123846481,930.7599999994354,6942.365755017662
38539,35.09809123846481,930.7799999994354,6942.414204159276
38540,35.09809123846481,930.7999999994354,6942.462652682367
38541,35.09809123846481,930.8199999994354,6942.511100586913
38542,35.09809123846481,930.8399999994353,6942.559547872892
38543,35.09809123846481,930.8599999994353,6942.607994540281
38544,35.09809123846481,930.8799999994353,6942.656440589057
38545,35.09809123846481,930.8999999994353,6942.704886019198
38546,35.09809123846481,930.9199999994353,6942.753330830681
38547,35.09809123846481,930.9399999994353,6942.801775023484
38548,35.09809123846481,930.9599999994352,6942.850218597584
38549,35.09809123846481,930.9799999994352,6942.8986615529575
38550,35.09809123846481,930.9999999994352,6942.947103889584
38551,35.09809123846481,931.0199999994352,6942.9955456074385
38552,35.09809123846481,931.0399999994352,6943.0439867065
38553,35.09809123846481,931.0599999994351,6943.092427186744
38554,35.09809123846481,931.0799999994351,6943.1408670481505
38555,35.09809123846481,931.0999999994351,6943.189306290696
38556,35.09809123846481,931.1199999994351,6943.237744914357
38557,35.09809123846481,931.1399999994351,6943.2861829191115
38558,35.09809123846481,931.1599999994351,6943.334620304937
38559,35.09809123846481,931.179999999435,6943.38305707181
38560,35.09809123846481,931.199999999435,6943.4314932197085
38561,35.09809123846481,931.219999999435,6943.47992874861
38562,35.09809123846481,931.239999999435,6943.528363658493
38563,35.09809123846481,931.259999999435,6943.576797949333
38564,35.09809123846481,931.279999999435,6943.625231621108
38565,35.09809123846481,931.2999999994349,6943.673664673795
38566,35.09809123846481,931.3199999994349,6943.722097107373
38567,35.09809123846481,931.3399999994349,6943.7705289218175
38568,35.09809123846481,931.3599999994349,6943.818960117107
38569,35.09809123846481,931.3799999994349,6943.867390693218
38570,35.09809123846481,931.3999999994348,6943.915820650129
38571,35.09809123846481,931.4199999994348,6943.964249987816
38572,35.09809123846481,931.4399999994348,6944.012678706258
38573,35.09809123846481,931.4599999994348,6944.061106805432
38574,35.09809123846481,931.4799999994348,6944.109534285315
38575,35.09809123846481,931.4999999994347,6944.157961145885
38576,35.09809123846481,931.5199999994347,6944.2063873871175
38577,35.09809123846481,931.5399999994347,6944.254813008992
38578,35.09809123846481,931.5599999994347,6944.303238012692
38579,35.09809123846481,931.5799999994347,6944.3516623994765
38580,35.09809123846481,931.5999999994347,6944.4000861693285
38581,35.09809123846481,931.6199999994346,6944.4485093222265
38582,35.09809123846481,931.6399999994346,6944.496931858148
38583,35.09809123846481,931.6599999994346,6944.54535377707
38584,35.09809123846481,931.6799999994346,6944.59377507897
38585,35.09809123846481,931.6999999994346,6944.642195763825
38586,35.09809123846481,931.7199999994345,6944.690615831612
38587,35.09809123846481,931.7399999994345,6944.7390352823095
38588,35.09809123846481,931.7599999994345,6944.7874541158935
38589,35.09809123846481,931.7799999994345,6944.835872332342
38590,35.09809123846481,931.7999999994345,6944.884289931632
38591,35.09809123846481,931.8199999994345,6944.932706913742
38592,35.09809123846481,931.8399999994344,6944.981123278647
38593,35.09809123846481,931.8599999994344,6945.029539026325
38594,35.09809123846481,931.8799999994344,6945.077954156755
38595,35.09809123846481,931.8999999994344,6945.126368669913
38596,35.09809123846481,931.9199999994344,6945.174782565777
38597,35.09809123846481,931.9399999994343,6945.223195844323
38598,35.09809123846481,931.9599999994343,6945.271608505529
38599,35.09809123846481,931.9799999994343,6945.320020549372
38600,35.09809123846481,931.9999999994343,6945.36843197583
38601,35.09809123846481,932.0199999994343,6945.41684278488
38602,35.09809123846481,932.0399999994343,6945.465252976499
38603,35.09809123846481,932.0599999994342,6945.513662550665
38604,35.09809123846481,932.0799999994342,6945.562071507355
38605,35.09809123846481,932.0999999994342,6945.610479846545
38606,35.09809123846481,932.1199999994342,6945.658887568214
38607,35.09809123846481,932.1399999994342,6945.707294672338
38608,35.09809123846481,932.1599999994341,6945.755701158896
38609,35.09809123846481,932.1799999994341,6945.804107027864
38610,35.09809123846481,932.1999999994341,6945.85251227922
38611,35.09809123846481,932.2199999994341,6945.90091691294
38612,35.09809123846481,932.2399999994341,6945.949320929003
38613,35.09809123846481,932.2599999994341,6945.997724327386
38614,35.09809123846481,932.279999999434,6946.046127108066
38615,35.09809123846481,932.299999999434,6946.094529271019
38616,35.09809123846481,932.319999999434,6946.142930816224
38617,35.09809123846481,932.339999999434,6946.191331743658
38618,35.09809123846481,932.359999999434,6946.239732053298
38619,35.09809123846481,932.379999999434,6946.288131745122
38620,35.09809123846481,932.3999999994339,6946.336530819106
38621,35.09809123846481,932.4199999994339,6946.384929275228
38622,35.09809123846481,932.4399999994339,6946.433327113466
38623,35.09809123846481,932.4599999994339,6946.481724333796
38624,35.09809123846481,932.4799999994339,6946.530120936196
38625,35.09809123846481,932.4999999994338,6946.578516920643
38626,35.09809123846481,932.5199999994338,6946.6269122871145
38627,35.09809123846481,932.5399999994338,6946.675307035588
38628,35.09809123846481,932.5599999994338,6946.723701166062
38629,35.09809123846481,932.5799999994338,6946.772094679847
38630,35.09809123846481,932.5999999994337,6946.820487578061
38631,35.09809123846481,932.6199999994337,6946.868879860682
38632,35.09809123846481,932.6399999994337,6946.917271527685
38633,35.09809123846481,932.6599999994337,6946.965662579049
38634,35.09809123846481,932.6799999994337,6947.014053014752
38635,35.09809123846481,932.6999999994337,6947.062442834769
38636,35.09809123846481,932.7199999994336,6947.1108320390795
38637,35.09809123846481,932.7399999994336,6947.159220627659
38638,35.09809123846481,932.7599999994336,6947.207608600486
38639,35.09809123846481,932.7799999994336,6947.255995957537
38640,35.09809123846481,932.7999999994336,6947.3043826987905
38641,35.09809123846481,932.8199999994335,6947.352768824222
38642,35.09809123846481,932.8399999994335,6947.40115433381
38643,35.09809123846481,932.8599999994335,6947.449539227531
38644,35.09809123846481,932.8799999994335,6947.497923505363
38645,35.09809123846481,932.8999999994335,6947.546307167284
38646,35.09809123846481,932.9199999994335,6947.594690213269
38647,35.09809123846481,932.9399999994334,6947.643072643297
38648,35.09809123846481,932.9599999994334,6947.691454457345
38649,35.09809123846481,932.9799999994334,6947.7398356553895
38650,35.09809123846481,932.9999999994334,6947.788216237408
38651,35.09809123846481,933.0199999994334,6947.836596203379
38652,35.09809123846481,933.0399999994333,6947.884975553278
38653,35.09809123846481,933.0599999994333,6947.933354287084
38654,35.09809123846481,933.0799999994333,6947.981732404773
38655,35.09809123846481,933.0999999994333,6948.030109906323
38656,35.09809123846481,933.1199999994333,6948.07848679171
38657,35.09809123846481,933.1399999994333,6948.126863060913
38658,35.09809123846481,933.1599999994332,6948.175238713909
38659,35.09809123846481,933.1799999994332,6948.223613750673
38660,35.09809123846481,933.1999999994332,6948.2719881711855
38661,35.09809123846481,933.2199999994332,6948.320361975422
38662,35.09809123846481,933.2399999994332,6948.36873516336
38663,35.09809123846481,933.2599999994331,6948.4171077349765
38664,35.09809123846481,933.2799999994331,6948.46547969025
38665,35.09809123846481,933.2999999994331,6948.513851029156
38666,35.09809123846481,933.3199999994331,6948.562221751673
38667,35.09809123846481,933.3399999994331,6948.610591857778
38668,35.09809123846481,933.3599999994331,6948.658961347448
38669,35.09809123846481,933.379999999433,6948.707330220661
38670,35.09809123846481,933.399999999433,6948.755698477394
38671,35.09809123846481,933.419999999433,6948.804066117623
38672,35.09809123846481,933.439999999433,6948.852433141326
38673,35.09809123846481,933.459999999433,6948.900799548482
38674,35.09809123846481,933.479999999433,6948.949165339066
38675,35.09809123846481,933.4999999994329,6948.9975305130565
38676,35.09809123846481,933.5199999994329,6949.045895070431
38677,35.09809123846481,933.5399999994329,6949.094259011165
38678,35.09809123846481,933.5599999994329,6949.142622335238
38679,35.09809123846481,933.5799999994329,6949.190985042677
38680,35.09809123846481,933.5999999994328,6949.239347134912
38681,35.09809123846481,933.6199999994328,6949.287708612916
38682,35.09809123846481,933.6399999994328,6949.336069476664
38683,35.09809123846481,933.6599999994328,6949.384429726134
38684,35.09809123846481,933.6799999994328,6949.432789361302
38685,35.09809123846481,933.6999999994327,6949.481148382144
38686,35.09809123846481,933.7199999994327,6949.529506788638
38687,35.09809123846481,933.7399999994327,6949.5778645807595
38688,35.09809123846481,933.7599999994327,6949.626221758485
38689,35.09809123846481,933.7799999994327,6949.674578321793
38690,35.09809123846481,933.7999999994327,6949.722934270658
38691,35.09809123846481,933.8199999994326,6949.771289605057
38692,35.09809123846481,933.8399999994326,6949.819644324967
38693,35.09809123846481,933.8599999994326,6949.867998430365
38694,35.09809123846481,933.8799999994326,6949.916351921227
38695,35.09809123846481,933.8999999994326,6949.9647047975295
38696,35.09809123846481,933.9199999994325,6950.013057059252
38697,35.09809123846481,933.9399999994325,6950.061408706408
38698,35.09809123846481,933.9599999994325,6950.109759738989
38699,35.09809123846481,933.9799999994325,6950.158110156972
38700,35.09809123846481,933.9999999994325,6950.206459960333
38701,35.09809123846481,934.0199999994325,6950.254809149048
38702,35.09809123846481,934.0399999994324,6950.303157723094
38703,35.09809123846481,934.0599999994324,6950.351505682447
38704,35.09809123846481,934.0799999994324,6950.399853027084
38705,35.09809123846481,934.0999999994324,6950.44819975698
38706,35.09809123846481,934.1199999994324,6950.496545872113
38707,35.09809123846481,934.1399999994323,6950.544891372458
38708,35.09809123846481,934.1599999994323,6950.5932362579915
38709,35.09809123846481,934.1799999994323,6950.641580528691
38710,35.09809123846481,934.1999999994323,6950.689924184532
38711,35.09809123846481,934.2199999994323,6950.738267225492
38712,35.09809123846481,934.2399999994323,6950.786609651545
38713,35.09809123846481,934.2599999994322,6950.83495146267
38714,35.09809123846481,934.2799999994322,6950.883292658842
38715,35.09809123846481,934.2999999994322,6950.931633240038
38716,35.09809123846481,934.3199999994322,6950.979973206233
38717,35.09809123846481,934.3399999994322,6951.028312557405
38718,35.09809123846481,934.3599999994321,6951.07665129353
38719,35.09809123846481,934.3799999994321,6951.124989414584
38720,35.09809123846481,934.3999999994321,6951.173326920543
38721,35.09809123846481,934.4199999994321,6951.221663811385
38722,35.09809123846481,934.4399999994321,6951.270000087085
38723,35.09809123846481,934.4599999994321,6951.318335747619
38724,35.09809123846481,934.479999999432,6951.366670792964
38725,35.09809123846481,934.499999999432,6951.415005223097
38726,35.09809123846481,934.519999999432,6951.463339037994
38727,35.09809123846481,934.539999999432,6951.511672237631
38728,35.09809123846481,934.559999999432,6951.560004821984
38729,35.09809123846481,934.579999999432,6951.6083367910305
38730,35.09809123846481,934.5999999994319,6951.6566681448285
38731,35.09809123846481,934.6199999994319,6951.7049988849585
38732,35.09809123846481,934.6399999994319,6951.753329012264
38733,35.09809123846481,934.6599999994319,6951.8016585267205
38734,35.09809123846481,934.6799999994319,6951.849987428307
38735,35.09809123846481,934.6999999994318,6951.898315717
38736,35.049646483826265,934.7199999994318,6951.9466433927755
38737,35.049646483826265,934.7399999994318,6951.994970455612
38738,35.049646483826265,934.7599999994318,6952.043296905486
38739,35.049646483826265,934.7799999994318,6952.091622742376
38740,35.049646483826265,934.7999999994317,6952.139947966257
38741,35.049646483826265,934.8199999994317,6952.188272577107
38742,35.049646483826265,934.8399999994317,6952.236596574904
38743,35.049646483826265,934.8599999994317,6952.284919959624
38744,35.049646483826265,934.8799999994317,6952.333242731244
38745,35.049646483826265,934.8999999994317,6952.381564889743
38746,35.049646483826265,934.9199999994316,6952.429886435096
38747,35.049646483826265,934.9399999994316,6952.478207367281
38748,35.049646483826265,934.9599999994316,6952.526527686276
38749,35.049646483826265,934.9799999994316,6952.574847392056
38750,35.049646483826265,934.9999999994316,6952.6231664846
38751,35.049646483826265,935.0199999994315,6952.671484963885
38752,35.049646483826265,935.0399999994315,6952.719802829887
38753,35.049646483826265,935.0599999994315,6952.768120082585
38754,35.049646483826265,935.0799999994315,6952.816436721953
38755,35.049646483826265,935.0999999994315,6952.864752747972
38756,35.049646483826265,935.1199999994315,6952.913068160616
38757,35.049646483826265,935.1399999994314,6952.961382959864
38758,35.049646483826265,935.1599999994314,6953.009697145692
38759,35.049646483826265,935.1799999994314,6953.058010718079
38760,35.049646483826265,935.1999999994314,6953.106323677
38761,35.049646483826265,935.2199999994314,6953.154636022433
38762,35.049646483826265,935.2399999994313,6953.202947754355
38763,35.049646483826265,935.2599999994313,6953.251258872743
38764,35.049646483826265,935.2799999994313,6953.299569377575
38765,35.049646483826265,935.2999999994313,6953.347879268827
38766,35.049646483826265,935.3199999994313,6953.396188546477
38767,35.049646483826265,935.3399999994313,6953.444497210502
38768,35.049646483826265,935.3599999994312,6953.492805260878
38769,35.049646483826265,935.3799999994312,6953.541112697584
38770,35.049646483826265,935.3999999994312,6953.5894195205965
38771,35.049646483826265,935.4199999994312,6953.637725729892
38772,35.049646483826265,935.4399999994312,6953.686031325448
38773,35.049646483826265,935.4599999994311,6953.734336307242
38774,35.049646483826265,935.4799999994311,6953.782640675251
38775,35.049646483826265,935.4999999994311,6953.830944429452
38776,35.049646483826265,935.5199999994311,6953.879247569822
38777,35.049646483826265,935.5399999994311,6953.927550096338
38778,35.049646483826265,935.559999999431,6953.975852008977
38779,35.049646483826265,935.579999999431,6954.024153307717
38780,35.049646483826265,935.599999999431,6954.072453992535
38781,35.049646483826265,935.619999999431,6954.1207540635105
38782,35.049646483826265,935.639999999431,6954.169053522199
38783,35.049646483826265,935.659999999431,6954.217352369232
38784,35.049646483826265,935.679999999431,6954.265650604587
38785,35.049646483826265,935.6999999994309,6954.313948228241
38786,35.049646483826265,935.7199999994309,6954.362245240172
38787,35.049646483826265,935.7399999994309,6954.410541640357
38788,35.049646483826265,935.7599999994309,6954.458837428773
38789,35.049646483826265,935.7799999994309,6954.507132605398
38790,35.049646483826265,935.7999999994308,6954.555427170208
38791,35.049646483826265,935.8199999994308,6954.6037211231815
38792,35.049646483826265,935.8399999994308,6954.6520144642955
38793,35.049646483826265,935.8599999994308,6954.700307193528
38794,35.049646483826265,935.8799999994308,6954.748599310855
38795,35.049646483826265,935.8999999994307,6954.796890816255
38796,35.049646483826265,935.9199999994307,6954.845181709704
38797,35.049646483826265,935.9399999994307,6954.89347199118
38798,35.049646483826265,935.9599999994307,6954.9417616606615
38799,35.049646483826265,935.9799999994307,6954.990050718125
38800,35.049646483826265,935.9999999994307,6955.038339163546
38801,35.049646483826265,936.0199999994306,6955.086626996904
38802,35.049646483826265,936.0399999994306,6955.134914218175
38803,35.049646483826265,936.0599999994306,6955.183200827339
38804,35.049646483826265,936.0799999994306,6955.23148682437
38805,35.049646483826265,936.0999999994306,6955.279772209247
38806,35.049646483826265,936.1199999994305,6955.328056981947
38807,35.049646483826265,936.1399999994305,6955.376341142448
38808,35.049646483826265,936.1599999994305,6955.424624690726
38809,35.049646483826265,936.1799999994305,6955.472907626759
38810,35.049646483826265,936.1999999994305,6955.521189950524
38811,35.049646483826265,936.2199999994305,6955.569471661999
38812,35.049646483826265,936.2399999994304,6955.617752761161
38813,35.049646483826265,936.2599999994304,6955.666033247987
38814,35.049646483826265,936.2799999994304,6955.714313122455
38815,35.049646483826265,936.2999999994304,6955.762592384542
38816,35.049646483826265,936.3199999994304,6955.810871034225
38817,35.049646483826265,936.3399999994303,6955.859149071482
38818,35.049646483826265,936.3599999994303,6955.907426496289
38819,35.049646483826265,936.3799999994303,6955.955703308625
38820,35.049646483826265,936.3999999994303,6956.003979508466
38821,35.049646483826265,936.4199999994303,6956.05225509579
38822,35.049646483826265,936.4399999994303,6956.100530070575
38823,35.049646483826265,936.4599999994302,6956.148804432796
38824,35.049646483826265,936.4799999994302,6956.197078182433
38825,35.049646483826265,936.4999999994302,6956.245351319461
38826,35.049646483826265,936.5199999994302,6956.29362384386
38827,35.049646483826265,936.5399999994302,6956.341895755605
38828,35.049646483826265,936.5599999994301,6956.390167054675
38829,35.049646483826265,936.5799999994301,6956.438437741045
38830,35.049646483826265,936.5999999994301,6956.4867078146945
38831,35.049646483826265,936.6199999994301,6956.5349772756
38832,35.049646483826265,936.6399999994301,6956.583246123877
38833,35.049646483826265,936.65999999943,6956.631514361285
38834,35.049646483826265,936.67999999943,6956.679781988346
38835,35.049646483826265,936.69999999943,6956.728049005039
38836,35.049646483826265,936.71999999943,6956.776315411341
38837,35.049646483826265,936.73999999943,6956.824581207229
38838,35.049646483826265,936.75999999943,6956.872846392681
38839,35.049646483826265,936.77999999943,6956.9211109676735
38840,35.049646483826265,936.7999999994299,6956.969374932185
38841,35.049646483826265,936.8199999994299,6957.017638286193
38842,35.049646483826265,936.8399999994299,6957.065901029674
38843,35.049646483826265,936.8599999994299,6957.114163162607
38844,35.049646483826265,936.8799999994299,6957.162424684968
38845,35.049646483826265,936.8999999994298,6957.210685596735
38846,35.049646483826265,936.9199999994298,6957.2589458978855
38847,35.049646483826265,936.9399999994298,6957.307205588397
38848,35.049646483826265,936.9599999994298,6957.355464668247
38849,35.049646483826265,936.9799999994298,6957.403723137412
38850,35.049646483826265,936.9999999994297,6957.451980995871
38851,35.049646483826265,937.0199999994297,6957.5002382436005
38852,35.049646483826265,937.0399999994297,6957.548494880579
38853,35.049646483826265,937.0599999994297,6957.596750906782
38854,35.049646483826265,937.0799999994297,6957.645006322189
38855,35.049646483826265,937.0999999994297,6957.693261126777
38856,35.049646483826265,937.1199999994296,6957.741515320522
38857,35.049646483826265,937.1399999994296,6957.7897689034035
38858,35.049646483826265,937.1599999994296,6957.838021875397
38859,35.049646483826265,937.1799999994296,6957.886274236482
38860,35.049646483826265,937.1999999994296,6957.934525986634
38861,35.049646483826265,937.2199999994295,6957.982777125832
38862,35.049646483826265,937.2399999994295,6958.031027654053
38863,35.049646483826265,937.2599999994295,6958.079277571274
38864,35.049646483826265,937.2799999994295,6958.127526877473
38865,35.049646483826265,937.2999999994295,6958.175775572628
38866,35.049646483826265,937.3199999994295,6958.224023656715
38867,35.049646483826265,937.3399999994294,6958.272271129712
38868,35.049646483826265,937.3599999994294,6958.320517991597
38869,35.049646483826265,937.3799999994294,6958.3687642423465
38870,35.049646483826265,937.3999999994294,6958.4170098819395
38871,35.049646483826265,937.4199999994294,6958.465254910352
38872,35.049646483826265,937.4399999994293,6958.513499327562
38873,35.049646483826265,937.4599999994293,6958.561743133548
38874,35.049646483826265,937.4799999994293,6958.609986328285
38875,35.049646483826265,937.4999999994293,6958.658228911753
38876,35.049646483826265,937.5199999994293,6958.706470883929
38877,35.049646483826265,937.5399999994293,6958.7547122447895
38878,35.049646483826265,937.5599999994292,6958.802952994312
38879,35.049646483826265,937.5799999994292,6958.851193132475
38880,35.049646483826265,937.5999999994292,6958.899432659255
38881,35.049646483826265,937.6199999994292,6958.94767157463
38882,35.049646483826265,937.6399999994292,6958.995909878577
38883,35.049646483826265,937.6599999994291,6959.0441475712405
38884,35.049646483826265,937.6799999994291,6959.092384654503
38885,35.049646483826265,937.6999999994291,6959.140621128743
38886,35.049646483826265,937.7199999994291,6959.188856993939
38887,35.049646483826265,937.7399999994291,6959.237092250069
38888,35.049646483826265,937.759999999429,6959.2853268971085
38889,35.049646483826265,937.779999999429,6959.333560935036
38890,35.049646483826265,937.799999999429,6959.38179436383
38891,35.049646483826265,937.819999999429,6959.430027183466
38892,35.049646483826265,937.839999999429,6959.478259393924
38893,35.049646483826265,937.859999999429,6959.526490995181
38894,35.049646483826265,937.879999999429,6959.574721987214
38895,35.049646483826265,937.8999999994289,6959.622952369999
38896,35.049646483826265,937.9199999994289,6959.6711821435165
38897,35.049646483826265,937.9399999994289,6959.719411307742
38898,35.049646483826265,937.9599999994289,6959.7676398626545
38899,35.049646483826265,937.9799999994289,6959.81586780823
38900,35.049646483826265,937.9999999994288,6959.864095144447
38901,35.049646483826265,938.0199999994288,6959.912321871283
38902,35.049646483826265,938.0399999994288,6959.960547988716
38903,35.049646483826265,938.0599999994288,6960.0087734967265
38904,35.049646483826265,938.0799999994288,6960.056998395371
38905,35.049646483826265,938.0999999994287,6960.105222684672
38906,35.049646483826265,938.1199999994287,6960.1534463646085
38907,35.049646483826265,938.1399999994287,6960.201669435157
38908,35.049646483826265,938.1599999994287,6960.249891896295
38909,35.049646483826265,938.1799999994287,6960.298113748001
38910,35.049646483826265,938.1999999994287,6960.346334990253
38911,35.049646483826265,938.2199999994286,6960.394555623028
38912,35.049646483826265,938.2399999994286,6960.442775646305
38913,35.049646483826265,938.2599999994286,6960.49099506006
38914,35.049646483826265,938.2799999994286,6960.539213864274
38915,35.049646483826265,938.2999999994286,6960.587432058922
38916,35.049646483826265,938.3199999994285,6960.635649643983
38917,35.049646483826265,938.3399999994285,6960.683866619434
38918,35.049646483826265,938.3599999994285,6960.732082985254
38919,35.049646483826265,938.3799999994285,6960.780298741421
38920,35.049646483826265,938.3999999994285,6960.828513887911
38921,35.049646483826265,938.4199999994285,6960.876728424703
38922,35.049646483826265,938.4399999994284,6960.924942351776
38923,35.049646483826265,938.4599999994284,6960.973155669106
38924,35.049646483826265,938.4799999994284,6961.0213683766715
38925,35.049646483826265,938.4999999994284,6961.06958047445
38926,35.049646483826265,938.5199999994284,6961.11779196242
38927,35.049646483826265,938.5399999994283,6961.166002840559
38928,35.049646483826265,938.5599999994283,6961.214213108845
38929,35.049646483826265,938.5799999994283,6961.262422767256
38930,35.049646483826265,938.5999999994283,6961.310631815769
38931,35.049646483826265,938.6199999994283,6961.358840254363
38932,35.049646483826265,938.6399999994283,6961.407048083015
38933,35.049646483826265,938.6599999994282,6961.455255301703
38934,35.049646483826265,938.6799999994282,6961.503461910612
38935,35.049646483826265,938.6999999994282,6961.551667911848
38936,35.049646483826265,938.7199999994282,6961.599873305659
38937,35.049646483826265,938.7399999994282,6961.64807809202
38938,35.049646483826265,938.7599999994281,6961.696282270911
38939,35.049646483826265,938.7799999994281,6961.744485842308
38940,35.049646483826265,938.7999999994281,6961.792688806188
38941,35.049646483826265,938.8199999994281,6961.84089116253
38942,35.049646483826265,938.8399999994281,6961.889092911311
38943,35.049646483826265,938.859999999428,6961.937294052508
38944,35.049646483826265,938.879999999428,6961.985494586099
38945,35.049646483826265,938.899999999428,6962.033694512061
38946,35.049646483826265,938.919999999428,6962.081893830372
38947,35.049646483826265,938.939999999428,6962.130092541009
38948,35.049646483826265,938.959999999428,6962.178290643949
38949,35.049646483826265,938.979999999428,6962.226488139171
38950,35.049646483826265,938.9999999994279,6962.274685026652
38951,35.049646483826265,939.0199999994279,6962.322881306369
38952,35.049646483826265,939.0399999994279,6962.371076978299
38953,35.049646483826265,939.0599999994279,6962.419272042421
38954,35.049646483826265,939.0799999994279,6962.467466498711
38955,35.049646483826265,939.0999999994278,6962.515660347147
38956,35.049646483826265,939.1199999994278,6962.563853587706
38957,35.049646483826265,939.1399999994278,6962.612046220366
38958,35.049646483826265,939.1599999994278,6962.660238245106
38959,35.049646483826265,939.1799999994278,6962.7084296619005
38960,35.00131307126316,939.1999999994277,6962.756620470729
38961,35.00131307126316,939.2199999994277,6962.804810671569
38962,35.00131307126316,939.2399999994277,6962.8530002643965
38963,35.00131307126316,939.2599999994277,6962.90118924919
38964,35.00131307126316,939.2799999994277,6962.949377625927
38965,35.00131307126316,939.2999999994277,6962.997565394585
38966,35.00131307126316,939.3199999994276,6963.045752555141
38967,35.00131307126316,939.3399999994276,6963.093939107573
38968,35.00131307126316,939.3599999994276,6963.142125051858
38969,35.00131307126316,939.3799999994276,6963.190310387974
38970,35.00131307126316,939.3999999994276,6963.238495115898
38971,35.00131307126316,939.4199999994275,6963.286679235608
38972,35.00131307126316,939.4399999994275,6963.334862747081
38973,35.00131307126316,939.4599999994275,6963.383045650295
38974,35.00131307126316,939.4799999994275,6963.431227945226
38975,35.00131307126316,939.4999999994275,6963.479409631854
38976,35.00131307126316,939.5199999994275,6963.527590710154
38977,35.00131307126316,939.5399999994274,6963.575771180105
38978,35.00131307126316,939.5599999994274,6963.623951041684
38979,35.00131307126316,939.5799999994274,6963.672130294869
38980,35.00131307126316,939.5999999994274,6963.720308939637
38981,35.00131307126316,939.6199999994274,6963.768486975966
38982,35.00131307126316,939.6399999994273,6963.816664403833
38983,35.00131307126316,939.6599999994273,6963.864841223215
38984,35.00131307126316,939.6799999994273,6963.91301743409
38985,35.00131307126316,939.6999999994273,6963.961193036717
38986,35.00131307126316,939.7199999994273,6964.009368032926
38987,35.00131307126316,939.7399999994273,6964.057542422868
38988,35.00131307126316,939.7599999994272,6964.10571620652
38989,35.00131307126316,939.7799999994272,6964.153889383859
38990,35.00131307126316,939.7999999994272,6964.202061954861
38991,35.00131307126316,939.8199999994272,6964.250233919504
38992,35.00131307126316,939.8399999994272,6964.298405277766
38993,35.00131307126316,939.8599999994271,6964.346576029621
38994,35.00131307126316,939.8799999994271,6964.394746175049
38995,35.00131307126316,939.8999999994271,6964.442915714025
38996,35.00131307126316,939.9199999994271,6964.491084646526
38997,35.00131307126316,939.9399999994271,6964.53925297253
38998,35.00131307126316,939.959999999427,6964.587420692014
38999,35.00131307126316,939.979999999427,6964.635587804954
39000,35.00131307126316,939.999999999427,6964.683754311328
39001,35.00131307126316,940.019999999427,6964.731920211112
39002,35.00131307126316,940.039999999427,6964.780085504284
39003,35.00131307126316,940.059999999427,6964.828250190821
39004,35.00131307126316,940.079999999427,6964.876414270699
39005,35.00131307126316,940.0999999994269,6964.9245777438955
39006,35.00131307126316,940.1199999994269,6964.9727406103875
39007,35.00131307126316,940.1399999994269,6965.020902870152
39008,35.00131307126316,940.1599999994269,6965.069064523166
39009,35.00131307126316,940.1799999994269,6965.117225569406
39010,35.00131307126316,940.1999999994268,6965.16538600885
39011,35.00131307126316,940.2199999994268,6965.213545841474
39012,35.00131307126316,940.2399999994268,6965.261705067255
39013,35.00131307126316,940.2599999994268,6965.3098636861705
39014,35.00131307126316,940.2799999994268,6965.358021698197
39015,35.00131307126316,940.2999999994267,6965.406179103313
39016,35.00131307126316,940.3199999994267,6965.454335901493
39017,35.00131307126316,940.3399999994267,6965.502492092716
39018,35.00131307126316,940.3599999994267,6965.550647676958
39019,35.00131307126316,940.3799999994267,6965.598802654196
39020,35.00131307126316,940.3999999994267,6965.646957024408
39021,35.00131307126316,940.4199999994266,6965.69511078757
39022,35.00131307126316,940.4399999994266,6965.743263943659
39023,35.00131307126316,940.4599999994266,6965.791416492652
39024,35.00131307126316,940.4799999994266,6965.839568434527
39025,35.00131307126316,940.4999999994266,6965.887719769259
39026,35.00131307126316,940.5199999994265,6965.935870496826
39027,35.00131307126316,940.5399999994265,6965.984020617206
39028,35.00131307126316,940.5599999994265,6966.032170130375
39029,35.00131307126316,940.5799999994265,6966.080319036309
39030,35.00131307126316,940.5999999994265,6966.128467334987
39031,35.00131307126316,940.6199999994265,6966.176615026386
39032,35.00131307126316,940.6399999994264,6966.224762110481
39033,35.00131307126316,940.6599999994264,6966.27290858725
39034,35.00131307126316,940.6799999994264,6966.32105445667
39035,35.00131307126316,940.6999999994264,6966.369199718718
39036,35.00131307126316,940.7199999994264,6966.417344373811
39037,35.00131307126316,940.7399999994263,6966.465488423759
39038,35.00131307126316,940.7599999994263,6966.513631868693
39039,35.00131307126316,940.7799999994263,6966.561774708589
39040,35.00131307126316,940.7999999994263,6966.609916943426
39041,35.00131307126316,940.8199999994263,6966.658058573179
39042,35.00131307126316,940.8399999994263,6966.706199597826
39043,35.00131307126316,940.8599999994262,6966.754340017343
39044,35.00131307126316,940.8799999994262,6966.802479831707
39045,35.00131307126316,940.8999999994262,6966.850619040897
39046,35.00131307126316,940.9199999994262,6966.898757644888
39047,35.00131307126316,940.9399999994262,6966.946895643658
39048,35.00131307126316,940.9599999994261,6966.995033037182
39049,35.00131307126316,940.9799999994261,6967.043169825439
39050,35.00131307126316,940.9999999994261,6967.091306008405
39051,35.00131307126316,941.0199999994261,6967.139441586057
39052,35.00131307126316,941.0399999994261,6967.187576558372
39053,35.00131307126316,941.059999999426,6967.235710925326
39054,35.00131307126316,941.079999999426,6967.283844686898
39055,35.00131307126316,941.099999999426,6967.331977843063
39056,35.00131307126316,941.119999999426,6967.380110393799
39057,35.00131307126316,941.139999999426,6967.428242339083
39058,35.00131307126316,941.159999999426,6967.476373678892
39059,35.00131307126316,941.179999999426,6967.524504413202
39060,35.00131307126316,941.1999999994259,6967.57263454199
39061,35.00131307126316,941.2199999994259,6967.620764065234
39062,35.00131307126316,941.2399999994259,6967.66889298291
39063,35.00131307126316,941.2599999994259,6967.717021294995
39064,35.00131307126316,941.2799999994259,6967.765149001467
39065,35.00131307126316,941.2999999994258,6967.813276102302
39066,35.00131307126316,941.3199999994258,6967.861402597477
39067,35.00131307126316,941.3399999994258,6967.909528486968
39068,35.00131307126316,941.3599999994258,6967.9576537707535
39069,35.00131307126316,941.3799999994258,6968.00577844881
39070,35.00131307126316,941.3999999994257,6968.053902521114
39071,35.00131307126316,941.4199999994257,6968.102025987642
39072,35.00131307126316,941.4399999994257,6968.150148848373
39073,35.00131307126316,941.4599999994257,6968.1982711032815
39074,35.00131307126316,941.4799999994257,6968.246392752346
39075,35.00131307126316,941.4999999994257,6968.294513795543
39076,35.00131307126316,941.5199999994256,6968.342634232849
39077,35.00131307126316,941.5399999994256,6968.390754064242
39078,35.00131307126316,941.5599999994256,6968.438873289699
39079,35.00131307126316,941.5799999994256,6968.486991909195
39080,35.00131307126316,941.5999999994256,6968.535109922709
39081,35.00131307126316,941.6199999994255,6968.583227330217
39082,35.00131307126316,941.6399999994255,6968.631344131695
39083,35.00131307126316,941.6599999994255,6968.679460327122
39084,35.00131307126316,941.6799999994255,6968.727575916473
39085,35.00131307126316,941.6999999994255,6968.775690899726
39086,35.00131307126316,941.7199999994255,6968.823805276858
39087,35.00131307126316,941.7399999994254,6968.87191904843
39088,35.00131307126316,941.7599999994254,6968.920032216139
39089,35.00131307126316,941.7799999994254,6968.968144780088
39090,35.00131307126316,941.7999999994254,6969.016256740254
39091,35.00131307126316,941.8199999994254,6969.064368096614
39092,35.00131307126316,941.8399999994253,6969.112478849145
39093,35.00131307126316,941.8599999994253,6969.160588997825
39094,35.00131307126316,941.8799999994253,6969.208698542629
39095,35.00131307126316,941.8999999994253,6969.256807483535
39096,35.00131307126316,941.9199999994253,6969.30491582052
39097,35.00131307126316,941.9399999994253,6969.353023553562
39098,35.00131307126316,941.9599999994252,6969.401130682636
39099,35.00131307126316,941.9799999994252,6969.44923720772
39100,35.00131307126316,941.9999999994252,6969.497343128792
39101,35.00131307126316,942.0199999994252,6969.545448445827
39102,35.00131307126316,942.0399999994252,6969.593553158803
39103,35.00131307126316,942.0599999994251,6969.641657267697
39104,35.00131307126316,942.0799999994251,6969.689760772487
39105,35.00131307126316,942.0999999994251,6969.737863673148
39106,35.00131307126316,942.1199999994251,6969.785965969659
39107,35.00131307126316,942.1399999994251,6969.834067661995
39108,35.00131307126316,942.159999999425,6969.882168750133
39109,35.00131307126316,942.179999999425,6969.930269234052
39110,35.00131307126316,942.199999999425,6969.978369113727
39111,35.00131307126316,942.219999999425,6970.026468389149
39112,35.00131307126316,942.239999999425,6970.074567060373
39113,35.00131307126316,942.259999999425,6970.122665127384
39114,35.00131307126316,942.279999999425,6970.17076259016
39115,35.00131307126316,942.2999999994249,6970.218859448679
39116,35.00131307126316,942.3199999994249,6970.2669557029185
39117,35.00131307126316,942.3399999994249,6970.315051352856
39118,35.00131307126316,942.3599999994249,6970.36314639847
39119,35.00131307126316,942.3799999994249,6970.411240839739
39120,35.00131307126316,942.3999999994248,6970.459334676639
39121,35.00131307126316,942.4199999994248,6970.507427909148
39122,35.00131307126316,942.4399999994248,6970.555520537244
39123,35.00131307126316,942.4599999994248,6970.603612560905
39124,35.00131307126316,942.4799999994248,6970.65170398011
39125,35.00131307126316,942.4999999994247,6970.699794794835
39126,35.00131307126316,942.5199999994247,6970.747885005058
39127,35.00131307126316,942.5399999994247,6970.795974610758
39128,35.00131307126316,942.5599999994247,6970.844063611912
39129,35.00131307126316,942.5799999994247,6970.892152008498
39130,35.00131307126316,942.5999999994247,6970.940239800493
39131,35.00131307126316,942.6199999994246,6970.988326987876
39132,35.00131307126316,942.6399999994246,6971.036413570623
39133,35.00131307126316,942.6599999994246,6971.084499548714
39134,35.00131307126316,942.6799999994246,6971.132584922126
39135,35.00131307126316,942.6999999994246,6971.180669690836
39136,35.00131307126316,942.7199999994245,6971.228753854823
39137,35.00131307126316,942.7399999994245,6971.276837414063
39138,35.00131307126316,942.7599999994245,6971.324920369295
39139,35.00131307126316,942.7799999994245,6971.373002722171
39140,35.00131307126316,942.7999999994245,6971.421084472771
39141,35.00131307126316,942.8199999994245,6971.4691656210725
39142,35.00131307126316,942.8399999994244,6971.517246167052
39143,35.00131307126316,942.8599999994244,6971.565326110686
39144,35.00131307126316,942.8799999994244,6971.613405451954
39145,35.00131307126316,942.8999999994244,6971.661484190832
39146,35.00131307126316,942.9199999994244,6971.709562327297
39147,35.00131307126316,942.9399999994243,6971.757639861326
39148,35.00131307126316,942.9599999994243,6971.805716792897
39149,35.00131307126316,942.9799999994243,6971.853793121987
39150,35.00131307126316,942.9999999994243,6971.901868848574
39151,35.00131307126316,943.0199999994243,6971.949943972634
39152,35.00131307126316,943.0399999994243,6971.998018494145
39153,35.00131307126316,943.0599999994242,6972.046092413084
39154,35.00131307126316,943.0799999994242,6972.094165729428
39155,35.00131307126316,943.0999999994242,6972.142238443154
39156,35.00131307126316,943.1199999994242,6972.190310554241
39157,35.00131307126316,943.1399999994242,6972.238382062664
39158,35.00131307126316,943.1599999994241,6972.286452968401
39159,35.00131307126316,943.1799999994241,6972.334523271429
39160,35.00131307126316,943.1999999994241,6972.382592971726
39161,35.00131307126316,943.2199999994241,6972.430662069269
39162,35.00131307126316,943.2399999994241,6972.478730564035
39163,35.00131307126316,943.259999999424,6972.526798456001
39164,35.00131307126316,943.279999999424,6972.574865745146
39165,35.00131307126316,943.299999999424,6972.6229324314445
39166,35.00131307126316,943.319999999424,6972.6709985148755
39167,35.00131307126316,943.339999999424,6972.719063995416
39168,35.00131307126316,943.359999999424,6972.7671288730435
39169,35.00131307126316,943.379999999424,6972.815193147734
39170,35.00131307126316,943.3999999994239,6972.863256819466
39171,35.00131307126316,943.4199999994239,6972.911319888217
39172,35.00131307126316,943.4399999994239,6972.959382353963
39173,35.00131307126316,943.4599999994239,6973.0074442166815
39174,35.00131307126316,943.4799999994239,6973.055505476351
39175,35.00131307126316,943.4999999994238,6973.103566132947
39176,35.00131307126316,943.5199999994238,6973.151626186448
39177,35.00131307126316,943.5399999994238,6973.1996856368305
39178,35.00131307126316,943.5599999994238,6973.247744484072
39179,35.00131307126316,943.5799999994238,6973.29580272815
39180,35.00131307126316,943.5999999994237,6973.343860369042
39181,35.00131307126316,943.6199999994237,6973.391917406724
39182,35.00131307126316,943.6399999994237,6973.439973841175
39183,35.00131307126316,943.6599999994237,6973.48802967237
39184,34.953090642843264,943.6799999994237,6973.536084900289
39185,34.953090642843264,943.6999999994237,6973.584139524907
39186,34.953090642843264,943.7199999994236,6973.632193546203
39187,34.953090642843264,943.7399999994236,6973.6802469641525
39188,34.953090642843264,943.7599999994236,6973.728299778733
39189,34.953090642843264,943.7799999994236,6973.776351990779
39190,34.953090642843264,943.7999999994236,6973.824403601736
39191,34.953090642843264,943.8199999994235,6973.872454611648
39192,34.953090642843264,943.8399999994235,6973.9205050204955
39193,34.953090642843264,943.8599999994235,6973.968554828255
39194,34.953090642843264,943.8799999994235,6974.016604034906
39195,34.953090642843264,943.8999999994235,6974.064652640426
39196,34.953090642843264,943.9199999994235,6974.112700644795
39197,34.953090642843264,943.9399999994234,6974.160748047991
39198,34.953090642843264,943.9599999994234,6974.208794849991
39199,34.953090642843264,943.9799999994234,6974.256841050775
39200,34.953090642843264,943.9999999994234,6974.3048866503195
39201,34.953090642843264,944.0199999994234,6974.352931648605
39202,34.953090642843264,944.0399999994233,6974.400976045608
39203,34.953090642843264,944.0599999994233,6974.449019841309
39204,34.953090642843264,944.0799999994233,6974.497063035685
39205,34.953090642843264,944.0999999994233,6974.545105628715
39206,34.953090642843264,944.1199999994233,6974.593147620377
39207,34.953090642843264,944.1399999994233,6974.641189010649
39208,34.953090642843264,944.1599999994232,6974.689229799511
39209,34.953090642843264,944.1799999994232,6974.737269986939
39210,34.953090642843264,944.1999999994232,6974.785309572914
39211,34.953090642843264,944.2199999994232,6974.833348557413
39212,34.953090642843264,944.2399999994232,6974.881386940415
39213,34.953090642843264,944.2599999994231,6974.929424721897
39214,34.953090642843264,944.2799999994231,6974.977461901838
39215,34.953090642843264,944.2999999994231,6975.025498480218
39216,34.953090642843264,944.3199999994231,6975.073534457013
39217,34.953090642843264,944.3399999994231,6975.121569832203
39218,34.953090642843264,944.359999999423,6975.169604605767
39219,34.953090642843264,944.379999999423,6975.217638777682
39220,34.953090642843264,944.399999999423,6975.265672347927
39221,34.953090642843264,944.419999999423,6975.31370531648
39222,34.953090642843264,944.439999999423,6975.36173768332
39223,34.953090642843264,944.459999999423,6975.409769448424
39224,34.953090642843264,944.479999999423,6975.457800611773
39225,34.953090642843264,944.4999999994229,6975.505831173343
39226,34.953090642843264,944.5199999994229,6975.553861133113
39227,34.953090642843264,944.5399999994229,6975.6018904910625
39228,34.953090642843264,944.5599999994229,6975.649919247168
39229,34.953090642843264,944.5799999994229,6975.69794740141
39230,34.953090642843264,944.5999999994228,6975.745974953766
39231,34.953090642843264,944.6199999994228,6975.7940019042135
39232,34.953090642843264,944.6399999994228,6975.842028252732
39233,34.953090642843264,944.6599999994228,6975.8900539993
39234,34.953090642843264,944.6799999994228,6975.938079143895
39235,34.953090642843264,944.6999999994227,6975.986103686497
39236,34.953090642843264,944.7199999994227,6976.034127627083
39237,34.953090642843264,944.7399999994227,6976.082150965632
39238,34.953090642843264,944.7599999994227,6976.130173702121
39239,34.953090642843264,944.7799999994227,6976.178195836531
39240,34.953090642843264,944.7999999994227,6976.226217369818
39241,34.953090642843264,944.8199999994226,6976.274238303291
39242,34.953090642843264,944.8399999994226,6976.322258636966
39243,34.953090642843264,944.8599999994226,6976.37027837082
39244,34.953090642843264,944.8799999994226,6976.418297504833
39245,34.953090642843264,944.8999999994226,6976.466316038982
39246,34.953090642843264,944.9199999994225,6976.514333973244
39247,34.953090642843264,944.9399999994225,6976.562351307598
39248,34.953090642843264,944.9599999994225,6976.610368042021
39249,34.953090642843264,944.9799999994225,6976.658384176491
39250,34.953090642843264,944.9999999994225,6976.706399710986
39251,34.953090642843264,945.0199999994225,6976.754414645484
39252,34.953090642843264,945.0399999994224,6976.802428979962
39253,34.953090642843264,945.0599999994224,6976.850442714399
39254,34.953090642843264,945.0799999994224,6976.898455848772
39255,34.953090642843264,945.0999999994224,6976.946468383058
39256,34.953090642843264,945.1199999994224,6976.994480317237
39257,34.953090642843264,945.1399999994223,6977.042491651285
39258,34.953090642843264,945.1599999994223,6977.09050238518
39259,34.953090642843264,945.1799999994223,6977.138512518901
39260,34.953090642843264,945.1999999994223,6977.186522052425
39261,34.953090642843264,945.2199999994223,6977.23453098573
39262,34.953090642843264,945.2399999994223,6977.282539318794
39263,34.953090642843264,945.2599999994222,6977.330547051594
39264,34.953090642843264,945.2799999994222,6977.378554184109
39265,34.953090642843264,945.2999999994222,6977.426560716316
39266,34.953090642843264,945.3199999994222,6977.474566648193
39267,34.953090642843264,945.3399999994222,6977.522571979718
39268,34.953090642843264,945.3599999994221,6977.570576710868
39269,34.953090642843264,945.3799999994221,6977.618580841623
39270,34.953090642843264,945.3999999994221,6977.666584371958
39271,34.953090642843264,945.4199999994221,6977.7145873018535
39272,34.953090642843264,945.4399999994221,6977.762589631286
39273,34.953090642843264,945.459999999422,6977.810591360232
39274,34.953090642843264,945.479999999422,6977.858592488672
39275,34.953090642843264,945.499999999422,6977.9065930165825
39276,34.953090642843264,945.519999999422,6977.954592943941
39277,34.953090642843264,945.539999999422,6978.0025922707255
39278,34.953090642843264,945.559999999422,6978.050590996914
39279,34.953090642843264,945.579999999422,6978.098589122485
39280,34.953090642843264,945.5999999994219,6978.146586647415
39281,34.953090642843264,945.6199999994219,6978.194583571682
39282,34.953090642843264,945.6399999994219,6978.242579895265
39283,34.953090642843264,945.6599999994219,6978.290575618142
39284,34.953090642843264,945.6799999994219,6978.3385707402895
39285,34.953090642843264,945.6999999994218,6978.386565261686
39286,34.953090642843264,945.7199999994218,6978.434559182309
39287,34.953090642843264,945.7399999994218,6978.482552502137
39288,34.953090642843264,945.7599999994218,6978.530545221147
39289,34.953090642843264,945.7799999994218,6978.578537339317
39290,34.953090642843264,945.7999999994217,6978.626528856626
39291,34.953090642843264,945.8199999994217,6978.674519774193
39292,34.953090642843264,945.8399999994217,6978.722510093244
39293,34.953090642843264,945.8599999994217,6978.770499813768
39294,34.953090642843264,945.8799999994217,6978.818488935743
39295,34.953090642843264,945.8999999994217,6978.866477459146
39296,34.953090642843264,945.9199999994216,6978.914465383956
39297,34.953090642843264,945.9399999994216,6978.96245271015
39298,34.953090642843264,945.9599999994216,6979.010439437706
39299,34.953090642843264,945.9799999994216,6979.058425566602
39300,34.953090642843264,945.9999999994216,6979.1064110968155
39301,34.953090642843264,946.0199999994215,6979.154396028324
39302,34.953090642843264,946.0399999994215,6979.202380361106
39303,34.953090642843264,946.0599999994215,6979.25036409514
39304,34.953090642843264,946.0799999994215,6979.298347230402
39305,34.953090642843264,946.0999999994215,6979.346329766871
39306,34.953090642843264,946.1199999994215,6979.394311704525
39307,34.953090642843264,946.1399999994214,6979.442293043341
39308,34.953090642843264,946.1599999994214,6979.490273783297
39309,34.953090642843264,946.1799999994214,6979.538253924372
39310,34.953090642843264,946.1999999994214,6979.586233466543
39311,34.953090642843264,946.2199999994214,6979.634212409786
39312,34.953090642843264,946.2399999994213,6979.682190754082
39313,34.953090642843264,946.2599999994213,6979.730168499406
39314,34.953090642843264,946.2799999994213,6979.778145645738
39315,34.953090642843264,946.2999999994213,6979.826122193055
39316,34.953090642843264,946.3199999994213,6979.874098141335
39317,34.953090642843264,946.3399999994213,6979.922073490555
39318,34.953090642843264,946.3599999994212,6979.970048240693
39319,34.953090642843264,946.3799999994212,6980.0180223917305
39320,34.953090642843264,946.3999999994212,6980.065995943673
39321,34.953090642843264,946.4199999994212,6980.113968896506
39322,34.953090642843264,946.4399999994212,6980.161941250206
39323,34.953090642843264,946.4599999994211,6980.209913004751
39324,34.953090642843264,946.4799999994211,6980.257884160118
39325,34.953090642843264,946.4999999994211,6980.305854716285
39326,34.953090642843264,946.5199999994211,6980.353824673229
39327,34.953090642843264,946.5399999994211,6980.401794030928
39328,34.953090642843264,946.559999999421,6980.449762789359
39329,34.953090642843264,946.579999999421,6980.4977309485
39330,34.953090642843264,946.599999999421,6980.545698508329
39331,34.953090642843264,946.619999999421,6980.593665468823
39332,34.953090642843264,946.639999999421,6980.641631829959
39333,34.953090642843264,946.659999999421,6980.689597591714
39334,34.953090642843264,946.6799999994209,6980.737562754067
39335,34.953090642843264,946.6999999994209,6980.785527316994
39336,34.953090642843264,946.7199999994209,6980.833491280474
39337,34.953090642843264,946.7399999994209,6980.881454644484
39338,34.953090642843264,946.7599999994209,6980.929417409001
39339,34.953090642843264,946.7799999994209,6980.977379574003
39340,34.953090642843264,946.7999999994208,6981.025341139467
39341,34.953090642843264,946.8199999994208,6981.0733021053875
39342,34.953090642843264,946.8399999994208,6981.121262473011
39343,34.953090642843264,946.8599999994208,6981.1692222434285
39344,34.953090642843264,946.8799999994208,6981.2171814166195
39345,34.953090642843264,946.8999999994207,6981.265139992561
39346,34.953090642843264,946.9199999994207,6981.3130979712305
39347,34.953090642843264,946.9399999994207,6981.361055352605
39348,34.953090642843264,946.9599999994207,6981.4090121366635
39349,34.953090642843264,946.9799999994207,6981.456968323382
39350,34.953090642843264,946.9999999994207,6981.504923912739
39351,34.953090642843264,947.0199999994206,6981.552878904712
39352,34.953090642843264,947.0399999994206,6981.600833299278
39353,34.953090642843264,947.0599999994206,6981.648787096414
39354,34.953090642843264,947.0799999994206,6981.696740296098
39355,34.953090642843264,947.0999999994206,6981.744692898309
39356,34.953090642843264,947.1199999994205,6981.792644903023
39357,34.953090642843264,947.1399999994205,6981.840596310218
39358,34.953090642843264,947.1599999994205,6981.888547119871
39359,34.953090642843264,947.1799999994205,6981.93649733196
39360,34.953090642843264,947.1999999994205,6981.984446946462
39361,34.953090642843264,947.2199999994205,6982.032395963356
39362,34.953090642843264,947.2399999994204,6982.080344382618
39363,34.953090642843264,947.2599999994204,6982.128292204226
39364,34.953090642843264,947.2799999994204,6982.176239428159
39365,34.953090642843264,947.2999999994204,6982.224186054392
39366,34.953090642843264,947.3199999994204,6982.272132082904
39367,34.953090642843264,947.3399999994203,6982.320077513672
39368,34.953090642843264,947.3599999994203,6982.3680223466745
39369,34.953090642843264,947.3799999994203,6982.415966581888
39370,34.953090642843264,947.3999999994203,6982.4639102192905
39371,34.953090642843264,947.4199999994203,6982.511853258859
39372,34.953090642843264,947.4399999994203,6982.559795700572
39373,34.953090642843264,947.4599999994202,6982.6077375444065
39374,34.953090642843264,947.4799999994202,6982.65567879034
39375,34.953090642843264,947.4999999994202,6982.70361943835
39376,34.953090642843264,947.5199999994202,6982.751559488414
39377,34.953090642843264,947.5399999994202,6982.799498940511
39378,34.953090642843264,947.5599999994201,6982.847437794616
39379,34.953090642843264,947.5799999994201,6982.8953760507075
39380,34.953090642843264,947.5999999994201,6982.9433137087635
39381,34.953090642843264,947.6199999994201,6982.991250768761
39382,34.953090642843264,947.6399999994201,6983.039187230679
39383,34.953090642843264,947.65999999942,6983.087123094493
39384,34.953090642843264,947.67999999942,6983.135058360182
39385,34.953090642843264,947.69999999942,6983.182993027723
39386,34.953090642843264,947.71999999942,6983.230927097093
39387,34.953090642843264,947.73999999942,6983.27886056827
39388,34.953090642843264,947.75999999942,6983.326793441232
39389,34.953090642843264,947.7799999994199,6983.374725715957
39390,34.953090642843264,947.7999999994199,6983.422657392421
39391,34.953090642843264,947.8199999994199,6983.470588470602
39392,34.953090642843264,947.8399999994199,6983.5185189505255
39393,34.953090642843264,947.8599999994199,6983.566448833612
39394,34.953090642843264,947.8799999994199,6983.61437812086
39395,34.953090642843264,947.8999999994198,6983.662306812246
39396,34.953090642843264,947.9199999994198,6983.710234907748
39397,34.953090642843264,947.9399999994198,6983.758162407343
39398,34.953090642843264,947.9599999994198,6983.806089311009
39399,34.953090642843264,947.9799999994198,6983.854015618723
39400,34.953090642843264,947.9999999994197,6983.901941330464
39401,34.953090642843264,948.0199999994197,6983.949866446209
39402,34.953090642843264,948.0399999994197,6983.997790965936
39403,34.953090642843264,948.0599999994197,6984.045714889622
39404,34.953090642843264,948.0799999994197,6984.093638217246
39405,34.953090642843264,948.0999999994197,6984.141560948785
39406,34.953090642843264,948.1199999994196,6984.189483084217
39407,34.953090642843264,948.1399999994196,6984.237404623518
39408,34.9049788421124,948.1599999994196,6984.285325566668
39409,34.9049788421124,948.1799999994196,6984.333245913644
39410,34.9049788421124,948.1999999994196,6984.381165664423
39411,34.9049788421124,948.2199999994195,6984.429084818983
39412,34.9049788421124,948.2399999994195,6984.477003377302
39413,34.9049788421124,948.2599999994195,6984.524921339358
39414,34.9049788421124,948.2799999994195,6984.572838705128
39415,34.9049788421124,948.2999999994195,6984.62075547459
39416,34.9049788421124,948.3199999994195,6984.668671647722
39417,34.9049788421124,948.3399999994194,6984.7165872245005
39418,34.9049788421124,948.3599999994194,6984.764502204905
39419,34.9049788421124,948.3799999994194,6984.812416588911
39420,34.9049788421124,948.3999999994194,6984.8603303764985
39421,34.9049788421124,948.4199999994194,6984.908243567644
39422,34.9049788421124,948.4399999994193,6984.956156162325
39423,34.9049788421124,948.4599999994193,6985.00406816052
39424,34.9049788421124,948.4799999994193,6985.051979562206
39425,34.9049788421124,948.4999999994193,6985.099890367361
39426,34.9049788421124,948.5199999994193,6985.147800575963
39427,34.9049788421124,948.5399999994193,6985.195710187989
39428,34.9049788421124,948.5599999994192,6985.243619203417
39429,34.9049788421124,948.5799999994192,6985.291527622226
39430,34.9049788421124,948.5999999994192,6985.339435444392
39431,34.9049788421124,948.6199999994192,6985.387342669893
39432,34.9049788421124,948.6399999994192,6985.435249298707
39433,34.9049788421124,948.6599999994191,6985.483155330812
39434,34.9049788421124,948.6799999994191,6985.531060766185
39435,34.9049788421124,948.6999999994191,6985.578965604804
39436,34.9049788421124,948.7199999994191,6985.6268698466465
39437,34.9049788421124,948.7399999994191,6985.674773491691
39438,34.9049788421124,948.759999999419,6985.722676539914
39439,34.9049788421124,948.779999999419,6985.770578991293
39440,34.9049788421124,948.799999999419,6985.818480845808
39441,34.9049788421124,948.819999999419,6985.866382103435
39442,34.9049788421124,948.839999999419,6985.914282764152
39443,34.9049788421124,948.859999999419,6985.962182828005
39444,34.9049788421124,948.8799999994189,6986.0100822963705
39445,34.9049788421124,948.8999999994189,6986.057981170005
39446,34.9049788421124,948.9199999994189,6986.105879448888
39447,34.9049788421124,948.9399999994189,6986.153777132996
39448,34.9049788421124,948.9599999994189,6986.201674222306
39449,34.9049788421124,948.9799999994189,6986.249570716797
39450,34.9049788421124,948.9999999994188,6986.297466616447
39451,34.9049788421124,949.0199999994188,6986.345361921233
39452,34.9049788421124,949.0399999994188,6986.393256631134
39453,34.9049788421124,949.0599999994188,6986.441150746127
39454,34.9049788421124,949.0799999994188,6986.48904426619
39455,34.9049788421124,949.0999999994187,6986.536937191301
39456,34.9049788421124,949.1199999994187,6986.584829521437
39457,34.9049788421124,949.1399999994187,6986.6327212565775
39458,34.9049788421124,949.1599999994187,6986.680612396699
39459,34.9049788421124,949.1799999994187,6986.72850294178
39460,34.9049788421124,949.1999999994187,6986.7763928917975
39461,34.9049788421124,949.2199999994186,6986.82428224673
39462,34.9049788421124,949.2399999994186,6986.872171006556
39463,34.9049788421124,949.2599999994186,6986.920059171252
39464,34.9049788421124,949.2799999994186,6986.967946740798
39465,34.9049788421124,949.2999999994186,6987.015833715169
39466,34.9049788421124,949.3199999994185,6987.063720094345
39467,34.9049788421124,949.3399999994185,6987.111605878303
39468,34.9049788421124,949.3599999994185,6987.15949106702
39469,34.9049788421124,949.3799999994185,6987.207375660476
39470,34.9049788421124,949.3999999994185,6987.255259658647
39471,34.9049788421124,949.4199999994185,6987.303143061512
39472,34.9049788421124,949.4399999994184,6987.351025869048
39473,34.9049788421124,949.4599999994184,6987.398908081233
39474,34.9049788421124,949.4799999994184,6987.446789698045
39475,34.9049788421124,949.4999999994184,6987.494670719462
39476,34.9049788421124,949.5199999994184,6987.542551145462
39477,34.9049788421124,949.5399999994183,6987.590430976023
39478,34.9049788421124,949.5599999994183,6987.638310211121
39479,34.9049788421124,949.5799999994183,6987.6861888507365
39480,34.9049788421124,949.5999999994183,6987.734066894846
39481,34.9049788421124,949.6199999994183,6987.781944343428
39482,34.9049788421124,949.6399999994183,6987.829821196459
39483,34.9049788421124,949.6599999994182,6987.877697453919
39484,34.9049788421124,949.6799999994182,6987.925573115784
39485,34.9049788421124,949.6999999994182,6987.9734481820315
39486,34.9049788421124,949.7199999994182,6988.021322652641
39487,34.9049788421124,949.7399999994182,6988.06919652759
39488,34.9049788421124,949.7599999994181,6988.117069806855
39489,34.9049788421124,949.7799999994181,6988.164942490416
39490,34.9049788421124,949.7999999994181,6988.21281457825
39491,34.9049788421124,949.8199999994181,6988.260686070334
39492,34.9049788421124,949.8399999994181,6988.3085569666455
39493,34.9049788421124,949.859999999418,6988.356427267164
39494,34.9049788421124,949.879999999418,6988.404296971967
39495,34.9049788421124,949.899999999418,6988.452166082621
39496,34.9049788421124,949.919999999418,6988.500034599787
39497,34.9049788421124,949.939999999418,6988.547902523443
39498,34.9049788421124,949.959999999418,6988.595769853566
39499,34.9049788421124,949.9799999994179,6988.6436365901345
39500,34.9049788421124,949.9999999994179,6988.691502733127
39501,34.9049788421124,950.0199999994179,6988.73936828252
39502,34.9049788421124,950.0399999994179,6988.787233238294
39503,34.9049788421124,950.0599999994179,6988.835097600425
39504,34.9049788421124,950.0799999994179,6988.882961368891
39505,34.9049788421124,950.0999999994178,6988.9308245436705
39506,34.9049788421124,950.1199999994178,6988.978687124742
39507,34.9049788421124,950.1399999994178,6989.026549112082
39508,34.9049788421124,950.1599999994178,6989.074410505669
39509,34.9049788421124,950.1799999994178,6989.122271305482
39510,34.9049788421124,950.1999999994177,6989.170131511498
39511,34.9049788421124,950.2199999994177,6989.217991123694
39512,34.9049788421124,950.2399999994177,6989.26585014205
39513,34.9049788421124,950.2599999994177,6989.313708566543
39514,34.9049788421124,950.2799999994177,6989.361566397151
39515,34.9049788421124,950.2999999994177,6989.409423633852
39516,34.9049788421124,950.3199999994176,6989.457280276624
39517,34.9049788421124,950.3399999994176,6989.505136325445
39518,34.9049788421124,950.3599999994176,6989.552991780293
39519,34.9049788421124,950.3799999994176,6989.600846641146
39520,34.9049788421124,950.3999999994176,6989.648700907981
39521,34.9049788421124,950.4199999994175,6989.696554580777
39522,34.9049788421124,950.4399999994175,6989.744407659512
39523,34.9049788421124,950.4599999994175,6989.792260144163
39524,34.9049788421124,950.4799999994175,6989.84011203471
39525,34.9049788421124,950.4999999994175,6989.887963331129
39526,34.9049788421124,950.5199999994175,6989.935814033398
39527,34.9049788421124,950.5399999994174,6989.983664141496
39528,34.9049788421124,950.5599999994174,6990.031513655428
39529,34.9049788421124,950.5799999994174,6990.079362575267
39530,34.9049788421124,950.5999999994174,6990.127210900998
39531,34.9049788421124,950.6199999994174,6990.1750586326
39532,34.9049788421124,950.6399999994173,6990.222905770051
39533,34.9049788421124,950.6599999994173,6990.2707523133295
39534,34.9049788421124,950.6799999994173,6990.3185982624145
39535,34.9049788421124,950.6999999994173,6990.366443617284
39536,34.9049788421124,950.7199999994173,6990.414288377916
39537,34.9049788421124,950.7399999994173,6990.462132544289
39538,34.9049788421124,950.7599999994172,6990.509976116381
39539,34.9049788421124,950.7799999994172,6990.5578190941715
39540,34.9049788421124,950.7999999994172,6990.605661477638
39541,34.9049788421124,950.8199999994172,6990.65350326676
39542,34.9049788421124,950.8399999994172,6990.701344461515
39543,34.9049788421124,950.8599999994171,6990.749185061882
39544,34.9049788421124,950.8799999994171,6990.797025067838
39545,34.9049788421124,950.8999999994171,6990.844864479492
39546,34.9049788421124,950.9199999994171,6990.892703298525
39547,34.9049788421124,950.9399999994171,6990.94054152546
39548,34.9049788421124,950.959999999417,6990.988379160275
39549,34.9049788421124,950.979999999417,6991.036216202949
39550,34.9049788421124,950.999999999417,6991.084052653459
39551,34.9049788421124,951.019999999417,6991.131888511785
39552,34.9049788421124,951.039999999417,6991.179723777906
39553,34.9049788421124,951.059999999417,6991.227558451797
39554,34.9049788421124,951.0799999994169,6991.27539253344
39555,34.9049788421124,951.0999999994169,6991.3232260228115
39556,34.9049788421124,951.1199999994169,6991.37105891989
39557,34.9049788421124,951.1399999994169,6991.4188912246545
39558,34.9049788421124,951.1599999994169,6991.466722937083
39559,34.9049788421124,951.1799999994169,6991.514554057155
39560,34.9049788421124,951.1999999994168,6991.562384584847
39561,34.9049788421124,951.2199999994168,6991.610214520138
39562,34.9049788421124,951.2399999994168,6991.658043863006
39563,34.9049788421124,951.2599999994168,6991.705872613431
39564,34.9049788421124,951.2799999994168,6991.75370077139
39565,34.9049788421124,951.2999999994167,6991.801528336862
39566,34.9049788421124,951.3199999994167,6991.849355309825
39567,34.9049788421124,951.3399999994167,6991.897181690258
39568,34.9049788421124,951.3599999994167,6991.945007478138
39569,34.9049788421124,951.3799999994167,6991.992832673445
39570,34.9049788421124,951.3999999994167,6992.040657276158
39571,34.9049788421124,951.4199999994166,6992.088481286252
39572,34.9049788421124,951.4399999994166,6992.136304703709
39573,34.9049788421124,951.4599999994166,6992.184127528506
39574,34.9049788421124,951.4799999994166,6992.23194976062
39575,34.9049788421124,951.4999999994166,6992.279771400032
39576,34.9049788421124,951.5199999994165,6992.327592446718
39577,34.9049788421124,951.5399999994165,6992.375412900658
39578,34.9049788421124,951.5599999994165,6992.42323276183
39579,34.9049788421124,951.5799999994165,6992.471052030212
39580,34.9049788421124,951.5999999994165,6992.518870705783
39581,34.9049788421124,951.6199999994165,6992.566688788521
39582,34.9049788421124,951.6399999994164,6992.614506278404
39583,34.9049788421124,951.6599999994164,6992.662323175412
39584,34.9049788421124,951.6799999994164,6992.710139479522
39585,34.9049788421124,951.6999999994164,6992.757955190712
39586,34.9049788421124,951.7199999994164,6992.805770308961
39587,34.9049788421124,951.7399999994163,6992.853584834247
39588,34.9049788421124,951.7599999994163,6992.901398766549
39589,34.9049788421124,951.7799999994163,6992.949212105846
39590,34.9049788421124,951.7999999994163,6992.997024852115
39591,34.9049788421124,951.8199999994163,6993.044837005335
39592,34.9049788421124,951.8399999994162,6993.092648565484
39593,34.9049788421124,951.8599999994162,6993.140459532541
39594,34.9049788421124,951.8799999994162,6993.1882699064845
39595,34.9049788421124,951.8999999994162,6993.236079687293
39596,34.9049788421124,951.9199999994162,6993.2838888751085
39597,34.9049788421124,951.9399999994162,6993.331697471823
39598,34.9049788421124,951.9599999994161,6993.379505477838
39599,34.9049788421124,951.9799999994161,6993.4273128931345
39600,34.9049788421124,951.9999999994161,6993.475119717688
39601,34.9049788421124,952.0199999994161,6993.522925951479
39602,34.9049788421124,952.0399999994161,6993.570731594484
39603,34.9049788421124,952.059999999416,6993.618536646682
39604,34.9049788421124,952.079999999416,6993.666341108051
39605,34.9049788421124,952.099999999416,6993.7141449785695
39606,34.9049788421124,952.119999999416,6993.761948258216
39607,34.9049788421124,952.139999999416,6993.809750946968
39608,34.9049788421124,952.159999999416,6993.857553044804
39609,34.9049788421124,952.1799999994159,6993.905354551703
39610,34.9049788421124,952.1999999994159,6993.953155467641
39611,34.9049788421124,952.2199999994159,6994.000955792599
39612,34.9049788421124,952.2399999994159,6994.048755526553
39613,34.9049788421124,952.2599999994159,6994.096554669482
39614,34.9049788421124,952.2799999994158,6994.144353221365
39615,34.9049788421124,952.2999999994158,6994.19215118218
39616,34.9049788421124,952.3199999994158,6994.2399485519045
39617,34.9049788421124,952.3399999994158,6994.287745330517
39618,34.9049788421124,952.3599999994158,6994.335541517996
39619,34.9049788421124,952.3799999994158,6994.383337114319
39620,34.9049788421124,952.3999999994157,6994.4311321194655
39621,34.9049788421124,952.4199999994157,6994.478926533413
39622,34.9049788421124,952.4399999994157,6994.52672035614
39623,34.9049788421124,952.4599999994157,6994.574513587624
39624,34.9049788421124,952.4799999994157,6994.622306227844
39625,34.9049788421124,952.4999999994156,6994.670098276778
39626,34.9049788421124,952.5199999994156,6994.717889734404
39627,34.9049788421124,952.5399999994156,6994.765680600701
39628,34.9049788421124,952.5599999994156,6994.813470875646
39629,34.9049788421124,952.5799999994156,6994.861260559218
39630,34.9049788421124,952.5999999994156,6994.909049651395
39631,34.9049788421124,952.6199999994155,6994.956838152156
39632,34.9049788421124,952.6399999994155,6995.004626061478
39633,34.9049788421124,952.6599999994155,6995.052413379341
39634,34.85697731408698,952.6799999994155,6995.10020010572
39635,34.85697731408698,952.6999999994155,6995.147986240597
39636,34.85697731408698,952.7199999994154,6995.195771783948
39637,34.85697731408698,952.7399999994154,6995.243556735752
39638,34.85697731408698,952.7599999994154,6995.291341095986
39639,34.85697731408698,952.7799999994154,6995.33912486463
39640,34.85697731408698,952.7999999994154,6995.386908041662
39641,34.85697731408698,952.8199999994154,6995.434690627059
39642,34.85697731408698,952.8399999994153,6995.482472620801
39643,34.85697731408698,952.8599999994153,6995.530254022864
39644,34.85697731408698,952.8799999994153,6995.578034833228
39645,34.85697731408698,952.8999999994153,6995.625815051871
39646,34.85697731408698,952.9199999994153,6995.67359467877
39647,34.85697731408698,952.9399999994152,6995.721373714079
39648,34.85697731408698,952.9599999994152,6995.769152159587
39649,34.85697731408698,952.9799999994152,6995.8169300155205
39650,34.85697731408698,952.9999999994152,6995.864707281858
39651,34.85697731408698,953.0199999994152,6995.912483958576
39652,34.85697731408698,953.0399999994152,6995.960260045654
39653,34.85697731408698,953.0599999994151,6996.008035543069
39654,34.85697731408698,953.0799999994151,6996.055810450801
39655,34.85697731408698,953.0999999994151,6996.103584768826
39656,34.85697731408698,953.1199999994151,6996.1513584971235
39657,34.85697731408698,953.1399999994151,6996.199131635672
39658,34.85697731408698,953.159999999415,6996.246904184448
39659,34.85697731408698,953.179999999415,6996.2946761434305
39660,34.85697731408698,953.199999999415,6996.342447512598
39661,34.85697731408698,953.219999999415,6996.390218291927
39662,34.85697731408698,953.239999999415,6996.437988481397
39663,34.85697731408698,953.259999999415,6996.485758080986
39664,34.85697731408698,953.2799999994149,6996.533527090672
39665,34.85697731408698,953.2999999994149,6996.581295510432
39666,34.85697731408698,953.3199999994149,6996.629063340246
39667,34.85697731408698,953.3399999994149,6996.676830580091
39668,34.85697731408698,953.3599999994149,6996.724597229944
39669,34.85697731408698,953.3799999994148,6996.772363289786
39670,34.85697731408698,953.3999999994148,6996.820128759593
39671,34.85697731408698,953.4199999994148,6996.8678936393435
39672,34.85697731408698,953.4399999994148,6996.915657929016
39673,34.85697731408698,953.4599999994148,6996.963421628588
39674,34.85697731408698,953.4799999994148,6997.011184738037
39675,34.85697731408698,953.4999999994147,6997.058947257342
39676,34.85697731408698,953.5199999994147,6997.106709186482
39677,34.85697731408698,953.5399999994147,6997.154470525434
39678,34.85697731408698,953.5599999994147,6997.202231274176
39679,34.85697731408698,953.5799999994147,6997.249991432685
39680,34.85697731408698,953.5999999994146,6997.297751000942
39681,34.85697731408698,953.6199999994146,6997.3455099789235
39682,34.85697731408698,953.6399999994146,6997.393268366607
39683,34.85697731408698,953.6599999994146,6997.441026163971
39684,34.85697731408698,953.6799999994146,6997.4887833709945
39685,34.85697731408698,953.6999999994146,6997.536539987655
39686,34.85697731408698,953.7199999994145,6997.58429601393
39687,34.85697731408698,953.7399999994145,6997.632051449798
39688,34.85697731408698,953.7599999994145,6997.679806295238
39689,34.85697731408698,953.7799999994145,6997.727560550228
39690,34.85697731408698,953.7999999994145,6997.775314214745
39691,34.85697731408698,953.8199999994144,6997.823067288768
39692,34.85697731408698,953.8399999994144,6997.8708197722735
39693,34.85697731408698,953.8599999994144,6997.918571665242
39694,34.85697731408698,953.8799999994144,6997.96632296765
39695,34.85697731408698,953.8999999994144,6998.014073679476
39696,34.85697731408698,953.9199999994144,6998.061823800697
39697,34.85697731408698,953.9399999994143,6998.109573331293
39698,34.85697731408698,953.9599999994143,6998.157322271509
39699,34.85697731408698,953.9799999994143,6998.205070623207
39700,34.85697731408698,953.9999999994143,6998.252818386544
39701,34.85697731408698,954.0199999994143,6998.3005655615
39702,34.85697731408698,954.0399999994142,6998.348312148051
39703,34.85697731408698,954.0599999994142,6998.396058146177
39704,34.85697731408698,954.0799999994142,6998.443803555855
39705,34.85697731408698,954.0999999994142,6998.491548377063
39706,34.85697731408698,954.1199999994142,6998.539292609779
39707,34.85697731408698,954.1399999994142,6998.587036253982
39708,34.85697731408698,954.1599999994141,6998.634779309648
39709,34.85697731408698,954.1799999994141,6998.682521776757
39710,34.85697731408698,954.1999999994141,6998.730263655287
39711,34.85697731408698,954.2199999994141,6998.778004945214
39712,34.85697731408698,954.2399999994141,6998.825745646518
39713,34.85697731408698,954.259999999414,6998.873485759176
39714,34.85697731408698,954.279999999414,6998.921225283167
39715,34.85697731408698,954.299999999414,6998.968964218468
39716,34.85697731408698,954.319999999414,6999.016702565057
39717,34.85697731408698,954.339999999414,6999.064440322913
39718,34.85697731408698,954.359999999414,6999.112177492013
39719,34.85697731408698,954.3799999994139,6999.159914072336
39720,34.85697731408698,954.3999999994139,6999.207650063859
39721,34.85697731408698,954.4199999994139,6999.25538546656
39722,34.85697731408698,954.4399999994139,6999.303120280419
39723,34.85697731408698,954.4599999994139,6999.350854505411
39724,34.85697731408698,954.4799999994138,6999.3985881415165
39725,34.85697731408698,954.4999999994138,6999.446321188712
39726,34.85697731408698,954.5199999994138,6999.494053646977
39727,34.85697731408698,954.5399999994138,6999.541785516288
39728,34.85697731408698,954.5599999994138,6999.589516796624
39729,34.85697731408698,954.5799999994138,6999.637247487963
39730,34.85697731408698,954.5999999994137,6999.684977590282
39731,34.85697731408698,954.6199999994137,6999.732707103561
39732,34.85697731408698,954.6399999994137,6999.780436027776
39733,34.85697731408698,954.6599999994137,6999.828164362906
39734,34.85697731408698,954.6799999994137,6999.875892108929
39735,34.85697731408698,954.6999999994136,6999.923619265824
39736,34.85697731408698,954.7199999994136,6999.971345833566
39737,34.85697731408698,954.7399999994136,7000.019071812139
39738,34.85697731408698,954.7599999994136,7000.0667972015535
39739,34.85697731408698,954.7799999994136,7000.114522001794
39740,34.85697731408698,954.7999999994136,7000.162246212839
39741,34.85697731408698,954.8199999994135,7000.2099698346665
39742,34.85697731408698,954.8399999994135,7000.257692867254
39743,34.85697731408698,954.8599999994135,7000.30541531058
39744,34.85697731408698,954.8799999994135,7000.353137164623
39745,34.85697731408698,954.8999999994135,7000.400858429361
39746,34.85697731408698,954.9199999994134,7000.44857910477
39747,34.85697731408698,954.9399999994134,7000.49629919083
39748,34.85697731408698,954.9599999994134,7000.544018687518
39749,34.85697731408698,954.9799999994134,7000.591737595218
39750,34.85697731408698,954.9999999994134,7000.639455915686
39751,34.85697731408698,955.0199999994134,7000.687173649054
39752,34.85697731408698,955.0399999994133,7000.734890795299
39753,34.85697731408698,955.0599999994133,7000.782607354399
39754,34.85697731408698,955.0799999994133,7000.830323326333
39755,34.85697731408698,955.0999999994133,7000.878038711078
39756,34.85697731408698,955.1199999994133,7000.925753508613
39757,34.85697731408698,955.1399999994132,7000.973467718914
39758,34.85697731408698,955.1599999994132,7001.021181341962
39759,34.85697731408698,955.1799999994132,7001.068894377733
39760,34.85697731408698,955.1999999994132,7001.116606826206
39761,34.85697731408698,955.2199999994132,7001.164318687359
39762,34.85697731408698,955.2399999994132,7001.21202996117
39763,34.85697731408698,955.2599999994131,7001.259740647616
39764,34.85697731408698,955.2799999994131,7001.307450746676
39765,34.85697731408698,955.2999999994131,7001.355160258329
39766,34.85697731408698,955.3199999994131,7001.402869182552
39767,34.85697731408698,955.3399999994131,7001.450577519323
39768,34.85697731408698,955.359999999413,7001.49828526862
39769,34.85697731408698,955.379999999413,7001.545992430421
39770,34.85697731408698,955.399999999413,7001.593699004705
39771,34.85697731408698,955.419999999413,7001.641404991449
39772,34.85697731408698,955.439999999413,7001.689110390632
39773,34.85697731408698,955.459999999413,7001.736815202231
39774,34.85697731408698,955.4799999994129,7001.7845194262245
39775,34.85697731408698,955.4999999994129,7001.832223062591
39776,34.85697731408698,955.5199999994129,7001.879926111308
39777,34.85697731408698,955.5399999994129,7001.927628572354
39778,34.85697731408698,955.5599999994129,7001.975330445706
39779,34.85697731408698,955.5799999994128,7002.0230317313435
39780,34.85697731408698,955.5999999994128,7002.070732429243
39781,34.85697731408698,955.6199999994128,7002.118432539385
39782,34.85697731408698,955.6399999994128,7002.166132061746
39783,34.85697731408698,955.6599999994128,7002.213830996304
39784,34.85697731408698,955.6799999994128,7002.261529343036
39785,34.85697731408698,955.6999999994127,7002.309227101922
39786,34.85697731408698,955.7199999994127,7002.35692427294
39787,34.85697731408698,955.7399999994127,7002.404620856067
39788,34.85697731408698,955.7599999994127,7002.452316851281
39789,34.85697731408698,955.7799999994127,7002.500012258561
39790,34.85697731408698,955.7999999994126,7002.547707077884
39791,34.85697731408698,955.8199999994126,7002.59540130923
39792,34.85697731408698,955.8399999994126,7002.643094952574
39793,34.85697731408698,955.8599999994126,7002.690788007896
39794,34.85697731408698,955.8799999994126,7002.738480475175
39795,34.85697731408698,955.8999999994126,7002.7861723543865
39796,34.85697731408698,955.9199999994125,7002.833863645511
39797,34.85697731408698,955.9399999994125,7002.881554348525
39798,34.85697731408698,955.9599999994125,7002.9292444634075
39799,34.85697731408698,955.9799999994125,7002.976933990136
39800,34.85697731408698,955.9999999994125,7003.024622929233
39801,34.85697731408698,956.0199999994124,7003.07231128235
39802,34.85697731408698,956.0399999994124,7003.119999049589
39803,34.85697731408698,956.0599999994124,7003.167686230928
39804,34.85697731408698,956.0799999994124,7003.215372826346
39805,34.85697731408698,956.0999999994124,7003.263058835821
39806,34.85697731408698,956.1199999994124,7003.310744259331
39807,34.85697731408698,956.1399999994123,7003.358429096854
39808,34.85697731408698,956.1599999994123,7003.406113348368
39809,34.85697731408698,956.1799999994123,7003.453797013853
39810,34.85697731408698,956.1999999994123,7003.501480093285
39811,34.85697731408698,956.2199999994123,7003.549162586643
39812,34.85697731408698,956.2399999994122,7003.596844493906
39813,34.85697731408698,956.2599999994122,7003.644525815052
39814,34.85697731408698,956.2799999994122,7003.692206550058
39815,34.85697731408698,956.2999999994122,7003.739886698902
39816,34.85697731408698,956.3199999994122,7003.787566261564
39817,34.85697731408698,956.3399999994122,7003.835245238021
39818,34.85697731408698,956.3599999994121,7003.882923628252
39819,34.85697731408698,956.3799999994121,7003.930601432234
39820,34.85697731408698,956.3999999994121,7003.978278649945
39821,34.85697731408698,956.4199999994121,7004.025955281365
39822,34.85697731408698,956.4399999994121,7004.073631326471
39823,34.85697731408698,956.459999999412,7004.12130678524
39824,34.85697731408698,956.479999999412,7004.168981657653
39825,34.85697731408698,956.499999999412,7004.2166559436855
39826,34.85697731408698,956.519999999412,7004.264329643317
39827,34.85697731408698,956.539999999412,7004.3120027565255
39828,34.85697731408698,956.559999999412,7004.35967528329
39829,34.85697731408698,956.5799999994119,7004.407347223588
39830,34.85697731408698,956.5999999994119,7004.455018577397
39831,34.85697731408698,956.6199999994119,7004.502689344696
39832,34.85697731408698,956.6399999994119,7004.550359525463
39833,34.85697731408698,956.6599999994119,7004.5980291196765
39834,34.85697731408698,956.6799999994118,7004.645698127314
39835,34.85697731408698,956.6999999994118,7004.693366548355
39836,34.85697731408698,956.7199999994118,7004.741034382776
39837,34.85697731408698,956.7399999994118,7004.788701630556
39838,34.85697731408698,956.7599999994118,7004.836368291673
39839,34.85697731408698,956.7799999994118,7004.884034366106
39840,34.85697731408698,956.7999999994117,7004.9316998538325
39841,34.85697731408698,956.8199999994117,7004.97936475483
39842,34.85697731408698,956.8399999994117,7005.027029069079
39843,34.85697731408698,956.8599999994117,7005.074692796555
39844,34.85697731408698,956.8799999994117,7005.122355937237
39845,34.85697731408698,956.8999999994116,7005.170018491104
39846,34.85697731408698,956.9199999994116,7005.217680458134
39847,34.85697731408698,956.9399999994116,7005.265341838305
39848,34.85697731408698,956.9599999994116,7005.313002631595
39849,34.85697731408698,956.9799999994116,7005.360662837982
39850,34.85697731408698,956.9999999994116,7005.408322457445
39851,34.85697731408698,957.0199999994115,7005.45598149068
39852,34.85697731408698,957.0399999994115,7005.503639939307
39853,34.85697731408698,957.0599999994115,7005.551297803408
39854,34.85697731408698,957.0799999994115,7005.598955082961
39855,34.85697731408698,957.0999999994115,7005.6466117779455
39856,34.85697731408698,957.1199999994114,7005.69426788834
39857,34.85697731408698,957.1399999994114,7005.741923414122
39858,34.85697731408698,957.1599999994114,7005.78957835527
39859,34.85697731408698,957.1799999994114,7005.837232711764
39860,34.809085705246574,957.1999999994114,7005.884886483582
39861,34.809085705246574,957.2199999994114,7005.932539670702
39862,34.809085705246574,957.2399999994113,7005.980192273103
39863,34.809085705246574,957.2599999994113,7006.027844290763
39864,34.809085705246574,957.2799999994113,7006.075495723661
39865,34.809085705246574,957.2999999994113,7006.1231465717765
39866,34.809085705246574,957.3199999994113,7006.170796835087
39867,34.809085705246574,957.3399999994112,7006.21844651357
39868,34.809085705246574,957.3599999994112,7006.266095607205
39869,34.809085705246574,957.3799999994112,7006.3137441159715
39870,34.809085705246574,957.3999999994112,7006.361392039847
39871,34.809085705246574,957.4199999994112,7006.40903937881
39872,34.809085705246574,957.4399999994112,7006.456686132839
39873,34.809085705246574,957.4599999994111,7006.504332301914
39874,34.809085705246574,957.4799999994111,7006.551977886012
39875,34.809085705246574,957.4999999994111,7006.599622885112
39876,34.809085705246574,957.5199999994111,7006.647267299192
39877,34.809085705246574,957.5399999994111,7006.694911128232
39878,34.809085705246574,957.559999999411,7006.742554372209
39879,34.809085705246574,957.579999999411,7006.790197031103
39880,34.809085705246574,957.599999999411,7006.837839104892
39881,34.809085705246574,957.619999999411,7006.885480593553
39882,34.809085705246574,957.639999999411,7006.933121497067
39883,34.809085705246574,957.659999999411,7006.980761815411
39884,34.809085705246574,957.6799999994109,7007.028401548564
39885,34.809085705246574,957.6999999994109,7007.076040696505
39886,34.809085705246574,957.7199999994109,7007.123679259211
39887,34.809085705246574,957.7399999994109,7007.171317236662
39888,34.809085705246574,957.7599999994109,7007.218954628836
39889,34.809085705246574,957.7799999994108,7007.266591435713
39890,34.809085705246574,957.7999999994108,7007.31422765727
39891,34.809085705246574,957.8199999994108,7007.361863293485
39892,34.809085705246574,957.8399999994108,7007.409498344337
39893,34.809085705246574,957.8599999994108,7007.457132809806
39894,34.809085705246574,957.8799999994108,7007.50476668987
39895,34.809085705246574,957.8999999994107,7007.552399984506
39896,34.809085705246574,957.9199999994107,7007.600032693695
39897,34.809085705246574,957.9399999994107,7007.647664817413
39898,34.809085705246574,957.9599999994107,7007.69529635564
39899,34.809085705246574,957.9799999994107,7007.7429273083535
39900,34.809085705246574,957.9999999994106,7007.790557675534
39901,34.809085705246574,958.0199999994106,7007.838187457159
39902,34.809085705246574,958.0399999994106,7007.8858166539785
39903,34.809085705246574,958.0599999994106,7007.933445267339
39904,34.809085705246574,958.0799999994106,7007.981073297285
39905,34.809085705246574,958.0999999994106,7008.028700743795
39906,34.809085705246574,958.1199999994105,7008.076327606847
39907,34.809085705246574,958.1399999994105,7008.123953886421
39908,34.809085705246574,958.1599999994105,7008.171579582496
39909,34.809085705246574,958.1799999994105,7008.2192046950495
39910,34.809085705246574,958.1999999994105,7008.2668292240605
39911,34.809085705246574,958.2199999994104,7008.314453169509
39912,34.809085705246574,958.2399999994104,7008.362076531373
39913,34.809085705246574,958.2599999994104,7008.409699309631
39914,34.809085705246574,958.2799999994104,7008.457321504262
39915,34.809085705246574,958.2999999994104,7008.504943115245
39916,34.809085705246574,958.3199999994104,7008.552564142558
39917,34.809085705246574,958.3399999994103,7008.600184586182
39918,34.809085705246574,958.3599999994103,7008.647804446094
39919,34.809085705246574,958.3799999994103,7008.695423722273
39920,34.809085705246574,958.3999999994103,7008.743042414698
39921,34.809085705246574,958.4199999994103,7008.7906605233475
39922,34.809085705246574,958.4399999994102,7008.838278048201
39923,34.809085705246574,958.4599999994102,7008.8858949892365
39924,34.809085705246574,958.4799999994102,7008.933511346434
39925,34.809085705246574,958.4999999994102,7008.981127119771
39926,34.809085705246574,958.5199999994102,7009.028742309228
39927,34.809085705246574,958.5399999994102,7009.076356914781
39928,34.809085705246574,958.5599999994101,7009.123970936411
39929,34.809085705246574,958.5799999994101,7009.171584374096
39930,34.809085705246574,958.5999999994101,7009.219197227815
39931,34.809085705246574,958.6199999994101,7009.266809497547
39932,34.809085705246574,958.6399999994101,7009.314421183271
39933,34.809085705246574,958.65999999941,7009.362032284966
39934,34.809085705246574,958.67999999941,7009.40964280261
39935,34.809085705246574,958.69999999941,7009.4572527361815
39936,34.809085705246574,958.71999999941,7009.5048620856605
39937,34.809085705246574,958.73999999941,7009.552470851025
39938,34.809085705246574,958.75999999941,7009.600079032254
39939,34.809085705246574,958.7799999994099,7009.647686629327
39940,34.809085705246574,958.7999999994099,7009.695293642221
39941,34.809085705246574,958.8199999994099,7009.742900070917
39942,34.809085705246574,958.8399999994099,7009.790505915393
39943,34.809085705246574,958.8599999994099,7009.838111175626
39944,34.809085705246574,958.8799999994098,7009.8857158515975
39945,34.809085705246574,958.8999999994098,7009.933319943285
39946,34.809085705246574,958.9199999994098,7009.980923450667
39947,34.809085705246574,958.9399999994098,7010.028526373741
39948,34.809085705246574,958.9599999994098,7010.076128712567
39949,34.809085705246574,958.9799999994098,7010.1237304671295
39950,34.809085705246574,958.9999999994097,7010.171331637408
39951,34.809085705246574,959.0199999994097,7010.218932223381
39952,34.809085705246574,959.0399999994097,7010.266532225026
39953,34.809085705246574,959.0599999994097,7010.31413164327
39954,34.809085705246574,959.0799999994097,7010.361730479418
39955,34.809085705246574,959.0999999994096,7010.409328733489
39956,34.809085705246574,959.1199999994096,7010.456926405463
39957,34.809085705246574,959.1399999994096,7010.504523495316
39958,34.809085705246574,959.1599999994096,7010.552120003028
39959,34.809085705246574,959.1799999994096,7010.599715928578
39960,34.809085705246574,959.1999999994096,7010.647311271943
39961,34.809085705246574,959.2199999994095,7010.694906033103
39962,34.809085705246574,959.2399999994095,7010.742500212034
39963,34.809085705246574,959.2599999994095,7010.790093808718
39964,34.809085705246574,959.2799999994095,7010.837686823131
39965,34.809085705246574,959.2999999994095,7010.885279255252
39966,34.809085705246574,959.3199999994094,7010.932871105058
39967,34.809085705246574,959.3399999994094,7010.98046237253
39968,34.809085705246574,959.3599999994094,7011.028053057646
39969,34.809085705246574,959.3799999994094,7011.075643160382
39970,34.809085705246574,959.3999999994094,7011.123232680719
39971,34.809085705246574,959.4199999994094,7011.170821618634
39972,34.809085705246574,959.4399999994093,7011.218409974107
39973,34.809085705246574,959.4599999994093,7011.265997747115
39974,34.809085705246574,959.4799999994093,7011.313584937637
39975,34.809085705246574,959.4999999994093,7011.361171545651
39976,34.809085705246574,959.5199999994093,7011.4087575711355
39977,34.809085705246574,959.5399999994092,7011.45634301407
39978,34.809085705246574,959.5599999994092,7011.503927874432
39979,34.809085705246574,959.5799999994092,7011.551512152199
39980,34.809085705246574,959.5999999994092,7011.599095847352
39981,34.809085705246574,959.6199999994092,7011.646678959868
39982,34.809085705246574,959.6399999994092,7011.694261489725
39983,34.809085705246574,959.6599999994091,7011.741843436902
39984,34.809085705246574,959.6799999994091,7011.789424801377
39985,34.809085705246574,959.6999999994091,7011.837005583129
39986,34.809085705246574,959.7199999994091,7011.884585782137
39987,34.809085705246574,959.7399999994091,7011.932165398378
39988,34.809085705246574,959.759999999409,7011.979744431831
39989,34.809085705246574,959.779999999409,7012.027322882475
39990,34.809085705246574,959.799999999409,7012.074900750288
39991,34.809085705246574,959.819999999409,7012.122478035249
39992,34.809085705246574,959.839999999409,7012.170054737335
39993,34.809085705246574,959.859999999409,7012.217630856526
39994,34.809085705246574,959.8799999994089,7012.2652063928
39995,34.809085705246574,959.8999999994089,7012.312781346135
39996,34.809085705246574,959.9199999994089,7012.36035571651
39997,34.809085705246574,959.9399999994089,7012.407929503903
39998,34.809085705246574,959.9599999994089,7012.455502708292
39999,34.809085705246574,959.9799999994088,7012.503075329657
40000,34.809085705246574,959.9999999994088,7012.550647367975
40001,34.809085705246574,960.0199999994088,7012.598218823226
40002,34.809085705246574,960.0399999994088,7012.645789695386
40003,34.809085705246574,960.0599999994088,7012.693359984435
40004,34.809085705246574,960.0799999994088,7012.740929691435
40005,34.809085705246574,960.0999999994087,7012.788498817578
40006,34.809085705246574,960.1199999994087,7012.836067362858
40007,34.809085705246574,960.1399999994087,7012.883635327252
40008,34.809085705246574,960.1599999994087,7012.93120271074
40009,34.809085705246574,960.1799999994087,7012.978769513299
40010,34.809085705246574,960.1999999994086,7013.026335734909
40011,34.809085705246574,960.2199999994086,7013.0739013755465
40012,34.809085705246574,960.2399999994086,7013.121466435191
40013,34.809085705246574,960.2599999994086,7013.169030913821
40014,34.809085705246574,960.2799999994086,7013.216594811415
40015,34.809085705246574,960.2999999994086,7013.264158127951
40016,34.809085705246574,960.3199999994085,7013.311720863408
40017,34.809085705246574,960.3399999994085,7013.359283017763
40018,34.809085705246574,960.3599999994085,7013.406844590996
40019,34.809085705246574,960.3799999994085,7013.454405583085
40020,34.809085705246574,960.3999999994085,7013.501965994008
40021,34.809085705246574,960.4199999994084,7013.549525823744
40022,34.809085705246574,960.4399999994084,7013.5970850722715
40023,34.809085705246574,960.4599999994084,7013.644643739568
40024,34.809085705246574,960.4799999994084,7013.692201825613
40025,34.809085705246574,960.4999999994084,7013.739759330384
40026,34.809085705246574,960.5199999994084,7013.78731625386
40027,34.809085705246574,960.5399999994083,7013.8348725960195
40028,34.809085705246574,960.5599999994083,7013.88242835684
40029,34.809085705246574,960.5799999994083,7013.929983536301
40030,34.809085705246574,960.5999999994083,7013.977538134381
40031,34.809085705246574,960.6199999994083,7014.025092151057
40032,34.809085705246574,960.6399999994082,7014.072645586309
40033,34.809085705246574,960.6599999994082,7014.120198440114
40034,34.809085705246574,960.6799999994082,7014.167750712452
40035,34.809085705246574,960.6999999994082,7014.2153024033005
40036,34.809085705246574,960.7199999994082,7014.262853512638
40037,34.809085705246574,960.7399999994082,7014.310404040442
40038,34.809085705246574,960.7599999994081,7014.357953986693
40039,34.809085705246574,960.7799999994081,7014.405503351369
40040,34.809085705246574,960.7999999994081,7014.453052134447
40041,34.809085705246574,960.8199999994081,7014.500600335906
40042,34.809085705246574,960.8399999994081,7014.548147955725
40043,34.809085705246574,960.859999999408,7014.595694993882
40044,34.809085705246574,960.879999999408,7014.643241450355
40045,34.809085705246574,960.899999999408,7014.690787325123
40046,34.809085705246574,960.919999999408,7014.738332618164
40047,34.809085705246574,960.939999999408,7014.785877329457
40048,34.809085705246574,960.959999999408,7014.83342145898
40049,34.809085705246574,960.9799999994079,7014.880965006712
40050,34.809085705246574,960.9999999994079,7014.928507972631
40051,34.809085705246574,961.0199999994079,7014.976050356716
40052,34.809085705246574,961.0399999994079,7015.023592158944
40053,34.809085705246574,961.0599999994079,7015.071133379294
40054,34.809085705246574,961.0799999994078,7015.118674017759
40055,34.809085705246574,961.0999999994078,7015.1662140755825
40056,34.809085705246574,961.1199999994078,7015.2137535538905
40057,34.809085705246574,961.1399999994078,7015.261292452661
40058,34.809085705246574,961.1599999994078,7015.308830771873
40059,34.809085705246574,961.1799999994078,7015.356368511503
40060,34.809085705246574,961.1999999994077,7015.403905671532
40061,34.809085705246574,961.2199999994077,7015.451442251937
40062,34.809085705246574,961.2399999994077,7015.498978252696
40063,34.809085705246574,961.2599999994077,7015.5465136737885
40064,34.809085705246574,961.2799999994077,7015.594048515192
40065,34.809085705246574,961.2999999994076,7015.641582776886
40066,34.809085705246574,961.3199999994076,7015.689116458848
40067,34.809085705246574,961.3399999994076,7015.736649561056
40068,34.809085705246574,961.3599999994076,7015.784182083489
40069,34.809085705246574,961.3799999994076,7015.831714026126
40070,34.809085705246574,961.3999999994076,7015.879245388945
40071,34.809085705246574,961.4199999994075,7015.926776171923
40072,34.809085705246574,961.4399999994075,7015.974306375039
40073,34.809085705246574,961.4599999994075,7016.021835998273
40074,34.809085705246574,961.4799999994075,7016.0693650416015
40075,34.809085705246574,961.4999999994075,7016.116893505005
40076,34.809085705246574,961.5199999994074,7016.164421388459
40077,34.809085705246574,961.5399999994074,7016.211948691945
40078,34.809085705246574,961.5599999994074,7016.259475415439
40079,34.809085705246574,961.5799999994074,7016.30700155892
40080,34.809085705246574,961.5999999994074,7016.3545271223675
40081,34.809085705246574,961.6199999994074,7016.402052105758
40082,34.809085705246574,961.6399999994073,7016.449576509071
40083,34.809085705246574,961.6599999994073,7016.497100332286
40084,34.809085705246574,961.6799999994073,7016.54462357538
40085,34.809085705246574,961.6999999994073,7016.592146238331
40086,34.809085705246574,961.7199999994073,7016.639668321119
40087,34.761303663526625,961.7399999994072,7016.6871898237205
40088,34.761303663526625,961.7599999994072,7016.734710746115
40089,34.761303663526625,961.7799999994072,7016.78223108828
40090,34.761303663526625,961.7999999994072,7016.8297508501955
40091,34.761303663526625,961.8199999994072,7016.877270031839
40092,34.761303663526625,961.8399999994072,7016.924788633189
40093,34.761303663526625,961.8599999994071,7016.972306654223
40094,34.761303663526625,961.8799999994071,7017.01982409492
40095,34.761303663526625,961.8999999994071,7017.067340955259
40096,34.761303663526625,961.9199999994071,7017.114857235219
40097,34.761303663526625,961.9399999994071,7017.162372934777
40098,34.761303663526625,961.959999999407,7017.209888053911
40099,34.761303663526625,961.979999999407,7017.257402592601
40100,34.761303663526625,961.999999999407,7017.304916550824
40101,34.761303663526625,962.019999999407,7017.352429928559
40102,34.761303663526625,962.039999999407,7017.399942725785
40103,34.761303663526625,962.059999999407,7017.447454942479
40104,34.761303663526625,962.0799999994069,7017.494966578621
40105,34.761303663526625,962.0999999994069,7017.542477634225
40106,34.761303663526625,962.1199999994069,7017.5899881104915
40107,34.761303663526625,962.1399999994069,7017.637498008286
40108,34.761303663526625,962.1599999994069,7017.6850073275855
40109,34.761303663526625,962.1799999994068,7017.73251606837
40110,34.761303663526625,962.1999999994068,7017.7800242306175
40111,34.761303663526625,962.2199999994068,7017.827531814306
40112,34.761303663526625,962.2399999994068,7017.875038819415
40113,34.761303663526625,962.2599999994068,7017.922545245921
40114,34.761303663526625,962.2799999994068,7017.970051093805
40115,34.761303663526625,962.2999999994067,7018.017556363043
40116,34.761303663526625,962.3199999994067,7018.065061053614
40117,34.761303663526625,962.3399999994067,7018.112565165497
40118,34.761303663526625,962.3599999994067,7018.160068698669
40119,34.761303663526625,962.3799999994067,7018.207571653111
40120,34.761303663526625,962.3999999994066,7018.255074028799
40121,34.761303663526625,962.4199999994066,7018.302575825712
40122,34.761303663526625,962.4399999994066,7018.350077043829
40123,34.761303663526625,962.4599999994066,7018.397577683128
40124,34.761303663526625,962.4799999994066,7018.445077743587
40125,34.761303663526625,962.4999999994066,7018.4925772251845
40126,34.761303663526625,962.5199999994065,7018.540076127899
40127,34.761303663526625,962.5399999994065,7018.587574451709
40128,34.761303663526625,962.5599999994065,7018.635072196593
40129,34.761303663526625,962.5799999994065,7018.682569362529
40130,34.761303663526625,962.5999999994065,7018.730065949496
40131,34.761303663526625,962.6199999994064,7018.777561957472
40132,34.761303663526625,962.6399999994064,7018.825057386435
40133,34.761303663526625,962.6599999994064,7018.872552236365
40134,34.761303663526625,962.6799999994064,7018.920046507238
40135,34.761303663526625,962.6999999994064,7018.967540199034
40136,34.761303663526625,962.7199999994064,7019.015033311732
40137,34.761303663526625,962.7399999994063,7019.062525845308
40138,34.761303663526625,962.7599999994063,7019.110017799742
40139,34.761303663526625,962.7799999994063,7019.157509175013
40140,34.761303663526625,962.7999999994063,7019.204999971098
40141,34.761303663526625,962.8199999994063,7019.252490187976
40142,34.761303663526625,962.8399999994062,7019.299979825625
40143,34.761303663526625,962.8599999994062,7019.347468884023
40144,34.761303663526625,962.8799999994062,7019.39495736315
40145,34.761303663526625,962.8999999994062,7019.442445262983
40146,34.761303663526625,962.9199999994062,7019.489932583501
40147,34.761303663526625,962.9399999994062,7019.537419324683
40148,34.761303663526625,962.9599999994061,7019.584905486506
40149,34.761303663526625,962.9799999994061,7019.632391068949
40150,34.761303663526625,962.9999999994061,7019.67987607199
40151,34.761303663526625,963.0199999994061,7019.727360495609
40152,34.761303663526625,963.0399999994061,7019.774844339782
40153,34.761303663526625,963.059999999406,7019.822327604489
40154,34.761303663526625,963.079999999406,7019.869810289708
40155,34.761303663526625,963.099999999406,7019.9172923954175
40156,34.761303663526625,963.119999999406,7019.964773921662
40157,34.761303663526625,963.139999999406,7020.012254869824
40158,34.761303663526625,963.159999999406,7020.05973524074
40159,34.761303663526625,963.1799999994059,7020.107215034412
40160,34.761303663526625,963.1999999994059,7020.154694250817
40161,34.761303663526625,963.2199999994059,7020.202172889934
40162,34.761303663526625,963.2399999994059,7020.249650951744
40163,34.761303663526625,963.2599999994059,7020.297128436225
40164,34.761303663526625,963.2799999994058,7020.3446053433545
40165,34.761303663526625,963.2999999994058,7020.392081673112
40166,34.761303663526625,963.3199999994058,7020.439557425478
40167,34.761303663526625,963.3399999994058,7020.487032600429
40168,34.761303663526625,963.3599999994058,7020.534507197946
40169,34.761303663526625,963.3799999994058,7020.581981218007
40170,34.761303663526625,963.3999999994057,7020.62945466059
40171,34.761303663526625,963.4199999994057,7020.676927525676
40172,34.761303663526625,963.4399999994057,7020.724399813242
40173,34.761303663526625,963.4599999994057,7020.771871523268
40174,34.761303663526625,963.4799999994057,7020.819342655732
40175,34.761303663526625,963.4999999994056,7020.866813210613
40176,34.761303663526625,963.5199999994056,7020.914283187892
40177,34.761303663526625,963.5399999994056,7020.961752587545
40178,34.761303663526625,963.5599999994056,7021.009221409552
40179,34.761303663526625,963.5799999994056,7021.056689653892
40180,34.761303663526625,963.5999999994056,7021.104157320545
40181,34.761303663526625,963.6199999994055,7021.151624409488
40182,34.761303663526625,963.6399999994055,7021.199090920701
40183,34.761303663526625,963.6599999994055,7021.246556854162
40184,34.761303663526625,963.6799999994055,7021.2940222098505
40185,34.761303663526625,963.6999999994055,7021.341486987746
40186,34.761303663526625,963.7199999994054,7021.388951187827
40187,34.761303663526625,963.7399999994054,7021.436414810072
40188,34.761303663526625,963.7599999994054,7021.48387785446
40189,34.761303663526625,963.7799999994054,7021.53134032097
40190,34.761303663526625,963.7999999994054,7021.578802209581
40191,34.761303663526625,963.8199999994054,7021.626263520272
40192,34.761303663526625,963.8399999994053,7021.673724253022
40193,34.761303663526625,963.8599999994053,7021.721184407808
40194,34.761303663526625,963.8799999994053,7021.768643984612
40195,34.761303663526625,963.8999999994053,7021.816102983411
40196,34.761303663526625,963.9199999994053,7021.863561404184
40197,34.761303663526625,963.9399999994052,7021.911019246911
40198,34.761303663526625,963.9599999994052,7021.95847651157
40199,34.761303663526625,963.9799999994052,7022.005933198139
40200,34.761303663526625,963.9999999994052,7022.0533893065995
40201,34.761303663526625,964.0199999994052,7022.100844836928
40202,34.761303663526625,964.0399999994052,7022.148299789105
40203,34.761303663526625,964.0599999994051,7022.195754163108
40204,34.761303663526625,964.0799999994051,7022.243207958917
40205,34.761303663526625,964.0999999994051,7022.29066117651
40206,34.761303663526625,964.1199999994051,7022.338113815867
40207,34.761303663526625,964.1399999994051,7022.385565877059
40208,34.761303663526625,964.159999999405,7022.433017361578
40209,34.761303663526625,964.179999999405,7022.480468270078
40210,34.761303663526625,964.199999999405,7022.527918602537
40211,34.761303663526625,964.219999999405,7022.5753683589355
40212,34.761303663526625,964.239999999405,7022.622817539251
40213,34.761303663526625,964.259999999405,7022.670266143463
40214,34.761303663526625,964.2799999994049,7022.71771417155
40215,34.761303663526625,964.2999999994049,7022.765161623492
40216,34.761303663526625,964.3199999994049,7022.812608499266
40217,34.761303663526625,964.3399999994049,7022.8600547988535
40218,34.761303663526625,964.3599999994049,7022.907500522232
40219,34.761303663526625,964.3799999994048,7022.954945669381
40220,34.761303663526625,964.3999999994048,7023.00239024028
40221,34.761303663526625,964.4199999994048,7023.0498342349065
40222,34.761303663526625,964.4399999994048,7023.097277653241
40223,34.761303663526625,964.4599999994048,7023.144720495261
40224,34.761303663526625,964.4799999994048,7023.192162760946
40225,34.761303663526625,964.4999999994047,7023.239604450276
40226,34.761303663526625,964.5199999994047,7023.287045563228
40227,34.761303663526625,964.5399999994047,7023.334486099783
40228,34.761303663526625,964.5599999994047,7023.381926059919
40229,34.761303663526625,964.5799999994047,7023.429365443616
40230,34.761303663526625,964.5999999994046,7023.476804250851
40231,34.761303663526625,964.6199999994046,7023.524242481605
40232,34.761303663526625,964.6399999994046,7023.571680135856
40233,34.761303663526625,964.6599999994046,7023.619117213582
40234,34.761303663526625,964.6799999994046,7023.666553714765
40235,34.761303663526625,964.6999999994046,7023.713989639381
40236,34.761303663526625,964.7199999994045,7023.7614249874105
40237,34.761303663526625,964.7399999994045,7023.808859758831
40238,34.761303663526625,964.7599999994045,7023.856293953623
40239,34.761303663526625,964.7799999994045,7023.903727571766
40240,34.761303663526625,964.7999999994045,7023.951160613236
40241,34.761303663526625,964.8199999994044,7023.998593078016
40242,34.761303663526625,964.8399999994044,7024.046024966082
40243,34.761303663526625,964.8599999994044,7024.093456277414
40244,34.761303663526625,964.8799999994044,7024.14088701199
40245,34.761303663526625,964.8999999994044,7024.188317169791
40246,34.761303663526625,964.9199999994044,7024.2357467507945
40247,34.761303663526625,964.9399999994043,7024.28317575498
40248,34.761303663526625,964.9599999994043,7024.330604182326
40249,34.761303663526625,964.9799999994043,7024.378032032812
40250,34.761303663526625,964.9999999994043,7024.425459306417
40251,34.761303663526625,965.0199999994043,7024.47288600312
40252,34.761303663526625,965.0399999994042,7024.5203121229
40253,34.761303663526625,965.0599999994042,7024.567737665735
40254,34.761303663526625,965.0799999994042,7024.615162631605
40255,34.761303663526625,965.0999999994042,7024.662587020489
40256,34.761303663526625,965.1199999994042,7024.710010832366
40257,34.761303663526625,965.1399999994042,7024.7574340672145
40258,34.761303663526625,965.1599999994041,7024.804856725134
40259,34.761303663526625,965.1799999994041,7024.852278807733
40260,34.761303663526625,965.1999999994041,7024.899700315531
40261,34.761303663526625,965.2199999994041,7024.947121248508
40262,34.761303663526625,965.2399999994041,7024.994541606642
40263,34.761303663526625,965.259999999404,7025.041961389913
40264,34.761303663526625,965.279999999404,7025.0893805983
40265,34.761303663526625,965.299999999404,7025.13679923178
40266,34.761303663526625,965.319999999404,7025.184217290334
40267,34.761303663526625,965.339999999404,7025.231634773941
40268,34.761303663526625,965.359999999404,7025.279051682578
40269,34.761303663526625,965.3799999994039,7025.326468016226
40270,34.761303663526625,965.3999999994039,7025.373883774862
40271,34.761303663526625,965.4199999994039,7025.421298958468
40272,34.761303663526625,965.4399999994039,7025.468713567019
40273,34.761303663526625,965.4599999994039,7025.5161276004965
40274,34.761303663526625,965.4799999994038,7025.563541058878
40275,34.761303663526625,965.4999999994038,7025.610953942144
40276,34.761303663526625,965.5199999994038,7025.658366250273
40277,34.761303663526625,965.5399999994038,7025.705777983242
40278,34.761303663526625,965.5599999994038,7025.753189141033
40279,34.761303663526625,965.5799999994038,7025.800599723622
40280,34.761303663526625,965.5999999994037,7025.84800973099
40281,34.761303663526625,965.6199999994037,7025.895419163116
40282,34.761303663526625,965.6399999994037,7025.942828019977
40283,34.761303663526625,965.6599999994037,7025.9902363015535
40284,34.761303663526625,965.6799999994037,7026.037644007824
40285,34.761303663526625,965.6999999994036,7026.085051138768
40286,34.761303663526625,965.7199999994036,7026.132457694363
40287,34.761303663526625,965.7399999994036,7026.17986367459
40288,34.761303663526625,965.7599999994036,7026.227269079425
40289,34.761303663526625,965.7799999994036,7026.27467390885
40290,34.761303663526625,965.7999999994036,7026.3220781628415
40291,34.761303663526625,965.8199999994035,7026.36948184138
40292,34.761303663526625,965.8399999994035,7026.416884944443
40293,34.761303663526625,965.8599999994035,7026.464287472011
40294,34.761303663526625,965.8799999994035,7026.511689424063
40295,34.761303663526625,965.8999999994035,7026.559090800576
40296,34.761303663526625,965.9199999994034,7026.606491601531
40297,34.761303663526625,965.9399999994034,7026.653891826906
40298,34.761303663526625,965.9599999994034,7026.70129147668
40299,34.761303663526625,965.9799999994034,7026.748690550832
40300,34.761303663526625,965.9999999994034,7026.7960890493405
40301,34.761303663526625,966.0199999994034,7026.843486972185
40302,34.761303663526625,966.0399999994033,7026.890884319344
40303,34.761303663526625,966.0599999994033,7026.938281090796
40304,34.761303663526625,966.0799999994033,7026.985677286521
40305,34.761303663526625,966.0999999994033,7027.033072906498
40306,34.761303663526625,966.1199999994033,7027.0804679507055
40307,34.761303663526625,966.1399999994032,7027.127862419122
40308,34.761303663526625,966.1599999994032,7027.175256311727
40309,34.761303663526625,966.1799999994032,7027.222649628654
40310,34.761303663526625,966.1999999994032,7027.270042371696
40311,34.761303663526625,966.2199999994032,7027.317434541259
40312,34.761303663526625,966.2399999994032,7027.364826137322
40313,34.761303663526625,966.2599999994031,7027.412217159864
40314,34.761303663526625,966.2799999994031,7027.459607608864
40315,34.71363083831104,966.2999999994031,7027.5069974843
40316,34.71363083831104,966.3199999994031,7027.5543867861525
40317,34.71363083831104,966.3399999994031,7027.6017755144
40318,34.71363083831104,966.359999999403,7027.6491636690225
40319,34.71363083831104,966.379999999403,7027.696551249998
40320,34.71363083831104,966.399999999403,7027.7439382573075
40321,34.71363083831104,966.419999999403,7027.791324690928
40322,34.71363083831104,966.439999999403,7027.83871055084
40323,34.71363083831104,966.459999999403,7027.8860958370215
40324,34.71363083831104,966.4799999994029,7027.933480549452
40325,34.71363083831104,966.4999999994029,7027.980864688111
40326,34.71363083831104,966.5199999994029,7028.028248252977
40327,34.71363083831104,966.5399999994029,7028.07563124403
40328,34.71363083831104,966.5599999994029,7028.1230136612485
40329,34.71363083831104,966.5799999994028,7028.170395504611
40330,34.71363083831104,966.5999999994028,7028.217776774099
40331,34.71363083831104,966.6199999994028,7028.265157469688
40332,34.71363083831104,966.6399999994028,7028.3125375913605
40333,34.71363083831104,966.6599999994028,7028.359917139094
40334,34.71363083831104,966.6799999994028,7028.407296112868
40335,34.71363083831104,966.6999999994027,7028.454674512661
40336,34.71363083831104,966.7199999994027,7028.502052338453
40337,34.71363083831104,966.7399999994027,7028.549429590223
40338,34.71363083831104,966.7599999994027,7028.5968062679485
40339,34.71363083831104,966.7799999994027,7028.64418237161
40340,34.71363083831104,966.7999999994026,7028.6915579011875
40341,34.71363083831104,966.8199999994026,7028.738932856659
40342,34.71363083831104,966.8399999994026,7028.786307238003
40343,34.71363083831104,966.8599999994026,7028.8336810452
40344,34.71363083831104,966.8799999994026,7028.8810542782285
40345,34.71363083831104,966.8999999994026,7028.928426937068
40346,34.71363083831104,966.9199999994025,7028.975799021698
40347,34.71363083831104,966.9399999994025,7029.023170532096
40348,34.71363083831104,966.9599999994025,7029.070541468242
40349,34.71363083831104,966.9799999994025,7029.117911830115
40350,34.71363083831104,966.9999999994025,7029.165281617695
40351,34.71363083831104,967.0199999994024,7029.212650830959
40352,34.71363083831104,967.0399999994024,7029.260019469889
40353,34.71363083831104,967.0599999994024,7029.307387534462
40354,34.71363083831104,967.0799999994024,7029.354755024658
40355,34.71363083831104,967.0999999994024,7029.402121940456
40356,34.71363083831104,967.1199999994024,7029.449488281834
40357,34.71363083831104,967.1399999994023,7029.4968540487735
40358,34.71363083831104,967.1599999994023,7029.544219241252
40359,34.71363083831104,967.1799999994023,7029.591583859248
40360,34.71363083831104,967.1999999994023,7029.638947902905
40361,34.71363083831104,967.2199999994023,7029.68631137392
40362,34.71363083831104,967.2399999994022,7029.7336742725265
40363,34.71363083831104,967.2599999994022,7029.7810365987025
40364,34.71363083831104,967.2799999994022,7029.828398352428
40365,34.71363083831104,967.2999999994022,7029.875759533681
40366,34.71363083831104,967.3199999994022,7029.923120142441
40367,34.71363083831104,967.3399999994022,7029.9704801786875
40368,34.71363083831104,967.3599999994021,7030.017839642402
40369,34.71363083831104,967.3799999994021,7030.065198533596
40370,34.71363083831104,967.3999999994021,7030.1125568522575
40371,34.71363083831104,967.4199999994021,7030.1599145983655
40372,34.71363083831104,967.4399999994021,7030.207271771898
40373,34.71363083831104,967.459999999402,7030.254628372835
40374,34.71363083831104,967.479999999402,7030.301984401155
40375,34.71363083831104,967.499999999402,7030.349339856836
40376,34.71363083831104,967.519999999402,7030.3966947398585
40377,34.71363083831104,967.539999999402,7030.4440490502
40378,34.71363083831104,967.559999999402,7030.49140278784
40379,34.71363083831104,967.5799999994019,7030.538755952757
40380,34.71363083831104,967.5999999994019,7030.5861085449305
40381,34.71363083831104,967.6199999994019,7030.633460564339
40382,34.71363083831104,967.6399999994019,7030.680812010961
40383,34.71363083831104,967.6599999994019,7030.728162884776
40384,34.71363083831104,967.6799999994018,7030.775513185763
40385,34.71363083831104,967.6999999994018,7030.822862913901
40386,34.71363083831104,967.7199999994018,7030.870212069169
40387,34.71363083831104,967.7399999994018,7030.917560651545
40388,34.71363083831104,967.7599999994018,7030.964908661008
40389,34.71363083831104,967.7799999994018,7031.012256097538
40390,34.71363083831104,967.7999999994017,7031.059602961112
40391,34.71363083831104,967.8199999994017,7031.106949251711
40392,34.71363083831104,967.8399999994017,7031.154294969312
40393,34.71363083831104,967.8599999994017,7031.201640113895
40394,34.71363083831104,967.8799999994017,7031.24898468544
40395,34.71363083831104,967.8999999994016,7031.296328683923
40396,34.71363083831104,967.9199999994016,7031.343672109326
40397,34.71363083831104,967.9399999994016,7031.391014961626
40398,34.71363083831104,967.9599999994016,7031.438357240802
40399,34.71363083831104,967.9799999994016,7031.4856989468335
40400,34.71363083831104,967.9999999994016,7031.533040079699
40401,34.71363083831104,968.0199999994015,7031.580380639378
40402,34.71363083831104,968.0399999994015,7031.627720625848
40403,34.71363083831104,968.0599999994015,7031.67506003909
40404,34.71363083831104,968.0799999994015,7031.72239887908
40405,34.71363083831104,968.0999999994015,7031.7697371458
40406,34.71363083831104,968.1199999994014,7031.817074839227
40407,34.71363083831104,968.1399999994014,7031.86441195934
40408,34.71363083831104,968.1599999994014,7031.911748506119
40409,34.71363083831104,968.1799999994014,7031.959084479542
40410,34.71363083831104,968.1999999994014,7032.006419879588
40411,34.71363083831104,968.2199999994014,7032.053754706477
40412,34.71363083831104,968.2399999994013,7032.101088962021
40413,34.71363083831104,968.2599999994013,7032.148422646376
40414,34.71363083831104,968.2799999994013,7032.1957557595215
40415,34.71363083831104,968.2999999994013,7032.243088301436
40416,34.71363083831104,968.3199999994013,7032.290420272098
40417,34.71363083831104,968.3399999994012,7032.337751671488
40418,34.71363083831104,968.3599999994012,7032.385082499583
40419,34.71363083831104,968.3799999994012,7032.432412756363
40420,34.71363083831104,968.3999999994012,7032.479742441807
40421,34.71363083831104,968.4199999994012,7032.527071555893
40422,34.71363083831104,968.4399999994012,7032.574400098601
40423,34.71363083831104,968.4599999994011,7032.621728069908
40424,34.71363083831104,968.4799999994011,7032.669055469795
40425,34.71363083831104,968.4999999994011,7032.71638229824
40426,34.71363083831104,968.5199999994011,7032.763708555222
40427,34.71363083831104,968.5399999994011,7032.811034240721
40428,34.71363083831104,968.559999999401,7032.858359354714
40429,34.71363083831104,968.579999999401,7032.905683897181
40430,34.71363083831104,968.599999999401,7032.953007868101
40431,34.71363083831104,968.619999999401,7033.000331267453
40432,34.71363083831104,968.639999999401,7033.047654095214
40433,34.71363083831104,968.659999999401,7033.094976351365
40434,34.71363083831104,968.6799999994009,7033.142298035885
40435,34.71363083831104,968.6999999994009,7033.189619148752
40436,34.71363083831104,968.7199999994009,7033.236939689946
40437,34.71363083831104,968.7399999994009,7033.284259659444
40438,34.71363083831104,968.7599999994009,7033.331579057226
40439,34.71363083831104,968.7799999994008,7033.378897883271
40440,34.71363083831104,968.7999999994008,7033.426216137558
40441,34.71363083831104,968.8199999994008,7033.473533820066
40442,34.71363083831104,968.8399999994008,7033.520850930773
40443,34.71363083831104,968.8599999994008,7033.568167469659
40444,34.71363083831104,968.8799999994008,7033.615483436703
40445,34.71363083831104,968.8999999994007,7033.662798831882
40446,34.71363083831104,968.9199999994007,7033.710113655177
40447,34.71363083831104,968.9399999994007,7033.757427906567
40448,34.71363083831104,968.9599999994007,7033.804741586029
40449,34.71363083831104,968.9799999994007,7033.852054693543
40450,34.71363083831104,968.9999999994006,7033.899367229089
40451,34.71363083831104,969.0199999994006,7033.946679192644
40452,34.71363083831104,969.0399999994006,7033.993990584188
40453,34.71363083831104,969.0599999994006,7034.0413014037
40454,34.71363083831104,969.0799999994006,7034.088611651158
40455,34.71363083831104,969.0999999994006,7034.135921326542
40456,34.71363083831104,969.1199999994005,7034.1832304298305
40457,34.71363083831104,969.1399999994005,7034.230538961002
40458,34.71363083831104,969.1599999994005,7034.277846920036
40459,34.71363083831104,969.1799999994005,7034.325154306911
40460,34.71363083831104,969.1999999994005,7034.372461121606
40461,34.71363083831104,969.2199999994004,7034.4197673641
40462,34.71363083831104,969.2399999994004,7034.467073034745
40463,34.71363083831104,969.2599999994004,7034.51437813525
40464,34.71363083831104,969.2799999994004,7034.561682665743
40465,34.71363083831104,969.2999999994004,7034.608986626204
40466,34.71363083831104,969.3199999994004,7034.656290016611
40467,34.71363083831104,969.3399999994003,7034.703592836943
40468,34.71363083831104,969.3599999994003,7034.75089508718
40469,34.71363083831104,969.3799999994003,7034.7981967672995
40470,34.71363083831104,969.3999999994003,7034.845497877282
40471,34.71363083831104,969.4199999994003,7034.892798417105
40472,34.71363083831104,969.4399999994002,7034.940098386748
40473,34.71363083831104,969.4599999994002,7034.987397786191
40474,34.71363083831104,969.4799999994002,7035.034696615411
40475,34.71363083831104,969.4999999994002,7035.081994874388
40476,34.71363083831104,969.5199999994002,7035.129292563101
40477,34.71363083831104,969.5399999994002,7035.17658968153
40478,34.71363083831104,969.5599999994001,7035.223886229651
40479,34.71363083831104,969.5799999994001,7035.271182207445
40480,34.71363083831104,969.5999999994001,7035.318477614891
40481,34.71363083831104,969.6199999994001,7035.365772451968
40482,34.71363083831104,969.6399999994001,7035.413066718655
40483,34.71363083831104,969.6599999994,7035.46036041493
40484,34.71363083831104,969.6799999994,7035.5076535407725
40485,34.71363083831104,969.6999999994,7035.554946096161
40486,34.71363083831104,969.7199999994,7035.6022380810755
40487,34.71363083831104,969.7399999994,7035.649529495494
40488,34.71363083831104,969.7599999994,7035.696820339396
40489,34.71363083831104,969.7799999993999,7035.744110612761
40490,34.71363083831104,969.7999999993999,7035.7914003155665
40491,34.71363083831104,969.8199999993999,7035.838689447793
40492,34.71363083831104,969.8399999993999,7035.885978009417
40493,34.71363083831104,969.8599999993999,7035.93326600042
40494,34.71363083831104,969.8799999993998,7035.98055342078
40495,34.71363083831104,969.8999999993998,7036.027840270475
40496,34.71363083831104,969.9199999993998,7036.075126549486
40497,34.71363083831104,969.9399999993998,7036.122412257791
40498,34.71363083831104,969.9599999993998,7036.1696973953685
40499,34.71363083831104,969.9799999993998,7036.216981962198
40500,34.71363083831104,969.9999999993997,7036.264265958258
40501,34.71363083831104,970.0199999993997,7036.311549383528
40502,34.71363083831104,970.0399999993997,7036.358832237986
40503,34.71363083831104,970.0599999993997,7036.406114521612
40504,34.71363083831104,970.0799999993997,7036.453396234385
40505,34.71363083831104,970.0999999993996,7036.5006773762825
40506,34.71363083831104,970.1199999993996,7036.547957947285
40507,34.71363083831104,970.1399999993996,7036.595237947371
40508,34.71363083831104,970.1599999993996,7036.642517376519
40509,34.71363083831104,970.1799999993996,7036.689796234709
40510,34.71363083831104,970.1999999993996,7036.73707452192
40511,34.71363083831104,970.2199999993995,7036.784352238129
40512,34.71363083831104,970.2399999993995,7036.831629383317
40513,34.71363083831104,970.2599999993995,7036.878905957995
40514,34.71363083831104,970.2799999993995,7036.92618196385
40515,34.71363083831104,970.2999999993995,7036.97345740099
40516,34.71363083831104,970.3199999993994,7037.020732269396
40517,34.71363083831104,970.3399999993994,7037.068006569047
40518,34.71363083831104,970.3599999993994,7037.11528029992
40519,34.71363083831104,970.3799999993994,7037.162553461997
40520,34.71363083831104,970.3999999993994,7037.209826055256
40521,34.71363083831104,970.4199999993994,7037.2570980796745
40522,34.71363083831104,970.4399999993993,7037.3043695352335
40523,34.71363083831104,970.4599999993993,7037.351640421912
40524,34.71363083831104,970.4799999993993,7037.398910739687
40525,34.71363083831104,970.4999999993993,7037.44618048854
40526,34.71363083831104,970.5199999993993,7037.493449668449
40527,34.71363083831104,970.5399999993992,7037.540718279393
40528,34.71363083831104,970.5599999993992,7037.587986321352
40529,34.71363083831104,970.5799999993992,7037.635253794304
40530,34.71363083831104,970.5999999993992,7037.6825206982285
40531,34.71363083831104,970.6199999993992,7037.729787033105
40532,34.71363083831104,970.6399999993992,7037.777052798911
40533,34.71363083831104,970.6599999993991,7037.824317995628
40534,34.71363083831104,970.6799999993991,7037.871582623233
40535,34.71363083831104,970.6999999993991,7037.918846681706
40536,34.71363083831104,970.7199999993991,7037.966110171026
40537,34.71363083831104,970.7399999993991,7038.013373091172
40538,34.71363083831104,970.759999999399,7038.060635442123
40539,34.71363083831104,970.779999999399,7038.107897223858
40540,34.71363083831104,970.799999999399,7038.155158436357
40541,34.71363083831104,970.819999999399,7038.202419079598
40542,34.71363083831104,970.839999999399,7038.2496791535605
40543,34.66606688042493,970.859999999399,7038.296938658224
40544,34.66606688042493,970.8799999993989,7038.344197593567
40545,34.66606688042493,970.8999999993989,7038.391455959568
40546,34.66606688042493,970.9199999993989,7038.438713756207
40547,34.66606688042493,970.9399999993989,7038.485970983463
40548,34.66606688042493,970.9599999993989,7038.533227641315
40549,34.66606688042493,970.9799999993988,7038.580483729742
40550,34.66606688042493,970.9999999993988,7038.627739248723
40551,34.66606688042493,971.0199999993988,7038.674994198237
40552,34.66606688042493,971.0399999993988,7038.722248578264
40553,34.66606688042493,971.0599999993988,7038.769502388782
40554,34.66606688042493,971.0799999993988,7038.81675562977
40555,34.66606688042493,971.0999999993987,7038.864008301208
40556,34.66606688042493,971.1199999993987,7038.911260403074
40557,34.66606688042493,971.1399999993987,7038.958511935349
40558,34.66606688042493,971.1599999993987,7039.005762898009
40559,34.66606688042493,971.1799999993987,7039.053013291036
40560,34.66606688042493,971.1999999993986,7039.100263114408
40561,34.66606688042493,971.2199999993986,7039.147512368104
40562,34.66606688042493,971.2399999993986,7039.194761052103
40563,34.66606688042493,971.2599999993986,7039.242009166384
40564,34.66606688042493,971.2799999993986,7039.289256711529
40565,34.66606688042493,971.2999999993986,7039.336503688942
40566,34.66606688042493,971.3199999993985,7039.383750098694
40567,34.66606688042493,971.3399999993985,7039.430995940766
40568,34.66606688042493,971.3599999993985,7039.478241215135
40569,34.66606688042493,971.3799999993985,7039.525485921782
40570,34.66606688042493,971.3999999993985,7039.572730060686
40571,34.66606688042493,971.4199999993984,7039.619973631826
40572,34.66606688042493,971.4399999993984,7039.667216635181
40573,34.66606688042493,971.4599999993984,7039.714459070731
40574,34.66606688042493,971.4799999993984,7039.761700938455
40575,34.66606688042493,971.4999999993984,7039.808942238332
40576,34.66606688042493,971.5199999993984,7039.856182970341
40577,34.66606688042493,971.5399999993983,7039.903423134462
40578,34.66606688042493,971.5599999993983,7039.950662730675
40579,34.66606688042493,971.5799999993983,7039.997901758957
40580,34.66606688042493,971.5999999993983,7040.045140219308
40581,34.66606688042493,971.6199999993983,7040.092378111731
40582,34.66606688042493,971.6399999993982,7040.139615436204
40583,34.66606688042493,971.6599999993982,7040.186852192706
40584,34.66606688042493,971.6799999993982,7040.234088381218
40585,34.66606688042493,971.6999999993982,7040.281324001717
40586,34.66606688042493,971.7199999993982,7040.328559054183
40587,34.66606688042493,971.7399999993982,7040.375793538595
40588,34.66606688042493,971.7599999993981,7040.423027454933
40589,34.66606688042493,971.7799999993981,7040.470260803175
40590,34.66606688042493,971.7999999993981,7040.5174935833
40591,34.66606688042493,971.8199999993981,7040.564725795289
40592,34.66606688042493,971.8399999993981,7040.611957439119
40593,34.66606688042493,971.859999999398,7040.65918851477
40594,34.66606688042493,971.879999999398,7040.706419022221
40595,34.66606688042493,971.899999999398,7040.753648961451
40596,34.66606688042493,971.919999999398,7040.80087833244
40597,34.66606688042493,971.939999999398,7040.848107135167
40598,34.66606688042493,971.959999999398,7040.895335369611
40599,34.66606688042493,971.9799999993979,7040.94256303575
40600,34.66606688042493,971.9999999993979,7040.989790133564
40601,34.66606688042493,972.0199999993979,7041.037016663033
40602,34.66606688042493,972.0399999993979,7041.084242624134
40603,34.66606688042493,972.0599999993979,7041.131468016848
40604,34.66606688042493,972.0799999993978,7041.178692841154
40605,34.66606688042493,972.0999999993978,7041.22591709703
40606,34.66606688042493,972.1199999993978,7041.273140784457
40607,34.66606688042493,972.1399999993978,7041.320363903412
40608,34.66606688042493,972.1599999993978,7041.367586453875
40609,34.66606688042493,972.1799999993978,7041.414808435826
40610,34.66606688042493,972.1999999993977,7041.462029849243
40611,34.66606688042493,972.2199999993977,7041.5092506941055
40612,34.66606688042493,972.2399999993977,7041.556470970393
40613,34.66606688042493,972.2599999993977,7041.603690678085
40614,34.66606688042493,972.2799999993977,7041.650909817159
40615,34.66606688042493,972.2999999993976,7041.698128388358
40616,34.66606688042493,972.3199999993976,7041.74534639305
40617,34.66606688042493,972.3399999993976,7041.7925638312845
40618,34.66606688042493,972.3599999993976,7041.8397807030415
40619,34.66606688042493,972.3799999993976,7041.8869970083
40620,34.66606688042493,972.3999999993976,7041.934212747038
40621,34.66606688042493,972.4199999993975,7041.981427919236
40622,34.66606688042493,972.4399999993975,7042.028642524873
40623,34.66606688042493,972.4599999993975,7042.075856563928
40624,34.66606688042493,972.4799999993975,7042.123070036379
40625,34.66606688042493,972.4999999993975,7042.170282942207
40626,34.66606688042493,972.5199999993974,7042.217495281391
40627,34.66606688042493,972.5399999993974,7042.26470705391
40628,34.66606688042493,972.5599999993974,7042.311918259742
40629,34.66606688042493,972.5799999993974,7042.359128898867
40630,34.66606688042493,972.5999999993974,7042.406338971265
40631,34.66606688042493,972.6199999993974,7042.453548476913
40632,34.66606688042493,972.6399999993973,7042.500757415792
40633,34.66606688042493,972.6599999993973,7042.5479657878805
40634,34.66606688042493,972.6799999993973,7042.595173593158
40635,34.66606688042493,972.6999999993973,7042.642380831603
40636,34.66606688042493,972.7199999993973,7042.689587503196
40637,34.66606688042493,972.7399999993972,7042.736793607915
40638,34.66606688042493,972.7599999993972,7042.78399914574
40639,34.66606688042493,972.7799999993972,7042.83120411665
40640,34.66606688042493,972.7999999993972,7042.878408520623
40641,34.66606688042493,972.8199999993972,7042.92561235764
40642,34.66606688042493,972.8399999993972,7042.972815627679
40643,34.66606688042493,972.8599999993971,7043.020018330719
40644,34.66606688042493,972.8799999993971,7043.06722046674
40645,34.66606688042493,972.8999999993971,7043.114422035721
40646,34.66606688042493,972.9199999993971,7043.16162303764
40647,34.66606688042493,972.9399999993971,7043.208823472478
40648,34.66606688042493,972.959999999397,7043.256023340214
40649,34.66606688042493,972.979999999397,7043.303222640826
40650,34.66606688042493,972.999999999397,7043.350421374294
40651,34.66606688042493,973.019999999397,7043.397619540596
40652,34.66606688042493,973.039999999397,7043.4448171397125
40653,34.66606688042493,973.059999999397,7043.492014171622
40654,34.66606688042493,973.0799999993969,7043.539210636304
40655,34.66606688042493,973.0999999993969,7043.586406533738
40656,34.66606688042493,973.1199999993969,7043.633601863903
40657,34.66606688042493,973.1399999993969,7043.680796626778
40658,34.66606688042493,973.1599999993969,7043.727990822342
40659,34.66606688042493,973.1799999993968,7043.775184450574
40660,34.66606688042493,973.1999999993968,7043.822377511454
40661,34.66606688042493,973.2199999993968,7043.86957000496
40662,34.66606688042493,973.2399999993968,7043.916761931073
40663,34.66606688042493,973.2599999993968,7043.963953289771
40664,34.66606688042493,973.2799999993968,7044.011144081032
40665,34.66606688042493,973.2999999993967,7044.058334304837
40666,34.66606688042493,973.3199999993967,7044.105523962058
40667,34.66606688042493,973.3399999993967,7044.15271305396
40668,34.66606688042493,973.3599999993967,7044.199901580565
40669,34.66606688042493,973.3799999993967,7044.247089541854
40670,34.66606688042493,973.3999999993966,7044.294276937804
40671,34.66606688042493,973.4199999993966,7044.341463768396
40672,34.66606688042493,973.4399999993966,7044.388650033609
40673,34.66606688042493,973.4599999993966,7044.435835733421
40674,34.66606688042493,973.4799999993966,7044.483020867812
40675,34.66606688042493,973.4999999993966,7044.530205436762
40676,34.66606688042493,973.5199999993965,7044.577389440249
40677,34.66606688042493,973.5399999993965,7044.624572878252
40678,34.66606688042493,973.5599999993965,7044.671755750752
40679,34.66606688042493,973.5799999993965,7044.7189380577265
40680,34.66606688042493,973.5999999993965,7044.766119799156
40681,34.66606688042493,973.6199999993964,7044.813300975018
40682,34.66606688042493,973.6399999993964,7044.860481585293
40683,34.66606688042493,973.6599999993964,7044.90766162996
40684,34.66606688042493,973.6799999993964,7044.954841108998
40685,34.66606688042493,973.6999999993964,7045.002020022386
40686,34.66606688042493,973.7199999993964,7045.049198370104
40687,34.66606688042493,973.7399999993963,7045.096376152131
40688,34.66606688042493,973.7599999993963,7045.143553368445
40689,34.66606688042493,973.7799999993963,7045.190730019027
40690,34.66606688042493,973.7999999993963,7045.237906103855
40691,34.66606688042493,973.8199999993963,7045.285081622908
40692,34.66606688042493,973.8399999993962,7045.332256576166
40693,34.66606688042493,973.8599999993962,7045.379430963609
40694,34.66606688042493,973.8799999993962,7045.426604785214
40695,34.66606688042493,973.8999999993962,7045.473778040962
40696,34.66606688042493,973.9199999993962,7045.520950730832
40697,34.66606688042493,973.9399999993962,7045.568122854802
40698,34.66606688042493,973.9599999993961,7045.615294412853
40699,34.66606688042493,973.9799999993961,7045.662465404962
40700,34.66606688042493,973.9999999993961,7045.70963583111
40701,34.66606688042493,974.0199999993961,7045.756805691276
40702,34.66606688042493,974.0399999993961,7045.803974985439
40703,34.66606688042493,974.059999999396,7045.851143713578
40704,34.66606688042493,974.079999999396,7045.898311875672
40705,34.66606688042493,974.099999999396,7045.945479471701
40706,34.66606688042493,974.119999999396,7045.992646501644
40707,34.66606688042493,974.139999999396,7046.0398129654795
40708,34.66606688042493,974.159999999396,7046.086978863187
40709,34.66606688042493,974.1799999993959,7046.134144194746
40710,34.66606688042493,974.1999999993959,7046.181308960136
40711,34.66606688042493,974.2199999993959,7046.228473159336
40712,34.66606688042493,974.2399999993959,7046.275636792325
40713,34.66606688042493,974.2599999993959,7046.322799859082
40714,34.66606688042493,974.2799999993958,7046.369962359587
40715,34.66606688042493,974.2999999993958,7046.417124293818
40716,34.66606688042493,974.3199999993958,7046.464285661756
40717,34.66606688042493,974.3399999993958,7046.511446464405
40718,34.66606688042493,974.3599999993958,7046.558606702928
40719,34.66606688042493,974.3799999993957,7046.605766377324
40720,34.66606688042493,974.3999999993957,7046.6529254875695
40721,34.66606688042493,974.4199999993957,7046.700084033645
40722,34.66606688042493,974.4399999993957,7046.747242015528
40723,34.66606688042493,974.4599999993957,7046.794399433199
40724,34.66606688042493,974.4799999993957,7046.841556286637
40725,34.66606688042493,974.4999999993956,7046.88871257582
40726,34.66606688042493,974.5199999993956,7046.9358683007285
40727,34.66606688042493,974.5399999993956,7046.983023461341
40728,34.66606688042493,974.5599999993956,7047.0301780576365
40729,34.66606688042493,974.5799999993956,7047.077332089594
40730,34.66606688042493,974.5999999993955,7047.124485557193
40731,34.66606688042493,974.6199999993955,7047.1716384604115
40732,34.66606688042493,974.6399999993955,7047.218790799229
40733,34.66606688042493,974.6599999993955,7047.265942573626
40734,34.66606688042493,974.6799999993955,7047.3130937835795
40735,34.66606688042493,974.6999999993955,7047.36024442907
40736,34.66606688042493,974.7199999993954,7047.407394510075
40737,34.66606688042493,974.7399999993954,7047.454544026576
40738,34.66606688042493,974.7599999993954,7047.50169297855
40739,34.66606688042493,974.7799999993954,7047.548841365976
40740,34.66606688042493,974.7999999993954,7047.595989188834
40741,34.66606688042493,974.8199999993953,7047.643136447104
40742,34.66606688042493,974.8399999993953,7047.690283140762
40743,34.66606688042493,974.8599999993953,7047.7374292697905
40744,34.66606688042493,974.8799999993953,7047.784574834167
40745,34.66606688042493,974.8999999993953,7047.83171983387
40746,34.66606688042493,974.9199999993953,7047.87886426888
40747,34.66606688042493,974.9399999993952,7047.926008139175
40748,34.66606688042493,974.9599999993952,7047.973151444734
40749,34.66606688042493,974.9799999993952,7048.020294185537
40750,34.66606688042493,974.9999999993952,7048.067436361562
40751,34.66606688042493,975.0199999993952,7048.1145779727885
40752,34.66606688042493,975.0399999993951,7048.1617190191955
40753,34.66606688042493,975.0599999993951,7048.208859500763
40754,34.66606688042493,975.0799999993951,7048.255999417468
40755,34.66606688042493,975.0999999993951,7048.303138769292
40756,34.66606688042493,975.1199999993951,7048.350277556212
40757,34.66606688042493,975.1399999993951,7048.397415778209
40758,34.66606688042493,975.159999999395,7048.44455343526
40759,34.66606688042493,975.179999999395,7048.491690527345
40760,34.66606688042493,975.199999999395,7048.538827054444
40761,34.66606688042493,975.219999999395,7048.585963016534
40762,34.66606688042493,975.239999999395,7048.633098413597
40763,34.66606688042493,975.259999999395,7048.680233245609
40764,34.66606688042493,975.2799999993949,7048.727367512551
40765,34.66606688042493,975.2999999993949,7048.774501214401
40766,34.66606688042493,975.3199999993949,7048.821634351139
40767,34.66606688042493,975.3399999993949,7048.868766922753
40768,34.66606688042493,975.3599999993949,7048.915898930413
40769,34.66606688042493,975.3799999993948,7048.963030375209
40770,34.66606688042493,975.3999999993948,7049.01016125712
40771,34.66606688042493,975.4199999993948,7049.057291576125
40772,34.61861144212746,975.4399999993948,7049.104421332204
40773,34.61861144212746,975.4599999993948,7049.151550525336
40774,34.61861144212746,975.4799999993947,7049.198679155499
40775,34.61861144212746,975.4999999993947,7049.245807222674
40776,34.61861144212746,975.5199999993947,7049.292934726839
40777,34.61861144212746,975.5399999993947,7049.340061667975
40778,34.61861144212746,975.5599999993947,7049.387188046059
40779,34.61861144212746,975.5799999993947,7049.434313861072
40780,34.61861144212746,975.5999999993946,7049.481439112993
40781,34.61861144212746,975.6199999993946,7049.528563801801
40782,34.61861144212746,975.6399999993946,7049.575687927476
40783,34.61861144212746,975.6599999993946,7049.622811489996
40784,34.61861144212746,975.6799999993946,7049.66993448934
40785,34.61861144212746,975.6999999993945,7049.7170569254895
40786,34.61861144212746,975.7199999993945,7049.764178798422
40787,34.61861144212746,975.7399999993945,7049.811300108117
40788,34.61861144212746,975.7599999993945,7049.858420854554
40789,34.61861144212746,975.7799999993945,7049.905541037713
40790,34.61861144212746,975.7999999993945,7049.952660657572
40791,34.61861144212746,975.8199999993944,7049.99977971411
40792,34.61861144212746,975.8399999993944,7050.046898207338
40793,34.61861144212746,975.8599999993944,7050.094016137264
40794,34.61861144212746,975.8799999993944,7050.141133503867
40795,34.61861144212746,975.8999999993944,7050.188250307128
40796,34.61861144212746,975.9199999993943,7050.235366547026
40797,34.61861144212746,975.9399999993943,7050.282482223541
40798,34.61861144212746,975.9599999993943,7050.32959733665
40799,34.61861144212746,975.9799999993943,7050.376711886335
40800,34.61861144212746,975.9999999993943,7050.4238258725745
40801,34.61861144212746,976.0199999993943,7050.470939295348
40802,34.61861144212746,976.0399999993942,7050.518052154635
40803,34.61861144212746,976.0599999993942,7050.565164450416
40804,34.61861144212746,976.0799999993942,7050.612276182669
40805,34.61861144212746,976.0999999993942,7050.659387351375
40806,34.61861144212746,976.1199999993942,7050.706497956512
40807,34.61861144212746,976.1399999993941,7050.75360799806
40808,34.61861144212746,976.1599999993941,7050.800717475999
40809,34.61861144212746,976.1799999993941,7050.847826390307
40810,34.61861144212746,976.1999999993941,7050.894934740965
40811,34.61861144212746,976.2199999993941,7050.942042527952
40812,34.61861144212746,976.2399999993941,7050.989149751248
40813,34.61861144212746,976.259999999394,7051.036256410832
40814,34.61861144212746,976.279999999394,7051.0833625066825
40815,34.61861144212746,976.299999999394,7051.13046803878
40816,34.61861144212746,976.319999999394,7051.177573007105
40817,34.61861144212746,976.339999999394,7051.224677411636
40818,34.61861144212746,976.359999999394,7051.271781252384
40819,34.61861144212746,976.3799999993939,7051.318884530491
40820,34.61861144212746,976.3999999993939,7051.365987246807
40821,34.61861144212746,976.4199999993939,7051.4130894013115
40822,34.61861144212746,976.4399999993939,7051.460190993984
40823,34.61861144212746,976.4599999993939,7051.507292024803
40824,34.61861144212746,976.4799999993938,7051.554392493749
40825,34.61861144212746,976.4999999993938,7051.601492400802
40826,34.61861144212746,976.5199999993938,7051.648591745942
40827,34.61861144212746,976.5399999993938,7051.695690529148
40828,34.61861144212746,976.5599999993938,7051.7427887504
40829,34.61861144212746,976.5799999993937,7051.789886409677
40830,34.61861144212746,976.5999999993937,7051.836983506959
40831,34.61861144212746,976.6199999993937,7051.884080042226
40832,34.61861144212746,976.6399999993937,7051.931176015458
40833,34.61861144212746,976.6599999993937,7051.978271426634
40834,34.61861144212746,976.6799999993937,7052.025366275733
40835,34.61861144212746,976.6999999993936,7052.072460562736
40836,34.61861144212746,976.7199999993936,7052.119554287621
40837,34.61861144212746,976.7399999993936,7052.16664745037
40838,34.61861144212746,976.7599999993936,7052.213740050961
40839,34.61861144212746,976.7799999993936,7052.260832089374
40840,34.61861144212746,976.7999999993935,7052.307923565589
40841,34.61861144212746,976.8199999993935,7052.355014479585
40842,34.61861144212746,976.8399999993935,7052.4021048313425
40843,34.61861144212746,976.8599999993935,7052.449194620841
40844,34.61861144212746,976.8799999993935,7052.49628384806
40845,34.61861144212746,976.8999999993935,7052.543372512979
40846,34.61861144212746,976.9199999993934,7052.590460615577
40847,34.61861144212746,976.9399999993934,7052.637548155835
40848,34.61861144212746,976.9599999993934,7052.684635133732
40849,34.61861144212746,976.9799999993934,7052.731721549248
40850,34.61861144212746,976.9999999993934,7052.778807402362
40851,34.61861144212746,977.0199999993933,7052.825892693054
40852,34.61861144212746,977.0399999993933,7052.872977421303
40853,34.61861144212746,977.0599999993933,7052.9200615870905
40854,34.61861144212746,977.0799999993933,7052.967145190394
40855,34.61861144212746,977.0999999993933,7053.014228231195
40856,34.61861144212746,977.1199999993933,7053.061310709472
40857,34.61861144212746,977.1399999993932,7053.108392625206
40858,34.61861144212746,977.1599999993932,7053.155473978375
40859,34.61861144212746,977.1799999993932,7053.202554768959
40860,34.61861144212746,977.1999999993932,7053.249634996939
40861,34.61861144212746,977.2199999993932,7053.296714662293
40862,34.61861144212746,977.2399999993931,7053.3437937650015
40863,34.61861144212746,977.2599999993931,7053.390872305044
40864,34.61861144212746,977.2799999993931,7053.4379502823995
40865,34.61861144212746,977.2999999993931,7053.485027697049
40866,34.61861144212746,977.3199999993931,7053.532104548972
40867,34.61861144212746,977.3399999993931,7053.579180838147
40868,34.61861144212746,977.359999999393,7053.626256564555
40869,34.61861144212746,977.379999999393,7053.673331728235
40870,34.61861144212746,977.399999999393,7053.720406330507
40871,34.61861144212746,977.419999999393,7053.767480372146
40872,34.61861144212746,977.439999999393,7053.814553853131
40873,34.61861144212746,977.459999999393,7053.8616267734415
40874,34.61861144212746,977.4799999993929,7053.908699133059
40875,34.61861144212746,977.4999999993929,7053.9557709319615
40876,34.61861144212746,977.5199999993929,7054.00284217013
40877,34.61861144212746,977.5399999993929,7054.049912847543
40878,34.61861144212746,977.5599999993929,7054.096982964182
40879,34.61861144212746,977.5799999993928,7054.144052520025
40880,34.61861144212746,977.5999999993928,7054.191121515053
40881,34.61861144212746,977.6199999993928,7054.238189949245
40882,34.61861144212746,977.6399999993928,7054.285257822581
40883,34.61861144212746,977.6599999993928,7054.332325135041
40884,34.61861144212746,977.6799999993927,7054.379391886605
40885,34.61861144212746,977.6999999993927,7054.4264580772515
40886,34.61861144212746,977.7199999993927,7054.473523706962
40887,34.61861144212746,977.7399999993927,7054.520588775715
40888,34.61861144212746,977.7599999993927,7054.5676532834905
40889,34.61861144212746,977.7799999993927,7054.614717230268
40890,34.61861144212746,977.7999999993926,7054.6617806160275
40891,34.61861144212746,977.8199999993926,7054.70884344075
40892,34.61861144212746,977.8399999993926,7054.755905704413
40893,34.61861144212746,977.8599999993926,7054.802967406998
40894,34.61861144212746,977.8799999993926,7054.850028548483
40895,34.61861144212746,977.8999999993925,7054.89708912885
40896,34.61861144212746,977.9199999993925,7054.9441491480775
40897,34.61861144212746,977.9399999993925,7054.991208606146
40898,34.61861144212746,977.9599999993925,7055.038267503034
40899,34.61861144212746,977.9799999993925,7055.085325838722
40900,34.61861144212746,977.9999999993925,7055.1323836131905
40901,34.61861144212746,978.0199999993924,7055.179440826418
40902,34.61861144212746,978.0399999993924,7055.226497478385
40903,34.61861144212746,978.0599999993924,7055.273553569071
40904,34.61861144212746,978.0799999993924,7055.320609098455
40905,34.61861144212746,978.0999999993924,7055.367664066518
40906,34.61861144212746,978.1199999993923,7055.414718473239
40907,34.61861144212746,978.1399999993923,7055.461772318598
40908,34.61861144212746,978.1599999993923,7055.508825602576
40909,34.61861144212746,978.1799999993923,7055.555878325151
40910,34.61861144212746,978.1999999993923,7055.602930486303
40911,34.61861144212746,978.2199999993923,7055.649982086013
40912,34.61861144212746,978.2399999993922,7055.697033124259
40913,34.61861144212746,978.2599999993922,7055.744083601022
40914,34.61861144212746,978.2799999993922,7055.791133516281
40915,34.61861144212746,978.2999999993922,7055.838182870016
40916,34.61861144212746,978.3199999993922,7055.885231662207
40917,34.61861144212746,978.3399999993921,7055.932279892834
40918,34.61861144212746,978.3599999993921,7055.979327561877
40919,34.61861144212746,978.3799999993921,7056.0263746693145
40920,34.61861144212746,978.3999999993921,7056.073421215214
40921,34.61861144212746,978.4199999993921,7056.120467201001
40922,34.61861144212746,978.4399999993921,7056.167512627324
40923,34.61861144212746,978.459999999392,7056.214557494162
40924,34.61861144212746,978.479999999392,7056.261601801496
40925,34.61861144212746,978.499999999392,7056.308645549305
40926,34.61861144212746,978.519999999392,7056.355688737569
40927,34.61861144212746,978.539999999392,7056.402731366267
40928,34.61861144212746,978.559999999392,7056.449773435381
40929,34.61861144212746,978.5799999993919,7056.496814944889
40930,34.61861144212746,978.5999999993919,7056.543855894771
40931,34.61861144212746,978.6199999993919,7056.590896285007
40932,34.61861144212746,978.6399999993919,7056.637936115577
40933,34.61861144212746,978.6599999993919,7056.684975386461
40934,34.61861144212746,978.6799999993918,7056.732014097638
40935,34.61861144212746,978.6999999993918,7056.779052249089
40936,34.61861144212746,978.7199999993918,7056.8260898407925
40937,34.61861144212746,978.7399999993918,7056.87312687273
40938,34.61861144212746,978.7599999993918,7056.92016334488
40939,34.61861144212746,978.7799999993917,7056.967199257223
40940,34.61861144212746,978.7999999993917,7057.014234609738
40941,34.61861144212746,978.8199999993917,7057.061269402406
40942,34.61861144212746,978.8399999993917,7057.108303635206
40943,34.61861144212746,978.8599999993917,7057.155337308118
40944,34.61861144212746,978.8799999993917,7057.202370421122
40945,34.61861144212746,978.8999999993916,7057.249402974198
40946,34.61861144212746,978.9199999993916,7057.296434967326
40947,34.61861144212746,978.9399999993916,7057.343466400484
40948,34.61861144212746,978.9599999993916,7057.390497273655
40949,34.61861144212746,978.9799999993916,7057.437527586816
40950,34.61861144212746,978.9999999993915,7057.484557339948
40951,34.61861144212746,979.0199999993915,7057.53158653303
40952,34.61861144212746,979.0399999993915,7057.578615166043
40953,34.61861144212746,979.0599999993915,7057.625643238966
40954,34.61861144212746,979.0799999993915,7057.67267075178
40955,34.61861144212746,979.0999999993915,7057.719697704464
40956,34.61861144212746,979.1199999993914,7057.766724096998
40957,34.61861144212746,979.1399999993914,7057.813749929361
40958,34.61861144212746,979.1599999993914,7057.860775201533
40959,34.61861144212746,979.1799999993914,7057.907799913495
40960,34.61861144212746,979.1999999993914,7057.954824065227
40961,34.61861144212746,979.2199999993913,7058.0018476567075
40962,34.61861144212746,979.2399999993913,7058.048870687917
40963,34.61861144212746,979.2599999993913,7058.095893158835
40964,34.61861144212746,979.2799999993913,7058.142915069441
40965,34.61861144212746,979.2999999993913,7058.189936419716
40966,34.61861144212746,979.3199999993913,7058.2369572096395
40967,34.61861144212746,979.3399999993912,7058.2839774391905
40968,34.61861144212746,979.3599999993912,7058.330997108349
40969,34.61861144212746,979.3799999993912,7058.378016217096
40970,34.61861144212746,979.3999999993912,7058.425034765411
40971,34.61861144212746,979.4199999993912,7058.472052753391
40972,34.61861144212746,979.4399999993911,7058.519070182658
40973,34.61861144212746,979.4599999993911,7058.56608705376
40974,34.61861144212746,979.4799999993911,7058.613103366679
40975,34.61861144212746,979.4999999993911,7058.660119121392
40976,34.61861144212746,979.5199999993911,7058.707134317881
40977,34.61861144212746,979.5399999993911,7058.754148956125
40978,34.61861144212746,979.559999999391,7058.801163036104
40979,34.61861144212746,979.579999999391,7058.848176557798
40980,34.61861144212746,979.599999999391,7058.895189521187
40981,34.61861144212746,979.619999999391,7058.942201926249
40982,34.61861144212746,979.639999999391,7058.989213772967
40983,34.61861144212746,979.659999999391,7059.036225061318
40984,34.61861144212746,979.6799999993909,7059.083235791283
40985,34.61861144212746,979.6999999993909,7059.130245962843
40986,34.61861144212746,979.7199999993909,7059.177255575976
40987,34.61861144212746,979.7399999993909,7059.224264630663
40988,34.61861144212746,979.7599999993909,7059.271273126884
40989,34.61861144212746,979.7799999993908,7059.318281064618
40990,34.61861144212746,979.7999999993908,7059.365288443845
40991,34.61861144212746,979.8199999993908,7059.412295264546
40992,34.61861144212746,979.8399999993908,7059.459301526699
40993,34.61861144212746,979.8599999993908,7059.5063072302855
40994,34.61861144212746,979.8799999993907,7059.553312375284
40995,34.61861144212746,979.8999999993907,7059.600316961675
40996,34.61861144212746,979.9199999993907,7059.647320989438
40997,34.61861144212746,979.9399999993907,7059.694324458555
40998,34.61861144212746,979.9599999993907,7059.741327369003
40999,34.61861144212746,979.9799999993907,7059.788329720763
41000,34.61861144212746,979.9999999993906,7059.835331513814
41001,34.61861144212746,980.0199999993906,7059.882332748137
41002,34.5712641771045,980.0399999993906,7059.929333423712
41003,34.5712641771045,980.0599999993906,7059.976333540518
41004,34.61861144212746,980.0799999993906,7060.023333098542
41005,34.61861144212746,980.0999999993905,7060.070332097838
41006,34.61861144212746,980.1199999993905,7060.117330538394
41007,34.61861144212746,980.1399999993905,7060.164328420188
41008,34.61861144212746,980.1599999993905,7060.211325743201
41009,34.5712641771045,980.1799999993905,7060.258322507411
41010,34.5712641771045,980.1999999993905,7060.305318712799
41011,34.5712641771045,980.2199999993904,7060.352314359343
41012,34.5712641771045,980.2399999993904,7060.399309447023
41013,34.5712641771045,980.2599999993904,7060.44630397582
41014,34.5712641771045,980.2799999993904,7060.493297945713
41015,34.5712641771045,980.2999999993904,7060.54029135668
41016,34.5712641771045,980.3199999993903,7060.587284208703
41017,34.5712641771045,980.3399999993903,7060.63427650176
41018,34.5712641771045,980.3599999993903,7060.68126823583
41019,34.5712641771045,980.3799999993903,7060.728259410894
41020,34.5712641771045,980.3999999993903,7060.775250026931
41021,34.5712641771045,980.4199999993903,7060.8222400839195
41022,34.5712641771045,980.4399999993902,7060.869229581971
41023,34.5712641771045,980.4599999993902,7060.916218522625
41024,34.5712641771045,980.4799999993902,7060.963206906245
41025,34.5712641771045,980.4999999993902,7061.010194732812
41026,34.5712641771045,980.5199999993902,7061.057182002303
41027,34.5712641771045,980.5399999993901,7061.104168714699
41028,34.5712641771045,980.5599999993901,7061.151154869978
41029,34.5712641771045,980.5799999993901,7061.19814046812
41030,34.5712641771045,980.5999999993901,7061.245125509104
41031,34.5712641771045,980.6199999993901,7061.292109992908
41032,34.5712641771045,980.63999999939,7061.339093919513
41033,34.5712641771045,980.65999999939,7061.386077288898
41034,34.5712641771045,980.67999999939,7061.433060101042
41035,34.5712641771045,980.69999999939,7061.4800423559245
41036,34.5712641771045,980.71999999939,7061.527024053524
41037,34.5712641771045,980.73999999939,7061.574005193819
41038,34.5712641771045,980.75999999939,7061.620985776791
41039,34.5712641771045,980.7799999993899,7061.667965802417
41040,34.5712641771045,980.7999999993899,7061.714945270677
41041,34.5712641771045,980.8199999993899,7061.761924181551
41042,34.5712641771045,980.8399999993899,7061.808902535017
41043,34.5712641771045,980.8599999993899,7061.855880331055
41044,34.5712641771045,980.8799999993898,7061.902857569645
41045,34.5712641771045,980.8999999993898,7061.949834250764
41046,34.5712641771045,980.9199999993898,7061.996810374393
41047,34.5712641771045,980.9399999993898,7062.043785940511
41048,34.5712641771045,980.9599999993898,7062.090760949097
41049,34.5712641771045,980.9799999993897,7062.137735400131
41050,34.5712641771045,980.9999999993897,7062.1847092935905
41051,34.5712641771045,981.0199999993897,7062.231682629456
41052,34.5712641771045,981.0399999993897,7062.2786554077065
41053,34.5712641771045,981.0599999993897,7062.325627628321
41054,34.5712641771045,981.0799999993897,7062.372599291279
41055,34.5712641771045,981.0999999993896,7062.41957039656
41056,34.5712641771045,981.1199999993896,7062.466540944142
41057,34.5712641771045,981.1399999993896,7062.513510934006
41058,34.5712641771045,981.1599999993896,7062.56048036613
41059,34.5712641771045,981.1799999993896,7062.607449240493
41060,34.5712641771045,981.1999999993895,7062.654417557075
41061,34.5712641771045,981.2199999993895,7062.701385315856
41062,34.5712641771045,981.2399999993895,7062.748352516814
41063,34.5712641771045,981.2599999993895,7062.795319159928
41064,34.5712641771045,981.2799999993895,7062.842285245178
41065,34.5712641771045,981.2999999993895,7062.889250772542
41066,34.5712641771045,981.3199999993894,7062.936215742001
41067,34.5712641771045,981.3399999993894,7062.983180153534
41068,34.5712641771045,981.3599999993894,7063.030144007119
41069,34.5712641771045,981.3799999993894,7063.077107302736
41070,34.5712641771045,981.3999999993894,7063.124070040364
41071,34.5712641771045,981.4199999993893,7063.171032219982
41072,34.5712641771045,981.4399999993893,7063.21799384157
41073,34.5712641771045,981.4599999993893,7063.2649549052685
41074,34.5712641771045,981.4799999993893,7063.311915412781
41075,34.5712641771045,981.4999999993893,7063.358875364359
41076,34.5712641771045,981.5199999993893,7063.405834759982
41077,34.5712641771045,981.5399999993892,7063.45279359963
41078,34.5712641771045,981.5599999993892,7063.4997518832815
41079,34.5712641771045,981.5799999993892,7063.546709610915
41080,34.5712641771045,981.5999999993892,7063.59366678251
41081,34.5712641771045,981.6199999993892,7063.640623398045
41082,34.5712641771045,981.6399999993891,7063.6875794575
41083,34.5712641771045,981.6599999993891,7063.734534960854
41084,34.5712641771045,981.6799999993891,7063.781489908086
41085,34.5712641771045,981.6999999993891,7063.828444299174
41086,34.5712641771045,981.7199999993891,7063.875398134099
41087,34.5712641771045,981.739999999389,7063.922351412838
41088,34.5712641771045,981.759999999389,7063.969304135371
41089,34.5712641771045,981.779999999389,7064.0162563016775
41090,34.5712641771045,981.799999999389,7064.063207911736
41091,34.5712641771045,981.819999999389,7064.110158965525
41092,34.5712641771045,981.839999999389,7064.157109463025
41093,34.5712641771045,981.859999999389,7064.204059404215
41094,34.5712641771045,981.8799999993889,7064.251008789072
41095,34.5712641771045,981.8999999993889,7064.297957617578
41096,34.5712641771045,981.9199999993889,7064.3449058897095
41097,34.5712641771045,981.9399999993889,7064.391853605447
41098,34.5712641771045,981.9599999993889,7064.438800764769
41099,34.5712641771045,981.9799999993888,7064.485747367656
41100,34.5712641771045,981.9999999993888,7064.532693414085
41101,34.5712641771045,982.0199999993888,7064.579638904035
41102,34.5712641771045,982.0399999993888,7064.626583837487
41103,34.5712641771045,982.0599999993888,7064.673528214418
41104,34.5712641771045,982.0799999993887,7064.720472034809
41105,34.5712641771045,982.0999999993887,7064.767415298638
41106,34.5712641771045,982.1199999993887,7064.814358005885
41107,34.5712641771045,982.1399999993887,7064.861300156527
41108,34.5712641771045,982.1599999993887,7064.908241750545
41109,34.5712641771045,982.1799999993887,7064.955182787918
41110,34.5712641771045,982.1999999993886,7065.002123268624
41111,34.5712641771045,982.2199999993886,7065.049063192642
41112,34.5712641771045,982.2399999993886,7065.0960025599525
41113,34.5712641771045,982.2599999993886,7065.142941370534
41114,34.5712641771045,982.2799999993886,7065.189879624364
41115,34.5712641771045,982.2999999993885,7065.236817321424
41116,34.5712641771045,982.3199999993885,7065.283754461691
41117,34.5712641771045,982.3399999993885,7065.3306910451465
41118,34.5712641771045,982.3599999993885,7065.377627071767
41119,34.5712641771045,982.3799999993885,7065.424562541533
41120,34.5712641771045,982.3999999993885,7065.471497454423
41121,34.5712641771045,982.4199999993884,7065.518431810417
41122,34.5712641771045,982.4399999993884,7065.565365609493
41123,34.5712641771045,982.4599999993884,7065.61229885163
41124,34.5712641771045,982.4799999993884,7065.659231537022
41125,34.5712641771045,982.4999999993884,7065.706163667421
41126,34.5712641771045,982.5199999993883,7065.753095242979
41127,34.5712641771045,982.5399999993883,7065.800026263675
41128,34.5712641771045,982.5599999993883,7065.846956729489
41129,34.5712641771045,982.5799999993883,7065.893886640399
41130,34.5712641771045,982.5999999993883,7065.940815996384
41131,34.5712641771045,982.6199999993883,7065.987744797424
41132,34.5712641771045,982.6399999993882,7066.034673043498
41133,34.5712641771045,982.6599999993882,7066.081600734584
41134,34.5712641771045,982.6799999993882,7066.128527870662
41135,34.5712641771045,982.6999999993882,7066.175454451711
41136,34.5712641771045,982.7199999993882,7066.2223804777095
41137,34.5712641771045,982.7399999993881,7066.269305948637
41138,34.5712641771045,982.7599999993881,7066.316230864473
41139,34.5712641771045,982.7799999993881,7066.363155225196
41140,34.5712641771045,982.7999999993881,7066.410079030785
41141,34.5712641771045,982.8199999993881,7066.457002281219
41142,34.5712641771045,982.839999999388,7066.503924976477
41143,34.5712641771045,982.859999999388,7066.5508471165385
41144,34.5712641771045,982.879999999388,7066.597768701383
41145,34.5712641771045,982.899999999388,7066.644689730989
41146,34.5712641771045,982.919999999388,7066.691610205336
41147,34.5712641771045,982.939999999388,7066.738530124402
41148,34.5712641771045,982.959999999388,7066.785449488168
41149,34.5712641771045,982.9799999993879,7066.832368296611
41150,34.5712641771045,982.9999999993879,7066.879286549712
41151,34.5712641771045,983.0199999993879,7066.926204247448
41152,34.5712641771045,983.0399999993879,7066.9731213898
41153,34.5712641771045,983.0599999993879,7067.020037976747
41154,34.5712641771045,983.0799999993878,7067.066954008266
41155,34.5712641771045,983.0999999993878,7067.1138694843385
41156,34.5712641771045,983.1199999993878,7067.160784404942
41157,34.5712641771045,983.1399999993878,7067.207698770057
41158,34.5712641771045,983.1599999993878,7067.254612579661
41159,34.5712641771045,983.1799999993877,7067.301525833733
41160,34.5712641771045,983.1999999993877,7067.348438532253
41161,34.5712641771045,983.2199999993877,7067.3953506752
41162,34.5712641771045,983.2399999993877,7067.4422622625525
41163,34.5712641771045,983.2599999993877,7067.489173294291
41164,34.5712641771045,983.2799999993877,7067.536083770393
41165,34.5712641771045,983.2999999993876,7067.5829936908385
41166,34.5712641771045,983.3199999993876,7067.6299030556065
41167,34.5712641771045,983.3399999993876,7067.676811864676
41168,34.5712641771045,983.3599999993876,7067.723720118026
41169,34.5712641771045,983.3799999993876,7067.770627815636
41170,34.5712641771045,983.3999999993875,7067.817534957484
41171,34.5712641771045,983.4199999993875,7067.86444154355
41172,34.5712641771045,983.4399999993875,7067.911347573813
41173,34.5712641771045,983.4599999993875,7067.958253048252
41174,34.5712641771045,983.4799999993875,7068.005157966846
41175,34.5712641771045,983.4999999993875,7068.052062329916
41176,34.5712641771045,983.5199999993874,7068.098966139114
41177,34.5712641771045,983.5399999993874,7068.145869394568
41178,34.5712641771045,983.5599999993874,7068.192772096256
41179,34.5712641771045,983.5799999993874,7068.239674244157
41180,34.5712641771045,983.5999999993874,7068.286575838251
41181,34.5712641771045,983.6199999993873,7068.333476878518
41182,34.5712641771045,983.6399999993873,7068.380377364935
41183,34.5712641771045,983.6599999993873,7068.427277297483
41184,34.5712641771045,983.6799999993873,7068.47417667614
41185,34.5712641771045,983.6999999993873,7068.521075500886
41186,34.5712641771045,983.7199999993873,7068.5679737717
41187,34.5712641771045,983.7399999993872,7068.614871488561
41188,34.5712641771045,983.7599999993872,7068.661768651448
41189,34.5712641771045,983.7799999993872,7068.708665260341
41190,34.5712641771045,983.7999999993872,7068.755561315218
41191,34.5712641771045,983.8199999993872,7068.802456816059
41192,34.5712641771045,983.8399999993871,7068.849351762843
41193,34.5712641771045,983.8599999993871,7068.896246155549
41194,34.5712641771045,983.8799999993871,7068.943139994157
41195,34.5712641771045,983.8999999993871,7068.990033278645
41196,34.5712641771045,983.9199999993871,7069.036926008992
41197,34.5712641771045,983.939999999387,7069.083818185178
41198,34.5712641771045,983.959999999387,7069.130709807182
41199,34.5712641771045,983.979999999387,7069.177600874983
41200,34.5712641771045,983.999999999387,7069.224491388561
41201,34.5712641771045,984.019999999387,7069.271381347894
41202,34.5712641771045,984.039999999387,7069.318270752961
41203,34.5712641771045,984.059999999387,7069.3651596037425
41204,34.5712641771045,984.0799999993869,7069.412047900217
41205,34.5712641771045,984.0999999993869,7069.458935642364
41206,34.5712641771045,984.1199999993869,7069.505822830162
41207,34.5712641771045,984.1399999993869,7069.552709463591
41208,34.5712641771045,984.1599999993869,7069.59959554263
41209,34.5712641771045,984.1799999993868,7069.646481067257
41210,34.5712641771045,984.1999999993868,7069.6933660374525
41211,34.5712641771045,984.2199999993868,7069.740250453196
41212,34.5712641771045,984.2399999993868,7069.787134314464
41213,34.5712641771045,984.2599999993868,7069.834017621239
41214,34.5712641771045,984.2799999993867,7069.880900373499
41215,34.5712641771045,984.2999999993867,7069.927782571222
41216,34.5712641771045,984.3199999993867,7069.974664214389
41217,34.5712641771045,984.3399999993867,7070.021545302982
41218,34.5712641771045,984.3599999993867,7070.068425837022
41219,34.5712641771045,984.3799999993867,7070.115305816495
41220,34.5712641771045,984.3999999993866,7070.16218524138
41221,34.5712641771045,984.4199999993866,7070.209064111658
41222,34.5712641771045,984.4399999993866,7070.255942427309
41223,34.5712641771045,984.4599999993866,7070.302820188312
41224,34.5712641771045,984.4799999993866,7070.349697394647
41225,34.5712641771045,984.4999999993865,7070.396574046294
41226,34.5712641771045,984.5199999993865,7070.443450143727
41227,34.5712641771045,984.5399999993865,7070.490325688581
41228,34.5712641771045,984.5599999993865,7070.537200680964
41229,34.5712641771045,984.5799999993865,7070.584075120856
41230,34.5712641771045,984.5999999993865,7070.630949008238
41231,34.5712641771045,984.6199999993864,7070.677822343088
41232,34.5712641771045,984.6399999993864,7070.724695125389
41233,34.5712641771045,984.6599999993864,7070.771567355119
41234,34.5712641771045,984.6799999993864,7070.818439032259
41235,34.5712641771045,984.6999999993864,7070.86531015679
41236,34.5712641771045,984.7199999993863,7070.91218072869
41237,34.5712641771045,984.7399999993863,7070.959050747941
41238,34.5712641771045,984.7599999993863,7071.005920214521
41239,34.5712641771045,984.7799999993863,7071.052789128413
41240,34.52402474046168,984.7999999993863,7071.099657489594
41241,34.52402474046168,984.8199999993863,7071.146525298047
41242,34.52402474046168,984.8399999993862,7071.1933925537505
41243,34.52402474046168,984.8599999993862,7071.240259256685
41244,34.52402474046168,984.8799999993862,7071.2871254068305
41245,34.52402474046168,984.8999999993862,7071.333991004167
41246,34.52402474046168,984.9199999993862,7071.380856048675
41247,34.52402474046168,984.9399999993861,7071.427720540334
41248,34.52402474046168,984.9599999993861,7071.474584479125
41249,34.52402474046168,984.9799999993861,7071.521447865028
41250,34.52402474046168,984.9999999993861,7071.568310698022
41251,34.52402474046168,985.0199999993861,7071.615172978089
41252,34.52402474046168,985.039999999386,7071.662034705207
41253,34.52402474046168,985.059999999386,7071.7088958793565
41254,34.52402474046168,985.079999999386,7071.755756500519
41255,34.52402474046168,985.099999999386,7071.802616568673
41256,34.52402474046168,985.119999999386,7071.8494760838
41257,34.52402474046168,985.139999999386,7071.89633504588
41258,34.52402474046168,985.159999999386,7071.943193454892
41259,34.52402474046168,985.1799999993859,7071.990051310817
41260,34.52402474046168,985.1999999993859,7072.036908613635
41261,34.52402474046168,985.2199999993859,7072.083765363326
41262,34.52402474046168,985.2399999993859,7072.130621559871
41263,34.52402474046168,985.2599999993859,7072.177477203249
41264,34.52402474046168,985.2799999993858,7072.224332293439
41265,34.52402474046168,985.2999999993858,7072.271186830424
41266,34.52402474046168,985.3199999993858,7072.3180408141825
41267,34.52402474046168,985.3399999993858,7072.364894244694
41268,34.52402474046168,985.3599999993858,7072.411747121941
41269,34.52402474046168,985.3799999993857,7072.4585994459
41270,34.52402474046168,985.3999999993857,7072.505451216554
41271,34.52402474046168,985.4199999993857,7072.552302433883
41272,34.52402474046168,985.4399999993857,7072.599153097865
41273,34.52402474046168,985.4599999993857,7072.646003208482
41274,34.52402474046168,985.4799999993857,7072.692852765714
41275,34.52402474046168,985.4999999993856,7072.73970176954
41276,34.52402474046168,985.5199999993856,7072.786550219942
41277,34.52402474046168,985.5399999993856,7072.833398117458
41278,34.52402474046168,985.5599999993856,7072.880245463448
41279,34.52402474046168,985.5799999993856,7072.927092257982
41280,34.52402474046168,985.5999999993855,7072.973938501041
41281,34.52402474046168,985.6199999993855,7073.020784192605
41282,34.52402474046168,985.6399999993855,7073.067629332654
41283,34.52402474046168,985.6599999993855,7073.1144739211695
41284,34.52402474046168,985.6799999993855,7073.161317958131
41285,34.52402474046168,985.6999999993855,7073.208161443518
41286,34.52402474046168,985.7199999993854,7073.255004377313
41287,34.52402474046168,985.7399999993854,7073.301846759494
41288,34.52402474046168,985.7599999993854,7073.348688590042
41289,34.52402474046168,985.7799999993854,7073.395529868938
41290,34.52402474046168,985.7999999993854,7073.442370596161
41291,34.52402474046168,985.8199999993853,7073.489210771692
41292,34.52402474046168,985.8399999993853,7073.536050395512
41293,34.52402474046168,985.8599999993853,7073.5828894676
41294,34.52402474046168,985.8799999993853,7073.629727987936
41295,34.52402474046168,985.8999999993853,7073.676565956503
41296,34.52402474046168,985.9199999993853,7073.723403373278
41297,34.52402474046168,985.9399999993852,7073.770240238244
41298,34.52402474046168,985.9599999993852,7073.81707655138
41299,34.52402474046168,985.9799999993852,7073.863912312665
41300,34.52402474046168,985.9999999993852,7073.910747522082
41301,34.52402474046168,986.0199999993852,7073.957582179609
41302,34.52402474046168,986.0399999993851,7074.004416285227
41303,34.52402474046168,986.0599999993851,7074.051249838917
41304,34.52402474046168,986.0799999993851,7074.098082840659
41305,34.52402474046168,986.0999999993851,7074.144915290433
41306,34.52402474046168,986.1199999993851,7074.19174718822
41307,34.52402474046168,986.139999999385,7074.238578533998
41308,34.52402474046168,986.159999999385,7074.28540932775
41309,34.52402474046168,986.179999999385,7074.332239569455
41310,34.52402474046168,986.199999999385,7074.379069259094
41311,34.52402474046168,986.219999999385,7074.4258983966465
41312,34.52402474046168,986.239999999385,7074.472726982093
41313,34.52402474046168,986.259999999385,7074.519555015414
41314,34.52402474046168,986.2799999993849,7074.5663824965895
41315,34.52402474046168,986.2999999993849,7074.6132094256
41316,34.52402474046168,986.3199999993849,7074.660035802426
41317,34.52402474046168,986.3399999993849,7074.706861627048
41318,34.52402474046168,986.3599999993849,7074.753686899446
41319,34.52402474046168,986.3799999993848,7074.800511619599
41320,34.52402474046168,986.3999999993848,7074.847335787489
41321,34.52402474046168,986.4199999993848,7074.894159403096
41322,34.52402474046168,986.4399999993848,7074.9409824664
41323,34.52402474046168,986.4599999993848,7074.9878049773815
41324,34.52402474046168,986.4799999993847,7075.034626936021
41325,34.52402474046168,986.4999999993847,7075.081448342297
41326,34.52402474046168,986.5199999993847,7075.128269196192
41327,34.52402474046168,986.5399999993847,7075.175089497686
41328,34.52402474046168,986.5599999993847,7075.221909247476
41329,34.52402474046168,986.5799999993847,7075.2687284468975
41330,34.52402474046168,986.5999999993846,7075.315547096002
41331,34.52402474046168,986.6199999993846,7075.362365194768
41332,34.52402474046168,986.6399999993846,7075.409182743178
41333,34.52402474046168,986.6599999993846,7075.455999741211
41334,34.52402474046168,986.6799999993846,7075.502816188848
41335,34.52402474046168,986.6999999993845,7075.549632086068
41336,34.52402474046168,986.7199999993845,7075.596447432854
41337,34.52402474046168,986.7399999993845,7075.643262229184
41338,34.52402474046168,986.7599999993845,7075.690076475039
41339,34.52402474046168,986.7799999993845,7075.736890170399
41340,34.52402474046168,986.7999999993845,7075.7837033152455
41341,34.52402474046168,986.8199999993844,7075.830515909557
41342,34.52402474046168,986.8399999993844,7075.877327953315
41343,34.52402474046168,986.8599999993844,7075.924139446501
41344,34.52402474046168,986.8799999993844,7075.970950389093
41345,34.52402474046168,986.8999999993844,7076.017760781072
41346,34.52402474046168,986.9199999993843,7076.0645706224195
41347,34.52402474046168,986.9399999993843,7076.111379913115
41348,34.52402474046168,986.9599999993843,7076.158188653139
41349,34.52402474046168,986.9799999993843,7076.204996842472
41350,34.52402474046168,986.9999999993843,7076.251804481093
41351,34.52402474046168,987.0199999993843,7076.298611568985
41352,34.52402474046168,987.0399999993842,7076.345418106126
41353,34.52402474046168,987.0599999993842,7076.392224092498
41354,34.52402474046168,987.0799999993842,7076.439029528079
41355,34.52402474046168,987.0999999993842,7076.485834412852
41356,34.52402474046168,987.1199999993842,7076.532638746796
41357,34.52402474046168,987.1399999993841,7076.579442529891
41358,34.52402474046168,987.1599999993841,7076.626245762118
41359,34.52402474046168,987.1799999993841,7076.673048443457
41360,34.52402474046168,987.1999999993841,7076.71985057389
41361,34.52402474046168,987.2199999993841,7076.766652153395
41362,34.52402474046168,987.239999999384,7076.813453181953
41363,34.52402474046168,987.259999999384,7076.860253659545
41364,34.52402474046168,987.279999999384,7076.907053586151
41365,34.52402474046168,987.299999999384,7076.953852961751
41366,34.52402474046168,987.319999999384,7077.000651786326
41367,34.52402474046168,987.339999999384,7077.047450059856
41368,34.52402474046168,987.359999999384,7077.094247782321
41369,34.52402474046168,987.3799999993839,7077.141044953702
41370,34.52402474046168,987.3999999993839,7077.187841573978
41371,34.52402474046168,987.4199999993839,7077.2346376431315
41372,34.52402474046168,987.4399999993839,7077.281433161141
41373,34.52402474046168,987.4599999993839,7077.328228127987
41374,34.52402474046168,987.4799999993838,7077.375022543651
41375,34.52402474046168,987.4999999993838,7077.421816408112
41376,34.52402474046168,987.5199999993838,7077.468609721352
41377,34.52402474046168,987.5399999993838,7077.51540248335
41378,34.52402474046168,987.5599999993838,7077.562194694086
41379,34.52402474046168,987.5799999993837,7077.608986354387
41380,34.52402474046168,987.5999999993837,7077.655777465485
41381,34.52402474046168,987.6199999993837,7077.702568027406
41382,34.52402474046168,987.6399999993837,7077.7493580401315
41383,34.52402474046168,987.6599999993837,7077.796147503641
41384,34.52402474046168,987.6799999993837,7077.842936417916
41385,34.52402474046168,987.6999999993836,7077.8897247829345
41386,34.52402474046168,987.7199999993836,7077.936512598679
41387,34.52402474046168,987.7399999993836,7077.983299865128
41388,34.52402474046168,987.7599999993836,7078.030086582264
41389,34.52402474046168,987.7799999993836,7078.076872750065
41390,34.52402474046168,987.7999999993835,7078.123658368514
41391,34.52402474046168,987.8199999993835,7078.17044343759
41392,34.52402474046168,987.8399999993835,7078.217227957272
41393,34.52402474046168,987.8599999993835,7078.264011927543
41394,34.52402474046168,987.8799999993835,7078.310795348381
41395,34.52402474046168,987.8999999993835,7078.357578219768
41396,34.52402474046168,987.9199999993834,7078.404360541683
41397,34.52402474046168,987.9399999993834,7078.4511423141075
41398,34.52402474046168,987.9599999993834,7078.497923537021
41399,34.52402474046168,987.9799999993834,7078.544704210404
41400,34.52402474046168,987.9999999993834,7078.591484334238
41401,34.52402474046168,988.0199999993833,7078.638263908502
41402,34.52402474046168,988.0399999993833,7078.685042933177
41403,34.52402474046168,988.0599999993833,7078.7318214082425
41404,34.52402474046168,988.0799999993833,7078.778599333679
41405,34.52402474046168,988.0999999993833,7078.825376709468
41406,34.52402474046168,988.1199999993833,7078.872153535589
41407,34.52402474046168,988.1399999993832,7078.918929812023
41408,34.52402474046168,988.1599999993832,7078.965705538749
41409,34.52402474046168,988.1799999993832,7079.012480715748
41410,34.52402474046168,988.1999999993832,7079.0592553430015
41411,34.52402474046168,988.2199999993832,7079.106029420488
41412,34.52402474046168,988.2399999993831,7079.152802948189
41413,34.52402474046168,988.2599999993831,7079.199575926084
41414,34.52402474046168,988.2799999993831,7079.246348354155
41415,34.52402474046168,988.2999999993831,7079.293120232381
41416,34.52402474046168,988.3199999993831,7079.339891560742
41417,34.52402474046168,988.339999999383,7079.38666233922
41418,34.52402474046168,988.359999999383,7079.433432567793
41419,34.52402474046168,988.379999999383,7079.480202246443
41420,34.52402474046168,988.399999999383,7079.52697137515
41421,34.52402474046168,988.419999999383,7079.573739953895
41422,34.52402474046168,988.439999999383,7079.620507982657
41423,34.52402474046168,988.459999999383,7079.667275461417
41424,34.52402474046168,988.4799999993829,7079.7140423901565
41425,34.52402474046168,988.4999999993829,7079.760808768854
41426,34.52402474046168,988.5199999993829,7079.80757459749
41427,34.52402474046168,988.5399999993829,7079.854339876046
41428,34.52402474046168,988.5599999993829,7079.901104604502
41429,34.52402474046168,988.5799999993828,7079.947868782838
41430,34.52402474046168,988.5999999993828,7079.994632412056
41431,34.52402474046168,988.6199999993828,7080.041395493358
41432,34.52402474046168,988.6399999993828,7080.088158026763
41433,34.52402474046168,988.6599999993828,7080.13492001225
41434,34.52402474046168,988.6799999993827,7080.181681449799
41435,34.52402474046168,988.6999999993827,7080.2284423393885
41436,34.52402474046168,988.7199999993827,7080.275202680999
41437,34.52402474046168,988.7399999993827,7080.32196247461
41438,34.52402474046168,988.7599999993827,7080.3687217202
41439,34.52402474046168,988.7799999993827,7080.415480417749
41440,34.52402474046168,988.7999999993826,7080.462238567236
41441,34.52402474046168,988.8199999993826,7080.508996168643
41442,34.52402474046168,988.8399999993826,7080.555753221945
41443,34.52402474046168,988.8599999993826,7080.602509727126
41444,34.52402474046168,988.8799999993826,7080.649265684163
41445,34.52402474046168,988.8999999993825,7080.696021093036
41446,34.52402474046168,988.9199999993825,7080.742775953724
41447,34.52402474046168,988.9399999993825,7080.789530266207
41448,34.52402474046168,988.9599999993825,7080.836284030464
41449,34.52402474046168,988.9799999993825,7080.883037246475
41450,34.52402474046168,988.9999999993825,7080.92978991422
41451,34.52402474046168,989.0199999993824,7080.976542033678
41452,34.52402474046168,989.0399999993824,7081.023293604828
41453,34.52402474046168,989.0599999993824,7081.07004462765
41454,34.52402474046168,989.0799999993824,7081.1167951021225
41455,34.52402474046168,989.0999999993824,7081.163545028226
41456,34.52402474046168,989.1199999993823,7081.21029440594
41457,34.52402474046168,989.1399999993823,7081.257043235243
41458,34.52402474046168,989.1599999993823,7081.303791516116
41459,34.52402474046168,989.1799999993823,7081.350539248537
41460,34.52402474046168,989.1999999993823,7081.397286432486
41461,34.52402474046168,989.2199999993823,7081.444033067944
41462,34.52402474046168,989.2399999993822,7081.490779154888
41463,34.52402474046168,989.2599999993822,7081.537524693299
41464,34.52402474046168,989.2799999993822,7081.584269683156
41465,34.52402474046168,989.2999999993822,7081.6310141244385
41466,34.52402474046168,989.3199999993822,7081.6777580171265
41467,34.52402474046168,989.3399999993821,7081.724501361199
41468,34.52402474046168,989.3599999993821,7081.7712441566355
41469,34.52402474046168,989.3799999993821,7081.8179864034155
41470,34.52402474046168,989.3999999993821,7081.864728101518
41471,34.52402474046168,989.4199999993821,7081.911469250924
41472,34.47689278871706,989.439999999382,7081.958209851611
41473,34.47689278871706,989.459999999382,7082.00494990356
41474,34.47689278871706,989.479999999382,7082.0516894067505
41475,34.47689278871706,989.499999999382,7082.098428361161
41476,34.47689278871706,989.519999999382,7082.145166766771
41477,34.47689278871706,989.539999999382,7082.191904623561
41478,34.47689278871706,989.559999999382,7082.238641931509
41479,34.47689278871706,989.5799999993819,7082.285378690596
41480,34.47689278871706,989.5999999993819,7082.332114900806
41481,34.47689278871706,989.6199999993819,7082.378850563146
41482,34.47689278871706,989.6399999993819,7082.425585678583
41483,34.47689278871706,989.6599999993819,7082.472320247096
41484,34.47689278871706,989.6799999993818,7082.519054268665
41485,34.47689278871706,989.6999999993818,7082.56578774327
41486,34.47689278871706,989.7199999993818,7082.612520670893
41487,34.47689278871706,989.7399999993818,7082.659253051512
41488,34.47689278871706,989.7599999993818,7082.705984885108
41489,34.47689278871706,989.7799999993817,7082.752716171662
41490,34.47689278871706,989.7999999993817,7082.799446911153
41491,34.47689278871706,989.8199999993817,7082.846177103561
41492,34.47689278871706,989.8399999993817,7082.892906748867
41493,34.47689278871706,989.8599999993817,7082.939635847051
41494,34.47689278871706,989.8799999993817,7082.986364398094
41495,34.47689278871706,989.8999999993816,7083.033092401975
41496,34.47689278871706,989.9199999993816,7083.079819858675
41497,34.47689278871706,989.9399999993816,7083.126546768174
41498,34.47689278871706,989.9599999993816,7083.173273130452
41499,34.47689278871706,989.9799999993816,7083.219998945488
41500,34.47689278871706,989.9999999993815,7083.266724213264
41501,34.47689278871706,990.0199999993815,7083.313448933759
41502,34.47689278871706,990.0399999993815,7083.360173106954
41503,34.47689278871706,990.0599999993815,7083.4068967328285
41504,34.47689278871706,990.0799999993815,7083.453619811364
41505,34.47689278871706,990.0999999993815,7083.500342342539
41506,34.47689278871706,990.1199999993814,7083.547064326334
41507,34.47689278871706,990.1399999993814,7083.5937857627305
41508,34.47689278871706,990.1599999993814,7083.640506651707
41509,34.47689278871706,990.1799999993814,7083.6872269932455
41510,34.47689278871706,990.1999999993814,7083.733946787324
41511,34.47689278871706,990.2199999993813,7083.780666033925
41512,34.47689278871706,990.2399999993813,7083.8273847330265
41513,34.47689278871706,990.2599999993813,7083.874102884611
41514,34.47689278871706,990.2799999993813,7083.920820488656
41515,34.47689278871706,990.2999999993813,7083.967537545144
41516,34.47689278871706,990.3199999993813,7084.014254054055
41517,34.47689278871706,990.3399999993812,7084.060970015367
41518,34.47689278871706,990.3599999993812,7084.107685429063
41519,34.47689278871706,990.3799999993812,7084.154400295121
41520,34.47689278871706,990.3999999993812,7084.201114613523
41521,34.47689278871706,990.4199999993812,7084.247828384247
41522,34.47689278871706,990.4399999993811,7084.294541607275
41523,34.47689278871706,990.4599999993811,7084.341254282587
41524,34.47689278871706,990.4799999993811,7084.387966410163
41525,34.47689278871706,990.4999999993811,7084.434677989983
41526,34.47689278871706,990.5199999993811,7084.4813890220275
41527,34.47689278871706,990.539999999381,7084.528099506276
41528,34.47689278871706,990.559999999381,7084.574809442709
41529,34.47689278871706,990.579999999381,7084.621518831307
41530,34.47689278871706,990.599999999381,7084.66822767205
41531,34.47689278871706,990.619999999381,7084.7149359649475
41532,34.47689278871706,990.639999999381,7084.761643711142
41533,34.47689278871706,990.659999999381,7084.8083509115095
41534,34.47689278871706,990.6799999993809,7084.855057566029
41535,34.47689278871706,990.6999999993809,7084.901763674681
41536,34.47689278871706,990.7199999993809,7084.948469237445
41537,34.47689278871706,990.7399999993809,7084.995174254302
41538,34.47689278871706,990.7599999993809,7085.041878725229
41539,34.47689278871706,990.7799999993808,7085.088582650209
41540,34.47689278871706,990.7999999993808,7085.13528602922
41541,34.47689278871706,990.8199999993808,7085.181988862242
41542,34.47689278871706,990.8399999993808,7085.228691149256
41543,34.47689278871706,990.8599999993808,7085.275392890239
41544,34.47689278871706,990.8799999993807,7085.322094085174
41545,34.47689278871706,990.8999999993807,7085.3687947340395
41546,34.47689278871706,990.9199999993807,7085.415494836815
41547,34.47689278871706,990.9399999993807,7085.462194393481
41548,34.47689278871706,990.9599999993807,7085.508893404017
41549,34.47689278871706,990.9799999993807,7085.555591868402
41550,34.47689278871706,990.9999999993806,7085.602289786618
41551,34.47689278871706,991.0199999993806,7085.648987158643
41552,34.47689278871706,991.0399999993806,7085.695683984457
41553,34.47689278871706,991.0599999993806,7085.742380264041
41554,34.47689278871706,991.0799999993806,7085.7890759973725
41555,34.47689278871706,991.0999999993805,7085.835771184434
41556,34.47689278871706,991.1199999993805,7085.882465825203
41557,34.47689278871706,991.1399999993805,7085.929159919661
41558,34.47689278871706,991.1599999993805,7085.975853467788
41559,34.47689278871706,991.1799999993805,7086.022546469562
41560,34.47689278871706,991.1999999993805,7086.069238924965
41561,34.47689278871706,991.2199999993804,7086.115930833976
41562,34.47689278871706,991.2399999993804,7086.1626221965735
41563,34.47689278871706,991.2599999993804,7086.209313012739
41564,34.47689278871706,991.2799999993804,7086.256003282451
41565,34.47689278871706,991.2999999993804,7086.302693005691
41566,34.47689278871706,991.3199999993803,7086.349382182438
41567,34.47689278871706,991.3399999993803,7086.396070812671
41568,34.47689278871706,991.3599999993803,7086.442758896371
41569,34.47689278871706,991.3799999993803,7086.4894464335175
41570,34.47689278871706,991.3999999993803,7086.53613342409
41571,34.47689278871706,991.4199999993803,7086.582819868068
41572,34.47689278871706,991.4399999993802,7086.629505765432
41573,34.47689278871706,991.4599999993802,7086.676191116163
41574,34.47689278871706,991.4799999993802,7086.722875920239
41575,34.47689278871706,991.4999999993802,7086.76956017764
41576,34.47689278871706,991.5199999993802,7086.816243888346
41577,34.47689278871706,991.5399999993801,7086.862927052338
41578,34.47689278871706,991.5599999993801,7086.909609669594
41579,34.47689278871706,991.5799999993801,7086.9562917400945
41580,34.47689278871706,991.5999999993801,7087.0029732638195
41581,34.47689278871706,991.6199999993801,7087.049654240749
41582,34.47689278871706,991.63999999938,7087.096334670918
41583,34.47689278871706,991.65999999938,7087.143014555579
41584,34.47689278871706,991.67999999938,7087.189693895493
41585,34.47689278871706,991.69999999938,7087.236372690641
41586,34.47689278871706,991.71999999938,7087.2830509410005
41587,34.47689278871706,991.73999999938,7087.329728646553
41588,34.47689278871706,991.7599999993799,7087.376405807278
41589,34.47689278871706,991.7799999993799,7087.423082423156
41590,34.47689278871706,991.7999999993799,7087.469758494167
41591,34.47689278871706,991.8199999993799,7087.516434020289
41592,34.47689278871706,991.8399999993799,7087.563109001504
41593,34.47689278871706,991.8599999993799,7087.609783437791
41594,34.47689278871706,991.8799999993798,7087.656457329129
41595,34.47689278871706,991.8999999993798,7087.7031306755
41596,34.47689278871706,991.9199999993798,7087.749803476882
41597,34.47689278871706,991.9399999993798,7087.796475733256
41598,34.47689278871706,991.9599999993798,7087.843147444601
41599,34.47689278871706,991.9799999993797,7087.889818610897
41600,34.47689278871706,991.9999999993797,7087.936489232125
41601,34.47689278871706,992.0199999993797,7087.983159308263
41602,34.47689278871706,992.0399999993797,7088.029828839292
41603,34.47689278871706,992.0599999993797,7088.076497825193
41604,34.47689278871706,992.0799999993797,7088.123166265944
41605,34.47689278871706,992.0999999993796,7088.169834161525
41606,34.47689278871706,992.1199999993796,7088.216501511916
41607,34.47689278871706,992.1399999993796,7088.2631683170985
41608,34.47689278871706,992.1599999993796,7088.30983457705
41609,34.47689278871706,992.1799999993796,7088.356500291752
41610,34.47689278871706,992.1999999993795,7088.4031654611845
41611,34.47689278871706,992.2199999993795,7088.4498300853265
41612,34.47689278871706,992.2399999993795,7088.496494164158
41613,34.47689278871706,992.2599999993795,7088.543157697659
41614,34.47689278871706,992.2799999993795,7088.589820685809
41615,34.47689278871706,992.2999999993795,7088.636483128589
41616,34.47689278871706,992.3199999993794,7088.683145025978
41617,34.47689278871706,992.3399999993794,7088.729806377955
41618,34.47689278871706,992.3599999993794,7088.7764671845025
41619,34.47689278871706,992.3799999993794,7088.823127445598
41620,34.47689278871706,992.3999999993794,7088.869787161223
41621,34.47689278871706,992.4199999993793,7088.916446331356
41622,34.47689278871706,992.4399999993793,7088.9631049559775
41623,34.47689278871706,992.4599999993793,7089.009763035067
41624,34.47689278871706,992.4799999993793,7089.056420568605
41625,34.47689278871706,992.4999999993793,7089.103077556571
41626,34.47689278871706,992.5199999993793,7089.1497339989455
41627,34.47689278871706,992.5399999993792,7089.196389895707
41628,34.47689278871706,992.5599999993792,7089.243045246837
41629,34.47689278871706,992.5799999993792,7089.289700052314
41630,34.47689278871706,992.5999999993792,7089.336354312119
41631,34.47689278871706,992.6199999993792,7089.3830080262305
41632,34.47689278871706,992.6399999993791,7089.42966119463
41633,34.47689278871706,992.6599999993791,7089.476313817377
41634,34.47689278871706,992.6799999993791,7089.522965895826
41635,34.47689278871706,992.6999999993791,7089.569617430615
41636,34.47689278871706,992.7199999993791,7089.616268421724
41637,34.47689278871706,992.739999999379,7089.662918869134
41638,34.47689278871706,992.759999999379,7089.709568772824
41639,34.47689278871706,992.779999999379,7089.756218132775
41640,34.47689278871706,992.799999999379,7089.802866948965
41641,34.47689278871706,992.819999999379,7089.849515221375
41642,34.47689278871706,992.839999999379,7089.896162949985
41643,34.47689278871706,992.8599999993789,7089.942810134776
41644,34.47689278871706,992.8799999993789,7089.9894567757265
41645,34.47689278871706,992.8999999993789,7090.036102872837
41646,34.47689278871706,992.9199999993789,7090.082748426127
41647,34.47689278871706,992.9399999993789,7090.12939343558
41648,34.47689278871706,992.9599999993789,7090.176037901177
41649,34.47689278871706,992.9799999993788,7090.222681822896
41650,34.47689278871706,992.9999999993788,7090.26932520072
41651,34.47689278871706,993.0199999993788,7090.315968034628
41652,34.47689278871706,993.0399999993788,7090.3626103246
41653,34.47689278871706,993.0599999993788,7090.409252070615
41654,34.47689278871706,993.0799999993787,7090.455893272656
41655,34.47689278871706,993.0999999993787,7090.502533930701
41656,34.47689278871706,993.1199999993787,7090.549174044731
41657,34.47689278871706,993.1399999993787,7090.595813614727
41658,34.47689278871706,993.1599999993787,7090.642452640668
41659,34.47689278871706,993.1799999993787,7090.689091122535
41660,34.47689278871706,993.1999999993786,7090.735729060308
41661,34.47689278871706,993.2199999993786,7090.7823664539665
41662,34.47689278871706,993.2399999993786,7090.829003303492
41663,34.47689278871706,993.2599999993786,7090.875639608864
41664,34.47689278871706,993.2799999993786,7090.922275370062
41665,34.47689278871706,993.2999999993785,7090.968910587068
41666,34.47689278871706,993.3199999993785,7091.015545259862
41667,34.47689278871706,993.3399999993785,7091.062179388423
41668,34.47689278871706,993.3599999993785,7091.108812972731
41669,34.47689278871706,993.3799999993785,7091.155446012768
41670,34.47689278871706,993.3999999993785,7091.202078508512
41671,34.47689278871706,993.4199999993784,7091.248710459945
41672,34.47689278871706,993.4399999993784,7091.295341867047
41673,34.47689278871706,993.4599999993784,7091.341972729797
41674,34.47689278871706,993.4799999993784,7091.388603048176
41675,34.47689278871706,993.4999999993784,7091.435232822165
41676,34.47689278871706,993.5199999993783,7091.4818620517435
41677,34.47689278871706,993.5399999993783,7091.528490736892
41678,34.47689278871706,993.5599999993783,7091.57511887759
41679,34.47689278871706,993.5799999993783,7091.621746473819
41680,34.47689278871706,993.5999999993783,7091.668373525558
41681,34.47689278871706,993.6199999993783,7091.715000032788
41682,34.47689278871706,993.6399999993782,7091.761625995489
41683,34.47689278871706,993.6599999993782,7091.808251413641
41684,34.47689278871706,993.6799999993782,7091.854876287335
41685,34.47689278871706,993.6999999993782,7091.901500618112
41686,34.47689278871706,993.7199999993782,7091.9481244065155
41687,34.47689278871706,993.7399999993781,7091.994747652526
41688,34.47689278871706,993.7599999993781,7092.0413703561235
41689,34.47689278871706,993.7799999993781,7092.087992517288
41690,34.47689278871706,993.7999999993781,7092.134614135999
41691,34.47689278871706,993.8199999993781,7092.181235212239
41692,34.47689278871706,993.839999999378,7092.227855745986
41693,34.47689278871706,993.859999999378,7092.274475737221
41694,34.47689278871706,993.879999999378,7092.321095185924
41695,34.47689278871706,993.899999999378,7092.3677140920745
41696,34.47689278871706,993.919999999378,7092.4143324556535
41697,34.47689278871706,993.939999999378,7092.460950276642
41698,34.47689278871706,993.9599999993779,7092.507567555018
41699,34.47689278871706,993.9799999993779,7092.554184290763
41700,34.47689278871706,993.9999999993779,7092.600800483858
41701,34.47689278871706,994.0199999993779,7092.647416134281
41702,34.47689278871706,994.0399999993779,7092.694031242015
41703,34.47689278871706,994.0599999993779,7092.740645807037
41704,34.429867979794274,994.0799999993778,7092.78725982933
41705,34.429867979794274,994.0999999993778,7092.833873308872
41706,34.429867979794274,994.1199999993778,7092.8804862456445
41707,34.429867979794274,994.1399999993778,7092.927098639627
41708,34.429867979794274,994.1599999993778,7092.9737104908
41709,34.429867979794274,994.1799999993777,7093.020321799144
41710,34.429867979794274,994.1999999993777,7093.066932564639
41711,34.429867979794274,994.2199999993777,7093.113542787264
41712,34.429867979794274,994.2399999993777,7093.160152467
41713,34.429867979794274,994.2599999993777,7093.206761603828
41714,34.429867979794274,994.2799999993777,7093.253370197728
41715,34.429867979794274,994.2999999993776,7093.2999782486795
41716,34.429867979794274,994.3199999993776,7093.3465857566625
41717,34.429867979794274,994.3399999993776,7093.393192721657
41718,34.429867979794274,994.3599999993776,7093.439799143644
41719,34.429867979794274,994.3799999993776,7093.486405022603
41720,34.429867979794274,994.3999999993775,7093.533010358515
41721,34.429867979794274,994.4199999993775,7093.57961515136
41722,34.429867979794274,994.4399999993775,7093.626219401117
41723,34.429867979794274,994.4599999993775,7093.672823107768
41724,34.429867979794274,994.4799999993775,7093.719426271291
41725,34.429867979794274,994.4999999993775,7093.766028891668
41726,34.429867979794274,994.5199999993774,7093.812630968879
41727,34.429867979794274,994.5399999993774,7093.859232502903
41728,34.429867979794274,994.5599999993774,7093.905833493721
41729,34.429867979794274,994.5799999993774,7093.952433941313
41730,34.429867979794274,994.5999999993774,7093.999033845659
41731,34.429867979794274,994.6199999993773,7094.045633206741
41732,34.429867979794274,994.6399999993773,7094.092232024536
41733,34.429867979794274,994.6599999993773,7094.138830299027
41734,34.429867979794274,994.6799999993773,7094.185428030192
41735,34.429867979794274,994.6999999993773,7094.2320252181335
41736,34.429867979794274,994.7199999993773,7094.278621864296
41737,34.429867979794274,994.7399999993772,7094.32521796904
41738,34.429867979794274,994.7599999993772,7094.371813532345
41739,34.429867979794274,994.7799999993772,7094.418408554193
41740,34.429867979794274,994.7999999993772,7094.465003034562
41741,34.429867979794274,994.8199999993772,7094.511596973433
41742,34.429867979794274,994.8399999993771,7094.558190370787
41743,34.429867979794274,994.8599999993771,7094.604783226603
41744,34.429867979794274,994.8799999993771,7094.651375540861
41745,34.429867979794274,994.8999999993771,7094.697967313542
41746,34.429867979794274,994.9199999993771,7094.744558544626
41747,34.429867979794274,994.939999999377,7094.791149234093
41748,34.429867979794274,994.959999999377,7094.837739381923
41749,34.429867979794274,994.979999999377,7094.884328988096
41750,34.429867979794274,994.999999999377,7094.9309180525925
41751,34.429867979794274,995.019999999377,7094.977506575393
41752,34.429867979794274,995.039999999377,7095.0240945564765
41753,34.429867979794274,995.0599999993769,7095.070681995824
41754,34.429867979794274,995.0799999993769,7095.117268893416
41755,34.429867979794274,995.0999999993769,7095.163855249232
41756,34.429867979794274,995.1199999993769,7095.210441063253
41757,34.429867979794274,995.1399999993769,7095.257026335458
41758,34.429867979794274,995.1599999993769,7095.303611065828
41759,34.429867979794274,995.1799999993768,7095.350195254342
41760,34.429867979794274,995.1999999993768,7095.396778900981
41761,34.429867979794274,995.2199999993768,7095.443362005726
41762,34.429867979794274,995.2399999993768,7095.489944568556
41763,34.429867979794274,995.2599999993768,7095.536526589452
41764,34.429867979794274,995.2799999993767,7095.583108068393
41765,34.429867979794274,995.2999999993767,7095.62968900536
41766,34.429867979794274,995.3199999993767,7095.676269400333
41767,34.429867979794274,995.3399999993767,7095.722849253292
41768,34.429867979794274,995.3599999993767,7095.769428564217
41769,34.429867979794274,995.3799999993767,7095.816007333089
41770,34.429867979794274,995.3999999993766,7095.8625855598875
41771,34.429867979794274,995.4199999993766,7095.9091632445925
41772,34.429867979794274,995.4399999993766,7095.955740387185
41773,34.429867979794274,995.4599999993766,7096.002316987644
41774,34.429867979794274,995.4799999993766,7096.0488930459505
41775,34.429867979794274,995.4999999993765,7096.0954685620845
41776,34.429867979794274,995.5199999993765,7096.142043536026
41777,34.429867979794274,995.5399999993765,7096.188617967755
41778,34.429867979794274,995.5599999993765,7096.235191857252
41779,34.429867979794274,995.5799999993765,7096.281765204497
41780,34.429867979794274,995.5999999993765,7096.32833800947
41781,34.429867979794274,995.6199999993764,7096.374910272151
41782,34.429867979794274,995.6399999993764,7096.421481992522
41783,34.429867979794274,995.6599999993764,7096.468053170561
41784,34.429867979794274,995.6799999993764,7096.514623806249
41785,34.429867979794274,995.6999999993764,7096.561193899565
41786,34.429867979794274,995.7199999993763,7096.607763450644
41787,34.429867979794274,995.7399999993763,7096.654332461117
41788,34.429867979794274,995.7599999993763,7096.700900931243
41789,34.429867979794274,995.7799999993763,7096.747468861005
41790,34.429867979794274,995.7999999993763,7096.7940362503805
41791,34.429867979794274,995.8199999993763,7096.840603099351
41792,34.429867979794274,995.8399999993762,7096.887169407896
41793,34.429867979794274,995.8599999993762,7096.933735175997
41794,34.429867979794274,995.8799999993762,7096.980300403633
41795,34.429867979794274,995.8999999993762,7097.026865090785
41796,34.429867979794274,995.9199999993762,7097.073429237432
41797,34.429867979794274,995.9399999993761,7097.119992843555
41798,34.429867979794274,995.9599999993761,7097.166555909135
41799,34.429867979794274,995.9799999993761,7097.2131184341515
41800,34.429867979794274,995.9999999993761,7097.259680418584
41801,34.429867979794274,996.0199999993761,7097.306241862414
41802,34.429867979794274,996.039999999376,7097.35280276562
41803,34.429867979794274,996.059999999376,7097.399363128184
41804,34.429867979794274,996.079999999376,7097.445922950084
41805,34.429867979794274,996.099999999376,7097.492482231303
41806,34.429867979794274,996.119999999376,7097.539040971819
41807,34.429867979794274,996.139999999376,7097.5855991716135
41808,34.429867979794274,996.1599999993759,7097.632156830666
41809,34.429867979794274,996.1799999993759,7097.678713948957
41810,34.429867979794274,996.1999999993759,7097.725270526466
41811,34.429867979794274,996.2199999993759,7097.771826563175
41812,34.429867979794274,996.2399999993759,7097.818382059062
41813,34.429867979794274,996.2599999993759,7097.864937014108
41814,34.429867979794274,996.2799999993758,7097.9114914282945
41815,34.429867979794274,996.2999999993758,7097.958045301601
41816,34.429867979794274,996.3199999993758,7098.004598634006
41817,34.429867979794274,996.3399999993758,7098.051151425491
41818,34.429867979794274,996.3599999993758,7098.097703676037
41819,34.429867979794274,996.3799999993757,7098.144255385623
41820,34.429867979794274,996.3999999993757,7098.19080655423
41821,34.429867979794274,996.4199999993757,7098.237357181838
41822,34.429867979794274,996.4399999993757,7098.283907268426
41823,34.429867979794274,996.4599999993757,7098.3304568139765
41824,34.429867979794274,996.4799999993757,7098.377005818467
41825,34.429867979794274,996.4999999993756,7098.42355428188
41826,34.429867979794274,996.5199999993756,7098.4701022041945
41827,34.429867979794274,996.5399999993756,7098.516649585391
41828,34.429867979794274,996.5599999993756,7098.56319642545
41829,34.429867979794274,996.5799999993756,7098.609742724351
41830,34.429867979794274,996.5999999993755,7098.656288482075
41831,34.429867979794274,996.6199999993755,7098.702833698601
41832,34.429867979794274,996.6399999993755,7098.749378373911
41833,34.429867979794274,996.6599999993755,7098.795922507984
41834,34.429867979794274,996.6799999993755,7098.8424661008
41835,34.429867979794274,996.6999999993754,7098.889009152341
41836,34.429867979794274,996.7199999993754,7098.935551662585
41837,34.429867979794274,996.7399999993754,7098.982093631704
41838,34.429867979794274,996.7599999993754,7099.028635061405
41839,34.429867979794274,996.7799999993754,7099.075175951839
41840,34.429867979794274,996.7999999993754,7099.121716302986
41841,34.429867979794274,996.8199999993753,7099.168256114827
41842,34.429867979794274,996.8399999993753,7099.214795387342
41843,34.429867979794274,996.8599999993753,7099.261334120511
41844,34.429867979794274,996.8799999993753,7099.3078723143135
41845,34.429867979794274,996.8999999993753,7099.3544099687315
41846,34.429867979794274,996.9199999993752,7099.400947083744
41847,34.429867979794274,996.9399999993752,7099.447483659332
41848,34.429867979794274,996.9599999993752,7099.494019695475
41849,34.429867979794274,996.9799999993752,7099.540555192154
41850,34.429867979794274,996.9999999993752,7099.587090149349
41851,34.429867979794274,997.0199999993752,7099.63362456704
41852,34.429867979794274,997.0399999993751,7099.680158445208
41853,34.429867979794274,997.0599999993751,7099.726691783832
41854,34.429867979794274,997.0799999993751,7099.773224582894
41855,34.429867979794274,997.0999999993751,7099.819756842372
41856,34.429867979794274,997.1199999993751,7099.866288562248
41857,34.429867979794274,997.139999999375,7099.912819742502
41858,34.429867979794274,997.159999999375,7099.959350383114
41859,34.429867979794274,997.179999999375,7100.0058804840655
41860,34.429867979794274,997.199999999375,7100.052410045382
41861,34.429867979794274,997.219999999375,7100.098939067074
41862,34.429867979794274,997.239999999375,7100.145467549122
41863,34.429867979794274,997.2599999993749,7100.191995491507
41864,34.429867979794274,997.2799999993749,7100.238522894209
41865,34.429867979794274,997.2999999993749,7100.28504975721
41866,34.429867979794274,997.3199999993749,7100.331576080489
41867,34.429867979794274,997.3399999993749,7100.3781018640275
41868,34.429867979794274,997.3599999993748,7100.424627107806
41869,34.429867979794274,997.3799999993748,7100.471151811806
41870,34.429867979794274,997.3999999993748,7100.517675976007
41871,34.429867979794274,997.4199999993748,7100.564199600391
41872,34.429867979794274,997.4399999993748,7100.610722684937
41873,34.429867979794274,997.4599999993748,7100.657245229627
41874,34.429867979794274,997.4799999993747,7100.703767234441
41875,34.429867979794274,997.4999999993747,7100.750288699361
41876,34.429867979794274,997.5199999993747,7100.796809624366
41877,34.429867979794274,997.5399999993747,7100.843330009437
41878,34.429867979794274,997.5599999993747,7100.889849854555
41879,34.429867979794274,997.5799999993746,7100.936369159701
41880,34.429867979794274,997.5999999993746,7100.982887924855
41881,34.429867979794274,997.6199999993746,7101.029406149999
41882,34.429867979794274,997.6399999993746,7101.075923835112
41883,34.429867979794274,997.6599999993746,7101.122440980176
41884,34.429867979794274,997.6799999993746,7101.1689575851715
41885,34.429867979794274,997.6999999993745,7101.215473650079
41886,34.429867979794274,997.7199999993745,7101.261989174878
41887,34.429867979794274,997.7399999993745,7101.3085041595505
41888,34.429867979794274,997.7599999993745,7101.355018604401
41889,34.429867979794274,997.7799999993745,7101.40153251109
41890,34.429867979794274,997.7999999993744,7101.44804587975
41891,34.429867979794274,997.8199999993744,7101.494558710358
41892,34.429867979794274,997.8399999993744,7101.541071002897
41893,34.429867979794274,997.8599999993744,7101.587582757346
41894,34.429867979794274,997.8799999993744,7101.634093973686
41895,34.429867979794274,997.8999999993744,7101.680604651895
41896,34.429867979794274,997.9199999993743,7101.727114791955
41897,34.429867979794274,997.9399999993743,7101.773624393845
41898,34.429867979794274,997.9599999993743,7101.820133457547
41899,34.429867979794274,997.9799999993743,7101.86664198304
41900,34.429867979794274,997.9999999993743,7101.9131499703035
41901,34.429867979794274,998.0199999993742,7101.959657419318
41902,34.429867979794274,998.0399999993742,7102.006164330065
41903,34.429867979794274,998.0599999993742,7102.052670702523
41904,34.429867979794274,998.0799999993742,7102.0991765366725
41905,34.429867979794274,998.0999999993742,7102.145681832494
41906,34.429867979794274,998.1199999993742,7102.192186589968
41907,34.429867979794274,998.1399999993741,7102.238690809073
41908,34.429867979794274,998.1599999993741,7102.285194489791
41909,34.429867979794274,998.1799999993741,7102.331697632102
41910,34.429867979794274,998.1999999993741,7102.378200235985
41911,34.429867979794274,998.2199999993741,7102.42470230142
41912,34.429867979794274,998.239999999374,7102.47120382839
41913,34.429867979794274,998.259999999374,7102.517704816872
41914,34.429867979794274,998.279999999374,7102.564205266847
41915,34.429867979794274,998.299999999374,7102.610705178296
41916,34.429867979794274,998.319999999374,7102.6572045511975
41917,34.429867979794274,998.339999999374,7102.703703385533
41918,34.429867979794274,998.3599999993739,7102.750201681283
41919,34.429867979794274,998.3799999993739,7102.796699438427
41920,34.429867979794274,998.3999999993739,7102.843196656945
41921,34.429867979794274,998.4199999993739,7102.889693336817
41922,34.429867979794274,998.4399999993739,7102.936189478023
41923,34.429867979794274,998.4599999993738,7102.982685080544
41924,34.429867979794274,998.4799999993738,7103.02918014436
41925,34.429867979794274,998.4999999993738,7103.075674669451
41926,34.429867979794274,998.5199999993738,7103.1221686557965
41927,34.429867979794274,998.5399999993738,7103.168662103378
41928,34.429867979794274,998.5599999993738,7103.215155012174
41929,34.429867979794274,998.5799999993737,7103.261647382166
41930,34.429867979794274,998.5999999993737,7103.308139213334
41931,34.429867979794274,998.6199999993737,7103.354630505657
41932,34.429867979794274,998.6399999993737,7103.401121259117
41933,34.429867979794274,998.6599999993737,7103.447611473693
41934,34.429867979794274,998.6799999993736,7103.494101149365
41935,34.429867979794274,998.6999999993736,7103.540590286113
41936,34.429867979794274,998.7199999993736,7103.587078883918
41937,34.38294997301532,998.7399999993736,7103.63356694276
41938,34.38294997301532,998.7599999993736,7103.6800544626185
41939,34.38294997301532,998.7799999993736,7103.726541443913
41940,34.38294997301532,998.7999999993735,7103.773027888164
41941,34.38294997301532,998.8199999993735,7103.819513795472
41942,34.38294997301532,998.8399999993735,7103.86599916582
41943,34.38294997301532,998.8599999993735,7103.912483999187
41944,34.38294997301532,998.8799999993735,7103.958968295557
41945,34.38294997301532,998.8999999993734,7104.005452054908
41946,34.38294997301532,998.9199999993734,7104.0519352772235
41947,34.38294997301532,998.9399999993734,7104.098417962483
41948,34.38294997301532,998.9599999993734,7104.144900110668
41949,34.38294997301532,998.9799999993734,7104.191381721759
41950,34.38294997301532,998.9999999993734,7104.237862795739
41951,34.38294997301532,999.0199999993733,7104.284343332587
41952,34.38294997301532,999.0399999993733,7104.330823332285
41953,34.38294997301532,999.0599999993733,7104.377302794814
41954,34.38294997301532,999.0799999993733,7104.423781720154
41955,34.38294997301532,999.0999999993733,7104.470260108287
41956,34.38294997301532,999.1199999993732,7104.516737959195
41957,34.38294997301532,999.1399999993732,7104.563215272858
41958,34.38294997301532,999.1599999993732,7104.609692049256
41959,34.38294997301532,999.1799999993732,7104.656168288372
41960,34.38294997301532,999.1999999993732,7104.7026439901865
41961,34.38294997301532,999.2199999993732,7104.74911915468
41962,34.38294997301532,999.2399999993731,7104.795593781833
41963,34.38294997301532,999.2599999993731,7104.842067871628
41964,34.38294997301532,999.2799999993731,7104.888541424046
41965,34.38294997301532,999.2999999993731,7104.935014439067
41966,34.38294997301532,999.3199999993731,7104.981486916673
41967,34.38294997301532,999.339999999373,7105.027958856845
41968,34.38294997301532,999.359999999373,7105.074430259563
41969,34.38294997301532,999.379999999373,7105.120901124809
41970,34.38294997301532,999.399999999373,7105.167371452564
41971,34.38294997301532,999.419999999373,7105.2138412428085
41972,34.38294997301532,999.439999999373,7105.260310495524
41973,34.38294997301532,999.4599999993729,7105.306779210692
41974,34.38294997301532,999.4799999993729,7105.353247388292
41975,34.38294997301532,999.4999999993729,7105.399715028308
41976,34.38294997301532,999.5199999993729,7105.446182130718
41977,34.38294997301532,999.5399999993729,7105.492648695504
41978,34.38294997301532,999.5599999993728,7105.539114722647
41979,34.38294997301532,999.5799999993728,7105.58558021213
41980,34.38294997301532,999.5999999993728,7105.632045163931
41981,34.38294997301532,999.6199999993728,7105.678509578033
41982,34.38294997301532,999.6399999993728,7105.724973454417
41983,34.38294997301532,999.6599999993728,7105.771436793063
41984,34.38294997301532,999.6799999993727,7105.8178995939525
41985,34.38294997301532,999.6999999993727,7105.864361857067
41986,34.38294997301532,999.7199999993727,7105.910823582387
41987,34.38294997301532,999.7399999993727,7105.957284769894
41988,34.38294997301532,999.7599999993727,7106.003745419569
41989,34.38294997301532,999.7799999993726,7106.050205531393
41990,34.38294997301532,999.7999999993726,7106.096665105878
41991,34.38294997301532,999.8199999993726,7106.1431241443615
41992,34.38294997301532,999.8399999993726,7106.189582646915
41993,34.38294997301532,999.8599999993726,7106.23604061352
41994,34.38294997301532,999.8799999993726,7106.2824980441565
41995,34.38294997301532,999.8999999993725,7106.328954938805
41996,34.38294997301532,999.9199999993725,7106.375411297445
41997,34.38294997301532,999.9399999993725,7106.421867120058
41998,34.38294997301532,999.9599999993725,7106.468322406625
41999,34.38294997301532,999.9799999993725,7106.5147771571255
42000,34.38294997301532,999.9999999993724,7106.56123137154
42001,34.38294997301532,1000.0199999993724,7106.607685049849
42002,34.38294997301532,1000.0399999993724,7106.654138192034
42003,34.38294997301532,1000.0599999993724,7106.700590798075
42004,34.38294997301532,1000.0799999993724,7106.747042867952
42005,34.38294997301532,1000.0999999993724,7106.793494401645
42006,34.38294997301532,1000.1199999993723,7106.839945399136
42007,34.38294997301532,1000.1399999993723,7106.886395860405
42008,34.38294997301532,1000.1599999993723,7106.932845785432
42009,34.38294997301532,1000.1799999993723,7106.979295174197
42010,34.38294997301532,1000.1999999993723,7107.025744026682
42011,34.38294997301532,1000.2199999993722,7107.072192342866
42012,34.38294997301532,1000.2399999993722,7107.1186401227305
42013,34.38294997301532,1000.2599999993722,7107.165087366256
42014,34.38294997301532,1000.2799999993722,7107.211534073422
42015,34.38294997301532,1000.2999999993722,7107.25798024421
42016,34.38294997301532,1000.3199999993722,7107.304425878599
42017,34.38294997301532,1000.3399999993721,7107.350870976572
42018,34.38294997301532,1000.3599999993721,7107.397315538107
42019,34.38294997301532,1000.3799999993721,7107.443759563186
42020,34.38294997301532,1000.3999999993721,7107.49020305179
42021,34.38294997301532,1000.4199999993721,7107.536646003898
42022,34.38294997301532,1000.439999999372,7107.58308841949
42023,34.38294997301532,1000.459999999372,7107.629530298548
42024,34.38294997301532,1000.479999999372,7107.6759716410525
42025,34.38294997301532,1000.499999999372,7107.722412446983
42026,34.38294997301532,1000.519999999372,7107.768852716321
42027,34.38294997301532,1000.539999999372,7107.815292449046
42028,34.38294997301532,1000.5599999993719,7107.861731645139
42029,34.38294997301532,1000.5799999993719,7107.90817030458
42030,34.38294997301532,1000.5999999993719,7107.954608427351
42031,34.38294997301532,1000.6199999993719,7108.00104601343
42032,34.38294997301532,1000.6399999993719,7108.047483062799
42033,34.38294997301532,1000.6599999993718,7108.093919575439
42034,34.38294997301532,1000.6799999993718,7108.14035555133
42035,34.38294997301532,1000.6999999993718,7108.186790990452
42036,34.38294997301532,1000.7199999993718,7108.233225892786
42037,34.38294997301532,1000.7399999993718,7108.279660258312
42038,34.38294997301532,1000.7599999993718,7108.326094087011
42039,34.38294997301532,1000.7799999993717,7108.372527378864
42040,34.38294997301532,1000.7999999993717,7108.41896013385
42041,34.38294997301532,1000.8199999993717,7108.465392352624
42042,34.38294997301532,1000.8399999993717,7108.511824036477
42043,34.38294997301532,1000.8599999993717,7108.558255185462
42044,34.38294997301532,1000.8799999993716,7108.604685799559
42045,34.38294997301532,1000.8999999993716,7108.651115878748
42046,34.38294997301532,1000.9199999993716,7108.6975454230105
42047,34.38294997301532,1000.9399999993716,7108.743974432326
42048,34.38294997301532,1000.9599999993716,7108.790402906675
42049,34.38294997301532,1000.9799999993716,7108.8368308460385
42050,34.38294997301532,1000.9999999993715,7108.883258250397
42051,34.38294997301532,1001.0199999993715,7108.929685119731
42052,34.38294997301532,1001.0399999993715,7108.976111454021
42053,34.38294997301532,1001.0599999993715,7109.022537253246
42054,34.38294997301532,1001.0799999993715,7109.068962517388
42055,34.38294997301532,1001.0999999993714,7109.115387246427
42056,34.38294997301532,1001.1199999993714,7109.1618114403445
42057,34.38294997301532,1001.1399999993714,7109.2082350991195
42058,34.38294997301532,1001.1599999993714,7109.254658222733
42059,34.38294997301532,1001.1799999993714,7109.301080811166
42060,34.38294997301532,1001.1999999993714,7109.347502864398
42061,34.38294997301532,1001.2199999993713,7109.39392438241
42062,34.38294997301532,1001.2399999993713,7109.440345365182
42063,34.38294997301532,1001.2599999993713,7109.486765812696
42064,34.38294997301532,1001.2799999993713,7109.533185724931
42065,34.38294997301532,1001.2999999993713,7109.579605101868
42066,34.38294997301532,1001.3199999993712,7109.626023943487
42067,34.38294997301532,1001.3399999993712,7109.672442249769
42068,34.38294997301532,1001.3599999993712,7109.718860020695
42069,34.38294997301532,1001.3799999993712,7109.765277256243
42070,34.38294997301532,1001.3999999993712,7109.811693956396
42071,34.38294997301532,1001.4199999993712,7109.858110121134
42072,34.38294997301532,1001.4399999993711,7109.904525750437
42073,34.38294997301532,1001.4599999993711,7109.9509408442855
42074,34.38294997301532,1001.4799999993711,7109.99735540266
42075,34.38294997301532,1001.4999999993711,7110.043769425542
42076,34.38294997301532,1001.5199999993711,7110.090182912913
42077,34.38294997301532,1001.539999999371,7110.136595864754
42078,34.38294997301532,1001.559999999371,7110.183008281044
42079,34.38294997301532,1001.579999999371,7110.229420161763
42080,34.38294997301532,1001.599999999371,7110.275831506893
42081,34.38294997301532,1001.619999999371,7110.322242316413
42082,34.38294997301532,1001.639999999371,7110.368652590305
42083,34.38294997301532,1001.6599999993709,7110.415062328548
42084,34.38294997301532,1001.6799999993709,7110.461471531123
42085,34.38294997301532,1001.6999999993709,7110.50788019801
42086,34.38294997301532,1001.7199999993709,7110.554288329189
42087,34.38294997301532,1001.7399999993709,7110.6006959246415
42088,34.38294997301532,1001.7599999993708,7110.647102984347
42089,34.38294997301532,1001.7799999993708,7110.693509508286
42090,34.38294997301532,1001.7999999993708,7110.73991549644
42091,34.38294997301532,1001.8199999993708,7110.786320948787
42092,34.38294997301532,1001.8399999993708,7110.832725866104
42093,34.38294997301532,1001.8599999993708,7110.879130249586
42094,34.38294997301532,1001.8799999993707,7110.92553409926
42095,34.38294997301532,1001.8999999993707,7110.971937415108
42096,34.38294997301532,1001.9199999993707,7111.01834019711
42097,34.38294997301532,1001.9399999993707,7111.064742445245
42098,34.38294997301532,1001.9599999993707,7111.111144159495
42099,34.38294997301532,1001.9799999993706,7111.157545339839
42100,34.38294997301532,1001.9999999993706,7111.203945986258
42101,34.38294997301532,1002.0199999993706,7111.250346098733
42102,34.38294997301532,1002.0399999993706,7111.296745677244
42103,34.38294997301532,1002.0599999993706,7111.343144721772
42104,34.38294997301532,1002.0799999993706,7111.389543232296
42105,34.38294997301532,1002.0999999993705,7111.435941208798
42106,34.38294997301532,1002.1199999993705,7111.482338651258
42107,34.38294997301532,1002.1399999993705,7111.528735559656
42108,34.38294997301532,1002.1599999993705,7111.575131933972
42109,34.38294997301532,1002.1799999993705,7111.6215277741885
42110,34.38294997301532,1002.1999999993704,7111.667923080284
42111,34.38294997301532,1002.2199999993704,7111.714317852239
42112,34.38294997301532,1002.2399999993704,7111.760712090035
42113,34.38294997301532,1002.2599999993704,7111.807105793651
42114,34.38294997301532,1002.2799999993704,7111.853498963069
42115,34.38294997301532,1002.2999999993704,7111.899891598268
42116,34.38294997301532,1002.3199999993703,7111.94628369923
42117,34.38294997301532,1002.3399999993703,7111.992675265934
42118,34.38294997301532,1002.3599999993703,7112.039066298362
42119,34.38294997301532,1002.3799999993703,7112.0854567964925
42120,34.38294997301532,1002.3999999993703,7112.131846760308
42121,34.38294997301532,1002.4199999993702,7112.178236189787
42122,34.38294997301532,1002.4399999993702,7112.224625084911
42123,34.38294997301532,1002.4599999993702,7112.27101344566
42124,34.38294997301532,1002.4799999993702,7112.317401272016
42125,34.38294997301532,1002.4999999993702,7112.363788563956
42126,34.38294997301532,1002.5199999993702,7112.4101753214645
42127,34.38294997301532,1002.5399999993701,7112.456561544519
42128,34.38294997301532,1002.5599999993701,7112.502947233101
42129,34.38294997301532,1002.5799999993701,7112.549332387191
42130,34.38294997301532,1002.5999999993701,7112.595717006769
42131,34.38294997301532,1002.6199999993701,7112.642101091816
42132,34.38294997301532,1002.63999999937,7112.688484642312
42133,34.38294997301532,1002.65999999937,7112.734867658238
42134,34.38294997301532,1002.67999999937,7112.781250139574
42135,34.38294997301532,1002.69999999937,7112.827632086301
42136,34.38294997301532,1002.71999999937,7112.874013498398
42137,34.38294997301532,1002.73999999937,7112.9203943758475
42138,34.38294997301532,1002.7599999993699,7112.966774718629
42139,34.38294997301532,1002.7799999993699,7113.013154526721
42140,34.38294997301532,1002.7999999993699,7113.059533800107
42141,34.38294997301532,1002.8199999993699,7113.105912538766
42142,34.38294997301532,1002.8399999993699,7113.152290742678
42143,34.38294997301532,1002.8599999993698,7113.19866841279
42144,34.38294997301532,1002.8799999993698,7113.245045550261
42145,34.38294997301532,1002.8999999993698,7113.291422155096
42146,34.38294997301532,1002.9199999993698,7113.337798227277
42147,34.38294997301532,1002.9399999993698,7113.384173766782
42148,34.38294997301532,1002.9599999993698,7113.430548773593
42149,34.38294997301532,1002.9799999993697,7113.47692324769
42150,34.38294997301532,1002.9999999993697,7113.523297189055
42151,34.38294997301532,1003.0199999993697,7113.569670597666
42152,34.38294997301532,1003.0399999993697,7113.616043473507
42153,34.38294997301532,1003.0599999993697,7113.662415816555
42154,34.38294997301532,1003.0799999993696,7113.708787626793
42155,34.38294997301532,1003.0999999993696,7113.755158904201
42156,34.38294997301532,1003.1199999993696,7113.80152964876
42157,34.38294997301532,1003.1399999993696,7113.8478998604505
42158,34.38294997301532,1003.1599999993696,7113.8942695392525
42159,34.38294997301532,1003.1799999993696,7113.940638685147
42160,34.38294997301532,1003.1999999993695,7113.987007298115
42161,34.38294997301532,1003.2199999993695,7114.033375378136
42162,34.38294997301532,1003.2399999993695,7114.079742925192
42163,34.38294997301532,1003.2599999993695,7114.126109939262
42164,34.38294997301532,1003.2799999993695,7114.172476420329
42165,34.38294997301532,1003.2999999993694,7114.218842368372
42166,34.38294997301532,1003.3199999993694,7114.265207783372
42167,34.38294997301532,1003.3399999993694,7114.311572665309
42168,34.38294997301532,1003.3599999993694,7114.357937014163
42169,34.38294997301532,1003.3799999993694,7114.404300829917
42170,34.38294997301532,1003.3999999993694,7114.45066411255
42171,34.336138429093765,1003.4199999993693,7114.497026862043
42172,34.336138429093765,1003.4399999993693,7114.543389078376
42173,34.336138429093765,1003.4599999993693,7114.589750761531
42174,34.336138429093765,1003.4799999993693,7114.636111911487
42175,34.336138429093765,1003.4999999993693,7114.682472528226
42176,34.336138429093765,1003.5199999993692,7114.728832611728
42177,34.336138429093765,1003.5399999993692,7114.775192161973
42178,34.336138429093765,1003.5599999993692,7114.821551178942
42179,34.336138429093765,1003.5799999993692,7114.8679096626165
42180,34.336138429093765,1003.5999999993692,7114.914267612977
42181,34.336138429093765,1003.6199999993692,7114.960625030003
42182,34.336138429093765,1003.6399999993691,7115.006981913676
42183,34.336138429093765,1003.6599999993691,7115.053338263976
42184,34.336138429093765,1003.6799999993691,7115.099694080884
42185,34.336138429093765,1003.6999999993691,7115.14604936438
42186,34.336138429093765,1003.7199999993691,7115.192404114446
42187,34.336138429093765,1003.739999999369,7115.238758331061
42188,34.336138429093765,1003.759999999369,7115.285112014207
42189,34.336138429093765,1003.779999999369,7115.331465163864
42190,34.336138429093765,1003.799999999369,7115.377817780012
42191,34.336138429093765,1003.819999999369,7115.424169862633
42192,34.336138429093765,1003.839999999369,7115.470521411707
42193,34.336138429093765,1003.8599999993689,7115.516872427215
42194,34.336138429093765,1003.8799999993689,7115.563222910109
42195,34.336138429093765,1003.8999999993689,7115.6095728613245
42196,34.336138429093765,1003.9199999993689,7115.655922280842
42197,34.336138429093765,1003.9399999993689,7115.702271168641
42198,34.336138429093765,1003.9599999993688,7115.748619524705
42199,34.336138429093765,1003.9799999993688,7115.794967349012
42200,34.336138429093765,1003.9999999993688,7115.841314641544
42201,34.336138429093765,1004.0199999993688,7115.887661402283
42202,34.336138429093765,1004.0399999993688,7115.934007631207
42203,34.336138429093765,1004.0599999993688,7115.980353328299
42204,34.336138429093765,1004.0799999993687,7116.02669849354
42205,34.336138429093765,1004.0999999993687,7116.073043126909
42206,34.336138429093765,1004.1199999993687,7116.119387228388
42207,34.336138429093765,1004.1399999993687,7116.165730797958
42208,34.336138429093765,1004.1599999993687,7116.212073835599
42209,34.336138429093765,1004.1799999993686,7116.258416341292
42210,34.336138429093765,1004.1999999993686,7116.304758315018
42211,34.336138429093765,1004.2199999993686,7116.351099756757
42212,34.336138429093765,1004.2399999993686,7116.397440666491
42213,34.336138429093765,1004.2599999993686,7116.4437810442005
42214,34.336138429093765,1004.2799999993686,7116.4901208898655
42215,34.336138429093765,1004.2999999993685,7116.536460203467
42216,34.336138429093765,1004.3199999993685,7116.582798984986
42217,34.336138429093765,1004.3399999993685,7116.629137234404
42218,34.336138429093765,1004.3599999993685,7116.6754749517
42219,34.336138429093765,1004.3799999993685,7116.721812136857
42220,34.336138429093765,1004.3999999993684,7116.768148789854
42221,34.336138429093765,1004.4199999993684,7116.814484910673
42222,34.336138429093765,1004.4399999993684,7116.860820499294
42223,34.336138429093765,1004.4599999993684,7116.907155555698
42224,34.336138429093765,1004.4799999993684,7116.953490079866
42225,34.336138429093765,1004.4999999993684,7116.999824071779
42226,34.336138429093765,1004.5199999993683,7117.046157531417
42227,34.336138429093765,1004.5399999993683,7117.092490458761
42228,34.336138429093765,1004.5599999993683,7117.138822853793
42229,34.336138429093765,1004.5799999993683,7117.1851547164915
42230,34.336138429093765,1004.5999999993683,7117.231486046839
42231,34.336138429093765,1004.6199999993682,7117.277816844816
42232,34.336138429093765,1004.6399999993682,7117.324147110403
42233,34.336138429093765,1004.6599999993682,7117.370476843581
42234,34.336138429093765,1004.6799999993682,7117.416806044331
42235,34.336138429093765,1004.6999999993682,7117.463134712632
42236,34.336138429093765,1004.7199999993682,7117.509462848468
42237,34.336138429093765,1004.7399999993681,7117.555790451817
42238,34.336138429093765,1004.7599999993681,7117.6021175226615
42239,34.336138429093765,1004.7799999993681,7117.648444060981
42240,34.336138429093765,1004.7999999993681,7117.694770066757
42241,34.336138429093765,1004.8199999993681,7117.74109553997
42242,34.336138429093765,1004.839999999368,7117.787420480601
42243,34.336138429093765,1004.859999999368,7117.833744888631
42244,34.336138429093765,1004.879999999368,7117.880068764067
42245,34.336138429093765,1004.899999999368,7117.926392108006
42246,34.336138429093765,1004.919999999368,7117.972714921319
42247,34.336138429093765,1004.939999999368,7118.019037203984
42248,34.336138429093765,1004.9599999993679,7118.065358955985
42249,34.336138429093765,1004.9799999993679,7118.1116801773005
42250,34.336138429093765,1004.9999999993679,7118.158000867912
42251,34.336138429093765,1005.0199999993679,7118.204321027801
42252,34.336138429093765,1005.0399999993679,7118.250640656947
42253,34.336138429093765,1005.0599999993678,7118.296959755333
42254,34.336138429093765,1005.0799999993678,7118.343278322937
42255,34.336138429093765,1005.0999999993678,7118.389596359742
42256,34.336138429093765,1005.1199999993678,7118.435913865729
42257,34.336138429093765,1005.1399999993678,7118.4822308408775
42258,34.336138429093765,1005.1599999993678,7118.528547285169
42259,34.336138429093765,1005.1799999993677,7118.574863198584
42260,34.336138429093765,1005.1999999993677,7118.621178581105
42261,34.336138429093765,1005.2199999993677,7118.66749343271
42262,34.336138429093765,1005.2399999993677,7118.713807753382
42263,34.336138429093765,1005.2599999993677,7118.7601215431005
42264,34.336138429093765,1005.2799999993676,7118.806434801848
42265,34.336138429093765,1005.2999999993676,7118.852747529604
42266,34.336138429093765,1005.3199999993676,7118.89905972635
42267,34.336138429093765,1005.3399999993676,7118.945371392067
42268,34.336138429093765,1005.3599999993676,7118.991682526735
42269,34.336138429093765,1005.3799999993676,7119.037993130335
42270,34.336138429093765,1005.3999999993675,7119.084303202848
42271,34.336138429093765,1005.4199999993675,7119.130612744255
42272,34.336138429093765,1005.4399999993675,7119.176921754537
42273,34.336138429093765,1005.4599999993675,7119.223230233675
42274,34.336138429093765,1005.4799999993675,7119.269538181649
42275,34.336138429093765,1005.4999999993674,7119.315845598441
42276,34.336138429093765,1005.5199999993674,7119.362152484031
42277,34.336138429093765,1005.5399999993674,7119.4084588384
42278,34.336138429093765,1005.5599999993674,7119.454764661529
42279,34.336138429093765,1005.5799999993674,7119.5010699534
42280,34.336138429093765,1005.5999999993674,7119.547374713991
42281,34.336138429093765,1005.6199999993673,7119.593678943285
42282,34.336138429093765,1005.6399999993673,7119.6399826412635
42283,34.336138429093765,1005.6599999993673,7119.686285807906
42284,34.336138429093765,1005.6799999993673,7119.732588443193
42285,34.336138429093765,1005.6999999993673,7119.778890547106
42286,34.336138429093765,1005.7199999993672,7119.825192119626
42287,34.336138429093765,1005.7399999993672,7119.871493160734
42288,34.336138429093765,1005.7599999993672,7119.91779367041
42289,34.336138429093765,1005.7799999993672,7119.964093648636
42290,34.336138429093765,1005.7999999993672,7120.010393095393
42291,34.336138429093765,1005.8199999993672,7120.056692010688
42292,34.336138429093765,1005.8399999993671,7120.102990394513
42293,34.336138429093765,1005.8599999993671,7120.149288246848
42294,34.336138429093765,1005.8799999993671,7120.195585567675
42295,34.336138429093765,1005.8999999993671,7120.241882357023
42296,34.336138429093765,1005.9199999993671,7120.288178616088
42297,34.336138429093765,1005.939999999367,7120.334474345618
42298,34.336138429093765,1005.959999999367,7120.380769545594
42299,34.336138429093765,1005.979999999367,7120.427064215997
42300,34.336138429093765,1005.999999999367,7120.473358356807
42301,34.336138429093765,1006.019999999367,7120.519651968004
42302,34.336138429093765,1006.039999999367,7120.56594504957
42303,34.336138429093765,1006.0599999993669,7120.612237601484
42304,34.336138429093765,1006.0799999993669,7120.658529623727
42305,34.336138429093765,1006.0999999993669,7120.70482111628
42306,34.336138429093765,1006.1199999993669,7120.751112079123
42307,34.336138429093765,1006.1399999993669,7120.797402512238
42308,34.336138429093765,1006.1599999993668,7120.843692415603
42309,34.336138429093765,1006.1799999993668,7120.889981789201
42310,34.336138429093765,1006.1999999993668,7120.93627063301
42311,34.336138429093765,1006.2199999993668,7120.982558947013
42312,34.336138429093765,1006.2399999993668,7121.028846731188
42313,34.336138429093765,1006.2599999993668,7121.075133985519
42314,34.336138429093765,1006.2799999993667,7121.121420709983
42315,34.336138429093765,1006.2999999993667,7121.167706904563
42316,34.336138429093765,1006.3199999993667,7121.213992569237
42317,34.336138429093765,1006.3399999993667,7121.260277703988
42318,34.336138429093765,1006.3599999993667,7121.306562308796
42319,34.336138429093765,1006.3799999993666,7121.352846383641
42320,34.336138429093765,1006.3999999993666,7121.3991299285035
42321,34.336138429093765,1006.4199999993666,7121.445412943364
42322,34.336138429093765,1006.4399999993666,7121.4916954282035
42323,34.336138429093765,1006.4599999993666,7121.537977383002
42324,34.336138429093765,1006.4799999993666,7121.58425880774
42325,34.336138429093765,1006.4999999993665,7121.630539702399
42326,34.336138429093765,1006.5199999993665,7121.6768200669585
42327,34.336138429093765,1006.5399999993665,7121.723099901399
42328,34.336138429093765,1006.5599999993665,7121.769379205702
42329,34.336138429093765,1006.5799999993665,7121.815657979847
42330,34.336138429093765,1006.5999999993664,7121.861936223815
42331,34.336138429093765,1006.6199999993664,7121.908213937587
42332,34.336138429093765,1006.6399999993664,7121.954491121142
42333,34.336138429093765,1006.6599999993664,7122.0007677744625
42334,34.336138429093765,1006.6799999993664,7122.047043897528
42335,34.336138429093765,1006.6999999993664,7122.093319490319
42336,34.336138429093765,1006.7199999993663,7122.139594552817
42337,34.336138429093765,1006.7399999993663,7122.185869085
42338,34.336138429093765,1006.7599999993663,7122.2321430868515
42339,34.336138429093765,1006.7799999993663,7122.27841655835
42340,34.336138429093765,1006.7999999993663,7122.324689499476
42341,34.336138429093765,1006.8199999993662,7122.370961910212
42342,34.336138429093765,1006.8399999993662,7122.417233790537
42343,34.336138429093765,1006.8599999993662,7122.463505140431
42344,34.336138429093765,1006.8799999993662,7122.509775959877
42345,34.336138429093765,1006.8999999993662,7122.556046248853
42346,34.336138429093765,1006.9199999993662,7122.602316007415
42347,34.336138429093765,1006.9399999993661,7122.648585236854
42348,34.336138429093765,1006.9599999993661,7122.694853937801
42349,34.336138429093765,1006.9799999993661,7122.741122110237
42350,34.336138429093765,1006.9999999993661,7122.78738975414
42351,34.336138429093765,1007.0199999993661,7122.833656869494
42352,34.336138429093765,1007.039999999366,7122.8799234562775
42353,34.336138429093765,1007.059999999366,7122.926189514472
42354,34.336138429093765,1007.079999999366,7122.972455044058
42355,34.336138429093765,1007.099999999366,7123.0187200450155
42356,34.336138429093765,1007.119999999366,7123.064984517326
42357,34.336138429093765,1007.139999999366,7123.111248460968
42358,34.336138429093765,1007.1599999993659,7123.157511875926
42359,34.336138429093765,1007.1799999993659,7123.203774762177
42360,34.336138429093765,1007.1999999993659,7123.250037119703
42361,34.336138429093765,1007.2199999993659,7123.296298948485
42362,34.336138429093765,1007.2399999993659,7123.342560248503
42363,34.336138429093765,1007.2599999993658,7123.388821019738
42364,34.336138429093765,1007.2799999993658,7123.435081262171
42365,34.336138429093765,1007.2999999993658,7123.481340975781
42366,34.336138429093765,1007.3199999993658,7123.52760016055
42367,34.336138429093765,1007.3399999993658,7123.573858816458
42368,34.336138429093765,1007.3599999993658,7123.620116943486
42369,34.336138429093765,1007.3799999993657,7123.6663745416145
42370,34.336138429093765,1007.3999999993657,7123.712631610824
42371,34.336138429093765,1007.4199999993657,7123.758888151096
42372,34.336138429093765,1007.4399999993657,7123.805144162409
42373,34.336138429093765,1007.4599999993657,7123.851399644746
42374,34.336138429093765,1007.4799999993656,7123.897654598087
42375,34.336138429093765,1007.4999999993656,7123.943909022411
42376,34.336138429093765,1007.5199999993656,7123.9901629177
42377,34.336138429093765,1007.5399999993656,7124.036416283935
42378,34.336138429093765,1007.5599999993656,7124.082669121096
42379,34.336138429093765,1007.5799999993656,7124.128921429163
42380,34.336138429093765,1007.5999999993655,7124.1751732081175
42381,34.336138429093765,1007.6199999993655,7124.22142445794
42382,34.336138429093765,1007.6399999993655,7124.267675178611
42383,34.336138429093765,1007.6599999993655,7124.313925370111
42384,34.336138429093765,1007.6799999993655,7124.360175032421
42385,34.336138429093765,1007.6999999993654,7124.406424165521
42386,34.336138429093765,1007.7199999993654,7124.452672769392
42387,34.336138429093765,1007.7399999993654,7124.498920844015
42388,34.336138429093765,1007.7599999993654,7124.54516838937
42389,34.336138429093765,1007.7799999993654,7124.591415405437
42390,34.336138429093765,1007.7999999993654,7124.637661892199
42391,34.336138429093765,1007.8199999993653,7124.683907849634
42392,34.336138429093765,1007.8399999993653,7124.730153277724
42393,34.336138429093765,1007.8599999993653,7124.776398176448
42394,34.336138429093765,1007.8799999993653,7124.822642545789
42395,34.336138429093765,1007.8999999993653,7124.868886385726
42396,34.336138429093765,1007.9199999993652,7124.915129696241
42397,34.336138429093765,1007.9399999993652,7124.961372477416
42398,34.336138429093765,1007.9599999993652,7125.00761473072
42399,34.336138429093765,1007.9799999993652,7125.053856456692
42400,34.336138429093765,1007.9999999993652,7125.100097655313
42401,34.336138429093765,1008.0199999993652,7125.146338326565
42402,34.336138429093765,1008.0399999993651,7125.192578470427
42403,34.336138429093765,1008.0599999993651,7125.238818086881
42404,34.336138429093765,1008.0799999993651,7125.285057175908
42405,34.336138429093765,1008.0999999993651,7125.331295737489
42406,34.28943301012763,1008.1199999993651,7125.377533771605
42407,34.28943301012763,1008.139999999365,7125.423771278237
42408,34.28943301012763,1008.159999999365,7125.470008257365
42409,34.28943301012763,1008.179999999365,7125.5162447089715
42410,34.28943301012763,1008.199999999365,7125.562480633037
42411,34.28943301012763,1008.219999999365,7125.608716029542
42412,34.28943301012763,1008.239999999365,7125.654950898467
42413,34.28943301012763,1008.2599999993649,7125.7011852397945
42414,34.28943301012763,1008.2799999993649,7125.747419053504
42415,34.28943301012763,1008.2999999993649,7125.793652339577
42416,34.28943301012763,1008.3199999993649,7125.839885097996
42417,34.28943301012763,1008.3399999993649,7125.886117328739
42418,34.28943301012763,1008.3599999993648,7125.932349031788
42419,34.28943301012763,1008.3799999993648,7125.978580207126
42420,34.28943301012763,1008.3999999993648,7126.024810854731
42421,34.28943301012763,1008.4199999993648,7126.071040974586
42422,34.28943301012763,1008.4399999993648,7126.117270566671
42423,34.28943301012763,1008.4599999993648,7126.163499630968
42424,34.28943301012763,1008.4799999993647,7126.209728167456
42425,34.28943301012763,1008.4999999993647,7126.255956176118
42426,34.28943301012763,1008.5199999993647,7126.302183656934
42427,34.28943301012763,1008.5399999993647,7126.348410609886
42428,34.28943301012763,1008.5599999993647,7126.394637034953
42429,34.28943301012763,1008.5799999993646,7126.440862932118
42430,34.28943301012763,1008.5999999993646,7126.48708830136
42431,34.28943301012763,1008.6199999993646,7126.533313142661
42432,34.28943301012763,1008.6399999993646,7126.579537456003
42433,34.28943301012763,1008.6599999993646,7126.625761241366
42434,34.28943301012763,1008.6799999993646,7126.67198449873
42435,34.28943301012763,1008.6999999993645,7126.7182072280775
42436,34.28943301012763,1008.7199999993645,7126.764429429389
42437,34.28943301012763,1008.7399999993645,7126.810651102644
42438,34.28943301012763,1008.7599999993645,7126.856872247827
42439,34.28943301012763,1008.7799999993645,7126.903092864915
42440,34.28943301012763,1008.7999999993644,7126.949312953891
42441,34.28943301012763,1008.8199999993644,7126.995532514737
42442,34.28943301012763,1008.8399999993644,7127.041751547431
42443,34.28943301012763,1008.8599999993644,7127.087970051956
42444,34.28943301012763,1008.8799999993644,7127.1341880282935
42445,34.28943301012763,1008.8999999993644,7127.180405476423
42446,34.28943301012763,1008.9199999993643,7127.226622396326
42447,34.28943301012763,1008.9399999993643,7127.272838787983
42448,34.28943301012763,1008.9599999993643,7127.31905465149
42449,34.28943301012763,1008.9799999993643,7127.3652699882305
42450,34.28943301012763,1008.9999999993643,7127.411484798568
42451,34.28943301012763,1009.0199999993642,7127.457699082484
42452,34.28943301012763,1009.0399999993642,7127.50391283996
42453,34.28943301012763,1009.0599999993642,7127.550126070977
42454,34.28943301012763,1009.0799999993642,7127.5963387755155
42455,34.28943301012763,1009.0999999993642,7127.642550953557
42456,34.28943301012763,1009.1199999993642,7127.688762605082
42457,34.28943301012763,1009.1399999993641,7127.734973730073
42458,34.28943301012763,1009.1599999993641,7127.781184328511
42459,34.28943301012763,1009.1799999993641,7127.827394400376
42460,34.28943301012763,1009.1999999993641,7127.87360394565
42461,34.28943301012763,1009.2199999993641,7127.919812964314
42462,34.28943301012763,1009.239999999364,7127.966021456349
42463,34.28943301012763,1009.259999999364,7128.012229421737
42464,34.28943301012763,1009.279999999364,7128.058436860459
42465,34.28943301012763,1009.299999999364,7128.1046437724945
42466,34.28943301012763,1009.319999999364,7128.150850157826
42467,34.28943301012763,1009.339999999364,7128.197056016435
42468,34.28943301012763,1009.3599999993639,7128.243261348302
42469,34.28943301012763,1009.3799999993639,7128.289466153409
42470,34.28943301012763,1009.3999999993639,7128.335670431737
42471,34.28943301012763,1009.4199999993639,7128.381874183266
42472,34.28943301012763,1009.4399999993639,7128.428077407977
42473,34.28943301012763,1009.4599999993638,7128.474280105853
42474,34.28943301012763,1009.4799999993638,7128.520482276874
42475,34.28943301012763,1009.4999999993638,7128.566683921022
42476,34.28943301012763,1009.5199999993638,7128.6128850382765
42477,34.28943301012763,1009.5399999993638,7128.65908562862
42478,34.28943301012763,1009.5599999993638,7128.7052856920345
42479,34.28943301012763,1009.5799999993637,7128.751485228499
42480,34.28943301012763,1009.5999999993637,7128.797684237997
42481,34.28943301012763,1009.6199999993637,7128.843882720507
42482,34.28943301012763,1009.6399999993637,7128.890080676013
42483,34.28943301012763,1009.6599999993637,7128.936278104495
42484,34.28943301012763,1009.6799999993636,7128.982475005933
42485,34.28943301012763,1009.6999999993636,7129.02867138031
42486,34.28943301012763,1009.7199999993636,7129.074867227606
42487,34.28943301012763,1009.7399999993636,7129.1210625478025
42488,34.28943301012763,1009.7599999993636,7129.1672573408805
42489,34.28943301012763,1009.7799999993636,7129.213451606822
42490,34.28943301012763,1009.7999999993635,7129.259645345607
42491,34.28943301012763,1009.8199999993635,7129.305838557218
42492,34.28943301012763,1009.8399999993635,7129.352031241634
42493,34.28943301012763,1009.8599999993635,7129.398223398838
42494,34.28943301012763,1009.8799999993635,7129.444415028811
42495,34.28943301012763,1009.8999999993634,7129.490606131534
42496,34.28943301012763,1009.9199999993634,7129.536796706988
42497,34.28943301012763,1009.9399999993634,7129.582986755154
42498,34.28943301012763,1009.9599999993634,7129.629176276014
42499,34.28943301012763,1009.9799999993634,7129.675365269692
42500,34.28943301012763,1009.9999999993634,7129.72155373775
42501,34.28943301012763,1010.0199999993633,7129.767741680454
42502,34.28943301012763,1010.0399999993633,7129.813929097785
42503,34.28943301012763,1010.0599999993633,7129.860115989726
42504,34.28943301012763,1010.0799999993633,7129.906302356257
42505,34.28943301012763,1010.0999999993633,7129.952488197358
42506,34.28943301012763,1010.1199999993632,7129.998673513013
42507,34.28943301012763,1010.1399999993632,7130.044858303229
42508,34.28943301012763,1010.1599999993632,7130.091042568018
42509,34.28943301012763,1010.1799999993632,7130.13722630736
42510,34.28943301012763,1010.1999999993632,7130.183409521236
42511,34.28943301012763,1010.2199999993632,7130.229592209628
42512,34.28943301012763,1010.2399999993631,7130.275774372517
42513,34.28943301012763,1010.2599999993631,7130.321956009883
42514,34.28943301012763,1010.2799999993631,7130.368137121708
42515,34.28943301012763,1010.2999999993631,7130.414317707972
42516,34.28943301012763,1010.3199999993631,7130.460497768657
42517,34.28943301012763,1010.339999999363,7130.506677303742
42518,34.28943301012763,1010.359999999363,7130.55285631321
42519,34.28943301012763,1010.379999999363,7130.599034797041
42520,34.28943301012763,1010.399999999363,7130.645212755216
42521,34.28943301012763,1010.419999999363,7130.691390187715
42522,34.28943301012763,1010.439999999363,7130.737567094521
42523,34.28943301012763,1010.4599999993629,7130.783743475614
42524,34.28943301012763,1010.4799999993629,7130.829919330974
42525,34.28943301012763,1010.4999999993629,7130.8760946605835
42526,34.28943301012763,1010.5199999993629,7130.922269464422
42527,34.28943301012763,1010.5399999993629,7130.968443742472
42528,34.28943301012763,1010.5599999993628,7131.014617494713
42529,34.28943301012763,1010.5799999993628,7131.060790721127
42530,34.28943301012763,1010.5999999993628,7131.106963421695
42531,34.28943301012763,1010.6199999993628,7131.153135596396
42532,34.28943301012763,1010.6399999993628,7131.199307245213
42533,34.28943301012763,1010.6599999993628,7131.245478368127
42534,34.28943301012763,1010.6799999993627,7131.291648965118
42535,34.28943301012763,1010.6999999993627,7131.337819036167
42536,34.28943301012763,1010.7199999993627,7131.383988581256
42537,34.28943301012763,1010.7399999993627,7131.4301576003645
42538,34.28943301012763,1010.7599999993627,7131.476326093474
42539,34.28943301012763,1010.7799999993626,7131.522494060566
42540,34.28943301012763,1010.7999999993626,7131.56866150162
42541,34.28943301012763,1010.8199999993626,7131.614828416619
42542,34.28943301012763,1010.8399999993626,7131.660994805543
42543,34.28943301012763,1010.8599999993626,7131.707160668372
42544,34.28943301012763,1010.8799999993626,7131.753326005089
42545,34.28943301012763,1010.8999999993625,7131.7994908156725
42546,34.28943301012763,1010.9199999993625,7131.845655100105
42547,34.28943301012763,1010.9399999993625,7131.8918188583675
42548,34.28943301012763,1010.9599999993625,7131.9379820904405
42549,34.28943301012763,1010.9799999993625,7131.984144796305
42550,34.28943301012763,1010.9999999993624,7132.03030697611
42551,34.28943301012763,1011.0199999993624,7132.076468631509
42552,34.28943301012763,1011.0399999993624,7132.122629762649
42553,34.28943301012763,1011.0599999993624,7132.168790369513
42554,34.28943301012763,1011.0799999993624,7132.21495045208
42555,34.28943301012763,1011.0999999993624,7132.261110010332
42556,34.28943301012763,1011.1199999993623,7132.30726904425
42557,34.28943301012763,1011.1399999993623,7132.353427553814
42558,34.28943301012763,1011.1599999993623,7132.399585539006
42559,34.28943301012763,1011.1799999993623,7132.445742999806
42560,34.28943301012763,1011.1999999993623,7132.491899936195
42561,34.28943301012763,1011.2199999993622,7132.538056348156
42562,34.28943301012763,1011.2399999993622,7132.584212235667
42563,34.28943301012763,1011.2599999993622,7132.630367598711
42564,34.28943301012763,1011.2799999993622,7132.676522437268
42565,34.28943301012763,1011.2999999993622,7132.722676751319
42566,34.28943301012763,1011.3199999993622,7132.768830540846
42567,34.28943301012763,1011.3399999993621,7132.814983805828
42568,34.28943301012763,1011.3599999993621,7132.8611365462475
42569,34.28943301012763,1011.3799999993621,7132.907288762085
42570,34.28943301012763,1011.3999999993621,7132.9534404533215
42571,34.28943301012763,1011.4199999993621,7132.999591619938
42572,34.28943301012763,1011.439999999362,7133.045742261915
42573,34.28943301012763,1011.459999999362,7133.091892379234
42574,34.28943301012763,1011.479999999362,7133.138041971876
42575,34.28943301012763,1011.499999999362,7133.184191039822
42576,34.28943301012763,1011.519999999362,7133.230339583052
42577,34.28943301012763,1011.539999999362,7133.276487601548
42578,34.28943301012763,1011.5599999993619,7133.322635095291
42579,34.28943301012763,1011.5799999993619,7133.368782064261
42580,34.28943301012763,1011.5999999993619,7133.4149285084395
42581,34.28943301012763,1011.6199999993619,7133.461074427807
42582,34.28943301012763,1011.6399999993619,7133.507219822345
42583,34.28943301012763,1011.6599999993618,7133.553364692035
42584,34.28943301012763,1011.6799999993618,7133.599509036857
42585,34.28943301012763,1011.6999999993618,7133.645652856792
42586,34.28943301012763,1011.7199999993618,7133.691796151822
42587,34.28943301012763,1011.7399999993618,7133.737938921927
42588,34.28943301012763,1011.7599999993618,7133.784081167088
42589,34.28943301012763,1011.7799999993617,7133.830222887285
42590,34.28943301012763,1011.7999999993617,7133.876364082501
42591,34.28943301012763,1011.8199999993617,7133.922504752715
42592,34.28943301012763,1011.8399999993617,7133.96864489791
42593,34.28943301012763,1011.8599999993617,7134.014784518065
42594,34.28943301012763,1011.8799999993616,7134.060923613163
42595,34.28943301012763,1011.8999999993616,7134.107062183183
42596,34.28943301012763,1011.9199999993616,7134.153200228107
42597,34.28943301012763,1011.9399999993616,7134.199337747916
42598,34.28943301012763,1011.9599999993616,7134.24547474259
42599,34.28943301012763,1011.9799999993616,7134.291611212111
42600,34.28943301012763,1011.9999999993615,7134.33774715646
42601,34.28943301012763,1012.0199999993615,7134.383882575918
42602,34.28943301012763,1012.0399999993615,7134.43001747212
42603,34.28943301012763,1012.0599999993615,7134.476151845199
42604,34.28943301012763,1012.0799999993615,7134.522285695135
42605,34.28943301012763,1012.0999999993614,7134.568419021909
42606,34.28943301012763,1012.1199999993614,7134.614551825502
42607,34.28943301012763,1012.1399999993614,7134.660684105894
42608,34.28943301012763,1012.1599999993614,7134.7068158630655
42609,34.28943301012763,1012.1799999993614,7134.7529470969985
42610,34.28943301012763,1012.1999999993614,7134.799077807673
42611,34.28943301012763,1012.2199999993613,7134.845207995069
42612,34.28943301012763,1012.2399999993613,7134.891337659169
42613,34.28943301012763,1012.2599999993613,7134.937466799953
42614,34.28943301012763,1012.2799999993613,7134.9835954174005
42615,34.28943301012763,1012.2999999993613,7135.029723511494
42616,34.28943301012763,1012.3199999993612,7135.075851082213
42617,34.28943301012763,1012.3399999993612,7135.1219781295395
42618,34.28943301012763,1012.3599999993612,7135.168104653453
42619,34.28943301012763,1012.3799999993612,7135.2142306539345
42620,34.28943301012763,1012.3999999993612,7135.260356130965
42621,34.28943301012763,1012.4199999993612,7135.306481084525
42622,34.28943301012763,1012.4399999993611,7135.352605514596
42623,34.28943301012763,1012.4599999993611,7135.398729421157
42624,34.28943301012763,1012.4799999993611,7135.44485280419
42625,34.28943301012763,1012.4999999993611,7135.490975663676
42626,34.28943301012763,1012.5199999993611,7135.537097999595
42627,34.28943301012763,1012.539999999361,7135.583219811928
42628,34.28943301012763,1012.559999999361,7135.629341100655
42629,34.28943301012763,1012.579999999361,7135.675461865759
42630,34.28943301012763,1012.599999999361,7135.721582107219
42631,34.28943301012763,1012.619999999361,7135.767701825015
42632,34.28943301012763,1012.639999999361,7135.81382101913
42633,34.28943301012763,1012.6599999993609,7135.859939689543
42634,34.28943301012763,1012.6799999993609,7135.906057836236
42635,34.28943301012763,1012.6999999993609,7135.952175459188
42636,34.28943301012763,1012.7199999993609,7135.998292558381
42637,34.28943301012763,1012.7399999993609,7136.044409133795
42638,34.28943301012763,1012.7599999993608,7136.090525185411
42639,34.28943301012763,1012.7799999993608,7136.13664071321
42640,34.28943301012763,1012.7999999993608,7136.182755717173
42641,34.24283337959261,1012.8199999993608,7136.22887019728
42642,34.24283337959261,1012.8399999993608,7136.274984153512
42643,34.24283337959261,1012.8599999993608,7136.32109758585
42644,34.24283337959261,1012.8799999993607,7136.367210494275
42645,34.24283337959261,1012.8999999993607,7136.413322878767
42646,34.24283337959261,1012.9199999993607,7136.459434739307
42647,34.24283337959261,1012.9399999993607,7136.505546075876
42648,34.24283337959261,1012.9599999993607,7136.551656888454
42649,34.24283337959261,1012.9799999993606,7136.597767177022
42650,34.24283337959261,1012.9999999993606,7136.643876941562
42651,34.24283337959261,1013.0199999993606,7136.689986182053
42652,34.24283337959261,1013.0399999993606,7136.736094898858
42653,34.24283337959261,1013.0599999993606,7136.782203093356
42654,34.24283337959261,1013.0799999993606,7136.82831076564
42655,34.24283337959261,1013.0999999993605,7136.874417915692
42656,34.24283337959261,1013.1199999993605,7136.920524543493
42657,34.24283337959261,1013.1399999993605,7136.966630649025
42658,34.24283337959261,1013.1599999993605,7137.012736232269
42659,34.24283337959261,1013.1799999993605,7137.058841293206
42660,34.24283337959261,1013.1999999993604,7137.104945831816
42661,34.24283337959261,1013.2199999993604,7137.151049848082
42662,34.24283337959261,1013.2399999993604,7137.197153341985
42663,34.24283337959261,1013.2599999993604,7137.243256313505
42664,34.24283337959261,1013.2799999993604,7137.289358762625
42665,34.24283337959261,1013.2999999993604,7137.335460689325
42666,34.24283337959261,1013.3199999993603,7137.3815620935875
42667,34.24283337959261,1013.3399999993603,7137.427662975392
42668,34.24283337959261,1013.3599999993603,7137.473763334721
42669,34.24283337959261,1013.3799999993603,7137.519863171556
42670,34.24283337959261,1013.3999999993603,7137.565962485877
42671,34.24283337959261,1013.4199999993602,7137.612061277667
42672,34.24283337959261,1013.4399999993602,7137.658159546906
42673,34.24283337959261,1013.4599999993602,7137.704257293575
42674,34.24283337959261,1013.4799999993602,7137.750354517657
42675,34.24283337959261,1013.4999999993602,7137.796451219131
42676,34.24283337959261,1013.5199999993602,7137.84254739798
42677,34.24283337959261,1013.5399999993601,7137.888643054184
42678,34.24283337959261,1013.5599999993601,7137.934738187726
42679,34.24283337959261,1013.5799999993601,7137.980832798586
42680,34.24283337959261,1013.5999999993601,7138.026926886744
42681,34.24283337959261,1013.6199999993601,7138.073020452183
42682,34.24283337959261,1013.63999999936,7138.119113494885
42683,34.24283337959261,1013.65999999936,7138.16520601483
42684,34.24283337959261,1013.67999999936,7138.211298011999
42685,34.24283337959261,1013.69999999936,7138.257389486374
42686,34.24283337959261,1013.71999999936,7138.303480437937
42687,34.24283337959261,1013.73999999936,7138.349570866667
42688,34.24283337959261,1013.7599999993599,7138.395660772547
42689,34.24283337959261,1013.7799999993599,7138.441750155557
42690,34.24283337959261,1013.7999999993599,7138.48783901568
42691,34.24283337959261,1013.8199999993599,7138.533927352896
42692,34.24283337959261,1013.8399999993599,7138.5800151671865
42693,34.24283337959261,1013.8599999993598,7138.626102458533
42694,34.24283337959261,1013.8799999993598,7138.672189226916
42695,34.24283337959261,1013.8999999993598,7138.718275472318
42696,34.24283337959261,1013.9199999993598,7138.76436119472
42697,34.24283337959261,1013.9399999993598,7138.810446394102
42698,34.24283337959261,1013.9599999993598,7138.856531070446
42699,34.24283337959261,1013.9799999993597,7138.902615223734
42700,34.24283337959261,1013.9999999993597,7138.948698853947
42701,34.24283337959261,1014.0199999993597,7138.994781961065
42702,34.24283337959261,1014.0399999993597,7139.040864545071
42703,34.24283337959261,1014.0599999993597,7139.086946606453
42704,34.24283337959261,1014.0799999993596,7139.133028146543
42705,34.24283337959261,1014.0999999993596,7139.179109165415
42706,34.24283337959261,1014.1199999993596,7139.225189663049
42707,34.24283337959261,1014.1399999993596,7139.2712696394265
42708,34.24283337959261,1014.1599999993596,7139.317349094529
42709,34.24283337959261,1014.1799999993596,7139.363428028338
42710,34.24283337959261,1014.1999999993595,7139.409506440833
42711,34.24283337959261,1014.2199999993595,7139.455584331996
42712,34.24283337959261,1014.2399999993595,7139.501661701808
42713,34.24283337959261,1014.2599999993595,7139.54773855025
42714,34.24283337959261,1014.2799999993595,7139.593814877303
42715,34.24283337959261,1014.2999999993594,7139.639890682948
42716,34.24283337959261,1014.3199999993594,7139.685965967166
42717,34.24283337959261,1014.3399999993594,7139.732040729939
42718,34.24283337959261,1014.3599999993594,7139.778114971247
42719,34.24283337959261,1014.3799999993594,7139.824188691072
42720,34.24283337959261,1014.3999999993594,7139.870261889394
42721,34.24283337959261,1014.4199999993593,7139.916334566195
42722,34.24283337959261,1014.4399999993593,7139.9624067214545
42723,34.24283337959261,1014.4599999993593,7140.008478355155
42724,34.24283337959261,1014.4799999993593,7140.054549467279
42725,34.24283337959261,1014.4999999993593,7140.1006200578095
42726,34.24283337959261,1014.5199999993592,7140.146690126728
42727,34.24283337959261,1014.5399999993592,7140.192759674015
42728,34.24283337959261,1014.5599999993592,7140.238828699653
42729,34.24283337959261,1014.5799999993592,7140.284897203623
42730,34.24283337959261,1014.5999999993592,7140.330965185905
42731,34.24283337959261,1014.6199999993592,7140.377032646482
42732,34.24283337959261,1014.6399999993591,7140.423099585334
42733,34.24283337959261,1014.6599999993591,7140.469166002444
42734,34.24283337959261,1014.6799999993591,7140.515231897792
42735,34.24283337959261,1014.6999999993591,7140.561297271359
42736,34.24283337959261,1014.7199999993591,7140.607362123127
42737,34.24283337959261,1014.739999999359,7140.653426453077
42738,34.24283337959261,1014.759999999359,7140.6994902611905
42739,34.24283337959261,1014.779999999359,7140.745553547448
42740,34.24283337959261,1014.799999999359,7140.7916163118325
42741,34.24283337959261,1014.819999999359,7140.837678554324
42742,34.24283337959261,1014.839999999359,7140.883740274904
42743,34.24283337959261,1014.8599999993589,7140.929801473554
42744,34.24283337959261,1014.8799999993589,7140.975862150255
42745,34.24283337959261,1014.8999999993589,7141.021922304989
42746,34.24283337959261,1014.9199999993589,7141.0679819377365
42747,34.24283337959261,1014.9399999993589,7141.114041048479
42748,34.24283337959261,1014.9599999993588,7141.160099637197
42749,34.24283337959261,1014.9799999993588,7141.206157703874
42750,34.24283337959261,1014.9999999993588,7141.25221524849
42751,34.24283337959261,1015.0199999993588,7141.298272271026
42752,34.24283337959261,1015.0399999993588,7141.344328771464
42753,34.24283337959261,1015.0599999993588,7141.390384749784
42754,34.24283337959261,1015.0799999993587,7141.436440206601
42755,34.24283337959261,1015.0999999993587,7141.482495143171
42756,34.24283337959261,1015.1199999993587,7141.528549559546
42757,34.24283337959261,1015.1399999993587,7141.574603455709
42758,34.24283337959261,1015.1599999993587,7141.62065683164
42759,34.24283337959261,1015.1799999993586,7141.666709687321
42760,34.24283337959261,1015.1999999993586,7141.712762022733
42761,34.24283337959261,1015.2199999993586,7141.758813837857
42762,34.24283337959261,1015.2399999993586,7141.804865132675
42763,34.24283337959261,1015.2599999993586,7141.850915907168
42764,34.24283337959261,1015.2799999993586,7141.896966161317
42765,34.24283337959261,1015.2999999993585,7141.9430158951045
42766,34.24283337959261,1015.3199999993585,7141.989065108511
42767,34.24283337959261,1015.3399999993585,7142.035113801518
42768,34.24283337959261,1015.3599999993585,7142.081161974106
42769,34.24283337959261,1015.3799999993585,7142.127209626257
42770,34.24283337959261,1015.3999999993584,7142.173256757953
42771,34.24283337959261,1015.4199999993584,7142.219303369175
42772,34.24283337959261,1015.4399999993584,7142.2653494599035
42773,34.24283337959261,1015.4599999993584,7142.31139503012
42774,34.24283337959261,1015.4799999993584,7142.357440079807
42775,34.24283337959261,1015.4999999993584,7142.403484608945
42776,34.24283337959261,1015.5199999993583,7142.449528617515
42777,34.24283337959261,1015.5399999993583,7142.495572105499
42778,34.24283337959261,1015.5599999993583,7142.541615072879
42779,34.24283337959261,1015.5799999993583,7142.587657519634
42780,34.24283337959261,1015.5999999993583,7142.633699445748
42781,34.24283337959261,1015.6199999993582,7142.6797408512
42782,34.24283337959261,1015.6399999993582,7142.725781735973
42783,34.24283337959261,1015.6599999993582,7142.771822100048
42784,34.24283337959261,1015.6799999993582,7142.817861943406
42785,34.24283337959261,1015.6999999993582,7142.863901266028
42786,34.24283337959261,1015.7199999993582,7142.909940067896
42787,34.24283337959261,1015.7399999993581,7142.955978348991
42788,34.24283337959261,1015.7599999993581,7143.002016109294
42789,34.24283337959261,1015.7799999993581,7143.048053348788
42790,34.24283337959261,1015.7999999993581,7143.094090067452
42791,34.24283337959261,1015.8199999993581,7143.140126265269
42792,34.24283337959261,1015.839999999358,7143.18616194222
42793,34.24283337959261,1015.859999999358,7143.232197098286
42794,34.24283337959261,1015.879999999358,7143.278231733448
42795,34.24283337959261,1015.899999999358,7143.3242658476875
42796,34.24283337959261,1015.919999999358,7143.370299440987
42797,34.24283337959261,1015.939999999358,7143.416332513327
42798,34.24283337959261,1015.9599999993579,7143.462365064688
42799,34.24283337959261,1015.9799999993579,7143.508397095053
42800,34.24283337959261,1015.9999999993579,7143.554428604401
42801,34.24283337959261,1016.0199999993579,7143.600459592716
42802,34.24283337959261,1016.0399999993579,7143.6464900599785
42803,34.24283337959261,1016.0599999993578,7143.692520006169
42804,34.24283337959261,1016.0799999993578,7143.738549431269
42805,34.24283337959261,1016.0999999993578,7143.784578336011
42806,34.24283337959261,1016.1199999993578,7143.830606721559
42807,34.24283337959261,1016.1399999993578,7143.876634587943
42808,34.24283337959261,1016.1599999993578,7143.922661935145
42809,34.24283337959261,1016.1799999993577,7143.968688763145
42810,34.24283337959261,1016.1999999993577,7144.014715071925
42811,34.24283337959261,1016.2199999993577,7144.060740861466
42812,34.24283337959261,1016.2399999993577,7144.10676613175
42813,34.24283337959261,1016.2599999993577,7144.152790882758
42814,34.24283337959261,1016.2799999993576,7144.1988151144715
42815,34.24283337959261,1016.2999999993576,7144.244838826871
42816,34.24283337959261,1016.3199999993576,7144.29086201994
42817,34.24283337959261,1016.3399999993576,7144.336884693657
42818,34.24283337959261,1016.3599999993576,7144.382906848005
42819,34.24283337959261,1016.3799999993576,7144.428928482966
42820,34.24283337959261,1016.3999999993575,7144.47494959852
42821,34.24283337959261,1016.4199999993575,7144.520970194649
42822,34.24283337959261,1016.4399999993575,7144.566990271333
42823,34.24283337959261,1016.4599999993575,7144.613009828556
42824,34.24283337959261,1016.4799999993575,7144.6590288662965
42825,34.24283337959261,1016.4999999993574,7144.7050473845375
42826,34.24283337959261,1016.5199999993574,7144.7510653832605
42827,34.24283337959261,1016.5399999993574,7144.797082862446
42828,34.24283337959261,1016.5599999993574,7144.843099822076
42829,34.24283337959261,1016.5799999993574,7144.889116262131
42830,34.24283337959261,1016.5999999993574,7144.935132182593
42831,34.24283337959261,1016.6199999993573,7144.981147583444
42832,34.24283337959261,1016.6399999993573,7145.027162464664
42833,34.24283337959261,1016.6599999993573,7145.073176826235
42834,34.24283337959261,1016.6799999993573,7145.119190668138
42835,34.24283337959261,1016.6999999993573,7145.165203990355
42836,34.24283337959261,1016.7199999993572,7145.211216792866
42837,34.24283337959261,1016.7399999993572,7145.257229075654
42838,34.24283337959261,1016.7599999993572,7145.3032408387
42839,34.24283337959261,1016.7799999993572,7145.349252081985
42840,34.24283337959261,1016.7999999993572,7145.395262805489
42841,34.24283337959261,1016.8199999993572,7145.441273009196
42842,34.24283337959261,1016.8399999993571,7145.487282693086
42843,34.24283337959261,1016.8599999993571,7145.53329185714
42844,34.24283337959261,1016.8799999993571,7145.57930050134
42845,34.24283337959261,1016.8999999993571,7145.6253086256675
42846,34.24283337959261,1016.9199999993571,7145.671316230103
42847,34.24283337959261,1016.939999999357,7145.717323314629
42848,34.24283337959261,1016.959999999357,7145.763329879225
42849,34.24283337959261,1016.979999999357,7145.809335923875
42850,34.24283337959261,1016.999999999357,7145.855341448558
42851,34.24283337959261,1017.019999999357,7145.901346453255
42852,34.24283337959261,1017.039999999357,7145.94735093795
42853,34.24283337959261,1017.0599999993569,7145.993354902623
42854,34.24283337959261,1017.0799999993569,7146.039358347254
42855,34.24283337959261,1017.0999999993569,7146.0853612718265
42856,34.24283337959261,1017.1199999993569,7146.131363677236
42857,34.24283337959261,1017.1399999993569,7146.177365564614
42858,34.24283337959261,1017.1599999993568,7146.223366933969
42859,34.24283337959261,1017.1799999993568,7146.269367785282
42860,34.24283337959261,1017.1999999993568,7146.315368118534
42861,34.24283337959261,1017.2199999993568,7146.361367933706
42862,34.24283337959261,1017.2399999993568,7146.4073672307795
42863,34.24283337959261,1017.2599999993568,7146.453366009736
42864,34.24283337959261,1017.2799999993567,7146.499364270557
42865,34.24283337959261,1017.2999999993567,7146.545362013222
42866,34.24283337959261,1017.3199999993567,7146.591359237715
42867,34.24283337959261,1017.3399999993567,7146.637355944014
42868,34.24283337959261,1017.3599999993567,7146.683352132103
42869,34.24283337959261,1017.3799999993566,7146.729347801963
42870,34.24283337959261,1017.3999999993566,7146.775342953574
42871,34.24283337959261,1017.4199999993566,7146.821337586918
42872,34.24283337959261,1017.4399999993566,7146.867331701977
42873,34.24283337959261,1017.4599999993566,7146.91332529873
42874,34.24283337959261,1017.4799999993566,7146.95931837716
42875,34.24283337959261,1017.4999999993565,7147.005310937248
42876,34.24283337959261,1017.5199999993565,7147.051302978975
42877,34.196339202335174,1017.5399999993565,7147.097294502323
42878,34.196339202335174,1017.5599999993565,7147.143285507273
42879,34.196339202335174,1017.5799999993565,7147.189275993805
42880,34.196339202335174,1017.5999999993564,7147.235265961901
42881,34.196339202335174,1017.6199999993564,7147.281255411543
42882,34.196339202335174,1017.6399999993564,7147.32724434271
42883,34.196339202335174,1017.6599999993564,7147.373232755386
42884,34.196339202335174,1017.6799999993564,7147.419220649552
42885,34.196339202335174,1017.6999999993564,7147.465208025187
42886,34.196339202335174,1017.7199999993563,7147.511194882275
42887,34.196339202335174,1017.7399999993563,7147.557181220795
42888,34.196339202335174,1017.7599999993563,7147.60316704073
42889,34.196339202335174,1017.7799999993563,7147.64915234206
42890,34.196339202335174,1017.7999999993563,7147.695137124767
42891,34.196339202335174,1017.8199999993562,7147.741121388832
42892,34.196339202335174,1017.8399999993562,7147.787105134236
42893,34.196339202335174,1017.8599999993562,7147.833088360961
42894,34.196339202335174,1017.8799999993562,7147.879071068987
42895,34.196339202335174,1017.8999999993562,7147.925053258296
42896,34.196339202335174,1017.9199999993562,7147.971034928871
42897,34.196339202335174,1017.9399999993561,7148.01701608069
42898,34.196339202335174,1017.9599999993561,7148.0629967137365
42899,34.196339202335174,1017.9799999993561,7148.108976827991
42900,34.196339202335174,1017.9999999993561,7148.154956423435
42901,34.196339202335174,1018.0199999993561,7148.200935500049
42902,34.196339202335174,1018.039999999356,7148.246914057815
42903,34.196339202335174,1018.059999999356,7148.292892096714
42904,34.196339202335174,1018.079999999356,7148.338869616728
42905,34.196339202335174,1018.099999999356,7148.384846617837
42906,34.196339202335174,1018.119999999356,7148.430823100023
42907,34.196339202335174,1018.139999999356,7148.476799064185
42908,34.196339202335174,1018.1599999993559,7148.522774511232
42909,34.196339202335174,1018.1799999993559,7148.568749441146
42910,34.196339202335174,1018.1999999993559,7148.614723853909
42911,34.196339202335174,1018.2199999993559,7148.660697749502
42912,34.196339202335174,1018.2399999993559,7148.706671127907
42913,34.196339202335174,1018.2599999993558,7148.7526439891035
42914,34.196339202335174,1018.2799999993558,7148.798616333073
42915,34.196339202335174,1018.2999999993558,7148.844588159798
42916,34.196339202335174,1018.3199999993558,7148.890559469259
42917,34.196339202335174,1018.3399999993558,7148.936530261437
42918,34.196339202335174,1018.3599999993558,7148.982500536314
42919,34.196339202335174,1018.3799999993557,7149.02847029387
42920,34.196339202335174,1018.3999999993557,7149.074439534086
42921,34.196339202335174,1018.4199999993557,7149.120408256945
42922,34.196339202335174,1018.4399999993557,7149.166376462426
42923,34.196339202335174,1018.4599999993557,7149.212344150512
42924,34.196339202335174,1018.4799999993556,7149.258311321183
42925,34.196339202335174,1018.4999999993556,7149.304277974421
42926,34.196339202335174,1018.5199999993556,7149.350244110206
42927,34.196339202335174,1018.5399999993556,7149.396209728521
42928,34.196339202335174,1018.5599999993556,7149.442174829346
42929,34.196339202335174,1018.5799999993556,7149.488139412662
42930,34.196339202335174,1018.5999999993555,7149.5341034784515
42931,34.196339202335174,1018.6199999993555,7149.580067026694
42932,34.196339202335174,1018.6399999993555,7149.626030057372
42933,34.196339202335174,1018.6599999993555,7149.6719925704665
42934,34.196339202335174,1018.6799999993555,7149.717954565958
42935,34.196339202335174,1018.6999999993554,7149.763916043828
42936,34.196339202335174,1018.7199999993554,7149.809877004059
42937,34.196339202335174,1018.7399999993554,7149.855837446629
42938,34.196339202335174,1018.7599999993554,7149.901797371523
42939,34.196339202335174,1018.7799999993554,7149.947756778719
42940,34.196339202335174,1018.7999999993554,7149.9937156682
42941,34.196339202335174,1018.8199999993553,7150.039674039963
42942,34.196339202335174,1018.8399999993553,7150.085631894015
42943,34.196339202335174,1018.8599999993553,7150.131589230338
42944,34.196339202335174,1018.8799999993553,7150.177546048913
42945,34.196339202335174,1018.8999999993553,7150.2235023497215
42946,34.196339202335174,1018.9199999993552,7150.269458132744
42947,34.196339202335174,1018.9399999993552,7150.315413397963
42948,34.196339202335174,1018.9599999993552,7150.36136814536
42949,34.196339202335174,1018.9799999993552,7150.407322374915
42950,34.196339202335174,1018.9999999993552,7150.453276086609
42951,34.196339202335174,1019.0199999993552,7150.499229280424
42952,34.196339202335174,1019.0399999993551,7150.5451819563405
42953,34.196339202335174,1019.0599999993551,7150.591134114341
42954,34.196339202335174,1019.0799999993551,7150.637085754406
42955,34.196339202335174,1019.0999999993551,7150.683036876517
42956,34.196339202335174,1019.1199999993551,7150.728987480655
42957,34.196339202335174,1019.139999999355,7150.774937566823
42958,34.196339202335174,1019.159999999355,7150.820887136066
42959,34.196339202335174,1019.179999999355,7150.866836189234
42960,34.196339202335174,1019.199999999355,7150.912784726309
42961,34.196339202335174,1019.219999999355,7150.958732747271
42962,34.196339202335174,1019.239999999355,7151.004680252102
42963,34.196339202335174,1019.2599999993549,7151.050627240783
42964,34.196339202335174,1019.2799999993549,7151.096573713296
42965,34.196339202335174,1019.2999999993549,7151.142519669621
42966,34.196339202335174,1019.3199999993549,7151.188465109741
42967,34.196339202335174,1019.3399999993549,7151.234410033636
42968,34.196339202335174,1019.3599999993548,7151.280354441287
42969,34.196339202335174,1019.3799999993548,7151.326298332677
42970,34.196339202335174,1019.3999999993548,7151.372241707785
42971,34.196339202335174,1019.4199999993548,7151.4181845665935
42972,34.196339202335174,1019.4399999993548,7151.4641269090835
42973,34.196339202335174,1019.4599999993547,7151.510068735236
42974,34.196339202335174,1019.4799999993547,7151.556010045033
42975,34.196339202335174,1019.4999999993547,7151.601950838455
42976,34.196339202335174,1019.5199999993547,7151.6478911154845
42977,34.196339202335174,1019.5399999993547,7151.693830876101
42978,34.196339202335174,1019.5599999993547,7151.739770120287
42979,34.196339202335174,1019.5799999993546,7151.785708848023
42980,34.196339202335174,1019.5999999993546,7151.831647059292
42981,34.196339202335174,1019.6199999993546,7151.877584754073
42982,34.196339202335174,1019.6399999993546,7151.923521932348
42983,34.196339202335174,1019.6599999993546,7151.969458594099
42984,34.196339202335174,1019.6799999993545,7152.015394739306
42985,34.196339202335174,1019.6999999993545,7152.061330367952
42986,34.196339202335174,1019.7199999993545,7152.107265480016
42987,34.196339202335174,1019.7399999993545,7152.153200075481
42988,34.196339202335174,1019.7599999993545,7152.199134154329
42989,34.196339202335174,1019.7799999993545,7152.245067716539
42990,34.196339202335174,1019.7999999993544,7152.291000762093
42991,34.196339202335174,1019.8199999993544,7152.336933290973
42992,34.196339202335174,1019.8399999993544,7152.3828653031605
42993,34.196339202335174,1019.8599999993544,7152.428796798636
42994,34.196339202335174,1019.8799999993544,7152.47472777738
42995,34.196339202335174,1019.8999999993543,7152.520658239376
42996,34.196339202335174,1019.9199999993543,7152.5665881846035
42997,34.196339202335174,1019.9399999993543,7152.612517613044
42998,34.196339202335174,1019.9599999993543,7152.658446524679
42999,34.196339202335174,1019.9799999993543,7152.70437491949
43000,34.196339202335174,1019.9999999993543,7152.750302797458
43001,34.196339202335174,1020.0199999993542,7152.796230158564
43002,34.196339202335174,1020.0399999993542,7152.8421570027895
43003,34.196339202335174,1020.0599999993542,7152.888083330116
43004,34.196339202335174,1020.0799999993542,7152.934009140525
43005,34.196339202335174,1020.0999999993542,7152.979934433996
43006,34.196339202335174,1020.1199999993541,7153.025859210513
43007,34.196339202335174,1020.1399999993541,7153.071783470055
43008,34.196339202335174,1020.1599999993541,7153.11770721265
43009,34.196339202335174,1020.1799999993541,7153.163630439436
43010,34.196339202335174,1020.1999999993541,7153.209553151149
43011,34.196339202335174,1020.2199999993541,7153.25547534777
43012,34.196339202335174,1020.239999999354,7153.30139702928
43013,34.196339202335174,1020.259999999354,7153.347318195662
43014,34.196339202335174,1020.279999999354,7153.393238846897
43015,34.196339202335174,1020.299999999354,7153.439158982965
43016,34.196339202335174,1020.319999999354,7153.485078603848
43017,34.196339202335174,1020.339999999354,7153.530997709528
43018,34.196339202335174,1020.3599999993539,7153.576916299985
43019,34.196339202335174,1020.3799999993539,7153.622834375201
43020,34.196339202335174,1020.3999999993539,7153.668751935157
43021,34.196339202335174,1020.4199999993539,7153.714668979836
43022,34.196339202335174,1020.4399999993539,7153.760585509217
43023,34.196339202335174,1020.4599999993538,7153.806501523282
43024,34.196339202335174,1020.4799999993538,7153.8524170220135
43025,34.196339202335174,1020.4999999993538,7153.898332005391
43026,34.196339202335174,1020.5199999993538,7153.9442464733975
43027,34.196339202335174,1020.5399999993538,7153.990160426013
43028,34.196339202335174,1020.5599999993537,7154.036073863219
43029,34.196339202335174,1020.5799999993537,7154.081986784997
43030,34.196339202335174,1020.5999999993537,7154.127899191329
43031,34.196339202335174,1020.6199999993537,7154.173811082195
43032,34.196339202335174,1020.6399999993537,7154.2197224575775
43033,34.196339202335174,1020.6599999993537,7154.265633317457
43034,34.196339202335174,1020.6799999993536,7154.311543661815
43035,34.196339202335174,1020.6999999993536,7154.357453490634
43036,34.196339202335174,1020.7199999993536,7154.403362803893
43037,34.196339202335174,1020.7399999993536,7154.449271601576
43038,34.196339202335174,1020.7599999993536,7154.495179883662
43039,34.196339202335174,1020.7799999993535,7154.541087650133
43040,34.196339202335174,1020.7999999993535,7154.58699490097
43041,34.196339202335174,1020.8199999993535,7154.632901636156
43042,34.196339202335174,1020.8399999993535,7154.67880785567
43043,34.196339202335174,1020.8599999993535,7154.724713559495
43044,34.196339202335174,1020.8799999993535,7154.770618747612
43045,34.196339202335174,1020.8999999993534,7154.816523420002
43046,34.196339202335174,1020.9199999993534,7154.862427576646
43047,34.196339202335174,1020.9399999993534,7154.908331217526
43048,34.196339202335174,1020.9599999993534,7154.954234342623
43049,34.196339202335174,1020.9799999993534,7155.000136951918
43050,34.196339202335174,1020.9999999993533,7155.046039045393
43051,34.196339202335174,1021.0199999993533,7155.091940623029
43052,34.196339202335174,1021.0399999993533,7155.1378416848065
43053,34.196339202335174,1021.0599999993533,7155.183742230708
43054,34.196339202335174,1021.0799999993533,7155.229642260714
43055,34.196339202335174,1021.0999999993533,7155.275541774807
43056,34.196339202335174,1021.1199999993532,7155.3214407729665
43057,34.196339202335174,1021.1399999993532,7155.3673392551755
43058,34.196339202335174,1021.1599999993532,7155.413237221414
43059,34.196339202335174,1021.1799999993532,7155.459134671733
43060,34.196339202335174,1021.1999999993532,7155.505031607373
43061,34.196339202335174,1021.2199999993531,7155.550928028959
43062,34.196339202335174,1021.2399999993531,7155.596823936473
43063,34.196339202335174,1021.2599999993531,7155.642719329895
43064,34.196339202335174,1021.2799999993531,7155.688614209207
43065,34.196339202335174,1021.2999999993531,7155.73450857439
43066,34.196339202335174,1021.3199999993531,7155.780402425426
43067,34.196339202335174,1021.339999999353,7155.826295762294
43068,34.196339202335174,1021.359999999353,7155.872188584976
43069,34.196339202335174,1021.379999999353,7155.918080893454
43070,34.196339202335174,1021.399999999353,7155.963972687709
43071,34.196339202335174,1021.419999999353,7156.009863967723
43072,34.196339202335174,1021.439999999353,7156.055754733475
43073,34.196339202335174,1021.4599999993529,7156.101644984947
43074,34.196339202335174,1021.4799999993529,7156.14753472212
43075,34.196339202335174,1021.4999999993529,7156.1934239449765
43076,34.196339202335174,1021.5199999993529,7156.239312653496
43077,34.196339202335174,1021.5399999993529,7156.28520084766
43078,34.196339202335174,1021.5599999993528,7156.33108852745
43079,34.196339202335174,1021.5799999993528,7156.376975692848
43080,34.196339202335174,1021.5999999993528,7156.422862343833
43081,34.196339202335174,1021.6199999993528,7156.468748480388
43082,34.196339202335174,1021.6399999993528,7156.514634102494
43083,34.196339202335174,1021.6599999993527,7156.560519210131
43084,34.196339202335174,1021.6799999993527,7156.606403803281
43085,34.196339202335174,1021.6999999993527,7156.652287881925
43086,34.196339202335174,1021.7199999993527,7156.698171446044
43087,34.196339202335174,1021.7399999993527,7156.74405449562
43088,34.196339202335174,1021.7599999993527,7156.789937030633
43089,34.196339202335174,1021.7799999993526,7156.835819051065
43090,34.196339202335174,1021.7999999993526,7156.881700556897
43091,34.196339202335174,1021.8199999993526,7156.92758154811
43092,34.196339202335174,1021.8399999993526,7156.9734620246845
43093,34.196339202335174,1021.8599999993526,7157.019341986603
43094,34.196339202335174,1021.8799999993525,7157.065221433845
43095,34.196339202335174,1021.8999999993525,7157.111100366393
43096,34.196339202335174,1021.9199999993525,7157.156978784227
43097,34.196339202335174,1021.9399999993525,7157.20285668733
43098,34.196339202335174,1021.9599999993525,7157.248734075682
43099,34.196339202335174,1021.9799999993525,7157.294610949263
43100,34.196339202335174,1021.9999999993524,7157.340487308056
43101,34.196339202335174,1022.0199999993524,7157.386363152042
43102,34.196339202335174,1022.0399999993524,7157.432238481201
43103,34.196339202335174,1022.0599999993524,7157.478113295515
43104,34.196339202335174,1022.0799999993524,7157.523987594965
43105,34.196339202335174,1022.0999999993523,7157.569861379532
43106,34.196339202335174,1022.1199999993523,7157.615734649197
43107,34.196339202335174,1022.1399999993523,7157.661607403942
43108,34.196339202335174,1022.1599999993523,7157.707479643747
43109,34.196339202335174,1022.1799999993523,7157.753351368595
43110,34.196339202335174,1022.1999999993523,7157.799222578561
43111,34.196339202335174,1022.2199999993522,7157.845093275048
43112,34.196339202335174,1022.2399999993522,7157.890963458593
43113,34.196339202335174,1022.2599999993522,7157.936833129178
43114,34.149950144565736,1022.2799999993522,7157.982702286784
43115,34.149950144565736,1022.2999999993522,7158.028570931392
43116,34.149950144565736,1022.3199999993521,7158.074439062985
43117,34.149950144565736,1022.3399999993521,7158.120306681545
43118,34.149950144565736,1022.3599999993521,7158.166173787054
43119,34.149950144565736,1022.3799999993521,7158.2120403794925
43120,34.149950144565736,1022.3999999993521,7158.2579064588435
43121,34.149950144565736,1022.4199999993521,7158.303772025088
43122,34.149950144565736,1022.439999999352,7158.349637078208
43123,34.149950144565736,1022.459999999352,7158.395501618185
43124,34.149950144565736,1022.479999999352,7158.441365645002
43125,34.149950144565736,1022.499999999352,7158.487229158641
43126,34.149950144565736,1022.519999999352,7158.533092159082
43127,34.149950144565736,1022.539999999352,7158.5789546463075
43128,34.149950144565736,1022.5599999993519,7158.6248166202995
43129,34.149950144565736,1022.5799999993519,7158.67067808104
43130,34.149950144565736,1022.5999999993519,7158.716539028511
43131,34.149950144565736,1022.6199999993519,7158.762399462694
43132,34.149950144565736,1022.6399999993519,7158.808259383571
43133,34.149950144565736,1022.6599999993518,7158.854118791123
43134,34.149950144565736,1022.6799999993518,7158.8999776853325
43135,34.149950144565736,1022.6999999993518,7158.945836066181
43136,34.149950144565736,1022.7199999993518,7158.991693933651
43137,34.149950144565736,1022.7399999993518,7159.0375512877235
43138,34.149950144565736,1022.7599999993517,7159.083408128381
43139,34.149950144565736,1022.7799999993517,7159.129264455605
43140,34.149950144565736,1022.7999999993517,7159.175120269378
43141,34.149950144565736,1022.8199999993517,7159.22097556968
43142,34.149950144565736,1022.8399999993517,7159.266830356495
43143,34.149950144565736,1022.8599999993517,7159.312684629804
43144,34.149950144565736,1022.8799999993516,7159.358538389588
43145,34.149950144565736,1022.8999999993516,7159.40439163583
43146,34.149950144565736,1022.9199999993516,7159.4502443685105
43147,34.149950144565736,1022.9399999993516,7159.496096587613
43148,34.149950144565736,1022.9599999993516,7159.5419482931175
43149,34.149950144565736,1022.9799999993515,7159.587799485007
43150,34.149950144565736,1022.9999999993515,7159.633650163263
43151,34.149950144565736,1023.0199999993515,7159.679500327868
43152,34.149950144565736,1023.0399999993515,7159.725349978802
43153,34.149950144565736,1023.0599999993515,7159.771199116049
43154,34.149950144565736,1023.0799999993515,7159.817047739589
43155,34.149950144565736,1023.0999999993514,7159.862895849405
43156,34.149950144565736,1023.1199999993514,7159.908743445478
43157,34.149950144565736,1023.1399999993514,7159.95459052779
43158,34.149950144565736,1023.1599999993514,7160.000437096323
43159,34.149950144565736,1023.1799999993514,7160.046283151082
43160,34.149950144565736,1023.1999999993513,7160.09212869207
43161,34.149950144565736,1023.2199999993513,7160.137973719376
43162,34.149950144565736,1023.2399999993513,7160.183818234319
43163,34.149950144565736,1023.2599999993513,7160.229662237263
43164,34.149950144565736,1023.2799999993513,7160.27550572819
43165,34.149950144565736,1023.2999999993513,7160.321348707082
43166,34.149950144565736,1023.3199999993512,7160.367191173918
43167,34.149950144565736,1023.3399999993512,7160.413033128682
43168,34.149950144565736,1023.3599999993512,7160.4588745713545
43169,34.149950144565736,1023.3799999993512,7160.504715501917
43170,34.149950144565736,1023.3999999993512,7160.550555920352
43171,34.149950144565736,1023.4199999993511,7160.59639582664
43172,34.149950144565736,1023.4399999993511,7160.642235220763
43173,34.149950144565736,1023.4599999993511,7160.688074102702
43174,34.149950144565736,1023.4799999993511,7160.7339124724385
43175,34.149950144565736,1023.4999999993511,7160.779750329955
43176,34.149950144565736,1023.5199999993511,7160.825587675234
43177,34.149950144565736,1023.539999999351,7160.871424508255
43178,34.149950144565736,1023.559999999351,7160.917260829
43179,34.149950144565736,1023.579999999351,7160.963096637452
43180,34.149950144565736,1023.599999999351,7161.00893193359
43181,34.149950144565736,1023.619999999351,7161.054766717398
43182,34.149950144565736,1023.639999999351,7161.100600988856
43183,34.149950144565736,1023.6599999993509,7161.146434747947
43184,34.149950144565736,1023.6799999993509,7161.192267994652
43185,34.149950144565736,1023.6999999993509,7161.238100728952
43186,34.149950144565736,1023.7199999993509,7161.28393295083
43187,34.149950144565736,1023.7399999993509,7161.329764660265
43188,34.149950144565736,1023.7599999993508,7161.375595857241
43189,34.149950144565736,1023.7799999993508,7161.421426541739
43190,34.149950144565736,1023.7999999993508,7161.4672567137395
43191,34.149950144565736,1023.8199999993508,7161.513086373225
43192,34.149950144565736,1023.8399999993508,7161.558915520177
43193,34.149950144565736,1023.8599999993507,7161.604744154577
43194,34.149950144565736,1023.8799999993507,7161.650572276406
43195,34.149950144565736,1023.8999999993507,7161.696399885646
43196,34.149950144565736,1023.9199999993507,7161.742226982279
43197,34.149950144565736,1023.9399999993507,7161.788053566286
43198,34.149950144565736,1023.9599999993507,7161.833879637649
43199,34.149950144565736,1023.9799999993506,7161.87970519635
43200,34.149950144565736,1023.9999999993506,7161.92553024237
43201,34.149950144565736,1024.0199999993506,7161.97135477569
43202,34.149950144565736,1024.0399999993506,7162.017178796293
43203,34.149950144565736,1024.0599999993506,7162.0630023041585
43204,34.149950144565736,1024.0799999993505,7162.1088252992695
43205,34.149950144565736,1024.0999999993505,7162.154647781607
43206,34.149950144565736,1024.1199999993505,7162.200469751154
43207,34.149950144565736,1024.1399999993505,7162.24629120789
43208,34.149950144565736,1024.1599999993505,7162.292112151798
43209,34.149950144565736,1024.1799999993505,7162.33793258286
43210,34.149950144565736,1024.1999999993504,7162.383752501056
43211,34.149950144565736,1024.2199999993504,7162.429571906368
43212,34.149950144565736,1024.2399999993504,7162.475390798914
43213,34.149950144565736,1024.2599999993504,7162.521209180182
43214,34.149950144565736,1024.2799999993504,7162.567027050443
43215,34.149950144565736,1024.2999999993503,7162.612844409679
43216,34.149950144565736,1024.3199999993503,7162.658661257871
43217,34.149950144565736,1024.3399999993503,7162.704477595002
43218,34.149950144565736,1024.3599999993503,7162.7502934210515
43219,34.149950144565736,1024.3799999993503,7162.796108736003
43220,34.149950144565736,1024.3999999993503,7162.841923539836
43221,34.149950144565736,1024.4199999993502,7162.887737832534
43222,34.149950144565736,1024.4399999993502,7162.933551614078
43223,34.149950144565736,1024.4599999993502,7162.97936488445
43224,34.149950144565736,1024.4799999993502,7163.02517764363
43225,34.149950144565736,1024.4999999993502,7163.070989891601
43226,34.149950144565736,1024.5199999993501,7163.116801628345
43227,34.149950144565736,1024.5399999993501,7163.162612853842
43228,34.149950144565736,1024.55999999935,7163.208423568074
43229,34.149950144565736,1024.57999999935,7163.254233771024
43230,34.149950144565736,1024.59999999935,7163.300043462672
43231,34.149950144565736,1024.61999999935,7163.345852643
43232,34.149950144565736,1024.63999999935,7163.391661311991
43233,34.149950144565736,1024.65999999935,7163.437469469624
43234,34.149950144565736,1024.67999999935,7163.483277115883
43235,34.149950144565736,1024.69999999935,7163.5290842507475
43236,34.149950144565736,1024.71999999935,7163.574890874201
43237,34.149950144565736,1024.73999999935,7163.620696986223
43238,34.149950144565736,1024.75999999935,7163.666502586797
43239,34.149950144565736,1024.77999999935,7163.7123076759035
43240,34.149950144565736,1024.79999999935,7163.758112253525
43241,34.149950144565736,1024.8199999993499,7163.803916319642
43242,34.149950144565736,1024.8399999993499,7163.849719874236
43243,34.149950144565736,1024.8599999993498,7163.89552291729
43244,34.149950144565736,1024.8799999993498,7163.9413254487845
43245,34.149950144565736,1024.8999999993498,7163.987127468701
43246,34.149950144565736,1024.9199999993498,7164.0329289770225
43247,34.149950144565736,1024.9399999993498,7164.078729973729
43248,34.149950144565736,1024.9599999993497,7164.124530458803
43249,34.149950144565736,1024.9799999993497,7164.1703304322255
43250,34.149950144565736,1024.9999999993497,7164.216129893978
43251,34.149950144565736,1025.0199999993497,7164.261928844043
43252,34.149950144565736,1025.0399999993497,7164.307727282401
43253,34.149950144565736,1025.0599999993497,7164.353525209034
43254,34.149950144565736,1025.0799999993496,7164.399322623924
43255,34.149950144565736,1025.0999999993496,7164.445119527051
43256,34.149950144565736,1025.1199999993496,7164.490915918399
43257,34.149950144565736,1025.1399999993496,7164.536711797949
43258,34.149950144565736,1025.1599999993496,7164.582507165681
43259,34.149950144565736,1025.1799999993495,7164.628302021578
43260,34.149950144565736,1025.1999999993495,7164.674096365621
43261,34.149950144565736,1025.2199999993495,7164.719890197792
43262,34.149950144565736,1025.2399999993495,7164.7656835180715
43263,34.149950144565736,1025.2599999993495,7164.8114763266
43264,34.149950144565736,1025.2799999993495,7164.857268624957
43265,34.149950144565736,1025.2999999993494,7164.9030604132995
43266,34.149950144565736,1025.3199999993494,7164.948851691608
43267,34.149950144565736,1025.3399999993494,7164.994642459865
43268,34.149950144565736,1025.3599999993494,7165.040432718051
43269,34.149950144565736,1025.3799999993494,7165.08622246615
43270,34.149950144565736,1025.3999999993493,7165.132011704141
43271,34.149950144565736,1025.4199999993493,7165.177800432008
43272,34.149950144565736,1025.4399999993493,7165.22358864973
43273,34.149950144565736,1025.4599999993493,7165.269376357291
43274,34.149950144565736,1025.4799999993493,7165.31516355467
43275,34.149950144565736,1025.4999999993493,7165.360950241851
43276,34.149950144565736,1025.5199999993492,7165.406736418815
43277,34.149950144565736,1025.5399999993492,7165.452522085543
43278,34.149950144565736,1025.5599999993492,7165.498307242017
43279,34.149950144565736,1025.5799999993492,7165.544091888219
43280,34.149950144565736,1025.5999999993492,7165.58987602413
43281,34.149950144565736,1025.6199999993491,7165.635659649732
43282,34.149950144565736,1025.6399999993491,7165.681442765005
43283,34.149950144565736,1025.659999999349,7165.727225369933
43284,34.149950144565736,1025.679999999349,7165.773007464497
43285,34.149950144565736,1025.699999999349,7165.818789048678
43286,34.149950144565736,1025.719999999349,7165.864570122458
43287,34.149950144565736,1025.739999999349,7165.910350685818
43288,34.149950144565736,1025.759999999349,7165.95613073874
43289,34.149950144565736,1025.779999999349,7166.001910281206
43290,34.149950144565736,1025.799999999349,7166.047689313197
43291,34.149950144565736,1025.819999999349,7166.093467834696
43292,34.149950144565736,1025.839999999349,7166.139245845682
43293,34.149950144565736,1025.859999999349,7166.185023346139
43294,34.149950144565736,1025.879999999349,7166.230800336048
43295,34.149950144565736,1025.899999999349,7166.2765768153895
43296,34.149950144565736,1025.9199999993489,7166.3223527841465
43297,34.149950144565736,1025.9399999993489,7166.3681282422995
43298,34.149950144565736,1025.9599999993488,7166.413903189831
43299,34.149950144565736,1025.9799999993488,7166.459677626723
43300,34.149950144565736,1025.9999999993488,7166.5054515529555
43301,34.149950144565736,1026.0199999993488,7166.551224968512
43302,34.149950144565736,1026.0399999993488,7166.596997873372
43303,34.149950144565736,1026.0599999993487,7166.642770267519
43304,34.149950144565736,1026.0799999993487,7166.688542150934
43305,34.149950144565736,1026.0999999993487,7166.734313523599
43306,34.149950144565736,1026.1199999993487,7166.780084385494
43307,34.149950144565736,1026.1399999993487,7166.825854736602
43308,34.149950144565736,1026.1599999993487,7166.871624576905
43309,34.149950144565736,1026.1799999993486,7166.917393906383
43310,34.149950144565736,1026.1999999993486,7166.963162725019
43311,34.149950144565736,1026.2199999993486,7167.008931032794
43312,34.149950144565736,1026.2399999993486,7167.05469882969
43313,34.149950144565736,1026.2599999993486,7167.1004661156885
43314,34.149950144565736,1026.2799999993485,7167.146232891046
43315,34.149950144565736,1026.2999999993485,7167.191999157353
43316,34.149950144565736,1026.3199999993485,7167.237764914742
43317,34.149950144565736,1026.3399999993485,7167.283530163194
43318,34.149950144565736,1026.3599999993485,7167.329294902691
43319,34.149950144565736,1026.3799999993485,7167.375059133214
43320,34.149950144565736,1026.3999999993484,7167.420822854744
43321,34.149950144565736,1026.4199999993484,7167.466586067264
43322,34.149950144565736,1026.4399999993484,7167.512348770755
43323,34.149950144565736,1026.4599999993484,7167.5581109651985
43324,34.149950144565736,1026.4799999993484,7167.603872650576
43325,34.149950144565736,1026.4999999993483,7167.649633826869
43326,34.149950144565736,1026.5199999993483,7167.69539449406
43327,34.149950144565736,1026.5399999993483,7167.74115465213
43328,34.149950144565736,1026.5599999993483,7167.78691430106
43329,34.149950144565736,1026.5799999993483,7167.832673440833
43330,34.149950144565736,1026.5999999993483,7167.878432071429
43331,34.149950144565736,1026.6199999993482,7167.924190192832
43332,34.149950144565736,1026.6399999993482,7167.969947805021
43333,34.149950144565736,1026.6599999993482,7168.015704907979
43334,34.149950144565736,1026.6799999993482,7168.0614615016875
43335,34.149950144565736,1026.6999999993482,7168.107217586127
43336,34.149950144565736,1026.7199999993481,7168.152973161281
43337,34.149950144565736,1026.7399999993481,7168.198728227129
43338,34.149950144565736,1026.759999999348,7168.244482783655
43339,34.149950144565736,1026.779999999348,7168.29023683084
43340,34.149950144565736,1026.799999999348,7168.335990368663
43341,34.149950144565736,1026.819999999348,7168.381743397109
43342,34.149950144565736,1026.839999999348,7168.427495916158
43343,34.149950144565736,1026.859999999348,7168.473247925791
43344,34.149950144565736,1026.879999999348,7168.518999425991
43345,34.149950144565736,1026.899999999348,7168.564750416739
43346,34.149950144565736,1026.919999999348,7168.610500898017
43347,34.149950144565736,1026.939999999348,7168.656250869805
43348,34.149950144565736,1026.959999999348,7168.702000332087
43349,34.149950144565736,1026.979999999348,7168.747749284843
43350,34.149950144565736,1026.999999999348,7168.793497728056
43351,34.149950144565736,1027.0199999993479,7168.839245661706
43352,34.103665873851895,1027.0399999993479,7168.884993085775
43353,34.103665873851895,1027.0599999993478,7168.930740000245
43354,34.103665873851895,1027.0799999993478,7168.9764864050985
43355,34.103665873851895,1027.0999999993478,7169.022232300316
43356,34.103665873851895,1027.1199999993478,7169.06797768588
43357,34.103665873851895,1027.1399999993478,7169.11372256177
43358,34.103665873851895,1027.1599999993477,7169.15946692797
43359,34.103665873851895,1027.1799999993477,7169.20521078446
43360,34.103665873851895,1027.1999999993477,7169.250954131223
43361,34.103665873851895,1027.2199999993477,7169.296696968239
43362,34.103665873851895,1027.2399999993477,7169.342439295491
43363,34.103665873851895,1027.2599999993477,7169.38818111296
43364,34.103665873851895,1027.2799999993476,7169.433922420629
43365,34.103665873851895,1027.2999999993476,7169.479663218827
43366,34.103665873851895,1027.3199999993476,7169.525403508884
43367,34.103665873851895,1027.3399999993476,7169.571143290892
43368,34.103665873851895,1027.3599999993476,7169.616882564833
43369,34.103665873851895,1027.3799999993475,7169.662621330688
43370,34.103665873851895,1027.3999999993475,7169.7083595884405
43371,34.103665873851895,1027.4199999993475,7169.754097338071
43372,34.103665873851895,1027.4399999993475,7169.799834579562
43373,34.103665873851895,1027.4599999993475,7169.845571312896
43374,34.103665873851895,1027.4799999993475,7169.891307538054
43375,34.103665873851895,1027.4999999993474,7169.937043255019
43376,34.103665873851895,1027.5199999993474,7169.982778463771
43377,34.103665873851895,1027.5399999993474,7170.028513164285
43378,34.103665873851895,1027.5599999993474,7170.0742473565115
43379,34.103665873851895,1027.5799999993474,7170.11998104043
43380,34.103665873851895,1027.5999999993473,7170.165714216022
43381,34.103665873851895,1027.6199999993473,7170.21144688327
43382,34.103665873851895,1027.6399999993473,7170.257179042156
43383,34.103665873851895,1027.6599999993473,7170.302910692662
43384,34.103665873851895,1027.6799999993473,7170.348641834771
43385,34.103665873851895,1027.6999999993473,7170.394372468465
43386,34.103665873851895,1027.7199999993472,7170.440102593726
43387,34.103665873851895,1027.7399999993472,7170.485832210536
43388,34.103665873851895,1027.7599999993472,7170.531561318876
43389,34.103665873851895,1027.7799999993472,7170.57728991873
43390,34.103665873851895,1027.7999999993472,7170.623018010078
43391,34.103665873851895,1027.8199999993471,7170.668745592905
43392,34.103665873851895,1027.8399999993471,7170.714472667191
43393,34.103665873851895,1027.859999999347,7170.760199232919
43394,34.103665873851895,1027.879999999347,7170.805925290071
43395,34.103665873851895,1027.899999999347,7170.851650838629
43396,34.103665873851895,1027.919999999347,7170.897375878576
43397,34.103665873851895,1027.939999999347,7170.943100409893
43398,34.103665873851895,1027.959999999347,7170.988824432563
43399,34.103665873851895,1027.979999999347,7171.034547946568
43400,34.103665873851895,1027.999999999347,7171.080270951889
43401,34.103665873851895,1028.019999999347,7171.12599344851
43402,34.103665873851895,1028.039999999347,7171.171715436411
43403,34.103665873851895,1028.059999999347,7171.217436915576
43404,34.103665873851895,1028.079999999347,7171.263157885986
43405,34.103665873851895,1028.099999999347,7171.308878347624
43406,34.103665873851895,1028.1199999993469,7171.354598300472
43407,34.103665873851895,1028.1399999993469,7171.400317744512
43408,34.103665873851895,1028.1599999993468,7171.446036679726
43409,34.103665873851895,1028.1799999993468,7171.491755106096
43410,34.103665873851895,1028.1999999993468,7171.537473023604
43411,34.103665873851895,1028.2199999993468,7171.583190432234
43412,34.103665873851895,1028.2399999993468,7171.628907331966
43413,34.103665873851895,1028.2599999993467,7171.674623722783
43414,34.103665873851895,1028.2799999993467,7171.720339604666
43415,34.103665873851895,1028.2999999993467,7171.766054977599
43416,34.103665873851895,1028.3199999993467,7171.811769842039
43417,34.103665873851895,1028.3399999993467,7171.857484199281
43418,34.103665873851895,1028.3599999993467,7171.903198049401
43419,34.103665873851895,1028.3799999993466,7171.948911392379
43420,34.103665873851895,1028.3999999993466,7171.994624228198
43421,34.103665873851895,1028.4199999993466,7172.040336556838
43422,34.103665873851895,1028.4399999993466,7172.086048378283
43423,34.103665873851895,1028.4599999993466,7172.131759692513
43424,34.103665873851895,1028.4799999993465,7172.1774704995105
43425,34.103665873851895,1028.4999999993465,7172.2231807992575
43426,34.103665873851895,1028.5199999993465,7172.268890591736
43427,34.103665873851895,1028.5399999993465,7172.314599876926
43428,34.103665873851895,1028.5599999993465,7172.360308654811
43429,34.103665873851895,1028.5799999993465,7172.406016925372
43430,34.103665873851895,1028.5999999993464,7172.45172468859
43431,34.103665873851895,1028.6199999993464,7172.497431944447
43432,34.103665873851895,1028.6399999993464,7172.543138692926
43433,34.103665873851895,1028.6599999993464,7172.588844934007
43434,34.103665873851895,1028.6799999993464,7172.6345506676735
43435,34.103665873851895,1028.6999999993463,7172.680255893906
43436,34.103665873851895,1028.7199999993463,7172.725960612687
43437,34.103665873851895,1028.7399999993463,7172.7716648239975
43438,34.103665873851895,1028.7599999993463,7172.81736852782
43439,34.103665873851895,1028.7799999993463,7172.863071724135
43440,34.103665873851895,1028.7999999993463,7172.908774412925
43441,34.103665873851895,1028.8199999993462,7172.954476594172
43442,34.103665873851895,1028.8399999993462,7173.000178267857
43443,34.103665873851895,1028.8599999993462,7173.045879433963
43444,34.103665873851895,1028.8799999993462,7173.09158009247
43445,34.103665873851895,1028.8999999993462,7173.137280243362
43446,34.103665873851895,1028.9199999993461,7173.182979886617
43447,34.103665873851895,1028.9399999993461,7173.228679022221
43448,34.103665873851895,1028.959999999346,7173.274377650152
43449,34.103665873851895,1028.979999999346,7173.320075770394
43450,34.103665873851895,1028.999999999346,7173.365773382929
43451,34.103665873851895,1029.019999999346,7173.4114704877375
43452,34.103665873851895,1029.039999999346,7173.457167084802
43453,34.103665873851895,1029.059999999346,7173.502863174103
43454,34.103665873851895,1029.079999999346,7173.548558755624
43455,34.103665873851895,1029.099999999346,7173.594253829346
43456,34.103665873851895,1029.119999999346,7173.63994839525
43457,34.103665873851895,1029.139999999346,7173.685642453318
43458,34.103665873851895,1029.159999999346,7173.731336003532
43459,34.103665873851895,1029.179999999346,7173.777029045874
43460,34.103665873851895,1029.199999999346,7173.822721580325
43461,34.103665873851895,1029.2199999993459,7173.868413606868
43462,34.103665873851895,1029.2399999993459,7173.914105125484
43463,34.103665873851895,1029.2599999993458,7173.959796136154
43464,34.103665873851895,1029.2799999993458,7174.005486638861
43465,34.103665873851895,1029.2999999993458,7174.051176633586
43466,34.103665873851895,1029.3199999993458,7174.096866120311
43467,34.103665873851895,1029.3399999993458,7174.142555099611
43468,34.103665873851895,1029.3599999993457,7174.1882435727075
43469,34.103665873851895,1029.3799999993457,7174.233931539654
43470,34.103665873851895,1029.3999999993457,7174.279619000432
43471,34.103665873851895,1029.4199999993457,7174.325305955024
43472,34.103665873851895,1029.4399999993457,7174.370992403412
43473,34.103665873851895,1029.4599999993457,7174.416678345577
43474,34.103665873851895,1029.4799999993456,7174.4623637815
43475,34.103665873851895,1029.4999999993456,7174.5080487111645
43476,34.103665873851895,1029.5199999993456,7174.553733134551
43477,34.103665873851895,1029.5399999993456,7174.599417051642
43478,34.103665873851895,1029.5599999993456,7174.64510046242
43479,34.103665873851895,1029.5799999993455,7174.690783366865
43480,34.103665873851895,1029.5999999993455,7174.7364657649605
43481,34.103665873851895,1029.6199999993455,7174.782147656688
43482,34.103665873851895,1029.6399999993455,7174.8278290420285
43483,34.103665873851895,1029.6599999993455,7174.873509920963
43484,34.103665873851895,1029.6799999993455,7174.919190293475
43485,34.103665873851895,1029.6999999993454,7174.964870159546
43486,34.103665873851895,1029.7199999993454,7175.010549519157
43487,34.103665873851895,1029.7399999993454,7175.056228372291
43488,34.103665873851895,1029.7599999993454,7175.101906718929
43489,34.103665873851895,1029.7799999993454,7175.147584559053
43490,34.103665873851895,1029.7999999993453,7175.193261892645
43491,34.103665873851895,1029.8199999993453,7175.238938719686
43492,34.103665873851895,1029.8399999993453,7175.284615040158
43493,34.103665873851895,1029.8599999993453,7175.330290854044
43494,34.103665873851895,1029.8799999993453,7175.375966161324
43495,34.103665873851895,1029.8999999993453,7175.421640961981
43496,34.103665873851895,1029.9199999993452,7175.467315255997
43497,34.103665873851895,1029.9399999993452,7175.512989043353
43498,34.103665873851895,1029.9599999993452,7175.558662324031
43499,34.103665873851895,1029.9799999993452,7175.604335098013
43500,34.103665873851895,1029.9999999993452,7175.65000736528
43501,34.103665873851895,1030.0199999993451,7175.695679125814
43502,34.103665873851895,1030.0399999993451,7175.741350379599
43503,34.103665873851895,1030.059999999345,7175.787021126614
43504,34.103665873851895,1030.079999999345,7175.832691366842
43505,34.103665873851895,1030.099999999345,7175.878361100265
43506,34.103665873851895,1030.119999999345,7175.924030326863
43507,34.103665873851895,1030.139999999345,7175.969699046621
43508,34.103665873851895,1030.159999999345,7176.015367259518
43509,34.103665873851895,1030.179999999345,7176.061034965537
43510,34.103665873851895,1030.199999999345,7176.1067021646595
43511,34.103665873851895,1030.219999999345,7176.152368856868
43512,34.103665873851895,1030.239999999345,7176.198035042144
43513,34.103665873851895,1030.259999999345,7176.243700720468
43514,34.103665873851895,1030.279999999345,7176.289365891823
43515,34.103665873851895,1030.299999999345,7176.335030556191
43516,34.103665873851895,1030.3199999993449,7176.380694713553
43517,34.103665873851895,1030.3399999993449,7176.426358363891
43518,34.103665873851895,1030.3599999993448,7176.472021507895
43519,34.103665873851895,1030.3799999993448,7176.517684146697
43520,34.103665873851895,1030.3999999993448,7176.563346280329
43521,34.103665873851895,1030.4199999993448,7176.609007908772
43522,34.103665873851895,1030.4399999993448,7176.654669032007
43523,34.103665873851895,1030.4599999993447,7176.700329650019
43524,34.103665873851895,1030.4799999993447,7176.745989762787
43525,34.103665873851895,1030.4999999993447,7176.791649370293
43526,34.103665873851895,1030.5199999993447,7176.837308472521
43527,34.103665873851895,1030.5399999993447,7176.88296706945
43528,34.103665873851895,1030.5599999993447,7176.928625161064
43529,34.103665873851895,1030.5799999993446,7176.974282747344
43530,34.103665873851895,1030.5999999993446,7177.019939828272
43531,34.103665873851895,1030.6199999993446,7177.06559640383
43532,34.103665873851895,1030.6399999993446,7177.111252473999
43533,34.103665873851895,1030.6599999993446,7177.156908038763
43534,34.103665873851895,1030.6799999993445,7177.202563098101
43535,34.103665873851895,1030.6999999993445,7177.248217651996
43536,34.103665873851895,1030.7199999993445,7177.293871700431
43537,34.103665873851895,1030.7399999993445,7177.339525243387
43538,34.103665873851895,1030.7599999993445,7177.385178280845
43539,34.103665873851895,1030.7799999993445,7177.430830812788
43540,34.103665873851895,1030.7999999993444,7177.476482839198
43541,34.103665873851895,1030.8199999993444,7177.522134360056
43542,34.103665873851895,1030.8399999993444,7177.567785375344
43543,34.103665873851895,1030.8599999993444,7177.613435885044
43544,34.103665873851895,1030.8799999993444,7177.659085889138
43545,34.103665873851895,1030.8999999993443,7177.704735387608
43546,34.103665873851895,1030.9199999993443,7177.750384380435
43547,34.103665873851895,1030.9399999993443,7177.796032867602
43548,34.103665873851895,1030.9599999993443,7177.84168084909
43549,34.103665873851895,1030.9799999993443,7177.887328324881
43550,34.103665873851895,1030.9999999993443,7177.932975294958
43551,34.103665873851895,1031.0199999993442,7177.978621759301
43552,34.103665873851895,1031.0399999993442,7178.024267717893
43553,34.103665873851895,1031.0599999993442,7178.069913170716
43554,34.103665873851895,1031.0799999993442,7178.115558117751
43555,34.103665873851895,1031.0999999993442,7178.16120255898
43556,34.103665873851895,1031.1199999993441,7178.206846494386
43557,34.103665873851895,1031.1399999993441,7178.25248992395
43558,34.103665873851895,1031.159999999344,7178.2981328476535
43559,34.103665873851895,1031.179999999344,7178.343775265479
43560,34.103665873851895,1031.199999999344,7178.389417177408
43561,34.103665873851895,1031.219999999344,7178.435058583423
43562,34.103665873851895,1031.239999999344,7178.480699483504
43563,34.103665873851895,1031.259999999344,7178.526339877635
43564,34.103665873851895,1031.279999999344,7178.571979765797
43565,34.103665873851895,1031.299999999344,7178.617619147971
43566,34.103665873851895,1031.319999999344,7178.66325802414
43567,34.103665873851895,1031.339999999344,7178.708896394286
43568,34.103665873851895,1031.359999999344,7178.75453425839
43569,34.103665873851895,1031.379999999344,7178.8001716173
43570,34.103665873851895,1031.399999999344,7178.845808472119
43571,34.103665873851895,1031.4199999993439,7178.891444822856
43572,34.103665873851895,1031.4399999993439,7178.937080669494
43573,34.103665873851895,1031.4599999993438,7178.982716012015
43574,34.103665873851895,1031.4799999993438,7179.0283508504
43575,34.103665873851895,1031.4999999993438,7179.073985184631
43576,34.103665873851895,1031.5199999993438,7179.11961901469
43577,34.103665873851895,1031.5399999993438,7179.16525234056
43578,34.103665873851895,1031.5599999993437,7179.2108851622215
43579,34.103665873851895,1031.5799999993437,7179.256517479656
43580,34.103665873851895,1031.5999999993437,7179.302149292847
43581,34.103665873851895,1031.6199999993437,7179.347780601776
43582,34.103665873851895,1031.6399999993437,7179.393411406424
43583,34.103665873851895,1031.6599999993437,7179.439041706773
43584,34.103665873851895,1031.6799999993436,7179.484671502806
43585,34.103665873851895,1031.6999999993436,7179.530300794504
43586,34.103665873851895,1031.7199999993436,7179.575929581849
43587,34.103665873851895,1031.7399999993436,7179.6215578648225
43588,34.103665873851895,1031.7599999993436,7179.667185643407
43589,34.103665873851895,1031.7799999993435,7179.7128129175835
43590,34.103665873851895,1031.7999999993435,7179.758439687335
43591,34.0574860591117,1031.8199999993435,7179.804065952643
43592,34.0574860591117,1031.8399999993435,7179.84969171349
43593,34.0574860591117,1031.8599999993435,7179.895316969856
43594,34.0574860591117,1031.8799999993435,7179.940941721725
43595,34.0574860591117,1031.8999999993434,7179.986565969078
43596,34.103665873851895,1031.9199999993434,7180.032189711907
43597,34.103665873851895,1031.9399999993434,7180.077812950226
43598,34.0574860591117,1031.9599999993434,7180.123435684018
43599,34.0574860591117,1031.9799999993434,7180.169057913265
43600,34.0574860591117,1031.9999999993433,7180.214679637948
43601,34.0574860591117,1032.0199999993433,7180.260300858051
43602,34.0574860591117,1032.0399999993433,7180.305921573555
43603,34.0574860591117,1032.0599999993433,7180.351541784442
43604,34.0574860591117,1032.0799999993433,7180.397161490694
43605,34.0574860591117,1032.0999999993433,7180.442780692294
43606,34.0574860591117,1032.1199999993432,7180.488399389224
43607,34.0574860591117,1032.1399999993432,7180.5340175814645
43608,34.0574860591117,1032.1599999993432,7180.579635268999
43609,34.0574860591117,1032.1799999993432,7180.625252451808
43610,34.0574860591117,1032.1999999993432,7180.6708691298745
43611,34.0574860591117,1032.2199999993431,7180.716485303181
43612,34.0574860591117,1032.2399999993431,7180.762100971709
43613,34.0574860591117,1032.259999999343,7180.80771613544
43614,34.0574860591117,1032.279999999343,7180.853330794358
43615,34.0574860591117,1032.299999999343,7180.898944948443
43616,34.0574860591117,1032.319999999343,7180.944558597678
43617,34.0574860591117,1032.339999999343,7180.990171742044
43618,34.0574860591117,1032.359999999343,7181.0357843815245
43619,34.0574860591117,1032.379999999343,7181.0813965161005
43620,34.0574860591117,1032.399999999343,7181.127008146624
43621,34.0574860591117,1032.419999999343,7181.17261927398
43622,34.0574860591117,1032.439999999343,7181.218229898155
43623,34.0574860591117,1032.459999999343,7181.263840019133
43624,34.0574860591117,1032.479999999343,7181.309449636894
43625,34.0574860591117,1032.499999999343,7181.355058751421
43626,34.0574860591117,1032.5199999993429,7181.4006673626955
43627,34.0574860591117,1032.5399999993429,7181.4462754707
43628,34.0574860591117,1032.5599999993428,7181.491883075416
43629,34.0574860591117,1032.5799999993428,7181.5374901768255
43630,34.0574860591117,1032.5999999993428,7181.583096774911
43631,34.0574860591117,1032.6199999993428,7181.628702869654
43632,34.0574860591117,1032.6399999993428,7181.674308461038
43633,34.0574860591117,1032.6599999993427,7181.719913549044
43634,34.0574860591117,1032.6799999993427,7181.765518133653
43635,34.0574860591117,1032.6999999993427,7181.811122214848
43636,34.0574860591117,1032.7199999993427,7181.8567257926115
43637,34.0574860591117,1032.7399999993427,7181.902328866925
43638,34.0574860591117,1032.7599999993427,7181.94793143777
43639,34.0574860591117,1032.7799999993426,7181.9935335051305
43640,34.0574860591117,1032.7999999993426,7182.039135068986
43641,34.0574860591117,1032.8199999993426,7182.08473612932
43642,34.0574860591117,1032.8399999993426,7182.130336686115
43643,34.0574860591117,1032.8599999993426,7182.1759367393515
43644,34.0574860591117,1032.8799999993425,7182.221536289013
43645,34.0574860591117,1032.8999999993425,7182.267135335081
43646,34.0574860591117,1032.9199999993425,7182.312733877537
43647,34.0574860591117,1032.9399999993425,7182.358331916363
43648,34.0574860591117,1032.9599999993425,7182.403929451541
43649,34.0574860591117,1032.9799999993425,7182.449526483055
43650,34.0574860591117,1032.9999999993424,7182.4951230108845
43651,34.0574860591117,1033.0199999993424,7182.540719035012
43652,34.0574860591117,1033.0399999993424,7182.586314555421
43653,34.0574860591117,1033.0599999993424,7182.631909572093
43654,34.0574860591117,1033.0799999993424,7182.677504085009
43655,34.0574860591117,1033.0999999993423,7182.723098094152
43656,34.0574860591117,1033.1199999993423,7182.768691599504
43657,34.0574860591117,1033.1399999993423,7182.814284601046
43658,34.0574860591117,1033.1599999993423,7182.859877098761
43659,34.0574860591117,1033.1799999993423,7182.905469092631
43660,34.0574860591117,1033.1999999993423,7182.951060582638
43661,34.0574860591117,1033.2199999993422,7182.996651568764
43662,34.0574860591117,1033.2399999993422,7183.042242050991
43663,34.0574860591117,1033.2599999993422,7183.087832029301
43664,34.0574860591117,1033.2799999993422,7183.133421503677
43665,34.0574860591117,1033.2999999993422,7183.179010474099
43666,34.0574860591117,1033.3199999993421,7183.224598940551
43667,34.0574860591117,1033.3399999993421,7183.270186903013
43668,34.0574860591117,1033.359999999342,7183.315774361469
43669,34.0574860591117,1033.379999999342,7183.3613613159005
43670,34.0574860591117,1033.399999999342,7183.406947766307
43671,34.0574860591117,1033.419999999342,7183.452533713683
43672,34.0574860591117,1033.439999999342,7183.498119158861
43673,34.0574860591117,1033.459999999342,7183.543704101825
43674,34.0574860591117,1033.479999999342,7183.589288542555
43675,34.0574860591117,1033.499999999342,7183.634872481033
43676,34.0574860591117,1033.519999999342,7183.680455917242
43677,34.0574860591117,1033.539999999342,7183.726038851165
43678,34.0574860591117,1033.559999999342,7183.771621282783
43679,34.0574860591117,1033.579999999342,7183.8172032120765
43680,34.0574860591117,1033.599999999342,7183.86278463903
43681,34.0574860591117,1033.6199999993419,7183.908365563624
43682,34.0574860591117,1033.6399999993419,7183.9539459858415
43683,34.0574860591117,1033.6599999993418,7183.999525905664
43684,34.0574860591117,1033.6799999993418,7184.045105323074
43685,34.0574860591117,1033.6999999993418,7184.090684238053
43686,34.0574860591117,1033.7199999993418,7184.1362626505825
43687,34.0574860591117,1033.7399999993418,7184.1818405606455
43688,34.0574860591117,1033.7599999993417,7184.2274179682245
43689,34.0574860591117,1033.7799999993417,7184.2729948733
43690,34.0574860591117,1033.7999999993417,7184.318571275856
43691,34.0574860591117,1033.8199999993417,7184.364147175873
43692,34.0574860591117,1033.8399999993417,7184.409722573333
43693,34.0574860591117,1033.8599999993417,7184.455297468219
43694,34.0574860591117,1033.8799999993416,7184.500871860513
43695,34.0574860591117,1033.8999999993416,7184.546445750197
43696,34.0574860591117,1033.9199999993416,7184.592019137252
43697,34.0574860591117,1033.9399999993416,7184.637592021661
43698,34.0574860591117,1033.9599999993416,7184.6831644034055
43699,34.0574860591117,1033.9799999993415,7184.728736282468
43700,34.0574860591117,1033.9999999993415,7184.77430765883
43701,34.0574860591117,1034.0199999993415,7184.819878532475
43702,34.0574860591117,1034.0399999993415,7184.865448903383
43703,34.0574860591117,1034.0599999993415,7184.911018771538
43704,34.0574860591117,1034.0799999993415,7184.95658813692
43705,34.0574860591117,1034.0999999993414,7185.002156999512
43706,34.0574860591117,1034.1199999993414,7185.047725359297
43707,34.0574860591117,1034.1399999993414,7185.093293216256
43708,34.0574860591117,1034.1599999993414,7185.1388605703705
43709,34.0574860591117,1034.1799999993414,7185.184427421624
43710,34.0574860591117,1034.1999999993413,7185.229993769997
43711,34.0574860591117,1034.2199999993413,7185.275559615473
43712,34.0574860591117,1034.2399999993413,7185.321124958034
43713,34.0574860591117,1034.2599999993413,7185.36668979766
43714,34.0574860591117,1034.2799999993413,7185.412254134335
43715,34.0574860591117,1034.2999999993413,7185.457817968041
43716,34.0574860591117,1034.3199999993412,7185.503381298759
43717,34.0574860591117,1034.3399999993412,7185.548944126473
43718,34.0574860591117,1034.3599999993412,7185.5945064511625
43719,34.0574860591117,1034.3799999993412,7185.640068272811
43720,34.0574860591117,1034.3999999993412,7185.6856295914
43721,34.0574860591117,1034.4199999993411,7185.731190406953
43722,34.0574860591117,1034.4399999993411,7185.776750720552
43723,34.0574860591117,1034.459999999341,7185.82231053292
43724,34.0574860591117,1034.479999999341,7185.867869844039
43725,34.0574860591117,1034.499999999341,7185.913428653891
43726,34.0574860591117,1034.519999999341,7185.958986962459
43727,34.0574860591117,1034.539999999341,7186.004544769723
43728,34.0574860591117,1034.559999999341,7186.0501020756665
43729,34.0574860591117,1034.579999999341,7186.095658880272
43730,34.0574860591117,1034.599999999341,7186.14121518352
43731,34.0574860591117,1034.619999999341,7186.186770985394
43732,34.0574860591117,1034.639999999341,7186.232326285875
43733,34.0574860591117,1034.659999999341,7186.277881084946
43734,34.0574860591117,1034.679999999341,7186.323435382588
43735,34.0574860591117,1034.699999999341,7186.368989178784
43736,34.0574860591117,1034.7199999993409,7186.414542473516
43737,34.0574860591117,1034.7399999993409,7186.460095266765
43738,34.0574860591117,1034.7599999993408,7186.505647558514
43739,34.0574860591117,1034.7799999993408,7186.551199348745
43740,34.0574860591117,1034.7999999993408,7186.59675063744
43741,34.0574860591117,1034.8199999993408,7186.64230142458
43742,34.0574860591117,1034.8399999993408,7186.687851710149
43743,34.0574860591117,1034.8599999993407,7186.733401494127
43744,34.0574860591117,1034.8799999993407,7186.778950776497
43745,34.0574860591117,1034.8999999993407,7186.824499557242
43746,34.0574860591117,1034.9199999993407,7186.870047836343
43747,34.0574860591117,1034.9399999993407,7186.915595613782
43748,34.0574860591117,1034.9599999993407,7186.961142889541
43749,34.0574860591117,1034.9799999993406,7187.006689663603
43750,34.0574860591117,1034.9999999993406,7187.052235935948
43751,34.0574860591117,1035.0199999993406,7187.09778170656
43752,34.0574860591117,1035.0399999993406,7187.143326975422
43753,34.0574860591117,1035.0599999993406,7187.188871742513
43754,34.0574860591117,1035.0799999993405,7187.234416007816
43755,34.0574860591117,1035.0999999993405,7187.279959771315
43756,34.0574860591117,1035.1199999993405,7187.32550303299
43757,34.0574860591117,1035.1399999993405,7187.371045792824
43758,34.0574860591117,1035.1599999993405,7187.416588050798
43759,34.0574860591117,1035.1799999993405,7187.462129806895
43760,34.0574860591117,1035.1999999993404,7187.507671061097
43761,34.0574860591117,1035.2199999993404,7187.553211813387
43762,34.0574860591117,1035.2399999993404,7187.598752063745
43763,34.0574860591117,1035.2599999993404,7187.644291812155
43764,34.0574860591117,1035.2799999993404,7187.6898310585975
43765,34.0574860591117,1035.2999999993403,7187.735369803055
43766,34.0574860591117,1035.3199999993403,7187.780908045509
43767,34.0574860591117,1035.3399999993403,7187.826445785943
43768,34.0574860591117,1035.3599999993403,7187.871983024338
43769,34.0574860591117,1035.3799999993403,7187.917519760676
43770,34.0574860591117,1035.3999999993403,7187.96305599494
43771,34.0574860591117,1035.4199999993402,7188.008591727112
43772,34.0574860591117,1035.4399999993402,7188.054126957235
43773,34.0574860591117,1035.4599999993402,7188.099661686483
43774,34.0574860591117,1035.4799999993402,7188.145195915468
43775,34.0574860591117,1035.4999999993402,7188.190729644172
43776,34.0574860591117,1035.5199999993401,7188.236262872577
43777,34.0574860591117,1035.5399999993401,7188.281795600665
43778,34.0574860591117,1035.55999999934,7188.327327828418
43779,34.0574860591117,1035.57999999934,7188.372859555818
43780,34.0574860591117,1035.59999999934,7188.4183907828465
43781,34.0574860591117,1035.61999999934,7188.463921509487
43782,34.0574860591117,1035.63999999934,7188.509451735719
43783,34.0574860591117,1035.65999999934,7188.554981461527
43784,34.0574860591117,1035.67999999934,7188.600510686892
43785,34.0574860591117,1035.69999999934,7188.646039411797
43786,34.0574860591117,1035.71999999934,7188.691567636222
43787,34.0574860591117,1035.73999999934,7188.737095360151
43788,34.0574860591117,1035.75999999934,7188.782622583565
43789,34.0574860591117,1035.77999999934,7188.828149306446
43790,34.0574860591117,1035.79999999934,7188.873675528776
43791,34.0574860591117,1035.8199999993399,7188.919201250538
43792,34.0574860591117,1035.8399999993399,7188.964726471713
43793,34.0574860591117,1035.8599999993398,7189.010251192283
43794,34.0574860591117,1035.8799999993398,7189.055775412231
43795,34.0574860591117,1035.8999999993398,7189.101299131538
43796,34.0574860591117,1035.9199999993398,7189.146822350187
43797,34.0574860591117,1035.9399999993398,7189.192345068159
43798,34.0574860591117,1035.9599999993397,7189.237867285437
43799,34.0574860591117,1035.9799999993397,7189.283389002002
43800,34.0574860591117,1035.9999999993397,7189.328910217837
43801,34.0574860591117,1036.0199999993397,7189.374430932923
43802,34.0574860591117,1036.0399999993397,7189.419951147243
43803,34.0574860591117,1036.0599999993397,7189.4654708607795
43804,34.0574860591117,1036.0799999993396,7189.510990073513
43805,34.0574860591117,1036.0999999993396,7189.556508785427
43806,34.0574860591117,1036.1199999993396,7189.602026996501
43807,34.0574860591117,1036.1399999993396,7189.64754470672
43808,34.0574860591117,1036.1599999993396,7189.693061916064
43809,34.0574860591117,1036.1799999993395,7189.738578624517
43810,34.0574860591117,1036.1999999993395,7189.784094832059
43811,34.0574860591117,1036.2199999993395,7189.8296105386735
43812,34.0574860591117,1036.2399999993395,7189.875125744342
43813,34.0574860591117,1036.2599999993395,7189.920640449046
43814,34.0574860591117,1036.2799999993395,7189.966154652768
43815,34.0574860591117,1036.2999999993394,7190.011668355491
43816,34.0574860591117,1036.3199999993394,7190.0571815572
43817,34.0574860591117,1036.3399999993394,7190.102694257881
43818,34.0574860591117,1036.3599999993394,7190.148206457515
43819,34.0574860591117,1036.3799999993394,7190.1937181560825
43820,34.0574860591117,1036.3999999993393,7190.239229353567
43821,34.0574860591117,1036.4199999993393,7190.2847400499495
43822,34.0574860591117,1036.4399999993393,7190.3302502452125
43823,34.0574860591117,1036.4599999993393,7190.375759939427
43824,34.0574860591117,1036.4799999993393,7190.421269133921
43825,34.0574860591117,1036.4999999993393,7190.466777829223
43826,34.0574860591117,1036.5199999993392,7190.512286025316
43827,34.0574860591117,1036.5399999993392,7190.557793722181
43828,34.0574860591117,1036.5599999993392,7190.6033009198
43829,34.0574860591117,1036.5799999993392,7190.648807618156
43830,34.0574860591117,1036.5999999993392,7190.69431381723
43831,34.0574860591117,1036.6199999993391,7190.739819517005
43832,34.0574860591117,1036.6399999993391,7190.785324717463
43833,34.0574860591117,1036.659999999339,7190.8308294185845
43834,34.0574860591117,1036.679999999339,7190.876333620354
43835,34.0574860591117,1036.699999999339,7190.921837322751
43836,34.0574860591117,1036.719999999339,7190.96734052576
43837,34.011410370606946,1036.739999999339,7191.012843229361
43838,34.011410370606946,1036.759999999339,7191.058345433537
43839,34.011410370606946,1036.779999999339,7191.103847138271
43840,34.011410370606946,1036.799999999339,7191.149348343542
43841,34.011410370606946,1036.819999999339,7191.194849049335
43842,34.011410370606946,1036.839999999339,7191.240349255631
43843,34.011410370606946,1036.859999999339,7191.285848962412
43844,34.011410370606946,1036.879999999339,7191.3313481696605
43845,34.011410370606946,1036.899999999339,7191.376846877358
43846,34.011410370606946,1036.9199999993389,7191.422345085486
43847,34.011410370606946,1036.9399999993389,7191.467842794028
43848,34.011410370606946,1036.9599999993388,7191.513340002965
43849,34.011410370606946,1036.9799999993388,7191.55883671228
43850,34.011410370606946,1036.9999999993388,7191.604332921954
43851,34.011410370606946,1037.0199999993388,7191.649828631969
43852,34.011410370606946,1037.0399999993388,7191.695323842308
43853,34.011410370606946,1037.0599999993387,7191.740818552953
43854,34.011410370606946,1037.0799999993387,7191.786312763885
43855,34.011410370606946,1037.0999999993387,7191.8318064750865
43856,34.011410370606946,1037.1199999993387,7191.87729968654
43857,34.011410370606946,1037.1399999993387,7191.922792398227
43858,34.011410370606946,1037.1599999993387,7191.9682846101305
43859,34.011410370606946,1037.1799999993386,7192.013776322231
43860,34.011410370606946,1037.1999999993386,7192.0592675345115
43861,34.011410370606946,1037.2199999993386,7192.104758246955
43862,34.011410370606946,1037.2399999993386,7192.150248459541
43863,34.011410370606946,1037.2599999993386,7192.195738172254
43864,34.011410370606946,1037.2799999993385,7192.241227385075
43865,34.011410370606946,1037.2999999993385,7192.286716097986
43866,34.011410370606946,1037.3199999993385,7192.332204310969
43867,34.011410370606946,1037.3399999993385,7192.377692024006
43868,34.011410370606946,1037.3599999993385,7192.42317923708
43869,34.011410370606946,1037.3799999993385,7192.468665950172
43870,34.011410370606946,1037.3999999993384,7192.514152163264
43871,34.011410370606946,1037.4199999993384,7192.5596378763385
43872,34.011410370606946,1037.4399999993384,7192.605123089377
43873,34.011410370606946,1037.4599999993384,7192.650607802363
43874,34.011410370606946,1037.4799999993384,7192.696092015376
43875,34.011410370606946,1037.4999999993383,7192.7415757296685
43876,34.011410370606946,1037.5199999993383,7192.787058945601
43877,34.011410370606946,1037.5399999993383,7192.832541663154
43878,34.011410370606946,1037.5599999993383,7192.878023882312
43879,34.011410370606946,1037.5799999993383,7192.923505603056
43880,34.011410370606946,1037.5999999993383,7192.968986825368
43881,34.011410370606946,1037.6199999993382,7193.014467549231
43882,34.011410370606946,1037.6399999993382,7193.059947774626
43883,34.011410370606946,1037.6599999993382,7193.105427501537
43884,34.011410370606946,1037.6799999993382,7193.150906729945
43885,34.011410370606946,1037.6999999993382,7193.196385459832
43886,34.011410370606946,1037.7199999993381,7193.24186369118
43887,34.011410370606946,1037.7399999993381,7193.287341423972
43888,34.011410370606946,1037.759999999338,7193.33281865819
43889,34.011410370606946,1037.779999999338,7193.378295393816
43890,34.011410370606946,1037.799999999338,7193.423771630833
43891,34.011410370606946,1037.819999999338,7193.469247369221
43892,34.011410370606946,1037.839999999338,7193.514722608965
43893,34.011410370606946,1037.859999999338,7193.560197350045
43894,34.011410370606946,1037.879999999338,7193.605671592445
43895,34.011410370606946,1037.899999999338,7193.651145336146
43896,34.011410370606946,1037.919999999338,7193.696618581131
43897,34.011410370606946,1037.939999999338,7193.742091327381
43898,34.011410370606946,1037.959999999338,7193.787563574879
43899,34.011410370606946,1037.979999999338,7193.833035323606
43900,34.011410370606946,1037.999999999338,7193.878506573546
43901,34.011410370606946,1038.0199999993379,7193.92397732468
43902,34.011410370606946,1038.0399999993379,7193.969447576991
43903,34.011410370606946,1038.0599999993378,7194.014917330461
43904,34.011410370606946,1038.0799999993378,7194.060386585072
43905,34.011410370606946,1038.0999999993378,7194.105855340806
43906,34.011410370606946,1038.1199999993378,7194.1513235976445
43907,34.011410370606946,1038.1399999993378,7194.196791355571
43908,34.011410370606946,1038.1599999993377,7194.242258614568
43909,34.011410370606946,1038.1799999993377,7194.2877253746165
43910,34.011410370606946,1038.1999999993377,7194.333191635699
43911,34.011410370606946,1038.2199999993377,7194.378657397799
43912,34.011410370606946,1038.2399999993377,7194.4241226608965
43913,34.011410370606946,1038.2599999993377,7194.469587424975
43914,34.011410370606946,1038.2799999993376,7194.515051690016
43915,34.011410370606946,1038.2999999993376,7194.560515456003
43916,34.011410370606946,1038.3199999993376,7194.605978722916
43917,34.011410370606946,1038.3399999993376,7194.65144149074
43918,34.011410370606946,1038.3599999993376,7194.6969037594545
43919,34.011410370606946,1038.3799999993375,7194.742365529043
43920,34.011410370606946,1038.3999999993375,7194.787826799488
43921,34.011410370606946,1038.4199999993375,7194.833287570772
43922,34.011410370606946,1038.4399999993375,7194.878747842876
43923,34.011410370606946,1038.4599999993375,7194.9242076157825
43924,34.011410370606946,1038.4799999993375,7194.969666889474
43925,34.011410370606946,1038.4999999993374,7195.01512566406
43926,34.011410370606946,1038.5199999993374,7195.060583940962
43927,34.011410370606946,1038.5399999993374,7195.106041720454
43928,34.011410370606946,1038.5599999993374,7195.15149900252
43929,34.011410370606946,1038.5799999993374,7195.19695578714
43930,34.011410370606946,1038.5999999993373,7195.242412074298
43931,34.011410370606946,1038.6199999993373,7195.287867863975
43932,34.011410370606946,1038.6399999993373,7195.3333231561555
43933,34.011410370606946,1038.6599999993373,7195.378777950819
43934,34.011410370606946,1038.6799999993373,7195.42423224795
43935,34.011410370606946,1038.6999999993373,7195.46968604753
43936,34.011410370606946,1038.7199999993372,7195.515139349541
43937,34.011410370606946,1038.7399999993372,7195.5605921539645
43938,34.011410370606946,1038.7599999993372,7195.606044460785
43939,34.011410370606946,1038.7799999993372,7195.651496269982
43940,34.011410370606946,1038.7999999993372,7195.69694758154
43941,34.011410370606946,1038.8199999993371,7195.742398395441
43942,34.011410370606946,1038.8399999993371,7195.787848711667
43943,34.011410370606946,1038.859999999337,7195.8332985301995
43944,34.011410370606946,1038.879999999337,7195.878747851021
43945,34.011410370606946,1038.899999999337,7195.924196674115
43946,34.011410370606946,1038.919999999337,7195.969644999462
43947,34.011410370606946,1038.939999999337,7196.015092827045
43948,34.011410370606946,1038.959999999337,7196.060540156846
43949,34.011410370606946,1038.979999999337,7196.105986988849
43950,34.011410370606946,1038.999999999337,7196.151433323033
43951,34.011410370606946,1039.019999999337,7196.196879159384
43952,34.011410370606946,1039.039999999337,7196.242324497882
43953,34.011410370606946,1039.059999999337,7196.28776933851
43954,34.011410370606946,1039.079999999337,7196.33321368125
43955,34.011410370606946,1039.099999999337,7196.378657526084
43956,34.011410370606946,1039.1199999993369,7196.424100872994
43957,34.011410370606946,1039.1399999993369,7196.469543721963
43958,34.011410370606946,1039.1599999993368,7196.514986072974
43959,34.011410370606946,1039.1799999993368,7196.560427926009
43960,34.011410370606946,1039.1999999993368,7196.605869281048
43961,34.011410370606946,1039.2199999993368,7196.651310138076
43962,34.011410370606946,1039.2399999993368,7196.6967504970735
43963,34.011410370606946,1039.2599999993367,7196.742190358023
43964,34.011410370606946,1039.2799999993367,7196.787629720909
43965,34.011410370606946,1039.2999999993367,7196.833068585711
43966,34.011410370606946,1039.3199999993367,7196.878506952412
43967,34.011410370606946,1039.3399999993367,7196.923944820995
43968,34.011410370606946,1039.3599999993367,7196.969382191442
43969,34.011410370606946,1039.3799999993366,7197.014819063735
43970,34.011410370606946,1039.3999999993366,7197.060255437856
43971,34.011410370606946,1039.4199999993366,7197.105691313788
43972,34.011410370606946,1039.4399999993366,7197.151126691513
43973,34.011410370606946,1039.4599999993366,7197.196561571013
43974,34.011410370606946,1039.4799999993365,7197.241995952271
43975,34.011410370606946,1039.4999999993365,7197.287429835269
43976,34.011410370606946,1039.5199999993365,7197.332863220138
43977,34.011410370606946,1039.5399999993365,7197.37829610839
43978,34.011410370606946,1039.5599999993365,7197.42372850019
43979,34.011410370606946,1039.5799999993365,7197.469160395522
43980,34.011410370606946,1039.5999999993364,7197.514591794366
43981,34.011410370606946,1039.6199999993364,7197.560022696707
43982,34.011410370606946,1039.6399999993364,7197.605453102526
43983,34.011410370606946,1039.6599999993364,7197.650883011804
43984,34.011410370606946,1039.6799999993364,7197.696312424525
43985,34.011410370606946,1039.6999999993363,7197.741741340671
43986,34.011410370606946,1039.7199999993363,7197.787169760224
43987,34.011410370606946,1039.7399999993363,7197.832597683167
43988,34.011410370606946,1039.7599999993363,7197.878025109481
43989,34.011410370606946,1039.7799999993363,7197.92345203915
43990,34.011410370606946,1039.7999999993363,7197.968878472156
43991,34.011410370606946,1039.8199999993362,7198.01430440848
43992,34.011410370606946,1039.8399999993362,7198.059729848105
43993,34.011410370606946,1039.8599999993362,7198.105154791015
43994,34.011410370606946,1039.8799999993362,7198.15057923719
43995,34.011410370606946,1039.8999999993362,7198.196003186614
43996,34.011410370606946,1039.9199999993361,7198.241426639268
43997,34.011410370606946,1039.9399999993361,7198.286849595135
43998,34.011410370606946,1039.959999999336,7198.332272054197
43999,34.011410370606946,1039.979999999336,7198.377694016437
44000,34.011410370606946,1039.999999999336,7198.423115481837
44001,34.011410370606946,1040.019999999336,7198.468536450379
44002,34.011410370606946,1040.039999999336,7198.513956922046
44003,34.011410370606946,1040.059999999336,7198.55937689682
44004,34.011410370606946,1040.079999999336,7198.604796374683
44005,34.011410370606946,1040.099999999336,7198.6502153556185
44006,34.011410370606946,1040.119999999336,7198.695633839608
44007,34.011410370606946,1040.139999999336,7198.741051826632
44008,34.011410370606946,1040.159999999336,7198.786469316677
44009,34.011410370606946,1040.179999999336,7198.831886309721
44010,34.011410370606946,1040.199999999336,7198.877302805749
44011,34.011410370606946,1040.2199999993359,7198.922718804743
44012,34.011410370606946,1040.2399999993359,7198.968134306685
44013,34.011410370606946,1040.2599999993358,7199.013549311558
44014,34.011410370606946,1040.2799999993358,7199.058963819342
44015,34.011410370606946,1040.2999999993358,7199.104377830023
44016,34.011410370606946,1040.3199999993358,7199.14979134358
44017,34.011410370606946,1040.3399999993358,7199.195204359997
44018,34.011410370606946,1040.3599999993357,7199.240616879256
44019,34.011410370606946,1040.3799999993357,7199.286028901339
44020,34.011410370606946,1040.3999999993357,7199.331440426229
44021,34.011410370606946,1040.4199999993357,7199.376851453908
44022,34.011410370606946,1040.4399999993357,7199.422261984359
44023,34.011410370606946,1040.4599999993357,7199.467672017563
44024,34.011410370606946,1040.4799999993356,7199.513081553503
44025,34.011410370606946,1040.4999999993356,7199.558490592161
44026,34.011410370606946,1040.5199999993356,7199.603899133521
44027,34.011410370606946,1040.5399999993356,7199.649307177809
44028,34.011410370606946,1040.5599999993356,7199.694714726545
44029,34.011410370606946,1040.5799999993355,7199.740121779855
44030,34.011410370606946,1040.5999999993355,7199.785528337722
44031,34.011410370606946,1040.6199999993355,7199.830934400127
44032,34.011410370606946,1040.6399999993355,7199.876339967053
44033,34.011410370606946,1040.6599999993355,7199.921745038481
44034,34.011410370606946,1040.6799999993355,7199.967149614394
44035,34.011410370606946,1040.6999999993354,7200.012553694773
44036,34.011410370606946,1040.7199999993354,7200.057957279602
44037,34.011410370606946,1040.7399999993354,7200.103360368867
44038,34.011410370606946,1040.7599999993354,7200.148762962548
44039,34.011410370606946,1040.7799999993354,7200.194165060628
44040,34.011410370606946,1040.7999999993353,7200.239566663087
44041,34.011410370606946,1040.8199999993353,7200.284967769909
44042,34.011410370606946,1040.8399999993353,7200.330368381074
44043,34.011410370606946,1040.8599999993353,7200.375768496564
44044,34.011410370606946,1040.8799999993353,7200.4211681163615
44045,34.011410370606946,1040.8999999993353,7200.466567240448
44046,34.011410370606946,1040.9199999993352,7200.511965868805
44047,34.011410370606946,1040.9399999993352,7200.557364001415
44048,34.011410370606946,1040.9599999993352,7200.60276163826
44049,34.011410370606946,1040.9799999993352,7200.6481587793205
44050,34.011410370606946,1040.9999999993352,7200.693555424579
44051,34.011410370606946,1041.0199999993351,7200.738951574018
44052,34.011410370606946,1041.0399999993351,7200.784347227618
44053,34.011410370606946,1041.059999999335,7200.829742385361
44054,34.011410370606946,1041.079999999335,7200.875137047229
44055,34.011410370606946,1041.099999999335,7200.920531213204
44056,34.011410370606946,1041.119999999335,7200.965924883269
44057,34.011410370606946,1041.139999999335,7201.0113180574035
44058,34.011410370606946,1041.159999999335,7201.056710735591
44059,34.011410370606946,1041.179999999335,7201.102102917813
44060,34.011410370606946,1041.199999999335,7201.14749460405
44061,34.011410370606946,1041.219999999335,7201.192885794285
44062,34.011410370606946,1041.239999999335,7201.2382764885
44063,34.011410370606946,1041.259999999335,7201.283666686676
44064,34.011410370606946,1041.279999999335,7201.329056388795
44065,34.011410370606946,1041.299999999335,7201.374445594839
44066,34.011410370606946,1041.3199999993349,7201.41983430479
44067,34.011410370606946,1041.3399999993349,7201.46522251863
44068,34.011410370606946,1041.3599999993348,7201.51061023634
44069,34.011410370606946,1041.3799999993348,7201.555997457902
44070,34.011410370606946,1041.3999999993348,7201.601384183298
44071,34.011410370606946,1041.4199999993348,7201.64677041251
44072,34.011410370606946,1041.4399999993348,7201.692156145519
44073,34.011410370606946,1041.4599999993347,7201.737541382308
44074,34.011410370606946,1041.4799999993347,7201.782926122858
44075,34.011410370606946,1041.4999999993347,7201.828310367151
44076,34.011410370606946,1041.5199999993347,7201.873694115169
44077,33.965438479936466,1041.5399999993347,7201.919077366893
44078,33.965438479936466,1041.5599999993347,7201.964460122652
44079,33.965438479936466,1041.5799999993346,7202.009842383824
44080,33.965438479936466,1041.5999999993346,7202.05522415051
44081,33.965438479936466,1041.6199999993346,7202.100605422692
44082,33.965438479936466,1041.6399999993346,7202.145986200352
44083,33.965438479936466,1041.6599999993346,7202.191366483473
44084,33.965438479936466,1041.6799999993345,7202.236746272038
44085,33.965438479936466,1041.6999999993345,7202.282125566029
44086,33.965438479936466,1041.7199999993345,7202.32750436543
44087,33.965438479936466,1041.7399999993345,7202.372882670223
44088,33.965438479936466,1041.7599999993345,7202.41826048039
44089,33.965438479936466,1041.7799999993344,7202.463637795914
44090,33.965438479936466,1041.7999999993344,7202.509014616779
44091,33.965438479936466,1041.8199999993344,7202.554390942965
44092,33.965438479936466,1041.8399999993344,7202.599766774457
44093,33.965438479936466,1041.8599999993344,7202.645142111237
44094,33.965438479936466,1041.8799999993344,7202.690516953287
44095,33.965438479936466,1041.8999999993343,7202.735891300591
44096,33.965438479936466,1041.9199999993343,7202.78126515313
44097,33.965438479936466,1041.9399999993343,7202.826638510888
44098,33.965438479936466,1041.9599999993343,7202.872011373847
44099,33.965438479936466,1041.9799999993343,7202.91738374199
44100,33.965438479936466,1041.9999999993342,7202.9627556153
44101,33.965438479936466,1042.0199999993342,7203.008126993759
44102,33.965438479936466,1042.0399999993342,7203.05349787735
44103,33.965438479936466,1042.0599999993342,7203.098868266056
44104,33.965438479936466,1042.0799999993342,7203.144238159859
44105,33.965438479936466,1042.0999999993342,7203.189607558742
44106,33.965438479936466,1042.1199999993341,7203.234976462688
44107,33.965438479936466,1042.1399999993341,7203.280344871679
44108,33.965438479936466,1042.159999999334,7203.325712785698
44109,33.965438479936466,1042.179999999334,7203.371080204727
44110,33.965438479936466,1042.199999999334,7203.41644712875
44111,33.965438479936466,1042.219999999334,7203.461813557749
44112,33.965438479936466,1042.239999999334,7203.507179491707
44113,33.965438479936466,1042.259999999334,7203.552544930606
44114,33.965438479936466,1042.279999999334,7203.597909874429
44115,33.965438479936466,1042.299999999334,7203.643274323159
44116,33.965438479936466,1042.319999999334,7203.688638276778
44117,33.965438479936466,1042.339999999334,7203.734001735269
44118,33.965438479936466,1042.359999999334,7203.779364698615
44119,33.965438479936466,1042.379999999334,7203.824727166798
44120,33.965438479936466,1042.3999999993339,7203.870089139801
44121,33.965438479936466,1042.4199999993339,7203.915450617607
44122,33.965438479936466,1042.4399999993338,7203.960811600199
44123,33.965438479936466,1042.4599999993338,7204.006172087559
44124,33.965438479936466,1042.4799999993338,7204.051532079669
44125,33.965438479936466,1042.4999999993338,7204.096891576513
44126,33.965438479936466,1042.5199999993338,7204.142250578074
44127,33.965438479936466,1042.5399999993338,7204.1876090843325
44128,33.965438479936466,1042.5599999993337,7204.232967095273
44129,33.965438479936466,1042.5799999993337,7204.278324611309
44130,33.965438479936466,1042.5999999993337,7204.323681633659
44131,33.965438479936466,1042.6199999993337,7204.3690381623965
44132,33.965438479936466,1042.6399999993337,7204.414394197503
44133,33.965438479936466,1042.6599999993336,7204.45974973896
44134,33.965438479936466,1042.6799999993336,7204.505104786751
44135,33.965438479936466,1042.6999999993336,7204.550459340857
44136,33.965438479936466,1042.7199999993336,7204.595813401261
44137,33.965438479936466,1042.7399999993336,7204.641166967945
44138,33.965438479936466,1042.7599999993336,7204.68652004089
44139,33.965438479936466,1042.7799999993335,7204.731872620079
44140,33.965438479936466,1042.7999999993335,7204.7772247054945
44141,33.965438479936466,1042.8199999993335,7204.822576297118
44142,33.965438479936466,1042.8399999993335,7204.867927394932
44143,33.965438479936466,1042.8599999993335,7204.913277998919
44144,33.965438479936466,1042.8799999993334,7204.95862810906
44145,33.965438479936466,1042.8999999993334,7205.003977725337
44146,33.965438479936466,1042.9199999993334,7205.049326847733
44147,33.965438479936466,1042.9399999993334,7205.094675476231
44148,33.965438479936466,1042.9599999993334,7205.140023610811
44149,33.965438479936466,1042.9799999993334,7205.185371251458
44150,33.965438479936466,1042.9999999993333,7205.230718398151
44151,33.965438479936466,1043.0199999993333,7205.276065050874
44152,33.965438479936466,1043.0399999993333,7205.321411209609
44153,33.965438479936466,1043.0599999993333,7205.366756874338
44154,33.965438479936466,1043.0799999993333,7205.412102045042
44155,33.965438479936466,1043.0999999993332,7205.457446721705
44156,33.965438479936466,1043.1199999993332,7205.502790904308
44157,33.965438479936466,1043.1399999993332,7205.548134592834
44158,33.965438479936466,1043.1599999993332,7205.5934777872635
44159,33.965438479936466,1043.1799999993332,7205.63882048758
44160,33.965438479936466,1043.1999999993332,7205.684162693766
44161,33.965438479936466,1043.2199999993331,7205.729504405803
44162,33.965438479936466,1043.2399999993331,7205.774845623672
44163,33.965438479936466,1043.259999999333,7205.820186347357
44164,33.965438479936466,1043.279999999333,7205.865526576839
44165,33.965438479936466,1043.299999999333,7205.9108663121015
44166,33.965438479936466,1043.319999999333,7205.956205553125
44167,33.965438479936466,1043.339999999333,7206.001544299893
44168,33.965438479936466,1043.359999999333,7206.046882552386
44169,33.965438479936466,1043.379999999333,7206.092220310587
44170,33.965438479936466,1043.399999999333,7206.137557574479
44171,33.965438479936466,1043.419999999333,7206.182894344042
44172,33.965438479936466,1043.439999999333,7206.228230619261
44173,33.965438479936466,1043.459999999333,7206.273566400117
44174,33.965438479936466,1043.479999999333,7206.318901686591
44175,33.965438479936466,1043.4999999993329,7206.364236478666
44176,33.965438479936466,1043.5199999993329,7206.409570776324
44177,33.965438479936466,1043.5399999993328,7206.454904579547
44178,33.965438479936466,1043.5599999993328,7206.500237888317
44179,33.965438479936466,1043.5799999993328,7206.545570702618
44180,33.965438479936466,1043.5999999993328,7206.590903022986
44181,33.965438479936466,1043.6199999993328,7206.636234850606
44182,33.965438479936466,1043.6399999993328,7206.6815661855335
44183,33.965438479936466,1043.6599999993327,7206.726897027749
44184,33.965438479936466,1043.6799999993327,7206.772227377236
44185,33.965438479936466,1043.6999999993327,7206.817557233976
44186,33.965438479936466,1043.7199999993327,7206.862886597951
44187,33.965438479936466,1043.7399999993327,7206.908215469142
44188,33.965438479936466,1043.7599999993326,7206.953543847533
44189,33.965438479936466,1043.7799999993326,7206.998871733106
44190,33.965438479936466,1043.7999999993326,7207.044199125842
44191,33.965438479936466,1043.8199999993326,7207.089526025724
44192,33.965438479936466,1043.8399999993326,7207.134852432734
44193,33.965438479936466,1043.8599999993326,7207.180178346854
44194,33.965438479936466,1043.8799999993325,7207.225503768066
44195,33.965438479936466,1043.8999999993325,7207.2708286963525
44196,33.965438479936466,1043.9199999993325,7207.3161531316955
44197,33.965438479936466,1043.9399999993325,7207.361477074077
44198,33.965438479936466,1043.9599999993325,7207.406800523479
44199,33.965438479936466,1043.9799999993324,7207.452123479885
44200,33.965438479936466,1043.9999999993324,7207.497445943275
44201,33.965438479936466,1044.0199999993324,7207.542767913633
44202,33.965438479936466,1044.0399999993324,7207.58808939094
44203,33.965438479936466,1044.0599999993324,7207.633410375178
44204,33.965438479936466,1044.0799999993324,7207.67873086633
44205,33.965438479936466,1044.0999999993323,7207.724050864377
44206,33.965438479936466,1044.1199999993323,7207.769370369302
44207,33.965438479936466,1044.1399999993323,7207.814689381087
44208,33.965438479936466,1044.1599999993323,7207.860007899714
44209,33.965438479936466,1044.1799999993323,7207.905325925166
44210,33.965438479936466,1044.1999999993322,7207.950643457424
44211,33.965438479936466,1044.2199999993322,7207.995960496471
44212,33.965438479936466,1044.2399999993322,7208.041277042288
44213,33.965438479936466,1044.2599999993322,7208.0865930948585
44214,33.965438479936466,1044.2799999993322,7208.131908654163
44215,33.965438479936466,1044.2999999993322,7208.177223720186
44216,33.965438479936466,1044.3199999993321,7208.222538292907
44217,33.965438479936466,1044.3399999993321,7208.267852372311
44218,33.965438479936466,1044.359999999332,7208.313165958378
44219,33.965438479936466,1044.379999999332,7208.35847905109
44220,33.965438479936466,1044.399999999332,7208.40379165043
44221,33.965438479936466,1044.419999999332,7208.44910375638
44222,33.965438479936466,1044.439999999332,7208.494415368923
44223,33.965438479936466,1044.459999999332,7208.539726488039
44224,33.965438479936466,1044.479999999332,7208.585037113712
44225,33.965438479936466,1044.499999999332,7208.630347245924
44226,33.965438479936466,1044.519999999332,7208.675656884657
44227,33.965438479936466,1044.539999999332,7208.720966029892
44228,33.965438479936466,1044.559999999332,7208.766274681612
44229,33.965438479936466,1044.579999999332,7208.8115828397995
44230,33.965438479936466,1044.5999999993319,7208.856890504437
44231,33.965438479936466,1044.6199999993319,7208.90219767617
44232,33.965438479936466,1044.6399999993318,7208.947504356098
44233,33.965438479936466,1044.6599999993318,7208.992810544253
44234,33.965438479936466,1044.6799999993318,7209.038116240618
44235,33.965438479936466,1044.6999999993318,7209.083421445175
44236,33.965438479936466,1044.7199999993318,7209.1287261579055
44237,33.965438479936466,1044.7399999993318,7209.174030378792
44238,33.965438479936466,1044.7599999993317,7209.219334107816
44239,33.965438479936466,1044.7799999993317,7209.264637344962
44240,33.965438479936466,1044.7999999993317,7209.309940090209
44241,33.965438479936466,1044.8199999993317,7209.355242343541
44242,33.965438479936466,1044.8399999993317,7209.40054410494
44243,33.965438479936466,1044.8599999993316,7209.445845374388
44244,33.965438479936466,1044.8799999993316,7209.491146151868
44245,33.965438479936466,1044.8999999993316,7209.536446437361
44246,33.965438479936466,1044.9199999993316,7209.581746230849
44247,33.965438479936466,1044.9399999993316,7209.627045532315
44248,33.965438479936466,1044.9599999993316,7209.67234434174
44249,33.965438479936466,1044.9799999993315,7209.717642659109
44250,33.965438479936466,1044.9999999993315,7209.762940484401
44251,33.965438479936466,1045.0199999993315,7209.8082378176
44252,33.965438479936466,1045.0399999993315,7209.853534658687
44253,33.965438479936466,1045.0599999993315,7209.898831007645
44254,33.965438479936466,1045.0799999993314,7209.944126864455
44255,33.965438479936466,1045.0999999993314,7209.9894222291005
44256,33.965438479936466,1045.1199999993314,7210.034717101561
44257,33.965438479936466,1045.1399999993314,7210.080011481813
44258,33.965438479936466,1045.1599999993314,7210.125305369838
44259,33.965438479936466,1045.1799999993314,7210.170598765619
44260,33.965438479936466,1045.1999999993313,7210.215891669137
44261,33.965438479936466,1045.2199999993313,7210.261184080376
44262,33.965438479936466,1045.2399999993313,7210.306475999317
44263,33.965438479936466,1045.2599999993313,7210.351767425943
44264,33.965438479936466,1045.2799999993313,7210.397058360236
44265,33.965438479936466,1045.2999999993312,7210.4423488021785
44266,33.965438479936466,1045.3199999993312,7210.487638751753
44267,33.965438479936466,1045.3399999993312,7210.532928208942
44268,33.965438479936466,1045.3599999993312,7210.578217173727
44269,33.965438479936466,1045.3799999993312,7210.623505646092
44270,33.965438479936466,1045.3999999993312,7210.668793626017
44271,33.965438479936466,1045.4199999993311,7210.714081113485
44272,33.965438479936466,1045.4399999993311,7210.759368108479
44273,33.965438479936466,1045.459999999331,7210.804654610982
44274,33.965438479936466,1045.479999999331,7210.849940620974
44275,33.965438479936466,1045.499999999331,7210.895226138439
44276,33.965438479936466,1045.519999999331,7210.94051116336
44277,33.965438479936466,1045.539999999331,7210.985795695717
44278,33.965438479936466,1045.559999999331,7211.031079735494
44279,33.965438479936466,1045.579999999331,7211.076363282673
44280,33.965438479936466,1045.599999999331,7211.121646337236
44281,33.965438479936466,1045.619999999331,7211.166928899165
44282,33.965438479936466,1045.639999999331,7211.212210969264
44283,33.965438479936466,1045.659999999331,7211.257492548605
44284,33.965438479936466,1045.679999999331,7211.302773637203
44285,33.965438479936466,1045.6999999993309,7211.34805423504
44286,33.965438479936466,1045.7199999993309,7211.393334342098
44287,33.965438479936466,1045.7399999993308,7211.438613958359
44288,33.965438479936466,1045.7599999993308,7211.483893083808
44289,33.965438479936466,1045.7799999993308,7211.529171718425
44290,33.965438479936466,1045.7999999993308,7211.574449862192
44291,33.965438479936466,1045.8199999993308,7211.619727515093
44292,33.965438479936466,1045.8399999993308,7211.665004677109
44293,33.965438479936466,1045.8599999993307,7211.710281348224
44294,33.965438479936466,1045.8799999993307,7211.7555575284205
44295,33.965438479936466,1045.8999999993307,7211.80083321768
44296,33.965438479936466,1045.9199999993307,7211.846108415984
44297,33.965438479936466,1045.9399999993307,7211.891383123318
44298,33.965438479936466,1045.9599999993306,7211.936657339661
44299,33.965438479936466,1045.9799999993306,7211.981931064998
44300,33.965438479936466,1045.9999999993306,7212.027204299311
44301,33.965438479936466,1046.0199999993306,7212.072477042581
44302,33.965438479936466,1046.0399999993306,7212.117749294792
44303,33.965438479936466,1046.0599999993306,7212.163021055925
44304,33.965438479936466,1046.0799999993305,7212.208292325964
44305,33.965438479936466,1046.0999999993305,7212.253563104891
44306,33.965438479936466,1046.1199999993305,7212.298833392689
44307,33.965438479936466,1046.1399999993305,7212.344103189338
44308,33.965438479936466,1046.1599999993305,7212.389372494823
44309,33.965438479936466,1046.1799999993304,7212.434641309125
44310,33.965438479936466,1046.1999999993304,7212.479909632228
44311,33.965438479936466,1046.2199999993304,7212.525177464113
44312,33.965438479936466,1046.2399999993304,7212.570444804763
44313,33.965438479936466,1046.2599999993304,7212.61571165416
44314,33.965438479936466,1046.2799999993304,7212.660978012287
44315,33.965438479936466,1046.2999999993303,7212.706243879126
44316,33.965438479936466,1046.3199999993303,7212.751509254661
44317,33.965438479936466,1046.3399999993303,7212.796774138872
44318,33.91957006002963,1046.3599999993303,7212.842038531743
44319,33.91957006002963,1046.3799999993303,7212.887302433256
44320,33.91957006002963,1046.3999999993302,7212.932565843394
44321,33.91957006002963,1046.4199999993302,7212.977828762138
44322,33.91957006002963,1046.4399999993302,7213.023091189472
44323,33.91957006002963,1046.4599999993302,7213.068353125379
44324,33.91957006002963,1046.4799999993302,7213.113614569839
44325,33.91957006002963,1046.4999999993302,7213.158875522837
44326,33.91957006002963,1046.5199999993301,7213.204135984353
44327,33.91957006002963,1046.5399999993301,7213.249395954372
44328,33.91957006002963,1046.55999999933,7213.294655432875
44329,33.91957006002963,1046.57999999933,7213.339914419844
44330,33.91957006002963,1046.59999999933,7213.385172915262
44331,33.91957006002963,1046.61999999933,7213.430430919112
44332,33.91957006002963,1046.63999999933,7213.4756884313765
44333,33.91957006002963,1046.65999999933,7213.5209454528585
44334,33.91957006002963,1046.67999999933,7213.56620198442
44335,33.91957006002963,1046.69999999933,7213.611458026052
44336,33.91957006002963,1046.71999999933,7213.656713577736
44337,33.91957006002963,1046.73999999933,7213.701968639454
44338,33.91957006002963,1046.75999999933,7213.74722321119
44339,33.91957006002963,1046.77999999933,7213.792477292927
44340,33.91957006002963,1046.7999999993299,7213.8377308846475
44341,33.91957006002963,1046.8199999993299,7213.882983986334
44342,33.91957006002963,1046.8399999993298,7213.928236597968
44343,33.91957006002963,1046.8599999993298,7213.973488719534
44344,33.91957006002963,1046.8799999993298,7214.0187403510145
44345,33.91957006002963,1046.8999999993298,7214.063991492392
44346,33.91957006002963,1046.9199999993298,7214.10924214365
44347,33.91957006002963,1046.9399999993298,7214.1544923047695
44348,33.91957006002963,1046.9599999993297,7214.1997419757345
44349,33.91957006002963,1046.9799999993297,7214.244991156527
44350,33.91957006002963,1046.9999999993297,7214.2902398471315
44351,33.91957006002963,1047.0199999993297,7214.335488047529
44352,33.91957006002963,1047.0399999993297,7214.380735757703
44353,33.91957006002963,1047.0599999993296,7214.4259829776365
44354,33.91957006002963,1047.0799999993296,7214.471229707312
44355,33.91957006002963,1047.0999999993296,7214.516475946712
44356,33.91957006002963,1047.1199999993296,7214.561721695819
44357,33.91957006002963,1047.1399999993296,7214.606966954616
44358,33.91957006002963,1047.1599999993296,7214.652211723086
44359,33.91957006002963,1047.1799999993295,7214.697456001212
44360,33.91957006002963,1047.1999999993295,7214.742699788977
44361,33.91957006002963,1047.2199999993295,7214.787943086362
44362,33.91957006002963,1047.2399999993295,7214.833185893352
44363,33.91957006002963,1047.2599999993295,7214.878428209928
44364,33.91957006002963,1047.2799999993294,7214.923670036073
44365,33.91957006002963,1047.2999999993294,7214.968911371771
44366,33.91957006002963,1047.3199999993294,7215.014152217004
44367,33.91957006002963,1047.3399999993294,7215.059392571756
44368,33.91957006002963,1047.3599999993294,7215.104632436008
44369,33.91957006002963,1047.3799999993294,7215.149871809743
44370,33.91957006002963,1047.3999999993293,7215.195110692944
44371,33.91957006002963,1047.4199999993293,7215.240349085594
44372,33.91957006002963,1047.4399999993293,7215.285586987676
44373,33.91957006002963,1047.4599999993293,7215.330824399172
44374,33.91957006002963,1047.4799999993293,7215.376061320066
44375,33.91957006002963,1047.4999999993292,7215.421297750339
44376,33.91957006002963,1047.5199999993292,7215.466533689975
44377,33.91957006002963,1047.5399999993292,7215.511769138957
44378,33.91957006002963,1047.5599999993292,7215.557004097267
44379,33.91957006002963,1047.5799999993292,7215.602238564888
44380,33.91957006002963,1047.5999999993292,7215.647472541802
44381,33.91957006002963,1047.6199999993291,7215.692706027993
44382,33.91957006002963,1047.6399999993291,7215.737939023444
44383,33.91957006002963,1047.659999999329,7215.783171528151
44384,33.91957006002963,1047.679999999329,7215.8284035430615
44385,33.91957006002963,1047.699999999329,7215.873635068992
44386,33.91957006002963,1047.719999999329,7215.918866105926
44387,33.91957006002963,1047.739999999329,7215.964096653846
44388,33.91957006002963,1047.759999999329,7216.009326712735
44389,33.91957006002963,1047.779999999329,7216.0545562825755
44390,33.91957006002963,1047.799999999329,7216.099785363351
44391,33.91957006002963,1047.819999999329,7216.145013955043
44392,33.91957006002963,1047.839999999329,7216.190242057636
44393,33.91957006002963,1047.859999999329,7216.235469671112
44394,33.91957006002963,1047.879999999329,7216.280696795454
44395,33.91957006002963,1047.8999999993289,7216.325923430644
44396,33.91957006002963,1047.9199999993289,7216.3711495766665
44397,33.91957006002963,1047.9399999993288,7216.4163752335035
44398,33.91957006002963,1047.9599999993288,7216.461600401138
44399,33.91957006002963,1047.9799999993288,7216.506825079552
44400,33.91957006002963,1047.9999999993288,7216.55204926873
44401,33.91957006002963,1048.0199999993288,7216.597272968654
44402,33.91957006002963,1048.0399999993288,7216.642496179306
44403,33.91957006002963,1048.0599999993287,7216.687718900671
44404,33.91957006002963,1048.0799999993287,7216.732941132729
44405,33.91957006002963,1048.0999999993287,7216.778162875466
44406,33.91957006002963,1048.1199999993287,7216.823384128862
44407,33.91957006002963,1048.1399999993287,7216.868604892901
44408,33.91957006002963,1048.1599999993286,7216.913825167567
44409,33.91957006002963,1048.1799999993286,7216.9590449528405
44410,33.91957006002963,1048.1999999993286,7217.004264248706
44411,33.91957006002963,1048.2199999993286,7217.049483055146
44412,33.91957006002963,1048.2399999993286,7217.094701372143
44413,33.91957006002963,1048.2599999993286,7217.139919199681
44414,33.91957006002963,1048.2799999993285,7217.1851365377415
44415,33.91957006002963,1048.2999999993285,7217.230353386308
44416,33.91957006002963,1048.3199999993285,7217.275569745363
44417,33.91957006002963,1048.3399999993285,7217.32078561489
44418,33.91957006002963,1048.3599999993285,7217.366000994872
44419,33.91957006002963,1048.3799999993284,7217.41121588529
44420,33.91957006002963,1048.3999999993284,7217.45643028613
44421,33.91957006002963,1048.4199999993284,7217.501644197372
44422,33.91957006002963,1048.4399999993284,7217.546857619001
44423,33.91957006002963,1048.4599999993284,7217.592070550997
44424,33.91957006002963,1048.4799999993284,7217.637282993345
44425,33.91957006002963,1048.4999999993283,7217.682494946028
44426,33.91957006002963,1048.5199999993283,7217.7277064090285
44427,33.91957006002963,1048.5399999993283,7217.772917382329
44428,33.91957006002963,1048.5599999993283,7217.818127865912
44429,33.91957006002963,1048.5799999993283,7217.8633378597615
44430,33.91957006002963,1048.5999999993282,7217.90854736386
44431,33.91957006002963,1048.6199999993282,7217.95375637819
44432,33.91957006002963,1048.6399999993282,7217.998964902734
44433,33.91957006002963,1048.6599999993282,7218.044172937475
44434,33.91957006002963,1048.6799999993282,7218.089380482433
44435,33.91957006002963,1048.6999999993282,7218.1345875386405
44436,33.91957006002963,1048.7199999993281,7218.17979410681
44437,33.91957006002963,1048.7399999993281,7218.225000186923
44438,33.91957006002963,1048.759999999328,7218.270205778964
44439,33.91957006002963,1048.779999999328,7218.315410882914
44440,33.91957006002963,1048.799999999328,7218.360615498757
44441,33.91957006002963,1048.819999999328,7218.405819626477
44442,33.91957006002963,1048.839999999328,7218.451023266055
44443,33.91957006002963,1048.859999999328,7218.496226417475
44444,33.91957006002963,1048.879999999328,7218.541429080719
44445,33.91957006002963,1048.899999999328,7218.586631255771
44446,33.91957006002963,1048.919999999328,7218.631832942613
44447,33.91957006002963,1048.939999999328,7218.677034141228
44448,33.91957006002963,1048.959999999328,7218.722234851601
44449,33.91957006002963,1048.979999999328,7218.767435073712
44450,33.91957006002963,1048.9999999993279,7218.812634807545
44451,33.91957006002963,1049.0199999993279,7218.857834053083
44452,33.91957006002963,1049.0399999993278,7218.903032810309
44453,33.91957006002963,1049.0599999993278,7218.9482310792055
44454,33.91957006002963,1049.0799999993278,7218.993428859756
44455,33.91957006002963,1049.0999999993278,7219.038626151943
44456,33.91957006002963,1049.1199999993278,7219.08382295575
44457,33.91957006002963,1049.1399999993278,7219.129019271159
44458,33.91957006002963,1049.1599999993277,7219.174215098154
44459,33.91957006002963,1049.1799999993277,7219.219410436716
44460,33.91957006002963,1049.1999999993277,7219.26460528683
44461,33.91957006002963,1049.2199999993277,7219.3097996484785
44462,33.91957006002963,1049.2399999993277,7219.354993521643
44463,33.91957006002963,1049.2599999993276,7219.400186906308
44464,33.91957006002963,1049.2799999993276,7219.445379802455
44465,33.91957006002963,1049.2999999993276,7219.490572210068
44466,33.91957006002963,1049.3199999993276,7219.53576412913
44467,33.91957006002963,1049.3399999993276,7219.580955559624
44468,33.91957006002963,1049.3599999993276,7219.626146501532
44469,33.91957006002963,1049.3799999993275,7219.671336954838
44470,33.91957006002963,1049.3999999993275,7219.716526919524
44471,33.91957006002963,1049.4199999993275,7219.761716395573
44472,33.91957006002963,1049.4399999993275,7219.806905382968
44473,33.91957006002963,1049.4599999993275,7219.852093881692
44474,33.91957006002963,1049.4799999993274,7219.897281891728
44475,33.91957006002963,1049.4999999993274,7219.942469413059
44476,33.91957006002963,1049.5199999993274,7219.987656445668
44477,33.91957006002963,1049.5399999993274,7220.0328429895435
44478,33.91957006002963,1049.5599999993274,7220.078029044685
44479,33.91957006002963,1049.5799999993274,7220.123214611075
44480,33.91957006002963,1049.5999999993273,7220.168399688697
44481,33.91957006002963,1049.6199999993273,7220.213584277533
44482,33.91957006002963,1049.6399999993273,7220.258768377566
44483,33.91957006002963,1049.6599999993273,7220.303951988779
44484,33.91957006002963,1049.6799999993273,7220.349135111153
44485,33.91957006002963,1049.6999999993272,7220.394317744731
44486,33.91957006002963,1049.7199999993272,7220.43949989063
44487,33.91957006002963,1049.7399999993272,7220.484681549456
44488,33.91957006002963,1049.7599999993272,7220.52986272119
44489,33.91957006002963,1049.7799999993272,7220.5750434058145
44490,33.91957006002963,1049.7999999993272,7220.620223603313
44491,33.91957006002963,1049.8199999993271,7220.665403313668
44492,33.91957006002963,1049.8399999993271,7220.710582536863
44493,33.91957006002963,1049.859999999327,7220.755761272879
44494,33.91957006002963,1049.879999999327,7220.800939521699
44495,33.91957006002963,1049.899999999327,7220.846117283306
44496,33.91957006002963,1049.919999999327,7220.891294557682
44497,33.91957006002963,1049.939999999327,7220.93647134481
44498,33.91957006002963,1049.959999999327,7220.981647644673
44499,33.91957006002963,1049.979999999327,7221.026823457252
44500,33.91957006002963,1049.999999999327,7221.071998782531
44501,33.91957006002963,1050.019999999327,7221.117173620492
44502,33.91957006002963,1050.039999999327,7221.162347971118
44503,33.91957006002963,1050.059999999327,7221.207521834391
44504,33.91957006002963,1050.079999999327,7221.2526952102935
44505,33.91957006002963,1050.0999999993269,7221.297868098809
44506,33.91957006002963,1050.1199999993269,7221.343040499919
44507,33.91957006002963,1050.1399999993268,7221.388212413607
44508,33.91957006002963,1050.1599999993268,7221.433383839855
44509,33.91957006002963,1050.1799999993268,7221.478554778646
44510,33.91957006002963,1050.1999999993268,7221.523725229962
44511,33.91957006002963,1050.2199999993268,7221.568895193786
44512,33.91957006002963,1050.2399999993268,7221.614064670101
44513,33.91957006002963,1050.2599999993267,7221.659233658888
44514,33.91957006002963,1050.2799999993267,7221.704402160131
44515,33.91957006002963,1050.2999999993267,7221.749570173813
44516,33.91957006002963,1050.3199999993267,7221.794737699915
44517,33.91957006002963,1050.3399999993267,7221.83990473842
44518,33.91957006002963,1050.3599999993266,7221.885071289311
44519,33.91957006002963,1050.3799999993266,7221.930237352571
44520,33.91957006002963,1050.3999999993266,7221.975402928181
44521,33.91957006002963,1050.4199999993266,7222.020568016125
44522,33.91957006002963,1050.4399999993266,7222.0657326163855
44523,33.91957006002963,1050.4599999993266,7222.110896728945
44524,33.91957006002963,1050.4799999993265,7222.1560603537855
44525,33.91957006002963,1050.4999999993265,7222.201223490891
44526,33.91957006002963,1050.5199999993265,7222.246386140242
44527,33.91957006002963,1050.5399999993265,7222.291548301822
44528,33.91957006002963,1050.5599999993265,7222.336709975614
44529,33.91957006002963,1050.5799999993264,7222.3818711616
44530,33.91957006002963,1050.5999999993264,7222.427031859764
44531,33.91957006002963,1050.6199999993264,7222.472192070086
44532,33.91957006002963,1050.6399999993264,7222.5173517925505
44533,33.91957006002963,1050.6599999993264,7222.562511027139
44534,33.91957006002963,1050.6799999993264,7222.607669773835
44535,33.91957006002963,1050.6999999993263,7222.652828032621
44536,33.91957006002963,1050.7199999993263,7222.697985803562
44537,33.91957006002963,1050.7399999993263,7222.7431430879315
44538,33.91957006002963,1050.7599999993263,7222.788299886254
44539,33.91957006002963,1050.7799999993263,7222.833456198512
44540,33.91957006002963,1050.7999999993262,7222.878612024688
44541,33.91957006002963,1050.8199999993262,7222.923767364763
44542,33.91957006002963,1050.8399999993262,7222.968922218722
44543,33.91957006002963,1050.8599999993262,7223.014076586544
44544,33.91957006002963,1050.8799999993262,7223.059230468215
44545,33.91957006002963,1050.8999999993262,7223.104383863715
44546,33.91957006002963,1050.9199999993261,7223.149536773028
44547,33.91957006002963,1050.9399999993261,7223.194689196135
44548,33.91957006002963,1050.959999999326,7223.23984113302
44549,33.91957006002963,1050.979999999326,7223.284992583664
44550,33.91957006002963,1050.999999999326,7223.33014354805
44551,33.91957006002963,1051.019999999326,7223.37529402616
44552,33.91957006002963,1051.039999999326,7223.420444017977
44553,33.91957006002963,1051.059999999326,7223.465593523483
44554,33.91957006002963,1051.079999999326,7223.51074254266
44555,33.91957006002963,1051.099999999326,7223.555891075492
44556,33.91957006002963,1051.119999999326,7223.60103912196
44557,33.91957006002963,1051.139999999326,7223.646186682046
44558,33.91957006002963,1051.159999999326,7223.691333755734
44559,33.91957006002963,1051.179999999326,7223.736480343006
44560,33.873804785139605,1051.1999999993259,7223.781626443844
44561,33.873804785139605,1051.2199999993259,7223.826772058231
44562,33.873804785139605,1051.2399999993258,7223.871917186148
44563,33.873804785139605,1051.2599999993258,7223.917061827578
44564,33.873804785139605,1051.2799999993258,7223.962205982505
44565,33.873804785139605,1051.2999999993258,7224.007349650909
44566,33.873804785139605,1051.3199999993258,7224.052492832775
44567,33.873804785139605,1051.3399999993258,7224.097635528083
44568,33.873804785139605,1051.3599999993257,7224.142777736816
44569,33.873804785139605,1051.3799999993257,7224.187919458957
44570,33.873804785139605,1051.3999999993257,7224.233060694489
44571,33.873804785139605,1051.4199999993257,7224.278201443393
44572,33.873804785139605,1051.4399999993257,7224.323341705653
44573,33.873804785139605,1051.4599999993256,7224.36848148125
44574,33.873804785139605,1051.4799999993256,7224.413620770167
44575,33.873804785139605,1051.4999999993256,7224.458759572386
44576,33.873804785139605,1051.5199999993256,7224.50389788789
44577,33.873804785139605,1051.5399999993256,7224.549035716661
44578,33.873804785139605,1051.5599999993256,7224.594173058682
44579,33.873804785139605,1051.5799999993255,7224.639309913935
44580,33.873804785139605,1051.5999999993255,7224.684446282402
44581,33.873804785139605,1051.6199999993255,7224.729582164066
44582,33.873804785139605,1051.6399999993255,7224.77471755891
44583,33.873804785139605,1051.6599999993255,7224.819852466915
44584,33.873804785139605,1051.6799999993254,7224.864986888065
44585,33.873804785139605,1051.6999999993254,7224.910120822341
44586,33.873804785139605,1051.7199999993254,7224.955254269726
44587,33.873804785139605,1051.7399999993254,7225.000387230294
44588,33.873804785139605,1051.7599999993254,7225.045519705239
44589,33.873804785139605,1051.7799999993254,7225.090651694918
44590,33.873804785139605,1051.7999999993253,7225.135783199314
44591,33.873804785139605,1051.8199999993253,7225.180914218408
44592,33.873804785139605,1051.8399999993253,7225.226044752185
44593,33.873804785139605,1051.8599999993253,7225.271174800625
44594,33.873804785139605,1051.8799999993253,7225.316304363711
44595,33.873804785139605,1051.8999999993252,7225.361433441426
44596,33.873804785139605,1051.9199999993252,7225.406562033751
44597,33.873804785139605,1051.9399999993252,7225.451690140669
44598,33.873804785139605,1051.9599999993252,7225.496817762161
44599,33.873804785139605,1051.9799999993252,7225.541944898211
44600,33.873804785139605,1051.9999999993252,7225.587071548801
44601,33.873804785139605,1052.0199999993251,7225.632197713912
44602,33.873804785139605,1052.0399999993251,7225.677323393528
44603,33.873804785139605,1052.059999999325,7225.72244858763
44604,33.873804785139605,1052.079999999325,7225.767573296202
44605,33.873804785139605,1052.099999999325,7225.8126975192245
44606,33.873804785139605,1052.119999999325,7225.85782125668
44607,33.873804785139605,1052.139999999325,7225.902944508552
44608,33.873804785139605,1052.159999999325,7225.948067274821
44609,33.873804785139605,1052.179999999325,7225.993189555471
44610,33.873804785139605,1052.199999999325,7226.038311350483
44611,33.873804785139605,1052.219999999325,7226.083432659841
44612,33.873804785139605,1052.239999999325,7226.128553483525
44613,33.873804785139605,1052.259999999325,7226.173673821519
44614,33.873804785139605,1052.279999999325,7226.218793673804
44615,33.873804785139605,1052.2999999993249,7226.263913040363
44616,33.873804785139605,1052.3199999993249,7226.309031921179
44617,33.873804785139605,1052.3399999993248,7226.354150316233
44618,33.873804785139605,1052.3599999993248,7226.399268225508
44619,33.873804785139605,1052.3799999993248,7226.444385648987
44620,33.873804785139605,1052.3999999993248,7226.489502586651
44621,33.873804785139605,1052.4199999993248,7226.534619038482
44622,33.873804785139605,1052.4399999993248,7226.579735004463
44623,33.873804785139605,1052.4599999993247,7226.624850484577
44624,33.873804785139605,1052.4799999993247,7226.669965478805
44625,33.873804785139605,1052.4999999993247,7226.715079987131
44626,33.873804785139605,1052.5199999993247,7226.760194009535
44627,33.873804785139605,1052.5399999993247,7226.805307546
44628,33.873804785139605,1052.5599999993246,7226.850420596509
44629,33.873804785139605,1052.5799999993246,7226.895533161044
44630,33.873804785139605,1052.5999999993246,7226.940645239588
44631,33.873804785139605,1052.6199999993246,7226.985756832122
44632,33.873804785139605,1052.6399999993246,7227.030867938629
44633,33.873804785139605,1052.6599999993246,7227.075978559091
44634,33.873804785139605,1052.6799999993245,7227.1210886934905
44635,33.873804785139605,1052.6999999993245,7227.16619834181
44636,33.873804785139605,1052.7199999993245,7227.2113075040315
44637,33.873804785139605,1052.7399999993245,7227.256416180137
44638,33.873804785139605,1052.7599999993245,7227.301524370229
44639,33.873804785139605,1052.7799999993244,7227.346632075659
44640,33.873804785139605,1052.7999999993244,7227.391739296703
44641,33.873804785139605,1052.8199999993244,7227.436846033345
44642,33.873804785139605,1052.8399999993244,7227.481952285567
44643,33.873804785139605,1052.8599999993244,7227.527058053351
44644,33.873804785139605,1052.8799999993244,7227.572163336678
44645,33.873804785139605,1052.8999999993243,7227.617268135532
44646,33.873804785139605,1052.9199999993243,7227.662372449895
44647,33.873804785139605,1052.9399999993243,7227.707476279748
44648,33.873804785139605,1052.9599999993243,7227.752579625076
44649,33.873804785139605,1052.9799999993243,7227.797682485858
44650,33.873804785139605,1052.9999999993242,7227.842784862079
44651,33.873804785139605,1053.0199999993242,7227.887886753719
44652,33.873804785139605,1053.0399999993242,7227.932988160762
44653,33.873804785139605,1053.0599999993242,7227.97808908319
44654,33.873804785139605,1053.0799999993242,7228.0231895209845
44655,33.873804785139605,1053.0999999993242,7228.0682894741285
44656,33.873804785139605,1053.1199999993241,7228.113388942605
44657,33.873804785139605,1053.1399999993241,7228.158487926395
44658,33.873804785139605,1053.159999999324,7228.20358642548
44659,33.873804785139605,1053.179999999324,7228.2486844398445
44660,33.873804785139605,1053.199999999324,7228.29378196947
44661,33.873804785139605,1053.219999999324,7228.338879014338
44662,33.873804785139605,1053.239999999324,7228.383975574432
44663,33.873804785139605,1053.259999999324,7228.4290716497335
44664,33.873804785139605,1053.279999999324,7228.474167240225
44665,33.873804785139605,1053.299999999324,7228.519262345889
44666,33.873804785139605,1053.319999999324,7228.564356966707
44667,33.873804785139605,1053.339999999324,7228.609451102662
44668,33.873804785139605,1053.359999999324,7228.654544753736
44669,33.873804785139605,1053.379999999324,7228.699637919912
44670,33.873804785139605,1053.3999999993239,7228.744730601171
44671,33.873804785139605,1053.4199999993239,7228.7898227974965
44672,33.873804785139605,1053.4399999993238,7228.8349145088705
44673,33.873804785139605,1053.4599999993238,7228.880005735275
44674,33.873804785139605,1053.4799999993238,7228.925096476692
44675,33.873804785139605,1053.4999999993238,7228.970186733104
44676,33.873804785139605,1053.5199999993238,7229.015276504494
44677,33.873804785139605,1053.5399999993238,7229.060365790844
44678,33.873804785139605,1053.5599999993237,7229.105454592136
44679,33.873804785139605,1053.5799999993237,7229.150542908353
44680,33.873804785139605,1053.5999999993237,7229.195630739476
44681,33.873804785139605,1053.6199999993237,7229.240718085488
44682,33.873804785139605,1053.6399999993237,7229.285804946371
44683,33.873804785139605,1053.6599999993236,7229.330891322108
44684,33.873804785139605,1053.6799999993236,7229.3759772126805
44685,33.873804785139605,1053.6999999993236,7229.421062618071
44686,33.873804785139605,1053.7199999993236,7229.466147538263
44687,33.873804785139605,1053.7399999993236,7229.511231973237
44688,33.873804785139605,1053.7599999993236,7229.556315922977
44689,33.873804785139605,1053.7799999993235,7229.601399387604
44690,33.873804785139605,1053.7999999993235,7229.646482368558
44691,33.873804785139605,1053.8199999993235,7229.6915648660115
44692,33.873804785139605,1053.8399999993235,7229.736646879946
44693,33.873804785139605,1053.8599999993235,7229.781728410346
44694,33.873804785139605,1053.8799999993234,7229.826809457191
44695,33.873804785139605,1053.8999999993234,7229.871890020465
44696,33.873804785139605,1053.9199999993234,7229.91697010015
44697,33.873804785139605,1053.9399999993234,7229.962049696228
44698,33.873804785139605,1053.9599999993234,7230.007128808682
44699,33.873804785139605,1053.9799999993234,7230.052207437493
44700,33.873804785139605,1053.9999999993233,7230.097285582644
44701,33.873804785139605,1054.0199999993233,7230.142363244117
44702,33.873804785139605,1054.0399999993233,7230.187440421896
44703,33.873804785139605,1054.0599999993233,7230.232517115964
44704,33.873804785139605,1054.0799999993233,7230.277593326303
44705,33.873804785139605,1054.0999999993232,7230.322669052897
44706,33.873804785139605,1054.1199999993232,7230.367744295729
44707,33.873804785139605,1054.1399999993232,7230.412819054781
44708,33.873804785139605,1054.1599999993232,7230.457893330037
44709,33.873804785139605,1054.1799999993232,7230.50296712148
44710,33.873804785139605,1054.1999999993232,7230.548040429093
44711,33.873804785139605,1054.2199999993231,7230.5931132528585
44712,33.873804785139605,1054.2399999993231,7230.63818559276
44713,33.873804785139605,1054.259999999323,7230.683257448781
44714,33.873804785139605,1054.279999999323,7230.728328820903
44715,33.873804785139605,1054.299999999323,7230.77339970911
44716,33.873804785139605,1054.319999999323,7230.818470113385
44717,33.873804785139605,1054.339999999323,7230.863540033711
44718,33.873804785139605,1054.359999999323,7230.908609470071
44719,33.873804785139605,1054.379999999323,7230.953678422447
44720,33.873804785139605,1054.399999999323,7230.998746890824
44721,33.873804785139605,1054.419999999323,7231.043814875184
44722,33.873804785139605,1054.439999999323,7231.0888823755095
44723,33.873804785139605,1054.459999999323,7231.133949391784
44724,33.873804785139605,1054.479999999323,7231.17901592399
44725,33.873804785139605,1054.4999999993229,7231.224081972111
44726,33.873804785139605,1054.5199999993229,7231.269147536131
44727,33.873804785139605,1054.5399999993228,7231.314212616031
44728,33.873804785139605,1054.5599999993228,7231.359277211795
44729,33.873804785139605,1054.5799999993228,7231.404341323407
44730,33.873804785139605,1054.5999999993228,7231.4494049508485
44731,33.873804785139605,1054.6199999993228,7231.4944680941035
44732,33.873804785139605,1054.6399999993228,7231.539530753154
44733,33.873804785139605,1054.6599999993227,7231.584592927985
44734,33.873804785139605,1054.6799999993227,7231.629654618577
44735,33.873804785139605,1054.6999999993227,7231.6747158249145
44736,33.873804785139605,1054.7199999993227,7231.71977654698
44737,33.873804785139605,1054.7399999993227,7231.764836784757
44738,33.873804785139605,1054.7599999993226,7231.809896538228
44739,33.873804785139605,1054.7799999993226,7231.854955807376
44740,33.873804785139605,1054.7999999993226,7231.900014592399
44741,33.873804785139605,1054.8199999993226,7231.94507289472
44742,33.873804785139605,1054.8399999993226,7231.99013071446
44743,33.873804785139605,1054.8599999993226,7232.035188051601
44744,33.873804785139605,1054.8799999993225,7232.080244906127
44745,33.873804785139605,1054.8999999993225,7232.12530127802
44746,33.873804785139605,1054.9199999993225,7232.170357167263
44747,33.873804785139605,1054.9399999993225,7232.215412573841
44748,33.873804785139605,1054.9599999993225,7232.260467497735
44749,33.873804785139605,1054.9799999993224,7232.305521938928
44750,33.873804785139605,1054.9999999993224,7232.350575897404
44751,33.873804785139605,1055.0199999993224,7232.395629373146
44752,33.873804785139605,1055.0399999993224,7232.4406823661375
44753,33.873804785139605,1055.0599999993224,7232.485734876361
44754,33.873804785139605,1055.0799999993224,7232.530786903799
44755,33.873804785139605,1055.0999999993223,7232.575838448435
44756,33.873804785139605,1055.1199999993223,7232.620889510253
44757,33.873804785139605,1055.1399999993223,7232.665940089234
44758,33.873804785139605,1055.1599999993223,7232.710990185363
44759,33.873804785139605,1055.1799999993223,7232.756039798622
44760,33.873804785139605,1055.1999999993222,7232.801088928994
44761,33.873804785139605,1055.2199999993222,7232.846137576464
44762,33.873804785139605,1055.2399999993222,7232.891185741012
44763,33.873804785139605,1055.2599999993222,7232.936233422623
44764,33.873804785139605,1055.2799999993222,7232.98128062128
44765,33.873804785139605,1055.2999999993222,7233.0263273369665
44766,33.873804785139605,1055.3199999993221,7233.0713735696645
44767,33.873804785139605,1055.3399999993221,7233.116419319357
44768,33.873804785139605,1055.359999999322,7233.161464586028
44769,33.873804785139605,1055.379999999322,7233.20650936966
44770,33.873804785139605,1055.399999999322,7233.251553670236
44771,33.873804785139605,1055.419999999322,7233.296597487739
44772,33.873804785139605,1055.439999999322,7233.341640822152
44773,33.873804785139605,1055.459999999322,7233.386683673458
44774,33.873804785139605,1055.479999999322,7233.43172604164
44775,33.873804785139605,1055.499999999322,7233.476767926682
44776,33.873804785139605,1055.519999999322,7233.521809328567
44777,33.873804785139605,1055.539999999322,7233.566850247276
44778,33.873804785139605,1055.559999999322,7233.611890682795
44779,33.873804785139605,1055.579999999322,7233.656930635106
44780,33.873804785139605,1055.5999999993219,7233.701970104191
44781,33.873804785139605,1055.6199999993219,7233.747009090034
44782,33.873804785139605,1055.6399999993218,7233.792047592618
44783,33.873804785139605,1055.6599999993218,7233.837085611925
44784,33.873804785139605,1055.6799999993218,7233.882123147941
44785,33.873804785139605,1055.6999999993218,7233.927160200646
44786,33.873804785139605,1055.7199999993218,7233.972196770023
44787,33.873804785139605,1055.7399999993218,7234.0172328560575
44788,33.873804785139605,1055.7599999993217,7234.062268458731
44789,33.873804785139605,1055.7799999993217,7234.107303578026
44790,33.873804785139605,1055.7999999993217,7234.152338213928
44791,33.873804785139605,1055.8199999993217,7234.197372366757
44792,33.873804785139605,1055.8399999993217,7234.24240603794
44793,33.873804785139605,1055.8599999993216,7234.287439227582
44794,33.873804785139605,1055.8799999993216,7234.332471935665
44795,33.873804785139605,1055.8999999993216,7234.377504162174
44796,33.873804785139605,1055.9199999993216,7234.422535907091
44797,33.873804785139605,1055.9399999993216,7234.467567170398
44798,33.873804785139605,1055.9599999993216,7234.51259795208
44799,33.873804785139605,1055.9799999993215,7234.557628252119
44800,33.873804785139605,1055.9999999993215,7234.602658070498
44801,33.873804785139605,1056.0199999993215,7234.647687407201
44802,33.828142330836975,1056.0399999993215,7234.692716262211
44803,33.828142330836975,1056.0599999993215,7234.737744635511
44804,33.828142330836975,1056.0799999993214,7234.782772527084
44805,33.828142330836975,1056.0999999993214,7234.827799936912
44806,33.828142330836975,1056.1199999993214,7234.872826864979
44807,33.828142330836975,1056.1399999993214,7234.917853311268
44808,33.828142330836975,1056.1599999993214,7234.962879275762
44809,33.828142330836975,1056.1799999993214,7235.007904758444
44810,33.828142330836975,1056.1999999993213,7235.0529297592975
44811,33.828142330836975,1056.2199999993213,7235.097954278305
44812,33.828142330836975,1056.2399999993213,7235.14297831545
44813,33.828142330836975,1056.2599999993213,7235.188001870715
44814,33.828142330836975,1056.2799999993213,7235.233024944084
44815,33.828142330836975,1056.2999999993212,7235.278047535539
44816,33.828142330836975,1056.3199999993212,7235.323069645065
44817,33.828142330836975,1056.3399999993212,7235.368091272643
44818,33.828142330836975,1056.3599999993212,7235.413112418257
44819,33.828142330836975,1056.3799999993212,7235.45813308189
44820,33.828142330836975,1056.3999999993212,7235.503153263525
44821,33.828142330836975,1056.4199999993211,7235.548172963145
44822,33.828142330836975,1056.4399999993211,7235.593192180733
44823,33.828142330836975,1056.459999999321,7235.638210916272
44824,33.828142330836975,1056.479999999321,7235.6832291697465
44825,33.828142330836975,1056.499999999321,7235.7282469411375
44826,33.828142330836975,1056.519999999321,7235.773264230429
44827,33.828142330836975,1056.539999999321,7235.818281037605
44828,33.828142330836975,1056.559999999321,7235.863297362646
44829,33.828142330836975,1056.579999999321,7235.908313205538
44830,33.828142330836975,1056.599999999321,7235.953328566263
44831,33.828142330836975,1056.619999999321,7235.998343444803
44832,33.828142330836975,1056.639999999321,7236.043357841143
44833,33.828142330836975,1056.659999999321,7236.088371755264
44834,33.828142330836975,1056.679999999321,7236.133385187151
44835,33.828142330836975,1056.6999999993209,7236.178398136786
44836,33.828142330836975,1056.7199999993209,7236.223410604152
44837,33.828142330836975,1056.7399999993208,7236.268422589233
44838,33.828142330836975,1056.7599999993208,7236.3134340920105
44839,33.828142330836975,1056.7799999993208,7236.358445112469
44840,33.828142330836975,1056.7999999993208,7236.403455650591
44841,33.828142330836975,1056.8199999993208,7236.44846570636
44842,33.828142330836975,1056.8399999993208,7236.493475280152
44843,33.828142330836975,1056.8599999993207,7236.538484373124
44844,33.828142330836975,1056.8799999993207,7236.583492985348
44845,33.828142330836975,1056.8999999993207,7236.628501116806
44846,33.828142330836975,1056.9199999993207,7236.673508767481
44847,33.828142330836975,1056.9399999993207,7236.718515937356
44848,33.828142330836975,1056.9599999993206,7236.763522626414
44849,33.828142330836975,1056.9799999993206,7236.808528834638
44850,33.828142330836975,1056.9999999993206,7236.853534562012
44851,33.828142330836975,1057.0199999993206,7236.898539808519
44852,33.828142330836975,1057.0399999993206,7236.943544574141
44853,33.828142330836975,1057.0599999993206,7236.988548858862
44854,33.828142330836975,1057.0799999993205,7237.033552662664
44855,33.828142330836975,1057.0999999993205,7237.078555985531
44856,33.828142330836975,1057.1199999993205,7237.123558827447
44857,33.828142330836975,1057.1399999993205,7237.168561188393
44858,33.828142330836975,1057.1599999993205,7237.213563068354
44859,33.828142330836975,1057.1799999993204,7237.258564467312
44860,33.828142330836975,1057.1999999993204,7237.30356538525
44861,33.828142330836975,1057.2199999993204,7237.348565822152
44862,33.828142330836975,1057.2399999993204,7237.393565777999
44863,33.828142330836975,1057.2599999993204,7237.438565252777
44864,33.828142330836975,1057.2799999993204,7237.483564246468
44865,33.828142330836975,1057.2999999993203,7237.528562759054
44866,33.828142330836975,1057.3199999993203,7237.573560790519
44867,33.828142330836975,1057.3399999993203,7237.618558340846
44868,33.828142330836975,1057.3599999993203,7237.663555410018
44869,33.828142330836975,1057.3799999993203,7237.708551998017
44870,33.828142330836975,1057.3999999993202,7237.753548104828
44871,33.828142330836975,1057.4199999993202,7237.798543730433
44872,33.828142330836975,1057.4399999993202,7237.843538874816
44873,33.828142330836975,1057.4599999993202,7237.888533537959
44874,33.828142330836975,1057.4799999993202,7237.933527719845
44875,33.828142330836975,1057.4999999993202,7237.9785214204585
44876,33.828142330836975,1057.5199999993201,7238.023514639781
44877,33.828142330836975,1057.5399999993201,7238.068507377796
44878,33.828142330836975,1057.55999999932,7238.113499634487
44879,33.828142330836975,1057.57999999932,7238.158491409838
44880,33.828142330836975,1057.59999999932,7238.20348270383
44881,33.828142330836975,1057.61999999932,7238.248473516447
44882,33.828142330836975,1057.63999999932,7238.293463847673
44883,33.828142330836975,1057.65999999932,7238.338453697489
44884,33.828142330836975,1057.67999999932,7238.38344306588
44885,33.828142330836975,1057.69999999932,7238.428431952829
44886,33.828142330836975,1057.71999999932,7238.4734203583175
44887,33.828142330836975,1057.73999999932,7238.518408282331
44888,33.828142330836975,1057.75999999932,7238.56339572485
44889,33.828142330836975,1057.77999999932,7238.608382685859
44890,33.828142330836975,1057.7999999993199,7238.653369165341
44891,33.828142330836975,1057.8199999993199,7238.698355163279
44892,33.828142330836975,1057.8399999993198,7238.743340679656
44893,33.828142330836975,1057.8599999993198,7238.788325714979
44894,33.828142330836975,1057.8799999993198,7238.833310270399
44895,33.828142330836975,1057.8999999993198,7238.878294345972
44896,33.828142330836975,1057.9199999993198,7238.923277941681
44897,33.828142330836975,1057.9399999993198,7238.968261057508
44898,33.828142330836975,1057.9599999993197,7239.013243693438
44899,33.828142330836975,1057.9799999993197,7239.058225849453
44900,33.828142330836975,1057.9999999993197,7239.103207525537
44901,33.828142330836975,1058.0199999993197,7239.148188721671
44902,33.828142330836975,1058.0399999993197,7239.193169437841
44903,33.828142330836975,1058.0599999993196,7239.238149674027
44904,33.828142330836975,1058.0799999993196,7239.283129430214
44905,33.828142330836975,1058.0999999993196,7239.328108706385
44906,33.828142330836975,1058.1199999993196,7239.373087502522
44907,33.828142330836975,1058.1399999993196,7239.41806581861
44908,33.828142330836975,1058.1599999993196,7239.4630436546295
44909,33.828142330836975,1058.1799999993195,7239.508021010565
44910,33.828142330836975,1058.1999999993195,7239.5529978864
44911,33.828142330836975,1058.2199999993195,7239.597974282116
44912,33.828142330836975,1058.2399999993195,7239.642950197698
44913,33.828142330836975,1058.2599999993195,7239.6879256331285
44914,33.828142330836975,1058.2799999993194,7239.732900588389
44915,33.828142330836975,1058.2999999993194,7239.777875063465
44916,33.828142330836975,1058.3199999993194,7239.822849058338
44917,33.828142330836975,1058.3399999993194,7239.867822572991
44918,33.828142330836975,1058.3599999993194,7239.912795607408
44919,33.828142330836975,1058.3799999993194,7239.957768161572
44920,33.828142330836975,1058.3999999993193,7240.002740235464
44921,33.828142330836975,1058.4199999993193,7240.047711829056
44922,33.828142330836975,1058.4399999993193,7240.09268294232
44923,33.828142330836975,1058.4599999993193,7240.137653575236
44924,33.828142330836975,1058.4799999993193,7240.182623727788
44925,33.828142330836975,1058.4999999993192,7240.227593399959
44926,33.828142330836975,1058.5199999993192,7240.272562591732
44927,33.828142330836975,1058.5399999993192,7240.317531303089
44928,33.828142330836975,1058.5599999993192,7240.3624995340115
44929,33.828142330836975,1058.5799999993192,7240.407467284484
44930,33.828142330836975,1058.5999999993192,7240.452434554488
44931,33.828142330836975,1058.6199999993191,7240.497401344006
44932,33.828142330836975,1058.6399999993191,7240.542367653022
44933,33.828142330836975,1058.659999999319,7240.587333481517
44934,33.828142330836975,1058.679999999319,7240.632298829474
44935,33.828142330836975,1058.699999999319,7240.677263696876
44936,33.828142330836975,1058.719999999319,7240.722228083706
44937,33.828142330836975,1058.739999999319,7240.767191989946
44938,33.828142330836975,1058.759999999319,7240.812155415579
44939,33.828142330836975,1058.779999999319,7240.857118360587
44940,33.828142330836975,1058.799999999319,7240.902080824953
44941,33.828142330836975,1058.819999999319,7240.947042808661
44942,33.828142330836975,1058.839999999319,7240.992004311691
44943,33.828142330836975,1058.859999999319,7241.036965334027
44944,33.828142330836975,1058.879999999319,7241.081925876279
44945,33.828142330836975,1058.8999999993189,7241.126885939515
44946,33.828142330836975,1058.9199999993189,7241.17184552377
44947,33.828142330836975,1058.9399999993188,7241.216804629025
44948,33.828142330836975,1058.9599999993188,7241.261763255265
44949,33.828142330836975,1058.9799999993188,7241.30672140247
44950,33.828142330836975,1058.9999999993188,7241.351679070625
44951,33.828142330836975,1059.0199999993188,7241.396636259711
44952,33.828142330836975,1059.0399999993188,7241.441592969712
44953,33.828142330836975,1059.0599999993187,7241.486549200609
44954,33.828142330836975,1059.0799999993187,7241.531504952387
44955,33.828142330836975,1059.0999999993187,7241.5764602250265
44956,33.828142330836975,1059.1199999993187,7241.6214150185115
44957,33.828142330836975,1059.1399999993187,7241.666369332824
44958,33.828142330836975,1059.1599999993186,7241.711323167947
44959,33.828142330836975,1059.1799999993186,7241.756276523863
44960,33.828142330836975,1059.1999999993186,7241.801229400554
44961,33.828142330836975,1059.2199999993186,7241.846181798004
44962,33.828142330836975,1059.2399999993186,7241.891133716195
44963,33.828142330836975,1059.2599999993186,7241.93608515511
44964,33.828142330836975,1059.2799999993185,7241.981036114731
44965,33.828142330836975,1059.2999999993185,7242.025986595041
44966,33.828142330836975,1059.3199999993185,7242.070936596023
44967,33.828142330836975,1059.3399999993185,7242.115886117659
44968,33.828142330836975,1059.3599999993185,7242.1608351599325
44969,33.828142330836975,1059.3799999993184,7242.205783722826
44970,33.828142330836975,1059.3999999993184,7242.250731806322
44971,33.828142330836975,1059.4199999993184,7242.295679410403
44972,33.828142330836975,1059.4399999993184,7242.340626535051
44973,33.828142330836975,1059.4599999993184,7242.3855731802505
44974,33.828142330836975,1059.4799999993184,7242.430519345983
44975,33.828142330836975,1059.4999999993183,7242.475465032231
44976,33.828142330836975,1059.5199999993183,7242.520410238978
44977,33.828142330836975,1059.5399999993183,7242.565354966206
44978,33.828142330836975,1059.5599999993183,7242.610299213897
44979,33.828142330836975,1059.5799999993183,7242.655242982035
44980,33.828142330836975,1059.5999999993182,7242.700186270602
44981,33.828142330836975,1059.6199999993182,7242.745129079581
44982,33.828142330836975,1059.6399999993182,7242.790071408954
44983,33.828142330836975,1059.6599999993182,7242.835013258705
44984,33.828142330836975,1059.6799999993182,7242.8799546288155
44985,33.828142330836975,1059.6999999993182,7242.924895519269
44986,33.828142330836975,1059.7199999993181,7242.969835930047
44987,33.828142330836975,1059.7399999993181,7243.014775861134
44988,33.828142330836975,1059.759999999318,7243.05971531251
44989,33.828142330836975,1059.779999999318,7243.10465428416
44990,33.828142330836975,1059.799999999318,7243.149592776065
44991,33.828142330836975,1059.819999999318,7243.19453078821
44992,33.828142330836975,1059.839999999318,7243.239468320576
44993,33.828142330836975,1059.859999999318,7243.284405373145
44994,33.828142330836975,1059.879999999318,7243.329341945901
44995,33.828142330836975,1059.899999999318,7243.374278039572
44996,33.828142330836975,1059.919999999318,7243.419213655165
44997,33.828142330836975,1059.939999999318,7243.464148792691
44998,33.828142330836975,1059.959999999318,7243.509083452134
44999,33.828142330836975,1059.979999999318,7243.554017633476
45000,33.828142330836975,1059.9999999993179,7243.598951336699
45001,33.828142330836975,1060.0199999993179,7243.643884561787
45002,33.828142330836975,1060.0399999993178,7243.68881730872
45003,33.828142330836975,1060.0599999993178,7243.733749577481
45004,33.828142330836975,1060.0799999993178,7243.778681368052
45005,33.828142330836975,1060.0999999993178,7243.823612680417
45006,33.828142330836975,1060.1199999993178,7243.868543514556
45007,33.828142330836975,1060.1399999993178,7243.913473870452
45008,33.828142330836975,1060.1599999993177,7243.958403748088
45009,33.828142330836975,1060.1799999993177,7244.003333147446
45010,33.828142330836975,1060.1999999993177,7244.048262068508
45011,33.828142330836975,1060.2199999993177,7244.093190511257
45012,33.828142330836975,1060.2399999993177,7244.138118475674
45013,33.828142330836975,1060.2599999993176,7244.183045961742
45014,33.828142330836975,1060.2799999993176,7244.227972969445
45015,33.828142330836975,1060.2999999993176,7244.272899498763
45016,33.828142330836975,1060.3199999993176,7244.317825549679
45017,33.828142330836975,1060.3399999993176,7244.362751122175
45018,33.828142330836975,1060.3599999993176,7244.407676216234
45019,33.828142330836975,1060.3799999993175,7244.452600831838
45020,33.828142330836975,1060.3999999993175,7244.497524968969
45021,33.828142330836975,1060.4199999993175,7244.54244862761
45022,33.828142330836975,1060.4399999993175,7244.587371807742
45023,33.828142330836975,1060.4599999993175,7244.632294509349
45024,33.828142330836975,1060.4799999993174,7244.677216732412
45025,33.828142330836975,1060.4999999993174,7244.722138476914
45026,33.828142330836975,1060.5199999993174,7244.767059742837
45027,33.828142330836975,1060.5399999993174,7244.811980530163
45028,33.828142330836975,1060.5599999993174,7244.856900838875
45029,33.828142330836975,1060.5799999993174,7244.901820668954
45030,33.828142330836975,1060.5999999993173,7244.946740020384
45031,33.828142330836975,1060.6199999993173,7244.991658893146
45032,33.828142330836975,1060.6399999993173,7245.036577287224
45033,33.828142330836975,1060.6599999993173,7245.0814952025985
45034,33.828142330836975,1060.6799999993173,7245.1264126392525
45035,33.828142330836975,1060.6999999993172,7245.171329597169
45036,33.828142330836975,1060.7199999993172,7245.216246076328
45037,33.828142330836975,1060.7399999993172,7245.261162076715
45038,33.828142330836975,1060.7599999993172,7245.3060775983095
45039,33.828142330836975,1060.7799999993172,7245.350992641095
45040,33.828142330836975,1060.7999999993172,7245.395907205055
45041,33.828142330836975,1060.8199999993171,7245.44082129017
45042,33.828142330836975,1060.8399999993171,7245.485734896422
45043,33.828142330836975,1060.859999999317,7245.530648023795
45044,33.828142330836975,1060.879999999317,7245.5755606722705
45045,33.828142330836975,1060.899999999317,7245.620472841831
45046,33.78258237400309,1060.919999999317,7245.665384533319
45047,33.78258237400309,1060.939999999317,7245.710295747669
45048,33.78258237400309,1060.959999999317,7245.755206484872
45049,33.78258237400309,1060.979999999317,7245.800116744913
45050,33.78258237400309,1060.999999999317,7245.845026527774
45051,33.78258237400309,1061.019999999317,7245.88993583344
45052,33.78258237400309,1061.039999999317,7245.934844661894
45053,33.78258237400309,1061.059999999317,7245.97975301312
45054,33.78258237400309,1061.079999999317,7246.024660887101
45055,33.78258237400309,1061.0999999993169,7246.069568283821
45056,33.78258237400309,1061.1199999993169,7246.114475203263
45057,33.78258237400309,1061.1399999993168,7246.1593816454115
45058,33.78258237400309,1061.1599999993168,7246.20428761025
45059,33.78258237400309,1061.1799999993168,7246.24919309776
45060,33.78258237400309,1061.1999999993168,7246.294098107927
45061,33.78258237400309,1061.2199999993168,7246.339002640735
45062,33.78258237400309,1061.2399999993168,7246.383906696166
45063,33.78258237400309,1061.2599999993167,7246.428810274205
45064,33.78258237400309,1061.2799999993167,7246.473713374834
45065,33.78258237400309,1061.2999999993167,7246.518615998038
45066,33.78258237400309,1061.3199999993167,7246.563518143799
45067,33.78258237400309,1061.3399999993167,7246.6084198121025
45068,33.78258237400309,1061.3599999993166,7246.653321002931
45069,33.78258237400309,1061.3799999993166,7246.698221716269
45070,33.78258237400309,1061.3999999993166,7246.743121952099
45071,33.78258237400309,1061.4199999993166,7246.788021710404
45072,33.78258237400309,1061.4399999993166,7246.832920991169
45073,33.78258237400309,1061.4599999993166,7246.877819794377
45074,33.78258237400309,1061.4799999993165,7246.922718120011
45075,33.78258237400309,1061.4999999993165,7246.967615968056
45076,33.78258237400309,1061.5199999993165,7247.012513338494
45077,33.78258237400309,1061.5399999993165,7247.0574102313085
45078,33.78258237400309,1061.5599999993165,7247.102306646485
45079,33.78258237400309,1061.5799999993164,7247.147202584006
45080,33.78258237400309,1061.5999999993164,7247.1920980438545
45081,33.78258237400309,1061.6199999993164,7247.236993026015
45082,33.78258237400309,1061.6399999993164,7247.281887530469
45083,33.78258237400309,1061.6599999993164,7247.326781557203
45084,33.78258237400309,1061.6799999993164,7247.371675106198
45085,33.78258237400309,1061.6999999993163,7247.416568177439
45086,33.78258237400309,1061.7199999993163,7247.46146077091
45087,33.78258237400309,1061.7399999993163,7247.506352886594
45088,33.78258237400309,1061.7599999993163,7247.551244524474
45089,33.78258237400309,1061.7799999993163,7247.596135684534
45090,33.78258237400309,1061.7999999993162,7247.641026366758
45091,33.78258237400309,1061.8199999993162,7247.6859165711285
45092,33.78258237400309,1061.8399999993162,7247.73080629763
45093,33.78258237400309,1061.8599999993162,7247.7756955462455
45094,33.78258237400309,1061.8799999993162,7247.820584316959
45095,33.78258237400309,1061.8999999993162,7247.865472609754
45096,33.78258237400309,1061.9199999993161,7247.910360424625
45097,33.78258237400309,1061.9399999993161,7247.955247762425
45098,33.78258237400309,1061.959999999316,7248.000134623911
45099,33.78258237400309,1061.979999999316,7248.045021009068
45100,33.78258237400309,1061.999999999316,7248.089906917877
45101,33.78258237400309,1062.019999999316,7248.134792350323
45102,33.78258237400309,1062.039999999316,7248.179677306388
45103,33.78258237400309,1062.059999999316,7248.224561786055
45104,33.78258237400309,1062.079999999316,7248.269445789309
45105,33.78258237400309,1062.099999999316,7248.314329316132
45106,33.78258237400309,1062.119999999316,7248.359212366508
45107,33.78258237400309,1062.139999999316,7248.404094940419
45108,33.78258237400309,1062.159999999316,7248.448977037849
45109,33.78258237400309,1062.179999999316,7248.4938586587805
45110,33.78258237400309,1062.1999999993159,7248.538739803198
45111,33.78258237400309,1062.2199999993159,7248.583620471084
45112,33.78258237400309,1062.2399999993158,7248.628500662421
45113,33.78258237400309,1062.2599999993158,7248.673380377194
45114,33.78258237400309,1062.2799999993158,7248.718259615384
45115,33.78258237400309,1062.2999999993158,7248.763138376977
45116,33.78258237400309,1062.3199999993158,7248.808016661954
45117,33.78258237400309,1062.3399999993158,7248.852894470298
45118,33.78258237400309,1062.3599999993157,7248.897771801994
45119,33.78258237400309,1062.3799999993157,7248.942648657024
45120,33.78258237400309,1062.3999999993157,7248.987525035372
45121,33.78258237400309,1062.4199999993157,7249.03240093702
45122,33.78258237400309,1062.4399999993157,7249.077276361952
45123,33.78258237400309,1062.4599999993156,7249.122151310151
45124,33.78258237400309,1062.4799999993156,7249.1670257816
45125,33.78258237400309,1062.4999999993156,7249.211899776284
45126,33.78258237400309,1062.5199999993156,7249.256773294184
45127,33.78258237400309,1062.5399999993156,7249.301646335285
45128,33.78258237400309,1062.5599999993156,7249.346518899569
45129,33.78258237400309,1062.5799999993155,7249.391390987019
45130,33.78258237400309,1062.5999999993155,7249.436262597619
45131,33.78258237400309,1062.6199999993155,7249.481133731352
45132,33.78258237400309,1062.6399999993155,7249.526004388202
45133,33.78258237400309,1062.6599999993155,7249.57087456815
45134,33.78258237400309,1062.6799999993154,7249.615744271182
45135,33.78258237400309,1062.6999999993154,7249.66061349728
45136,33.78258237400309,1062.7199999993154,7249.705482246427
45137,33.78258237400309,1062.7399999993154,7249.750350518606
45138,33.78258237400309,1062.7599999993154,7249.7952183138
45139,33.78258237400309,1062.7799999993154,7249.840085631994
45140,33.78258237400309,1062.7999999993153,7249.8849524731695
45141,33.78258237400309,1062.8199999993153,7249.92981883731
45142,33.78258237400309,1062.8399999993153,7249.9746847244
45143,33.78258237400309,1062.8599999993153,7250.0195501344215
45144,33.78258237400309,1062.8799999993153,7250.064415067369
45145,33.78258237400309,1062.8999999993152,7250.109279523226
45146,33.78258237400309,1062.9199999993152,7250.154143501977
45147,33.78258237400309,1062.9399999993152,7250.199007003636
45148,33.78258237400309,1062.9599999993152,7250.243870029187
45149,33.78258237400309,1062.9799999993152,7250.288732579326
45150,33.78258237400309,1062.9999999993152,7250.333594654037
45151,33.78258237400309,1063.0199999993151,7250.378456253303
45152,33.78258237400309,1063.0399999993151,7250.423317377105
45153,33.78258237400309,1063.059999999315,7250.468178025429
45154,33.78258237400309,1063.079999999315,7250.513038198255
45155,33.78258237400309,1063.099999999315,7250.557897895568
45156,33.78258237400309,1063.119999999315,7250.602757117351
45157,33.78258237400309,1063.139999999315,7250.647615863586
45158,33.78258237400309,1063.159999999315,7250.692474134256
45159,33.78258237400309,1063.179999999315,7250.737331929346
45160,33.78258237400309,1063.199999999315,7250.782189248836
45161,33.78258237400309,1063.219999999315,7250.8270460927115
45162,33.78258237400309,1063.239999999315,7250.8719024609545
45163,33.78258237400309,1063.259999999315,7250.916758353548
45164,33.78258237400309,1063.279999999315,7250.961613770475
45165,33.78258237400309,1063.2999999993149,7251.006468711719
45166,33.78258237400309,1063.3199999993149,7251.051323177263
45167,33.78258237400309,1063.3399999993148,7251.096177167089
45168,33.78258237400309,1063.3599999993148,7251.14103068118
45169,33.78258237400309,1063.3799999993148,7251.1858837195205
45170,33.78258237400309,1063.3999999993148,7251.230736282092
45171,33.78258237400309,1063.4199999993148,7251.275588368879
45172,33.78258237400309,1063.4399999993148,7251.320439979862
45173,33.78258237400309,1063.4599999993147,7251.365291115027
45174,33.78258237400309,1063.4799999993147,7251.410141774355
45175,33.78258237400309,1063.4999999993147,7251.454991957829
45176,33.78258237400309,1063.5199999993147,7251.499841665433
45177,33.78258237400309,1063.5399999993147,7251.544690897151
45178,33.78258237400309,1063.5599999993146,7251.589539652963
45179,33.78258237400309,1063.5799999993146,7251.634387932854
45180,33.78258237400309,1063.5999999993146,7251.679235736808
45181,33.78258237400309,1063.6199999993146,7251.724083064805
45182,33.78258237400309,1063.6399999993146,7251.7689299168305
45183,33.78258237400309,1063.6599999993146,7251.813776292867
45184,33.78258237400309,1063.6799999993145,7251.858622192897
45185,33.78258237400309,1063.6999999993145,7251.903467616904
45186,33.78258237400309,1063.7199999993145,7251.94831256487
45187,33.78258237400309,1063.7399999993145,7251.99315703678
45188,33.78258237400309,1063.7599999993145,7252.038001032615
45189,33.78258237400309,1063.7799999993144,7252.082844552359
45190,33.78258237400309,1063.7999999993144,7252.127687595995
45191,33.78258237400309,1063.8199999993144,7252.172530163505
45192,33.78258237400309,1063.8399999993144,7252.217372254873
45193,33.78258237400309,1063.8599999993144,7252.262213870082
45194,33.78258237400309,1063.8799999993144,7252.307055009114
45195,33.78258237400309,1063.8999999993143,7252.351895671954
45196,33.78258237400309,1063.9199999993143,7252.396735858583
45197,33.78258237400309,1063.9399999993143,7252.441575568985
45198,33.78258237400309,1063.9599999993143,7252.486414803196
45199,33.78258237400309,1063.9799999993143,7252.53125356228
45200,33.78258237400309,1063.9999999993142,7252.576091846831
45201,33.78258237400309,1064.0199999993142,7252.620929656833
45202,33.78258237400309,1064.0399999993142,7252.665766992268
45203,33.78258237400309,1064.0599999993142,7252.710603853119
45204,33.78258237400309,1064.0799999993142,7252.75544023937
45205,33.78258237400309,1064.0999999993142,7252.800276151003
45206,33.78258237400309,1064.1199999993141,7252.845111588002
45207,33.78258237400309,1064.139999999314,7252.889946550349
45208,33.78258237400309,1064.159999999314,7252.934781038028
45209,33.78258237400309,1064.179999999314,7252.979615051021
45210,33.78258237400309,1064.199999999314,7253.024448589312
45211,33.78258237400309,1064.219999999314,7253.069281652883
45212,33.78258237400309,1064.239999999314,7253.114114241717
45213,33.78258237400309,1064.259999999314,7253.158946355798
45214,33.78258237400309,1064.279999999314,7253.203777995109
45215,33.78258237400309,1064.299999999314,7253.248609159632
45216,33.78258237400309,1064.319999999314,7253.293439849351
45217,33.78258237400309,1064.339999999314,7253.338270064249
45218,33.78258237400309,1064.359999999314,7253.383099804308
45219,33.78258237400309,1064.379999999314,7253.427929069511
45220,33.78258237400309,1064.3999999993139,7253.472757859843
45221,33.78258237400309,1064.4199999993139,7253.517586175285
45222,33.78258237400309,1064.4399999993138,7253.562414015821
45223,33.78258237400309,1064.4599999993138,7253.607241381434
45224,33.78258237400309,1064.4799999993138,7253.652068272107
45225,33.78258237400309,1064.4999999993138,7253.696894687822
45226,33.78258237400309,1064.5199999993138,7253.741720628564
45227,33.78258237400309,1064.5399999993137,7253.786546094314
45228,33.78258237400309,1064.5599999993137,7253.831371085056
45229,33.78258237400309,1064.5799999993137,7253.876195600773
45230,33.78258237400309,1064.5999999993137,7253.921019641448
45231,33.78258237400309,1064.6199999993137,7253.965843207064
45232,33.78258237400309,1064.6399999993137,7254.010666297603
45233,33.78258237400309,1064.6599999993136,7254.05548891305
45234,33.78258237400309,1064.6799999993136,7254.100311053387
45235,33.78258237400309,1064.6999999993136,7254.145132718596
45236,33.78258237400309,1064.7199999993136,7254.189953908662
45237,33.78258237400309,1064.7399999993136,7254.234774623566
45238,33.78258237400309,1064.7599999993135,7254.279594863293
45239,33.78258237400309,1064.7799999993135,7254.324414627824
45240,33.78258237400309,1064.7999999993135,7254.369233917143
45241,33.78258237400309,1064.8199999993135,7254.414052731234
45242,33.78258237400309,1064.8399999993135,7254.458871070078
45243,33.78258237400309,1064.8599999993135,7254.50368893366
45244,33.78258237400309,1064.8799999993134,7254.548506321962
45245,33.78258237400309,1064.8999999993134,7254.593323234967
45246,33.78258237400309,1064.9199999993134,7254.638139672658
45247,33.78258237400309,1064.9399999993134,7254.682955635019
45248,33.78258237400309,1064.9599999993134,7254.727771122032
45249,33.78258237400309,1064.9799999993133,7254.772586133758
45250,33.78258237400309,1064.9999999993133,7254.817400671404
45251,33.78258237400309,1065.0199999993133,7254.862214735491
45252,33.78258237400309,1065.0399999993133,7254.907028326
45253,33.78258237400309,1065.0599999993133,7254.951841442914
45254,33.78258237400309,1065.0799999993133,7254.996654086217
45255,33.78258237400309,1065.0999999993132,7255.041466255891
45256,33.78258237400309,1065.1199999993132,7255.086277951918
45257,33.78258237400309,1065.1399999993132,7255.131089174282
45258,33.78258237400309,1065.1599999993132,7255.175899922966
45259,33.78258237400309,1065.1799999993132,7255.220710197952
45260,33.78258237400309,1065.1999999993131,7255.265519999223
45261,33.78258237400309,1065.2199999993131,7255.310329326762
45262,33.78258237400309,1065.239999999313,7255.355138180552
45263,33.78258237400309,1065.259999999313,7255.399946560575
45264,33.78258237400309,1065.279999999313,7255.444754466815
45265,33.78258237400309,1065.299999999313,7255.489561899253
45266,33.78258237400309,1065.319999999313,7255.534368857874
45267,33.78258237400309,1065.339999999313,7255.57917534266
45268,33.78258237400309,1065.359999999313,7255.623981353593
45269,33.78258237400309,1065.379999999313,7255.6687868906565
45270,33.78258237400309,1065.399999999313,7255.713591953834
45271,33.78258237400309,1065.419999999313,7255.758396543108
45272,33.78258237400309,1065.439999999313,7255.80320065846
45273,33.78258237400309,1065.459999999313,7255.848004299874
45274,33.78258237400309,1065.479999999313,7255.892807467333
45275,33.78258237400309,1065.4999999993129,7255.9376101608195
45276,33.78258237400309,1065.5199999993129,7255.982412380316
45277,33.78258237400309,1065.5399999993128,7256.0272141258065
45278,33.78258237400309,1065.5599999993128,7256.0720153972725
45279,33.78258237400309,1065.5799999993128,7256.116816194697
45280,33.78258237400309,1065.5999999993128,7256.161616518063
45281,33.78258237400309,1065.6199999993128,7256.206416367354
45282,33.78258237400309,1065.6399999993127,7256.251215742552
45283,33.78258237400309,1065.6599999993127,7256.29601464364
45284,33.78258237400309,1065.6799999993127,7256.340813070601
45285,33.78258237400309,1065.6999999993127,7256.385611023417
45286,33.78258237400309,1065.7199999993127,7256.430408502072
45287,33.78258237400309,1065.7399999993127,7256.475205506549
45288,33.78258237400309,1065.7599999993126,7256.52000203683
45289,33.78258237400309,1065.7799999993126,7256.564798092898
45290,33.737124592823704,1065.7999999993126,7256.609593674736
45291,33.737124592823704,1065.8199999993126,7256.654388782326
45292,33.737124592823704,1065.8399999993126,7256.699183415652
45293,33.737124592823704,1065.8599999993125,7256.743977574697
45294,33.737124592823704,1065.8799999993125,7256.788771259443
45295,33.737124592823704,1065.8999999993125,7256.833564469873
45296,33.737124592823704,1065.9199999993125,7256.878357205969
45297,33.737124592823704,1065.9399999993125,7256.923149467715
45298,33.737124592823704,1065.9599999993125,7256.967941255094
45299,33.737124592823704,1065.9799999993124,7257.012732568088
45300,33.737124592823704,1065.9999999993124,7257.057523406769
45301,33.737124592823704,1066.0199999993124,7257.102313772308
45302,33.737124592823704,1066.0399999993124,7257.147103665073
45303,33.737124592823704,1066.0599999993124,7257.191893085048
45304,33.737124592823704,1066.0799999993123,7257.236682032216
45305,33.737124592823704,1066.0999999993123,7257.28147050656
45306,33.737124592823704,1066.1199999993123,7257.326258508065
45307,33.737124592823704,1066.1399999993123,7257.371046036713
45308,33.737124592823704,1066.1599999993123,7257.415833092488
45309,33.737124592823704,1066.1799999993123,7257.460619675375
45310,33.737124592823704,1066.1999999993122,7257.505405785355
45311,33.737124592823704,1066.2199999993122,7257.550191422413
45312,33.737124592823704,1066.2399999993122,7257.5949765865325
45313,33.737124592823704,1066.2599999993122,7257.639761277696
45314,33.737124592823704,1066.2799999993122,7257.6845454958875
45315,33.737124592823704,1066.2999999993121,7257.72932924109
45316,33.737124592823704,1066.3199999993121,7257.774112513288
45317,33.737124592823704,1066.339999999312,7257.8188953124645
45318,33.737124592823704,1066.359999999312,7257.863677638603
45319,33.737124592823704,1066.379999999312,7257.908459491687
45320,33.737124592823704,1066.399999999312,7257.9532408717
45321,33.737124592823704,1066.419999999312,7257.998021778624
45322,33.737124592823704,1066.439999999312,7258.042802212445
45323,33.737124592823704,1066.459999999312,7258.087582173145
45324,33.737124592823704,1066.479999999312,7258.132361660708
45325,33.737124592823704,1066.499999999312,7258.177140675117
45326,33.737124592823704,1066.519999999312,7258.221919216356
45327,33.737124592823704,1066.539999999312,7258.266697284408
45328,33.737124592823704,1066.559999999312,7258.311474879257
45329,33.737124592823704,1066.579999999312,7258.356252000886
45330,33.737124592823704,1066.5999999993119,7258.401028649279
45331,33.737124592823704,1066.6199999993119,7258.44580482442
45332,33.737124592823704,1066.6399999993118,7258.490580526291
45333,33.737124592823704,1066.6599999993118,7258.535355754875
45334,33.737124592823704,1066.6799999993118,7258.580130510158
45335,33.737124592823704,1066.6999999993118,7258.624904792121
45336,33.737124592823704,1066.7199999993118,7258.669678600749
45337,33.737124592823704,1066.7399999993117,7258.7144519360245
45338,33.737124592823704,1066.7599999993117,7258.759224797932
45339,33.737124592823704,1066.7799999993117,7258.803997186455
45340,33.737124592823704,1066.7999999993117,7258.848769101576
45341,33.737124592823704,1066.8199999993117,7258.893540543279
45342,33.737124592823704,1066.8399999993117,7258.938311511548
45343,33.737124592823704,1066.8599999993116,7258.983082006365
45344,33.737124592823704,1066.8799999993116,7259.027852027715
45345,33.737124592823704,1066.8999999993116,7259.072621575581
45346,33.737124592823704,1066.9199999993116,7259.117390649947
45347,33.737124592823704,1066.9399999993116,7259.162159250795
45348,33.737124592823704,1066.9599999993115,7259.20692737811
45349,33.737124592823704,1066.9799999993115,7259.251695031874
45350,33.737124592823704,1066.9999999993115,7259.296462212072
45351,33.737124592823704,1067.0199999993115,7259.341228918797
45352,33.737124592823704,1067.0399999993115,7259.385995153324
45353,33.737124592823704,1067.0599999993115,7259.430760915928
45354,33.737124592823704,1067.0799999993114,7259.475526206592
45355,33.737124592823704,1067.0999999993114,7259.5202910253
45356,33.737124592823704,1067.1199999993114,7259.565055372035
45357,33.737124592823704,1067.1399999993114,7259.609819246781
45358,33.737124592823704,1067.1599999993114,7259.654582649519
45359,33.737124592823704,1067.1799999993113,7259.699345580235
45360,33.737124592823704,1067.1999999993113,7259.744108038911
45361,33.737124592823704,1067.2199999993113,7259.78887002553
45362,33.737124592823704,1067.2399999993113,7259.833631540076
45363,33.737124592823704,1067.2599999993113,7259.878392582532
45364,33.737124592823704,1067.2799999993113,7259.923153152881
45365,33.737124592823704,1067.2999999993112,7259.967913251107
45366,33.737124592823704,1067.3199999993112,7260.012672877191
45367,33.737124592823704,1067.3399999993112,7260.0574320310825
45368,33.737124592823704,1067.3599999993112,7260.102190712752
45369,33.737124592823704,1067.3799999993112,7260.1469489221845
45370,33.737124592823704,1067.3999999993111,7260.191706659362
45371,33.737124592823704,1067.4199999993111,7260.236463924269
45372,33.737124592823704,1067.439999999311,7260.281220716886
45373,33.737124592823704,1067.459999999311,7260.325977037199
45374,33.737124592823704,1067.479999999311,7260.370732885189
45375,33.737124592823704,1067.499999999311,7260.41548826084
45376,33.737124592823704,1067.519999999311,7260.460243164136
45377,33.737124592823704,1067.539999999311,7260.50499759506
45378,33.737124592823704,1067.559999999311,7260.5497515535935
45379,33.737124592823704,1067.579999999311,7260.594505039721
45380,33.737124592823704,1067.599999999311,7260.639258053427
45381,33.737124592823704,1067.619999999311,7260.684010594692
45382,33.737124592823704,1067.639999999311,7260.728762663502
45383,33.737124592823704,1067.659999999311,7260.773514259838
45384,33.737124592823704,1067.679999999311,7260.818265383683
45385,33.737124592823704,1067.6999999993109,7260.863016035022
45386,33.737124592823704,1067.7199999993109,7260.907766213837
45387,33.737124592823704,1067.7399999993108,7260.952515920111
45388,33.737124592823704,1067.7599999993108,7260.997265153828
45389,33.737124592823704,1067.7799999993108,7261.042013914971
45390,33.737124592823704,1067.7999999993108,7261.086762203523
45391,33.737124592823704,1067.8199999993108,7261.131510019467
45392,33.737124592823704,1067.8399999993107,7261.176257362787
45393,33.737124592823704,1067.8599999993107,7261.221004233465
45394,33.737124592823704,1067.8799999993107,7261.2657506314845
45395,33.737124592823704,1067.8999999993107,7261.310496556829
45396,33.737124592823704,1067.9199999993107,7261.355242009482
45397,33.737124592823704,1067.9399999993107,7261.399986989427
45398,33.737124592823704,1067.9599999993106,7261.444731496646
45399,33.737124592823704,1067.9799999993106,7261.489475531123
45400,33.737124592823704,1067.9999999993106,7261.534219092841
45401,33.737124592823704,1068.0199999993106,7261.578962181783
45402,33.737124592823704,1068.0399999993106,7261.623704798066
45403,33.737124592823704,1068.0599999993105,7261.668446943065
45404,33.737124592823704,1068.0799999993105,7261.713188616959
45405,33.737124592823704,1068.0999999993105,7261.757929819732
45406,33.737124592823704,1068.1199999993105,7261.8026705513685
45407,33.737124592823704,1068.1399999993105,7261.84741081185
45408,33.737124592823704,1068.1599999993105,7261.89215060116
45409,33.737124592823704,1068.1799999993104,7261.936889919282
45410,33.737124592823704,1068.1999999993104,7261.9816287662
45411,33.737124592823704,1068.2199999993104,7262.026367141896
45412,33.737124592823704,1068.2399999993104,7262.071105046354
45413,33.737124592823704,1068.2599999993104,7262.115842479558
45414,33.737124592823704,1068.2799999993103,7262.160579441489
45415,33.737124592823704,1068.2999999993103,7262.205315932132
45416,33.737124592823704,1068.3199999993103,7262.25005195147
45417,33.737124592823704,1068.3399999993103,7262.294787499485
45418,33.737124592823704,1068.3599999993103,7262.339522576162
45419,33.737124592823704,1068.3799999993103,7262.384257181484
45420,33.737124592823704,1068.3999999993102,7262.428991315433
45421,33.737124592823704,1068.4199999993102,7262.473724977994
45422,33.737124592823704,1068.4399999993102,7262.518458169148
45423,33.737124592823704,1068.4599999993102,7262.56319088888
45424,33.737124592823704,1068.4799999993102,7262.607923137172
45425,33.737124592823704,1068.4999999993101,7262.652654914009
45426,33.737124592823704,1068.5199999993101,7262.697386219373
45427,33.737124592823704,1068.53999999931,7262.742117053247
45428,33.737124592823704,1068.55999999931,7262.786847415615
45429,33.737124592823704,1068.57999999931,7262.83157730646
45430,33.737124592823704,1068.59999999931,7262.876306725765
45431,33.737124592823704,1068.61999999931,7262.921035673514
45432,33.737124592823704,1068.63999999931,7262.965764149689
45433,33.737124592823704,1068.65999999931,7263.010492154273
45434,33.737124592823704,1068.67999999931,7263.055219687251
45435,33.737124592823704,1068.69999999931,7263.099946748606
45436,33.737124592823704,1068.71999999931,7263.144673338321
45437,33.737124592823704,1068.73999999931,7263.189399456378
45438,33.737124592823704,1068.75999999931,7263.234125102761
45439,33.737124592823704,1068.77999999931,7263.278850277454
45440,33.737124592823704,1068.7999999993099,7263.323574980439
45441,33.737124592823704,1068.8199999993099,7263.3682992117
45442,33.737124592823704,1068.8399999993098,7263.41302297122
45443,33.737124592823704,1068.8599999993098,7263.457746258982
45444,33.737124592823704,1068.8799999993098,7263.502469074971
45445,33.737124592823704,1068.8999999993098,7263.547191419168
45446,33.737124592823704,1068.9199999993098,7263.591913291557
45447,33.737124592823704,1068.9399999993097,7263.636634692121
45448,33.737124592823704,1068.9599999993097,7263.681355620844
45449,33.737124592823704,1068.9799999993097,7263.72607607771
45450,33.737124592823704,1068.9999999993097,7263.7707960627
45451,33.737124592823704,1069.0199999993097,7263.815515575799
45452,33.737124592823704,1069.0399999993097,7263.860234616988
45453,33.737124592823704,1069.0599999993096,7263.904953186446
45454,33.737124592823704,1069.0799999993096,7263.949671285551
45455,33.737124592823704,1069.0999999993096,7263.9943889144215
45456,33.737124592823704,1069.1199999993096,7264.039106073041
45457,33.737124592823704,1069.1399999993096,7264.083822761392
45458,33.737124592823704,1069.1599999993095,7264.128538979458
45459,33.737124592823704,1069.1799999993095,7264.173254727223
45460,33.737124592823704,1069.1999999993095,7264.217970004669
45461,33.737124592823704,1069.2199999993095,7264.262684811781
45462,33.737124592823704,1069.2399999993095,7264.30739914854
45463,33.737124592823704,1069.2599999993095,7264.352113014931
45464,33.737124592823704,1069.2799999993094,7264.396826410937
45465,33.737124592823704,1069.2999999993094,7264.441539336542
45466,33.737124592823704,1069.3199999993094,7264.486251791727
45467,33.737124592823704,1069.3399999993094,7264.530963776478
45468,33.737124592823704,1069.3599999993094,7264.5756752907755
45469,33.737124592823704,1069.3799999993093,7264.620386334605
45470,33.737124592823704,1069.3999999993093,7264.66509690795
45471,33.737124592823704,1069.4199999993093,7264.709807010792
45472,33.737124592823704,1069.4399999993093,7264.7545166431155
45473,33.737124592823704,1069.4599999993093,7264.7992258049035
45474,33.737124592823704,1069.4799999993093,7264.843934496139
45475,33.737124592823704,1069.4999999993092,7264.888642716805
45476,33.737124592823704,1069.5199999993092,7264.933350466887
45477,33.737124592823704,1069.5399999993092,7264.978057746365
45478,33.737124592823704,1069.5599999993092,7265.022764555225
45479,33.737124592823704,1069.5799999993092,7265.067470893448
45480,33.737124592823704,1069.5999999993091,7265.112176761019
45481,33.737124592823704,1069.6199999993091,7265.156882157921
45482,33.737124592823704,1069.639999999309,7265.201587084137
45483,33.737124592823704,1069.659999999309,7265.24629153965
45484,33.737124592823704,1069.679999999309,7265.290995524444
45485,33.737124592823704,1069.699999999309,7265.335699038502
45486,33.737124592823704,1069.719999999309,7265.380402081807
45487,33.737124592823704,1069.739999999309,7265.425104654342
45488,33.737124592823704,1069.759999999309,7265.469806756091
45489,33.737124592823704,1069.779999999309,7265.5145083870375
45490,33.737124592823704,1069.799999999309,7265.559209547164
45491,33.737124592823704,1069.819999999309,7265.603910236454
45492,33.737124592823704,1069.839999999309,7265.648610454891
45493,33.737124592823704,1069.859999999309,7265.693310202459
45494,33.737124592823704,1069.879999999309,7265.73800947914
45495,33.737124592823704,1069.8999999993089,7265.782708284918
45496,33.737124592823704,1069.9199999993089,7265.827406619776
45497,33.737124592823704,1069.9399999993088,7265.872104483698
45498,33.737124592823704,1069.9599999993088,7265.916801876667
45499,33.737124592823704,1069.9799999993088,7265.961498798665
45500,33.737124592823704,1069.9999999993088,7266.006195249677
45501,33.737124592823704,1070.0199999993088,7266.0508912296855
45502,33.737124592823704,1070.0399999993087,7266.095586738674
45503,33.737124592823704,1070.0599999993087,7266.140281776625
45504,33.737124592823704,1070.0799999993087,7266.184976343835
45505,33.737124592823704,1070.0999999993087,7266.2296704416885
45506,33.737124592823704,1070.1199999993087,7266.274364070288
45507,33.737124592823704,1070.1399999993087,7266.319057229618
45508,33.737124592823704,1070.1599999993086,7266.363749919661
45509,33.737124592823704,1070.1799999993086,7266.408442140401
45510,33.737124592823704,1070.1999999993086,7266.453133891821
45511,33.737124592823704,1070.2199999993086,7266.497825173905
45512,33.737124592823704,1070.2399999993086,7266.542515986635
45513,33.737124592823704,1070.2599999993085,7266.587206329996
45514,33.737124592823704,1070.2799999993085,7266.6318962039695
45515,33.737124592823704,1070.2999999993085,7266.67658560854
45516,33.737124592823704,1070.3199999993085,7266.721274543691
45517,33.737124592823704,1070.3399999993085,7266.765963009405
45518,33.737124592823704,1070.3599999993085,7266.810651005666
45519,33.737124592823704,1070.3799999993084,7266.855338532457
45520,33.737124592823704,1070.3999999993084,7266.900025589761
45521,33.737124592823704,1070.4199999993084,7266.944712177562
45522,33.737124592823704,1070.4399999993084,7266.989398295843
45523,33.737124592823704,1070.4599999993084,7267.034083944587
45524,33.737124592823704,1070.4799999993083,7267.078769123778
45525,33.737124592823704,1070.4999999993083,7267.123453833399
45526,33.737124592823704,1070.5199999993083,7267.1681380734335
45527,33.737124592823704,1070.5399999993083,7267.212821843865
45528,33.737124592823704,1070.5599999993083,7267.257505144676
45529,33.737124592823704,1070.5799999993083,7267.30218797585
45530,33.737124592823704,1070.5999999993082,7267.346870337371
45531,33.737124592823704,1070.6199999993082,7267.391552229222
45532,33.737124592823704,1070.6399999993082,7267.436233651387
45533,33.737124592823704,1070.6599999993082,7267.480914603848
45534,33.737124592823704,1070.6799999993082,7267.525595086589
45535,33.69176866678247,1070.6999999993081,7267.570275099594
45536,33.69176866678247,1070.7199999993081,7267.614954642846
45537,33.69176866678247,1070.739999999308,7267.659633716327
45538,33.69176866678247,1070.759999999308,7267.704312320022
45539,33.69176866678247,1070.779999999308,7267.748990453913
45540,33.69176866678247,1070.799999999308,7267.793668117984
45541,33.69176866678247,1070.819999999308,7267.838345312219
45542,33.69176866678247,1070.839999999308,7267.8830220366
45543,33.69176866678247,1070.859999999308,7267.9276982911115
45544,33.69176866678247,1070.879999999308,7267.972374075736
45545,33.69176866678247,1070.899999999308,7268.017049390458
45546,33.69176866678247,1070.919999999308,7268.061724235259
45547,33.69176866678247,1070.939999999308,7268.1063986101235
45548,33.69176866678247,1070.959999999308,7268.151072515035
45549,33.69176866678247,1070.979999999308,7268.195745949976
45550,33.69176866678247,1070.9999999993079,7268.240418914931
45551,33.69176866678247,1071.0199999993079,7268.285091409883
45552,33.69176866678247,1071.0399999993078,7268.329763434814
45553,33.69176866678247,1071.0599999993078,7268.374434989709
45554,33.69176866678247,1071.0799999993078,7268.41910607455
45555,33.69176866678247,1071.0999999993078,7268.463776689687
45556,33.69176866678247,1071.1199999993078,7268.508446836245
45557,33.69176866678247,1071.1399999993077,7268.553116514293
45558,33.69176866678247,1071.1599999993077,7268.597785723815
45559,33.69176866678247,1071.1799999993077,7268.642454464793
45560,33.69176866678247,1071.1999999993077,7268.687122737212
45561,33.69176866678247,1071.2199999993077,7268.731790541055
45562,33.69176866678247,1071.2399999993077,7268.7764578763035
45563,33.69176866678247,1071.2599999993076,7268.8211247429435
45564,33.69176866678247,1071.2799999993076,7268.865791140956
45565,33.69176866678247,1071.2999999993076,7268.910457070327
45566,33.69176866678247,1071.3199999993076,7268.955122531037
45567,33.69176866678247,1071.3399999993076,7268.999787523071
45568,33.69176866678247,1071.3599999993075,7269.0444520464125
45569,33.69176866678247,1071.3799999993075,7269.089116101044
45570,33.69176866678247,1071.3999999993075,7269.133779686949
45571,33.69176866678247,1071.4199999993075,7269.178442804112
45572,33.69176866678247,1071.4399999993075,7269.223105452515
45573,33.69176866678247,1071.4599999993075,7269.267767632142
45574,33.69176866678247,1071.4799999993074,7269.3124293429755
45575,33.69176866678247,1071.4999999993074,7269.357090585
45576,33.69176866678247,1071.5199999993074,7269.401751358198
45577,33.69176866678247,1071.5399999993074,7269.446411662554
45578,33.69176866678247,1071.5599999993074,7269.491071498051
45579,33.69176866678247,1071.5799999993073,7269.535730864671
45580,33.69176866678247,1071.5999999993073,7269.580389762398
45581,33.69176866678247,1071.6199999993073,7269.625048191217
45582,33.69176866678247,1071.6399999993073,7269.669706151109
45583,33.69176866678247,1071.6599999993073,7269.714363642058
45584,33.69176866678247,1071.6799999993073,7269.759020664048
45585,33.69176866678247,1071.6999999993072,7269.803677217062
45586,33.69176866678247,1071.7199999993072,7269.848333301083
45587,33.69176866678247,1071.7399999993072,7269.8929889160945
45588,33.69176866678247,1071.7599999993072,7269.937644062081
45589,33.69176866678247,1071.7799999993072,7269.982298739024
45590,33.69176866678247,1071.7999999993071,7270.0269529469115
45591,33.69176866678247,1071.8199999993071,7270.071606685737
45592,33.69176866678247,1071.839999999307,7270.116259955484
45593,33.69176866678247,1071.859999999307,7270.160912756137
45594,33.69176866678247,1071.879999999307,7270.205565087679
45595,33.69176866678247,1071.899999999307,7270.250216950094
45596,33.69176866678247,1071.919999999307,7270.294868343365
45597,33.69176866678247,1071.939999999307,7270.339519267476
45598,33.69176866678247,1071.959999999307,7270.38416972241
45599,33.69176866678247,1071.979999999307,7270.4288197081505
45600,33.69176866678247,1071.999999999307,7270.473469224681
45601,33.69176866678247,1072.019999999307,7270.518118271985
45602,33.69176866678247,1072.039999999307,7270.5627668500465
45603,33.69176866678247,1072.059999999307,7270.607414958848
45604,33.69176866678247,1072.079999999307,7270.652062598373
45605,33.69176866678247,1072.0999999993069,7270.696709768606
45606,33.69176866678247,1072.1199999993069,7270.741356470018
45607,33.69176866678247,1072.1399999993068,7270.7860027037295
45608,33.69176866678247,1072.1599999993068,7270.830648469795
45609,33.69176866678247,1072.1799999993068,7270.875293768198
45610,33.69176866678247,1072.1999999993068,7270.919938598922
45611,33.69176866678247,1072.2199999993068,7270.96458296195
45612,33.69176866678247,1072.2399999993067,7271.009226857266
45613,33.69176866678247,1072.2599999993067,7271.053870284853
45614,33.69176866678247,1072.2799999993067,7271.098513244694
45615,33.69176866678247,1072.2999999993067,7271.143155736773
45616,33.69176866678247,1072.3199999993067,7271.187797761074
45617,33.69176866678247,1072.3399999993067,7271.232439317579
45618,33.69176866678247,1072.3599999993066,7271.277080406271
45619,33.69176866678247,1072.3799999993066,7271.321721027136
45620,33.69176866678247,1072.3999999993066,7271.366361180155
45621,33.69176866678247,1072.4199999993066,7271.411000865312
45622,33.69176866678247,1072.4399999993066,7271.455640082591
45623,33.69176866678247,1072.4599999993065,7271.500278831975
45624,33.69176866678247,1072.4799999993065,7271.544917113448
45625,33.69176866678247,1072.4999999993065,7271.589554926993
45626,33.69176866678247,1072.5199999993065,7271.634192272592
45627,33.69176866678247,1072.5399999993065,7271.678829150231
45628,33.69176866678247,1072.5599999993065,7271.723465559891
45629,33.69176866678247,1072.5799999993064,7271.768101501558
45630,33.69176866678247,1072.5999999993064,7271.812736975213
45631,33.69176866678247,1072.6199999993064,7271.85737198084
45632,33.69176866678247,1072.6399999993064,7271.902006518423
45633,33.69176866678247,1072.6599999993064,7271.946640587946
45634,33.69176866678247,1072.6799999993063,7271.99127418939
45635,33.69176866678247,1072.6999999993063,7272.035907322741
45636,33.69176866678247,1072.7199999993063,7272.080539987981
45637,33.69176866678247,1072.7399999993063,7272.125172185094
45638,33.69176866678247,1072.7599999993063,7272.169803914063
45639,33.69176866678247,1072.7799999993063,7272.214435174871
45640,33.69176866678247,1072.7999999993062,7272.2590659675025
45641,33.69176866678247,1072.8199999993062,7272.3036962919405
45642,33.69176866678247,1072.8399999993062,7272.348326148168
45643,33.69176866678247,1072.8599999993062,7272.392955536169
45644,33.69176866678247,1072.8799999993062,7272.437584455927
45645,33.69176866678247,1072.8999999993061,7272.482212907425
45646,33.69176866678247,1072.9199999993061,7272.526840890646
45647,33.69176866678247,1072.939999999306,7272.571468405574
45648,33.69176866678247,1072.959999999306,7272.616095452192
45649,33.69176866678247,1072.979999999306,7272.660722030484
45650,33.69176866678247,1072.999999999306,7272.705348140433
45651,33.69176866678247,1073.019999999306,7272.749973782022
45652,33.69176866678247,1073.039999999306,7272.7945989552345
45653,33.69176866678247,1073.059999999306,7272.839223660055
45654,33.69176866678247,1073.079999999306,7272.883847896466
45655,33.69176866678247,1073.099999999306,7272.9284716644515
45656,33.69176866678247,1073.119999999306,7272.973094963994
45657,33.69176866678247,1073.139999999306,7273.017717795668
45658,33.69176866678247,1073.159999999306,7273.062340160513
45659,33.69176866678247,1073.179999999306,7273.106962058563
45660,33.69176866678247,1073.1999999993059,7273.151583489804
45661,33.69176866678247,1073.2199999993059,7273.196204454217
45662,33.69176866678247,1073.2399999993058,7273.240824951787
45663,33.69176866678247,1073.2599999993058,7273.285444982496
45664,33.69176866678247,1073.2799999993058,7273.330064546329
45665,33.69176866678247,1073.2999999993058,7273.374683643268
45666,33.69176866678247,1073.3199999993058,7273.419302273298
45667,33.69176866678247,1073.3399999993057,7273.463920436401
45668,33.69176866678247,1073.3599999993057,7273.508538132562
45669,33.69176866678247,1073.3799999993057,7273.553155361762
45670,33.69176866678247,1073.3999999993057,7273.597772123987
45671,33.69176866678247,1073.4199999993057,7273.642388419219
45672,33.69176866678247,1073.4399999993057,7273.687004247442
45673,33.69176866678247,1073.4599999993056,7273.731619608639
45674,33.69176866678247,1073.4799999993056,7273.776234502794
45675,33.69176866678247,1073.4999999993056,7273.82084892989
45676,33.69176866678247,1073.5199999993056,7273.865462889911
45677,33.69176866678247,1073.5399999993056,7273.91007638284
45678,33.69176866678247,1073.5599999993055,7273.95468940866
45679,33.69176866678247,1073.5799999993055,7273.999301967355
45680,33.69176866678247,1073.5999999993055,7274.043914058908
45681,33.69176866678247,1073.6199999993055,7274.088525683303
45682,33.69176866678247,1073.6399999993055,7274.133136840523
45683,33.69176866678247,1073.6599999993055,7274.177747530552
45684,33.69176866678247,1073.6799999993054,7274.222357753373
45685,33.69176866678247,1073.6999999993054,7274.26696750897
45686,33.69176866678247,1073.7199999993054,7274.311576797326
45687,33.69176866678247,1073.7399999993054,7274.356185618424
45688,33.69176866678247,1073.7599999993054,7274.400793972249
45689,33.69176866678247,1073.7799999993053,7274.445401858782
45690,33.69176866678247,1073.7999999993053,7274.490009278008
45691,33.69176866678247,1073.8199999993053,7274.53461622991
45692,33.69176866678247,1073.8399999993053,7274.579222714472
45693,33.69176866678247,1073.8599999993053,7274.623828731677
45694,33.69176866678247,1073.8799999993053,7274.66843428151
45695,33.69176866678247,1073.8999999993052,7274.713039363952
45696,33.69176866678247,1073.9199999993052,7274.757643978987
45697,33.69176866678247,1073.9399999993052,7274.8022481266
45698,33.69176866678247,1073.9599999993052,7274.846851806772
45699,33.69176866678247,1073.9799999993052,7274.891455019489
45700,33.69176866678247,1073.9999999993051,7274.936057764732
45701,33.69176866678247,1074.0199999993051,7274.980660042486
45702,33.69176866678247,1074.039999999305,7275.025261852735
45703,33.69176866678247,1074.059999999305,7275.069863195461
45704,33.69176866678247,1074.079999999305,7275.114464070648
45705,33.69176866678247,1074.099999999305,7275.159064478279
45706,33.69176866678247,1074.119999999305,7275.203664418338
45707,33.69176866678247,1074.139999999305,7275.248263890809
45708,33.69176866678247,1074.159999999305,7275.2928628963655
45709,33.69176866678247,1074.179999999305,7275.337461435968
45710,33.69176866678247,1074.199999999305,7275.382059509633
45711,33.69176866678247,1074.219999999305,7275.426657117343
45712,33.69176866678247,1074.239999999305,7275.471254259082
45713,33.69176866678247,1074.259999999305,7275.515850934834
45714,33.69176866678247,1074.279999999305,7275.560447144581
45715,33.69176866678247,1074.2999999993049,7275.605042888308
45716,33.69176866678247,1074.3199999993049,7275.649638165997
45717,33.69176866678247,1074.3399999993048,7275.694232977633
45718,33.69176866678247,1074.3599999993048,7275.738827323198
45719,33.69176866678247,1074.3799999993048,7275.783421202676
45720,33.69176866678247,1074.3999999993048,7275.828014616051
45721,33.69176866678247,1074.4199999993048,7275.872607563307
45722,33.69176866678247,1074.4399999993047,7275.917200044426
45723,33.69176866678247,1074.4599999993047,7275.961792059392
45724,33.69176866678247,1074.4799999993047,7276.006383608189
45725,33.69176866678247,1074.4999999993047,7276.0509746908
45726,33.69176866678247,1074.5199999993047,7276.095565307209
45727,33.69176866678247,1074.5399999993047,7276.140155457399
45728,33.69176866678247,1074.5599999993046,7276.184745141353
45729,33.69176866678247,1074.5799999993046,7276.229334359055
45730,33.69176866678247,1074.5999999993046,7276.27392311049
45731,33.69176866678247,1074.6199999993046,7276.318511395639
45732,33.69176866678247,1074.6399999993046,7276.363099214486
45733,33.69176866678247,1074.6599999993045,7276.407686567016
45734,33.69176866678247,1074.6799999993045,7276.452273453211
45735,33.69176866678247,1074.6999999993045,7276.496859873056
45736,33.69176866678247,1074.7199999993045,7276.541445826533
45737,33.69176866678247,1074.7399999993045,7276.586031313626
45738,33.69176866678247,1074.7599999993045,7276.630616334319
45739,33.69176866678247,1074.7799999993044,7276.675200888594
45740,33.69176866678247,1074.7999999993044,7276.719784976436
45741,33.69176866678247,1074.8199999993044,7276.764368597828
45742,33.69176866678247,1074.8399999993044,7276.808951752754
45743,33.69176866678247,1074.8599999993044,7276.853534441197
45744,33.69176866678247,1074.8799999993043,7276.898116663139
45745,33.69176866678247,1074.8999999993043,7276.942698418567
45746,33.69176866678247,1074.9199999993043,7276.987279707461
45747,33.69176866678247,1074.9399999993043,7277.031860529807
45748,33.69176866678247,1074.9599999993043,7277.076440885587
45749,33.69176866678247,1074.9799999993043,7277.1210207747845
45750,33.69176866678247,1074.9999999993042,7277.165600197383
45751,33.69176866678247,1075.0199999993042,7277.210179153368
45752,33.69176866678247,1075.0399999993042,7277.2547576427205
45753,33.69176866678247,1075.0599999993042,7277.299335665425
45754,33.69176866678247,1075.0799999993042,7277.343913221465
45755,33.69176866678247,1075.0999999993041,7277.388490310824
45756,33.69176866678247,1075.1199999993041,7277.433066933485
45757,33.69176866678247,1075.139999999304,7277.477643089432
45758,33.69176866678247,1075.159999999304,7277.522218778648
45759,33.69176866678247,1075.179999999304,7277.566794001955
45760,33.69176866678247,1075.199999999304,7277.6113687602865
45761,33.69176866678247,1075.219999999304,7277.655943053639
45762,33.69176866678247,1075.239999999304,7277.700516881996
45763,33.69176866678247,1075.259999999304,7277.745090245341
45764,33.69176866678247,1075.279999999304,7277.789663143658
45765,33.69176866678247,1075.299999999304,7277.83423557693
45766,33.69176866678247,1075.319999999304,7277.878807545141
45767,33.69176866678247,1075.339999999304,7277.923379048275
45768,33.69176866678247,1075.359999999304,7277.967950086315
45769,33.69176866678247,1075.379999999304,7278.012520659244
45770,33.69176866678247,1075.3999999993039,7278.057090767046
45771,33.69176866678247,1075.4199999993039,7278.101660409706
45772,33.69176866678247,1075.4399999993038,7278.146229587206
45773,33.69176866678247,1075.4599999993038,7278.190798299531
45774,33.69176866678247,1075.4799999993038,7278.2353665466635
45775,33.69176866678247,1075.4999999993038,7278.279934328588
45776,33.69176866678247,1075.5199999993038,7278.3245016452875
45777,33.69176866678247,1075.5399999993037,7278.369068496746
45778,33.69176866678247,1075.5599999993037,7278.413634882947
45779,33.69176866678247,1075.5799999993037,7278.458200803873
45780,33.646514276654635,1075.5999999993037,7278.502766259509
45781,33.646514276654635,1075.6199999993037,7278.547331249839
45782,33.646514276654635,1075.6399999993037,7278.591895774845
45783,33.646514276654635,1075.6599999993036,7278.636459834513
45784,33.646514276654635,1075.6799999993036,7278.681023428824
45785,33.646514276654635,1075.6999999993036,7278.725586557764
45786,33.646514276654635,1075.7199999993036,7278.770149221315
45787,33.646514276654635,1075.7399999993036,7278.814711419461
45788,33.646514276654635,1075.7599999993035,7278.859273152185
45789,33.646514276654635,1075.7799999993035,7278.903834419471
45790,33.646514276654635,1075.7999999993035,7278.948395221304
45791,33.646514276654635,1075.8199999993035,7278.992955557666
45792,33.646514276654635,1075.8399999993035,7279.037515428542
45793,33.646514276654635,1075.8599999993035,7279.082074833915
45794,33.646514276654635,1075.8799999993034,7279.126633773768
45795,33.646514276654635,1075.8999999993034,7279.171192248085
45796,33.646514276654635,1075.9199999993034,7279.215750256851
45797,33.646514276654635,1075.9399999993034,7279.2603078000475
45798,33.646514276654635,1075.9599999993034,7279.3048648776585
45799,33.646514276654635,1075.9799999993033,7279.349421489668
45800,33.646514276654635,1075.9999999993033,7279.39397763606
45801,33.646514276654635,1076.0199999993033,7279.438533316818
45802,33.646514276654635,1076.0399999993033,7279.483088531926
45803,33.646514276654635,1076.0599999993033,7279.527643281367
45804,33.646514276654635,1076.0799999993033,7279.572197565125
45805,33.646514276654635,1076.0999999993032,7279.616751383183
45806,33.646514276654635,1076.1199999993032,7279.661304735526
45807,33.646514276654635,1076.1399999993032,7279.705857622136
45808,33.646514276654635,1076.1599999993032,7279.750410042998
45809,33.646514276654635,1076.1799999993032,7279.794961998102
45810,33.646514276654635,1076.1999999993031,7279.839513488254
45811,33.646514276654635,1076.2199999993031,7279.88406451419
45812,33.646514276654635,1076.239999999303,7279.928615075894
45813,33.646514276654635,1076.259999999303,7279.97316517335
45814,33.646514276654635,1076.279999999303,7280.017714806541
45815,33.646514276654635,1076.299999999303,7280.062263975454
45816,33.646514276654635,1076.319999999303,7280.106812680071
45817,33.646514276654635,1076.339999999303,7280.151360920376
45818,33.646514276654635,1076.359999999303,7280.1959086963525
45819,33.646514276654635,1076.379999999303,7280.240456007985
45820,33.646514276654635,1076.399999999303,7280.285002855257
45821,33.646514276654635,1076.419999999303,7280.329549238151
45822,33.646514276654635,1076.439999999303,7280.3740951566515
45823,33.646514276654635,1076.459999999303,7280.418640610742
45824,33.646514276654635,1076.479999999303,7280.463185600406
45825,33.646514276654635,1076.4999999993029,7280.507730125627
45826,33.646514276654635,1076.5199999993029,7280.552274186389
45827,33.646514276654635,1076.5399999993028,7280.596817782675
45828,33.646514276654635,1076.5599999993028,7280.641360914469
45829,33.646514276654635,1076.5799999993028,7280.685903581755
45830,33.646514276654635,1076.5999999993028,7280.730445784516
45831,33.646514276654635,1076.6199999993028,7280.7749875227355
45832,33.646514276654635,1076.6399999993027,7280.819528796397
45833,33.646514276654635,1076.6599999993027,7280.864069605485
45834,33.646514276654635,1076.6799999993027,7280.908609949983
45835,33.646514276654635,1076.6999999993027,7280.953149829873
45836,33.646514276654635,1076.7199999993027,7280.9976892451405
45837,33.646514276654635,1076.7399999993027,7281.042228195768
45838,33.646514276654635,1076.7599999993026,7281.086766681739
45839,33.646514276654635,1076.7799999993026,7281.131304703038
45840,33.646514276654635,1076.7999999993026,7281.175842259649
45841,33.646514276654635,1076.8199999993026,7281.220379351554
45842,33.646514276654635,1076.8399999993026,7281.264915978737
45843,33.646514276654635,1076.8599999993025,7281.309452141182
45844,33.646514276654635,1076.8799999993025,7281.353987838873
45845,33.646514276654635,1076.8999999993025,7281.398523071793
45846,33.646514276654635,1076.9199999993025,7281.443057839925
45847,33.646514276654635,1076.9399999993025,7281.487592143254
45848,33.646514276654635,1076.9599999993025,7281.532125981763
45849,33.646514276654635,1076.9799999993024,7281.576659355435
45850,33.646514276654635,1076.9999999993024,7281.621192264255
45851,33.646514276654635,1077.0199999993024,7281.665724708206
45852,33.646514276654635,1077.0399999993024,7281.710256687271
45853,33.646514276654635,1077.0599999993024,7281.754788201434
45854,33.646514276654635,1077.0799999993023,7281.799319250679
45855,33.646514276654635,1077.0999999993023,7281.84384983499
45856,33.646514276654635,1077.1199999993023,7281.888379954349
45857,33.646514276654635,1077.1399999993023,7281.93290960874
45858,33.646514276654635,1077.1599999993023,7281.977438798148
45859,33.646514276654635,1077.1799999993023,7282.021967522555
45860,33.646514276654635,1077.1999999993022,7282.066495781974
45861,33.646514276654635,1077.2199999993022,7282.1110235773385
45862,33.646514276654635,1077.2399999993022,7282.155550909332
45863,33.646514276654635,1077.2599999993022,7282.2000777779385
45864,33.646514276654635,1077.2799999993022,7282.244604183142
45865,33.646514276654635,1077.2999999993021,7282.289130124925
45866,33.646514276654635,1077.3199999993021,7282.333655603271
45867,33.646514276654635,1077.339999999302,7282.378180618165
45868,33.646514276654635,1077.359999999302,7282.42270516959
45869,33.646514276654635,1077.379999999302,7282.467229257529
45870,33.646514276654635,1077.399999999302,7282.5117528819665
45871,33.646514276654635,1077.419999999302,7282.556276042886
45872,33.646514276654635,1077.439999999302,7282.600798740271
45873,33.646514276654635,1077.459999999302,7282.645320974105
45874,33.646514276654635,1077.479999999302,7282.689842744372
45875,33.646514276654635,1077.499999999302,7282.734364051055
45876,33.646514276654635,1077.519999999302,7282.778884894139
45877,33.646514276654635,1077.539999999302,7282.823405273606
45878,33.646514276654635,1077.559999999302,7282.867925189441
45879,33.646514276654635,1077.579999999302,7282.912444641626
45880,33.646514276654635,1077.5999999993019,7282.956963630147
45881,33.646514276654635,1077.6199999993019,7283.001482154985
45882,33.646514276654635,1077.6399999993018,7283.046000216125
45883,33.646514276654635,1077.6599999993018,7283.090517813551
45884,33.646514276654635,1077.6799999993018,7283.135034947246
45885,33.646514276654635,1077.6999999993018,7283.179551617194
45886,33.646514276654635,1077.7199999993018,7283.224067823378
45887,33.646514276654635,1077.7399999993017,7283.268583565783
45888,33.646514276654635,1077.7599999993017,7283.313098844392
45889,33.646514276654635,1077.7799999993017,7283.357613659188
45890,33.646514276654635,1077.7999999993017,7283.402128010155
45891,33.646514276654635,1077.8199999993017,7283.446641897277
45892,33.646514276654635,1077.8399999993017,7283.4911553205375
45893,33.646514276654635,1077.8599999993016,7283.53566827992
45894,33.646514276654635,1077.8799999993016,7283.580180775408
45895,33.646514276654635,1077.8999999993016,7283.624692806985
45896,33.646514276654635,1077.9199999993016,7283.669204374635
45897,33.646514276654635,1077.9399999993016,7283.713715478342
45898,33.646514276654635,1077.9599999993015,7283.75822611809
45899,33.646514276654635,1077.9799999993015,7283.802736293861
45900,33.646514276654635,1077.9999999993015,7283.84724600564
45901,33.646514276654635,1078.0199999993015,7283.89175525341
45902,33.646514276654635,1078.0399999993015,7283.9362640371555
45903,33.646514276654635,1078.0599999993015,7283.980772356859
45904,33.646514276654635,1078.0799999993014,7284.025280212505
45905,33.646514276654635,1078.0999999993014,7284.069787604077
45906,33.646514276654635,1078.1199999993014,7284.114294531558
45907,33.646514276654635,1078.1399999993014,7284.158800994932
45908,33.646514276654635,1078.1599999993014,7284.203306994183
45909,33.646514276654635,1078.1799999993013,7284.247812529294
45910,33.646514276654635,1078.1999999993013,7284.292317600249
45911,33.646514276654635,1078.2199999993013,7284.336822207079
45912,33.646514276654635,1078.2399999993013,7284.3813263508
45913,33.646514276654635,1078.2599999993013,7284.425830031994
45914,33.646514276654635,1078.2799999993013,7284.470333250646
45915,33.646514276654635,1078.2999999993012,7284.51483600674
45916,33.646514276654635,1078.3199999993012,7284.559338300258
45917,33.646514276654635,1078.3399999993012,7284.603840131185
45918,33.646514276654635,1078.3599999993012,7284.648341499505
45919,33.646514276654635,1078.3799999993012,7284.6928424052
45920,33.646514276654635,1078.3999999993011,7284.737342848256
45921,33.646514276654635,1078.4199999993011,7284.781842828655
45922,33.646514276654635,1078.439999999301,7284.82634234638
45923,33.646514276654635,1078.459999999301,7284.870841401417
45924,33.646514276654635,1078.479999999301,7284.915339993749
45925,33.646514276654635,1078.499999999301,7284.959838123357
45926,33.646514276654635,1078.519999999301,7285.004335790228
45927,33.646514276654635,1078.539999999301,7285.048832994344
45928,33.646514276654635,1078.559999999301,7285.093329735689
45929,33.646514276654635,1078.579999999301,7285.1378260142465
45930,33.646514276654635,1078.599999999301,7285.182321830001
45931,33.646514276654635,1078.619999999301,7285.226817182935
45932,33.646514276654635,1078.639999999301,7285.271312073033
45933,33.646514276654635,1078.659999999301,7285.315806500279
45934,33.646514276654635,1078.679999999301,7285.360300464656
45935,33.646514276654635,1078.6999999993009,7285.404793966147
45936,33.646514276654635,1078.7199999993009,7285.449287004737
45937,33.646514276654635,1078.7399999993008,7285.493779580409
45938,33.646514276654635,1078.7599999993008,7285.538271693146
45939,33.646514276654635,1078.7799999993008,7285.5827633429335
45940,33.646514276654635,1078.7999999993008,7285.627254529753
45941,33.646514276654635,1078.8199999993008,7285.67174525359
45942,33.646514276654635,1078.8399999993007,7285.716235514427
45943,33.646514276654635,1078.8599999993007,7285.760725312249
45944,33.646514276654635,1078.8799999993007,7285.805214647037
45945,33.646514276654635,1078.8999999993007,7285.8497035187775
45946,33.646514276654635,1078.9199999993007,7285.894191927453
45947,33.646514276654635,1078.9399999993007,7285.9386798730475
45948,33.646514276654635,1078.9599999993006,7285.983167355544
45949,33.646514276654635,1078.9799999993006,7286.027654374926
45950,33.646514276654635,1078.9999999993006,7286.072140931178
45951,33.646514276654635,1079.0199999993006,7286.116627024284
45952,33.646514276654635,1079.0399999993006,7286.161112654227
45953,33.646514276654635,1079.0599999993005,7286.20559782099
45954,33.646514276654635,1079.0799999993005,7286.250082524558
45955,33.646514276654635,1079.0999999993005,7286.294566764914
45956,33.646514276654635,1079.1199999993005,7286.339050542042
45957,33.646514276654635,1079.1399999993005,7286.383533855926
45958,33.646514276654635,1079.1599999993005,7286.428016706548
45959,33.646514276654635,1079.1799999993004,7286.472499093893
45960,33.646514276654635,1079.1999999993004,7286.516981017945
45961,33.646514276654635,1079.2199999993004,7286.561462478687
45962,33.646514276654635,1079.2399999993004,7286.60594347617
45963,33.646514276654635,1079.2599999993004,7286.650424011488
45964,33.646514276654635,1079.2799999993003,7286.694904085126
45965,33.646514276654635,1079.2999999993003,7286.739383697067
45966,33.646514276654635,1079.3199999993003,7286.7838628472955
45967,33.646514276654635,1079.3399999993003,7286.828341535795
45968,33.646514276654635,1079.3599999993003,7286.872819762549
45969,33.646514276654635,1079.3799999993003,7286.9172975275405
45970,33.646514276654635,1079.3999999993002,7286.961774830755
45971,33.646514276654635,1079.4199999993002,7287.006251672174
45972,33.646514276654635,1079.4399999993002,7287.050728051782
45973,33.646514276654635,1079.4599999993002,7287.095203969563
45974,33.646514276654635,1079.4799999993002,7287.139679425501
45975,33.646514276654635,1079.4999999993001,7287.184154419579
45976,33.646514276654635,1079.5199999993001,7287.228628951781
45977,33.646514276654635,1079.5399999993,7287.27310302209
45978,33.646514276654635,1079.5599999993,7287.31757663049
45979,33.646514276654635,1079.5799999993,7287.362049776965
45980,33.646514276654635,1079.5999999993,7287.406522461499
45981,33.646514276654635,1079.6199999993,7287.450994684074
45982,33.646514276654635,1079.6399999993,7287.495466444677
45983,33.646514276654635,1079.6599999993,7287.539937743289
45984,33.646514276654635,1079.6799999993,7287.5844085798935
45985,33.646514276654635,1079.6999999993,7287.628878954475
45986,33.646514276654635,1079.7199999993,7287.673348867017
45987,33.646514276654635,1079.7399999993,7287.717818317504
45988,33.646514276654635,1079.7599999993,7287.762287305918
45989,33.646514276654635,1079.7799999993,7287.806755832244
45990,33.646514276654635,1079.7999999992999,7287.851223896465
45991,33.646514276654635,1079.8199999992999,7287.895691498565
45992,33.646514276654635,1079.8399999992998,7287.9401586385275
45993,33.646514276654635,1079.8599999992998,7287.984625316336
45994,33.646514276654635,1079.8799999992998,7288.029091531975
45995,33.646514276654635,1079.8999999992998,7288.073557285427
45996,33.646514276654635,1079.9199999992998,7288.1180225766775
45997,33.646514276654635,1079.9399999992997,7288.162487405708
45998,33.646514276654635,1079.9599999992997,7288.206951772503
45999,33.646514276654635,1079.9799999992997,7288.251415677047
46000,33.646514276654635,1079.9999999992997,7288.295879119322
46001,33.646514276654635,1080.0199999992997,7288.340342099314
46002,33.646514276654635,1080.0399999992997,7288.384804617004
46003,33.646514276654635,1080.0599999992996,7288.429266672378
46004,33.646514276654635,1080.0799999992996,7288.473728265418
46005,33.646514276654635,1080.0999999992996,7288.518189396108
46006,33.646514276654635,1080.1199999992996,7288.562650064433
46007,33.646514276654635,1080.1399999992996,7288.607110270375
46008,33.646514276654635,1080.1599999992995,7288.651570013919
46009,33.646514276654635,1080.1799999992995,7288.696029295048
46010,33.646514276654635,1080.1999999992995,7288.740488113745
46011,33.646514276654635,1080.2199999992995,7288.784946469995
46012,33.646514276654635,1080.2399999992995,7288.829404363781
46013,33.646514276654635,1080.2599999992995,7288.8738617951785
46014,33.646514276654635,1080.2799999992994,7288.9183187654235
46015,33.646514276654635,1080.2999999992994,7288.962775274924
46016,33.646514276654635,1080.3199999992994,7289.007231323662
46017,33.646514276654635,1080.3399999992994,7289.051686911624
46018,33.646514276654635,1080.3599999992994,7289.09614203879
46019,33.646514276654635,1080.3799999992993,7289.140596705146
46020,33.646514276654635,1080.3999999992993,7289.185050910675
46021,33.646514276654635,1080.4199999992993,7289.229504655361
46022,33.646514276654635,1080.4399999992993,7289.273957939186
46023,33.646514276654635,1080.4599999992993,7289.3184107621355
46024,33.646514276654635,1080.4799999992993,7289.362863124192
46025,33.646514276654635,1080.4999999992992,7289.407315025339
46026,33.646514276654635,1080.5199999992992,7289.4517664655605
46027,33.60136110450057,1080.5399999992992,7289.49621744484
46028,33.60136110450057,1080.5599999992992,7289.5406679631615
46029,33.60136110450057,1080.5799999992992,7289.585118020507
46030,33.60136110450057,1080.5999999992991,7289.629567616862
46031,33.60136110450057,1080.6199999992991,7289.674016752209
46032,33.60136110450057,1080.639999999299,7289.718465426532
46033,33.60136110450057,1080.659999999299,7289.7629136398145
46034,33.60136110450057,1080.679999999299,7289.80736139204
46035,33.60136110450057,1080.699999999299,7289.851808683191
46036,33.60136110450057,1080.719999999299,7289.896255513253
46037,33.60136110450057,1080.739999999299,7289.9407018822085
46038,33.60136110450057,1080.759999999299,7289.985147790041
46039,33.60136110450057,1080.779999999299,7290.0295932367235
46040,33.60136110450057,1080.799999999299,7290.0740382222
46041,33.60136110450057,1080.819999999299,7290.118482746453
46042,33.60136110450057,1080.839999999299,7290.162926809466
46043,33.60136110450057,1080.859999999299,7290.207370411222
46044,33.60136110450057,1080.879999999299,7290.251813551706
46045,33.60136110450057,1080.8999999992989,7290.2962562309
46046,33.60136110450057,1080.9199999992989,7290.34069844879
46047,33.60136110450057,1080.9399999992988,7290.385140205359
46048,33.60136110450057,1080.9599999992988,7290.429581500591
46049,33.60136110450057,1080.9799999992988,7290.474022334469
46050,33.60136110450057,1080.9999999992988,7290.5184627069775
46051,33.60136110450057,1081.0199999992988,7290.5629026181
46052,33.60136110450057,1081.0399999992987,7290.607342067822
46053,33.60136110450057,1081.0599999992987,7290.651781056125
46054,33.60136110450057,1081.0799999992987,7290.696219582995
46055,33.60136110450057,1081.0999999992987,7290.740657648414
46056,33.60136110450057,1081.1199999992987,7290.785095252366
46057,33.60136110450057,1081.1399999992987,7290.829532394836
46058,33.60136110450057,1081.1599999992986,7290.873969075807
46059,33.60136110450057,1081.1799999992986,7290.918405295262
46060,33.60136110450057,1081.1999999992986,7290.962841053188
46061,33.60136110450057,1081.2199999992986,7291.0072763495655
46062,33.60136110450057,1081.2399999992986,7291.05171118438
46063,33.60136110450057,1081.2599999992985,7291.096145557615
46064,33.60136110450057,1081.2799999992985,7291.140579469353
46065,33.60136110450057,1081.2999999992985,7291.18501292074
46066,33.60136110450057,1081.3199999992985,7291.2294459120385
46067,33.60136110450057,1081.3399999992985,7291.273878443233
46068,33.60136110450057,1081.3599999992985,7291.318310514307
46069,33.60136110450057,1081.3799999992984,7291.362742125245
46070,33.60136110450057,1081.3999999992984,7291.40717327603
46071,33.60136110450057,1081.4199999992984,7291.451603966647
46072,33.60136110450057,1081.4399999992984,7291.496034197078
46073,33.60136110450057,1081.4599999992984,7291.540463967309
46074,33.60136110450057,1081.4799999992983,7291.584893277322
46075,33.60136110450057,1081.4999999992983,7291.629322127103
46076,33.60136110450057,1081.5199999992983,7291.673750516633
46077,33.60136110450057,1081.5399999992983,7291.718178445898
46078,33.60136110450057,1081.5599999992983,7291.7626059148815
46079,33.60136110450057,1081.5799999992983,7291.807032923568
46080,33.60136110450057,1081.5999999992982,7291.85145947194
46081,33.60136110450057,1081.6199999992982,7291.895885559982
46082,33.60136110450057,1081.6399999992982,7291.940311187678
46083,33.60136110450057,1081.6599999992982,7291.9847363550125
46084,33.60136110450057,1081.6799999992982,7292.029161061968
46085,33.60136110450057,1081.6999999992981,7292.073585308529
46086,33.60136110450057,1081.7199999992981,7292.11800909468
46087,33.60136110450057,1081.739999999298,7292.162432420404
46088,33.60136110450057,1081.759999999298,7292.206855285685
46089,33.60136110450057,1081.779999999298,7292.251277690508
46090,33.60136110450057,1081.799999999298,7292.295699634856
46091,33.60136110450057,1081.819999999298,7292.340121118712
46092,33.60136110450057,1081.839999999298,7292.384542142061
46093,33.60136110450057,1081.859999999298,7292.428962704887
46094,33.60136110450057,1081.879999999298,7292.473382807174
46095,33.60136110450057,1081.899999999298,7292.517802448905
46096,33.60136110450057,1081.919999999298,7292.562221630064
46097,33.60136110450057,1081.939999999298,7292.606640350636
46098,33.60136110450057,1081.959999999298,7292.651058610603
46099,33.60136110450057,1081.979999999298,7292.695476409951
46100,33.60136110450057,1081.9999999992979,7292.739893748662
46101,33.60136110450057,1082.0199999992979,7292.784310626722
46102,33.60136110450057,1082.0399999992978,7292.828727044113
46103,33.60136110450057,1082.0599999992978,7292.87314300082
46104,33.60136110450057,1082.0799999992978,7292.917558496826
46105,33.60136110450057,1082.0999999992978,7292.961973532116
46106,33.60136110450057,1082.1199999992978,7293.006388106672
46107,33.60136110450057,1082.1399999992977,7293.050802220479
46108,33.60136110450057,1082.1599999992977,7293.095215873522
46109,33.60136110450057,1082.1799999992977,7293.139629065783
46110,33.60136110450057,1082.1999999992977,7293.184041797247
46111,33.60136110450057,1082.2199999992977,7293.2284540678975
46112,33.60136110450057,1082.2399999992977,7293.272865877719
46113,33.60136110450057,1082.2599999992976,7293.317277226694
46114,33.60136110450057,1082.2799999992976,7293.361688114808
46115,33.60136110450057,1082.2999999992976,7293.406098542169
46116,33.60136110450057,1082.3199999992976,7293.450508510089
46117,33.60136110450057,1082.3399999992976,7293.494918018752
46118,33.60136110450057,1082.3599999992975,7293.539327068143
46119,33.60136110450057,1082.3799999992975,7293.583735658246
46120,33.60136110450057,1082.3999999992975,7293.628143789045
46121,33.60136110450057,1082.4199999992975,7293.672551460523
46122,33.60136110450057,1082.4399999992975,7293.716958672665
46123,33.60136110450057,1082.4599999992975,7293.761365425454
46124,33.60136110450057,1082.4799999992974,7293.805771718874
46125,33.60136110450057,1082.4999999992974,7293.850177552909
46126,33.60136110450057,1082.5199999992974,7293.8945829275435
46127,33.60136110450057,1082.5399999992974,7293.93898784276
46128,33.60136110450057,1082.5599999992974,7293.983392298544
46129,33.60136110450057,1082.5799999992973,7294.027796294878
46130,33.60136110450057,1082.5999999992973,7294.072199831747
46131,33.60136110450057,1082.6199999992973,7294.116602909134
46132,33.60136110450057,1082.6399999992973,7294.161005527023
46133,33.60136110450057,1082.6599999992973,7294.205407685399
46134,33.60136110450057,1082.6799999992973,7294.249809384245
46135,33.60136110450057,1082.6999999992972,7294.294210623545
46136,33.60136110450057,1082.7199999992972,7294.338611403283
46137,33.60136110450057,1082.7399999992972,7294.383011723443
46138,33.60136110450057,1082.7599999992972,7294.427411584009
46139,33.60136110450057,1082.7799999992972,7294.471810984965
46140,33.60136110450057,1082.7999999992971,7294.516209926293
46141,33.60136110450057,1082.8199999992971,7294.56060840798
46142,33.60136110450057,1082.839999999297,7294.605006430008
46143,33.60136110450057,1082.859999999297,7294.649403992361
46144,33.60136110450057,1082.879999999297,7294.693801095023
46145,33.60136110450057,1082.899999999297,7294.738197737979
46146,33.60136110450057,1082.919999999297,7294.782593921212
46147,33.60136110450057,1082.939999999297,7294.826989644705
46148,33.60136110450057,1082.959999999297,7294.871384908442
46149,33.60136110450057,1082.979999999297,7294.915779712409
46150,33.60136110450057,1082.999999999297,7294.960174056588
46151,33.60136110450057,1083.019999999297,7295.004567940963
46152,33.60136110450057,1083.039999999297,7295.048961365519
46153,33.60136110450057,1083.059999999297,7295.093354330239
46154,33.60136110450057,1083.079999999297,7295.1377468351075
46155,33.60136110450057,1083.0999999992969,7295.182138880108
46156,33.60136110450057,1083.1199999992969,7295.226530465225
46157,33.60136110450057,1083.1399999992968,7295.270921590441
46158,33.60136110450057,1083.1599999992968,7295.3153122557405
46159,33.60136110450057,1083.1799999992968,7295.359702461108
46160,33.60136110450057,1083.1999999992968,7295.404092206528
46161,33.60136110450057,1083.2199999992968,7295.448481491982
46162,33.60136110450057,1083.2399999992967,7295.492870317456
46163,33.60136110450057,1083.2599999992967,7295.537258682934
46164,33.60136110450057,1083.2799999992967,7295.581646588399
46165,33.60136110450057,1083.2999999992967,7295.626034033835
46166,33.60136110450057,1083.3199999992967,7295.6704210193975
46167,33.60136110450057,1083.3399999992967,7295.714807546425
46168,33.60136110450057,1083.3599999992966,7295.759193615032
46169,33.60136110450057,1083.3799999992966,7295.803579225203
46170,33.60136110450057,1083.3999999992966,7295.8479643769215
46171,33.60136110450057,1083.4199999992966,7295.892349070172
46172,33.60136110450057,1083.4399999992966,7295.936733304938
46173,33.60136110450057,1083.4599999992965,7295.981117081203
46174,33.60136110450057,1083.4799999992965,7296.0255003989505
46175,33.60136110450057,1083.4999999992965,7296.069883258166
46176,33.60136110450057,1083.5199999992965,7296.114265658832
46177,33.60136110450057,1083.5399999992965,7296.158647600932
46178,33.60136110450057,1083.5599999992965,7296.203029084452
46179,33.60136110450057,1083.5799999992964,7296.247410109375
46180,33.60136110450057,1083.5999999992964,7296.291790675684
46181,33.60136110450057,1083.6199999992964,7296.336170783363
46182,33.60136110450057,1083.6399999992964,7296.380550432396
46183,33.60136110450057,1083.6599999992964,7296.424929622768
46184,33.60136110450057,1083.6799999992963,7296.469308354463
46185,33.60136110450057,1083.6999999992963,7296.513686627463
46186,33.60136110450057,1083.7199999992963,7296.558064441754
46187,33.60136110450057,1083.7399999992963,7296.6024417973185
46188,33.60136110450057,1083.7599999992963,7296.646818694141
46189,33.60136110450057,1083.7799999992963,7296.691195132205
46190,33.60136110450057,1083.7999999992962,7296.735571111495
46191,33.60136110450057,1083.8199999992962,7296.779946631994
46192,33.60136110450057,1083.8399999992962,7296.824321693686
46193,33.60136110450057,1083.8599999992962,7296.868696296556
46194,33.60136110450057,1083.8799999992962,7296.913070440587
46195,33.60136110450057,1083.8999999992961,7296.957444125764
46196,33.60136110450057,1083.9199999992961,7297.001817352069
46197,33.60136110450057,1083.939999999296,7297.046190119488
46198,33.60136110450057,1083.959999999296,7297.090562428003
46199,33.60136110450057,1083.979999999296,7297.134934277599
46200,33.60136110450057,1083.999999999296,7297.17930566826
46201,33.60136110450057,1084.019999999296,7297.223676599969
46202,33.60136110450057,1084.039999999296,7297.26804707271
46203,33.60136110450057,1084.059999999296,7297.312417086468
46204,33.60136110450057,1084.079999999296,7297.356786641226
46205,33.60136110450057,1084.099999999296,7297.401155736969
46206,33.60136110450057,1084.119999999296,7297.445524373679
46207,33.60136110450057,1084.139999999296,7297.489892551342
46208,33.60136110450057,1084.159999999296,7297.53426026994
46209,33.60136110450057,1084.179999999296,7297.578627529459
46210,33.60136110450057,1084.1999999992959,7297.62299432988
46211,33.60136110450057,1084.2199999992959,7297.66736067119
46212,33.60136110450057,1084.2399999992958,7297.711726553372
46213,33.60136110450057,1084.2599999992958,7297.756091976408
46214,33.60136110450057,1084.2799999992958,7297.800456940284
46215,33.60136110450057,1084.2999999992958,7297.844821444983
46216,33.60136110450057,1084.3199999992958,7297.889185490489
46217,33.60136110450057,1084.3399999992957,7297.933549077056
46218,33.60136110450057,1084.3599999992957,7297.977912205948
46219,33.60136110450057,1084.3799999992957,7298.0222748772585
46220,33.60136110450057,1084.3999999992957,7298.066637090972
46221,33.60136110450057,1084.4199999992957,7298.110998847073
46222,33.60136110450057,1084.4399999992957,7298.155360145544
46223,33.60136110450057,1084.4599999992956,7298.199720986371
46224,33.60136110450057,1084.4799999992956,7298.244081369536
46225,33.60136110450057,1084.4999999992956,7298.288441295023
46226,33.60136110450057,1084.5199999992956,7298.332800762817
46227,33.60136110450057,1084.5399999992956,7298.377159772901
46228,33.60136110450057,1084.5599999992955,7298.421518325258
46229,33.60136110450057,1084.5799999992955,7298.465876419873
46230,33.60136110450057,1084.5999999992955,7298.51023405673
46231,33.60136110450057,1084.6199999992955,7298.554591235812
46232,33.60136110450057,1084.6399999992955,7298.5989479571035
46233,33.60136110450057,1084.6599999992955,7298.643304220588
46234,33.60136110450057,1084.6799999992954,7298.687660026249
46235,33.60136110450057,1084.6999999992954,7298.732015374072
46236,33.60136110450057,1084.7199999992954,7298.7763702640395
46237,33.60136110450057,1084.7399999992954,7298.820724696136
46238,33.60136110450057,1084.7599999992954,7298.865078670344
46239,33.60136110450057,1084.7799999992953,7298.909432186648
46240,33.60136110450057,1084.7999999992953,7298.953785245032
46241,33.60136110450057,1084.8199999992953,7298.99813784548
46242,33.60136110450057,1084.8399999992953,7299.042489987976
46243,33.60136110450057,1084.8599999992953,7299.086841672504
46244,33.60136110450057,1084.8799999992953,7299.131192899047
46245,33.60136110450057,1084.8999999992952,7299.175543667589
46246,33.60136110450057,1084.9199999992952,7299.219893978115
46247,33.60136110450057,1084.9399999992952,7299.2642438306075
46248,33.60136110450057,1084.9599999992952,7299.308593225051
46249,33.60136110450057,1084.9799999992952,7299.3529421614285
46250,33.60136110450057,1084.9999999992951,7299.397290639725
46251,33.60136110450057,1085.0199999992951,7299.441638659923
46252,33.60136110450057,1085.039999999295,7299.485986222008
46253,33.60136110450057,1085.059999999295,7299.5303333259635
46254,33.60136110450057,1085.079999999295,7299.574679971773
46255,33.60136110450057,1085.099999999295,7299.619026159419
46256,33.60136110450057,1085.119999999295,7299.663371888888
46257,33.60136110450057,1085.139999999295,7299.707717160161
46258,33.60136110450057,1085.159999999295,7299.752061973224
46259,33.60136110450057,1085.179999999295,7299.796406328061
46260,33.60136110450057,1085.199999999295,7299.840750224654
46261,33.60136110450057,1085.219999999295,7299.885093662988
46262,33.60136110450057,1085.239999999295,7299.929436643047
46263,33.60136110450057,1085.259999999295,7299.973779164814
46264,33.60136110450057,1085.279999999295,7300.018121228269
46265,33.60136110450057,1085.2999999992949,7300.0624628333435
46266,33.60136110450057,1085.3199999992949,7300.106803980012
46267,33.60136110450057,1085.3399999992948,7300.151144668258
46268,33.60136110450057,1085.3599999992948,7300.195484898456
46269,33.60136110450057,1085.3799999992948,7300.239824671864
46270,33.60136110450057,1085.3999999992948,7300.284163988564
46271,33.60136110450057,1085.4199999992948,7300.328502848539
46272,33.60136110450057,1085.4399999992947,7300.372841251774
46273,33.60136110450057,1085.4599999992947,7300.417179198253
46274,33.60136110450057,1085.4799999992947,7300.4615166879585
46275,33.60136110450057,1085.4999999992947,7300.505853720875
46276,33.60136110450057,1085.5199999992947,7300.550190296987
46277,33.60136110450057,1085.5399999992947,7300.594526416278
46278,33.60136110450057,1085.5599999992946,7300.638862078732
46279,33.60136110450057,1085.5799999992946,7300.683197284332
46280,33.60136110450057,1085.5999999992946,7300.727532033063
46281,33.556308833659536,1085.6199999992946,7300.771866324908
46282,33.556308833659536,1085.6399999992946,7300.816200159851
46283,33.556308833659536,1085.6599999992945,7300.860533537876
46284,33.556308833659536,1085.6799999992945,7300.904866458966
46285,33.556308833659536,1085.6999999992945,7300.949198923106
46286,33.556308833659536,1085.7199999992945,7300.99353093028
46287,33.556308833659536,1085.7399999992945,7301.037862480471
46288,33.556308833659536,1085.7599999992945,7301.082193573663
46289,33.556308833659536,1085.7799999992944,7301.126524209841
46290,33.556308833659536,1085.7999999992944,7301.170854388987
46291,33.556308833659536,1085.8199999992944,7301.215184111086
46292,33.556308833659536,1085.8399999992944,7301.2595133761215
46293,33.556308833659536,1085.8599999992944,7301.303842184077
46294,33.556308833659536,1085.8799999992943,7301.348170534938
46295,33.556308833659536,1085.8999999992943,7301.392498428686
46296,33.556308833659536,1085.9199999992943,7301.436825865306
46297,33.556308833659536,1085.9399999992943,7301.481152844782
46298,33.556308833659536,1085.9599999992943,7301.525479367097
46299,33.556308833659536,1085.9799999992943,7301.5698054322365
46300,33.556308833659536,1085.9999999992942,7301.614131040183
46301,33.556308833659536,1086.0199999992942,7301.65845619092
46302,33.556308833659536,1086.0399999992942,7301.702780884433
46303,33.556308833659536,1086.0599999992942,7301.747105120705
46304,33.556308833659536,1086.0799999992942,7301.791428899719
46305,33.556308833659536,1086.0999999992941,7301.83575222146
46306,33.556308833659536,1086.1199999992941,7301.880075085912
46307,33.556308833659536,1086.139999999294,7301.924397493058
46308,33.556308833659536,1086.159999999294,7301.968719442882
46309,33.556308833659536,1086.179999999294,7302.013040935368
46310,33.556308833659536,1086.199999999294,7302.057361970499
46311,33.556308833659536,1086.219999999294,7302.10168254826
46312,33.556308833659536,1086.239999999294,7302.146002668635
46313,33.556308833659536,1086.259999999294,7302.190322331608
46314,33.556308833659536,1086.279999999294,7302.234641537161
46315,33.556308833659536,1086.299999999294,7302.27896028528
46316,33.556308833659536,1086.319999999294,7302.323278575947
46317,33.556308833659536,1086.339999999294,7302.367596409148
46318,33.556308833659536,1086.359999999294,7302.411913784865
46319,33.556308833659536,1086.379999999294,7302.456230703513
46320,33.556308833659536,1086.3999999992939,7302.500547166112
46321,33.556308833659536,1086.4199999992939,7302.544863172711
46322,33.556308833659536,1086.4399999992938,7302.589178723297
46323,33.556308833659536,1086.4599999992938,7302.633493817852
46324,33.556308833659536,1086.4799999992938,7302.677808456359
46325,33.556308833659536,1086.4999999992938,7302.722122638805
46326,33.556308833659536,1086.5199999992938,7302.766436365171
46327,33.556308833659536,1086.5399999992937,7302.810749635443
46328,33.556308833659536,1086.5599999992937,7302.855062449605
46329,33.556308833659536,1086.5799999992937,7302.899374807639
46330,33.556308833659536,1086.5999999992937,7302.94368670953
46331,33.556308833659536,1086.6199999992937,7302.987998155262
46332,33.556308833659536,1086.6399999992937,7303.032309144819
46333,33.556308833659536,1086.6599999992936,7303.076619678185
46334,33.556308833659536,1086.6799999992936,7303.120929755344
46335,33.556308833659536,1086.6999999992936,7303.16523937628
46336,33.556308833659536,1086.7199999992936,7303.209548540976
46337,33.556308833659536,1086.7399999992936,7303.253857249418
46338,33.556308833659536,1086.7599999992935,7303.298165501587
46339,33.556308833659536,1086.7799999992935,7303.34247329747
46340,33.556308833659536,1086.7999999992935,7303.386780637049
46341,33.556308833659536,1086.8199999992935,7303.431087520308
46342,33.556308833659536,1086.8399999992935,7303.475393947232
46343,33.556308833659536,1086.8599999992934,7303.519699917804
46344,33.556308833659536,1086.8799999992934,7303.564005432008
46345,33.556308833659536,1086.8999999992934,7303.608310489829
46346,33.556308833659536,1086.9199999992934,7303.65261509125
46347,33.556308833659536,1086.9399999992934,7303.696919236254
46348,33.556308833659536,1086.9599999992934,7303.741222924827
46349,33.556308833659536,1086.9799999992933,7303.785526156951
46350,33.556308833659536,1086.9999999992933,7303.829828932612
46351,33.556308833659536,1087.0199999992933,7303.874131251793
46352,33.556308833659536,1087.0399999992933,7303.918433114478
46353,33.556308833659536,1087.0599999992933,7303.962734520651
46354,33.556308833659536,1087.0799999992932,7304.007035470295
46355,33.556308833659536,1087.0999999992932,7304.051335963395
46356,33.556308833659536,1087.1199999992932,7304.0956359999345
46357,33.556308833659536,1087.1399999992932,7304.139935579898
46358,33.556308833659536,1087.1599999992932,7304.184234703268
46359,33.556308833659536,1087.1799999992932,7304.22853337003
46360,33.556308833659536,1087.1999999992931,7304.272831580168
46361,33.556308833659536,1087.2199999992931,7304.3171293336645
46362,33.556308833659536,1087.239999999293,7304.361426630505
46363,33.556308833659536,1087.259999999293,7304.4057234706725
46364,33.556308833659536,1087.279999999293,7304.450019854152
46365,33.556308833659536,1087.299999999293,7304.494315780926
46366,33.556308833659536,1087.319999999293,7304.53861125098
46367,33.556308833659536,1087.339999999293,7304.582906264296
46368,33.556308833659536,1087.359999999293,7304.62720082086
46369,33.556308833659536,1087.379999999293,7304.671494920654
46370,33.556308833659536,1087.399999999293,7304.71578856422
46371,33.556308833659536,1087.419999999293,7304.76008175257
46372,33.556308833659536,1087.439999999293,7304.80437448574
46373,33.556308833659536,1087.459999999293,7304.8486667637135
46374,33.556308833659536,1087.4799999992929,7304.892958586475
46375,33.556308833659536,1087.4999999992929,7304.9372499540095
46376,33.556308833659536,1087.5199999992928,7304.9815408663
46377,33.556308833659536,1087.5399999992928,7305.025831323331
46378,33.556308833659536,1087.5599999992928,7305.070121325086
46379,33.556308833659536,1087.5799999992928,7305.114410871549
46380,33.556308833659536,1087.5999999992928,7305.158699962704
46381,33.556308833659536,1087.6199999992928,7305.202988598536
46382,33.556308833659536,1087.6399999992927,7305.247276779028
46383,33.556308833659536,1087.6599999992927,7305.291564504164
46384,33.556308833659536,1087.6799999992927,7305.335851773929
46385,33.556308833659536,1087.6999999992927,7305.380138588306
46386,33.556308833659536,1087.7199999992927,7305.4244249472795
46387,33.556308833659536,1087.7399999992926,7305.468710850832
46388,33.556308833659536,1087.7599999992926,7305.51299629895
46389,33.556308833659536,1087.7799999992926,7305.557281291616
46390,33.556308833659536,1087.7999999992926,7305.601565828814
46391,33.556308833659536,1087.8199999992926,7305.645849910528
46392,33.556308833659536,1087.8399999992926,7305.690133536743
46393,33.556308833659536,1087.8599999992925,7305.734416707442
46394,33.556308833659536,1087.8799999992925,7305.778699422609
46395,33.556308833659536,1087.8999999992925,7305.822981682229
46396,33.556308833659536,1087.9199999992925,7305.867263486284
46397,33.556308833659536,1087.9399999992925,7305.91154483476
46398,33.556308833659536,1087.9599999992924,7305.95582572764
46399,33.556308833659536,1087.9799999992924,7306.000106164909
46400,33.556308833659536,1087.9999999992924,7306.04438614655
46401,33.556308833659536,1088.0199999992924,7306.088665672547
46402,33.556308833659536,1088.0399999992924,7306.132944742884
46403,33.556308833659536,1088.0599999992924,7306.177223357547
46404,33.556308833659536,1088.0799999992923,7306.221501516517
46405,33.556308833659536,1088.0999999992923,7306.265779219779
46406,33.556308833659536,1088.1199999992923,7306.310056467318
46407,33.556308833659536,1088.1399999992923,7306.354333259117
46408,33.556308833659536,1088.1599999992923,7306.39860959516
46409,33.556308833659536,1088.1799999992922,7306.442885475432
46410,33.556308833659536,1088.1999999992922,7306.4871608999165
46411,33.556308833659536,1088.2199999992922,7306.531435868597
46412,33.556308833659536,1088.2399999992922,7306.5757103814585
46413,33.556308833659536,1088.2599999992922,7306.619984438484
46414,33.556308833659536,1088.2799999992922,7306.664258039657
46415,33.556308833659536,1088.2999999992921,7306.708531184963
46416,33.556308833659536,1088.3199999992921,7306.752803874386
46417,33.556308833659536,1088.339999999292,7306.797076107909
46418,33.556308833659536,1088.359999999292,7306.8413478855155
46419,33.556308833659536,1088.379999999292,7306.885619207191
46420,33.556308833659536,1088.399999999292,7306.929890072918
46421,33.556308833659536,1088.419999999292,7306.974160483336
46422,33.556308833659536,1088.439999999292,7307.018430439381
46423,33.556308833659536,1088.459999999292,7307.062699941069
46424,33.556308833659536,1088.479999999292,7307.106968988384
46425,33.556308833659536,1088.499999999292,7307.151237581312
46426,33.556308833659536,1088.519999999292,7307.195505719836
46427,33.556308833659536,1088.539999999292,7307.23977340394
46428,33.556308833659536,1088.559999999292,7307.284040633607
46429,33.556308833659536,1088.5799999992919,7307.328307408823
46430,33.556308833659536,1088.5999999992919,7307.372573729571
46431,33.556308833659536,1088.6199999992918,7307.416839595835
46432,33.556308833659536,1088.6399999992918,7307.461105007599
46433,33.556308833659536,1088.6599999992918,7307.505369964848
46434,33.556308833659536,1088.6799999992918,7307.549634467565
46435,33.556308833659536,1088.6999999992918,7307.5938985157345
46436,33.556308833659536,1088.7199999992918,7307.638162109341
46437,33.556308833659536,1088.7399999992917,7307.6824252483675
46438,33.556308833659536,1088.7599999992917,7307.726687932799
46439,33.556308833659536,1088.7799999992917,7307.770950162619
46440,33.556308833659536,1088.7999999992917,7307.815211937811
46441,33.556308833659536,1088.8199999992917,7307.859473258361
46442,33.556308833659536,1088.8399999992916,7307.903734124251
46443,33.556308833659536,1088.8599999992916,7307.947994535466
46444,33.556308833659536,1088.8799999992916,7307.99225449199
46445,33.556308833659536,1088.8999999992916,7308.036513993808
46446,33.556308833659536,1088.9199999992916,7308.080773040902
46447,33.556308833659536,1088.9399999992916,7308.125031633258
46448,33.556308833659536,1088.9599999992915,7308.169289770859
46449,33.556308833659536,1088.9799999992915,7308.213547453689
46450,33.556308833659536,1088.9999999992915,7308.2578046817325
46451,33.556308833659536,1089.0199999992915,7308.302061454973
46452,33.556308833659536,1089.0399999992915,7308.346317773396
46453,33.556308833659536,1089.0599999992914,7308.390573636983
46454,33.556308833659536,1089.0799999992914,7308.434829045721
46455,33.556308833659536,1089.0999999992914,7308.479083999592
46456,33.556308833659536,1089.1199999992914,7308.52333849858
46457,33.556308833659536,1089.1399999992914,7308.56759254267
46458,33.556308833659536,1089.1599999992914,7308.6118461318465
46459,33.556308833659536,1089.1799999992913,7308.6560992660925
46460,33.556308833659536,1089.1999999992913,7308.700351945393
46461,33.556308833659536,1089.2199999992913,7308.744604169731
46462,33.556308833659536,1089.2399999992913,7308.788855939091
46463,33.556308833659536,1089.2599999992913,7308.8331072534575
46464,33.556308833659536,1089.2799999992912,7308.877358112813
46465,33.556308833659536,1089.2999999992912,7308.921608517144
46466,33.556308833659536,1089.3199999992912,7308.965858466433
46467,33.556308833659536,1089.3399999992912,7309.010107960664
46468,33.556308833659536,1089.3599999992912,7309.054356999822
46469,33.556308833659536,1089.3799999992912,7309.098605583889
46470,33.556308833659536,1089.3999999992911,7309.142853712852
46471,33.556308833659536,1089.4199999992911,7309.187101386693
46472,33.556308833659536,1089.439999999291,7309.23134860615
46473,33.556308833659536,1089.459999999291,7309.275595372086
46474,33.556308833659536,1089.479999999291,7309.319841684499
46475,33.556308833659536,1089.499999999291,7309.364087543371
46476,33.556308833659536,1089.519999999291,7309.4083329486875
46477,33.556308833659536,1089.539999999291,7309.452577900431
46478,33.556308833659536,1089.559999999291,7309.496822398585
46479,33.556308833659536,1089.579999999291,7309.541066443135
46480,33.556308833659536,1089.599999999291,7309.585310034062
46481,33.556308833659536,1089.619999999291,7309.629553171351
46482,33.556308833659536,1089.639999999291,7309.673795854987
46483,33.556308833659536,1089.659999999291,7309.718038084951
46484,33.556308833659536,1089.6799999992909,7309.762279861229
46485,33.556308833659536,1089.6999999992909,7309.806521183804
46486,33.556308833659536,1089.7199999992908,7309.850762052659
46487,33.556308833659536,1089.7399999992908,7309.895002467778
46488,33.556308833659536,1089.7599999992908,7309.9392424291445
46489,33.556308833659536,1089.7799999992908,7309.9834819367425
46490,33.556308833659536,1089.7999999992908,7310.02772099056
46491,33.556308833659536,1089.8199999992908,7310.0719595905975
46492,33.556308833659536,1089.8399999992907,7310.116197736841
46493,33.556308833659536,1089.8599999992907,7310.160435429275
46494,33.556308833659536,1089.8799999992907,7310.204672667883
46495,33.556308833659536,1089.8999999992907,7310.248909452649
46496,33.556308833659536,1089.9199999992907,7310.293145783557
46497,33.556308833659536,1089.9399999992906,7310.337381660591
46498,33.556308833659536,1089.9599999992906,7310.381617083734
46499,33.556308833659536,1089.9799999992906,7310.425852052972
46500,33.556308833659536,1089.9999999992906,7310.470086568288
46501,33.556308833659536,1090.0199999992906,7310.514320629665
46502,33.556308833659536,1090.0399999992906,7310.558554237088
46503,33.556308833659536,1090.0599999992905,7310.602787390541
46504,33.556308833659536,1090.0799999992905,7310.6470200900085
46505,33.556308833659536,1090.0999999992905,7310.691252335473
46506,33.556308833659536,1090.1199999992905,7310.735484126919
46507,33.556308833659536,1090.1399999992905,7310.77971546433
46508,33.556308833659536,1090.1599999992904,7310.823946347692
46509,33.556308833659536,1090.1799999992904,7310.868176776987
46510,33.556308833659536,1090.1999999992904,7310.9124067522
46511,33.556308833659536,1090.2199999992904,7310.956636273314
46512,33.556308833659536,1090.2399999992904,7311.000865340314
46513,33.556308833659536,1090.2599999992904,7311.045093953183
46514,33.556308833659536,1090.2799999992903,7311.089322111906
46515,33.556308833659536,1090.2999999992903,7311.133549816466
46516,33.556308833659536,1090.3199999992903,7311.177777066848
46517,33.556308833659536,1090.3399999992903,7311.222003863035
46518,33.556308833659536,1090.3599999992903,7311.266230205011
46519,33.556308833659536,1090.3799999992902,7311.31045609276
46520,33.556308833659536,1090.3999999992902,7311.354681526267
46521,33.556308833659536,1090.4199999992902,7311.398906505515
46522,33.556308833659536,1090.4399999992902,7311.4431310304935
46523,33.556308833659536,1090.4599999992902,7311.487355102079
46524,33.556308833659536,1090.4799999992902,7311.531578721095
46525,33.556308833659536,1090.4999999992901,7311.575801887525
46526,33.556308833659536,1090.5199999992901,7311.620024601352
46527,33.556308833659536,1090.53999999929,7311.664246862561
46528,33.556308833659536,1090.55999999929,7311.708468671136
46529,33.511357148743414,1090.57999999929,7311.75269002706
46530,33.511357148743414,1090.59999999929,7311.796910930318
46531,33.511357148743414,1090.61999999929,7311.841131380892
46532,33.511357148743414,1090.63999999929,7311.885351378767
46533,33.511357148743414,1090.65999999929,7311.929570923928
46534,33.511357148743414,1090.67999999929,7311.973790016356
46535,33.511357148743414,1090.69999999929,7312.018008656038
46536,33.511357148743414,1090.71999999929,7312.062226842955
46537,33.511357148743414,1090.73999999929,7312.106444577093
46538,33.511357148743414,1090.75999999929,7312.1506618584335
46539,33.511357148743414,1090.7799999992899,7312.1948786869625
46540,33.511357148743414,1090.7999999992899,7312.239095062663
46541,33.511357148743414,1090.8199999992898,7312.283310985519
46542,33.511357148743414,1090.8399999992898,7312.327526455514
46543,33.511357148743414,1090.8599999992898,7312.3717414726325
46544,33.511357148743414,1090.8799999992898,7312.415956036858
46545,33.511357148743414,1090.8999999992898,7312.460170148174
46546,33.511357148743414,1090.9199999992898,7312.504383806565
46547,33.511357148743414,1090.9399999992897,7312.548597012014
46548,33.511357148743414,1090.9599999992897,7312.592809764506
46549,33.511357148743414,1090.9799999992897,7312.637022064023
46550,33.511357148743414,1090.9999999992897,7312.68123391055
46551,33.511357148743414,1091.0199999992897,7312.725445304071
46552,33.511357148743414,1091.0399999992896,7312.769656244571
46553,33.511357148743414,1091.0599999992896,7312.813866732031
46554,33.511357148743414,1091.0799999992896,7312.858076766437
46555,33.511357148743414,1091.0999999992896,7312.902286347772
46556,33.511357148743414,1091.1199999992896,7312.94649547602
46557,33.511357148743414,1091.1399999992896,7312.990704151164
46558,33.511357148743414,1091.1599999992895,7313.034912373189
46559,33.511357148743414,1091.1799999992895,7313.07912014208
46560,33.511357148743414,1091.1999999992895,7313.123327457818
46561,33.511357148743414,1091.2199999992895,7313.167534320389
46562,33.511357148743414,1091.2399999992895,7313.211740729776
46563,33.511357148743414,1091.2599999992894,7313.255946685962
46564,33.511357148743414,1091.2799999992894,7313.300152188932
46565,33.511357148743414,1091.2999999992894,7313.3443572386695
46566,33.511357148743414,1091.3199999992894,7313.388561835159
46567,33.511357148743414,1091.3399999992894,7313.432765978383
46568,33.511357148743414,1091.3599999992894,7313.476969668326
46569,33.511357148743414,1091.3799999992893,7313.521172904972
46570,33.511357148743414,1091.3999999992893,7313.565375688306
46571,33.511357148743414,1091.4199999992893,7313.60957801831
46572,33.511357148743414,1091.4399999992893,7313.653779894968
46573,33.511357148743414,1091.4599999992893,7313.697981318287
46574,33.511357148743414,1091.4799999992892,7313.742182289097
46575,33.511357148743414,1091.4999999992892,7313.7863828080235
46576,33.511357148743414,1091.5199999992892,7313.830582875049
46577,33.511357148743414,1091.5399999992892,7313.8747824901575
46578,33.511357148743414,1091.5599999992892,7313.918981653333
46579,33.511357148743414,1091.5799999992892,7313.963180364559
46580,33.511357148743414,1091.5999999992891,7314.00737862382
46581,33.511357148743414,1091.6199999992891,7314.051576431099
46582,33.511357148743414,1091.639999999289,7314.095773786381
46583,33.511357148743414,1091.659999999289,7314.139970689648
46584,33.511357148743414,1091.679999999289,7314.184167140886
46585,33.511357148743414,1091.699999999289,7314.228363140076
46586,33.511357148743414,1091.719999999289,7314.272558687204
46587,33.511357148743414,1091.739999999289,7314.316753782253
46588,33.511357148743414,1091.759999999289,7314.3609484252065
46589,33.511357148743414,1091.779999999289,7314.4051426160495
46590,33.511357148743414,1091.799999999289,7314.4493363547645
46591,33.511357148743414,1091.819999999289,7314.493529641336
46592,33.511357148743414,1091.839999999289,7314.537722475748
46593,33.511357148743414,1091.859999999289,7314.581914857983
46594,33.511357148743414,1091.8799999992889,7314.626106788026
46595,33.511357148743414,1091.8999999992889,7314.670298265861
46596,33.511357148743414,1091.9199999992888,7314.71448929147
46597,33.511357148743414,1091.9399999992888,7314.758679864839
46598,33.511357148743414,1091.9599999992888,7314.802869985951
46599,33.511357148743414,1091.9799999992888,7314.847059654789
46600,33.511357148743414,1091.9999999992888,7314.891248871338
46601,33.511357148743414,1092.0199999992888,7314.9354376355805
46602,33.511357148743414,1092.0399999992887,7314.9796259475015
46603,33.511357148743414,1092.0599999992887,7315.0238138070845
46604,33.511357148743414,1092.0799999992887,7315.068001214313
46605,33.511357148743414,1092.0999999992887,7315.112188169171
46606,33.511357148743414,1092.1199999992887,7315.156374671642
46607,33.511357148743414,1092.1399999992886,7315.20056072171
46608,33.511357148743414,1092.1599999992886,7315.2447463193585
46609,33.511357148743414,1092.1799999992886,7315.288931464572
46610,33.511357148743414,1092.1999999992886,7315.333116157333
46611,33.511357148743414,1092.2199999992886,7315.377300397628
46612,33.511357148743414,1092.2399999992886,7315.421484185437
46613,33.511357148743414,1092.2599999992885,7315.465667520747
46614,33.511357148743414,1092.2799999992885,7315.50985040354
46615,33.511357148743414,1092.2999999992885,7315.554032833801
46616,33.511357148743414,1092.3199999992885,7315.598214811513
46617,33.511357148743414,1092.3399999992885,7315.64239633666
46618,33.511357148743414,1092.3599999992884,7315.686577409225
46619,33.511357148743414,1092.3799999992884,7315.730758029193
46620,33.511357148743414,1092.3999999992884,7315.774938196547
46621,33.511357148743414,1092.4199999992884,7315.819117911271
46622,33.511357148743414,1092.4399999992884,7315.86329717335
46623,33.511357148743414,1092.4599999992884,7315.907475982765
46624,33.511357148743414,1092.4799999992883,7315.951654339547
46625,33.511357148743414,1092.4999999992883,7315.995832244656
46626,33.511357148743414,1092.5199999992883,7316.040009698668
46627,33.511357148743414,1092.5399999992883,7316.084186701565
46628,33.511357148743414,1092.5599999992883,7316.128363253332
46629,33.511357148743414,1092.5799999992882,7316.172539353953
46630,33.511357148743414,1092.5999999992882,7316.21671500341
46631,33.511357148743414,1092.6199999992882,7316.260890201688
46632,33.511357148743414,1092.6399999992882,7316.305064948771
46633,33.511357148743414,1092.6599999992882,7316.349239244642
46634,33.511357148743414,1092.6799999992882,7316.393413089286
46635,33.511357148743414,1092.6999999992881,7316.437586482685
46636,33.511357148743414,1092.7199999992881,7316.481759424825
46637,33.511357148743414,1092.739999999288,7316.5259319156885
46638,33.511357148743414,1092.759999999288,7316.57010395526
46639,33.511357148743414,1092.779999999288,7316.614275543522
46640,33.511357148743414,1092.799999999288,7316.65844668046
46641,33.511357148743414,1092.819999999288,7316.702617366056
46642,33.511357148743414,1092.839999999288,7316.746787600295
46643,33.511357148743414,1092.859999999288,7316.79095738316
46644,33.511357148743414,1092.879999999288,7316.835126714636
46645,33.511357148743414,1092.899999999288,7316.8792955947065
46646,33.511357148743414,1092.919999999288,7316.923464023354
46647,33.511357148743414,1092.939999999288,7316.967632000564
46648,33.511357148743414,1092.959999999288,7317.011799526319
46649,33.511357148743414,1092.9799999992879,7317.055966600604
46650,33.511357148743414,1092.9999999992879,7317.100133223402
46651,33.511357148743414,1093.0199999992878,7317.144299394697
46652,33.511357148743414,1093.0399999992878,7317.188465114472
46653,33.511357148743414,1093.0599999992878,7317.232630382712
46654,33.511357148743414,1093.0799999992878,7317.2767951994
46655,33.511357148743414,1093.0999999992878,7317.32095956452
46656,33.511357148743414,1093.1199999992878,7317.365123478056
46657,33.511357148743414,1093.1399999992877,7317.409286939993
46658,33.511357148743414,1093.1599999992877,7317.4534499503125
46659,33.511357148743414,1093.1799999992877,7317.497612509
46660,33.511357148743414,1093.1999999992877,7317.541774616038
46661,33.511357148743414,1093.2199999992877,7317.585936271412
46662,33.511357148743414,1093.2399999992876,7317.630097475104
46663,33.511357148743414,1093.2599999992876,7317.674258227099
46664,33.511357148743414,1093.2799999992876,7317.71841852738
46665,33.511357148743414,1093.2999999992876,7317.762578375931
46666,33.511357148743414,1093.3199999992876,7317.806737772737
46667,33.511357148743414,1093.3399999992876,7317.85089671778
46668,33.511357148743414,1093.3599999992875,7317.8950552110455
46669,33.511357148743414,1093.3799999992875,7317.939213252516
46670,33.511357148743414,1093.3999999992875,7317.983370842177
46671,33.511357148743414,1093.4199999992875,7318.02752798001
46672,33.511357148743414,1093.4399999992875,7318.071684666
46673,33.511357148743414,1093.4599999992874,7318.11584090013
46674,33.511357148743414,1093.4799999992874,7318.159996682385
46675,33.511357148743414,1093.4999999992874,7318.2041520128105
46676,33.511357148743414,1093.5199999992874,7318.248306892448
46677,33.511357148743414,1093.5399999992874,7318.292461321777
46678,33.511357148743414,1093.5599999992874,7318.33661530078
46679,33.511357148743414,1093.5799999992873,7318.380768829442
46680,33.511357148743414,1093.5999999992873,7318.424921907746
46681,33.511357148743414,1093.6199999992873,7318.469074535675
46682,33.511357148743414,1093.6399999992873,7318.513226713214
46683,33.511357148743414,1093.6599999992873,7318.557378440347
46684,33.511357148743414,1093.6799999992872,7318.601529717058
46685,33.511357148743414,1093.6999999992872,7318.64568054333
46686,33.511357148743414,1093.7199999992872,7318.689830919147
46687,33.511357148743414,1093.7399999992872,7318.733980844494
46688,33.511357148743414,1093.7599999992872,7318.778130319353
46689,33.511357148743414,1093.7799999992872,7318.82227934371
46690,33.511357148743414,1093.7999999992871,7318.866427917547
46691,33.511357148743414,1093.8199999992871,7318.910576040848
46692,33.511357148743414,1093.839999999287,7318.9547237135985
46693,33.511357148743414,1093.859999999287,7318.99887093578
46694,33.511357148743414,1093.879999999287,7319.043017707379
46695,33.511357148743414,1093.899999999287,7319.087164028377
46696,33.511357148743414,1093.919999999287,7319.131309898758
46697,33.511357148743414,1093.939999999287,7319.175455318507
46698,33.511357148743414,1093.959999999287,7319.219600287608
46699,33.511357148743414,1093.979999999287,7319.263744806044
46700,33.511357148743414,1093.999999999287,7319.307888873799
46701,33.511357148743414,1094.019999999287,7319.352032490857
46702,33.511357148743414,1094.039999999287,7319.396175657202
46703,33.511357148743414,1094.059999999287,7319.440318372817
46704,33.511357148743414,1094.0799999992869,7319.484460637687
46705,33.511357148743414,1094.0999999992869,7319.528602451795
46706,33.511357148743414,1094.1199999992868,7319.572743815126
46707,33.511357148743414,1094.1399999992868,7319.616884727663
46708,33.511357148743414,1094.1599999992868,7319.66102518939
46709,33.511357148743414,1094.1799999992868,7319.70516520029
46710,33.511357148743414,1094.1999999992868,7319.749304760348
46711,33.511357148743414,1094.2199999992868,7319.793443869548
46712,33.511357148743414,1094.2399999992867,7319.837582527874
46713,33.511357148743414,1094.2599999992867,7319.881720735308
46714,33.511357148743414,1094.2799999992867,7319.925858491834
46715,33.511357148743414,1094.2999999992867,7319.969995797438
46716,33.511357148743414,1094.3199999992867,7320.014132652102
46717,33.511357148743414,1094.3399999992866,7320.05826905579
46718,33.511357148743414,1094.3599999992866,7320.102405008483
46719,33.511357148743414,1094.3799999992866,7320.146540510165
46720,33.511357148743414,1094.3999999992866,7320.19067556082
46721,33.511357148743414,1094.4199999992866,7320.234810160431
46722,33.511357148743414,1094.4399999992866,7320.278944308984
46723,33.511357148743414,1094.4599999992865,7320.323078006462
46724,33.511357148743414,1094.4799999992865,7320.36721125285
46725,33.511357148743414,1094.4999999992865,7320.4113440481315
46726,33.511357148743414,1094.5199999992865,7320.455476392375
46727,33.511357148743414,1094.5399999992865,7320.499608286729
46728,33.511357148743414,1094.5599999992864,7320.543739731588
46729,33.511357148743414,1094.5799999992864,7320.587870726936
46730,33.511357148743414,1094.5999999992864,7320.6320012727565
46731,33.511357148743414,1094.6199999992864,7320.676131369034
46732,33.511357148743414,1094.6399999992864,7320.720261015752
46733,33.511357148743414,1094.6599999992864,7320.764390212895
46734,33.511357148743414,1094.6799999992863,7320.808518960445
46735,33.511357148743414,1094.6999999992863,7320.852647258389
46736,33.511357148743414,1094.7199999992863,7320.896775106708
46737,33.511357148743414,1094.7399999992863,7320.940902505388
46738,33.511357148743414,1094.7599999992863,7320.985029454412
46739,33.511357148743414,1094.7799999992862,7321.029155953764
46740,33.511357148743414,1094.7999999992862,7321.073282003427
46741,33.511357148743414,1094.8199999992862,7321.117407603387
46742,33.511357148743414,1094.8399999992862,7321.1615327536265
46743,33.511357148743414,1094.8599999992862,7321.205657454129
46744,33.511357148743414,1094.8799999992862,7321.24978170488
46745,33.511357148743414,1094.8999999992861,7321.293905505862
46746,33.511357148743414,1094.9199999992861,7321.33802885706
46747,33.511357148743414,1094.939999999286,7321.3821517584565
46748,33.511357148743414,1094.959999999286,7321.426274210037
46749,33.511357148743414,1094.979999999286,7321.470396211785
46750,33.511357148743414,1094.999999999286,7321.514517763683
46751,33.511357148743414,1095.019999999286,7321.558638865717
46752,33.511357148743414,1095.039999999286,7321.602759517869
46753,33.511357148743414,1095.059999999286,7321.646879720125
46754,33.511357148743414,1095.079999999286,7321.690999472467
46755,33.511357148743414,1095.099999999286,7321.735118774881
46756,33.511357148743414,1095.119999999286,7321.779237627349
46757,33.511357148743414,1095.139999999286,7321.823356029856
46758,33.511357148743414,1095.159999999286,7321.867473982385
46759,33.511357148743414,1095.1799999992859,7321.91159148492
46760,33.511357148743414,1095.1999999992859,7321.955708537445
46761,33.511357148743414,1095.2199999992858,7321.999825139946
46762,33.511357148743414,1095.2399999992858,7322.043941292403
46763,33.511357148743414,1095.2599999992858,7322.088056994803
46764,33.511357148743414,1095.2799999992858,7322.132172247129
46765,33.511357148743414,1095.2999999992858,7322.176287049365
46766,33.511357148743414,1095.3199999992858,7322.220401401495
46767,33.511357148743414,1095.3399999992857,7322.264515303503
46768,33.511357148743414,1095.3599999992857,7322.308628755372
46769,33.511357148743414,1095.3799999992857,7322.352741757088
46770,33.511357148743414,1095.3999999992857,7322.396854308632
46771,33.511357148743414,1095.4199999992857,7322.44096640999
46772,33.511357148743414,1095.4399999992856,7322.485078061146
46773,33.511357148743414,1095.4599999992856,7322.529189262083
46774,33.511357148743414,1095.4799999992856,7322.573300012784
46775,33.511357148743414,1095.4999999992856,7322.617410313234
46776,33.511357148743414,1095.5199999992856,7322.661520163419
46777,33.511357148743414,1095.5399999992856,7322.705629563423
46778,33.46650573563039,1095.5599999992855,7322.7497385144725
46779,33.46650573563039,1095.5799999992855,7322.793847016865
46780,33.46650573563039,1095.5999999992855,7322.837955070584
46781,33.46650573563039,1095.6199999992855,7322.882062675615
46782,33.46650573563039,1095.6399999992855,7322.926169831943
46783,33.46650573563039,1095.6599999992854,7322.970276539553
46784,33.46650573563039,1095.6799999992854,7323.01438279843
46785,33.46650573563039,1095.6999999992854,7323.058488608559
46786,33.46650573563039,1095.7199999992854,7323.102593969924
46787,33.46650573563039,1095.7399999992854,7323.14669888251
46788,33.46650573563039,1095.7599999992854,7323.190803346301
46789,33.46650573563039,1095.7799999992853,7323.234907361284
46790,33.46650573563039,1095.7999999992853,7323.279010927443
46791,33.46650573563039,1095.8199999992853,7323.323114044762
46792,33.46650573563039,1095.8399999992853,7323.367216713227
46793,33.46650573563039,1095.8599999992853,7323.411318932823
46794,33.46650573563039,1095.8799999992852,7323.4554207035335
46795,33.46650573563039,1095.8999999992852,7323.499522025344
46796,33.46650573563039,1095.9199999992852,7323.54362289824
46797,33.46650573563039,1095.9399999992852,7323.587723322205
46798,33.46650573563039,1095.9599999992852,7323.631823297226
46799,33.46650573563039,1095.9799999992852,7323.675922823286
46800,33.46650573563039,1095.9999999992851,7323.720021900371
46801,33.46650573563039,1096.0199999992851,7323.764120528464
46802,33.46650573563039,1096.039999999285,7323.808218707552
46803,33.46650573563039,1096.059999999285,7323.852316437619
46804,33.46650573563039,1096.079999999285,7323.89641371865
46805,33.46650573563039,1096.099999999285,7323.940510550629
46806,33.46650573563039,1096.119999999285,7323.984606933543
46807,33.46650573563039,1096.139999999285,7324.028702867374
46808,33.46650573563039,1096.159999999285,7324.072798352108
46809,33.46650573563039,1096.179999999285,7324.116893387732
46810,33.46650573563039,1096.199999999285,7324.160987974227
46811,33.46650573563039,1096.219999999285,7324.205082111581
46812,33.46650573563039,1096.239999999285,7324.249175799778
46813,33.46650573563039,1096.259999999285,7324.293269038802
46814,33.46650573563039,1096.2799999992849,7324.337361828638
46815,33.46650573563039,1096.2999999992849,7324.381454169272
46816,33.46650573563039,1096.3199999992848,7324.425546060688
46817,33.46650573563039,1096.3399999992848,7324.469637502872
46818,33.46650573563039,1096.3599999992848,7324.513728495806
46819,33.46650573563039,1096.3799999992848,7324.557819039478
46820,33.46650573563039,1096.3999999992848,7324.601909133871
46821,33.46650573563039,1096.4199999992848,7324.645998778971
46822,33.46650573563039,1096.4399999992847,7324.690087974763
46823,33.46650573563039,1096.4599999992847,7324.73417672123
46824,33.46650573563039,1096.4799999992847,7324.778265018358
46825,33.46650573563039,1096.4999999992847,7324.822352866132
46826,33.46650573563039,1096.5199999992847,7324.866440264537
46827,33.46650573563039,1096.5399999992846,7324.9105272135575
46828,33.46650573563039,1096.5599999992846,7324.954613713291
46829,33.46650573563039,1096.5799999992846,7324.998699764928
46830,33.46650573563039,1096.5999999992846,7325.042785368647
46831,33.46650573563039,1096.6199999992846,7325.086870524435
46832,33.46650573563039,1096.6399999992846,7325.130955232275
46833,33.46650573563039,1096.6599999992845,7325.175039492151
46834,33.46650573563039,1096.6799999992845,7325.219123304049
46835,33.46650573563039,1096.6999999992845,7325.263206667953
46836,33.46650573563039,1096.7199999992845,7325.307289583848
46837,33.46650573563039,1096.7399999992845,7325.351372051718
46838,33.46650573563039,1096.7599999992844,7325.395454071547
46839,33.46650573563039,1096.7799999992844,7325.43953564332
46840,33.46650573563039,1096.7999999992844,7325.483616767021
46841,33.46650573563039,1096.8199999992844,7325.527697442636
46842,33.46650573563039,1096.8399999992844,7325.571777670149
46843,33.46650573563039,1096.8599999992844,7325.615857449543
46844,33.46650573563039,1096.8799999992843,7325.659936780804
46845,33.46650573563039,1096.8999999992843,7325.704015663916
46846,33.46650573563039,1096.9199999992843,7325.7480940988635
46847,33.46650573563039,1096.9399999992843,7325.792172085632
46848,33.46650573563039,1096.9599999992843,7325.836249624205
46849,33.46650573563039,1096.9799999992842,7325.880326714568
46850,33.46650573563039,1096.9999999992842,7325.924403356704
46851,33.46650573563039,1097.0199999992842,7325.968479550598
46852,33.46650573563039,1097.0399999992842,7326.012555296235
46853,33.46650573563039,1097.0599999992842,7326.0566305936
46854,33.46650573563039,1097.0799999992842,7326.100705442676
46855,33.46650573563039,1097.0999999992841,7326.144779843449
46856,33.46650573563039,1097.1199999992841,7326.188853795903
46857,33.46650573563039,1097.139999999284,7326.232927300022
46858,33.46650573563039,1097.159999999284,7326.277000355792
46859,33.46650573563039,1097.179999999284,7326.321072963196
46860,33.46650573563039,1097.199999999284,7326.365145122218
46861,33.46650573563039,1097.219999999284,7326.409216832843
46862,33.46650573563039,1097.239999999284,7326.453288095057
46863,33.46650573563039,1097.259999999284,7326.497358908844
46864,33.46650573563039,1097.279999999284,7326.541429274188
46865,33.46650573563039,1097.299999999284,7326.585499191074
46866,33.46650573563039,1097.319999999284,7326.629568659485
46867,33.46650573563039,1097.339999999284,7326.673637679407
46868,33.46650573563039,1097.359999999284,7326.717706250824
46869,33.46650573563039,1097.3799999992839,7326.761774373722
46870,33.46650573563039,1097.3999999992839,7326.805842048084
46871,33.46650573563039,1097.4199999992838,7326.849909273894
46872,33.46650573563039,1097.4399999992838,7326.8939760511375
46873,33.46650573563039,1097.4599999992838,7326.938042379799
46874,33.46650573563039,1097.4799999992838,7326.982108259863
46875,33.46650573563039,1097.4999999992838,7327.0261736913135
46876,33.46650573563039,1097.5199999992838,7327.070238674136
46877,33.46650573563039,1097.5399999992837,7327.114303208314
46878,33.46650573563039,1097.5599999992837,7327.158367293832
46879,33.46650573563039,1097.5799999992837,7327.202430930829
46880,33.46650573563039,1097.5999999992837,7327.2464941206035
46881,33.46650573563039,1097.6199999992837,7327.290556863269
46882,33.46650573563039,1097.6399999992836,7327.334619158809
46883,33.46650573563039,1097.6599999992836,7327.378681007209
46884,33.46650573563039,1097.6799999992836,7327.422742408453
46885,33.46650573563039,1097.6999999992836,7327.466803362526
46886,33.46650573563039,1097.7199999992836,7327.510863869412
46887,33.46650573563039,1097.7399999992836,7327.554923929096
46888,33.46650573563039,1097.7599999992835,7327.598983541562
46889,33.46650573563039,1097.7799999992835,7327.643042706795
46890,33.46650573563039,1097.7999999992835,7327.68710142478
46891,33.46650573563039,1097.8199999992835,7327.7311596955005
46892,33.46650573563039,1097.8399999992835,7327.775217518942
46893,33.46650573563039,1097.8599999992834,7327.819274895088
46894,33.46650573563039,1097.8799999992834,7327.8633318239235
46895,33.46650573563039,1097.8999999992834,7327.907388305433
46896,33.46650573563039,1097.9199999992834,7327.951444339602
46897,33.46650573563039,1097.9399999992834,7327.995499926414
46898,33.46650573563039,1097.9599999992834,7328.039555065853
46899,33.46650573563039,1097.9799999992833,7328.083609757905
46900,33.46650573563039,1097.9999999992833,7328.127664002553
46901,33.46650573563039,1098.0199999992833,7328.171717799782
46902,33.46650573563039,1098.0399999992833,7328.2157711495765
46903,33.46650573563039,1098.0599999992833,7328.259824051922
46904,33.46650573563039,1098.0799999992832,7328.303876506802
46905,33.46650573563039,1098.0999999992832,7328.347928514201
46906,33.46650573563039,1098.1199999992832,7328.391980074104
46907,33.46650573563039,1098.1399999992832,7328.436031186496
46908,33.46650573563039,1098.1599999992832,7328.48008185136
46909,33.46650573563039,1098.1799999992832,7328.524132068682
46910,33.46650573563039,1098.1999999992831,7328.5681818384455
46911,33.46650573563039,1098.2199999992831,7328.612231160636
46912,33.46650573563039,1098.239999999283,7328.656280035237
46913,33.46650573563039,1098.259999999283,7328.700328462233
46914,33.46650573563039,1098.279999999283,7328.74437644161
46915,33.46650573563039,1098.299999999283,7328.788423973351
46916,33.46650573563039,1098.319999999283,7328.832471057442
46917,33.46650573563039,1098.339999999283,7328.876517693865
46918,33.46650573563039,1098.359999999283,7328.920563882607
46919,33.46650573563039,1098.379999999283,7328.964609623652
46920,33.46650573563039,1098.399999999283,7329.008654916984
46921,33.46650573563039,1098.419999999283,7329.0526997625875
46922,33.46650573563039,1098.439999999283,7329.096744160447
46923,33.46650573563039,1098.459999999283,7329.140788110548
46924,33.46650573563039,1098.4799999992829,7329.1848316128735
46925,33.46650573563039,1098.4999999992829,7329.228874667409
46926,33.46650573563039,1098.5199999992828,7329.272917274139
46927,33.46650573563039,1098.5399999992828,7329.316959433048
46928,33.46650573563039,1098.5599999992828,7329.361001144121
46929,33.46650573563039,1098.5799999992828,7329.405042407341
46930,33.46650573563039,1098.5999999992828,7329.449083222941
46931,33.46650573563039,1098.6199999992828,7329.493123592144
46932,33.46650573563039,1098.6399999992827,7329.537163515043
46933,33.46650573563039,1098.6599999992827,7329.581202991624
46934,33.46650573563039,1098.6799999992827,7329.625242021871
46935,33.46650573563039,1098.6999999992827,7329.669280605768
46936,33.46650573563039,1098.7199999992827,7329.7133187433
46937,33.46650573563039,1098.7399999992826,7329.757356434451
46938,33.46650573563039,1098.7599999992826,7329.801393679207
46939,33.46650573563039,1098.7799999992826,7329.8454304775505
46940,33.46650573563039,1098.7999999992826,7329.889466829467
46941,33.46650573563039,1098.8199999992826,7329.933502734941
46942,33.46650573563039,1098.8399999992826,7329.977538193956
46943,33.46650573563039,1098.8599999992825,7330.021573206493
46944,33.46650573563039,1098.8799999992825,7330.065607772481
46945,33.46650573563039,1098.8999999992825,7330.109641891899
46946,33.46650573563039,1098.9199999992825,7330.15367556473
46947,33.46650573563039,1098.9399999992825,7330.197708790959
46948,33.46650573563039,1098.9599999992824,7330.2417415705695
46949,33.46650573563039,1098.9799999992824,7330.285773903545
46950,33.46650573563039,1098.9999999992824,7330.329805789871
46951,33.46650573563039,1099.0199999992824,7330.373837229531
46952,33.46650573563039,1099.0399999992824,7330.417868222508
46953,33.46650573563039,1099.0599999992824,7330.461898768787
46954,33.46650573563039,1099.0799999992823,7330.505928868352
46955,33.46650573563039,1099.0999999992823,7330.549958521187
46956,33.46650573563039,1099.1199999992823,7330.593987727277
46957,33.46650573563039,1099.1399999992823,7330.638016486604
46958,33.46650573563039,1099.1599999992823,7330.682044799153
46959,33.46650573563039,1099.1799999992822,7330.726072664908
46960,33.46650573563039,1099.1999999992822,7330.770100083853
46961,33.46650573563039,1099.2199999992822,7330.814127055973
46962,33.46650573563039,1099.2399999992822,7330.85815358125
46963,33.46650573563039,1099.2599999992822,7330.90217965967
46964,33.46650573563039,1099.2799999992822,7330.946205291216
46965,33.46650573563039,1099.2999999992821,7330.9902304758725
46966,33.46650573563039,1099.3199999992821,7331.0342552136235
46967,33.46650573563039,1099.339999999282,7331.078279504453
46968,33.46650573563039,1099.359999999282,7331.122303348346
46969,33.46650573563039,1099.379999999282,7331.166326745284
46970,33.46650573563039,1099.399999999282,7331.210349695253
46971,33.46650573563039,1099.419999999282,7331.2543721982365
46972,33.46650573563039,1099.439999999282,7331.298394254219
46973,33.46650573563039,1099.459999999282,7331.342415863183
46974,33.46650573563039,1099.479999999282,7331.386437025115
46975,33.46650573563039,1099.499999999282,7331.430457739997
46976,33.46650573563039,1099.519999999282,7331.4744780078145
46977,33.46650573563039,1099.539999999282,7331.518497828551
46978,33.46650573563039,1099.559999999282,7331.562517202189
46979,33.46650573563039,1099.5799999992819,7331.606536128715
46980,33.46650573563039,1099.5999999992819,7331.650554608112
46981,33.46650573563039,1099.6199999992818,7331.694572640718
46982,33.46650573563039,1099.6399999992818,7331.738590227728
46983,33.46650573563039,1099.6599999992818,7331.78260736922
46984,33.46650573563039,1099.6799999992818,7331.826624065177
46985,33.46650573563039,1099.6999999992818,7331.870640315583
46986,33.46650573563039,1099.7199999992818,7331.914656120422
46987,33.46650573563039,1099.7399999992817,7331.958671479676
46988,33.46650573563039,1099.7599999992817,7332.002686393331
46989,33.46650573563039,1099.7799999992817,7332.046700861369
46990,33.46650573563039,1099.7999999992817,7332.090714883774
46991,33.46650573563039,1099.8199999992817,7332.13472846053
46992,33.46650573563039,1099.8399999992816,7332.178741591621
46993,33.46650573563039,1099.8599999992816,7332.22275427703
46994,33.46650573563039,1099.8799999992816,7332.26676651674
46995,33.46650573563039,1099.8999999992816,7332.310778310736
46996,33.46650573563039,1099.9199999992816,7332.354789659002
46997,33.46650573563039,1099.9399999992816,7332.39880056152
46998,33.46650573563039,1099.9599999992815,7332.442811018275
46999,33.46650573563039,1099.9799999992815,7332.486821029251
47000,33.46650573563039,1099.9999999992815,7332.53083059443
47001,33.46650573563039,1100.0199999992815,7332.574839713797
47002,33.46650573563039,1100.0399999992815,7332.618848387335
47003,33.46650573563039,1100.0599999992814,7332.6628566150275
47004,33.46650573563039,1100.0799999992814,7332.706864396859
47005,33.46650573563039,1100.0999999992814,7332.750871732812
47006,33.46650573563039,1100.1199999992814,7332.794878622871
47007,33.46650573563039,1100.1399999992814,7332.83888506702
47008,33.46650573563039,1100.1599999992814,7332.882891065242
47009,33.46650573563039,1100.1799999992813,7332.9268966175205
47010,33.46650573563039,1100.1999999992813,7332.970901723839
47011,33.46650573563039,1100.2199999992813,7333.014906384183
47012,33.46650573563039,1100.2399999992813,7333.058910598534
47013,33.46650573563039,1100.2599999992813,7333.102914366877
47014,33.46650573563039,1100.2799999992812,7333.146917689194
47015,33.46650573563039,1100.2999999992812,7333.190920565471
47016,33.46650573563039,1100.3199999992812,7333.23492299569
47017,33.46650573563039,1100.3399999992812,7333.278924979835
47018,33.46650573563039,1100.3599999992812,7333.322926517891
47019,33.46650573563039,1100.3799999992812,7333.36692760984
47020,33.46650573563039,1100.3999999992811,7333.410928255666
47021,33.46650573563039,1100.4199999992811,7333.454928455352
47022,33.46650573563039,1100.439999999281,7333.498928208884
47023,33.46650573563039,1100.459999999281,7333.542927516243
47024,33.46650573563039,1100.479999999281,7333.586926377415
47025,33.46650573563039,1100.499999999281,7333.630924792382
47026,33.46650573563039,1100.519999999281,7333.674922761128
47027,33.46650573563039,1100.539999999281,7333.718920283637
47028,33.42175428145878,1100.559999999281,7333.7629173598925
47029,33.42175428145878,1100.579999999281,7333.806913989878
47030,33.42175428145878,1100.599999999281,7333.850910173577
47031,33.42175428145878,1100.619999999281,7333.894905910975
47032,33.42175428145878,1100.639999999281,7333.938901202481
47033,33.42175428145878,1100.659999999281,7333.9828960491495
47034,33.42175428145878,1100.6799999992809,7334.026890451036
47035,33.42175428145878,1100.6999999992809,7334.070884408125
47036,33.42175428145878,1100.7199999992808,7334.1148779204
47037,33.42175428145878,1100.7399999992808,7334.158870987848
47038,33.42175428145878,1100.7599999992808,7334.202863610452
47039,33.42175428145878,1100.7799999992808,7334.246855788198
47040,33.42175428145878,1100.7999999992808,7334.290847521071
47041,33.42175428145878,1100.8199999992808,7334.3348388090535
47042,33.42175428145878,1100.8399999992807,7334.378829652132
47043,33.42175428145878,1100.8599999992807,7334.42282005029
47044,33.42175428145878,1100.8799999992807,7334.466810003513
47045,33.42175428145878,1100.8999999992807,7334.510799511786
47046,33.42175428145878,1100.9199999992807,7334.554788575093
47047,33.42175428145878,1100.9399999992806,7334.598777193419
47048,33.42175428145878,1100.9599999992806,7334.642765366749
47049,33.42175428145878,1100.9799999992806,7334.686753095067
47050,33.42175428145878,1100.9999999992806,7334.730740378358
47051,33.42175428145878,1101.0199999992806,7334.774727216607
47052,33.42175428145878,1101.0399999992806,7334.818713609799
47053,33.42175428145878,1101.0599999992805,7334.862699557917
47054,33.42175428145878,1101.0799999992805,7334.906685060948
47055,33.42175428145878,1101.0999999992805,7334.950670118875
47056,33.42175428145878,1101.1199999992805,7334.994654731683
47057,33.42175428145878,1101.1399999992805,7335.0386388993575
47058,33.42175428145878,1101.1599999992804,7335.082622621883
47059,33.42175428145878,1101.1799999992804,7335.126605899244
47060,33.42175428145878,1101.1999999992804,7335.170588731425
47061,33.42175428145878,1101.2199999992804,7335.21457111841
47062,33.42175428145878,1101.2399999992804,7335.2585530601855
47063,33.42175428145878,1101.2599999992804,7335.302534556735
47064,33.42175428145878,1101.2799999992803,7335.346515608044
47065,33.42175428145878,1101.2999999992803,7335.390496214096
47066,33.42175428145878,1101.3199999992803,7335.434476374877
47067,33.42175428145878,1101.3399999992803,7335.478456090371
47068,33.42175428145878,1101.3599999992803,7335.522435360563
47069,33.42175428145878,1101.3799999992802,7335.566414185437
47070,33.42175428145878,1101.3999999992802,7335.610392564978
47071,33.42175428145878,1101.4199999992802,7335.654370499171
47072,33.42175428145878,1101.4399999992802,7335.698347988001
47073,33.42175428145878,1101.4599999992802,7335.742325031452
47074,33.42175428145878,1101.4799999992802,7335.78630162951
47075,33.42175428145878,1101.4999999992801,7335.830277782157
47076,33.42175428145878,1101.5199999992801,7335.874253489381
47077,33.42175428145878,1101.53999999928,7335.918228751164
47078,33.42175428145878,1101.55999999928,7335.962203567492
47079,33.42175428145878,1101.57999999928,7336.0061779383495
47080,33.42175428145878,1101.59999999928,7336.050151863722
47081,33.42175428145878,1101.61999999928,7336.094125343593
47082,33.42175428145878,1101.63999999928,7336.138098377948
47083,33.42175428145878,1101.65999999928,7336.182070967275
47084,33.42175428145878,1101.67999999928,7336.2260431125205
47085,33.42175428145878,1101.69999999928,7336.270014813721
47086,33.42175428145878,1101.71999999928,7336.31398607086
47087,33.42175428145878,1101.73999999928,7336.357956883921
47088,33.42175428145878,1101.75999999928,7336.40192725289
47089,33.42175428145878,1101.7799999992799,7336.445897177751
47090,33.42175428145878,1101.7999999992799,7336.489866658489
47091,33.42175428145878,1101.8199999992798,7336.533835695086
47092,33.42175428145878,1101.8399999992798,7336.577804287528
47093,33.42175428145878,1101.8599999992798,7336.621772435799
47094,33.42175428145878,1101.8799999992798,7336.665740139884
47095,33.42175428145878,1101.8999999992798,7336.709707399767
47096,33.42175428145878,1101.9199999992798,7336.753674215431
47097,33.42175428145878,1101.9399999992797,7336.797640586861
47098,33.42175428145878,1101.9599999992797,7336.841606514043
47099,33.42175428145878,1101.9799999992797,7336.885571996959
47100,33.42175428145878,1101.9999999992797,7336.929537035595
47101,33.42175428145878,1102.0199999992797,7336.973501629935
47102,33.42175428145878,1102.0399999992796,7337.017465779963
47103,33.42175428145878,1102.0599999992796,7337.061429485662
47104,33.42175428145878,1102.0799999992796,7337.105392747019
47105,33.42175428145878,1102.0999999992796,7337.149355564017
47106,33.42175428145878,1102.1199999992796,7337.193317936641
47107,33.42175428145878,1102.1399999992796,7337.237279864873
47108,33.42175428145878,1102.1599999992795,7337.2812413487
47109,33.42175428145878,1102.1799999992795,7337.325202388105
47110,33.42175428145878,1102.1999999992795,7337.369162983073
47111,33.42175428145878,1102.2199999992795,7337.413123133588
47112,33.42175428145878,1102.2399999992795,7337.4570828396345
47113,33.42175428145878,1102.2599999992794,7337.501042101197
47114,33.42175428145878,1102.2799999992794,7337.545000918259
47115,33.42175428145878,1102.2999999992794,7337.588959290805
47116,33.42175428145878,1102.3199999992794,7337.632917218821
47117,33.42175428145878,1102.3399999992794,7337.67687470229
47118,33.42175428145878,1102.3599999992794,7337.720831741196
47119,33.42175428145878,1102.3799999992793,7337.764788335524
47120,33.42175428145878,1102.3999999992793,7337.808744485258
47121,33.42175428145878,1102.4199999992793,7337.852700190383
47122,33.42175428145878,1102.4399999992793,7337.8966554508825
47123,33.42175428145878,1102.4599999992793,7337.940610266741
47124,33.42175428145878,1102.4799999992792,7337.984564637943
47125,33.42175428145878,1102.4999999992792,7338.0285185644725
47126,33.42175428145878,1102.5199999992792,7338.072472046315
47127,33.42175428145878,1102.5399999992792,7338.116425083454
47128,33.42175428145878,1102.5599999992792,7338.160377675873
47129,33.42175428145878,1102.5799999992792,7338.204329823558
47130,33.42175428145878,1102.5999999992791,7338.248281526492
47131,33.42175428145878,1102.6199999992791,7338.29223278466
47132,33.42175428145878,1102.639999999279,7338.336183598046
47133,33.42175428145878,1102.659999999279,7338.380133966634
47134,33.42175428145878,1102.679999999279,7338.4240838910255
47135,33.42175428145878,1102.699999999279,7338.468033372128
47136,33.42175428145878,1102.719999999279,7338.511982409961
47137,33.42175428145878,1102.739999999279,7338.555931004509
47138,33.42175428145878,1102.759999999279,7338.599879155756
47139,33.42175428145878,1102.779999999279,7338.643826863686
47140,33.42175428145878,1102.799999999279,7338.687774128283
47141,33.42175428145878,1102.819999999279,7338.731720949533
47142,33.42175428145878,1102.839999999279,7338.77566732742
47143,33.42175428145878,1102.859999999279,7338.819613261928
47144,33.42175428145878,1102.8799999992789,7338.863558753042
47145,33.42175428145878,1102.8999999992789,7338.907503800745
47146,33.42175428145878,1102.9199999992788,7338.951448405022
47147,33.42175428145878,1102.9399999992788,7338.995392565858
47148,33.42175428145878,1102.9599999992788,7339.039336283237
47149,33.42175428145878,1102.9799999992788,7339.083279557144
47150,33.42175428145878,1102.9999999992788,7339.127222387563
47151,33.42175428145878,1103.0199999992788,7339.171164774478
47152,33.42175428145878,1103.0399999992787,7339.215106717874
47153,33.42175428145878,1103.0599999992787,7339.259048217735
47154,33.42175428145878,1103.0799999992787,7339.302989274045
47155,33.42175428145878,1103.0999999992787,7339.346929886789
47156,33.42175428145878,1103.1199999992787,7339.390870055951
47157,33.42175428145878,1103.1399999992786,7339.434809781516
47158,33.42175428145878,1103.1599999992786,7339.478749063468
47159,33.42175428145878,1103.1799999992786,7339.522687901792
47160,33.42175428145878,1103.1999999992786,7339.566626296471
47161,33.42175428145878,1103.2199999992786,7339.610564247491
47162,33.42175428145878,1103.2399999992786,7339.654501754836
47163,33.42175428145878,1103.2599999992785,7339.698438818489
47164,33.42175428145878,1103.2799999992785,7339.742375438436
47165,33.42175428145878,1103.2999999992785,7339.786311614661
47166,33.42175428145878,1103.3199999992785,7339.830247347148
47167,33.42175428145878,1103.3399999992785,7339.874182635881
47168,33.42175428145878,1103.3599999992784,7339.9181174808455
47169,33.42175428145878,1103.3799999992784,7339.962051882026
47170,33.42175428145878,1103.3999999992784,7340.005985839405
47171,33.42175428145878,1103.4199999992784,7340.049919352947
47172,33.42175428145878,1103.4399999992784,7340.09385242262
47173,33.42175428145878,1103.4599999992784,7340.1377850484105
47174,33.42175428145878,1103.4799999992783,7340.181717230302
47175,33.42175428145878,1103.4999999992783,7340.225648968279
47176,33.42175428145878,1103.5199999992783,7340.269580262325
47177,33.42175428145878,1103.5399999992783,7340.313511112426
47178,33.42175428145878,1103.5599999992783,7340.357441518565
47179,33.42175428145878,1103.5799999992782,7340.401371480728
47180,33.42175428145878,1103.5999999992782,7340.445300998898
47181,33.42175428145878,1103.6199999992782,7340.489230073061
47182,33.42175428145878,1103.6399999992782,7340.5331587032
47183,33.42175428145878,1103.6599999992782,7340.5770868893
47184,33.42175428145878,1103.6799999992782,7340.621014631345
47185,33.42175428145878,1103.6999999992781,7340.66494193003
47186,33.42175428145878,1103.7199999992781,7340.708868786191
47187,33.42175428145878,1103.739999999278,7340.752795199826
47188,33.42175428145878,1103.759999999278,7340.796721170922
47189,33.42175428145878,1103.779999999278,7340.840646699462
47190,33.42175428145878,1103.799999999278,7340.884571785431
47191,33.42175428145878,1103.819999999278,7340.928496428814
47192,33.42175428145878,1103.839999999278,7340.972420629594
47193,33.42175428145878,1103.859999999278,7341.016344387757
47194,33.42175428145878,1103.879999999278,7341.0602677032875
47195,33.42175428145878,1103.899999999278,7341.1041905761695
47196,33.42175428145878,1103.919999999278,7341.148113006387
47197,33.42175428145878,1103.939999999278,7341.192034993925
47198,33.42175428145878,1103.959999999278,7341.235956538767
47199,33.42175428145878,1103.9799999992779,7341.279877640898
47200,33.42175428145878,1103.9999999992779,7341.323798300304
47201,33.42175428145878,1104.0199999992778,7341.367718516967
47202,33.42175428145878,1104.0399999992778,7341.411638290873
47203,33.42175428145878,1104.0599999992778,7341.455557622006
47204,33.42175428145878,1104.0799999992778,7341.499476510351
47205,33.42175428145878,1104.0999999992778,7341.543394955892
47206,33.42175428145878,1104.1199999992778,7341.5873129586125
47207,33.42175428145878,1104.1399999992777,7341.631230518498
47208,33.42175428145878,1104.1599999992777,7341.675147635534
47209,33.42175428145878,1104.1799999992777,7341.719064309703
47210,33.42175428145878,1104.1999999992777,7341.762980540991
47211,33.42175428145878,1104.2199999992777,7341.806896329381
47212,33.42175428145878,1104.2399999992776,7341.850811674858
47213,33.42175428145878,1104.2599999992776,7341.894726577408
47214,33.42175428145878,1104.2799999992776,7341.938641037013
47215,33.42175428145878,1104.2999999992776,7341.98255505366
47216,33.42175428145878,1104.3199999992776,7342.026468627331
47217,33.42175428145878,1104.3399999992776,7342.070381758012
47218,33.42175428145878,1104.3599999992775,7342.114294445688
47219,33.42175428145878,1104.3799999992775,7342.158206690341
47220,33.42175428145878,1104.3999999992775,7342.202118491958
47221,33.42175428145878,1104.4199999992775,7342.246029850522
47222,33.42175428145878,1104.4399999992775,7342.289940766018
47223,33.42175428145878,1104.4599999992774,7342.333851238431
47224,33.42175428145878,1104.4799999992774,7342.377761267744
47225,33.42175428145878,1104.4999999992774,7342.4216708539425
47226,33.42175428145878,1104.5199999992774,7342.4655799970105
47227,33.42175428145878,1104.5399999992774,7342.509488696933
47228,33.42175428145878,1104.5599999992774,7342.553396953695
47229,33.42175428145878,1104.5799999992773,7342.597304767279
47230,33.42175428145878,1104.5999999992773,7342.641212137671
47231,33.42175428145878,1104.6199999992773,7342.685119064855
47232,33.42175428145878,1104.6399999992773,7342.729025548816
47233,33.42175428145878,1104.6599999992773,7342.7729315895385
47234,33.42175428145878,1104.6799999992772,7342.816837187006
47235,33.42175428145878,1104.6999999992772,7342.860742341207
47236,33.42175428145878,1104.7199999992772,7342.904647052971
47237,33.42175428145878,1104.7399999992772,7342.948551323104
47238,33.42175428145878,1104.7599999992772,7342.992455151589
47239,33.42175428145878,1104.7799999992772,7343.036358538409
47240,33.42175428145878,1104.7999999992771,7343.08026148355
47241,33.42175428145878,1104.8199999992771,7343.124163986996
47242,33.42175428145878,1104.839999999277,7343.168066048729
47243,33.42175428145878,1104.859999999277,7343.211967668735
47244,33.42175428145878,1104.879999999277,7343.255868846998
47245,33.42175428145878,1104.899999999277,7343.299769583501
47246,33.42175428145878,1104.919999999277,7343.343669878229
47247,33.42175428145878,1104.939999999277,7343.387569731166
47248,33.42175428145878,1104.959999999277,7343.431469142296
47249,33.42175428145878,1104.979999999277,7343.475368111603
47250,33.42175428145878,1104.999999999277,7343.51926663907
47251,33.42175428145878,1105.019999999277,7343.563164724683
47252,33.42175428145878,1105.039999999277,7343.6070623684245
47253,33.42175428145878,1105.059999999277,7343.65095957028
47254,33.42175428145878,1105.0799999992769,7343.694856330233
47255,33.42175428145878,1105.0999999992769,7343.738752648267
47256,33.42175428145878,1105.1199999992768,7343.782648524367
47257,33.42175428145878,1105.1399999992768,7343.826543958516
47258,33.42175428145878,1105.1599999992768,7343.870438950698
47259,33.42175428145878,1105.1799999992768,7343.914333500899
47260,33.42175428145878,1105.1999999992768,7343.958227609102
47261,33.42175428145878,1105.2199999992768,7344.002121275291
47262,33.42175428145878,1105.2399999992767,7344.0460144994495
47263,33.42175428145878,1105.2599999992767,7344.089907281563
47264,33.42175428145878,1105.2799999992767,7344.133799621614
47265,33.42175428145878,1105.2999999992767,7344.177691519588
47266,33.42175428145878,1105.3199999992767,7344.221582975468
47267,33.42175428145878,1105.3399999992766,7344.265473989238
47268,33.42175428145878,1105.3599999992766,7344.309364560882
47269,33.42175428145878,1105.3799999992766,7344.353254690386
47270,33.42175428145878,1105.3999999992766,7344.397144377733
47271,33.42175428145878,1105.4199999992766,7344.441033622906
47272,33.42175428145878,1105.4399999992766,7344.48492242589
47273,33.42175428145878,1105.4599999992765,7344.528810786669
47274,33.42175428145878,1105.4799999992765,7344.572698705228
47275,33.42175428145878,1105.4999999992765,7344.616586181549
47276,33.42175428145878,1105.5199999992765,7344.6604732156175
47277,33.42175428145878,1105.5399999992765,7344.704359807418
47278,33.42175428145878,1105.5599999992764,7344.748245956934
47279,33.377102474620884,1105.5799999992764,7344.792131664149
47280,33.377102474620884,1105.5999999992764,7344.836016929047
47281,33.377102474620884,1105.6199999992764,7344.879901751614
47282,33.377102474620884,1105.6399999992764,7344.9237861318325
47283,33.377102474620884,1105.6599999992764,7344.967670069686
47284,33.377102474620884,1105.6799999992763,7345.01155356516
47285,33.377102474620884,1105.6999999992763,7345.055436618239
47286,33.377102474620884,1105.7199999992763,7345.099319228925
47287,33.377102474620884,1105.7399999992763,7345.143201398044
47288,33.377102474620884,1105.7599999992763,7345.187083126232
47289,33.377102474620884,1105.7799999992762,7345.230964413476
47290,33.377102474620884,1105.7999999992762,7345.27484525976
47291,33.377102474620884,1105.8199999992762,7345.31872566507
47292,33.377102474620884,1105.8399999992762,7345.362605629391
47293,33.377102474620884,1105.8599999992762,7345.406485152706
47294,33.377102474620884,1105.8799999992762,7345.450364235004
47295,33.377102474620884,1105.8999999992761,7345.494242876267
47296,33.377102474620884,1105.9199999992761,7345.538121076481
47297,33.377102474620884,1105.939999999276,7345.581998835632
47298,33.377102474620884,1105.959999999276,7345.625876153703
47299,33.377102474620884,1105.979999999276,7345.669753030681
47300,33.377102474620884,1105.999999999276,7345.713629466551
47301,33.377102474620884,1106.019999999276,7345.757505461297
47302,33.377102474620884,1106.039999999276,7345.801381014905
47303,33.377102474620884,1106.059999999276,7345.84525612736
47304,33.377102474620884,1106.079999999276,7345.889130798647
47305,33.377102474620884,1106.099999999276,7345.933005028751
47306,33.377102474620884,1106.119999999276,7345.976878817657
47307,33.377102474620884,1106.139999999276,7346.020752165351
47308,33.377102474620884,1106.159999999276,7346.064625071817
47309,33.377102474620884,1106.1799999992759,7346.108497537041
47310,33.377102474620884,1106.1999999992759,7346.152369561008
47311,33.377102474620884,1106.2199999992758,7346.196241143702
47312,33.377102474620884,1106.2399999992758,7346.240112285109
47313,33.377102474620884,1106.2599999992758,7346.283982985215
47314,33.377102474620884,1106.2799999992758,7346.327853244004
47315,33.377102474620884,1106.2999999992758,7346.37172306146
47316,33.377102474620884,1106.3199999992758,7346.415592437571
47317,33.377102474620884,1106.3399999992757,7346.45946137232
47318,33.377102474620884,1106.3599999992757,7346.503329865693
47319,33.377102474620884,1106.3799999992757,7346.547197917674
47320,33.377102474620884,1106.3999999992757,7346.591065528249
47321,33.377102474620884,1106.4199999992757,7346.634932697403
47322,33.377102474620884,1106.4399999992756,7346.678799425122
47323,33.377102474620884,1106.4599999992756,7346.722665711389
47324,33.377102474620884,1106.4799999992756,7346.766531556191
47325,33.377102474620884,1106.4999999992756,7346.810396959512
47326,33.377102474620884,1106.5199999992756,7346.854261921338
47327,33.377102474620884,1106.5399999992756,7346.898126441653
47328,33.377102474620884,1106.5599999992755,7346.941990520444
47329,33.377102474620884,1106.5799999992755,7346.985854157694
47330,33.377102474620884,1106.5999999992755,7347.029717353389
47331,33.377102474620884,1106.6199999992755,7347.073580107514
47332,33.377102474620884,1106.6399999992755,7347.117442420055
47333,33.377102474620884,1106.6599999992754,7347.161304290997
47334,33.377102474620884,1106.6799999992754,7347.205165720324
47335,33.377102474620884,1106.6999999992754,7347.249026708021
47336,33.377102474620884,1106.7199999992754,7347.292887254074
47337,33.377102474620884,1106.7399999992754,7347.336747358507
47338,33.377102474620884,1106.7599999992754,7347.380607022218
47339,33.377102474620884,1106.7799999992753,7347.42446624576
47340,33.377102474620884,1106.7999999992753,7347.468325029119
47341,33.377102474620884,1106.8199999992753,7347.512183372278
47342,33.377102474620884,1106.8399999992753,7347.556041275222
47343,33.377102474620884,1106.8599999992753,7347.599898737936
47344,33.377102474620884,1106.8799999992752,7347.643755760406
47345,33.377102474620884,1106.8999999992752,7347.687612342615
47346,33.377102474620884,1106.9199999992752,7347.731468484548
47347,33.377102474620884,1106.9399999992752,7347.77532418619
47348,33.377102474620884,1106.9599999992752,7347.819179447526
47349,33.377102474620884,1106.9799999992752,7347.86303426854
47350,33.377102474620884,1106.9999999992751,7347.906888649217
47351,33.377102474620884,1107.0199999992751,7347.950742589542
47352,33.377102474620884,1107.039999999275,7347.994596089499
47353,33.377102474620884,1107.059999999275,7348.038449149074
47354,33.377102474620884,1107.079999999275,7348.0823017682505
47355,33.377102474620884,1107.099999999275,7348.126153947014
47356,33.377102474620884,1107.119999999275,7348.17000568535
47357,33.377102474620884,1107.139999999275,7348.213856983241
47358,33.377102474620884,1107.159999999275,7348.257707840674
47359,33.377102474620884,1107.179999999275,7348.301558257632
47360,33.377102474620884,1107.199999999275,7348.3454082341
47361,33.377102474620884,1107.219999999275,7348.389257770064
47362,33.377102474620884,1107.239999999275,7348.433106865508
47363,33.377102474620884,1107.259999999275,7348.476955520417
47364,33.377102474620884,1107.2799999992749,7348.520803734774
47365,33.377102474620884,1107.2999999992749,7348.5646515085655
47366,33.377102474620884,1107.3199999992748,7348.608498841776
47367,33.377102474620884,1107.3399999992748,7348.65234573439
47368,33.377102474620884,1107.3599999992748,7348.696192186392
47369,33.377102474620884,1107.3799999992748,7348.740038197768
47370,33.377102474620884,1107.3999999992748,7348.783883768501
47371,33.377102474620884,1107.4199999992748,7348.827728898576
47372,33.377102474620884,1107.4399999992747,7348.87157358798
47373,33.377102474620884,1107.4599999992747,7348.915417836694
47374,33.377102474620884,1107.4799999992747,7348.959261644705
47375,33.377102474620884,1107.4999999992747,7349.003105011998
47376,33.377102474620884,1107.5199999992747,7349.0469479385565
47377,33.377102474620884,1107.5399999992746,7349.090790424366
47378,33.377102474620884,1107.5599999992746,7349.134632469411
47379,33.377102474620884,1107.5799999992746,7349.178474073677
47380,33.377102474620884,1107.5999999992746,7349.222315237147
47381,33.377102474620884,1107.6199999992746,7349.266155959807
47382,33.377102474620884,1107.6399999992746,7349.309996241643
47383,33.377102474620884,1107.6599999992745,7349.353836082637
47384,33.377102474620884,1107.6799999992745,7349.397675482775
47385,33.377102474620884,1107.6999999992745,7349.441514442043
47386,33.377102474620884,1107.7199999992745,7349.485352960423
47387,33.377102474620884,1107.7399999992745,7349.529191037902
47388,33.377102474620884,1107.7599999992744,7349.573028674521
47389,33.377102474620884,1107.7799999992744,7349.616865871276
47390,33.377102474620884,1107.7999999992744,7349.66070262864
47391,33.377102474620884,1107.8199999992744,7349.7045389465975
47392,33.377102474620884,1107.8399999992744,7349.748374825134
47393,33.377102474620884,1107.8599999992744,7349.792210264234
47394,33.377102474620884,1107.8799999992743,7349.836045263883
47395,33.377102474620884,1107.8999999992743,7349.879879824063
47396,33.377102474620884,1107.9199999992743,7349.923713944761
47397,33.377102474620884,1107.9399999992743,7349.967547625963
47398,33.377102474620884,1107.9599999992743,7350.01138086765
47399,33.377102474620884,1107.9799999992742,7350.055213669787
47400,33.377102474620884,1107.9999999992742,7350.099046032351
47401,33.377102474620884,1108.0199999992742,7350.142877955326
47402,33.377102474620884,1108.0399999992742,7350.186709438697
47403,33.377102474620884,1108.0599999992742,7350.230540482449
47404,33.377102474620884,1108.0799999992742,7350.274371086566
47405,33.377102474620884,1108.0999999992741,7350.318201251033
47406,33.377102474620884,1108.1199999992741,7350.362030975834
47407,33.377102474620884,1108.139999999274,7350.405860260955
47408,33.377102474620884,1108.159999999274,7350.449689106379
47409,33.377102474620884,1108.179999999274,7350.493517512092
47410,33.377102474620884,1108.199999999274,7350.537345478077
47411,33.377102474620884,1108.219999999274,7350.581173004321
47412,33.377102474620884,1108.239999999274,7350.625000090806
47413,33.377102474620884,1108.259999999274,7350.668826737518
47414,33.377102474620884,1108.279999999274,7350.712652944442
47415,33.377102474620884,1108.299999999274,7350.7564787115625
47416,33.377102474620884,1108.319999999274,7350.800304038863
47417,33.377102474620884,1108.339999999274,7350.844128926329
47418,33.377102474620884,1108.359999999274,7350.8879533739455
47419,33.377102474620884,1108.3799999992739,7350.9317773816965
47420,33.377102474620884,1108.3999999992739,7350.975600949567
47421,33.377102474620884,1108.4199999992738,7351.019424077541
47422,33.377102474620884,1108.4399999992738,7351.063246765604
47423,33.377102474620884,1108.4599999992738,7351.10706901374
47424,33.377102474620884,1108.4799999992738,7351.150890821935
47425,33.377102474620884,1108.4999999992738,7351.194712190171
47426,33.377102474620884,1108.5199999992738,7351.238533118435
47427,33.377102474620884,1108.5399999992737,7351.282353606711
47428,33.377102474620884,1108.5599999992737,7351.326173654983
47429,33.377102474620884,1108.5799999992737,7351.369993263236
47430,33.377102474620884,1108.5999999992737,7351.413812431455
47431,33.377102474620884,1108.6199999992737,7351.457631159625
47432,33.377102474620884,1108.6399999992736,7351.501449447729
47433,33.377102474620884,1108.6599999992736,7351.545267295754
47434,33.377102474620884,1108.6799999992736,7351.589084703682
47435,33.377102474620884,1108.6999999992736,7351.632901671499
47436,33.377102474620884,1108.7199999992736,7351.67671819919
47437,33.377102474620884,1108.7399999992736,7351.720534286739
47438,33.377102474620884,1108.7599999992735,7351.764349934131
47439,33.377102474620884,1108.7799999992735,7351.808165141427
47440,33.377102474620884,1108.7999999992735,7351.851979909694
47441,33.377102474620884,1108.8199999992735,7351.8957942393145
47442,33.377102474620884,1108.8399999992735,7351.939608130273
47443,33.377102474620884,1108.8599999992734,7351.983421582554
47444,33.377102474620884,1108.8799999992734,7352.027234596142
47445,33.377102474620884,1108.8999999992734,7352.071047171022
47446,33.377102474620884,1108.9199999992734,7352.1148593071775
47447,33.377102474620884,1108.9399999992734,7352.158671004595
47448,33.377102474620884,1108.9599999992734,7352.2024822632575
47449,33.377102474620884,1108.9799999992733,7352.246293083151
47450,33.377102474620884,1108.9999999992733,7352.290103464259
47451,33.377102474620884,1109.0199999992733,7352.333913406566
47452,33.377102474620884,1109.0399999992733,7352.377722910058
47453,33.377102474620884,1109.0599999992733,7352.421531974718
47454,33.377102474620884,1109.0799999992732,7352.465340600532
47455,33.377102474620884,1109.0999999992732,7352.509148787484
47456,33.377102474620884,1109.1199999992732,7352.552956535559
47457,33.377102474620884,1109.1399999992732,7352.596763844741
47458,33.377102474620884,1109.1599999992732,7352.640570715015
47459,33.377102474620884,1109.1799999992732,7352.6843771463655
47460,33.377102474620884,1109.1999999992731,7352.728183138777
47461,33.377102474620884,1109.219999999273,7352.771988692235
47462,33.377102474620884,1109.239999999273,7352.8157938067225
47463,33.377102474620884,1109.259999999273,7352.859598482225
47464,33.377102474620884,1109.279999999273,7352.903402718727
47465,33.377102474620884,1109.299999999273,7352.9472065162145
47466,33.377102474620884,1109.319999999273,7352.99100987467
47467,33.377102474620884,1109.339999999273,7353.03481279408
47468,33.377102474620884,1109.359999999273,7353.078615274428
47469,33.377102474620884,1109.379999999273,7353.122417315698
47470,33.377102474620884,1109.399999999273,7353.166218917876
47471,33.377102474620884,1109.419999999273,7353.2100200809455
47472,33.377102474620884,1109.439999999273,7353.253820804892
47473,33.377102474620884,1109.459999999273,7353.2976210896995
47474,33.377102474620884,1109.4799999992729,7353.341420935353
47475,33.377102474620884,1109.4999999992729,7353.385220341837
47476,33.377102474620884,1109.5199999992728,7353.429019309137
47477,33.377102474620884,1109.5399999992728,7353.472817837237
47478,33.377102474620884,1109.5599999992728,7353.516615926121
47479,33.377102474620884,1109.5799999992728,7353.560413575774
47480,33.377102474620884,1109.5999999992728,7353.60421078618
47481,33.377102474620884,1109.6199999992727,7353.648007557325
47482,33.377102474620884,1109.6399999992727,7353.691803889194
47483,33.377102474620884,1109.6599999992727,7353.735599781769
47484,33.377102474620884,1109.6799999992727,7353.779395235038
47485,33.377102474620884,1109.6999999992727,7353.823190248982
47486,33.377102474620884,1109.7199999992727,7353.866984823589
47487,33.377102474620884,1109.7399999992726,7353.910778958841
47488,33.377102474620884,1109.7599999992726,7353.954572654724
47489,33.377102474620884,1109.7799999992726,7353.998365911222
47490,33.377102474620884,1109.7999999992726,7354.042158728421
47491,33.377102474620884,1109.8199999992726,7354.085951107527
47492,33.377102474620884,1109.8399999992725,7354.129743048848
47493,33.377102474620884,1109.8599999992725,7354.173534552367
47494,33.377102474620884,1109.8799999992725,7354.2173256180695
47495,33.377102474620884,1109.8999999992725,7354.26111624594
47496,33.377102474620884,1109.9199999992725,7354.304906435962
47497,33.377102474620884,1109.9399999992725,7354.348696188121
47498,33.377102474620884,1109.9599999992724,7354.392485502401
47499,33.377102474620884,1109.9799999992724,7354.436274378786
47500,33.377102474620884,1109.9999999992724,7354.480062817261
47501,33.377102474620884,1110.0199999992724,7354.52385081781
47502,33.377102474620884,1110.0399999992724,7354.5676383804175
47503,33.377102474620884,1110.0599999992723,7354.611425505068
47504,33.377102474620884,1110.0799999992723,7354.655212191746
47505,33.377102474620884,1110.0999999992723,7354.6989984404345
47506,33.377102474620884,1110.1199999992723,7354.74278425112
47507,33.377102474620884,1110.1399999992723,7354.786569623785
47508,33.377102474620884,1110.1599999992723,7354.830354558415
47509,33.377102474620884,1110.1799999992722,7354.874139054994
47510,33.377102474620884,1110.1999999992722,7354.917923113507
47511,33.377102474620884,1110.2199999992722,7354.961706733937
47512,33.377102474620884,1110.2399999992722,7355.005489916269
47513,33.377102474620884,1110.2599999992722,7355.049272660488
47514,33.377102474620884,1110.2799999992721,7355.093054966578
47515,33.377102474620884,1110.2999999992721,7355.136836834524
47516,33.377102474620884,1110.319999999272,7355.180618264309
47517,33.377102474620884,1110.339999999272,7355.224399255918
47518,33.377102474620884,1110.359999999272,7355.268179809335
47519,33.377102474620884,1110.379999999272,7355.311959924546
47520,33.377102474620884,1110.399999999272,7355.355739601533
47521,33.377102474620884,1110.419999999272,7355.399518840282
47522,33.377102474620884,1110.439999999272,7355.443297640778
47523,33.377102474620884,1110.459999999272,7355.4870760030035
47524,33.377102474620884,1110.479999999272,7355.530853926944
47525,33.377102474620884,1110.499999999272,7355.574631412583
47526,33.377102474620884,1110.519999999272,7355.618408459905
47527,33.377102474620884,1110.539999999272,7355.662185068896
47528,33.377102474620884,1110.559999999272,7355.70596123954
47529,33.377102474620884,1110.5799999992719,7355.749736971819
47530,33.332550004756804,1110.5999999992719,7355.79351226572
47531,33.332550004756804,1110.6199999992718,7355.837287121226
47532,33.332550004756804,1110.6399999992718,7355.881061538322
47533,33.332550004756804,1110.6599999992718,7355.924835516992
47534,33.332550004756804,1110.6799999992718,7355.968609057221
47535,33.332550004756804,1110.6999999992718,7356.012382158993
47536,33.332550004756804,1110.7199999992717,7356.056154822292
47537,33.332550004756804,1110.7399999992717,7356.099927047103
47538,33.332550004756804,1110.7599999992717,7356.14369883341
47539,33.332550004756804,1110.7799999992717,7356.187470181198
47540,33.332550004756804,1110.7999999992717,7356.23124109045
47541,33.332550004756804,1110.8199999992717,7356.275011561257
47542,33.332550004756804,1110.8399999992716,7356.318781594755
47543,33.332550004756804,1110.8599999992716,7356.362551191129
47544,33.332550004756804,1110.8799999992716,7356.406320350362
47545,33.332550004756804,1110.8999999992716,7356.45008907244
47546,33.332550004756804,1110.9199999992716,7356.493857357348
47547,33.332550004756804,1110.9399999992715,7356.53762520507
47548,33.332550004756804,1110.9599999992715,7356.581392615591
47549,33.332550004756804,1110.9799999992715,7356.625159588894
47550,33.332550004756804,1110.9999999992715,7356.668926124967
47551,33.332550004756804,1111.0199999992715,7356.712692223791
47552,33.332550004756804,1111.0399999992715,7356.7564578853535
47553,33.332550004756804,1111.0599999992714,7356.800223109638
47554,33.332550004756804,1111.0799999992714,7356.843987896629
47555,33.332550004756804,1111.0999999992714,7356.887752246312
47556,33.332550004756804,1111.1199999992714,7356.93151615867
47557,33.332550004756804,1111.1399999992714,7356.975279633689
47558,33.332550004756804,1111.1599999992713,7357.0190426713525
47559,33.332550004756804,1111.1799999992713,7357.0628052716465
47560,33.332550004756804,1111.1999999992713,7357.1065674345555
47561,33.332550004756804,1111.2199999992713,7357.150329160063
47562,33.332550004756804,1111.2399999992713,7357.194090448154
47563,33.332550004756804,1111.2599999992713,7357.237851298814
47564,33.332550004756804,1111.2799999992712,7357.281611712028
47565,33.332550004756804,1111.2999999992712,7357.32537168778
47566,33.332550004756804,1111.3199999992712,7357.3691312260535
47567,33.332550004756804,1111.3399999992712,7357.412890326835
47568,33.332550004756804,1111.3599999992712,7357.456648990108
47569,33.332550004756804,1111.3799999992711,7357.500407215857
47570,33.332550004756804,1111.3999999992711,7357.5441650040675
47571,33.332550004756804,1111.419999999271,7357.587922354724
47572,33.332550004756804,1111.439999999271,7357.631679267811
47573,33.332550004756804,1111.459999999271,7357.675435743313
47574,33.332550004756804,1111.479999999271,7357.719191781214
47575,33.332550004756804,1111.499999999271,7357.7629473815
47576,33.332550004756804,1111.519999999271,7357.806702544156
47577,33.332550004756804,1111.539999999271,7357.850457269165
47578,33.332550004756804,1111.559999999271,7357.894211556513
47579,33.332550004756804,1111.579999999271,7357.937965406184
47580,33.332550004756804,1111.599999999271,7357.981718818162
47581,33.332550004756804,1111.619999999271,7358.025471792433
47582,33.332550004756804,1111.639999999271,7358.06922432898
47583,33.332550004756804,1111.659999999271,7358.11297642779
47584,33.332550004756804,1111.6799999992709,7358.156728088846
47585,33.332550004756804,1111.6999999992709,7358.200479312132
47586,33.332550004756804,1111.7199999992708,7358.2442300976345
47587,33.332550004756804,1111.7399999992708,7358.287980445338
47588,33.332550004756804,1111.7599999992708,7358.331730355226
47589,33.332550004756804,1111.7799999992708,7358.375479827283
47590,33.332550004756804,1111.7999999992708,7358.419228861495
47591,33.332550004756804,1111.8199999992707,7358.462977457846
47592,33.332550004756804,1111.8399999992707,7358.506725616454
47593,33.332550004756804,1111.8599999992707,7358.550473338555
47594,33.332550004756804,1111.8799999992707,7358.594220624258
47595,33.332550004756804,1111.8999999992707,7358.637967473548
47596,33.332550004756804,1111.9199999992707,7358.681713886409
47597,33.332550004756804,1111.9399999992706,7358.725459862825
47598,33.332550004756804,1111.9599999992706,7358.769205402781
47599,33.332550004756804,1111.9799999992706,7358.812950506262
47600,33.332550004756804,1111.9999999992706,7358.856695173251
47601,33.332550004756804,1112.0199999992706,7358.900439403733
47602,33.332550004756804,1112.0399999992705,7358.944183197693
47603,33.332550004756804,1112.0599999992705,7358.987926555114
47604,33.332550004756804,1112.0799999992705,7359.031669475983
47605,33.332550004756804,1112.0999999992705,7359.0754119602825
47606,33.332550004756804,1112.1199999992705,7359.119154007997
47607,33.332550004756804,1112.1399999992705,7359.162895619112
47608,33.332550004756804,1112.1599999992704,7359.20663679361
47609,33.332550004756804,1112.1799999992704,7359.250377531478
47610,33.332550004756804,1112.1999999992704,7359.294117832699
47611,33.332550004756804,1112.2199999992704,7359.337857697257
47612,33.332550004756804,1112.2399999992704,7359.381597125138
47613,33.332550004756804,1112.2599999992703,7359.425336116325
47614,33.332550004756804,1112.2799999992703,7359.469074670802
47615,33.332550004756804,1112.2999999992703,7359.5128127885555
47616,33.332550004756804,1112.3199999992703,7359.556550469569
47617,33.332550004756804,1112.3399999992703,7359.600287713826
47618,33.332550004756804,1112.3599999992703,7359.6440245213125
47619,33.332550004756804,1112.3799999992702,7359.687760892011
47620,33.332550004756804,1112.3999999992702,7359.731496825908
47621,33.332550004756804,1112.4199999992702,7359.775232322987
47622,33.332550004756804,1112.4399999992702,7359.818967383232
47623,33.332550004756804,1112.4599999992702,7359.862702006628
47624,33.332550004756804,1112.4799999992701,7359.90643619316
47625,33.332550004756804,1112.4999999992701,7359.950169942811
47626,33.332550004756804,1112.51999999927,7359.993903255567
47627,33.332550004756804,1112.53999999927,7360.0376361313865
47628,33.332550004756804,1112.55999999927,7360.08136857022
47629,33.332550004756804,1112.57999999927,7360.125100572049
47630,33.332550004756804,1112.59999999927,7360.168832136858
47631,33.332550004756804,1112.61999999927,7360.212563264634
47632,33.332550004756804,1112.63999999927,7360.256293955361
47633,33.332550004756804,1112.65999999927,7360.300024209024
47634,33.332550004756804,1112.67999999927,7360.343754025607
47635,33.332550004756804,1112.69999999927,7360.387483405097
47636,33.332550004756804,1112.71999999927,7360.4312123474765
47637,33.332550004756804,1112.73999999927,7360.474940852732
47638,33.332550004756804,1112.75999999927,7360.518668920849
47639,33.332550004756804,1112.7799999992699,7360.5623965518125
47640,33.332550004756804,1112.7999999992699,7360.606123745606
47641,33.332550004756804,1112.8199999992698,7360.6498505022155
47642,33.332550004756804,1112.8399999992698,7360.693576821626
47643,33.332550004756804,1112.8599999992698,7360.7373027040485
47644,33.332550004756804,1112.8799999992698,7360.781028150668
47645,33.332550004756804,1112.8999999992698,7360.824753161579
47646,33.332550004756804,1112.9199999992697,7360.868477736765
47647,33.332550004756804,1112.9399999992697,7360.912201876213
47648,33.332550004756804,1112.9599999992697,7360.955925579906
47649,33.332550004756804,1112.9799999992697,7360.99964884783
47650,33.332550004756804,1112.9999999992697,7361.043371679971
47651,33.332550004756804,1113.0199999992697,7361.0870940763125
47652,33.332550004756804,1113.0399999992696,7361.13081603684
47653,33.332550004756804,1113.0599999992696,7361.174537561539
47654,33.332550004756804,1113.0799999992696,7361.218258650394
47655,33.332550004756804,1113.0999999992696,7361.261979303391
47656,33.332550004756804,1113.1199999992696,7361.305699520513
47657,33.332550004756804,1113.1399999992695,7361.349419301748
47658,33.332550004756804,1113.1599999992695,7361.393138647079
47659,33.332550004756804,1113.1799999992695,7361.43685755649
47660,33.332550004756804,1113.1999999992695,7361.48057602997
47661,33.332550004756804,1113.2199999992695,7361.5242940675
47662,33.332550004756804,1113.2399999992695,7361.568011669067
47663,33.332550004756804,1113.2599999992694,7361.611728834656
47664,33.332550004756804,1113.2799999992694,7361.655445564252
47665,33.332550004756804,1113.2999999992694,7361.6991618578395
47666,33.332550004756804,1113.3199999992694,7361.742877715404
47667,33.332550004756804,1113.3399999992694,7361.78659313693
47668,33.332550004756804,1113.3599999992693,7361.830308122403
47669,33.332550004756804,1113.3799999992693,7361.874022671808
47670,33.332550004756804,1113.3999999992693,7361.917736785131
47671,33.332550004756804,1113.4199999992693,7361.961450462356
47672,33.332550004756804,1113.4399999992693,7362.0051637034685
47673,33.332550004756804,1113.4599999992693,7362.048876508453
47674,33.332550004756804,1113.4799999992692,7362.0925888772945
47675,33.332550004756804,1113.4999999992692,7362.136300809979
47676,33.332550004756804,1113.5199999992692,7362.18001230649
47677,33.332550004756804,1113.5399999992692,7362.223723366815
47678,33.332550004756804,1113.5599999992692,7362.267433990936
47679,33.332550004756804,1113.5799999992691,7362.311144178841
47680,33.332550004756804,1113.5999999992691,7362.354853930513
47681,33.332550004756804,1113.619999999269,7362.398563245938
47682,33.332550004756804,1113.639999999269,7362.4422721251
47683,33.332550004756804,1113.659999999269,7362.485980567985
47684,33.332550004756804,1113.679999999269,7362.529688574578
47685,33.332550004756804,1113.699999999269,7362.573396144865
47686,33.332550004756804,1113.719999999269,7362.617103278829
47687,33.332550004756804,1113.739999999269,7362.660809976456
47688,33.332550004756804,1113.759999999269,7362.704516237732
47689,33.332550004756804,1113.779999999269,7362.748222062641
47690,33.332550004756804,1113.799999999269,7362.791927451168
47691,33.332550004756804,1113.819999999269,7362.835632403298
47692,33.332550004756804,1113.839999999269,7362.879336919017
47693,33.332550004756804,1113.859999999269,7362.923040998309
47694,33.332550004756804,1113.8799999992689,7362.966744641477
47695,33.332550004756804,1113.8999999992689,7363.010447849637
47696,33.332550004756804,1113.9199999992688,7363.054150622865
47697,33.332550004756804,1113.9399999992688,7363.097852961145
47698,33.332550004756804,1113.9599999992688,7363.141554864463
47699,33.332550004756804,1113.9799999992688,7363.185256332803
47700,33.332550004756804,1113.9999999992688,7363.228957366151
47701,33.332550004756804,1114.0199999992687,7363.272657964492
47702,33.332550004756804,1114.0399999992687,7363.316358127811
47703,33.332550004756804,1114.0599999992687,7363.360057856094
47704,33.332550004756804,1114.0799999992687,7363.403757149324
47705,33.332550004756804,1114.0999999992687,7363.447456007487
47706,33.332550004756804,1114.1199999992687,7363.491154430569
47707,33.332550004756804,1114.1399999992686,7363.534852418554
47708,33.332550004756804,1114.1599999992686,7363.5785499714275
47709,33.332550004756804,1114.1799999992686,7363.622247089174
47710,33.332550004756804,1114.1999999992686,7363.66594377178
47711,33.332550004756804,1114.2199999992686,7363.7096400192295
47712,33.332550004756804,1114.2399999992685,7363.753335831508
47713,33.332550004756804,1114.2599999992685,7363.7970312086
47714,33.332550004756804,1114.2799999992685,7363.840726150491
47715,33.332550004756804,1114.2999999992685,7363.884420657166
47716,33.332550004756804,1114.3199999992685,7363.928114728609
47717,33.332550004756804,1114.3399999992685,7363.971808364807
47718,33.332550004756804,1114.3599999992684,7364.015501565744
47719,33.332550004756804,1114.3799999992684,7364.059194331405
47720,33.332550004756804,1114.3999999992684,7364.102886661775
47721,33.332550004756804,1114.4199999992684,7364.146578556841
47722,33.332550004756804,1114.4399999992684,7364.190270016586
47723,33.332550004756804,1114.4599999992683,7364.233961040995
47724,33.332550004756804,1114.4799999992683,7364.277651630055
47725,33.332550004756804,1114.4999999992683,7364.321341783749
47726,33.332550004756804,1114.5199999992683,7364.365031502062
47727,33.332550004756804,1114.5399999992683,7364.408720784981
47728,33.332550004756804,1114.5599999992683,7364.452409632489
47729,33.332550004756804,1114.5799999992682,7364.496098044573
47730,33.332550004756804,1114.5999999992682,7364.539786021217
47731,33.332550004756804,1114.6199999992682,7364.583473562406
47732,33.332550004756804,1114.6399999992682,7364.627160668125
47733,33.332550004756804,1114.6599999992682,7364.67084733836
47734,33.332550004756804,1114.6799999992681,7364.714533573095
47735,33.332550004756804,1114.6999999992681,7364.758219372316
47736,33.332550004756804,1114.719999999268,7364.801904736007
47737,33.332550004756804,1114.739999999268,7364.8455896641535
47738,33.332550004756804,1114.759999999268,7364.8892741567415
47739,33.332550004756804,1114.779999999268,7364.932958213755
47740,33.332550004756804,1114.799999999268,7364.97664183518
47741,33.332550004756804,1114.819999999268,7365.020325021001
47742,33.332550004756804,1114.839999999268,7365.064007771202
47743,33.332550004756804,1114.859999999268,7365.107690085771
47744,33.332550004756804,1114.879999999268,7365.15137196469
47745,33.332550004756804,1114.899999999268,7365.195053408381
47746,33.332550004756804,1114.919999999268,7365.238734417955
47747,33.332550004756804,1114.939999999268,7365.282414993475
47748,33.332550004756804,1114.959999999268,7365.326095134925
47749,33.332550004756804,1114.9799999992679,7365.36977484229
47750,33.332550004756804,1114.9999999992679,7365.413454115556
47751,33.332550004756804,1115.0199999992678,7365.457132954707
47752,33.332550004756804,1115.0399999992678,7365.500811359729
47753,33.332550004756804,1115.0599999992678,7365.544489330605
47754,33.332550004756804,1115.0799999992678,7365.588166867322
47755,33.332550004756804,1115.0999999992678,7365.631843969863
47756,33.332550004756804,1115.1199999992677,7365.675520638215
47757,33.332550004756804,1115.1399999992677,7365.719196872362
47758,33.332550004756804,1115.1599999992677,7365.762872672289
47759,33.332550004756804,1115.1799999992677,7365.80654803798
47760,33.332550004756804,1115.1999999992677,7365.850222969421
47761,33.332550004756804,1115.2199999992677,7365.893897466597
47762,33.332550004756804,1115.2399999992676,7365.937571529493
47763,33.332550004756804,1115.2599999992676,7365.981245158093
47764,33.332550004756804,1115.2799999992676,7366.024918352383
47765,33.332550004756804,1115.2999999992676,7366.068591112347
47766,33.332550004756804,1115.3199999992676,7366.112263437972
47767,33.332550004756804,1115.3399999992675,7366.1559353292405
47768,33.332550004756804,1115.3599999992675,7366.199606786139
47769,33.332550004756804,1115.3799999992675,7366.243277808652
47770,33.332550004756804,1115.3999999992675,7366.286948396764
47771,33.332550004756804,1115.4199999992675,7366.330618550461
47772,33.332550004756804,1115.4399999992675,7366.374288269726
47773,33.332550004756804,1115.4599999992674,7366.417957554546
47774,33.332550004756804,1115.4799999992674,7366.461626404905
47775,33.332550004756804,1115.4999999992674,7366.505294820788
47776,33.332550004756804,1115.5199999992674,7366.54896280218
47777,33.332550004756804,1115.5399999992674,7366.592630349066
47778,33.332550004756804,1115.5599999992673,7366.636297461431
47779,33.332550004756804,1115.5799999992673,7366.679964139261
47780,33.332550004756804,1115.5999999992673,7366.723630382539
47781,33.332550004756804,1115.6199999992673,7366.767296191251
47782,33.28809656274836,1115.6399999992673,7366.810961565382
47783,33.28809656274836,1115.6599999992673,7366.854626504916
47784,33.28809656274836,1115.6799999992672,7366.898291009839
47785,33.28809656274836,1115.6999999992672,7366.941955080137
47786,33.28809656274836,1115.7199999992672,7366.985618715792
47787,33.28809656274836,1115.7399999992672,7367.029281916792
47788,33.28809656274836,1115.7599999992672,7367.072944683119
47789,33.28809656274836,1115.7799999992671,7367.11660701476
47790,33.28809656274836,1115.7999999992671,7367.1602689117
47791,33.28809656274836,1115.819999999267,7367.203930373923
47792,33.28809656274836,1115.839999999267,7367.247591401415
47793,33.28809656274836,1115.859999999267,7367.291251994159
47794,33.28809656274836,1115.879999999267,7367.334912152142
47795,33.28809656274836,1115.899999999267,7367.378571875349
47796,33.28809656274836,1115.919999999267,7367.422231164228
47797,33.28809656274836,1115.939999999267,7367.465890019684
47798,33.28809656274836,1115.959999999267,7367.509548441752
47799,33.28809656274836,1115.979999999267,7367.553206430415
47800,33.28809656274836,1115.999999999267,7367.596863985661
47801,33.28809656274836,1116.019999999267,7367.6405211074725
47802,33.28809656274836,1116.039999999267,7367.684177795835
47803,33.28809656274836,1116.059999999267,7367.727834050735
47804,33.28809656274836,1116.0799999992669,7367.771489872154
47805,33.28809656274836,1116.0999999992669,7367.81514526008
47806,33.28809656274836,1116.1199999992668,7367.858800214496
47807,33.28809656274836,1116.1399999992668,7367.902454735387
47808,33.28809656274836,1116.1599999992668,7367.946108822739
47809,33.28809656274836,1116.1799999992668,7367.989762476536
47810,33.28809656274836,1116.1999999992668,7368.033415696763
47811,33.28809656274836,1116.2199999992667,7368.077068483405
47812,33.28809656274836,1116.2399999992667,7368.120720836447
47813,33.28809656274836,1116.2599999992667,7368.164372755873
47814,33.28809656274836,1116.2799999992667,7368.208024241669
47815,33.28809656274836,1116.2999999992667,7368.251675293819
47816,33.28809656274836,1116.3199999992667,7368.295325912309
47817,33.28809656274836,1116.3399999992666,7368.338976097122
47818,33.28809656274836,1116.3599999992666,7368.382625848245
47819,33.28809656274836,1116.3799999992666,7368.4262751656615
47820,33.28809656274836,1116.3999999992666,7368.469924049356
47821,33.28809656274836,1116.4199999992666,7368.513572499315
47822,33.28809656274836,1116.4399999992665,7368.557220515522
47823,33.28809656274836,1116.4599999992665,7368.600868097962
47824,33.28809656274836,1116.4799999992665,7368.64451524662
47825,33.28809656274836,1116.4999999992665,7368.6881619614815
47826,33.28809656274836,1116.5199999992665,7368.731808242531
47827,33.28809656274836,1116.5399999992665,7368.775454089752
47828,33.28809656274836,1116.5599999992664,7368.819099503132
47829,33.28809656274836,1116.5799999992664,7368.862744482653
47830,33.28809656274836,1116.5999999992664,7368.906389028302
47831,33.28809656274836,1116.6199999992664,7368.950033140063
47832,33.28809656274836,1116.6399999992664,7368.993676817921
47833,33.28809656274836,1116.6599999992663,7369.0373200618615
47834,33.28809656274836,1116.6799999992663,7369.080962871868
47835,33.28809656274836,1116.6999999992663,7369.124605247926
47836,33.28809656274836,1116.7199999992663,7369.168247190021
47837,33.28809656274836,1116.7399999992663,7369.211888698138
47838,33.28809656274836,1116.7599999992663,7369.255529772261
47839,33.28809656274836,1116.7799999992662,7369.299170412375
47840,33.28809656274836,1116.7999999992662,7369.342810618465
47841,33.28809656274836,1116.8199999992662,7369.386450390515
47842,33.28809656274836,1116.8399999992662,7369.430089728511
47843,33.28809656274836,1116.8599999992662,7369.473728632438
47844,33.28809656274836,1116.8799999992661,7369.51736710228
47845,33.28809656274836,1116.8999999992661,7369.561005138023
47846,33.28809656274836,1116.919999999266,7369.60464273965
47847,33.28809656274836,1116.939999999266,7369.648279907725
47848,33.28809656274836,1116.959999999266,7369.691916643125
47849,33.28809656274836,1116.979999999266,7369.735552945871
47850,33.28809656274836,1116.999999999266,7369.779188815946
47851,33.28809656274836,1117.019999999266,7369.822824253337
47852,33.28809656274836,1117.039999999266,7369.866459258027
47853,33.28809656274836,1117.059999999266,7369.910093830002
47854,33.28809656274836,1117.079999999266,7369.953727969245
47855,33.28809656274836,1117.099999999266,7369.9973616757425
47856,33.28809656274836,1117.119999999266,7370.040994949458
47857,33.28809656274836,1117.139999999266,7370.084627790351
47858,33.28809656274836,1117.159999999266,7370.128260198407
47859,33.28809656274836,1117.1799999992659,7370.171892173609
47860,33.28809656274836,1117.1999999992659,7370.215523715943
47861,33.28809656274836,1117.2199999992658,7370.259154825393
47862,33.28809656274836,1117.2399999992658,7370.3027855019445
47863,33.28809656274836,1117.2599999992658,7370.346415745581
47864,33.28809656274836,1117.2799999992658,7370.390045556288
47865,33.28809656274836,1117.2999999992658,7370.433674934049
47866,33.28809656274836,1117.3199999992657,7370.47730387885
47867,33.28809656274836,1117.3399999992657,7370.520932390675
47868,33.28809656274836,1117.3599999992657,7370.564560469509
47869,33.28809656274836,1117.3799999992657,7370.608188115337
47870,33.28809656274836,1117.3999999992657,7370.651815328142
47871,33.28809656274836,1117.4199999992657,7370.695442107911
47872,33.28809656274836,1117.4399999992656,7370.739068454627
47873,33.28809656274836,1117.4599999992656,7370.782694368276
47874,33.28809656274836,1117.4799999992656,7370.826319848841
47875,33.28809656274836,1117.4999999992656,7370.869944896308
47876,33.28809656274836,1117.5199999992656,7370.913569510661
47877,33.28809656274836,1117.5399999992655,7370.957193691884
47878,33.28809656274836,1117.5599999992655,7371.000817439963
47879,33.28809656274836,1117.5799999992655,7371.044440754882
47880,33.28809656274836,1117.5999999992655,7371.088063636626
47881,33.28809656274836,1117.6199999992655,7371.13168608518
47882,33.28809656274836,1117.6399999992655,7371.175308100528
47883,33.28809656274836,1117.6599999992654,7371.218929682655
47884,33.28809656274836,1117.6799999992654,7371.262550831545
47885,33.28809656274836,1117.6999999992654,7371.306171547183
47886,33.28809656274836,1117.7199999992654,7371.349791829554
47887,33.28809656274836,1117.7399999992654,7371.393411678643
47888,33.28809656274836,1117.7599999992653,7371.437031094434
47889,33.28809656274836,1117.7799999992653,7371.480650076912
47890,33.28809656274836,1117.7999999992653,7371.524268626061
47891,33.28809656274836,1117.8199999992653,7371.5678867418665
47892,33.28809656274836,1117.8399999992653,7371.611504424312
47893,33.28809656274836,1117.8599999992653,7371.655121673384
47894,33.28809656274836,1117.8799999992652,7371.698738489066
47895,33.28809656274836,1117.8999999992652,7371.742354871343
47896,33.28809656274836,1117.9199999992652,7371.7859708201995
47897,33.28809656274836,1117.9399999992652,7371.829586335621
47898,33.28809656274836,1117.9599999992652,7371.87320141826
47899,33.28809656274836,1117.9799999992651,7371.91681606893
47900,33.28809656274836,1117.9999999992651,7371.960430287632
47901,33.28809656274836,1118.019999999265,7372.004044074352
47902,33.28809656274836,1118.039999999265,7372.047657429074
47903,33.28809656274836,1118.059999999265,7372.091270351783
47904,33.28809656274836,1118.079999999265,7372.134882842463
47905,33.28809656274836,1118.099999999265,7372.1784949011
47906,33.28809656274836,1118.119999999265,7372.222106527677
47907,33.28809656274836,1118.139999999265,7372.26571772218
47908,33.28809656274836,1118.159999999265,7372.309328484594
47909,33.28809656274836,1118.179999999265,7372.352938814902
47910,33.28809656274836,1118.199999999265,7372.39654871309
47911,33.28809656274836,1118.219999999265,7372.440158179143
47912,33.28809656274836,1118.239999999265,7372.483767213044
47913,33.28809656274836,1118.259999999265,7372.52737581478
47914,33.28809656274836,1118.2799999992649,7372.570983984334
47915,33.28809656274836,1118.2999999992649,7372.614591721691
47916,33.28809656274836,1118.3199999992648,7372.658199026836
47917,33.28809656274836,1118.3399999992648,7372.701805899754
47918,33.28809656274836,1118.3599999992648,7372.745412340429
47919,33.28809656274836,1118.3799999992648,7372.789018348845
47920,33.28809656274836,1118.3999999992648,7372.832623924989
47921,33.28809656274836,1118.4199999992647,7372.876229068844
47922,33.28809656274836,1118.4399999992647,7372.919833780395
47923,33.28809656274836,1118.4599999992647,7372.963438059626
47924,33.28809656274836,1118.4799999992647,7373.007041906523
47925,33.28809656274836,1118.4999999992647,7373.050645321071
47926,33.28809656274836,1118.5199999992647,7373.094248303253
47927,33.28809656274836,1118.5399999992646,7373.137850853055
47928,33.28809656274836,1118.5599999992646,7373.181452970462
47929,33.28809656274836,1118.5799999992646,7373.225054655457
47930,33.28809656274836,1118.5999999992646,7373.268655908026
47931,33.28809656274836,1118.6199999992646,7373.312256728153
47932,33.28809656274836,1118.6399999992645,7373.355857115824
47933,33.28809656274836,1118.6599999992645,7373.399457071022
47934,33.28809656274836,1118.6799999992645,7373.443056593733
47935,33.28809656274836,1118.6999999992645,7373.486655683941
47936,33.28809656274836,1118.7199999992645,7373.53025434163
47937,33.28809656274836,1118.7399999992645,7373.573852566787
47938,33.28809656274836,1118.7599999992644,7373.617450359394
47939,33.28809656274836,1118.7799999992644,7373.661047719437
47940,33.28809656274836,1118.7999999992644,7373.704644646901
47941,33.28809656274836,1118.8199999992644,7373.748241141771
47942,33.28809656274836,1118.8399999992644,7373.791837204031
47943,33.28809656274836,1118.8599999992643,7373.835432833665
47944,33.28809656274836,1118.8799999992643,7373.879028030659
47945,33.28809656274836,1118.8999999992643,7373.922622794998
47946,33.28809656274836,1118.9199999992643,7373.966217126665
47947,33.28809656274836,1118.9399999992643,7374.009811025645
47948,33.28809656274836,1118.9599999992643,7374.053404491924
47949,33.28809656274836,1118.9799999992642,7374.096997526247
47950,33.28809656274836,1118.9999999992642,7374.140590129355
47951,33.28809656274836,1119.0199999992642,7374.184182301232
47952,33.28809656274836,1119.0399999992642,7374.227774041864
47953,33.28809656274836,1119.0599999992642,7374.271365351235
47954,33.28809656274836,1119.0799999992641,7374.314956229329
47955,33.28809656274836,1119.0999999992641,7374.358546676132
47956,33.28809656274836,1119.119999999264,7374.4021366916295
47957,33.28809656274836,1119.139999999264,7374.445726275804
47958,33.28809656274836,1119.159999999264,7374.489315428642
47959,33.28809656274836,1119.179999999264,7374.532904150127
47960,33.28809656274836,1119.199999999264,7374.576492440246
47961,33.28809656274836,1119.219999999264,7374.620080298981
47962,33.28809656274836,1119.239999999264,7374.663667726318
47963,33.28809656274836,1119.259999999264,7374.7072547222415
47964,33.28809656274836,1119.279999999264,7374.750841286736
47965,33.28809656274836,1119.299999999264,7374.794427419788
47966,33.28809656274836,1119.319999999264,7374.838013121381
47967,33.28809656274836,1119.339999999264,7374.881598391499
47968,33.28809656274836,1119.359999999264,7374.925183230128
47969,33.28809656274836,1119.3799999992639,7374.968767637251
47970,33.28809656274836,1119.3999999992639,7375.012351612855
47971,33.28809656274836,1119.4199999992638,7375.055935156924
47972,33.28809656274836,1119.4399999992638,7375.099518269441
47973,33.28809656274836,1119.4599999992638,7375.143100950394
47974,33.28809656274836,1119.4799999992638,7375.186683199766
47975,33.28809656274836,1119.4999999992638,7375.230265017541
47976,33.28809656274836,1119.5199999992637,7375.273846403705
47977,33.28809656274836,1119.5399999992637,7375.317427358242
47978,33.28809656274836,1119.5599999992637,7375.361007881137
47979,33.28809656274836,1119.5799999992637,7375.404587972375
47980,33.28809656274836,1119.5999999992637,7375.448167631941
47981,33.28809656274836,1119.6199999992637,7375.491746859819
47982,33.28809656274836,1119.6399999992636,7375.535325655994
47983,33.28809656274836,1119.6599999992636,7375.578904020451
47984,33.28809656274836,1119.6799999992636,7375.622481953174
47985,33.28809656274836,1119.6999999992636,7375.666059454149
47986,33.28809656274836,1119.7199999992636,7375.70963652336
47987,33.28809656274836,1119.7399999992635,7375.753213160792
47988,33.28809656274836,1119.7599999992635,7375.79678936643
47989,33.28809656274836,1119.7799999992635,7375.840365140258
47990,33.28809656274836,1119.7999999992635,7375.883940482261
47991,33.28809656274836,1119.8199999992635,7375.927515392424
47992,33.28809656274836,1119.8399999992635,7375.971089870731
47993,33.28809656274836,1119.8599999992634,7376.014663917168
47994,33.28809656274836,1119.8799999992634,7376.058237531719
47995,33.28809656274836,1119.8999999992634,7376.101810714369
47996,33.28809656274836,1119.9199999992634,7376.145383465103
47997,33.28809656274836,1119.9399999992634,7376.188955783905
47998,33.28809656274836,1119.9599999992633,7376.232527670761
47999,33.28809656274836,1119.9799999992633,7376.276099125674
48000,33.28809656274836,1119.9999999992633,7376.319670149518
48001,33.28809656274836,1120.0199999992633,7376.363240742992
48002,33.28809656274836,1120.0399999992633,7376.406810906082
48003,33.28809656274836,1120.0599999992633,7376.45038063877
48004,33.28809656274836,1120.0799999992632,7376.493949941044
48005,33.28809656274836,1120.0999999992632,7376.537518812886
48006,33.28809656274836,1120.1199999992632,7376.581087254283
48007,33.28809656274836,1120.1399999992632,7376.62465526522
48008,33.28809656274836,1120.1599999992632,7376.668222845681
48009,33.28809656274836,1120.1799999992631,7376.711789995651
48010,33.28809656274836,1120.1999999992631,7376.755356715115
48011,33.28809656274836,1120.219999999263,7376.798923004058
48012,33.28809656274836,1120.239999999263,7376.842488862465
48013,33.28809656274836,1120.259999999263,7376.88605429032
48014,33.28809656274836,1120.279999999263,7376.929619287609
48015,33.28809656274836,1120.299999999263,7376.973183854317
48016,33.28809656274836,1120.319999999263,7377.016747990428
48017,33.28809656274836,1120.339999999263,7377.060311695926
48018,33.28809656274836,1120.359999999263,7377.103874970799
48019,33.28809656274836,1120.379999999263,7377.147437815029
48020,33.28809656274836,1120.399999999263,7377.191000228602
48021,33.28809656274836,1120.419999999263,7377.2345622115035
48022,33.28809656274836,1120.439999999263,7377.278123763717
48023,33.28809656274836,1120.459999999263,7377.321684885229
48024,33.28809656274836,1120.4799999992629,7377.365245576023
48025,33.28809656274836,1120.4999999992629,7377.408805836085
48026,33.28809656274836,1120.5199999992628,7377.452365665399
48027,33.28809656274836,1120.5399999992628,7377.49592506395
48028,33.28809656274836,1120.5599999992628,7377.539484031724
48029,33.28809656274836,1120.5799999992628,7377.5830425687045
48030,33.28809656274836,1120.5999999992628,7377.626600674877
48031,33.28809656274836,1120.6199999992627,7377.670158350227
48032,33.28809656274836,1120.6399999992627,7377.7137155947385
48033,33.28809656274836,1120.6599999992627,7377.757272408397
48034,33.28809656274836,1120.6799999992627,7377.800828791186
48035,33.24374184071304,1120.6999999992627,7377.844384743093
48036,33.24374184071304,1120.7199999992627,7377.8879402641005
48037,33.24374184071304,1120.7399999992626,7377.931495354194
48038,33.24374184071304,1120.7599999992626,7377.97505001336
48039,33.24374184071304,1120.7799999992626,7378.018604241581
48040,33.24374184071304,1120.7999999992626,7378.062158038843
48041,33.24374184071304,1120.8199999992626,7378.105711405132
48042,33.24374184071304,1120.8399999992625,7378.149264340431
48043,33.24374184071304,1120.8599999992625,7378.192816844726
48044,33.24374184071304,1120.8799999992625,7378.236368918001
48045,33.24374184071304,1120.8999999992625,7378.279920560242
48046,33.24374184071304,1120.9199999992625,7378.323471771434
48047,33.24374184071304,1120.9399999992625,7378.367022551561
48048,33.24374184071304,1120.9599999992624,7378.410572900608
48049,33.24374184071304,1120.9799999992624,7378.45412281856
48050,33.24374184071304,1120.9999999992624,7378.497672305436
48051,33.24374184071304,1121.0199999992624,7378.5412213620675
48052,33.24374184071304,1121.0399999992624,7378.584769988981
48053,33.24374184071304,1121.0599999992623,7378.628318186162
48054,33.24374184071304,1121.0799999992623,7378.671865953595
48055,33.24374184071304,1121.0999999992623,7378.715413291267
48056,33.24374184071304,1121.1199999992623,7378.758960199162
48057,33.24374184071304,1121.1399999992623,7378.802506677265
48058,33.24374184071304,1121.1599999992623,7378.846052725562
48059,33.24374184071304,1121.1799999992622,7378.889598344037
48060,33.24374184071304,1121.1999999992622,7378.933143532677
48061,33.24374184071304,1121.2199999992622,7378.9766882914655
48062,33.24374184071304,1121.2399999992622,7379.020232620388
48063,33.24374184071304,1121.2599999992622,7379.063776519431
48064,33.24374184071304,1121.2799999992621,7379.107319988578
48065,33.24374184071304,1121.2999999992621,7379.150863027815
48066,33.24374184071304,1121.319999999262,7379.194405637127
48067,33.24374184071304,1121.339999999262,7379.237947816499
48068,33.24374184071304,1121.359999999262,7379.281489565918
48069,33.24374184071304,1121.379999999262,7379.325030885367
48070,33.24374184071304,1121.399999999262,7379.368571774832
48071,33.24374184071304,1121.419999999262,7379.412112234299
48072,33.24374184071304,1121.439999999262,7379.455652263751
48073,33.24374184071304,1121.459999999262,7379.499191863176
48074,33.24374184071304,1121.479999999262,7379.542731032557
48075,33.24374184071304,1121.499999999262,7379.58626977188
48076,33.24374184071304,1121.519999999262,7379.629808081131
48077,33.24374184071304,1121.539999999262,7379.673345960295
48078,33.24374184071304,1121.559999999262,7379.716883409355
48079,33.24374184071304,1121.5799999992619,7379.760420428299
48080,33.24374184071304,1121.5999999992619,7379.80395701711
48081,33.24374184071304,1121.6199999992618,7379.8474931757755
48082,33.24374184071304,1121.6399999992618,7379.89102890428
48083,33.24374184071304,1121.6599999992618,7379.934564202607
48084,33.24374184071304,1121.6799999992618,7379.978099070744
48085,33.24374184071304,1121.6999999992618,7380.0216335086725
48086,33.24374184071304,1121.7199999992617,7380.06516751635
48087,33.24374184071304,1121.7399999992617,7380.108701093759
48088,33.24374184071304,1121.7599999992617,7380.152234240885
48089,33.24374184071304,1121.7799999992617,7380.195766957714
48090,33.24374184071304,1121.7999999992617,7380.239299244231
48091,33.24374184071304,1121.8199999992617,7380.2828311004205
48092,33.24374184071304,1121.8399999992616,7380.326362526269
48093,33.24374184071304,1121.8599999992616,7380.369893521761
48094,33.24374184071304,1121.8799999992616,7380.413424086882
48095,33.24374184071304,1121.8999999992616,7380.456954221617
48096,33.24374184071304,1121.9199999992616,7380.500483925951
48097,33.24374184071304,1121.9399999992615,7380.54401319987
48098,33.24374184071304,1121.9599999992615,7380.5875420433595
48099,33.24374184071304,1121.9799999992615,7380.631070456404
48100,33.24374184071304,1121.9999999992615,7380.674598438989
48101,33.24374184071304,1122.0199999992615,7380.718125991154
48102,33.24374184071304,1122.0399999992615,7380.761653113845
48103,33.24374184071304,1122.0599999992614,7380.8051798075285
48104,33.24374184071304,1122.0799999992614,7380.84870607219
48105,33.24374184071304,1122.0999999992614,7380.892231907814
48106,33.24374184071304,1122.1199999992614,7380.935757314385
48107,33.24374184071304,1122.1399999992614,7380.979282291889
48108,33.24374184071304,1122.1599999992613,7381.02280684031
48109,33.24374184071304,1122.1799999992613,7381.066330959633
48110,33.24374184071304,1122.1999999992613,7381.109854649843
48111,33.24374184071304,1122.2199999992613,7381.153377910925
48112,33.24374184071304,1122.2399999992613,7381.196900742863
48113,33.24374184071304,1122.2599999992613,7381.240423145643
48114,33.24374184071304,1122.2799999992612,7381.283945119249
48115,33.24374184071304,1122.2999999992612,7381.327466663667
48116,33.24374184071304,1122.3199999992612,7381.3709877788815
48117,33.24374184071304,1122.3399999992612,7381.414508464876
48118,33.24374184071304,1122.3599999992612,7381.458028721638
48119,33.24374184071304,1122.3799999992611,7381.501548549149
48120,33.24374184071304,1122.3999999992611,7381.545067947397
48121,33.24374184071304,1122.419999999261,7381.588586916365
48122,33.24374184071304,1122.439999999261,7381.6321054560385
48123,33.24374184071304,1122.459999999261,7381.6756235664025
48124,33.24374184071304,1122.479999999261,7381.719141247441
48125,33.24374184071304,1122.499999999261,7381.76265849914
48126,33.24374184071304,1122.519999999261,7381.806175321484
48127,33.24374184071304,1122.539999999261,7381.849691714458
48128,33.24374184071304,1122.559999999261,7381.893207678046
48129,33.24374184071304,1122.579999999261,7381.936723212233
48130,33.24374184071304,1122.599999999261,7381.980238317005
48131,33.24374184071304,1122.619999999261,7382.023752992347
48132,33.24374184071304,1122.639999999261,7382.0672672382425
48133,33.24374184071304,1122.659999999261,7382.110781054677
48134,33.24374184071304,1122.6799999992609,7382.154294441636
48135,33.24374184071304,1122.6999999992609,7382.197807399103
48136,33.24374184071304,1122.7199999992608,7382.241319927064
48137,33.24374184071304,1122.7399999992608,7382.284832025503
48138,33.24374184071304,1122.7599999992608,7382.328343694407
48139,33.24374184071304,1122.7799999992608,7382.371854933758
48140,33.24374184071304,1122.7999999992608,7382.415365743543
48141,33.24374184071304,1122.8199999992607,7382.4588761237455
48142,33.24374184071304,1122.8399999992607,7382.502386074351
48143,33.24374184071304,1122.8599999992607,7382.5458955953445
48144,33.24374184071304,1122.8799999992607,7382.589404686711
48145,33.24374184071304,1122.8999999992607,7382.632913348434
48146,33.24374184071304,1122.9199999992607,7382.6764215805
48147,33.24374184071304,1122.9399999992606,7382.719929382893
48148,33.24374184071304,1122.9599999992606,7382.7634367555975
48149,33.24374184071304,1122.9799999992606,7382.8069436986
48150,33.24374184071304,1122.9999999992606,7382.850450211884
48151,33.24374184071304,1123.0199999992606,7382.893956295435
48152,33.24374184071304,1123.0399999992605,7382.937461949308
48153,33.24374184071304,1123.0599999992605,7382.980967174523
48154,33.24374184071304,1123.0799999992605,7383.024471971458
48155,33.24374184071304,1123.0999999992605,7383.067976340098
48156,33.24374184071304,1123.1199999992605,7383.111480280427
48157,33.24374184071304,1123.1399999992605,7383.15498379243
48158,33.24374184071304,1123.1599999992604,7383.198486876094
48159,33.24374184071304,1123.1799999992604,7383.2419895314015
48160,33.24374184071304,1123.1999999992604,7383.285491758338
48161,33.24374184071304,1123.2199999992604,7383.328993556889
48162,33.24374184071304,1123.2399999992604,7383.372494927039
48163,33.24374184071304,1123.2599999992603,7383.415995868772
48164,33.24374184071304,1123.2799999992603,7383.459496382075
48165,33.24374184071304,1123.2999999992603,7383.50299646693
48166,33.24374184071304,1123.3199999992603,7383.546496123325
48167,33.24374184071304,1123.3399999992603,7383.589995351243
48168,33.24374184071304,1123.3599999992603,7383.633494150668
48169,33.24374184071304,1123.3799999992602,7383.676992521587
48170,33.24374184071304,1123.3999999992602,7383.720490463983
48171,33.24374184071304,1123.4199999992602,7383.763987977843
48172,33.24374184071304,1123.4399999992602,7383.807485063149
48173,33.24374184071304,1123.4599999992602,7383.850981719888
48174,33.24374184071304,1123.4799999992601,7383.894477948045
48175,33.24374184071304,1123.4999999992601,7383.937973747605
48176,33.24374184071304,1123.51999999926,7383.981469118551
48177,33.24374184071304,1123.53999999926,7384.024964060869
48178,33.24374184071304,1123.55999999926,7384.068458574544
48179,33.24374184071304,1123.57999999926,7384.11195265956
48180,33.24374184071304,1123.59999999926,7384.155446315904
48181,33.24374184071304,1123.61999999926,7384.1989395435585
48182,33.24374184071304,1123.63999999926,7384.242432342509
48183,33.24374184071304,1123.65999999926,7384.285924712742
48184,33.24374184071304,1123.67999999926,7384.32941665424
48185,33.24374184071304,1123.69999999926,7384.37290816699
48186,33.24374184071304,1123.71999999926,7384.416399250976
48187,33.24374184071304,1123.73999999926,7384.459889906182
48188,33.24374184071304,1123.75999999926,7384.5033801325935
48189,33.24374184071304,1123.7799999992599,7384.5468699301955
48190,33.24374184071304,1123.7999999992599,7384.590359298973
48191,33.24374184071304,1123.8199999992598,7384.633848238911
48192,33.24374184071304,1123.8399999992598,7384.677336749994
48193,33.24374184071304,1123.8599999992598,7384.720824832207
48194,33.24374184071304,1123.8799999992598,7384.764312485534
48195,33.24374184071304,1123.8999999992598,7384.807799709962
48196,33.24374184071304,1123.9199999992597,7384.851286505474
48197,33.24374184071304,1123.9399999992597,7384.894772872055
48198,33.24374184071304,1123.9599999992597,7384.9382588096905
48199,33.24374184071304,1123.9799999992597,7384.981744318366
48200,33.24374184071304,1123.9999999992597,7385.025229398065
48201,33.24374184071304,1124.0199999992597,7385.068714048773
48202,33.24374184071304,1124.0399999992596,7385.112198270474
48203,33.24374184071304,1124.0599999992596,7385.155682063244
48204,33.24374184071304,1124.0799999992596,7385.199165428169
48205,33.24374184071304,1124.0999999992596,7385.242648365541
48206,33.24374184071304,1124.1199999992596,7385.286130875344
48207,33.24374184071304,1124.1399999992595,7385.329612957563
48208,33.24374184071304,1124.1599999992595,7385.373094612182
48209,33.24374184071304,1124.1799999992595,7385.416575839188
48210,33.24374184071304,1124.1999999992595,7385.460056638564
48211,33.24374184071304,1124.2199999992595,7385.503537010296
48212,33.24374184071304,1124.2399999992595,7385.547016954369
48213,33.24374184071304,1124.2599999992594,7385.590496470767
48214,33.24374184071304,1124.2799999992594,7385.633975559475
48215,33.24374184071304,1124.2999999992594,7385.6774542204785
48216,33.24374184071304,1124.3199999992594,7385.720932453762
48217,33.24374184071304,1124.3399999992594,7385.76441025931
48218,33.24374184071304,1124.3599999992593,7385.807887637108
48219,33.24374184071304,1124.3799999992593,7385.851364587142
48220,33.24374184071304,1124.3999999992593,7385.894841109394
48221,33.24374184071304,1124.4199999992593,7385.9383172038515
48222,33.24374184071304,1124.4399999992593,7385.981792870498
48223,33.24374184071304,1124.4599999992593,7386.025268109319
48224,33.24374184071304,1124.4799999992592,7386.068742920299
48225,33.24374184071304,1124.4999999992592,7386.112217303423
48226,33.24374184071304,1124.5199999992592,7386.155691258676
48227,33.24374184071304,1124.5399999992592,7386.199164786042
48228,33.24374184071304,1124.5599999992592,7386.242637885508
48229,33.24374184071304,1124.5799999992591,7386.286110557057
48230,33.24374184071304,1124.5999999992591,7386.329582800675
48231,33.24374184071304,1124.619999999259,7386.373054616346
48232,33.24374184071304,1124.639999999259,7386.416526004055
48233,33.24374184071304,1124.659999999259,7386.4599969637875
48234,33.24374184071304,1124.679999999259,7386.503467495528
48235,33.24374184071304,1124.699999999259,7386.546937599261
48236,33.24374184071304,1124.719999999259,7386.590407274972
48237,33.24374184071304,1124.739999999259,7386.633876522646
48238,33.24374184071304,1124.759999999259,7386.677345342267
48239,33.24374184071304,1124.779999999259,7386.72081373382
48240,33.24374184071304,1124.799999999259,7386.764281697291
48241,33.24374184071304,1124.819999999259,7386.807749232665
48242,33.24374184071304,1124.839999999259,7386.8512163399255
48243,33.24374184071304,1124.859999999259,7386.894683019058
48244,33.24374184071304,1124.8799999992589,7386.938149270048
48245,33.24374184071304,1124.8999999992589,7386.981615092879
48246,33.24374184071304,1124.9199999992588,7387.025080487537
48247,33.24374184071304,1124.9399999992588,7387.068545454006
48248,33.24374184071304,1124.9599999992588,7387.112009992272
48249,33.24374184071304,1124.9799999992588,7387.155474102319
48250,33.24374184071304,1124.9999999992588,7387.198937784133
48251,33.24374184071304,1125.0199999992587,7387.242401037697
48252,33.24374184071304,1125.0399999992587,7387.285863862998
48253,33.24374184071304,1125.0599999992587,7387.329326260019
48254,33.24374184071304,1125.0799999992587,7387.3727882288595
48255,33.24374184071304,1125.0999999992587,7387.416249770756
48256,33.24374184071304,1125.1199999992587,7387.4597108859225
48257,33.24374184071304,1125.1399999992586,7387.503171574346
48258,33.24374184071304,1125.1599999992586,7387.54663183601
48259,33.24374184071304,1125.1799999992586,7387.5900916709015
48260,33.24374184071304,1125.1999999992586,7387.633551079003
48261,33.24374184071304,1125.2199999992586,7387.677010060301
48262,33.24374184071304,1125.2399999992585,7387.72046861478
48263,33.24374184071304,1125.2599999992585,7387.763926742425
48264,33.24374184071304,1125.2799999992585,7387.80738444322
48265,33.24374184071304,1125.2999999992585,7387.8508417171515
48266,33.24374184071304,1125.3199999992585,7387.894298564203
48267,33.24374184071304,1125.3399999992585,7387.937754984361
48268,33.24374184071304,1125.3599999992584,7387.981210977609
48269,33.24374184071304,1125.3799999992584,7388.024666543934
48270,33.24374184071304,1125.3999999992584,7388.068121683318
48271,33.24374184071304,1125.4199999992584,7388.111576395749
48272,33.24374184071304,1125.4399999992584,7388.15503068121
48273,33.24374184071304,1125.4599999992583,7388.1984845396855
48274,33.24374184071304,1125.4799999992583,7388.241937971162
48275,33.24374184071304,1125.4999999992583,7388.285390975624
48276,33.24374184071304,1125.5199999992583,7388.328843553057
48277,33.24374184071304,1125.5399999992583,7388.372295703444
48278,33.24374184071304,1125.5599999992583,7388.415747426772
48279,33.24374184071304,1125.5799999992582,7388.459198723025
48280,33.24374184071304,1125.5999999992582,7388.5026495921875
48281,33.24374184071304,1125.6199999992582,7388.546100034245
48282,33.24374184071304,1125.6399999992582,7388.589550049182
48283,33.24374184071304,1125.6599999992582,7388.632999636985
48284,33.24374184071304,1125.6799999992581,7388.676448797637
48285,33.24374184071304,1125.6999999992581,7388.719897531124
48286,33.24374184071304,1125.719999999258,7388.763345837431
48287,33.24374184071304,1125.739999999258,7388.806793716542
48288,33.24374184071304,1125.759999999258,7388.850241168444
48289,33.19948553199795,1125.779999999258,7388.8936881931195
48290,33.19948553199795,1125.799999999258,7388.937134790554
48291,33.19948553199795,1125.819999999258,7388.980580960734
48292,33.19948553199795,1125.839999999258,7389.024026703643
48293,33.19948553199795,1125.859999999258,7389.067472019267
48294,33.19948553199795,1125.879999999258,7389.110916907591
48295,33.19948553199795,1125.899999999258,7389.154361368598
48296,33.19948553199795,1125.919999999258,7389.197805402275
48297,33.19948553199795,1125.939999999258,7389.241249008605
48298,33.19948553199795,1125.959999999258,7389.284692187575
48299,33.19948553199795,1125.9799999992579,7389.328134939169
48300,33.19948553199795,1125.9999999992579,7389.371577263372
48301,33.19948553199795,1126.0199999992578,7389.415019160169
48302,33.19948553199795,1126.0399999992578,7389.458460629545
48303,33.19948553199795,1126.0599999992578,7389.501901671484
48304,33.19948553199795,1126.0799999992578,7389.545342285973
48305,33.19948553199795,1126.0999999992578,7389.588782473109
48306,33.19948553199795,1126.1199999992577,7389.632222234022
48307,33.19948553199795,1126.1399999992577,7389.6756615688155
48308,33.19948553199795,1126.1599999992577,7389.719100477474
48309,33.19948553199795,1126.1799999992577,7389.7625389599825
48310,33.19948553199795,1126.1999999992577,7389.805977016326
48311,33.19948553199795,1126.2199999992577,7389.849414646491
48312,33.19948553199795,1126.2399999992576,7389.892851850461
48313,33.19948553199795,1126.2599999992576,7389.936288628221
48314,33.19948553199795,1126.2799999992576,7389.979724979757
48315,33.19948553199795,1126.2999999992576,7390.023160905046
48316,33.19948553199795,1126.3199999992576,7390.066596404024
48317,33.19948553199795,1126.3399999992575,7390.110031476671
48318,33.19948553199795,1126.3599999992575,7390.153466122973
48319,33.19948553199795,1126.3799999992575,7390.196900342917
48320,33.19948553199795,1126.3999999992575,7390.240334136486
48321,33.19948553199795,1126.4199999992575,7390.283767503667
48322,33.19948553199795,1126.4399999992575,7390.327200444446
48323,33.19948553199795,1126.4599999992574,7390.3706329588085
48324,33.19948553199795,1126.4799999992574,7390.41406504674
48325,33.19948553199795,1126.4999999992574,7390.457496708226
48326,33.19948553199795,1126.5199999992574,7390.500927943253
48327,33.19948553199795,1126.5399999992574,7390.544358751807
48328,33.19948553199795,1126.5599999992573,7390.587789133871
48329,33.19948553199795,1126.5799999992573,7390.631219089434
48330,33.19948553199795,1126.5999999992573,7390.674648618479
48331,33.19948553199795,1126.6199999992573,7390.718077720993
48332,33.19948553199795,1126.6399999992573,7390.761506396962
48333,33.19948553199795,1126.6599999992573,7390.804934646371
48334,33.19948553199795,1126.6799999992572,7390.848362469206
48335,33.19948553199795,1126.6999999992572,7390.891789865453
48336,33.19948553199795,1126.7199999992572,7390.935216835096
48337,33.19948553199795,1126.7399999992572,7390.978643378123
48338,33.19948553199795,1126.7599999992572,7391.022069494518
48339,33.19948553199795,1126.7799999992571,7391.065495184268
48340,33.19948553199795,1126.7999999992571,7391.108920447357
48341,33.19948553199795,1126.819999999257,7391.152345283773
48342,33.19948553199795,1126.839999999257,7391.195769693499
48343,33.19948553199795,1126.859999999257,7391.2391936765225
48344,33.19948553199795,1126.879999999257,7391.282617232829
48345,33.19948553199795,1126.899999999257,7391.326040362403
48346,33.19948553199795,1126.919999999257,7391.369463065231
48347,33.19948553199795,1126.939999999257,7391.4128853412985
48348,33.19948553199795,1126.959999999257,7391.456307190592
48349,33.19948553199795,1126.979999999257,7391.4997286130965
48350,33.19948553199795,1126.999999999257,7391.543149608798
48351,33.19948553199795,1127.019999999257,7391.586570177681
48352,33.19948553199795,1127.039999999257,7391.629990319733
48353,33.19948553199795,1127.059999999257,7391.673410034939
48354,33.19948553199795,1127.0799999992569,7391.7168293232835
48355,33.19948553199795,1127.0999999992569,7391.760248184753
48356,33.19948553199795,1127.1199999992568,7391.803666619539
48357,33.19948553199795,1127.1399999992568,7391.8470846287855
48358,33.19948553199795,1127.1599999992568,7391.890502212584
48359,33.19948553199795,1127.1799999992568,7391.933919370918
48360,33.19948553199795,1127.1999999992568,7391.977336103775
48361,33.19948553199795,1127.2199999992567,7392.020752411139
48362,33.19948553199795,1127.2399999992567,7392.064168292996
48363,33.19948553199795,1127.2599999992567,7392.107583749332
48364,33.19948553199795,1127.2799999992567,7392.150998780131
48365,33.19948553199795,1127.2999999992567,7392.194413385379
48366,33.19948553199795,1127.3199999992567,7392.237827565063
48367,33.19948553199795,1127.3399999992566,7392.281241319165
48368,33.19948553199795,1127.3599999992566,7392.324654647673
48369,33.19948553199795,1127.3799999992566,7392.368067550571
48370,33.19948553199795,1127.3999999992566,7392.411480027845
48371,33.19948553199795,1127.4199999992566,7392.4548920794805
48372,33.19948553199795,1127.4399999992565,7392.498303705463
48373,33.19948553199795,1127.4599999992565,7392.541714905777
48374,33.19948553199795,1127.4799999992565,7392.585125680408
48375,33.19948553199795,1127.4999999992565,7392.628536029342
48376,33.19948553199795,1127.5199999992565,7392.671945952564
48377,33.19948553199795,1127.5399999992565,7392.715355450059
48378,33.19948553199795,1127.5599999992564,7392.758764521814
48379,33.19948553199795,1127.5799999992564,7392.802173167812
48380,33.19948553199795,1127.5999999992564,7392.84558138804
48381,33.19948553199795,1127.6199999992564,7392.888989182483
48382,33.19948553199795,1127.6399999992564,7392.932396551126
48383,33.19948553199795,1127.6599999992563,7392.975803493955
48384,33.19948553199795,1127.6799999992563,7393.019210010955
48385,33.19948553199795,1127.6999999992563,7393.062616102112
48386,33.19948553199795,1127.7199999992563,7393.10602176741
48387,33.19948553199795,1127.7399999992563,7393.149427006835
48388,33.19948553199795,1127.7599999992563,7393.192831820373
48389,33.19948553199795,1127.7799999992562,7393.236236208008
48390,33.19948553199795,1127.7999999992562,7393.279640169727
48391,33.19948553199795,1127.8199999992562,7393.3230437055145
48392,33.19948553199795,1127.8399999992562,7393.366446815356
48393,33.19948553199795,1127.8599999992562,7393.409849499237
48394,33.19948553199795,1127.8799999992561,7393.453251757142
48395,33.19948553199795,1127.8999999992561,7393.496653589058
48396,33.19948553199795,1127.919999999256,7393.540054994969
48397,33.19948553199795,1127.939999999256,7393.583455974861
48398,33.19948553199795,1127.959999999256,7393.626856528719
48399,33.19948553199795,1127.979999999256,7393.670256656529
48400,33.19948553199795,1127.999999999256,7393.713656358275
48401,33.19948553199795,1128.019999999256,7393.757055633944
48402,33.19948553199795,1128.039999999256,7393.800454483521
48403,33.19948553199795,1128.059999999256,7393.843852906991
48404,33.19948553199795,1128.079999999256,7393.8872509043385
48405,33.19948553199795,1128.099999999256,7393.930648475551
48406,33.19948553199795,1128.119999999256,7393.974045620612
48407,33.19948553199795,1128.139999999256,7394.017442339801
48408,33.19948553199795,1128.159999999256,7394.060838634201
48409,33.19948553199795,1128.1799999992559,7394.104234503886
48410,33.19948553199795,1128.1999999992559,7394.14762994884
48411,33.19948553199795,1128.2199999992558,7394.191024969051
48412,33.19948553199795,1128.2399999992558,7394.234419564503
48413,33.19948553199795,1128.2599999992558,7394.277813735181
48414,33.19948553199795,1128.2799999992558,7394.321207481071
48415,33.19948553199795,1128.2999999992558,7394.364600802158
48416,33.19948553199795,1128.3199999992557,7394.407993698428
48417,33.19948553199795,1128.3399999992557,7394.451386169866
48418,33.19948553199795,1128.3599999992557,7394.494778216457
48419,33.19948553199795,1128.3799999992557,7394.538169838188
48420,33.19948553199795,1128.3999999992557,7394.581561035043
48421,33.19948553199795,1128.4199999992557,7394.624951807007
48422,33.19948553199795,1128.4399999992556,7394.6683421540665
48423,33.19948553199795,1128.4599999992556,7394.711732076206
48424,33.19948553199795,1128.4799999992556,7394.755121573412
48425,33.19948553199795,1128.4999999992556,7394.798510645669
48426,33.19948553199795,1128.5199999992556,7394.841899292963
48427,33.19948553199795,1128.5399999992555,7394.885287515278
48428,33.19948553199795,1128.5599999992555,7394.928675312601
48429,33.19948553199795,1128.5799999992555,7394.972062684917
48430,33.19948553199795,1128.5999999992555,7395.01544963221
48431,33.19948553199795,1128.6199999992555,7395.058836154468
48432,33.19948553199795,1128.6399999992555,7395.102222251674
48433,33.19948553199795,1128.6599999992554,7395.145607923815
48434,33.19948553199795,1128.6799999992554,7395.188993170876
48435,33.19948553199795,1128.6999999992554,7395.232377992842
48436,33.19948553199795,1128.7199999992554,7395.275762389699
48437,33.19948553199795,1128.7399999992554,7395.319146361431
48438,33.19948553199795,1128.7599999992553,7395.362529908025
48439,33.19948553199795,1128.7799999992553,7395.405913029465
48440,33.19948553199795,1128.7999999992553,7395.449295725738
48441,33.19948553199795,1128.8199999992553,7395.492677996828
48442,33.19948553199795,1128.8399999992553,7395.536059842721
48443,33.19948553199795,1128.8599999992553,7395.579441263403
48444,33.19948553199795,1128.8799999992552,7395.622822258859
48445,33.19948553199795,1128.8999999992552,7395.666202829074
48446,33.19948553199795,1128.9199999992552,7395.709582974033
48447,33.19948553199795,1128.9399999992552,7395.752962693722
48448,33.19948553199795,1128.9599999992552,7395.796341988127
48449,33.19948553199795,1128.9799999992551,7395.839720857232
48450,33.19948553199795,1128.9999999992551,7395.883099301024
48451,33.19948553199795,1129.019999999255,7395.926477319487
48452,33.19948553199795,1129.039999999255,7395.969854912607
48453,33.19948553199795,1129.059999999255,7396.01323208037
48454,33.19948553199795,1129.079999999255,7396.05660882276
48455,33.19948553199795,1129.099999999255,7396.099985139763
48456,33.19948553199795,1129.119999999255,7396.143361031364
48457,33.19948553199795,1129.139999999255,7396.186736497551
48458,33.19948553199795,1129.159999999255,7396.230111538687
48459,33.19948553199795,1129.179999999255,7396.273486155787
48460,33.19948553199795,1129.199999999255,7396.316860348908
48461,33.19948553199795,1129.219999999255,7396.360234118037
48462,33.19948553199795,1129.239999999255,7396.403607463157
48463,33.19948553199795,1129.259999999255,7396.446980384254
48464,33.19948553199795,1129.2799999992549,7396.490352881314
48465,33.19948553199795,1129.2999999992549,7396.533724954321
48466,33.19948553199795,1129.3199999992548,7396.577096603261
48467,33.19948553199795,1129.3399999992548,7396.620467828121
48468,33.19948553199795,1129.3599999992548,7396.663838628885
48469,33.19948553199795,1129.3799999992548,7396.707209005538
48470,33.19948553199795,1129.3999999992548,7396.750578958066
48471,33.19948553199795,1129.4199999992547,7396.7939484864555
48472,33.19948553199795,1129.4399999992547,7396.83731759069
48473,33.19948553199795,1129.4599999992547,7396.880686270756
48474,33.19948553199795,1129.4799999992547,7396.924054526638
48475,33.19948553199795,1129.4999999992547,7396.967422358323
48476,33.19948553199795,1129.5199999992547,7397.010789765795
48477,33.19948553199795,1129.5399999992546,7397.05415674904
48478,33.19948553199795,1129.5599999992546,7397.097523308043
48479,33.19948553199795,1129.5799999992546,7397.14088944279
48480,33.19948553199795,1129.5999999992546,7397.184255153265
48481,33.19948553199795,1129.6199999992546,7397.227620439456
48482,33.19948553199795,1129.6399999992545,7397.270985301346
48483,33.19948553199795,1129.6599999992545,7397.314349738921
48484,33.19948553199795,1129.6799999992545,7397.357713752167
48485,33.19948553199795,1129.6999999992545,7397.401077341069
48486,33.19948553199795,1129.7199999992545,7397.444440505613
48487,33.19948553199795,1129.7399999992545,7397.487803245783
48488,33.19948553199795,1129.7599999992544,7397.531165561565
48489,33.19948553199795,1129.7799999992544,7397.574527452945
48490,33.19948553199795,1129.7999999992544,7397.617888919908
48491,33.19948553199795,1129.8199999992544,7397.66124996244
48492,33.19948553199795,1129.8399999992544,7397.704610580525
48493,33.19948553199795,1129.8599999992543,7397.7479707741495
48494,33.19948553199795,1129.8799999992543,7397.7913305432985
48495,33.19948553199795,1129.8999999992543,7397.834689887958
48496,33.19948553199795,1129.9199999992543,7397.878048808113
48497,33.19948553199795,1129.9399999992543,7397.921407303748
48498,33.19948553199795,1129.9599999992543,7397.964765374851
48499,33.19948553199795,1129.9799999992542,7398.008123021405
48500,33.19948553199795,1129.9999999992542,7398.051480243395
48501,33.19948553199795,1130.0199999992542,7398.094837040809
48502,33.19948553199795,1130.0399999992542,7398.13819341363
48503,33.19948553199795,1130.0599999992542,7398.181549361844
48504,33.19948553199795,1130.0799999992541,7398.224904885437
48505,33.19948553199795,1130.0999999992541,7398.268259984395
48506,33.19948553199795,1130.119999999254,7398.311614658702
48507,33.19948553199795,1130.139999999254,7398.354968908344
48508,33.19948553199795,1130.159999999254,7398.398322733306
48509,33.19948553199795,1130.179999999254,7398.4416761340735
48510,33.19948553199795,1130.199999999254,7398.485029111654
48511,33.19948553199795,1130.219999999254,7398.52838166609
48512,33.19948553199795,1130.239999999254,7398.571733797368
48513,33.19948553199795,1130.259999999254,7398.615085505473
48514,33.19948553199795,1130.279999999254,7398.65843679039
48515,33.19948553199795,1130.299999999254,7398.701787652103
48516,33.19948553199795,1130.319999999254,7398.7451380905995
48517,33.19948553199795,1130.339999999254,7398.788488105864
48518,33.19948553199795,1130.359999999254,7398.831837697882
48519,33.19948553199795,1130.3799999992539,7398.875186866639
48520,33.19948553199795,1130.3999999992539,7398.91853561212
48521,33.19948553199795,1130.4199999992538,7398.96188393431
48522,33.19948553199795,1130.4399999992538,7399.0052318331955
48523,33.19948553199795,1130.4599999992538,7399.048579308761
48524,33.19948553199795,1130.4799999992538,7399.091926360992
48525,33.19948553199795,1130.4999999992538,7399.135272989874
48526,33.19948553199795,1130.5199999992537,7399.178619195392
48527,33.19948553199795,1130.5399999992537,7399.221964977531
48528,33.19948553199795,1130.5599999992537,7399.265310336277
48529,33.19948553199795,1130.5799999992537,7399.308655271616
48530,33.19948553199795,1130.5999999992537,7399.351999783532
48531,33.19948553199795,1130.6199999992537,7399.395343872011
48532,33.19948553199795,1130.6399999992536,7399.438687537038
48533,33.19948553199795,1130.6599999992536,7399.482030778599
48534,33.19948553199795,1130.6799999992536,7399.52537359668
48535,33.19948553199795,1130.6999999992536,7399.568715991264
48536,33.19948553199795,1130.7199999992536,7399.612057962338
48537,33.19948553199795,1130.7399999992535,7399.6553995098875
48538,33.19948553199795,1130.7599999992535,7399.698740633898
48539,33.19948553199795,1130.7799999992535,7399.742081334353
48540,33.19948553199795,1130.7999999992535,7399.78542161124
48541,33.19948553199795,1130.8199999992535,7399.828761464543
48542,33.19948553199795,1130.8399999992535,7399.872100894248
48543,33.19948553199795,1130.8599999992534,7399.915439900341
48544,33.15532733117383,1130.8799999992534,7399.958778482805
48545,33.19948553199795,1130.8999999992534,7400.002116641627
48546,33.19948553199795,1130.9199999992534,7400.045454376738
48547,33.19948553199795,1130.9399999992534,7400.0887916880765
48548,33.19948553199795,1130.9599999992533,7400.132128575628
48549,33.19948553199795,1130.9799999992533,7400.175465039376
48550,33.19948553199795,1130.9999999992533,7400.218801079306
48551,33.15532733117383,1131.0199999992533,7400.262136695404
48552,33.15532733117383,1131.0399999992533,7400.305471887653
48553,33.15532733117383,1131.0599999992533,7400.3488066560385
48554,33.15532733117383,1131.0799999992532,7400.392141000545
48555,33.15532733117383,1131.0999999992532,7400.435474921158
48556,33.15532733117383,1131.1199999992532,7400.478808417862
48557,33.15532733117383,1131.1399999992532,7400.522141490641
48558,33.15532733117383,1131.1599999992532,7400.56547413948
48559,33.15532733117383,1131.1799999992531,7400.608806364365
48560,33.15532733117383,1131.1999999992531,7400.652138165791
48561,33.15532733117383,1131.219999999253,7400.695469544564
48562,33.15532733117383,1131.239999999253,7400.738800500702
48563,33.15532733117383,1131.259999999253,7400.7821310341915
48564,33.15532733117383,1131.279999999253,7400.825461145017
48565,33.15532733117383,1131.299999999253,7400.868790833164
48566,33.15532733117383,1131.319999999253,7400.912120098618
48567,33.15532733117383,1131.339999999253,7400.955448941365
48568,33.15532733117383,1131.359999999253,7400.99877736139
48569,33.15532733117383,1131.379999999253,7401.042105358679
48570,33.15532733117383,1131.399999999253,7401.085432933217
48571,33.15532733117383,1131.419999999253,7401.128760084989
48572,33.15532733117383,1131.439999999253,7401.172086813981
48573,33.15532733117383,1131.459999999253,7401.215413120179
48574,33.15532733117383,1131.4799999992529,7401.258739003567
48575,33.15532733117383,1131.4999999992529,7401.302064464132
48576,33.15532733117383,1131.5199999992528,7401.345389501858
48577,33.15532733117383,1131.5399999992528,7401.388714116732
48578,33.15532733117383,1131.5599999992528,7401.432038308739
48579,33.15532733117383,1131.5799999992528,7401.475362077864
48580,33.15532733117383,1131.5999999992528,7401.518685424093
48581,33.15532733117383,1131.6199999992527,7401.5620083474105
48582,33.15532733117383,1131.6399999992527,7401.605330847803
48583,33.15532733117383,1131.6599999992527,7401.648652925255
48584,33.15532733117383,1131.6799999992527,7401.691974579753
48585,33.15532733117383,1131.6999999992527,7401.735295811282
48586,33.15532733117383,1131.7199999992527,7401.7786166198275
48587,33.15532733117383,1131.7399999992526,7401.821937005375
48588,33.15532733117383,1131.7599999992526,7401.865256967909
48589,33.15532733117383,1131.7799999992526,7401.908576507416
48590,33.15532733117383,1131.7999999992526,7401.951895623882
48591,33.15532733117383,1131.8199999992526,7401.995214317291
48592,33.15532733117383,1131.8399999992525,7402.03853258763
48593,33.15532733117383,1131.8599999992525,7402.081850434883
48594,33.15532733117383,1131.8799999992525,7402.125167859036
48595,33.15532733117383,1131.8999999992525,7402.168484860075
48596,33.15532733117383,1131.9199999992525,7402.211801437985
48597,33.15532733117383,1131.9399999992524,7402.255117592751
48598,33.15532733117383,1131.9599999992524,7402.298433324359
48599,33.15532733117383,1131.9799999992524,7402.341748632795
48600,33.15532733117383,1131.9999999992524,7402.385063518044
48601,33.15532733117383,1132.0199999992524,7402.428377980092
48602,33.15532733117383,1132.0399999992524,7402.471692018922
48603,33.15532733117383,1132.0599999992523,7402.515005634522
48604,33.15532733117383,1132.0799999992523,7402.5583188268765
48605,33.15532733117383,1132.0999999992523,7402.601631595971
48606,33.15532733117383,1132.1199999992523,7402.644943941792
48607,33.15532733117383,1132.1399999992523,7402.688255864324
48608,33.15532733117383,1132.1599999992522,7402.731567363552
48609,33.15532733117383,1132.1799999992522,7402.774878439463
48610,33.15532733117383,1132.1999999992522,7402.8181890920405
48611,33.15532733117383,1132.2199999992522,7402.861499321899
48612,33.15532733117383,1132.2399999992522,7402.904809129822
48613,33.15532733117383,1132.2599999992522,7402.948118515812
48614,33.15532733117383,1132.2799999992521,7402.991427479856
48615,33.15532733117383,1132.2999999992521,7403.0347360219375
48616,33.15532733117383,1132.319999999252,7403.078044142043
48617,33.15532733117383,1132.339999999252,7403.121351840156
48618,33.15532733117383,1132.359999999252,7403.1646591162635
48619,33.15532733117383,1132.379999999252,7403.2079659703495
48620,33.15532733117383,1132.399999999252,7403.251272402399
48621,33.15532733117383,1132.419999999252,7403.294578412398
48622,33.15532733117383,1132.439999999252,7403.33788400033
48623,33.15532733117383,1132.459999999252,7403.381189166182
48624,33.15532733117383,1132.479999999252,7403.424493909937
48625,33.15532733117383,1132.499999999252,7403.4677982315825
48626,33.15532733117383,1132.519999999252,7403.511102131102
48627,33.15532733117383,1132.539999999252,7403.554405608481
48628,33.15532733117383,1132.5599999992519,7403.597708663705
48629,33.15532733117383,1132.5799999992519,7403.641011296758
48630,33.15532733117383,1132.5999999992518,7403.684313507626
48631,33.15532733117383,1132.6199999992518,7403.727615296294
48632,33.15532733117383,1132.6399999992518,7403.770916662747
48633,33.15532733117383,1132.6599999992518,7403.8142176069705
48634,33.15532733117383,1132.6799999992518,7403.857518128949
48635,33.15532733117383,1132.6999999992518,7403.900818228668
48636,33.15532733117383,1132.7199999992517,7403.944117906112
48637,33.15532733117383,1132.7399999992517,7403.987417161267
48638,33.15532733117383,1132.7599999992517,7404.030715994118
48639,33.15532733117383,1132.7799999992517,7404.074014404649
48640,33.15532733117383,1132.7999999992517,7404.117312392846
48641,33.15532733117383,1132.8199999992516,7404.160609958693
48642,33.15532733117383,1132.8399999992516,7404.203907102177
48643,33.15532733117383,1132.8599999992516,7404.247203823283
48644,33.15532733117383,1132.8799999992516,7404.290500121994
48645,33.15532733117383,1132.8999999992516,7404.333795998297
48646,33.15532733117383,1132.9199999992516,7404.377091452177
48647,33.15532733117383,1132.9399999992515,7404.420386483619
48648,33.15532733117383,1132.9599999992515,7404.463681092607
48649,33.15532733117383,1132.9799999992515,7404.506975279127
48650,33.15532733117383,1132.9999999992515,7404.550269043164
48651,33.15532733117383,1133.0199999992515,7404.593562384703
48652,33.15532733117383,1133.0399999992514,7404.636855303729
48653,33.15532733117383,1133.0599999992514,7404.680147800228
48654,33.15532733117383,1133.0799999992514,7404.723439874184
48655,33.15532733117383,1133.0999999992514,7404.766731525582
48656,33.15532733117383,1133.1199999992514,7404.810022754408
48657,33.15532733117383,1133.1399999992514,7404.853313560647
48658,33.15532733117383,1133.1599999992513,7404.896603944283
48659,33.15532733117383,1133.1799999992513,7404.939893905303
48660,33.15532733117383,1133.1999999992513,7404.98318344369
48661,33.15532733117383,1133.2199999992513,7405.026472559431
48662,33.15532733117383,1133.2399999992513,7405.069761253229
48663,33.15532733117383,1133.2599999992512,7405.113049525809
48664,33.15532733117383,1133.2799999992512,7405.156337377157
48665,33.15532733117383,1133.2999999992512,7405.199624807257
48666,33.15532733117383,1133.3199999992512,7405.242911816095
48667,33.15532733117383,1133.3399999992512,7405.286198403656
48668,33.15532733117383,1133.3599999992512,7405.329484569926
48669,33.15532733117383,1133.3799999992511,7405.372770314888
48670,33.15532733117383,1133.3999999992511,7405.416055638529
48671,33.15532733117383,1133.419999999251,7405.459340540833
48672,33.15532733117383,1133.439999999251,7405.502625021786
48673,33.15532733117383,1133.459999999251,7405.545909081374
48674,33.15532733117383,1133.479999999251,7405.58919271958
48675,33.15532733117383,1133.499999999251,7405.632475936391
48676,33.15532733117383,1133.519999999251,7405.675758731791
48677,33.15532733117383,1133.539999999251,7405.7190411057645
48678,33.15532733117383,1133.559999999251,7405.7623230582985
48679,33.15532733117383,1133.579999999251,7405.805604589377
48680,33.15532733117383,1133.599999999251,7405.848885698985
48681,33.15532733117383,1133.619999999251,7405.892166387108
48682,33.15532733117383,1133.639999999251,7405.935446653731
48683,33.15532733117383,1133.6599999992509,7405.978726498839
48684,33.15532733117383,1133.6799999992509,7406.0220059224175
48685,33.15532733117383,1133.6999999992508,7406.065284924452
48686,33.15532733117383,1133.7199999992508,7406.108563504927
48687,33.15532733117383,1133.7399999992508,7406.151841663827
48688,33.15532733117383,1133.7599999992508,7406.195119401139
48689,33.15532733117383,1133.7799999992508,7406.238396716846
48690,33.15532733117383,1133.7999999992508,7406.281673610935
48691,33.15532733117383,1133.8199999992507,7406.32495008339
48692,33.15532733117383,1133.8399999992507,7406.368226134196
48693,33.15532733117383,1133.8599999992507,7406.411501763339
48694,33.15532733117383,1133.8799999992507,7406.454776970804
48695,33.15532733117383,1133.8999999992507,7406.4980517565755
48696,33.15532733117383,1133.9199999992506,7406.541326120639
48697,33.15532733117383,1133.9399999992506,7406.584600062979
48698,33.15532733117383,1133.9599999992506,7406.627873583582
48699,33.15532733117383,1133.9799999992506,7406.671146682433
48700,33.15532733117383,1133.9999999992506,7406.714419359516
48701,33.15532733117383,1134.0199999992506,7406.757691614816
48702,33.15532733117383,1134.0399999992505,7406.80096344832
48703,33.15532733117383,1134.0599999992505,7406.844234860011
48704,33.15532733117383,1134.0799999992505,7406.887505849875
48705,33.15532733117383,1134.0999999992505,7406.9307764178975
48706,33.15532733117383,1134.1199999992505,7406.974046564063
48707,33.15532733117383,1134.1399999992504,7407.0173162883575
48708,33.15532733117383,1134.1599999992504,7407.060585590765
48709,33.15532733117383,1134.1799999992504,7407.103854471272
48710,33.15532733117383,1134.1999999992504,7407.147122929862
48711,33.15532733117383,1134.2199999992504,7407.190390966522
48712,33.15532733117383,1134.2399999992504,7407.233658581251
48713,33.15532733117383,1134.2599999992503,7407.276925774828
48714,33.15532733117383,1134.2799999992503,7407.320192547892
48715,33.15532733117383,1134.2999999992503,7407.363458900427
48716,33.15532733117383,1134.3199999992503,7407.40672483242
48717,33.15532733117383,1134.3399999992503,7407.4499903438555
48718,33.15532733117383,1134.3599999992502,7407.493255434719
48719,33.15532733117383,1134.3799999992502,7407.536520104995
48720,33.15532733117383,1134.3999999992502,7407.57978435467
48721,33.15532733117383,1134.4199999992502,7407.623048183727
48722,33.15532733117383,1134.4399999992502,7407.666311592154
48723,33.15532733117383,1134.4599999992502,7407.709574579933
48724,33.15532733117383,1134.4799999992501,7407.752837147052
48725,33.15532733117383,1134.4999999992501,7407.796099293494
48726,33.15532733117383,1134.51999999925,7407.839361019246
48727,33.15532733117383,1134.53999999925,7407.882622324292
48728,33.15532733117383,1134.55999999925,7407.925883208618
48729,33.15532733117383,1134.57999999925,7407.969143672209
48730,33.15532733117383,1134.59999999925,7408.012403715049
48731,33.15532733117383,1134.61999999925,7408.055663337124
48732,33.15532733117383,1134.63999999925,7408.09892253842
48733,33.15532733117383,1134.65999999925,7408.142181318922
48734,33.15532733117383,1134.67999999925,7408.185439678614
48735,33.15532733117383,1134.69999999925,7408.228697617482
48736,33.15532733117383,1134.71999999925,7408.27195513551
48737,33.15532733117383,1134.73999999925,7408.315212232686
48738,33.15532733117383,1134.7599999992499,7408.358468908992
48739,33.15532733117383,1134.7799999992499,7408.401725164415
48740,33.15532733117383,1134.7999999992498,7408.44498099894
48741,33.15532733117383,1134.8199999992498,7408.4882364125515
48742,33.15532733117383,1134.8399999992498,7408.531491405235
48743,33.15532733117383,1134.8599999992498,7408.574745976976
48744,33.15532733117383,1134.8799999992498,7408.61800012776
48745,33.15532733117383,1134.8999999992498,7408.661253857571
48746,33.15532733117383,1134.9199999992497,7408.704507166395
48747,33.15532733117383,1134.9399999992497,7408.747760054217
48748,33.15532733117383,1134.9599999992497,7408.791012521022
48749,33.15532733117383,1134.9799999992497,7408.834264566795
48750,33.15532733117383,1134.9999999992497,7408.877516191523
48751,33.15532733117383,1135.0199999992496,7408.920767395189
48752,33.15532733117383,1135.0399999992496,7408.964018177779
48753,33.15532733117383,1135.0599999992496,7409.007268539278
48754,33.15532733117383,1135.0799999992496,7409.050518479671
48755,33.15532733117383,1135.0999999992496,7409.093767998944
48756,33.15532733117383,1135.1199999992496,7409.137017097081
48757,33.15532733117383,1135.1399999992495,7409.180265774069
48758,33.15532733117383,1135.1599999992495,7409.223514029892
48759,33.15532733117383,1135.1799999992495,7409.266761864535
48760,33.15532733117383,1135.1999999992495,7409.310009277983
48761,33.15532733117383,1135.2199999992495,7409.353256270222
48762,33.15532733117383,1135.2399999992494,7409.396502841237
48763,33.15532733117383,1135.2599999992494,7409.439748991047
48764,33.15532733117383,1135.2799999992494,7409.482994720562
48765,33.15532733117383,1135.2999999992494,7409.5262400303745
48766,33.15532733117383,1135.3199999992494,7409.569484920471
48767,33.15532733117383,1135.3399999992494,7409.612729390836
48768,33.15532733117383,1135.3599999992493,7409.655973441454
48769,33.15532733117383,1135.3799999992493,7409.6992170723115
48770,33.15532733117383,1135.3999999992493,7409.7424602833935
48771,33.15532733117383,1135.4199999992493,7409.785703074685
48772,33.15532733117383,1135.4399999992493,7409.828945446172
48773,33.15532733117383,1135.4599999992492,7409.872187397839
48774,33.15532733117383,1135.4799999992492,7409.915428929672
48775,33.15532733117383,1135.4999999992492,7409.958670041656
48776,33.15532733117383,1135.5199999992492,7410.001910733775
48777,33.15532733117383,1135.5399999992492,7410.045151005985
48778,33.15532733117383,1135.5599999992492,7410.088390858245
48779,33.15532733117383,1135.5799999992491,7410.13163029054
48780,33.15532733117383,1135.5999999992491,7410.174869302855
48781,33.15532733117383,1135.619999999249,7410.218107895176
48782,33.15532733117383,1135.639999999249,7410.261346067488
48783,33.15532733117383,1135.659999999249,7410.304583819776
48784,33.15532733117383,1135.679999999249,7410.347821152025
48785,33.15532733117383,1135.699999999249,7410.3910580642205
48786,33.15532733117383,1135.719999999249,7410.434294556348
48787,33.15532733117383,1135.739999999249,7410.477530628392
48788,33.15532733117383,1135.759999999249,7410.520766280338
48789,33.15532733117383,1135.779999999249,7410.564001512171
48790,33.15532733117383,1135.799999999249,7410.607236323876
48791,33.15532733117383,1135.819999999249,7410.65047071544
48792,33.15532733117383,1135.839999999249,7410.693704686846
48793,33.15532733117383,1135.8599999992489,7410.73693823808
48794,33.15532733117383,1135.8799999992489,7410.780171369128
48795,33.15532733117383,1135.8999999992488,7410.823404079974
48796,33.15532733117383,1135.9199999992488,7410.866636370604
48797,33.15532733117383,1135.9399999992488,7410.909868241003
48798,33.15532733117383,1135.9599999992488,7410.953099691156
48799,33.15532733117383,1135.9799999992488,7410.996330721049
48800,33.15532733117383,1135.9999999992488,7411.039561330666
48801,33.15532733117383,1136.0199999992487,7411.082791519993
48802,33.15532733117383,1136.0399999992487,7411.126021289016
48803,33.15532733117383,1136.0599999992487,7411.1692506377185
48804,33.15532733117383,1136.0799999992487,7411.212479566087
48805,33.15532733117383,1136.0999999992487,7411.255708074105
48806,33.15532733117383,1136.1199999992486,7411.29893616176
48807,33.11126693402903,1136.1399999992486,7411.342163829036
48808,33.11126693402903,1136.1599999992486,7411.385391075918
48809,33.11126693402903,1136.1799999992486,7411.428617902392
48810,33.11126693402903,1136.1999999992486,7411.471844308443
48811,33.11126693402903,1136.2199999992486,7411.5150702940555
48812,33.11126693402903,1136.2399999992485,7411.558295859215
48813,33.11126693402903,1136.2599999992485,7411.601521003907
48814,33.11126693402903,1136.2799999992485,7411.644745728164
48815,33.11126693402903,1136.2999999992485,7411.687970032852
48816,33.11126693402903,1136.3199999992485,7411.731193918412
48817,33.11126693402903,1136.3399999992484,7411.774417384831
48818,33.11126693402903,1136.3599999992484,7411.817640432095
48819,33.11126693402903,1136.3799999992484,7411.860863060188
48820,33.11126693402903,1136.3999999992484,7411.904085269099
48821,33.11126693402903,1136.4199999992484,7411.947307058811
48822,33.11126693402903,1136.4399999992484,7411.990528429312
48823,33.11126693402903,1136.4599999992483,7412.033749380586
48824,33.11126693402903,1136.4799999992483,7412.07696991262
48825,33.11126693402903,1136.4999999992483,7412.1201900254
48826,33.11126693402903,1136.5199999992483,7412.163409718912
48827,33.11126693402903,1136.5399999992483,7412.206628993141
48828,33.11126693402903,1136.5599999992482,7412.249847848073
48829,33.11126693402903,1136.5799999992482,7412.293066283694
48830,33.11126693402903,1136.5999999992482,7412.336284299991
48831,33.11126693402903,1136.6199999992482,7412.3795018969495
48832,33.11126693402903,1136.6399999992482,7412.422719074554
48833,33.11126693402903,1136.6599999992482,7412.465935832792
48834,33.11126693402903,1136.6799999992481,7412.509152171648
48835,33.11126693402903,1136.6999999992481,7412.552368091108
48836,33.11126693402903,1136.719999999248,7412.595583591159
48837,33.11126693402903,1136.739999999248,7412.638798671786
48838,33.11126693402903,1136.759999999248,7412.682013332976
48839,33.11126693402903,1136.779999999248,7412.725227574713
48840,33.11126693402903,1136.799999999248,7412.768441396985
48841,33.11126693402903,1136.819999999248,7412.811654799776
48842,33.11126693402903,1136.839999999248,7412.854867783073
48843,33.11126693402903,1136.859999999248,7412.898080346862
48844,33.11126693402903,1136.879999999248,7412.9412924911285
48845,33.11126693402903,1136.899999999248,7412.984504215858
48846,33.11126693402903,1136.919999999248,7413.027715521036
48847,33.11126693402903,1136.939999999248,7413.07092640665
48848,33.11126693402903,1136.9599999992479,7413.114136872685
48849,33.11126693402903,1136.9799999992479,7413.157346919126
48850,33.11126693402903,1136.9999999992478,7413.20055654596
48851,33.11126693402903,1137.0199999992478,7413.243765753174
48852,33.11126693402903,1137.0399999992478,7413.2869745407515
48853,33.11126693402903,1137.0599999992478,7413.3301829086795
48854,33.11126693402903,1137.0799999992478,7413.373390856944
48855,33.11126693402903,1137.0999999992478,7413.41659838553
48856,33.11126693402903,1137.1199999992477,7413.4598054944245
48857,33.11126693402903,1137.1399999992477,7413.5030121836135
48858,33.11126693402903,1137.1599999992477,7413.546218453082
48859,33.11126693402903,1137.1799999992477,7413.589424302816
48860,33.11126693402903,1137.1999999992477,7413.632629732802
48861,33.11126693402903,1137.2199999992476,7413.675834743026
48862,33.11126693402903,1137.2399999992476,7413.719039333473
48863,33.11126693402903,1137.2599999992476,7413.762243504129
48864,33.11126693402903,1137.2799999992476,7413.80544725498
48865,33.11126693402903,1137.2999999992476,7413.848650586078
48866,33.11126693402903,1137.3199999992476,7413.891853498382
48867,33.11126693402903,1137.3399999992475,7413.935055992264
48868,33.11126693402903,1137.3599999992475,7413.978258067708
48869,33.11126693402903,1137.3799999992475,7414.021459724701
48870,33.11126693402903,1137.3999999992475,7414.064660963229
48871,33.11126693402903,1137.4199999992475,7414.1078617832745
48872,33.11126693402903,1137.4399999992474,7414.151062184826
48873,33.11126693402903,1137.4599999992474,7414.194262167867
48874,33.11126693402903,1137.4799999992474,7414.237461732384
48875,33.11126693402903,1137.4999999992474,7414.280660878362
48876,33.11126693402903,1137.5199999992474,7414.323859605787
48877,33.11126693402903,1137.5399999992474,7414.367057914645
48878,33.11126693402903,1137.5599999992473,7414.410255804919
48879,33.11126693402903,1137.5799999992473,7414.4534532765965
48880,33.11126693402903,1137.5999999992473,7414.496650329663
48881,33.11126693402903,1137.6199999992473,7414.539846964103
48882,33.11126693402903,1137.6399999992473,7414.583043179903
48883,33.11126693402903,1137.6599999992472,7414.626238977047
48884,33.11126693402903,1137.6799999992472,7414.669434355522
48885,33.11126693402903,1137.6999999992472,7414.712629315312
48886,33.11126693402903,1137.7199999992472,7414.755823856404
48887,33.11126693402903,1137.7399999992472,7414.799017978783
48888,33.11126693402903,1137.7599999992472,7414.842211682434
48889,33.11126693402903,1137.7799999992471,7414.885404967343
48890,33.11126693402903,1137.7999999992471,7414.928597833495
48891,33.11126693402903,1137.819999999247,7414.971790280874
48892,33.11126693402903,1137.839999999247,7415.014982309468
48893,33.11126693402903,1137.859999999247,7415.058173919261
48894,33.11126693402903,1137.879999999247,7415.101365110239
48895,33.11126693402903,1137.899999999247,7415.144555882388
48896,33.11126693402903,1137.919999999247,7415.187746235692
48897,33.11126693402903,1137.939999999247,7415.230936170138
48898,33.11126693402903,1137.959999999247,7415.274125685711
48899,33.11126693402903,1137.979999999247,7415.317314782395
48900,33.11126693402903,1137.999999999247,7415.360503460178
48901,33.11126693402903,1138.019999999247,7415.403691719044
48902,33.11126693402903,1138.039999999247,7415.446879558979
48903,33.11126693402903,1138.0599999992469,7415.490066979968
48904,33.11126693402903,1138.0799999992469,7415.5332539819965
48905,33.11126693402903,1138.0999999992468,7415.57644056505
48906,33.11126693402903,1138.1199999992468,7415.619626729113
48907,33.11126693402903,1138.1399999992468,7415.662812474173
48908,33.11126693402903,1138.1599999992468,7415.7059978002135
48909,33.11126693402903,1138.1799999992468,7415.749182707222
48910,33.11126693402903,1138.1999999992468,7415.792367195182
48911,33.11126693402903,1138.2199999992467,7415.83555126408
48912,33.11126693402903,1138.2399999992467,7415.878734913901
48913,33.11126693402903,1138.2599999992467,7415.9219181446315
48914,33.11126693402903,1138.2799999992467,7415.965100956256
48915,33.11126693402903,1138.2999999992467,7416.0082833487595
48916,33.11126693402903,1138.3199999992466,7416.051465322212
48917,33.11126693402903,1138.3399999992466,7416.094646877652
48918,33.11126693402903,1138.3599999992466,7416.137828015371
48919,33.11126693402903,1138.3799999992466,7416.181008735354
48920,33.11126693402903,1138.3999999992466,7416.224189037587
48921,33.11126693402903,1138.4199999992466,7416.2673689220555
48922,33.11126693402903,1138.4399999992465,7416.310548388745
48923,33.11126693402903,1138.4599999992465,7416.35372743764
48924,33.11126693402903,1138.4799999992465,7416.396906068728
48925,33.11126693402903,1138.4999999992465,7416.440084281991
48926,33.11126693402903,1138.5199999992465,7416.483262077418
48927,33.11126693402903,1138.5399999992464,7416.526439454992
48928,33.11126693402903,1138.5599999992464,7416.5696164147
48929,33.11126693402903,1138.5799999992464,7416.612792956527
48930,33.11126693402903,1138.5999999992464,7416.655969080459
48931,33.11126693402903,1138.6199999992464,7416.69914478648
48932,33.11126693402903,1138.6399999992464,7416.742320074577
48933,33.11126693402903,1138.6599999992463,7416.785494944735
48934,33.11126693402903,1138.6799999992463,7416.8286693969385
48935,33.11126693402903,1138.6999999992463,7416.871843431174
48936,33.11126693402903,1138.7199999992463,7416.915017047427
48937,33.11126693402903,1138.7399999992463,7416.958190245682
48938,33.11126693402903,1138.7599999992462,7417.0013630259255
48939,33.11126693402903,1138.7799999992462,7417.044535388142
48940,33.11126693402903,1138.7999999992462,7417.087707332318
48941,33.11126693402903,1138.8199999992462,7417.130878858438
48942,33.11126693402903,1138.8399999992462,7417.174049966488
48943,33.11126693402903,1138.8599999992462,7417.217220656455
48944,33.11126693402903,1138.8799999992461,7417.260390928322
48945,33.11126693402903,1138.8999999992461,7417.303560782075
48946,33.11126693402903,1138.919999999246,7417.3467302177
48947,33.11126693402903,1138.939999999246,7417.3898992351815
48948,33.11126693402903,1138.959999999246,7417.433067834506
48949,33.11126693402903,1138.979999999246,7417.476236015659
48950,33.11126693402903,1138.999999999246,7417.519403778626
48951,33.11126693402903,1139.019999999246,7417.5625711233915
48952,33.11126693402903,1139.039999999246,7417.6057380499415
48953,33.11126693402903,1139.059999999246,7417.648904558261
48954,33.11126693402903,1139.079999999246,7417.692070648337
48955,33.11126693402903,1139.099999999246,7417.7352363201535
48956,33.11126693402903,1139.119999999246,7417.778401573696
48957,33.11126693402903,1139.139999999246,7417.821566408951
48958,33.11126693402903,1139.1599999992459,7417.864730825903
48959,33.11126693402903,1139.1799999992459,7417.907894824538
48960,33.11126693402903,1139.1999999992458,7417.951058404841
48961,33.11126693402903,1139.2199999992458,7417.994221566798
48962,33.11126693402903,1139.2399999992458,7418.0373843103935
48963,33.11126693402903,1139.2599999992458,7418.080546635614
48964,33.11126693402903,1139.2799999992458,7418.123708542445
48965,33.11126693402903,1139.2999999992458,7418.166870030871
48966,33.11126693402903,1139.3199999992457,7418.210031100878
48967,33.11126693402903,1139.3399999992457,7418.253191752552
48968,33.11126693402903,1139.3599999992457,7418.296351987001
48969,33.11126693402903,1139.3799999992457,7418.33951180443
48970,33.11126693402903,1139.3999999992457,7418.382671204825
48971,33.11126693402903,1139.4199999992456,7418.425830188171
48972,33.11126693402903,1139.4399999992456,7418.468988754454
48973,33.11126693402903,1139.4599999992456,7418.5121469036585
48974,33.11126693402903,1139.4799999992456,7418.555304635771
48975,33.11126693402903,1139.4999999992456,7418.598461950776
48976,33.11126693402903,1139.5199999992456,7418.64161884866
48977,33.11126693402903,1139.5399999992455,7418.684775329409
48978,33.11126693402903,1139.5599999992455,7418.727931393007
48979,33.11126693402903,1139.5799999992455,7418.771087039439
48980,33.11126693402903,1139.5999999992455,7418.814242268692
48981,33.11126693402903,1139.6199999992455,7418.857397080752
48982,33.11126693402903,1139.6399999992454,7418.900551475603
48983,33.11126693402903,1139.6599999992454,7418.94370545323
48984,33.11126693402903,1139.6799999992454,7418.98685901362
48985,33.11126693402903,1139.6999999992454,7419.030012156758
48986,33.11126693402903,1139.7199999992454,7419.0731648826295
48987,33.11126693402903,1139.7399999992454,7419.116317191219
48988,33.11126693402903,1139.7599999992453,7419.159469082514
48989,33.11126693402903,1139.7799999992453,7419.202620556498
48990,33.11126693402903,1139.7999999992453,7419.245771613158
48991,33.11126693402903,1139.8199999992453,7419.288922252477
48992,33.11126693402903,1139.8399999992453,7419.3320724744435
48993,33.11126693402903,1139.8599999992452,7419.375222279042
48994,33.11126693402903,1139.8799999992452,7419.4183716662565
48995,33.11126693402903,1139.8999999992452,7419.461520636074
48996,33.11126693402903,1139.9199999992452,7419.50466918848
48997,33.11126693402903,1139.9399999992452,7419.54781732346
48998,33.11126693402903,1139.9599999992452,7419.590965040998
48999,33.11126693402903,1139.9799999992451,7419.63411234108
49000,33.11126693402903,1139.9999999992451,7419.677259223693
49001,33.11126693402903,1140.019999999245,7419.720405688821
49002,33.11126693402903,1140.039999999245,7419.763551736451
49003,33.11126693402903,1140.059999999245,7419.806697366566
49004,33.11126693402903,1140.079999999245,7419.849842579154
49005,33.11126693402903,1140.099999999245,7419.892987374199
49006,33.11126693402903,1140.119999999245,7419.936131751687
49007,33.11126693402903,1140.139999999245,7419.979275711603
49008,33.11126693402903,1140.159999999245,7420.02241925393
49009,33.11126693402903,1140.179999999245,7420.065562378634
49010,33.11126693402903,1140.199999999245,7420.1087050856995
49011,33.11126693402903,1140.219999999245,7420.15184737511
49012,33.11126693402903,1140.239999999245,7420.194989246852
49013,33.11126693402903,1140.2599999992449,7420.238130700911
49014,33.11126693402903,1140.2799999992449,7420.281271737272
49015,33.11126693402903,1140.2999999992448,7420.32441235592
49016,33.11126693402903,1140.3199999992448,7420.36755255684
49017,33.11126693402903,1140.3399999992448,7420.410692340018
49018,33.11126693402903,1140.3599999992448,7420.453831705563
49019,33.11126693402903,1140.3799999992448,7420.496970654724
49020,33.11126693402903,1140.3999999992448,7420.540109187628
49021,33.11126693402903,1140.4199999992447,7420.583247304261
49022,33.11126693402903,1140.4399999992447,7420.626385004607
49023,33.11126693402903,1140.4599999992447,7420.669522288652
49024,33.11126693402903,1140.4799999992447,7420.71265915638
49025,33.11126693402903,1140.4999999992447,7420.755795607776
49026,33.11126693402903,1140.5199999992446,7420.798931642826
49027,33.11126693402903,1140.5399999992446,7420.842067261513
49028,33.11126693402903,1140.5599999992446,7420.885202463823
49029,33.11126693402903,1140.5799999992446,7420.92833724974
49030,33.11126693402903,1140.5999999992446,7420.971471619251
49031,33.11126693402903,1140.6199999992446,7421.01460557234
49032,33.11126693402903,1140.6399999992445,7421.057739108991
49033,33.11126693402903,1140.6599999992445,7421.100872229189
49034,33.11126693402903,1140.6799999992445,7421.14400493292
49035,33.11126693402903,1140.6999999992445,7421.187137220169
49036,33.11126693402903,1140.7199999992445,7421.230269090919
49037,33.11126693402903,1140.7399999992444,7421.273400545157
49038,33.11126693402903,1140.7599999992444,7421.316531582866
49039,33.11126693402903,1140.7799999992444,7421.359662204034
49040,33.11126693402903,1140.7999999992444,7421.402792408643
49041,33.11126693402903,1140.8199999992444,7421.445922196679
49042,33.11126693402903,1140.8399999992444,7421.489051568127
49043,33.11126693402903,1140.8599999992443,7421.532180522972
49044,33.11126693402903,1140.8799999992443,7421.575309061199
49045,33.11126693402903,1140.8999999992443,7421.618437182792
49046,33.11126693402903,1140.9199999992443,7421.661564887737
49047,33.11126693402903,1140.9399999992443,7421.704692176018
49048,33.11126693402903,1140.9599999992442,7421.747819047621
49049,33.11126693402903,1140.9799999992442,7421.79094550253
49050,33.11126693402903,1140.9999999992442,7421.83407154073
49051,33.11126693402903,1141.0199999992442,7421.877197162206
49052,33.11126693402903,1141.0399999992442,7421.920322366944
49053,33.11126693402903,1141.0599999992442,7421.963447154927
49054,33.11126693402903,1141.0799999992441,7422.006571526142
49055,33.11126693402903,1141.0999999992441,7422.049695480572
49056,33.11126693402903,1141.119999999244,7422.092819018203
49057,33.11126693402903,1141.139999999244,7422.13594213902
49058,33.11126693402903,1141.159999999244,7422.179064843008
49059,33.11126693402903,1141.179999999244,7422.222187130151
49060,33.11126693402903,1141.199999999244,7422.265309000434
49061,33.11126693402903,1141.219999999244,7422.308430453843
49062,33.11126693402903,1141.239999999244,7422.351551490363
49063,33.06730403756372,1141.259999999244,7422.394672109978
49064,33.06730403756372,1141.279999999244,7422.437792312673
49065,33.06730403756372,1141.299999999244,7422.480912098434
49066,33.06730403756372,1141.319999999244,7422.524031467244
49067,33.06730403756372,1141.339999999244,7422.56715041909
49068,33.06730403756372,1141.3599999992439,7422.610268953955
49069,33.06730403756372,1141.3799999992439,7422.653387072007
49070,33.06730403756372,1141.3999999992438,7422.696504774329
49071,33.06730403756372,1141.4199999992438,7422.739622061008
49072,33.06730403756372,1141.4399999992438,7422.78273893203
49073,33.06730403756372,1141.4599999992438,7422.825855387381
49074,33.06730403756372,1141.4799999992438,7422.868971427047
49075,33.06730403756372,1141.4999999992438,7422.912087051013
49076,33.06730403756372,1141.5199999992437,7422.955202259267
49077,33.06730403756372,1141.5399999992437,7422.9983170517935
49078,33.06730403756372,1141.5599999992437,7423.041431428579
49079,33.06730403756372,1141.5799999992437,7423.084545389609
49080,33.06730403756372,1141.5999999992437,7423.12765893487
49081,33.06730403756372,1141.6199999992436,7423.170772064347
49082,33.06730403756372,1141.6399999992436,7423.213884778028
49083,33.06730403756372,1141.6599999992436,7423.256997075897
49084,33.06730403756372,1141.6799999992436,7423.30010895794
49085,33.06730403756372,1141.6999999992436,7423.343220424144
49086,33.06730403756372,1141.7199999992436,7423.386331474495
49087,33.06730403756372,1141.7399999992435,7423.429442108978
49088,33.06730403756372,1141.7599999992435,7423.47255232758
49089,33.06730403756372,1141.7799999992435,7423.515662130287
49090,33.06730403756372,1141.7999999992435,7423.558771517083
49091,33.06730403756372,1141.8199999992435,7423.601880487957
49092,33.06730403756372,1141.8399999992434,7423.644989042892
49093,33.06730403756372,1141.8599999992434,7423.688097181876
49094,33.06730403756372,1141.8799999992434,7423.731204904895
49095,33.06730403756372,1141.8999999992434,7423.774312211934
49096,33.06730403756372,1141.9199999992434,7423.817419102978
49097,33.06730403756372,1141.9399999992434,7423.860525578016
49098,33.06730403756372,1141.9599999992433,7423.903631637031
49099,33.06730403756372,1141.9799999992433,7423.946737280011
49100,33.06730403756372,1141.9999999992433,7423.9898425069405
49101,33.06730403756372,1142.0199999992433,7424.032947317806
49102,33.06730403756372,1142.0399999992433,7424.076051712595
49103,33.06730403756372,1142.0599999992432,7424.119155691291
49104,33.06730403756372,1142.0799999992432,7424.162259253881
49105,33.06730403756372,1142.0999999992432,7424.205362400351
49106,33.06730403756372,1142.1199999992432,7424.248465130687
49107,33.06730403756372,1142.1399999992432,7424.291567444875
49108,33.06730403756372,1142.1599999992432,7424.334669342901
49109,33.06730403756372,1142.1799999992431,7424.377770824751
49110,33.06730403756372,1142.1999999992431,7424.42087189041
49111,33.06730403756372,1142.219999999243,7424.463972539866
49112,33.06730403756372,1142.239999999243,7424.507072773103
49113,33.06730403756372,1142.259999999243,7424.550172590108
49114,33.06730403756372,1142.279999999243,7424.593271990867
49115,33.06730403756372,1142.299999999243,7424.636370975366
49116,33.06730403756372,1142.319999999243,7424.67946954359
49117,33.06730403756372,1142.339999999243,7424.722567695526
49118,33.06730403756372,1142.359999999243,7424.7656654311595
49119,33.06730403756372,1142.379999999243,7424.8087627504765
49120,33.06730403756372,1142.399999999243,7424.851859653728
49121,33.06730403756372,1142.419999999243,7424.894956141936
49122,33.06730403756372,1142.439999999243,7424.938052215172
49123,33.06730403756372,1142.4599999992429,7424.981147873423
49124,33.06730403756372,1142.4799999992429,7425.024243116673
49125,33.06730403756372,1142.4999999992428,7425.067337944907
49126,33.06730403756372,1142.5199999992428,7425.110432358112
49127,33.06730403756372,1142.5399999992428,7425.153526356274
49128,33.06730403756372,1142.5599999992428,7425.196619939376
49129,33.06730403756372,1142.5799999992428,7425.239713107407
49130,33.06730403756372,1142.5999999992428,7425.28280586035
49131,33.06730403756372,1142.6199999992427,7425.325898198192
49132,33.06730403756372,1142.6399999992427,7425.368990120917
49133,33.06730403756372,1142.6599999992427,7425.412081628512
49134,33.06730403756372,1142.6799999992427,7425.455172720963
49135,33.06730403756372,1142.6999999992427,7425.498263398254
49136,33.06730403756372,1142.7199999992426,7425.541353660371
49137,33.06730403756372,1142.7399999992426,7425.5844435073
49138,33.06730403756372,1142.7599999992426,7425.627532939027
49139,33.06730403756372,1142.7799999992426,7425.670621955537
49140,33.06730403756372,1142.7999999992426,7425.713710556816
49141,33.06730403756372,1142.8199999992426,7425.756798742849
49142,33.06730403756372,1142.8399999992425,7425.799886513622
49143,33.06730403756372,1142.8599999992425,7425.842973869121
49144,33.06730403756372,1142.8799999992425,7425.886060809331
49145,33.06730403756372,1142.8999999992425,7425.929147334237
49146,33.06730403756372,1142.9199999992425,7425.972233443826
49147,33.06730403756372,1142.9399999992424,7426.015319138082
49148,33.06730403756372,1142.9599999992424,7426.058404416992
49149,33.06730403756372,1142.9799999992424,7426.101489280541
49150,33.06730403756372,1142.9999999992424,7426.144573728714
49151,33.06730403756372,1143.0199999992424,7426.187657761498
49152,33.06730403756372,1143.0399999992424,7426.230741378877
49153,33.06730403756372,1143.0599999992423,7426.273824580837
49154,33.06730403756372,1143.0799999992423,7426.316907367364
49155,33.06730403756372,1143.0999999992423,7426.359989738444
49156,33.06730403756372,1143.1199999992423,7426.4030716940615
49157,33.06730403756372,1143.1399999992423,7426.446153234203
49158,33.06730403756372,1143.1599999992422,7426.4892343588535
49159,33.06730403756372,1143.1799999992422,7426.532315067999
49160,33.06730403756372,1143.1999999992422,7426.575395361625
49161,33.06730403756372,1143.2199999992422,7426.618475239717
49162,33.06730403756372,1143.2399999992422,7426.66155470226
49163,33.06730403756372,1143.2599999992422,7426.704633749241
49164,33.06730403756372,1143.2799999992421,7426.747712380645
49165,33.06730403756372,1143.2999999992421,7426.790790596457
49166,33.06730403756372,1143.319999999242,7426.833868396662
49167,33.06730403756372,1143.339999999242,7426.876945781248
49168,33.06730403756372,1143.359999999242,7426.920022750199
49169,33.06730403756372,1143.379999999242,7426.9630993035
49170,33.06730403756372,1143.399999999242,7427.006175441137
49171,33.06730403756372,1143.419999999242,7427.049251163452
49172,33.06730403756372,1143.439999999242,7427.092326471426
49173,33.06730403756372,1143.459999999242,7427.135401365115
49174,33.06730403756372,1143.479999999242,7427.178475844506
49175,33.06730403756372,1143.499999999242,7427.221549909583
49176,33.06730403756372,1143.519999999242,7427.264623560332
49177,33.06730403756372,1143.539999999242,7427.307696796741
49178,33.06730403756372,1143.5599999992419,7427.350769618793
49179,33.06730403756372,1143.5799999992419,7427.393842026474
49180,33.06730403756372,1143.5999999992418,7427.4369140197705
49181,33.06730403756372,1143.6199999992418,7427.479985598668
49182,33.06730403756372,1143.6399999992418,7427.523056763151
49183,33.06730403756372,1143.6599999992418,7427.566127513205
49184,33.06730403756372,1143.6799999992418,7427.6091978488175
49185,33.06730403756372,1143.6999999992418,7427.652267769973
49186,33.06730403756372,1143.7199999992417,7427.6953372766575
49187,33.06730403756372,1143.7399999992417,7427.738406368856
49188,33.06730403756372,1143.7599999992417,7427.781475046554
49189,33.06730403756372,1143.7799999992417,7427.824543309738
49190,33.06730403756372,1143.7999999992417,7427.867611158393
49191,33.06730403756372,1143.8199999992416,7427.910678592504
49192,33.06730403756372,1143.8399999992416,7427.953745612058
49193,33.06730403756372,1143.8599999992416,7427.99681221704
49194,33.06730403756372,1143.8799999992416,7428.039878407436
49195,33.06730403756372,1143.8999999992416,7428.082944183231
49196,33.06730403756372,1143.9199999992416,7428.126009544411
49197,33.06730403756372,1143.9399999992415,7428.169074490962
49198,33.06730403756372,1143.9599999992415,7428.2121390228685
49199,33.06730403756372,1143.9799999992415,7428.2552031401165
49200,33.06730403756372,1143.9999999992415,7428.298266842692
49201,33.06730403756372,1144.0199999992415,7428.341330130581
49202,33.06730403756372,1144.0399999992414,7428.384393003768
49203,33.06730403756372,1144.0599999992414,7428.42745546224
49204,33.06730403756372,1144.0799999992414,7428.470517505981
49205,33.06730403756372,1144.0999999992414,7428.513579134978
49206,33.06730403756372,1144.1199999992414,7428.556640349216
49207,33.06730403756372,1144.1399999992414,7428.599701148681
49208,33.06730403756372,1144.1599999992413,7428.642761533358
49209,33.06730403756372,1144.1799999992413,7428.685821503233
49210,33.06730403756372,1144.1999999992413,7428.728881058291
49211,33.06730403756372,1144.2199999992413,7428.771940198519
49212,33.06730403756372,1144.2399999992413,7428.814998923901
49213,33.06730403756372,1144.2599999992412,7428.8580572344235
49214,33.06730403756372,1144.2799999992412,7428.901115130072
49215,33.06730403756372,1144.2999999992412,7428.9441726108325
49216,33.06730403756372,1144.3199999992412,7428.987229676691
49217,33.06730403756372,1144.3399999992412,7429.030286327631
49218,33.06730403756372,1144.3599999992412,7429.07334256364
49219,33.06730403756372,1144.3799999992411,7429.116398384704
49220,33.06730403756372,1144.3999999992411,7429.159453790807
49221,33.06730403756372,1144.419999999241,7429.202508781936
49222,33.06730403756372,1144.439999999241,7429.245563358515
49223,33.06730403756372,1144.459999999241,7429.288617521459
49224,33.06730403756372,1144.479999999241,7429.331671270808
49225,33.06730403756372,1144.499999999241,7429.374724606549
49226,33.06730403756372,1144.519999999241,7429.417777528665
49227,33.06730403756372,1144.539999999241,7429.460830037145
49228,33.06730403756372,1144.559999999241,7429.503882131972
49229,33.06730403756372,1144.579999999241,7429.546933813133
49230,33.06730403756372,1144.599999999241,7429.589985080614
49231,33.06730403756372,1144.619999999241,7429.633035934398
49232,33.06730403756372,1144.639999999241,7429.676086374474
49233,33.06730403756372,1144.6599999992409,7429.719136400825
49234,33.06730403756372,1144.6799999992409,7429.762186013438
49235,33.06730403756372,1144.6999999992408,7429.805235212299
49236,33.06730403756372,1144.7199999992408,7429.848283997392
49237,33.06730403756372,1144.7399999992408,7429.891332368705
49238,33.06730403756372,1144.7599999992408,7429.934380326221
49239,33.06730403756372,1144.7799999992408,7429.977427869928
49240,33.06730403756372,1144.7999999992408,7430.020474999804
49241,33.06730403756372,1144.8199999992407,7430.063521715766
49242,33.06730403756372,1144.8399999992407,7430.106568017792
49243,33.06730403756372,1144.8599999992407,7430.149613905866
49244,33.06730403756372,1144.8799999992407,7430.192659379975
49245,33.06730403756372,1144.8999999992407,7430.235704440104
49246,33.06730403756372,1144.9199999992406,7430.278749086238
49247,33.06730403756372,1144.9399999992406,7430.321793318364
49248,33.06730403756372,1144.9599999992406,7430.364837136467
49249,33.06730403756372,1144.9799999992406,7430.4078805405325
49250,33.06730403756372,1144.9999999992406,7430.450923530546
49251,33.06730403756372,1145.0199999992406,7430.493966106493
49252,33.06730403756372,1145.0399999992405,7430.5370082683585
49253,33.06730403756372,1145.0599999992405,7430.5800500161295
49254,33.06730403756372,1145.0799999992405,7430.62309134979
49255,33.06730403756372,1145.0999999992405,7430.666132269327
49256,33.06730403756372,1145.1199999992405,7430.709172774726
49257,33.06730403756372,1145.1399999992404,7430.752212865971
49258,33.06730403756372,1145.1599999992404,7430.79525254305
49259,33.06730403756372,1145.1799999992404,7430.838291805947
49260,33.06730403756372,1145.1999999992404,7430.881330654648
49261,33.06730403756372,1145.2199999992404,7430.924369089138
49262,33.06730403756372,1145.2399999992404,7430.967407109403
49263,33.06730403756372,1145.2599999992403,7431.010444715429
49264,33.06730403756372,1145.2799999992403,7431.053481907201
49265,33.06730403756372,1145.2999999992403,7431.096518684705
49266,33.06730403756372,1145.3199999992403,7431.1395550479265
49267,33.06730403756372,1145.3399999992403,7431.182590996851
49268,33.06730403756372,1145.3599999992402,7431.2256265314645
49269,33.06730403756372,1145.3799999992402,7431.268661651752
49270,33.06730403756372,1145.3999999992402,7431.3116963576995
49271,33.06730403756372,1145.4199999992402,7431.354730649292
49272,33.06730403756372,1145.4399999992402,7431.397764526515
49273,33.06730403756372,1145.4599999992402,7431.4407979899015
49274,33.06730403756372,1145.4799999992401,7431.4838310403375
49275,33.06730403756372,1145.4999999992401,7431.526863677847
49276,33.06730403756372,1145.51999999924,7431.569895902417
49277,33.06730403756372,1145.53999999924,7431.61292771403
49278,33.06730403756372,1145.55999999924,7431.6559591126725
49279,33.06730403756372,1145.57999999924,7431.69899009833
49280,33.06730403756372,1145.59999999924,7431.742020670988
49281,33.06730403756372,1145.61999999924,7431.785050830631
49282,33.06730403756372,1145.63999999924,7431.828080577245
49283,33.06730403756372,1145.65999999924,7431.871109910814
49284,33.06730403756372,1145.67999999924,7431.914138831325
49285,33.06730403756372,1145.69999999924,7431.957167338762
49286,33.06730403756372,1145.71999999924,7432.00019543311
49287,33.06730403756372,1145.73999999924,7432.043223114355
49288,33.06730403756372,1145.7599999992399,7432.086250382483
49289,33.06730403756372,1145.7799999992399,7432.129277237477
49290,33.06730403756372,1145.7999999992398,7432.172303679325
49291,33.06730403756372,1145.8199999992398,7432.215329708009
49292,33.06730403756372,1145.8399999992398,7432.258355323517
49293,33.06730403756372,1145.8599999992398,7432.301380525833
49294,33.06730403756372,1145.8799999992398,7432.344405314943
49295,33.06730403756372,1145.8999999992398,7432.387429690832
49296,33.06730403756372,1145.9199999992397,7432.430453653485
49297,33.06730403756372,1145.9399999992397,7432.473477202887
49298,33.06730403756372,1145.9599999992397,7432.516500339023
49299,33.06730403756372,1145.9799999992397,7432.559523061879
49300,33.06730403756372,1145.9999999992397,7432.60254537144
49301,33.06730403756372,1146.0199999992396,7432.645567267691
49302,33.06730403756372,1146.0399999992396,7432.688588750618
49303,33.06730403756372,1146.0599999992396,7432.731609820205
49304,33.06730403756372,1146.0799999992396,7432.774630476439
49305,33.06730403756372,1146.0999999992396,7432.817650719304
49306,33.06730403756372,1146.1199999992396,7432.8606705487855
49307,33.06730403756372,1146.1399999992395,7432.903689964868
49308,33.06730403756372,1146.1599999992395,7432.946708967538
49309,33.06730403756372,1146.1799999992395,7432.98972755678
49310,33.06730403756372,1146.1999999992395,7433.032745732579
49311,33.06730403756372,1146.2199999992395,7433.075763494921
49312,33.06730403756372,1146.2399999992394,7433.118780843792
49313,33.06730403756372,1146.2599999992394,7433.161797779175
49314,33.06730403756372,1146.2799999992394,7433.204814301057
49315,33.06730403756372,1146.2999999992394,7433.247830409423
49316,33.06730403756372,1146.3199999992394,7433.290846104257
49317,33.06730403756372,1146.3399999992394,7433.333861385546
49318,33.06730403756372,1146.3599999992393,7433.376876253274
49319,33.06730403756372,1146.3799999992393,7433.419890707426
49320,33.023438339983834,1146.3999999992393,7433.462904747988
49321,33.023438339983834,1146.4199999992393,7433.505918374946
49322,33.023438339983834,1146.4399999992393,7433.548931588284
49323,33.023438339983834,1146.4599999992392,7433.591944387988
49324,33.023438339983834,1146.4799999992392,7433.634956774641
49325,33.023438339983834,1146.4999999992392,7433.677968749011
49326,33.023438339983834,1146.5199999992392,7433.720980311104
49327,33.023438339983834,1146.5399999992392,7433.763991460906
49328,33.023438339983834,1146.5599999992392,7433.807002198406
49329,33.023438339983834,1146.5799999992391,7433.850012523588
49330,33.023438339983834,1146.5999999992391,7433.893022436439
49331,33.023438339983834,1146.619999999239,7433.936031936946
49332,33.023438339983834,1146.639999999239,7433.979041025094
49333,33.023438339983834,1146.659999999239,7434.022049700871
49334,33.023438339983834,1146.679999999239,7434.065057964262
49335,33.023438339983834,1146.699999999239,7434.108065815255
49336,33.023438339983834,1146.719999999239,7434.1510732538345
49337,33.023438339983834,1146.739999999239,7434.194080279987
49338,33.023438339983834,1146.759999999239,7434.2370868937005
49339,33.023438339983834,1146.779999999239,7434.28009309496
49340,33.023438339983834,1146.799999999239,7434.323098883752
49341,33.023438339983834,1146.819999999239,7434.366104260063
49342,33.023438339983834,1146.839999999239,7434.4091092238805
49343,33.023438339983834,1146.8599999992389,7434.452113775189
49344,33.023438339983834,1146.8799999992389,7434.495117913976
49345,33.023438339983834,1146.8999999992388,7434.5381216402275
49346,33.023438339983834,1146.9199999992388,7434.58112495393
49347,33.023438339983834,1146.9399999992388,7434.62412785507
49348,33.023438339983834,1146.9599999992388,7434.667130343633
49349,33.023438339983834,1146.9799999992388,7434.710132419606
49350,33.023438339983834,1146.9999999992388,7434.753134082976
49351,33.023438339983834,1147.0199999992387,7434.796135333729
49352,33.023438339983834,1147.0399999992387,7434.83913617185
49353,33.023438339983834,1147.0599999992387,7434.882136597327
49354,33.023438339983834,1147.0799999992387,7434.925136610146
49355,33.023438339983834,1147.0999999992387,7434.968136210293
49356,33.023438339983834,1147.1199999992386,7435.0111353977545
49357,33.023438339983834,1147.1399999992386,7435.054134172517
49358,33.023438339983834,1147.1599999992386,7435.097132534566
49359,33.023438339983834,1147.1799999992386,7435.14013048389
49360,33.023438339983834,1147.1999999992386,7435.183128020473
49361,33.023438339983834,1147.2199999992386,7435.226125144303
49362,33.023438339983834,1147.2399999992385,7435.2691218553655
49363,33.023438339983834,1147.2599999992385,7435.312118153647
49364,33.023438339983834,1147.2799999992385,7435.355114039135
49365,33.023438339983834,1147.2999999992385,7435.398109511813
49366,33.023438339983834,1147.3199999992385,7435.441104571671
49367,33.023438339983834,1147.3399999992384,7435.484099218692
49368,33.023438339983834,1147.3599999992384,7435.527093452864
49369,33.023438339983834,1147.3799999992384,7435.5700872741745
49370,33.023438339983834,1147.3999999992384,7435.613080682608
49371,33.023438339983834,1147.4199999992384,7435.656073678151
49372,33.023438339983834,1147.4399999992384,7435.699066260791
49373,33.023438339983834,1147.4599999992383,7435.742058430514
49374,33.023438339983834,1147.4799999992383,7435.785050187305
49375,33.023438339983834,1147.4999999992383,7435.828041531809
49376,33.023438339983834,1147.5199999992383,7435.8710324647
49377,33.023438339983834,1147.5399999992383,7435.9140229859695
49378,33.023438339983834,1147.5599999992382,7435.957013095603
49379,33.023438339983834,1147.5799999992382,7436.000002793586
49380,33.023438339983834,1147.5999999992382,7436.042992079905
49381,33.023438339983834,1147.6199999992382,7436.085980954547
49382,33.023438339983834,1147.6399999992382,7436.1289694174975
49383,33.023438339983834,1147.6599999992382,7436.171957468741
49384,33.023438339983834,1147.6799999992381,7436.214945108265
49385,33.023438339983834,1147.6999999992381,7436.257932336055
49386,33.023438339983834,1147.719999999238,7436.300919152098
49387,33.023438339983834,1147.739999999238,7436.343905556379
49388,33.023438339983834,1147.759999999238,7436.386891548884
49389,33.023438339983834,1147.779999999238,7436.429877129599
49390,33.023438339983834,1147.799999999238,7436.47286229851
49391,33.023438339983834,1147.819999999238,7436.515847055604
49392,33.023438339983834,1147.839999999238,7436.558831400866
49393,33.023438339983834,1147.859999999238,7436.601815334283
49394,33.023438339983834,1147.879999999238,7436.644798855839
49395,33.023438339983834,1147.899999999238,7436.687781965523
49396,33.023438339983834,1147.919999999238,7436.730764663318
49397,33.023438339983834,1147.939999999238,7436.773746949212
49398,33.023438339983834,1147.9599999992379,7436.816728823191
49399,33.023438339983834,1147.9799999992379,7436.85971028524
49400,33.023438339983834,1147.9999999992378,7436.9026913353455
49401,33.023438339983834,1148.0199999992378,7436.9456719734935
49402,33.023438339983834,1148.0399999992378,7436.98865219967
49403,33.023438339983834,1148.0599999992378,7437.03163201386
49404,33.023438339983834,1148.0799999992378,7437.074611416051
49405,33.023438339983834,1148.0999999992378,7437.117590406229
49406,33.023438339983834,1148.1199999992377,7437.16056898438
49407,33.023438339983834,1148.1399999992377,7437.203547150489
49408,33.023438339983834,1148.1599999992377,7437.246524904543
49409,33.023438339983834,1148.1799999992377,7437.289502246527
49410,33.023438339983834,1148.1999999992377,7437.332479176428
49411,33.023438339983834,1148.2199999992376,7437.375455694231
49412,33.023438339983834,1148.2399999992376,7437.418431799923
49413,33.023438339983834,1148.2599999992376,7437.461407493491
49414,33.023438339983834,1148.2799999992376,7437.504382774919
49415,33.023438339983834,1148.2999999992376,7437.547357644194
49416,33.023438339983834,1148.3199999992376,7437.590332101301
49417,33.023438339983834,1148.3399999992375,7437.633306146227
49418,33.023438339983834,1148.3599999992375,7437.676279778959
49419,33.023438339983834,1148.3799999992375,7437.719252999481
49420,33.023438339983834,1148.3999999992375,7437.76222580778
49421,33.023438339983834,1148.4199999992375,7437.805198203841
49422,33.023438339983834,1148.4399999992374,7437.848170187652
49423,33.023438339983834,1148.4599999992374,7437.891141759197
49424,33.023438339983834,1148.4799999992374,7437.934112918463
49425,33.023438339983834,1148.4999999992374,7437.977083665449
49426,33.023438339983834,1148.5199999992374,7438.020054000895
49427,33.023438339983834,1148.5399999992374,7438.063023925426
49428,33.023438339983834,1148.5599999992373,7438.1059934390305
49429,33.023438339983834,1148.5799999992373,7438.148962541693
49430,33.023438339983834,1148.5999999992373,7438.1919312334
49431,33.023438339983834,1148.6199999992373,7438.234899514138
49432,33.023438339983834,1148.6399999992373,7438.277867383893
49433,33.023438339983834,1148.6599999992372,7438.320834842651
49434,33.023438339983834,1148.6799999992372,7438.363801890397
49435,33.023438339983834,1148.6999999992372,7438.4067685271175
49436,33.023438339983834,1148.7199999992372,7438.4497347527995
49437,33.023438339983834,1148.7399999992372,7438.492700567428
49438,33.023438339983834,1148.7599999992372,7438.53566597099
49439,33.023438339983834,1148.7799999992371,7438.57863096347
49440,33.023438339983834,1148.7999999992371,7438.621595544855
49441,33.023438339983834,1148.819999999237,7438.664559715132
49442,33.023438339983834,1148.839999999237,7438.707523474285
49443,33.023438339983834,1148.859999999237,7438.750486822302
49444,33.023438339983834,1148.879999999237,7438.793449759169
49445,33.023438339983834,1148.899999999237,7438.83641228487
49446,33.023438339983834,1148.919999999237,7438.879374399393
49447,33.023438339983834,1148.939999999237,7438.922336102723
49448,33.023438339983834,1148.959999999237,7438.965297394847
49449,33.023438339983834,1148.979999999237,7439.00825827575
49450,33.023438339983834,1148.999999999237,7439.05121874542
49451,33.023438339983834,1149.019999999237,7439.09417880384
49452,33.023438339983834,1149.039999999237,7439.1371384509985
49453,33.023438339983834,1149.0599999992369,7439.18009768688
49454,33.023438339983834,1149.0799999992369,7439.223056511471
49455,33.023438339983834,1149.0999999992368,7439.266014924759
49456,33.023438339983834,1149.1199999992368,7439.308972926728
49457,33.023438339983834,1149.1399999992368,7439.351930517365
49458,33.023438339983834,1149.1599999992368,7439.394887696656
49459,33.023438339983834,1149.1799999992368,7439.437844464587
49460,33.023438339983834,1149.1999999992368,7439.480800821145
49461,33.023438339983834,1149.2199999992367,7439.523756766314
49462,33.023438339983834,1149.2399999992367,7439.566712300082
49463,33.023438339983834,1149.2599999992367,7439.6096674224345
49464,33.023438339983834,1149.2799999992367,7439.652622133357
49465,33.023438339983834,1149.2999999992367,7439.695576432836
49466,33.023438339983834,1149.3199999992366,7439.7385303208575
49467,33.023438339983834,1149.3399999992366,7439.781483797407
49468,33.023438339983834,1149.3599999992366,7439.824436862472
49469,33.023438339983834,1149.3799999992366,7439.867389516036
49470,33.023438339983834,1149.3999999992366,7439.910341758088
49471,33.023438339983834,1149.4199999992366,7439.953293588613
49472,33.023438339983834,1149.4399999992365,7439.9962450075955
49473,33.023438339983834,1149.4599999992365,7440.039196014983
49474,33.023438339983834,1149.4799999992365,7440.082146610706
49475,33.023438339983834,1149.4999999992365,7440.125096794751
49476,33.023438339983834,1149.5199999992365,7440.168046567131
49477,33.023438339983834,1149.5399999992364,7440.210995928653
49478,33.023438339983834,1149.5599999992364,7440.253944879861
49479,33.023438339983834,1149.5799999992364,7440.296893420741
49480,33.023438339983834,1149.5999999992364,7440.339841551279
49481,33.023438339983834,1149.6199999992364,7440.382789271461
49482,33.023438339983834,1149.6399999992364,7440.425736581272
49483,33.023438339983834,1149.6599999992363,7440.468683480698
49484,33.023438339983834,1149.6799999992363,7440.511629969725
49485,33.023438339983834,1149.6999999992363,7440.554576048338
49486,33.023438339983834,1149.7199999992363,7440.597521716525
49487,33.023438339983834,1149.7399999992363,7440.64046697427
49488,33.023438339983834,1149.7599999992362,7440.683411821559
49489,33.023438339983834,1149.7799999992362,7440.7263562583785
49490,33.023438339983834,1149.7999999992362,7440.769300284714
49491,33.023438339983834,1149.8199999992362,7440.812243900551
49492,33.023438339983834,1149.8399999992362,7440.855187105876
49493,33.023438339983834,1149.8599999992362,7440.898129900675
49494,33.023438339983834,1149.8799999992361,7440.941072284932
49495,33.023438339983834,1149.8999999992361,7440.9840142586345
49496,33.023438339983834,1149.919999999236,7441.026955821768
49497,33.023438339983834,1149.939999999236,7441.069896974318
49498,33.023438339983834,1149.959999999236,7441.11283771627
49499,33.023438339983834,1149.979999999236,7441.155778047611
49500,33.023438339983834,1149.999999999236,7441.1987179683265
49501,33.023438339983834,1150.019999999236,7441.241657478402
49502,33.023438339983834,1150.039999999236,7441.284596577823
49503,33.023438339983834,1150.059999999236,7441.327535266576
49504,33.023438339983834,1150.079999999236,7441.370473544646
49505,33.023438339983834,1150.099999999236,7441.41341141202
49506,33.023438339983834,1150.119999999236,7441.456348868683
49507,33.023438339983834,1150.139999999236,7441.4992859146205
49508,33.023438339983834,1150.1599999992359,7441.54222254982
49509,33.023438339983834,1150.1799999992359,7441.585158774265
49510,33.023438339983834,1150.1999999992358,7441.628094587943
49511,33.023438339983834,1150.2199999992358,7441.67102999084
49512,33.023438339983834,1150.2399999992358,7441.7139649829405
49513,33.023438339983834,1150.2599999992358,7441.7568995642305
49514,33.023438339983834,1150.2799999992358,7441.799833734696
49515,33.023438339983834,1150.2999999992358,7441.842767494324
49516,33.023438339983834,1150.3199999992357,7441.8857008431
49517,33.023438339983834,1150.3399999992357,7441.928633781008
49518,33.023438339983834,1150.3599999992357,7441.971566308036
49519,33.023438339983834,1150.3799999992357,7442.014498424169
49520,33.023438339983834,1150.3999999992357,7442.057430129392
49521,33.023438339983834,1150.4199999992356,7442.1003614236915
49522,33.023438339983834,1150.4399999992356,7442.143292307054
49523,33.023438339983834,1150.4599999992356,7442.1862227794645
49524,33.023438339983834,1150.4799999992356,7442.22915284091
49525,33.023438339983834,1150.4999999992356,7442.272082491374
49526,33.023438339983834,1150.5199999992356,7442.315011730844
49527,33.023438339983834,1150.5399999992355,7442.357940559353
49528,33.023438339983834,1150.5599999992355,7442.400868977795
49529,33.023438339983834,1150.5799999992355,7442.443796986642
49530,33.023438339983834,1150.5999999992355,7442.48672458588
49531,33.023438339983834,1150.6199999992355,7442.529651775495
49532,33.023438339983834,1150.6399999992354,7442.5725785554705
49533,33.023438339983834,1150.6599999992354,7442.615504925793
49534,33.023438339983834,1150.6799999992354,7442.6584308864485
49535,33.023438339983834,1150.6999999992354,7442.701356437421
49536,33.023438339983834,1150.7199999992354,7442.744281578697
49537,33.023438339983834,1150.7399999992354,7442.787206310261
49538,33.023438339983834,1150.7599999992353,7442.8301306321
49539,33.023438339983834,1150.7799999992353,7442.873054544198
49540,33.023438339983834,1150.7999999992353,7442.915978046541
49541,33.023438339983834,1150.8199999992353,7442.958901139114
49542,33.023438339983834,1150.8399999992353,7443.001823821902
49543,33.023438339983834,1150.8599999992352,7443.044746094891
49544,33.023438339983834,1150.8799999992352,7443.087667958067
49545,33.023438339983834,1150.8999999992352,7443.130589411415
49546,33.023438339983834,1150.9199999992352,7443.17351045492
49547,33.023438339983834,1150.9399999992352,7443.216431088567
49548,33.023438339983834,1150.9599999992352,7443.259351312343
49549,33.023438339983834,1150.9799999992351,7443.302271126232
49550,33.023438339983834,1150.9999999992351,7443.34519053022
49551,33.023438339983834,1151.019999999235,7443.388109524291
49552,33.023438339983834,1151.039999999235,7443.431028108433
49553,33.023438339983834,1151.059999999235,7443.473946282629
49554,33.023438339983834,1151.079999999235,7443.5168640468655
49555,33.023438339983834,1151.099999999235,7443.559781401128
49556,33.023438339983834,1151.119999999235,7443.602698345402
49557,33.023438339983834,1151.139999999235,7443.645614879672
49558,33.023438339983834,1151.159999999235,7443.688531003925
49559,33.023438339983834,1151.179999999235,7443.731446718145
49560,33.023438339983834,1151.199999999235,7443.774362022317
49561,33.023438339983834,1151.219999999235,7443.817276916428
49562,33.023438339983834,1151.239999999235,7443.860191400463
49563,33.023438339983834,1151.2599999992349,7443.903105474406
49564,33.023438339983834,1151.2799999992349,7443.946019138244
49565,33.023438339983834,1151.2999999992348,7443.9889323919615
49566,33.023438339983834,1151.3199999992348,7444.031845235544
49567,33.023438339983834,1151.3399999992348,7444.074757668978
49568,33.023438339983834,1151.3599999992348,7444.117669692248
49569,33.023438339983834,1151.3799999992348,7444.160581305338
49570,33.023438339983834,1151.3999999992348,7444.203492508236
49571,33.023438339983834,1151.4199999992347,7444.246403300926
49572,33.023438339983834,1151.4399999992347,7444.2893136833945
49573,33.023438339983834,1151.4599999992347,7444.332223655626
49574,33.023438339983834,1151.4799999992347,7444.375133217605
49575,33.023438339983834,1151.4999999992347,7444.418042369319
49576,33.023438339983834,1151.5199999992346,7444.460951110752
49577,33.023438339983834,1151.5399999992346,7444.503859441889
49578,32.97966954069534,1151.5599999992346,7444.54676736278
49579,32.97966954069534,1151.5799999992346,7444.589674874379
49580,32.97966954069534,1151.5999999992346,7444.63258197707
49581,32.97966954069534,1151.6199999992346,7444.6754886708395
49582,32.97966954069534,1151.6399999992345,7444.718394955673
49583,32.97966954069534,1151.6599999992345,7444.7613008315575
49584,32.97966954069534,1151.6799999992345,7444.804206298479
49585,32.97966954069534,1151.6999999992345,7444.847111356422
49586,32.97966954069534,1151.7199999992345,7444.890016005374
49587,32.97966954069534,1151.7399999992344,7444.93292024532
49588,32.97966954069534,1151.7599999992344,7444.975824076248
49589,32.97966954069534,1151.7799999992344,7445.018727498143
49590,32.97966954069534,1151.7999999992344,7445.061630510991
49591,32.97966954069534,1151.8199999992344,7445.104533114777
49592,32.97966954069534,1151.8399999992344,7445.147435309489
49593,32.97966954069534,1151.8599999992343,7445.190337095112
49594,32.97966954069534,1151.8799999992343,7445.233238471633
49595,32.97966954069534,1151.8999999992343,7445.276139439036
49596,32.97966954069534,1151.9199999992343,7445.31903999731
49597,32.97966954069534,1151.9399999992343,7445.361940146439
49598,32.97966954069534,1151.9599999992342,7445.40483988641
49599,32.97966954069534,1151.9799999992342,7445.447739217208
49600,32.97966954069534,1151.9999999992342,7445.490638138821
49601,32.97966954069534,1152.0199999992342,7445.533536651233
49602,32.97966954069534,1152.0399999992342,7445.576434754431
49603,32.97966954069534,1152.0599999992342,7445.619332448401
49604,32.97966954069534,1152.0799999992341,7445.66222973313
49605,32.97966954069534,1152.0999999992341,7445.705126608602
49606,32.97966954069534,1152.119999999234,7445.748023074805
49607,32.97966954069534,1152.139999999234,7445.790919131725
49608,32.97966954069534,1152.159999999234,7445.8338147793465
49609,32.97966954069534,1152.179999999234,7445.8767100176565
49610,32.97966954069534,1152.199999999234,7445.919604846641
49611,32.97966954069534,1152.219999999234,7445.962499266287
49612,32.97966954069534,1152.239999999234,7446.0053932765795
49613,32.97966954069534,1152.259999999234,7446.048286877505
49614,32.97966954069534,1152.279999999234,7446.091180069049
49615,32.97966954069534,1152.299999999234,7446.134072851199
49616,32.97966954069534,1152.319999999234,7446.176965223939
49617,32.97966954069534,1152.339999999234,7446.219857187257
49618,32.97966954069534,1152.3599999992339,7446.262748741138
49619,32.97966954069534,1152.3799999992339,7446.305639885569
49620,32.97966954069534,1152.3999999992338,7446.348530620535
49621,32.97966954069534,1152.4199999992338,7446.391420946023
49622,32.97966954069534,1152.4399999992338,7446.434310862018
49623,32.97966954069534,1152.4599999992338,7446.477200368507
49624,32.97966954069534,1152.4799999992338,7446.520089465475
49625,32.97966954069534,1152.4999999992338,7446.56297815291
49626,32.97966954069534,1152.5199999992337,7446.605866430797
49627,32.97966954069534,1152.5399999992337,7446.648754299121
49628,32.97966954069534,1152.5599999992337,7446.69164175787
49629,32.97966954069534,1152.5799999992337,7446.734528807102
49630,32.97966954069534,1152.5999999992337,7446.777415447746
49631,32.97966954069534,1152.6199999992336,7446.820301680072
49632,32.97966954069534,1152.6399999992336,7446.863187504066
49633,32.97966954069534,1152.6599999992336,7446.906072919715
49634,32.97966954069534,1152.6799999992336,7446.948957927004
49635,32.97966954069534,1152.6999999992336,7446.9918425259175
49636,32.97966954069534,1152.7199999992336,7447.034726716442
49637,32.97966954069534,1152.7399999992335,7447.0776104985625
49638,32.97966954069534,1152.7599999992335,7447.120493872266
49639,32.97966954069534,1152.7799999992335,7447.163376837537
49640,32.97966954069534,1152.7999999992335,7447.206259394362
49641,32.97966954069534,1152.8199999992335,7447.249141542726
49642,32.97966954069534,1152.8399999992334,7447.2920232826145
49643,32.97966954069534,1152.8599999992334,7447.334904614014
49644,32.97966954069534,1152.8799999992334,7447.377785536909
49645,32.97966954069534,1152.8999999992334,7447.420666051286
49646,32.97966954069534,1152.9199999992334,7447.4635461571315
49647,32.97966954069534,1152.9399999992334,7447.50642585443
49648,32.97966954069534,1152.9599999992333,7447.549305143167
49649,32.97966954069534,1152.9799999992333,7447.592184023328
49650,32.97966954069534,1152.9999999992333,7447.635062494899
49651,32.97966954069534,1153.0199999992333,7447.677940557866
49652,32.97966954069534,1153.0399999992333,7447.720818212215
49653,32.97966954069534,1153.0599999992332,7447.763695457931
49654,32.97966954069534,1153.0799999992332,7447.806572295
49655,32.97966954069534,1153.0999999992332,7447.849448723407
49656,32.97966954069534,1153.1199999992332,7447.892324743138
49657,32.97966954069534,1153.1399999992332,7447.935200354179
49658,32.97966954069534,1153.1599999992332,7447.978075556515
49659,32.97966954069534,1153.1799999992331,7448.020950350133
49660,32.97966954069534,1153.1999999992331,7448.063824735017
49661,32.97966954069534,1153.219999999233,7448.1066987111535
49662,32.97966954069534,1153.239999999233,7448.1495722785285
49663,32.97966954069534,1153.259999999233,7448.1924454371265
49664,32.97966954069534,1153.279999999233,7448.235318186934
49665,32.97966954069534,1153.299999999233,7448.278190527936
49666,32.97966954069534,1153.319999999233,7448.32106246012
49667,32.97966954069534,1153.339999999233,7448.363933983469
49668,32.97966954069534,1153.359999999233,7448.40680509797
49669,32.97966954069534,1153.379999999233,7448.449675803609
49670,32.97966954069534,1153.399999999233,7448.492546100372
49671,32.97966954069534,1153.419999999233,7448.535415988244
49672,32.97966954069534,1153.439999999233,7448.57828546721
49673,32.97966954069534,1153.4599999992329,7448.621154537256
49674,32.97966954069534,1153.4799999992329,7448.664023198368
49675,32.97966954069534,1153.4999999992328,7448.706891450533
49676,32.97966954069534,1153.5199999992328,7448.749759293733
49677,32.97966954069534,1153.5399999992328,7448.792626727957
49678,32.97966954069534,1153.5599999992328,7448.83549375319
49679,32.97966954069534,1153.5799999992328,7448.878360369417
49680,32.97966954069534,1153.5999999992328,7448.921226576718
49681,32.97966954069534,1153.6199999992327,7448.964092376148
49682,32.97966954069534,1153.6399999992327,7449.006957767914
49683,32.97966954069534,1153.6599999992327,7449.049822752002
49684,32.97966954069534,1153.6799999992327,7449.092687328398
49685,32.97966954069534,1153.6999999992327,7449.135551497086
49686,32.97966954069534,1153.7199999992326,7449.178415258054
49687,32.97966954069534,1153.7399999992326,7449.221278611287
49688,32.97966954069534,1153.7599999992326,7449.26414155677
49689,32.97966954069534,1153.7799999992326,7449.307004094489
49690,32.97966954069534,1153.7999999992326,7449.349866224429
49691,32.97966954069534,1153.8199999992326,7449.392727946577
49692,32.97966954069534,1153.8399999992325,7449.435589260918
49693,32.97966954069534,1153.8599999992325,7449.478450167438
49694,32.97966954069534,1153.8799999992325,7449.521310666121
49695,32.97966954069534,1153.8999999992325,7449.564170756956
49696,32.97966954069534,1153.9199999992325,7449.607030439925
49697,32.97966954069534,1153.9399999992324,7449.649889715017
49698,32.97966954069534,1153.9599999992324,7449.692748582215
49699,32.97966954069534,1153.9799999992324,7449.735607041506
49700,32.97966954069534,1153.9999999992324,7449.778465092875
49701,32.97966954069534,1154.0199999992324,7449.8213227363085
49702,32.97966954069534,1154.0399999992324,7449.864179971792
49703,32.97966954069534,1154.0599999992323,7449.90703679931
49704,32.97966954069534,1154.0799999992323,7449.94989321885
49705,32.97966954069534,1154.0999999992323,7449.992749230396
49706,32.97966954069534,1154.1199999992323,7450.035604833907
49707,32.97966954069534,1154.1399999992323,7450.078460029322
49708,32.97966954069534,1154.1599999992322,7450.121314816624
49709,32.97966954069534,1154.1799999992322,7450.1641691958
49710,32.97966954069534,1154.1999999992322,7450.207023166835
49711,32.97966954069534,1154.2199999992322,7450.249876729716
49712,32.97966954069534,1154.2399999992322,7450.292729884428
49713,32.97966954069534,1154.2599999992322,7450.335582630957
49714,32.97966954069534,1154.2799999992321,7450.37843496929
49715,32.97966954069534,1154.299999999232,7450.421286899412
49716,32.97966954069534,1154.319999999232,7450.46413842131
49717,32.97966954069534,1154.339999999232,7450.50698953497
49718,32.97966954069534,1154.359999999232,7450.549840240376
49719,32.97966954069534,1154.379999999232,7450.592690537516
49720,32.97966954069534,1154.399999999232,7450.635540426376
49721,32.97966954069534,1154.419999999232,7450.678389906941
49722,32.97966954069534,1154.439999999232,7450.7212389791985
49723,32.97966954069534,1154.459999999232,7450.764087643133
49724,32.97966954069534,1154.479999999232,7450.806935898731
49725,32.97966954069534,1154.499999999232,7450.849783745979
49726,32.97966954069534,1154.519999999232,7450.892631184863
49727,32.97966954069534,1154.539999999232,7450.935478215368
49728,32.97966954069534,1154.5599999992319,7450.978324837481
49729,32.97966954069534,1154.5799999992319,7451.021171051187
49730,32.97966954069534,1154.5999999992318,7451.064016856472
49731,32.97966954069534,1154.6199999992318,7451.106862253434
49732,32.97966954069534,1154.6399999992318,7451.149707243196
49733,32.97966954069534,1154.6599999992318,7451.192551825884
49734,32.97966954069534,1154.6799999992318,7451.235396001485
49735,32.97966954069534,1154.6999999992317,7451.278239769985
49736,32.97966954069534,1154.7199999992317,7451.321083131369
49737,32.97966954069534,1154.7399999992317,7451.363926085624
49738,32.97966954069534,1154.7599999992317,7451.406768632736
49739,32.97966954069534,1154.7799999992317,7451.449610772692
49740,32.97966954069534,1154.7999999992317,7451.492452505476
49741,32.97966954069534,1154.8199999992316,7451.535293831075
49742,32.97966954069534,1154.8399999992316,7451.578134749476
49743,32.97966954069534,1154.8599999992316,7451.620975260664
49744,32.97966954069534,1154.8799999992316,7451.6638153646245
49745,32.97966954069534,1154.8999999992316,7451.7066550613445
49746,32.97966954069534,1154.9199999992315,7451.74949435081
49747,32.97966954069534,1154.9399999992315,7451.7923332330065
49748,32.97966954069534,1154.9599999992315,7451.83517170792
49749,32.97966954069534,1154.9799999992315,7451.878009775538
49750,32.97966954069534,1154.9999999992315,7451.920847435846
49751,32.97966954069534,1155.0199999992315,7451.963684688829
49752,32.97966954069534,1155.0399999992314,7452.006521534473
49753,32.97966954069534,1155.0599999992314,7452.049357972765
49754,32.97966954069534,1155.0799999992314,7452.0921940036915
49755,32.97966954069534,1155.0999999992314,7452.135029627238
49756,32.97966954069534,1155.1199999992314,7452.177864843389
49757,32.97966954069534,1155.1399999992313,7452.220699652133
49758,32.97966954069534,1155.1599999992313,7452.263534053454
49759,32.97966954069534,1155.1799999992313,7452.306368047341
49760,32.97966954069534,1155.1999999992313,7452.349201633777
49761,32.97966954069534,1155.2199999992313,7452.3920348127485
49762,32.97966954069534,1155.2399999992313,7452.434867584243
49763,32.97966954069534,1155.2599999992312,7452.477699948246
49764,32.97966954069534,1155.2799999992312,7452.520531904743
49765,32.97966954069534,1155.2999999992312,7452.56336345372
49766,32.97966954069534,1155.3199999992312,7452.606194595163
49767,32.97966954069534,1155.3399999992312,7452.649025329059
49768,32.97966954069534,1155.3599999992311,7452.691855655394
49769,32.97966954069534,1155.3799999992311,7452.734685574153
49770,32.97966954069534,1155.399999999231,7452.777515085323
49771,32.97966954069534,1155.419999999231,7452.82034418889
49772,32.97966954069534,1155.439999999231,7452.8631728848395
49773,32.97966954069534,1155.459999999231,7452.906001173158
49774,32.97966954069534,1155.479999999231,7452.948829053831
49775,32.97966954069534,1155.499999999231,7452.991656526845
49776,32.97966954069534,1155.519999999231,7453.034483592186
49777,32.97966954069534,1155.539999999231,7453.077310249841
49778,32.97966954069534,1155.559999999231,7453.120136499794
49779,32.97966954069534,1155.579999999231,7453.162962342032
49780,32.97966954069534,1155.599999999231,7453.205787776542
49781,32.97966954069534,1155.619999999231,7453.248612803309
49782,32.97966954069534,1155.639999999231,7453.291437422494
49783,32.97966954069534,1155.6599999992309,7453.334261635207
49784,32.97966954069534,1155.6799999992309,7453.377085441542
49785,32.97966954069534,1155.6999999992308,7453.419908841482
49786,32.97966954069534,1155.7199999992308,7453.462731835014
49787,32.97966954069534,1155.7399999992308,7453.505554422125
49788,32.97966954069534,1155.7599999992308,7453.5483766028
49789,32.97966954069534,1155.7799999992308,7453.591198377025
49790,32.97966954069534,1155.7999999992307,7453.634019744785
49791,32.97966954069534,1155.8199999992307,7453.676840706068
49792,32.97966954069534,1155.8399999992307,7453.719661260859
49793,32.97966954069534,1155.8599999992307,7453.762481409143
49794,32.97966954069534,1155.8799999992307,7453.805301150907
49795,32.97966954069534,1155.8999999992307,7453.848120486136
49796,32.97966954069534,1155.9199999992306,7453.890939414817
49797,32.97966954069534,1155.9399999992306,7453.933757936935
49798,32.97966954069534,1155.9599999992306,7453.976576052476
49799,32.97966954069534,1155.9799999992306,7454.019393761427
49800,32.97966954069534,1155.9999999992306,7454.062211063772
49801,32.97966954069534,1156.0199999992305,7454.105027959499
49802,32.97966954069534,1156.0399999992305,7454.147844448593
49803,32.97966954069534,1156.0599999992305,7454.19066053104
49804,32.97966954069534,1156.0799999992305,7454.233476206825
49805,32.97966954069534,1156.0999999992305,7454.276291475934
49806,32.97966954069534,1156.1199999992305,7454.319106338355
49807,32.97966954069534,1156.1399999992304,7454.361920794072
49808,32.97966954069534,1156.1599999992304,7454.404734843071
49809,32.97966954069534,1156.1799999992304,7454.447548485339
49810,32.97966954069534,1156.1999999992304,7454.490361720861
49811,32.97966954069534,1156.2199999992304,7454.533174549623
49812,32.97966954069534,1156.2399999992303,7454.575986971611
49813,32.97966954069534,1156.2599999992303,7454.618798986811
49814,32.97966954069534,1156.2799999992303,7454.661610595209
49815,32.97966954069534,1156.2999999992303,7454.7044217967905
49816,32.97966954069534,1156.3199999992303,7454.747232591542
49817,32.97966954069534,1156.3399999992303,7454.79004297945
49818,32.97966954069534,1156.3599999992302,7454.832852960499
49819,32.97966954069534,1156.3799999992302,7454.875662534675
49820,32.97966954069534,1156.3999999992302,7454.918471701965
49821,32.97966954069534,1156.4199999992302,7454.961280462355
49822,32.97966954069534,1156.4399999992302,7455.004088815829
49823,32.97966954069534,1156.4599999992301,7455.046896762375
49824,32.97966954069534,1156.4799999992301,7455.089704301978
49825,32.97966954069534,1156.49999999923,7455.132511434624
49826,32.97966954069534,1156.51999999923,7455.175318160299
49827,32.97966954069534,1156.53999999923,7455.218124478989
49828,32.97966954069534,1156.55999999923,7455.260930390679
49829,32.97966954069534,1156.57999999923,7455.303735895356
49830,32.97966954069534,1156.59999999923,7455.346540993006
49831,32.97966954069534,1156.61999999923,7455.389345683614
49832,32.97966954069534,1156.63999999923,7455.432149967167
49833,32.97966954069534,1156.65999999923,7455.47495384392
49834,32.97966954069534,1156.67999999923,7455.517757314969
49835,32.97966954069534,1156.69999999923,7455.5605603803915
49836,32.97966954069534,1156.71999999923,7455.603363040176
49837,32.93599734029832,1156.73999999923,7455.646165294308
49838,32.93599734029832,1156.7599999992299,7455.688967142773
49839,32.93599734029832,1156.7799999992299,7455.731768585558
49840,32.93599734029832,1156.7999999992298,7455.774569622648
49841,32.93599734029832,1156.8199999992298,7455.817370254031
49842,32.93599734029832,1156.8399999992298,7455.860170479691
49843,32.93599734029832,1156.8599999992298,7455.902970299616
49844,32.93599734029832,1156.8799999992298,7455.945769713791
49845,32.93599734029832,1156.8999999992297,7455.988568722203
49846,32.93599734029832,1156.9199999992297,7456.031367324837
49847,32.93599734029832,1156.9399999992297,7456.074165521681
49848,32.93599734029832,1156.9599999992297,7456.116963312719
49849,32.93599734029832,1156.9799999992297,7456.159760697939
49850,32.93599734029832,1156.9999999992297,7456.202557677327
49851,32.93599734029832,1157.0199999992296,7456.245354250868
49852,32.93599734029832,1157.0399999992296,7456.28815041855
49853,32.93599734029832,1157.0599999992296,7456.330946180357
49854,32.93599734029832,1157.0799999992296,7456.373741536277
49855,32.93599734029832,1157.0999999992296,7456.416536486295
49856,32.93599734029832,1157.1199999992295,7456.459331030397
49857,32.93599734029832,1157.1399999992295,7456.50212516857
49858,32.93599734029832,1157.1599999992295,7456.5449189008
49859,32.93599734029832,1157.1799999992295,7456.587712227074
49860,32.93599734029832,1157.1999999992295,7456.630505147376
49861,32.93599734029832,1157.2199999992295,7456.673297661694
49862,32.93599734029832,1157.2399999992294,7456.716089770013
49863,32.93599734029832,1157.2599999992294,7456.75888147232
49864,32.93599734029832,1157.2799999992294,7456.801672768602
49865,32.93599734029832,1157.2999999992294,7456.844463658843
49866,32.93599734029832,1157.3199999992294,7456.887254143031
49867,32.93599734029832,1157.3399999992293,7456.930044221152
49868,32.93599734029832,1157.3599999992293,7456.972833893191
49869,32.93599734029832,1157.3799999992293,7457.0156231591345
49870,32.93599734029832,1157.3999999992293,7457.05841201897
49871,32.93599734029832,1157.4199999992293,7457.101200472682
49872,32.93599734029832,1157.4399999992293,7457.143988520257
49873,32.93599734029832,1157.4599999992292,7457.186776161682
49874,32.93599734029832,1157.4799999992292,7457.229563396943
49875,32.93599734029832,1157.4999999992292,7457.272350226026
49876,32.93599734029832,1157.5199999992292,7457.315136648917
49877,32.93599734029832,1157.5399999992292,7457.357922665603
49878,32.93599734029832,1157.5599999992291,7457.400708276069
49879,32.93599734029832,1157.5799999992291,7457.443493480301
49880,32.93599734029832,1157.599999999229,7457.486278278287
49881,32.93599734029832,1157.619999999229,7457.529062670011
49882,32.93599734029832,1157.639999999229,7457.57184665546
49883,32.93599734029832,1157.659999999229,7457.614630234621
49884,32.93599734029832,1157.679999999229,7457.657413407788
49885,32.93599734029832,1157.699999999229,7457.7001961758515
49886,32.93599734029832,1157.719999999229,7457.742978538862
49887,32.93599734029832,1157.739999999229,7457.785760496807
49888,32.93599734029832,1157.759999999229,7457.828542049671
49889,32.93599734029832,1157.779999999229,7457.871323197442
49890,32.93599734029832,1157.799999999229,7457.914103940103
49891,32.93599734029832,1157.819999999229,7457.9568842776425
49892,32.93599734029832,1157.839999999229,7457.999664210046
49893,32.93599734029832,1157.8599999992289,7458.0424437372985
49894,32.93599734029832,1157.8799999992289,7458.085222859387
49895,32.93599734029832,1157.8999999992288,7458.128001576297
49896,32.93599734029832,1157.9199999992288,7458.170779888015
49897,32.93599734029832,1157.9399999992288,7458.213557794527
49898,32.93599734029832,1157.9599999992288,7458.256335295819
49899,32.93599734029832,1157.9799999992288,7458.299112391876
49900,32.93599734029832,1157.9999999992287,7458.341889082685
49901,32.93599734029832,1158.0199999992287,7458.384665368232
49902,32.93599734029832,1158.0399999992287,7458.427441248503
49903,32.93599734029832,1158.0599999992287,7458.470216723484
49904,32.93599734029832,1158.0799999992287,7458.51299179316
49905,32.93599734029832,1158.0999999992287,7458.555766457518
49906,32.93599734029832,1158.1199999992286,7458.598540716544
49907,32.93599734029832,1158.1399999992286,7458.6413145702245
49908,32.93599734029832,1158.1599999992286,7458.684088018545
49909,32.93599734029832,1158.1799999992286,7458.72686106149
49910,32.93599734029832,1158.1999999992286,7458.7696336990475
49911,32.93599734029832,1158.2199999992285,7458.812405931203
49912,32.93599734029832,1158.2399999992285,7458.855177757942
49913,32.93599734029832,1158.2599999992285,7458.897949179252
49914,32.93599734029832,1158.2799999992285,7458.940720195117
49915,32.93599734029832,1158.2999999992285,7458.9834908055245
49916,32.93599734029832,1158.3199999992285,7459.02626101046
49917,32.93599734029832,1158.3399999992284,7459.069030809909
49918,32.93599734029832,1158.3599999992284,7459.111800203859
49919,32.93599734029832,1158.3799999992284,7459.154569192295
49920,32.93599734029832,1158.3999999992284,7459.197337775202
49921,32.93599734029832,1158.4199999992284,7459.240105952567
49922,32.93599734029832,1158.4399999992283,7459.282873724377
49923,32.93599734029832,1158.4599999992283,7459.325641090617
49924,32.93599734029832,1158.4799999992283,7459.368408051273
49925,32.93599734029832,1158.4999999992283,7459.411174606331
49926,32.93599734029832,1158.5199999992283,7459.453940755777
49927,32.93599734029832,1158.5399999992283,7459.496706499597
49928,32.93599734029832,1158.5599999992282,7459.5394718377775
49929,32.93599734029832,1158.5799999992282,7459.582236770304
49930,32.93599734029832,1158.5999999992282,7459.625001297163
49931,32.93599734029832,1158.6199999992282,7459.66776541834
49932,32.93599734029832,1158.6399999992282,7459.710529133822
49933,32.93599734029832,1158.6599999992281,7459.753292443594
49934,32.93599734029832,1158.6799999992281,7459.796055347641
49935,32.93599734029832,1158.699999999228,7459.838817846365
49936,32.93599734029832,1158.719999999228,7459.881579940653
49937,32.93599734029832,1158.739999999228,7459.924341630548
49938,32.93599734029832,1158.759999999228,7459.9671029160345
49939,32.93599734029832,1158.779999999228,7460.009863797097
49940,32.93599734029832,1158.799999999228,7460.052624273681
49941,32.93599734029832,1158.819999999228,7460.0953843457555
49942,32.93599734029832,1158.839999999228,7460.138144013305
49943,32.93599734029832,1158.859999999228,7460.180903276315
49944,32.93599734029832,1158.879999999228,7460.223662134772
49945,32.93599734029832,1158.899999999228,7460.266420588662
49946,32.93599734029832,1158.919999999228,7460.309178637972
49947,32.93599734029832,1158.939999999228,7460.351936282686
49948,32.93599734029832,1158.9599999992279,7460.394693522792
49949,32.93599734029832,1158.9799999992279,7460.437450358276
49950,32.93599734029832,1158.9999999992278,7460.480206789122
49951,32.93599734029832,1159.0199999992278,7460.522962815318
49952,32.93599734029832,1159.0399999992278,7460.565718436849
49953,32.93599734029832,1159.0599999992278,7460.608473653701
49954,32.93599734029832,1159.0799999992278,7460.651228465861
49955,32.93599734029832,1159.0999999992277,7460.693982873314
49956,32.93599734029832,1159.1199999992277,7460.736736876046
49957,32.93599734029832,1159.1399999992277,7460.779490474044
49958,32.93599734029832,1159.1599999992277,7460.822243667293
49959,32.93599734029832,1159.1799999992277,7460.864996455779
49960,32.93599734029832,1159.1999999992277,7460.907748839489
49961,32.93599734029832,1159.2199999992276,7460.950500818408
49962,32.93599734029832,1159.2399999992276,7460.993252392522
49963,32.93599734029832,1159.2599999992276,7461.036003561817
49964,32.93599734029832,1159.2799999992276,7461.0787543262795
49965,32.93599734029832,1159.2999999992276,7461.121504685896
49966,32.93599734029832,1159.3199999992275,7461.164254640652
49967,32.93599734029832,1159.3399999992275,7461.207004190533
49968,32.93599734029832,1159.3599999992275,7461.249753335525
49969,32.93599734029832,1159.3799999992275,7461.292502075615
49970,32.93599734029832,1159.3999999992275,7461.335250410788
49971,32.93599734029832,1159.4199999992275,7461.37799834103
49972,32.93599734029832,1159.4399999992274,7461.420745866329
49973,32.93599734029832,1159.4599999992274,7461.463492986668
49974,32.93599734029832,1159.4799999992274,7461.506239702035
49975,32.93599734029832,1159.4999999992274,7461.548986012415
49976,32.93599734029832,1159.5199999992274,7461.591731917795
49977,32.93599734029832,1159.5399999992273,7461.634477418161
49978,32.93599734029832,1159.5599999992273,7461.677222513497
49979,32.93599734029832,1159.5799999992273,7461.719967203791
49980,32.93599734029832,1159.5999999992273,7461.762711489029
49981,32.93599734029832,1159.6199999992273,7461.805455369196
49982,32.93599734029832,1159.6399999992273,7461.848198844279
49983,32.93599734029832,1159.6599999992272,7461.890941914264
49984,32.93599734029832,1159.6799999992272,7461.933684579136
49985,32.93599734029832,1159.6999999992272,7461.976426838882
49986,32.93599734029832,1159.7199999992272,7462.019168693981
49987,32.93599734029832,1159.7399999992272,7462.061910145259
49988,32.93599734029832,1159.7599999992271,7462.1046511927425
49989,32.93599734029832,1159.7799999992271,7462.147391836415
49990,32.93599734029832,1159.799999999227,7462.1901320762645
49991,32.93599734029832,1159.819999999227,7462.232871912275
49992,32.93599734029832,1159.839999999227,7462.275611344434
49993,32.93599734029832,1159.859999999227,7462.318350372727
49994,32.93599734029832,1159.879999999227,7462.36108899714
49995,32.93599734029832,1159.899999999227,7462.4038272176585
49996,32.93599734029832,1159.919999999227,7462.44656503427
49997,32.93599734029832,1159.939999999227,7462.489302446959
49998,32.93599734029832,1159.959999999227,7462.532039455713
49999,32.93599734029832,1159.979999999227,7462.574776060516
50000,32.93599734029832,1159.999999999227,7462.617512261356
50001,32.93599734029832,1160.019999999227,7462.660248058218
50002,32.93599734029832,1160.039999999227,7462.702983451088
50003,32.93599734029832,1160.0599999992269,7462.745718439952
50004,32.93599734029832,1160.0799999992269,7462.788453024797
50005,32.93599734029832,1160.0999999992268,7462.831187205607
50006,32.93599734029832,1160.1199999992268,7462.87392098237
50007,32.93599734029832,1160.1399999992268,7462.916654355071
50008,32.93599734029832,1160.1599999992268,7462.959387323696
50009,32.93599734029832,1160.1799999992268,7463.002119888231
50010,32.93599734029832,1160.1999999992267,7463.044852048663
50011,32.93599734029832,1160.2199999992267,7463.087583804978
50012,32.93599734029832,1160.2399999992267,7463.13031515716
50013,32.93599734029832,1160.2599999992267,7463.173046105197
50014,32.93599734029832,1160.2799999992267,7463.215776649074
50015,32.93599734029832,1160.2999999992267,7463.258506788777
50016,32.93599734029832,1160.3199999992266,7463.301236524292
50017,32.93599734029832,1160.3399999992266,7463.343965855606
50018,32.93599734029832,1160.3599999992266,7463.386694782705
50019,32.93599734029832,1160.3799999992266,7463.429423305573
50020,32.93599734029832,1160.3999999992266,7463.472151424198
50021,32.93599734029832,1160.4199999992265,7463.514879138565
50022,32.93599734029832,1160.4399999992265,7463.557606448661
50023,32.93599734029832,1160.4599999992265,7463.600333354471
50024,32.93599734029832,1160.4799999992265,7463.643059855982
50025,32.93599734029832,1160.4999999992265,7463.685785953179
50026,32.93599734029832,1160.5199999992265,7463.728511646049
50027,32.93599734029832,1160.5399999992264,7463.771236934577
50028,32.93599734029832,1160.5599999992264,7463.81396181875
50029,32.93599734029832,1160.5799999992264,7463.856686298553
50030,32.93599734029832,1160.5999999992264,7463.899410373972
50031,32.93599734029832,1160.6199999992264,7463.942134044994
50032,32.93599734029832,1160.6399999992263,7463.984857311605
50033,32.93599734029832,1160.6599999992263,7464.02758017379
50034,32.93599734029832,1160.6799999992263,7464.070302631536
50035,32.93599734029832,1160.6999999992263,7464.113024684828
50036,32.93599734029832,1160.7199999992263,7464.155746333653
50037,32.93599734029832,1160.7399999992263,7464.198467578572
50038,32.93599734029832,1160.7599999992262,7464.241188420347
50039,32.93599734029832,1160.7799999992262,7464.283908858985
50040,32.93599734029832,1160.7999999992262,7464.326628894474
50041,32.93599734029832,1160.8199999992262,7464.369348526799
50042,32.93599734029832,1160.8399999992262,7464.412067755945
50043,32.93599734029832,1160.8599999992261,7464.4547865818995
50044,32.93599734029832,1160.8799999992261,7464.497505004648
50045,32.93599734029832,1160.899999999226,7464.540223024176
50046,32.93599734029832,1160.919999999226,7464.582940640471
50047,32.93599734029832,1160.939999999226,7464.625657853518
50048,32.93599734029832,1160.959999999226,7464.6683746633025
50049,32.93599734029832,1160.979999999226,7464.711091069812
50050,32.93599734029832,1160.999999999226,7464.753807073032
50051,32.93599734029832,1161.019999999226,7464.796522672947
50052,32.93599734029832,1161.039999999226,7464.839237869544
50053,32.93599734029832,1161.059999999226,7464.88195266281
50054,32.93599734029832,1161.079999999226,7464.924667052731
50055,32.93599734029832,1161.099999999226,7464.9673810392915
50056,32.93599734029832,1161.119999999226,7465.010094622478
50057,32.93599734029832,1161.139999999226,7465.052807802277
50058,32.93599734029832,1161.1599999992259,7465.095520578674
50059,32.93599734029832,1161.1799999992259,7465.1382329516555
50060,32.93599734029832,1161.1999999992258,7465.180944921208
50061,32.93599734029832,1161.2199999992258,7465.2236564873165
50062,32.93599734029832,1161.2399999992258,7465.266367649967
50063,32.93599734029832,1161.2599999992258,7465.309078409146
50064,32.93599734029832,1161.2799999992258,7465.35178876484
50065,32.93599734029832,1161.2999999992257,7465.394498717034
50066,32.93599734029832,1161.3199999992257,7465.437208265715
50067,32.93599734029832,1161.3399999992257,7465.4799174108675
50068,32.93599734029832,1161.3599999992257,7465.5226261524795
50069,32.93599734029832,1161.3799999992257,7465.565334490536
50070,32.93599734029832,1161.3999999992257,7465.608042425022
50071,32.93599734029832,1161.4199999992256,7465.650749955926
50072,32.93599734029832,1161.4399999992256,7465.693457083232
50073,32.93599734029832,1161.4599999992256,7465.736163806926
50074,32.93599734029832,1161.4799999992256,7465.778870126996
50075,32.93599734029832,1161.4999999992256,7465.821576043425
50076,32.93599734029832,1161.5199999992255,7465.864281556202
50077,32.93599734029832,1161.5399999992255,7465.906986665311
50078,32.93599734029832,1161.5599999992255,7465.949691370739
50079,32.93599734029832,1161.5799999992255,7465.9923956724715
50080,32.93599734029832,1161.5999999992255,7466.035099570495
50081,32.93599734029832,1161.6199999992255,7466.077803064795
50082,32.93599734029832,1161.6399999992254,7466.120506155358
50083,32.93599734029832,1161.6599999992254,7466.16320884217
50084,32.93599734029832,1161.6799999992254,7466.205911125217
50085,32.93599734029832,1161.6999999992254,7466.248613004485
50086,32.93599734029832,1161.7199999992254,7466.29131447996
50087,32.93599734029832,1161.7399999992253,7466.334015551628
50088,32.93599734029832,1161.7599999992253,7466.376716220175
50089,32.93599734029832,1161.7799999992253,7466.419416486346
50090,32.93599734029832,1161.7999999992253,7466.462116350133
50091,32.93599734029832,1161.8199999992253,7466.504815811524
50092,32.93599734029832,1161.8399999992253,7466.547514870504
50093,32.93599734029832,1161.8599999992252,7466.590213527058
50094,32.93599734029832,1161.8799999992252,7466.632911781174
50095,32.93599734029832,1161.8999999992252,7466.675609632836
50096,32.93599734029832,1161.9199999992252,7466.718307082032
50097,32.89242144058125,1161.9399999992252,7466.761004128747
50098,32.89242144058125,1161.9599999992251,7466.803700772967
50099,32.89242144058125,1161.9799999992251,7466.8463970146795
50100,32.89242144058125,1161.999999999225,7466.8890928538685
50101,32.89242144058125,1162.019999999225,7466.931788290522
50102,32.89242144058125,1162.039999999225,7466.974483324624
50103,32.89242144058125,1162.059999999225,7467.017177956162
50104,32.89242144058125,1162.079999999225,7467.059872185122
50105,32.89242144058125,1162.099999999225,7467.10256601149
50106,32.89242144058125,1162.119999999225,7467.145259435252
50107,32.89242144058125,1162.139999999225,7467.187952456394
50108,32.89242144058125,1162.159999999225,7467.230645074902
50109,32.89242144058125,1162.179999999225,7467.273337290762
50110,32.89242144058125,1162.199999999225,7467.31602910396
50111,32.89242144058125,1162.219999999225,7467.358720514483
50112,32.89242144058125,1162.239999999225,7467.401411522316
50113,32.89242144058125,1162.2599999992249,7467.444102127446
50114,32.89242144058125,1162.2799999992249,7467.486792329858
50115,32.89242144058125,1162.2999999992248,7467.529482129538
50116,32.89242144058125,1162.3199999992248,7467.5721715264735
50117,32.89242144058125,1162.3399999992248,7467.61486052065
50118,32.89242144058125,1162.3599999992248,7467.657549112053
50119,32.89242144058125,1162.3799999992248,7467.700237300669
50120,32.89242144058125,1162.3999999992247,7467.742925086484
50121,32.89242144058125,1162.4199999992247,7467.7856124694845
50122,32.89242144058125,1162.4399999992247,7467.828299449656
50123,32.89242144058125,1162.4599999992247,7467.870986026985
50124,32.89242144058125,1162.4799999992247,7467.913672201456
50125,32.89242144058125,1162.4999999992247,7467.9563579730575
50126,32.89242144058125,1162.5199999992246,7467.999043341774
50127,32.89242144058125,1162.5399999992246,7468.041728307592
50128,32.89242144058125,1162.5599999992246,7468.0844128704975
50129,32.89242144058125,1162.5799999992246,7468.127097030477
50130,32.89242144058125,1162.5999999992246,7468.169780787516
50131,32.89242144058125,1162.6199999992245,7468.212464141601
50132,32.89242144058125,1162.6399999992245,7468.255147092718
50133,32.89242144058125,1162.6599999992245,7468.297829640854
50134,32.89242144058125,1162.6799999992245,7468.340511785993
50135,32.89242144058125,1162.6999999992245,7468.383193528122
50136,32.89242144058125,1162.7199999992245,7468.425874867228
50137,32.89242144058125,1162.7399999992244,7468.468555803296
50138,32.89242144058125,1162.7599999992244,7468.511236336321
50139,32.89242144058125,1162.7799999992244,7468.553916466957
50140,32.89242144058125,1162.7999999992244,7468.596596195771
50141,32.89242144058125,1162.8199999992244,7468.63927552275
50142,32.89242144058125,1162.8399999992243,7468.681954447879
50143,32.89242144058125,1162.8599999992243,7468.724632971145
50144,32.89242144058125,1162.8799999992243,7468.767311092533
50145,32.89242144058125,1162.8999999992243,7468.809988812031
50146,32.89242144058125,1162.9199999992243,7468.852666129624
50147,32.89242144058125,1162.9399999992243,7468.8953430452975
50148,32.89242144058125,1162.9599999992242,7468.938019559038
50149,32.89242144058125,1162.9799999992242,7468.980695670833
50150,32.89242144058125,1162.9999999992242,7469.023371380666
50151,32.89242144058125,1163.0199999992242,7469.066046688524
50152,32.89242144058125,1163.0399999992242,7469.1087215943935
50153,32.89242144058125,1163.0599999992241,7469.151396098261
50154,32.89242144058125,1163.0799999992241,7469.194070200112
50155,32.89242144058125,1163.099999999224,7469.236743899933
50156,32.89242144058125,1163.119999999224,7469.279417197709
50157,32.89242144058125,1163.139999999224,7469.322090093428
50158,32.89242144058125,1163.159999999224,7469.364762587075
50159,32.89242144058125,1163.179999999224,7469.407434678636
50160,32.89242144058125,1163.199999999224,7469.450106368096
50161,32.89242144058125,1163.219999999224,7469.492777655443
50162,32.89242144058125,1163.239999999224,7469.535448540662
50163,32.89242144058125,1163.259999999224,7469.57811902374
50164,32.89242144058125,1163.279999999224,7469.620789104662
50165,32.89242144058125,1163.299999999224,7469.663458783415
50166,32.89242144058125,1163.319999999224,7469.706128059985
50167,32.89242144058125,1163.339999999224,7469.7487969343565
50168,32.89242144058125,1163.3599999992239,7469.791465406518
50169,32.89242144058125,1163.3799999992239,7469.834133476454
50170,32.89242144058125,1163.3999999992238,7469.876801144151
50171,32.89242144058125,1163.4199999992238,7469.919468409595
50172,32.89242144058125,1163.4399999992238,7469.962135272772
50173,32.89242144058125,1163.4599999992238,7470.004801733667
50174,32.89242144058125,1163.4799999992238,7470.04746779221
50175,32.89242144058125,1163.4999999992237,7470.09013344835
50176,32.89242144058125,1163.5199999992237,7470.132798702071
50177,32.89242144058125,1163.5399999992237,7470.175463553361
50178,32.89242144058125,1163.5599999992237,7470.218128002204
50179,32.89242144058125,1163.5799999992237,7470.260792048588
50180,32.89242144058125,1163.5999999992237,7470.303455692498
50181,32.89242144058125,1163.6199999992236,7470.3461189339205
50182,32.89242144058125,1163.6399999992236,7470.388781772842
50183,32.89242144058125,1163.6599999992236,7470.431444209247
50184,32.89242144058125,1163.6799999992236,7470.474106243124
50185,32.89242144058125,1163.6999999992236,7470.516767874457
50186,32.89242144058125,1163.7199999992235,7470.559429103233
50187,32.89242144058125,1163.7399999992235,7470.602089929438
50188,32.89242144058125,1163.7599999992235,7470.644750353058
50189,32.89242144058125,1163.7799999992235,7470.687410374105
50190,32.89242144058125,1163.7999999992235,7470.730069993345
50191,32.89242144058125,1163.8199999992235,7470.772729211311
50192,32.89242144058125,1163.8399999992234,7470.81538802799
50193,32.89242144058125,1163.8599999992234,7470.858046443366
50194,32.89242144058125,1163.8799999992234,7470.900704457427
50195,32.89242144058125,1163.8999999992234,7470.943362070159
50196,32.89242144058125,1163.9199999992234,7470.986019281548
50197,32.89242144058125,1163.9399999992233,7471.028676091579
50198,32.89242144058125,1163.9599999992233,7471.071332500239
50199,32.89242144058125,1163.9799999992233,7471.113988507514
50200,32.89242144058125,1163.9999999992233,7471.156644113389
50201,32.89242144058125,1164.0199999992233,7471.199299317852
50202,32.89242144058125,1164.0399999992233,7471.241954120887
50203,32.89242144058125,1164.0599999992232,7471.284608522483
50204,32.89242144058125,1164.0799999992232,7471.327262522624
50205,32.89242144058125,1164.0999999992232,7471.369916121295
50206,32.89242144058125,1164.1199999992232,7471.412569318485
50207,32.89242144058125,1164.1399999992232,7471.4552221141785
50208,32.89242144058125,1164.1599999992231,7471.497874508362
50209,32.89242144058125,1164.1799999992231,7471.540526501021
50210,32.89242144058125,1164.199999999223,7471.583178092143
50211,32.89242144058125,1164.219999999223,7471.625829281712
50212,32.89242144058125,1164.239999999223,7471.668480069716
50213,32.89242144058125,1164.259999999223,7471.7111304561395
50214,32.89242144058125,1164.279999999223,7471.753780440969
50215,32.89242144058125,1164.299999999223,7471.796430024192
50216,32.89242144058125,1164.319999999223,7471.8390792057935
50217,32.89242144058125,1164.339999999223,7471.881727985759
50218,32.89242144058125,1164.359999999223,7471.924376364077
50219,32.89242144058125,1164.379999999223,7471.967024340731
50220,32.89242144058125,1164.399999999223,7472.009671915708
50221,32.89242144058125,1164.419999999223,7472.052319088994
50222,32.89242144058125,1164.439999999223,7472.094965860576
50223,32.89242144058125,1164.4599999992229,7472.137612230439
50224,32.89242144058125,1164.4799999992229,7472.180258198569
50225,32.89242144058125,1164.4999999992228,7472.222903764954
50226,32.89242144058125,1164.5199999992228,7472.265548929578
50227,32.89242144058125,1164.5399999992228,7472.308193692427
50228,32.89242144058125,1164.5599999992228,7472.350838053489
50229,32.89242144058125,1164.5799999992228,7472.393482012748
50230,32.89242144058125,1164.5999999992227,7472.4361255701915
50231,32.89242144058125,1164.6199999992227,7472.478768725806
50232,32.89242144058125,1164.6399999992227,7472.521411479576
50233,32.89242144058125,1164.6599999992227,7472.564053831489
50234,32.89242144058125,1164.6799999992227,7472.606695781531
50235,32.89242144058125,1164.6999999992227,7472.649337329687
50236,32.89242144058125,1164.7199999992226,7472.691978475944
50237,32.89242144058125,1164.7399999992226,7472.734619220288
50238,32.89242144058125,1164.7599999992226,7472.777259562705
50239,32.89242144058125,1164.7799999992226,7472.819899503181
50240,32.89242144058125,1164.7999999992226,7472.862539041744
50241,32.89242144058125,1164.8199999992225,7472.905178179225
50242,32.89242144058125,1164.8399999992225,7472.9478169160775
50243,32.89242144058125,1164.8599999992225,7472.990455252288
50244,32.89242144058125,1164.8799999992225,7473.033093187842
50245,32.89242144058125,1164.8999999992225,7473.075730722725
50246,32.89242144058125,1164.9199999992225,7473.118367856924
50247,32.89242144058125,1164.9399999992224,7473.161004590425
50248,32.89242144058125,1164.9599999992224,7473.203640923215
50249,32.89242144058125,1164.9799999992224,7473.246276855279
50250,32.89242144058125,1164.9999999992224,7473.2889123866025
50251,32.89242144058125,1165.0199999992224,7473.331547517173
50252,32.89242144058125,1165.0399999992223,7473.3741822469765
50253,32.89242144058125,1165.0599999992223,7473.416816575999
50254,32.89242144058125,1165.0799999992223,7473.459450504227
50255,32.89242144058125,1165.0999999992223,7473.502084031646
50256,32.89242144058125,1165.1199999992223,7473.544717158241
50257,32.89242144058125,1165.1399999992223,7473.587349884
50258,32.89242144058125,1165.1599999992222,7473.629982208909
50259,32.89242144058125,1165.1799999992222,7473.672614132953
50260,32.89242144058125,1165.1999999992222,7473.715245656119
50261,32.89242144058125,1165.2199999992222,7473.7578767783925
50262,32.89242144058125,1165.2399999992222,7473.800507499761
50263,32.89242144058125,1165.2599999992221,7473.843137820209
50264,32.89242144058125,1165.2799999992221,7473.885767739724
50265,32.89242144058125,1165.299999999222,7473.928397258291
50266,32.89242144058125,1165.319999999222,7473.971026375896
50267,32.89242144058125,1165.339999999222,7474.013655092526
50268,32.89242144058125,1165.359999999222,7474.0562834081675
50269,32.89242144058125,1165.379999999222,7474.098911322805
50270,32.89242144058125,1165.399999999222,7474.141538836427
50271,32.89242144058125,1165.419999999222,7474.184165949017
50272,32.89242144058125,1165.439999999222,7474.226792660563
50273,32.89242144058125,1165.459999999222,7474.26941897105
50274,32.89242144058125,1165.479999999222,7474.312044880465
50275,32.89242144058125,1165.499999999222,7474.354670388793
50276,32.89242144058125,1165.519999999222,7474.397295496022
50277,32.89242144058125,1165.539999999222,7474.439920202137
50278,32.89242144058125,1165.5599999992219,7474.482544507124
50279,32.89242144058125,1165.5799999992219,7474.525168410969
50280,32.89242144058125,1165.5999999992218,7474.567791913659
50281,32.89242144058125,1165.6199999992218,7474.610415015179
50282,32.89242144058125,1165.6399999992218,7474.653037715516
50283,32.89242144058125,1165.6599999992218,7474.695660014656
50284,32.89242144058125,1165.6799999992218,7474.738281912585
50285,32.89242144058125,1165.6999999992217,7474.780903409289
50286,32.89242144058125,1165.7199999992217,7474.823524504754
50287,32.89242144058125,1165.7399999992217,7474.8661451989665
50288,32.89242144058125,1165.7599999992217,7474.908765491912
50289,32.89242144058125,1165.7799999992217,7474.951385383578
50290,32.89242144058125,1165.7999999992217,7474.994004873949
50291,32.89242144058125,1165.8199999992216,7475.03662396307
50292,32.89242144058125,1165.8399999992216,7475.079242651837
50293,32.89242144058125,1165.8599999992216,7475.121860940624
50294,32.89242144058125,1165.8799999992216,7475.164478829417
50295,32.89242144058125,1165.8999999992216,7475.207096318202
50296,32.89242144058125,1165.9199999992215,7475.249713406965
50297,32.89242144058125,1165.9399999992215,7475.292330095694
50298,32.89242144058125,1165.9599999992215,7475.334946384372
50299,32.89242144058125,1165.9799999992215,7475.377562272988
50300,32.89242144058125,1165.9999999992215,7475.420177761526
50301,32.89242144058125,1166.0199999992215,7475.462792849974
50302,32.89242144058125,1166.0399999992214,7475.505407538317
50303,32.89242144058125,1166.0599999992214,7475.548021826541
50304,32.89242144058125,1166.0799999992214,7475.590635714633
50305,32.89242144058125,1166.0999999992214,7475.6332492025795
50306,32.89242144058125,1166.1199999992214,7475.675862290365
50307,32.89242144058125,1166.1399999992213,7475.718474977977
50308,32.89242144058125,1166.1599999992213,7475.761087265401
50309,32.89242144058125,1166.1799999992213,7475.803699152624
50310,32.89242144058125,1166.1999999992213,7475.846310639632
50311,32.89242144058125,1166.2199999992213,7475.88892172641
50312,32.89242144058125,1166.2399999992213,7475.931532412946
50313,32.89242144058125,1166.2599999992212,7475.974142699224
50314,32.89242144058125,1166.2799999992212,7476.016752585232
50315,32.89242144058125,1166.2999999992212,7476.059362070956
50316,32.89242144058125,1166.3199999992212,7476.101971156381
50317,32.89242144058125,1166.3399999992212,7476.144579841494
50318,32.89242144058125,1166.3599999992211,7476.187188126281
50319,32.89242144058125,1166.3799999992211,7476.229796010729
50320,32.89242144058125,1166.399999999221,7476.272403494822
50321,32.89242144058125,1166.419999999221,7476.315010578549
50322,32.89242144058125,1166.439999999221,7476.357617261894
50323,32.89242144058125,1166.459999999221,7476.400223544844
50324,32.89242144058125,1166.479999999221,7476.442829427386
50325,32.89242144058125,1166.499999999221,7476.485434909504
50326,32.89242144058125,1166.519999999221,7476.528039991185
50327,32.89242144058125,1166.539999999221,7476.570644672417
50328,32.89242144058125,1166.559999999221,7476.613248953184
50329,32.89242144058125,1166.579999999221,7476.655852833473
50330,32.89242144058125,1166.599999999221,7476.69845631327
50331,32.89242144058125,1166.619999999221,7476.7410593925615
50332,32.89242144058125,1166.639999999221,7476.783662071333
50333,32.89242144058125,1166.6599999992209,7476.826264349572
50334,32.89242144058125,1166.6799999992209,7476.868866227263
50335,32.89242144058125,1166.6999999992208,7476.9114677043935
50336,32.89242144058125,1166.7199999992208,7476.954068780949
50337,32.89242144058125,1166.7399999992208,7476.996669456915
50338,32.89242144058125,1166.7599999992208,7477.039269732279
50339,32.89242144058125,1166.7799999992208,7477.081869607026
50340,32.89242144058125,1166.7999999992207,7477.124469081144
50341,32.89242144058125,1166.8199999992207,7477.167068154617
50342,32.89242144058125,1166.8399999992207,7477.209666827511
50343,32.89242144058125,1166.8599999992207,7477.252265100853
50344,32.89242144058125,1166.8799999992207,7477.294862974959
50345,32.89242144058125,1166.8999999992207,7477.337460449814
50346,32.89242144058125,1166.9199999992206,7477.3800575254045
50347,32.89242144058125,1166.9399999992206,7477.422654201718
50348,32.89242144058125,1166.9599999992206,7477.465250478739
50349,32.89242144058125,1166.9799999992206,7477.507846356455
50350,32.89242144058125,1166.9999999992206,7477.550441834852
50351,32.89242144058125,1167.0199999992205,7477.593036913915
50352,32.89242144058125,1167.0399999992205,7477.635631593632
50353,32.89242144058125,1167.0599999992205,7477.678225873989
50354,32.89242144058125,1167.0799999992205,7477.720819754971
50355,32.89242144058125,1167.0999999992205,7477.763413236566
50356,32.89242144058125,1167.1199999992205,7477.806006318759
50357,32.89242144058125,1167.1399999992204,7477.848599001536
50358,32.848941544515185,1167.1599999992204,7477.891191284885
50359,32.848941544515185,1167.1799999992204,7477.933783168792
50360,32.848941544515185,1167.1999999992204,7477.976374653242
50361,32.848941544515185,1167.2199999992204,7478.018965738221
50362,32.848941544515185,1167.2399999992203,7478.061556423716
50363,32.848941544515185,1167.2599999992203,7478.104146709714
50364,32.848941544515185,1167.2799999992203,7478.1467365962
50365,32.848941544515185,1167.2999999992203,7478.189326083161
50366,32.848941544515185,1167.3199999992203,7478.231915170583
50367,32.848941544515185,1167.3399999992203,7478.2745038584535
50368,32.848941544515185,1167.3599999992202,7478.317092146757
50369,32.848941544515185,1167.3799999992202,7478.359680035481
50370,32.848941544515185,1167.3999999992202,7478.402267524611
50371,32.848941544515185,1167.4199999992202,7478.444854614133
50372,32.848941544515185,1167.4399999992202,7478.487441304034
50373,32.848941544515185,1167.4599999992201,7478.5300275943
50374,32.848941544515185,1167.4799999992201,7478.572613484917
50375,32.848941544515185,1167.49999999922,7478.615198975873
50376,32.848941544515185,1167.51999999922,7478.657784067152
50377,32.848941544515185,1167.53999999922,7478.70036875874
50378,32.848941544515185,1167.55999999922,7478.742953050626
50379,32.848941544515185,1167.57999999922,7478.785536942794
50380,32.848941544515185,1167.59999999922,7478.8281204352315
50381,32.848941544515185,1167.61999999922,7478.870703527924
50382,32.848941544515185,1167.63999999922,7478.913286220858
50383,32.848941544515185,1167.65999999922,7478.95586851402
50384,32.848941544515185,1167.67999999922,7478.9984504073955
50385,32.848941544515185,1167.69999999922,7479.041031900972
50386,32.848941544515185,1167.71999999922,7479.083612994734
50387,32.848941544515185,1167.73999999922,7479.126193688669
50388,32.848941544515185,1167.7599999992199,7479.168773982764
50389,32.848941544515185,1167.7799999992199,7479.211353877004
50390,32.848941544515185,1167.7999999992198,7479.253933371376
50391,32.848941544515185,1167.8199999992198,7479.296512465866
50392,32.848941544515185,1167.8399999992198,7479.33909116046
50393,32.848941544515185,1167.8599999992198,7479.381669455227
50394,32.848941544515185,1167.8799999992198,7479.424247351108
50395,32.848941544515185,1167.8999999992197,7479.466824848297
50396,32.848941544515185,1167.9199999992197,7479.5094019467815
50397,32.848941544515185,1167.9399999992197,7479.5519786465475
50398,32.848941544515185,1167.9599999992197,7479.594554947582
50399,32.848941544515185,1167.9799999992197,7479.63713084987
50400,32.848941544515185,1167.9999999992197,7479.6797063533995
50401,32.848941544515185,1168.0199999992196,7479.7222814581555
50402,32.848941544515185,1168.0399999992196,7479.764856164125
50403,32.848941544515185,1168.0599999992196,7479.8074304712945
50404,32.848941544515185,1168.0799999992196,7479.850004379649
50405,32.848941544515185,1168.0999999992196,7479.892577889177
50406,32.848941544515185,1168.1199999992195,7479.935150999863
50407,32.848941544515185,1168.1399999992195,7479.977723711694
50408,32.848941544515185,1168.1599999992195,7480.0202960246515
50409,32.848941544515185,1168.1799999992195,7480.062867938673
50410,32.848941544515185,1168.1999999992195,7480.105439453738
50411,32.848941544515185,1168.2199999992195,7480.148010569832
50412,32.848941544515185,1168.2399999992194,7480.190581286943
50413,32.848941544515185,1168.2599999992194,7480.233151605055
50414,32.848941544515185,1168.2799999992194,7480.275721524157
50415,32.848941544515185,1168.2999999992194,7480.318291044234
50416,32.848941544515185,1168.3199999992194,7480.360860165271
50417,32.848941544515185,1168.3399999992193,7480.403428887256
50418,32.848941544515185,1168.3599999992193,7480.445997210175
50419,32.848941544515185,1168.3799999992193,7480.488565134014
50420,32.848941544515185,1168.3999999992193,7480.531132658758
50421,32.848941544515185,1168.4199999992193,7480.573699784395
50422,32.848941544515185,1168.4399999992193,7480.6162665109105
50423,32.848941544515185,1168.4599999992192,7480.65883283829
50424,32.848941544515185,1168.4799999992192,7480.701398766522
50425,32.848941544515185,1168.4999999992192,7480.7439642955915
50426,32.848941544515185,1168.5199999992192,7480.786529425484
50427,32.848941544515185,1168.5399999992192,7480.829094156186
50428,32.848941544515185,1168.5599999992191,7480.871658487685
50429,32.848941544515185,1168.5799999992191,7480.914222419966
50430,32.848941544515185,1168.599999999219,7480.956785953015
50431,32.848941544515185,1168.619999999219,7480.999349086819
50432,32.848941544515185,1168.639999999219,7481.041911821365
50433,32.848941544515185,1168.659999999219,7481.084474156638
50434,32.848941544515185,1168.679999999219,7481.127036092625
50435,32.848941544515185,1168.699999999219,7481.16959762931
50436,32.848941544515185,1168.719999999219,7481.2121587666825
50437,32.848941544515185,1168.739999999219,7481.254719504727
50438,32.848941544515185,1168.759999999219,7481.29727984343
50439,32.848941544515185,1168.779999999219,7481.339839782779
50440,32.848941544515185,1168.799999999219,7481.382399322758
50441,32.848941544515185,1168.819999999219,7481.424958463354
50442,32.848941544515185,1168.839999999219,7481.4675172045545
50443,32.848941544515185,1168.8599999992189,7481.5100755463445
50444,32.848941544515185,1168.8799999992189,7481.552633488815
50445,32.848941544515185,1168.8999999992188,7481.5951910330405
50446,32.848941544515185,1168.9199999992188,7481.6377481791515
50447,32.848941544515185,1168.9399999992188,7481.680304927136
50448,32.848941544515185,1168.9599999992188,7481.722861276979
50449,32.848941544515185,1168.9799999992188,7481.765417228667
50450,32.848941544515185,1168.9999999992187,7481.807972782186
50451,32.848941544515185,1169.0199999992187,7481.850527937523
50452,32.848941544515185,1169.0399999992187,7481.893082694664
50453,32.848941544515185,1169.0599999992187,7481.935637053596
50454,32.848941544515185,1169.0799999992187,7481.978191014304
50455,32.848941544515185,1169.0999999992187,7482.020744576775
50456,32.848941544515185,1169.1199999992186,7482.063297740994
50457,32.848941544515185,1169.1399999992186,7482.105850506949
50458,32.848941544515185,1169.1599999992186,7482.148402874625
50459,32.848941544515185,1169.1799999992186,7482.19095484401
50460,32.848941544515185,1169.1999999992186,7482.233506415088
50461,32.848941544515185,1169.2199999992185,7482.276057587847
50462,32.848941544515185,1169.2399999992185,7482.318608362272
50463,32.848941544515185,1169.2599999992185,7482.36115873835
50464,32.848941544515185,1169.2799999992185,7482.403708716067
50465,32.848941544515185,1169.2999999992185,7482.446258295409
50466,32.848941544515185,1169.3199999992185,7482.488807476363
50467,32.848941544515185,1169.3399999992184,7482.5313562589145
50468,32.848941544515185,1169.3599999992184,7482.57390464305
50469,32.848941544515185,1169.3799999992184,7482.616452628756
50470,32.848941544515185,1169.3999999992184,7482.659000216018
50471,32.848941544515185,1169.4199999992184,7482.701547404824
50472,32.848941544515185,1169.4399999992183,7482.744094195159
50473,32.848941544515185,1169.4599999992183,7482.786640587009
50474,32.848941544515185,1169.4799999992183,7482.829186580361
50475,32.848941544515185,1169.4999999992183,7482.871732175201
50476,32.848941544515185,1169.5199999992183,7482.914277371515
50477,32.848941544515185,1169.5399999992183,7482.956822169289
50478,32.848941544515185,1169.5599999992182,7482.99936656851
50479,32.848941544515185,1169.5799999992182,7483.0419105691635
50480,32.848941544515185,1169.5999999992182,7483.084454171237
50481,32.848941544515185,1169.6199999992182,7483.126997374716
50482,32.848941544515185,1169.6399999992182,7483.169540179586
50483,32.848941544515185,1169.6599999992181,7483.212082585835
50484,32.848941544515185,1169.6799999992181,7483.254624593447
50485,32.848941544515185,1169.699999999218,7483.297166202411
50486,32.848941544515185,1169.719999999218,7483.3397074127115
50487,32.848941544515185,1169.739999999218,7483.382248224335
50488,32.848941544515185,1169.759999999218,7483.424788637268
50489,32.848941544515185,1169.779999999218,7483.467328651496
50490,32.848941544515185,1169.799999999218,7483.509868267006
50491,32.848941544515185,1169.819999999218,7483.552407483784
50492,32.848941544515185,1169.839999999218,7483.594946301817
50493,32.848941544515185,1169.859999999218,7483.63748472109
50494,32.848941544515185,1169.879999999218,7483.68002274159
50495,32.848941544515185,1169.899999999218,7483.722560363459
50496,32.848941544515185,1169.919999999218,7483.765097587763
50497,32.848941544515185,1169.939999999218,7483.807634414592
50498,32.848941544515185,1169.9599999992179,7483.850170843932
50499,32.848941544515185,1169.9799999992179,7483.8927068757675
50500,32.848941544515185,1169.9999999992178,7483.935242510087
50501,32.848941544515185,1170.0199999992178,7483.977777746876
50502,32.848941544515185,1170.0399999992178,7484.020312586121
50503,32.848941544515185,1170.0599999992178,7484.062847027807
50504,32.848941544515185,1170.0799999992178,7484.105381071922
50505,32.848941544515185,1170.0999999992177,7484.147914718452
50506,32.848941544515185,1170.1199999992177,7484.190447967382
50507,32.848941544515185,1170.1399999992177,7484.2329808187
50508,32.848941544515185,1170.1599999992177,7484.2755132723905
50509,32.848941544515185,1170.1799999992177,7484.318045328441
50510,32.848941544515185,1170.1999999992177,7484.360576986837
50511,32.848941544515185,1170.2199999992176,7484.403108247566
50512,32.848941544515185,1170.2399999992176,7484.445639110612
50513,32.848941544515185,1170.2599999992176,7484.488169575964
50514,32.848941544515185,1170.2799999992176,7484.530699643607
50515,32.848941544515185,1170.2999999992176,7484.573229313526
50516,32.848941544515185,1170.3199999992175,7484.615758585709
50517,32.848941544515185,1170.3399999992175,7484.658287460142
50518,32.848941544515185,1170.3599999992175,7484.700815936811
50519,32.848941544515185,1170.3799999992175,7484.743344015702
50520,32.848941544515185,1170.3999999992175,7484.785871696802
50521,32.848941544515185,1170.4199999992175,7484.8283989800975
50522,32.848941544515185,1170.4399999992174,7484.870925865574
50523,32.848941544515185,1170.4599999992174,7484.9134523532175
50524,32.848941544515185,1170.4799999992174,7484.955978443015
50525,32.848941544515185,1170.4999999992174,7484.998504134952
50526,32.848941544515185,1170.5199999992174,7485.041029429015
50527,32.848941544515185,1170.5399999992173,7485.0835543251915
50528,32.848941544515185,1170.5599999992173,7485.126078823467
50529,32.848941544515185,1170.5799999992173,7485.168602923826
50530,32.848941544515185,1170.5999999992173,7485.211126626257
50531,32.848941544515185,1170.6199999992173,7485.253649930746
50532,32.848941544515185,1170.6399999992173,7485.296172837279
50533,32.848941544515185,1170.6599999992172,7485.338695345842
50534,32.848941544515185,1170.6799999992172,7485.381217456422
50535,32.848941544515185,1170.6999999992172,7485.423739169004
50536,32.848941544515185,1170.7199999992172,7485.466260483575
50537,32.848941544515185,1170.7399999992172,7485.508781400121
50538,32.848941544515185,1170.7599999992171,7485.551301918628
50539,32.848941544515185,1170.7799999992171,7485.5938220390835
50540,32.848941544515185,1170.799999999217,7485.636341761473
50541,32.848941544515185,1170.819999999217,7485.678861085783
50542,32.848941544515185,1170.839999999217,7485.721380012
50543,32.848941544515185,1170.859999999217,7485.763898540109
50544,32.848941544515185,1170.879999999217,7485.806416670098
50545,32.848941544515185,1170.899999999217,7485.848934401952
50546,32.848941544515185,1170.919999999217,7485.891451735893
50547,32.848941544515185,1170.939999999217,7485.9339686729245
50548,32.848941544515185,1170.959999999217,7485.97648521312
50549,32.848941544515185,1170.979999999217,7486.019001356466
50550,32.848941544515185,1170.999999999217,7486.0615171029485
50551,32.848941544515185,1171.019999999217,7486.104032452554
50552,32.848941544515185,1171.039999999217,7486.146547405268
50553,32.848941544515185,1171.0599999992169,7486.189061961079
50554,32.848941544515185,1171.0799999992169,7486.23157611997
50555,32.848941544515185,1171.0999999992168,7486.274089881929
50556,32.848941544515185,1171.1199999992168,7486.3166032469435
50557,32.848941544515185,1171.1399999992168,7486.359116214998
50558,32.848941544515185,1171.1599999992168,7486.4016287860795
50559,32.848941544515185,1171.1799999992168,7486.444140960174
50560,32.848941544515185,1171.1999999992167,7486.486652737268
50561,32.848941544515185,1171.2199999992167,7486.529164117347
50562,32.848941544515185,1171.2399999992167,7486.571675100399
50563,32.848941544515185,1171.2599999992167,7486.61418568641
50564,32.848941544515185,1171.2799999992167,7486.656695875365
50565,32.848941544515185,1171.2999999992167,7486.699205667251
50566,32.848941544515185,1171.3199999992166,7486.741715062053
50567,32.848941544515185,1171.3399999992166,7486.784224059759
50568,32.848941544515185,1171.3599999992166,7486.826732660355
50569,32.848941544515185,1171.3799999992166,7486.869240863827
50570,32.848941544515185,1171.3999999992166,7486.911748670162
50571,32.848941544515185,1171.4199999992165,7486.954256079344
50572,32.848941544515185,1171.4399999992165,7486.9967630913625
50573,32.848941544515185,1171.4599999992165,7487.039269706202
50574,32.848941544515185,1171.4799999992165,7487.081775923848
50575,32.848941544515185,1171.4999999992165,7487.124281744288
50576,32.848941544515185,1171.5199999992165,7487.166787167508
50577,32.848941544515185,1171.5399999992164,7487.209292193495
50578,32.848941544515185,1171.5599999992164,7487.251796822234
50579,32.848941544515185,1171.5799999992164,7487.294301053712
50580,32.848941544515185,1171.5999999992164,7487.336804887916
50581,32.848941544515185,1171.6199999992164,7487.37930832483
50582,32.848941544515185,1171.6399999992163,7487.421811364443
50583,32.848941544515185,1171.6599999992163,7487.464314006739
50584,32.848941544515185,1171.6799999992163,7487.506816251706
50585,32.848941544515185,1171.6999999992163,7487.54931809933
50586,32.848941544515185,1171.7199999992163,7487.591819549596
50587,32.848941544515185,1171.7399999992163,7487.634320602491
50588,32.848941544515185,1171.7599999992162,7487.676821258003
50589,32.848941544515185,1171.7799999992162,7487.719321516116
50590,32.848941544515185,1171.7999999992162,7487.761821376817
50591,32.848941544515185,1171.8199999992162,7487.804320840093
50592,32.848941544515185,1171.8399999992162,7487.846819905929
50593,32.848941544515185,1171.8599999992161,7487.889318574312
50594,32.848941544515185,1171.8799999992161,7487.931816845228
50595,32.848941544515185,1171.899999999216,7487.974314718664
50596,32.848941544515185,1171.919999999216,7488.016812194605
50597,32.848941544515185,1171.939999999216,7488.059309273376
50598,32.848941544515185,1171.959999999216,7488.101805955987
50599,32.848941544515185,1171.979999999216,7488.144302242503
50600,32.848941544515185,1171.999999999216,7488.186798132908
50601,32.848941544515185,1172.019999999216,7488.229293627189
50602,32.848941544515185,1172.039999999216,7488.271788725332
50603,32.848941544515185,1172.059999999216,7488.314283427324
50604,32.848941544515185,1172.079999999216,7488.356777733151
50605,32.848941544515185,1172.099999999216,7488.399271642799
50606,32.848941544515185,1172.119999999216,7488.441765156255
50607,32.848941544515185,1172.139999999216,7488.4842582735055
50608,32.848941544515185,1172.1599999992159,7488.526750994536
50609,32.848941544515185,1172.1799999992159,7488.5692433193335
50610,32.848941544515185,1172.1999999992158,7488.611735247884
50611,32.848941544515185,1172.2199999992158,7488.654226780174
50612,32.848941544515185,1172.2399999992158,7488.69671791619
50613,32.848941544515185,1172.2599999992158,7488.7392086559175
50614,32.848941544515185,1172.2799999992158,7488.7816989993435
50615,32.848941544515185,1172.2999999992157,7488.824188946454
50616,32.848941544515185,1172.3199999992157,7488.866678497236
50617,32.848941544515185,1172.3399999992157,7488.909167651675
50618,32.848941544515185,1172.3599999992157,7488.951656409757
50619,32.805557356248066,1172.3799999992157,7488.994144771469
50620,32.805557356248066,1172.3999999992157,7489.036632736797
50621,32.805557356248066,1172.4199999992156,7489.079120305729
50622,32.805557356248066,1172.4399999992156,7489.121607478249
50623,32.805557356248066,1172.4599999992156,7489.1640942543445
50624,32.805557356248066,1172.4799999992156,7489.2065806340015
50625,32.805557356248066,1172.4999999992156,7489.249066617206
50626,32.805557356248066,1172.5199999992155,7489.291552203946
50627,32.805557356248066,1172.5399999992155,7489.334037394206
50628,32.805557356248066,1172.5599999992155,7489.376522187972
50629,32.805557356248066,1172.5799999992155,7489.419006585232
50630,32.805557356248066,1172.5999999992155,7489.461490585971
50631,32.805557356248066,1172.6199999992155,7489.5039741901755
50632,32.805557356248066,1172.6399999992154,7489.5464573978325
50633,32.805557356248066,1172.6599999992154,7489.588940208928
50634,32.805557356248066,1172.6799999992154,7489.631422623448
50635,32.805557356248066,1172.6999999992154,7489.6739046413795
50636,32.805557356248066,1172.7199999992154,7489.7163862627085
50637,32.805557356248066,1172.7399999992153,7489.758867487421
50638,32.805557356248066,1172.7599999992153,7489.801348315505
50639,32.805557356248066,1172.7799999992153,7489.843828746944
50640,32.805557356248066,1172.7999999992153,7489.886308781726
50641,32.805557356248066,1172.8199999992153,7489.9287884198375
50642,32.805557356248066,1172.8399999992153,7489.971267661264
50643,32.805557356248066,1172.8599999992152,7490.013746505987
50644,32.805557356248066,1172.8799999992152,7490.056224953909
50645,32.805557356248066,1172.8999999992152,7490.09870300499
50646,32.805557356248066,1172.9199999992152,7490.141180659217
50647,32.805557356248066,1172.9399999992152,7490.1836579165765
50648,32.805557356248066,1172.9599999992151,7490.226134777414
50649,32.805557356248066,1172.9799999992151,7490.268611242531
50650,32.805557356248066,1172.999999999215,7490.311087311964
50651,32.805557356248066,1173.019999999215,7490.353562985701
50652,32.805557356248066,1173.039999999215,7490.396038263726
50653,32.805557356248066,1173.059999999215,7490.438513146028
50654,32.805557356248066,1173.079999999215,7490.480987632591
50655,32.805557356248066,1173.099999999215,7490.523461723403
50656,32.805557356248066,1173.119999999215,7490.565935418449
50657,32.805557356248066,1173.139999999215,7490.608408717716
50658,32.805557356248066,1173.159999999215,7490.650881621191
50659,32.805557356248066,1173.179999999215,7490.693354128859
50660,32.805557356248066,1173.199999999215,7490.735826240707
50661,32.805557356248066,1173.219999999215,7490.778297956721
50662,32.805557356248066,1173.239999999215,7490.820769276887
50663,32.805557356248066,1173.2599999992149,7490.863240201193
50664,32.805557356248066,1173.2799999992149,7490.905710729623
50665,32.805557356248066,1173.2999999992148,7490.948180862165
50666,32.805557356248066,1173.3199999992148,7490.990650598805
50667,32.805557356248066,1173.3399999992148,7491.033119939529
50668,32.805557356248066,1173.3599999992148,7491.075588884322
50669,32.805557356248066,1173.3799999992148,7491.118057433173
50670,32.805557356248066,1173.3999999992147,7491.160525586067
50671,32.805557356248066,1173.4199999992147,7491.20299334299
50672,32.805557356248066,1173.4399999992147,7491.245460703929
50673,32.805557356248066,1173.4599999992147,7491.28792766887
50674,32.805557356248066,1173.4799999992147,7491.330394237799
50675,32.805557356248066,1173.4999999992147,7491.372860410703
50676,32.805557356248066,1173.5199999992146,7491.415326187567
50677,32.805557356248066,1173.5399999992146,7491.457791568379
50678,32.805557356248066,1173.5599999992146,7491.500256553125
50679,32.805557356248066,1173.5799999992146,7491.54272114179
50680,32.805557356248066,1173.5999999992146,7491.585185334362
50681,32.805557356248066,1173.6199999992145,7491.627649130826
50682,32.805557356248066,1173.6399999992145,7491.670112531169
50683,32.805557356248066,1173.6599999992145,7491.712575535377
50684,32.805557356248066,1173.6799999992145,7491.755038143437
50685,32.805557356248066,1173.6999999992145,7491.797500355334
50686,32.805557356248066,1173.7199999992145,7491.839962171055
50687,32.805557356248066,1173.7399999992144,7491.882423590587
50688,32.805557356248066,1173.7599999992144,7491.924884613915
50689,32.805557356248066,1173.7799999992144,7491.967345241027
50690,32.805557356248066,1173.7999999992144,7492.009805471908
50691,32.805557356248066,1173.8199999992144,7492.052265306545
50692,32.805557356248066,1173.8399999992143,7492.094724744925
50693,32.805557356248066,1173.8599999992143,7492.137183787032
50694,32.805557356248066,1173.8799999992143,7492.179642432854
50695,32.805557356248066,1173.8999999992143,7492.2221006823775
50696,32.805557356248066,1173.9199999992143,7492.264558535588
50697,32.805557356248066,1173.9399999992143,7492.307015992472
50698,32.805557356248066,1173.9599999992142,7492.349473053016
50699,32.805557356248066,1173.9799999992142,7492.39192971767
50700,32.805557356248066,1173.9999999992142,7492.434385987236
50701,32.805557356248066,1174.0199999992142,7492.47684186174
50702,32.805557356248066,1174.0399999992142,7492.519297341166
50703,32.805557356248066,1174.0599999992141,7492.561752425502
50704,32.805557356248066,1174.0799999992141,7492.604207114735
50705,32.805557356248066,1174.099999999214,7492.6466614088495
50706,32.805557356248066,1174.119999999214,7492.689115307833
50707,32.805557356248066,1174.139999999214,7492.731568811671
50708,32.805557356248066,1174.159999999214,7492.774021920351
50709,32.805557356248066,1174.179999999214,7492.816474633858
50710,32.805557356248066,1174.199999999214,7492.858926952179
50711,32.805557356248066,1174.219999999214,7492.9013788753
50712,32.805557356248066,1174.239999999214,7492.943830403208
50713,32.805557356248066,1174.259999999214,7492.986281535889
50714,32.805557356248066,1174.279999999214,7493.028732273329
50715,32.805557356248066,1174.299999999214,7493.071182615515
50716,32.805557356248066,1174.319999999214,7493.113632562432
50717,32.805557356248066,1174.339999999214,7493.156082114067
50718,32.805557356248066,1174.3599999992139,7493.198531270407
50719,32.805557356248066,1174.3799999992139,7493.240980031438
50720,32.805557356248066,1174.3999999992138,7493.283428397146
50721,32.805557356248066,1174.4199999992138,7493.325876367518
50722,32.805557356248066,1174.4399999992138,7493.368323942539
50723,32.805557356248066,1174.4599999992138,7493.410771122197
50724,32.805557356248066,1174.4799999992138,7493.453217906477
50725,32.805557356248066,1174.4999999992137,7493.495664295366
50726,32.805557356248066,1174.5199999992137,7493.53811028885
50727,32.805557356248066,1174.5399999992137,7493.580555886915
50728,32.805557356248066,1174.5599999992137,7493.623001089549
50729,32.805557356248066,1174.5799999992137,7493.665445896736
50730,32.805557356248066,1174.5999999992137,7493.707890308464
50731,32.805557356248066,1174.6199999992136,7493.750334324718
50732,32.805557356248066,1174.6399999992136,7493.792777945486
50733,32.805557356248066,1174.6599999992136,7493.835221170752
50734,32.805557356248066,1174.6799999992136,7493.877664000505
50735,32.805557356248066,1174.6999999992136,7493.92010643473
50736,32.805557356248066,1174.7199999992135,7493.962548473412
50737,32.805557356248066,1174.7399999992135,7494.00499011654
50738,32.805557356248066,1174.7599999992135,7494.047431364099
50739,32.805557356248066,1174.7799999992135,7494.089872216075
50740,32.805557356248066,1174.7999999992135,7494.132312672454
50741,32.805557356248066,1174.8199999992135,7494.174752733224
50742,32.805557356248066,1174.8399999992134,7494.21719239837
50743,32.805557356248066,1174.8599999992134,7494.259631667878
50744,32.805557356248066,1174.8799999992134,7494.302070541736
50745,32.805557356248066,1174.8999999992134,7494.344509019928
50746,32.805557356248066,1174.9199999992134,7494.386947102443
50747,32.805557356248066,1174.9399999992133,7494.429384789265
50748,32.805557356248066,1174.9599999992133,7494.471822080382
50749,32.805557356248066,1174.9799999992133,7494.514258975779
50750,32.805557356248066,1174.9999999992133,7494.556695475985
50751,32.805557356248066,1175.0199999992133,7494.59913158174
50752,32.805557356248066,1175.0399999992133,7494.6415672930525
50753,32.805557356248066,1175.0599999992132,7494.68400260991
50754,32.805557356248066,1175.0799999992132,7494.7264375322975
50755,32.805557356248066,1175.0999999992132,7494.768872060203
50756,32.805557356248066,1175.1199999992132,7494.811306193611
50757,32.805557356248066,1175.1399999992132,7494.85373993251
50758,32.805557356248066,1175.1599999992131,7494.896173276884
50759,32.805557356248066,1175.1799999992131,7494.938606226721
50760,32.805557356248066,1175.199999999213,7494.981038782007
50761,32.805557356248066,1175.219999999213,7495.023470942729
50762,32.805557356248066,1175.239999999213,7495.065902708871
50763,32.805557356248066,1175.259999999213,7495.108334080422
50764,32.805557356248066,1175.279999999213,7495.150765057367
50765,32.805557356248066,1175.299999999213,7495.193195639692
50766,32.805557356248066,1175.319999999213,7495.235625827384
50767,32.805557356248066,1175.339999999213,7495.278055620429
50768,32.805557356248066,1175.359999999213,7495.320485018814
50769,32.805557356248066,1175.379999999213,7495.362914022525
50770,32.805557356248066,1175.399999999213,7495.405342631548
50771,32.805557356248066,1175.419999999213,7495.447770845869
50772,32.805557356248066,1175.439999999213,7495.490198665475
50773,32.805557356248066,1175.4599999992129,7495.532626090353
50774,32.805557356248066,1175.4799999992129,7495.5750531204885
50775,32.805557356248066,1175.4999999992128,7495.617479755868
50776,32.805557356248066,1175.5199999992128,7495.659905996477
50777,32.805557356248066,1175.5399999992128,7495.7023318423035
50778,32.805557356248066,1175.5599999992128,7495.744757293332
50779,32.805557356248066,1175.5799999992128,7495.787182349551
50780,32.805557356248066,1175.5999999992127,7495.8296070109445
50781,32.805557356248066,1175.6199999992127,7495.8720312775
50782,32.805557356248066,1175.6399999992127,7495.9144551492045
50783,32.805557356248066,1175.6599999992127,7495.956878626042
50784,32.805557356248066,1175.6799999992127,7495.999301708001
50785,32.805557356248066,1175.6999999992127,7496.041724395068
50786,32.805557356248066,1175.7199999992126,7496.084146687228
50787,32.805557356248066,1175.7399999992126,7496.126568584468
50788,32.805557356248066,1175.7599999992126,7496.168990086775
50789,32.805557356248066,1175.7799999992126,7496.211411194134
50790,32.805557356248066,1175.7999999992126,7496.253831906532
50791,32.805557356248066,1175.8199999992125,7496.296252223955
50792,32.805557356248066,1175.8399999992125,7496.33867214639
50793,32.805557356248066,1175.8599999992125,7496.381091673823
50794,32.805557356248066,1175.8799999992125,7496.42351080624
50795,32.805557356248066,1175.8999999992125,7496.465929543628
50796,32.805557356248066,1175.9199999992125,7496.508347885972
50797,32.805557356248066,1175.9399999992124,7496.550765833261
50798,32.805557356248066,1175.9599999992124,7496.593183385478
50799,32.805557356248066,1175.9799999992124,7496.635600542612
50800,32.805557356248066,1175.9999999992124,7496.678017304648
50801,32.805557356248066,1176.0199999992124,7496.720433672193
50802,32.805557356248066,1176.0399999992123,7496.762849645926
50803,32.805557356248066,1176.0599999992123,7496.805265225838
50804,32.805557356248066,1176.0799999992123,7496.847680411918
50805,32.805557356248066,1176.0999999992123,7496.890095204152
50806,32.805557356248066,1176.1199999992123,7496.932509602526
50807,32.805557356248066,1176.1399999992123,7496.974923607026
50808,32.805557356248066,1176.1599999992122,7497.017337217639
50809,32.805557356248066,1176.1799999992122,7497.0597504343505
50810,32.805557356248066,1176.1999999992122,7497.102163257147
50811,32.805557356248066,1176.2199999992122,7497.144575686016
50812,32.805557356248066,1176.2399999992122,7497.186987720943
50813,32.805557356248066,1176.2599999992121,7497.229399361914
50814,32.805557356248066,1176.2799999992121,7497.271810608916
50815,32.805557356248066,1176.299999999212,7497.314221461936
50816,32.805557356248066,1176.319999999212,7497.3566319209585
50817,32.805557356248066,1176.339999999212,7497.399041985971
50818,32.805557356248066,1176.359999999212,7497.44145165696
50819,32.805557356248066,1176.379999999212,7497.483860933912
50820,32.805557356248066,1176.399999999212,7497.526269816813
50821,32.805557356248066,1176.419999999212,7497.568678305648
50822,32.805557356248066,1176.439999999212,7497.611086400406
50823,32.805557356248066,1176.459999999212,7497.653494101071
50824,32.805557356248066,1176.479999999212,7497.695901407631
50825,32.805557356248066,1176.499999999212,7497.738308320072
50826,32.805557356248066,1176.519999999212,7497.78071483838
50827,32.805557356248066,1176.539999999212,7497.823120962541
50828,32.805557356248066,1176.5599999992119,7497.8655266925425
50829,32.805557356248066,1176.5799999992119,7497.90793202837
50830,32.805557356248066,1176.5999999992118,7497.95033697001
50831,32.805557356248066,1176.6199999992118,7497.992741517449
50832,32.805557356248066,1176.6399999992118,7498.035145670673
50833,32.805557356248066,1176.6599999992118,7498.077549429669
50834,32.805557356248066,1176.6799999992118,7498.119952794423
50835,32.805557356248066,1176.6999999992117,7498.162355764921
50836,32.805557356248066,1176.7199999992117,7498.2047583411495
50837,32.805557356248066,1176.7399999992117,7498.247160523096
50838,32.805557356248066,1176.7599999992117,7498.289562310745
50839,32.805557356248066,1176.7799999992117,7498.331963704084
50840,32.805557356248066,1176.7999999992116,7498.3743647031
50841,32.805557356248066,1176.8199999992116,7498.4167653077775
50842,32.805557356248066,1176.8399999992116,7498.459165518104
50843,32.805557356248066,1176.8599999992116,7498.501565334066
50844,32.805557356248066,1176.8799999992116,7498.5439647556495
50845,32.805557356248066,1176.8999999992116,7498.586363782841
50846,32.805557356248066,1176.9199999992115,7498.628762415627
50847,32.805557356248066,1176.9399999992115,7498.671160653993
50848,32.805557356248066,1176.9599999992115,7498.713558497927
50849,32.805557356248066,1176.9799999992115,7498.755955947414
50850,32.805557356248066,1176.9999999992115,7498.79835300244
50851,32.805557356248066,1177.0199999992114,7498.840749663002
50852,32.805557356248066,1177.0399999992114,7498.883145929821
50853,32.805557356248066,1177.0599999992114,7498.925541803549
50854,32.805557356248066,1177.0799999992114,7498.967937284172
50855,32.805557356248066,1177.0999999992114,7499.010332371676
50856,32.805557356248066,1177.1199999992114,7499.052727066048
50857,32.805557356248066,1177.1399999992113,7499.095121367273
50858,32.805557356248066,1177.1599999992113,7499.13751527534
50859,32.805557356248066,1177.1799999992113,7499.179908790233
50860,32.805557356248066,1177.1999999992113,7499.222301911939
50861,32.805557356248066,1177.2199999992113,7499.264694640445
50862,32.805557356248066,1177.2399999992112,7499.307086975737
50863,32.805557356248066,1177.2599999992112,7499.349478917801
50864,32.805557356248066,1177.2799999992112,7499.391870466625
50865,32.805557356248066,1177.2999999992112,7499.434261622194
50866,32.805557356248066,1177.3199999992112,7499.476652384495
50867,32.805557356248066,1177.3399999992112,7499.5190427535135
50868,32.805557356248066,1177.3599999992111,7499.561432729237
50869,32.805557356248066,1177.3799999992111,7499.603822311651
50870,32.805557356248066,1177.399999999211,7499.6462115007425
50871,32.805557356248066,1177.419999999211,7499.6886002964975
50872,32.805557356248066,1177.439999999211,7499.730988698902
50873,32.805557356248066,1177.459999999211,7499.773376707944
50874,32.805557356248066,1177.479999999211,7499.815764323609
50875,32.805557356248066,1177.499999999211,7499.858151545883
50876,32.805557356248066,1177.519999999211,7499.900538374753
50877,32.805557356248066,1177.539999999211,7499.942924810204
50878,32.805557356248066,1177.559999999211,7499.985310852225
50879,32.805557356248066,1177.579999999211,7500.027696500784
50880,32.805557356248066,1177.599999999211,7500.0700817558145
50881,32.805557356248066,1177.619999999211,7500.112466617297
50882,32.805557356248066,1177.6399999992109,7500.154851085219
50883,32.805557356248066,1177.6599999992109,7500.197235159566
50884,32.805557356248066,1177.6799999992108,7500.2396188403245
50885,32.805557356248066,1177.6999999992108,7500.282002127482
50886,32.805557356248066,1177.7199999992108,7500.324385021024
50887,32.805557356248066,1177.7399999992108,7500.366767520937
50888,32.805557356248066,1177.7599999992108,7500.4091496272085
50889,32.762268581099,1177.7799999992108,7500.451531339824
50890,32.762268581099,1177.7999999992107,7500.493912658771
50891,32.762268581099,1177.8199999992107,7500.536293584034
50892,32.762268581099,1177.8399999992107,7500.578674115602
50893,32.762268581099,1177.8599999992107,7500.621054253459
50894,32.762268581099,1177.8799999992107,7500.6634339975935
50895,32.762268581099,1177.8999999992106,7500.705813347991
50896,32.762268581099,1177.9199999992106,7500.748192304639
50897,32.762268581099,1177.9399999992106,7500.790570867523
50898,32.762268581099,1177.9599999992106,7500.832949036629
50899,32.762268581099,1177.9799999992106,7500.8753268119435
50900,32.762268581099,1177.9999999992106,7500.917704193454
50901,32.762268581099,1178.0199999992105,7500.960081181146
50902,32.762268581099,1178.0399999992105,7501.002457775028
50903,32.762268581099,1178.0599999992105,7501.04483397578
50904,32.762268581099,1178.0799999992105,7501.087209783891
50905,32.762268581099,1178.0999999992105,7501.1295851993455
50906,32.762268581099,1178.1199999992104,7501.171960222131
50907,32.762268581099,1178.1399999992104,7501.214334852234
50908,32.762268581099,1178.1599999992104,7501.256709089641
50909,32.762268581099,1178.1799999992104,7501.299082934338
50910,32.762268581099,1178.1999999992104,7501.3414563863125
50911,32.762268581099,1178.2199999992104,7501.383829445551
50912,32.762268581099,1178.2399999992103,7501.426202112039
50913,32.762268581099,1178.2599999992103,7501.468574385764
50914,32.762268581099,1178.2799999992103,7501.510946266713
50915,32.762268581099,1178.2999999992103,7501.553317754871
50916,32.762268581099,1178.3199999992103,7501.595688850226
50917,32.762268581099,1178.3399999992102,7501.638059552764
50918,32.762268581099,1178.3599999992102,7501.680429862472
50919,32.762268581099,1178.3799999992102,7501.722799779336
50920,32.762268581099,1178.3999999992102,7501.765169303343
50921,32.762268581099,1178.4199999992102,7501.807538434479
50922,32.762268581099,1178.4399999992102,7501.849907172732
50923,32.762268581099,1178.4599999992101,7501.892275518087
50924,32.762268581099,1178.4799999992101,7501.934643470532
50925,32.762268581099,1178.49999999921,7501.977011030052
50926,32.762268581099,1178.51999999921,7502.0193781966345
50927,32.762268581099,1178.53999999921,7502.061744970266
50928,32.762268581099,1178.55999999921,7502.104111350933
50929,32.762268581099,1178.57999999921,7502.1464773386215
50930,32.762268581099,1178.59999999921,7502.1888429333185
50931,32.762268581099,1178.61999999921,7502.231208135011
50932,32.762268581099,1178.63999999921,7502.273572943685
50933,32.762268581099,1178.65999999921,7502.315937359328
50934,32.762268581099,1178.67999999921,7502.358301381926
50935,32.762268581099,1178.69999999921,7502.400665011465
50936,32.762268581099,1178.71999999921,7502.4430282479325
50937,32.762268581099,1178.7399999992099,7502.485391091314
50938,32.762268581099,1178.7599999992099,7502.527753541597
50939,32.762268581099,1178.7799999992098,7502.570115598768
50940,32.762268581099,1178.7999999992098,7502.612477262814
50941,32.762268581099,1178.8199999992098,7502.65483853372
50942,32.762268581099,1178.8399999992098,7502.697199411474
50943,32.762268581099,1178.8599999992098,7502.739559896062
50944,32.762268581099,1178.8799999992098,7502.781919987471
50945,32.762268581099,1178.8999999992097,7502.8242796856875
50946,32.762268581099,1178.9199999992097,7502.8666389906975
50947,32.762268581099,1178.9399999992097,7502.9089979024875
50948,32.762268581099,1178.9599999992097,7502.951356421045
50949,32.762268581099,1178.9799999992097,7502.9937145463555
50950,32.762268581099,1178.9999999992096,7503.036072278406
50951,32.762268581099,1179.0199999992096,7503.078429617184
50952,32.762268581099,1179.0399999992096,7503.120786562676
50953,32.762268581099,1179.0599999992096,7503.163143114905
50954,32.762268581099,1179.0799999992096,7503.205499274663
50955,32.762268581099,1179.0999999992096,7503.247855042396
50956,32.762268581099,1179.1199999992095,7503.290210418089
50957,32.762268581099,1179.1399999992095,7503.332565401731
50958,32.762268581099,1179.1599999992095,7503.374919993306
50959,32.762268581099,1179.1799999992095,7503.417274192803
50960,32.762268581099,1179.1999999992095,7503.459628000207
50961,32.762268581099,1179.2199999992094,7503.501981415505
50962,32.762268581099,1179.2399999992094,7503.544334438683
50963,32.762268581099,1179.2599999992094,7503.586687069729
50964,32.762268581099,1179.2799999992094,7503.629039308628
50965,32.762268581099,1179.2999999992094,7503.671391155368
50966,32.762268581099,1179.3199999992094,7503.713742609934
50967,32.762268581099,1179.3399999992093,7503.756093672314
50968,32.762268581099,1179.3599999992093,7503.798444342494
50969,32.762268581099,1179.3799999992093,7503.840794620461
50970,32.762268581099,1179.3999999992093,7503.883144506201
50971,32.762268581099,1179.4199999992093,7503.9254939997
50972,32.762268581099,1179.4399999992092,7503.967843100945
50973,32.762268581099,1179.4599999992092,7504.0101918099235
50974,32.762268581099,1179.4799999992092,7504.052540126621
50975,32.762268581099,1179.4999999992092,7504.094888051025
50976,32.762268581099,1179.5199999992092,7504.137235583121
50977,32.762268581099,1179.5399999992092,7504.179582722896
50978,32.762268581099,1179.5599999992091,7504.221929470336
50979,32.762268581099,1179.5799999992091,7504.264275825429
50980,32.762268581099,1179.599999999209,7504.306621788161
50981,32.762268581099,1179.619999999209,7504.348967358517
50982,32.762268581099,1179.639999999209,7504.391312536486
50983,32.762268581099,1179.659999999209,7504.4336573220535
50984,32.762268581099,1179.679999999209,7504.476001715206
50985,32.762268581099,1179.699999999209,7504.51834571593
50986,32.762268581099,1179.719999999209,7504.560689324212
50987,32.762268581099,1179.739999999209,7504.603032540039
50988,32.762268581099,1179.759999999209,7504.645375363397
50989,32.762268581099,1179.779999999209,7504.687717794273
50990,32.762268581099,1179.799999999209,7504.730059832654
50991,32.762268581099,1179.819999999209,7504.772401478525
50992,32.762268581099,1179.8399999992089,7504.8147427318745
50993,32.762268581099,1179.8599999992089,7504.857083592688
50994,32.762268581099,1179.8799999992088,7504.899424060952
50995,32.762268581099,1179.8999999992088,7504.941764136654
50996,32.762268581099,1179.9199999992088,7504.984103819778
50997,32.762268581099,1179.9399999992088,7505.026443110314
50998,32.762268581099,1179.9599999992088,7505.068782008247
50999,32.762268581099,1179.9799999992088,7505.111120513563
51000,32.762268581099,1179.9999999992087,7505.15345862625
51001,32.762268581099,1180.0199999992087,7505.195796346293
51002,32.762268581099,1180.0399999992087,7505.238133673679
51003,32.762268581099,1180.0599999992087,7505.280470608395
51004,32.762268581099,1180.0799999992087,7505.322807150482
51005,32.762268581099,1180.0999999992086,7505.365143300793
51006,32.762268581099,1180.1199999992086,7505.407479059699
51007,32.762268581099,1180.1399999992086,7505.449814427186
51008,32.762268581099,1180.1599999992086,7505.492149403241
51009,32.762268581099,1180.1799999992086,7505.534483987851
51010,32.762268581099,1180.1999999992086,7505.576818181002
51011,32.762268581099,1180.2199999992085,7505.619151982681
51012,32.762268581099,1180.2399999992085,7505.661485392874
51013,32.762268581099,1180.2599999992085,7505.703818411568
51014,32.762268581099,1180.2799999992085,7505.74615103875
51015,32.762268581099,1180.2999999992085,7505.788483274407
51016,32.762268581099,1180.3199999992084,7505.830815118524
51017,32.762268581099,1180.3399999992084,7505.873146571088
51018,32.762268581099,1180.3599999992084,7505.915477632087
51019,32.762268581099,1180.3799999992084,7505.957808301506
51020,32.762268581099,1180.3999999992084,7506.000138579332
51021,32.762268581099,1180.4199999992084,7506.042468465553
51022,32.762268581099,1180.4399999992083,7506.084797960153
51023,32.762268581099,1180.4599999992083,7506.1271270631205
51024,32.762268581099,1180.4799999992083,7506.169455774442
51025,32.762268581099,1180.4999999992083,7506.211784094104
51026,32.762268581099,1180.5199999992083,7506.254112022092
51027,32.762268581099,1180.5399999992082,7506.296439558394
51028,32.762268581099,1180.5599999992082,7506.338766702996
51029,32.762268581099,1180.5799999992082,7506.381093455884
51030,32.762268581099,1180.5999999992082,7506.423419817046
51031,32.762268581099,1180.6199999992082,7506.465745786468
51032,32.762268581099,1180.6399999992082,7506.5080713641355
51033,32.762268581099,1180.6599999992081,7506.550396550037
51034,32.762268581099,1180.6799999992081,7506.592721344157
51035,32.762268581099,1180.699999999208,7506.635045746484
51036,32.762268581099,1180.719999999208,7506.677369757004
51037,32.762268581099,1180.739999999208,7506.719693375704
51038,32.762268581099,1180.759999999208,7506.76201660257
51039,32.762268581099,1180.779999999208,7506.804339437588
51040,32.762268581099,1180.799999999208,7506.846661880746
51041,32.762268581099,1180.819999999208,7506.888983932029
51042,32.762268581099,1180.839999999208,7506.9313055914245
51043,32.762268581099,1180.859999999208,7506.9736268589195
51044,32.762268581099,1180.879999999208,7507.0159477345005
51045,32.762268581099,1180.899999999208,7507.058268218153
51046,32.762268581099,1180.919999999208,7507.100588309865
51047,32.762268581099,1180.9399999992079,7507.142908009622
51048,32.762268581099,1180.9599999992079,7507.185227317412
51049,32.762268581099,1180.9799999992078,7507.22754623322
51050,32.762268581099,1180.9999999992078,7507.269864757033
51051,32.762268581099,1181.0199999992078,7507.312182888839
51052,32.762268581099,1181.0399999992078,7507.354500628622
51053,32.762268581099,1181.0599999992078,7507.3968179763715
51054,32.762268581099,1181.0799999992078,7507.439134932072
51055,32.762268581099,1181.0999999992077,7507.481451495781
51056,32.762268581099,1181.1199999992077,7507.523767668415
51057,32.762268581099,1181.1399999992077,7507.566083450267
51058,32.762268581099,1181.1599999992077,7507.608398841326
51059,32.762268581099,1181.1799999992077,7507.650713841576
51060,32.762268581099,1181.1999999992076,7507.693028451006
51061,32.762268581099,1181.2199999992076,7507.735342669602
51062,32.762268581099,1181.2399999992076,7507.777656497349
51063,32.762268581099,1181.2599999992076,7507.819969934236
51064,32.762268581099,1181.2799999992076,7507.862282980248
51065,32.762268581099,1181.2999999992076,7507.904595635372
51066,32.762268581099,1181.3199999992075,7507.946907899595
51067,32.762268581099,1181.3399999992075,7507.989219772904
51068,32.762268581099,1181.3599999992075,7508.031531255285
51069,32.762268581099,1181.3799999992075,7508.073842346725
51070,32.762268581099,1181.3999999992075,7508.116153047209
51071,32.762268581099,1181.4199999992074,7508.158463356726
51072,32.762268581099,1181.4399999992074,7508.200773275262
51073,32.762268581099,1181.4599999992074,7508.243082802803
51074,32.762268581099,1181.4799999992074,7508.285391939336
51075,32.762268581099,1181.4999999992074,7508.327700684847
51076,32.762268581099,1181.5199999992074,7508.370009039323
51077,32.762268581099,1181.5399999992073,7508.4123170027515
51078,32.762268581099,1181.5599999992073,7508.454624575118
51079,32.762268581099,1181.5799999992073,7508.49693175641
51080,32.762268581099,1181.5999999992073,7508.539238546614
51081,32.762268581099,1181.6199999992073,7508.581544945716
51082,32.762268581099,1181.6399999992072,7508.623850953703
51083,32.762268581099,1181.6599999992072,7508.666156570562
51084,32.762268581099,1181.6799999992072,7508.708461796279
51085,32.762268581099,1181.6999999992072,7508.750766630841
51086,32.762268581099,1181.7199999992072,7508.793071074235
51087,32.762268581099,1181.7399999992072,7508.835375126447
51088,32.762268581099,1181.7599999992071,7508.877678787463
51089,32.762268581099,1181.7799999992071,7508.919982057271
51090,32.762268581099,1181.799999999207,7508.9622849358575
51091,32.762268581099,1181.819999999207,7509.004587423208
51092,32.762268581099,1181.839999999207,7509.046889519311
51093,32.762268581099,1181.859999999207,7509.089191224151
51094,32.762268581099,1181.879999999207,7509.131492537716
51095,32.762268581099,1181.899999999207,7509.173793459993
51096,32.762268581099,1181.919999999207,7509.216093990968
51097,32.762268581099,1181.939999999207,7509.2583941306275
51098,32.762268581099,1181.959999999207,7509.300693878958
51099,32.762268581099,1181.979999999207,7509.342993235946
51100,32.762268581099,1181.999999999207,7509.3852922015785
51101,32.762268581099,1182.019999999207,7509.427590775843
51102,32.762268581099,1182.0399999992069,7509.469888958724
51103,32.762268581099,1182.0599999992069,7509.51218675021
51104,32.762268581099,1182.0799999992068,7509.554484150288
51105,32.762268581099,1182.0999999992068,7509.596781158943
51106,32.762268581099,1182.1199999992068,7509.639077776252
51107,32.762268581099,1182.1399999992068,7509.681374003259
51108,32.762268581099,1182.1599999992068,7509.723669840197
51109,32.762268581099,1182.1799999992068,7509.765965287051
51110,32.762268581099,1182.1999999992067,7509.808260343807
51111,32.762268581099,1182.2199999992067,7509.850555010453
51112,32.762268581099,1182.2399999992067,7509.8928492869745
51113,32.762268581099,1182.2599999992067,7509.935143173359
51114,32.762268581099,1182.2799999992067,7509.977436669593
51115,32.762268581099,1182.2999999992066,7510.019729775657
51116,32.762268581099,1182.3199999992066,7510.062022491479
51117,32.762268581099,1182.3399999992066,7510.104314817038
51118,32.762268581099,1182.3599999992066,7510.146606752321
51119,32.762268581099,1182.3799999992066,7510.188898297312
51120,32.762268581099,1182.3999999992066,7510.231189452
51121,32.762268581099,1182.4199999992065,7510.273480216369
51122,32.762268581099,1182.4399999992065,7510.315770590406
51123,32.762268581099,1182.4599999992065,7510.358060574098
51124,32.762268581099,1182.4799999992065,7510.4003501674315
51125,32.762268581099,1182.4999999992065,7510.442639370392
51126,32.762268581099,1182.5199999992064,7510.484928182966
51127,32.762268581099,1182.5399999992064,7510.527216605139
51128,32.762268581099,1182.5599999992064,7510.569504636899
51129,32.762268581099,1182.5799999992064,7510.611792278231
51130,32.762268581099,1182.5999999992064,7510.654079529123
51131,32.762268581099,1182.6199999992064,7510.696366389559
51132,32.762268581099,1182.6399999992063,7510.738652859528
51133,32.762268581099,1182.6599999992063,7510.780938939014
51134,32.762268581099,1182.6799999992063,7510.823224628004
51135,32.762268581099,1182.6999999992063,7510.865509926484
51136,32.762268581099,1182.7199999992063,7510.907794834441
51137,32.762268581099,1182.7399999992062,7510.950079351862
51138,32.762268581099,1182.7599999992062,7510.992363478732
51139,32.762268581099,1182.7799999992062,7511.034647215038
51140,32.762268581099,1182.7999999992062,7511.0769305607655
51141,32.762268581099,1182.8199999992062,7511.119213515902
51142,32.762268581099,1182.8399999992062,7511.161496080433
51143,32.762268581099,1182.8599999992061,7511.203778254345
51144,32.762268581099,1182.8799999992061,7511.2460600376235
51145,32.762268581099,1182.899999999206,7511.288341430256
51146,32.762268581099,1182.919999999206,7511.330622432229
51147,32.762268581099,1182.939999999206,7511.372903043528
51148,32.762268581099,1182.959999999206,7511.415183264139
51149,32.762268581099,1182.979999999206,7511.45746309405
51150,32.762268581099,1182.999999999206,7511.499742533246
51151,32.762268581099,1183.019999999206,7511.542021581713
51152,32.71907492555263,1183.039999999206,7511.584300239439
51153,32.71907492555263,1183.059999999206,7511.626578506408
51154,32.71907492555263,1183.079999999206,7511.668856382608
51155,32.71907492555263,1183.099999999206,7511.711133868025
51156,32.71907492555263,1183.119999999206,7511.753410962645
51157,32.71907492555263,1183.1399999992059,7511.79568766655
51158,32.71907492555263,1183.1599999992059,7511.837963980738
51159,32.71907492555263,1183.1799999992058,7511.880239905341
51160,32.71907492555263,1183.1999999992058,7511.9225154403475
51161,32.71907492555263,1183.2199999992058,7511.964790585744
51162,32.71907492555263,1183.2399999992058,7512.007065341517
51163,32.71907492555263,1183.2599999992058,7512.049339707654
51164,32.71907492555263,1183.2799999992058,7512.091613684143
51165,32.71907492555263,1183.2999999992057,7512.13388727097
51166,32.71907492555263,1183.3199999992057,7512.176160468123
51167,32.71907492555263,1183.3399999992057,7512.218433275589
51168,32.71907492555263,1183.3599999992057,7512.260705693354
51169,32.71907492555263,1183.3799999992057,7512.302977721406
51170,32.71907492555263,1183.3999999992056,7512.345249359732
51171,32.71907492555263,1183.4199999992056,7512.38752060832
51172,32.71907492555263,1183.4399999992056,7512.429791467156
51173,32.71907492555263,1183.4599999992056,7512.472061936227
51174,32.71907492555263,1183.4799999992056,7512.514332015521
51175,32.71907492555263,1183.4999999992056,7512.556601705025
51176,32.71907492555263,1183.5199999992055,7512.598871004725
51177,32.71907492555263,1183.5399999992055,7512.641139914609
51178,32.71907492555263,1183.5599999992055,7512.683408434665
51179,32.71907492555263,1183.5799999992055,7512.725676564878
51180,32.71907492555263,1183.5999999992055,7512.767944305237
51181,32.71907492555263,1183.6199999992054,7512.8102116557275
51182,32.71907492555263,1183.6399999992054,7512.852478616338
51183,32.71907492555263,1183.6599999992054,7512.894745187055
51184,32.71907492555263,1183.6799999992054,7512.937011367866
51185,32.71907492555263,1183.6999999992054,7512.979277158758
51186,32.71907492555263,1183.7199999992054,7513.021542559718
51187,32.71907492555263,1183.7399999992053,7513.063807570733
51188,32.71907492555263,1183.7599999992053,7513.10607219179
51189,32.71907492555263,1183.7799999992053,7513.148336422877
51190,32.71907492555263,1183.7999999992053,7513.19060026398
51191,32.71907492555263,1183.8199999992053,7513.232863715087
51192,32.71907492555263,1183.8399999992052,7513.275126776184
51193,32.71907492555263,1183.8599999992052,7513.317389447259
51194,32.71907492555263,1183.8799999992052,7513.3596517282995
51195,32.71907492555263,1183.8999999992052,7513.401913619292
51196,32.71907492555263,1183.9199999992052,7513.444175120224
51197,32.71907492555263,1183.9399999992052,7513.486436231082
51198,32.71907492555263,1183.9599999992051,7513.528696951853
51199,32.71907492555263,1183.9799999992051,7513.570957282525
51200,32.71907492555263,1183.999999999205,7513.6132172230855
51201,32.71907492555263,1184.019999999205,7513.65547677352
51202,32.71907492555263,1184.039999999205,7513.697735933816
51203,32.71907492555263,1184.059999999205,7513.739994703962
51204,32.71907492555263,1184.079999999205,7513.782253083944
51205,32.71907492555263,1184.099999999205,7513.824511073749
51206,32.71907492555263,1184.119999999205,7513.866768673364
51207,32.71907492555263,1184.139999999205,7513.909025882777
51208,32.71907492555263,1184.159999999205,7513.951282702112
51209,32.71907492555263,1184.179999999205,7513.993539132377
51210,32.71907492555263,1184.199999999205,7514.035795173658
51211,32.71907492555263,1184.219999999205,7514.078050825941
51212,32.71907492555263,1184.2399999992049,7514.120306089214
51213,32.71907492555263,1184.2599999992049,7514.162560963462
51214,32.71907492555263,1184.2799999992048,7514.204815448673
51215,32.71907492555263,1184.2999999992048,7514.247069544833
51216,32.71907492555263,1184.3199999992048,7514.289323251928
51217,32.71907492555263,1184.3399999992048,7514.331576569946
51218,32.71907492555263,1184.3599999992048,7514.373829498873
51219,32.71907492555263,1184.3799999992048,7514.416082038697
51220,32.71907492555263,1184.3999999992047,7514.458334189403
51221,32.71907492555263,1184.4199999992047,7514.500585950978
51222,32.71907492555263,1184.4399999992047,7514.54283732341
51223,32.71907492555263,1184.4599999992047,7514.585088306684
51224,32.71907492555263,1184.4799999992047,7514.627338900788
51225,32.71907492555263,1184.4999999992046,7514.669589105709
51226,32.71907492555263,1184.5199999992046,7514.711838921432
51227,32.71907492555263,1184.5399999992046,7514.754088347944
51228,32.71907492555263,1184.5599999992046,7514.796337385233
51229,32.71907492555263,1184.5799999992046,7514.838586033285
51230,32.71907492555263,1184.5999999992046,7514.880834292087
51231,32.71907492555263,1184.6199999992045,7514.923082161625
51232,32.71907492555263,1184.6399999992045,7514.965329641886
51233,32.71907492555263,1184.6599999992045,7515.007576732856
51234,32.71907492555263,1184.6799999992045,7515.049823434523
51235,32.71907492555263,1184.6999999992045,7515.092069746874
51236,32.71907492555263,1184.7199999992044,7515.134315669894
51237,32.71907492555263,1184.7399999992044,7515.1765612035715
51238,32.71907492555263,1184.7599999992044,7515.218806347892
51239,32.71907492555263,1184.7799999992044,7515.2610511028415
51240,32.71907492555263,1184.7999999992044,7515.303295468409
51241,32.71907492555263,1184.8199999992044,7515.345539444579
51242,32.71907492555263,1184.8399999992043,7515.3877830313395
51243,32.71907492555263,1184.8599999992043,7515.430026228677
51244,32.71907492555263,1184.8799999992043,7515.472269036578
51245,32.71907492555263,1184.8999999992043,7515.514511455029
51246,32.71907492555263,1184.9199999992043,7515.556753484017
51247,32.71907492555263,1184.9399999992042,7515.598995123528
51248,32.71907492555263,1184.9599999992042,7515.64123637355
51249,32.71907492555263,1184.9799999992042,7515.683477234069
51250,32.71907492555263,1184.9999999992042,7515.7257177050715
51251,32.71907492555263,1185.0199999992042,7515.767957786545
51252,32.71907492555263,1185.0399999992042,7515.810197478475
51253,32.71907492555263,1185.0599999992041,7515.8524367808495
51254,32.71907492555263,1185.0799999992041,7515.894675693654
51255,32.71907492555263,1185.099999999204,7515.936914216876
51256,32.71907492555263,1185.119999999204,7515.979152350502
51257,32.71907492555263,1185.139999999204,7516.021390094518
51258,32.71907492555263,1185.159999999204,7516.0636274489125
51259,32.71907492555263,1185.179999999204,7516.105864413887
51260,32.71907492555263,1185.199999999204,7516.148100990413
51261,32.71907492555263,1185.219999999204,7516.190337178564
51262,32.71907492555263,1185.239999999204,7516.232572978326
51263,32.71907492555263,1185.259999999204,7516.274808389686
51264,32.71907492555263,1185.279999999204,7516.3170434126305
51265,32.71907492555263,1185.299999999204,7516.359278047146
51266,32.71907492555263,1185.319999999204,7516.401512293221
51267,32.71907492555263,1185.3399999992039,7516.44374615084
51268,32.71907492555263,1185.3599999992039,7516.48597961999
51269,32.71907492555263,1185.3799999992038,7516.5282127006585
51270,32.71907492555263,1185.3999999992038,7516.570445392832
51271,32.71907492555263,1185.4199999992038,7516.612677696497
51272,32.71907492555263,1185.4399999992038,7516.65490961164
51273,32.71907492555263,1185.4599999992038,7516.697141138247
51274,32.71907492555263,1185.4799999992038,7516.739372276306
51275,32.71907492555263,1185.4999999992037,7516.781603025804
51276,32.71907492555263,1185.5199999992037,7516.823833386726
51277,32.71907492555263,1185.5399999992037,7516.86606335906
51278,32.71907492555263,1185.5599999992037,7516.908292942791
51279,32.71907492555263,1185.5799999992037,7516.950522137909
51280,32.71907492555263,1185.5999999992036,7516.992750944397
51281,32.71907492555263,1185.6199999992036,7517.034979362244
51282,32.71907492555263,1185.6399999992036,7517.077207391435
51283,32.71907492555263,1185.6599999992036,7517.119435031958
51284,32.71907492555263,1185.6799999992036,7517.1616622838
51285,32.71907492555263,1185.6999999992036,7517.2038891469465
51286,32.71907492555263,1185.7199999992035,7517.246115621385
51287,32.71907492555263,1185.7399999992035,7517.288341707102
51288,32.71907492555263,1185.7599999992035,7517.330567404083
51289,32.71907492555263,1185.7799999992035,7517.372792712316
51290,32.71907492555263,1185.7999999992035,7517.415017631788
51291,32.71907492555263,1185.8199999992034,7517.457242162485
51292,32.71907492555263,1185.8399999992034,7517.4994663043935
51293,32.71907492555263,1185.8599999992034,7517.541690057501
51294,32.71907492555263,1185.8799999992034,7517.583913421793
51295,32.71907492555263,1185.8999999992034,7517.626136397257
51296,32.71907492555263,1185.9199999992034,7517.668358983879
51297,32.71907492555263,1185.9399999992033,7517.710581181647
51298,32.71907492555263,1185.9599999992033,7517.752802990547
51299,32.71907492555263,1185.9799999992033,7517.795024410565
51300,32.71907492555263,1185.9999999992033,7517.8372454416885
51301,32.71907492555263,1186.0199999992033,7517.879466083904
51302,32.71907492555263,1186.0399999992032,7517.921686337198
51303,32.71907492555263,1186.0599999992032,7517.963906201557
51304,32.71907492555263,1186.0799999992032,7518.006125676968
51305,32.71907492555263,1186.0999999992032,7518.048344763417
51306,32.71907492555263,1186.1199999992032,7518.090563460892
51307,32.71907492555263,1186.1399999992032,7518.132781769378
51308,32.71907492555263,1186.1599999992031,7518.174999688864
51309,32.71907492555263,1186.1799999992031,7518.217217219335
51310,32.71907492555263,1186.199999999203,7518.25943436107
51311,32.71907492555263,1186.219999999203,7518.301651114979
51312,32.71907492555263,1186.239999999203,7518.34386748112
51313,32.71907492555263,1186.259999999203,7518.386083459478
51314,32.71907492555263,1186.279999999203,7518.428299050041
51315,32.71907492555263,1186.299999999203,7518.470514252795
51316,32.71907492555263,1186.319999999203,7518.5127290677265
51317,32.71907492555263,1186.339999999203,7518.554943494823
51318,32.71907492555263,1186.359999999203,7518.597157534072
51319,32.71907492555263,1186.379999999203,7518.639371185458
51320,32.71907492555263,1186.399999999203,7518.681584448968
51321,32.71907492555263,1186.419999999203,7518.72379732459
51322,32.71907492555263,1186.4399999992029,7518.76600981231
51323,32.71907492555263,1186.4599999992029,7518.808221912114
51324,32.71907492555263,1186.4799999992028,7518.85043362399
51325,32.71907492555263,1186.4999999992028,7518.892644947924
51326,32.71907492555263,1186.5199999992028,7518.934855883902
51327,32.71907492555263,1186.5399999992028,7518.977066431911
51328,32.71907492555263,1186.5599999992028,7519.019276591938
51329,32.71907492555263,1186.5799999992028,7519.06148636397
51330,32.71907492555263,1186.5999999992027,7519.103695747993
51331,32.71907492555263,1186.6199999992027,7519.145904743994
51332,32.71907492555263,1186.6399999992027,7519.188113351959
51333,32.71907492555263,1186.6599999992027,7519.230321571876
51334,32.71907492555263,1186.6799999992027,7519.27252940373
51335,32.71907492555263,1186.6999999992026,7519.314736847508
51336,32.71907492555263,1186.7199999992026,7519.356943903198
51337,32.71907492555263,1186.7399999992026,7519.399150570785
51338,32.71907492555263,1186.7599999992026,7519.441356850258
51339,32.71907492555263,1186.7799999992026,7519.4835627416005
51340,32.71907492555263,1186.7999999992026,7519.525768244801
51341,32.71907492555263,1186.8199999992025,7519.567973359846
51342,32.71907492555263,1186.8399999992025,7519.610178086723
51343,32.71907492555263,1186.8599999992025,7519.652382425417
51344,32.71907492555263,1186.8799999992025,7519.694586375916
51345,32.71907492555263,1186.8999999992025,7519.736789938205
51346,32.71907492555263,1186.9199999992024,7519.7789931122725
51347,32.71907492555263,1186.9399999992024,7519.821195898104
51348,32.71907492555263,1186.9599999992024,7519.863398295686
51349,32.71907492555263,1186.9799999992024,7519.905600305006
51350,32.71907492555263,1186.9999999992024,7519.9478019260505
51351,32.71907492555263,1187.0199999992024,7519.990003158806
51352,32.71907492555263,1187.0399999992023,7520.032204003215
51353,32.71907492555263,1187.0599999992023,7520.074404459169
51354,32.71907492555263,1187.0799999992023,7520.11660452665
51355,32.71907492555263,1187.0999999992023,7520.158804205643
51356,32.71907492555263,1187.1199999992023,7520.201003496134
51357,32.71907492555263,1187.1399999992022,7520.24320239811
51358,32.71907492555263,1187.1599999992022,7520.285400911558
51359,32.71907492555263,1187.1799999992022,7520.327599036464
51360,32.71907492555263,1187.1999999992022,7520.369796772813
51361,32.71907492555263,1187.2199999992022,7520.4119941209665
51362,32.71907492555263,1187.2399999992022,7520.454191081788
51363,32.71907492555263,1187.2599999992021,7520.496387655318
51364,32.71907492555263,1187.2799999992021,7520.538583841545
51365,32.71907492555263,1187.299999999202,7520.580779640454
51366,32.71907492555263,1187.319999999202,7520.622975052032
51367,32.71907492555263,1187.339999999202,7520.665170076265
51368,32.71907492555263,1187.359999999202,7520.707364713139
51369,32.71907492555263,1187.379999999202,7520.749558962641
51370,32.71907492555263,1187.399999999202,7520.791752824755
51371,32.71907492555263,1187.419999999202,7520.83394629947
51372,32.71907492555263,1187.439999999202,7520.876139386771
51373,32.71907492555263,1187.459999999202,7520.918332086644
51374,32.71907492555263,1187.479999999202,7520.960524399076
51375,32.71907492555263,1187.499999999202,7521.002716324054
51376,32.71907492555263,1187.519999999202,7521.044907861562
51377,32.71907492555263,1187.5399999992019,7521.087099011588
51378,32.71907492555263,1187.5599999992019,7521.129289774118
51379,32.71907492555263,1187.5799999992018,7521.171480149137
51380,32.71907492555263,1187.5999999992018,7521.213670136633
51381,32.71907492555263,1187.6199999992018,7521.255859736591
51382,32.71907492555263,1187.6399999992018,7521.298048948999
51383,32.71907492555263,1187.6599999992018,7521.340237773841
51384,32.71907492555263,1187.6799999992018,7521.382426211105
51385,32.71907492555263,1187.6999999992017,7521.424614260776
51386,32.71907492555263,1187.7199999992017,7521.466801922841
51387,32.71907492555263,1187.7399999992017,7521.508989197287
51388,32.71907492555263,1187.7599999992017,7521.551176084098
51389,32.71907492555263,1187.7799999992017,7521.593362583263
51390,32.71907492555263,1187.7999999992016,7521.635548694767
51391,32.71907492555263,1187.8199999992016,7521.677734418596
51392,32.71907492555263,1187.8399999992016,7521.719919754736
51393,32.71907492555263,1187.8599999992016,7521.762104703174
51394,32.71907492555263,1187.8799999992016,7521.804289263897
51395,32.71907492555263,1187.8999999992016,7521.846473436889
51396,32.71907492555263,1187.9199999992015,7521.888657222138
51397,32.71907492555263,1187.9399999992015,7521.93084061963
51398,32.71907492555263,1187.9599999992015,7521.973023629351
51399,32.71907492555263,1187.9799999992015,7522.015206251287
51400,32.71907492555263,1187.9999999992015,7522.057388485425
51401,32.71907492555263,1188.0199999992014,7522.09957033175
51402,32.71907492555263,1188.0399999992014,7522.14175179025
51403,32.71907492555263,1188.0599999992014,7522.18393286091
51404,32.71907492555263,1188.0799999992014,7522.2261135437175
51405,32.71907492555263,1188.0999999992014,7522.268293838658
51406,32.71907492555263,1188.1199999992014,7522.310473745717
51407,32.71907492555263,1188.1399999992013,7522.352653264882
51408,32.71907492555263,1188.1599999992013,7522.394832396139
51409,32.71907492555263,1188.1799999992013,7522.437011139474
51410,32.71907492555263,1188.1999999992013,7522.479189494873
51411,32.71907492555263,1188.2199999992013,7522.521367462323
51412,32.71907492555263,1188.2399999992012,7522.563545042268
51413,32.71907492555263,1188.2599999992012,7522.605722235527
51414,32.71907492555263,1188.2799999992012,7522.647899042127
51415,32.71907492555263,1188.2999999992012,7522.690075462057
51416,32.675976097253496,1188.3199999992012,7522.732251495303
51417,32.675976097253496,1188.3399999992012,7522.774427141851
51418,32.675976097253496,1188.3599999992011,7522.81660240169
51419,32.675976097253496,1188.3799999992011,7522.858777274805
51420,32.675976097253496,1188.399999999201,7522.900951761183
51421,32.675976097253496,1188.419999999201,7522.943125860812
51422,32.675976097253496,1188.439999999201,7522.985299573678
51423,32.675976097253496,1188.459999999201,7523.027472899768
51424,32.675976097253496,1188.479999999201,7523.069645839069
51425,32.675976097253496,1188.499999999201,7523.111818391569
51426,32.675976097253496,1188.519999999201,7523.153990557253
51427,32.675976097253496,1188.539999999201,7523.1961623361085
51428,32.675976097253496,1188.559999999201,7523.2383337281235
51429,32.675976097253496,1188.579999999201,7523.280504733284
51430,32.675976097253496,1188.599999999201,7523.322675351577
51431,32.675976097253496,1188.619999999201,7523.36484558299
51432,32.675976097253496,1188.6399999992009,7523.407015427509
51433,32.675976097253496,1188.6599999992009,7523.449184885121
51434,32.675976097253496,1188.6799999992008,7523.491353955814
51435,32.675976097253496,1188.6999999992008,7523.533522639574
51436,32.675976097253496,1188.7199999992008,7523.575690936387
51437,32.675976097253496,1188.7399999992008,7523.617858846243
51438,32.675976097253496,1188.7599999992008,7523.660026369125
51439,32.675976097253496,1188.7799999992008,7523.7021935050225
51440,32.675976097253496,1188.7999999992007,7523.7443602539215
51441,32.675976097253496,1188.8199999992007,7523.78652661581
51442,32.675976097253496,1188.8399999992007,7523.828692590673
51443,32.675976097253496,1188.8599999992007,7523.8708581784995
51444,32.675976097253496,1188.8799999992007,7523.913023379275
51445,32.675976097253496,1188.8999999992006,7523.9551881929865
51446,32.675976097253496,1188.9199999992006,7523.997352619621
51447,32.675976097253496,1188.9399999992006,7524.039516659166
51448,32.675976097253496,1188.9599999992006,7524.081680311608
51449,32.675976097253496,1188.9799999992006,7524.123843576934
51450,32.675976097253496,1188.9999999992006,7524.166006455131
51451,32.675976097253496,1189.0199999992005,7524.208168946185
51452,32.675976097253496,1189.0399999992005,7524.250331050083
51453,32.675976097253496,1189.0599999992005,7524.292492766814
51454,32.675976097253496,1189.0799999992005,7524.334654096363
51455,32.675976097253496,1189.0999999992005,7524.376815038718
51456,32.675976097253496,1189.1199999992004,7524.418975593864
51457,32.675976097253496,1189.1399999992004,7524.4611357617905
51458,32.675976097253496,1189.1599999992004,7524.503295542482
51459,32.675976097253496,1189.1799999992004,7524.545454935927
51460,32.675976097253496,1189.1999999992004,7524.5876139421125
51461,32.675976097253496,1189.2199999992004,7524.629772561025
51462,32.675976097253496,1189.2399999992003,7524.6719307926505
51463,32.675976097253496,1189.2599999992003,7524.714088637455
51464,32.675976097253496,1189.2799999992003,7524.756246096108
51465,32.675976097253496,1189.2999999992003,7524.798403168621
51466,32.675976097253496,1189.3199999992003,7524.84055985498
51467,32.675976097253496,1189.3399999992002,7524.882716155171
51468,32.675976097253496,1189.3599999992002,7524.924872069181
51469,32.675976097253496,1189.3799999992002,7524.967027596998
51470,32.675976097253496,1189.3999999992002,7525.009182738609
51471,32.675976097253496,1189.4199999992002,7525.051337493998
51472,32.675976097253496,1189.4399999992002,7525.093491863156
51473,32.675976097253496,1189.4599999992001,7525.135645846066
51474,32.675976097253496,1189.4799999992001,7525.177799442717
51475,32.675976097253496,1189.4999999992,7525.219952653095
51476,32.675976097253496,1189.5199999992,7525.262105477187
51477,32.675976097253496,1189.5399999992,7525.304257914981
51478,32.675976097253496,1189.5599999992,7525.346409966462
51479,32.675976097253496,1189.5799999992,7525.3885616316165
51480,32.675976097253496,1189.5999999992,7525.430712910434
51481,32.675976097253496,1189.6199999992,7525.472863802898
51482,32.675976097253496,1189.6399999992,7525.515014308998
51483,32.675976097253496,1189.6599999992,7525.557164428719
51484,32.675976097253496,1189.6799999992,7525.599314162049
51485,32.675976097253496,1189.6999999992,7525.641463508975
51486,32.675976097253496,1189.7199999992,7525.683612469483
51487,32.675976097253496,1189.7399999991999,7525.72576104356
51488,32.675976097253496,1189.7599999991999,7525.767909231193
51489,32.675976097253496,1189.7799999991998,7525.810057032369
51490,32.675976097253496,1189.7999999991998,7525.852204447074
51491,32.675976097253496,1189.8199999991998,7525.8943514752955
51492,32.675976097253496,1189.8399999991998,7525.936498117021
51493,32.675976097253496,1189.8599999991998,7525.978644372236
51494,32.675976097253496,1189.8799999991998,7526.020790240928
51495,32.675976097253496,1189.8999999991997,7526.062935723085
51496,32.675976097253496,1189.9199999991997,7526.105080818691
51497,32.675976097253496,1189.9399999991997,7526.147225527735
51498,32.675976097253496,1189.9599999991997,7526.189369850203
51499,32.675976097253496,1189.9799999991997,7526.231513786081
51500,32.675976097253496,1189.9999999991996,7526.273657335359
51501,32.675976097253496,1190.0199999991996,7526.3158004980205
51502,32.675976097253496,1190.0399999991996,7526.3579432740535
51503,32.675976097253496,1190.0599999991996,7526.400085663445
51504,32.675976097253496,1190.0799999991996,7526.442227666181
51505,32.675976097253496,1190.0999999991996,7526.484369282249
51506,32.675976097253496,1190.1199999991995,7526.526510511636
51507,32.675976097253496,1190.1399999991995,7526.568651354329
51508,32.675976097253496,1190.1599999991995,7526.610791810314
51509,32.675976097253496,1190.1799999991995,7526.652931879579
51510,32.675976097253496,1190.1999999991995,7526.69507156211
51511,32.675976097253496,1190.2199999991994,7526.737210857893
51512,32.675976097253496,1190.2399999991994,7526.779349766916
51513,32.675976097253496,1190.2599999991994,7526.821488289166
51514,32.675976097253496,1190.2799999991994,7526.863626425217
51515,32.675976097253496,1190.2999999991994,7526.905764175731
51516,32.675976097253496,1190.3199999991994,7526.947901540703
51517,32.675976097253496,1190.3399999991993,7526.990038520122
51518,32.675976097253496,1190.3599999991993,7527.032175113973
51519,32.675976097253496,1190.3799999991993,7527.074311322243
51520,32.675976097253496,1190.3999999991993,7527.11644714492
51521,32.675976097253496,1190.4199999991993,7527.15858258199
51522,32.675976097253496,1190.4399999991992,7527.200717633441
51523,32.675976097253496,1190.4599999991992,7527.242852299259
51524,32.675976097253496,1190.4799999991992,7527.284986579431
51525,32.675976097253496,1190.4999999991992,7527.327120473943
51526,32.675976097253496,1190.5199999991992,7527.369253982783
51527,32.675976097253496,1190.5399999991992,7527.411387105938
51528,32.675976097253496,1190.5599999991991,7527.453519843394
51529,32.675976097253496,1190.5799999991991,7527.495652195139
51530,32.675976097253496,1190.599999999199,7527.537784161159
51531,32.675976097253496,1190.619999999199,7527.579915741441
51532,32.675976097253496,1190.639999999199,7527.622046935972
51533,32.675976097253496,1190.659999999199,7527.664177744739
51534,32.675976097253496,1190.679999999199,7527.70630816773
51535,32.675976097253496,1190.699999999199,7527.74843820493
51536,32.675976097253496,1190.719999999199,7527.790567856327
51537,32.675976097253496,1190.739999999199,7527.832697121907
51538,32.675976097253496,1190.759999999199,7527.874826001657
51539,32.675976097253496,1190.779999999199,7527.916954495566
51540,32.675976097253496,1190.799999999199,7527.959082603618
51541,32.675976097253496,1190.819999999199,7528.001210325801
51542,32.675976097253496,1190.8399999991989,7528.043337662103
51543,32.675976097253496,1190.8599999991989,7528.085464612509
51544,32.675976097253496,1190.8799999991988,7528.127591177007
51545,32.675976097253496,1190.8999999991988,7528.169717355584
51546,32.675976097253496,1190.9199999991988,7528.211843148227
51547,32.675976097253496,1190.9399999991988,7528.253968554922
51548,32.675976097253496,1190.9599999991988,7528.296093575656
51549,32.675976097253496,1190.9799999991988,7528.338218210417
51550,32.675976097253496,1190.9999999991987,7528.380342459191
51551,32.675976097253496,1191.0199999991987,7528.422466321964
51552,32.675976097253496,1191.0399999991987,7528.464589798725
51553,32.675976097253496,1191.0599999991987,7528.506712889459
51554,32.675976097253496,1191.0799999991987,7528.548835594154
51555,32.675976097253496,1191.0999999991986,7528.590957912797
51556,32.675976097253496,1191.1199999991986,7528.633079845375
51557,32.675976097253496,1191.1399999991986,7528.675201391873
51558,32.675976097253496,1191.1599999991986,7528.71732255228
51559,32.675976097253496,1191.1799999991986,7528.759443326582
51560,32.675976097253496,1191.1999999991986,7528.801563714766
51561,32.675976097253496,1191.2199999991985,7528.843683716819
51562,32.675976097253496,1191.2399999991985,7528.885803332728
51563,32.675976097253496,1191.2599999991985,7528.92792256248
51564,32.675976097253496,1191.2799999991985,7528.970041406066
51565,32.675976097253496,1191.2999999991985,7529.012159864134
51566,32.675976097253496,1191.3199999991984,7529.05427793728
51567,32.675976097253496,1191.3399999991984,7529.096395625491
51568,32.675976097253496,1191.3599999991984,7529.138512928754
51569,32.675976097253496,1191.3799999991984,7529.180629847056
51570,32.675976097253496,1191.3999999991984,7529.222746380383
51571,32.675976097253496,1191.4199999991984,7529.264862528723
51572,32.675976097253496,1191.4399999991983,7529.306978292062
51573,32.675976097253496,1191.4599999991983,7529.349093670388
51574,32.675976097253496,1191.4799999991983,7529.391208663687
51575,32.675976097253496,1191.4999999991983,7529.433323271947
51576,32.675976097253496,1191.5199999991983,7529.475437495154
51577,32.675976097253496,1191.5399999991982,7529.517551333296
51578,32.675976097253496,1191.5599999991982,7529.559664786359
51579,32.675976097253496,1191.5799999991982,7529.601777854329
51580,32.675976097253496,1191.5999999991982,7529.643890537195
51581,32.675976097253496,1191.6199999991982,7529.686002834944
51582,32.675976097253496,1191.6399999991982,7529.728114747561
51583,32.675976097253496,1191.6599999991981,7529.7702262750345
51584,32.675976097253496,1191.6799999991981,7529.812337417351
51585,32.675976097253496,1191.699999999198,7529.8544481744975
51586,32.675976097253496,1191.719999999198,7529.89655854646
51587,32.675976097253496,1191.739999999198,7529.9386685332265
51588,32.675976097253496,1191.759999999198,7529.980778134784
51589,32.675976097253496,1191.779999999198,7530.02288735111
51590,32.675976097253496,1191.799999999198,7530.064996182132
51591,32.675976097253496,1191.819999999198,7530.107104627832
51592,32.675976097253496,1191.839999999198,7530.149212688198
51593,32.675976097253496,1191.859999999198,7530.191320363216
51594,32.675976097253496,1191.879999999198,7530.233427652873
51595,32.675976097253496,1191.899999999198,7530.275534557156
51596,32.675976097253496,1191.919999999198,7530.3176410760525
51597,32.675976097253496,1191.9399999991979,7530.359747209549
51598,32.675976097253496,1191.9599999991979,7530.401852957633
51599,32.675976097253496,1191.9799999991978,7530.443958320292
51600,32.675976097253496,1191.9999999991978,7530.486063297512
51601,32.675976097253496,1192.0199999991978,7530.528167889282
51602,32.675976097253496,1192.0399999991978,7530.570272095586
51603,32.675976097253496,1192.0599999991978,7530.612375916413
51604,32.675976097253496,1192.0799999991978,7530.65447935175
51605,32.675976097253496,1192.0999999991977,7530.696582401583
51606,32.675976097253496,1192.1199999991977,7530.738685065901
51607,32.675976097253496,1192.1399999991977,7530.78078734469
51608,32.675976097253496,1192.1599999991977,7530.822889237937
51609,32.675976097253496,1192.1799999991977,7530.864990745628
51610,32.675976097253496,1192.1999999991976,7530.907091867753
51611,32.675976097253496,1192.2199999991976,7530.949192604296
51612,32.675976097253496,1192.2399999991976,7530.991292955245
51613,32.675976097253496,1192.2599999991976,7531.033392920587
51614,32.675976097253496,1192.2799999991976,7531.07549250031
51615,32.675976097253496,1192.2999999991976,7531.117591694421
51616,32.675976097253496,1192.3199999991975,7531.159690503628
51617,32.675976097253496,1192.3399999991975,7531.201788928452
51618,32.675976097253496,1192.3599999991975,7531.243886968879
51619,32.675976097253496,1192.3799999991975,7531.285984624899
51620,32.675976097253496,1192.3999999991975,7531.328081896498
51621,32.675976097253496,1192.4199999991974,7531.370178783662
51622,32.675976097253496,1192.4399999991974,7531.412275286378
51623,32.675976097253496,1192.4599999991974,7531.454371404634
51624,32.675976097253496,1192.4799999991974,7531.496467138417
51625,32.675976097253496,1192.4999999991974,7531.5385624877135
51626,32.675976097253496,1192.5199999991974,7531.580657452511
51627,32.675976097253496,1192.5399999991973,7531.622752032797
51628,32.675976097253496,1192.5599999991973,7531.664846228557
51629,32.675976097253496,1192.5799999991973,7531.706940039779
51630,32.675976097253496,1192.5999999991973,7531.74903346645
51631,32.675976097253496,1192.6199999991973,7531.791126508558
51632,32.675976097253496,1192.6399999991972,7531.833219166088
51633,32.675976097253496,1192.6599999991972,7531.875311439029
51634,32.675976097253496,1192.6799999991972,7531.9174033273675
51635,32.675976097253496,1192.6999999991972,7531.95949483109
51636,32.675976097253496,1192.7199999991972,7532.001585950184
51637,32.675976097253496,1192.7399999991972,7532.043676684636
51638,32.675976097253496,1192.7599999991971,7532.085767034434
51639,32.675976097253496,1192.7799999991971,7532.127856999564
51640,32.675976097253496,1192.799999999197,7532.169946580014
51641,32.675976097253496,1192.819999999197,7532.21203577577
51642,32.675976097253496,1192.839999999197,7532.254124586821
51643,32.675976097253496,1192.859999999197,7532.296213013151
51644,32.675976097253496,1192.879999999197,7532.3383010547495
51645,32.675976097253496,1192.899999999197,7532.380388711603
51646,32.675976097253496,1192.919999999197,7532.422475983698
51647,32.675976097253496,1192.939999999197,7532.464562871021
51648,32.675976097253496,1192.959999999197,7532.506649373561
51649,32.675976097253496,1192.979999999197,7532.548735491304
51650,32.675976097253496,1192.999999999197,7532.590821224237
51651,32.675976097253496,1193.019999999197,7532.632906572347
51652,32.675976097253496,1193.0399999991969,7532.67499153562
51653,32.675976097253496,1193.0599999991969,7532.717076114046
51654,32.675976097253496,1193.0799999991968,7532.75916030761
51655,32.675976097253496,1193.0999999991968,7532.801244116298
51656,32.675976097253496,1193.1199999991968,7532.843327540099
51657,32.675976097253496,1193.1399999991968,7532.885410579
51658,32.675976097253496,1193.1599999991968,7532.927493232986
51659,32.675976097253496,1193.1799999991968,7532.969575502047
51660,32.675976097253496,1193.1999999991967,7533.011657386168
51661,32.675976097253496,1193.2199999991967,7533.053738885336
51662,32.675976097253496,1193.2399999991967,7533.095819999539
51663,32.675976097253496,1193.2599999991967,7533.137900728764
51664,32.675976097253496,1193.2799999991967,7533.179981072998
51665,32.675976097253496,1193.2999999991966,7533.222061032227
51666,32.675976097253496,1193.3199999991966,7533.264140606478
51667,32.675976097253496,1193.3399999991966,7533.306219796569
51668,32.675976097253496,1193.3599999991966,7533.348298602979
51669,32.675976097253496,1193.3799999991966,7533.390377025696
51670,32.675976097253496,1193.3999999991966,7533.432455064705
51671,32.675976097253496,1193.4199999991965,7533.474532719995
51672,32.675976097253496,1193.4399999991965,7533.516609991552
51673,32.675976097253496,1193.4599999991965,7533.558686879363
51674,32.675976097253496,1193.4799999991965,7533.600763383415
51675,32.675976097253496,1193.4999999991965,7533.642839503695
51676,32.675976097253496,1193.5199999991964,7533.684915240189
51677,32.675976097253496,1193.5399999991964,7533.726990592885
51678,32.675976097253496,1193.5599999991964,7533.76906556177
51679,32.675976097253496,1193.5799999991964,7533.81114014683
51680,32.63297180500037,1193.5999999991964,7533.853214348053
51681,32.63297180500037,1193.6199999991964,7533.895288165426
51682,32.63297180500037,1193.6399999991963,7533.937361598934
51683,32.63297180500037,1193.6599999991963,7533.979434648566
51684,32.63297180500037,1193.6799999991963,7534.021507314308
51685,32.63297180500037,1193.6999999991963,7534.063579596148
51686,32.63297180500037,1193.7199999991963,7534.105651494072
51687,32.63297180500037,1193.7399999991962,7534.147723008066
51688,32.63297180500037,1193.7599999991962,7534.189794138119
51689,32.63297180500037,1193.7799999991962,7534.231864884217
51690,32.63297180500037,1193.7999999991962,7534.273935246347
51691,32.63297180500037,1193.8199999991962,7534.316005224496
51692,32.63297180500037,1193.8399999991962,7534.3580748186505
51693,32.63297180500037,1193.8599999991961,7534.4001440287975
51694,32.63297180500037,1193.8799999991961,7534.442212854924
51695,32.63297180500037,1193.899999999196,7534.484281297017
51696,32.63297180500037,1193.919999999196,7534.526349355065
51697,32.63297180500037,1193.939999999196,7534.568417029052
51698,32.63297180500037,1193.959999999196,7534.610484318968
51699,32.63297180500037,1193.979999999196,7534.652551224797
51700,32.63297180500037,1193.999999999196,7534.694617746528
51701,32.63297180500037,1194.019999999196,7534.736683884147
51702,32.63297180500037,1194.039999999196,7534.778749637641
51703,32.63297180500037,1194.059999999196,7534.820815006998
51704,32.63297180500037,1194.079999999196,7534.8628799922035
51705,32.63297180500037,1194.099999999196,7534.904944593245
51706,32.63297180500037,1194.119999999196,7534.94700881011
51707,32.63297180500037,1194.1399999991959,7534.989072642784
51708,32.63297180500037,1194.1599999991959,7535.031136091256
51709,32.63297180500037,1194.1799999991958,7535.07319915551
51710,32.63297180500037,1194.1999999991958,7535.115261835536
51711,32.63297180500037,1194.2199999991958,7535.15732413132
51712,32.63297180500037,1194.2399999991958,7535.199386042848
51713,32.63297180500037,1194.2599999991958,7535.241447570108
51714,32.63297180500037,1194.2799999991958,7535.283508713086
51715,32.63297180500037,1194.2999999991957,7535.32556947177
51716,32.63297180500037,1194.3199999991957,7535.367629846146
51717,32.63297180500037,1194.3399999991957,7535.409689836248
51718,32.63297180500037,1194.3599999991957,7535.451749442826
51719,32.63297180500037,1194.3799999991957,7535.4938086662205
51720,32.63297180500037,1194.3999999991956,7535.535867506416
51721,32.63297180500037,1194.4199999991956,7535.5779259634
51722,32.63297180500037,1194.4399999991956,7535.619984037159
51723,32.63297180500037,1194.4599999991956,7535.662041727681
51724,32.63297180500037,1194.4799999991956,7535.7040990349515
51725,32.63297180500037,1194.4999999991956,7535.746155958957
51726,32.63297180500037,1194.5199999991955,7535.788212499687
51727,32.63297180500037,1194.5399999991955,7535.830268657126
51728,32.63297180500037,1194.5599999991955,7535.872324431261
51729,32.63297180500037,1194.5799999991955,7535.91437982208
51730,32.63297180500037,1194.5999999991955,7535.95643482957
51731,32.63297180500037,1194.6199999991954,7535.9984894537165
51732,32.63297180500037,1194.6399999991954,7536.0405436945075
51733,32.63297180500037,1194.6599999991954,7536.08259755193
51734,32.63297180500037,1194.6799999991954,7536.124651025971
51735,32.63297180500037,1194.6999999991954,7536.166704116616
51736,32.63297180500037,1194.7199999991954,7536.208756823852
51737,32.63297180500037,1194.7399999991953,7536.2508091476675
51738,32.63297180500037,1194.7599999991953,7536.292861088048
51739,32.63297180500037,1194.7799999991953,7536.334912644981
51740,32.63297180500037,1194.7999999991953,7536.376963818454
51741,32.63297180500037,1194.8199999991953,7536.419014608453
51742,32.63297180500037,1194.8399999991952,7536.461065014965
51743,32.63297180500037,1194.8599999991952,7536.503115037977
51744,32.63297180500037,1194.8799999991952,7536.545164677476
51745,32.63297180500037,1194.8999999991952,7536.587213933449
51746,32.63297180500037,1194.9199999991952,7536.629262805882
51747,32.63297180500037,1194.9399999991952,7536.671311294763
51748,32.63297180500037,1194.9599999991951,7536.713359400078
51749,32.63297180500037,1194.9799999991951,7536.755407121815
51750,32.63297180500037,1194.999999999195,7536.797454459959
51751,32.63297180500037,1195.019999999195,7536.839501414499
51752,32.63297180500037,1195.039999999195,7536.881547985421
51753,32.63297180500037,1195.059999999195,7536.923594172712
51754,32.63297180500037,1195.079999999195,7536.965639976358
51755,32.63297180500037,1195.099999999195,7537.007685396347
51756,32.63297180500037,1195.119999999195,7537.0497304326655
51757,32.63297180500037,1195.139999999195,7537.0917750853005
51758,32.63297180500037,1195.159999999195,7537.133819354239
51759,32.63297180500037,1195.179999999195,7537.175863239468
51760,32.63297180500037,1195.199999999195,7537.217906740973
51761,32.63297180500037,1195.219999999195,7537.259949858743
51762,32.63297180500037,1195.2399999991949,7537.301992592764
51763,32.63297180500037,1195.2599999991949,7537.344034943022
51764,32.63297180500037,1195.2799999991948,7537.3860769095045
51765,32.63297180500037,1195.2999999991948,7537.428118492199
51766,32.63297180500037,1195.3199999991948,7537.470159691092
51767,32.63297180500037,1195.3399999991948,7537.51220050617
51768,32.63297180500037,1195.3599999991948,7537.554240937485
51769,32.63297180500037,1195.3799999991948,7537.596280985909
51770,32.63297180500037,1195.3999999991947,7537.638320651734
51771,32.63297180500037,1195.4199999991947,7537.680359934946
51772,32.63297180500037,1195.4399999991947,7537.722398835532
51773,32.63297180500037,1195.4599999991947,7537.764437353479
51774,32.63297180500037,1195.4799999991947,7537.806475488774
51775,32.63297180500037,1195.4999999991946,7537.848513241403
51776,32.63297180500037,1195.5199999991946,7537.890550611355
51777,32.63297180500037,1195.5399999991946,7537.932587598616
51778,32.63297180500037,1195.5599999991946,7537.9746242031715
51779,32.63297180500037,1195.5799999991946,7538.01666042501
51780,32.63297180500037,1195.5999999991946,7538.058696264117
51781,32.63297180500037,1195.6199999991945,7538.100731720481
51782,32.63297180500037,1195.6399999991945,7538.142766794088
51783,32.63297180500037,1195.6599999991945,7538.184801484925
51784,32.63297180500037,1195.6799999991945,7538.226835792978
51785,32.63297180500037,1195.6999999991945,7538.268869718235
51786,32.63297180500037,1195.7199999991944,7538.310903260683
51787,32.63297180500037,1195.7399999991944,7538.352936420308
51788,32.63297180500037,1195.7599999991944,7538.3949691970965
51789,32.63297180500037,1195.7799999991944,7538.437001591037
51790,32.63297180500037,1195.7999999991944,7538.479033602115
51791,32.63297180500037,1195.8199999991944,7538.5210652303185
51792,32.63297180500037,1195.8399999991943,7538.563096475634
51793,32.63297180500037,1195.8599999991943,7538.605127338047
51794,32.63297180500037,1195.8799999991943,7538.647157817546
51795,32.63297180500037,1195.8999999991943,7538.689187914118
51796,32.63297180500037,1195.9199999991943,7538.731217627748
51797,32.63297180500037,1195.9399999991942,7538.773246958425
51798,32.63297180500037,1195.9599999991942,7538.815275906135
51799,32.63297180500037,1195.9799999991942,7538.857304470865
51800,32.63297180500037,1195.9999999991942,7538.8993326526015
51801,32.63297180500037,1196.0199999991942,7538.941360451332
51802,32.63297180500037,1196.0399999991942,7538.983387867043
51803,32.63297180500037,1196.0599999991941,7539.025414899722
51804,32.63297180500037,1196.0799999991941,7539.067441549355
51805,32.63297180500037,1196.099999999194,7539.109467815929
51806,32.63297180500037,1196.119999999194,7539.151493699431
51807,32.63297180500037,1196.139999999194,7539.193519199848
51808,32.63297180500037,1196.159999999194,7539.235544317167
51809,32.63297180500037,1196.179999999194,7539.277569051375
51810,32.63297180500037,1196.199999999194,7539.319593402459
51811,32.63297180500037,1196.219999999194,7539.361617370405
51812,32.63297180500037,1196.239999999194,7539.4036409552
51813,32.63297180500037,1196.259999999194,7539.445664156831
51814,32.63297180500037,1196.279999999194,7539.487686975286
51815,32.63297180500037,1196.299999999194,7539.529709410551
51816,32.63297180500037,1196.319999999194,7539.571731462613
51817,32.63297180500037,1196.3399999991939,7539.613753131458
51818,32.63297180500037,1196.3599999991939,7539.655774417074
51819,32.63297180500037,1196.3799999991938,7539.697795319527
51820,32.63297180500037,1196.3999999991938,7539.73981583975
51821,32.63297180500037,1196.4199999991938,7539.781835977959
51822,32.63297180500037,1196.4399999991938,7539.823855734143
51823,32.63297180500037,1196.4599999991938,7539.865875108287
51824,32.63297180500037,1196.4799999991938,7539.907894100378
51825,32.63297180500037,1196.4999999991937,7539.9499127104045
51826,32.63297180500037,1196.5199999991937,7539.991930938352
51827,32.63297180500037,1196.5399999991937,7540.033948784171
51828,32.63297180500037,1196.5599999991937,7540.0759662477785
51829,32.63297180500037,1196.5799999991937,7540.117983329158
51830,32.63297180500037,1196.5999999991936,7540.160000028296
51831,32.63297180500037,1196.6199999991936,7540.20201634518
51832,32.63297180500037,1196.6399999991936,7540.244032279797
51833,32.63297180500037,1196.6599999991936,7540.286047832133
51834,32.63297180500037,1196.6799999991936,7540.328063002175
51835,32.63297180500037,1196.6999999991936,7540.370077789911
51836,32.63297180500037,1196.7199999991935,7540.412092195327
51837,32.63297180500037,1196.7399999991935,7540.45410621841
51838,32.63297180500037,1196.7599999991935,7540.496119859146
51839,32.63297180500037,1196.7799999991935,7540.538133117523
51840,32.63297180500037,1196.7999999991935,7540.580145993527
51841,32.63297180500037,1196.8199999991934,7540.622158487146
51842,32.63297180500037,1196.8399999991934,7540.664170598367
51843,32.63297180500037,1196.8599999991934,7540.706182327175
51844,32.63297180500037,1196.8799999991934,7540.7481936735585
51845,32.63297180500037,1196.8999999991934,7540.790204637504
51846,32.63297180500037,1196.9199999991934,7540.832215218998
51847,32.63297180500037,1196.9399999991933,7540.874225418027
51848,32.63297180500037,1196.9599999991933,7540.916235234579
51849,32.63297180500037,1196.9799999991933,7540.958244668641
51850,32.63297180500037,1196.9999999991933,7541.000253720199
51851,32.63297180500037,1197.0199999991933,7541.04226238924
51852,32.63297180500037,1197.0399999991932,7541.084270675751
51853,32.63297180500037,1197.0599999991932,7541.126278579719
51854,32.63297180500037,1197.0799999991932,7541.16828610113
51855,32.63297180500037,1197.0999999991932,7541.210293239973
51856,32.63297180500037,1197.1199999991932,7541.252299996233
51857,32.63297180500037,1197.1399999991932,7541.294306369898
51858,32.63297180500037,1197.1599999991931,7541.336312360953
51859,32.63297180500037,1197.1799999991931,7541.378317969387
51860,32.63297180500037,1197.199999999193,7541.420323195186
51861,32.63297180500037,1197.219999999193,7541.462328038337
51862,32.63297180500037,1197.239999999193,7541.5043324988255
51863,32.63297180500037,1197.259999999193,7541.546336576641
51864,32.63297180500037,1197.279999999193,7541.588340271768
51865,32.63297180500037,1197.299999999193,7541.630343584195
51866,32.63297180500037,1197.319999999193,7541.6723465139075
51867,32.63297180500037,1197.339999999193,7541.714349060893
51868,32.63297180500037,1197.359999999193,7541.756351225139
51869,32.63297180500037,1197.379999999193,7541.798353006632
51870,32.63297180500037,1197.399999999193,7541.840354405454
51871,32.63297180500037,1197.419999999193,7541.882355422596
51872,32.63297180500037,1197.4399999991929,7541.924356058204
51873,32.63297180500037,1197.4599999991929,7541.966356312263
51874,32.63297180500037,1197.4799999991928,7542.008356184761
51875,32.63297180500037,1197.4999999991928,7542.050355675686
51876,32.63297180500037,1197.5199999991928,7542.0923547850225
51877,32.63297180500037,1197.5399999991928,7542.134353512759
51878,32.63297180500037,1197.5599999991928,7542.176351858881
51879,32.63297180500037,1197.5799999991928,7542.218349823377
51880,32.63297180500037,1197.5999999991927,7542.2603474062325
51881,32.63297180500037,1197.6199999991927,7542.302344607435
51882,32.63297180500037,1197.6399999991927,7542.344341426971
51883,32.63297180500037,1197.6599999991927,7542.386337864828
51884,32.63297180500037,1197.6799999991927,7542.428333920993
51885,32.63297180500037,1197.6999999991926,7542.470329595452
51886,32.63297180500037,1197.7199999991926,7542.512324888193
51887,32.63297180500037,1197.7399999991926,7542.554319799201
51888,32.63297180500037,1197.7599999991926,7542.596314328464
51889,32.63297180500037,1197.7799999991926,7542.63830847597
51890,32.63297180500037,1197.7999999991926,7542.680302241704
51891,32.63297180500037,1197.8199999991925,7542.722295625655
51892,32.63297180500037,1197.8399999991925,7542.764288627807
51893,32.63297180500037,1197.8599999991925,7542.806281248149
51894,32.63297180500037,1197.8799999991925,7542.848273486668
51895,32.63297180500037,1197.8999999991925,7542.890265343351
51896,32.63297180500037,1197.9199999991924,7542.932256818182
51897,32.63297180500037,1197.9399999991924,7542.974247911152
51898,32.63297180500037,1197.9599999991924,7543.016238622245
51899,32.63297180500037,1197.9799999991924,7543.058228951449
51900,32.63297180500037,1197.9999999991924,7543.10021889875
51901,32.63297180500037,1198.0199999991924,7543.142208464136
51902,32.63297180500037,1198.0399999991923,7543.1841976475935
51903,32.63297180500037,1198.0599999991923,7543.226186449109
51904,32.63297180500037,1198.0799999991923,7543.26817486867
51905,32.63297180500037,1198.0999999991923,7543.310162906263
51906,32.63297180500037,1198.1199999991923,7543.352150561875
51907,32.63297180500037,1198.1399999991922,7543.394137835492
51908,32.63297180500037,1198.1599999991922,7543.436124727102
51909,32.63297180500037,1198.1799999991922,7543.478111236692
51910,32.63297180500037,1198.1999999991922,7543.520097364248
51911,32.63297180500037,1198.2199999991922,7543.562083109757
51912,32.63297180500037,1198.2399999991922,7543.604068473206
51913,32.63297180500037,1198.2599999991921,7543.646053454583
51914,32.63297180500037,1198.2799999991921,7543.688038053874
51915,32.63297180500037,1198.299999999192,7543.7300222710655
51916,32.63297180500037,1198.319999999192,7543.7720061061445
51917,32.63297180500037,1198.339999999192,7543.813989559098
51918,32.63297180500037,1198.359999999192,7543.855972629914
51919,32.63297180500037,1198.379999999192,7543.897955318577
51920,32.63297180500037,1198.399999999192,7543.939937625076
51921,32.63297180500037,1198.419999999192,7543.981919549533
51922,32.63297180500037,1198.439999999192,7544.023901093045
51923,32.63297180500037,1198.459999999192,7544.065882255709
51924,32.63297180500037,1198.479999999192,7544.10786303751
51925,32.63297180500037,1198.499999999192,7544.149843438434
51926,32.63297180500037,1198.519999999192,7544.191823458469
51927,32.63297180500037,1198.5399999991919,7544.2338030976025
51928,32.63297180500037,1198.5599999991919,7544.27578235582
51929,32.63297180500037,1198.5799999991918,7544.31776123311
51930,32.63297180500037,1198.5999999991918,7544.359739729458
51931,32.63297180500037,1198.6199999991918,7544.401717844851
51932,32.63297180500037,1198.6399999991918,7544.443695579276
51933,32.63297180500037,1198.6599999991918,7544.48567293272
51934,32.63297180500037,1198.6799999991918,7544.52764990517
51935,32.63297180500037,1198.6999999991917,7544.569626496612
51936,32.63297180500037,1198.7199999991917,7544.611602707034
51937,32.63297180500037,1198.7399999991917,7544.653578536422
51938,32.63297180500037,1198.7599999991917,7544.695553984764
51939,32.63297180500037,1198.7799999991917,7544.737529052046
51940,32.63297180500037,1198.7999999991916,7544.779503738254
51941,32.63297180500037,1198.8199999991916,7544.821478043376
51942,32.63297180500037,1198.8399999991916,7544.863451967399
51943,32.63297180500037,1198.8599999991916,7544.905425510309
51944,32.63297180500037,1198.8799999991916,7544.947398672094
51945,32.63297180500037,1198.8999999991916,7544.98937145274
51946,32.590061758740845,1198.9199999991915,7545.0313438522335
51947,32.590061758740845,1198.9399999991915,7545.0733158705625
51948,32.590061758740845,1198.9599999991915,7545.115287507713
51949,32.590061758740845,1198.9799999991915,7545.157258763672
51950,32.590061758740845,1198.9999999991915,7545.199229638426
51951,32.590061758740845,1199.0199999991914,7545.241200131963
51952,32.590061758740845,1199.0399999991914,7545.283170244268
51953,32.590061758740845,1199.0599999991914,7545.32513997533
51954,32.590061758740845,1199.0799999991914,7545.367109325135
51955,32.590061758740845,1199.0999999991914,7545.409078293669
51956,32.590061758740845,1199.1199999991914,7545.45104688092
51957,32.590061758740845,1199.1399999991913,7545.493015086875
51958,32.590061758740845,1199.1599999991913,7545.534982911519
51959,32.590061758740845,1199.1799999991913,7545.576950354841
51960,32.590061758740845,1199.1999999991913,7545.618917416827
51961,32.590061758740845,1199.2199999991913,7545.660884097463
51962,32.590061758740845,1199.2399999991912,7545.702850396738
51963,32.590061758740845,1199.2599999991912,7545.744816314636
51964,32.590061758740845,1199.2799999991912,7545.786781851147
51965,32.590061758740845,1199.2999999991912,7545.828747006256
51966,32.590061758740845,1199.3199999991912,7545.8707117799495
51967,32.590061758740845,1199.3399999991911,7545.9126761722155
51968,32.590061758740845,1199.3599999991911,7545.95464018304
51969,32.590061758740845,1199.379999999191,7545.99660381241
51970,32.590061758740845,1199.399999999191,7546.038567060314
51971,32.590061758740845,1199.419999999191,7546.080529926736
51972,32.590061758740845,1199.439999999191,7546.122492411849
51973,32.590061758740845,1199.459999999191,7546.164454516532
51974,32.590061758740845,1199.479999999191,7546.20641624085
51975,32.590061758740845,1199.499999999191,7546.2483775847895
51976,32.590061758740845,1199.519999999191,7546.290338548338
51977,32.590061758740845,1199.539999999191,7546.332299131482
51978,32.590061758740845,1199.559999999191,7546.374259334208
51979,32.590061758740845,1199.579999999191,7546.416219156504
51980,32.590061758740845,1199.599999999191,7546.4581785983555
51981,32.590061758740845,1199.619999999191,7546.500137659751
51982,32.590061758740845,1199.6399999991909,7546.542096340677
51983,32.590061758740845,1199.6599999991909,7546.584054641119
51984,32.590061758740845,1199.6799999991908,7546.626012561065
51985,32.590061758740845,1199.6999999991908,7546.667970100502
51986,32.590061758740845,1199.7199999991908,7546.709927259417
51987,32.590061758740845,1199.7399999991908,7546.751884037796
51988,32.590061758740845,1199.7599999991908,7546.793840435627
51989,32.590061758740845,1199.7799999991907,7546.835796452897
51990,32.590061758740845,1199.7999999991907,7546.877752089591
51991,32.590061758740845,1199.8199999991907,7546.919707345698
51992,32.590061758740845,1199.8399999991907,7546.961662221204
51993,32.590061758740845,1199.8599999991907,7547.003616716096
51994,32.590061758740845,1199.8799999991907,7547.045570830361
51995,32.590061758740845,1199.8999999991906,7547.087524563985
51996,32.590061758740845,1199.9199999991906,7547.129477916957
51997,32.590061758740845,1199.9399999991906,7547.1714308892615
51998,32.590061758740845,1199.9599999991906,7547.2133834808865
51999,32.590061758740845,1199.9799999991906,7547.255335691819
52000,32.590061758740845,1199.9999999991905,7547.297287522046
52001,32.590061758740845,1200.0199999991905,7547.339238971554
52002,32.590061758740845,1200.0399999991905,7547.38119004033
52003,32.590061758740845,1200.0599999991905,7547.4231407283605
52004,32.590061758740845,1200.0799999991905,7547.465091035634
52005,32.590061758740845,1200.0999999991905,7547.507040962136
52006,32.590061758740845,1200.1199999991904,7547.548990507853
52007,32.590061758740845,1200.1399999991904,7547.590939672773
52008,32.590061758740845,1200.1599999991904,7547.632888456883
52009,32.590061758740845,1200.1799999991904,7547.674836860169
52010,32.590061758740845,1200.1999999991904,7547.716784882618
52011,32.590061758740845,1200.2199999991903,7547.7587325242175
52012,32.590061758740845,1200.2399999991903,7547.800679784954
52013,32.590061758740845,1200.2599999991903,7547.842626664815
52014,32.590061758740845,1200.2799999991903,7547.884573163787
52015,32.590061758740845,1200.2999999991903,7547.926519281856
52016,32.590061758740845,1200.3199999991903,7547.968465019009
52017,32.590061758740845,1200.3399999991902,7548.010410375235
52018,32.590061758740845,1200.3599999991902,7548.052355350519
52019,32.590061758740845,1200.3799999991902,7548.094299944849
52020,32.590061758740845,1200.3999999991902,7548.1362441582105
52021,32.590061758740845,1200.4199999991902,7548.178187990591
52022,32.590061758740845,1200.4399999991901,7548.220131441978
52023,32.590061758740845,1200.4599999991901,7548.26207451263
52024,32.590061758740845,1200.47999999919,7548.304017203431
52025,32.590061758740845,1200.49999999919,7548.345959514438
52026,32.590061758740845,1200.51999999919,7548.387901445637
52027,32.590061758740845,1200.53999999919,7548.429842997017
52028,32.590061758740845,1200.55999999919,7548.471784168563
52029,32.590061758740845,1200.57999999919,7548.513724960263
52030,32.590061758740845,1200.59999999919,7548.555665372103
52031,32.590061758740845,1200.61999999919,7548.597605404071
52032,32.590061758740845,1200.63999999919,7548.639545056154
52033,32.590061758740845,1200.65999999919,7548.681484328338
52034,32.590061758740845,1200.67999999919,7548.72342322061
52035,32.590061758740845,1200.69999999919,7548.765361732957
52036,32.590061758740845,1200.71999999919,7548.807299865366
52037,32.590061758740845,1200.7399999991899,7548.849237617825
52038,32.590061758740845,1200.7599999991899,7548.891174990319
52039,32.590061758740845,1200.7799999991898,7548.933111982837
52040,32.590061758740845,1200.7999999991898,7548.975048595364
52041,32.590061758740845,1200.8199999991898,7549.016984827887
52042,32.590061758740845,1200.8399999991898,7549.058920680395
52043,32.590061758740845,1200.8599999991898,7549.100856152873
52044,32.590061758740845,1200.8799999991897,7549.142791245309
52045,32.590061758740845,1200.8999999991897,7549.18472595769
52046,32.590061758740845,1200.9199999991897,7549.226660290002
52047,32.590061758740845,1200.9399999991897,7549.268594242232
52048,32.590061758740845,1200.9599999991897,7549.310527814368
52049,32.590061758740845,1200.9799999991897,7549.352461006395
52050,32.590061758740845,1200.9999999991896,7549.394393818302
52051,32.590061758740845,1201.0199999991896,7549.436326250075
52052,32.590061758740845,1201.0399999991896,7549.4782583017
52053,32.590061758740845,1201.0599999991896,7549.5201899731655
52054,32.590061758740845,1201.0799999991896,7549.562121264457
52055,32.590061758740845,1201.0999999991895,7549.604052175563
52056,32.590061758740845,1201.1199999991895,7549.64598270647
52057,32.590061758740845,1201.1399999991895,7549.6879128571645
52058,32.590061758740845,1201.1599999991895,7549.729842627633
52059,32.590061758740845,1201.1799999991895,7549.771772017863
52060,32.590061758740845,1201.1999999991895,7549.813701027842
52061,32.590061758740845,1201.2199999991894,7549.855629657556
52062,32.590061758740845,1201.2399999991894,7549.897557906992
52063,32.590061758740845,1201.2599999991894,7549.939485776137
52064,32.590061758740845,1201.2799999991894,7549.981413264978
52065,32.590061758740845,1201.2999999991894,7550.023340373488
52066,32.590061758740845,1201.3199999991893,7550.065267101567
52067,32.590061758740845,1201.3399999991893,7550.107193449194
52068,32.590061758740845,1201.3599999991893,7550.1491194163555
52069,32.590061758740845,1201.3799999991893,7550.191045003039
52070,32.590061758740845,1201.3999999991893,7550.232970209231
52071,32.590061758740845,1201.4199999991893,7550.274895034919
52072,32.590061758740845,1201.4399999991892,7550.316819480089
52073,32.590061758740845,1201.4599999991892,7550.358743544729
52074,32.590061758740845,1201.4799999991892,7550.40066722917
52075,32.590061758740845,1201.4999999991892,7550.442590534239
52076,32.590061758740845,1201.5199999991892,7550.484513459978
52077,32.590061758740845,1201.5399999991891,7550.526436006375
52078,32.590061758740845,1201.5599999991891,7550.568358173416
52079,32.590061758740845,1201.579999999189,7550.610279961087
52080,32.590061758740845,1201.599999999189,7550.652201369377
52081,32.590061758740845,1201.619999999189,7550.694122398271
52082,32.590061758740845,1201.639999999189,7550.736043047758
52083,32.590061758740845,1201.659999999189,7550.777963317824
52084,32.590061758740845,1201.679999999189,7550.819883208456
52085,32.590061758740845,1201.699999999189,7550.861802719641
52086,32.590061758740845,1201.719999999189,7550.903721851365
52087,32.590061758740845,1201.739999999189,7550.945640603616
52088,32.590061758740845,1201.759999999189,7550.9875589763815
52089,32.590061758740845,1201.779999999189,7551.0294769696475
52090,32.590061758740845,1201.799999999189,7551.071394583401
52091,32.590061758740845,1201.819999999189,7551.113311817629
52092,32.590061758740845,1201.8399999991889,7551.155228672319
52093,32.590061758740845,1201.8599999991889,7551.197145147457
52094,32.590061758740845,1201.8799999991888,7551.239061243032
52095,32.590061758740845,1201.8999999991888,7551.2809769590285
52096,32.590061758740845,1201.9199999991888,7551.322892295435
52097,32.590061758740845,1201.9399999991888,7551.364807252237
52098,32.590061758740845,1201.9599999991888,7551.406721829424
52099,32.590061758740845,1201.9799999991887,7551.448636026981
52100,32.590061758740845,1201.9999999991887,7551.490549844895
52101,32.590061758740845,1202.0199999991887,7551.532463283153
52102,32.590061758740845,1202.0399999991887,7551.574376341743
52103,32.590061758740845,1202.0599999991887,7551.6162890206515
52104,32.590061758740845,1202.0799999991887,7551.658201319865
52105,32.590061758740845,1202.0999999991886,7551.700113239371
52106,32.590061758740845,1202.1199999991886,7551.742024779156
52107,32.590061758740845,1202.1399999991886,7551.783935939207
52108,32.590061758740845,1202.1599999991886,7551.825846719512
52109,32.590061758740845,1202.1799999991886,7551.867757120057
52110,32.590061758740845,1202.1999999991885,7551.909667140829
52111,32.590061758740845,1202.2199999991885,7551.951576781815
52112,32.590061758740845,1202.2399999991885,7551.993486043001
52113,32.590061758740845,1202.2599999991885,7552.035394924376
52114,32.590061758740845,1202.2799999991885,7552.077303425926
52115,32.590061758740845,1202.2999999991885,7552.119211547638
52116,32.590061758740845,1202.3199999991884,7552.161119289499
52117,32.590061758740845,1202.3399999991884,7552.203026651496
52118,32.590061758740845,1202.3599999991884,7552.244933633615
52119,32.590061758740845,1202.3799999991884,7552.2868402358445
52120,32.590061758740845,1202.3999999991884,7552.328746458171
52121,32.590061758740845,1202.4199999991883,7552.37065230058
52122,32.590061758740845,1202.4399999991883,7552.412557763061
52123,32.590061758740845,1202.4599999991883,7552.4544628456
52124,32.590061758740845,1202.4799999991883,7552.496367548183
52125,32.590061758740845,1202.4999999991883,7552.538271871216
52126,32.590061758740845,1202.5199999991883,7552.5801758154685
52127,32.590061758740845,1202.5399999991882,7552.622079380967
52128,32.590061758740845,1202.5599999991882,7552.6639825677
52129,32.590061758740845,1202.5799999991882,7552.705885375654
52130,32.590061758740845,1202.5999999991882,7552.747787804816
52131,32.590061758740845,1202.6199999991882,7552.789689855173
52132,32.590061758740845,1202.6399999991881,7552.831591526711
52133,32.590061758740845,1202.6599999991881,7552.873492819419
52134,32.590061758740845,1202.679999999188,7552.915393733283
52135,32.590061758740845,1202.699999999188,7552.95729426829
52136,32.590061758740845,1202.719999999188,7552.999194424427
52137,32.590061758740845,1202.739999999188,7553.041094201681
52138,32.590061758740845,1202.759999999188,7553.082993600038
52139,32.590061758740845,1202.779999999188,7553.124892619488
52140,32.590061758740845,1202.799999999188,7553.166791260015
52141,32.590061758740845,1202.819999999188,7553.208689521607
52142,32.590061758740845,1202.839999999188,7553.250587404252
52143,32.590061758740845,1202.859999999188,7553.292484907935
52144,32.590061758740845,1202.879999999188,7553.334382032645
52145,32.590061758740845,1202.899999999188,7553.376278778368
52146,32.590061758740845,1202.919999999188,7553.4181751450915
52147,32.590061758740845,1202.9399999991879,7553.460071132802
52148,32.590061758740845,1202.9599999991879,7553.501966741487
52149,32.590061758740845,1202.9799999991878,7553.543861971133
52150,32.590061758740845,1202.9999999991878,7553.585756821727
52151,32.590061758740845,1203.0199999991878,7553.627651293256
52152,32.590061758740845,1203.0399999991878,7553.669545385708
52153,32.590061758740845,1203.0599999991878,7553.711439099069
52154,32.590061758740845,1203.0799999991877,7553.753332433327
52155,32.590061758740845,1203.0999999991877,7553.795225388468
52156,32.590061758740845,1203.1199999991877,7553.837117964479
52157,32.590061758740845,1203.1399999991877,7553.879010161348
52158,32.590061758740845,1203.1599999991877,7553.9209019790615
52159,32.590061758740845,1203.1799999991877,7553.962793417606
52160,32.590061758740845,1203.1999999991876,7554.0046844769695
52161,32.590061758740845,1203.2199999991876,7554.046575157138
52162,32.590061758740845,1203.2399999991876,7554.0884654581
52163,32.590061758740845,1203.2599999991876,7554.130355379841
52164,32.590061758740845,1203.2799999991876,7554.172244922348
52165,32.590061758740845,1203.2999999991875,7554.214134085609
52166,32.590061758740845,1203.3199999991875,7554.25602286961
52167,32.590061758740845,1203.3399999991875,7554.29791127434
52168,32.590061758740845,1203.3599999991875,7554.339799299783
52169,32.590061758740845,1203.3799999991875,7554.381686945929
52170,32.590061758740845,1203.3999999991875,7554.423574212763
52171,32.590061758740845,1203.4199999991874,7554.465461100273
52172,32.590061758740845,1203.4399999991874,7554.507347608446
52173,32.590061758740845,1203.4599999991874,7554.549233737269
52174,32.590061758740845,1203.4799999991874,7554.5911194867285
52175,32.590061758740845,1203.4999999991874,7554.633004856812
52176,32.590061758740845,1203.5199999991873,7554.674889848034
52177,32.590061758740845,1203.5399999991873,7554.716774461159
52178,32.590061758740845,1203.5599999991873,7554.7586586962025
52179,32.590061758740845,1203.5799999991873,7554.800542553152
52180,32.590061758740845,1203.5999999991873,7554.842426031994
52181,32.590061758740845,1203.6199999991873,7554.884309132716
52182,32.590061758740845,1203.6399999991872,7554.926191855305
52183,32.590061758740845,1203.6599999991872,7554.968074199747
52184,32.590061758740845,1203.6799999991872,7555.009956166031
52185,32.590061758740845,1203.6999999991872,7555.051837754143
52186,32.590061758740845,1203.7199999991872,7555.09371896407
52187,32.590061758740845,1203.7399999991871,7555.135599795799
52188,32.590061758740845,1203.7599999991871,7555.177480249317
52189,32.590061758740845,1203.779999999187,7555.219360324612
52190,32.590061758740845,1203.799999999187,7555.26124002167
52191,32.590061758740845,1203.819999999187,7555.3031193404795
52192,32.590061758740845,1203.839999999187,7555.344998281026
52193,32.590061758740845,1203.859999999187,7555.386876843298
52194,32.590061758740845,1203.879999999187,7555.42875502728
52195,32.590061758740845,1203.899999999187,7555.470632832962
52196,32.590061758740845,1203.919999999187,7555.51251026033
52197,32.590061758740845,1203.939999999187,7555.55438730937
52198,32.590061758740845,1203.959999999187,7555.596263980071
52199,32.590061758740845,1203.979999999187,7555.638140272418
52200,32.590061758740845,1203.999999999187,7555.6800161864
52201,32.590061758740845,1204.019999999187,7555.721891722003
52202,32.590061758740845,1204.0399999991869,7555.763766879215
52203,32.590061758740845,1204.0599999991869,7555.805641658021
52204,32.590061758740845,1204.0799999991868,7555.84751605841
52205,32.590061758740845,1204.0999999991868,7555.889390080369
52206,32.590061758740845,1204.1199999991868,7555.931263723884
52207,32.590061758740845,1204.1399999991868,7555.973136988942
52208,32.590061758740845,1204.1599999991868,7556.015009875532
52209,32.590061758740845,1204.1799999991867,7556.056882383639
52210,32.590061758740845,1204.1999999991867,7556.098754513251
52211,32.590061758740845,1204.2199999991867,7556.140626264356
52212,32.590061758740845,1204.2399999991867,7556.182497636939
52213,32.547245669565626,1204.2599999991867,7556.2243686309885
52214,32.547245669565626,1204.2799999991867,7556.266239246491
52215,32.547245669565626,1204.2999999991866,7556.308109483433
52216,32.547245669565626,1204.3199999991866,7556.349979341803
52217,32.547245669565626,1204.3399999991866,7556.391848821588
52218,32.547245669565626,1204.3599999991866,7556.433717922774
52219,32.547245669565626,1204.3799999991866,7556.475586645349
52220,32.547245669565626,1204.3999999991865,7556.517454989299
52221,32.547245669565626,1204.4199999991865,7556.559322954612
52222,32.547245669565626,1204.4399999991865,7556.601190541275
52223,32.547245669565626,1204.4599999991865,7556.643057749275
52224,32.547245669565626,1204.4799999991865,7556.684924578598
52225,32.547245669565626,1204.4999999991865,7556.726791029232
52226,32.547245669565626,1204.5199999991864,7556.7686571011645
52227,32.547245669565626,1204.5399999991864,7556.8105227949045
52228,32.547245669565626,1204.5599999991864,7556.852388111054
52229,32.547245669565626,1204.5799999991864,7556.894253049611
52230,32.547245669565626,1204.5999999991864,7556.936117610562
52231,32.547245669565626,1204.6199999991863,7556.977981793896
52232,32.547245669565626,1204.6399999991863,7557.0198455996
52233,32.547245669565626,1204.6599999991863,7557.06170902766
52234,32.547245669565626,1204.6799999991863,7557.103572078065
52235,32.547245669565626,1204.6999999991863,7557.145434750801
52236,32.547245669565626,1204.7199999991863,7557.187297045856
52237,32.547245669565626,1204.7399999991862,7557.229158963218
52238,32.547245669565626,1204.7599999991862,7557.271020502873
52239,32.547245669565626,1204.7799999991862,7557.31288166481
52240,32.547245669565626,1204.7999999991862,7557.354742449016
52241,32.547245669565626,1204.8199999991862,7557.396602855478
52242,32.547245669565626,1204.8399999991861,7557.438462884183
52243,32.547245669565626,1204.8599999991861,7557.480322535118
52244,32.547245669565626,1204.879999999186,7557.522181808272
52245,32.547245669565626,1204.899999999186,7557.564040703631
52246,32.547245669565626,1204.919999999186,7557.605899221183
52247,32.547245669565626,1204.939999999186,7557.647757360915
52248,32.547245669565626,1204.959999999186,7557.689615122815
52249,32.547245669565626,1204.979999999186,7557.731472506869
52250,32.547245669565626,1204.999999999186,7557.7733295130665
52251,32.547245669565626,1205.019999999186,7557.8151861413935
52252,32.547245669565626,1205.039999999186,7557.857042391837
52253,32.547245669565626,1205.059999999186,7557.898898264386
52254,32.547245669565626,1205.079999999186,7557.940753759026
52255,32.547245669565626,1205.099999999186,7557.982608875745
52256,32.547245669565626,1205.119999999186,7558.024463614532
52257,32.547245669565626,1205.1399999991859,7558.066317975372
52258,32.547245669565626,1205.1599999991859,7558.1081719582535
52259,32.547245669565626,1205.1799999991858,7558.150025563164
52260,32.547245669565626,1205.1999999991858,7558.1918787900895
52261,32.547245669565626,1205.2199999991858,7558.233731639019
52262,32.547245669565626,1205.2399999991858,7558.27558410994
52263,32.547245669565626,1205.2599999991858,7558.3174362028385
52264,32.547245669565626,1205.2799999991857,7558.359287917703
52265,32.547245669565626,1205.2999999991857,7558.401139254521
52266,32.547245669565626,1205.3199999991857,7558.442990213279
52267,32.547245669565626,1205.3399999991857,7558.484840793964
52268,32.547245669565626,1205.3599999991857,7558.526690996565
52269,32.547245669565626,1205.3799999991857,7558.568540821068
52270,32.547245669565626,1205.3999999991856,7558.610390267461
52271,32.547245669565626,1205.4199999991856,7558.652239335732
52272,32.547245669565626,1205.4399999991856,7558.694088025867
52273,32.547245669565626,1205.4599999991856,7558.735936337855
52274,32.547245669565626,1205.4799999991856,7558.777784271681
52275,32.547245669565626,1205.4999999991855,7558.819631827335
52276,32.547245669565626,1205.5199999991855,7558.861479004802
52277,32.547245669565626,1205.5399999991855,7558.9033258040745
52278,32.547245669565626,1205.5599999991855,7558.945172225764
52279,32.547245669565626,1205.5799999991855,7558.987018270451
52280,32.547245669565626,1205.5999999991855,7559.028863938123
52281,32.547245669565626,1205.6199999991854,7559.0707092287685
52282,32.547245669565626,1205.6399999991854,7559.112554142374
52283,32.547245669565626,1205.6599999991854,7559.1543986789275
52284,32.547245669565626,1205.6799999991854,7559.196242838416
52285,32.547245669565626,1205.6999999991854,7559.238086620826
52286,32.547245669565626,1205.7199999991853,7559.279930026146
52287,32.547245669565626,1205.7399999991853,7559.321773054363
52288,32.547245669565626,1205.7599999991853,7559.363615705464
52289,32.547245669565626,1205.7799999991853,7559.405457979438
52290,32.547245669565626,1205.7999999991853,7559.447299876271
52291,32.547245669565626,1205.8199999991853,7559.48914139595
52292,32.547245669565626,1205.8399999991852,7559.530982538464
52293,32.547245669565626,1205.8599999991852,7559.572823303799
52294,32.547245669565626,1205.8799999991852,7559.614663691943
52295,32.547245669565626,1205.8999999991852,7559.656503702883
52296,32.547245669565626,1205.9199999991852,7559.698343336607
52297,32.547245669565626,1205.9399999991851,7559.740182593101
52298,32.547245669565626,1205.9599999991851,7559.782021472354
52299,32.547245669565626,1205.979999999185,7559.823859974353
52300,32.547245669565626,1205.999999999185,7559.8656980990845
52301,32.547245669565626,1206.019999999185,7559.907535846537
52302,32.547245669565626,1206.039999999185,7559.9493732166975
52303,32.547245669565626,1206.059999999185,7559.991210209553
52304,32.547245669565626,1206.079999999185,7560.033046825056
52305,32.547245669565626,1206.099999999185,7560.074883063124
52306,32.547245669565626,1206.119999999185,7560.116718923739
52307,32.547245669565626,1206.139999999185,7560.158554406891
52308,32.547245669565626,1206.159999999185,7560.200389512565
52309,32.547245669565626,1206.179999999185,7560.242224240749
52310,32.547245669565626,1206.199999999185,7560.284058591429
52311,32.547245669565626,1206.219999999185,7560.325892564593
52312,32.547245669565626,1206.2399999991849,7560.367726160228
52313,32.547245669565626,1206.2599999991849,7560.40955937832
52314,32.547245669565626,1206.2799999991848,7560.451392218858
52315,32.547245669565626,1206.2999999991848,7560.493224681827
52316,32.547245669565626,1206.3199999991848,7560.535056767216
52317,32.547245669565626,1206.3399999991848,7560.5768884750105
52318,32.547245669565626,1206.3599999991848,7560.618719805198
52319,32.547245669565626,1206.3799999991847,7560.660550757767
52320,32.547245669565626,1206.3999999991847,7560.702381332702
52321,32.547245669565626,1206.4199999991847,7560.744211529993
52322,32.547245669565626,1206.4399999991847,7560.786041349625
52323,32.547245669565626,1206.4599999991847,7560.827870791585
52324,32.547245669565626,1206.4799999991847,7560.869699855861
52325,32.547245669565626,1206.4999999991846,7560.91152854244
52326,32.547245669565626,1206.5199999991846,7560.953356851308
52327,32.547245669565626,1206.5399999991846,7560.995184782453
52328,32.547245669565626,1206.5599999991846,7561.037012335881
52329,32.547245669565626,1206.5799999991846,7561.078839512261
52330,32.547245669565626,1206.5999999991845,7561.120666312104
52331,32.547245669565626,1206.6199999991845,7561.162492735398
52332,32.547245669565626,1206.6399999991845,7561.204318782129
52333,32.547245669565626,1206.6599999991845,7561.246144452285
52334,32.547245669565626,1206.6799999991845,7561.287969745853
52335,32.547245669565626,1206.6999999991845,7561.32979466282
52336,32.547245669565626,1206.7199999991844,7561.3716192031725
52337,32.547245669565626,1206.7399999991844,7561.413443366898
52338,32.547245669565626,1206.7599999991844,7561.455267153983
52339,32.547245669565626,1206.7799999991844,7561.497090564416
52340,32.547245669565626,1206.7999999991844,7561.538913598183
52341,32.547245669565626,1206.8199999991843,7561.580736255271
52342,32.547245669565626,1206.8399999991843,7561.622558535668
52343,32.547245669565626,1206.8599999991843,7561.66438043936
52344,32.547245669565626,1206.8799999991843,7561.706201966334
52345,32.547245669565626,1206.8999999991843,7561.748023116578
52346,32.547245669565626,1206.9199999991843,7561.789843890079
52347,32.547245669565626,1206.9399999991842,7561.831664286824
52348,32.547245669565626,1206.9599999991842,7561.8734843068
52349,32.547245669565626,1206.9799999991842,7561.915303949992
52350,32.547245669565626,1206.9999999991842,7561.957123216391
52351,32.547245669565626,1207.0199999991842,7561.998942105981
52352,32.547245669565626,1207.0399999991841,7562.04076061875
52353,32.547245669565626,1207.0599999991841,7562.0825787546855
52354,32.547245669565626,1207.079999999184,7562.124396513774
52355,32.547245669565626,1207.099999999184,7562.166213896003
52356,32.547245669565626,1207.119999999184,7562.208030901359
52357,32.547245669565626,1207.139999999184,7562.24984752983
52358,32.547245669565626,1207.159999999184,7562.291663781402
52359,32.547245669565626,1207.179999999184,7562.333479656063
52360,32.547245669565626,1207.199999999184,7562.375295153799
52361,32.547245669565626,1207.219999999184,7562.417110274599
52362,32.547245669565626,1207.239999999184,7562.458925018447
52363,32.547245669565626,1207.259999999184,7562.500739385333
52364,32.547245669565626,1207.279999999184,7562.542553375243
52365,32.547245669565626,1207.299999999184,7562.584366988164
52366,32.547245669565626,1207.319999999184,7562.626180224083
52367,32.547245669565626,1207.3399999991839,7562.667993082988
52368,32.547245669565626,1207.3599999991839,7562.709805564865
52369,32.547245669565626,1207.3799999991838,7562.751617669701
52370,32.547245669565626,1207.3999999991838,7562.793429397483
52371,32.547245669565626,1207.4199999991838,7562.835240748199
52372,32.547245669565626,1207.4399999991838,7562.877051721835
52373,32.547245669565626,1207.4599999991838,7562.91886231838
52374,32.547245669565626,1207.4799999991837,7562.960672537819
52375,32.547245669565626,1207.4999999991837,7563.00248238014
52376,32.547245669565626,1207.5199999991837,7563.044291845329
52377,32.547245669565626,1207.5399999991837,7563.086100933375
52378,32.547245669565626,1207.5599999991837,7563.127909644263
52379,32.547245669565626,1207.5799999991837,7563.169717978014
52380,32.547245669565626,1207.5999999991836,7563.211525935356
52381,32.547245669565626,1207.6199999991836,7563.253333516727
52382,32.547245669565626,1207.6399999991836,7563.295140722114
52383,32.547245669565626,1207.6599999991836,7563.336947551506
52384,32.547245669565626,1207.6799999991836,7563.378754004887
52385,32.547245669565626,1207.6999999991835,7563.420560082246
52386,32.547245669565626,1207.7199999991835,7563.46236578357
52387,32.547245669565626,1207.7399999991835,7563.504171108845
52388,32.547245669565626,1207.7599999991835,7563.54597605806
52389,32.547245669565626,1207.7799999991835,7563.5877806312
52390,32.547245669565626,1207.7999999991835,7563.629584828253
52391,32.547245669565626,1207.8199999991834,7563.671388649207
52392,32.547245669565626,1207.8399999991834,7563.713192094047
52393,32.547245669565626,1207.8599999991834,7563.7549951627625
52394,32.547245669565626,1207.8799999991834,7563.796797855339
52395,32.547245669565626,1207.8999999991834,7563.838600171764
52396,32.547245669565626,1207.9199999991833,7563.880402112024
52397,32.547245669565626,1207.9399999991833,7563.922203676107
52398,32.547245669565626,1207.9599999991833,7563.964004863999
52399,32.547245669565626,1207.9799999991833,7564.005805675689
52400,32.547245669565626,1207.9999999991833,7564.047606111162
52401,32.547245669565626,1208.0199999991833,7564.089406170407
52402,32.547245669565626,1208.0399999991832,7564.131205853409
52403,32.547245669565626,1208.0599999991832,7564.173005160156
52404,32.547245669565626,1208.0799999991832,7564.214804090636
52405,32.547245669565626,1208.0999999991832,7564.256602644835
52406,32.547245669565626,1208.1199999991832,7564.29840082274
52407,32.547245669565626,1208.1399999991831,7564.340198624339
52408,32.547245669565626,1208.1599999991831,7564.3819960496185
52409,32.547245669565626,1208.179999999183,7564.4237930985655
52410,32.547245669565626,1208.199999999183,7564.465589771167
52411,32.547245669565626,1208.219999999183,7564.507386067411
52412,32.547245669565626,1208.239999999183,7564.549181987284
52413,32.547245669565626,1208.259999999183,7564.590977530773
52414,32.547245669565626,1208.279999999183,7564.632772697864
52415,32.547245669565626,1208.299999999183,7564.674567488546
52416,32.547245669565626,1208.319999999183,7564.716361902805
52417,32.547245669565626,1208.339999999183,7564.758155940629
52418,32.547245669565626,1208.359999999183,7564.799949602004
52419,32.547245669565626,1208.379999999183,7564.841742886917
52420,32.547245669565626,1208.399999999183,7564.883535795356
52421,32.547245669565626,1208.419999999183,7564.925328327307
52422,32.547245669565626,1208.4399999991829,7564.967120482759
52423,32.547245669565626,1208.4599999991829,7565.008912261697
52424,32.547245669565626,1208.4799999991828,7565.05070366411
52425,32.547245669565626,1208.4999999991828,7565.092494689984
52426,32.547245669565626,1208.5199999991828,7565.134285339306
52427,32.547245669565626,1208.5399999991828,7565.176075612063
52428,32.547245669565626,1208.5599999991828,7565.2178655082425
52429,32.547245669565626,1208.5799999991827,7565.259655027831
52430,32.547245669565626,1208.5999999991827,7565.301444170865
52431,32.547245669565626,1208.6199999991827,7565.3432329381485
52432,32.547245669565626,1208.6399999991827,7565.3850213300575
52433,32.547245669565626,1208.6599999991827,7565.426809346578
52434,32.547245669565626,1208.6799999991827,7565.468596987697
52435,32.547245669565626,1208.6999999991826,7565.510384253403
52436,32.547245669565626,1208.7199999991826,7565.5521711436795
52437,32.547245669565626,1208.7399999991826,7565.593957658516
52438,32.547245669565626,1208.7599999991826,7565.635743797898
52439,32.547245669565626,1208.7799999991826,7565.677529561812
52440,32.547245669565626,1208.7999999991825,7565.7193149502455
52441,32.547245669565626,1208.8199999991825,7565.761099963184
52442,32.547245669565626,1208.8399999991825,7565.802884600616
52443,32.547245669565626,1208.8599999991825,7565.844668862527
52444,32.547245669565626,1208.8799999991825,7565.886452748904
52445,32.547245669565626,1208.8999999991825,7565.928236259734
52446,32.547245669565626,1208.9199999991824,7565.970019395003
52447,32.547245669565626,1208.9399999991824,7566.011802154699
52448,32.547245669565626,1208.9599999991824,7566.053584538807
52449,32.547245669565626,1208.9799999991824,7566.095366547314
52450,32.547245669565626,1208.9999999991824,7566.137148180209
52451,32.547245669565626,1209.0199999991823,7566.178929437476
52452,32.547245669565626,1209.0399999991823,7566.220710319103
52453,32.547245669565626,1209.0599999991823,7566.262490825076
52454,32.547245669565626,1209.0799999991823,7566.304270955383
52455,32.547245669565626,1209.0999999991823,7566.34605071001
52456,32.547245669565626,1209.1199999991823,7566.387830088944
52457,32.547245669565626,1209.1399999991822,7566.429609092171
52458,32.547245669565626,1209.1599999991822,7566.471387719678
52459,32.547245669565626,1209.1799999991822,7566.5131659714525
52460,32.547245669565626,1209.1999999991822,7566.55494384748
52461,32.547245669565626,1209.2199999991822,7566.596721347748
52462,32.547245669565626,1209.2399999991821,7566.638498472243
52463,32.547245669565626,1209.2599999991821,7566.680275220951
52464,32.547245669565626,1209.279999999182,7566.722051593861
52465,32.547245669565626,1209.299999999182,7566.763827590958
52466,32.547245669565626,1209.319999999182,7566.805603212228
52467,32.547245669565626,1209.339999999182,7566.847378457659
52468,32.547245669565626,1209.359999999182,7566.889153327237
52469,32.547245669565626,1209.379999999182,7566.93092782095
52470,32.547245669565626,1209.399999999182,7566.972701938784
52471,32.547245669565626,1209.419999999182,7567.014475680725
52472,32.547245669565626,1209.439999999182,7567.05624904676
52473,32.547245669565626,1209.459999999182,7567.0980220368765
52474,32.547245669565626,1209.479999999182,7567.139794651061
52475,32.547245669565626,1209.499999999182,7567.1815668893
52476,32.547245669565626,1209.519999999182,7567.22333875158
52477,32.547245669565626,1209.5399999991819,7567.265110237888
52478,32.547245669565626,1209.5599999991819,7567.3068813482105
52479,32.547245669565626,1209.5799999991818,7567.3486520825345
52480,32.504523249703155,1209.5999999991818,7567.390422440847
52481,32.504523249703155,1209.6199999991818,7567.432192423197
52482,32.504523249703155,1209.6399999991818,7567.473962030456
52483,32.504523249703155,1209.6599999991818,7567.515731262928
52484,32.504523249703155,1209.6799999991817,7567.5575001206
52485,32.504523249703155,1209.6999999991817,7567.59926860346
52486,32.504523249703155,1209.7199999991817,7567.641036711495
52487,32.504523249703155,1209.7399999991817,7567.682804444693
52488,32.504523249703155,1209.7599999991817,7567.724571803042
52489,32.504523249703155,1209.7799999991817,7567.766338786529
52490,32.504523249703155,1209.7999999991816,7567.808105395141
52491,32.504523249703155,1209.8199999991816,7567.849871628867
52492,32.504523249703155,1209.8399999991816,7567.8916374876935
52493,32.504523249703155,1209.8599999991816,7567.933402971608
52494,32.504523249703155,1209.8799999991816,7567.975168080599
52495,32.504523249703155,1209.8999999991815,7568.016932814654
52496,32.504523249703155,1209.9199999991815,7568.058697173759
52497,32.504523249703155,1209.9399999991815,7568.100461157904
52498,32.504523249703155,1209.9599999991815,7568.142224767074
52499,32.504523249703155,1209.9799999991815,7568.183988001259
52500,32.504523249703155,1209.9999999991815,7568.225750860445
52501,32.504523249703155,1210.0199999991814,7568.267513344621
52502,32.504523249703155,1210.0399999991814,7568.309275453773
52503,32.504523249703155,1210.0599999991814,7568.351037187889
52504,32.504523249703155,1210.0799999991814,7568.392798546957
52505,32.504523249703155,1210.0999999991814,7568.434559530965
52506,32.504523249703155,1210.1199999991813,7568.4763201399
52507,32.504523249703155,1210.1399999991813,7568.518080373749
52508,32.504523249703155,1210.1599999991813,7568.5598402325
52509,32.504523249703155,1210.1799999991813,7568.601599716141
52510,32.504523249703155,1210.1999999991813,7568.64335882466
52511,32.504523249703155,1210.2199999991813,7568.685117558043
52512,32.504523249703155,1210.2399999991812,7568.726875916279
52513,32.504523249703155,1210.2599999991812,7568.768633899355
52514,32.504523249703155,1210.2799999991812,7568.810391507259
52515,32.504523249703155,1210.2999999991812,7568.852148739978
52516,32.504523249703155,1210.3199999991812,7568.8939055975
52517,32.504523249703155,1210.3399999991811,7568.935662079812
52518,32.504523249703155,1210.3599999991811,7568.977418186902
52519,32.504523249703155,1210.379999999181,7569.019173918758
52520,32.504523249703155,1210.399999999181,7569.060929275367
52521,32.504523249703155,1210.419999999181,7569.102684256717
52522,32.504523249703155,1210.439999999181,7569.144438862795
52523,32.504523249703155,1210.459999999181,7569.186193093589
52524,32.504523249703155,1210.479999999181,7569.227946949087
52525,32.504523249703155,1210.499999999181,7569.269700429276
52526,32.504523249703155,1210.519999999181,7569.311453534143
52527,32.504523249703155,1210.539999999181,7569.353206263677
52528,32.504523249703155,1210.559999999181,7569.394958617864
52529,32.504523249703155,1210.579999999181,7569.436710596693
52530,32.504523249703155,1210.599999999181,7569.478462200151
52531,32.504523249703155,1210.619999999181,7569.520213428225
52532,32.504523249703155,1210.6399999991809,7569.561964280973
52533,32.504523249703155,1210.6599999991809,7569.603714759224
52534,32.504523249703155,1210.6799999991808,7569.645464863181
52535,32.504523249703155,1210.6999999991808,7569.68721459283
52536,32.504523249703155,1210.7199999991808,7569.728963948159
52537,32.504523249703155,1210.7399999991808,7569.770712929155
52538,32.504523249703155,1210.7599999991808,7569.812461535806
52539,32.504523249703155,1210.7799999991807,7569.8542097680975
52540,32.504523249703155,1210.7999999991807,7569.895957626019
52541,32.504523249703155,1210.8199999991807,7569.937705109556
52542,32.504523249703155,1210.8399999991807,7569.979452218697
52543,32.504523249703155,1210.8599999991807,7570.021198953417
52544,32.504523249703155,1210.8799999991807,7570.062945313603
52545,32.504523249703155,1210.8999999991806,7570.104691299232
52546,32.504523249703155,1210.9199999991806,7570.146436910292
52547,32.504523249703155,1210.9399999991806,7570.1881821467705
52548,32.504523249703155,1210.9599999991806,7570.229927008654
52549,32.504523249703155,1210.9799999991806,7570.2716714959315
52550,32.504523249703155,1210.9999999991805,7570.31341560859
52551,32.504523249703155,1211.0199999991805,7570.355159346616
52552,32.504523249703155,1211.0399999991805,7570.396902709999
52553,32.504523249703155,1211.0599999991805,7570.438645698725
52554,32.504523249703155,1211.0799999991805,7570.480388312782
52555,32.504523249703155,1211.0999999991805,7570.522130552158
52556,32.504523249703155,1211.1199999991804,7570.56387241684
52557,32.504523249703155,1211.1399999991804,7570.605613906816
52558,32.504523249703155,1211.1599999991804,7570.6473550220735
52559,32.504523249703155,1211.1799999991804,7570.6890957626
52560,32.504523249703155,1211.1999999991804,7570.730836128383
52561,32.504523249703155,1211.2199999991803,7570.77257611941
52562,32.504523249703155,1211.2399999991803,7570.814315735668
52563,32.504523249703155,1211.2599999991803,7570.8560549771455
52564,32.504523249703155,1211.2799999991803,7570.897793843829
52565,32.504523249703155,1211.2999999991803,7570.939532335708
52566,32.504523249703155,1211.3199999991803,7570.981270452768
52567,32.504523249703155,1211.3399999991802,7571.023008194998
52568,32.504523249703155,1211.3599999991802,7571.064745562384
52569,32.504523249703155,1211.3799999991802,7571.106482554915
52570,32.504523249703155,1211.3999999991802,7571.148219172578
52571,32.504523249703155,1211.4199999991802,7571.189955415361
52572,32.504523249703155,1211.4399999991801,7571.23169128325
52573,32.504523249703155,1211.4599999991801,7571.273426776234
52574,32.504523249703155,1211.47999999918,7571.315161894301
52575,32.504523249703155,1211.49999999918,7571.356896637438
52576,32.504523249703155,1211.51999999918,7571.398631005632
52577,32.504523249703155,1211.53999999918,7571.440364998871
52578,32.504523249703155,1211.55999999918,7571.482098617143
52579,32.504523249703155,1211.57999999918,7571.523831860434
52580,32.504523249703155,1211.59999999918,7571.565564728733
52581,32.504523249703155,1211.61999999918,7571.607297222027
52582,32.504523249703155,1211.63999999918,7571.649029340304
52583,32.504523249703155,1211.65999999918,7571.690761083641
52584,32.504523249703155,1211.67999999918,7571.732492452985
52585,32.504523249703155,1211.69999999918,7571.774223448484
52586,32.504523249703155,1211.71999999918,7571.815954070126
52587,32.504523249703155,1211.7399999991799,7571.857684317899
52588,32.504523249703155,1211.7599999991799,7571.89941419179
52589,32.504523249703155,1211.7799999991798,7571.941143691787
52590,32.504523249703155,1211.7999999991798,7571.982872817877
52591,32.504523249703155,1211.8199999991798,7572.024601570049
52592,32.504523249703155,1211.8399999991798,7572.0663299482885
52593,32.504523249703155,1211.8599999991798,7572.108057952584
52594,32.504523249703155,1211.8799999991797,7572.149785582924
52595,32.504523249703155,1211.8999999991797,7572.191512839295
52596,32.504523249703155,1211.9199999991797,7572.233239721684
52597,32.504523249703155,1211.9399999991797,7572.27496623008
52598,32.504523249703155,1211.9599999991797,7572.31669236447
52599,32.504523249703155,1211.9799999991797,7572.3584181248425
52600,32.504523249703155,1211.9999999991796,7572.400143511183
52601,32.504523249703155,1212.0199999991796,7572.441868523481
52602,32.504523249703155,1212.0399999991796,7572.483593161724
52603,32.504523249703155,1212.0599999991796,7572.525317425898
52604,32.504523249703155,1212.0799999991796,7572.567041315991
52605,32.504523249703155,1212.0999999991795,7572.608764831993
52606,32.504523249703155,1212.1199999991795,7572.650487973889
52607,32.504523249703155,1212.1399999991795,7572.692210741667
52608,32.504523249703155,1212.1599999991795,7572.733933135315
52609,32.504523249703155,1212.1799999991795,7572.775655154821
52610,32.504523249703155,1212.1999999991795,7572.817376800172
52611,32.504523249703155,1212.2199999991794,7572.859098071355
52612,32.504523249703155,1212.2399999991794,7572.900818968359
52613,32.504523249703155,1212.2599999991794,7572.942539491171
52614,32.504523249703155,1212.2799999991794,7572.984259639778
52615,32.504523249703155,1212.2999999991794,7573.025979414169
52616,32.504523249703155,1212.3199999991793,7573.0676988143305
52617,32.504523249703155,1212.3399999991793,7573.10941784025
52618,32.504523249703155,1212.3599999991793,7573.151136491915
52619,32.504523249703155,1212.3799999991793,7573.192854769314
52620,32.504523249703155,1212.3999999991793,7573.234572672434
52621,32.504523249703155,1212.4199999991793,7573.276290201263
52622,32.504523249703155,1212.4399999991792,7573.318007355788
52623,32.504523249703155,1212.4599999991792,7573.359724135997
52624,32.504523249703155,1212.4799999991792,7573.401440541877
52625,32.504523249703155,1212.4999999991792,7573.443156573416
52626,32.504523249703155,1212.5199999991792,7573.4848722306015
52627,32.504523249703155,1212.5399999991791,7573.526587513422
52628,32.504523249703155,1212.5599999991791,7573.568302421863
52629,32.504523249703155,1212.579999999179,7573.610016955915
52630,32.504523249703155,1212.599999999179,7573.651731115563
52631,32.504523249703155,1212.619999999179,7573.693444900796
52632,32.504523249703155,1212.639999999179,7573.735158311601
52633,32.504523249703155,1212.659999999179,7573.776871347965
52634,32.504523249703155,1212.679999999179,7573.81858400999
52635,32.504523249703155,1212.699999999179,7573.860296298662
52636,32.504523249703155,1212.719999999179,7573.902008214069
52637,32.504523249703155,1212.739999999179,7573.943719756196
52638,32.504523249703155,1212.759999999179,7573.985430925031
52639,32.504523249703155,1212.779999999179,7574.027141720563
52640,32.504523249703155,1212.799999999179,7574.068852142779
52641,32.504523249703155,1212.819999999179,7574.110562191667
52642,32.504523249703155,1212.8399999991789,7574.152271867213
52643,32.504523249703155,1212.8599999991789,7574.1939811694065
52644,32.504523249703155,1212.8799999991788,7574.235690098234
52645,32.504523249703155,1212.8999999991788,7574.277398653683
52646,32.504523249703155,1212.9199999991788,7574.319106835742
52647,32.504523249703155,1212.9399999991788,7574.360814644398
52648,32.504523249703155,1212.9599999991788,7574.402522079638
52649,32.504523249703155,1212.9799999991787,7574.444229141452
52650,32.504523249703155,1212.9999999991787,7574.4859358298245
52651,32.504523249703155,1213.0199999991787,7574.527642144745
52652,32.504523249703155,1213.0399999991787,7574.5693480862
52653,32.504523249703155,1213.0599999991787,7574.611053654178
52654,32.504523249703155,1213.0799999991787,7574.652758848666
52655,32.504523249703155,1213.0999999991786,7574.694463669652
52656,32.504523249703155,1213.1199999991786,7574.736168117123
52657,32.504523249703155,1213.1399999991786,7574.777872191068
52658,32.504523249703155,1213.1599999991786,7574.8195758914735
52659,32.504523249703155,1213.1799999991786,7574.861279218327
52660,32.504523249703155,1213.1999999991785,7574.902982171616
52661,32.504523249703155,1213.2199999991785,7574.944684751328
52662,32.504523249703155,1213.2399999991785,7574.986386957452
52663,32.504523249703155,1213.2599999991785,7575.028088789974
52664,32.504523249703155,1213.2799999991785,7575.069790248883
52665,32.504523249703155,1213.2999999991785,7575.111491334164
52666,32.504523249703155,1213.3199999991784,7575.153192045807
52667,32.504523249703155,1213.3399999991784,7575.1948923838
52668,32.504523249703155,1213.3599999991784,7575.236592348129
52669,32.504523249703155,1213.3799999991784,7575.278291938783
52670,32.504523249703155,1213.3999999991784,7575.319991155748
52671,32.504523249703155,1213.4199999991783,7575.361689999012
52672,32.504523249703155,1213.4399999991783,7575.403388468563
52673,32.504523249703155,1213.4599999991783,7575.445086564389
52674,32.504523249703155,1213.4799999991783,7575.486784286477
52675,32.504523249703155,1213.4999999991783,7575.528481634815
52676,32.504523249703155,1213.5199999991783,7575.57017860939
52677,32.504523249703155,1213.5399999991782,7575.611875210189
52678,32.504523249703155,1213.5599999991782,7575.653571437202
52679,32.504523249703155,1213.5799999991782,7575.695267290414
52680,32.504523249703155,1213.5999999991782,7575.736962769814
52681,32.504523249703155,1213.6199999991782,7575.77865787539
52682,32.504523249703155,1213.6399999991781,7575.820352607129
52683,32.504523249703155,1213.6599999991781,7575.862046965019
52684,32.504523249703155,1213.679999999178,7575.903740949046
52685,32.504523249703155,1213.699999999178,7575.945434559383
52686,32.504523249703155,1213.719999999178,7575.98712779696
52687,32.504523249703155,1213.739999999178,7576.028820661848
52688,32.504523249703155,1213.759999999178,7576.070513154035
52689,32.504523249703155,1213.779999999178,7576.112205273509
52690,32.504523249703155,1213.799999999178,7576.153897020256
52691,32.504523249703155,1213.819999999178,7576.1955883942655
52692,32.504523249703155,1213.839999999178,7576.237279395524
52693,32.504523249703155,1213.859999999178,7576.278970024019
52694,32.504523249703155,1213.879999999178,7576.320660279739
52695,32.504523249703155,1213.899999999178,7576.362350162671
52696,32.504523249703155,1213.919999999178,7576.404039672801
52697,32.504523249703155,1213.9399999991779,7576.445728810119
52698,32.504523249703155,1213.9599999991779,7576.487417574612
52699,32.504523249703155,1213.9799999991778,7576.529105966267
52700,32.504523249703155,1213.9999999991778,7576.570793985072
52701,32.504523249703155,1214.0199999991778,7576.612481631014
52702,32.504523249703155,1214.0399999991778,7576.6541689040805
52703,32.504523249703155,1214.0599999991778,7576.69585580426
52704,32.504523249703155,1214.0799999991777,7576.737542331539
52705,32.504523249703155,1214.0999999991777,7576.779228485906
52706,32.504523249703155,1214.1199999991777,7576.820914267348
52707,32.504523249703155,1214.1399999991777,7576.862599675853
52708,32.504523249703155,1214.1599999991777,7576.904284711408
52709,32.504523249703155,1214.1799999991777,7576.945969374001
52710,32.504523249703155,1214.1999999991776,7576.987653663619
52711,32.504523249703155,1214.2199999991776,7577.02933758025
52712,32.504523249703155,1214.2399999991776,7577.071021123882
52713,32.504523249703155,1214.2599999991776,7577.112704294502
52714,32.504523249703155,1214.2799999991776,7577.154387092098
52715,32.504523249703155,1214.2999999991775,7577.196069516657
52716,32.504523249703155,1214.3199999991775,7577.237751568167
52717,32.504523249703155,1214.3399999991775,7577.279433246616
52718,32.504523249703155,1214.3599999991775,7577.32111455199
52719,32.504523249703155,1214.3799999991775,7577.362795484278
52720,32.504523249703155,1214.3999999991775,7577.404476043467
52721,32.504523249703155,1214.4199999991774,7577.4461562295455
52722,32.504523249703155,1214.4399999991774,7577.4878360425
52723,32.504523249703155,1214.4599999991774,7577.529515482318
52724,32.504523249703155,1214.4799999991774,7577.5711945489875
52725,32.504523249703155,1214.4999999991774,7577.612873242496
52726,32.504523249703155,1214.5199999991773,7577.654551562831
52727,32.504523249703155,1214.5399999991773,7577.69622950998
52728,32.504523249703155,1214.5599999991773,7577.737907083931
52729,32.504523249703155,1214.5799999991773,7577.779584284671
52730,32.504523249703155,1214.5999999991773,7577.821261112188
52731,32.504523249703155,1214.6199999991773,7577.86293756647
52732,32.504523249703155,1214.6399999991772,7577.904613647503
52733,32.504523249703155,1214.6599999991772,7577.946289355275
52734,32.504523249703155,1214.6799999991772,7577.987964689775
52735,32.504523249703155,1214.6999999991772,7578.02963965099
52736,32.504523249703155,1214.7199999991772,7578.07131423918
52737,32.504523249703155,1214.7399999991771,7578.112988455272
52738,32.504523249703155,1214.7599999991771,7578.154662299329
52739,32.504523249703155,1214.779999999177,7578.196335771339
52740,32.504523249703155,1214.799999999177,7578.23800887129
52741,32.504523249703155,1214.819999999177,7578.279681599168
52742,32.504523249703155,1214.839999999177,7578.321353954961
52743,32.504523249703155,1214.859999999177,7578.3630259386555
52744,32.504523249703155,1214.879999999177,7578.40469755024
52745,32.504523249703155,1214.899999999177,7578.446368789701
52746,32.504523249703155,1214.919999999177,7578.488039657027
52747,32.504523249703155,1214.939999999177,7578.529710152205
52748,32.46189421251406,1214.959999999177,7578.571380275222
52749,32.46189421251406,1214.979999999177,7578.613050026065
52750,32.46189421251406,1214.999999999177,7578.6547194047225
52751,32.46189421251406,1215.019999999177,7578.696388411182
52752,32.46189421251406,1215.0399999991769,7578.73805704543
52753,32.46189421251406,1215.0599999991769,7578.779725307454
52754,32.46189421251406,1215.0799999991768,7578.821393197242
52755,32.46189421251406,1215.0999999991768,7578.863060714782
52756,32.46189421251406,1215.1199999991768,7578.904727860059
52757,32.46189421251406,1215.1399999991768,7578.9463946330625
52758,32.46189421251406,1215.1599999991768,7578.98806103378
52759,32.46189421251406,1215.1799999991767,7579.029727062197
52760,32.46189421251406,1215.1999999991767,7579.071392718302
52761,32.46189421251406,1215.2199999991767,7579.113058002084
52762,32.46189421251406,1215.2399999991767,7579.154722913528
52763,32.46189421251406,1215.2599999991767,7579.196387452622
52764,32.46189421251406,1215.2799999991767,7579.238051619354
52765,32.46189421251406,1215.2999999991766,7579.2797154137115
52766,32.46189421251406,1215.3199999991766,7579.321378835682
52767,32.46189421251406,1215.3399999991766,7579.363041885252
52768,32.46189421251406,1215.3599999991766,7579.404704562409
52769,32.46189421251406,1215.3799999991766,7579.4463668671415
52770,32.46189421251406,1215.3999999991765,7579.488028799436
52771,32.46189421251406,1215.4199999991765,7579.52969035928
52772,32.46189421251406,1215.4399999991765,7579.5713515466605
52773,32.46189421251406,1215.4599999991765,7579.613012361566
52774,32.46189421251406,1215.4799999991765,7579.654672803983
52775,32.46189421251406,1215.4999999991765,7579.696332873899
52776,32.46189421251406,1215.5199999991764,7579.737992571302
52777,32.46189421251406,1215.5399999991764,7579.779651896179
52778,32.46189421251406,1215.5599999991764,7579.821310848517
52779,32.46189421251406,1215.5799999991764,7579.8629694283045
52780,32.46189421251406,1215.5999999991764,7579.9046276355275
52781,32.46189421251406,1215.6199999991763,7579.946285470174
52782,32.46189421251406,1215.6399999991763,7579.987942932232
52783,32.46189421251406,1215.6599999991763,7580.029600021654
52784,32.46189421251406,1215.6799999991763,7580.071256738336
52785,32.46189421251406,1215.6999999991763,7580.112913082258
52786,32.46189421251406,1215.7199999991763,7580.1545690534085
52787,32.46189421251406,1215.7399999991762,7580.196224652068
52788,32.46189421251406,1215.7599999991762,7580.23787987897
52789,32.46189421251406,1215.7799999991762,7580.279534734151
52790,32.46189421251406,1215.7999999991762,7580.321189217599
52791,32.46189421251406,1215.8199999991762,7580.3628433293015
52792,32.46189421251406,1215.8399999991761,7580.404497069246
52793,32.46189421251406,1215.8599999991761,7580.446150437419
52794,32.46189421251406,1215.879999999176,7580.487803433809
52795,32.46189421251406,1215.899999999176,7580.5294560584025
52796,32.46189421251406,1215.919999999176,7580.571108311186
52797,32.46189421251406,1215.939999999176,7580.612760192149
52798,32.46189421251406,1215.959999999176,7580.654411701277
52799,32.46189421251406,1215.979999999176,7580.696062838559
52800,32.46189421251406,1215.999999999176,7580.7377136039795
52801,32.46189421251406,1216.019999999176,7580.779363997528
52802,32.46189421251406,1216.039999999176,7580.821014019191
52803,32.46189421251406,1216.059999999176,7580.862663668957
52804,32.46189421251406,1216.079999999176,7580.904312946812
52805,32.46189421251406,1216.099999999176,7580.9459618527435
52806,32.46189421251406,1216.119999999176,7580.98761038674
52807,32.46189421251406,1216.1399999991759,7581.029258548788
52808,32.46189421251406,1216.1599999991759,7581.070906338874
52809,32.46189421251406,1216.1799999991758,7581.112553756986
52810,32.46189421251406,1216.1999999991758,7581.154200803112
52811,32.46189421251406,1216.2199999991758,7581.195847477238
52812,32.46189421251406,1216.2399999991758,7581.237493779353
52813,32.46189421251406,1216.2599999991758,7581.2791397094425
52814,32.46189421251406,1216.2799999991757,7581.320785267495
52815,32.46189421251406,1216.2999999991757,7581.362430453497
52816,32.46189421251406,1216.3199999991757,7581.404075267436
52817,32.46189421251406,1216.3399999991757,7581.445719709301
52818,32.46189421251406,1216.3599999991757,7581.487363779077
52819,32.46189421251406,1216.3799999991757,7581.529007476752
52820,32.46189421251406,1216.3999999991756,7581.570650802313
52821,32.46189421251406,1216.4199999991756,7581.612293755748
52822,32.46189421251406,1216.4399999991756,7581.653936337045
52823,32.46189421251406,1216.4599999991756,7581.69557854619
52824,32.46189421251406,1216.4799999991756,7581.73722038317
52825,32.46189421251406,1216.4999999991755,7581.778861847974
52826,32.46189421251406,1216.5199999991755,7581.820502940589
52827,32.46189421251406,1216.5399999991755,7581.862143661001
52828,32.46189421251406,1216.5599999991755,7581.903784009198
52829,32.46189421251406,1216.5799999991755,7581.9454239851675
52830,32.46189421251406,1216.5999999991755,7581.9870635888965
52831,32.46189421251406,1216.6199999991754,7582.028702820373
52832,32.46189421251406,1216.6399999991754,7582.070341679583
52833,32.46189421251406,1216.6599999991754,7582.111980166515
52834,32.46189421251406,1216.6799999991754,7582.153618281156
52835,32.46189421251406,1216.6999999991754,7582.195256023493
52836,32.46189421251406,1216.7199999991753,7582.236893393514
52837,32.46189421251406,1216.7399999991753,7582.278530391206
52838,32.46189421251406,1216.7599999991753,7582.320167016947
52839,32.46189421251406,1216.7799999991753,7582.361803271485
52840,32.46189421251406,1216.7999999991753,7582.403439154846
52841,32.46189421251406,1216.8199999991753,7582.445074667017
52842,32.46189421251406,1216.8399999991752,7582.486709807987
52843,32.46189421251406,1216.8599999991752,7582.528344577742
52844,32.46189421251406,1216.8799999991752,7582.569978976271
52845,32.46189421251406,1216.8999999991752,7582.61161300356
52846,32.46189421251406,1216.9199999991752,7582.653246659596
52847,32.46189421251406,1216.9399999991751,7582.694879944368
52848,32.46189421251406,1216.9599999991751,7582.736512857862
52849,32.46189421251406,1216.979999999175,7582.778145400066
52850,32.46189421251406,1216.999999999175,7582.819777570968
52851,32.46189421251406,1217.019999999175,7582.861409370554
52852,32.46189421251406,1217.039999999175,7582.903040798812
52853,32.46189421251406,1217.059999999175,7582.94467185573
52854,32.46189421251406,1217.079999999175,7582.986302541295
52855,32.46189421251406,1217.099999999175,7583.027932855494
52856,32.46189421251406,1217.119999999175,7583.069562798315
52857,32.46189421251406,1217.139999999175,7583.1111923697445
52858,32.46189421251406,1217.159999999175,7583.15282156977
52859,32.46189421251406,1217.179999999175,7583.19445039838
52860,32.46189421251406,1217.199999999175,7583.23607885556
52861,32.46189421251406,1217.219999999175,7583.277706941299
52862,32.46189421251406,1217.2399999991749,7583.319334655584
52863,32.46189421251406,1217.2599999991749,7583.360961998402
52864,32.46189421251406,1217.2799999991748,7583.4025889697405
52865,32.46189421251406,1217.2999999991748,7583.444215569587
52866,32.46189421251406,1217.3199999991748,7583.485841797929
52867,32.46189421251406,1217.3399999991748,7583.527467654754
52868,32.46189421251406,1217.3599999991748,7583.5690931400495
52869,32.46189421251406,1217.3799999991747,7583.610718253803
52870,32.46189421251406,1217.3999999991747,7583.652342996
52871,32.46189421251406,1217.4199999991747,7583.693967366629
52872,32.46189421251406,1217.4399999991747,7583.735591365679
52873,32.46189421251406,1217.4599999991747,7583.777214993136
52874,32.46189421251406,1217.4799999991747,7583.818838248987
52875,32.46189421251406,1217.4999999991746,7583.86046113322
52876,32.46189421251406,1217.5199999991746,7583.902083645822
52877,32.46189421251406,1217.5399999991746,7583.943705786781
52878,32.46189421251406,1217.5599999991746,7583.985327556084
52879,32.46189421251406,1217.5799999991746,7584.026948953718
52880,32.46189421251406,1217.5999999991745,7584.06856997967
52881,32.46189421251406,1217.6199999991745,7584.110190633929
52882,32.46189421251406,1217.6399999991745,7584.151810916482
52883,32.46189421251406,1217.6599999991745,7584.193430827315
52884,32.46189421251406,1217.6799999991745,7584.2350503664165
52885,32.46189421251406,1217.6999999991745,7584.276669533774
52886,32.46189421251406,1217.7199999991744,7584.318288329375
52887,32.46189421251406,1217.7399999991744,7584.359906753206
52888,32.46189421251406,1217.7599999991744,7584.401524805255
52889,32.46189421251406,1217.7799999991744,7584.443142485971
52890,32.46189421251406,1217.7999999991744,7584.484759796048
52891,32.46189421251406,1217.8199999991743,7584.526376735498
52892,32.46189421251406,1217.8399999991743,7584.56799330431
52893,32.46189421251406,1217.8599999991743,7584.60960950247
52894,32.46189421251406,1217.8799999991743,7584.651225329967
52895,32.46189421251406,1217.8999999991743,7584.692840786787
52896,32.46189421251406,1217.9199999991743,7584.734455872918
52897,32.46189421251406,1217.9399999991742,7584.7760705883475
52898,32.46189421251406,1217.9599999991742,7584.817684933063
52899,32.46189421251406,1217.9799999991742,7584.859298907051
52900,32.46189421251406,1217.9999999991742,7584.9009125103
52901,32.46189421251406,1218.0199999991742,7584.942525742797
52902,32.46189421251406,1218.0399999991741,7584.98413860453
52903,32.46189421251406,1218.0599999991741,7585.025751095486
52904,32.46189421251406,1218.079999999174,7585.067363215652
52905,32.46189421251406,1218.099999999174,7585.108974965016
52906,32.46189421251406,1218.119999999174,7585.150586343566
52907,32.46189421251406,1218.139999999174,7585.192197351288
52908,32.46189421251406,1218.159999999174,7585.233807988171
52909,32.46189421251406,1218.179999999174,7585.275418254201
52910,32.46189421251406,1218.199999999174,7585.317028149367
52911,32.46189421251406,1218.219999999174,7585.358637673655
52912,32.46189421251406,1218.239999999174,7585.400246827053
52913,32.46189421251406,1218.259999999174,7585.441855609548
52914,32.46189421251406,1218.279999999174,7585.483464021128
52915,32.46189421251406,1218.299999999174,7585.5250720617805
52916,32.46189421251406,1218.319999999174,7585.5666797314925
52917,32.46189421251406,1218.3399999991739,7585.608287030252
52918,32.46189421251406,1218.3599999991739,7585.649893958045
52919,32.46189421251406,1218.3799999991738,7585.691500514861
52920,32.46189421251406,1218.3999999991738,7585.733106700686
52921,32.46189421251406,1218.4199999991738,7585.774712515508
52922,32.46189421251406,1218.4399999991738,7585.816317959315
52923,32.46189421251406,1218.4599999991738,7585.857923032093
52924,32.46189421251406,1218.4799999991737,7585.899527733831
52925,32.46189421251406,1218.4999999991737,7585.941132064515
52926,32.46189421251406,1218.5199999991737,7585.982736024133
52927,32.46189421251406,1218.5399999991737,7586.024339612673
52928,32.46189421251406,1218.5599999991737,7586.065942830122
52929,32.46189421251406,1218.5799999991737,7586.107545676467
52930,32.46189421251406,1218.5999999991736,7586.149148151697
52931,32.46189421251406,1218.6199999991736,7586.190750255797
52932,32.46189421251406,1218.6399999991736,7586.232351988756
52933,32.46189421251406,1218.6599999991736,7586.273953350561
52934,32.46189421251406,1218.6799999991736,7586.3155543412
52935,32.46189421251406,1218.6999999991735,7586.35715496066
52936,32.46189421251406,1218.7199999991735,7586.398755208929
52937,32.46189421251406,1218.7399999991735,7586.440355085993
52938,32.46189421251406,1218.7599999991735,7586.481954591842
52939,32.46189421251406,1218.7799999991735,7586.523553726461
52940,32.46189421251406,1218.7999999991735,7586.565152490372
52941,32.46189421251406,1218.8199999991734,7586.606750884213
52942,32.46189421251406,1218.8399999991734,7586.648348907985
52943,32.46189421251406,1218.8599999991734,7586.6899465616725
52944,32.46189421251406,1218.8799999991734,7586.731543845265
52945,32.46189421251406,1218.8999999991734,7586.77314075875
52946,32.46189421251406,1218.9199999991733,7586.814737302114
52947,32.46189421251406,1218.9399999991733,7586.856333475345
52948,32.46189421251406,1218.9599999991733,7586.897929278432
52949,32.46189421251406,1218.9799999991733,7586.93952471136
52950,32.46189421251406,1218.9999999991733,7586.981119774117
52951,32.46189421251406,1219.0199999991733,7587.022714466692
52952,32.46189421251406,1219.0399999991732,7587.064308789071
52953,32.46189421251406,1219.0599999991732,7587.105902741242
52954,32.46189421251406,1219.0799999991732,7587.147496323192
52955,32.46189421251406,1219.0999999991732,7587.18908953491
52956,32.46189421251406,1219.1199999991732,7587.230682376382
52957,32.46189421251406,1219.1399999991731,7587.272274847596
52958,32.46189421251406,1219.1599999991731,7587.31386694854
52959,32.46189421251406,1219.179999999173,7587.3554586792
52960,32.46189421251406,1219.199999999173,7587.397050039564
52961,32.46189421251406,1219.219999999173,7587.438641029621
52962,32.46189421251406,1219.239999999173,7587.480231649357
52963,32.46189421251406,1219.259999999173,7587.521821898759
52964,32.46189421251406,1219.279999999173,7587.563411777816
52965,32.46189421251406,1219.299999999173,7587.605001286515
52966,32.46189421251406,1219.319999999173,7587.646590424843
52967,32.46189421251406,1219.339999999173,7587.688179192788
52968,32.46189421251406,1219.359999999173,7587.729767590337
52969,32.46189421251406,1219.379999999173,7587.771355617479
52970,32.46189421251406,1219.399999999173,7587.812943274199
52971,32.46189421251406,1219.419999999173,7587.854530560486
52972,32.46189421251406,1219.4399999991729,7587.896117476327
52973,32.46189421251406,1219.4599999991729,7587.93770402171
52974,32.46189421251406,1219.4799999991728,7587.979290196621
52975,32.46189421251406,1219.4999999991728,7588.02087600105
52976,32.46189421251406,1219.5199999991728,7588.062461434983
52977,32.46189421251406,1219.5399999991728,7588.104046498407
52978,32.46189421251406,1219.5599999991728,7588.145631191311
52979,32.46189421251406,1219.5799999991727,7588.187215513681
52980,32.46189421251406,1219.5999999991727,7588.228799465505
52981,32.46189421251406,1219.6199999991727,7588.270383046771
52982,32.46189421251406,1219.6399999991727,7588.311966257465
52983,32.46189421251406,1219.6599999991727,7588.353549097577
52984,32.46189421251406,1219.6799999991727,7588.395131567093
52985,32.46189421251406,1219.6999999991726,7588.436713666
52986,32.46189421251406,1219.7199999991726,7588.478295394287
52987,32.46189421251406,1219.7399999991726,7588.51987675194
52988,32.46189421251406,1219.7599999991726,7588.561457738946
52989,32.46189421251406,1219.7799999991726,7588.603038355294
52990,32.46189421251406,1219.7999999991725,7588.644618600973
52991,32.46189421251406,1219.8199999991725,7588.686198476621
52992,32.46189421251406,1219.8399999991725,7588.727777982861
52993,32.46189421251406,1219.8599999991725,7588.769357119681
52994,32.46189421251406,1219.8799999991725,7588.81093588707
52995,32.46189421251406,1219.8999999991725,7588.852514285013
52996,32.46189421251406,1219.9199999991724,7588.894092313499
52997,32.46189421251406,1219.9399999991724,7588.935669972515
52998,32.46189421251406,1219.9599999991724,7588.977247262049
52999,32.46189421251406,1219.9799999991724,7589.018824182088
53000,32.46189421251406,1219.9999999991724,7589.06040073262
53001,32.46189421251406,1220.0199999991723,7589.101976913632
53002,32.46189421251406,1220.0399999991723,7589.143552725112
53003,32.46189421251406,1220.0599999991723,7589.185128167048
53004,32.46189421251406,1220.0799999991723,7589.226703239426
53005,32.46189421251406,1220.0999999991723,7589.268277942234
53006,32.46189421251406,1220.1199999991723,7589.30985227546
53007,32.46189421251406,1220.1399999991722,7589.351426239092
53008,32.46189421251406,1220.1599999991722,7589.392999833117
53009,32.46189421251406,1220.1799999991722,7589.434573057522
53010,32.46189421251406,1220.1999999991722,7589.476145912296
53011,32.46189421251406,1220.2199999991722,7589.517718397424
53012,32.46189421251406,1220.2399999991721,7589.559290512895
53013,32.46189421251406,1220.2599999991721,7589.600862258697
53014,32.46189421251406,1220.279999999172,7589.642433634816
53015,32.46189421251406,1220.299999999172,7589.684004641242
53016,32.46189421251406,1220.319999999172,7589.72557527796
53017,32.4193582724858,1220.339999999172,7589.767145544959
53018,32.4193582724858,1220.359999999172,7589.808715442226
53019,32.4193582724858,1220.379999999172,7589.850284969748
53020,32.4193582724858,1220.399999999172,7589.891854127513
53021,32.4193582724858,1220.419999999172,7589.933422915509
53022,32.4193582724858,1220.439999999172,7589.974991333724
53023,32.46189421251406,1220.459999999172,7590.016559382137
53024,32.46189421251406,1220.479999999172,7590.058127060653
53025,32.4193582724858,1220.499999999172,7590.099694369242
53026,32.4193582724858,1220.519999999172,7590.141261307891
53027,32.4193582724858,1220.5399999991719,7590.182827876589
53028,32.4193582724858,1220.5599999991719,7590.224394075322
53029,32.4193582724858,1220.5799999991718,7590.265959904079
53030,32.4193582724858,1220.5999999991718,7590.307525362847
53031,32.4193582724858,1220.6199999991718,7590.349090451613
53032,32.4193582724858,1220.6399999991718,7590.390655170365
53033,32.4193582724858,1220.6599999991718,7590.432219519091
53034,32.4193582724858,1220.6799999991717,7590.473783497778
53035,32.4193582724858,1220.6999999991717,7590.515347106414
53036,32.4193582724858,1220.7199999991717,7590.556910344987
53037,32.4193582724858,1220.7399999991717,7590.598473213484
53038,32.4193582724858,1220.7599999991717,7590.640035711893
53039,32.4193582724858,1220.7799999991717,7590.681597840201
53040,32.4193582724858,1220.7999999991716,7590.723159598397
53041,32.4193582724858,1220.8199999991716,7590.764720986481
53042,32.4193582724858,1220.8399999991716,7590.806282005045
53043,32.4193582724858,1220.8599999991716,7590.847842654554
53044,32.4193582724858,1220.8799999991716,7590.889402934996
53045,32.4193582724858,1220.8999999991715,7590.930962846356
53046,32.4193582724858,1220.9199999991715,7590.9725223886235
53047,32.4193582724858,1220.9399999991715,7591.014081561784
53048,32.4193582724858,1220.9599999991715,7591.055640365827
53049,32.4193582724858,1220.9799999991715,7591.097198800738
53050,32.4193582724858,1220.9999999991715,7591.138756866505
53051,32.4193582724858,1221.0199999991714,7591.180314563117
53052,32.4193582724858,1221.0399999991714,7591.221871890559
53053,32.4193582724858,1221.0599999991714,7591.26342884882
53054,32.4193582724858,1221.0799999991714,7591.304985437886
53055,32.4193582724858,1221.0999999991714,7591.346541657746
53056,32.4193582724858,1221.1199999991713,7591.388097508386
53057,32.4193582724858,1221.1399999991713,7591.429652989795
53058,32.4193582724858,1221.1599999991713,7591.471208101959
53059,32.4193582724858,1221.1799999991713,7591.512762844866
53060,32.4193582724858,1221.1999999991713,7591.5543172185035
53061,32.4193582724858,1221.2199999991713,7591.5958712228585
53062,32.4193582724858,1221.2399999991712,7591.637424857919
53063,32.4193582724858,1221.2599999991712,7591.678978123672
53064,32.4193582724858,1221.2799999991712,7591.720531020105
53065,32.4193582724858,1221.2999999991712,7591.762083547205
53066,32.4193582724858,1221.3199999991712,7591.8036357049605
53067,32.4193582724858,1221.3399999991711,7591.845187493358
53068,32.4193582724858,1221.3599999991711,7591.886738912385
53069,32.4193582724858,1221.379999999171,7591.928289962029
53070,32.4193582724858,1221.399999999171,7591.969840642278
53071,32.4193582724858,1221.419999999171,7592.011390953118
53072,32.4193582724858,1221.439999999171,7592.052940894538
53073,32.4193582724858,1221.459999999171,7592.094490466524
53074,32.4193582724858,1221.479999999171,7592.136039669064
53075,32.4193582724858,1221.499999999171,7592.177588502146
53076,32.4193582724858,1221.519999999171,7592.219136965758
53077,32.4193582724858,1221.539999999171,7592.260685059885
53078,32.4193582724858,1221.559999999171,7592.3022327845165
53079,32.4193582724858,1221.579999999171,7592.3437801396385
53080,32.4193582724858,1221.599999999171,7592.385327125239
53081,32.4193582724858,1221.619999999171,7592.426873741306
53082,32.4193582724858,1221.6399999991709,7592.468419987827
53083,32.4193582724858,1221.6599999991709,7592.509965864788
53084,32.4193582724858,1221.6799999991708,7592.551511372178
53085,32.4193582724858,1221.6999999991708,7592.5930565099825
53086,32.4193582724858,1221.7199999991708,7592.6346012781905
53087,32.4193582724858,1221.7399999991708,7592.676145676789
53088,32.4193582724858,1221.7599999991708,7592.717689705765
53089,32.4193582724858,1221.7799999991707,7592.759233365107
53090,32.4193582724858,1221.7999999991707,7592.800776654802
53091,32.4193582724858,1221.8199999991707,7592.842319574836
53092,32.4193582724858,1221.8399999991707,7592.883862125228
53093,32.4193582724858,1221.8599999991707,7592.92540430667
53094,32.4193582724858,1221.8799999991706,7592.966946119594
53095,32.4193582724858,1221.8999999991706,7593.008487563985
53096,32.4193582724858,1221.9199999991706,7593.050028639833
53097,32.4193582724858,1221.9399999991706,7593.091569347124
53098,32.4193582724858,1221.9599999991706,7593.133109685847
53099,32.4193582724858,1221.9799999991706,7593.174649655987
53100,32.4193582724858,1221.9999999991705,7593.216189257533
53101,32.4193582724858,1222.0199999991705,7593.257728490472
53102,32.4193582724858,1222.0399999991705,7593.299267354791
53103,32.4193582724858,1222.0599999991705,7593.340805850477
53104,32.4193582724858,1222.0799999991705,7593.38234397752
53105,32.4193582724858,1222.0999999991704,7593.423881735904
53106,32.4193582724858,1222.1199999991704,7593.465419125618
53107,32.4193582724858,1222.1399999991704,7593.506956146649
53108,32.4193582724858,1222.1599999991704,7593.5484927989855
53109,32.4193582724858,1222.1799999991704,7593.590029082614
53110,32.4193582724858,1222.1999999991704,7593.631564997521
53111,32.4193582724858,1222.2199999991703,7593.673100543696
53112,32.4193582724858,1222.2399999991703,7593.714635721125
53113,32.4193582724858,1222.2599999991703,7593.756170529796
53114,32.4193582724858,1222.2799999991703,7593.797704969696
53115,32.4193582724858,1222.2999999991703,7593.839239040812
53116,32.4193582724858,1222.3199999991702,7593.880772743131
53117,32.4193582724858,1222.3399999991702,7593.922306076642
53118,32.4193582724858,1222.3599999991702,7593.963839041331
53119,32.4193582724858,1222.3799999991702,7594.005371637187
53120,32.4193582724858,1222.3999999991702,7594.046903864195
53121,32.4193582724858,1222.4199999991702,7594.088435722344
53122,32.4193582724858,1222.4399999991701,7594.129967211621
53123,32.4193582724858,1222.4599999991701,7594.1714983320135
53124,32.4193582724858,1222.47999999917,7594.213029083509
53125,32.4193582724858,1222.49999999917,7594.254559466095
53126,32.4193582724858,1222.51999999917,7594.296089479759
53127,32.4193582724858,1222.53999999917,7594.337619124487
53128,32.4193582724858,1222.55999999917,7594.379148400268
53129,32.4193582724858,1222.57999999917,7594.420677307088
53130,32.4193582724858,1222.59999999917,7594.462205844936
53131,32.4193582724858,1222.61999999917,7594.503734013799
53132,32.4193582724858,1222.63999999917,7594.545261813663
53133,32.4193582724858,1222.65999999917,7594.586789244518
53134,32.4193582724858,1222.67999999917,7594.628316306348
53135,32.4193582724858,1222.69999999917,7594.669842999143
53136,32.4193582724858,1222.7199999991699,7594.711369322889
53137,32.4193582724858,1222.7399999991699,7594.752895277575
53138,32.4193582724858,1222.7599999991698,7594.794420863186
53139,32.4193582724858,1222.7799999991698,7594.835946079711
53140,32.4193582724858,1222.7999999991698,7594.877470927137
53141,32.4193582724858,1222.8199999991698,7594.918995405452
53142,32.4193582724858,1222.8399999991698,7594.960519514642
53143,32.4193582724858,1222.8599999991698,7595.002043254739
53144,32.4193582724858,1222.8799999991697,7595.043566626492
53145,32.4193582724858,1222.8999999991697,7595.085089630263
53146,32.4193582724858,1222.9199999991697,7595.126612266038
53147,32.4193582724858,1222.9399999991697,7595.168134533807
53148,32.4193582724858,1222.9599999991697,7595.209656433554
53149,32.4193582724858,1222.9799999991696,7595.25117796527
53150,32.4193582724858,1222.9999999991696,7595.29269912894
53151,32.4193582724858,1223.0199999991696,7595.334219924552
53152,32.4193582724858,1223.0399999991696,7595.375740352093
53153,32.4193582724858,1223.0599999991696,7595.417260411551
53154,32.4193582724858,1223.0799999991696,7595.458780102913
53155,32.4193582724858,1223.0999999991695,7595.500299426166
53156,32.4193582724858,1223.1199999991695,7595.541818381298
53157,32.4193582724858,1223.1399999991695,7595.583336968296
53158,32.4193582724858,1223.1599999991695,7595.624855187148
53159,32.4193582724858,1223.1799999991695,7595.6663730378405
53160,32.4193582724858,1223.1999999991694,7595.707890520362
53161,32.4193582724858,1223.2199999991694,7595.749407634698
53162,32.4193582724858,1223.2399999991694,7595.790924380838
53163,32.4193582724858,1223.2599999991694,7595.832440758769
53164,32.4193582724858,1223.2799999991694,7595.873956768477
53165,32.4193582724858,1223.2999999991694,7595.915472409951
53166,32.4193582724858,1223.3199999991693,7595.956987683177
53167,32.4193582724858,1223.3399999991693,7595.998502588144
53168,32.4193582724858,1223.3599999991693,7596.040017124838
53169,32.4193582724858,1223.3799999991693,7596.081531293247
53170,32.4193582724858,1223.3999999991693,7596.123045093358
53171,32.4193582724858,1223.4199999991692,7596.164558525159
53172,32.4193582724858,1223.4399999991692,7596.206071588636
53173,32.4193582724858,1223.4599999991692,7596.247584283778
53174,32.4193582724858,1223.4799999991692,7596.289096610572
53175,32.4193582724858,1223.4999999991692,7596.330608569006
53176,32.4193582724858,1223.5199999991692,7596.372120159065
53177,32.4193582724858,1223.5399999991691,7596.4136313807385
53178,32.4193582724858,1223.5599999991691,7596.455142234013
53179,32.4193582724858,1223.579999999169,7596.496652718875
53180,32.4193582724858,1223.599999999169,7596.538162835314
53181,32.4193582724858,1223.619999999169,7596.579672583317
53182,32.4193582724858,1223.639999999169,7596.621181962871
53183,32.4193582724858,1223.659999999169,7596.662690973962
53184,32.4193582724858,1223.679999999169,7596.704199616579
53185,32.4193582724858,1223.699999999169,7596.745707890709
53186,32.4193582724858,1223.719999999169,7596.787215796339
53187,32.4193582724858,1223.739999999169,7596.828723333458
53188,32.4193582724858,1223.759999999169,7596.870230502051
53189,32.4193582724858,1223.779999999169,7596.911737302106
53190,32.4193582724858,1223.799999999169,7596.953243733612
53191,32.4193582724858,1223.8199999991689,7596.994749796555
53192,32.4193582724858,1223.8399999991689,7597.0362554909225
53193,32.4193582724858,1223.8599999991688,7597.077760816702
53194,32.4193582724858,1223.8799999991688,7597.1192657739375
53195,32.4193582724858,1223.8999999991688,7597.160770363436
53196,32.4193582724858,1223.9199999991688,7597.202274585491
53197,32.4193582724858,1223.9399999991688,7597.243778440088
53198,32.4193582724858,1223.9599999991688,7597.285281927216
53199,32.4193582724858,1223.9799999991687,7597.326785046861
53200,32.4193582724858,1223.9999999991687,7597.368287799011
53201,32.4193582724858,1224.0199999991687,7597.409790183654
53202,32.4193582724858,1224.0399999991687,7597.451292200777
53203,32.4193582724858,1224.0599999991687,7597.492793850367
53204,32.4193582724858,1224.0799999991686,7597.534295132412
53205,32.4193582724858,1224.0999999991686,7597.575796046899
53206,32.4193582724858,1224.1199999991686,7597.617296593816
53207,32.4193582724858,1224.1399999991686,7597.658796773149
53208,32.4193582724858,1224.1599999991686,7597.700296584887
53209,32.4193582724858,1224.1799999991686,7597.741796029016
53210,32.4193582724858,1224.1999999991685,7597.783295105524
53211,32.4193582724858,1224.2199999991685,7597.8247938143995
53212,32.4193582724858,1224.2399999991685,7597.866292155628
53213,32.4193582724858,1224.2599999991685,7597.907790129198
53214,32.4193582724858,1224.2799999991685,7597.949287735096
53215,32.4193582724858,1224.2999999991684,7597.990784973311
53216,32.4193582724858,1224.3199999991684,7598.032281843829
53217,32.4193582724858,1224.3399999991684,7598.073778346638
53218,32.4193582724858,1224.3599999991684,7598.1152744817255
53219,32.4193582724858,1224.3799999991684,7598.156770249078
53220,32.4193582724858,1224.3999999991684,7598.198265648684
53221,32.4193582724858,1224.4199999991683,7598.239760680531
53222,32.4193582724858,1224.4399999991683,7598.281255344605
53223,32.4193582724858,1224.4599999991683,7598.3227496408945
53224,32.4193582724858,1224.4799999991683,7598.364243569386
53225,32.4193582724858,1224.4999999991683,7598.405737130069
53226,32.4193582724858,1224.5199999991682,7598.447230322929
53227,32.4193582724858,1224.5399999991682,7598.488723147953
53228,32.4193582724858,1224.5599999991682,7598.53021560513
53229,32.4193582724858,1224.5799999991682,7598.571707694447
53230,32.4193582724858,1224.5999999991682,7598.6131994158895
53231,32.4193582724858,1224.6199999991682,7598.654690769447
53232,32.4193582724858,1224.6399999991681,7598.696181755107
53233,32.4193582724858,1224.6599999991681,7598.737672372856
53234,32.4193582724858,1224.679999999168,7598.779162622681
53235,32.4193582724858,1224.699999999168,7598.820652504571
53236,32.4193582724858,1224.719999999168,7598.862142018512
53237,32.4193582724858,1224.739999999168,7598.903631164491
53238,32.4193582724858,1224.759999999168,7598.9451199424975
53239,32.4193582724858,1224.779999999168,7598.986608352517
53240,32.4193582724858,1224.799999999168,7599.028096394537
53241,32.4193582724858,1224.819999999168,7599.069584068546
53242,32.4193582724858,1224.839999999168,7599.11107137453
53243,32.4193582724858,1224.859999999168,7599.1525583124785
53244,32.4193582724858,1224.879999999168,7599.194044882377
53245,32.4193582724858,1224.899999999168,7599.235531084289
53246,32.4193582724858,1224.9199999991679,7599.277016919121
53247,32.4193582724858,1224.9399999991679,7599.318502387109
53248,32.4193582724858,1224.9599999991678,7599.359987488241
53249,32.4193582724858,1224.9799999991678,7599.401472222503
53250,32.4193582724858,1224.9999999991678,7599.442956589882
53251,32.4193582724858,1225.0199999991678,7599.484440590365
53252,32.4193582724858,1225.0399999991678,7599.52592422394
53253,32.4193582724858,1225.0599999991678,7599.567407490594
53254,32.4193582724858,1225.0799999991677,7599.608890390313
53255,32.4193582724858,1225.0999999991677,7599.650372923084
53256,32.4193582724858,1225.1199999991677,7599.691855088897
53257,32.4193582724858,1225.1399999991677,7599.733336887736
53258,32.4193582724858,1225.1599999991677,7599.77481831959
53259,32.4193582724858,1225.1799999991676,7599.816299384444
53260,32.4193582724858,1225.1999999991676,7599.857780082288
53261,32.4193582724858,1225.2199999991676,7599.899260413106
53262,32.4193582724858,1225.2399999991676,7599.940740376888
53263,32.4193582724858,1225.2599999991676,7599.98221997362
53264,32.4193582724858,1225.2799999991676,7600.0236992032715
53265,32.4193582724858,1225.2999999991675,7600.0651780657345
53266,32.4193582724858,1225.3199999991675,7600.106656560988
53267,32.4193582724858,1225.3399999991675,7600.14813468902
53268,32.4193582724858,1225.3599999991675,7600.189612449816
53269,32.4193582724858,1225.3799999991675,7600.231089843365
53270,32.4193582724858,1225.3999999991674,7600.272566869655
53271,32.4193582724858,1225.4199999991674,7600.314043528671
53272,32.4193582724858,1225.4399999991674,7600.355519820403
53273,32.4193582724858,1225.4599999991674,7600.396995744837
53274,32.4193582724858,1225.4799999991674,7600.438471301961
53275,32.4193582724858,1225.4999999991674,7600.479946491761
53276,32.4193582724858,1225.5199999991673,7600.521421314227
53277,32.4193582724858,1225.5399999991673,7600.562895769344
53278,32.4193582724858,1225.5599999991673,7600.604369857101
53279,32.4193582724858,1225.5799999991673,7600.645843577485
53280,32.4193582724858,1225.5999999991673,7600.687316930483
53281,32.4193582724858,1225.6199999991672,7600.728789916082
53282,32.4193582724858,1225.6399999991672,7600.770262534271
53283,32.4193582724858,1225.6599999991672,7600.811734785036
53284,32.4193582724858,1225.6799999991672,7600.853206668365
53285,32.4193582724858,1225.6999999991672,7600.894678184245
53286,32.4193582724858,1225.7199999991672,7600.936149332664
53287,32.4193582724858,1225.7399999991671,7600.977620113609
53288,32.4193582724858,1225.7599999991671,7601.019090527068
53289,32.4193582724858,1225.779999999167,7601.060560573028
53290,32.4193582724858,1225.799999999167,7601.102030251476
53291,32.4193582724858,1225.819999999167,7601.1434995624
53292,32.4193582724858,1225.839999999167,7601.184968505788
53293,32.4193582724858,1225.859999999167,7601.226437081626
53294,32.4193582724858,1225.879999999167,7601.267905289902
53295,32.37691514522714,1225.899999999167,7601.3093731306035
53296,32.37691514522714,1225.919999999167,7601.350840603803
53297,32.37691514522714,1225.939999999167,7601.392307710416
53298,32.37691514522714,1225.959999999167,7601.433774450597
53299,32.37691514522714,1225.979999999167,7601.475240824335
53300,32.37691514522714,1225.999999999167,7601.516706831616
53301,32.37691514522714,1226.0199999991669,7601.558172472429
53302,32.37691514522714,1226.0399999991669,7601.599637746763
53303,32.37691514522714,1226.0599999991668,7601.641102654605
53304,32.37691514522714,1226.0799999991668,7601.682567195943
53305,32.37691514522714,1226.0999999991668,7601.724031370766
53306,32.37691514522714,1226.1199999991668,7601.765495179062
53307,32.37691514522714,1226.1399999991668,7601.8069586208185
53308,32.37691514522714,1226.1599999991668,7601.848421696025
53309,32.37691514522714,1226.1799999991667,7601.889884404669
53310,32.37691514522714,1226.1999999991667,7601.931346746738
53311,32.37691514522714,1226.2199999991667,7601.97280872222
53312,32.37691514522714,1226.2399999991667,7602.014270331104
53313,32.37691514522714,1226.2599999991667,7602.055731573378
53314,32.37691514522714,1226.2799999991666,7602.0971924490295
53315,32.37691514522714,1226.2999999991666,7602.138652958048
53316,32.37691514522714,1226.3199999991666,7602.18011310042
53317,32.37691514522714,1226.3399999991666,7602.221572876135
53318,32.37691514522714,1226.3599999991666,7602.26303228518
53319,32.37691514522714,1226.3799999991666,7602.304491327544
53320,32.37691514522714,1226.3999999991665,7602.345950003215
53321,32.37691514522714,1226.4199999991665,7602.387408312181
53322,32.37691514522714,1226.4399999991665,7602.4288662544295
53323,32.37691514522714,1226.4599999991665,7602.47032382995
53324,32.37691514522714,1226.4799999991665,7602.511781038729
53325,32.37691514522714,1226.4999999991664,7602.553237880757
53326,32.37691514522714,1226.5199999991664,7602.594694356019
53327,32.37691514522714,1226.5399999991664,7602.6361504645065
53328,32.37691514522714,1226.5599999991664,7602.677606206205
53329,32.37691514522714,1226.5799999991664,7602.719061581104
53330,32.37691514522714,1226.5999999991664,7602.760516589191
53331,32.37691514522714,1226.6199999991663,7602.801971230455
53332,32.37691514522714,1226.6399999991663,7602.843425504883
53333,32.37691514522714,1226.6599999991663,7602.884879412464
53334,32.37691514522714,1226.6799999991663,7602.926332953186
53335,32.37691514522714,1226.6999999991663,7602.967786127037
53336,32.37691514522714,1226.7199999991662,7603.009238934004
53337,32.37691514522714,1226.7399999991662,7603.050691374077
53338,32.37691514522714,1226.7599999991662,7603.092143447244
53339,32.37691514522714,1226.7799999991662,7603.133595153492
53340,32.37691514522714,1226.7999999991662,7603.17504649281
53341,32.37691514522714,1226.8199999991662,7603.216497465186
53342,32.37691514522714,1226.8399999991661,7603.257948070608
53343,32.37691514522714,1226.8599999991661,7603.299398309065
53344,32.37691514522714,1226.879999999166,7603.340848180543
53345,32.37691514522714,1226.899999999166,7603.3822976850315
53346,32.37691514522714,1226.919999999166,7603.423746822519
53347,32.37691514522714,1226.939999999166,7603.4651955930885
53348,32.37691514522714,1226.959999999166,7603.506643997653
53349,32.37691514522714,1226.979999999166,7603.548092036292
53350,32.37691514522714,1226.999999999166,7603.589539708993
53351,32.37691514522714,1227.019999999166,7603.630987015744
53352,32.37691514522714,1227.039999999166,7603.672433956533
53353,32.37691514522714,1227.059999999166,7603.713880531347
53354,32.37691514522714,1227.079999999166,7603.7553267401745
53355,32.37691514522714,1227.099999999166,7603.796772583003
53356,32.37691514522714,1227.1199999991659,7603.838218059821
53357,32.37691514522714,1227.1399999991659,7603.879663170615
53358,32.37691514522714,1227.1599999991658,7603.921107915373
53359,32.37691514522714,1227.1799999991658,7603.962552294083
53360,32.37691514522714,1227.1999999991658,7604.003996306733
53361,32.37691514522714,1227.2199999991658,7604.04543995331
53362,32.37691514522714,1227.2399999991658,7604.086883233803
53363,32.37691514522714,1227.2599999991658,7604.1283261481985
53364,32.37691514522714,1227.2799999991657,7604.169768696484
53365,32.37691514522714,1227.2999999991657,7604.211210878649
53366,32.37691514522714,1227.3199999991657,7604.252652694679
53367,32.37691514522714,1227.3399999991657,7604.294094144564
53368,32.37691514522714,1227.3599999991657,7604.335535228291
53369,32.37691514522714,1227.3799999991656,7604.376975945846
53370,32.37691514522714,1227.3999999991656,7604.418416297219
53371,32.37691514522714,1227.4199999991656,7604.459856282396
53372,32.37691514522714,1227.4399999991656,7604.501295901366
53373,32.37691514522714,1227.4599999991656,7604.542735154116
53374,32.37691514522714,1227.4799999991656,7604.584174040634
53375,32.37691514522714,1227.4999999991655,7604.625612560908
53376,32.37691514522714,1227.5199999991655,7604.667050714926
53377,32.37691514522714,1227.5399999991655,7604.708488502674
53378,32.37691514522714,1227.5599999991655,7604.749925924142
53379,32.37691514522714,1227.5799999991655,7604.791362979317
53380,32.37691514522714,1227.5999999991654,7604.8327996681855
53381,32.37691514522714,1227.6199999991654,7604.874235990736
53382,32.37691514522714,1227.6399999991654,7604.915671946957
53383,32.37691514522714,1227.6599999991654,7604.957107536836
53384,32.37691514522714,1227.6799999991654,7604.99854276036
53385,32.37691514522714,1227.6999999991654,7605.039977617516
53386,32.37691514522714,1227.7199999991653,7605.081412108294
53387,32.37691514522714,1227.7399999991653,7605.12284623268
53388,32.37691514522714,1227.7599999991653,7605.164279990662
53389,32.37691514522714,1227.7799999991653,7605.205713382229
53390,32.37691514522714,1227.7999999991653,7605.247146407367
53391,32.37691514522714,1227.8199999991652,7605.288579066065
53392,32.37691514522714,1227.8399999991652,7605.33001135831
53393,32.37691514522714,1227.8599999991652,7605.37144328409
53394,32.37691514522714,1227.8799999991652,7605.412874843392
53395,32.37691514522714,1227.8999999991652,7605.454306036206
53396,32.37691514522714,1227.9199999991652,7605.495736862517
53397,32.37691514522714,1227.9399999991651,7605.537167322314
53398,32.37691514522714,1227.9599999991651,7605.578597415753
53399,32.37691514522714,1227.979999999165,7605.620027143736
53400,32.37691514522714,1227.999999999165,7605.661456506331
53401,32.37691514522714,1228.019999999165,7605.702885503528
53402,32.37691514522714,1228.039999999165,7605.744314135313
53403,32.37691514522714,1228.059999999165,7605.785742401676
53404,32.37691514522714,1228.079999999165,7605.827170302603
53405,32.37691514522714,1228.099999999165,7605.868597838082
53406,32.37691514522714,1228.119999999165,7605.910025008101
53407,32.37691514522714,1228.139999999165,7605.951451812647
53408,32.37691514522714,1228.159999999165,7605.992878251709
53409,32.37691514522714,1228.179999999165,7606.034304325274
53410,32.37691514522714,1228.199999999165,7606.07573003333
53411,32.37691514522714,1228.2199999991649,7606.117155375864
53412,32.37691514522714,1228.2399999991649,7606.158580352864
53413,32.37691514522714,1228.2599999991648,7606.200004964318
53414,32.37691514522714,1228.2799999991648,7606.241429210214
53415,32.37691514522714,1228.2999999991648,7606.282853090539
53416,32.37691514522714,1228.3199999991648,7606.324276605281
53417,32.37691514522714,1228.3399999991648,7606.365699754428
53418,32.37691514522714,1228.3599999991648,7606.407122537967
53419,32.37691514522714,1228.3799999991647,7606.448544955886
53420,32.37691514522714,1228.3999999991647,7606.489967008173
53421,32.37691514522714,1228.4199999991647,7606.531388694816
53422,32.37691514522714,1228.4399999991647,7606.572810015802
53423,32.37691514522714,1228.4599999991647,7606.6142309711195
53424,32.37691514522714,1228.4799999991646,7606.655651560755
53425,32.37691514522714,1228.4999999991646,7606.697071784698
53426,32.37691514522714,1228.5199999991646,7606.738491642935
53427,32.37691514522714,1228.5399999991646,7606.779911135453
53428,32.37691514522714,1228.5599999991646,7606.821330262242
53429,32.37691514522714,1228.5799999991646,7606.8627490232875
53430,32.37691514522714,1228.5999999991645,7606.904167418578
53431,32.37691514522714,1228.6199999991645,7606.945585448102
53432,32.37691514522714,1228.6399999991645,7606.987003111846
53433,32.37691514522714,1228.6599999991645,7607.028420409799
53434,32.37691514522714,1228.6799999991645,7607.069837341947
53435,32.37691514522714,1228.6999999991644,7607.11125390828
53436,32.37691514522714,1228.7199999991644,7607.152670108783
53437,32.37691514522714,1228.7399999991644,7607.194085943446
53438,32.37691514522714,1228.7599999991644,7607.235501412256
53439,32.37691514522714,1228.7799999991644,7607.2769165152
53440,32.37691514522714,1228.7999999991644,7607.318331252267
53441,32.37691514522714,1228.8199999991643,7607.359745623444
53442,32.37691514522714,1228.8399999991643,7607.401159628718
53443,32.37691514522714,1228.8599999991643,7607.442573268078
53444,32.37691514522714,1228.8799999991643,7607.4839865415115
53445,32.37691514522714,1228.8999999991643,7607.525399449006
53446,32.37691514522714,1228.9199999991642,7607.566811990549
53447,32.37691514522714,1228.9399999991642,7607.608224166128
53448,32.37691514522714,1228.9599999991642,7607.649635975731
53449,32.37691514522714,1228.9799999991642,7607.691047419583
53450,32.37691514522714,1228.9999999991642,7607.732458498529
53451,32.37691514522714,1229.0199999991642,7607.773869212626
53452,32.37691514522714,1229.0399999991641,7607.815279561861
53453,32.37691514522714,1229.0599999991641,7607.856689546222
53454,32.37691514522714,1229.079999999164,7607.898099165696
53455,32.37691514522714,1229.099999999164,7607.939508420272
53456,32.37691514522714,1229.119999999164,7607.980917309938
53457,32.37691514522714,1229.139999999164,7608.0223258346805
53458,32.37691514522714,1229.159999999164,7608.063733994488
53459,32.37691514522714,1229.179999999164,7608.105141789347
53460,32.37691514522714,1229.199999999164,7608.1465492192465
53461,32.37691514522714,1229.219999999164,7608.187956284173
53462,32.37691514522714,1229.239999999164,7608.229362984115
53463,32.37691514522714,1229.259999999164,7608.2707693190605
53464,32.37691514522714,1229.279999999164,7608.3121752889965
53465,32.37691514522714,1229.299999999164,7608.353580893911
53466,32.37691514522714,1229.3199999991639,7608.394986133792
53467,32.37691514522714,1229.3399999991639,7608.436391008628
53468,32.37691514522714,1229.3599999991638,7608.4777955184045
53469,32.37691514522714,1229.3799999991638,7608.51919966311
53470,32.37691514522714,1229.3999999991638,7608.560603442733
53471,32.37691514522714,1229.4199999991638,7608.602006857261
53472,32.37691514522714,1229.4399999991638,7608.64340990668
53473,32.37691514522714,1229.4599999991638,7608.68481259098
53474,32.37691514522714,1229.4799999991637,7608.726214910148
53475,32.37691514522714,1229.4999999991637,7608.767616864171
53476,32.37691514522714,1229.5199999991637,7608.809018453037
53477,32.37691514522714,1229.5399999991637,7608.850419676734
53478,32.37691514522714,1229.5599999991637,7608.89182053525
53479,32.37691514522714,1229.5799999991636,7608.933221028573
53480,32.37691514522714,1229.5999999991636,7608.974621156689
53481,32.37691514522714,1229.6199999991636,7609.016020919587
53482,32.37691514522714,1229.6399999991636,7609.057420317255
53483,32.37691514522714,1229.6599999991636,7609.09881934968
53484,32.37691514522714,1229.6799999991636,7609.140218016849
53485,32.37691514522714,1229.6999999991635,7609.1816163187505
53486,32.37691514522714,1229.7199999991635,7609.223014255373
53487,32.37691514522714,1229.7399999991635,7609.264411826703
53488,32.37691514522714,1229.7599999991635,7609.305809032729
53489,32.37691514522714,1229.7799999991635,7609.347205873438
53490,32.37691514522714,1229.7999999991634,7609.388602348818
53491,32.37691514522714,1229.8199999991634,7609.429998458857
53492,32.37691514522714,1229.8399999991634,7609.471394203542
53493,32.37691514522714,1229.8599999991634,7609.512789582862
53494,32.37691514522714,1229.8799999991634,7609.554184596804
53495,32.37691514522714,1229.8999999991634,7609.595579245355
53496,32.37691514522714,1229.9199999991633,7609.636973528503
53497,32.37691514522714,1229.9399999991633,7609.678367446237
53498,32.37691514522714,1229.9599999991633,7609.719760998542
53499,32.37691514522714,1229.9799999991633,7609.7611541854085
53500,32.37691514522714,1229.9999999991633,7609.802547007128
53501,32.37691514522714,1230.0199999991632,7609.84393946449
53502,32.37691514522714,1230.0399999991632,7609.885331557538
53503,32.37691514522714,1230.0599999991632,7609.926723286259
53504,32.37691514522714,1230.0799999991632,7609.968114650642
53505,32.37691514522714,1230.0999999991632,7610.009505650667
53506,32.37691514522714,1230.1199999991632,7610.050896286224
53507,32.37691514522714,1230.1399999991631,7610.092286557254
53508,32.37691514522714,1230.1599999991631,7610.1336764637435
53509,32.37691514522714,1230.179999999163,7610.175066005681
53510,32.37691514522714,1230.199999999163,7610.216455183054
53511,32.37691514522714,1230.219999999163,7610.257843995848
53512,32.37691514522714,1230.239999999163,7610.299232444052
53513,32.37691514522714,1230.259999999163,7610.340620527653
53514,32.37691514522714,1230.279999999163,7610.382008246638
53515,32.37691514522714,1230.299999999163,7610.423395600995
53516,32.37691514522714,1230.319999999163,7610.4647825907105
53517,32.37691514522714,1230.339999999163,7610.506169215772
53518,32.37691514522714,1230.359999999163,7610.547555476169
53519,32.37691514522714,1230.379999999163,7610.588941371886
53520,32.37691514522714,1230.399999999163,7610.630326902911
53521,32.37691514522714,1230.4199999991629,7610.671712069233
53522,32.37691514522714,1230.4399999991629,7610.713096870838
53523,32.37691514522714,1230.4599999991628,7610.754481307713
53524,32.37691514522714,1230.4799999991628,7610.795865379846
53525,32.37691514522714,1230.4999999991628,7610.837249087224
53526,32.37691514522714,1230.5199999991628,7610.878632429835
53527,32.37691514522714,1230.5399999991628,7610.920015407667
53528,32.37691514522714,1230.5599999991628,7610.961398020706
53529,32.37691514522714,1230.5799999991627,7611.002780268939
53530,32.37691514522714,1230.5999999991627,7611.044162152355
53531,32.37691514522714,1230.6199999991627,7611.085543670941
53532,32.37691514522714,1230.6399999991627,7611.126924824683
53533,32.37691514522714,1230.6599999991627,7611.168305613569
53534,32.37691514522714,1230.6799999991626,7611.209686037587
53535,32.37691514522714,1230.6999999991626,7611.251066096724
53536,32.37691514522714,1230.7199999991626,7611.292445790968
53537,32.37691514522714,1230.7399999991626,7611.333825120305
53538,32.37691514522714,1230.7599999991626,7611.375204084723
53539,32.37691514522714,1230.7799999991626,7611.41658268421
53540,32.37691514522714,1230.7999999991625,7611.457960918753
53541,32.37691514522714,1230.8199999991625,7611.499338788339
53542,32.37691514522714,1230.8399999991625,7611.540716292955
53543,32.37691514522714,1230.8599999991625,7611.582093432589
53544,32.37691514522714,1230.8799999991625,7611.623470207229
53545,32.37691514522714,1230.8999999991624,7611.664846616862
53546,32.37691514522714,1230.9199999991624,7611.706222661474
53547,32.37691514522714,1230.9399999991624,7611.747598341054
53548,32.37691514522714,1230.9599999991624,7611.788973655589
53549,32.37691514522714,1230.9799999991624,7611.830348605066
53550,32.37691514522714,1230.9999999991624,7611.8717231894725
53551,32.37691514522714,1231.0199999991623,7611.913097409194
53552,32.37691514522714,1231.0399999991623,7611.954471265015
53553,32.37691514522714,1231.0599999991623,7611.995844756967
53554,32.37691514522714,1231.0799999991623,7612.0372178850375
53555,32.37691514522714,1231.0999999991623,7612.078590649215
53556,32.37691514522714,1231.1199999991622,7612.119963049486
53557,32.37691514522714,1231.1399999991622,7612.161335085838
53558,32.37691514522714,1231.1599999991622,7612.202706758259
53559,32.37691514522714,1231.1799999991622,7612.2440780667375
53560,32.37691514522714,1231.1999999991622,7612.2854490112595
53561,32.37691514522714,1231.2199999991622,7612.326819591814
53562,32.37691514522714,1231.2399999991621,7612.368189808386
53563,32.37691514522714,1231.2599999991621,7612.409559660966
53564,32.37691514522714,1231.279999999162,7612.45092914954
53565,32.33456454746291,1231.299999999162,7612.492298274095
53566,32.33456454746291,1231.319999999162,7612.5336670346205
53567,32.33456454746291,1231.339999999162,7612.575035431103
53568,32.33456454746291,1231.359999999162,7612.61640346353
53569,32.33456454746291,1231.379999999162,7612.65777113189
53570,32.33456454746291,1231.399999999162,7612.699138436168
53571,32.33456454746291,1231.419999999162,7612.740505376354
53572,32.33456454746291,1231.439999999162,7612.781871952435
53573,32.33456454746291,1231.459999999162,7612.8232381643975
53574,32.33456454746291,1231.479999999162,7612.86460401223
53575,32.33456454746291,1231.499999999162,7612.9059694959205
53576,32.33456454746291,1231.5199999991619,7612.947334615456
53577,32.33456454746291,1231.5399999991619,7612.988699370824
53578,32.33456454746291,1231.5599999991618,7613.030063762012
53579,32.33456454746291,1231.5799999991618,7613.071427789008
53580,32.33456454746291,1231.5999999991618,7613.112791451799
53581,32.33456454746291,1231.6199999991618,7613.154154750373
53582,32.33456454746291,1231.6399999991618,7613.195517684718
53583,32.33456454746291,1231.6599999991618,7613.23688025482
53584,32.33456454746291,1231.6799999991617,7613.278242460668
53585,32.33456454746291,1231.6999999991617,7613.319604302248
53586,32.33456454746291,1231.7199999991617,7613.36096577955
53587,32.33456454746291,1231.7399999991617,7613.402326892559
53588,32.33456454746291,1231.7599999991617,7613.443687641265
53589,32.33456454746291,1231.7799999991616,7613.485048025654
53590,32.33456454746291,1231.7999999991616,7613.526408045714
53591,32.33456454746291,1231.8199999991616,7613.567767701432
53592,32.33456454746291,1231.8399999991616,7613.609126992796
53593,32.33456454746291,1231.8599999991616,7613.650485919793
53594,32.33456454746291,1231.8799999991616,7613.691844482411
53595,32.33456454746291,1231.8999999991615,7613.733202680639
53596,32.33456454746291,1231.9199999991615,7613.774560514463
53597,32.33456454746291,1231.9399999991615,7613.81591798387
53598,32.33456454746291,1231.9599999991615,7613.857275088849
53599,32.33456454746291,1231.9799999991615,7613.898631829386
53600,32.33456454746291,1231.9999999991614,7613.93998820547
53601,32.33456454746291,1232.0199999991614,7613.981344217089
53602,32.33456454746291,1232.0399999991614,7614.022699864631
53603,32.33456454746291,1232.0599999991614,7614.064055148717
53604,32.33456454746291,1232.0799999991614,7614.105410069358
53605,32.33456454746291,1232.0999999991614,7614.146764626543
53606,32.33456454746291,1232.1199999991613,7614.188118820259
53607,32.33456454746291,1232.1399999991613,7614.229472650494
53608,32.33456454746291,1232.1599999991613,7614.2708261172365
53609,32.33456454746291,1232.1799999991613,7614.312179220473
53610,32.33456454746291,1232.1999999991613,7614.3535319601915
53611,32.33456454746291,1232.2199999991612,7614.39488433638
53612,32.33456454746291,1232.2399999991612,7614.436236349025
53613,32.33456454746291,1232.2599999991612,7614.477587998116
53614,32.33456454746291,1232.2799999991612,7614.51893928364
53615,32.33456454746291,1232.2999999991612,7614.560290205584
53616,32.33456454746291,1232.3199999991612,7614.601640763936
53617,32.33456454746291,1232.3399999991611,7614.642990958684
53618,32.33456454746291,1232.3599999991611,7614.684340789816
53619,32.33456454746291,1232.379999999161,7614.725690257319
53620,32.33456454746291,1232.399999999161,7614.767039361181
53621,32.33456454746291,1232.419999999161,7614.808388101389
53622,32.33456454746291,1232.439999999161,7614.849736477931
53623,32.33456454746291,1232.459999999161,7614.891084490796
53624,32.33456454746291,1232.479999999161,7614.93243213997
53625,32.33456454746291,1232.499999999161,7614.9737794254415
53626,32.33456454746291,1232.519999999161,7615.015126347198
53627,32.33456454746291,1232.539999999161,7615.056472905227
53628,32.33456454746291,1232.559999999161,7615.097819099516
53629,32.33456454746291,1232.579999999161,7615.139164930053
53630,32.33456454746291,1232.599999999161,7615.180510396826
53631,32.33456454746291,1232.6199999991609,7615.221855499823
53632,32.33456454746291,1232.6399999991609,7615.26320023903
53633,32.33456454746291,1232.6599999991608,7615.304544614436
53634,32.33456454746291,1232.6799999991608,7615.345888626029
53635,32.33456454746291,1232.6999999991608,7615.387232273795
53636,32.33456454746291,1232.7199999991608,7615.428575557724
53637,32.33456454746291,1232.7399999991608,7615.469918477802
53638,32.33456454746291,1232.7599999991608,7615.5112610340175
53639,32.33456454746291,1232.7799999991607,7615.552603226358
53640,32.33456454746291,1232.7999999991607,7615.59394505481
53641,32.33456454746291,1232.8199999991607,7615.635286519363
53642,32.33456454746291,1232.8399999991607,7615.676627620004
53643,32.33456454746291,1232.8599999991607,7615.717968356721
53644,32.33456454746291,1232.8799999991606,7615.759308729501
53645,32.33456454746291,1232.8999999991606,7615.800648738332
53646,32.33456454746291,1232.9199999991606,7615.841988383201
53647,32.33456454746291,1232.9399999991606,7615.883327664097
53648,32.33456454746291,1232.9599999991606,7615.924666581007
53649,32.33456454746291,1232.9799999991606,7615.966005133919
53650,32.33456454746291,1232.9999999991605,7616.00734332282
53651,32.33456454746291,1233.0199999991605,7616.048681147698
53652,32.33456454746291,1233.0399999991605,7616.09001860854
53653,32.33456454746291,1233.0599999991605,7616.13135570584
53654,32.33456454746291,1233.0799999991605,7616.172692440216
53655,32.33456454746291,1233.0999999991604,7616.214028811672
53656,32.33456454746291,1233.1199999991604,7616.255364820192
53657,32.33456454746291,1233.1399999991604,7616.296700465766
53658,32.33456454746291,1233.1599999991604,7616.338035748381
53659,32.33456454746291,1233.1799999991604,7616.379370668025
53660,32.33456454746291,1233.1999999991604,7616.420705224687
53661,32.33456454746291,1233.2199999991603,7616.462039418352
53662,32.33456454746291,1233.2399999991603,7616.503373249009
53663,32.33456454746291,1233.2599999991603,7616.544706716647
53664,32.33456454746291,1233.2799999991603,7616.586039821252
53665,32.33456454746291,1233.2999999991603,7616.6273725628125
53666,32.33456454746291,1233.3199999991602,7616.668704941316
53667,32.33456454746291,1233.3399999991602,7616.710036956751
53668,32.33456454746291,1233.3599999991602,7616.751368609104
53669,32.33456454746291,1233.3799999991602,7616.792699898364
53670,32.33456454746291,1233.3999999991602,7616.834030824518
53671,32.33456454746291,1233.4199999991602,7616.875361387553
53672,32.33456454746291,1233.4399999991601,7616.916691587458
53673,32.33456454746291,1233.4599999991601,7616.9580214242205
53674,32.33456454746291,1233.47999999916,7616.999350897828
53675,32.33456454746291,1233.49999999916,7617.040680008268
53676,32.33456454746291,1233.51999999916,7617.082008755529
53677,32.33456454746291,1233.53999999916,7617.123337139598
53678,32.33456454746291,1233.55999999916,7617.164665160464
53679,32.33456454746291,1233.57999999916,7617.205992818113
53680,32.33456454746291,1233.59999999916,7617.247320112534
53681,32.33456454746291,1233.61999999916,7617.288647043714
53682,32.33456454746291,1233.63999999916,7617.329973611641
53683,32.33456454746291,1233.65999999916,7617.371299816304
53684,32.33456454746291,1233.67999999916,7617.412625657688
53685,32.33456454746291,1233.69999999916,7617.453951135783
53686,32.33456454746291,1233.7199999991599,7617.495276250576
53687,32.33456454746291,1233.7399999991599,7617.536601002055
53688,32.33456454746291,1233.7599999991598,7617.577925390207
53689,32.33456454746291,1233.7799999991598,7617.619249415021
53690,32.33456454746291,1233.7999999991598,7617.660573076483
53691,32.33456454746291,1233.8199999991598,7617.701896374582
53692,32.33456454746291,1233.8399999991598,7617.7432193093055
53693,32.33456454746291,1233.8599999991598,7617.784541880641
53694,32.33456454746291,1233.8799999991597,7617.825864088577
53695,32.33456454746291,1233.8999999991597,7617.8671859331
53696,32.33456454746291,1233.9199999991597,7617.9085074141985
53697,32.33456454746291,1233.9399999991597,7617.9498285318605
53698,32.33456454746291,1233.9599999991597,7617.991149286073
53699,32.33456454746291,1233.9799999991596,7618.032469676825
53700,32.33456454746291,1233.9999999991596,7618.073789704103
53701,32.33456454746291,1234.0199999991596,7618.115109367895
53702,32.33456454746291,1234.0399999991596,7618.156428668189
53703,32.33456454746291,1234.0599999991596,7618.197747604972
53704,32.33456454746291,1234.0799999991596,7618.239066178808
53705,32.33456454746291,1234.0999999991595,7618.280384390261
53706,32.33456454746291,1234.1199999991595,7618.32170223932
53707,32.33456454746291,1234.1399999991595,7618.363019725973
53708,32.33456454746291,1234.1599999991595,7618.404336850206
53709,32.33456454746291,1234.1799999991595,7618.445653612009
53710,32.33456454746291,1234.1999999991594,7618.486970011369
53711,32.33456454746291,1234.2199999991594,7618.528286048273
53712,32.33456454746291,1234.2399999991594,7618.56960172271
53713,32.33456454746291,1234.2599999991594,7618.610917034668
53714,32.33456454746291,1234.2799999991594,7618.652231984134
53715,32.33456454746291,1234.2999999991594,7618.693546571096
53716,32.33456454746291,1234.3199999991593,7618.734860795541
53717,32.33456454746291,1234.3399999991593,7618.776174657458
53718,32.33456454746291,1234.3599999991593,7618.817488156834
53719,32.33456454746291,1234.3799999991593,7618.858801293657
53720,32.33456454746291,1234.3999999991593,7618.900114067916
53721,32.33456454746291,1234.4199999991592,7618.941426479597
53722,32.33456454746291,1234.4399999991592,7618.982738528688
53723,32.33456454746291,1234.4599999991592,7619.024050215177
53724,32.33456454746291,1234.4799999991592,7619.065361539053
53725,32.33456454746291,1234.4999999991592,7619.106672500303
53726,32.33456454746291,1234.5199999991592,7619.147983098914
53727,32.33456454746291,1234.5399999991591,7619.1892933348745
53728,32.33456454746291,1234.5599999991591,7619.230603208172
53729,32.33456454746291,1234.579999999159,7619.271912718796
53730,32.33456454746291,1234.599999999159,7619.3132218667315
53731,32.33456454746291,1234.619999999159,7619.354530651968
53732,32.33456454746291,1234.639999999159,7619.395839074493
53733,32.33456454746291,1234.659999999159,7619.437147134294
53734,32.33456454746291,1234.679999999159,7619.478454831358
53735,32.33456454746291,1234.699999999159,7619.519762165675
53736,32.33456454746291,1234.719999999159,7619.561069137231
53737,32.33456454746291,1234.739999999159,7619.602375746014
53738,32.33456454746291,1234.759999999159,7619.643681992013
53739,32.33456454746291,1234.779999999159,7619.684987875215
53740,32.33456454746291,1234.799999999159,7619.726293395607
53741,32.33456454746291,1234.8199999991589,7619.767598553178
53742,32.33456454746291,1234.8399999991589,7619.808903347915
53743,32.33456454746291,1234.8599999991588,7619.850207779806
53744,32.33456454746291,1234.8799999991588,7619.8915118488385
53745,32.33456454746291,1234.8999999991588,7619.932815555001
53746,32.33456454746291,1234.9199999991588,7619.974118898282
53747,32.33456454746291,1234.9399999991588,7620.01542187866
53748,32.33456454746291,1234.9599999991588,7620.056724496035
53749,32.33456454746291,1234.9799999991587,7620.098026750372
53750,32.33456454746291,1234.9999999991587,7620.13932864166
53751,32.33456454746291,1235.0199999991587,7620.180630169885
53752,32.33456454746291,1235.0399999991587,7620.221931335037
53753,32.33456454746291,1235.0599999991587,7620.263232137103
53754,32.33456454746291,1235.0799999991586,7620.304532576084
53755,32.33456454746291,1235.0999999991586,7620.345832652599
53756,32.33456454746291,1235.1199999991586,7620.387132367146
53757,32.33456454746291,1235.1399999991586,7620.428431719713
53758,32.33456454746291,1235.1599999991586,7620.46973071029
53759,32.33456454746291,1235.1799999991586,7620.5110293388625
53760,32.33456454746291,1235.1999999991585,7620.55232760542
53761,32.33456454746291,1235.2199999991585,7620.59362550995
53762,32.33456454746291,1235.2399999991585,7620.634923052439
53763,32.33456454746291,1235.2599999991585,7620.676220232877
53764,32.33456454746291,1235.2799999991585,7620.717517051251
53765,32.33456454746291,1235.2999999991584,7620.758813507548
53766,32.33456454746291,1235.3199999991584,7620.800109601758
53767,32.33456454746291,1235.3399999991584,7620.841405333867
53768,32.33456454746291,1235.3599999991584,7620.882700703864
53769,32.33456454746291,1235.3799999991584,7620.923995711737
53770,32.33456454746291,1235.3999999991584,7620.965290357473
53771,32.33456454746291,1235.4199999991583,7621.006584641061
53772,32.33456454746291,1235.4399999991583,7621.047878562487
53773,32.33456454746291,1235.4599999991583,7621.089172121741
53774,32.33456454746291,1235.4799999991583,7621.130465318811
53775,32.33456454746291,1235.4999999991583,7621.171758153683
53776,32.33456454746291,1235.5199999991582,7621.213050626347
53777,32.33456454746291,1235.5399999991582,7621.254342736789
53778,32.33456454746291,1235.5599999991582,7621.295634484998
53779,32.33456454746291,1235.5799999991582,7621.336925870962
53780,32.33456454746291,1235.5999999991582,7621.378216894668
53781,32.33456454746291,1235.6199999991582,7621.419507556106
53782,32.33456454746291,1235.6399999991581,7621.460797855261
53783,32.33456454746291,1235.6599999991581,7621.502087792123
53784,32.33456454746291,1235.679999999158,7621.54337736668
53785,32.33456454746291,1235.699999999158,7621.584666578919
53786,32.33456454746291,1235.719999999158,7621.625955428827
53787,32.33456454746291,1235.739999999158,7621.667243916394
53788,32.33456454746291,1235.759999999158,7621.708532041607
53789,32.33456454746291,1235.779999999158,7621.749819804454
53790,32.33456454746291,1235.799999999158,7621.791107204923
53791,32.33456454746291,1235.819999999158,7621.8323942430015
53792,32.33456454746291,1235.839999999158,7621.873680918678
53793,32.33456454746291,1235.859999999158,7621.914967231939
53794,32.33456454746291,1235.879999999158,7621.956253182774
53795,32.33456454746291,1235.899999999158,7621.997538771171
53796,32.33456454746291,1235.9199999991579,7622.038823997117
53797,32.33456454746291,1235.9399999991579,7622.0801088606
53798,32.33456454746291,1235.9599999991578,7622.121393361609
53799,32.33456454746291,1235.9799999991578,7622.1626775001305
53800,32.33456454746291,1235.9999999991578,7622.203961276153
53801,32.33456454746291,1236.0199999991578,7622.245244689664
53802,32.33456454746291,1236.0399999991578,7622.286527740653
53803,32.33456454746291,1236.0599999991578,7622.327810429106
53804,32.33456454746291,1236.0799999991577,7622.3690927550115
53805,32.33456454746291,1236.0999999991577,7622.410374718386
53806,32.33456454746291,1236.1199999991577,7622.451656319957
53807,32.33456454746291,1236.1399999991577,7622.492937560188
53808,32.33456454746291,1236.1599999991577,7622.5342184390665
53809,32.33456454746291,1236.1799999991576,7622.575498956582
53810,32.33456454746291,1236.1999999991576,7622.616779112722
53811,32.33456454746291,1236.2199999991576,7622.658058907473
53812,32.33456454746291,1236.2399999991576,7622.699338340824
53813,32.33456454746291,1236.2599999991576,7622.740617412763
53814,32.33456454746291,1236.2799999991576,7622.781896123277
53815,32.33456454746291,1236.2999999991575,7622.823174472354
53816,32.33456454746291,1236.3199999991575,7622.864452459983
53817,32.33456454746291,1236.3399999991575,7622.905730086151
53818,32.33456454746291,1236.3599999991575,7622.947007350846
53819,32.33456454746291,1236.3799999991575,7622.988284254056
53820,32.33456454746291,1236.3999999991574,7623.02956079577
53821,32.33456454746291,1236.4199999991574,7623.070836975973
53822,32.33456454746291,1236.4399999991574,7623.112112794655
53823,32.33456454746291,1236.4599999991574,7623.153388251804
53824,32.33456454746291,1236.4799999991574,7623.194663347407
53825,32.33456454746291,1236.4999999991574,7623.235938081452
53826,32.33456454746291,1236.5199999991573,7623.277212453927
53827,32.33456454746291,1236.5399999991573,7623.31848646482
53828,32.33456454746291,1236.5599999991573,7623.359760114119
53829,32.33456454746291,1236.5799999991573,7623.401033401811
53830,32.33456454746291,1236.5999999991573,7623.442306327885
53831,32.33456454746291,1236.6199999991572,7623.483578892327
53832,32.33456454746291,1236.6399999991572,7623.524851095128
53833,32.33456454746291,1236.6599999991572,7623.566122936273
53834,32.33456454746291,1236.6799999991572,7623.6073944157515
53835,32.33456454746291,1236.6999999991572,7623.648665533551
53836,32.33456454746291,1236.7199999991572,7623.689936289659
53837,32.2923061970285,1236.7399999991571,7623.731206684064
53838,32.2923061970285,1236.7599999991571,7623.772476716753
53839,32.2923061970285,1236.779999999157,7623.813746387714
53840,32.2923061970285,1236.799999999157,7623.855015696935
53841,32.2923061970285,1236.819999999157,7623.896284644405
53842,32.2923061970285,1236.839999999157,7623.93755323011
53843,32.2923061970285,1236.859999999157,7623.9788214540395
53844,32.2923061970285,1236.879999999157,7624.02008931618
53845,32.2923061970285,1236.899999999157,7624.061356816521
53846,32.2923061970285,1236.919999999157,7624.102623955048
53847,32.2923061970285,1236.939999999157,7624.1438907317515
53848,32.2923061970285,1236.959999999157,7624.185157146618
53849,32.2923061970285,1236.979999999157,7624.226423199635
53850,32.2923061970285,1236.999999999157,7624.267688890791
53851,32.2923061970285,1237.0199999991569,7624.308954220074
53852,32.2923061970285,1237.0399999991569,7624.350219187472
53853,32.2923061970285,1237.0599999991568,7624.391483792972
53854,32.2923061970285,1237.0799999991568,7624.432748036563
53855,32.2923061970285,1237.0999999991568,7624.474011918232
53856,32.2923061970285,1237.1199999991568,7624.515275438003
53857,32.2923061970285,1237.1399999991568,7624.55653859654
53858,32.2923061970285,1237.1599999991568,7624.597801394171
53859,32.2923061970285,1237.1799999991567,7624.639063830884
53860,32.2923061970285,1237.1999999991567,7624.680325906667
53861,32.2923061970285,1237.2199999991567,7624.721587621508
53862,32.2923061970285,1237.2399999991567,7624.762848975394
53863,32.2923061970285,1237.2599999991567,7624.804109968314
53864,32.2923061970285,1237.2799999991566,7624.845370600255
53865,32.2923061970285,1237.2999999991566,7624.886630871205
53866,32.2923061970285,1237.3199999991566,7624.927890781151
53867,32.2923061970285,1237.3399999991566,7624.969150330083
53868,32.2923061970285,1237.3599999991566,7625.010409517987
53869,32.2923061970285,1237.3799999991566,7625.05166834485
53870,32.2923061970285,1237.3999999991565,7625.092926810662
53871,32.2923061970285,1237.4199999991565,7625.13418491541
53872,32.2923061970285,1237.4399999991565,7625.1754426590805
53873,32.2923061970285,1237.4599999991565,7625.216700041663
53874,32.2923061970285,1237.4799999991565,7625.257957063144
53875,32.2923061970285,1237.4999999991564,7625.299213723512
53876,32.2923061970285,1237.5199999991564,7625.340470022756
53877,32.2923061970285,1237.5399999991564,7625.381725960861
53878,32.2923061970285,1237.5599999991564,7625.422981537818
53879,32.2923061970285,1237.5799999991564,7625.464236753612
53880,32.2923061970285,1237.5999999991564,7625.505491608232
53881,32.2923061970285,1237.6199999991563,7625.546746101666
53882,32.2923061970285,1237.6399999991563,7625.588000233902
53883,32.2923061970285,1237.6599999991563,7625.629254004926
53884,32.2923061970285,1237.6799999991563,7625.6705074147285
53885,32.2923061970285,1237.6999999991563,7625.711760463295
53886,32.2923061970285,1237.7199999991562,7625.753013150615
53887,32.2923061970285,1237.7399999991562,7625.794265476675
53888,32.2923061970285,1237.7599999991562,7625.835517441463
53889,32.2923061970285,1237.7799999991562,7625.876769044968
53890,32.2923061970285,1237.7999999991562,7625.918020287176
53891,32.2923061970285,1237.8199999991562,7625.959271168076
53892,32.2923061970285,1237.8399999991561,7626.000521687656
53893,32.2923061970285,1237.8599999991561,7626.041771845903
53894,32.2923061970285,1237.879999999156,7626.083021642805
53895,32.2923061970285,1237.899999999156,7626.12427107835
53896,32.2923061970285,1237.919999999156,7626.1655201525255
53897,32.2923061970285,1237.939999999156,7626.20676886532
53898,32.2923061970285,1237.959999999156,7626.24801721672
53899,32.2923061970285,1237.979999999156,7626.289265206714
53900,32.2923061970285,1237.999999999156,7626.33051283529
53901,32.2923061970285,1238.019999999156,7626.371760102436
53902,32.2923061970285,1238.039999999156,7626.41300700814
53903,32.2923061970285,1238.059999999156,7626.454253552389
53904,32.2923061970285,1238.079999999156,7626.495499735171
53905,32.2923061970285,1238.099999999156,7626.536745556474
53906,32.2923061970285,1238.1199999991559,7626.5779910162855
53907,32.2923061970285,1238.1399999991559,7626.619236114647
53908,32.2923061970285,1238.1599999991558,7626.660480852326
53909,32.2923061970285,1238.1799999991558,7626.701725229613
53910,32.2923061970285,1238.1999999991558,7626.742969246496
53911,32.2923061970285,1238.2199999991558,7626.784212902961
53912,32.2923061970285,1238.2399999991558,7626.825456198999
53913,32.2923061970285,1238.2599999991558,7626.866699134595
53914,32.2923061970285,1238.2799999991557,7626.907941709738
53915,32.2923061970285,1238.2999999991557,7626.949183924416
53916,32.2923061970285,1238.3199999991557,7626.990425778616
53917,32.2923061970285,1238.3399999991557,7627.031667272326
53918,32.2923061970285,1238.3599999991557,7627.072908405534
53919,32.2923061970285,1238.3799999991556,7627.114149178227
53920,32.2923061970285,1238.3999999991556,7627.155389590394
53921,32.2923061970285,1238.4199999991556,7627.196629642023
53922,32.2923061970285,1238.4399999991556,7627.237869333101
53923,32.2923061970285,1238.4599999991556,7627.279108663615
53924,32.2923061970285,1238.4799999991556,7627.320347633554
53925,32.2923061970285,1238.4999999991555,7627.361586242905
53926,32.2923061970285,1238.5199999991555,7627.402824491657
53927,32.2923061970285,1238.5399999991555,7627.444062379797
53928,32.2923061970285,1238.5599999991555,7627.485299907313
53929,32.2923061970285,1238.5799999991555,7627.526537074192
53930,32.2923061970285,1238.5999999991554,7627.5677738804225
53931,32.2923061970285,1238.6199999991554,7627.609010325992
53932,32.2923061970285,1238.6399999991554,7627.650246410889
53933,32.2923061970285,1238.6599999991554,7627.6914821351
53934,32.2923061970285,1238.6799999991554,7627.732717498614
53935,32.2923061970285,1238.6999999991554,7627.7739525014185
53936,32.2923061970285,1238.7199999991553,7627.815187143501
53937,32.2923061970285,1238.7399999991553,7627.85642142485
53938,32.2923061970285,1238.7599999991553,7627.897655345452
53939,32.2923061970285,1238.7799999991553,7627.938888905296
53940,32.2923061970285,1238.7999999991553,7627.980122104369
53941,32.2923061970285,1238.8199999991552,7628.021354942659
53942,32.2923061970285,1238.8399999991552,7628.062587420154
53943,32.2923061970285,1238.8599999991552,7628.103819536842
53944,32.2923061970285,1238.8799999991552,7628.14505129271
53945,32.2923061970285,1238.8999999991552,7628.186282687747
53946,32.2923061970285,1238.9199999991552,7628.227513721939
53947,32.2923061970285,1238.9399999991551,7628.2687443952755
53948,32.2923061970285,1238.9599999991551,7628.309974707743
53949,32.2923061970285,1238.979999999155,7628.3512046593305
53950,32.2923061970285,1238.999999999155,7628.392434250025
53951,32.2923061970285,1239.019999999155,7628.433663479815
53952,32.2923061970285,1239.039999999155,7628.474892348687
53953,32.2923061970285,1239.059999999155,7628.51612085663
53954,32.2923061970285,1239.079999999155,7628.557349003631
53955,32.2923061970285,1239.099999999155,7628.598576789679
53956,32.2923061970285,1239.119999999155,7628.63980421476
53957,32.2923061970285,1239.139999999155,7628.681031278864
53958,32.2923061970285,1239.159999999155,7628.722257982044
53959,32.2923061970285,1239.179999999155,7628.763484325122
53960,32.2923061970285,1239.199999999155,7628.804710308321
53961,32.2923061970285,1239.2199999991549,7628.845935931629
53962,32.2923061970285,1239.2399999991549,7628.887161195035
53963,32.2923061970285,1239.2599999991548,7628.928386098526
53964,32.2923061970285,1239.2799999991548,7628.96961064209
53965,32.2923061970285,1239.2999999991548,7629.010834825714
53966,32.2923061970285,1239.3199999991548,7629.052058649386
53967,32.2923061970285,1239.3399999991548,7629.093282113095
53968,32.2923061970285,1239.3599999991548,7629.134505216827
53969,32.2923061970285,1239.3799999991547,7629.175727960572
53970,32.2923061970285,1239.3999999991547,7629.216950344316
53971,32.2923061970285,1239.4199999991547,7629.258172368047
53972,32.2923061970285,1239.4399999991547,7629.299394031753
53973,32.2923061970285,1239.4599999991547,7629.340615335422
53974,32.2923061970285,1239.4799999991546,7629.381836279042
53975,32.2923061970285,1239.4999999991546,7629.4230568626
53976,32.2923061970285,1239.5199999991546,7629.464277086085
53977,32.2923061970285,1239.5399999991546,7629.505496949483
53978,32.2923061970285,1239.5599999991546,7629.546716452784
53979,32.2923061970285,1239.5799999991546,7629.587935595973
53980,32.2923061970285,1239.5999999991545,7629.62915437904
53981,32.2923061970285,1239.6199999991545,7629.670372801973
53982,32.2923061970285,1239.6399999991545,7629.711590864758
53983,32.2923061970285,1239.6599999991545,7629.752808567385
53984,32.2923061970285,1239.6799999991545,7629.79402590984
53985,32.2923061970285,1239.6999999991544,7629.835242892111
53986,32.2923061970285,1239.7199999991544,7629.8764595141865
53987,32.2923061970285,1239.7399999991544,7629.917675776054
53988,32.2923061970285,1239.7599999991544,7629.958891677702
53989,32.2923061970285,1239.7799999991544,7630.000107219117
53990,32.2923061970285,1239.7999999991544,7630.04132240023
53991,32.2923061970285,1239.8199999991543,7630.082537220969
53992,32.2923061970285,1239.8399999991543,7630.123751681325
53993,32.2923061970285,1239.8599999991543,7630.164965781285
53994,32.2923061970285,1239.8799999991543,7630.206179520836
53995,32.2923061970285,1239.8999999991543,7630.247392899965
53996,32.2923061970285,1239.9199999991542,7630.288605918662
53997,32.2923061970285,1239.9399999991542,7630.3298185769145
53998,32.2923061970285,1239.9599999991542,7630.3710308747095
53999,32.2923061970285,1239.9799999991542,7630.412242812035
54000,32.2923061970285,1239.9999999991542,7630.45345438888
54001,32.2923061970285,1240.0199999991542,7630.494665605232
54002,32.2923061970285,1240.0399999991541,7630.535876461077
54003,32.2923061970285,1240.0599999991541,7630.577086956406
54004,32.2923061970285,1240.079999999154,7630.618297091204
54005,32.2923061970285,1240.099999999154,7630.6595068654615
54006,32.2923061970285,1240.119999999154,7630.700716279164
54007,32.2923061970285,1240.139999999154,7630.741925332301
54008,32.2923061970285,1240.159999999154,7630.78313402486
54009,32.2923061970285,1240.179999999154,7630.824342356909
54010,32.2923061970285,1240.199999999154,7630.865550329325
54011,32.2923061970285,1240.219999999154,7630.9067579422635
54012,32.2923061970285,1240.239999999154,7630.947965195714
54013,32.2923061970285,1240.259999999154,7630.989172089663
54014,32.2923061970285,1240.279999999154,7631.030378624099
54015,32.2923061970285,1240.299999999154,7631.07158479901
54016,32.2923061970285,1240.3199999991539,7631.112790614384
54017,32.2923061970285,1240.3399999991539,7631.1539960702075
54018,32.2923061970285,1240.3599999991538,7631.19520116647
54019,32.2923061970285,1240.3799999991538,7631.236405903159
54020,32.2923061970285,1240.3999999991538,7631.277610280262
54021,32.2923061970285,1240.4199999991538,7631.318814297767
54022,32.2923061970285,1240.4399999991538,7631.360017955662
54023,32.2923061970285,1240.4599999991538,7631.401221253936
54024,32.2923061970285,1240.4799999991537,7631.442424192574
54025,32.2923061970285,1240.4999999991537,7631.483626771567
54026,32.2923061970285,1240.5199999991537,7631.524828990902
54027,32.2923061970285,1240.5399999991537,7631.566030850567
54028,32.2923061970285,1240.5599999991537,7631.607232350549
54029,32.2923061970285,1240.5799999991536,7631.6484334908355
54030,32.2923061970285,1240.5999999991536,7631.689634271416
54031,32.2923061970285,1240.6199999991536,7631.730834692278
54032,32.2923061970285,1240.6399999991536,7631.772034753409
54033,32.2923061970285,1240.6599999991536,7631.813234454797
54034,32.2923061970285,1240.6799999991536,7631.8544337964295
54035,32.2923061970285,1240.6999999991535,7631.895632778294
54036,32.2923061970285,1240.7199999991535,7631.9368314003805
54037,32.2923061970285,1240.7399999991535,7631.978029662675
54038,32.2923061970285,1240.7599999991535,7632.019227565166
54039,32.2923061970285,1240.7799999991535,7632.060425107841
54040,32.2923061970285,1240.7999999991534,7632.101622290688
54041,32.2923061970285,1240.8199999991534,7632.142819113696
54042,32.2923061970285,1240.8399999991534,7632.184015576851
54043,32.2923061970285,1240.8599999991534,7632.225211680143
54044,32.2923061970285,1240.8799999991534,7632.266407423558
54045,32.2923061970285,1240.8999999991534,7632.3076028070855
54046,32.2923061970285,1240.9199999991533,7632.348797830712
54047,32.2923061970285,1240.9399999991533,7632.389992494426
54048,32.2923061970285,1240.9599999991533,7632.431186798216
54049,32.2923061970285,1240.9799999991533,7632.47238074207
54050,32.2923061970285,1240.9999999991533,7632.513574325974
54051,32.2923061970285,1241.0199999991532,7632.554767549918
54052,32.2923061970285,1241.0399999991532,7632.595960413889
54053,32.2923061970285,1241.0599999991532,7632.637152917875
54054,32.2923061970285,1241.0799999991532,7632.678345061864
54055,32.2923061970285,1241.0999999991532,7632.719536845843
54056,32.2923061970285,1241.1199999991532,7632.760728269802
54057,32.2923061970285,1241.1399999991531,7632.801919333727
54058,32.2923061970285,1241.1599999991531,7632.843110037606
54059,32.2923061970285,1241.179999999153,7632.884300381427
54060,32.2923061970285,1241.199999999153,7632.925490365276
54061,32.2923061970285,1241.219999999153,7632.966679990118
54062,32.2923061970285,1241.239999999153,7633.007869256044
54063,32.2923061970285,1241.259999999153,7633.049058163042
54064,32.2923061970285,1241.279999999153,7633.0902467111
54065,32.2923061970285,1241.299999999153,7633.131434900206
54066,32.2923061970285,1241.319999999153,7633.172622730346
54067,32.2923061970285,1241.339999999153,7633.21381020151
54068,32.2923061970285,1241.359999999153,7633.254997313683
54069,32.2923061970285,1241.379999999153,7633.296184066853
54070,32.2923061970285,1241.399999999153,7633.3373704610085
54071,32.2923061970285,1241.4199999991529,7633.378556496137
54072,32.2923061970285,1241.4399999991529,7633.419742172226
54073,32.2923061970285,1241.4599999991528,7633.460927489262
54074,32.2923061970285,1241.4799999991528,7633.502112447233
54075,32.2923061970285,1241.4999999991528,7633.543297046127
54076,32.2923061970285,1241.5199999991528,7633.584481285931
54077,32.2923061970285,1241.5399999991528,7633.625665166634
54078,32.2923061970285,1241.5599999991528,7633.666848688221
54079,32.2923061970285,1241.5799999991527,7633.7080318506805
54080,32.2923061970285,1241.5999999991527,7633.749214654001
54081,32.2923061970285,1241.6199999991527,7633.790397098169
54082,32.2923061970285,1241.6399999991527,7633.831579183172
54083,32.2923061970285,1241.6599999991527,7633.872760908998
54084,32.2923061970285,1241.6799999991526,7633.913942275635
54085,32.2923061970285,1241.6999999991526,7633.95512328307
54086,32.2923061970285,1241.7199999991526,7633.99630393129
54087,32.2923061970285,1241.7399999991526,7634.037484220283
54088,32.2923061970285,1241.7599999991526,7634.078664150036
54089,32.2923061970285,1241.7799999991526,7634.119843720538
54090,32.2923061970285,1241.7999999991525,7634.161022931775
54091,32.2923061970285,1241.8199999991525,7634.202201783735
54092,32.2923061970285,1241.8399999991525,7634.243380276406
54093,32.2923061970285,1241.8599999991525,7634.284558409775
54094,32.2923061970285,1241.8799999991525,7634.32573618383
54095,32.2923061970285,1241.8999999991524,7634.366913598557
54096,32.2923061970285,1241.9199999991524,7634.408090653946
54097,32.2923061970285,1241.9399999991524,7634.449267349983
54098,32.2923061970285,1241.9599999991524,7634.490443686655
54099,32.2923061970285,1241.9799999991524,7634.5316196639515
54100,32.2923061970285,1241.9999999991524,7634.572795281858
54101,32.2923061970285,1242.0199999991523,7634.613970540363
54102,32.2923061970285,1242.0399999991523,7634.655145439454
54103,32.2923061970285,1242.0599999991523,7634.696319979118
54104,32.2923061970285,1242.0799999991523,7634.737494159343
54105,32.2923061970285,1242.0999999991523,7634.7786679801175
54106,32.2923061970285,1242.1199999991522,7634.819841441427
54107,32.2923061970285,1242.1399999991522,7634.86101454326
54108,32.2923061970285,1242.1599999991522,7634.902187285605
54109,32.2923061970285,1242.1799999991522,7634.943359668448
54110,32.25013981286471,1242.1999999991522,7634.984531691776
54111,32.25013981286471,1242.2199999991522,7635.025703355737
54112,32.25013981286471,1242.2399999991521,7635.066874661235
54113,32.25013981286471,1242.2599999991521,7635.108045608341
54114,32.25013981286471,1242.279999999152,7635.149216197045
54115,32.25013981286471,1242.299999999152,7635.190386427334
54116,32.25013981286471,1242.319999999152,7635.231556299196
54117,32.25013981286471,1242.339999999152,7635.272725812621
54118,32.25013981286471,1242.359999999152,7635.313894967595
54119,32.25013981286471,1242.379999999152,7635.355063764107
54120,32.25013981286471,1242.399999999152,7635.396232202147
54121,32.25013981286471,1242.419999999152,7635.437400281701
54122,32.25013981286471,1242.439999999152,7635.478568002758
54123,32.25013981286471,1242.459999999152,7635.519735365306
54124,32.25013981286471,1242.479999999152,7635.560902369333
54125,32.25013981286471,1242.499999999152,7635.602069014828
54126,32.25013981286471,1242.5199999991519,7635.643235301779
54127,32.25013981286471,1242.5399999991519,7635.684401230174
54128,32.25013981286471,1242.5599999991518,7635.725566800002
54129,32.25013981286471,1242.5799999991518,7635.76673201125
54130,32.25013981286471,1242.5999999991518,7635.8078968639065
54131,32.25013981286471,1242.6199999991518,7635.849061357961
54132,32.25013981286471,1242.6399999991518,7635.890225493399
54133,32.25013981286471,1242.6599999991518,7635.931389270211
54134,32.25013981286471,1242.6799999991517,7635.972552688385
54135,32.25013981286471,1242.6999999991517,7636.0137157479085
54136,32.25013981286471,1242.7199999991517,7636.054878448771
54137,32.25013981286471,1242.7399999991517,7636.09604079096
54138,32.25013981286471,1242.7599999991517,7636.137202774463
54139,32.25013981286471,1242.7799999991516,7636.1783643992685
54140,32.25013981286471,1242.7999999991516,7636.219525665366
54141,32.25013981286471,1242.8199999991516,7636.260686572742
54142,32.25013981286471,1242.8399999991516,7636.301847121385
54143,32.25013981286471,1242.8599999991516,7636.343007311285
54144,32.25013981286471,1242.8799999991516,7636.384167142429
54145,32.25013981286471,1242.8999999991515,7636.425326614804
54146,32.25013981286471,1242.9199999991515,7636.466485728401
54147,32.25013981286471,1242.9399999991515,7636.507644483206
54148,32.25013981286471,1242.9599999991515,7636.548802879207
54149,32.25013981286471,1242.9799999991515,7636.5899609163935
54150,32.25013981286471,1242.9999999991514,7636.631118594753
54151,32.25013981286471,1243.0199999991514,7636.672275914275
54152,32.25013981286471,1243.0399999991514,7636.713432874946
54153,32.25013981286471,1243.0599999991514,7636.754589476755
54154,32.25013981286471,1243.0799999991514,7636.795745719691
54155,32.25013981286471,1243.0999999991514,7636.836901603741
54156,32.25013981286471,1243.1199999991513,7636.878057128894
54157,32.25013981286471,1243.1399999991513,7636.919212295138
54158,32.25013981286471,1243.1599999991513,7636.960367102461
54159,32.25013981286471,1243.1799999991513,7637.001521550851
54160,32.25013981286471,1243.1999999991513,7637.042675640297
54161,32.25013981286471,1243.2199999991512,7637.083829370787
54162,32.25013981286471,1243.2399999991512,7637.124982742514
54163,32.25013981286471,1243.2599999991512,7637.166135756246
54164,32.25013981286471,1243.2799999991512,7637.207288412035
54165,32.25013981286471,1243.2999999991512,7637.24844070987
54166,32.25013981286471,1243.3199999991512,7637.289592649737
54167,32.25013981286471,1243.3399999991511,7637.3307442316245
54168,32.25013981286471,1243.3599999991511,7637.371895455521
54169,32.25013981286471,1243.379999999151,7637.413046321413
54170,32.25013981286471,1243.399999999151,7637.45419682929
54171,32.25013981286471,1243.419999999151,7637.495346979138
54172,32.25013981286471,1243.439999999151,7637.5364967709465
54173,32.25013981286471,1243.459999999151,7637.577646204702
54174,32.25013981286471,1243.479999999151,7637.618795280394
54175,32.25013981286471,1243.499999999151,7637.659943998009
54176,32.25013981286471,1243.519999999151,7637.701092357535
54177,32.25013981286471,1243.539999999151,7637.742240358961
54178,32.25013981286471,1243.559999999151,7637.783388002273
54179,32.25013981286471,1243.579999999151,7637.824535287459
54180,32.25013981286471,1243.599999999151,7637.8656822145085
54181,32.25013981286471,1243.6199999991509,7637.906828783408
54182,32.25013981286471,1243.6399999991509,7637.947974994146
54183,32.25013981286471,1243.6599999991508,7637.98912084671
54184,32.25013981286471,1243.6799999991508,7638.030266341088
54185,32.25013981286471,1243.6999999991508,7638.071411477267
54186,32.25013981286471,1243.7199999991508,7638.112556255236
54187,32.25013981286471,1243.7399999991508,7638.153700674983
54188,32.25013981286471,1243.7599999991508,7638.194844736495
54189,32.25013981286471,1243.7799999991507,7638.23598843976
54190,32.25013981286471,1243.7999999991507,7638.277131784766
54191,32.25013981286471,1243.8199999991507,7638.318274771502
54192,32.25013981286471,1243.8399999991507,7638.359417399954
54193,32.25013981286471,1243.8599999991507,7638.40055967011
54194,32.25013981286471,1243.8799999991506,7638.441701581958
54195,32.25013981286471,1243.8999999991506,7638.482843135487
54196,32.25013981286471,1243.9199999991506,7638.5239843306845
54197,32.25013981286471,1243.9399999991506,7638.565125167537
54198,32.25013981286471,1243.9599999991506,7638.6062656460335
54199,32.25013981286471,1243.9799999991506,7638.647405766162
54200,32.25013981286471,1243.9999999991505,7638.68854552791
54201,32.25013981286471,1244.0199999991505,7638.729684931265
54202,32.25013981286471,1244.0399999991505,7638.770823976215
54203,32.25013981286471,1244.0599999991505,7638.811962662749
54204,32.25013981286471,1244.0799999991505,7638.853100990853
54205,32.25013981286471,1244.0999999991504,7638.894238960515
54206,32.25013981286471,1244.1199999991504,7638.935376571724
54207,32.25013981286471,1244.1399999991504,7638.9765138244675
54208,32.25013981286471,1244.1599999991504,7639.017650718733
54209,32.25013981286471,1244.1799999991504,7639.058787254509
54210,32.25013981286471,1244.1999999991504,7639.099923431783
54211,32.25013981286471,1244.2199999991503,7639.141059250543
54212,32.25013981286471,1244.2399999991503,7639.182194710776
54213,32.25013981286471,1244.2599999991503,7639.223329812756
54214,32.25013981286471,1244.2799999991503,7639.264464557251
54215,32.25013981286471,1244.2999999991503,7639.305598944304
54216,32.25013981286471,1244.3199999991502,7639.346732973902
54217,32.25013981286471,1244.3399999991502,7639.387866646034
54218,32.25013981286471,1244.3599999991502,7639.428999960688
54219,32.25013981286471,1244.3799999991502,7639.470132917851
54220,32.25013981286471,1244.3999999991502,7639.511265517511
54221,32.25013981286471,1244.4199999991501,7639.552397759656
54222,32.25013981286471,1244.4399999991501,7639.593529644274
54223,32.25013981286471,1244.45999999915,7639.6346611713525
54224,32.25013981286471,1244.47999999915,7639.6757923408795
54225,32.25013981286471,1244.49999999915,7639.716923152843
54226,32.25013981286471,1244.51999999915,7639.758053607231
54227,32.25013981286471,1244.53999999915,7639.799183704031
54228,32.25013981286471,1244.55999999915,7639.84031344323
54229,32.25013981286471,1244.57999999915,7639.881442824818
54230,32.25013981286471,1244.59999999915,7639.922571848781
54231,32.25013981286471,1244.61999999915,7639.963700515108
54232,32.25013981286471,1244.63999999915,7640.004828823783
54233,32.25013981286471,1244.65999999915,7640.045956774718
54234,32.25013981286471,1244.67999999915,7640.087084367849
54235,32.25013981286471,1244.69999999915,7640.128211603162
54236,32.25013981286471,1244.7199999991499,7640.169338480645
54237,32.25013981286471,1244.7399999991499,7640.2104650002875
54238,32.25013981286471,1244.7599999991498,7640.251591162077
54239,32.25013981286471,1244.7799999991498,7640.292716966001
54240,32.25013981286471,1244.7999999991498,7640.3338424120475
54241,32.25013981286471,1244.8199999991498,7640.374967500205
54242,32.25013981286471,1244.8399999991498,7640.416092230461
54243,32.25013981286471,1244.8599999991497,7640.457216602804
54244,32.25013981286471,1244.8799999991497,7640.498340617221
54245,32.25013981286471,1244.8999999991497,7640.539464273702
54246,32.25013981286471,1244.9199999991497,7640.5805875722335
54247,32.25013981286471,1244.9399999991497,7640.6217105128035
54248,32.25013981286471,1244.9599999991497,7640.662833095401
54249,32.25013981286471,1244.9799999991496,7640.703955320013
54250,32.25013981286471,1244.9999999991496,7640.745077186628
54251,32.25013981286471,1245.0199999991496,7640.786198695234
54252,32.25013981286471,1245.0399999991496,7640.827319845819
54253,32.25013981286471,1245.0599999991496,7640.868440638371
54254,32.25013981286471,1245.0799999991495,7640.909561072877
54255,32.25013981286471,1245.0999999991495,7640.9506811493275
54256,32.25013981286471,1245.1199999991495,7640.991800867709
54257,32.25013981286471,1245.1399999991495,7641.032920228008
54258,32.25013981286471,1245.1599999991495,7641.074039230215
54259,32.25013981286471,1245.1799999991495,7641.1151578743165
54260,32.25013981286471,1245.1999999991494,7641.156276160302
54261,32.25013981286471,1245.2199999991494,7641.197394088158
54262,32.25013981286471,1245.2399999991494,7641.2385116578735
54263,32.25013981286471,1245.2599999991494,7641.279628869435
54264,32.25013981286471,1245.2799999991494,7641.320745723185
54265,32.25013981286471,1245.2999999991493,7641.361862219837
54266,32.25013981286471,1245.3199999991493,7641.402978359424
54267,32.25013981286471,1245.3399999991493,7641.4440941419325
54268,32.25013981286471,1245.3599999991493,7641.4852095673505
54269,32.25013981286471,1245.3799999991493,7641.526324635666
54270,32.25013981286471,1245.3999999991493,7641.567439346867
54271,32.25013981286471,1245.4199999991492,7641.608553700942
54272,32.25013981286471,1245.4399999991492,7641.649667697879
54273,32.25013981286471,1245.4599999991492,7641.690781337666
54274,32.25013981286471,1245.4799999991492,7641.73189462029
54275,32.25013981286471,1245.4999999991492,7641.773007545741
54276,32.25013981286471,1245.5199999991491,7641.814120114006
54277,32.25013981286471,1245.5399999991491,7641.855232325072
54278,32.25013981286471,1245.559999999149,7641.896344178929
54279,32.25013981286471,1245.579999999149,7641.937455675564
54280,32.25013981286471,1245.599999999149,7641.978566814964
54281,32.25013981286471,1245.619999999149,7642.019677597119
54282,32.25013981286471,1245.639999999149,7642.060788022016
54283,32.25013981286471,1245.659999999149,7642.101898089643
54284,32.25013981286471,1245.679999999149,7642.1430077999885
54285,32.25013981286471,1245.699999999149,7642.1841171530405
54286,32.25013981286471,1245.719999999149,7642.2252261487865
54287,32.25013981286471,1245.739999999149,7642.266334787215
54288,32.25013981286471,1245.759999999149,7642.307443068314
54289,32.25013981286471,1245.779999999149,7642.348550992071
54290,32.25013981286471,1245.799999999149,7642.389658558475
54291,32.25013981286471,1245.8199999991489,7642.430765767514
54292,32.25013981286471,1245.8399999991489,7642.471872619174
54293,32.25013981286471,1245.8599999991488,7642.512979113446
54294,32.25013981286471,1245.8799999991488,7642.554085250316
54295,32.25013981286471,1245.8999999991488,7642.595191029774
54296,32.25013981286471,1245.9199999991488,7642.636296451805
54297,32.25013981286471,1245.9399999991488,7642.677401516399
54298,32.25013981286471,1245.9599999991487,7642.718506223544
54299,32.25013981286471,1245.9799999991487,7642.759610573228
54300,32.25013981286471,1245.9999999991487,7642.800714565439
54301,32.25013981286471,1246.0199999991487,7642.841818200165
54302,32.25013981286471,1246.0399999991487,7642.882921477394
54303,32.25013981286471,1246.0599999991487,7642.9240243971135
54304,32.25013981286471,1246.0799999991486,7642.965126959312
54305,32.25013981286471,1246.0999999991486,7643.006229163978
54306,32.25013981286471,1246.1199999991486,7643.047331011099
54307,32.25013981286471,1246.1399999991486,7643.088432500664
54308,32.25013981286471,1246.1599999991486,7643.129533632659
54309,32.25013981286471,1246.1799999991485,7643.1706344070735
54310,32.25013981286471,1246.1999999991485,7643.211734823895
54311,32.25013981286471,1246.2199999991485,7643.252834883112
54312,32.25013981286471,1246.2399999991485,7643.293934584713
54313,32.25013981286471,1246.2599999991485,7643.335033928684
54314,32.25013981286471,1246.2799999991485,7643.376132915016
54315,32.25013981286471,1246.2999999991484,7643.417231544113
54316,32.25013981286471,1246.3199999991484,7643.458329816641
54317,32.25013981286471,1246.3399999991484,7643.499427732617
54318,32.25013981286471,1246.3599999991484,7643.540525292029
54319,32.25013981286471,1246.3799999991484,7643.581622494865
54320,32.25013981286471,1246.3999999991483,7643.622719341112
54321,32.25013981286471,1246.4199999991483,7643.66381583076
54322,32.25013981286471,1246.4399999991483,7643.704911963795
54323,32.25013981286471,1246.4599999991483,7643.746007740207
54324,32.25013981286471,1246.4799999991483,7643.787103159982
54325,32.25013981286471,1246.4999999991483,7643.828198223109
54326,32.25013981286471,1246.5199999991482,7643.869292929577
54327,32.25013981286471,1246.5399999991482,7643.910387279373
54328,32.25013981286471,1246.5599999991482,7643.951481272486
54329,32.25013981286471,1246.5799999991482,7643.9925749089025
54330,32.25013981286471,1246.5999999991482,7644.033668188612
54331,32.25013981286471,1246.6199999991481,7644.074761111602
54332,32.25013981286471,1246.6399999991481,7644.11585367786
54333,32.25013981286471,1246.659999999148,7644.1569458873755
54334,32.25013981286471,1246.679999999148,7644.198037740135
54335,32.25013981286471,1246.699999999148,7644.239129236127
54336,32.25013981286471,1246.719999999148,7644.28022037534
54337,32.25013981286471,1246.739999999148,7644.321311157762
54338,32.25013981286471,1246.759999999148,7644.36240158338
54339,32.25013981286471,1246.779999999148,7644.403491652184
54340,32.25013981286471,1246.799999999148,7644.444581364161
54341,32.25013981286471,1246.819999999148,7644.485670719299
54342,32.25013981286471,1246.839999999148,7644.526759717586
54343,32.25013981286471,1246.859999999148,7644.567848359011
54344,32.25013981286471,1246.879999999148,7644.608936643561
54345,32.25013981286471,1246.899999999148,7644.650024571224
54346,32.25013981286471,1246.9199999991479,7644.691112141989
54347,32.25013981286471,1246.9399999991479,7644.732199355843
54348,32.25013981286471,1246.9599999991478,7644.773286212774
54349,32.25013981286471,1246.9799999991478,7644.814372712771
54350,32.25013981286471,1246.9999999991478,7644.855458855822
54351,32.25013981286471,1247.0199999991478,7644.896544641914
54352,32.25013981286471,1247.0399999991478,7644.937630071036
54353,32.25013981286471,1247.0599999991477,7644.9787151431765
54354,32.25013981286471,1247.0799999991477,7645.019799858323
54355,32.25013981286471,1247.0999999991477,7645.060884216462
54356,32.25013981286471,1247.1199999991477,7645.101968217584
54357,32.25013981286471,1247.1399999991477,7645.143051861675
54358,32.25013981286471,1247.1599999991477,7645.1841351487255
54359,32.25013981286471,1247.1799999991476,7645.225218078722
54360,32.25013981286471,1247.1999999991476,7645.266300651652
54361,32.25013981286471,1247.2199999991476,7645.307382867505
54362,32.25013981286471,1247.2399999991476,7645.3484647262685
54363,32.25013981286471,1247.2599999991476,7645.38954622793
54364,32.25013981286471,1247.2799999991475,7645.430627372478
54365,32.25013981286471,1247.2999999991475,7645.4717081599
54366,32.25013981286471,1247.3199999991475,7645.512788590708
54367,32.25013981286471,1247.3399999991475,7645.55386866556
54368,32.25013981286471,1247.3599999991475,7645.5949483844615
54369,32.25013981286471,1247.3799999991475,7645.6360277474005
54370,32.25013981286471,1247.3999999991474,7645.677106754365
54371,32.25013981286471,1247.4199999991474,7645.718185405343
54372,32.25013981286471,1247.4399999991474,7645.759263700324
54373,32.25013981286471,1247.4599999991474,7645.800341639293
54374,32.25013981286471,1247.4799999991474,7645.841419222241
54375,32.25013981286471,1247.4999999991473,7645.882496449155
54376,32.25013981286471,1247.5199999991473,7645.923573320023
54377,32.25013981286471,1247.5399999991473,7645.964649834834
54378,32.25013981286471,1247.5599999991473,7646.005725993575
54379,32.25013981286471,1247.5799999991473,7646.046801796234
54380,32.25013981286471,1247.5999999991473,7646.0878772428005
54381,32.25013981286471,1247.6199999991472,7646.128952333262
54382,32.25013981286471,1247.6399999991472,7646.170027067606
54383,32.208065115012324,1247.6599999991472,7646.2111014458205
54384,32.208065115012324,1247.6799999991472,7646.252175467895
54385,32.208065115012324,1247.6999999991472,7646.293249133816
54386,32.208065115012324,1247.7199999991471,7646.334322443573
54387,32.208065115012324,1247.7399999991471,7646.375395397154
54388,32.208065115012324,1247.759999999147,7646.416467994545
54389,32.208065115012324,1247.779999999147,7646.457540235737
54390,32.208065115012324,1247.799999999147,7646.498612120716
54391,32.208065115012324,1247.819999999147,7646.539683649471
54392,32.208065115012324,1247.839999999147,7646.58075482199
54393,32.208065115012324,1247.859999999147,7646.621825638262
54394,32.208065115012324,1247.879999999147,7646.662896098273
54395,32.208065115012324,1247.899999999147,7646.703966202013
54396,32.208065115012324,1247.919999999147,7646.74503594947
54397,32.208065115012324,1247.939999999147,7646.786105340631
54398,32.208065115012324,1247.959999999147,7646.827174375486
54399,32.208065115012324,1247.979999999147,7646.868243054021
54400,32.208065115012324,1247.999999999147,7646.909311376225
54401,32.208065115012324,1248.0199999991469,7646.950379342085
54402,32.208065115012324,1248.0399999991469,7646.991446951592
54403,32.208065115012324,1248.0599999991468,7647.032514204731
54404,32.208065115012324,1248.0799999991468,7647.073581101492
54405,32.208065115012324,1248.0999999991468,7647.114647641863
54406,32.208065115012324,1248.1199999991468,7647.15571382583
54407,32.208065115012324,1248.1399999991468,7647.1967796533845
54408,32.208065115012324,1248.1599999991467,7647.237845124512
54409,32.208065115012324,1248.1799999991467,7647.278910239202
54410,32.208065115012324,1248.1999999991467,7647.319974997442
54411,32.208065115012324,1248.2199999991467,7647.36103939922
54412,32.208065115012324,1248.2399999991467,7647.402103444525
54413,32.208065115012324,1248.2599999991467,7647.443167133344
54414,32.208065115012324,1248.2799999991466,7647.484230465666
54415,32.208065115012324,1248.2999999991466,7647.525293441478
54416,32.208065115012324,1248.3199999991466,7647.56635606077
54417,32.208065115012324,1248.3399999991466,7647.607418324031
54418,32.208065115012324,1248.3599999991466,7647.648480231769
54419,32.208065115012324,1248.3799999991465,7647.689541783976
54420,32.208065115012324,1248.3999999991465,7647.730602980639
54421,32.208065115012324,1248.4199999991465,7647.771663821746
54422,32.208065115012324,1248.4399999991465,7647.812724307286
54423,32.208065115012324,1248.4599999991465,7647.853784437246
54424,32.208065115012324,1248.4799999991465,7647.894844211614
54425,32.208065115012324,1248.4999999991464,7647.93590363038
54426,32.208065115012324,1248.5199999991464,7647.976962693531
54427,32.208065115012324,1248.5399999991464,7648.018021401055
54428,32.208065115012324,1248.5599999991464,7648.05907975294
54429,32.208065115012324,1248.5799999991464,7648.100137749175
54430,32.208065115012324,1248.5999999991463,7648.141195389747
54431,32.208065115012324,1248.6199999991463,7648.182252674645
54432,32.208065115012324,1248.6399999991463,7648.223309603856
54433,32.208065115012324,1248.6599999991463,7648.26436617737
54434,32.208065115012324,1248.6799999991463,7648.305422395174
54435,32.208065115012324,1248.6999999991463,7648.346478257256
54436,32.208065115012324,1248.7199999991462,7648.3875337636055
54437,32.208065115012324,1248.7399999991462,7648.428588914209
54438,32.208065115012324,1248.7599999991462,7648.469643709056
54439,32.208065115012324,1248.7799999991462,7648.510698148133
54440,32.208065115012324,1248.7999999991462,7648.551752231429
54441,32.208065115012324,1248.8199999991461,7648.592805958933
54442,32.208065115012324,1248.8399999991461,7648.633859330632
54443,32.208065115012324,1248.859999999146,7648.674912346514
54444,32.208065115012324,1248.879999999146,7648.715965006568
54445,32.208065115012324,1248.899999999146,7648.7570173107815
54446,32.208065115012324,1248.919999999146,7648.798069259143
54447,32.208065115012324,1248.939999999146,7648.8391208516405
54448,32.208065115012324,1248.959999999146,7648.880172088262
54449,32.208065115012324,1248.979999999146,7648.9212229689965
54450,32.208065115012324,1248.999999999146,7648.962273493831
54451,32.208065115012324,1249.019999999146,7649.003323662754
54452,32.208065115012324,1249.039999999146,7649.044373475755
54453,32.208065115012324,1249.059999999146,7649.08542293282
54454,32.208065115012324,1249.079999999146,7649.126472033938
54455,32.208065115012324,1249.099999999146,7649.167520779097
54456,32.208065115012324,1249.1199999991459,7649.208569168285
54457,32.208065115012324,1249.1399999991459,7649.249617201492
54458,32.208065115012324,1249.1599999991458,7649.290664878704
54459,32.208065115012324,1249.1799999991458,7649.33171219991
54460,32.208065115012324,1249.1999999991458,7649.372759165098
54461,32.208065115012324,1249.2199999991458,7649.413805774256
54462,32.208065115012324,1249.2399999991458,7649.454852027372
54463,32.208065115012324,1249.2599999991457,7649.495897924435
54464,32.208065115012324,1249.2799999991457,7649.536943465431
54465,32.208065115012324,1249.2999999991457,7649.577988650351
54466,32.208065115012324,1249.3199999991457,7649.619033479181
54467,32.208065115012324,1249.3399999991457,7649.660077951921
54468,32.208065115012324,1249.3599999991457,7649.7011220691575
54469,32.208065115012324,1249.3799999991456,7649.742165831377
54470,32.208065115012324,1249.3999999991456,7649.783209238568
54471,32.208065115012324,1249.4199999991456,7649.824252290718
54472,32.208065115012324,1249.4399999991456,7649.865294987815
54473,32.208065115012324,1249.4599999991456,7649.906337329849
54474,32.208065115012324,1249.4799999991455,7649.947379316805
54475,32.208065115012324,1249.4999999991455,7649.9884209486745
54476,32.208065115012324,1249.5199999991455,7650.0294622254
54477,32.208065115012324,1249.5399999991455,7650.070503146852
54478,32.208065115012324,1249.5599999991455,7650.111543713014
54479,32.208065115012324,1249.5799999991455,7650.152583923872
54480,32.208065115012324,1249.5999999991454,7650.193623779414
54481,32.208065115012324,1249.6199999991454,7650.234663279629
54482,32.208065115012324,1249.6399999991454,7650.275702424504
54483,32.208065115012324,1249.6599999991454,7650.316741214027
54484,32.208065115012324,1249.6799999991454,7650.357779648187
54485,32.208065115012324,1249.6999999991453,7650.398817726971
54486,32.208065115012324,1249.7199999991453,7650.439855450368
54487,32.208065115012324,1249.7399999991453,7650.480892818365
54488,32.208065115012324,1249.7599999991453,7650.52192983095
54489,32.208065115012324,1249.7799999991453,7650.562966488113
54490,32.208065115012324,1249.7999999991453,7650.60400278984
54491,32.208065115012324,1249.8199999991452,7650.645038736119
54492,32.208065115012324,1249.8399999991452,7650.686074326939
54493,32.208065115012324,1249.8599999991452,7650.727109562287
54494,32.208065115012324,1249.8799999991452,7650.768144442152
54495,32.208065115012324,1249.8999999991452,7650.809178966522
54496,32.208065115012324,1249.9199999991451,7650.850213135385
54497,32.208065115012324,1249.9399999991451,7650.891246948729
54498,32.208065115012324,1249.959999999145,7650.9322804065405
54499,32.208065115012324,1249.979999999145,7650.973313508809
54500,32.208065115012324,1249.999999999145,7651.0143462555225
54501,32.208065115012324,1250.019999999145,7651.055378646669
54502,32.208065115012324,1250.039999999145,7651.096410682236
54503,32.208065115012324,1250.059999999145,7651.137442362212
54504,32.208065115012324,1250.079999999145,7651.178473686585
54505,32.208065115012324,1250.099999999145,7651.2195046553425
54506,32.208065115012324,1250.119999999145,7651.260535268473
54507,32.208065115012324,1250.139999999145,7651.301565525964
54508,32.208065115012324,1250.159999999145,7651.342595427805
54509,32.208065115012324,1250.179999999145,7651.383624973982
54510,32.208065115012324,1250.199999999145,7651.424654164483
54511,32.208065115012324,1250.2199999991449,7651.465682999298
54512,32.208065115012324,1250.2399999991449,7651.506711478414
54513,32.208065115012324,1250.2599999991448,7651.54773960182
54514,32.208065115012324,1250.2799999991448,7651.5887673695015
54515,32.208065115012324,1250.2999999991448,7651.629794781448
54516,32.208065115012324,1250.3199999991448,7651.670821837648
54517,32.208065115012324,1250.3399999991448,7651.711848538089
54518,32.208065115012324,1250.3599999991447,7651.7528748827835
54519,32.208065115012324,1250.3799999991447,7651.793900872369
54520,32.208065115012324,1250.3999999991447,7651.8349265072675
54521,32.208065115012324,1250.4199999991447,7651.875951787468
54522,32.208065115012324,1250.4399999991447,7651.916976712957
54523,32.208065115012324,1250.4599999991447,7651.958001283723
54524,32.208065115012324,1250.4799999991446,7651.999025499756
54525,32.208065115012324,1250.4999999991446,7652.0400493610405
54526,32.208065115012324,1250.5199999991446,7652.081072867567
54527,32.208065115012324,1250.5399999991446,7652.122096019323
54528,32.208065115012324,1250.5599999991446,7652.163118816296
54529,32.208065115012324,1250.5799999991445,7652.204141258476
54530,32.208065115012324,1250.5999999991445,7652.245163345849
54531,32.208065115012324,1250.6199999991445,7652.286185078403
54532,32.208065115012324,1250.6399999991445,7652.327206456127
54533,32.208065115012324,1250.6599999991445,7652.368227479008
54534,32.208065115012324,1250.6799999991445,7652.409248147035
54535,32.208065115012324,1250.6999999991444,7652.450268460196
54536,32.208065115012324,1250.7199999991444,7652.491288418478
54537,32.208065115012324,1250.7399999991444,7652.5323080218695
54538,32.208065115012324,1250.7599999991444,7652.573327270359
54539,32.208065115012324,1250.7799999991444,7652.614346163935
54540,32.208065115012324,1250.7999999991443,7652.655364702585
54541,32.208065115012324,1250.8199999991443,7652.696382886296
54542,32.208065115012324,1250.8399999991443,7652.737400715057
54543,32.208065115012324,1250.8599999991443,7652.778418188856
54544,32.208065115012324,1250.8799999991443,7652.8194353076815
54545,32.208065115012324,1250.8999999991443,7652.860452071521
54546,32.208065115012324,1250.9199999991442,7652.901468480362
54547,32.208065115012324,1250.9399999991442,7652.942484534194
54548,32.208065115012324,1250.9599999991442,7652.983500233004
54549,32.208065115012324,1250.9799999991442,7653.02451557678
54550,32.208065115012324,1250.9999999991442,7653.06553056551
54551,32.208065115012324,1251.0199999991441,7653.106545199183
54552,32.208065115012324,1251.0399999991441,7653.147559477785
54553,32.208065115012324,1251.059999999144,7653.188573401306
54554,32.208065115012324,1251.079999999144,7653.229586969733
54555,32.208065115012324,1251.099999999144,7653.270600183054
54556,32.208065115012324,1251.119999999144,7653.311613041258
54557,32.208065115012324,1251.139999999144,7653.352625544332
54558,32.208065115012324,1251.159999999144,7653.393637692265
54559,32.208065115012324,1251.179999999144,7653.434649485044
54560,32.208065115012324,1251.199999999144,7653.475660922658
54561,32.208065115012324,1251.219999999144,7653.516672005095
54562,32.208065115012324,1251.239999999144,7653.557682732342
54563,32.208065115012324,1251.259999999144,7653.598693104388
54564,32.208065115012324,1251.279999999144,7653.63970312122
54565,32.208065115012324,1251.299999999144,7653.680712782827
54566,32.208065115012324,1251.3199999991439,7653.721722089197
54567,32.208065115012324,1251.3399999991439,7653.762731040318
54568,32.208065115012324,1251.3599999991438,7653.803739636177
54569,32.208065115012324,1251.3799999991438,7653.8447478768
54570,32.208065115012324,1251.3999999991438,7653.885755762878
54571,32.208065115012324,1251.4199999991438,7653.926763294768
54572,32.208065115012324,1251.4399999991438,7653.967770472457
54573,32.208065115012324,1251.4599999991437,7654.008777295934
54574,32.208065115012324,1251.4799999991437,7654.0497837651865
54575,32.208065115012324,1251.4999999991437,7654.0907898802025
54576,32.208065115012324,1251.5199999991437,7654.13179564097
54577,32.208065115012324,1251.5399999991437,7654.172801047478
54578,32.208065115012324,1251.5599999991437,7654.213806099714
54579,32.208065115012324,1251.5799999991436,7654.254810797665
54580,32.208065115012324,1251.5999999991436,7654.295815141321
54581,32.208065115012324,1251.6199999991436,7654.336819130669
54582,32.208065115012324,1251.6399999991436,7654.377822765697
54583,32.208065115012324,1251.6599999991436,7654.4188260463925
54584,32.208065115012324,1251.6799999991435,7654.459828972745
54585,32.208065115012324,1251.6999999991435,7654.500831544741
54586,32.208065115012324,1251.7199999991435,7654.5418337623705
54587,32.208065115012324,1251.7399999991435,7654.58283562562
54588,32.208065115012324,1251.7599999991435,7654.623837134477
54589,32.208065115012324,1251.7799999991435,7654.664838288932
54590,32.208065115012324,1251.7999999991434,7654.705839088971
54591,32.208065115012324,1251.8199999991434,7654.746839534582
54592,32.208065115012324,1251.8399999991434,7654.787839625755
54593,32.208065115012324,1251.8599999991434,7654.828839362475
54594,32.208065115012324,1251.8799999991434,7654.869838744733
54595,32.208065115012324,1251.8999999991433,7654.910837772515
54596,32.208065115012324,1251.9199999991433,7654.951836445811
54597,32.208065115012324,1251.9399999991433,7654.992834764607
54598,32.208065115012324,1251.9599999991433,7655.033832728893
54599,32.208065115012324,1251.9799999991433,7655.074830338655
54600,32.208065115012324,1251.9999999991433,7655.115827593882
54601,32.208065115012324,1252.0199999991432,7655.156824494563
54602,32.208065115012324,1252.0399999991432,7655.197821040684
54603,32.208065115012324,1252.0599999991432,7655.238817232235
54604,32.208065115012324,1252.0799999991432,7655.279813069204
54605,32.208065115012324,1252.0999999991432,7655.320808551577
54606,32.208065115012324,1252.1199999991431,7655.361803679344
54607,32.208065115012324,1252.1399999991431,7655.402798452493
54608,32.208065115012324,1252.159999999143,7655.443792871011
54609,32.208065115012324,1252.179999999143,7655.484786934887
54610,32.208065115012324,1252.199999999143,7655.525780644108
54611,32.208065115012324,1252.219999999143,7655.566773998663
54612,32.208065115012324,1252.239999999143,7655.60776699854
54613,32.208065115012324,1252.259999999143,7655.648759643726
54614,32.208065115012324,1252.279999999143,7655.689751934211
54615,32.208065115012324,1252.299999999143,7655.730743869982
54616,32.208065115012324,1252.319999999143,7655.771735451026
54617,32.208065115012324,1252.339999999143,7655.812726677333
54618,32.208065115012324,1252.359999999143,7655.853717548889
54619,32.208065115012324,1252.379999999143,7655.8947080656835
54620,32.208065115012324,1252.399999999143,7655.935698227759
54621,32.208065115012324,1252.4199999991429,7655.976688035914
54622,32.208065115012324,1252.4399999991429,7656.017677490465
54623,32.208065115012324,1252.4599999991428,7656.058666591399
54624,32.208065115012324,1252.4799999991428,7656.099655338704
54625,32.208065115012324,1252.4999999991428,7656.1406437323685
54626,32.208065115012324,1252.5199999991428,7656.181631772381
54627,32.208065115012324,1252.5399999991428,7656.222619458728
54628,32.208065115012324,1252.5599999991427,7656.263606791399
54629,32.208065115012324,1252.5799999991427,7656.304593770382
54630,32.208065115012324,1252.5999999991427,7656.345580395664
54631,32.208065115012324,1252.6199999991427,7656.386566667234
54632,32.208065115012324,1252.6399999991427,7656.427552585079
54633,32.208065115012324,1252.6599999991427,7656.468538149188
54634,32.208065115012324,1252.6799999991426,7656.509523359549
54635,32.208065115012324,1252.6999999991426,7656.55050821615
54636,32.208065115012324,1252.7199999991426,7656.591492718978
54637,32.208065115012324,1252.7399999991426,7656.632476868022
54638,32.208065115012324,1252.7599999991426,7656.673460663271
54639,32.208065115012324,1252.7799999991425,7656.71444410471
54640,32.208065115012324,1252.7999999991425,7656.75542719233
54641,32.208065115012324,1252.8199999991425,7656.796409926118
54642,32.208065115012324,1252.8399999991425,7656.837392306062
54643,32.208065115012324,1252.8599999991425,7656.878374332149
54644,32.208065115012324,1252.8799999991425,7656.91935600437
54645,32.208065115012324,1252.8999999991424,7656.960337322709
54646,32.208065115012324,1252.9199999991424,7657.001318287157
54647,32.208065115012324,1252.9399999991424,7657.042298897702
54648,32.208065115012324,1252.9599999991424,7657.08327915433
54649,32.208065115012324,1252.9799999991424,7657.124259057031
54650,32.208065115012324,1252.9999999991423,7657.165238605792
54651,32.208065115012324,1253.0199999991423,7657.206217800602
54652,32.208065115012324,1253.0399999991423,7657.247196641448
54653,32.208065115012324,1253.0599999991423,7657.2881751283185
54654,32.208065115012324,1253.0799999991423,7657.329153261201
54655,32.208065115012324,1253.0999999991423,7657.370131040085
54656,32.208065115012324,1253.1199999991422,7657.411108464957
54657,32.16608182460694,1253.1399999991422,7657.452085535805
54658,32.16608182460694,1253.1599999991422,7657.493062252618
54659,32.16608182460694,1253.1799999991422,7657.534038615384
54660,32.16608182460694,1253.1999999991422,7657.575014624091
54661,32.16608182460694,1253.2199999991421,7657.615990278726
54662,32.16608182460694,1253.2399999991421,7657.656965579278
54663,32.16608182460694,1253.259999999142,7657.697940525735
54664,32.16608182460694,1253.279999999142,7657.738915118085
54665,32.16608182460694,1253.299999999142,7657.779889356316
54666,32.16608182460694,1253.319999999142,7657.820863240416
54667,32.16608182460694,1253.339999999142,7657.861836770372
54668,32.16608182460694,1253.359999999142,7657.902809946174
54669,32.16608182460694,1253.379999999142,7657.943782767808
54670,32.16608182460694,1253.399999999142,7657.984755235264
54671,32.16608182460694,1253.419999999142,7658.025727348587
54672,32.16608182460694,1253.439999999142,7658.066699108507
54673,32.16608182460694,1253.459999999142,7658.107670515232
54674,32.16608182460694,1253.479999999142,7658.148641568749
54675,32.16608182460694,1253.499999999142,7658.189612269046
54676,32.16608182460694,1253.5199999991419,7658.230582616113
54677,32.16608182460694,1253.5399999991419,7658.271552609936
54678,32.16608182460694,1253.5599999991418,7658.312522250505
54679,32.16608182460694,1253.5799999991418,7658.353491537808
54680,32.16608182460694,1253.5999999991418,7658.394460471832
54681,32.16608182460694,1253.6199999991418,7658.435429052566
54682,32.16608182460694,1253.6399999991418,7658.476397279998
54683,32.16608182460694,1253.6599999991417,7658.517365154117
54684,32.16608182460694,1253.6799999991417,7658.558332674911
54685,32.16608182460694,1253.6999999991417,7658.599299842367
54686,32.16608182460694,1253.7199999991417,7658.6402666564745
54687,32.16608182460694,1253.7399999991417,7658.681233117221
54688,32.16608182460694,1253.7599999991417,7658.722199224596
54689,32.16608182460694,1253.7799999991416,7658.763164978586
54690,32.16608182460694,1253.7999999991416,7658.804130379181
54691,32.16608182460694,1253.8199999991416,7658.845095426367
54692,32.16608182460694,1253.8399999991416,7658.886060120134
54693,32.16608182460694,1253.8599999991416,7658.9270244604695
54694,32.16608182460694,1253.8799999991415,7658.967988447362
54695,32.16608182460694,1253.8999999991415,7659.0089520808
54696,32.16608182460694,1253.9199999991415,7659.049915360771
54697,32.16608182460694,1253.9399999991415,7659.090878287263
54698,32.16608182460694,1253.9599999991415,7659.131840860266
54699,32.16608182460694,1253.9799999991415,7659.172803079766
54700,32.16608182460694,1253.9999999991414,7659.213764945753
54701,32.16608182460694,1254.0199999991414,7659.254726458214
54702,32.16608182460694,1254.0399999991414,7659.295687617137
54703,32.16608182460694,1254.0599999991414,7659.336648422513
54704,32.16608182460694,1254.0799999991414,7659.377608874326
54705,32.16608182460694,1254.0999999991413,7659.418568972567
54706,32.16608182460694,1254.1199999991413,7659.459528717224
54707,32.16608182460694,1254.1399999991413,7659.500488108285
54708,32.16608182460694,1254.1599999991413,7659.541447145738
54709,32.16608182460694,1254.1799999991413,7659.582405829571
54710,32.16608182460694,1254.1999999991413,7659.623364159773
54711,32.16608182460694,1254.2199999991412,7659.664322136331
54712,32.16608182460694,1254.2399999991412,7659.705279759234
54713,32.16608182460694,1254.2599999991412,7659.74623702847
54714,32.16608182460694,1254.2799999991412,7659.787193944028
54715,32.16608182460694,1254.2999999991412,7659.828150505896
54716,32.16608182460694,1254.3199999991411,7659.869106714061
54717,32.16608182460694,1254.3399999991411,7659.910062568512
54718,32.16608182460694,1254.359999999141,7659.951018069238
54719,32.16608182460694,1254.379999999141,7659.991973216226
54720,32.16608182460694,1254.399999999141,7660.032928009412
54721,32.16608182460694,1254.419999999141,7660.073882448683
54722,32.16608182460694,1254.439999999141,7660.1148365341
54723,32.16608182460694,1254.459999999141,7660.155790266491
54724,32.16608182460694,1254.479999999141,7660.196743646015
54725,32.16608182460694,1254.499999999141,7660.2376966726615
54726,32.16608182460694,1254.519999999141,7660.278649346416
54727,32.16608182460694,1254.539999999141,7660.319601667269
54728,32.16608182460694,1254.559999999141,7660.360553635208
54729,32.16608182460694,1254.579999999141,7660.401505250221
54730,32.16608182460694,1254.599999999141,7660.442456512296
54731,32.16608182460694,1254.6199999991409,7660.483407421422
54732,32.16608182460694,1254.6399999991409,7660.524357977588
54733,32.16608182460694,1254.6599999991408,7660.56530818078
54734,32.16608182460694,1254.6799999991408,7660.606258030989
54735,32.16608182460694,1254.6999999991408,7660.647207528201
54736,32.16608182460694,1254.7199999991408,7660.688156672405
54737,32.16608182460694,1254.7399999991408,7660.72910546359
54738,32.16608182460694,1254.7599999991407,7660.770053901743
54739,32.16608182460694,1254.7799999991407,7660.811001986854
54740,32.16608182460694,1254.7999999991407,7660.851949718909
54741,32.16608182460694,1254.8199999991407,7660.892897097898
54742,32.16608182460694,1254.8399999991407,7660.933844123809
54743,32.16608182460694,1254.8599999991407,7660.974790796629
54744,32.16608182460694,1254.8799999991406,7661.015737116349
54745,32.16608182460694,1254.8999999991406,7661.056683082955
54746,32.16608182460694,1254.9199999991406,7661.097628696436
54747,32.16608182460694,1254.9399999991406,7661.1385739567795
54748,32.16608182460694,1254.9599999991406,7661.179518863975
54749,32.16608182460694,1254.9799999991405,7661.220463418011
54750,32.16608182460694,1254.9999999991405,7661.261407618874
54751,32.16608182460694,1255.0199999991405,7661.302351466553
54752,32.16608182460694,1255.0399999991405,7661.343294961037
54753,32.16608182460694,1255.0599999991405,7661.384238102314
54754,32.16608182460694,1255.0799999991405,7661.425180890372
54755,32.16608182460694,1255.0999999991404,7661.466123325199
54756,32.16608182460694,1255.1199999991404,7661.507065406784
54757,32.16608182460694,1255.1399999991404,7661.548007135115
54758,32.16608182460694,1255.1599999991404,7661.58894851018
54759,32.16608182460694,1255.1799999991404,7661.629889531967
54760,32.16608182460694,1255.1999999991403,7661.670830200465
54761,32.16608182460694,1255.2199999991403,7661.7117705156625
54762,32.16608182460694,1255.2399999991403,7661.752710477547
54763,32.16608182460694,1255.2599999991403,7661.793650086108
54764,32.16608182460694,1255.2799999991403,7661.834589341332
54765,32.16608182460694,1255.2999999991403,7661.875528243208
54766,32.16608182460694,1255.3199999991402,7661.916466791724
54767,32.16608182460694,1255.3399999991402,7661.95740498687
54768,32.16608182460694,1255.3599999991402,7661.998342828632
54769,32.16608182460694,1255.3799999991402,7662.039280317
54770,32.16608182460694,1255.3999999991402,7662.080217451961
54771,32.16608182460694,1255.4199999991401,7662.121154233504
54772,32.16608182460694,1255.4399999991401,7662.162090661617
54773,32.16608182460694,1255.45999999914,7662.203026736377
54774,32.16608182460694,1255.47999999914,7662.243962458671
54775,32.16608182460694,1255.49999999914,7662.284897828595
54776,32.16608182460694,1255.51999999914,7662.325832846135
54777,32.16608182460694,1255.53999999914,7662.366767511282
54778,32.16608182460694,1255.55999999914,7662.407701824022
54779,32.16608182460694,1255.57999999914,7662.448635784344
54780,32.16608182460694,1255.59999999914,7662.489569392237
54781,32.16608182460694,1255.61999999914,7662.530502647689
54782,32.16608182460694,1255.63999999914,7662.571435550687
54783,32.16608182460694,1255.65999999914,7662.61236810122
54784,32.16608182460694,1255.67999999914,7662.653300299277
54785,32.16608182460694,1255.69999999914,7662.694232144846
54786,32.16608182460694,1255.7199999991399,7662.735163637914
54787,32.16608182460694,1255.7399999991399,7662.776094778472
54788,32.16608182460694,1255.7599999991398,7662.817025566505
54789,32.16608182460694,1255.7799999991398,7662.857956002004
54790,32.16608182460694,1255.7999999991398,7662.898886084956
54791,32.16608182460694,1255.8199999991398,7662.939815815349
54792,32.16608182460694,1255.8399999991398,7662.980745193172
54793,32.16608182460694,1255.8599999991397,7663.021674218413
54794,32.16608182460694,1255.8799999991397,7663.06260289106
54795,32.16608182460694,1255.8999999991397,7663.103531211102
54796,32.16608182460694,1255.9199999991397,7663.144459178527
54797,32.16608182460694,1255.9399999991397,7663.185386793322
54798,32.16608182460694,1255.9599999991397,7663.226314055478
54799,32.16608182460694,1255.9799999991396,7663.26724096498
54800,32.16608182460694,1255.9999999991396,7663.308167521819
54801,32.16608182460694,1256.0199999991396,7663.349093725982
54802,32.16608182460694,1256.0399999991396,7663.390019577458
54803,32.16608182460694,1256.0599999991396,7663.430945076234
54804,32.16608182460694,1256.0799999991395,7663.471870222299
54805,32.16608182460694,1256.0999999991395,7663.512795015641
54806,32.16608182460694,1256.1199999991395,7663.553719456249
54807,32.16608182460694,1256.1399999991395,7663.594643544111
54808,32.16608182460694,1256.1599999991395,7663.635567279215
54809,32.16608182460694,1256.1799999991395,7663.67649066155
54810,32.16608182460694,1256.1999999991394,7663.7174136911035
54811,32.16608182460694,1256.2199999991394,7663.758336367864
54812,32.16608182460694,1256.2399999991394,7663.79925869182
54813,32.16608182460694,1256.2599999991394,7663.840180662959
54814,32.16608182460694,1256.2799999991394,7663.88110228127
54815,32.16608182460694,1256.2999999991393,7663.922023546741
54816,32.16608182460694,1256.3199999991393,7663.96294445936
54817,32.16608182460694,1256.3399999991393,7664.003865019116
54818,32.16608182460694,1256.3599999991393,7664.044785225998
54819,32.16608182460694,1256.3799999991393,7664.085705079991
54820,32.16608182460694,1256.3999999991393,7664.126624581087
54821,32.16608182460694,1256.4199999991392,7664.1675437292715
54822,32.16608182460694,1256.4399999991392,7664.208462524535
54823,32.16608182460694,1256.4599999991392,7664.249380966865
54824,32.16608182460694,1256.4799999991392,7664.290299056391
54825,32.16608182460694,1256.4999999991392,7664.331216793972
54826,32.16608182460694,1256.5199999991391,7664.372134179679
54827,32.16608182460694,1256.5399999991391,7664.4130512135
54828,32.16608182460694,1256.559999999139,7664.4539678954225
54829,32.16608182460694,1256.579999999139,7664.494884225436
54830,32.16608182460694,1256.599999999139,7664.535800203528
54831,32.16608182460694,1256.619999999139,7664.576715829688
54832,32.16608182460694,1256.639999999139,7664.617631103902
54833,32.16608182460694,1256.659999999139,7664.6585460261595
54834,32.16608182460694,1256.679999999139,7664.699460596449
54835,32.16608182460694,1256.699999999139,7664.740374814758
54836,32.16608182460694,1256.719999999139,7664.781288681075
54837,32.16608182460694,1256.739999999139,7664.822202195389
54838,32.16608182460694,1256.759999999139,7664.863115357688
54839,32.16608182460694,1256.779999999139,7664.90402816796
54840,32.16608182460694,1256.799999999139,7664.944940626193
54841,32.16608182460694,1256.8199999991389,7664.985852732376
54842,32.16608182460694,1256.8399999991389,7665.026764486496
54843,32.16608182460694,1256.8599999991388,7665.067675888543
54844,32.16608182460694,1256.8799999991388,7665.108586938504
54845,32.16608182460694,1256.8999999991388,7665.149497636368
54846,32.16608182460694,1256.9199999991388,7665.190407982123
54847,32.16608182460694,1256.9399999991388,7665.2313179757575
54848,32.16608182460694,1256.9599999991387,7665.272227617259
54849,32.16608182460694,1256.9799999991387,7665.313136906616
54850,32.16608182460694,1256.9999999991387,7665.354045843817
54851,32.16608182460694,1257.0199999991387,7665.394954428851
54852,32.16608182460694,1257.0399999991387,7665.435862661705
54853,32.16608182460694,1257.0599999991387,7665.476770542367
54854,32.16608182460694,1257.0799999991386,7665.517678070827
54855,32.16608182460694,1257.0999999991386,7665.558585247072
54856,32.16608182460694,1257.1199999991386,7665.599492071091
54857,32.16608182460694,1257.1399999991386,7665.6403985428715
54858,32.16608182460694,1257.1599999991386,7665.681304662402
54859,32.16608182460694,1257.1799999991385,7665.722210429671
54860,32.16608182460694,1257.1999999991385,7665.763115844667
54861,32.16608182460694,1257.2199999991385,7665.804020907377
54862,32.16608182460694,1257.2399999991385,7665.844925617791
54863,32.16608182460694,1257.2599999991385,7665.885829975897
54864,32.16608182460694,1257.2799999991385,7665.9267339816815
54865,32.16608182460694,1257.2999999991384,7665.967637635134
54866,32.16608182460694,1257.3199999991384,7666.008540936244
54867,32.16608182460694,1257.3399999991384,7666.049443884997
54868,32.16608182460694,1257.3599999991384,7666.090346481385
54869,32.16608182460694,1257.3799999991384,7666.131248725393
54870,32.16608182460694,1257.3999999991383,7666.17215061701
54871,32.16608182460694,1257.4199999991383,7666.213052156225
54872,32.16608182460694,1257.4399999991383,7666.253953343025
54873,32.16608182460694,1257.4599999991383,7666.2948541774
54874,32.16608182460694,1257.4799999991383,7666.335754659338
54875,32.16608182460694,1257.4999999991383,7666.376654789032
54876,32.16608182460694,1257.5199999991382,7666.417554567292
54877,32.16608182460694,1257.5399999991382,7666.458453994176
54878,32.16608182460694,1257.5599999991382,7666.499353069671
54879,32.16608182460694,1257.5799999991382,7666.5402517937655
54880,32.16608182460694,1257.5999999991382,7666.5811501664475
54881,32.16608182460694,1257.6199999991381,7666.622048187705
54882,32.16608182460694,1257.6399999991381,7666.662945857527
54883,32.16608182460694,1257.659999999138,7666.703843175902
54884,32.16608182460694,1257.679999999138,7666.744740142817
54885,32.16608182460694,1257.699999999138,7666.785636758261
54886,32.16608182460694,1257.719999999138,7666.826533022222
54887,32.16608182460694,1257.739999999138,7666.867428934688
54888,32.16608182460694,1257.759999999138,7666.908324495647
54889,32.16608182460694,1257.779999999138,7666.949219705089
54890,32.16608182460694,1257.799999999138,7666.990114562999
54891,32.16608182460694,1257.819999999138,7667.031009069368
54892,32.16608182460694,1257.839999999138,7667.071903224183
54893,32.16608182460694,1257.859999999138,7667.112797027433
54894,32.16608182460694,1257.879999999138,7667.153690479105
54895,32.16608182460694,1257.899999999138,7667.194583579188
54896,32.16608182460694,1257.9199999991379,7667.23547632767
54897,32.16608182460694,1257.9399999991379,7667.276368724539
54898,32.16608182460694,1257.9599999991378,7667.317260769783
54899,32.16608182460694,1257.9799999991378,7667.358152463392
54900,32.16608182460694,1257.9999999991378,7667.399043805352
54901,32.16608182460694,1258.0199999991378,7667.439934795652
54902,32.16608182460694,1258.0399999991378,7667.480825434281
54903,32.16608182460694,1258.0599999991377,7667.5217157212255
54904,32.16608182460694,1258.0799999991377,7667.562605656475
54905,32.16608182460694,1258.0999999991377,7667.603495240018
54906,32.16608182460694,1258.1199999991377,7667.6443844718415
54907,32.16608182460694,1258.1399999991377,7667.6852733519345
54908,32.16608182460694,1258.1599999991377,7667.726161880285
54909,32.16608182460694,1258.1799999991376,7667.767050056881
54910,32.16608182460694,1258.1999999991376,7667.807937881712
54911,32.16608182460694,1258.2199999991376,7667.848825354765
54912,32.16608182460694,1258.2399999991376,7667.889712476028
54913,32.16608182460694,1258.2599999991376,7667.930599245489
54914,32.16608182460694,1258.2799999991375,7667.971485663138
54915,32.16608182460694,1258.2999999991375,7668.012371728962
54916,32.16608182460694,1258.3199999991375,7668.053257442948
54917,32.16608182460694,1258.3399999991375,7668.094142805086
54918,32.16608182460694,1258.3599999991375,7668.135027815364
54919,32.16608182460694,1258.3799999991375,7668.17591247377
54920,32.16608182460694,1258.3999999991374,7668.216796780292
54921,32.16608182460694,1258.4199999991374,7668.257680734918
54922,32.16608182460694,1258.4399999991374,7668.298564337637
54923,32.16608182460694,1258.4599999991374,7668.339447588436
54924,32.16608182460694,1258.4799999991374,7668.3803304873045
54925,32.16608182460694,1258.4999999991373,7668.42121303423
54926,32.16608182460694,1258.5199999991373,7668.462095229488
54927,32.16608182460694,1258.5399999991373,7668.502977073886
54928,32.16608182460694,1258.5599999991373,7668.543858567469
54929,32.16608182460694,1258.5799999991373,7668.584739710227
54930,32.16608182460694,1258.5999999991373,7668.625620502146
54931,32.16608182460694,1258.6199999991372,7668.666500943216
54932,32.1241896638737,1258.6399999991372,7668.707381033425
54933,32.1241896638737,1258.6599999991372,7668.748260772761
54934,32.1241896638737,1258.6799999991372,7668.7891401612105
54935,32.1241896638737,1258.6999999991372,7668.830019198764
54936,32.1241896638737,1258.7199999991371,7668.870897885408
54937,32.1241896638737,1258.7399999991371,7668.911776221132
54938,32.1241896638737,1258.759999999137,7668.952654205923
54939,32.1241896638737,1258.779999999137,7668.993531839769
54940,32.1241896638737,1258.799999999137,7669.03440912266
54941,32.1241896638737,1258.819999999137,7669.075286054582
54942,32.1241896638737,1258.839999999137,7669.116162635524
54943,32.1241896638737,1258.859999999137,7669.1570388654745
54944,32.1241896638737,1258.879999999137,7669.197914744421
54945,32.1241896638737,1258.899999999137,7669.238790272352
54946,32.1241896638737,1258.919999999137,7669.279665449256
54947,32.1241896638737,1258.939999999137,7669.32054027512
54948,32.1241896638737,1258.959999999137,7669.361414749933
54949,32.1241896638737,1258.979999999137,7669.402288873684
54950,32.1241896638737,1258.999999999137,7669.443162646359
54951,32.1241896638737,1259.0199999991369,7669.484036067948
54952,32.1241896638737,1259.0399999991369,7669.5249091384385
54953,32.1241896638737,1259.0599999991368,7669.565781857818
54954,32.1241896638737,1259.0799999991368,7669.606654226076
54955,32.1241896638737,1259.0999999991368,7669.6475262431995
54956,32.1241896638737,1259.1199999991368,7669.688397909176
54957,32.1241896638737,1259.1399999991368,7669.729269223995
54958,32.1241896638737,1259.1599999991367,7669.770140187645
54959,32.1241896638737,1259.1799999991367,7669.811010800113
54960,32.1241896638737,1259.1999999991367,7669.851881061388
54961,32.1241896638737,1259.2199999991367,7669.892750971457
54962,32.1241896638737,1259.2399999991367,7669.933620530309
54963,32.1241896638737,1259.2599999991367,7669.974489737932
54964,32.1241896638737,1259.2799999991366,7670.015358594305
54965,32.1241896638737,1259.2999999991366,7670.0562270993105
54966,32.1241896638737,1259.3199999991366,7670.097095252909
54967,32.1241896638737,1259.3399999991366,7670.137963055088
54968,32.1241896638737,1259.3599999991366,7670.178830505838
54969,32.1241896638737,1259.3799999991365,7670.219697605146
54970,32.1241896638737,1259.3999999991365,7670.260564353001
54971,32.1241896638737,1259.4199999991365,7670.301430749391
54972,32.1241896638737,1259.4399999991365,7670.342296794304
54973,32.1241896638737,1259.4599999991365,7670.383162487729
54974,32.1241896638737,1259.4799999991365,7670.424027829654
54975,32.1241896638737,1259.4999999991364,7670.464892820067
54976,32.1241896638737,1259.5199999991364,7670.505757458957
54977,32.1241896638737,1259.5399999991364,7670.546621746614
54978,32.1241896638737,1259.5599999991364,7670.58748568367
54979,32.1241896638737,1259.5799999991364,7670.628349270153
54980,32.1241896638737,1259.5999999991363,7670.669212506052
54981,32.1241896638737,1259.6199999991363,7670.710075391355
54982,32.1241896638737,1259.6399999991363,7670.750937926049
54983,32.1241896638737,1259.6599999991363,7670.791800110124
54984,32.1241896638737,1259.6799999991363,7670.832661943569
54985,32.1241896638737,1259.6999999991363,7670.873523426371
54986,32.1241896638737,1259.7199999991362,7670.9143845585195
54987,32.1241896638737,1259.7399999991362,7670.955245340003
54988,32.1241896638737,1259.7599999991362,7670.996105770809
54989,32.1241896638737,1259.7799999991362,7671.036965850926
54990,32.1241896638737,1259.7999999991362,7671.077825580343
54991,32.1241896638737,1259.8199999991361,7671.1186849590495
54992,32.1241896638737,1259.8399999991361,7671.1595439870325
54993,32.1241896638737,1259.859999999136,7671.200402664281
54994,32.1241896638737,1259.879999999136,7671.241260990782
54995,32.1241896638737,1259.899999999136,7671.2821189665265
54996,32.1241896638737,1259.919999999136,7671.322976591501
54997,32.1241896638737,1259.939999999136,7671.363833865695
54998,32.1241896638737,1259.959999999136,7671.404690789096
54999,32.1241896638737,1259.979999999136,7671.445547361694
55000,32.1241896638737,1259.999999999136,7671.486403583475
55001,32.1241896638737,1260.019999999136,7671.52725945443
55002,32.1241896638737,1260.039999999136,7671.568114974547
55003,32.1241896638737,1260.059999999136,7671.608970143813
55004,32.1241896638737,1260.079999999136,7671.649824962218
55005,32.1241896638737,1260.099999999136,7671.69067942975
55006,32.1241896638737,1260.1199999991359,7671.731533546397
55007,32.1241896638737,1260.1399999991359,7671.772387312148
55008,32.1241896638737,1260.1599999991358,7671.81324072699
55009,32.1241896638737,1260.1799999991358,7671.854093790914
55010,32.1241896638737,1260.1999999991358,7671.894946503907
55011,32.1241896638737,1260.2199999991358,7671.935798865958
55012,32.1241896638737,1260.2399999991358,7671.976650877054
55013,32.1241896638737,1260.2599999991357,7672.0175025371855
55014,32.1241896638737,1260.2799999991357,7672.05835384634
55015,32.1241896638737,1260.2999999991357,7672.0992048045055
55016,32.1241896638737,1260.3199999991357,7672.140055411671
55017,32.1241896638737,1260.3399999991357,7672.180905667825
55018,32.1241896638737,1260.3599999991357,7672.221755572956
55019,32.1241896638737,1260.3799999991356,7672.262605127052
55020,32.1241896638737,1260.3999999991356,7672.303454330102
55021,32.1241896638737,1260.4199999991356,7672.344303182094
55022,32.1241896638737,1260.4399999991356,7672.385151683017
55023,32.1241896638737,1260.4599999991356,7672.42599983286
55024,32.1241896638737,1260.4799999991355,7672.466847631609
55025,32.1241896638737,1260.4999999991355,7672.507695079255
55026,32.1241896638737,1260.5199999991355,7672.548542175786
55027,32.1241896638737,1260.5399999991355,7672.589388921189
55028,32.1241896638737,1260.5599999991355,7672.630235315849
55029,32.1241896638737,1260.5799999991355,7672.6710813604095
55030,32.1241896638737,1260.5999999991354,7672.71192705489
55031,32.1241896638737,1260.6199999991354,7672.752772399279
55032,32.1241896638737,1260.6399999991354,7672.793617393564
55033,32.1241896638737,1260.6599999991354,7672.834462037734
55034,32.1241896638737,1260.6799999991354,7672.875306331777
55035,32.1241896638737,1260.6999999991353,7672.916150275682
55036,32.1241896638737,1260.7199999991353,7672.9569938694385
55037,32.1241896638737,1260.7399999991353,7672.997837113033
55038,32.1241896638737,1260.7599999991353,7673.038680006455
55039,32.1241896638737,1260.7799999991353,7673.079522549693
55040,32.1241896638737,1260.7999999991353,7673.120364742736
55041,32.1241896638737,1260.8199999991352,7673.161206585572
55042,32.1241896638737,1260.8399999991352,7673.202048078188
55043,32.1241896638737,1260.8599999991352,7673.242889220575
55044,32.1241896638737,1260.8799999991352,7673.283730012721
55045,32.1241896638737,1260.8999999991352,7673.324570454614
55046,32.1241896638737,1260.9199999991351,7673.365410546243
55047,32.1241896638737,1260.9399999991351,7673.406250287595
55048,32.1241896638737,1260.959999999135,7673.44708967866
55049,32.1241896638737,1260.979999999135,7673.487928719426
55050,32.1241896638737,1260.999999999135,7673.528767409882
55051,32.1241896638737,1261.019999999135,7673.569605750015
55052,32.1241896638737,1261.039999999135,7673.610443739816
55053,32.1241896638737,1261.059999999135,7673.6512813792715
55054,32.1241896638737,1261.079999999135,7673.69211866837
55055,32.1241896638737,1261.099999999135,7673.732955607102
55056,32.1241896638737,1261.119999999135,7673.773792195454
55057,32.1241896638737,1261.139999999135,7673.814628433415
55058,32.1241896638737,1261.159999999135,7673.855464320974
55059,32.1241896638737,1261.179999999135,7673.896299858118
55060,32.1241896638737,1261.199999999135,7673.937135044837
55061,32.1241896638737,1261.2199999991349,7673.97796988112
55062,32.1241896638737,1261.2399999991349,7674.018804366954
55063,32.1241896638737,1261.2599999991348,7674.059638502328
55064,32.1241896638737,1261.2799999991348,7674.100472287231
55065,32.1241896638737,1261.2999999991348,7674.141305721651
55066,32.1241896638737,1261.3199999991348,7674.182138805578
55067,32.1241896638737,1261.3399999991348,7674.222971538998
55068,32.1241896638737,1261.3599999991347,7674.263803921901
55069,32.1241896638737,1261.3799999991347,7674.304635954275
55070,32.1241896638737,1261.3999999991347,7674.345467636109
55071,32.1241896638737,1261.4199999991347,7674.386298967391
55072,32.1241896638737,1261.4399999991347,7674.42712994811
55073,32.1241896638737,1261.4599999991347,7674.467960578254
55074,32.1241896638737,1261.4799999991346,7674.508790857812
55075,32.1241896638737,1261.4999999991346,7674.549620786772
55076,32.1241896638737,1261.5199999991346,7674.590450365123
55077,32.1241896638737,1261.5399999991346,7674.631279592853
55078,32.1241896638737,1261.5599999991346,7674.672108469952
55079,32.1241896638737,1261.5799999991345,7674.712936996866
55080,32.1241896638737,1261.5999999991345,7674.753765174193
55081,32.1241896638737,1261.6199999991345,7674.794593001938
55082,32.1241896638737,1261.6399999991345,7674.835420480089
55083,32.1241896638737,1261.6599999991345,7674.876247608635
55084,32.1241896638737,1261.6799999991345,7674.917074387564
55085,32.1241896638737,1261.6999999991344,7674.957900816865
55086,32.1241896638737,1261.7199999991344,7674.998726896527
55087,32.1241896638737,1261.7399999991344,7675.039552626537
55088,32.1241896638737,1261.7599999991344,7675.080378006885
55089,32.1241896638737,1261.7799999991344,7675.12120303756
55090,32.1241896638737,1261.7999999991343,7675.162027718549
55091,32.1241896638737,1261.8199999991343,7675.202852049842
55092,32.1241896638737,1261.8399999991343,7675.243676031426
55093,32.1241896638737,1261.8599999991343,7675.28449966329
55094,32.1241896638737,1261.8799999991343,7675.325322945423
55095,32.1241896638737,1261.8999999991343,7675.366145877813
55096,32.1241896638737,1261.9199999991342,7675.406968460449
55097,32.1241896638737,1261.9399999991342,7675.44779069332
55098,32.1241896638737,1261.9599999991342,7675.488612576413
55099,32.1241896638737,1261.9799999991342,7675.529434109718
55100,32.1241896638737,1261.9999999991342,7675.5702552932225
55101,32.1241896638737,1262.0199999991341,7675.611076126916
55102,32.1241896638737,1262.0399999991341,7675.651896610786
55103,32.1241896638737,1262.059999999134,7675.692716744822
55104,32.1241896638737,1262.079999999134,7675.733536529012
55105,32.1241896638737,1262.099999999134,7675.7743559633445
55106,32.1241896638737,1262.119999999134,7675.815175047808
55107,32.1241896638737,1262.139999999134,7675.855993782392
55108,32.1241896638737,1262.159999999134,7675.896812167084
55109,32.1241896638737,1262.179999999134,7675.937630201873
55110,32.1241896638737,1262.199999999134,7675.978447886747
55111,32.1241896638737,1262.219999999134,7676.019265221695
55112,32.1241896638737,1262.239999999134,7676.0600822067045
55113,32.1241896638737,1262.259999999134,7676.100898841765
55114,32.1241896638737,1262.279999999134,7676.141715126866
55115,32.1241896638737,1262.299999999134,7676.182531061994
55116,32.1241896638737,1262.3199999991339,7676.223346647139
55117,32.1241896638737,1262.3399999991339,7676.264161882289
55118,32.1241896638737,1262.3599999991338,7676.304976767433
55119,32.1241896638737,1262.3799999991338,7676.345791302559
55120,32.1241896638737,1262.3999999991338,7676.386605487655
55121,32.1241896638737,1262.4199999991338,7676.427419322711
55122,32.1241896638737,1262.4399999991338,7676.468232807714
55123,32.1241896638737,1262.4599999991337,7676.509045942654
55124,32.1241896638737,1262.4799999991337,7676.549858727518
55125,32.1241896638737,1262.4999999991337,7676.590671162296
55126,32.1241896638737,1262.5199999991337,7676.631483246975
55127,32.1241896638737,1262.5399999991337,7676.672294981546
55128,32.1241896638737,1262.5599999991337,7676.7131063659945
55129,32.1241896638737,1262.5799999991336,7676.753917400311
55130,32.1241896638737,1262.5999999991336,7676.7947280850085
55131,32.1241896638737,1262.6199999991336,7676.835538420633
55132,32.1241896638737,1262.6399999991336,7676.876348407179
55133,32.1241896638737,1262.6599999991336,7676.917158044633
55134,32.1241896638737,1262.6799999991335,7676.957967332984
55135,32.1241896638737,1262.6999999991335,7676.99877627222
55136,32.1241896638737,1262.7199999991335,7677.039584862331
55137,32.1241896638737,1262.7399999991335,7677.080393103305
55138,32.1241896638737,1262.7599999991335,7677.1212009951305
55139,32.1241896638737,1262.7799999991335,7677.162008537795
55140,32.1241896638737,1262.7999999991334,7677.202815731289
55141,32.1241896638737,1262.8199999991334,7677.243622575599
55142,32.1241896638737,1262.8399999991334,7677.284429070715
55143,32.1241896638737,1262.8599999991334,7677.3252352166255
55144,32.1241896638737,1262.8799999991334,7677.366041013318
55145,32.1241896638737,1262.8999999991333,7677.406846460782
55146,32.1241896638737,1262.9199999991333,7677.447651559005
55147,32.1241896638737,1262.9399999991333,7677.488456307977
55148,32.1241896638737,1262.9599999991333,7677.529260707685
55149,32.1241896638737,1262.9799999991333,7677.570064758119
55150,32.1241896638737,1262.9999999991333,7677.610868459266
55151,32.1241896638737,1263.0199999991332,7677.651671811116
55152,32.1241896638737,1263.0399999991332,7677.692474813657
55153,32.1241896638737,1263.0599999991332,7677.733277466878
55154,32.1241896638737,1263.0799999991332,7677.774079770766
55155,32.1241896638737,1263.0999999991332,7677.81488172531
55156,32.1241896638737,1263.1199999991331,7677.8556833305
55157,32.1241896638737,1263.1399999991331,7677.896484586324
55158,32.1241896638737,1263.159999999133,7677.93728549277
55159,32.1241896638737,1263.179999999133,7677.978086049827
55160,32.1241896638737,1263.199999999133,7678.018886257482
55161,32.1241896638737,1263.219999999133,7678.059686115726
55162,32.1241896638737,1263.239999999133,7678.100485624546
55163,32.1241896638737,1263.259999999133,7678.141284783932
55164,32.1241896638737,1263.279999999133,7678.182083593871
55165,32.1241896638737,1263.299999999133,7678.222882054351
55166,32.1241896638737,1263.319999999133,7678.2636801653625
55167,32.1241896638737,1263.339999999133,7678.304477926893
55168,32.1241896638737,1263.359999999133,7678.345275338931
55169,32.1241896638737,1263.379999999133,7678.386072401465
55170,32.1241896638737,1263.399999999133,7678.426869114483
55171,32.1241896638737,1263.4199999991329,7678.467665477976
55172,32.1241896638737,1263.4399999991329,7678.50846149193
55173,32.1241896638737,1263.4599999991328,7678.5492571563345
55174,32.1241896638737,1263.4799999991328,7678.590052471178
55175,32.1241896638737,1263.4999999991328,7678.630847436449
55176,32.1241896638737,1263.5199999991328,7678.671642052135
55177,32.1241896638737,1263.5399999991328,7678.7124363182265
55178,32.1241896638737,1263.5599999991327,7678.753230234711
55179,32.1241896638737,1263.5799999991327,7678.794023801577
55180,32.1241896638737,1263.5999999991327,7678.834817018824
55181,32.1241896638737,1263.6199999991327,7678.875609887067
55182,32.1241896638737,1263.6399999991327,7678.916402406838
55183,32.1241896638737,1263.6599999991327,7678.957194578123
55184,32.1241896638737,1263.6799999991326,7678.997986400911
55185,32.1241896638737,1263.6999999991326,7679.038777875192
55186,32.1241896638737,1263.7199999991326,7679.079569000953
55187,32.1241896638737,1263.7399999991326,7679.120359778182
55188,32.1241896638737,1263.7599999991326,7679.16115020687
55189,32.1241896638737,1263.7799999991325,7679.201940287004
55190,32.1241896638737,1263.7999999991325,7679.242730018572
55191,32.1241896638737,1263.8199999991325,7679.283519401562
55192,32.1241896638737,1263.8399999991325,7679.324308435965
55193,32.1241896638737,1263.8599999991325,7679.365097121767
55194,32.1241896638737,1263.8799999991325,7679.405885458957
55195,32.1241896638737,1263.8999999991324,7679.446673447524
55196,32.1241896638737,1263.9199999991324,7679.487461087456
55197,32.1241896638737,1263.9399999991324,7679.528248378742
55198,32.1241896638737,1263.9599999991324,7679.569035321371
55199,32.1241896638737,1263.9799999991324,7679.609821915331
55200,32.1241896638737,1263.9999999991323,7679.650608160609
55201,32.1241896638737,1264.0199999991323,7679.691394057196
55202,32.1241896638737,1264.0399999991323,7679.732179605078
55203,32.1241896638737,1264.0599999991323,7679.772964804246
55204,32.1241896638737,1264.0799999991323,7679.813749654687
55205,32.1241896638737,1264.0999999991323,7679.8545341563895
55206,32.1241896638737,1264.1199999991322,7679.895318309342
55207,32.1241896638737,1264.1399999991322,7679.936102113533
55208,32.1241896638737,1264.1599999991322,7679.976885568951
55209,32.1241896638737,1264.1799999991322,7680.017668675575
55210,32.1241896638737,1264.1999999991322,7680.058451433287
55211,32.1241896638737,1264.2199999991321,7680.099233842055
55212,32.1241896638737,1264.2399999991321,7680.140015901868
55213,32.1241896638737,1264.259999999132,7680.180797612714
55214,32.1241896638737,1264.279999999132,7680.221578974581
55215,32.1241896638737,1264.299999999132,7680.262359987457
55216,32.08238835612209,1264.319999999132,7680.303140651331
55217,32.08238835612209,1264.339999999132,7680.343920966191
55218,32.08238835612209,1264.359999999132,7680.384700932024
55219,32.08238835612209,1264.379999999132,7680.42548054882
55220,32.08238835612209,1264.399999999132,7680.466259816566
55221,32.08238835612209,1264.419999999132,7680.507038735251
55222,32.08238835612209,1264.439999999132,7680.547817304862
55223,32.08238835612209,1264.459999999132,7680.588595525389
55224,32.08238835612209,1264.479999999132,7680.629373396819
55225,32.08238835612209,1264.499999999132,7680.67015091914
55226,32.08238835612209,1264.5199999991319,7680.7109280923405
55227,32.08238835612209,1264.5399999991319,7680.751704916408
55228,32.08238835612209,1264.5599999991318,7680.792481391331
55229,32.08238835612209,1264.5799999991318,7680.8332575171
55230,32.08238835612209,1264.5999999991318,7680.8740332937
55231,32.08238835612209,1264.6199999991318,7680.9148087211415
55232,32.08238835612209,1264.6399999991318,7680.955583799991
55233,32.08238835612209,1264.6599999991317,7680.996358530634
55234,32.08238835612209,1264.6799999991317,7681.03713291306
55235,32.08238835612209,1264.6999999991317,7681.077906947257
55236,32.08238835612209,1264.7199999991317,7681.118680633213
55237,32.08238835612209,1264.7399999991317,7681.159453970916
55238,32.08238835612209,1264.7599999991317,7681.200226960354
55239,32.08238835612209,1264.7799999991316,7681.240999601514
55240,32.08238835612209,1264.7999999991316,7681.281771894385
55241,32.08238835612209,1264.8199999991316,7681.3225438389545
55242,32.08238835612209,1264.8399999991316,7681.363315435211
55243,32.08238835612209,1264.8599999991316,7681.404086683142
55244,32.08238835612209,1264.8799999991315,7681.444857582736
55245,32.08238835612209,1264.8999999991315,7681.485628133982
55246,32.08238835612209,1264.9199999991315,7681.526398336866
55247,32.08238835612209,1264.9399999991315,7681.567168191376
55248,32.08238835612209,1264.9599999991315,7681.607937697502
55249,32.08238835612209,1264.9799999991315,7681.648706855231
55250,32.08238835612209,1264.9999999991314,7681.68947566455
55251,32.08238835612209,1265.0199999991314,7681.730244125448
55252,32.08238835612209,1265.0399999991314,7681.771012237913
55253,32.08238835612209,1265.0599999991314,7681.811780001934
55254,32.08238835612209,1265.0799999991314,7681.852547417497
55255,32.08238835612209,1265.0999999991313,7681.8933144845905
55256,32.08238835612209,1265.1199999991313,7681.934081203203
55257,32.08238835612209,1265.1399999991313,7681.974847573323
55258,32.08238835612209,1265.1599999991313,7682.015613594938
55259,32.08238835612209,1265.1799999991313,7682.056379268036
55260,32.08238835612209,1265.1999999991313,7682.097144592605
55261,32.08238835612209,1265.2199999991312,7682.137909568633
55262,32.08238835612209,1265.2399999991312,7682.178674196109
55263,32.08238835612209,1265.2599999991312,7682.219438475019
55264,32.08238835612209,1265.2799999991312,7682.260202405352
55265,32.08238835612209,1265.2999999991312,7682.300965987097
55266,32.08238835612209,1265.3199999991311,7682.34172922024
55267,32.08238835612209,1265.3399999991311,7682.382492104771
55268,32.08238835612209,1265.359999999131,7682.4232546406765
55269,32.08238835612209,1265.379999999131,7682.464016827946
55270,32.08238835612209,1265.399999999131,7682.5047786665655
55271,32.08238835612209,1265.419999999131,7682.545540156524
55272,32.08238835612209,1265.439999999131,7682.586301297811
55273,32.08238835612209,1265.459999999131,7682.627062090412
55274,32.08238835612209,1265.479999999131,7682.667822534317
55275,32.08238835612209,1265.499999999131,7682.708582629512
55276,32.08238835612209,1265.519999999131,7682.749342375987
55277,32.08238835612209,1265.539999999131,7682.7901017737295
55278,32.08238835612209,1265.559999999131,7682.830860822727
55279,32.08238835612209,1265.579999999131,7682.871619522968
55280,32.08238835612209,1265.599999999131,7682.912377874441
55281,32.08238835612209,1265.6199999991309,7682.953135877132
55282,32.08238835612209,1265.6399999991309,7682.993893531065
55283,32.08238835612209,1265.6599999991308,7683.034650836897
55284,32.08238835612209,1265.6799999991308,7683.075407794979
55285,32.08238835612209,1265.6999999991308,7683.116164405299
55286,32.08238835612209,1265.7199999991308,7683.156920667845
55287,32.08238835612209,1265.7399999991308,7683.197676582606
55288,32.08238835612209,1265.7599999991307,7683.238432149568
55289,32.08238835612209,1265.7799999991307,7683.279187368721
55290,32.08238835612209,1265.7999999991307,7683.319942240052
55291,32.08238835612209,1265.8199999991307,7683.36069676355
55292,32.08238835612209,1265.8399999991307,7683.401450939201
55293,32.08238835612209,1265.8599999991307,7683.442204766994
55294,32.08238835612209,1265.8799999991306,7683.482958246917
55295,32.08238835612209,1265.8999999991306,7683.523711378959
55296,32.08238835612209,1265.9199999991306,7683.564464163107
55297,32.08238835612209,1265.9399999991306,7683.605216599349
55298,32.08238835612209,1265.9599999991306,7683.645968687672
55299,32.08238835612209,1265.9799999991305,7683.686720428066
55300,32.08238835612209,1265.9999999991305,7683.727471820518
55301,32.08238835612209,1266.0199999991305,7683.7682228650165
55302,32.08238835612209,1266.0399999991305,7683.808973561549
55303,32.08238835612209,1266.0599999991305,7683.849723910103
55304,32.08238835612209,1266.0799999991305,7683.890473910668
55305,32.08238835612209,1266.0999999991304,7683.931223563231
55306,32.08238835612209,1266.1199999991304,7683.971972867779
55307,32.08238835612209,1266.1399999991304,7684.0127218243015
55308,32.08238835612209,1266.1599999991304,7684.0534704327865
55309,32.08238835612209,1266.1799999991304,7684.094218693222
55310,32.08238835612209,1266.1999999991303,7684.134966605595
55311,32.08238835612209,1266.2199999991303,7684.175714169894
55312,32.08238835612209,1266.2399999991303,7684.216461386107
55313,32.08238835612209,1266.2599999991303,7684.257208254222
55314,32.08238835612209,1266.2799999991303,7684.297954774227
55315,32.08238835612209,1266.2999999991303,7684.33870094611
55316,32.08238835612209,1266.3199999991302,7684.379446769859
55317,32.08238835612209,1266.3399999991302,7684.420192245462
55318,32.08238835612209,1266.3599999991302,7684.460937372907
55319,32.08238835612209,1266.3799999991302,7684.501682152182
55320,32.08238835612209,1266.3999999991302,7684.542426583275
55321,32.08238835612209,1266.4199999991301,7684.583170666175
55322,32.08238835612209,1266.4399999991301,7684.623914400868
55323,32.08238835612209,1266.45999999913,7684.664657787343
55324,32.08238835612209,1266.47999999913,7684.705400825587
55325,32.08238835612209,1266.49999999913,7684.74614351559
55326,32.08238835612209,1266.51999999913,7684.786885857339
55327,32.08238835612209,1266.53999999913,7684.827627850822
55328,32.08238835612209,1266.55999999913,7684.868369496027
55329,32.08238835612209,1266.57999999913,7684.909110792943
55330,32.08238835612209,1266.59999999913,7684.949851741555
55331,32.08238835612209,1266.61999999913,7684.990592341854
55332,32.08238835612209,1266.63999999913,7685.031332593827
55333,32.08238835612209,1266.65999999913,7685.072072497508
55334,32.08238835612209,1266.67999999913,7685.112812053605
55335,32.08238835612209,1266.69999999913,7685.153551262406
55336,32.08238835612209,1266.7199999991299,7685.194290123899
55337,32.08238835612209,1266.7399999991299,7685.2350286380715
55338,32.08238835612209,1266.7599999991298,7685.275766804913
55339,32.08238835612209,1266.7799999991298,7685.316504624409
55340,32.08238835612209,1266.7999999991298,7685.35724209655
55341,32.08238835612209,1266.8199999991298,7685.397979221323
55342,32.08238835612209,1266.8399999991298,7685.438715998715
55343,32.08238835612209,1266.8599999991297,7685.479452428715
55344,32.08238835612209,1266.8799999991297,7685.520188511312
55345,32.08238835612209,1266.8999999991297,7685.5609242464925
55346,32.08238835612209,1266.9199999991297,7685.601659634245
55347,32.08238835612209,1266.9399999991297,7685.642394674557
55348,32.08238835612209,1266.9599999991296,7685.683129367418
55349,32.08238835612209,1266.9799999991296,7685.723863712814
55350,32.08238835612209,1266.9999999991296,7685.764597710734
55351,32.08238835612209,1267.0199999991296,7685.805331361166
55352,32.08238835612209,1267.0399999991296,7685.846064664099
55353,32.08238835612209,1267.0599999991296,7685.886797619519
55354,32.08238835612209,1267.0799999991295,7685.927530227415
55355,32.08238835612209,1267.0999999991295,7685.968262487776
55356,32.08238835612209,1267.1199999991295,7686.008994400589
55357,32.08238835612209,1267.1399999991295,7686.049725965841
55358,32.08238835612209,1267.1599999991295,7686.090457183522
55359,32.08238835612209,1267.1799999991294,7686.131188053619
55360,32.08238835612209,1267.1999999991294,7686.171918576119
55361,32.08238835612209,1267.2199999991294,7686.212648751012
55362,32.08238835612209,1267.2399999991294,7686.253378578285
55363,32.08238835612209,1267.2599999991294,7686.294108057926
55364,32.08238835612209,1267.2799999991294,7686.334837189923
55365,32.08238835612209,1267.2999999991293,7686.375565974264
55366,32.08238835612209,1267.3199999991293,7686.416294410938
55367,32.08238835612209,1267.3399999991293,7686.457022499931
55368,32.08238835612209,1267.3599999991293,7686.497750241232
55369,32.08238835612209,1267.3799999991293,7686.53847763483
55370,32.08238835612209,1267.3999999991292,7686.579204680712
55371,32.08238835612209,1267.4199999991292,7686.619931378867
55372,32.08238835612209,1267.4399999991292,7686.660657729281
55373,32.08238835612209,1267.4599999991292,7686.701383731944
55374,32.08238835612209,1267.4799999991292,7686.7421093868425
55375,32.08238835612209,1267.4999999991292,7686.782834693966
55376,32.08238835612209,1267.5199999991291,7686.823559653301
55377,32.08238835612209,1267.5399999991291,7686.864284264837
55378,32.08238835612209,1267.559999999129,7686.905008528561
55379,32.08238835612209,1267.579999999129,7686.945732444461
55380,32.08238835612209,1267.599999999129,7686.986456012526
55381,32.08238835612209,1267.619999999129,7687.027179232743
55382,32.08238835612209,1267.639999999129,7687.0679021051
55383,32.08238835612209,1267.659999999129,7687.108624629585
55384,32.08238835612209,1267.679999999129,7687.149346806246
55385,32.08238835612209,1267.699999999129,7687.190068635841
55386,32.08238835612209,1267.719999999129,7687.230790118595
55387,32.08238835612209,1267.739999999129,7687.271511254496
55388,32.08238835612209,1267.759999999129,7687.312232043531
55389,32.08238835612209,1267.779999999129,7687.35295248569
55390,32.08238835612209,1267.7999999991289,7687.393672580961
55391,32.08238835612209,1267.8199999991289,7687.43439232933
55392,32.08238835612209,1267.8399999991288,7687.475111730787
55393,32.08238835612209,1267.8599999991288,7687.515830785319
55394,32.08238835612209,1267.8799999991288,7687.556549492914
55395,32.08238835612209,1267.8999999991288,7687.597267853561
55396,32.08238835612209,1267.9199999991288,7687.637985867247
55397,32.08238835612209,1267.9399999991288,7687.678703533961
55398,32.08238835612209,1267.9599999991287,7687.719420853691
55399,32.08238835612209,1267.9799999991287,7687.760137826424
55400,32.08238835612209,1267.9999999991287,7687.80085445215
55401,32.08238835612209,1268.0199999991287,7687.841570730855
55402,32.08238835612209,1268.0399999991287,7687.882286662528
55403,32.08238835612209,1268.0599999991286,7687.923002247157
55404,32.08238835612209,1268.0799999991286,7687.963717484729
55405,32.08238835612209,1268.0999999991286,7688.0044323752345
55406,32.08238835612209,1268.1199999991286,7688.045146918659
55407,32.08238835612209,1268.1399999991286,7688.085861114992
55408,32.08238835612209,1268.1599999991286,7688.126574964222
55409,32.08238835612209,1268.1799999991285,7688.167288466335
55410,32.08238835612209,1268.1999999991285,7688.20800162132
55411,32.08238835612209,1268.2199999991285,7688.248714429166
55412,32.08238835612209,1268.2399999991285,7688.289426889861
55413,32.08238835612209,1268.2599999991285,7688.330139003391
55414,32.08238835612209,1268.2799999991284,7688.3708507697465
55415,32.08238835612209,1268.2999999991284,7688.411562188914
55416,32.08238835612209,1268.3199999991284,7688.452273260883
55417,32.08238835612209,1268.3399999991284,7688.49298398564
55418,32.08238835612209,1268.3599999991284,7688.533694363175
55419,32.08238835612209,1268.3799999991284,7688.574404393474
55420,32.08238835612209,1268.3999999991283,7688.615114076525
55421,32.08238835612209,1268.4199999991283,7688.655823412318
55422,32.08238835612209,1268.4399999991283,7688.696532400839
55423,32.08238835612209,1268.4599999991283,7688.737241042078
55424,32.08238835612209,1268.4799999991283,7688.777949336021
55425,32.08238835612209,1268.4999999991282,7688.818657282658
55426,32.08238835612209,1268.5199999991282,7688.859364881976
55427,32.08238835612209,1268.5399999991282,7688.9000721339635
55428,32.08238835612209,1268.5599999991282,7688.940779038608
55429,32.08238835612209,1268.5799999991282,7688.9814855958975
55430,32.08238835612209,1268.5999999991282,7689.0221918058205
55431,32.08238835612209,1268.6199999991281,7689.062897668366
55432,32.08238835612209,1268.6399999991281,7689.10360318352
55433,32.08238835612209,1268.659999999128,7689.144308351272
55434,32.08238835612209,1268.679999999128,7689.18501317161
55435,32.08238835612209,1268.699999999128,7689.225717644594
55436,32.08238835612209,1268.719999999128,7689.266421771039
55437,32.08238835612209,1268.739999999128,7689.307125551109
55438,32.08238835612209,1268.759999999128,7689.347828984791
55439,32.08238835612209,1268.779999999128,7689.388532072074
55440,32.08238835612209,1268.799999999128,7689.429234812945
55441,32.08238835612209,1268.819999999128,7689.469937207392
55442,32.08238835612209,1268.839999999128,7689.510639255403
55443,32.08238835612209,1268.859999999128,7689.551340956965
55444,32.08238835612209,1268.879999999128,7689.592042312067
55445,32.08238835612209,1268.8999999991279,7689.632743320696
55446,32.08238835612209,1268.9199999991279,7689.673443982841
55447,32.08238835612209,1268.9399999991278,7689.714144298488
55448,32.08238835612209,1268.9599999991278,7689.754844267625
55449,32.08238835612209,1268.9799999991278,7689.795543890241
55450,32.08238835612209,1268.9999999991278,7689.836243166323
55451,32.08238835612209,1269.0199999991278,7689.876942095858
55452,32.08238835612209,1269.0399999991278,7689.917640678836
55453,32.08238835612209,1269.0599999991277,7689.958338915242
55454,32.08238835612209,1269.0799999991277,7689.999036805066
55455,32.08238835612209,1269.0999999991277,7690.039734348224
55456,32.08238835612209,1269.1199999991277,7690.080431544627
55457,32.08238835612209,1269.1399999991277,7690.121128394263
55458,32.08238835612209,1269.1599999991276,7690.161824897121
55459,32.08238835612209,1269.1799999991276,7690.202521053189
55460,32.08238835612209,1269.1999999991276,7690.243216862456
55461,32.08238835612209,1269.2199999991276,7690.2839123249105
55462,32.08238835612209,1269.2399999991276,7690.324607440541
55463,32.08238835612209,1269.2599999991276,7690.365302209335
55464,32.08238835612209,1269.2799999991275,7690.4059966312825
55465,32.08238835612209,1269.2999999991275,7690.446690706372
55466,32.08238835612209,1269.3199999991275,7690.487384434591
55467,32.08238835612209,1269.3399999991275,7690.5280778159295
55468,32.08238835612209,1269.3599999991275,7690.568770850375
55469,32.08238835612209,1269.3799999991274,7690.609463537916
55470,32.08238835612209,1269.3999999991274,7690.650155878541
55471,32.08238835612209,1269.4199999991274,7690.690847872239
55472,32.08238835612209,1269.4399999991274,7690.731539518998
55473,32.08238835612209,1269.4599999991274,7690.772230818807
55474,32.08238835612209,1269.4799999991274,7690.812921771654
55475,32.08238835612209,1269.4999999991273,7690.853612377528
55476,32.08238835612209,1269.5199999991273,7690.894302636419
55477,32.08238835612209,1269.5399999991273,7690.934992548313
55478,32.08238835612209,1269.5599999991273,7690.9756821132
55479,32.08238835612209,1269.5799999991273,7691.016371331068
55480,32.08238835612209,1269.5999999991272,7691.057060201905
55481,32.08238835612209,1269.6199999991272,7691.097748725701
55482,32.08238835612209,1269.6399999991272,7691.1384369024445
55483,32.08238835612209,1269.6599999991272,7691.179124732123
55484,32.08238835612209,1269.6799999991272,7691.219812214725
55485,32.08238835612209,1269.6999999991272,7691.260499350239
55486,32.08238835612209,1269.7199999991271,7691.301186138745
55487,32.08238835612209,1269.7399999991271,7691.341872581168
55488,32.08238835612209,1269.759999999127,7691.382558677616
55489,32.08238835612209,1269.779999999127,7691.423244428078
55490,32.08238835612209,1269.799999999127,7691.463929832543
55491,32.08238835612209,1269.819999999127,7691.504614890999
55492,32.08238835612209,1269.839999999127,7691.545299603435
55493,32.04067762574081,1269.859999999127,7691.585983969839
55494,32.04067762574081,1269.879999999127,7691.6266679902
55495,32.04067762574081,1269.899999999127,7691.667351664508
55496,32.04067762574081,1269.919999999127,7691.70803499275
55497,32.04067762574081,1269.939999999127,7691.748717974916
55498,32.04067762574081,1269.959999999127,7691.789400610994
55499,32.04067762574081,1269.979999999127,7691.830082900972
55500,32.04067762574081,1269.9999999991269,7691.87076484484
55501,32.04067762574081,1270.0199999991269,7691.911446442586
55502,32.04067762574081,1270.0399999991268,7691.952127694198
55503,32.04067762574081,1270.0599999991268,7691.992808599665
55504,32.04067762574081,1270.0799999991268,7692.033489158976
55505,32.04067762574081,1270.0999999991268,7692.07416937212
55506,32.04067762574081,1270.1199999991268,7692.114849239086
55507,32.04067762574081,1270.1399999991268,7692.155528759861
55508,32.04067762574081,1270.1599999991267,7692.196207934435
55509,32.04067762574081,1270.1799999991267,7692.236886762796
55510,32.04067762574081,1270.1999999991267,7692.277565244933
55511,32.04067762574081,1270.2199999991267,7692.318243380834
55512,32.04067762574081,1270.2399999991267,7692.358921170489
55513,32.04067762574081,1270.2599999991266,7692.399598613886
55514,32.04067762574081,1270.2799999991266,7692.440275711014
55515,32.04067762574081,1270.2999999991266,7692.48095246186
55516,32.04067762574081,1270.3199999991266,7692.521628866415
55517,32.04067762574081,1270.3399999991266,7692.562304924667
55518,32.04067762574081,1270.3599999991266,7692.602980636604
55519,32.04067762574081,1270.3799999991265,7692.643656002215
55520,32.04067762574081,1270.3999999991265,7692.684331021488
55521,32.04067762574081,1270.4199999991265,7692.725005694413
55522,32.04067762574081,1270.4399999991265,7692.765680020978
55523,32.04067762574081,1270.4599999991265,7692.806354001172
55524,32.04067762574081,1270.4799999991264,7692.847027634983
55525,32.04067762574081,1270.4999999991264,7692.887700922399
55526,32.04067762574081,1270.5199999991264,7692.92837386341
55527,32.04067762574081,1270.5399999991264,7692.969046458005
55528,32.04067762574081,1270.5599999991264,7693.009718706172
55529,32.04067762574081,1270.5799999991264,7693.050390607899
55530,32.04067762574081,1270.5999999991263,7693.091062163176
55531,32.04067762574081,1270.6199999991263,7693.13173337199
55532,32.04067762574081,1270.6399999991263,7693.172404234331
55533,32.04067762574081,1270.6599999991263,7693.213074750188
55534,32.04067762574081,1270.6799999991263,7693.253744919548
55535,32.04067762574081,1270.6999999991262,7693.294414742401
55536,32.04067762574081,1270.7199999991262,7693.335084218736
55537,32.04067762574081,1270.7399999991262,7693.375753348658
55538,32.04067762574081,1270.7599999991262,7693.416422132935
55539,32.04067762574081,1270.7799999991262,7693.457090571629
55540,32.04067762574081,1270.7999999991262,7693.49775866473
55541,32.04067762574081,1270.8199999991261,7693.538426412226
55542,32.04067762574081,1270.8399999991261,7693.579093814104
55543,32.04067762574081,1270.859999999126,7693.619760870355
55544,32.04067762574081,1270.879999999126,7693.660427580966
55545,32.04067762574081,1270.899999999126,7693.701093945926
55546,32.04067762574081,1270.919999999126,7693.741759965224
55547,32.04067762574081,1270.939999999126,7693.782425638849
55548,32.04067762574081,1270.959999999126,7693.82309096679
55549,32.04067762574081,1270.979999999126,7693.863755949034
55550,32.04067762574081,1270.999999999126,7693.904420585571
55551,32.04067762574081,1271.019999999126,7693.945084876388
55552,32.04067762574081,1271.039999999126,7693.985748821476
55553,32.04067762574081,1271.059999999126,7694.0264124208215
55554,32.04067762574081,1271.079999999126,7694.067075674415
55555,32.04067762574081,1271.0999999991259,7694.107738582244
55556,32.04067762574081,1271.1199999991259,7694.148401144297
55557,32.04067762574081,1271.1399999991258,7694.1890633605635
55558,32.04067762574081,1271.1599999991258,7694.229725231032
55559,32.04067762574081,1271.1799999991258,7694.27038675569
55560,32.04067762574081,1271.1999999991258,7694.311047934528
55561,32.04067762574081,1271.2199999991258,7694.351708767533
55562,32.04067762574081,1271.2399999991258,7694.392369254694
55563,32.04067762574081,1271.2599999991257,7694.433029396001
55564,32.04067762574081,1271.2799999991257,7694.473689191441
55565,32.04067762574081,1271.2999999991257,7694.514348641003
55566,32.04067762574081,1271.3199999991257,7694.555007744677
55567,32.04067762574081,1271.3399999991257,7694.59566650245
55568,32.04067762574081,1271.3599999991256,7694.6363249143105
55569,32.04067762574081,1271.3799999991256,7694.676982980249
55570,32.04067762574081,1271.3999999991256,7694.717640700253
55571,32.04067762574081,1271.4199999991256,7694.75829807431
55572,32.04067762574081,1271.4399999991256,7694.79895510241
55573,32.04067762574081,1271.4599999991256,7694.839611784542
55574,32.04067762574081,1271.4799999991255,7694.880268120694
55575,32.04067762574081,1271.4999999991255,7694.920924110856
55576,32.04067762574081,1271.5199999991255,7694.961579755014
55577,32.04067762574081,1271.5399999991255,7695.002235053158
55578,32.04067762574081,1271.5599999991255,7695.0428900052775
55579,32.04067762574081,1271.5799999991254,7695.08354461136
55580,32.04067762574081,1271.5999999991254,7695.124198871394
55581,32.04067762574081,1271.6199999991254,7695.164852785369
55582,32.04067762574081,1271.6399999991254,7695.2055063532725
55583,32.04067762574081,1271.6599999991254,7695.246159575095
55584,32.04067762574081,1271.6799999991254,7695.286812450824
55585,32.04067762574081,1271.6999999991253,7695.327464980448
55586,32.04067762574081,1271.7199999991253,7695.368117163956
55587,32.04067762574081,1271.7399999991253,7695.4087690013375
55588,32.04067762574081,1271.7599999991253,7695.44942049277
55589,32.04067762574081,1271.7799999991253,7695.490071639038
55590,32.04067762574081,1271.7999999991252,7695.530722440201
55591,32.04067762574081,1271.8199999991252,7695.5713728962455
55592,32.04067762574081,1271.8399999991252,7695.61202300716
55593,32.04067762574081,1271.8599999991252,7695.652672772934
55594,32.04067762574081,1271.8799999991252,7695.693322193556
55595,32.04067762574081,1271.8999999991252,7695.733971269015
55596,32.04067762574081,1271.9199999991251,7695.774619999298
55597,32.04067762574081,1271.9399999991251,7695.8152683843955
55598,32.04067762574081,1271.959999999125,7695.855916424296
55599,32.04067762574081,1271.979999999125,7695.896564118987
55600,32.04067762574081,1271.999999999125,7695.937211468458
55601,32.04067762574081,1272.019999999125,7695.977858472698
55602,32.04067762574081,1272.039999999125,7696.018505131695
55603,32.04067762574081,1272.059999999125,7696.059151445437
55604,32.04067762574081,1272.079999999125,7696.099797413914
55605,32.04067762574081,1272.099999999125,7696.140443037113
55606,32.04067762574081,1272.119999999125,7696.181088315025
55607,32.04067762574081,1272.139999999125,7696.221733247637
55608,32.04067762574081,1272.159999999125,7696.262377834937
55609,32.04067762574081,1272.179999999125,7696.303022076916
55610,32.04067762574081,1272.1999999991249,7696.343665973561
55611,32.04067762574081,1272.2199999991249,7696.38430952486
55612,32.04067762574081,1272.2399999991248,7696.424952730804
55613,32.04067762574081,1272.2599999991248,7696.4655955913795
55614,32.04067762574081,1272.2799999991248,7696.506238106576
55615,32.04067762574081,1272.2999999991248,7696.546880276383
55616,32.04067762574081,1272.3199999991248,7696.587522100786
55617,32.04067762574081,1272.3399999991248,7696.628163579778
55618,32.04067762574081,1272.3599999991247,7696.668804713344
55619,32.04067762574081,1272.3799999991247,7696.709445501475
55620,32.04067762574081,1272.3999999991247,7696.750085944158
55621,32.04067762574081,1272.4199999991247,7696.790726041383
55622,32.04067762574081,1272.4399999991247,7696.831365793138
55623,32.04067762574081,1272.4599999991246,7696.872005199411
55624,32.04067762574081,1272.4799999991246,7696.912644260193
55625,32.04067762574081,1272.4999999991246,7696.95328297547
55626,32.04067762574081,1272.5199999991246,7696.993921345232
55627,32.04067762574081,1272.5399999991246,7697.0345593694665
55628,32.04067762574081,1272.5599999991246,7697.075197048163
55629,32.04067762574081,1272.5799999991245,7697.115834381311
55630,32.04067762574081,1272.5999999991245,7697.156471368899
55631,32.04067762574081,1272.6199999991245,7697.197108010913
55632,32.04067762574081,1272.6399999991245,7697.237744307345
55633,32.04067762574081,1272.6599999991245,7697.278380258182
55634,32.04067762574081,1272.6799999991244,7697.3190158634125
55635,32.04067762574081,1272.6999999991244,7697.359651123025
55636,32.04067762574081,1272.7199999991244,7697.40028603701
55637,32.04067762574081,1272.7399999991244,7697.440920605354
55638,32.04067762574081,1272.7599999991244,7697.481554828047
55639,32.04067762574081,1272.7799999991244,7697.5221887053285
55640,32.04067762574081,1272.7999999991243,7697.562822237936
55641,32.04067762574081,1272.8199999991243,7697.603455425913
55642,32.04067762574081,1272.8399999991243,7697.644088269249
55643,32.04067762574081,1272.8599999991243,7697.68472076793
55644,32.04067762574081,1272.8799999991243,7697.725352921947
55645,32.04067762574081,1272.8999999991242,7697.765984731288
55646,32.04067762574081,1272.9199999991242,7697.806616195941
55647,32.04067762574081,1272.9399999991242,7697.847247315896
55648,32.04067762574081,1272.9599999991242,7697.887878091141
55649,32.04067762574081,1272.9799999991242,7697.928508521663
55650,32.04067762574081,1272.9999999991242,7697.969138607454
55651,32.04067762574081,1273.0199999991241,7698.009768348499
55652,32.04067762574081,1273.0399999991241,7698.050397744789
55653,32.04067762574081,1273.059999999124,7698.091026796312
55654,32.04067762574081,1273.079999999124,7698.131655503056
55655,32.04067762574081,1273.099999999124,7698.172283865011
55656,32.04067762574081,1273.119999999124,7698.212911882165
55657,32.04067762574081,1273.139999999124,7698.2535395545065
55658,32.04067762574081,1273.159999999124,7698.294166882024
55659,32.04067762574081,1273.179999999124,7698.334793864707
55660,32.04067762574081,1273.199999999124,7698.3754205025425
55661,32.04067762574081,1273.219999999124,7698.416046795521
55662,32.04067762574081,1273.239999999124,7698.4566727436295
55663,32.04067762574081,1273.259999999124,7698.497298346858
55664,32.04067762574081,1273.279999999124,7698.537923605194
55665,32.04067762574081,1273.2999999991239,7698.578548518627
55666,32.04067762574081,1273.3199999991239,7698.619173087145
55667,32.04067762574081,1273.3399999991238,7698.659797310737
55668,32.04067762574081,1273.3599999991238,7698.700421189392
55669,32.04067762574081,1273.3799999991238,7698.741044723098
55670,32.04067762574081,1273.3999999991238,7698.781667911843
55671,32.04067762574081,1273.4199999991238,7698.822290755617
55672,32.04067762574081,1273.4399999991238,7698.862913254408
55673,32.04067762574081,1273.4599999991237,7698.903535408205
55674,32.04067762574081,1273.4799999991237,7698.944157216997
55675,32.04067762574081,1273.4999999991237,7698.984778680771
55676,32.04067762574081,1273.5199999991237,7699.025399799518
55677,32.04067762574081,1273.5399999991237,7699.066020573225
55678,32.04067762574081,1273.5599999991236,7699.10664100188
55679,32.04067762574081,1273.5799999991236,7699.1472610854735
55680,32.04067762574081,1273.5999999991236,7699.187880823993
55681,32.04067762574081,1273.6199999991236,7699.228500217427
55682,32.04067762574081,1273.6399999991236,7699.269119265765
55683,32.04067762574081,1273.6599999991236,7699.309737968995
55684,32.04067762574081,1273.6799999991235,7699.350356327106
55685,32.04067762574081,1273.6999999991235,7699.390974340086
55686,32.04067762574081,1273.7199999991235,7699.431592007925
55687,32.04067762574081,1273.7399999991235,7699.472209330611
55688,32.04067762574081,1273.7599999991235,7699.5128263081315
55689,32.04067762574081,1273.7799999991234,7699.553442940476
55690,32.04067762574081,1273.7999999991234,7699.594059227948
55691,32.04067762574081,1273.8199999991234,7699.634675171233
55692,32.04067762574081,1273.8399999991234,7699.675290770362
55693,32.04067762574081,1273.8599999991234,7699.715906025324
55694,32.04067762574081,1273.8799999991234,7699.756520936108
55695,32.04067762574081,1273.8999999991233,7699.797135502702
55696,32.04067762574081,1273.9199999991233,7699.837749725095
55697,32.04067762574081,1273.9399999991233,7699.878363603275
55698,32.04067762574081,1273.9599999991233,7699.918977137231
55699,32.04067762574081,1273.9799999991233,7699.959590326952
55700,32.04067762574081,1273.9999999991232,7700.000203172426
55701,32.04067762574081,1274.0199999991232,7700.040815673561
55702,32.04067762574081,1274.0399999991232,7700.081427830264
55703,32.04067762574081,1274.0599999991232,7700.122039642524
55704,32.04067762574081,1274.0799999991232,7700.16265111033
55705,32.04067762574081,1274.0999999991232,7700.20326223367
55706,32.04067762574081,1274.1199999991231,7700.243873012532
55707,32.04067762574081,1274.1399999991231,7700.284483446905
55708,32.04067762574081,1274.159999999123,7700.325093536777
55709,32.04067762574081,1274.179999999123,7700.365703282137
55710,32.04067762574081,1274.199999999123,7700.406312682972
55711,32.04067762574081,1274.219999999123,7700.4469217392725
55712,32.04067762574081,1274.239999999123,7700.487530451026
55713,32.04067762574081,1274.259999999123,7700.52813881822
55714,32.04067762574081,1274.279999999123,7700.568746840844
55715,32.04067762574081,1274.299999999123,7700.609354518887
55716,32.04067762574081,1274.319999999123,7700.649961852336
55717,32.04067762574081,1274.339999999123,7700.69056884118
55718,32.04067762574081,1274.359999999123,7700.731175485407
55719,32.04067762574081,1274.379999999123,7700.771781785007
55720,32.04067762574081,1274.3999999991229,7700.812387739967
55721,32.04067762574081,1274.4199999991229,7700.852993350275
55722,32.04067762574081,1274.4399999991228,7700.893598615921
55723,32.04067762574081,1274.4599999991228,7700.934203536893
55724,32.04067762574081,1274.4799999991228,7700.974808113178
55725,32.04067762574081,1274.4999999991228,7701.015412344766
55726,32.04067762574081,1274.5199999991228,7701.056016231645
55727,32.04067762574081,1274.5399999991228,7701.0966197738035
55728,32.04067762574081,1274.5599999991227,7701.13722297123
55729,32.04067762574081,1274.5799999991227,7701.177825823912
55730,32.04067762574081,1274.5999999991227,7701.218428331839
55731,32.04067762574081,1274.6199999991227,7701.259030494999
55732,32.04067762574081,1274.6399999991227,7701.299632313381
55733,32.04067762574081,1274.6599999991226,7701.340233786973
55734,32.04067762574081,1274.6799999991226,7701.3808349157625
55735,32.04067762574081,1274.6999999991226,7701.421435699739
55736,32.04067762574081,1274.7199999991226,7701.462036138892
55737,32.04067762574081,1274.7399999991226,7701.502636233207
55738,32.04067762574081,1274.7599999991226,7701.5432359826755
55739,32.04067762574081,1274.7799999991225,7701.583835387284
55740,32.04067762574081,1274.7999999991225,7701.6244344470215
55741,32.04067762574081,1274.8199999991225,7701.665033162282
55742,32.04067762574081,1274.8399999991225,7701.705631533753
55743,32.04067762574081,1274.8599999991225,7701.746229561456
55744,32.04067762574081,1274.8799999991224,7701.786827245378
55745,32.04067762574081,1274.8999999991224,7701.827424585508
55746,32.04067762574081,1274.9199999991224,7701.868021581836
55747,32.04067762574081,1274.9399999991224,7701.908618234348
55748,32.04067762574081,1274.9599999991224,7701.949214543035
55749,32.04067762574081,1274.9799999991224,7701.989810507884
55750,32.04067762574081,1274.9999999991223,7702.030406128883
55751,32.04067762574081,1275.0199999991223,7702.071001406022
55752,32.04067762574081,1275.0399999991223,7702.111596339289
55753,32.04067762574081,1275.0599999991223,7702.152190928671
55754,32.04067762574081,1275.0799999991223,7702.192785174158
55755,32.04067762574081,1275.0999999991222,7702.233379075739
55756,32.04067762574081,1275.1199999991222,7702.273972633402
55757,32.04067762574081,1275.1399999991222,7702.314565847135
55758,32.04067762574081,1275.1599999991222,7702.355158716927
55759,32.04067762574081,1275.1799999991222,7702.395751242765
55760,32.04067762574081,1275.1999999991222,7702.43634342464
55761,32.04067762574081,1275.2199999991221,7702.476935262538
55762,32.04067762574081,1275.2399999991221,7702.517526756449
55763,32.04067762574081,1275.259999999122,7702.558117906362
55764,32.04067762574081,1275.279999999122,7702.598708712264
55765,32.04067762574081,1275.299999999122,7702.639299174144
55766,32.04067762574081,1275.319999999122,7702.6798892919915
55767,32.04067762574081,1275.339999999122,7702.720479065793
55768,32.04067762574081,1275.359999999122,7702.761068495539
55769,32.04067762574081,1275.379999999122,7702.801657581217
55770,32.04067762574081,1275.399999999122,7702.842246322815
55771,31.99905719819256,1275.419999999122,7702.882834720323
55772,31.99905719819256,1275.439999999122,7702.923422773729
55773,31.99905719819256,1275.459999999122,7702.9640104830205
55774,31.99905719819256,1275.479999999122,7703.004597848187
55775,31.99905719819256,1275.4999999991219,7703.0451848692155
55776,31.99905719819256,1275.5199999991219,7703.085771546096
55777,31.99905719819256,1275.5399999991218,7703.126357878817
55778,31.99905719819256,1275.5599999991218,7703.166943867366
55779,31.99905719819256,1275.5799999991218,7703.207529511733
55780,31.99905719819256,1275.5999999991218,7703.248114811905
55781,31.99905719819256,1275.6199999991218,7703.288699767872
55782,31.99905719819256,1275.6399999991218,7703.329284379621
55783,31.99905719819256,1275.6599999991217,7703.369868647141
55784,31.99905719819256,1275.6799999991217,7703.41045257042
55785,31.99905719819256,1275.6999999991217,7703.451036149447
55786,31.99905719819256,1275.7199999991217,7703.491619384211
55787,31.99905719819256,1275.7399999991217,7703.5322022747
55788,31.99905719819256,1275.7599999991216,7703.572784820902
55789,31.99905719819256,1275.7799999991216,7703.613367022806
55790,31.99905719819256,1275.7999999991216,7703.653948880402
55791,31.99905719819256,1275.8199999991216,7703.694530393676
55792,31.99905719819256,1275.8399999991216,7703.7351115630145
55793,31.99905719819256,1275.8599999991216,7703.775692388945
55794,31.99905719819256,1275.8799999991215,7703.8162728714715
55795,31.99905719819256,1275.8999999991215,7703.856853010584
55796,31.99905719819256,1275.9199999991215,7703.89743280627
55797,31.99905719819256,1275.9399999991215,7703.93801225852
55798,31.99905719819256,1275.9599999991215,7703.97859136732
55799,31.99905719819256,1275.9799999991214,7704.01917013266
55800,31.99905719819256,1275.9999999991214,7704.059748554529
55801,31.99905719819256,1276.0199999991214,7704.1003266329135
55802,31.99905719819256,1276.0399999991214,7704.140904367803
55803,31.99905719819256,1276.0599999991214,7704.181481759187
55804,31.99905719819256,1276.0799999991214,7704.222058807052
55805,31.99905719819256,1276.0999999991213,7704.262635511389
55806,31.99905719819256,1276.1199999991213,7704.303211872185
55807,31.99905719819256,1276.1399999991213,7704.343787889429
55808,31.99905719819256,1276.1599999991213,7704.38436356311
55809,31.99905719819256,1276.1799999991213,7704.424938893216
55810,31.99905719819256,1276.1999999991212,7704.465513879735
55811,31.99905719819256,1276.2199999991212,7704.506088522657
55812,31.99905719819256,1276.2399999991212,7704.546662821968
55813,31.99905719819256,1276.2599999991212,7704.587236777659
55814,31.99905719819256,1276.2799999991212,7704.627810389718
55815,31.99905719819256,1276.2999999991212,7704.668383658133
55816,31.99905719819256,1276.3199999991211,7704.708956582893
55817,31.99905719819256,1276.3399999991211,7704.749529163986
55818,31.99905719819256,1276.359999999121,7704.790101401401
55819,31.99905719819256,1276.379999999121,7704.830673295127
55820,31.99905719819256,1276.399999999121,7704.8712448451515
55821,31.99905719819256,1276.419999999121,7704.911816051464
55822,31.99905719819256,1276.439999999121,7704.952386914052
55823,31.99905719819256,1276.459999999121,7704.992957432904
55824,31.99905719819256,1276.479999999121,7705.03352760801
55825,31.99905719819256,1276.499999999121,7705.074097439358
55826,31.99905719819256,1276.519999999121,7705.1146669269365
55827,31.99905719819256,1276.539999999121,7705.155236070733
55828,31.99905719819256,1276.559999999121,7705.1958048707365
55829,31.99905719819256,1276.579999999121,7705.236373326936
55830,31.99905719819256,1276.5999999991209,7705.27694143932
55831,31.99905719819256,1276.6199999991209,7705.317509207876
55832,31.99905719819256,1276.6399999991208,7705.358076632595
55833,31.99905719819256,1276.6599999991208,7705.398643713464
55834,31.99905719819256,1276.6799999991208,7705.4392104504705
55835,31.99905719819256,1276.6999999991208,7705.479776843605
55836,31.99905719819256,1276.7199999991208,7705.520342892854
55837,31.99905719819256,1276.7399999991208,7705.560908598209
55838,31.99905719819256,1276.7599999991207,7705.601473959656
55839,31.99905719819256,1276.7799999991207,7705.642038977184
55840,31.99905719819256,1276.7999999991207,7705.682603650782
55841,31.99905719819256,1276.8199999991207,7705.723167980438
55842,31.99905719819256,1276.8399999991207,7705.763731966141
55843,31.99905719819256,1276.8599999991206,7705.804295608373
55844,31.99905719819256,1276.8799999991206,7705.844858907663
55845,31.99905719819256,1276.8999999991206,7705.885421864006
55846,31.99905719819256,1276.9199999991206,7705.925984477391
55847,31.99905719819256,1276.9399999991206,7705.966546747804
55848,31.99905719819256,1276.9599999991206,7706.007108675236
55849,31.99905719819256,1276.9799999991205,7706.047670259674
55850,31.99905719819256,1276.9999999991205,7706.088231501108
55851,31.99905719819256,1277.0199999991205,7706.128792399525
55852,31.99905719819256,1277.0399999991205,7706.169352954915
55853,31.99905719819256,1277.0599999991205,7706.209913167266
55854,31.99905719819256,1277.0799999991204,7706.250473036566
55855,31.99905719819256,1277.0999999991204,7706.2910325628045
55856,31.99905719819256,1277.1199999991204,7706.3315917459695
55857,31.99905719819256,1277.1399999991204,7706.372150586049
55858,31.99905719819256,1277.1599999991204,7706.412709083033
55859,31.99905719819256,1277.1799999991204,7706.45326723691
55860,31.99905719819256,1277.1999999991203,7706.493825047666
55861,31.99905719819256,1277.2199999991203,7706.534382515293
55862,31.99905719819256,1277.2399999991203,7706.574939639778
55863,31.99905719819256,1277.2599999991203,7706.615496421109
55864,31.99905719819256,1277.2799999991203,7706.656052859275
55865,31.99905719819256,1277.2999999991202,7706.696608954266
55866,31.99905719819256,1277.3199999991202,7706.737164706068
55867,31.99905719819256,1277.3399999991202,7706.777720114672
55868,31.99905719819256,1277.3599999991202,7706.818275180065
55869,31.99905719819256,1277.3799999991202,7706.858829902236
55870,31.99905719819256,1277.3999999991202,7706.899384281173
55871,31.99905719819256,1277.4199999991201,7706.939938316867
55872,31.99905719819256,1277.4399999991201,7706.980492009304
55873,31.99905719819256,1277.45999999912,7707.021045358473
55874,31.99905719819256,1277.47999999912,7707.061598364363
55875,31.99905719819256,1277.49999999912,7707.102151026963
55876,31.99905719819256,1277.51999999912,7707.1427033462605
55877,31.99905719819256,1277.53999999912,7707.183255322245
55878,31.99905719819256,1277.55999999912,7707.223806954905
55879,31.99905719819256,1277.57999999912,7707.264358244229
55880,31.99905719819256,1277.59999999912,7707.304909190205
55881,31.99905719819256,1277.61999999912,7707.345459792822
55882,31.99905719819256,1277.63999999912,7707.386010052069
55883,31.99905719819256,1277.65999999912,7707.426559967933
55884,31.99905719819256,1277.67999999912,7707.467109540404
55885,31.99905719819256,1277.6999999991199,7707.50765876947
55886,31.99905719819256,1277.7199999991199,7707.548207655121
55887,31.99905719819256,1277.7399999991198,7707.588756197343
55888,31.99905719819256,1277.7599999991198,7707.629304396127
55889,31.99905719819256,1277.7799999991198,7707.66985225146
55890,31.99905719819256,1277.7999999991198,7707.710399763331
55891,31.99905719819256,1277.8199999991198,7707.750946931729
55892,31.99905719819256,1277.8399999991198,7707.791493756643
55893,31.99905719819256,1277.8599999991197,7707.832040238068
55894,31.99905719819256,1277.8799999991197,7707.872586376541
55895,31.99905719819256,1277.8999999991197,7707.913132172537
55896,31.99905719819256,1277.9199999991197,7707.953677626045
55897,31.99905719819256,1277.9399999991197,7707.994222737052
55898,31.99905719819256,1277.9599999991196,7708.034767505548
55899,31.99905719819256,1277.9799999991196,7708.075311931521
55900,31.99905719819256,1277.9999999991196,7708.11585601496
55901,31.99905719819256,1278.0199999991196,7708.156399755853
55902,31.99905719819256,1278.0399999991196,7708.196943154189
55903,31.99905719819256,1278.0599999991196,7708.237486209957
55904,31.99905719819256,1278.0799999991195,7708.278028923145
55905,31.99905719819256,1278.0999999991195,7708.318571293742
55906,31.99905719819256,1278.1199999991195,7708.359113321736
55907,31.99905719819256,1278.1399999991195,7708.399655007116
55908,31.99905719819256,1278.1599999991195,7708.440196349871
55909,31.99905719819256,1278.1799999991194,7708.480737349989
55910,31.99905719819256,1278.1999999991194,7708.521278007459
55911,31.99905719819256,1278.2199999991194,7708.56181832227
55912,31.99905719819256,1278.2399999991194,7708.602358294409
55913,31.99905719819256,1278.2599999991194,7708.642897923866
55914,31.99905719819256,1278.2799999991194,7708.68343721063
55915,31.99905719819256,1278.2999999991193,7708.723976154688
55916,31.99905719819256,1278.3199999991193,7708.76451475603
55917,31.99905719819256,1278.3399999991193,7708.805053014644
55918,31.99905719819256,1278.3599999991193,7708.8455909305185
55919,31.99905719819256,1278.3799999991193,7708.886128503642
55920,31.99905719819256,1278.3999999991192,7708.926665734003
55921,31.99905719819256,1278.4199999991192,7708.967202621591
55922,31.99905719819256,1278.4399999991192,7709.0077391663945
55923,31.99905719819256,1278.4599999991192,7709.048275368401
55924,31.99905719819256,1278.4799999991192,7709.0888112276
55925,31.99905719819256,1278.4999999991192,7709.12934674398
55926,31.99905719819256,1278.5199999991191,7709.16988191753
55927,31.99905719819256,1278.5399999991191,7709.210416748238
55928,31.99905719819256,1278.559999999119,7709.250951236092
55929,31.99905719819256,1278.579999999119,7709.291485381082
55930,31.99905719819256,1278.599999999119,7709.332019183195
55931,31.99905719819256,1278.619999999119,7709.372552642421
55932,31.99905719819256,1278.639999999119,7709.413085758749
55933,31.99905719819256,1278.659999999119,7709.453618532166
55934,31.99905719819256,1278.679999999119,7709.4941509626615
55935,31.99905719819256,1278.699999999119,7709.534683050224
55936,31.99905719819256,1278.719999999119,7709.575214794842
55937,31.99905719819256,1278.739999999119,7709.615746196505
55938,31.99905719819256,1278.759999999119,7709.6562772552
55939,31.99905719819256,1278.779999999119,7709.696807970916
55940,31.99905719819256,1278.7999999991189,7709.7373383436425
55941,31.99905719819256,1278.8199999991189,7709.777868373368
55942,31.99905719819256,1278.8399999991188,7709.81839806008
55943,31.99905719819256,1278.8599999991188,7709.858927403768
55944,31.99905719819256,1278.8799999991188,7709.89945640444
55945,31.99905719819256,1278.8999999991188,7709.939985062683
55946,31.99905719819256,1278.9199999991188,7709.980513378912
55947,31.99905719819256,1278.9399999991188,7710.021041353102
55948,31.99905719819256,1278.9599999991187,7710.06156898513
55949,31.99905719819256,1278.9799999991187,7710.102096274974
55950,31.99905719819256,1278.9999999991187,7710.142623222623
55951,31.99905719819256,1279.0199999991187,7710.183149828065
55952,31.99905719819256,1279.0399999991187,7710.223676091289
55953,31.99905719819256,1279.0599999991186,7710.264202012284
55954,31.99905719819256,1279.0799999991186,7710.3047275910385
55955,31.99905719819256,1279.0999999991186,7710.345252827541
55956,31.99905719819256,1279.1199999991186,7710.385777721781
55957,31.99905719819256,1279.1399999991186,7710.426302273746
55958,31.99905719819256,1279.1599999991186,7710.466826483425
55959,31.99905719819256,1279.1799999991185,7710.507350350808
55960,31.99905719819256,1279.1999999991185,7710.547873875883
55961,31.99905719819256,1279.2199999991185,7710.588397058638
55962,31.99905719819256,1279.2399999991185,7710.628919899063
55963,31.99905719819256,1279.2599999991185,7710.669442397145
55964,31.99905719819256,1279.2799999991184,7710.709964552874
55965,31.99905719819256,1279.2999999991184,7710.750486366239
55966,31.99905719819256,1279.3199999991184,7710.791007837228
55967,31.99905719819256,1279.3399999991184,7710.831528965829
55968,31.99905719819256,1279.3599999991184,7710.872049752033
55969,31.99905719819256,1279.3799999991184,7710.912570195826
55970,31.99905719819256,1279.3999999991183,7710.953090297199
55971,31.99905719819256,1279.4199999991183,7710.993610056139
55972,31.99905719819256,1279.4399999991183,7711.034129472636
55973,31.99905719819256,1279.4599999991183,7711.074648546678
55974,31.99905719819256,1279.4799999991183,7711.1151672782535
55975,31.99905719819256,1279.4999999991182,7711.1556856673515
55976,31.99905719819256,1279.5199999991182,7711.196203713961
55977,31.99905719819256,1279.5399999991182,7711.23672141807
55978,31.99905719819256,1279.5599999991182,7711.277238779669
55979,31.99905719819256,1279.5799999991182,7711.317755798745
55980,31.99905719819256,1279.5999999991182,7711.358272475287
55981,31.99905719819256,1279.6199999991181,7711.398788809283
55982,31.99905719819256,1279.6399999991181,7711.439304800724
55983,31.99905719819256,1279.659999999118,7711.479820449597
55984,31.99905719819256,1279.679999999118,7711.520335755891
55985,31.99905719819256,1279.699999999118,7711.560850719595
55986,31.99905719819256,1279.719999999118,7711.601365340697
55987,31.99905719819256,1279.739999999118,7711.6418796191865
55988,31.99905719819256,1279.759999999118,7711.682393555052
55989,31.99905719819256,1279.779999999118,7711.722907148282
55990,31.99905719819256,1279.799999999118,7711.763420398865
55991,31.99905719819256,1279.819999999118,7711.80393330679
55992,31.99905719819256,1279.839999999118,7711.844445872046
55993,31.99905719819256,1279.859999999118,7711.884958094622
55994,31.99905719819256,1279.879999999118,7711.925469974505
55995,31.99905719819256,1279.8999999991179,7711.965981511718
55996,31.99905719819256,1279.9199999991179,7712.006492706912
55997,31.99905719819256,1279.9399999991178,7712.047003560444
55998,31.99905719819256,1279.9599999991178,7712.087514072304
55999,31.99905719819256,1279.9799999991178,7712.128024242479
56000,31.99905719819256,1279.9999999991178,7712.168534070959
56001,31.99905719819256,1280.0199999991178,7712.209043557732
56002,31.99905719819256,1280.0399999991178,7712.249552702787
56003,31.99905719819256,1280.0599999991177,7712.290061506112
56004,31.99905719819256,1280.0799999991177,7712.330569967695
56005,31.99905719819256,1280.0999999991177,7712.371078087525
56006,31.99905719819256,1280.1199999991177,7712.411585865591
56007,31.99905719819256,1280.1399999991177,7712.452093301881
56008,31.99905719819256,1280.1599999991176,7712.492600396384
56009,31.99905719819256,1280.1799999991176,7712.533107149088
56010,31.99905719819256,1280.1999999991176,7712.573613559982
56011,31.99905719819256,1280.2199999991176,7712.614119629054
56012,31.99905719819256,1280.2399999991176,7712.654625356292
56013,31.99905719819256,1280.2599999991176,7712.695130741686
56014,31.99905719819256,1280.2799999991175,7712.735635785223
56015,31.99905719819256,1280.2999999991175,7712.776140486893
56016,31.99905719819256,1280.3199999991175,7712.8166448466845
56017,31.99905719819256,1280.3399999991175,7712.857148864585
56018,31.99905719819256,1280.3599999991175,7712.897652540583
56019,31.99905719819256,1280.3799999991174,7712.938155874668
56020,31.99905719819256,1280.3999999991174,7712.978658866828
56021,31.99905719819256,1280.4199999991174,7713.019161517051
56022,31.99905719819256,1280.4399999991174,7713.0596638253255
56023,31.99905719819256,1280.4599999991174,7713.10016579164
56024,31.99905719819256,1280.4799999991174,7713.140667415984
56025,31.99905719819256,1280.4999999991173,7713.181168698346
56026,31.99905719819256,1280.5199999991173,7713.221669638713
56027,31.99905719819256,1280.5399999991173,7713.262170237075
56028,31.99905719819256,1280.5599999991173,7713.30267049342
56029,31.99905719819256,1280.5799999991173,7713.343170407737
56030,31.99905719819256,1280.5999999991172,7713.383669980013
56031,31.99905719819256,1280.6199999991172,7713.424169210239
56032,31.99905719819256,1280.6399999991172,7713.4646680984015
56033,31.99905719819256,1280.6599999991172,7713.50516664449
56034,31.99905719819256,1280.6799999991172,7713.545664848492
56035,31.99905719819256,1280.6999999991172,7713.586162710398
56036,31.99905719819256,1280.7199999991171,7713.626660230194
56037,31.99905719819256,1280.7399999991171,7713.66715740787
56038,31.99905719819256,1280.759999999117,7713.707654243414
56039,31.99905719819256,1280.779999999117,7713.748150736815
56040,31.99905719819256,1280.799999999117,7713.788646888061
56041,31.99905719819256,1280.819999999117,7713.829142697141
56042,31.99905719819256,1280.839999999117,7713.869638164043
56043,31.99905719819256,1280.859999999117,7713.910133288756
56044,31.99905719819256,1280.879999999117,7713.9506280712685
56045,31.99905719819256,1280.899999999117,7713.991122511569
56046,31.99905719819256,1280.919999999117,7714.031616609693
56047,31.99905719819256,1280.939999999117,7714.072110366362
56048,31.99905719819256,1280.959999999117,7714.112603781883
56049,31.99905719819256,1280.979999999117,7714.153096856246
56050,31.957526800009045,1280.9999999991169,7714.193589589438
56051,31.957526800009045,1281.0199999991169,7714.234081981449
56052,31.957526800009045,1281.0399999991168,7714.274574032268
56053,31.957526800009045,1281.0599999991168,7714.315065741884
56054,31.957526800009045,1281.0799999991168,7714.355557110285
56055,31.957526800009045,1281.0999999991168,7714.396048137462
56056,31.957526800009045,1281.1199999991168,7714.436538823401
56057,31.957526800009045,1281.1399999991168,7714.477029168093
56058,31.957526800009045,1281.1599999991167,7714.517519171527
56059,31.957526800009045,1281.1799999991167,7714.558008833691
56060,31.957526800009045,1281.1999999991167,7714.5984981545735
56061,31.957526800009045,1281.2199999991167,7714.638987134164
56062,31.957526800009045,1281.2399999991167,7714.679475772452
56063,31.957526800009045,1281.2599999991166,7714.719964069425
56064,31.957526800009045,1281.2799999991166,7714.760452025073
56065,31.957526800009045,1281.2999999991166,7714.800939639385
56066,31.957526800009045,1281.3199999991166,7714.84142691235
56067,31.957526800009045,1281.3399999991166,7714.881913843955
56068,31.957526800009045,1281.3599999991166,7714.922400434191
56069,31.957526800009045,1281.3799999991165,7714.962886683046
56070,31.957526800009045,1281.3999999991165,7715.00337259051
56071,31.957526800009045,1281.4199999991165,7715.04385815657
56072,31.957526800009045,1281.4399999991165,7715.084343381217
56073,31.957526800009045,1281.4599999991165,7715.124828264438
56074,31.957526800009045,1281.4799999991164,7715.1653128062235
56075,31.957526800009045,1281.4999999991164,7715.205797006562
56076,31.957526800009045,1281.5199999991164,7715.246280865441
56077,31.957526800009045,1281.5399999991164,7715.286764382851
56078,31.957526800009045,1281.5599999991164,7715.327247558781
56079,31.957526800009045,1281.5799999991164,7715.367730393219
56080,31.957526800009045,1281.5999999991163,7715.408212886154
56081,31.957526800009045,1281.6199999991163,7715.448695037575
56082,31.957526800009045,1281.6399999991163,7715.489176847471
56083,31.957526800009045,1281.6599999991163,7715.529658315831
56084,31.957526800009045,1281.6799999991163,7715.570139442643
56085,31.957526800009045,1281.6999999991162,7715.610620227898
56086,31.957526800009045,1281.7199999991162,7715.651100671584
56087,31.957526800009045,1281.7399999991162,7715.691580773689
56088,31.957526800009045,1281.7599999991162,7715.732060534202
56089,31.957526800009045,1281.7799999991162,7715.772539953113
56090,31.957526800009045,1281.7999999991162,7715.81301903041
56091,31.957526800009045,1281.8199999991161,7715.853497766082
56092,31.957526800009045,1281.8399999991161,7715.893976160119
56093,31.957526800009045,1281.859999999116,7715.934454212508
56094,31.957526800009045,1281.879999999116,7715.97493192324
56095,31.957526800009045,1281.899999999116,7716.015409292302
56096,31.957526800009045,1281.919999999116,7716.055886319684
56097,31.957526800009045,1281.939999999116,7716.096363005426
56098,31.957526800009045,1281.959999999116,7716.136839350196
56099,31.957526800009045,1281.979999999116,7716.1773153542035
56100,31.957526800009045,1281.999999999116,7716.217791017435
56101,31.957526800009045,1282.019999999116,7716.258266339881
56102,31.957526800009045,1282.039999999116,7716.298741321528
56103,31.957526800009045,1282.059999999116,7716.339215962366
56104,31.957526800009045,1282.079999999116,7716.379690262384
56105,31.957526800009045,1282.0999999991159,7716.42016422157
56106,31.957526800009045,1282.1199999991159,7716.460637839914
56107,31.957526800009045,1282.1399999991158,7716.501111117403
56108,31.957526800009045,1282.1599999991158,7716.541584054026
56109,31.957526800009045,1282.1799999991158,7716.582056649772
56110,31.957526800009045,1282.1999999991158,7716.622528904631
56111,31.957526800009045,1282.2199999991158,7716.663000818589
56112,31.957526800009045,1282.2399999991158,7716.703472391637
56113,31.957526800009045,1282.2599999991157,7716.743943623763
56114,31.957526800009045,1282.2799999991157,7716.784414514955
56115,31.957526800009045,1282.2999999991157,7716.824885065203
56116,31.957526800009045,1282.3199999991157,7716.865355274494
56117,31.957526800009045,1282.3399999991157,7716.905825142818
56118,31.957526800009045,1282.3599999991156,7716.946294670163
56119,31.957526800009045,1282.3799999991156,7716.986763856518
56120,31.957526800009045,1282.3999999991156,7717.027232701872
56121,31.957526800009045,1282.4199999991156,7717.067701206213
56122,31.957526800009045,1282.4399999991156,7717.1081693695305
56123,31.957526800009045,1282.4599999991156,7717.148637191813
56124,31.957526800009045,1282.4799999991155,7717.189104673049
56125,31.957526800009045,1282.4999999991155,7717.229571813227
56126,31.957526800009045,1282.5199999991155,7717.270038612336
56127,31.957526800009045,1282.5399999991155,7717.310505070364
56128,31.957526800009045,1282.5599999991155,7717.350971187301
56129,31.957526800009045,1282.5799999991154,7717.391436963135
56130,31.957526800009045,1282.5999999991154,7717.431902397854
56131,31.957526800009045,1282.6199999991154,7717.4723674914485
56132,31.957526800009045,1282.6399999991154,7717.512832243906
56133,31.957526800009045,1282.6599999991154,7717.553296655215
56134,31.957526800009045,1282.6799999991154,7717.593760725364
56135,31.957526800009045,1282.6999999991153,7717.634224454342
56136,31.957526800009045,1282.7199999991153,7717.674687842138
56137,31.957526800009045,1282.7399999991153,7717.715150888741
56138,31.957526800009045,1282.7599999991153,7717.7556135941395
56139,31.957526800009045,1282.7799999991153,7717.796075958321
56140,31.957526800009045,1282.7999999991152,7717.836537981276
56141,31.957526800009045,1282.8199999991152,7717.876999662992
56142,31.957526800009045,1282.8399999991152,7717.917461003458
56143,31.957526800009045,1282.8599999991152,7717.957922002663
56144,31.957526800009045,1282.8799999991152,7717.998382660595
56145,31.957526800009045,1282.8999999991152,7718.038842977243
56146,31.957526800009045,1282.9199999991151,7718.079302952596
56147,31.957526800009045,1282.9399999991151,7718.1197625866425
56148,31.957526800009045,1282.959999999115,7718.160221879439
56149,31.957526800009045,1282.979999999115,7718.200680831758
56150,31.957526800009045,1282.999999999115,7718.241139443765
56151,31.957526800009045,1283.019999999115,7718.281597715448
56152,31.957526800009045,1283.039999999115,7718.322055646795
56153,31.957526800009045,1283.059999999115,7718.362513237796
56154,31.957526800009045,1283.079999999115,7718.402970488439
56155,31.957526800009045,1283.099999999115,7718.443427398713
56156,31.957526800009045,1283.119999999115,7718.483883968606
56157,31.957526800009045,1283.139999999115,7718.524340198108
56158,31.957526800009045,1283.159999999115,7718.564796087207
56159,31.957526800009045,1283.179999999115,7718.60525163589
56160,31.957526800009045,1283.1999999991149,7718.645706844149
56161,31.957526800009045,1283.2199999991149,7718.68616171197
56162,31.957526800009045,1283.2399999991148,7718.7266162393435
56163,31.957526800009045,1283.2599999991148,7718.767070426256
56164,31.957526800009045,1283.2799999991148,7718.807524272699
56165,31.957526800009045,1283.2999999991148,7718.847977778659
56166,31.957526800009045,1283.3199999991148,7718.8884309441255
56167,31.957526800009045,1283.3399999991148,7718.928883769087
56168,31.957526800009045,1283.3599999991147,7718.969336253533
56169,31.957526800009045,1283.3799999991147,7719.00978839745
56170,31.957526800009045,1283.3999999991147,7719.05024020083
56171,31.957526800009045,1283.4199999991147,7719.090691663659
56172,31.957526800009045,1283.4399999991147,7719.131142785926
56173,31.957526800009045,1283.4599999991146,7719.171593567621
56174,31.957526800009045,1283.4799999991146,7719.212044008732
56175,31.957526800009045,1283.4999999991146,7719.252494109247
56176,31.957526800009045,1283.5199999991146,7719.292943869155
56177,31.957526800009045,1283.5399999991146,7719.333393288446
56178,31.957526800009045,1283.5599999991146,7719.3738423671075
56179,31.957526800009045,1283.5799999991145,7719.414291105128
56180,31.957526800009045,1283.5999999991145,7719.4547395024965
56181,31.957526800009045,1283.6199999991145,7719.495187559202
56182,31.957526800009045,1283.6399999991145,7719.535635275233
56183,31.957526800009045,1283.6599999991145,7719.576082650578
56184,31.957526800009045,1283.6799999991144,7719.616529685226
56185,31.957526800009045,1283.6999999991144,7719.656976379165
56186,31.957526800009045,1283.7199999991144,7719.697422732384
56187,31.957526800009045,1283.7399999991144,7719.737868744873
56188,31.957526800009045,1283.7599999991144,7719.778314416619
56189,31.957526800009045,1283.7799999991144,7719.818759747611
56190,31.957526800009045,1283.7999999991143,7719.859204737838
56191,31.957526800009045,1283.8199999991143,7719.899649387289
56192,31.957526800009045,1283.8399999991143,7719.940093695953
56193,31.957526800009045,1283.8599999991143,7719.980537663817
56194,31.957526800009045,1283.8799999991143,7720.0209812908515
56195,31.957526800009045,1283.8999999991142,7720.061424576885
56196,31.957526800009045,1283.9199999991142,7720.101867521889
56197,31.957526800009045,1283.9399999991142,7720.142310125854
56198,31.957526800009045,1283.9599999991142,7720.182752388769
56199,31.957526800009045,1283.9799999991142,7720.2231943107
56200,31.957526800009045,1283.9999999991142,7720.263635892471
56201,31.957526800009045,1284.0199999991141,7720.304077134185
56202,31.957526800009045,1284.0399999991141,7720.34451803583
56203,31.957526800009045,1284.059999999114,7720.384958597397
56204,31.957526800009045,1284.079999999114,7720.425398818873
56205,31.957526800009045,1284.099999999114,7720.465838700247
56206,31.957526800009045,1284.119999999114,7720.506278241508
56207,31.957526800009045,1284.139999999114,7720.546717442644
56208,31.957526800009045,1284.159999999114,7720.587156303644
56209,31.957526800009045,1284.179999999114,7720.627594824498
56210,31.957526800009045,1284.199999999114,7720.668033005194
56211,31.957526800009045,1284.219999999114,7720.70847084572
56212,31.957526800009045,1284.239999999114,7720.748908346064
56213,31.957526800009045,1284.259999999114,7720.789345506217
56214,31.957526800009045,1284.279999999114,7720.829782326166
56215,31.957526800009045,1284.2999999991139,7720.8702188059015
56216,31.957526800009045,1284.3199999991139,7720.91065494541
56217,31.957526800009045,1284.3399999991138,7720.951090744681
56218,31.957526800009045,1284.3599999991138,7720.991526203704
56219,31.957526800009045,1284.3799999991138,7721.031961322467
56220,31.957526800009045,1284.3999999991138,7721.07239610096
56221,31.957526800009045,1284.4199999991138,7721.112830539169
56222,31.957526800009045,1284.4399999991138,7721.153264637086
56223,31.957526800009045,1284.4599999991137,7721.193698394697
56224,31.957526800009045,1284.4799999991137,7721.2341318119925
56225,31.957526800009045,1284.4999999991137,7721.27456488896
56226,31.957526800009045,1284.5199999991137,7721.31499762559
56227,31.957526800009045,1284.5399999991137,7721.355430021869
56228,31.957526800009045,1284.5599999991136,7721.395862077788
56229,31.957526800009045,1284.5799999991136,7721.436293793333
56230,31.957526800009045,1284.5999999991136,7721.476725168494
56231,31.957526800009045,1284.6199999991136,7721.517156203261
56232,31.957526800009045,1284.6399999991136,7721.557586897621
56233,31.957526800009045,1284.6599999991136,7721.598017251564
56234,31.957526800009045,1284.6799999991135,7721.638447265077
56235,31.957526800009045,1284.6999999991135,7721.67887693815
56236,31.957526800009045,1284.7199999991135,7721.719306270772
56237,31.957526800009045,1284.7399999991135,7721.759735262931
56238,31.957526800009045,1284.7599999991135,7721.800163914616
56239,31.957526800009045,1284.7799999991134,7721.840592225816
56240,31.957526800009045,1284.7999999991134,7721.88102019652
56241,31.957526800009045,1284.8199999991134,7721.921447826715
56242,31.957526800009045,1284.8399999991134,7721.961875116392
56243,31.957526800009045,1284.8599999991134,7722.002302065538
56244,31.957526800009045,1284.8799999991134,7722.042728674142
56245,31.957526800009045,1284.8999999991133,7722.083154942194
56246,31.957526800009045,1284.9199999991133,7722.123580869681
56247,31.957526800009045,1284.9399999991133,7722.164006456593
56248,31.957526800009045,1284.9599999991133,7722.204431702918
56249,31.957526800009045,1284.9799999991133,7722.244856608645
56250,31.957526800009045,1284.9999999991132,7722.285281173879
56251,31.957526800009045,1285.0199999991132,7722.325705399443
56252,31.957526800009045,1285.0399999991132,7722.366129285404
56253,31.957526800009045,1285.0599999991132,7722.4065528317515
56254,31.957526800009045,1285.0799999991132,7722.446976038474
56255,31.957526800009045,1285.0999999991132,7722.4873989055595
56256,31.957526800009045,1285.1199999991131,7722.527821432997
56257,31.957526800009045,1285.1399999991131,7722.568243620776
56258,31.957526800009045,1285.159999999113,7722.608665468885
56259,31.957526800009045,1285.179999999113,7722.649086977312
56260,31.957526800009045,1285.199999999113,7722.689508146047
56261,31.957526800009045,1285.219999999113,7722.729928975078
56262,31.957526800009045,1285.239999999113,7722.770349464394
56263,31.957526800009045,1285.259999999113,7722.810769613983
56264,31.957526800009045,1285.279999999113,7722.8511894238345
56265,31.957526800009045,1285.299999999113,7722.891608893938
56266,31.957526800009045,1285.319999999113,7722.93202802428
56267,31.957526800009045,1285.339999999113,7722.9724468148515
56268,31.957526800009045,1285.359999999113,7723.01286526564
56269,31.957526800009045,1285.379999999113,7723.053283376635
56270,31.957526800009045,1285.3999999991129,7723.0937011478245
56271,31.957526800009045,1285.4199999991129,7723.134118579198
56272,31.957526800009045,1285.4399999991128,7723.174535670743
56273,31.957526800009045,1285.4599999991128,7723.21495242245
56274,31.957526800009045,1285.4799999991128,7723.255368834306
56275,31.957526800009045,1285.4999999991128,7723.295784906301
56276,31.957526800009045,1285.5199999991128,7723.336200638424
56277,31.957526800009045,1285.5399999991128,7723.376616030662
56278,31.957526800009045,1285.5599999991127,7723.417031083006
56279,31.957526800009045,1285.5799999991127,7723.457445795443
56280,31.957526800009045,1285.5999999991127,7723.497860167962
56281,31.957526800009045,1285.6199999991127,7723.538274200552
56282,31.957526800009045,1285.6399999991127,7723.578687893202
56283,31.957526800009045,1285.6599999991126,7723.619101245901
56284,31.957526800009045,1285.6799999991126,7723.6595142586375
56285,31.957526800009045,1285.6999999991126,7723.6999269314
56286,31.957526800009045,1285.7199999991126,7723.740339264177
56287,31.957526800009045,1285.7399999991126,7723.780751256958
56288,31.957526800009045,1285.7599999991126,7723.821162909731
56289,31.957526800009045,1285.7799999991125,7723.861574222486
56290,31.957526800009045,1285.7999999991125,7723.90198519521
56291,31.957526800009045,1285.8199999991125,7723.942395827892
56292,31.957526800009045,1285.8399999991125,7723.982806120523
56293,31.957526800009045,1285.8599999991125,7724.023216073088
56294,31.957526800009045,1285.8799999991124,7724.06362568558
56295,31.957526800009045,1285.8999999991124,7724.104034957984
56296,31.957526800009045,1285.9199999991124,7724.144443890292
56297,31.957526800009045,1285.9399999991124,7724.18485248249
56298,31.957526800009045,1285.9599999991124,7724.225260734568
56299,31.957526800009045,1285.9799999991124,7724.265668646515
56300,31.957526800009045,1285.9999999991123,7724.3060762183195
56301,31.957526800009045,1286.0199999991123,7724.346483450161
56302,31.957526800009045,1286.0399999991123,7724.3868903428765
56303,31.957526800009045,1286.0599999991123,7724.427296896527
56304,31.957526800009045,1286.0799999991123,7724.467703111101
56305,31.957526800009045,1286.0999999991122,7724.508108986589
56306,31.957526800009045,1286.1199999991122,7724.548514522978
56307,31.957526800009045,1286.1399999991122,7724.588919720257
56308,31.957526800009045,1286.1599999991122,7724.629324578415
56309,31.957526800009045,1286.1799999991122,7724.669729097442
56310,31.957526800009045,1286.1999999991122,7724.710133277325
56311,31.957526800009045,1286.2199999991121,7724.750537118054
56312,31.957526800009045,1286.2399999991121,7724.790940619618
56313,31.957526800009045,1286.259999999112,7724.831343782004
56314,31.957526800009045,1286.279999999112,7724.871746605203
56315,31.957526800009045,1286.299999999112,7724.912149089202
56316,31.957526800009045,1286.319999999112,7724.952551233991
56317,31.957526800009045,1286.339999999112,7724.9929530395575
56318,31.957526800009045,1286.359999999112,7725.033354505891
56319,31.957526800009045,1286.379999999112,7725.0737556329805
56320,31.957526800009045,1286.399999999112,7725.114156420815
56321,31.957526800009045,1286.419999999112,7725.154556869383
56322,31.957526800009045,1286.439999999112,7725.194956978673
56323,31.957526800009045,1286.459999999112,7725.235356748674
56324,31.957526800009045,1286.479999999112,7725.275756179375
56325,31.957526800009045,1286.4999999991119,7725.316155270764
56326,31.957526800009045,1286.5199999991119,7725.356554022831
56327,31.957526800009045,1286.5399999991118,7725.396952435564
56328,31.957526800009045,1286.5599999991118,7725.4373505089525
56329,31.91608615878575,1286.5799999991118,7725.4777482429845
56330,31.91608615878575,1286.5999999991118,7725.518145637649
56331,31.91608615878575,1286.6199999991118,7725.558542692935
56332,31.91608615878575,1286.6399999991118,7725.598939408831
56333,31.91608615878575,1286.6599999991117,7725.639335785326
56334,31.91608615878575,1286.6799999991117,7725.679731822408
56335,31.91608615878575,1286.6999999991117,7725.720127520067
56336,31.91608615878575,1286.7199999991117,7725.760522878291
56337,31.91608615878575,1286.7399999991117,7725.80091789707
56338,31.91608615878575,1286.7599999991116,7725.841312576391
56339,31.91608615878575,1286.7799999991116,7725.881706916244
56340,31.91608615878575,1286.7999999991116,7725.922100916618
56341,31.91608615878575,1286.8199999991116,7725.9624945775
56342,31.91608615878575,1286.8399999991116,7726.002887898881
56343,31.91608615878575,1286.8599999991116,7726.043280880749
56344,31.91608615878575,1286.8799999991115,7726.083673523092
56345,31.91608615878575,1286.8999999991115,7726.1240658259
56346,31.91608615878575,1286.9199999991115,7726.164457789161
56347,31.91608615878575,1286.9399999991115,7726.204849412864
56348,31.91608615878575,1286.9599999991115,7726.245240696998
56349,31.91608615878575,1286.9799999991114,7726.285631641551
56350,31.91608615878575,1286.9999999991114,7726.326022246512
56351,31.91608615878575,1287.0199999991114,7726.366412511871
56352,31.91608615878575,1287.0399999991114,7726.406802437832
56353,31.91608615878575,1287.0599999991114,7726.44719202505
56354,31.91608615878575,1287.0799999991114,7726.487581273564
56355,31.91608615878575,1287.0999999991113,7726.527970183362
56356,31.91608615878575,1287.1199999991113,7726.568358754435
56357,31.91608615878575,1287.1399999991113,7726.608746986771
56358,31.91608615878575,1287.1599999991113,7726.649134880357
56359,31.91608615878575,1287.1799999991113,7726.689522435185
56360,31.91608615878575,1287.1999999991112,7726.729909651241
56361,31.91608615878575,1287.2199999991112,7726.770296528515
56362,31.91608615878575,1287.2399999991112,7726.810683066996
56363,31.91608615878575,1287.2599999991112,7726.851069266672
56364,31.91608615878575,1287.2799999991112,7726.891455127534
56365,31.91608615878575,1287.2999999991112,7726.931840649569
56366,31.91608615878575,1287.3199999991111,7726.972225832766
56367,31.91608615878575,1287.3399999991111,7727.012610677113
56368,31.91608615878575,1287.359999999111,7727.052995182601
56369,31.91608615878575,1287.379999999111,7727.093379349218
56370,31.91608615878575,1287.399999999111,7727.133763176952
56371,31.91608615878575,1287.419999999111,7727.174146665792
56372,31.91608615878575,1287.439999999111,7727.214529815728
56373,31.91608615878575,1287.459999999111,7727.254912626749
56374,31.91608615878575,1287.479999999111,7727.295295098842
56375,31.91608615878575,1287.499999999111,7727.335677231997
56376,31.91608615878575,1287.519999999111,7727.376059026202
56377,31.91608615878575,1287.539999999111,7727.416440481446
56378,31.91608615878575,1287.559999999111,7727.45682159772
56379,31.91608615878575,1287.579999999111,7727.49720237501
56380,31.91608615878575,1287.5999999991109,7727.5375828133065
56381,31.91608615878575,1287.6199999991109,7727.577962912598
56382,31.91608615878575,1287.6399999991108,7727.618342672873
56383,31.91608615878575,1287.6599999991108,7727.658722094121
56384,31.91608615878575,1287.6799999991108,7727.69910117633
56385,31.91608615878575,1287.6999999991108,7727.73947991949
56386,31.91608615878575,1287.7199999991108,7727.779858323588
56387,31.91608615878575,1287.7399999991108,7727.820236388614
56388,31.91608615878575,1287.7599999991107,7727.860614114557
56389,31.91608615878575,1287.7799999991107,7727.900991501406
56390,31.91608615878575,1287.7999999991107,7727.941368549149
56391,31.91608615878575,1287.8199999991107,7727.981745257775
56392,31.91608615878575,1287.8399999991107,7728.022121627274
56393,31.91608615878575,1287.8599999991106,7728.062497657634
56394,31.91608615878575,1287.8799999991106,7728.102873348843
56395,31.91608615878575,1287.8999999991106,7728.143248700891
56396,31.91608615878575,1287.9199999991106,7728.183623713766
56397,31.91608615878575,1287.9399999991106,7728.223998387458
56398,31.91608615878575,1287.9599999991106,7728.264372721955
56399,31.91608615878575,1287.9799999991105,7728.304746717246
56400,31.91608615878575,1287.9999999991105,7728.34512037332
56401,31.91608615878575,1288.0199999991105,7728.385493690166
56402,31.91608615878575,1288.0399999991105,7728.425866667772
56403,31.91608615878575,1288.0599999991105,7728.466239306423
56404,31.91608615878575,1288.0799999991104,7728.506611606784
56405,31.91608615878575,1288.0999999991104,7728.546983568886
56406,31.91608615878575,1288.1199999991104,7728.58735519272
56407,31.91608615878575,1288.1399999991104,7728.627726478273
56408,31.91608615878575,1288.1599999991104,7728.668097425534
56409,31.91608615878575,1288.1799999991104,7728.708468034492
56410,31.91608615878575,1288.1999999991103,7728.748838305137
56411,31.91608615878575,1288.2199999991103,7728.7892082374565
56412,31.91608615878575,1288.2399999991103,7728.82957783144
56413,31.91608615878575,1288.2599999991103,7728.869947087075
56414,31.91608615878575,1288.2799999991103,7728.910316004352
56415,31.91608615878575,1288.2999999991102,7728.950684583259
56416,31.91608615878575,1288.3199999991102,7728.991052823786
56417,31.91608615878575,1288.3399999991102,7729.031420725921
56418,31.91608615878575,1288.3599999991102,7729.071788289652
56419,31.91608615878575,1288.3799999991102,7729.112155514969
56420,31.91608615878575,1288.3999999991102,7729.1525224018615
56421,31.91608615878575,1288.4199999991101,7729.192888950317
56422,31.91608615878575,1288.4399999991101,7729.233255160325
56423,31.91608615878575,1288.45999999911,7729.2736210318735
56424,31.91608615878575,1288.47999999911,7729.313986564953
56425,31.91608615878575,1288.49999999911,7729.354351759551
56426,31.91608615878575,1288.51999999911,7729.394716615656
56427,31.91608615878575,1288.53999999911,7729.435081133258
56428,31.91608615878575,1288.55999999911,7729.475445312345
56429,31.91608615878575,1288.57999999911,7729.5158091529065
56430,31.91608615878575,1288.59999999911,7729.556172654931
56431,31.91608615878575,1288.61999999911,7729.5965358184085
56432,31.91608615878575,1288.63999999911,7729.636898643326
56433,31.91608615878575,1288.65999999911,7729.677261129674
56434,31.91608615878575,1288.67999999911,7729.71762327744
56435,31.91608615878575,1288.6999999991099,7729.757985086613
56436,31.91608615878575,1288.7199999991099,7729.798346557183
56437,31.91608615878575,1288.7399999991098,7729.838707689139
56438,31.91608615878575,1288.7599999991098,7729.879068482468
56439,31.91608615878575,1288.7799999991098,7729.91942893716
56440,31.91608615878575,1288.7999999991098,7729.959789053203
56441,31.91608615878575,1288.8199999991098,7730.000148830587
56442,31.91608615878575,1288.8399999991098,7730.040508269218
56443,31.91608615878575,1288.8599999991097,7730.080867369001
56444,31.91608615878575,1288.8799999991097,7730.121226129925
56445,31.91608615878575,1288.8999999991097,7730.161584551979
56446,31.91608615878575,1288.9199999991097,7730.201942635153
56447,31.91608615878575,1288.9399999991097,7730.242300379433
56448,31.91608615878575,1288.9599999991096,7730.28265778481
56449,31.91608615878575,1288.9799999991096,7730.323014851272
56450,31.91608615878575,1288.9999999991096,7730.363371578808
56451,31.91608615878575,1289.0199999991096,7730.403727967407
56452,31.91608615878575,1289.0399999991096,7730.444084017056
56453,31.91608615878575,1289.0599999991096,7730.484439727747
56454,31.91608615878575,1289.0799999991095,7730.52479509982
56455,31.91608615878575,1289.0999999991095,7730.565150133896
56456,31.91608615878575,1289.1199999991095,7730.605504829993
56457,31.91608615878575,1289.1399999991095,7730.645859188101
56458,31.91608615878575,1289.1599999991095,7730.686213208208
56459,31.91608615878575,1289.1799999991094,7730.726566890303
56460,31.91608615878575,1289.1999999991094,7730.766920234374
56461,31.91608615878575,1289.2199999991094,7730.807273240411
56462,31.91608615878575,1289.2399999991094,7730.847625908402
56463,31.91608615878575,1289.2599999991094,7730.887978238336
56464,31.91608615878575,1289.2799999991094,7730.928330230201
56465,31.91608615878575,1289.2999999991093,7730.968681883987
56466,31.91608615878575,1289.3199999991093,7731.009033199683
56467,31.91608615878575,1289.3399999991093,7731.049384177276
56468,31.91608615878575,1289.3599999991093,7731.0897348167555
56469,31.91608615878575,1289.3799999991093,7731.13008511811
56470,31.91608615878575,1289.3999999991092,7731.17043508133
56471,31.91608615878575,1289.4199999991092,7731.210784706403
56472,31.91608615878575,1289.4399999991092,7731.251133993317
56473,31.91608615878575,1289.4599999991092,7731.2914829420615
56474,31.91608615878575,1289.4799999991092,7731.331831552626
56475,31.91608615878575,1289.4999999991091,7731.372179824998
56476,31.91608615878575,1289.5199999991091,7731.412527759167
56477,31.91608615878575,1289.539999999109,7731.452875355121
56478,31.91608615878575,1289.559999999109,7731.49322261285
56479,31.91608615878575,1289.579999999109,7731.533569532342
56480,31.91608615878575,1289.599999999109,7731.573916113585
56481,31.91608615878575,1289.619999999109,7731.614262356569
56482,31.91608615878575,1289.639999999109,7731.654608261283
56483,31.91608615878575,1289.659999999109,7731.694953827715
56484,31.91608615878575,1289.679999999109,7731.735299055854
56485,31.91608615878575,1289.699999999109,7731.775643945688
56486,31.91608615878575,1289.719999999109,7731.8159884972065
56487,31.91608615878575,1289.739999999109,7731.856332710398
56488,31.91608615878575,1289.759999999109,7731.896676585252
56489,31.91608615878575,1289.779999999109,7731.937020121756
56490,31.91608615878575,1289.7999999991089,7731.9773633199
56491,31.91608615878575,1289.8199999991089,7732.017706179672
56492,31.91608615878575,1289.8399999991088,7732.058048701061
56493,31.91608615878575,1289.8599999991088,7732.098390884056
56494,31.91608615878575,1289.8799999991088,7732.138732728646
56495,31.91608615878575,1289.8999999991088,7732.1790742348185
56496,31.91608615878575,1289.9199999991088,7732.219415402563
56497,31.91608615878575,1289.9399999991087,7732.259756231868
56498,31.91608615878575,1289.9599999991087,7732.300096722723
56499,31.91608615878575,1289.9799999991087,7732.340436875115
56500,31.91608615878575,1289.9999999991087,7732.380776689036
56501,31.91608615878575,1290.0199999991087,7732.421116164472
56502,31.91608615878575,1290.0399999991087,7732.461455301413
56503,31.91608615878575,1290.0599999991086,7732.501794099847
56504,31.91608615878575,1290.0799999991086,7732.542132559763
56505,31.91608615878575,1290.0999999991086,7732.582470681564
56506,31.91608615878575,1290.1199999991086,7732.622808465822
56507,31.91608615878575,1290.1399999991086,7732.663145912545
56508,31.91608615878575,1290.1599999991085,7732.70348302172
56509,31.91608615878575,1290.1799999991085,7732.743819793337
56510,31.91608615878575,1290.1999999991085,7732.784156227384
56511,31.91608615878575,1290.2199999991085,7732.824492323851
56512,31.91608615878575,1290.2399999991085,7732.864828082726
56513,31.91608615878575,1290.2599999991085,7732.905163503997
56514,31.91608615878575,1290.2799999991084,7732.945498587654
56515,31.91608615878575,1290.2999999991084,7732.985833333684
56516,31.91608615878575,1290.3199999991084,7733.026167742078
56517,31.91608615878575,1290.3399999991084,7733.066501812823
56518,31.91608615878575,1290.3599999991084,7733.106835545909
56519,31.91608615878575,1290.3799999991083,7733.147168941325
56520,31.91608615878575,1290.3999999991083,7733.187501999058
56521,31.91608615878575,1290.4199999991083,7733.227834719099
56522,31.91608615878575,1290.4399999991083,7733.268167101434
56523,31.91608615878575,1290.4599999991083,7733.308499146055
56524,31.91608615878575,1290.4799999991083,7733.348830852948
56525,31.91608615878575,1290.4999999991082,7733.389162222103
56526,31.91608615878575,1290.5199999991082,7733.429493253509
56527,31.91608615878575,1290.5399999991082,7733.469823947154
56528,31.91608615878575,1290.5599999991082,7733.510154303027
56529,31.91608615878575,1290.5799999991082,7733.550484321117
56530,31.91608615878575,1290.5999999991081,7733.5908140014135
56531,31.91608615878575,1290.6199999991081,7733.631143343904
56532,31.91608615878575,1290.639999999108,7733.671472348578
56533,31.91608615878575,1290.659999999108,7733.7118010154245
56534,31.91608615878575,1290.679999999108,7733.7521293444315
56535,31.91608615878575,1290.699999999108,7733.792457335588
56536,31.91608615878575,1290.719999999108,7733.832784988882
56537,31.91608615878575,1290.739999999108,7733.8731123043035
56538,31.91608615878575,1290.759999999108,7733.913439281841
56539,31.91608615878575,1290.779999999108,7733.953765921484
56540,31.91608615878575,1290.799999999108,7733.99409222322
56541,31.91608615878575,1290.819999999108,7734.034418187038
56542,31.91608615878575,1290.839999999108,7734.0747438129265
56543,31.91608615878575,1290.859999999108,7734.115069100875
56544,31.91608615878575,1290.879999999108,7734.155394050872
56545,31.91608615878575,1290.8999999991079,7734.195718662906
56546,31.91608615878575,1290.9199999991079,7734.236042936966
56547,31.91608615878575,1290.9399999991078,7734.276366873041
56548,31.91608615878575,1290.9599999991078,7734.31669047112
56549,31.91608615878575,1290.9799999991078,7734.357013731191
56550,31.91608615878575,1290.9999999991078,7734.397336653243
56551,31.91608615878575,1291.0199999991078,7734.437659237265
56552,31.91608615878575,1291.0399999991077,7734.477981483245
56553,31.91608615878575,1291.0599999991077,7734.518303391173
56554,31.91608615878575,1291.0799999991077,7734.558624961036
56555,31.91608615878575,1291.0999999991077,7734.598946192825
56556,31.91608615878575,1291.1199999991077,7734.639267087008
56557,31.91608615878575,1291.1399999991077,7734.6795876441165
56558,31.91608615878575,1291.1599999991076,7734.719907864145
56559,31.91608615878575,1291.1799999991076,7734.760227747082
56560,31.91608615878575,1291.1999999991076,7734.800547292917
56561,31.91608615878575,1291.2199999991076,7734.840866501638
56562,31.91608615878575,1291.2399999991076,7734.881185373233
56563,31.91608615878575,1291.2599999991075,7734.921503907692
56564,31.91608615878575,1291.2799999991075,7734.961822105002
56565,31.91608615878575,1291.2999999991075,7735.002139965152
56566,31.91608615878575,1291.3199999991075,7735.042457488132
56567,31.91608615878575,1291.3399999991075,7735.082774673929
56568,31.91608615878575,1291.3599999991075,7735.1230915225315
56569,31.91608615878575,1291.3799999991074,7735.163408033929
56570,31.91608615878575,1291.3999999991074,7735.20372420811
56571,31.91608615878575,1291.4199999991074,7735.244040045062
56572,31.91608615878575,1291.4399999991074,7735.284355544775
56573,31.91608615878575,1291.4599999991074,7735.324670707237
56574,31.91608615878575,1291.4799999991073,7735.364985532436
56575,31.91608615878575,1291.4999999991073,7735.405300020361
56576,31.91608615878575,1291.5199999991073,7735.445614171002
56577,31.91608615878575,1291.5399999991073,7735.485927984345
56578,31.91608615878575,1291.5599999991073,7735.52624146038
56579,31.91608615878575,1291.5799999991073,7735.566554599096
56580,31.91608615878575,1291.5999999991072,7735.60686740048
56581,31.91608615878575,1291.6199999991072,7735.647179864522
56582,31.91608615878575,1291.6399999991072,7735.68749199121
56583,31.91608615878575,1291.6599999991072,7735.727803780533
56584,31.91608615878575,1291.6799999991072,7735.7681152324785
56585,31.91608615878575,1291.6999999991071,7735.808426347036
56586,31.91608615878575,1291.7199999991071,7735.8487371241945
56587,31.91608615878575,1291.739999999107,7735.889047563942
56588,31.91608615878575,1291.759999999107,7735.929357666267
56589,31.91608615878575,1291.779999999107,7735.969667431158
56590,31.91608615878575,1291.799999999107,7736.009976858604
56591,31.91608615878575,1291.819999999107,7736.050285948594
56592,31.91608615878575,1291.839999999107,7736.090594701116
56593,31.91608615878575,1291.859999999107,7736.130903116158
56594,31.91608615878575,1291.879999999107,7736.1712111937095
56595,31.91608615878575,1291.899999999107,7736.211518933758
56596,31.91608615878575,1291.919999999107,7736.251826336294
56597,31.91608615878575,1291.939999999107,7736.2921334013035
56598,31.91608615878575,1291.959999999107,7736.332440128777
56599,31.91608615878575,1291.979999999107,7736.372746518703
56600,31.91608615878575,1291.9999999991069,7736.413052571069
56601,31.91608615878575,1292.0199999991069,7736.453358285864
56602,31.91608615878575,1292.0399999991068,7736.493663663077
56603,31.91608615878575,1292.0599999991068,7736.533968702696
56604,31.91608615878575,1292.0799999991068,7736.574273404711
56605,31.91608615878575,1292.0999999991068,7736.614577769108
56606,31.91608615878575,1292.1199999991068,7736.654881795884
56607,31.91608615878575,1292.1399999991067,7736.695185485585
56608,31.91608615878575,1292.1599999991067,7736.73548883871
56609,31.91608615878575,1292.1799999991067,7736.775791855246
56610,31.874735003177012,1292.1999999991067,7736.816094535184
56611,31.874735003177012,1292.2199999991067,7736.856396878512
56612,31.874735003177012,1292.2399999991067,7736.896698885219
56613,31.874735003177012,1292.2599999991066,7736.937000555294
56614,31.874735003177012,1292.2799999991066,7736.977301888726
56615,31.874735003177012,1292.2999999991066,7737.017602885505
56616,31.874735003177012,1292.3199999991066,7737.0579035456185
56617,31.874735003177012,1292.3399999991066,7737.098203869055
56618,31.874735003177012,1292.3599999991065,7737.1385038558055
56619,31.874735003177012,1292.3799999991065,7737.178803505858
56620,31.874735003177012,1292.3999999991065,7737.219102819201
56621,31.874735003177012,1292.4199999991065,7737.259401795824
56622,31.874735003177012,1292.4399999991065,7737.299700435716
56623,31.874735003177012,1292.4599999991065,7737.339998738866
56624,31.874735003177012,1292.4799999991064,7737.3802967052625
56625,31.874735003177012,1292.4999999991064,7737.420594334894
56626,31.874735003177012,1292.5199999991064,7737.460891627751
56627,31.874735003177012,1292.5399999991064,7737.501188583822
56628,31.874735003177012,1292.5599999991064,7737.541485203095
56629,31.874735003177012,1292.5799999991063,7737.581781485561
56630,31.874735003177012,1292.5999999991063,7737.622077431207
56631,31.874735003177012,1292.6199999991063,7737.662373040022
56632,31.874735003177012,1292.6399999991063,7737.702668311997
56633,31.874735003177012,1292.6599999991063,7737.7429632471185
56634,31.874735003177012,1292.6799999991063,7737.783257845377
56635,31.874735003177012,1292.6999999991062,7737.823552106761
56636,31.874735003177012,1292.7199999991062,7737.8638460312595
56637,31.874735003177012,1292.7399999991062,7737.904139618861
56638,31.874735003177012,1292.7599999991062,7737.944432869555
56639,31.874735003177012,1292.7799999991062,7737.984725783331
56640,31.874735003177012,1292.7999999991061,7738.025018360177
56641,31.874735003177012,1292.8199999991061,7738.065310600082
56642,31.874735003177012,1292.839999999106,7738.105602503036
56643,31.874735003177012,1292.859999999106,7738.145894069027
56644,31.874735003177012,1292.879999999106,7738.186185298045
56645,31.874735003177012,1292.899999999106,7738.226476190078
56646,31.874735003177012,1292.919999999106,7738.266766745115
56647,31.874735003177012,1292.939999999106,7738.307056963145
56648,31.874735003177012,1292.959999999106,7738.347346844158
56649,31.874735003177012,1292.979999999106,7738.387636388142
56650,31.874735003177012,1292.999999999106,7738.427925595086
56651,31.874735003177012,1293.019999999106,7738.46821446498
56652,31.874735003177012,1293.039999999106,7738.508502997811
56653,31.874735003177012,1293.059999999106,7738.54879119357
56654,31.874735003177012,1293.079999999106,7738.589079052244
56655,31.874735003177012,1293.0999999991059,7738.629366573824
56656,31.874735003177012,1293.1199999991059,7738.6696537582975
56657,31.874735003177012,1293.1399999991058,7738.7099406056695
56658,31.874735003177012,1293.1599999991058,7738.750227116453
56659,31.874735003177012,1293.1799999991058,7738.790513291018
56660,31.874735003177012,1293.1999999991058,7738.830799129354
56661,31.874735003177012,1293.2199999991058,7738.87108463145
56662,31.874735003177012,1293.2399999991057,7738.911369797293
56663,31.874735003177012,1293.2599999991057,7738.951654626874
56664,31.874735003177012,1293.2799999991057,7738.991939120181
56665,31.874735003177012,1293.2999999991057,7739.032223277202
56666,31.874735003177012,1293.3199999991057,7739.072507097928
56667,31.874735003177012,1293.3399999991057,7739.112790582345
56668,31.874735003177012,1293.3599999991056,7739.153073730444
56669,31.874735003177012,1293.3799999991056,7739.193356542212
56670,31.874735003177012,1293.3999999991056,7739.23363901764
56671,31.874735003177012,1293.4199999991056,7739.273921156715
56672,31.874735003177012,1293.4399999991056,7739.314202959426
56673,31.874735003177012,1293.4599999991055,7739.354484425763
56674,31.874735003177012,1293.4799999991055,7739.394765555713
56675,31.874735003177012,1293.4999999991055,7739.4350463492665
56676,31.874735003177012,1293.5199999991055,7739.475326806411
56677,31.874735003177012,1293.5399999991055,7739.515606927136
56678,31.874735003177012,1293.5599999991055,7739.5558867114305
56679,31.874735003177012,1293.5799999991054,7739.596166159283
56680,31.874735003177012,1293.5999999991054,7739.636445270682
56681,31.874735003177012,1293.6199999991054,7739.6767240456165
56682,31.874735003177012,1293.6399999991054,7739.717002484075
56683,31.874735003177012,1293.6599999991054,7739.757280586047
56684,31.874735003177012,1293.6799999991053,7739.797558351521
56685,31.874735003177012,1293.6999999991053,7739.837835780486
56686,31.874735003177012,1293.7199999991053,7739.878112872931
56687,31.874735003177012,1293.7399999991053,7739.918389628843
56688,31.874735003177012,1293.7599999991053,7739.958666048213
56689,31.874735003177012,1293.7799999991053,7739.998942131028
56690,31.874735003177012,1293.7999999991052,7740.039217877192
56691,31.874735003177012,1293.8199999991052,7740.079493286597
56692,31.874735003177012,1293.8399999991052,7740.119768359233
56693,31.874735003177012,1293.8599999991052,7740.1600430950875
56694,31.874735003177012,1293.8799999991052,7740.200317494151
56695,31.874735003177012,1293.8999999991051,7740.240591556412
56696,31.874735003177012,1293.9199999991051,7740.28086528186
56697,31.874735003177012,1293.939999999105,7740.321138670483
56698,31.874735003177012,1293.959999999105,7740.361411722271
56699,31.874735003177012,1293.979999999105,7740.401684437214
56700,31.874735003177012,1293.999999999105,7740.441956815299
56701,31.874735003177012,1294.019999999105,7740.482228856516
56702,31.874735003177012,1294.039999999105,7740.522500560854
56703,31.874735003177012,1294.059999999105,7740.562771928302
56704,31.874735003177012,1294.079999999105,7740.60304295885
56705,31.874735003177012,1294.099999999105,7740.6433136524865
56706,31.874735003177012,1294.119999999105,7740.6835840092
56707,31.874735003177012,1294.139999999105,7740.72385402898
56708,31.874735003177012,1294.159999999105,7740.764123711845
56709,31.874735003177012,1294.179999999105,7740.804393058401
56710,31.874735003177012,1294.1999999991049,7740.844662068995
56711,31.874735003177012,1294.2199999991049,7740.884930743615
56712,31.874735003177012,1294.2399999991048,7740.925199082251
56713,31.874735003177012,1294.2599999991048,7740.965467084892
56714,31.874735003177012,1294.2799999991048,7741.005734751528
56715,31.874735003177012,1294.2999999991048,7741.046002082146
56716,31.874735003177012,1294.3199999991048,7741.086269076736
56717,31.874735003177012,1294.3399999991047,7741.126535735288
56718,31.874735003177012,1294.3599999991047,7741.16680205779
56719,31.874735003177012,1294.3799999991047,7741.207068044231
56720,31.874735003177012,1294.3999999991047,7741.247333694601
56721,31.874735003177012,1294.4199999991047,7741.28759900889
56722,31.874735003177012,1294.4399999991047,7741.327863987084
56723,31.874735003177012,1294.4599999991046,7741.368128629175
56724,31.874735003177012,1294.4799999991046,7741.408392935151
56725,31.874735003177012,1294.4999999991046,7741.448656905001
56726,31.874735003177012,1294.5199999991046,7741.488920538715
56727,31.874735003177012,1294.5399999991046,7741.529183836281
56728,31.874735003177012,1294.5599999991045,7741.569446797688
56729,31.874735003177012,1294.5799999991045,7741.609709422926
56730,31.874735003177012,1294.5999999991045,7741.649971711984
56731,31.874735003177012,1294.6199999991045,7741.690233664851
56732,31.874735003177012,1294.6399999991045,7741.730495281516
56733,31.874735003177012,1294.6599999991045,7741.770756561968
56734,31.874735003177012,1294.6799999991044,7741.811017506196
56735,31.874735003177012,1294.6999999991044,7741.851278114189
56736,31.874735003177012,1294.7199999991044,7741.891538385937
56737,31.874735003177012,1294.7399999991044,7741.931798321428
56738,31.874735003177012,1294.7599999991044,7741.972057920651
56739,31.874735003177012,1294.7799999991043,7742.012317183597
56740,31.874735003177012,1294.7999999991043,7742.0525761102535
56741,31.874735003177012,1294.8199999991043,7742.09283470061
56742,31.874735003177012,1294.8399999991043,7742.133092954656
56743,31.874735003177012,1294.8599999991043,7742.173350872379
56744,31.874735003177012,1294.8799999991043,7742.213608453771
56745,31.874735003177012,1294.8999999991042,7742.253865698818
56746,31.874735003177012,1294.9199999991042,7742.294122607511
56747,31.874735003177012,1294.9399999991042,7742.334379179839
56748,31.874735003177012,1294.9599999991042,7742.37463541579
56749,31.874735003177012,1294.9799999991042,7742.414891315354
56750,31.874735003177012,1294.9999999991041,7742.45514687852
56751,31.874735003177012,1295.0199999991041,7742.495402105277
56752,31.874735003177012,1295.039999999104,7742.535656995615
56753,31.874735003177012,1295.059999999104,7742.575911549521
56754,31.874735003177012,1295.079999999104,7742.616165766986
56755,31.874735003177012,1295.099999999104,7742.656419647999
56756,31.874735003177012,1295.119999999104,7742.696673192549
56757,31.874735003177012,1295.139999999104,7742.736926400624
56758,31.874735003177012,1295.159999999104,7742.777179272213
56759,31.874735003177012,1295.179999999104,7742.817431807348
56760,31.874735003177012,1295.199999999104,7742.857684006683
56761,31.874735003177012,1295.219999999104,7742.8979358705055
56762,31.874735003177012,1295.239999999104,7742.938187398805
56763,31.874735003177012,1295.259999999104,7742.97843859157
56764,31.874735003177012,1295.279999999104,7743.018689448791
56765,31.874735003177012,1295.2999999991039,7743.058939970455
56766,31.874735003177012,1295.3199999991039,7743.099190156553
56767,31.874735003177012,1295.3399999991038,7743.139440007073
56768,31.874735003177012,1295.3599999991038,7743.179689522005
56769,31.874735003177012,1295.3799999991038,7743.219938701338
56770,31.874735003177012,1295.3999999991038,7743.26018754506
56771,31.874735003177012,1295.4199999991038,7743.300436053161
56772,31.874735003177012,1295.4399999991037,7743.340684225631
56773,31.874735003177012,1295.4599999991037,7743.380932062457
56774,31.874735003177012,1295.4799999991037,7743.421179563629
56775,31.874735003177012,1295.4999999991037,7743.461426729137
56776,31.874735003177012,1295.5199999991037,7743.50167355897
56777,31.874735003177012,1295.5399999991037,7743.541920053116
56778,31.874735003177012,1295.5599999991036,7743.582166211565
56779,31.874735003177012,1295.5799999991036,7743.622412034306
56780,31.874735003177012,1295.5999999991036,7743.662657521328
56781,31.874735003177012,1295.6199999991036,7743.7029026726195
56782,31.874735003177012,1295.6399999991036,7743.7431474881705
56783,31.874735003177012,1295.6599999991035,7743.78339196797
56784,31.874735003177012,1295.6799999991035,7743.823636112006
56785,31.874735003177012,1295.6999999991035,7743.863879920269
56786,31.874735003177012,1295.7199999991035,7743.904123392748
56787,31.874735003177012,1295.7399999991035,7743.944366529432
56788,31.874735003177012,1295.7599999991035,7743.9846093303095
56789,31.874735003177012,1295.7799999991034,7744.02485179537
56790,31.874735003177012,1295.7999999991034,7744.0650939246025
56791,31.874735003177012,1295.8199999991034,7744.105335717996
56792,31.874735003177012,1295.8399999991034,7744.145577175541
56793,31.874735003177012,1295.8599999991034,7744.185818297225
56794,31.874735003177012,1295.8799999991033,7744.226059083037
56795,31.874735003177012,1295.8999999991033,7744.266299532967
56796,31.874735003177012,1295.9199999991033,7744.306539647005
56797,31.874735003177012,1295.9399999991033,7744.346779425137
56798,31.874735003177012,1295.9599999991033,7744.387018867355
56799,31.874735003177012,1295.9799999991033,7744.427257973648
56800,31.874735003177012,1295.9999999991032,7744.467496744003
56801,31.874735003177012,1296.0199999991032,7744.507735178411
56802,31.874735003177012,1296.0399999991032,7744.547973276861
56803,31.874735003177012,1296.0599999991032,7744.588211039341
56804,31.874735003177012,1296.0799999991032,7744.628448465842
56805,31.874735003177012,1296.0999999991031,7744.66868555635
56806,31.874735003177012,1296.1199999991031,7744.708922310857
56807,31.874735003177012,1296.139999999103,7744.749158729351
56808,31.874735003177012,1296.159999999103,7744.789394811821
56809,31.874735003177012,1296.179999999103,7744.829630558256
56810,31.874735003177012,1296.199999999103,7744.8698659687
56811,31.874735003177012,1296.219999999103,7744.9101010438535
56812,31.874735003177012,1296.239999999103,7744.950335783946
56813,31.874735003177012,1296.259999999103,7744.990570188967
56814,31.874735003177012,1296.279999999103,7745.030804258905
56815,31.874735003177012,1296.299999999103,7745.071037993749
56816,31.874735003177012,1296.319999999103,7745.111271393489
56817,31.874735003177012,1296.339999999103,7745.151504458114
56818,31.874735003177012,1296.359999999103,7745.191737187612
56819,31.874735003177012,1296.379999999103,7745.231969581972
56820,31.874735003177012,1296.3999999991029,7745.272201641185
56821,31.874735003177012,1296.4199999991029,7745.3124333652395
56822,31.874735003177012,1296.4399999991028,7745.352664754124
56823,31.874735003177012,1296.4599999991028,7745.392895807827
56824,31.874735003177012,1296.4799999991028,7745.433126526338
56825,31.874735003177012,1296.4999999991028,7745.473356909647
56826,31.874735003177012,1296.5199999991028,7745.5135869577425
56827,31.874735003177012,1296.5399999991027,7745.553816670614
56828,31.874735003177012,1296.5599999991027,7745.59404604825
56829,31.874735003177012,1296.5799999991027,7745.63427509064
56830,31.874735003177012,1296.5999999991027,7745.674503797773
56831,31.874735003177012,1296.6199999991027,7745.7147321696375
56832,31.874735003177012,1296.6399999991027,7745.754960206224
56833,31.874735003177012,1296.6599999991026,7745.79518790752
56834,31.874735003177012,1296.6799999991026,7745.8354152735155
56835,31.874735003177012,1296.6999999991026,7745.8756423042
56836,31.874735003177012,1296.7199999991026,7745.915868999561
56837,31.874735003177012,1296.7399999991026,7745.956095359589
56838,31.874735003177012,1296.7599999991025,7745.996321384273
56839,31.874735003177012,1296.7799999991025,7746.036547073602
56840,31.874735003177012,1296.7999999991025,7746.076772427566
56841,31.874735003177012,1296.8199999991025,7746.116997446152
56842,31.874735003177012,1296.8399999991025,7746.15722212935
56843,31.874735003177012,1296.8599999991025,7746.19744647715
56844,31.874735003177012,1296.8799999991024,7746.2376704895405
56845,31.874735003177012,1296.8999999991024,7746.27789416651
56846,31.874735003177012,1296.9199999991024,7746.318117508049
56847,31.874735003177012,1296.9399999991024,7746.358340514145
56848,31.874735003177012,1296.9599999991024,7746.398563184788
56849,31.874735003177012,1296.9799999991023,7746.4387855199675
56850,31.874735003177012,1296.9999999991023,7746.4790075196715
56851,31.874735003177012,1297.0199999991023,7746.51922918389
56852,31.874735003177012,1297.0399999991023,7746.559450512612
56853,31.874735003177012,1297.0599999991023,7746.599671505826
56854,31.874735003177012,1297.0799999991023,7746.639892163522
56855,31.874735003177012,1297.0999999991022,7746.680112485688
56856,31.874735003177012,1297.1199999991022,7746.720332472314
56857,31.874735003177012,1297.1399999991022,7746.760552123389
56858,31.874735003177012,1297.1599999991022,7746.800771438902
56859,31.874735003177012,1297.1799999991022,7746.840990418842
56860,31.874735003177012,1297.1999999991021,7746.881209063198
56861,31.874735003177012,1297.2199999991021,7746.92142737203
56862,31.874735003177012,1297.239999999102,7746.961645346153
56863,31.874735003177012,1297.259999999102,7747.001862985752
56864,31.874735003177012,1297.279999999102,7747.042080290817
56865,31.874735003177012,1297.299999999102,7747.082297261335
56866,31.874735003177012,1297.319999999102,7747.122513897297
56867,31.874735003177012,1297.339999999102,7747.162730198691
56868,31.874735003177012,1297.359999999102,7747.202946165507
56869,31.874735003177012,1297.379999999102,7747.243161797732
56870,31.874735003177012,1297.399999999102,7747.283377095357
56871,31.874735003177012,1297.419999999102,7747.32359205837
56872,31.874735003177012,1297.439999999102,7747.363806686761
56873,31.874735003177012,1297.459999999102,7747.404020980517
56874,31.874735003177012,1297.479999999102,7747.4442349396295
56875,31.874735003177012,1297.4999999991019,7747.484448564086
56876,31.874735003177012,1297.5199999991019,7747.524661853876
56877,31.874735003177012,1297.5399999991018,7747.564874808988
56878,31.874735003177012,1297.5599999991018,7747.6050874294115
56879,31.874735003177012,1297.5799999991018,7747.6452997151355
56880,31.874735003177012,1297.5999999991018,7747.685511666149
56881,31.874735003177012,1297.6199999991018,7747.725723282441
56882,31.874735003177012,1297.6399999991017,7747.765934564001
56883,31.874735003177012,1297.6599999991017,7747.806145510818
56884,31.874735003177012,1297.6799999991017,7747.84635612288
56885,31.874735003177012,1297.6999999991017,7747.886566400177
56886,31.874735003177012,1297.7199999991017,7747.926776342697
56887,31.874735003177012,1297.7399999991017,7747.96698595043
56888,31.874735003177012,1297.7599999991016,7748.007195223365
56889,31.874735003177012,1297.7799999991016,7748.04740416149
56890,31.874735003177012,1297.7999999991016,7748.087612764795
56891,31.8334730628909,1297.8199999991016,7748.127821033269
56892,31.8334730628909,1297.8399999991016,7748.168028966901
56893,31.8334730628909,1297.8599999991015,7748.20823656568
56894,31.8334730628909,1297.8799999991015,7748.248443829594
56895,31.8334730628909,1297.8999999991015,7748.288650758634
56896,31.8334730628909,1297.9199999991015,7748.328857352787
56897,31.8334730628909,1297.9399999991015,7748.369063612043
56898,31.8334730628909,1297.9599999991015,7748.409269536391
56899,31.8334730628909,1297.9799999991014,7748.44947512582
56900,31.8334730628909,1297.9999999991014,7748.4896803803185
56901,31.8334730628909,1298.0199999991014,7748.529885299877
56902,31.8334730628909,1298.0399999991014,7748.5700898844825
56903,31.8334730628909,1298.0599999991014,7748.610294134125
56904,31.8334730628909,1298.0799999991013,7748.650498048794
56905,31.8334730628909,1298.0999999991013,7748.690701628479
56906,31.8334730628909,1298.1199999991013,7748.730904873167
56907,31.8334730628909,1298.1399999991013,7748.771107782848
56908,31.8334730628909,1298.1599999991013,7748.8113103575115
56909,31.8334730628909,1298.1799999991013,7748.851512597146
56910,31.8334730628909,1298.1999999991012,7748.891714501741
56911,31.8334730628909,1298.2199999991012,7748.931916071286
56912,31.8334730628909,1298.2399999991012,7748.972117305836
56913,31.8334730628909,1298.2599999991012,7749.012318206105
56914,31.8334730628909,1298.2799999991012,7749.05251877219
56915,31.8334730628909,1298.2999999991011,7749.0927190040775
56916,31.8334730628909,1298.3199999991011,7749.132918901759
56917,31.8334730628909,1298.339999999101,7749.173118465222
56918,31.8334730628909,1298.359999999101,7749.213317694455
56919,31.8334730628909,1298.379999999101,7749.253516589448
56920,31.8334730628909,1298.399999999101,7749.293715150189
56921,31.8334730628909,1298.419999999101,7749.333913376668
56922,31.8334730628909,1298.439999999101,7749.374111268872
56923,31.8334730628909,1298.459999999101,7749.414308826792
56924,31.8334730628909,1298.479999999101,7749.454506050416
56925,31.8334730628909,1298.499999999101,7749.494702939733
56926,31.8334730628909,1298.519999999101,7749.534899494731
56927,31.8334730628909,1298.539999999101,7749.5750957154
56928,31.8334730628909,1298.559999999101,7749.615291601728
56929,31.8334730628909,1298.579999999101,7749.6554871537055
56930,31.8334730628909,1298.5999999991009,7749.69568237132
56931,31.8334730628909,1298.6199999991009,7749.73587725456
56932,31.8334730628909,1298.6399999991008,7749.776071803416
56933,31.8334730628909,1298.6599999991008,7749.816266017876
56934,31.8334730628909,1298.6799999991008,7749.856459897928
56935,31.8334730628909,1298.6999999991008,7749.896653443562
56936,31.8334730628909,1298.7199999991008,7749.936846654767
56937,31.8334730628909,1298.7399999991007,7749.977039531531
56938,31.8334730628909,1298.7599999991007,7750.017232073832
56939,31.8334730628909,1298.7799999991007,7750.057424281528
56940,31.8334730628909,1298.7999999991007,7750.097616154585
56941,31.8334730628909,1298.8199999991007,7750.137807692991
56942,31.8334730628909,1298.8399999991007,7750.1779988967355
56943,31.8334730628909,1298.8599999991006,7750.218189765807
56944,31.8334730628909,1298.8799999991006,7750.258380300195
56945,31.8334730628909,1298.8999999991006,7750.298570499889
56946,31.8334730628909,1298.9199999991006,7750.338760364877
56947,31.8334730628909,1298.9399999991006,7750.378949895148
56948,31.8334730628909,1298.9599999991005,7750.419139090692
56949,31.8334730628909,1298.9799999991005,7750.459327951496
56950,31.8334730628909,1298.9999999991005,7750.49951647755
56951,31.8334730628909,1299.0199999991005,7750.539704668844
56952,31.8334730628909,1299.0399999991005,7750.579892525366
56953,31.8334730628909,1299.0599999991005,7750.620080047104
56954,31.8334730628909,1299.0799999991004,7750.660267234049
56955,31.8334730628909,1299.0999999991004,7750.700454086188
56956,31.8334730628909,1299.1199999991004,7750.740640603512
56957,31.8334730628909,1299.1399999991004,7750.780826786008
56958,31.8334730628909,1299.1599999991004,7750.821012633667
56959,31.8334730628909,1299.1799999991003,7750.861198146476
56960,31.8334730628909,1299.1999999991003,7750.901383324425
56961,31.8334730628909,1299.2199999991003,7750.941568167504
56962,31.8334730628909,1299.2399999991003,7750.9817526757
56963,31.8334730628909,1299.2599999991003,7751.021936849107
56964,31.8334730628909,1299.2799999991003,7751.062120688519
56965,31.8334730628909,1299.2999999991002,7751.1023041940025
56966,31.8334730628909,1299.3199999991002,7751.142487365547
56967,31.8334730628909,1299.3399999991002,7751.182670203141
56968,31.8334730628909,1299.3599999991002,7751.222852706774
56969,31.8334730628909,1299.3799999991002,7751.263034876433
56970,31.8334730628909,1299.3999999991001,7751.303216712109
56971,31.8334730628909,1299.4199999991001,7751.34339821379
56972,31.8334730628909,1299.4399999991,7751.383579381466
56973,31.8334730628909,1299.4599999991,7751.423760215124
56974,31.8334730628909,1299.4799999991,7751.463940714755
56975,31.8334730628909,1299.4999999991,7751.504120880347
56976,31.8334730628909,1299.5199999991,7751.544300711888
56977,31.8334730628909,1299.5399999991,7751.584480209368
56978,31.8334730628909,1299.5599999991,7751.624659372776
56979,31.8334730628909,1299.5799999991,7751.664838202099
56980,31.8334730628909,1299.5999999991,7751.705016697329
56981,31.8334730628909,1299.6199999991,7751.745194858452
56982,31.8334730628909,1299.6399999991,7751.785372685459
56983,31.8334730628909,1299.6599999991,7751.825550178339
56984,31.8334730628909,1299.6799999991,7751.865727337079
56985,31.8334730628909,1299.6999999990999,7751.905904161669
56986,31.8334730628909,1299.7199999990999,7751.946080652098
56987,31.8334730628909,1299.7399999990998,7751.986256808355
56988,31.8334730628909,1299.7599999990998,7752.02643263043
56989,31.8334730628909,1299.7799999990998,7752.066608118309
56990,31.8334730628909,1299.7999999990998,7752.106783271983
56991,31.8334730628909,1299.8199999990998,7752.14695809144
56992,31.8334730628909,1299.8399999990997,7752.18713257667
56993,31.8334730628909,1299.8599999990997,7752.227306727661
56994,31.8334730628909,1299.8799999990997,7752.267480544402
56995,31.8334730628909,1299.8999999990997,7752.307654026882
56996,31.8334730628909,1299.9199999990997,7752.34782717509
56997,31.8334730628909,1299.9399999990997,7752.387999989015
56998,31.8334730628909,1299.9599999990996,7752.428172468646
56999,31.8334730628909,1299.9799999990996,7752.468344613972
57000,31.8334730628909,1299.9999999990996,7752.50851642498
57001,31.8334730628909,1300.0199999990996,7752.548687901663
57002,31.8334730628909,1300.0399999990996,7752.588859044005
57003,31.8334730628909,1300.0599999990995,7752.629029851999
57004,31.8334730628909,1300.0799999990995,7752.669200325632
57005,31.8334730628909,1300.0999999990995,7752.709370464893
57006,31.8334730628909,1300.1199999990995,7752.749540269771
57007,31.8334730628909,1300.1399999990995,7752.789709740256
57008,31.8334730628909,1300.1599999990995,7752.829878876335
57009,31.8334730628909,1300.1799999990994,7752.870047677998
57010,31.8334730628909,1300.1999999990994,7752.910216145234
57011,31.8334730628909,1300.2199999990994,7752.950384278031
57012,31.8334730628909,1300.2399999990994,7752.99055207638
57013,31.8334730628909,1300.2599999990994,7753.0307195402675
57014,31.8334730628909,1300.2799999990993,7753.070886669846
57015,31.8334730628909,1300.2999999990993,7753.111053465866
57016,31.8334730628909,1300.3199999990993,7753.151219928382
57017,31.8334730628909,1300.3399999990993,7753.191386057382
57018,31.8334730628909,1300.3599999990993,7753.231551852857
57019,31.8334730628909,1300.3799999990993,7753.271717314794
57020,31.8334730628909,1300.3999999990992,7753.311882443183
57021,31.8334730628909,1300.4199999990992,7753.352047238013
57022,31.8334730628909,1300.4399999990992,7753.3922116992735
57023,31.8334730628909,1300.4599999990992,7753.432375826952
57024,31.8334730628909,1300.4799999990992,7753.472539621038
57025,31.8334730628909,1300.4999999990991,7753.51270308152
57026,31.8334730628909,1300.5199999990991,7753.552866208388
57027,31.8334730628909,1300.539999999099,7753.59302900163
57028,31.8334730628909,1300.559999999099,7753.633191461236
57029,31.8334730628909,1300.579999999099,7753.673353587194
57030,31.8334730628909,1300.599999999099,7753.7135153794925
57031,31.8334730628909,1300.619999999099,7753.7536768381215
57032,31.8334730628909,1300.639999999099,7753.79383796307
57033,31.8334730628909,1300.659999999099,7753.833998754326
57034,31.8334730628909,1300.679999999099,7753.874159211879
57035,31.8334730628909,1300.699999999099,7753.914319335717
57036,31.8334730628909,1300.719999999099,7753.9544791258295
57037,31.8334730628909,1300.739999999099,7753.994638582206
57038,31.8334730628909,1300.759999999099,7754.034797704835
57039,31.8334730628909,1300.779999999099,7754.074956493706
57040,31.8334730628909,1300.7999999990989,7754.115114948807
57041,31.8334730628909,1300.8199999990989,7754.155273070128
57042,31.8334730628909,1300.8399999990988,7754.195430857657
57043,31.8334730628909,1300.8599999990988,7754.235588311383
57044,31.8334730628909,1300.8799999990988,7754.275745431295
57045,31.8334730628909,1300.8999999990988,7754.315902217382
57046,31.8334730628909,1300.9199999990988,7754.356058669633
57047,31.8334730628909,1300.9399999990987,7754.3962147880375
57048,31.8334730628909,1300.9599999990987,7754.436370572584
57049,31.8334730628909,1300.9799999990987,7754.476526023261
57050,31.8334730628909,1300.9999999990987,7754.516681140057
57051,31.8334730628909,1301.0199999990987,7754.556835922962
57052,31.8334730628909,1301.0399999990987,7754.596990371964
57053,31.8334730628909,1301.0599999990986,7754.637144487054
57054,31.8334730628909,1301.0799999990986,7754.677298268219
57055,31.8334730628909,1301.0999999990986,7754.717451715448
57056,31.8334730628909,1301.1199999990986,7754.75760482873
57057,31.8334730628909,1301.1399999990986,7754.797757608055
57058,31.8334730628909,1301.1599999990985,7754.83791005341
57059,31.8334730628909,1301.1799999990985,7754.878062164786
57060,31.8334730628909,1301.1999999990985,7754.91821394217
57061,31.8334730628909,1301.2199999990985,7754.9583653855525
57062,31.8334730628909,1301.2399999990985,7754.998516494922
57063,31.8334730628909,1301.2599999990985,7755.038667270268
57064,31.8334730628909,1301.2799999990984,7755.078817711578
57065,31.8334730628909,1301.2999999990984,7755.118967819064
57066,31.8334730628909,1301.3199999990984,7755.159117593429
57067,31.8334730628909,1301.3399999990984,7755.199267034717
57068,31.8334730628909,1301.3599999990984,7755.239416142918
57069,31.8334730628909,1301.3799999990983,7755.27956491802
57070,31.8334730628909,1301.3999999990983,7755.3197133600115
57071,31.8334730628909,1301.4199999990983,7755.359861468883
57072,31.8334730628909,1301.4399999990983,7755.400009244622
57073,31.8334730628909,1301.4599999990983,7755.440156687218
57074,31.8334730628909,1301.4799999990983,7755.48030379666
57075,31.8334730628909,1301.4999999990982,7755.520450572937
57076,31.8334730628909,1301.5199999990982,7755.560597016038
57077,31.8334730628909,1301.5399999990982,7755.600743125951
57078,31.8334730628909,1301.5599999990982,7755.640888902667
57079,31.8334730628909,1301.5799999990982,7755.681034346173
57080,31.8334730628909,1301.5999999990981,7755.721179456458
57081,31.8334730628909,1301.6199999990981,7755.761324233513
57082,31.8334730628909,1301.639999999098,7755.801468677325
57083,31.8334730628909,1301.659999999098,7755.841612787884
57084,31.8334730628909,1301.679999999098,7755.881756565177
57085,31.8334730628909,1301.699999999098,7755.921900009195
57086,31.8334730628909,1301.719999999098,7755.962043119926
57087,31.8334730628909,1301.739999999098,7756.0021858973605
57088,31.8334730628909,1301.759999999098,7756.042328341486
57089,31.8334730628909,1301.779999999098,7756.082470452291
57090,31.8334730628909,1301.799999999098,7756.122612229766
57091,31.8334730628909,1301.819999999098,7756.162753673898
57092,31.8334730628909,1301.839999999098,7756.2028947846775
57093,31.8334730628909,1301.859999999098,7756.243035562093
57094,31.8334730628909,1301.879999999098,7756.2831760061335
57095,31.8334730628909,1301.8999999990979,7756.323316116788
57096,31.8334730628909,1301.9199999990979,7756.363455894046
57097,31.8334730628909,1301.9399999990978,7756.403595337894
57098,31.8334730628909,1301.9599999990978,7756.443734448324
57099,31.8334730628909,1301.9799999990978,7756.483873225324
57100,31.8334730628909,1301.9999999990978,7756.524011668882
57101,31.8334730628909,1302.0199999990978,7756.5641497789875
57102,31.8334730628909,1302.0399999990977,7756.6042875556295
57103,31.8334730628909,1302.0599999990977,7756.644424998797
57104,31.8334730628909,1302.0799999990977,7756.684562108479
57105,31.8334730628909,1302.0999999990977,7756.7246988846655
57106,31.8334730628909,1302.1199999990977,7756.7648353273435
57107,31.8334730628909,1302.1399999990977,7756.8049714365025
57108,31.8334730628909,1302.1599999990976,7756.8451072121325
57109,31.8334730628909,1302.1799999990976,7756.885242654222
57110,31.8334730628909,1302.1999999990976,7756.925377762758
57111,31.8334730628909,1302.2199999990976,7756.965512537732
57112,31.8334730628909,1302.2399999990976,7757.0056469791325
57113,31.8334730628909,1302.2599999990975,7757.0457810869475
57114,31.8334730628909,1302.2799999990975,7757.085914861166
57115,31.8334730628909,1302.2999999990975,7757.126048301779
57116,31.8334730628909,1302.3199999990975,7757.166181409054
57117,31.8334730628909,1302.3399999990975,7757.206314183652
57118,31.8334730628909,1302.3599999990975,7757.246446625604
57119,31.8334730628909,1302.3799999990974,7757.286578734901
57120,31.8334730628909,1302.3999999990974,7757.326710511531
57121,31.8334730628909,1302.4199999990974,7757.366841955482
57122,31.8334730628909,1302.4399999990974,7757.406973066745
57123,31.8334730628909,1302.4599999990974,7757.4471038453075
57124,31.8334730628909,1302.4799999990973,7757.4872342911585
57125,31.8334730628909,1302.4999999990973,7757.527364404286
57126,31.8334730628909,1302.5199999990973,7757.567494184681
57127,31.8334730628909,1302.5399999990973,7757.607623632331
57128,31.8334730628909,1302.5599999990973,7757.647752747225
57129,31.8334730628909,1302.5799999990973,7757.687881529353
57130,31.8334730628909,1302.5999999990972,7757.728009978703
57131,31.8334730628909,1302.6199999990972,7757.768138095264
57132,31.8334730628909,1302.6399999990972,7757.8082658790245
57133,31.8334730628909,1302.6599999990972,7757.848393329974
57134,31.8334730628909,1302.6799999990972,7757.888520448102
57135,31.8334730628909,1302.6999999990971,7757.928647233397
57136,31.8334730628909,1302.7199999990971,7757.968773685847
57137,31.8334730628909,1302.739999999097,7758.008899805442
57138,31.8334730628909,1302.759999999097,7758.04902559217
57139,31.8334730628909,1302.779999999097,7758.0891510460215
57140,31.8334730628909,1302.799999999097,7758.129276166984
57141,31.8334730628909,1302.819999999097,7758.1694009550465
57142,31.8334730628909,1302.839999999097,7758.209525410199
57143,31.8334730628909,1302.859999999097,7758.249649532429
57144,31.8334730628909,1302.879999999097,7758.289773321727
57145,31.8334730628909,1302.899999999097,7758.329896778081
57146,31.8334730628909,1302.919999999097,7758.37001990148
57147,31.8334730628909,1302.939999999097,7758.410142691913
57148,31.8334730628909,1302.959999999097,7758.450265149369
57149,31.8334730628909,1302.979999999097,7758.490387273837
57150,31.8334730628909,1302.9999999990969,7758.5305090653055
57151,31.8334730628909,1303.0199999990969,7758.570630523764
57152,31.8334730628909,1303.0399999990968,7758.6107516492
57153,31.8334730628909,1303.0599999990968,7758.650872441604
57154,31.8334730628909,1303.0799999990968,7758.690992900965
57155,31.8334730628909,1303.0999999990968,7758.731113027272
57156,31.8334730628909,1303.1199999990968,7758.7712328205125
57157,31.8334730628909,1303.1399999990967,7758.811352280676
57158,31.8334730628909,1303.1599999990967,7758.851471407752
57159,31.8334730628909,1303.1799999990967,7758.891590201729
57160,31.8334730628909,1303.1999999990967,7758.931708662596
57161,31.8334730628909,1303.2199999990967,7758.971826790343
57162,31.8334730628909,1303.2399999990967,7759.011944584957
57163,31.8334730628909,1303.2599999990966,7759.052062046428
57164,31.8334730628909,1303.2799999990966,7759.092179174745
57165,31.8334730628909,1303.2999999990966,7759.132295969897
57166,31.8334730628909,1303.3199999990966,7759.1724124318725
57167,31.8334730628909,1303.3399999990966,7759.212528561029
57168,31.8334730628909,1303.3599999990965,7759.252644358033
57169,31.8334730628909,1303.3799999990965,7759.292759822906
57170,31.8334730628909,1303.3999999990965,7759.3328749556385
57171,31.8334730628909,1303.4199999990965,7759.372989756219
57172,31.8334730628909,1303.4399999990965,7759.413104224637
57173,31.792300068684316,1303.4599999990965,7759.453218360882
57174,31.792300068684316,1303.4799999990964,7759.493332164941
57175,31.792300068684316,1303.4999999990964,7759.5334456368055
57176,31.792300068684316,1303.5199999990964,7759.573558776463
57177,31.792300068684316,1303.5399999990964,7759.613671583903
57178,31.792300068684316,1303.5599999990964,7759.6537840591145
57179,31.792300068684316,1303.5799999990963,7759.693896202087
57180,31.792300068684316,1303.5999999990963,7759.734008012809
57181,31.792300068684316,1303.6199999990963,7759.7741194912705
57182,31.792300068684316,1303.6399999990963,7759.81423063746
57183,31.792300068684316,1303.6599999990963,7759.854341451367
57184,31.792300068684316,1303.6799999990963,7759.89445193298
57185,31.792300068684316,1303.6999999990962,7759.934562082288
57186,31.792300068684316,1303.7199999990962,7759.97467189928
57187,31.792300068684316,1303.7399999990962,7760.014781383935
57188,31.792300068684316,1303.7599999990962,7760.0548905361175
57189,31.792300068684316,1303.7799999990962,7760.094999355785
57190,31.792300068684316,1303.7999999990961,7760.135107842926
57191,31.792300068684316,1303.8199999990961,7760.17521599753
57192,31.792300068684316,1303.839999999096,7760.215323819586
57193,31.792300068684316,1303.859999999096,7760.255431309083
57194,31.792300068684316,1303.879999999096,7760.29553846601
57195,31.792300068684316,1303.899999999096,7760.335645290356
57196,31.792300068684316,1303.919999999096,7760.3757517821105
57197,31.792300068684316,1303.939999999096,7760.415857941262
57198,31.792300068684316,1303.959999999096,7760.4559637678
57199,31.792300068684316,1303.979999999096,7760.496069261714
57200,31.792300068684316,1303.999999999096,7760.536174422992
57201,31.792300068684316,1304.019999999096,7760.576279251624
57202,31.792300068684316,1304.039999999096,7760.616383747599
57203,31.792300068684316,1304.059999999096,7760.6564879109055
57204,31.792300068684316,1304.079999999096,7760.696591741533
57205,31.792300068684316,1304.0999999990959,7760.7366952394705
57206,31.792300068684316,1304.1199999990959,7760.776798404708
57207,31.792300068684316,1304.1399999990958,7760.816901237233
57208,31.792300068684316,1304.1599999990958,7760.8570037370355
57209,31.792300068684316,1304.1799999990958,7760.897105904104
57210,31.792300068684316,1304.1999999990958,7760.937207738429
57211,31.792300068684316,1304.2199999990958,7760.977309239997
57212,31.792300068684316,1304.2399999990957,7761.0174104088
57213,31.792300068684316,1304.2599999990957,7761.057511244826
57214,31.792300068684316,1304.2799999990957,7761.097611748063
57215,31.792300068684316,1304.2999999990957,7761.137711918502
57216,31.792300068684316,1304.3199999990957,7761.177811756131
57217,31.792300068684316,1304.3399999990957,7761.217911260938
57218,31.792300068684316,1304.3599999990956,7761.258010433275
57219,31.792300068684316,1304.3799999990956,7761.298109273649
57220,31.792300068684316,1304.3999999990956,7761.338207782069
57221,31.792300068684316,1304.4199999990956,7761.378305958522
57222,31.792300068684316,1304.4399999990956,7761.418403802999
57223,31.792300068684316,1304.4599999990955,7761.458501315488
57224,31.792300068684316,1304.4799999990955,7761.498598495979
57225,31.792300068684316,1304.4999999990955,7761.538695344461
57226,31.792300068684316,1304.5199999990955,7761.578791860922
57227,31.792300068684316,1304.5399999990955,7761.618888045352
57228,31.792300068684316,1304.5599999990955,7761.65898389774
57229,31.792300068684316,1304.5799999990954,7761.699079418075
57230,31.792300068684316,1304.5999999990954,7761.739174606345
57231,31.792300068684316,1304.6199999990954,7761.7792694625405
57232,31.792300068684316,1304.6399999990954,7761.81936398665
57233,31.792300068684316,1304.6599999990954,7761.859458178663
57234,31.792300068684316,1304.6799999990953,7761.899552038568
57235,31.792300068684316,1304.6999999990953,7761.939645566355
57236,31.792300068684316,1304.7199999990953,7761.979738762011
57237,31.792300068684316,1304.7399999990953,7762.019831625527
57238,31.792300068684316,1304.7599999990953,7762.0599241568925
57239,31.792300068684316,1304.7799999990953,7762.100016356095
57240,31.792300068684316,1304.7999999990952,7762.140108223124
57241,31.792300068684316,1304.8199999990952,7762.180199757969
57242,31.792300068684316,1304.8399999990952,7762.2202909606185
57243,31.792300068684316,1304.8599999990952,7762.260381831062
57244,31.792300068684316,1304.8799999990952,7762.300472369288
57245,31.792300068684316,1304.8999999990951,7762.340562575287
57246,31.792300068684316,1304.9199999990951,7762.3806524490465
57247,31.792300068684316,1304.939999999095,7762.420741990556
57248,31.792300068684316,1304.959999999095,7762.460831199805
57249,31.792300068684316,1304.979999999095,7762.500920076783
57250,31.792300068684316,1304.999999999095,7762.541008621478
57251,31.792300068684316,1305.019999999095,7762.581096833879
57252,31.792300068684316,1305.039999999095,7762.621184713977
57253,31.792300068684316,1305.059999999095,7762.661272261758
57254,31.792300068684316,1305.079999999095,7762.701359477214
57255,31.792300068684316,1305.099999999095,7762.741446360333
57256,31.792300068684316,1305.119999999095,7762.781532911103
57257,31.792300068684316,1305.139999999095,7762.821619129514
57258,31.792300068684316,1305.159999999095,7762.861705015555
57259,31.792300068684316,1305.179999999095,7762.901790569215
57260,31.792300068684316,1305.1999999990949,7762.941875790484
57261,31.792300068684316,1305.2199999990949,7762.98196067935
57262,31.792300068684316,1305.2399999990948,7763.022045235802
57263,31.792300068684316,1305.2599999990948,7763.0621294598295
57264,31.792300068684316,1305.2799999990948,7763.102213351422
57265,31.792300068684316,1305.2999999990948,7763.142296910567
57266,31.792300068684316,1305.3199999990948,7763.182380137256
57267,31.792300068684316,1305.3399999990947,7763.222463031476
57268,31.792300068684316,1305.3599999990947,7763.262545593217
57269,31.792300068684316,1305.3799999990947,7763.302627822917
57270,31.792300068684316,1305.3999999990947,7763.342709721088
57271,31.792300068684316,1305.4199999990947,7763.382791287726
57272,31.792300068684316,1305.4399999990947,7763.42287252282
57273,31.792300068684316,1305.4599999990946,7763.46295342636
57274,31.792300068684316,1305.4799999990946,7763.503033998335
57275,31.792300068684316,1305.4999999990946,7763.543114238733
57276,31.792300068684316,1305.5199999990946,7763.583194147544
57277,31.792300068684316,1305.5399999990946,7763.623273724757
57278,31.792300068684316,1305.5599999990945,7763.663352970361
57279,31.792300068684316,1305.5799999990945,7763.703431884345
57280,31.792300068684316,1305.5999999990945,7763.743510466697
57281,31.792300068684316,1305.6199999990945,7763.783588717408
57282,31.792300068684316,1305.6399999990945,7763.8236666364655
57283,31.792300068684316,1305.6599999990945,7763.86374422386
57284,31.792300068684316,1305.6799999990944,7763.903821479579
57285,31.792300068684316,1305.6999999990944,7763.943898403613
57286,31.792300068684316,1305.7199999990944,7763.983974995951
57287,31.792300068684316,1305.7399999990944,7764.024051256581
57288,31.792300068684316,1305.7599999990944,7764.064127185492
57289,31.792300068684316,1305.7799999990943,7764.104202782674
57290,31.792300068684316,1305.7999999990943,7764.144278048117
57291,31.792300068684316,1305.8199999990943,7764.184352981808
57292,31.792300068684316,1305.8399999990943,7764.2244275837365
57293,31.792300068684316,1305.8599999990943,7764.264501853892
57294,31.792300068684316,1305.8799999990943,7764.304575792265
57295,31.792300068684316,1305.8999999990942,7764.344649398842
57296,31.792300068684316,1305.9199999990942,7764.384722673614
57297,31.792300068684316,1305.9399999990942,7764.424795616569
57298,31.792300068684316,1305.9599999990942,7764.464868227697
57299,31.792300068684316,1305.9799999990942,7764.504940506986
57300,31.792300068684316,1305.9999999990941,7764.545012454426
57301,31.792300068684316,1306.0199999990941,7764.585084070005
57302,31.792300068684316,1306.039999999094,7764.625155353713
57303,31.792300068684316,1306.059999999094,7764.665226305539
57304,31.792300068684316,1306.079999999094,7764.705296925473
57305,31.792300068684316,1306.099999999094,7764.745367213502
57306,31.792300068684316,1306.119999999094,7764.785437169616
57307,31.792300068684316,1306.139999999094,7764.825506793804
57308,31.792300068684316,1306.159999999094,7764.8655760860565
57309,31.792300068684316,1306.179999999094,7764.90564504636
57310,31.792300068684316,1306.199999999094,7764.945713674706
57311,31.792300068684316,1306.219999999094,7764.985781971082
57312,31.792300068684316,1306.239999999094,7765.025849935478
57313,31.792300068684316,1306.259999999094,7765.065917567882
57314,31.792300068684316,1306.279999999094,7765.105984868284
57315,31.792300068684316,1306.2999999990939,7765.146051836673
57316,31.792300068684316,1306.3199999990939,7765.186118473038
57317,31.792300068684316,1306.3399999990938,7765.226184777368
57318,31.792300068684316,1306.3599999990938,7765.266250749652
57319,31.792300068684316,1306.3799999990938,7765.306316389882
57320,31.792300068684316,1306.3999999990938,7765.346381698553
57321,31.792300068684316,1306.4199999990938,7765.386446676125
57322,31.792300068684316,1306.4399999990937,7765.4265113225865
57323,31.792300068684316,1306.4599999990937,7765.466575637927
57324,31.792300068684316,1306.4799999990937,7765.506639622136
57325,31.792300068684316,1306.4999999990937,7765.546703275202
57326,31.792300068684316,1306.5199999990937,7765.586766597115
57327,31.792300068684316,1306.5399999990937,7765.626829587863
57328,31.792300068684316,1306.5599999990936,7765.666892247435
57329,31.792300068684316,1306.5799999990936,7765.70695457582
57330,31.792300068684316,1306.5999999990936,7765.747016573008
57331,31.792300068684316,1306.6199999990936,7765.787078238988
57332,31.792300068684316,1306.6399999990936,7765.827139573749
57333,31.792300068684316,1306.6599999990935,7765.86720057728
57334,31.792300068684316,1306.6799999990935,7765.907261249569
57335,31.792300068684316,1306.6999999990935,7765.947321590607
57336,31.792300068684316,1306.7199999990935,7765.987381600383
57337,31.792300068684316,1306.7399999990935,7766.027441278884
57338,31.792300068684316,1306.7599999990935,7766.067500626101
57339,31.792300068684316,1306.7799999990934,7766.107559642022
57340,31.792300068684316,1306.7999999990934,7766.147618326637
57341,31.792300068684316,1306.8199999990934,7766.187676679934
57342,31.792300068684316,1306.8399999990934,7766.2277347019035
57343,31.792300068684316,1306.8599999990934,7766.267792392533
57344,31.792300068684316,1306.8799999990933,7766.307849751813
57345,31.792300068684316,1306.8999999990933,7766.347906779732
57346,31.792300068684316,1306.9199999990933,7766.387963476279
57347,31.792300068684316,1306.9399999990933,7766.428019841443
57348,31.792300068684316,1306.9599999990933,7766.468075875213
57349,31.792300068684316,1306.9799999990933,7766.508131577579
57350,31.792300068684316,1306.9999999990932,7766.548186948529
57351,31.792300068684316,1307.0199999990932,7766.588241988053
57352,31.792300068684316,1307.0399999990932,7766.628296696139
57353,31.792300068684316,1307.0599999990932,7766.668351072777
57354,31.792300068684316,1307.0799999990932,7766.708405117956
57355,31.792300068684316,1307.0999999990931,7766.748458831665
57356,31.792300068684316,1307.1199999990931,7766.788512213892
57357,31.792300068684316,1307.139999999093,7766.828565264628
57358,31.792300068684316,1307.159999999093,7766.868617983861
57359,31.792300068684316,1307.179999999093,7766.908670371581
57360,31.792300068684316,1307.199999999093,7766.9487224277755
57361,31.792300068684316,1307.219999999093,7766.988774152434
57362,31.792300068684316,1307.239999999093,7767.028825545547
57363,31.792300068684316,1307.259999999093,7767.0688766071025
57364,31.792300068684316,1307.279999999093,7767.10892733709
57365,31.792300068684316,1307.299999999093,7767.148977735498
57366,31.792300068684316,1307.319999999093,7767.189027802317
57367,31.792300068684316,1307.339999999093,7767.229077537533
57368,31.792300068684316,1307.359999999093,7767.269126941138
57369,31.792300068684316,1307.379999999093,7767.30917601312
57370,31.792300068684316,1307.3999999990929,7767.349224753484
57371,31.792300068684316,1307.4199999990929,7767.389273162769
57372,31.792300068684316,1307.4399999990928,7767.429321241379
57373,31.792300068684316,1307.4599999990928,7767.469368989301
57374,31.792300068684316,1307.4799999990928,7767.509416406527
57375,31.792300068684316,1307.4999999990928,7767.549463493044
57376,31.792300068684316,1307.5199999990928,7767.589510248842
57377,31.792300068684316,1307.5399999990927,7767.62955667391
57378,31.792300068684316,1307.5599999990927,7767.669602768237
57379,31.792300068684316,1307.5799999990927,7767.7096485318125
57380,31.792300068684316,1307.5999999990927,7767.749693964625
57381,31.792300068684316,1307.6199999990927,7767.789739066664
57382,31.792300068684316,1307.6399999990927,7767.8297838379185
57383,31.792300068684316,1307.6599999990926,7767.869828278377
57384,31.792300068684316,1307.6799999990926,7767.90987238803
57385,31.792300068684316,1307.6999999990926,7767.949916166865
57386,31.792300068684316,1307.7199999990926,7767.989959614872
57387,31.792300068684316,1307.7399999990926,7768.03000273204
57388,31.792300068684316,1307.7599999990925,7768.070045518358
57389,31.792300068684316,1307.7799999990925,7768.110087973815
57390,31.792300068684316,1307.7999999990925,7768.150130098401
57391,31.792300068684316,1307.8199999990925,7768.190171892104
57392,31.792300068684316,1307.8399999990925,7768.230213354914
57393,31.792300068684316,1307.8599999990925,7768.270254486819
57394,31.792300068684316,1307.8799999990924,7768.310295287809
57395,31.792300068684316,1307.8999999990924,7768.350335757873
57396,31.792300068684316,1307.9199999990924,7768.390375896999
57397,31.792300068684316,1307.9399999990924,7768.430415705177
57398,31.792300068684316,1307.9599999990924,7768.470455182397
57399,31.792300068684316,1307.9799999990923,7768.510494328647
57400,31.792300068684316,1307.9999999990923,7768.550533143916
57401,31.792300068684316,1308.0199999990923,7768.590571628194
57402,31.792300068684316,1308.0399999990923,7768.6306097814695
57403,31.792300068684316,1308.0599999990923,7768.670647603732
57404,31.792300068684316,1308.0799999990923,7768.710685094969
57405,31.792300068684316,1308.0999999990922,7768.750722255172
57406,31.792300068684316,1308.1199999990922,7768.790759084329
57407,31.792300068684316,1308.1399999990922,7768.830795582428
57408,31.792300068684316,1308.1599999990922,7768.87083174946
57409,31.792300068684316,1308.1799999990922,7768.910867585413
57410,31.792300068684316,1308.1999999990921,7768.950903090276
57411,31.792300068684316,1308.2199999990921,7768.99093826404
57412,31.792300068684316,1308.239999999092,7769.030973106692
57413,31.792300068684316,1308.259999999092,7769.071007618221
57414,31.792300068684316,1308.279999999092,7769.111041798617
57415,31.792300068684316,1308.299999999092,7769.15107564787
57416,31.792300068684316,1308.319999999092,7769.191109165968
57417,31.792300068684316,1308.339999999092,7769.231142352899
57418,31.792300068684316,1308.359999999092,7769.271175208653
57419,31.792300068684316,1308.379999999092,7769.311207733221
57420,31.792300068684316,1308.399999999092,7769.351239926589
57421,31.792300068684316,1308.419999999092,7769.391271788777
57422,31.792300068684316,1308.439999999092,7769.431303320421
57423,31.792300068684316,1308.459999999092,7769.471334521896
57424,31.792300068684316,1308.479999999092,7769.511365393192
57425,31.792300068684316,1308.4999999990919,7769.551395934298
57426,31.792300068684316,1308.5199999990919,7769.591426145203
57427,31.792300068684316,1308.5399999990918,7769.631456025896
57428,31.792300068684316,1308.5599999990918,7769.671485576367
57429,31.792300068684316,1308.5799999990918,7769.711514796603
57430,31.792300068684316,1308.5999999990918,7769.751543686595
57431,31.792300068684316,1308.6199999990918,7769.791572246332
57432,31.792300068684316,1308.6399999990917,7769.831600475803
57433,31.792300068684316,1308.6599999990917,7769.871628374996
57434,31.792300068684316,1308.6799999990917,7769.911655943903
57435,31.792300068684316,1308.6999999990917,7769.951683182509
57436,31.792300068684316,1308.7199999990917,7769.991710090807
57437,31.792300068684316,1308.7399999990917,7770.03173666872
57438,31.792300068684316,1308.7599999990916,7770.0717629161145
57439,31.792300068684316,1308.7799999990916,7770.111788832971
57440,31.792300068684316,1308.7999999990916,7770.151814419279
57441,31.792300068684316,1308.8199999990916,7770.191839675027
57442,31.792300068684316,1308.8399999990916,7770.231864600204
57443,31.792300068684316,1308.8599999990915,7770.271889194799
57444,31.792300068684316,1308.8799999990915,7770.3119134588005
57445,31.792300068684316,1308.8999999990915,7770.351937392198
57446,31.792300068684316,1308.9199999990915,7770.39196099498
57447,31.792300068684316,1308.9399999990915,7770.431984267135
57448,31.792300068684316,1308.9599999990915,7770.472007208651
57449,31.792300068684316,1308.9799999990914,7770.512029819519
57450,31.792300068684316,1308.9999999990914,7770.552052099726
57451,31.792300068684316,1309.0199999990914,7770.592074049261
57452,31.792300068684316,1309.0399999990914,7770.632095668114
57453,31.792300068684316,1309.0599999990914,7770.6721169562725
57454,31.792300068684316,1309.0799999990913,7770.712137913725
57455,31.792300068684316,1309.0999999990913,7770.752158540462
57456,31.792300068684316,1309.1199999990913,7770.792178836471
57457,31.792300068684316,1309.1399999990913,7770.8321988017415
57458,31.792300068684316,1309.1599999990913,7770.872218436261
57459,31.792300068684316,1309.1799999990913,7770.912237740021
57460,31.792300068684316,1309.1999999990912,7770.952256713007
57461,31.792300068684316,1309.2199999990912,7770.99227535521
57462,31.792300068684316,1309.2399999990912,7771.032293666618
57463,31.792300068684316,1309.2599999990912,7771.07231164722
57464,31.751215752357886,1309.2799999990912,7771.112329297005
57465,31.751215752357886,1309.2999999990911,7771.1523466159615
57466,31.751215752357886,1309.3199999990911,7771.192363604078
57467,31.751215752357886,1309.339999999091,7771.232380261345
57468,31.751215752357886,1309.359999999091,7771.272396587749
57469,31.751215752357886,1309.379999999091,7771.312412583281
57470,31.751215752357886,1309.399999999091,7771.352428247928
57471,31.751215752357886,1309.419999999091,7771.39244358168
57472,31.751215752357886,1309.439999999091,7771.43245858456
57473,31.751215752357886,1309.459999999091,7771.472473257147
57474,31.751215752357886,1309.479999999091,7771.512487599703
57475,31.751215752357886,1309.499999999091,7771.552501612217
57476,31.751215752357886,1309.519999999091,7771.592515294681
57477,31.751215752357886,1309.539999999091,7771.632528647082
57478,31.751215752357886,1309.559999999091,7771.67254166941
57479,31.751215752357886,1309.579999999091,7771.712554361655
57480,31.751215752357886,1309.5999999990909,7771.752566723806
57481,31.751215752357886,1309.6199999990909,7771.792578755853
57482,31.751215752357886,1309.6399999990908,7771.832590457785
57483,31.751215752357886,1309.6599999990908,7771.872601829592
57484,31.751215752357886,1309.6799999990908,7771.912612871262
57485,31.751215752357886,1309.6999999990908,7771.952623582786
57486,31.751215752357886,1309.7199999990908,7771.992633964153
57487,31.751215752357886,1309.7399999990907,7772.032644015353
57488,31.751215752357886,1309.7599999990907,7772.072653736374
57489,31.751215752357886,1309.7799999990907,7772.112663127207
57490,31.751215752357886,1309.7999999990907,7772.152672187841
57491,31.751215752357886,1309.8199999990907,7772.192680918264
57492,31.751215752357886,1309.8399999990907,7772.232689318467
57493,31.751215752357886,1309.8599999990906,7772.27269738844
57494,31.751215752357886,1309.8799999990906,7772.312705128172
57495,31.751215752357886,1309.8999999990906,7772.352712537651
57496,31.751215752357886,1309.9199999990906,7772.392719616868
57497,31.751215752357886,1309.9399999990906,7772.4327263658115
57498,31.751215752357886,1309.9599999990905,7772.472732784472
57499,31.751215752357886,1309.9799999990905,7772.512738872839
57500,31.751215752357886,1309.9999999990905,7772.552744630901
57501,31.751215752357886,1310.0199999990905,7772.592750058648
57502,31.751215752357886,1310.0399999990905,7772.632755156069
57503,31.751215752357886,1310.0599999990905,7772.6727599231535
57504,31.751215752357886,1310.0799999990904,7772.7127643598915
57505,31.751215752357886,1310.0999999990904,7772.752768466273
57506,31.751215752357886,1310.1199999990904,7772.7927722422855
57507,31.751215752357886,1310.1399999990904,7772.83277568792
57508,31.751215752357886,1310.1599999990904,7772.872778803166
57509,31.751215752357886,1310.1799999990903,7772.912781588012
57510,31.751215752357886,1310.1999999990903,7772.952784042448
57511,31.751215752357886,1310.2199999990903,7772.992786166464
57512,31.751215752357886,1310.2399999990903,7773.032787960048
57513,31.751215752357886,1310.2599999990903,7773.072789423191
57514,31.751215752357886,1310.2799999990903,7773.112790555882
57515,31.751215752357886,1310.2999999990902,7773.152791358111
57516,31.751215752357886,1310.3199999990902,7773.192791829867
57517,31.751215752357886,1310.3399999990902,7773.232791971139
57518,31.751215752357886,1310.3599999990902,7773.272791781917
57519,31.751215752357886,1310.3799999990902,7773.312791262189
57520,31.751215752357886,1310.3999999990901,7773.352790411946
57521,31.751215752357886,1310.4199999990901,7773.392789231178
57522,31.751215752357886,1310.43999999909,7773.432787719873
57523,31.751215752357886,1310.45999999909,7773.47278587807
57524,31.751215752357886,1310.47999999909,7773.5127837064265
57525,31.751215752357886,1310.49999999909,7773.552781205167
57526,31.751215752357886,1310.51999999909,7773.59277837428
57527,31.751215752357886,1310.53999999909,7773.632775213756
57528,31.751215752357886,1310.55999999909,7773.672771723583
57529,31.751215752357886,1310.57999999909,7773.712767903749
57530,31.751215752357886,1310.59999999909,7773.752763754246
57531,31.751215752357886,1310.61999999909,7773.792759275061
57532,31.751215752357886,1310.63999999909,7773.832754466184
57533,31.751215752357886,1310.65999999909,7773.872749327605
57534,31.751215752357886,1310.67999999909,7773.9127438593105
57535,31.751215752357886,1310.6999999990899,7773.952738061292
57536,31.751215752357886,1310.7199999990899,7773.9927319335375
57537,31.751215752357886,1310.7399999990898,7774.032725476037
57538,31.751215752357886,1310.7599999990898,7774.07271868878
57539,31.751215752357886,1310.7799999990898,7774.1127115717545
57540,31.751215752357886,1310.7999999990898,7774.15270412495
57541,31.751215752357886,1310.8199999990898,7774.192696348357
57542,31.751215752357886,1310.8399999990897,7774.232688241962
57543,31.751215752357886,1310.8599999990897,7774.2726798057565
57544,31.751215752357886,1310.8799999990897,7774.312671039729
57545,31.751215752357886,1310.8999999990897,7774.352661943868
57546,31.751215752357886,1310.9199999990897,7774.392652518163
57547,31.751215752357886,1310.9399999990897,7774.432642762604
57548,31.751215752357886,1310.9599999990896,7774.472632677179
57549,31.751215752357886,1310.9799999990896,7774.512622261878
57550,31.751215752357886,1310.9999999990896,7774.55261151669
57551,31.751215752357886,1311.0199999990896,7774.592600441604
57552,31.751215752357886,1311.0399999990896,7774.63258903661
57553,31.751215752357886,1311.0599999990895,7774.672577301695
57554,31.751215752357886,1311.0799999990895,7774.71256523685
57555,31.751215752357886,1311.0999999990895,7774.752552842064
57556,31.751215752357886,1311.1199999990895,7774.792540117325
57557,31.751215752357886,1311.1399999990895,7774.832527062624
57558,31.751215752357886,1311.1599999990895,7774.8725136779485
57559,31.751215752357886,1311.1799999990894,7774.912499963289
57560,31.751215752357886,1311.1999999990894,7774.952485918633
57561,31.751215752357886,1311.2199999990894,7774.992471543972
57562,31.751215752357886,1311.2399999990894,7775.032456839293
57563,31.751215752357886,1311.2599999990894,7775.072441804587
57564,31.751215752357886,1311.2799999990893,7775.112426439841
57565,31.751215752357886,1311.2999999990893,7775.152410745047
57566,31.751215752357886,1311.3199999990893,7775.192394720191
57567,31.751215752357886,1311.3399999990893,7775.232378365265
57568,31.751215752357886,1311.3599999990893,7775.272361680256
57569,31.751215752357886,1311.3799999990893,7775.312344665154
57570,31.751215752357886,1311.3999999990892,7775.352327319949
57571,31.751215752357886,1311.4199999990892,7775.392309644629
57572,31.751215752357886,1311.4399999990892,7775.432291639184
57573,31.751215752357886,1311.4599999990892,7775.472273303602
57574,31.751215752357886,1311.4799999990892,7775.512254637934
57575,31.751215752357886,1311.4999999990891,7775.552235642894
57576,31.751215752357886,1311.5199999990891,7775.592216318651
57577,31.751215752357886,1311.539999999089,7775.632196665194
57578,31.751215752357886,1311.559999999089,7775.672176682513
57579,31.751215752357886,1311.579999999089,7775.712156370598
57580,31.751215752357886,1311.599999999089,7775.752135729436
57581,31.751215752357886,1311.619999999089,7775.792114759018
57582,31.751215752357886,1311.639999999089,7775.832093459332
57583,31.751215752357886,1311.659999999089,7775.8720718303675
57584,31.751215752357886,1311.679999999089,7775.912049872114
57585,31.751215752357886,1311.699999999089,7775.952027584561
57586,31.751215752357886,1311.719999999089,7775.992004967697
57587,31.751215752357886,1311.739999999089,7776.031982021511
57588,31.751215752357886,1311.759999999089,7776.071958745993
57589,31.751215752357886,1311.779999999089,7776.111935141131
57590,31.751215752357886,1311.7999999990889,7776.151911206915
57591,31.751215752357886,1311.8199999990889,7776.191886943335
57592,31.751215752357886,1311.8399999990888,7776.231862350378
57593,31.751215752357886,1311.8599999990888,7776.271837428035
57594,31.751215752357886,1311.8799999990888,7776.311812176295
57595,31.751215752357886,1311.8999999990888,7776.351786595146
57596,31.751215752357886,1311.9199999990888,7776.391760684579
57597,31.751215752357886,1311.9399999990887,7776.431734444582
57598,31.751215752357886,1311.9599999990887,7776.471707875144
57599,31.751215752357886,1311.9799999990887,7776.511680976254
57600,31.751215752357886,1311.9999999990887,7776.551653747902
57601,31.751215752357886,1312.0199999990887,7776.591626190077
57602,31.751215752357886,1312.0399999990886,7776.631598302767
57603,31.751215752357886,1312.0599999990886,7776.671570085963
57604,31.751215752357886,1312.0799999990886,7776.711541539654
57605,31.751215752357886,1312.0999999990886,7776.751512663827
57606,31.751215752357886,1312.1199999990886,7776.7914834584735
57607,31.751215752357886,1312.1399999990886,7776.831453923582
57608,31.751215752357886,1312.1599999990885,7776.871424059142
57609,31.751215752357886,1312.1799999990885,7776.911393865142
57610,31.751215752357886,1312.1999999990885,7776.951363341571
57611,31.751215752357886,1312.2199999990885,7776.991332488419
57612,31.751215752357886,1312.2399999990885,7777.031301305675
57613,31.751215752357886,1312.2599999990884,7777.071269793328
57614,31.751215752357886,1312.2799999990884,7777.111237951367
57615,31.751215752357886,1312.2999999990884,7777.151205779781
57616,31.751215752357886,1312.3199999990884,7777.191173278559
57617,31.751215752357886,1312.3399999990884,7777.231140447692
57618,31.751215752357886,1312.3599999990884,7777.271107287168
57619,31.751215752357886,1312.3799999990883,7777.3110737969755
57620,31.751215752357886,1312.3999999990883,7777.351039977104
57621,31.751215752357886,1312.4199999990883,7777.391005827543
57622,31.751215752357886,1312.4399999990883,7777.430971348282
57623,31.751215752357886,1312.4599999990883,7777.470936539309
57624,31.751215752357886,1312.4799999990882,7777.510901400615
57625,31.751215752357886,1312.4999999990882,7777.5508659322595
57626,31.751215752357886,1312.5199999990882,7777.590830135004
57627,31.751215752357886,1312.5399999990882,7777.63079400896
57628,31.751215752357886,1312.5599999990882,7777.670757554119
57629,31.751215752357886,1312.5799999990882,7777.710720770468
57630,31.751215752357886,1312.5999999990881,7777.750683657997
57631,31.751215752357886,1312.6199999990881,7777.790646216695
57632,31.751215752357886,1312.639999999088,7777.830608446551
57633,31.751215752357886,1312.659999999088,7777.870570347555
57634,31.751215752357886,1312.679999999088,7777.910531919696
57635,31.751215752357886,1312.699999999088,7777.950493162963
57636,31.751215752357886,1312.719999999088,7777.990454077344
57637,31.751215752357886,1312.739999999088,7778.03041466283
57638,31.751215752357886,1312.759999999088,7778.070374919409
57639,31.751215752357886,1312.779999999088,7778.110334847071
57640,31.751215752357886,1312.799999999088,7778.150294445804
57641,31.751215752357886,1312.819999999088,7778.190253715599
57642,31.751215752357886,1312.839999999088,7778.230212656445
57643,31.751215752357886,1312.859999999088,7778.270171268329
57644,31.751215752357886,1312.8799999990879,7778.310129551242
57645,31.751215752357886,1312.8999999990879,7778.350087505173
57646,31.751215752357886,1312.9199999990878,7778.390045130111
57647,31.751215752357886,1312.9399999990878,7778.430002426045
57648,31.751215752357886,1312.9599999990878,7778.469959392964
57649,31.751215752357886,1312.9799999990878,7778.509916030857
57650,31.751215752357886,1312.9999999990878,7778.549872339714
57651,31.751215752357886,1313.0199999990878,7778.589828319524
57652,31.751215752357886,1313.0399999990877,7778.629783970276
57653,31.751215752357886,1313.0599999990877,7778.669739291959
57654,31.751215752357886,1313.0799999990877,7778.709694284563
57655,31.751215752357886,1313.0999999990877,7778.749648948076
57656,31.751215752357886,1313.1199999990877,7778.789603282488
57657,31.751215752357886,1313.1399999990876,7778.829557287789
57658,31.751215752357886,1313.1599999990876,7778.869510963966
57659,31.751215752357886,1313.1799999990876,7778.909464311009
57660,31.751215752357886,1313.1999999990876,7778.949417328909
57661,31.751215752357886,1313.2199999990876,7778.989370017653
57662,31.751215752357886,1313.2399999990876,7779.0293223772305
57663,31.751215752357886,1313.2599999990875,7779.069274407631
57664,31.751215752357886,1313.2799999990875,7779.109226108845
57665,31.751215752357886,1313.2999999990875,7779.14917748086
57666,31.751215752357886,1313.3199999990875,7779.189128523666
57667,31.751215752357886,1313.3399999990875,7779.229079237251
57668,31.751215752357886,1313.3599999990874,7779.269029621606
57669,31.751215752357886,1313.3799999990874,7779.308979676719
57670,31.751215752357886,1313.3999999990874,7779.348929402579
57671,31.751215752357886,1313.4199999990874,7779.388878799176
57672,31.751215752357886,1313.4399999990874,7779.428827866499
57673,31.751215752357886,1313.4599999990874,7779.468776604537
57674,31.751215752357886,1313.4799999990873,7779.508725013279
57675,31.751215752357886,1313.4999999990873,7779.548673092715
57676,31.751215752357886,1313.5199999990873,7779.588620842928
57677,31.751215752357886,1313.5399999990873,7779.628568264703
57678,31.751215752357886,1313.5599999990873,7779.668515358106
57679,31.751215752357886,1313.5799999990872,7779.708462123126
57680,31.751215752357886,1313.5999999990872,7779.748408559753
57681,31.751215752357886,1313.6199999990872,7779.788354667977
57682,31.751215752357886,1313.6399999990872,7779.828300447785
57683,31.751215752357886,1313.6599999990872,7779.868245899169
57684,31.751215752357886,1313.6799999990872,7779.908191022116
57685,31.751215752357886,1313.6999999990871,7779.948135816616
57686,31.751215752357886,1313.7199999990871,7779.988080282657
57687,31.751215752357886,1313.739999999087,7780.028024420187
57688,31.751215752357886,1313.759999999087,7780.067968229072
57689,31.751215752357886,1313.779999999087,7780.107911709294
57690,31.751215752357886,1313.799999999087,7780.147854860841
57691,31.751215752357886,1313.819999999087,7780.187797683703
57692,31.751215752357886,1313.839999999087,7780.22774017787
57693,31.751215752357886,1313.859999999087,7780.26768234333
57694,31.751215752357886,1313.879999999087,7780.307624180074
57695,31.751215752357886,1313.899999999087,7780.347565688088
57696,31.751215752357886,1313.919999999087,7780.387506867365
57697,31.751215752357886,1313.939999999087,7780.427447717892
57698,31.751215752357886,1313.959999999087,7780.467388239659
57699,31.751215752357886,1313.9799999990869,7780.507328432655
57700,31.751215752357886,1313.9999999990869,7780.54726829687
57701,31.751215752357886,1314.0199999990868,7780.587207832293
57702,31.751215752357886,1314.0399999990868,7780.627147038913
57703,31.751215752357886,1314.0599999990868,7780.667085916719
57704,31.751215752357886,1314.0799999990868,7780.707024465701
57705,31.751215752357886,1314.0999999990868,7780.746962685847
57706,31.751215752357886,1314.1199999990868,7780.786900577148
57707,31.751215752357886,1314.1399999990867,7780.826838139593
57708,31.751215752357886,1314.1599999990867,7780.866775373171
57709,31.751215752357886,1314.1799999990867,7780.906712277871
57710,31.751215752357886,1314.1999999990867,7780.946648853682
57711,31.751215752357886,1314.2199999990867,7780.986585100593
57712,31.751215752357886,1314.2399999990866,7781.026521018595
57713,31.751215752357886,1314.2599999990866,7781.066456607677
57714,31.751215752357886,1314.2799999990866,7781.1063918678265
57715,31.751215752357886,1314.2999999990866,7781.146326799034
57716,31.751215752357886,1314.3199999990866,7781.186261401288
57717,31.751215752357886,1314.3399999990866,7781.226195674579
57718,31.751215752357886,1314.3599999990865,7781.266129618895
57719,31.751215752357886,1314.3799999990865,7781.306063234227
57720,31.751215752357886,1314.3999999990865,7781.345996520562
57721,31.751215752357886,1314.4199999990865,7781.385929477891
57722,31.751215752357886,1314.4399999990865,7781.425862106204
57723,31.751215752357886,1314.4599999990864,7781.465794405488
57724,31.751215752357886,1314.4799999990864,7781.5057263757335
57725,31.751215752357886,1314.4999999990864,7781.545658016929
57726,31.751215752357886,1314.5199999990864,7781.585589329065
57727,31.751215752357886,1314.5399999990864,7781.6255203122955
57728,31.751215752357886,1314.5599999990864,7781.665450967419
57729,31.751215752357886,1314.5799999990863,7781.705381294497
57730,31.751215752357886,1314.5999999990863,7781.745311293519
57731,31.751215752357886,1314.6199999990863,7781.785240964474
57732,31.751215752357886,1314.6399999990863,7781.825170307351
57733,31.751215752357886,1314.6599999990863,7781.86509932214
57734,31.751215752357886,1314.6799999990862,7781.90502800883
57735,31.751215752357886,1314.6999999990862,7781.944956367411
57736,31.751215752357886,1314.7199999990862,7781.984884397871
57737,31.751215752357886,1314.7399999990862,7782.0248121002
57738,31.751215752357886,1314.7599999990862,7782.064739474387
57739,31.751215752357886,1314.7799999990862,7782.104666520422
57740,31.751215752357886,1314.7999999990861,7782.144593238294
57741,31.751215752357886,1314.8199999990861,7782.184519627992
57742,31.751215752357886,1314.839999999086,7782.224445689505
57743,31.751215752357886,1314.859999999086,7782.2643714228225
57744,31.751215752357886,1314.879999999086,7782.304296827934
57745,31.751215752357886,1314.899999999086,7782.344221904829
57746,31.751215752357886,1314.919999999086,7782.384146653497
57747,31.751215752357886,1314.939999999086,7782.424071073926
57748,31.710219846751198,1314.959999999086,7782.4639951661065
57749,31.710219846751198,1314.979999999086,7782.503918930027
57750,31.710219846751198,1314.999999999086,7782.543842365677
57751,31.710219846751198,1315.019999999086,7782.583765473046
57752,31.710219846751198,1315.039999999086,7782.623688252123
57753,31.710219846751198,1315.059999999086,7782.663610702898
57754,31.710219846751198,1315.0799999990859,7782.70353282536
57755,31.710219846751198,1315.0999999990859,7782.743454619497
57756,31.710219846751198,1315.1199999990858,7782.7833760853
57757,31.710219846751198,1315.1399999990858,7782.823297222758
57758,31.710219846751198,1315.1599999990858,7782.86321803186
57759,31.710219846751198,1315.1799999990858,7782.903138512595
57760,31.710219846751198,1315.1999999990858,7782.943058664953
57761,31.710219846751198,1315.2199999990858,7782.9829784889225
57762,31.710219846751198,1315.2399999990857,7783.022897984493
57763,31.710219846751198,1315.2599999990857,7783.062817151655
57764,31.710219846751198,1315.2799999990857,7783.102735990396
57765,31.710219846751198,1315.2999999990857,7783.142654500705
57766,31.710219846751198,1315.3199999990857,7783.182572682573
57767,31.710219846751198,1315.3399999990856,7783.222490535988
57768,31.710219846751198,1315.3599999990856,7783.26240806094
57769,31.710219846751198,1315.3799999990856,7783.3023252574185
57770,31.710219846751198,1315.3999999990856,7783.342242125413
57771,31.710219846751198,1315.4199999990856,7783.382158664911
57772,31.710219846751198,1315.4399999990856,7783.4220748759035
57773,31.710219846751198,1315.4599999990855,7783.461990758379
57774,31.710219846751198,1315.4799999990855,7783.501906312327
57775,31.710219846751198,1315.4999999990855,7783.541821537738
57776,31.710219846751198,1315.5199999990855,7783.581736434599
57777,31.710219846751198,1315.5399999990855,7783.621651002902
57778,31.710219846751198,1315.5599999990854,7783.66156524282
57779,31.710219846751198,1315.5799999990854,7783.701479154974
57780,31.710219846751198,1315.5999999990854,7783.7413927394
57781,31.710219846751198,1315.6199999990854,7783.781305996089
57782,31.710219846751198,1315.6399999990854,7783.82121892503
57783,31.710219846751198,1315.6599999990854,7783.8611315262115
57784,31.710219846751198,1315.6799999990853,7783.901043799624
57785,31.710219846751198,1315.6999999990853,7783.940955745255
57786,31.710219846751198,1315.7199999990853,7783.980867363096
57787,31.710219846751198,1315.7399999990853,7784.020778653135
57788,31.710219846751198,1315.7599999990853,7784.06068961536
57789,31.710219846751198,1315.7799999990852,7784.1006002497625
57790,31.710219846751198,1315.7999999990852,7784.140510556331
57791,31.710219846751198,1315.8199999990852,7784.180420535054
57792,31.710219846751198,1315.8399999990852,7784.220330185921
57793,31.710219846751198,1315.8599999990852,7784.260239508922
57794,31.710219846751198,1315.8799999990852,7784.300148504045
57795,31.710219846751198,1315.8999999990851,7784.340057171281
57796,31.710219846751198,1315.9199999990851,7784.379965510618
57797,31.710219846751198,1315.939999999085,7784.419873522045
57798,31.710219846751198,1315.959999999085,7784.459781205553
57799,31.710219846751198,1315.979999999085,7784.499688561129
57800,31.710219846751198,1315.999999999085,7784.539595588763
57801,31.710219846751198,1316.019999999085,7784.579502288445
57802,31.710219846751198,1316.039999999085,7784.619408660164
57803,31.710219846751198,1316.059999999085,7784.659314703908
57804,31.710219846751198,1316.079999999085,7784.699220419668
57805,31.710219846751198,1316.099999999085,7784.739125807431
57806,31.710219846751198,1316.119999999085,7784.779030867189
57807,31.710219846751198,1316.139999999085,7784.81893559893
57808,31.710219846751198,1316.159999999085,7784.858840002643
57809,31.710219846751198,1316.1799999990849,7784.898744078318
57810,31.710219846751198,1316.1999999990849,7784.938647825942
57811,31.710219846751198,1316.2199999990848,7784.978551245507
57812,31.710219846751198,1316.2399999990848,7785.0184543370015
57813,31.710219846751198,1316.2599999990848,7785.058357100414
57814,31.710219846751198,1316.2799999990848,7785.098259535734
57815,31.710219846751198,1316.2999999990848,7785.138161642951
57816,31.710219846751198,1316.3199999990848,7785.178063422054
57817,31.710219846751198,1316.3399999990847,7785.2179648730325
57818,31.710219846751198,1316.3599999990847,7785.257865995875
57819,31.710219846751198,1316.3799999990847,7785.2977667905725
57820,31.710219846751198,1316.3999999990847,7785.337667257113
57821,31.710219846751198,1316.4199999990847,7785.377567395486
57822,31.710219846751198,1316.4399999990846,7785.417467205681
57823,31.710219846751198,1316.4599999990846,7785.457366687686
57824,31.710219846751198,1316.4799999990846,7785.497265841491
57825,31.710219846751198,1316.4999999990846,7785.537164667086
57826,31.710219846751198,1316.5199999990846,7785.577063164459
57827,31.710219846751198,1316.5399999990846,7785.616961333601
57828,31.710219846751198,1316.5599999990845,7785.656859174499
57829,31.710219846751198,1316.5799999990845,7785.6967566874055
57830,31.710219846751198,1316.5999999990845,7785.736653872958
57831,31.710219846751198,1316.6199999990845,7785.776550731189
57832,31.710219846751198,1316.6399999990845,7785.8164472620865
57833,31.710219846751198,1316.6599999990844,7785.856343465641
57834,31.710219846751198,1316.6799999990844,7785.8962393418415
57835,31.710219846751198,1316.6999999990844,7785.936134890677
57836,31.710219846751198,1316.7199999990844,7785.976030112137
57837,31.710219846751198,1316.7399999990844,7786.01592500621
57838,31.710219846751198,1316.7599999990844,7786.055819572885
57839,31.710219846751198,1316.7799999990843,7786.095713812153
57840,31.710219846751198,1316.7999999990843,7786.1356077240025
57841,31.710219846751198,1316.8199999990843,7786.175501308422
57842,31.710219846751198,1316.8399999990843,7786.215394565402
57843,31.710219846751198,1316.8599999990843,7786.255287494931
57844,31.710219846751198,1316.8799999990842,7786.295180096998
57845,31.710219846751198,1316.8999999990842,7786.335072371592
57846,31.710219846751198,1316.9199999990842,7786.374964318703
57847,31.710219846751198,1316.9399999990842,7786.41485593832
57848,31.710219846751198,1316.9599999990842,7786.454747230432
57849,31.710219846751198,1316.9799999990842,7786.4946381950285
57850,31.710219846751198,1316.9999999990841,7786.534528832099
57851,31.710219846751198,1317.0199999990841,7786.574419141632
57852,31.710219846751198,1317.039999999084,7786.614309123617
57853,31.710219846751198,1317.059999999084,7786.654198778044
57854,31.710219846751198,1317.079999999084,7786.694088104901
57855,31.710219846751198,1317.099999999084,7786.733977104179
57856,31.710219846751198,1317.119999999084,7786.7738657758655
57857,31.710219846751198,1317.139999999084,7786.81375411995
57858,31.710219846751198,1317.159999999084,7786.853642136423
57859,31.710219846751198,1317.179999999084,7786.893529825273
57860,31.710219846751198,1317.199999999084,7786.933417186488
57861,31.710219846751198,1317.219999999084,7786.97330422006
57862,31.710219846751198,1317.239999999084,7787.013190925975
57863,31.710219846751198,1317.259999999084,7787.053077304226
57864,31.710219846751198,1317.2799999990839,7787.0929633547985
57865,31.710219846751198,1317.2999999990839,7787.132849077684
57866,31.710219846751198,1317.3199999990838,7787.1727344728715
57867,31.710219846751198,1317.3399999990838,7787.21261954035
57868,31.710219846751198,1317.3599999990838,7787.252504280108
57869,31.710219846751198,1317.3799999990838,7787.292388692135
57870,31.710219846751198,1317.3999999990838,7787.332272776422
57871,31.710219846751198,1317.4199999990838,7787.372156532956
57872,31.710219846751198,1317.4399999990837,7787.412039961727
57873,31.710219846751198,1317.4599999990837,7787.451923062724
57874,31.710219846751198,1317.4799999990837,7787.491805835937
57875,31.710219846751198,1317.4999999990837,7787.531688281355
57876,31.710219846751198,1317.5199999990837,7787.571570398967
57877,31.710219846751198,1317.5399999990836,7787.611452188763
57878,31.710219846751198,1317.5599999990836,7787.6513336507305
57879,31.710219846751198,1317.5799999990836,7787.691214784861
57880,31.710219846751198,1317.5999999990836,7787.73109559146
57881,31.710219846751198,1317.6199999990836,7787.770976071123
57882,31.710219846751198,1317.6399999990836,7787.81085622387
57883,31.710219846751198,1317.6599999990835,7787.8507360496915
57884,31.710219846751198,1317.6799999990835,7787.890615548576
57885,31.710219846751198,1317.6999999990835,7787.930494720512
57886,31.710219846751198,1317.7199999990835,7787.970373565489
57887,31.710219846751198,1317.7399999990835,7788.010252083498
57888,31.710219846751198,1317.7599999990834,7788.050130274526
57889,31.710219846751198,1317.7799999990834,7788.0900081385635
57890,31.710219846751198,1317.7999999990834,7788.129885675599
57891,31.710219846751198,1317.8199999990834,7788.169762885623
57892,31.710219846751198,1317.8399999990834,7788.209639768623
57893,31.710219846751198,1317.8599999990834,7788.249516324589
57894,31.710219846751198,1317.8799999990833,7788.289392553511
57895,31.710219846751198,1317.8999999990833,7788.329268455377
57896,31.710219846751198,1317.9199999990833,7788.369144030177
57897,31.710219846751198,1317.9399999990833,7788.4090192779
57898,31.710219846751198,1317.9599999990833,7788.448894198536
57899,31.710219846751198,1317.9799999990832,7788.488768792074
57900,31.710219846751198,1317.9999999990832,7788.528643058502
57901,31.710219846751198,1318.0199999990832,7788.568516997811
57902,31.710219846751198,1318.0399999990832,7788.608390609988
57903,31.710219846751198,1318.0599999990832,7788.648263895025
57904,31.710219846751198,1318.0799999990832,7788.688136852908
57905,31.710219846751198,1318.0999999990831,7788.72800948363
57906,31.710219846751198,1318.1199999990831,7788.767881787177
57907,31.710219846751198,1318.139999999083,7788.807753763541
57908,31.710219846751198,1318.159999999083,7788.847625412709
57909,31.710219846751198,1318.179999999083,7788.887496734671
57910,31.710219846751198,1318.199999999083,7788.927367729416
57911,31.710219846751198,1318.219999999083,7788.967238396934
57912,31.710219846751198,1318.239999999083,7789.0071087372135
57913,31.710219846751198,1318.259999999083,7789.046978750244
57914,31.710219846751198,1318.279999999083,7789.086848436015
57915,31.710219846751198,1318.299999999083,7789.126717794516
57916,31.710219846751198,1318.319999999083,7789.166586825735
57917,31.710219846751198,1318.339999999083,7789.206455529662
57918,31.710219846751198,1318.359999999083,7789.246323906286
57919,31.710219846751198,1318.3799999990829,7789.286191955597
57920,31.710219846751198,1318.3999999990829,7789.326059677584
57921,31.710219846751198,1318.4199999990828,7789.365927072236
57922,31.710219846751198,1318.4399999990828,7789.405794139543
57923,31.710219846751198,1318.4599999990828,7789.445660879493
57924,31.710219846751198,1318.4799999990828,7789.485527292075
57925,31.710219846751198,1318.4999999990828,7789.525393377279
57926,31.710219846751198,1318.5199999990828,7789.565259135095
57927,31.710219846751198,1318.5399999990827,7789.605124565512
57928,31.710219846751198,1318.5599999990827,7789.644989668518
57929,31.710219846751198,1318.5799999990827,7789.684854444104
57930,31.710219846751198,1318.5999999990827,7789.724718892257
57931,31.710219846751198,1318.6199999990827,7789.764583013344
57932,31.710219846751198,1318.6399999990826,7789.804446807914
57933,31.710219846751198,1318.6599999990826,7789.844310275977
57934,31.710219846751198,1318.6799999990826,7789.88417341752
57935,31.710219846751198,1318.6999999990826,7789.924036232535
57936,31.710219846751198,1318.7199999990826,7789.963898721011
57937,31.710219846751198,1318.7399999990826,7790.003760882933
57938,31.710219846751198,1318.7599999990825,7790.043622718185
57939,31.710219846751198,1318.7799999990825,7790.083484226676
57940,31.710219846751198,1318.7999999990825,7790.123345408395
57941,31.710219846751198,1318.8199999990825,7790.163206263332
57942,31.710219846751198,1318.8399999990825,7790.203066791476
57943,31.710219846751198,1318.8599999990824,7790.242926992817
57944,31.710219846751198,1318.8799999990824,7790.282786867344
57945,31.710219846751198,1318.8999999990824,7790.322646415047
57946,31.710219846751198,1318.9199999990824,7790.362505635914
57947,31.710219846751198,1318.9399999990824,7790.402364529936
57948,31.710219846751198,1318.9599999990824,7790.442223097101
57949,31.710219846751198,1318.9799999990823,7790.4820813374
57950,31.710219846751198,1318.9999999990823,7790.521939250821
57951,31.710219846751198,1319.0199999990823,7790.5617968373535
57952,31.710219846751198,1319.0399999990823,7790.601654096988
57953,31.710219846751198,1319.0599999990823,7790.641511029712
57954,31.710219846751198,1319.0799999990822,7790.681367635517
57955,31.710219846751198,1319.0999999990822,7790.721223914391
57956,31.710219846751198,1319.1199999990822,7790.761079866324
57957,31.710219846751198,1319.1399999990822,7790.800935491305
57958,31.710219846751198,1319.1599999990822,7790.840790789323
57959,31.710219846751198,1319.1799999990822,7790.880645760369
57960,31.710219846751198,1319.1999999990821,7790.920500404431
57961,31.710219846751198,1319.2199999990821,7790.960354721498
57962,31.710219846751198,1319.239999999082,7791.000208711561
57963,31.710219846751198,1319.259999999082,7791.040062374608
57964,31.710219846751198,1319.279999999082,7791.079915710629
57965,31.710219846751198,1319.299999999082,7791.119768719614
57966,31.710219846751198,1319.319999999082,7791.159621401551
57967,31.710219846751198,1319.339999999082,7791.19947375643
57968,31.710219846751198,1319.359999999082,7791.239325784241
57969,31.710219846751198,1319.379999999082,7791.279177484973
57970,31.710219846751198,1319.399999999082,7791.319028858616
57971,31.710219846751198,1319.419999999082,7791.358879905158
57972,31.710219846751198,1319.439999999082,7791.398730624589
57973,31.710219846751198,1319.459999999082,7791.438581016899
57974,31.710219846751198,1319.4799999990819,7791.478431082076
57975,31.710219846751198,1319.4999999990819,7791.518280820111
57976,31.710219846751198,1319.5199999990818,7791.558130230992
57977,31.710219846751198,1319.5399999990818,7791.59797931471
57978,31.710219846751198,1319.5599999990818,7791.637828071253
57979,31.710219846751198,1319.5799999990818,7791.677676500612
57980,31.710219846751198,1319.5999999990818,7791.717524602775
57981,31.710219846751198,1319.6199999990818,7791.7573723777305
57982,31.710219846751198,1319.6399999990817,7791.797219825917
57983,31.710219846751198,1319.6599999990817,7791.837066947855
57984,31.710219846751198,1319.6799999990817,7791.876913743545
57985,31.710219846751198,1319.6999999990817,7791.916760212975
57986,31.710219846751198,1319.7199999990817,7791.956606356133
57987,31.710219846751198,1319.7399999990816,7791.996452173011
57988,31.710219846751198,1319.7599999990816,7792.036297663595
57989,31.710219846751198,1319.7799999990816,7792.076142827876
57990,31.710219846751198,1319.7999999990816,7792.115987665842
57991,31.710219846751198,1319.8199999990816,7792.155832177483
57992,31.710219846751198,1319.8399999990816,7792.195676362788
57993,31.710219846751198,1319.8599999990815,7792.235520221745
57994,31.710219846751198,1319.8799999990815,7792.275363754345
57995,31.710219846751198,1319.8999999990815,7792.315206960575
57996,31.710219846751198,1319.9199999990815,7792.355049840425
57997,31.710219846751198,1319.9399999990815,7792.394892393884
57998,31.710219846751198,1319.9599999990814,7792.4347346209415
57999,31.710219846751198,1319.9799999990814,7792.474576521587
58000,31.710219846751198,1319.9999999990814,7792.514418095808
58001,31.710219846751198,1320.0199999990814,7792.554259343595
58002,31.710219846751198,1320.0399999990814,7792.594100264936
58003,31.710219846751198,1320.0599999990814,7792.633940859821
58004,31.710219846751198,1320.0799999990813,7792.673781128239
58005,31.710219846751198,1320.0999999990813,7792.713621070179
58006,31.710219846751198,1320.1199999990813,7792.753460685631
58007,31.710219846751198,1320.1399999990813,7792.793299974582
58008,31.710219846751198,1320.1599999990813,7792.833138937022
58009,31.710219846751198,1320.1799999990812,7792.872977572941
58010,31.710219846751198,1320.1999999990812,7792.912815882327
58011,31.710219846751198,1320.2199999990812,7792.952653865169
58012,31.710219846751198,1320.2399999990812,7792.992491521457
58013,31.710219846751198,1320.2599999990812,7793.03232885118
58014,31.710219846751198,1320.2799999990812,7793.072165854326
58015,31.710219846751198,1320.2999999990811,7793.112002530886
58016,31.710219846751198,1320.3199999990811,7793.151838880846
58017,31.710219846751198,1320.339999999081,7793.191674904198
58018,31.710219846751198,1320.359999999081,7793.231510600931
58019,31.710219846751198,1320.379999999081,7793.271345971032
58020,31.710219846751198,1320.399999999081,7793.311181014492
58021,31.710219846751198,1320.419999999081,7793.351015731299
58022,31.710219846751198,1320.439999999081,7793.390850121443
58023,31.710219846751198,1320.459999999081,7793.430684184912
58024,31.710219846751198,1320.479999999081,7793.470517921696
58025,31.710219846751198,1320.499999999081,7793.5103513317845
58026,31.710219846751198,1320.519999999081,7793.550184415165
58027,31.710219846751198,1320.539999999081,7793.590017171828
58028,31.710219846751198,1320.559999999081,7793.629849601762
58029,31.710219846751198,1320.5799999990809,7793.669681704955
58030,31.710219846751198,1320.5999999990809,7793.709513481398
58031,31.710219846751198,1320.6199999990808,7793.74934493108
58032,31.710219846751198,1320.6399999990808,7793.789176053991
58033,31.6693120857377,1320.6599999990808,7793.829006850625
58034,31.6693120857377,1320.6799999990808,7793.868837321458
58035,31.6693120857377,1320.6999999990808,7793.9086674664795
58036,31.6693120857377,1320.7199999990808,7793.948497285679
58037,31.6693120857377,1320.7399999990807,7793.988326779046
58038,31.6693120857377,1320.7599999990807,7794.028155946569
58039,31.6693120857377,1320.7799999990807,7794.06798478824
58040,31.6693120857377,1320.7999999990807,7794.107813304047
58041,31.6693120857377,1320.8199999990807,7794.147641493981
58042,31.6693120857377,1320.8399999990806,7794.187469358029
58043,31.6693120857377,1320.8599999990806,7794.227296896183
58044,31.6693120857377,1320.8799999990806,7794.267124108432
58045,31.6693120857377,1320.8999999990806,7794.3069509947645
58046,31.6693120857377,1320.9199999990806,7794.346777555172
58047,31.6693120857377,1320.9399999990806,7794.386603789642
58048,31.6693120857377,1320.9599999990805,7794.4264296981655
58049,31.6693120857377,1320.9799999990805,7794.466255280732
58050,31.6693120857377,1320.9999999990805,7794.506080537331
58051,31.6693120857377,1321.0199999990805,7794.545905467952
58052,31.6693120857377,1321.0399999990805,7794.585730072585
58053,31.6693120857377,1321.0599999990804,7794.625554351219
58054,31.6693120857377,1321.0799999990804,7794.665378303844
58055,31.6693120857377,1321.0999999990804,7794.705201930448
58056,31.6693120857377,1321.1199999990804,7794.745025231024
58057,31.6693120857377,1321.1399999990804,7794.784848205558
58058,31.6693120857377,1321.1599999990804,7794.824670854042
58059,31.6693120857377,1321.1799999990803,7794.864493176465
58060,31.6693120857377,1321.1999999990803,7794.904315172816
58061,31.6693120857377,1321.2199999990803,7794.944136843085
58062,31.6693120857377,1321.2399999990803,7794.983958187262
58063,31.6693120857377,1321.2599999990803,7795.023779205337
58064,31.6693120857377,1321.2799999990802,7795.063599897298
58065,31.6693120857377,1321.2999999990802,7795.103420263136
58066,31.6693120857377,1321.3199999990802,7795.14324030284
58067,31.6693120857377,1321.3399999990802,7795.1830600164
58068,31.6693120857377,1321.3599999990802,7795.222879403806
58069,31.6693120857377,1321.3799999990802,7795.262698465046
58070,31.6693120857377,1321.3999999990801,7795.302517200111
58071,31.6693120857377,1321.4199999990801,7795.34233560899
58072,31.6693120857377,1321.43999999908,7795.382153691672
58073,31.6693120857377,1321.45999999908,7795.421971448148
58074,31.6693120857377,1321.47999999908,7795.461788878407
58075,31.6693120857377,1321.49999999908,7795.501605982438
58076,31.6693120857377,1321.51999999908,7795.541422760232
58077,31.6693120857377,1321.53999999908,7795.581239211778
58078,31.6693120857377,1321.55999999908,7795.621055337065
58079,31.6693120857377,1321.57999999908,7795.660871136083
58080,31.6693120857377,1321.59999999908,7795.700686608822
58081,31.6693120857377,1321.61999999908,7795.740501755272
58082,31.6693120857377,1321.63999999908,7795.780316575421
58083,31.6693120857377,1321.65999999908,7795.820131069272
58084,31.6693120857377,1321.6799999990799,7795.859945237302
58085,31.6693120857377,1321.6999999990799,7795.899759079877
58086,31.6693120857377,1321.7199999990798,7795.939572596987
58087,31.6693120857377,1321.7399999990798,7795.979385788622
58088,31.6693120857377,1321.7599999990798,7796.01919865477
58089,31.6693120857377,1321.7799999990798,7796.059011195421
58090,31.6693120857377,1321.7999999990798,7796.098823410563
58091,31.6693120857377,1321.8199999990798,7796.138635300187
58092,31.6693120857377,1321.8399999990797,7796.178446864282
58093,31.6693120857377,1321.8599999990797,7796.218258102836
58094,31.6693120857377,1321.8799999990797,7796.25806901584
58095,31.6693120857377,1321.8999999990797,7796.297879603283
58096,31.6693120857377,1321.9199999990797,7796.337689865154
58097,31.6693120857377,1321.9399999990796,7796.377499801442
58098,31.6693120857377,1321.9599999990796,7796.417309412137
58099,31.6693120857377,1321.9799999990796,7796.457118697227
58100,31.6693120857377,1321.9999999990796,7796.496927656703
58101,31.6693120857377,1322.0199999990796,7796.536736290553
58102,31.6693120857377,1322.0399999990796,7796.576544598766
58103,31.6693120857377,1322.0599999990795,7796.616352581333
58104,31.6693120857377,1322.0799999990795,7796.656160238242
58105,31.6693120857377,1322.0999999990795,7796.6959675694825
58106,31.6693120857377,1322.1199999990795,7796.735774575044
58107,31.6693120857377,1322.1399999990795,7796.775581254916
58108,31.6693120857377,1322.1599999990794,7796.815387609087
58109,31.6693120857377,1322.1799999990794,7796.855193637548
58110,31.6693120857377,1322.1999999990794,7796.894999340287
58111,31.6693120857377,1322.2199999990794,7796.9348047172925
58112,31.6693120857377,1322.2399999990794,7796.974609768556
58113,31.6693120857377,1322.2599999990794,7797.014414494064
58114,31.6693120857377,1322.2799999990793,7797.054218893809
58115,31.6693120857377,1322.2999999990793,7797.094022967778
58116,31.6693120857377,1322.3199999990793,7797.133826715961
58117,31.6693120857377,1322.3399999990793,7797.173630138347
58118,31.6693120857377,1322.3599999990793,7797.213433234926
58119,31.6693120857377,1322.3799999990792,7797.253236005687
58120,31.6693120857377,1322.3999999990792,7797.293038450619
58121,31.6693120857377,1322.4199999990792,7797.332840569712
58122,31.6693120857377,1322.4399999990792,7797.372642362955
58123,31.6693120857377,1322.4599999990792,7797.412443830337
58124,31.6693120857377,1322.4799999990792,7797.452244971847
58125,31.6693120857377,1322.4999999990791,7797.492045787475
58126,31.6693120857377,1322.5199999990791,7797.53184627721
58127,31.6693120857377,1322.539999999079,7797.571646441042
58128,31.6693120857377,1322.559999999079,7797.611446278959
58129,31.6693120857377,1322.579999999079,7797.651245790951
58130,31.6693120857377,1322.599999999079,7797.691044977008
58131,31.6693120857377,1322.619999999079,7797.730843837117
58132,31.6693120857377,1322.639999999079,7797.770642371271
58133,31.6693120857377,1322.659999999079,7797.810440579456
58134,31.6693120857377,1322.679999999079,7797.850238461687
58135,31.6693120857377,1322.699999999079,7797.890036018522
58136,31.6693120857377,1322.719999999079,7797.9298332503
58137,31.6693120857377,1322.739999999079,7797.969630157011
58138,31.6693120857377,1322.759999999079,7798.009426738644
58139,31.6693120857377,1322.7799999990789,7798.049222995189
58140,31.6693120857377,1322.7999999990789,7798.089018926634
58141,31.6693120857377,1322.8199999990788,7798.128814532969
58142,31.6693120857377,1322.8399999990788,7798.168609814184
58143,31.6693120857377,1322.8599999990788,7798.2084047702665
58144,31.6693120857377,1322.8799999990788,7798.248199401208
58145,31.6693120857377,1322.8999999990788,7798.2879937069965
58146,31.6693120857377,1322.9199999990788,7798.327787687622
58147,31.6693120857377,1322.9399999990787,7798.367581343073
58148,31.6693120857377,1322.9599999990787,7798.407374673338
58149,31.6693120857377,1322.9799999990787,7798.447167678409
58150,31.6693120857377,1322.9999999990787,7798.486960358273
58151,31.6693120857377,1323.0199999990787,7798.52675271292
58152,31.6693120857377,1323.0399999990786,7798.56654474234
58153,31.6693120857377,1323.0599999990786,7798.606336446522
58154,31.6693120857377,1323.0799999990786,7798.646127825454
58155,31.6693120857377,1323.0999999990786,7798.685918879127
58156,31.6693120857377,1323.1199999990786,7798.725709607529
58157,31.6693120857377,1323.1399999990786,7798.765500010651
58158,31.6693120857377,1323.1599999990785,7798.80529008848
58159,31.6693120857377,1323.1799999990785,7798.845079841008
58160,31.6693120857377,1323.1999999990785,7798.884869268222
58161,31.6693120857377,1323.2199999990785,7798.924658370112
58162,31.6693120857377,1323.2399999990785,7798.964447146668
58163,31.6693120857377,1323.2599999990784,7799.0042355978785
58164,31.6693120857377,1323.2799999990784,7799.0440237237335
58165,31.6693120857377,1323.2999999990784,7799.083811524222
58166,31.6693120857377,1323.3199999990784,7799.123598999334
58167,31.6693120857377,1323.3399999990784,7799.163386149057
58168,31.6693120857377,1323.3599999990784,7799.203172973382
58169,31.6693120857377,1323.3799999990783,7799.242959472297
58170,31.6693120857377,1323.3999999990783,7799.282745645793
58171,31.6693120857377,1323.4199999990783,7799.322531493857
58172,31.6693120857377,1323.4399999990783,7799.36231701648
58173,31.6693120857377,1323.4599999990783,7799.402102213651
58174,31.6693120857377,1323.4799999990782,7799.44188708536
58175,31.6693120857377,1323.4999999990782,7799.4816716315945
58176,31.6693120857377,1323.5199999990782,7799.521455852346
58177,31.6693120857377,1323.5399999990782,7799.561239747602
58178,31.6693120857377,1323.5599999990782,7799.601023317352
58179,31.6693120857377,1323.5799999990782,7799.640806561586
58180,31.6693120857377,1323.5999999990781,7799.680589480294
58181,31.6693120857377,1323.6199999990781,7799.720372073464
58182,31.6693120857377,1323.639999999078,7799.7601543410865
58183,31.6693120857377,1323.659999999078,7799.79993628315
58184,31.6693120857377,1323.679999999078,7799.839717899643
58185,31.6693120857377,1323.699999999078,7799.879499190592
58186,31.6693120857377,1323.719999999078,7799.919280156598
58187,31.6693120857377,1323.739999999078,7799.959060797947
58188,31.6693120857377,1323.759999999078,7799.998841114628
58189,31.6693120857377,1323.779999999078,7800.038621106539
58190,31.6693120857377,1323.799999999078,7800.07840077357
58191,31.6693120857377,1323.819999999078,7800.11818011571
58192,31.6693120857377,1323.839999999078,7800.157959132948
58193,31.6693120857377,1323.859999999078,7800.197737825273
58194,31.6693120857377,1323.8799999990779,7800.237516192675
58195,31.6693120857377,1323.8999999990779,7800.277294235142
58196,31.6693120857377,1323.9199999990778,7800.317071952664
58197,31.6693120857377,1323.9399999990778,7800.356849345231
58198,31.6693120857377,1323.9599999990778,7800.396626412831
58199,31.6693120857377,1323.9799999990778,7800.436403155454
58200,31.6693120857377,1323.9999999990778,7800.476179573089
58201,31.6693120857377,1324.0199999990778,7800.515955665725
58202,31.6693120857377,1324.0399999990777,7800.555731433353
58203,31.6693120857377,1324.0599999990777,7800.5955068759595
58204,31.6693120857377,1324.0799999990777,7800.6352819935355
58205,31.6693120857377,1324.0999999990777,7800.67505678607
58206,31.6693120857377,1324.1199999990777,7800.714831253552
58207,31.6693120857377,1324.1399999990776,7800.754605395971
58208,31.6693120857377,1324.1599999990776,7800.7943792133165
58209,31.6693120857377,1324.1799999990776,7800.834152705577
58210,31.6693120857377,1324.1999999990776,7800.873925872743
58211,31.6693120857377,1324.2199999990776,7800.913698714802
58212,31.6693120857377,1324.2399999990776,7800.953471231745
58213,31.6693120857377,1324.2599999990775,7800.993243423561
58214,31.6693120857377,1324.2799999990775,7801.033015290238
58215,31.6693120857377,1324.2999999990775,7801.072786831766
58216,31.6693120857377,1324.3199999990775,7801.112558048136
58217,31.6693120857377,1324.3399999990775,7801.152328939334
58218,31.6693120857377,1324.3599999990774,7801.192099505352
58219,31.6693120857377,1324.3799999990774,7801.231869746178
58220,31.6693120857377,1324.3999999990774,7801.271639661801
58221,31.6693120857377,1324.4199999990774,7801.311409252211
58222,31.6693120857377,1324.4399999990774,7801.351178517397
58223,31.6693120857377,1324.4599999990774,7801.390947457348
58224,31.6693120857377,1324.4799999990773,7801.430716072054
58225,31.6693120857377,1324.4999999990773,7801.470484361503
58226,31.6693120857377,1324.5199999990773,7801.5102523256855
58227,31.6693120857377,1324.5399999990773,7801.55001996459
58228,31.6693120857377,1324.5599999990773,7801.589787278207
58229,31.6693120857377,1324.5799999990772,7801.629554266525
58230,31.6693120857377,1324.5999999990772,7801.669320929533
58231,31.6693120857377,1324.6199999990772,7801.70908726722
58232,31.6693120857377,1324.6399999990772,7801.748853279575
58233,31.6693120857377,1324.6599999990772,7801.788618966589
58234,31.6693120857377,1324.6799999990772,7801.82838432825
58235,31.6693120857377,1324.6999999990771,7801.868149364547
58236,31.6693120857377,1324.7199999990771,7801.907914075517
58237,31.6693120857377,1324.739999999077,7801.947678461806
58238,31.6693120857377,1324.759999999077,7801.987442523646
58239,31.6693120857377,1324.779999999077,7802.027206261024
58240,31.6693120857377,1324.799999999077,7802.06696967393
58241,31.6693120857377,1324.819999999077,7802.106732762352
58242,31.6693120857377,1324.839999999077,7802.146495526282
58243,31.6693120857377,1324.859999999077,7802.186257965706
58244,31.6693120857377,1324.879999999077,7802.226020080616
58245,31.6693120857377,1324.899999999077,7802.2657818709995
58246,31.6693120857377,1324.919999999077,7802.305543336846
58247,31.6693120857377,1324.939999999077,7802.345304478146
58248,31.6693120857377,1324.959999999077,7802.385065294888
58249,31.6693120857377,1324.9799999990769,7802.42482578706
58250,31.6693120857377,1324.9999999990769,7802.464585954654
58251,31.6693120857377,1325.0199999990768,7802.504345797657
58252,31.6693120857377,1325.0399999990768,7802.544105316059
58253,31.6693120857377,1325.0599999990768,7802.58386450985
58254,31.6693120857377,1325.0799999990768,7802.623623379019
58255,31.6693120857377,1325.0999999990768,7802.663381923554
58256,31.6693120857377,1325.1199999990768,7802.703140143445
58257,31.6693120857377,1325.1399999990767,7802.742898038682
58258,31.6693120857377,1325.1599999990767,7802.782655609253
58259,31.6693120857377,1325.1799999990767,7802.822412855148
58260,31.6693120857377,1325.1999999990767,7802.862169776357
58261,31.6693120857377,1325.2199999990767,7802.901926372869
58262,31.6693120857377,1325.2399999990766,7802.941682644671
58263,31.6693120857377,1325.2599999990766,7802.981438591755
58264,31.6693120857377,1325.2799999990766,7803.0211942141095
58265,31.6693120857377,1325.2999999990766,7803.060949511723
58266,31.6693120857377,1325.3199999990766,7803.1007044845865
58267,31.6693120857377,1325.3399999990766,7803.140459132687
58268,31.6693120857377,1325.3599999990765,7803.180213456016
58269,31.6693120857377,1325.3799999990765,7803.219967454561
58270,31.6693120857377,1325.3999999990765,7803.259721128312
58271,31.6693120857377,1325.4199999990765,7803.299474477259
58272,31.6693120857377,1325.4399999990765,7803.33922750139
58273,31.6693120857377,1325.4599999990764,7803.378980200695
58274,31.6693120857377,1325.4799999990764,7803.418732575163
58275,31.6693120857377,1325.4999999990764,7803.4584846247835
58276,31.6693120857377,1325.5199999990764,7803.498236349546
58277,31.6693120857377,1325.5399999990764,7803.537987749439
58278,31.6693120857377,1325.5599999990764,7803.577738824452
58279,31.6693120857377,1325.5799999990763,7803.617489574575
58280,31.6693120857377,1325.5999999990763,7803.657239999797
58281,31.6693120857377,1325.6199999990763,7803.696990100107
58282,31.6693120857377,1325.6399999990763,7803.736739875493
58283,31.6693120857377,1325.6599999990763,7803.776489325946
58284,31.6693120857377,1325.6799999990762,7803.816238451456
58285,31.6693120857377,1325.6999999990762,7803.855987252011
58286,31.6693120857377,1325.7199999990762,7803.8957357275995
58287,31.6693120857377,1325.7399999990762,7803.935483878275
58288,31.6693120857377,1325.7599999990762,7803.975231704793
58289,31.6693120857377,1325.7799999990762,7804.014979207344
58290,31.6693120857377,1325.7999999990761,7804.054726385917
58291,31.6693120857377,1325.8199999990761,7804.094473240501
58292,31.6693120857377,1325.839999999076,7804.134219771086
58293,31.6693120857377,1325.859999999076,7804.1739659776595
58294,31.6693120857377,1325.879999999076,7804.213711860213
58295,31.6693120857377,1325.899999999076,7804.253457418735
58296,31.6693120857377,1325.919999999076,7804.293202653214
58297,31.6693120857377,1325.939999999076,7804.332947563641
58298,31.6693120857377,1325.959999999076,7804.372692150004
58299,31.6693120857377,1325.979999999076,7804.412436412292
58300,31.6693120857377,1325.999999999076,7804.452180350495
58301,31.6693120857377,1326.019999999076,7804.4919239646015
58302,31.6693120857377,1326.039999999076,7804.531667254602
58303,31.6693120857377,1326.059999999076,7804.571410220486
58304,31.6693120857377,1326.0799999990759,7804.6111528622405
58305,31.6693120857377,1326.0999999990759,7804.650895179857
58306,31.6693120857377,1326.1199999990758,7804.690637173324
58307,31.6693120857377,1326.1399999990758,7804.730378842631
58308,31.6693120857377,1326.1599999990758,7804.770120187767
58309,31.6693120857377,1326.1799999990758,7804.8098612087215
58310,31.6693120857377,1326.1999999990758,7804.849601905484
58311,31.6693120857377,1326.2199999990758,7804.889342278043
58312,31.6693120857377,1326.2399999990757,7804.929082326389
58313,31.6693120857377,1326.2599999990757,7804.968822050511
58314,31.6693120857377,1326.2799999990757,7805.008561450398
58315,31.6693120857377,1326.2999999990757,7805.0483005260385
58316,31.6693120857377,1326.3199999990757,7805.088039277423
58317,31.6693120857377,1326.3399999990756,7805.127777704541
58318,31.6693120857377,1326.3599999990756,7805.16751580738
58319,31.628492204219963,1326.3799999990756,7805.2072535859315
58320,31.628492204219963,1326.3999999990756,7805.246991040183
58321,31.628492204219963,1326.4199999990756,7805.286728170126
58322,31.628492204219963,1326.4399999990756,7805.3264649757475
58323,31.628492204219963,1326.4599999990755,7805.366201457038
58324,31.628492204219963,1326.4799999990755,7805.405937613987
58325,31.628492204219963,1326.4999999990755,7805.445673446582
58326,31.628492204219963,1326.5199999990755,7805.485408954814
58327,31.628492204219963,1326.5399999990755,7805.525144138673
58328,31.628492204219963,1326.5599999990754,7805.564878998146
58329,31.628492204219963,1326.5799999990754,7805.6046135332235
58330,31.628492204219963,1326.5999999990754,7805.644347743895
58331,31.628492204219963,1326.6199999990754,7805.68408163015
58332,31.628492204219963,1326.6399999990754,7805.723815191977
58333,31.628492204219963,1326.6599999990754,7805.763548429366
58334,31.628492204219963,1326.6799999990753,7805.803281342306
58335,31.628492204219963,1326.6999999990753,7805.843013930787
58336,31.628492204219963,1326.7199999990753,7805.882746194797
58337,31.628492204219963,1326.7399999990753,7805.9224781343255
58338,31.628492204219963,1326.7599999990753,7805.962209749425
58339,31.628492204219963,1326.7799999990752,7806.001941040762
58340,31.628492204219963,1326.7999999990752,7806.041672008442
58341,31.628492204219963,1326.8199999990752,7806.081402652455
58342,31.628492204219963,1326.8399999990752,7806.121132972789
58343,31.628492204219963,1326.8599999990752,7806.160862969436
58344,31.628492204219963,1326.8799999990752,7806.200592642383
58345,31.628492204219963,1326.8999999990751,7806.24032199162
58346,31.628492204219963,1326.9199999990751,7806.2800510171355
58347,31.628492204219963,1326.939999999075,7806.3197797189205
58348,31.628492204219963,1326.959999999075,7806.359508096964
58349,31.628492204219963,1326.979999999075,7806.3992361512555
58350,31.628492204219963,1326.999999999075,7806.438963881784
58351,31.628492204219963,1327.019999999075,7806.478691288538
58352,31.628492204219963,1327.039999999075,7806.518418371509
58353,31.628492204219963,1327.059999999075,7806.558145130685
58354,31.628492204219963,1327.079999999075,7806.597871566056
58355,31.628492204219963,1327.099999999075,7806.637597677611
58356,31.628492204219963,1327.119999999075,7806.677323465339
58357,31.628492204219963,1327.139999999075,7806.71704892923
58358,31.628492204219963,1327.159999999075,7806.756774069274
58359,31.628492204219963,1327.1799999990749,7806.796498885459
58360,31.628492204219963,1327.1999999990749,7806.836223377775
58361,31.628492204219963,1327.2199999990748,7806.875947546212
58362,31.628492204219963,1327.2399999990748,7806.915671390759
58363,31.628492204219963,1327.2599999990748,7806.955394911405
58364,31.628492204219963,1327.2799999990748,7806.99511810814
58365,31.628492204219963,1327.2999999990748,7807.034840980952
58366,31.628492204219963,1327.3199999990748,7807.074563529833
58367,31.628492204219963,1327.3399999990747,7807.11428575477
58368,31.628492204219963,1327.3599999990747,7807.154007655754
58369,31.628492204219963,1327.3799999990747,7807.193729232773
58370,31.628492204219963,1327.3999999990747,7807.233450485817
58371,31.628492204219963,1327.4199999990747,7807.273171414876
58372,31.628492204219963,1327.4399999990746,7807.312892019939
58373,31.628492204219963,1327.4599999990746,7807.352612300995
58374,31.628492204219963,1327.4799999990746,7807.392332258034
58375,31.628492204219963,1327.4999999990746,7807.4320518910445
58376,31.628492204219963,1327.5199999990746,7807.4717712000165
58377,31.628492204219963,1327.5399999990746,7807.51149018494
58378,31.628492204219963,1327.5599999990745,7807.551208845804
58379,31.628492204219963,1327.5799999990745,7807.590927182597
58380,31.628492204219963,1327.5999999990745,7807.630645195309
58381,31.628492204219963,1327.6199999990745,7807.67036288393
58382,31.628492204219963,1327.6399999990745,7807.710080248448
58383,31.628492204219963,1327.6599999990744,7807.749797288854
58384,31.628492204219963,1327.6799999990744,7807.789514005137
58385,31.628492204219963,1327.6999999990744,7807.829230397286
58386,31.628492204219963,1327.7199999990744,7807.86894646529
58387,31.628492204219963,1327.7399999990744,7807.908662209139
58388,31.628492204219963,1327.7599999990744,7807.9483776288225
58389,31.628492204219963,1327.7799999990743,7807.988092724414
58390,31.628492204219963,1327.7999999990743,7808.0278074966745
58391,31.628492204219963,1327.8199999990743,7808.06752194567
58392,31.628492204219963,1327.8399999990743,7808.107236071389
58393,31.628492204219963,1327.8599999990743,7808.1469498738215
58394,31.628492204219963,1327.8799999990742,7808.186663352957
58395,31.628492204219963,1327.8999999990742,7808.2263765087855
58396,31.628492204219963,1327.9199999990742,7808.266089341296
58397,31.628492204219963,1327.9399999990742,7808.305801850477
58398,31.628492204219963,1327.9599999990742,7808.3455140363185
58399,31.628492204219963,1327.9799999990742,7808.385225898811
58400,31.628492204219963,1327.9999999990741,7808.424937437942
58401,31.628492204219963,1328.0199999990741,7808.464648653703
58402,31.628492204219963,1328.039999999074,7808.504359546082
58403,31.628492204219963,1328.059999999074,7808.544070115068
58404,31.628492204219963,1328.079999999074,7808.583780360652
58405,31.628492204219963,1328.099999999074,7808.623490282823
58406,31.628492204219963,1328.119999999074,7808.663199881569
58407,31.628492204219963,1328.139999999074,7808.702909156881
58408,31.628492204219963,1328.159999999074,7808.7426181087485
58409,31.628492204219963,1328.179999999074,7808.78232673716
58410,31.628492204219963,1328.199999999074,7808.822035042105
58411,31.628492204219963,1328.219999999074,7808.861743023574
58412,31.628492204219963,1328.239999999074,7808.901450681555
58413,31.628492204219963,1328.259999999074,7808.941158016038
58414,31.628492204219963,1328.2799999990739,7808.980865027012
58415,31.628492204219963,1328.2999999990739,7809.020571714468
58416,31.628492204219963,1328.3199999990738,7809.060278078394
58417,31.628492204219963,1328.3399999990738,7809.0999841187795
58418,31.628492204219963,1328.3599999990738,7809.139689835614
58419,31.628492204219963,1328.3799999990738,7809.179395228888
58420,31.628492204219963,1328.3999999990738,7809.219100298589
58421,31.628492204219963,1328.4199999990738,7809.258805044708
58422,31.628492204219963,1328.4399999990737,7809.298509467234
58423,31.628492204219963,1328.4599999990737,7809.338213566156
58424,31.628492204219963,1328.4799999990737,7809.377917341464
58425,31.628492204219963,1328.4999999990737,7809.417620793147
58426,31.628492204219963,1328.5199999990737,7809.457323921195
58427,31.628492204219963,1328.5399999990736,7809.497026725597
58428,31.628492204219963,1328.5599999990736,7809.536729206342
58429,31.628492204219963,1328.5799999990736,7809.57643136342
58430,31.628492204219963,1328.5999999990736,7809.616133196821
58431,31.628492204219963,1328.6199999990736,7809.655834706533
58432,31.628492204219963,1328.6399999990736,7809.695535892546
58433,31.628492204219963,1328.6599999990735,7809.73523675485
58434,31.628492204219963,1328.6799999990735,7809.774937293434
58435,31.628492204219963,1328.6999999990735,7809.814637508288
58436,31.628492204219963,1328.7199999990735,7809.8543373994
58437,31.628492204219963,1328.7399999990735,7809.894036966761
58438,31.628492204219963,1328.7599999990734,7809.933736210359
58439,31.628492204219963,1328.7799999990734,7809.973435130184
58440,31.628492204219963,1328.7999999990734,7810.013133726355
58441,31.628492204219963,1328.8199999990734,7810.052831999446
58442,31.628492204219963,1328.8399999990734,7810.092529949469
58443,31.628492204219963,1328.8599999990734,7810.132227576413
58444,31.628492204219963,1328.8799999990733,7810.171924880268
58445,31.628492204219963,1328.8999999990733,7810.211621861024
58446,31.628492204219963,1328.9199999990733,7810.251318518669
58447,31.628492204219963,1328.9399999990733,7810.291014853194
58448,31.628492204219963,1328.9599999990733,7810.330710864588
58449,31.628492204219963,1328.9799999990732,7810.37040655284
58450,31.628492204219963,1328.9999999990732,7810.41010191794
58451,31.628492204219963,1329.0199999990732,7810.449796959877
58452,31.628492204219963,1329.0399999990732,7810.489491678642
58453,31.628492204219963,1329.0599999990732,7810.529186074223
58454,31.628492204219963,1329.0799999990732,7810.568880146609
58455,31.628492204219963,1329.0999999990731,7810.608573895792
58456,31.628492204219963,1329.1199999990731,7810.64826732176
58457,31.628492204219963,1329.139999999073,7810.687960424501
58458,31.628492204219963,1329.159999999073,7810.727653204008
58459,31.628492204219963,1329.179999999073,7810.767345660268
58460,31.628492204219963,1329.199999999073,7810.807037793271
58461,31.628492204219963,1329.219999999073,7810.846729603007
58462,31.628492204219963,1329.239999999073,7810.886421089464
58463,31.628492204219963,1329.259999999073,7810.926112252634
58464,31.628492204219963,1329.279999999073,7810.965803092505
58465,31.628492204219963,1329.299999999073,7811.005493609066
58466,31.628492204219963,1329.319999999073,7811.045183802308
58467,31.628492204219963,1329.339999999073,7811.08487367222
58468,31.628492204219963,1329.359999999073,7811.124563218791
58469,31.628492204219963,1329.3799999990729,7811.16425244201
58470,31.628492204219963,1329.3999999990729,7811.203941341869
58471,31.628492204219963,1329.4199999990728,7811.243629918355
58472,31.628492204219963,1329.4399999990728,7811.283318171458
58473,31.628492204219963,1329.4599999990728,7811.323006101168
58474,31.628492204219963,1329.4799999990728,7811.362693707475
58475,31.628492204219963,1329.4999999990728,7811.402380990367
58476,31.628492204219963,1329.5199999990728,7811.442067949835
58477,31.628492204219963,1329.5399999990727,7811.481754585869
58478,31.628492204219963,1329.5599999990727,7811.521440898457
58479,31.628492204219963,1329.5799999990727,7811.561126887588
58480,31.628492204219963,1329.5999999990727,7811.6008125532535
58481,31.628492204219963,1329.6199999990727,7811.6404978954415
58482,31.628492204219963,1329.6399999990726,7811.680182914142
58483,31.628492204219963,1329.6599999990726,7811.719867609345
58484,31.628492204219963,1329.6799999990726,7811.759551981039
58485,31.628492204219963,1329.6999999990726,7811.799236029215
58486,31.628492204219963,1329.7199999990726,7811.838919753861
58487,31.628492204219963,1329.7399999990726,7811.878603154967
58488,31.628492204219963,1329.7599999990725,7811.918286232523
58489,31.628492204219963,1329.7799999990725,7811.957968986519
58490,31.628492204219963,1329.7999999990725,7811.997651416943
58491,31.628492204219963,1329.8199999990725,7812.03733352398
58492,31.628492204219963,1329.8399999990725,7812.077015308304
58493,31.628492204219963,1329.8599999990724,7812.116696769959
58494,31.628492204219963,1329.8799999990724,7812.156377908936
58495,31.628492204219963,1329.8999999990724,7812.196058725222
58496,31.628492204219963,1329.9199999990724,7812.235739218809
58497,31.628492204219963,1329.9399999990724,7812.275419389684
58498,31.628492204219963,1329.9599999990724,7812.31509923784
58499,31.628492204219963,1329.9799999990723,7812.354778763263
58500,31.628492204219963,1329.9999999990723,7812.394457965945
58501,31.628492204219963,1330.0199999990723,7812.434136845874
58502,31.628492204219963,1330.0399999990723,7812.473815403039
58503,31.628492204219963,1330.0599999990723,7812.513493637432
58504,31.628492204219963,1330.0799999990722,7812.553171549041
58505,31.628492204219963,1330.0999999990722,7812.592849137855
58506,31.628492204219963,1330.1199999990722,7812.632526403865
58507,31.628492204219963,1330.1399999990722,7812.67220334706
58508,31.628492204219963,1330.1599999990722,7812.711879967429
58509,31.628492204219963,1330.1799999990722,7812.751556264961
58510,31.628492204219963,1330.1999999990721,7812.791232239648
58511,31.628492204219963,1330.2199999990721,7812.830907891477
58512,31.628492204219963,1330.239999999072,7812.870583220439
58513,31.628492204219963,1330.259999999072,7812.910258226522
58514,31.628492204219963,1330.279999999072,7812.949932909718
58515,31.628492204219963,1330.299999999072,7812.989607270015
58516,31.628492204219963,1330.319999999072,7813.029281307402
58517,31.628492204219963,1330.339999999072,7813.068955021869
58518,31.628492204219963,1330.359999999072,7813.108628413406
58519,31.628492204219963,1330.379999999072,7813.148301482002
58520,31.628492204219963,1330.399999999072,7813.187974227648
58521,31.628492204219963,1330.419999999072,7813.227646650332
58522,31.628492204219963,1330.439999999072,7813.267318750043
58523,31.628492204219963,1330.459999999072,7813.306990526772
58524,31.628492204219963,1330.4799999990719,7813.346661980508
58525,31.628492204219963,1330.4999999990719,7813.38633311124
58526,31.628492204219963,1330.5199999990718,7813.4260039189585
58527,31.628492204219963,1330.5399999990718,7813.465674403653
58528,31.628492204219963,1330.5599999990718,7813.505344565312
58529,31.628492204219963,1330.5799999990718,7813.545014403926
58530,31.628492204219963,1330.5999999990718,7813.584683919484
58531,31.628492204219963,1330.6199999990718,7813.624353111975
58532,31.628492204219963,1330.6399999990717,7813.664021981391
58533,31.628492204219963,1330.6599999990717,7813.703690527719
58534,31.628492204219963,1330.6799999990717,7813.7433587509495
58535,31.628492204219963,1330.6999999990717,7813.783026651072
58536,31.628492204219963,1330.7199999990717,7813.822694228075
58537,31.628492204219963,1330.7399999990716,7813.86236148195
58538,31.628492204219963,1330.7599999990716,7813.9020284126855
58539,31.628492204219963,1330.7799999990716,7813.941695020271
58540,31.628492204219963,1330.7999999990716,7813.981361304696
58541,31.628492204219963,1330.8199999990716,7814.021027265951
58542,31.628492204219963,1330.8399999990716,7814.060692904273
58543,31.628492204219963,1330.8599999990715,7814.100358220295
58544,31.628492204219963,1330.8799999990715,7814.140023214049
58545,31.628492204219963,1330.8999999990715,7814.179687885524
58546,31.628492204219963,1330.9199999990715,7814.219352234711
58547,31.628492204219963,1330.9399999990715,7814.259016261598
58548,31.628492204219963,1330.9599999990714,7814.298679966175
58549,31.628492204219963,1330.9799999990714,7814.338343348432
58550,31.628492204219963,1330.9999999990714,7814.3780064083585
58551,31.628492204219963,1331.0199999990714,7814.417669145944
58552,31.628492204219963,1331.0399999990714,7814.457331561178
58553,31.628492204219963,1331.0599999990714,7814.496993654049
58554,31.628492204219963,1331.0799999990713,7814.536655424548
58555,31.628492204219963,1331.0999999990713,7814.576316872664
58556,31.628492204219963,1331.1199999990713,7814.615977998387
58557,31.628492204219963,1331.1399999990713,7814.655638801707
58558,31.628492204219963,1331.1599999990713,7814.695299282612
58559,31.628492204219963,1331.1799999990712,7814.7349594410925
58560,31.628492204219963,1331.1999999990712,7814.774619277137
58561,31.628492204219963,1331.2199999990712,7814.814278790737
58562,31.628492204219963,1331.2399999990712,7814.853937981881
58563,31.628492204219963,1331.2599999990712,7814.893596850558
58564,31.628492204219963,1331.2799999990712,7814.933255396759
58565,31.628492204219963,1331.2999999990711,7814.972913620471
58566,31.628492204219963,1331.3199999990711,7815.012571521686
58567,31.628492204219963,1331.339999999071,7815.052229100393
58568,31.628492204219963,1331.359999999071,7815.09188635658
58569,31.628492204219963,1331.379999999071,7815.131543290239
58570,31.628492204219963,1331.399999999071,7815.171199901359
58571,31.628492204219963,1331.419999999071,7815.210856189928
58572,31.628492204219963,1331.439999999071,7815.250512155936
58573,31.628492204219963,1331.459999999071,7815.290167799374
58574,31.628492204219963,1331.479999999071,7815.329823120231
58575,31.628492204219963,1331.499999999071,7815.369478118495
58576,31.628492204219963,1331.519999999071,7815.409132794157
58577,31.628492204219963,1331.539999999071,7815.4487871472065
58578,31.628492204219963,1331.559999999071,7815.488441177633
58579,31.628492204219963,1331.5799999990709,7815.528094885425
58580,31.628492204219963,1331.5999999990709,7815.567748270573
58581,31.628492204219963,1331.6199999990708,7815.607401333067
58582,31.628492204219963,1331.6399999990708,7815.647054072896
58583,31.628492204219963,1331.6599999990708,7815.686706490049
58584,31.628492204219963,1331.6799999990708,7815.726358584516
58585,31.628492204219963,1331.6999999990708,7815.766010356287
58586,31.628492204219963,1331.7199999990708,7815.805661805351
58587,31.628492204219963,1331.7399999990707,7815.845312931698
58588,31.628492204219963,1331.7599999990707,7815.884963735317
58589,31.628492204219963,1331.7799999990707,7815.924614216198
58590,31.628492204219963,1331.7999999990707,7815.964264374331
58591,31.628492204219963,1331.8199999990707,7816.003914209705
58592,31.628492204219963,1331.8399999990706,7816.043563722309
58593,31.628492204219963,1331.8599999990706,7816.083212912463
58594,31.628492204219963,1331.8799999990706,7816.122861780801
58595,31.628492204219963,1331.8999999990706,7816.162510327348
58596,31.628492204219963,1331.9199999990706,7816.202158552094
58597,31.628492204219963,1331.9399999990706,7816.241806455028
58598,31.628492204219963,1331.9599999990705,7816.28145403614
58599,31.628492204219963,1331.9799999990705,7816.321101295418
58600,31.628492204219963,1331.9999999990705,7816.360748232853
58601,31.628492204219963,1332.0199999990705,7816.400394848435
58602,31.628492204219963,1332.0399999990705,7816.440041142153
58603,31.628492204219963,1332.0599999990704,7816.479687113996
58604,31.628492204219963,1332.0799999990704,7816.519332763954
58605,31.628492204219963,1332.0999999990704,7816.558978092015
58606,31.58775993812474,1332.1199999990704,7816.598623098172
58607,31.58775993812474,1332.1399999990704,7816.638267782411
58608,31.58775993812474,1332.1599999990704,7816.677912144723
58609,31.58775993812474,1332.1799999990703,7816.717556185098
58610,31.58775993812474,1332.1999999990703,7816.757199903524
58611,31.58775993812474,1332.2199999990703,7816.796843299992
58612,31.58775993812474,1332.2399999990703,7816.836486374492
58613,31.58775993812474,1332.2599999990703,7816.876129127011
58614,31.58775993812474,1332.2799999990702,7816.915771557541
58615,31.58775993812474,1332.2999999990702,7816.955413666071
58616,31.58775993812474,1332.3199999990702,7816.995055452589
58617,31.58775993812474,1332.3399999990702,7817.034696917087
58618,31.58775993812474,1332.3599999990702,7817.074338059552
58619,31.58775993812474,1332.3799999990702,7817.113978879976
58620,31.58775993812474,1332.3999999990701,7817.153619378346
58621,31.58775993812474,1332.4199999990701,7817.193259554653
58622,31.58775993812474,1332.43999999907,7817.232899408887
58623,31.58775993812474,1332.45999999907,7817.272538941036
58624,31.58775993812474,1332.47999999907,7817.312178151091
58625,31.58775993812474,1332.49999999907,7817.35181703904
58626,31.58775993812474,1332.51999999907,7817.391455604874
58627,31.58775993812474,1332.53999999907,7817.431093848581
58628,31.58775993812474,1332.55999999907,7817.470731770152
58629,31.58775993812474,1332.57999999907,7817.510369369576
58630,31.58775993812474,1332.59999999907,7817.550006646843
58631,31.58775993812474,1332.61999999907,7817.589643601942
58632,31.58775993812474,1332.63999999907,7817.629280234863
58633,31.58775993812474,1332.65999999907,7817.668916545594
58634,31.58775993812474,1332.6799999990699,7817.708552534125
58635,31.58775993812474,1332.6999999990699,7817.748188200448
58636,31.58775993812474,1332.7199999990698,7817.78782354455
58637,31.58775993812474,1332.7399999990698,7817.82745856642
58638,31.58775993812474,1332.7599999990698,7817.86709326605
58639,31.58775993812474,1332.7799999990698,7817.906727643428
58640,31.58775993812474,1332.7999999990698,7817.946361698543
58641,31.58775993812474,1332.8199999990698,7817.985995431386
58642,31.58775993812474,1332.8399999990697,7818.025628841946
58643,31.58775993812474,1332.8599999990697,7818.065261930212
58644,31.58775993812474,1332.8799999990697,7818.104894696496
58645,31.58775993812474,1332.8999999990697,7818.144527141281
58646,31.58775993812474,1332.9199999990697,7818.184159264578
58647,31.58775993812474,1332.9399999990696,7818.223791066375
58648,31.58775993812474,1332.9599999990696,7818.263422546663
58649,31.58775993812474,1332.9799999990696,7818.303053705429
58650,31.58775993812474,1332.9999999990696,7818.342684542665
58651,31.58775993812474,1333.0199999990696,7818.382315058359
58652,31.58775993812474,1333.0399999990696,7818.421945252501
58653,31.58775993812474,1333.0599999990695,7818.461575125081
58654,31.58775993812474,1333.0799999990695,7818.5012046760885
58655,31.58775993812474,1333.0999999990695,7818.540833905512
58656,31.58775993812474,1333.1199999990695,7818.580462813341
58657,31.58775993812474,1333.1399999990695,7818.620091399566
58658,31.58775993812474,1333.1599999990694,7818.659719664176
58659,31.58775993812474,1333.1799999990694,7818.69934760716
58660,31.58775993812474,1333.1999999990694,7818.738975228509
58661,31.58775993812474,1333.2199999990694,7818.778602528211
58662,31.58775993812474,1333.2399999990694,7818.818229506256
58663,31.58775993812474,1333.2599999990694,7818.857856162634
58664,31.58775993812474,1333.2799999990693,7818.897482497334
58665,31.58775993812474,1333.2999999990693,7818.937108510345
58666,31.58775993812474,1333.3199999990693,7818.976734201658
58667,31.58775993812474,1333.3399999990693,7819.01635957126
58668,31.58775993812474,1333.3599999990693,7819.055984619144
58669,31.58775993812474,1333.3799999990692,7819.095609345296
58670,31.58775993812474,1333.3999999990692,7819.135233749708
58671,31.58775993812474,1333.4199999990692,7819.174857832369
58672,31.58775993812474,1333.4399999990692,7819.214481593267
58673,31.58775993812474,1333.4599999990692,7819.254105032393
58674,31.58775993812474,1333.4799999990692,7819.293728149737
58675,31.58775993812474,1333.4999999990691,7819.333350945287
58676,31.58775993812474,1333.5199999990691,7819.372973419033
58677,31.58775993812474,1333.539999999069,7819.412595570965
58678,31.58775993812474,1333.559999999069,7819.452217401073
58679,31.58775993812474,1333.579999999069,7819.491838909345
58680,31.58775993812474,1333.599999999069,7819.531460095771
58681,31.58775993812474,1333.619999999069,7819.571080960341
58682,31.58775993812474,1333.639999999069,7819.610701503044
58683,31.58775993812474,1333.659999999069,7819.65032172387
58684,31.58775993812474,1333.679999999069,7819.689941622808
58685,31.58775993812474,1333.699999999069,7819.729561199848
58686,31.58775993812474,1333.719999999069,7819.769180454979
58687,31.58775993812474,1333.739999999069,7819.80879938819
58688,31.58775993812474,1333.759999999069,7819.848417999472
58689,31.58775993812474,1333.7799999990689,7819.888036288814
58690,31.58775993812474,1333.7999999990689,7819.927654256205
58691,31.58775993812474,1333.8199999990688,7819.967271901634
58692,31.58775993812474,1333.8399999990688,7820.006889225087
58693,31.58775993812474,1333.8599999990688,7820.046506226452
58694,31.58775993812474,1333.8799999990688,7820.086122905659
58695,31.58775993812474,1333.8999999990688,7820.125739263106
58696,31.58775993812474,1333.9199999990688,7820.165355299283
58697,31.58775993812474,1333.9399999990687,7820.204971014189
58698,31.58775993812474,1333.9599999990687,7820.2445864078145
58699,31.58775993812474,1333.9799999990687,7820.284201480148
58700,31.58775993812474,1333.9999999990687,7820.323816231179
58701,31.58775993812474,1334.0199999990687,7820.363430660897
58702,31.58775993812474,1334.0399999990686,7820.403044769293
58703,31.58775993812474,1334.0599999990686,7820.442658556354
58704,31.58775993812474,1334.0799999990686,7820.482272022072
58705,31.58775993812474,1334.0999999990686,7820.521885166434
58706,31.58775993812474,1334.1199999990686,7820.561497989431
58707,31.58775993812474,1334.1399999990686,7820.601110491052
58708,31.58775993812474,1334.1599999990685,7820.640722671286
58709,31.58775993812474,1334.1799999990685,7820.680334530124
58710,31.58775993812474,1334.1999999990685,7820.719946067554
58711,31.58775993812474,1334.2199999990685,7820.759557283565
58712,31.58775993812474,1334.2399999990685,7820.799168178149
58713,31.58775993812474,1334.2599999990684,7820.838778751293
58714,31.58775993812474,1334.2799999990684,7820.878389002987
58715,31.58775993812474,1334.2999999990684,7820.9179989332215
58716,31.58775993812474,1334.3199999990684,7820.957608541985
58717,31.58775993812474,1334.3399999990684,7820.997217829266
58718,31.58775993812474,1334.3599999990684,7821.036826795056
58719,31.58775993812474,1334.3799999990683,7821.076435439344
58720,31.58775993812474,1334.3999999990683,7821.116043762118
58721,31.58775993812474,1334.4199999990683,7821.15565176337
58722,31.58775993812474,1334.4399999990683,7821.195259443087
58723,31.58775993812474,1334.4599999990683,7821.234866801259
58724,31.58775993812474,1334.4799999990682,7821.274473837877
58725,31.58775993812474,1334.4999999990682,7821.314080552929
58726,31.58775993812474,1334.5199999990682,7821.353686946405
58727,31.58775993812474,1334.5399999990682,7821.393293018294
58728,31.58775993812474,1334.5599999990682,7821.432898768585
58729,31.58775993812474,1334.5799999990681,7821.472504197269
58730,31.58775993812474,1334.5999999990681,7821.512109304334
58731,31.58775993812474,1334.619999999068,7821.551714089771
58732,31.58775993812474,1334.639999999068,7821.591318553568
58733,31.58775993812474,1334.659999999068,7821.6309226957155
58734,31.58775993812474,1334.679999999068,7821.670526516203
58735,31.58775993812474,1334.699999999068,7821.710130015019
58736,31.58775993812474,1334.719999999068,7821.749733192153
58737,31.58775993812474,1334.739999999068,7821.7893360475955
58738,31.58775993812474,1334.759999999068,7821.828938581335
58739,31.58775993812474,1334.779999999068,7821.868540793362
58740,31.58775993812474,1334.799999999068,7821.908142683665
58741,31.58775993812474,1334.819999999068,7821.947744252233
58742,31.58775993812474,1334.839999999068,7821.987345499057
58743,31.58775993812474,1334.859999999068,7822.026946424125
58744,31.58775993812474,1334.8799999990679,7822.066547027427
58745,31.58775993812474,1334.8999999990679,7822.106147308953
58746,31.58775993812474,1334.9199999990678,7822.145747269155
58747,31.58775993812474,1334.9399999990678,7822.18534690848
58748,31.58775993812474,1334.9599999990678,7822.224946226916
58749,31.58775993812474,1334.9799999990678,7822.264545224452
58750,31.58775993812474,1334.9999999990678,7822.30414390108
58751,31.58775993812474,1335.0199999990677,7822.343742256789
58752,31.58775993812474,1335.0399999990677,7822.383340291566
58753,31.58775993812474,1335.0599999990677,7822.422938005402
58754,31.58775993812474,1335.0799999990677,7822.462535398287
58755,31.58775993812474,1335.0999999990677,7822.50213247021
58756,31.58775993812474,1335.1199999990677,7822.5417292211605
58757,31.58775993812474,1335.1399999990676,7822.581325651127
58758,31.58775993812474,1335.1599999990676,7822.620921760101
58759,31.58775993812474,1335.1799999990676,7822.66051754807
58760,31.58775993812474,1335.1999999990676,7822.700113015025
58761,31.58775993812474,1335.2199999990676,7822.739708160954
58762,31.58775993812474,1335.2399999990675,7822.7793029858485
58763,31.58775993812474,1335.2599999990675,7822.818897489697
58764,31.58775993812474,1335.2799999990675,7822.858491672488
58765,31.58775993812474,1335.2999999990675,7822.8980855342115
58766,31.58775993812474,1335.3199999990675,7822.937679074857
58767,31.58775993812474,1335.3399999990675,7822.977272294415
58768,31.58775993812474,1335.3599999990674,7823.016865192874
58769,31.58775993812474,1335.3799999990674,7823.0564577702235
58770,31.58775993812474,1335.3999999990674,7823.096050026453
58771,31.58775993812474,1335.4199999990674,7823.135641961551
58772,31.58775993812474,1335.4399999990674,7823.175233575509
58773,31.58775993812474,1335.4599999990673,7823.214824868315
58774,31.58775993812474,1335.4799999990673,7823.25441583996
58775,31.58775993812474,1335.4999999990673,7823.2940064904315
58776,31.58775993812474,1335.5199999990673,7823.33359681972
58777,31.58775993812474,1335.5399999990673,7823.373186827815
58778,31.58775993812474,1335.5599999990673,7823.412776514705
58779,31.58775993812474,1335.5799999990672,7823.452365880381
58780,31.58775993812474,1335.5999999990672,7823.491954924832
58781,31.58775993812474,1335.6199999990672,7823.531543648047
58782,31.58775993812474,1335.6399999990672,7823.571132050016
58783,31.58775993812474,1335.6599999990672,7823.610720130728
58784,31.58775993812474,1335.6799999990671,7823.650307890172
58785,31.58775993812474,1335.6999999990671,7823.689895328339
58786,31.58775993812474,1335.719999999067,7823.729482445217
58787,31.58775993812474,1335.739999999067,7823.769069240797
58788,31.58775993812474,1335.759999999067,7823.808655715067
58789,31.58775993812474,1335.779999999067,7823.848241868018
58790,31.58775993812474,1335.799999999067,7823.8878276996375
58791,31.58775993812474,1335.819999999067,7823.927413209916
58792,31.58775993812474,1335.839999999067,7823.966998398843
58793,31.58775993812474,1335.859999999067,7824.006583266409
58794,31.58775993812474,1335.879999999067,7824.046167812601
58795,31.58775993812474,1335.899999999067,7824.085752037411
58796,31.58775993812474,1335.919999999067,7824.125335940838
58797,31.58775993812474,1335.939999999067,7824.1649195233795
58798,31.58775993812474,1335.959999999067,7824.2045027854265
58799,31.58775993812474,1335.9799999990669,7824.244085726969
58800,31.58775993812474,1335.9999999990669,7824.283668347998
58801,31.58775993812474,1336.0199999990668,7824.323250648502
58802,31.58775993812474,1336.0399999990668,7824.36283262847
58803,31.58775993812474,1336.0599999990668,7824.402414287892
58804,31.58775993812474,1336.0799999990668,7824.441995626757
58805,31.58775993812474,1336.0999999990668,7824.481576645055
58806,31.58775993812474,1336.1199999990667,7824.521157342775
58807,31.58775993812474,1336.1399999990667,7824.560737719908
58808,31.58775993812474,1336.1599999990667,7824.600317776441
58809,31.58775993812474,1336.1799999990667,7824.639897512367
58810,31.58775993812474,1336.1999999990667,7824.679476927671
58811,31.58775993812474,1336.2199999990667,7824.719056022346
58812,31.58775993812474,1336.2399999990666,7824.758634796381
58813,31.58775993812474,1336.2599999990666,7824.798213249764
58814,31.58775993812474,1336.2799999990666,7824.837791382485
58815,31.58775993812474,1336.2999999990666,7824.877369194534
58816,31.58775993812474,1336.3199999990666,7824.916946685901
58817,31.58775993812474,1336.3399999990665,7824.956523856575
58818,31.58775993812474,1336.3599999990665,7824.996100706544
58819,31.58775993812474,1336.3799999990665,7825.035677235799
58820,31.58775993812474,1336.3999999990665,7825.07525344433
58821,31.58775993812474,1336.4199999990665,7825.114829332126
58822,31.58775993812474,1336.4399999990665,7825.1544048991755
58823,31.58775993812474,1336.4599999990664,7825.193980145469
58824,31.58775993812474,1336.4799999990664,7825.233555070996
58825,31.58775993812474,1336.4999999990664,7825.273129675746
58826,31.58775993812474,1336.5199999990664,7825.3127039597075
58827,31.58775993812474,1336.5399999990664,7825.3522779228715
58828,31.58775993812474,1336.5599999990663,7825.391851565227
58829,31.58775993812474,1336.5799999990663,7825.431424886762
58830,31.58775993812474,1336.5999999990663,7825.470997887468
58831,31.58775993812474,1336.6199999990663,7825.510570567334
58832,31.58775993812474,1336.6399999990663,7825.550142926349
58833,31.58775993812474,1336.6599999990663,7825.5897149645025
58834,31.58775993812474,1336.6799999990662,7825.629286681785
58835,31.58775993812474,1336.6999999990662,7825.668858078185
58836,31.58775993812474,1336.7199999990662,7825.708429153691
58837,31.58775993812474,1336.7399999990662,7825.747999908294
58838,31.58775993812474,1336.7599999990662,7825.787570341984
58839,31.58775993812474,1336.7799999990661,7825.8271404547495
58840,31.58775993812474,1336.7999999990661,7825.866710246581
58841,31.58775993812474,1336.819999999066,7825.906279717466
58842,31.58775993812474,1336.839999999066,7825.945848867395
58843,31.58775993812474,1336.859999999066,7825.985417696359
58844,31.58775993812474,1336.879999999066,7826.024986204346
58845,31.58775993812474,1336.899999999066,7826.064554391345
58846,31.58775993812474,1336.919999999066,7826.104122257347
58847,31.58775993812474,1336.939999999066,7826.143689802363
58848,31.58775993812474,1336.959999999066,7826.18325702696
58849,31.58775993812474,1336.979999999066,7826.222823931493
58850,31.58775993812474,1336.999999999066,7826.26239051595
58851,31.58775993812474,1337.019999999066,7826.301956780321
58852,31.58775993812474,1337.039999999066,7826.341522724596
58853,31.58775993812474,1337.059999999066,7826.381088348764
58854,31.58775993812474,1337.0799999990659,7826.420653652814
58855,31.58775993812474,1337.0999999990659,7826.460218636734
58856,31.58775993812474,1337.1199999990658,7826.4997833005145
58857,31.58775993812474,1337.1399999990658,7826.539347644145
58858,31.58775993812474,1337.1599999990658,7826.578911667613
58859,31.58775993812474,1337.1799999990658,7826.618475370909
58860,31.58775993812474,1337.1999999990658,7826.658038754023
58861,31.58775993812474,1337.2199999990657,7826.6976018169435
58862,31.58775993812474,1337.2399999990657,7826.737164559659
58863,31.58775993812474,1337.2599999990657,7826.776726982159
58864,31.58775993812474,1337.2799999990657,7826.816289084432
58865,31.58775993812474,1337.2999999990657,7826.855850866469
58866,31.58775993812474,1337.3199999990657,7826.895412328258
58867,31.58775993812474,1337.3399999990656,7826.934973469789
58868,31.58775993812474,1337.3599999990656,7826.97453429105
58869,31.58775993812474,1337.3799999990656,7827.014094792031
58870,31.58775993812474,1337.3999999990656,7827.053654972721
58871,31.58775993812474,1337.4199999990656,7827.093214833109
58872,31.58775993812474,1337.4399999990655,7827.132774373185
58873,31.58775993812474,1337.4599999990655,7827.172333592938
58874,31.58775993812474,1337.4799999990655,7827.211892492357
58875,31.58775993812474,1337.4999999990655,7827.251451071431
58876,31.58775993812474,1337.5199999990655,7827.291009330149
58877,31.58775993812474,1337.5399999990655,7827.3305672685
58878,31.58775993812474,1337.5599999990654,7827.3701248864745
58879,31.58775993812474,1337.5799999990654,7827.40968218406
58880,31.58775993812474,1337.5999999990654,7827.4492391612475
58881,31.58775993812474,1337.6199999990654,7827.488795818025
58882,31.58775993812474,1337.6399999990654,7827.528352154382
58883,31.58775993812474,1337.6599999990653,7827.567908170308
58884,31.58775993812474,1337.6799999990653,7827.607463865792
58885,31.58775993812474,1337.6999999990653,7827.647019240823
58886,31.58775993812474,1337.7199999990653,7827.6865742953905
58887,31.58775993812474,1337.7399999990653,7827.726129029484
58888,31.58775993812474,1337.7599999990653,7827.765683443092
58889,31.58775993812474,1337.7799999990652,7827.805237536203
58890,31.58775993812474,1337.7999999990652,7827.8447913088075
58891,31.58775993812474,1337.8199999990652,7827.884344760895
58892,31.58775993812474,1337.8399999990652,7827.923897892454
58893,31.547115024398156,1337.8599999990652,7827.963450703473
58894,31.547115024398156,1337.8799999990651,7828.003003193943
58895,31.547115024398156,1337.8999999990651,7828.042555363852
58896,31.547115024398156,1337.919999999065,7828.08210721319
58897,31.547115024398156,1337.939999999065,7828.121658741946
58898,31.547115024398156,1337.959999999065,7828.161209950142
58899,31.547115024398156,1337.979999999065,7828.200760838373
58900,31.547115024398156,1337.999999999065,7828.240311406929
58901,31.547115024398156,1338.019999999065,7828.279861655802
58902,31.547115024398156,1338.039999999065,7828.319411584981
58903,31.547115024398156,1338.059999999065,7828.358961194456
58904,31.547115024398156,1338.079999999065,7828.398510484217
58905,31.547115024398156,1338.099999999065,7828.438059454254
58906,31.547115024398156,1338.119999999065,7828.477608104557
58907,31.547115024398156,1338.139999999065,7828.517156435116
58908,31.547115024398156,1338.159999999065,7828.556704445921
58909,31.547115024398156,1338.1799999990649,7828.596252136963
58910,31.547115024398156,1338.1999999990649,7828.635799508231
58911,31.547115024398156,1338.2199999990648,7828.675346559715
58912,31.547115024398156,1338.2399999990648,7828.714893291404
58913,31.547115024398156,1338.2599999990648,7828.75443970329
58914,31.547115024398156,1338.2799999990648,7828.7939857953625
58915,31.547115024398156,1338.2999999990648,7828.833531567611
58916,31.547115024398156,1338.3199999990647,7828.873077020026
58917,31.547115024398156,1338.3399999990647,7828.912622152598
58918,31.547115024398156,1338.3599999990647,7828.952166965315
58919,31.547115024398156,1338.3799999990647,7828.9917114581685
58920,31.547115024398156,1338.3999999990647,7829.031255631148
58921,31.547115024398156,1338.4199999990647,7829.070799484244
58922,31.547115024398156,1338.4399999990646,7829.110343017447
58923,31.547115024398156,1338.4599999990646,7829.149886230746
58924,31.547115024398156,1338.4799999990646,7829.1894291241315
58925,31.547115024398156,1338.4999999990646,7829.228971697594
58926,31.547115024398156,1338.5199999990646,7829.268513951122
58927,31.547115024398156,1338.5399999990645,7829.308055884707
58928,31.547115024398156,1338.5599999990645,7829.3475974983385
58929,31.547115024398156,1338.5799999990645,7829.387138792006
58930,31.547115024398156,1338.5999999990645,7829.4266797657
58931,31.547115024398156,1338.6199999990645,7829.466220419411
58932,31.547115024398156,1338.6399999990645,7829.505760753128
58933,31.547115024398156,1338.6599999990644,7829.545300766842
58934,31.547115024398156,1338.6799999990644,7829.584840460543
58935,31.547115024398156,1338.6999999990644,7829.62437983422
58936,31.547115024398156,1338.7199999990644,7829.663918887864
58937,31.547115024398156,1338.7399999990644,7829.703457621465
58938,31.547115024398156,1338.7599999990643,7829.742996035012
58939,31.547115024398156,1338.7799999990643,7829.782534128496
58940,31.547115024398156,1338.7999999990643,7829.822071901906
58941,31.547115024398156,1338.8199999990643,7829.861609355234
58942,31.547115024398156,1338.8399999990643,7829.901146488468
58943,31.547115024398156,1338.8599999990643,7829.940683301599
58944,31.547115024398156,1338.8799999990642,7829.980219794617
58945,31.547115024398156,1338.8999999990642,7830.019755967493
58946,31.547115024398156,1338.9199999990642,7830.0592918200355
58947,31.547115024398156,1338.9399999990642,7830.098827352214
58948,31.547115024398156,1338.9599999990642,7830.13836256402
58949,31.547115024398156,1338.9799999990641,7830.177897455483
58950,31.547115024398156,1338.9999999990641,7830.2174320271815
58951,31.547115024398156,1339.019999999064,7830.256966279329
58952,31.547115024398156,1339.039999999064,7830.296500211915
58953,31.547115024398156,1339.059999999064,7830.336033824929
58954,31.547115024398156,1339.079999999064,7830.37556711836
58955,31.547115024398156,1339.099999999064,7830.4151000921975
58956,31.547115024398156,1339.119999999064,7830.454632746432
58957,31.547115024398156,1339.139999999064,7830.494165081052
58958,31.547115024398156,1339.159999999064,7830.533697096049
58959,31.547115024398156,1339.179999999064,7830.57322879141
58960,31.547115024398156,1339.199999999064,7830.612760167126
58961,31.547115024398156,1339.219999999064,7830.652291223187
58962,31.547115024398156,1339.239999999064,7830.691821959581
58963,31.547115024398156,1339.259999999064,7830.731352376299
58964,31.547115024398156,1339.2799999990639,7830.77088247333
58965,31.547115024398156,1339.2999999990639,7830.810412250664
58966,31.547115024398156,1339.3199999990638,7830.849941708289
58967,31.547115024398156,1339.3399999990638,7830.889470846197
58968,31.547115024398156,1339.3599999990638,7830.928999664376
58969,31.547115024398156,1339.3799999990638,7830.968528162815
58970,31.547115024398156,1339.3999999990638,7831.008056341506
58971,31.547115024398156,1339.4199999990637,7831.047584200436
58972,31.547115024398156,1339.4399999990637,7831.087111739596
58973,31.547115024398156,1339.4599999990637,7831.1266389589755
58974,31.547115024398156,1339.4799999990637,7831.1661658585635
58975,31.547115024398156,1339.4999999990637,7831.20569243835
58976,31.547115024398156,1339.5199999990637,7831.245218698324
58977,31.547115024398156,1339.5399999990636,7831.284744638476
58978,31.547115024398156,1339.5599999990636,7831.324270258795
58979,31.547115024398156,1339.5799999990636,7831.36379555927
58980,31.547115024398156,1339.5999999990636,7831.403320539892
58981,31.547115024398156,1339.6199999990636,7831.44284520065
58982,31.547115024398156,1339.6399999990635,7831.4823695415325
58983,31.547115024398156,1339.6599999990635,7831.52189356253
58984,31.547115024398156,1339.6799999990635,7831.5614172636315
58985,31.547115024398156,1339.6999999990635,7831.6009406448275
58986,31.547115024398156,1339.7199999990635,7831.640463706107
58987,31.547115024398156,1339.7399999990635,7831.67998644746
58988,31.547115024398156,1339.7599999990634,7831.719508868875
58989,31.547115024398156,1339.7799999990634,7831.759030970343
58990,31.547115024398156,1339.7999999990634,7831.798552751852
58991,31.547115024398156,1339.8199999990634,7831.838074213393
58992,31.547115024398156,1339.8399999990634,7831.877595354956
58993,31.547115024398156,1339.8599999990633,7831.917116176529
58994,31.547115024398156,1339.8799999990633,7831.956636678102
58995,31.547115024398156,1339.8999999990633,7831.996156859665
58996,31.547115024398156,1339.9199999990633,7832.035676721206
58997,31.547115024398156,1339.9399999990633,7832.075196262717
58998,31.547115024398156,1339.9599999990633,7832.1147154841865
58999,31.547115024398156,1339.9799999990632,7832.154234385604
59000,31.547115024398156,1339.9999999990632,7832.193752967013
59001,31.547115024398156,1340.0199999990632,7832.233271229075
59002,31.547115024398156,1340.0399999990632,7832.272789171964
59003,31.547115024398156,1340.0599999990632,7832.312306795669
59004,31.547115024398156,1340.0799999990631,7832.35182410018
59005,31.547115024398156,1340.0999999990631,7832.391341085487
59006,31.547115024398156,1340.119999999063,7832.4308577515785
59007,31.547115024398156,1340.139999999063,7832.470374098445
59008,31.547115024398156,1340.159999999063,7832.509890126075
59009,31.547115024398156,1340.179999999063,7832.549405834459
59010,31.547115024398156,1340.199999999063,7832.588921223587
59011,31.547115024398156,1340.219999999063,7832.6284362934475
59012,31.547115024398156,1340.239999999063,7832.667951044031
59013,31.547115024398156,1340.259999999063,7832.707465475326
59014,31.547115024398156,1340.279999999063,7832.746979587323
59015,31.547115024398156,1340.299999999063,7832.786493380012
59016,31.547115024398156,1340.319999999063,7832.826006853382
59017,31.547115024398156,1340.339999999063,7832.865520007422
59018,31.547115024398156,1340.359999999063,7832.905032842122
59019,31.547115024398156,1340.3799999990629,7832.944545357472
59020,31.547115024398156,1340.3999999990629,7832.984057553461
59021,31.547115024398156,1340.4199999990628,7833.023569430079
59022,31.547115024398156,1340.4399999990628,7833.0630809873155
59023,31.547115024398156,1340.4599999990628,7833.10259222516
59024,31.547115024398156,1340.4799999990628,7833.142103143602
59025,31.547115024398156,1340.4999999990628,7833.181613742631
59026,31.547115024398156,1340.5199999990627,7833.221124022237
59027,31.547115024398156,1340.5399999990627,7833.260633982409
59028,31.547115024398156,1340.5599999990627,7833.300143623137
59029,31.547115024398156,1340.5799999990627,7833.339652944411
59030,31.547115024398156,1340.5999999990627,7833.37916194622
59031,31.547115024398156,1340.6199999990627,7833.418670628554
59032,31.547115024398156,1340.6399999990626,7833.458178991402
59033,31.547115024398156,1340.6599999990626,7833.497687034754
59034,31.547115024398156,1340.6799999990626,7833.537194758599
59035,31.547115024398156,1340.6999999990626,7833.576702162927
59036,31.547115024398156,1340.7199999990626,7833.616209247728
59037,31.547115024398156,1340.7399999990625,7833.655716012991
59038,31.547115024398156,1340.7599999990625,7833.695222458707
59039,31.547115024398156,1340.7799999990625,7833.734728584863
59040,31.547115024398156,1340.7999999990625,7833.77423439145
59041,31.547115024398156,1340.8199999990625,7833.813739878457
59042,31.547115024398156,1340.8399999990625,7833.853245045875
59043,31.547115024398156,1340.8599999990624,7833.892749893693
59044,31.547115024398156,1340.8799999990624,7833.9322544219
59045,31.547115024398156,1340.8999999990624,7833.971758630487
59046,31.547115024398156,1340.9199999990624,7834.0112625194415
59047,31.547115024398156,1340.9399999990624,7834.050766088754
59048,31.547115024398156,1340.9599999990623,7834.090269338415
59049,31.547115024398156,1340.9799999990623,7834.129772268413
59050,31.547115024398156,1340.9999999990623,7834.169274878737
59051,31.547115024398156,1341.0199999990623,7834.208777169443
59052,31.547115024398156,1341.0399999990623,7834.248279141235
59053,31.547115024398156,1341.0599999990623,7834.287780794232
59054,31.547115024398156,1341.0799999990622,7834.327282128425
59055,31.547115024398156,1341.0999999990622,7834.366783143803
59056,31.547115024398156,1341.1199999990622,7834.406283840356
59057,31.547115024398156,1341.1399999990622,7834.445784218073
59058,31.547115024398156,1341.1599999990622,7834.485284276943
59059,31.547115024398156,1341.1799999990621,7834.524784016958
59060,31.547115024398156,1341.1999999990621,7834.564283438105
59061,31.547115024398156,1341.219999999062,7834.603782540375
59062,31.547115024398156,1341.239999999062,7834.643281323757
59063,31.547115024398156,1341.259999999062,7834.682779788241
59064,31.547115024398156,1341.279999999062,7834.722277933816
59065,31.547115024398156,1341.299999999062,7834.761775760473
59066,31.547115024398156,1341.319999999062,7834.8012732682
59067,31.547115024398156,1341.339999999062,7834.840770456987
59068,31.547115024398156,1341.359999999062,7834.880267326825
59069,31.547115024398156,1341.379999999062,7834.919763877701
59070,31.547115024398156,1341.399999999062,7834.959260109607
59071,31.547115024398156,1341.419999999062,7834.998756022532
59072,31.547115024398156,1341.439999999062,7835.038251616465
59073,31.547115024398156,1341.459999999062,7835.077746891395
59074,31.547115024398156,1341.4799999990619,7835.1172418473125
59075,31.547115024398156,1341.4999999990619,7835.156736484208
59076,31.547115024398156,1341.5199999990618,7835.196230802069
59077,31.547115024398156,1341.5399999990618,7835.2357248008875
59078,31.547115024398156,1341.5599999990618,7835.275218480651
59079,31.547115024398156,1341.5799999990618,7835.314711841351
59080,31.547115024398156,1341.5999999990618,7835.354204882975
59081,31.547115024398156,1341.6199999990617,7835.393697605514
59082,31.547115024398156,1341.6399999990617,7835.433190008957
59083,31.547115024398156,1341.6599999990617,7835.472682093295
59084,31.547115024398156,1341.6799999990617,7835.512173858516
59085,31.547115024398156,1341.6999999990617,7835.55166530461
59086,31.547115024398156,1341.7199999990617,7835.591156431567
59087,31.547115024398156,1341.7399999990616,7835.630647239375
59088,31.547115024398156,1341.7599999990616,7835.670137728026
59089,31.547115024398156,1341.7799999990616,7835.709627897509
59090,31.547115024398156,1341.7999999990616,7835.749117747812
59091,31.547115024398156,1341.8199999990616,7835.788607278927
59092,31.547115024398156,1341.8399999990615,7835.828096490842
59093,31.547115024398156,1341.8599999990615,7835.867585383547
59094,31.547115024398156,1341.8799999990615,7835.907073957031
59095,31.547115024398156,1341.8999999990615,7835.946562211284
59096,31.547115024398156,1341.9199999990615,7835.986050146296
59097,31.547115024398156,1341.9399999990615,7836.025537762057
59098,31.547115024398156,1341.9599999990614,7836.065025058556
59099,31.547115024398156,1341.9799999990614,7836.104512035782
59100,31.547115024398156,1341.9999999990614,7836.143998693726
59101,31.547115024398156,1342.0199999990614,7836.183485032376
59102,31.547115024398156,1342.0399999990614,7836.222971051798
59103,31.547115024398156,1342.0599999990613,7836.262456752739
59104,31.547115024398156,1342.0799999990613,7836.3019421352665
59105,31.547115024398156,1342.0999999990613,7836.34142719937
59106,31.547115024398156,1342.1199999990613,7836.380911945038
59107,31.547115024398156,1342.1399999990613,7836.420396372261
59108,31.547115024398156,1342.1599999990613,7836.459880481028
59109,31.547115024398156,1342.1799999990612,7836.49936427133
59110,31.547115024398156,1342.1999999990612,7836.538847743155
59111,31.547115024398156,1342.2199999990612,7836.578330896494
59112,31.547115024398156,1342.2399999990612,7836.617813731335
59113,31.547115024398156,1342.2599999990612,7836.657296247669
59114,31.547115024398156,1342.2799999990611,7836.6967784454855
59115,31.547115024398156,1342.2999999990611,7836.736260324774
59116,31.547115024398156,1342.319999999061,7836.7757418855235
59117,31.547115024398156,1342.339999999061,7836.815223127724
59118,31.547115024398156,1342.359999999061,7836.854704051365
59119,31.547115024398156,1342.379999999061,7836.894184656436
59120,31.547115024398156,1342.399999999061,7836.933664942927
59121,31.547115024398156,1342.419999999061,7836.973144910828
59122,31.547115024398156,1342.439999999061,7837.012624560128
59123,31.547115024398156,1342.459999999061,7837.052103890816
59124,31.547115024398156,1342.479999999061,7837.091582902884
59125,31.547115024398156,1342.499999999061,7837.131061596318
59126,31.547115024398156,1342.519999999061,7837.170539971111
59127,31.547115024398156,1342.539999999061,7837.21001802725
59128,31.547115024398156,1342.559999999061,7837.249495764726
59129,31.547115024398156,1342.5799999990609,7837.2889731835285
59130,31.547115024398156,1342.5999999990609,7837.328450283648
59131,31.547115024398156,1342.6199999990608,7837.367927065072
59132,31.547115024398156,1342.6399999990608,7837.407403527792
59133,31.547115024398156,1342.6599999990608,7837.4468796717965
59134,31.547115024398156,1342.6799999990608,7837.486355497076
59135,31.547115024398156,1342.6999999990608,7837.52583100362
59136,31.547115024398156,1342.7199999990607,7837.565306191417
59137,31.547115024398156,1342.7399999990607,7837.604781060458
59138,31.547115024398156,1342.7599999990607,7837.644255610731
59139,31.547115024398156,1342.7799999990607,7837.683729842228
59140,31.547115024398156,1342.7999999990607,7837.723203754937
59141,31.547115024398156,1342.8199999990607,7837.762677348847
59142,31.547115024398156,1342.8399999990606,7837.802150623949
59143,31.547115024398156,1342.8599999990606,7837.841623580232
59144,31.547115024398156,1342.8799999990606,7837.881096217686
59145,31.547115024398156,1342.8999999990606,7837.9205685363
59146,31.547115024398156,1342.9199999990606,7837.960040536064
59147,31.547115024398156,1342.9399999990605,7837.9995122169685
59148,31.547115024398156,1342.9599999990605,7838.038983579001
59149,31.547115024398156,1342.9799999990605,7838.078454622153
59150,31.547115024398156,1342.9999999990605,7838.117925346413
59151,31.547115024398156,1343.0199999990605,7838.157395751772
59152,31.547115024398156,1343.0399999990605,7838.196865838218
59153,31.547115024398156,1343.0599999990604,7838.236335605882
59154,31.547115024398156,1343.0799999990604,7838.275805055531
59155,31.547115024398156,1343.0999999990604,7838.315274187227
59156,31.547115024398156,1343.1199999990604,7838.354743000959
59157,31.547115024398156,1343.1399999990604,7838.394211496717
59158,31.547115024398156,1343.1599999990603,7838.433679674489
59159,31.547115024398156,1343.1799999990603,7838.473147534267
59160,31.547115024398156,1343.1999999990603,7838.51261507604
59161,31.547115024398156,1343.2199999990603,7838.552082299797
59162,31.547115024398156,1343.2399999990603,7838.591549205527
59163,31.547115024398156,1343.2599999990603,7838.631015793222
59164,31.547115024398156,1343.2799999990602,7838.67048206287
59165,31.547115024398156,1343.2999999990602,7838.709948014461
59166,31.547115024398156,1343.3199999990602,7838.7494136479845
59167,31.547115024398156,1343.3399999990602,7838.78887896343
59168,31.547115024398156,1343.3599999990602,7838.828343960788
59169,31.547115024398156,1343.3799999990601,7838.867808640047
59170,31.547115024398156,1343.3999999990601,7838.907273001198
59171,31.547115024398156,1343.41999999906,7838.946737044229
59172,31.547115024398156,1343.43999999906,7838.986200769131
59173,31.547115024398156,1343.45999999906,7839.025664175892
59174,31.547115024398156,1343.47999999906,7839.065127264504
59175,31.547115024398156,1343.49999999906,7839.1045900349545
59176,31.547115024398156,1343.51999999906,7839.144052487235
59177,31.547115024398156,1343.53999999906,7839.183514621334
59178,31.547115024398156,1343.55999999906,7839.222976437241
59179,31.547115024398156,1343.57999999906,7839.262437934947
59180,31.547115024398156,1343.59999999906,7839.301899114441
59181,31.547115024398156,1343.61999999906,7839.341359975711
59182,31.506557201000923,1343.63999999906,7839.380820518749
59183,31.506557201000923,1343.65999999906,7839.420280743543
59184,31.506557201000923,1343.6799999990599,7839.459740650083
59185,31.506557201000923,1343.6999999990599,7839.49920023836
59186,31.506557201000923,1343.7199999990598,7839.538659508362
59187,31.506557201000923,1343.7399999990598,7839.578118460079
59188,31.506557201000923,1343.7599999990598,7839.6175770935015
59189,31.506557201000923,1343.7799999990598,7839.657035408619
59190,31.506557201000923,1343.7999999990598,7839.69649340542
59191,31.506557201000923,1343.8199999990597,7839.735951083896
59192,31.506557201000923,1343.8399999990597,7839.775408444035
59193,31.506557201000923,1343.8599999990597,7839.814865485827
59194,31.506557201000923,1343.8799999990597,7839.854322209262
59195,31.506557201000923,1343.8999999990597,7839.89377861433
59196,31.506557201000923,1343.9199999990597,7839.9332347010195
59197,31.506557201000923,1343.9399999990596,7839.972690469321
59198,31.506557201000923,1343.9599999990596,7840.012145919214
59199,31.506557201000923,1343.9799999990596,7840.051601050555
59200,31.506557201000923,1343.9999999990596,7840.091055863287
59201,31.506557201000923,1344.0199999990596,7840.130510357399
59202,31.506557201000923,1344.0399999990595,7840.169964532881
59203,31.506557201000923,1344.0599999990595,7840.209418389723
59204,31.506557201000923,1344.0799999990595,7840.248871928078
59205,31.506557201000923,1344.0999999990595,7840.2883251485355
59206,31.506557201000923,1344.1199999990595,7840.327778051134
59207,31.506557201000923,1344.1399999990595,7840.367230635865
59208,31.506557201000923,1344.1599999990594,7840.406682902716
59209,31.506557201000923,1344.1799999990594,7840.446134851678
59210,31.506557201000923,1344.1999999990594,7840.48558648274
59211,31.506557201000923,1344.2199999990594,7840.525037795891
59212,31.506557201000923,1344.2399999990594,7840.564488791122
59213,31.506557201000923,1344.2599999990593,7840.603939468422
59214,31.506557201000923,1344.2799999990593,7840.64338982778
59215,31.506557201000923,1344.2999999990593,7840.682839869187
59216,31.506557201000923,1344.3199999990593,7840.722289592631
59217,31.506557201000923,1344.3399999990593,7840.761738998102
59218,31.506557201000923,1344.3599999990593,7840.801188085591
59219,31.506557201000923,1344.3799999990592,7840.840636855086
59220,31.506557201000923,1344.3999999990592,7840.880085306578
59221,31.506557201000923,1344.4199999990592,7840.919533440055
59222,31.506557201000923,1344.4399999990592,7840.958981255508
59223,31.506557201000923,1344.4599999990592,7840.998428752926
59224,31.506557201000923,1344.4799999990591,7841.037875932298
59225,31.506557201000923,1344.4999999990591,7841.077322793615
59226,31.506557201000923,1344.519999999059,7841.116769336866
59227,31.506557201000923,1344.539999999059,7841.15621556204
59228,31.506557201000923,1344.559999999059,7841.195661469128
59229,31.506557201000923,1344.579999999059,7841.235107058118
59230,31.506557201000923,1344.599999999059,7841.2745523290005
59231,31.506557201000923,1344.619999999059,7841.313997281765
59232,31.506557201000923,1344.639999999059,7841.353441916402
59233,31.506557201000923,1344.659999999059,7841.392886232899
59234,31.506557201000923,1344.679999999059,7841.432330231248
59235,31.506557201000923,1344.699999999059,7841.471773911437
59236,31.506557201000923,1344.719999999059,7841.511217273455
59237,31.506557201000923,1344.739999999059,7841.550660317294
59238,31.506557201000923,1344.759999999059,7841.590103042942
59239,31.506557201000923,1344.7799999990589,7841.629545450389
59240,31.506557201000923,1344.7999999990589,7841.668987539624
59241,31.506557201000923,1344.8199999990588,7841.708429310638
59242,31.506557201000923,1344.8399999990588,7841.74787076342
59243,31.506557201000923,1344.8599999990588,7841.787311897959
59244,31.506557201000923,1344.8799999990588,7841.826752714244
59245,31.506557201000923,1344.8999999990588,7841.866193212267
59246,31.506557201000923,1344.9199999990587,7841.905633392016
59247,31.506557201000923,1344.9399999990587,7841.945073253481
59248,31.506557201000923,1344.9599999990587,7841.984512796651
59249,31.506557201000923,1344.9799999990587,7842.023952021516
59250,31.506557201000923,1344.9999999990587,7842.063390928067
59251,31.506557201000923,1345.0199999990587,7842.102829516291
59252,31.506557201000923,1345.0399999990586,7842.14226778618
59253,31.506557201000923,1345.0599999990586,7842.181705737722
59254,31.506557201000923,1345.0799999990586,7842.221143370907
59255,31.506557201000923,1345.0999999990586,7842.260580685957
59256,31.506557201000923,1345.1199999990586,7842.300017683481
59257,31.506557201000923,1345.1399999990585,7842.339454363511
59258,31.506557201000923,1345.1599999990585,7842.378890726037
59259,31.506557201000923,1345.1799999990585,7842.418326771048
59260,31.506557201000923,1345.1999999990585,7842.457762498533
59261,31.506557201000923,1345.2199999990585,7842.497197908483
59262,31.506557201000923,1345.2399999990585,7842.5366330008865
59263,31.506557201000923,1345.2599999990584,7842.5760677757335
59264,31.506557201000923,1345.2799999990584,7842.615502233014
59265,31.506557201000923,1345.2999999990584,7842.654936372717
59266,31.506557201000923,1345.3199999990584,7842.694370194832
59267,31.506557201000923,1345.3399999990584,7842.733803699349
59268,31.506557201000923,1345.3599999990583,7842.773236886257
59269,31.506557201000923,1345.3799999990583,7842.812669755546
59270,31.506557201000923,1345.3999999990583,7842.852102307206
59271,31.506557201000923,1345.4199999990583,7842.891534541226
59272,31.506557201000923,1345.4399999990583,7842.930966457596
59273,31.506557201000923,1345.4599999990583,7842.9703980563045
59274,31.506557201000923,1345.4799999990582,7843.009829337342
59275,31.506557201000923,1345.4999999990582,7843.049260300698
59276,31.506557201000923,1345.5199999990582,7843.088690946362
59277,31.506557201000923,1345.5399999990582,7843.128121274322
59278,31.506557201000923,1345.5599999990582,7843.16755128457
59279,31.506557201000923,1345.5799999990581,7843.206980977095
59280,31.506557201000923,1345.5999999990581,7843.246410351885
59281,31.506557201000923,1345.619999999058,7843.285839408931
59282,31.506557201000923,1345.639999999058,7843.325268148222
59283,31.506557201000923,1345.659999999058,7843.364696569748
59284,31.506557201000923,1345.679999999058,7843.404124673499
59285,31.506557201000923,1345.699999999058,7843.443552459463
59286,31.506557201000923,1345.719999999058,7843.48297992763
59287,31.506557201000923,1345.739999999058,7843.522407077991
59288,31.506557201000923,1345.759999999058,7843.561833910535
59289,31.506557201000923,1345.779999999058,7843.60126042525
59290,31.506557201000923,1345.799999999058,7843.640686622128
59291,31.506557201000923,1345.819999999058,7843.680112501156
59292,31.506557201000923,1345.839999999058,7843.719538062325
59293,31.506557201000923,1345.859999999058,7843.758963305625
59294,31.506557201000923,1345.8799999990579,7843.798388231045
59295,31.506557201000923,1345.8999999990579,7843.837812838574
59296,31.506557201000923,1345.9199999990578,7843.877237128202
59297,31.506557201000923,1345.9399999990578,7843.916661099919
59298,31.506557201000923,1345.9599999990578,7843.956084753715
59299,31.506557201000923,1345.9799999990578,7843.995508089578
59300,31.506557201000923,1345.9999999990578,7844.034931107499
59301,31.506557201000923,1346.0199999990577,7844.074353807467
59302,31.506557201000923,1346.0399999990577,7844.113776189471
59303,31.506557201000923,1346.0599999990577,7844.153198253501
59304,31.506557201000923,1346.0799999990577,7844.192619999547
59305,31.506557201000923,1346.0999999990577,7844.232041427598
59306,31.506557201000923,1346.1199999990577,7844.271462537929
59307,31.506557201000923,1346.1399999990576,7844.31088333111
59308,31.506557201000923,1346.1599999990576,7844.350303807161
59309,31.506557201000923,1346.1799999990576,7844.389723966073
59310,31.506557201000923,1346.1999999990576,7844.429143807834
59311,31.506557201000923,1346.2199999990576,7844.468563332435
59312,31.506557201000923,1346.2399999990575,7844.507982539866
59313,31.506557201000923,1346.2599999990575,7844.547401430115
59314,31.506557201000923,1346.2799999990575,7844.586820003173
59315,31.506557201000923,1346.2999999990575,7844.6262382590285
59316,31.506557201000923,1346.3199999990575,7844.6656561976715
59317,31.506557201000923,1346.3399999990575,7844.705073819092
59318,31.506557201000923,1346.3599999990574,7844.744491123279
59319,31.506557201000923,1346.3799999990574,7844.783908110222
59320,31.506557201000923,1346.3999999990574,7844.823324779911
59321,31.506557201000923,1346.4199999990574,7844.862741132335
59322,31.506557201000923,1346.4399999990574,7844.902157167484
59323,31.506557201000923,1346.4599999990573,7844.941572885347
59324,31.506557201000923,1346.4799999990573,7844.9809882859145
59325,31.506557201000923,1346.4999999990573,7845.020403369175
59326,31.506557201000923,1346.5199999990573,7845.05981813512
59327,31.506557201000923,1346.5399999990573,7845.099232583737
59328,31.506557201000923,1346.5599999990573,7845.138646715016
59329,31.506557201000923,1346.5799999990572,7845.178060528947
59330,31.506557201000923,1346.5999999990572,7845.21747402552
59331,31.506557201000923,1346.6199999990572,7845.256887204723
59332,31.506557201000923,1346.6399999990572,7845.296300066548
59333,31.506557201000923,1346.6599999990572,7845.335712610982
59334,31.506557201000923,1346.6799999990571,7845.375124838017
59335,31.506557201000923,1346.6999999990571,7845.41453674764
59336,31.506557201000923,1346.719999999057,7845.453948339843
59337,31.506557201000923,1346.739999999057,7845.493359614614
59338,31.506557201000923,1346.759999999057,7845.532770571943
59339,31.506557201000923,1346.779999999057,7845.57218121182
59340,31.506557201000923,1346.799999999057,7845.611591534234
59341,31.506557201000923,1346.819999999057,7845.651001539175
59342,31.506557201000923,1346.839999999057,7845.690411226632
59343,31.506557201000923,1346.859999999057,7845.729820596595
59344,31.506557201000923,1346.879999999057,7845.769229649054
59345,31.506557201000923,1346.899999999057,7845.808638383998
59346,31.506557201000923,1346.919999999057,7845.848046801417
59347,31.506557201000923,1346.939999999057,7845.8874549013
59348,31.506557201000923,1346.959999999057,7845.9268626836365
59349,31.506557201000923,1346.9799999990569,7845.966270148417
59350,31.506557201000923,1346.9999999990569,7846.0056772956295
59351,31.506557201000923,1347.0199999990568,7846.045084125265
59352,31.506557201000923,1347.0399999990568,7846.084490637312
59353,31.506557201000923,1347.0599999990568,7846.123896831761
59354,31.506557201000923,1347.0799999990568,7846.163302708602
59355,31.506557201000923,1347.0999999990568,7846.202708267823
59356,31.506557201000923,1347.1199999990567,7846.242113509415
59357,31.506557201000923,1347.1399999990567,7846.281518433705
59358,31.506557201000923,1347.1599999990567,7846.320923041222
59359,31.506557201000923,1347.1799999990567,7846.360327331978
59360,31.506557201000923,1347.1999999990567,7846.399731305962
59361,31.506557201000923,1347.2199999990567,7846.439134963163
59362,31.506557201000923,1347.2399999990566,7846.478538303571
59363,31.506557201000923,1347.2599999990566,7846.517941327176
59364,31.506557201000923,1347.2799999990566,7846.557344033968
59365,31.506557201000923,1347.2999999990566,7846.596746423935
59366,31.506557201000923,1347.3199999990566,7846.636148497068
59367,31.506557201000923,1347.3399999990565,7846.675550253355
59368,31.506557201000923,1347.3599999990565,7846.7149516927875
59369,31.506557201000923,1347.3799999990565,7846.754352815354
59370,31.506557201000923,1347.3999999990565,7846.793753621044
59371,31.506557201000923,1347.4199999990565,7846.833154109848
59372,31.506557201000923,1347.4399999990565,7846.872554281755
59373,31.506557201000923,1347.4599999990564,7846.9119541367545
59374,31.506557201000923,1347.4799999990564,7846.951353674836
59375,31.506557201000923,1347.4999999990564,7846.99075289599
59376,31.506557201000923,1347.5199999990564,7847.030151800205
59377,31.506557201000923,1347.5399999990564,7847.069550387471
59378,31.506557201000923,1347.5599999990563,7847.108948657778
59379,31.506557201000923,1347.5799999990563,7847.148346611114
59380,31.506557201000923,1347.5999999990563,7847.187744247471
59381,31.506557201000923,1347.6199999990563,7847.2271415668365
59382,31.506557201000923,1347.6399999990563,7847.266538569202
59383,31.506557201000923,1347.6599999990563,7847.305935254555
59384,31.506557201000923,1347.6799999990562,7847.345331622887
59385,31.506557201000923,1347.6999999990562,7847.384727674186
59386,31.506557201000923,1347.7199999990562,7847.424123408443
59387,31.506557201000923,1347.7399999990562,7847.463518825647
59388,31.506557201000923,1347.7599999990562,7847.502913925788
59389,31.506557201000923,1347.7799999990561,7847.542308708854
59390,31.506557201000923,1347.7999999990561,7847.581703174837
59391,31.506557201000923,1347.819999999056,7847.621097323724
59392,31.506557201000923,1347.839999999056,7847.660491155507
59393,31.506557201000923,1347.859999999056,7847.699884670174
59394,31.506557201000923,1347.879999999056,7847.739277867715
59395,31.506557201000923,1347.899999999056,7847.77867074812
59396,31.506557201000923,1347.919999999056,7847.818063311378
59397,31.506557201000923,1347.939999999056,7847.857455557479
59398,31.506557201000923,1347.959999999056,7847.896847486412
59399,31.506557201000923,1347.979999999056,7847.936239098168
59400,31.506557201000923,1347.999999999056,7847.975630392735
59401,31.506557201000923,1348.019999999056,7848.015021370104
59402,31.506557201000923,1348.039999999056,7848.054412030263
59403,31.506557201000923,1348.059999999056,7848.093802373203
59404,31.506557201000923,1348.0799999990559,7848.133192398914
59405,31.506557201000923,1348.0999999990559,7848.172582107383
59406,31.506557201000923,1348.1199999990558,7848.211971498603
59407,31.506557201000923,1348.1399999990558,7848.251360572561
59408,31.506557201000923,1348.1599999990558,7848.290749329641
59409,31.506557201000923,1348.1799999990558,7848.330137770329
59410,31.506557201000923,1348.1999999990558,7848.369525894628
59411,31.506557201000923,1348.2199999990557,7848.408913702526
59412,31.506557201000923,1348.2399999990557,7848.448301194013
59413,31.506557201000923,1348.2599999990557,7848.487688369079
59414,31.506557201000923,1348.2799999990557,7848.527075227713
59415,31.506557201000923,1348.2999999990557,7848.566461769905
59416,31.506557201000923,1348.3199999990557,7848.605847995645
59417,31.506557201000923,1348.3399999990556,7848.645233904921
59418,31.506557201000923,1348.3599999990556,7848.684619497724
59419,31.506557201000923,1348.3799999990556,7848.724004774044
59420,31.506557201000923,1348.3999999990556,7848.76338973387
59421,31.506557201000923,1348.4199999990556,7848.802774377192
59422,31.506557201000923,1348.4399999990555,7848.842158703999
59423,31.506557201000923,1348.4599999990555,7848.881542714282
59424,31.506557201000923,1348.4799999990555,7848.920926408028
59425,31.506557201000923,1348.4999999990555,7848.96030978523
59426,31.506557201000923,1348.5199999990555,7848.999692845875
59427,31.506557201000923,1348.5399999990555,7849.039075589953
59428,31.506557201000923,1348.5599999990554,7849.078458017455
59429,31.506557201000923,1348.5799999990554,7849.11784012837
59430,31.506557201000923,1348.5999999990554,7849.157221922686
59431,31.506557201000923,1348.6199999990554,7849.196603400395
59432,31.506557201000923,1348.6399999990554,7849.235984561486
59433,31.506557201000923,1348.6599999990553,7849.275365405947
59434,31.506557201000923,1348.6799999990553,7849.31474593377
59435,31.506557201000923,1348.6999999990553,7849.354126144943
59436,31.506557201000923,1348.7199999990553,7849.393506039456
59437,31.506557201000923,1348.7399999990553,7849.4328856173
59438,31.506557201000923,1348.7599999990553,7849.472264878463
59439,31.506557201000923,1348.7799999990552,7849.511643822934
59440,31.506557201000923,1348.7999999990552,7849.551022450705
59441,31.506557201000923,1348.8199999990552,7849.590400761764
59442,31.506557201000923,1348.8399999990552,7849.629778756101
59443,31.506557201000923,1348.8599999990552,7849.669156433705
59444,31.506557201000923,1348.8799999990551,7849.708533794567
59445,31.506557201000923,1348.8999999990551,7849.747910838676
59446,31.506557201000923,1348.919999999055,7849.787287566021
59447,31.506557201000923,1348.939999999055,7849.8266639765925
59448,31.506557201000923,1348.959999999055,7849.866040070379
59449,31.506557201000923,1348.979999999055,7849.905415847372
59450,31.506557201000923,1348.999999999055,7849.944791307559
59451,31.506557201000923,1349.019999999055,7849.984166450931
59452,31.506557201000923,1349.039999999055,7850.023541277447
59453,31.506557201000923,1349.059999999055,7850.062915786956
59454,31.506557201000923,1349.079999999055,7850.102289979436
59455,31.506557201000923,1349.099999999055,7850.141663854876
59456,31.506557201000923,1349.119999999055,7850.1810374132665
59457,31.506557201000923,1349.139999999055,7850.220410654598
59458,31.506557201000923,1349.159999999055,7850.259783578859
59459,31.506557201000923,1349.1799999990549,7850.299156186533
59460,31.506557201000923,1349.1999999990549,7850.338528478109
59461,31.506557201000923,1349.2199999990548,7850.377900453578
59462,31.506557201000923,1349.2399999990548,7850.417272112931
59463,31.506557201000923,1349.2599999990548,7850.456643456157
59464,31.506557201000923,1349.2799999990548,7850.496014483245
59465,31.506557201000923,1349.2999999990548,7850.535385194186
59466,31.506557201000923,1349.3199999990547,7850.57475558897
59467,31.506557201000923,1349.3399999990547,7850.614125667586
59468,31.506557201000923,1349.3599999990547,7850.653495430025
59469,31.506557201000923,1349.3799999990547,7850.692864876276
59470,31.506557201000923,1349.3999999990547,7850.732234006329
59471,31.506557201000923,1349.4199999990547,7850.771602820174
59472,31.506557201000923,1349.4399999990546,7850.810971317801
59473,31.506557201000923,1349.4599999990546,7850.850339499199
59474,31.506557201000923,1349.4799999990546,7850.889707364359
59475,31.506557201000923,1349.4999999990546,7850.929074913271
59476,31.506557201000923,1349.5199999990546,7850.968442145923
59477,31.506557201000923,1349.5399999990545,7851.0078090623065
59478,31.506557201000923,1349.5599999990545,7851.047175662411
59479,31.466086206903512,1349.5799999990545,7851.086541946226
59480,31.466086206903512,1349.5999999990545,7851.125907913742
59481,31.466086206903512,1349.6199999990545,7851.165273564948
59482,31.466086206903512,1349.6399999990545,7851.204638899834
59483,31.466086206903512,1349.6599999990544,7851.244003918391
59484,31.466086206903512,1349.6799999990544,7851.283368620608
59485,31.466086206903512,1349.6999999990544,7851.322733006475
59486,31.466086206903512,1349.7199999990544,7851.362097075981
59487,31.466086206903512,1349.7399999990544,7851.401460829117
59488,31.466086206903512,1349.7599999990543,7851.440824265873
59489,31.466086206903512,1349.7799999990543,7851.480187386238
59490,31.466086206903512,1349.7999999990543,7851.519550190203
59491,31.466086206903512,1349.8199999990543,7851.558912677756
59492,31.466086206903512,1349.8399999990543,7851.598274848889
59493,31.466086206903512,1349.8599999990543,7851.63763670359
59494,31.466086206903512,1349.8799999990542,7851.67699824185
59495,31.466086206903512,1349.8999999990542,7851.716359463659
59496,31.466086206903512,1349.9199999990542,7851.755720369006
59497,31.466086206903512,1349.9399999990542,7851.795080957881
59498,31.466086206903512,1349.9599999990542,7851.834441230274
59499,31.466086206903512,1349.9799999990541,7851.873801186175
59500,31.466086206903512,1349.9999999990541,7851.913160825574
59501,31.466086206903512,1350.019999999054,7851.95252014846
59502,31.466086206903512,1350.039999999054,7851.991879154824
59503,31.466086206903512,1350.059999999054,7852.031237844656
59504,31.466086206903512,1350.079999999054,7852.070596217945
59505,31.466086206903512,1350.099999999054,7852.1099542746815
59506,31.466086206903512,1350.119999999054,7852.149312014854
59507,31.466086206903512,1350.139999999054,7852.188669438455
59508,31.466086206903512,1350.159999999054,7852.228026545472
59509,31.466086206903512,1350.179999999054,7852.267383335904
59510,31.466086206903512,1350.199999999054,7852.306739810186
59511,31.466086206903512,1350.219999999054,7852.346095968672
59512,31.466086206903512,1350.239999999054,7852.385451811351
59513,31.466086206903512,1350.259999999054,7852.424807338215
59514,31.466086206903512,1350.2799999990539,7852.464162549252
59515,31.466086206903512,1350.2999999990539,7852.503517444452
59516,31.466086206903512,1350.3199999990538,7852.542872023805
59517,31.466086206903512,1350.3399999990538,7852.582226287301
59518,31.466086206903512,1350.3599999990538,7852.621580234929
59519,31.466086206903512,1350.3799999990538,7852.6609338666785
59520,31.466086206903512,1350.3999999990538,7852.700287182541
59521,31.466086206903512,1350.4199999990537,7852.739640182504
59522,31.466086206903512,1350.4399999990537,7852.77899286656
59523,31.466086206903512,1350.4599999990537,7852.818345234696
59524,31.466086206903512,1350.4799999990537,7852.857697286903
59525,31.466086206903512,1350.4999999990537,7852.897049023171
59526,31.466086206903512,1350.5199999990537,7852.93640044349
59527,31.466086206903512,1350.5399999990536,7852.975751547849
59528,31.466086206903512,1350.5599999990536,7853.015102336238
59529,31.466086206903512,1350.5799999990536,7853.054452808647
59530,31.466086206903512,1350.5999999990536,7853.093802965065
59531,31.466086206903512,1350.6199999990536,7853.1331528054825
59532,31.466086206903512,1350.6399999990535,7853.172502329889
59533,31.466086206903512,1350.6599999990535,7853.2118515382745
59534,31.466086206903512,1350.6799999990535,7853.251200430628
59535,31.466086206903512,1350.6999999990535,7853.290549006941
59536,31.466086206903512,1350.7199999990535,7853.329897267201
59537,31.466086206903512,1350.7399999990535,7853.369245211399
59538,31.466086206903512,1350.7599999990534,7853.408592839525
59539,31.466086206903512,1350.7799999990534,7853.447940151568
59540,31.466086206903512,1350.7999999990534,7853.487287147519
59541,31.466086206903512,1350.8199999990534,7853.526633827367
59542,31.466086206903512,1350.8399999990534,7853.5659801911015
59543,31.466086206903512,1350.8599999990533,7853.605326238712
59544,31.466086206903512,1350.8799999990533,7853.644671970189
59545,31.466086206903512,1350.8999999990533,7853.684017385522
59546,31.466086206903512,1350.9199999990533,7853.7233624847
59547,31.466086206903512,1350.9399999990533,7853.762707267714
59548,31.466086206903512,1350.9599999990533,7853.802051734554
59549,31.466086206903512,1350.9799999990532,7853.841395885209
59550,31.466086206903512,1350.9999999990532,7853.880739719668
59551,31.466086206903512,1351.0199999990532,7853.920083237922
59552,31.466086206903512,1351.0399999990532,7853.95942643996
59553,31.466086206903512,1351.0599999990532,7853.998769325773
59554,31.466086206903512,1351.0799999990531,7854.038111895349
59555,31.466086206903512,1351.0999999990531,7854.077454148679
59556,31.466086206903512,1351.119999999053,7854.116796085752
59557,31.466086206903512,1351.139999999053,7854.156137706558
59558,31.466086206903512,1351.159999999053,7854.195479011088
59559,31.466086206903512,1351.179999999053,7854.234819999329
59560,31.466086206903512,1351.199999999053,7854.274160671294
59561,31.466086206903512,1351.219999999053,7854.3135010274955
59562,31.466086206903512,1351.239999999053,7854.352841068267
59563,31.466086206903512,1351.259999999053,7854.392180793598
59564,31.466086206903512,1351.279999999053,7854.431520203479
59565,31.466086206903512,1351.299999999053,7854.470859297899
59566,31.466086206903512,1351.319999999053,7854.510198076848
59567,31.466086206903512,1351.339999999053,7854.549536540316
59568,31.466086206903512,1351.359999999053,7854.588874688292
59569,31.466086206903512,1351.3799999990529,7854.628212520766
59570,31.466086206903512,1351.3999999990529,7854.667550037729
59571,31.466086206903512,1351.4199999990528,7854.706887239169
59572,31.466086206903512,1351.4399999990528,7854.746224125077
59573,31.466086206903512,1351.4599999990528,7854.785560695442
59574,31.466086206903512,1351.4799999990528,7854.824896950254
59575,31.466086206903512,1351.4999999990528,7854.864232889502
59576,31.466086206903512,1351.5199999990527,7854.903568513178
59577,31.466086206903512,1351.5399999990527,7854.942903821269
59578,31.466086206903512,1351.5599999990527,7854.982238813766
59579,31.466086206903512,1351.5799999990527,7855.02157349066
59580,31.466086206903512,1351.5999999990527,7855.060907851938
59581,31.466086206903512,1351.6199999990527,7855.100241897592
59582,31.466086206903512,1351.6399999990526,7855.139575627611
59583,31.466086206903512,1351.6599999990526,7855.178909041983
59584,31.466086206903512,1351.6799999990526,7855.218242140701
59585,31.466086206903512,1351.6999999990526,7855.257574923752
59586,31.466086206903512,1351.7199999990526,7855.296907391128
59587,31.466086206903512,1351.7399999990525,7855.336239542818
59588,31.466086206903512,1351.7599999990525,7855.3755713788105
59589,31.466086206903512,1351.7799999990525,7855.414902899096
59590,31.466086206903512,1351.7999999990525,7855.454234103665
59591,31.466086206903512,1351.8199999990525,7855.493564992506
59592,31.466086206903512,1351.8399999990525,7855.53289556561
59593,31.466086206903512,1351.8599999990524,7855.572225822965
59594,31.466086206903512,1351.8799999990524,7855.611555764563
59595,31.466086206903512,1351.8999999990524,7855.6508853903915
59596,31.466086206903512,1351.9199999990524,7855.690214700442
59597,31.466086206903512,1351.9399999990524,7855.729543694703
59598,31.466086206903512,1351.9599999990523,7855.768872373165
59599,31.466086206903512,1351.9799999990523,7855.808200735818
59600,31.466086206903512,1351.9999999990523,7855.847528782651
59601,31.466086206903512,1352.0199999990523,7855.8868565136545
59602,31.466086206903512,1352.0399999990523,7855.926183928817
59603,31.466086206903512,1352.0599999990523,7855.96551102813
59604,31.466086206903512,1352.0799999990522,7856.004837811582
59605,31.466086206903512,1352.0999999990522,7856.044164279163
59606,31.466086206903512,1352.1199999990522,7856.083490430863
59607,31.466086206903512,1352.1399999990522,7856.122816266671
59608,31.466086206903512,1352.1599999990522,7856.162141786578
59609,31.466086206903512,1352.1799999990521,7856.201466990573
59610,31.466086206903512,1352.1999999990521,7856.240791878646
59611,31.466086206903512,1352.219999999052,7856.280116450816
59612,31.466086206903512,1352.239999999052,7856.319440707641
59613,31.466086206903512,1352.259999999052,7856.358764649399
59614,31.466086206903512,1352.279999999052,7856.398088276081
59615,31.466086206903512,1352.299999999052,7856.437411587676
59616,31.466086206903512,1352.319999999052,7856.476734584176
59617,31.466086206903512,1352.339999999052,7856.516057265568
59618,31.466086206903512,1352.359999999052,7856.555379631843
59619,31.466086206903512,1352.379999999052,7856.5947016829905
59620,31.466086206903512,1352.399999999052,7856.634023419
59621,31.466086206903512,1352.419999999052,7856.673344839862
59622,31.466086206903512,1352.439999999052,7856.712665945565
59623,31.466086206903512,1352.459999999052,7856.751986736101
59624,31.466086206903512,1352.4799999990519,7856.791307211457
59625,31.466086206903512,1352.4999999990519,7856.830627371624
59626,31.466086206903512,1352.5199999990518,7856.869947216593
59627,31.466086206903512,1352.5399999990518,7856.909266746351
59628,31.466086206903512,1352.5599999990518,7856.94858596089
59629,31.466086206903512,1352.5799999990518,7856.9879048602
59630,31.466086206903512,1352.5999999990518,7857.027223444268
59631,31.466086206903512,1352.6199999990517,7857.066541713086
59632,31.466086206903512,1352.6399999990517,7857.105859666643
59633,31.466086206903512,1352.6599999990517,7857.145177304928
59634,31.466086206903512,1352.6799999990517,7857.184494627933
59635,31.466086206903512,1352.6999999990517,7857.223811635647
59636,31.466086206903512,1352.7199999990517,7857.263128328058
59637,31.466086206903512,1352.7399999990516,7857.302444705157
59638,31.466086206903512,1352.7599999990516,7857.3417607669335
59639,31.466086206903512,1352.7799999990516,7857.381076513378
59640,31.466086206903512,1352.7999999990516,7857.420391944478
59641,31.466086206903512,1352.8199999990516,7857.459707060226
59642,31.466086206903512,1352.8399999990515,7857.49902186061
59643,31.466086206903512,1352.8599999990515,7857.53833634562
59644,31.466086206903512,1352.8799999990515,7857.577650515246
59645,31.466086206903512,1352.8999999990515,7857.616964369478
59646,31.466086206903512,1352.9199999990515,7857.656277908306
59647,31.466086206903512,1352.9399999990515,7857.695591131719
59648,31.466086206903512,1352.9599999990514,7857.734904039707
59649,31.466086206903512,1352.9799999990514,7857.774216632259
59650,31.466086206903512,1352.9999999990514,7857.813528909365
59651,31.466086206903512,1353.0199999990514,7857.852840871016
59652,31.466086206903512,1353.0399999990514,7857.892152517201
59653,31.466086206903512,1353.0599999990513,7857.931463847909
59654,31.466086206903512,1353.0799999990513,7857.970774863131
59655,31.466086206903512,1353.0999999990513,7858.010085562855
59656,31.466086206903512,1353.1199999990513,7858.049395947072
59657,31.466086206903512,1353.1399999990513,7858.088706015772
59658,31.466086206903512,1353.1599999990513,7858.128015768944
59659,31.466086206903512,1353.1799999990512,7858.167325206578
59660,31.466086206903512,1353.1999999990512,7858.206634328664
59661,31.466086206903512,1353.2199999990512,7858.245943135192
59662,31.466086206903512,1353.2399999990512,7858.285251626192
59663,31.466086206903512,1353.2599999990512,7858.324559802261
59664,31.466086206903512,1353.2799999990511,7858.363867663628
59665,31.466086206903512,1353.2999999990511,7858.403175210282
59666,31.466086206903512,1353.319999999051,7858.442482442213
59667,31.466086206903512,1353.339999999051,7858.481789359411
59668,31.466086206903512,1353.359999999051,7858.521095961865
59669,31.466086206903512,1353.379999999051,7858.560402249565
59670,31.466086206903512,1353.399999999051,7858.599708222501
59671,31.466086206903512,1353.419999999051,7858.639013880663
59672,31.466086206903512,1353.439999999051,7858.67831922404
59673,31.466086206903512,1353.459999999051,7858.717624252622
59674,31.466086206903512,1353.479999999051,7858.756928966399
59675,31.466086206903512,1353.499999999051,7858.79623336536
59676,31.466086206903512,1353.519999999051,7858.835537449497
59677,31.466086206903512,1353.539999999051,7858.874841218797
59678,31.466086206903512,1353.559999999051,7858.914144673251
59679,31.466086206903512,1353.5799999990509,7858.953447812849
59680,31.466086206903512,1353.5999999990509,7858.99275063758
59681,31.466086206903512,1353.6199999990508,7859.0320531474335
59682,31.466086206903512,1353.6399999990508,7859.0713553424
59683,31.466086206903512,1353.6599999990508,7859.11065722247
59684,31.466086206903512,1353.6799999990508,7859.1499587876315
59685,31.466086206903512,1353.6999999990508,7859.189260037875
59686,31.466086206903512,1353.7199999990507,7859.228560973191
59687,31.466086206903512,1353.7399999990507,7859.267861593567
59688,31.466086206903512,1353.7599999990507,7859.307161898995
59689,31.466086206903512,1353.7799999990507,7859.346461889464
59690,31.466086206903512,1353.7999999990507,7859.385761564964
59691,31.466086206903512,1353.8199999990507,7859.425060925484
59692,31.466086206903512,1353.8399999990506,7859.464359971014
59693,31.466086206903512,1353.8599999990506,7859.503658701545
59694,31.466086206903512,1353.8799999990506,7859.542957117064
59695,31.466086206903512,1353.8999999990506,7859.582255217563
59696,31.466086206903512,1353.9199999990506,7859.621553003031
59697,31.466086206903512,1353.9399999990505,7859.660850473459
59698,31.466086206903512,1353.9599999990505,7859.700147628834
59699,31.466086206903512,1353.9799999990505,7859.739444469148
59700,31.466086206903512,1353.9999999990505,7859.77874099439
59701,31.466086206903512,1354.0199999990505,7859.81803720455
59702,31.466086206903512,1354.0399999990505,7859.857333099617
59703,31.466086206903512,1354.0599999990504,7859.896628679581
59704,31.466086206903512,1354.0799999990504,7859.935923944433
59705,31.466086206903512,1354.0999999990504,7859.975218894161
59706,31.466086206903512,1354.1199999990504,7860.014513528743
59707,31.466086206903512,1354.1399999990504,7860.053807848006
59708,31.466086206903512,1354.1599999990503,7860.093101851898
59709,31.466086206903512,1354.1799999990503,7860.132395540409
59710,31.466086206903512,1354.1999999990503,7860.171688913528
59711,31.466086206903512,1354.2199999990503,7860.210981971245
59712,31.466086206903512,1354.2399999990503,7860.25027471355
59713,31.466086206903512,1354.2599999990503,7860.289567140485
59714,31.466086206903512,1354.2799999990502,7860.328859252695
59715,31.466086206903512,1354.2999999990502,7860.36815105036
59716,31.466086206903512,1354.3199999990502,7860.407442533469
59717,31.466086206903512,1354.3399999990502,7860.446733702011
59718,31.466086206903512,1354.3599999990502,7860.486024555977
59719,31.466086206903512,1354.3799999990501,7860.525315095355
59720,31.466086206903512,1354.3999999990501,7860.564605320134
59721,31.466086206903512,1354.41999999905,7860.603895230306
59722,31.466086206903512,1354.43999999905,7860.643184825859
59723,31.466086206903512,1354.45999999905,7860.682474106782
59724,31.466086206903512,1354.47999999905,7860.721763073066
59725,31.466086206903512,1354.49999999905,7860.7610517246985
59726,31.466086206903512,1354.51999999905,7860.800340061671
59727,31.466086206903512,1354.53999999905,7860.839628083972
59728,31.466086206903512,1354.55999999905,7860.878915791591
59729,31.466086206903512,1354.57999999905,7860.918203184518
59730,31.466086206903512,1354.59999999905,7860.957490262742
59731,31.466086206903512,1354.61999999905,7860.996777026254
59732,31.466086206903512,1354.63999999905,7861.036063475041
59733,31.466086206903512,1354.65999999905,7861.075349609096
59734,31.466086206903512,1354.6799999990499,7861.114635428405
59735,31.466086206903512,1354.6999999990499,7861.153920932959
59736,31.466086206903512,1354.7199999990498,7861.193206122748
59737,31.466086206903512,1354.7399999990498,7861.232490997761
59738,31.466086206903512,1354.7599999990498,7861.271775557987
59739,31.466086206903512,1354.7799999990498,7861.311059803416
59740,31.466086206903512,1354.7999999990498,7861.350343734039
59741,31.466086206903512,1354.8199999990497,7861.389627349843
59742,31.466086206903512,1354.8399999990497,7861.4289106508195
59743,31.466086206903512,1354.8599999990497,7861.468193636957
59744,31.466086206903512,1354.8799999990497,7861.507476308246
59745,31.466086206903512,1354.8999999990497,7861.546758664675
59746,31.466086206903512,1354.9199999990497,7861.586040706233
59747,31.466086206903512,1354.9399999990496,7861.62532243291
59748,31.466086206903512,1354.9599999990496,7861.664603844697
59749,31.466086206903512,1354.9799999990496,7861.703884941582
59750,31.466086206903512,1354.9999999990496,7861.743165723556
59751,31.466086206903512,1355.0199999990496,7861.782446190607
59752,31.466086206903512,1355.0399999990495,7861.821726342724
59753,31.466086206903512,1355.0599999990495,7861.861006179898
59754,31.466086206903512,1355.0799999990495,7861.900285702119
59755,31.466086206903512,1355.0999999990495,7861.939564909375
59756,31.466086206903512,1355.1199999990495,7861.978843801656
59757,31.466086206903512,1355.1399999990495,7862.018122378951
59758,31.466086206903512,1355.1599999990494,7862.057400641252
59759,31.466086206903512,1355.1799999990494,7862.096678588546
59760,31.466086206903512,1355.1999999990494,7862.135956220823
59761,31.466086206903512,1355.2199999990494,7862.1752335380725
59762,31.466086206903512,1355.2399999990494,7862.214510540285
59763,31.466086206903512,1355.2599999990493,7862.25378722745
59764,31.466086206903512,1355.2799999990493,7862.293063599622
59765,31.466086206903512,1355.2999999990493,7862.332339657528
59766,31.466086206903512,1355.3199999990493,7862.3716154013
59767,31.466086206903512,1355.3399999990493,7862.410890830928
59768,31.466086206903512,1355.3599999990493,7862.450165946403
59769,31.466086206903512,1355.3799999990492,7862.489440747714
59770,31.42570178208146,1355.3999999990492,7862.528715234851
59771,31.42570178208146,1355.4199999990492,7862.567989407804
59772,31.42570178208146,1355.4399999990492,7862.607263266563
59773,31.42570178208146,1355.4599999990492,7862.646536811118
59774,31.42570178208146,1355.4799999990491,7862.685810041457
59775,31.42570178208146,1355.4999999990491,7862.725082957573
59776,31.42570178208146,1355.519999999049,7862.764355559455
59777,31.42570178208146,1355.539999999049,7862.803627847092
59778,31.42570178208146,1355.559999999049,7862.8428998204745
59779,31.42570178208146,1355.579999999049,7862.882171479592
59780,31.42570178208146,1355.599999999049,7862.921442824435
59781,31.42570178208146,1355.619999999049,7862.960713854993
59782,31.42570178208146,1355.639999999049,7862.999984571256
59783,31.42570178208146,1355.659999999049,7863.039254973215
59784,31.42570178208146,1355.679999999049,7863.078525060858
59785,31.42570178208146,1355.699999999049,7863.117794834176
59786,31.42570178208146,1355.719999999049,7863.157064293158
59787,31.42570178208146,1355.739999999049,7863.196333437796
59788,31.42570178208146,1355.759999999049,7863.235602268078
59789,31.42570178208146,1355.7799999990489,7863.274870783995
59790,31.42570178208146,1355.7999999990489,7863.3141389855355
59791,31.42570178208146,1355.8199999990488,7863.353406872691
59792,31.42570178208146,1355.8399999990488,7863.392674445451
59793,31.42570178208146,1355.8599999990488,7863.431941703805
59794,31.42570178208146,1355.8799999990488,7863.471208647743
59795,31.42570178208146,1355.8999999990488,7863.510475277255
59796,31.42570178208146,1355.9199999990487,7863.549741592331
59797,31.42570178208146,1355.9399999990487,7863.589007592961
59798,31.42570178208146,1355.9599999990487,7863.628273279135
59799,31.42570178208146,1355.9799999990487,7863.667538650843
59800,31.42570178208146,1355.9999999990487,7863.706803708075
59801,31.42570178208146,1356.0199999990487,7863.7460684508205
59802,31.42570178208146,1356.0399999990486,7863.78533287907
59803,31.42570178208146,1356.0599999990486,7863.824596992812
59804,31.42570178208146,1356.0799999990486,7863.8638607920375
59805,31.42570178208146,1356.0999999990486,7863.903124276737
59806,31.42570178208146,1356.1199999990486,7863.942387446899
59807,31.42570178208146,1356.1399999990485,7863.981650302515
59808,31.42570178208146,1356.1599999990485,7864.020912843574
59809,31.42570178208146,1356.1799999990485,7864.060175070065
59810,31.42570178208146,1356.1999999990485,7864.09943698198
59811,31.42570178208146,1356.2199999990485,7864.138698579307
59812,31.42570178208146,1356.2399999990485,7864.177959862037
59813,31.42570178208146,1356.2599999990484,7864.21722083016
59814,31.42570178208146,1356.2799999990484,7864.256481483665
59815,31.42570178208146,1356.2999999990484,7864.295741822608
59816,31.42570178208146,1356.3199999990484,7864.335001847642
59817,31.42570178208146,1356.3399999990484,7864.374261558831
59818,31.42570178208146,1356.3599999990483,7864.413520956164
59819,31.42570178208146,1356.3799999990483,7864.452780039631
59820,31.42570178208146,1356.3999999990483,7864.492038809222
59821,31.42570178208146,1356.4199999990483,7864.531297264928
59822,31.42570178208146,1356.4399999990483,7864.570555406738
59823,31.42570178208146,1356.4599999990483,7864.609813234642
59824,31.42570178208146,1356.4799999990482,7864.64907074863
59825,31.42570178208146,1356.4999999990482,7864.688327948692
59826,31.42570178208146,1356.5199999990482,7864.727584834818
59827,31.42570178208146,1356.5399999990482,7864.766841406998
59828,31.42570178208146,1356.5599999990482,7864.806097665221
59829,31.42570178208146,1356.5799999990481,7864.8453536094785
59830,31.42570178208146,1356.5999999990481,7864.88460923976
59831,31.42570178208146,1356.619999999048,7864.9238645560545
59832,31.42570178208146,1356.639999999048,7864.963119558352
59833,31.42570178208146,1356.659999999048,7865.002374246645
59834,31.42570178208146,1356.679999999048,7865.04162862092
59835,31.42570178208146,1356.699999999048,7865.080882681169
59836,31.42570178208146,1356.719999999048,7865.120136427381
59837,31.42570178208146,1356.739999999048,7865.1593898595465
59838,31.42570178208146,1356.759999999048,7865.198642977655
59839,31.42570178208146,1356.779999999048,7865.237895781697
59840,31.42570178208146,1356.799999999048,7865.277148271663
59841,31.42570178208146,1356.819999999048,7865.31640044754
59842,31.42570178208146,1356.839999999048,7865.355652309321
59843,31.42570178208146,1356.859999999048,7865.394903856995
59844,31.42570178208146,1356.8799999990479,7865.434155090552
59845,31.42570178208146,1356.8999999990478,7865.473406009982
59846,31.42570178208146,1356.9199999990478,7865.512656615274
59847,31.42570178208146,1356.9399999990478,7865.551906906419
59848,31.42570178208146,1356.9599999990478,7865.591156883407
59849,31.42570178208146,1356.9799999990478,7865.630406546227
59850,31.42570178208146,1356.9999999990478,7865.669655894871
59851,31.42570178208146,1357.0199999990477,7865.708904929326
59852,31.42570178208146,1357.0399999990477,7865.748153649584
59853,31.42570178208146,1357.0599999990477,7865.787402055635
59854,31.42570178208146,1357.0799999990477,7865.826650147467
59855,31.42570178208146,1357.0999999990477,7865.865897925072
59856,31.42570178208146,1357.1199999990476,7865.905145388439
59857,31.42570178208146,1357.1399999990476,7865.944392537559
59858,31.42570178208146,1357.1599999990476,7865.98363937242
59859,31.42570178208146,1357.1799999990476,7866.022885893013
59860,31.42570178208146,1357.1999999990476,7866.062132099329
59861,31.42570178208146,1357.2199999990476,7866.101377991356
59862,31.42570178208146,1357.2399999990475,7866.140623569085
59863,31.42570178208146,1357.2599999990475,7866.179868832505
59864,31.42570178208146,1357.2799999990475,7866.219113781608
59865,31.42570178208146,1357.2999999990475,7866.258358416382
59866,31.42570178208146,1357.3199999990475,7866.297602736935
59867,31.42570178208146,1357.3399999990474,7866.336846743953
59868,31.42570178208146,1357.3599999990474,7866.37609043749
59869,31.42570178208146,1357.3799999990474,7866.4153338175365
59870,31.42570178208146,1357.3999999990474,7866.454576884082
59871,31.42570178208146,1357.4199999990474,7866.493819637116
59872,31.42570178208146,1357.4399999990474,7866.533062076629
59873,31.42570178208146,1357.4599999990473,7866.572304202611
59874,31.42570178208146,1357.4799999990473,7866.611546015053
59875,31.42570178208146,1357.4999999990473,7866.650787513944
59876,31.42570178208146,1357.5199999990473,7866.690028699274
59877,31.42570178208146,1357.5399999990473,7866.729269571033
59878,31.42570178208146,1357.5599999990472,7866.768510129211
59879,31.42570178208146,1357.5799999990472,7866.807750373798
59880,31.42570178208146,1357.5999999990472,7866.8469903047835
59881,31.42570178208146,1357.6199999990472,7866.886229922158
59882,31.42570178208146,1357.6399999990472,7866.925469225912
59883,31.42570178208146,1357.6599999990472,7866.9647082160345
59884,31.42570178208146,1357.6799999990471,7867.003946892516
59885,31.42570178208146,1357.6999999990471,7867.0431852553465
59886,31.42570178208146,1357.719999999047,7867.082423304516
59887,31.42570178208146,1357.739999999047,7867.121661040014
59888,31.42570178208146,1357.759999999047,7867.1608984618315
59889,31.42570178208146,1357.779999999047,7867.200135569958
59890,31.42570178208146,1357.799999999047,7867.239372364383
59891,31.42570178208146,1357.819999999047,7867.278608845097
59892,31.42570178208146,1357.839999999047,7867.3178450120895
59893,31.42570178208146,1357.859999999047,7867.357080865351
59894,31.42570178208146,1357.879999999047,7867.396316404872
59895,31.42570178208146,1357.899999999047,7867.435551630641
59896,31.42570178208146,1357.919999999047,7867.47478654265
59897,31.42570178208146,1357.939999999047,7867.514021140887
59898,31.42570178208146,1357.9599999990469,7867.553255425343
59899,31.42570178208146,1357.9799999990469,7867.592489396008
59900,31.42570178208146,1357.9999999990468,7867.631723052872
59901,31.42570178208146,1358.0199999990468,7867.670956395925
59902,31.42570178208146,1358.0399999990468,7867.710189425156
59903,31.42570178208146,1358.0599999990468,7867.749422140557
59904,31.42570178208146,1358.0799999990468,7867.788654542116
59905,31.42570178208146,1358.0999999990468,7867.827886629824
59906,31.42570178208146,1358.1199999990467,7867.867118403671
59907,31.42570178208146,1358.1399999990467,7867.906349863647
59908,31.42570178208146,1358.1599999990467,7867.9455810097415
59909,31.42570178208146,1358.1799999990467,7867.984811841945
59910,31.42570178208146,1358.1999999990467,7868.024042360247
59911,31.42570178208146,1358.2199999990466,7868.063272564638
59912,31.42570178208146,1358.2399999990466,7868.102502455108
59913,31.42570178208146,1358.2599999990466,7868.141732031647
59914,31.42570178208146,1358.2799999990466,7868.180961294244
59915,31.42570178208146,1358.2999999990466,7868.220190242891
59916,31.42570178208146,1358.3199999990466,7868.259418877576
59917,31.42570178208146,1358.3399999990465,7868.298647198459
59918,31.42570178208146,1358.3599999990465,7868.337875206185
59919,31.42570178208146,1358.3799999990465,7868.377102900799
59920,31.42570178208146,1358.3999999990465,7868.416330282291
59921,31.42570178208146,1358.4199999990465,7868.45555735065
59922,31.42570178208146,1358.4399999990464,7868.494784105867
59923,31.42570178208146,1358.4599999990464,7868.534010547933
59924,31.42570178208146,1358.4799999990464,7868.573236676835
59925,31.42570178208146,1358.4999999990464,7868.612462492566
59926,31.42570178208146,1358.5199999990464,7868.651687995114
59927,31.42570178208146,1358.5399999990464,7868.69091318447
59928,31.42570178208146,1358.5599999990463,7868.730138060624
59929,31.42570178208146,1358.5799999990463,7868.769362623566
59930,31.42570178208146,1358.5999999990463,7868.808586873286
59931,31.42570178208146,1358.6199999990463,7868.847810809773
59932,31.42570178208146,1358.6399999990463,7868.887034433019
59933,31.42570178208146,1358.6599999990462,7868.926257743013
59934,31.42570178208146,1358.6799999990462,7868.965480739745
59935,31.42570178208146,1358.6999999990462,7869.004703423204
59936,31.42570178208146,1358.7199999990462,7869.043925793381
59937,31.42570178208146,1358.7399999990462,7869.083147850267
59938,31.42570178208146,1358.7599999990462,7869.122369593851
59939,31.42570178208146,1358.7799999990461,7869.161591024123
59940,31.42570178208146,1358.7999999990461,7869.200812141073
59941,31.42570178208146,1358.819999999046,7869.240032944691
59942,31.42570178208146,1358.839999999046,7869.279253434968
59943,31.42570178208146,1358.859999999046,7869.318473611894
59944,31.42570178208146,1358.879999999046,7869.357693475457
59945,31.42570178208146,1358.899999999046,7869.396913025649
59946,31.42570178208146,1358.919999999046,7869.436132262459
59947,31.42570178208146,1358.939999999046,7869.475351185878
59948,31.42570178208146,1358.959999999046,7869.514569795895
59949,31.42570178208146,1358.979999999046,7869.553788092501
59950,31.42570178208146,1358.999999999046,7869.5930060756855
59951,31.42570178208146,1359.019999999046,7869.632223745438
59952,31.42570178208146,1359.039999999046,7869.671441101749
59953,31.42570178208146,1359.0599999990459,7869.71065814461
59954,31.42570178208146,1359.0799999990459,7869.749874874008
59955,31.42570178208146,1359.0999999990458,7869.789091289936
59956,31.42570178208146,1359.1199999990458,7869.828307392381
59957,31.42570178208146,1359.1399999990458,7869.867523181336
59958,31.42570178208146,1359.1599999990458,7869.9067386567895
59959,31.42570178208146,1359.1799999990458,7869.945953818732
59960,31.42570178208146,1359.1999999990458,7869.985168667153
59961,31.42570178208146,1359.2199999990457,7870.024383202007
59962,31.42570178208146,1359.2399999990457,7870.063597423137
59963,31.42570178208146,1359.2599999990457,7870.102811330521
59964,31.42570178208146,1359.2799999990457,7870.142024924148
59965,31.42570178208146,1359.2999999990457,7870.181238204009
59966,31.42570178208146,1359.3199999990456,7870.220451170093
59967,31.42570178208146,1359.3399999990456,7870.25966382239
59968,31.42570178208146,1359.3599999990456,7870.298876161112
59969,31.42570178208146,1359.3799999990456,7870.338088186863
59970,31.42570178208146,1359.3999999990456,7870.3772998996765
59971,31.42570178208146,1359.4199999990456,7870.416511299542
59972,31.42570178208146,1359.4399999990455,7870.45572238645
59973,31.42570178208146,1359.4599999990455,7870.49493316039
59974,31.42570178208146,1359.4799999990455,7870.534143621352
59975,31.42570178208146,1359.4999999990455,7870.573353769325
59976,31.42570178208146,1359.5199999990455,7870.6125636043
59977,31.42570178208146,1359.5399999990454,7870.651773126267
59978,31.42570178208146,1359.5599999990454,7870.690982335214
59979,31.42570178208146,1359.5799999990454,7870.730191231133
59980,31.42570178208146,1359.5999999990454,7870.769399814014
59981,31.42570178208146,1359.6199999990454,7870.808608083846
59982,31.42570178208146,1359.6399999990454,7870.847816040618
59983,31.42570178208146,1359.6599999990453,7870.887023684321
59984,31.42570178208146,1359.6799999990453,7870.926231014945
59985,31.42570178208146,1359.6999999990453,7870.96543803248
59986,31.42570178208146,1359.7199999990453,7871.004644736915
59987,31.42570178208146,1359.7399999990453,7871.043851128241
59988,31.42570178208146,1359.7599999990452,7871.083057206447
59989,31.42570178208146,1359.7799999990452,7871.122262971523
59990,31.42570178208146,1359.7999999990452,7871.161468423459
59991,31.42570178208146,1359.8199999990452,7871.200673562245
59992,31.42570178208146,1359.8399999990452,7871.239878387871
59993,31.42570178208146,1359.8599999990452,7871.279082900326
59994,31.42570178208146,1359.8799999990451,7871.318287099602
59995,31.42570178208146,1359.8999999990451,7871.357490985686
59996,31.42570178208146,1359.919999999045,7871.39669455857
59997,31.42570178208146,1359.939999999045,7871.435897818243
59998,31.42570178208146,1359.959999999045,7871.475100764695
59999,31.42570178208146,1359.979999999045,7871.514303397916
60000,31.42570178208146,1359.999999999045,7871.553505717896
60001,31.42570178208146,1360.019999999045,7871.592707724625
60002,31.42570178208146,1360.039999999045,7871.631909418093
60003,31.42570178208146,1360.059999999045,7871.671110798289
60004,31.42570178208146,1360.079999999045,7871.710311865204
60005,31.42570178208146,1360.099999999045,7871.749512618827
60006,31.42570178208146,1360.119999999045,7871.788713059148
60007,31.42570178208146,1360.139999999045,7871.827913186157
60008,31.42570178208146,1360.1599999990449,7871.867112999845
60009,31.42570178208146,1360.1799999990449,7871.9063125002
60010,31.42570178208146,1360.1999999990448,7871.945511687213
60011,31.42570178208146,1360.2199999990448,7871.984710560874
60012,31.42570178208146,1360.2399999990448,7872.023909121172
60013,31.42570178208146,1360.2599999990448,7872.063107368098
60014,31.42570178208146,1360.2799999990448,7872.1023053016415
60015,31.42570178208146,1360.2999999990448,7872.141502921792
60016,31.42570178208146,1360.3199999990447,7872.1807002285395
60017,31.42570178208146,1360.3399999990447,7872.219897221874
60018,31.42570178208146,1360.3599999990447,7872.2590939017855
60019,31.42570178208146,1360.3799999990447,7872.298290268559
60020,31.42570178208146,1360.3999999990447,7872.337486322803
60021,31.42570178208146,1360.4199999990446,7872.376682064543
60022,31.42570178208146,1360.4399999990446,7872.41587749377
60023,31.42570178208146,1360.4599999990446,7872.455072610471
60024,31.42570178208146,1360.4799999990446,7872.494267414638
60025,31.42570178208146,1360.4999999990446,7872.533461906259
60026,31.42570178208146,1360.5199999990446,7872.5726560853245
60027,31.42570178208146,1360.5399999990445,7872.611849951824
60028,31.42570178208146,1360.5599999990445,7872.651043505747
60029,31.42570178208146,1360.5799999990445,7872.690236747083
60030,31.42570178208146,1360.5999999990445,7872.729429675822
60031,31.42570178208146,1360.6199999990445,7872.768622291953
60032,31.42570178208146,1360.6399999990444,7872.807814595466
60033,31.42570178208146,1360.6599999990444,7872.84700658635
60034,31.42570178208146,1360.6799999990444,7872.886198264596
60035,31.42570178208146,1360.6999999990444,7872.925389630192
60036,31.42570178208146,1360.7199999990444,7872.964580683129
60037,31.42570178208146,1360.7399999990444,7873.003771423395
60038,31.42570178208146,1360.7599999990443,7873.042961850981
60039,31.42570178208146,1360.7799999990443,7873.082151965876
60040,31.42570178208146,1360.7999999990443,7873.121341768069
60041,31.42570178208146,1360.8199999990443,7873.160531257551
60042,31.42570178208146,1360.8399999990443,7873.1997204343115
60043,31.42570178208146,1360.8599999990442,7873.238909298339
60044,31.42570178208146,1360.8799999990442,7873.278097849624
60045,31.42570178208146,1360.8999999990442,7873.317286088155
60046,31.42570178208146,1360.9199999990442,7873.356474013923
60047,31.42570178208146,1360.9399999990442,7873.395661626916
60048,31.42570178208146,1360.9599999990442,7873.434848927125
60049,31.42570178208146,1360.9799999990441,7873.47403591454
60050,31.42570178208146,1360.9999999990441,7873.513222589149
60051,31.42570178208146,1361.019999999044,7873.552408950943
60052,31.42570178208146,1361.039999999044,7873.591594999911
60053,31.42570178208146,1361.059999999044,7873.630780736042
60054,31.42570178208146,1361.079999999044,7873.669966159327
60055,31.42570178208146,1361.099999999044,7873.709151269753
60056,31.42570178208146,1361.119999999044,7873.748336067313
60057,31.42570178208146,1361.139999999044,7873.787520551995
60058,31.42570178208146,1361.159999999044,7873.826704723788
60059,31.42570178208146,1361.179999999044,7873.865888582682
60060,31.42570178208146,1361.199999999044,7873.905072128667
60061,31.38540366751058,1361.219999999044,7873.944255361732
60062,31.38540366751058,1361.239999999044,7873.983438281867
60063,31.38540366751058,1361.2599999990439,7874.022620889063
60064,31.38540366751058,1361.2799999990439,7874.061803183307
60065,31.38540366751058,1361.2999999990438,7874.10098516459
60066,31.38540366751058,1361.3199999990438,7874.140166832902
60067,31.38540366751058,1361.3399999990438,7874.179348188231
60068,31.38540366751058,1361.3599999990438,7874.2185292305685
60069,31.38540366751058,1361.3799999990438,7874.257709959903
60070,31.38540366751058,1361.3999999990438,7874.296890376527
60071,31.38540366751058,1361.4199999990437,7874.336070480926
60072,31.38540366751058,1361.4399999990437,7874.37525027311
60073,31.38540366751058,1361.4599999990437,7874.414429753071
60074,31.38540366751058,1361.4799999990437,7874.453608920798
60075,31.38540366751058,1361.4999999990437,7874.492787776281
60076,31.38540366751058,1361.5199999990436,7874.531966319511
60077,31.38540366751058,1361.5399999990436,7874.5711445504785
60078,31.38540366751058,1361.5599999990436,7874.610322469172
60079,31.38540366751058,1361.5799999990436,7874.649500075583
60080,31.38540366751058,1361.5999999990436,7874.6886773697015
60081,31.38540366751058,1361.6199999990436,7874.727854351518
60082,31.38540366751058,1361.6399999990435,7874.7670310210215
60083,31.38540366751058,1361.6599999990435,7874.806207378203
60084,31.38540366751058,1361.6799999990435,7874.845383423052
60085,31.38540366751058,1361.6999999990435,7874.88455915556
60086,31.38540366751058,1361.7199999990435,7874.9237345757165
60087,31.38540366751058,1361.7399999990434,7874.9629096835115
60088,31.38540366751058,1361.7599999990434,7875.002084478935
60089,31.38540366751058,1361.7799999990434,7875.041258961978
60090,31.38540366751058,1361.7999999990434,7875.08043313263
60091,31.38540366751058,1361.8199999990434,7875.119606990881
60092,31.38540366751058,1361.8399999990434,7875.158780536722
60093,31.38540366751058,1361.8599999990433,7875.197953770143
60094,31.38540366751058,1361.8799999990433,7875.237126691133
60095,31.38540366751058,1361.8999999990433,7875.276299299684
60096,31.38540366751058,1361.9199999990433,7875.315471595785
60097,31.38540366751058,1361.9399999990433,7875.354643579427
60098,31.38540366751058,1361.9599999990432,7875.393815250599
60099,31.38540366751058,1361.9799999990432,7875.432986609292
60100,31.38540366751058,1361.9999999990432,7875.472157655496
60101,31.38540366751058,1362.0199999990432,7875.511328389201
60102,31.38540366751058,1362.0399999990432,7875.550498810397
60103,31.38540366751058,1362.0599999990432,7875.589668919075
60104,31.38540366751058,1362.0799999990431,7875.628838715224
60105,31.38540366751058,1362.0999999990431,7875.668008198836
60106,31.38540366751058,1362.119999999043,7875.7071773699
60107,31.38540366751058,1362.139999999043,7875.746346228406
60108,31.38540366751058,1362.159999999043,7875.785514774344
60109,31.38540366751058,1362.179999999043,7875.824683007705
60110,31.38540366751058,1362.199999999043,7875.863850928479
60111,31.38540366751058,1362.219999999043,7875.903018536656
60112,31.38540366751058,1362.239999999043,7875.942185832227
60113,31.38540366751058,1362.259999999043,7875.98135281518
60114,31.38540366751058,1362.279999999043,7876.020519485507
60115,31.38540366751058,1362.299999999043,7876.059685843198
60116,31.38540366751058,1362.319999999043,7876.098851888243
60117,31.38540366751058,1362.339999999043,7876.138017620632
60118,31.38540366751058,1362.3599999990429,7876.177183040355
60119,31.38540366751058,1362.3799999990429,7876.216348147403
60120,31.38540366751058,1362.3999999990428,7876.255512941765
60121,31.38540366751058,1362.4199999990428,7876.2946774237935
60122,31.38540366751058,1362.4399999990428,7876.333841593947
60123,31.38540366751058,1362.4599999990428,7876.373005452228
60124,31.38540366751058,1362.4799999990428,7876.412168998627
60125,31.38540366751058,1362.4999999990428,7876.451332233132
60126,31.38540366751058,1362.5199999990427,7876.490495155735
60127,31.38540366751058,1362.5399999990427,7876.529657766425
60128,31.38540366751058,1362.5599999990427,7876.568820065192
60129,31.38540366751058,1362.5799999990427,7876.607982052025
60130,31.38540366751058,1362.5999999990427,7876.647143726916
60131,31.38540366751058,1362.6199999990426,7876.686305089853
60132,31.38540366751058,1362.6399999990426,7876.725466140827
60133,31.38540366751058,1362.6599999990426,7876.764626879827
60134,31.38540366751058,1362.6799999990426,7876.803787306844
60135,31.38540366751058,1362.6999999990426,7876.842947421867
60136,31.38540366751058,1362.7199999990426,7876.8821072248875
60137,31.38540366751058,1362.7399999990425,7876.921266715894
60138,31.38540366751058,1362.7599999990425,7876.960425894876
60139,31.38540366751058,1362.7799999990425,7876.999584761824
60140,31.38540366751058,1362.7999999990425,7877.038743316728
60141,31.38540366751058,1362.8199999990425,7877.077901559578
60142,31.38540366751058,1362.8399999990424,7877.117059490364
60143,31.38540366751058,1362.8599999990424,7877.156217109076
60144,31.38540366751058,1362.8799999990424,7877.195374415704
60145,31.38540366751058,1362.8999999990424,7877.234531410237
60146,31.38540366751058,1362.9199999990424,7877.273688092665
60147,31.38540366751058,1362.9399999990424,7877.312844462979
60148,31.38540366751058,1362.9599999990423,7877.3520005211685
60149,31.38540366751058,1362.9799999990423,7877.391156267223
60150,31.38540366751058,1362.9999999990423,7877.430311701133
60151,31.38540366751058,1363.0199999990423,7877.4694668228885
60152,31.38540366751058,1363.0399999990423,7877.508621632479
60153,31.38540366751058,1363.0599999990422,7877.547776129894
60154,31.38540366751058,1363.0799999990422,7877.586930315125
60155,31.38540366751058,1363.0999999990422,7877.626084188159
60156,31.38540366751058,1363.1199999990422,7877.665237748989
60157,31.38540366751058,1363.1399999990422,7877.704390997604
60158,31.38540366751058,1363.1599999990422,7877.743543933992
60159,31.38540366751058,1363.1799999990421,7877.782696558146
60160,31.38540366751058,1363.1999999990421,7877.821848870054
60161,31.38540366751058,1363.219999999042,7877.861000869706
60162,31.38540366751058,1363.239999999042,7877.900152557092
60163,31.38540366751058,1363.259999999042,7877.939303932202
60164,31.38540366751058,1363.279999999042,7877.978454995026
60165,31.38540366751058,1363.299999999042,7878.017605745555
60166,31.38540366751058,1363.319999999042,7878.056756183777
60167,31.38540366751058,1363.339999999042,7878.095906309683
60168,31.38540366751058,1363.359999999042,7878.135056123264
60169,31.38540366751058,1363.379999999042,7878.1742056245075
60170,31.38540366751058,1363.399999999042,7878.213354813405
60171,31.38540366751058,1363.419999999042,7878.252503689946
60172,31.38540366751058,1363.439999999042,7878.291652254542
60173,31.38540366751058,1363.4599999990419,7878.330800507623
60174,31.38540366751058,1363.4799999990419,7878.369948449183
60175,31.38540366751058,1363.4999999990418,7878.40909607921
60176,31.38540366751058,1363.5199999990418,7878.448243397695
60177,31.38540366751058,1363.5399999990418,7878.487390404627
60178,31.38540366751058,1363.5599999990418,7878.526537099997
60179,31.38540366751058,1363.5799999990418,7878.565683483795
60180,31.38540366751058,1363.5999999990418,7878.6048295560095
60181,31.38540366751058,1363.6199999990417,7878.643975316631
60182,31.38540366751058,1363.6399999990417,7878.6831207656505
60183,31.38540366751058,1363.6599999990417,7878.722265903057
60184,31.38540366751058,1363.6799999990417,7878.76141072884
60185,31.38540366751058,1363.6999999990417,7878.80055524299
60186,31.38540366751058,1363.7199999990416,7878.839699445498
60187,31.38540366751058,1363.7399999990416,7878.878843336352
60188,31.38540366751058,1363.7599999990416,7878.917986915542
60189,31.38540366751058,1363.7799999990416,7878.95713018306
60190,31.38540366751058,1363.7999999990416,7878.996273138894
60191,31.38540366751058,1363.8199999990416,7879.035415783034
60192,31.38540366751058,1363.8399999990415,7879.0745581154715
60193,31.38540366751058,1363.8599999990415,7879.113700136195
60194,31.38540366751058,1363.8799999990415,7879.152841845194
60195,31.38540366751058,1363.8999999990415,7879.19198324246
60196,31.38540366751058,1363.9199999990415,7879.231124327982
60197,31.38540366751058,1363.9399999990414,7879.27026510175
60198,31.38540366751058,1363.9599999990414,7879.309405563754
60199,31.38540366751058,1363.9799999990414,7879.348545713984
60200,31.38540366751058,1363.9999999990414,7879.38768555243
60201,31.38540366751058,1364.0199999990414,7879.426825079082
60202,31.38540366751058,1364.0399999990414,7879.46596429393
60203,31.38540366751058,1364.0599999990413,7879.505103196962
60204,31.38540366751058,1364.0799999990413,7879.544241788171
60205,31.38540366751058,1364.0999999990413,7879.5833800675455
60206,31.38540366751058,1364.1199999990413,7879.622518035076
60207,31.38540366751058,1364.1399999990413,7879.661655690751
60208,31.38540366751058,1364.1599999990412,7879.700793034562
60209,31.38540366751058,1364.1799999990412,7879.739930066497
60210,31.38540366751058,1364.1999999990412,7879.779066786548
60211,31.38540366751058,1364.2199999990412,7879.818203194704
60212,31.38540366751058,1364.2399999990412,7879.857339290956
60213,31.38540366751058,1364.2599999990412,7879.896475075292
60214,31.38540366751058,1364.2799999990411,7879.935610547703
60215,31.38540366751058,1364.2999999990411,7879.9747457081785
60216,31.38540366751058,1364.319999999041,7880.013880556696
60217,31.38540366751058,1364.339999999041,7880.053015093082
60218,31.38540366751058,1364.359999999041,7880.092149317281
60219,31.38540366751058,1364.379999999041,7880.131283229283
60220,31.38540366751058,1364.399999999041,7880.17041682908
60221,31.38540366751058,1364.419999999041,7880.209550116659
60222,31.38540366751058,1364.439999999041,7880.248683092019
60223,31.38540366751058,1364.459999999041,7880.287815755615
60224,31.38540366751058,1364.479999999041,7880.32694810783
60225,31.38540366751058,1364.499999999041,7880.366080148651
60226,31.38540366751058,1364.519999999041,7880.405211878071
60227,31.38540366751058,1364.539999999041,7880.444343296079
60228,31.38540366751058,1364.5599999990409,7880.483474402664
60229,31.38540366751058,1364.5799999990409,7880.522605197817
60230,31.38540366751058,1364.5999999990408,7880.561735681527
60231,31.38540366751058,1364.6199999990408,7880.600865853785
60232,31.38540366751058,1364.6399999990408,7880.63999571458
60233,31.38540366751058,1364.6599999990408,7880.679125263903
60234,31.38540366751058,1364.6799999990408,7880.718254501743
60235,31.38540366751058,1364.6999999990408,7880.75738342809
60236,31.38540366751058,1364.7199999990407,7880.796512042934
60237,31.38540366751058,1364.7399999990407,7880.835640346266
60238,31.38540366751058,1364.7599999990407,7880.874768338074
60239,31.38540366751058,1364.7799999990407,7880.913896018349
60240,31.38540366751058,1364.7999999990407,7880.953023387081
60241,31.38540366751058,1364.8199999990406,7880.99215044426
60242,31.38540366751058,1364.8399999990406,7881.031277189875
60243,31.38540366751058,1364.8599999990406,7881.070403623917
60244,31.38540366751058,1364.8799999990406,7881.109529746375
60245,31.38540366751058,1364.8999999990406,7881.14865555724
60246,31.38540366751058,1364.9199999990406,7881.187781056501
60247,31.38540366751058,1364.9399999990405,7881.226906244148
60248,31.38540366751058,1364.9599999990405,7881.266031120172
60249,31.38540366751058,1364.9799999990405,7881.305155684561
60250,31.38540366751058,1364.9999999990405,7881.344279937307
60251,31.38540366751058,1365.0199999990405,7881.383403878399
60252,31.38540366751058,1365.0399999990404,7881.422527507827
60253,31.38540366751058,1365.0599999990404,7881.461650825581
60254,31.38540366751058,1365.0799999990404,7881.500773831651
60255,31.38540366751058,1365.0999999990404,7881.5398965260265
60256,31.38540366751058,1365.1199999990404,7881.579018908697
60257,31.38540366751058,1365.1399999990404,7881.6181409796545
60258,31.38540366751058,1365.1599999990403,7881.657262738887
60259,31.38540366751058,1365.1799999990403,7881.696384186384
60260,31.38540366751058,1365.1999999990403,7881.735505322137
60261,31.38540366751058,1365.2199999990403,7881.774626146135
60262,31.38540366751058,1365.2399999990403,7881.8137466583685
60263,31.38540366751058,1365.2599999990402,7881.852866858827
60264,31.38540366751058,1365.2799999990402,7881.891986747501
60265,31.38540366751058,1365.2999999990402,7881.9311063243795
60266,31.38540366751058,1365.3199999990402,7881.970225589454
60267,31.38540366751058,1365.3399999990402,7882.009344542712
60268,31.38540366751058,1365.3599999990402,7882.0484631841455
60269,31.38540366751058,1365.3799999990401,7882.087581513743
60270,31.38540366751058,1365.3999999990401,7882.126699531496
60271,31.38540366751058,1365.41999999904,7882.165817237394
60272,31.38540366751058,1365.43999999904,7882.204934631426
60273,31.38540366751058,1365.45999999904,7882.244051713601
60274,31.38540366751058,1365.47999999904,7882.283168484415
60275,31.38540366751058,1365.49999999904,7882.322284944199
60276,31.38540366751058,1365.51999999904,7882.361401092943
60277,31.38540366751058,1365.53999999904,7882.400516930638
60278,31.38540366751058,1365.55999999904,7882.439632457274
60279,31.38540366751058,1365.57999999904,7882.478747672839
60280,31.38540366751058,1365.59999999904,7882.517862577324
60281,31.38540366751058,1365.61999999904,7882.5569771707205
60282,31.38540366751058,1365.63999999904,7882.596091453017
60283,31.38540366751058,1365.6599999990399,7882.635205424203
60284,31.38540366751058,1365.6799999990399,7882.67431908427
60285,31.38540366751058,1365.6999999990398,7882.713432433206
60286,31.38540366751058,1365.7199999990398,7882.752545471003
60287,31.38540366751058,1365.7399999990398,7882.791658197649
60288,31.38540366751058,1365.7599999990398,7882.8307706131345
60289,31.38540366751058,1365.7799999990398,7882.86988271745
60290,31.38540366751058,1365.7999999990398,7882.908994510586
60291,31.38540366751058,1365.8199999990397,7882.948105992531
60292,31.38540366751058,1365.8399999990397,7882.987217163276
60293,31.38540366751058,1365.8599999990397,7883.026328022811
60294,31.38540366751058,1365.8799999990397,7883.065438571125
60295,31.38540366751058,1365.8999999990397,7883.104548808209
60296,31.38540366751058,1365.9199999990396,7883.143658734052
60297,31.38540366751058,1365.9399999990396,7883.182768348645
60298,31.38540366751058,1365.9599999990396,7883.221877651978
60299,31.38540366751058,1365.9799999990396,7883.260986644039
60300,31.38540366751058,1365.9999999990396,7883.300095324819
60301,31.38540366751058,1366.0199999990396,7883.33920369431
60302,31.38540366751058,1366.0399999990395,7883.378311752499
60303,31.38540366751058,1366.0599999990395,7883.4174194993775
60304,31.38540366751058,1366.0799999990395,7883.456526934935
60305,31.38540366751058,1366.0999999990395,7883.495634059162
60306,31.38540366751058,1366.1199999990395,7883.534740872047
60307,31.38540366751058,1366.1399999990394,7883.573847373582
60308,31.38540366751058,1366.1599999990394,7883.612953563756
60309,31.38540366751058,1366.1799999990394,7883.652059442558
60310,31.38540366751058,1366.1999999990394,7883.691165009979
60311,31.38540366751058,1366.2199999990394,7883.730270266009
60312,31.38540366751058,1366.2399999990394,7883.769375210638
60313,31.38540366751058,1366.2599999990393,7883.808479843856
60314,31.38540366751058,1366.2799999990393,7883.847584165652
60315,31.38540366751058,1366.2999999990393,7883.886688176017
60316,31.38540366751058,1366.3199999990393,7883.92579187494
60317,31.38540366751058,1366.3399999990393,7883.964895262412
60318,31.38540366751058,1366.3599999990392,7884.003998338422
60319,31.38540366751058,1366.3799999990392,7884.0431011029605
60320,31.38540366751058,1366.3999999990392,7884.082203556018
60321,31.38540366751058,1366.4199999990392,7884.121305697583
60322,31.38540366751058,1366.4399999990392,7884.160407527646
60323,31.38540366751058,1366.4599999990392,7884.199509046199
60324,31.38540366751058,1366.4799999990391,7884.23861025326
60325,31.38540366751058,1366.4999999990391,7884.277711149419
60326,31.38540366751058,1366.519999999039,7884.316811734983
60327,31.38540366751058,1366.539999999039,7884.355912009943
60328,31.38540366751058,1366.559999999039,7884.395011974288
60329,31.38540366751058,1366.579999999039,7884.434111628008
60330,31.38540366751058,1366.599999999039,7884.473210971094
60331,31.38540366751058,1366.619999999039,7884.512310003535
60332,31.38540366751058,1366.639999999039,7884.551408725321
60333,31.38540366751058,1366.659999999039,7884.590507136443
60334,31.38540366751058,1366.679999999039,7884.629605236891
60335,31.38540366751058,1366.699999999039,7884.668703026653
60336,31.38540366751058,1366.719999999039,7884.707800505721
60337,31.38540366751058,1366.739999999039,7884.746897674085
60338,31.38540366751058,1366.7599999990389,7884.785994531733
60339,31.38540366751058,1366.7799999990389,7884.825091078657
60340,31.38540366751058,1366.7999999990388,7884.864187314846
60341,31.38540366751058,1366.8199999990388,7884.903283240291
60342,31.38540366751058,1366.8399999990388,7884.942378854981
60343,31.38540366751058,1366.8599999990388,7884.981474158906
60344,31.38540366751058,1366.8799999990388,7885.020569152057
60345,31.38540366751058,1366.8999999990388,7885.059663834422
60346,31.38540366751058,1366.9199999990387,7885.098758205993
60347,31.38540366751058,1366.9399999990387,7885.13785226676
60348,31.38540366751058,1366.9599999990387,7885.176946016712
60349,31.38540366751058,1366.9799999990387,7885.216039455839
60350,31.38540366751058,1366.9999999990387,7885.255132584131
60351,31.38540366751058,1367.0199999990386,7885.294225401579
60352,31.38540366751058,1367.0399999990386,7885.333317908172
60353,31.345191605162345,1367.0599999990386,7885.372410103901
60354,31.345191605162345,1367.0799999990386,7885.411501988754
60355,31.345191605162345,1367.0999999990386,7885.450593562723
60356,31.345191605162345,1367.1199999990386,7885.489684825797
60357,31.345191605162345,1367.1399999990385,7885.528775777966
60358,31.345191605162345,1367.1599999990385,7885.567866419221
60359,31.345191605162345,1367.1799999990385,7885.606956749551
60360,31.345191605162345,1367.1999999990385,7885.646046768946
60361,31.345191605162345,1367.2199999990385,7885.685136477397
60362,31.345191605162345,1367.2399999990384,7885.724225874892
60363,31.345191605162345,1367.2599999990384,7885.763314961423
60364,31.345191605162345,1367.2799999990384,7885.80240373698
60365,31.345191605162345,1367.2999999990384,7885.841492201551
60366,31.345191605162345,1367.3199999990384,7885.880580355128
60367,31.345191605162345,1367.3399999990384,7885.9196681977
60368,31.345191605162345,1367.3599999990383,7885.958755729257
60369,31.345191605162345,1367.3799999990383,7885.99784294979
60370,31.345191605162345,1367.3999999990383,7886.036929859288
60371,31.345191605162345,1367.4199999990383,7886.0760164577405
60372,31.345191605162345,1367.4399999990383,7886.115102745139
60373,31.345191605162345,1367.4599999990382,7886.154188721473
60374,31.345191605162345,1367.4799999990382,7886.193274386731
60375,31.345191605162345,1367.4999999990382,7886.2323597409395
60376,31.345191605162345,1367.5199999990382,7886.271444784613
60377,31.345191605162345,1367.5399999990382,7886.310529517955
60378,31.345191605162345,1367.5599999990382,7886.349613940956
60379,31.345191605162345,1367.5799999990381,7886.388698053606
60380,31.345191605162345,1367.5999999990381,7886.427781855896
60381,31.345191605162345,1367.619999999038,7886.466865347814
60382,31.345191605162345,1367.639999999038,7886.505948529351
60383,31.345191605162345,1367.659999999038,7886.5450314004975
60384,31.345191605162345,1367.679999999038,7886.584113961243
60385,31.345191605162345,1367.699999999038,7886.623196211578
60386,31.345191605162345,1367.719999999038,7886.662278151492
60387,31.345191605162345,1367.739999999038,7886.701359780975
60388,31.345191605162345,1367.759999999038,7886.740441100017
60389,31.345191605162345,1367.779999999038,7886.779522108609
60390,31.345191605162345,1367.799999999038,7886.81860280674
60391,31.345191605162345,1367.819999999038,7886.857683194401
60392,31.345191605162345,1367.839999999038,7886.896763271581
60393,31.345191605162345,1367.8599999990379,7886.935843038271
60394,31.345191605162345,1367.8799999990379,7886.97492249446
60395,31.345191605162345,1367.8999999990378,7887.014001640139
60396,31.345191605162345,1367.9199999990378,7887.053080475298
60397,31.345191605162345,1367.9399999990378,7887.092158999926
60398,31.345191605162345,1367.9599999990378,7887.131237214014
60399,31.345191605162345,1367.9799999990378,7887.170315117552
60400,31.345191605162345,1367.9999999990378,7887.209392710529
60401,31.345191605162345,1368.0199999990377,7887.248469992936
60402,31.345191605162345,1368.0399999990377,7887.287546964763
60403,31.345191605162345,1368.0599999990377,7887.326623626001
60404,31.345191605162345,1368.0799999990377,7887.365699976638
60405,31.345191605162345,1368.0999999990377,7887.404776016665
60406,31.345191605162345,1368.1199999990376,7887.443851746072
60407,31.345191605162345,1368.1399999990376,7887.48292716485
60408,31.345191605162345,1368.1599999990376,7887.522002272987
60409,31.345191605162345,1368.1799999990376,7887.561077070475
60410,31.345191605162345,1368.1999999990376,7887.600151557303
60411,31.345191605162345,1368.2199999990376,7887.639225733462
60412,31.345191605162345,1368.2399999990375,7887.678299598941
60413,31.345191605162345,1368.2599999990375,7887.71737315373
60414,31.345191605162345,1368.2799999990375,7887.756446397819
60415,31.345191605162345,1368.2999999990375,7887.795519331199
60416,31.345191605162345,1368.3199999990375,7887.83459195386
60417,31.345191605162345,1368.3399999990374,7887.8736642657905
60418,31.345191605162345,1368.3599999990374,7887.912736266982
60419,31.345191605162345,1368.3799999990374,7887.9518079574245
60420,31.345191605162345,1368.3999999990374,7887.990879337108
60421,31.345191605162345,1368.4199999990374,7888.029950406021
60422,31.345191605162345,1368.4399999990374,7888.069021164156
60423,31.345191605162345,1368.4599999990373,7888.108091611501
60424,31.345191605162345,1368.4799999990373,7888.1471617480465
60425,31.345191605162345,1368.4999999990373,7888.1862315737835
60426,31.345191605162345,1368.5199999990373,7888.22530108875
60427,31.345191605162345,1368.5399999990373,7888.264370293555
60428,31.345191605162345,1368.5599999990372,7888.303439188376
60429,31.345191605162345,1368.5799999990372,7888.342507773202
60430,31.345191605162345,1368.5999999990372,7888.381576048023
60431,31.345191605162345,1368.6199999990372,7888.42064401283
60432,31.345191605162345,1368.6399999990372,7888.459711667612
60433,31.345191605162345,1368.6599999990372,7888.4987790123605
60434,31.345191605162345,1368.6799999990371,7888.537846047064
60435,31.345191605162345,1368.6999999990371,7888.576912771713
60436,31.345191605162345,1368.719999999037,7888.615979186298
60437,31.345191605162345,1368.739999999037,7888.6550452908095
60438,31.345191605162345,1368.759999999037,7888.694111085237
60439,31.345191605162345,1368.779999999037,7888.73317656957
60440,31.345191605162345,1368.799999999037,7888.772241743799
60441,31.345191605162345,1368.819999999037,7888.811306607914
60442,31.345191605162345,1368.839999999037,7888.850371161905
60443,31.345191605162345,1368.859999999037,7888.889435405763
60444,31.345191605162345,1368.879999999037,7888.928499339477
60445,31.345191605162345,1368.899999999037,7888.9675629630365
60446,31.345191605162345,1368.919999999037,7889.006626276433
60447,31.345191605162345,1368.939999999037,7889.0456892796565
60448,31.345191605162345,1368.9599999990369,7889.084751972696
60449,31.345191605162345,1368.9799999990369,7889.123814355542
60450,31.345191605162345,1368.9999999990368,7889.162876428185
60451,31.345191605162345,1369.0199999990368,7889.201938190615
60452,31.345191605162345,1369.0399999990368,7889.240999642821
60453,31.345191605162345,1369.0599999990368,7889.280060784795
60454,31.345191605162345,1369.0799999990368,7889.319121616525
60455,31.345191605162345,1369.0999999990368,7889.358182138002
60456,31.345191605162345,1369.1199999990367,7889.397242349217
60457,31.345191605162345,1369.1399999990367,7889.436302250158
60458,31.345191605162345,1369.1599999990367,7889.475361840818
60459,31.345191605162345,1369.1799999990367,7889.514421121184
60460,31.345191605162345,1369.1999999990367,7889.553480091247
60461,31.345191605162345,1369.2199999990366,7889.592538750999
60462,31.345191605162345,1369.2399999990366,7889.631597100427
60463,31.345191605162345,1369.2599999990366,7889.670655139523
60464,31.345191605162345,1369.2799999990366,7889.709712868276
60465,31.345191605162345,1369.2999999990366,7889.748770286677
60466,31.345191605162345,1369.3199999990366,7889.787827394716
60467,31.345191605162345,1369.3399999990365,7889.826884192383
60468,31.345191605162345,1369.3599999990365,7889.865940679668
60469,31.345191605162345,1369.3799999990365,7889.9049968565605
60470,31.345191605162345,1369.3999999990365,7889.944052723051
60471,31.345191605162345,1369.4199999990365,7889.98310827913
60472,31.345191605162345,1369.4399999990364,7890.022163524758
60473,31.345191605162345,1369.4599999990364,7890.061218459761
60474,31.345191605162345,1369.4799999990364,7890.100273084115
60475,31.345191605162345,1369.4999999990364,7890.139327397809
60476,31.345191605162345,1369.5199999990364,7890.178381400834
60477,31.345191605162345,1369.5399999990364,7890.217435093238
60478,31.345191605162345,1369.5599999990363,7890.256488475673
60479,31.345191605162345,1369.5799999990363,7890.295541548264
60480,31.345191605162345,1369.5999999990363,7890.334594311002
60481,31.345191605162345,1369.6199999990363,7890.373646763876
60482,31.345191605162345,1369.6399999990363,7890.412698906878
60483,31.345191605162345,1369.6599999990362,7890.451750739997
60484,31.345191605162345,1369.6799999990362,7890.490802263223
60485,31.345191605162345,1369.6999999990362,7890.529853476545
60486,31.345191605162345,1369.7199999990362,7890.568904379956
60487,31.345191605162345,1369.7399999990362,7890.607954973444
60488,31.345191605162345,1369.7599999990362,7890.647005256999
60489,31.345191605162345,1369.7799999990361,7890.6860552306125
60490,31.345191605162345,1369.7999999990361,7890.7251048942735
60491,31.345191605162345,1369.819999999036,7890.764154247973
60492,31.345191605162345,1369.839999999036,7890.803203291701
60493,31.345191605162345,1369.859999999036,7890.842252025447
60494,31.345191605162345,1369.879999999036,7890.881300449201
60495,31.345191605162345,1369.899999999036,7890.920348562954
60496,31.345191605162345,1369.919999999036,7890.959396366696
60497,31.345191605162345,1369.939999999036,7890.998443860416
60498,31.345191605162345,1369.959999999036,7891.037491044106
60499,31.345191605162345,1369.979999999036,7891.076537917755
60500,31.345191605162345,1369.999999999036,7891.115584481353
60501,31.345191605162345,1370.019999999036,7891.15463073489
60502,31.345191605162345,1370.039999999036,7891.1936766783565
60503,31.345191605162345,1370.0599999990359,7891.232722311743
60504,31.345191605162345,1370.0799999990359,7891.2717676350385
60505,31.345191605162345,1370.0999999990358,7891.310812648235
60506,31.345191605162345,1370.1199999990358,7891.349857351321
60507,31.345191605162345,1370.1399999990358,7891.388901744287
60508,31.345191605162345,1370.1599999990358,7891.427945827124
60509,31.345191605162345,1370.1799999990358,7891.466989599821
60510,31.345191605162345,1370.1999999990358,7891.506033062369
60511,31.345191605162345,1370.2199999990357,7891.5450762147575
60512,31.345191605162345,1370.2399999990357,7891.584119056976
60513,31.345191605162345,1370.2599999990357,7891.6231615890165
60514,31.345191605162345,1370.2799999990357,7891.662203810868
60515,31.345191605162345,1370.2999999990357,7891.70124572252
60516,31.345191605162345,1370.3199999990356,7891.7402873239635
60517,31.345191605162345,1370.3399999990356,7891.779328615188
60518,31.345191605162345,1370.3599999990356,7891.818369596185
60519,31.345191605162345,1370.3799999990356,7891.857410266944
60520,31.345191605162345,1370.3999999990356,7891.896450627454
60521,31.345191605162345,1370.4199999990356,7891.935490677706
60522,31.345191605162345,1370.4399999990355,7891.97453041769
60523,31.345191605162345,1370.4599999990355,7892.013569847397
60524,31.345191605162345,1370.4799999990355,7892.0526089668165
60525,31.345191605162345,1370.4999999990355,7892.091647775938
60526,31.345191605162345,1370.5199999990355,7892.130686274752
60527,31.345191605162345,1370.5399999990354,7892.16972446325
60528,31.345191605162345,1370.5599999990354,7892.208762341488
60529,31.345191605162345,1370.5799999990354,7892.247799910161
60530,31.345191605162345,1370.5999999990354,7892.286837169344
60531,31.345191605162345,1370.6199999990354,7892.325874119027
60532,31.345191605162345,1370.6399999990354,7892.364910759199
60533,31.345191605162345,1370.6599999990353,7892.403947089852
60534,31.345191605162345,1370.6799999990353,7892.442983110976
60535,31.345191605162345,1370.6999999990353,7892.482018822559
60536,31.345191605162345,1370.7199999990353,7892.521054224594
60537,31.345191605162345,1370.7399999990353,7892.5600893170695
60538,31.345191605162345,1370.7599999990352,7892.5991240999765
60539,31.345191605162345,1370.7799999990352,7892.638158573304
60540,31.345191605162345,1370.7999999990352,7892.677192737044
60541,31.345191605162345,1370.8199999990352,7892.716226591184
60542,31.345191605162345,1370.8399999990352,7892.755260135716
60543,31.345191605162345,1370.8599999990352,7892.79429337063
60544,31.345191605162345,1370.8799999990351,7892.833326295916
60545,31.345191605162345,1370.8999999990351,7892.872358911563
60546,31.345191605162345,1370.919999999035,7892.9113912175635
60547,31.345191605162345,1370.939999999035,7892.950423213906
60548,31.345191605162345,1370.959999999035,7892.989454900581
60549,31.345191605162345,1370.979999999035,7893.028486277579
60550,31.345191605162345,1370.999999999035,7893.067517344889
60551,31.345191605162345,1371.019999999035,7893.1065481025025
60552,31.345191605162345,1371.039999999035,7893.145578550409
60553,31.345191605162345,1371.059999999035,7893.184608688598
60554,31.345191605162345,1371.079999999035,7893.223638517061
60555,31.345191605162345,1371.099999999035,7893.262668035787
60556,31.345191605162345,1371.119999999035,7893.301697244767
60557,31.345191605162345,1371.139999999035,7893.340726143991
60558,31.345191605162345,1371.1599999990349,7893.379754733449
60559,31.345191605162345,1371.1799999990349,7893.41878301313
60560,31.345191605162345,1371.1999999990348,7893.457810983026
60561,31.345191605162345,1371.2199999990348,7893.496838643127
60562,31.345191605162345,1371.2399999990348,7893.535865993423
60563,31.345191605162345,1371.2599999990348,7893.574893033902
60564,31.345191605162345,1371.2799999990348,7893.613919764557
60565,31.345191605162345,1371.2999999990348,7893.652946185377
60566,31.345191605162345,1371.3199999990347,7893.691972296352
60567,31.345191605162345,1371.3399999990347,7893.730998097472
60568,31.345191605162345,1371.3599999990347,7893.770023588729
60569,31.345191605162345,1371.3799999990347,7893.80904877011
60570,31.345191605162345,1371.3999999990347,7893.848073641608
60571,31.345191605162345,1371.4199999990346,7893.887098203211
60572,31.345191605162345,1371.4399999990346,7893.926122454911
60573,31.345191605162345,1371.4599999990346,7893.965146396697
60574,31.345191605162345,1371.4799999990346,7894.004170028558
60575,31.345191605162345,1371.4999999990346,7894.043193350487
60576,31.345191605162345,1371.5199999990346,7894.082216362472
60577,31.345191605162345,1371.5399999990345,7894.121239064503
60578,31.345191605162345,1371.5599999990345,7894.160261456572
60579,31.345191605162345,1371.5799999990345,7894.1992835387755
60580,31.345191605162345,1371.5999999990345,7894.23830531179
60581,31.345191605162345,1371.6199999990345,7894.27732677567
60582,31.345191605162345,1371.6399999990344,7894.316347930406
60583,31.345191605162345,1371.6599999990344,7894.355368775987
60584,31.345191605162345,1371.6799999990344,7894.394389312403
60585,31.345191605162345,1371.6999999990344,7894.433409539645
60586,31.345191605162345,1371.7199999990344,7894.472429457704
60587,31.345191605162345,1371.7399999990344,7894.511449066567
60588,31.345191605162345,1371.7599999990343,7894.5504683662275
60589,31.345191605162345,1371.7799999990343,7894.589487356674
60590,31.345191605162345,1371.7999999990343,7894.628506037898
60591,31.345191605162345,1371.8199999990343,7894.667524409888
60592,31.345191605162345,1371.8399999990343,7894.706542472635
60593,31.345191605162345,1371.8599999990342,7894.74556022613
60594,31.345191605162345,1371.8799999990342,7894.784577670362
60595,31.345191605162345,1371.8999999990342,7894.823594805321
60596,31.345191605162345,1371.9199999990342,7894.862611630997
60597,31.345191605162345,1371.9399999990342,7894.901628147381
60598,31.345191605162345,1371.9599999990342,7894.940644354464
60599,31.345191605162345,1371.9799999990341,7894.979660252235
60600,31.345191605162345,1371.9999999990341,7895.0186758406835
60601,31.345191605162345,1372.019999999034,7895.0576911198
60602,31.345191605162345,1372.039999999034,7895.096706089576
60603,31.345191605162345,1372.059999999034,7895.135720750001
60604,31.345191605162345,1372.079999999034,7895.1747351010645
60605,31.345191605162345,1372.099999999034,7895.2137491427575
60606,31.345191605162345,1372.119999999034,7895.2527628750695
60607,31.345191605162345,1372.139999999034,7895.2917762979905
60608,31.345191605162345,1372.159999999034,7895.330789411511
60609,31.345191605162345,1372.179999999034,7895.369802215622
60610,31.345191605162345,1372.199999999034,7895.408814710313
60611,31.345191605162345,1372.219999999034,7895.447826895574
60612,31.345191605162345,1372.239999999034,7895.486838771394
60613,31.345191605162345,1372.2599999990339,7895.525850337765
60614,31.345191605162345,1372.2799999990339,7895.5648615946775
60615,31.345191605162345,1372.2999999990338,7895.60387254212
60616,31.345191605162345,1372.3199999990338,7895.642883180084
60617,31.345191605162345,1372.3399999990338,7895.6818935085585
60618,31.345191605162345,1372.3599999990338,7895.720903527535
60619,31.345191605162345,1372.3799999990338,7895.759913237002
60620,31.345191605162345,1372.3999999990338,7895.798922636952
60621,31.345191605162345,1372.4199999990337,7895.837931727373
60622,31.345191605162345,1372.4399999990337,7895.876940508256
60623,31.345191605162345,1372.4599999990337,7895.91594897959
60624,31.345191605162345,1372.4799999990337,7895.954957141367
60625,31.345191605162345,1372.4999999990337,7895.993964993577
60626,31.345191605162345,1372.5199999990336,7896.032972536209
60627,31.345191605162345,1372.5399999990336,7896.071979769254
60628,31.345191605162345,1372.5599999990336,7896.110986692702
60629,31.345191605162345,1372.5799999990336,7896.1499933065425
60630,31.345191605162345,1372.5999999990336,7896.18899961094
60631,31.345191605162345,1372.6199999990336,7896.228005606591
60632,31.345191605162345,1372.6399999990335,7896.267011293544
60633,31.345191605162345,1372.6599999990335,7896.306016671789
60634,31.345191605162345,1372.6799999990335,7896.3450217413165
60635,31.345191605162345,1372.6999999990335,7896.384026502117
60636,31.345191605162345,1372.7199999990335,7896.423030954181
60637,31.345191605162345,1372.7399999990334,7896.462035097497
60638,31.345191605162345,1372.7599999990334,7896.501038932057
60639,31.345191605162345,1372.7799999990334,7896.54004245785
60640,31.345191605162345,1372.7999999990334,7896.579045674867
60641,31.345191605162345,1372.8199999990334,7896.618048583099
60642,31.345191605162345,1372.8399999990334,7896.657051182535
60643,31.345191605162345,1372.8599999990333,7896.696053473165
60644,31.345191605162345,1372.8799999990333,7896.73505545498
60645,31.345191605162345,1372.8999999990333,7896.77405712797
60646,31.305065337999114,1372.9199999990333,7896.8130584921255
60647,31.305065337999114,1372.9399999990333,7896.852059547436
60648,31.305065337999114,1372.9599999990332,7896.891060293891
60649,31.305065337999114,1372.9799999990332,7896.9300607314835
60650,31.305065337999114,1372.9999999990332,7896.969060860201
60651,31.305065337999114,1373.0199999990332,7897.008060680036
60652,31.305065337999114,1373.0399999990332,7897.0470601909765
60653,31.305065337999114,1373.0599999990332,7897.086059393014
60654,31.305065337999114,1373.0799999990331,7897.125058286138
60655,31.305065337999114,1373.0999999990331,7897.164056870339
60656,31.305065337999114,1373.119999999033,7897.203055145607
60657,31.305065337999114,1373.139999999033,7897.242053111933
60658,31.305065337999114,1373.159999999033,7897.2810507693075
60659,31.305065337999114,1373.179999999033,7897.320048117719
60660,31.305065337999114,1373.199999999033,7897.359045157159
60661,31.305065337999114,1373.219999999033,7897.398041887617
60662,31.305065337999114,1373.239999999033,7897.4370383090845
60663,31.305065337999114,1373.259999999033,7897.476034421551
60664,31.305065337999114,1373.279999999033,7897.515030225006
60665,31.305065337999114,1373.299999999033,7897.554025719441
60666,31.305065337999114,1373.319999999033,7897.593020904845
60667,31.305065337999114,1373.339999999033,7897.632015781209
60668,31.305065337999114,1373.3599999990329,7897.671010348522
60669,31.305065337999114,1373.3799999990329,7897.710004606776
60670,31.305065337999114,1373.3999999990328,7897.7489985559605
60671,31.305065337999114,1373.4199999990328,7897.787992196066
60672,31.305065337999114,1373.4399999990328,7897.826985527081
60673,31.305065337999114,1373.4599999990328,7897.865978548997
60674,31.305065337999114,1373.4799999990328,7897.904971261805
60675,31.305065337999114,1373.4999999990328,7897.943963665494
60676,31.305065337999114,1373.5199999990327,7897.982955760055
60677,31.305065337999114,1373.5399999990327,7898.021947545478
60678,31.305065337999114,1373.5599999990327,7898.060939021753
60679,31.305065337999114,1373.5799999990327,7898.0999301888705
60680,31.305065337999114,1373.5999999990327,7898.1389210468205
60681,31.305065337999114,1373.6199999990326,7898.177911595781
60682,31.305065337999114,1373.6399999990326,7898.216901836284
60683,31.305065337999114,1373.6599999990326,7898.255891768359
60684,31.305065337999114,1373.6799999990326,7898.2948813919975
60685,31.305065337999114,1373.6999999990326,7898.333870707188
60686,31.305065337999114,1373.7199999990326,7898.372859713922
60687,31.305065337999114,1373.7399999990325,7898.411848412189
60688,31.305065337999114,1373.7599999990325,7898.45083680198
60689,31.305065337999114,1373.7799999990325,7898.489824883284
60690,31.305065337999114,1373.7999999990325,7898.528812656093
60691,31.305065337999114,1373.8199999990325,7898.567800120396
60692,31.305065337999114,1373.8399999990324,7898.606787276184
60693,31.305065337999114,1373.8599999990324,7898.645774123447
60694,31.305065337999114,1373.8799999990324,7898.684760662175
60695,31.305065337999114,1373.8999999990324,7898.723746892358
60696,31.305065337999114,1373.9199999990324,7898.762732813986
60697,31.305065337999114,1373.9399999990324,7898.80171842705
60698,31.305065337999114,1373.9599999990323,7898.840703731541
60699,31.305065337999114,1373.9799999990323,7898.8796887274475
60700,31.305065337999114,1373.9999999990323,7898.918673414761
60701,31.305065337999114,1374.0199999990323,7898.957657793471
60702,31.305065337999114,1374.0399999990323,7898.996641863569
60703,31.305065337999114,1374.0599999990322,7899.035625625043
60704,31.305065337999114,1374.0799999990322,7899.074609077886
60705,31.305065337999114,1374.0999999990322,7899.113592222086
60706,31.305065337999114,1374.1199999990322,7899.152575057634
60707,31.305065337999114,1374.1399999990322,7899.1915575845205
60708,31.305065337999114,1374.1599999990322,7899.230539802736
60709,31.305065337999114,1374.1799999990321,7899.269521712269
60710,31.305065337999114,1374.1999999990321,7899.308503313112
60711,31.305065337999114,1374.219999999032,7899.347484605254
60712,31.305065337999114,1374.239999999032,7899.3864655886855
60713,31.305065337999114,1374.259999999032,7899.425446263397
60714,31.305065337999114,1374.279999999032,7899.464426629379
60715,31.305065337999114,1374.299999999032,7899.503406686621
60716,31.305065337999114,1374.319999999032,7899.542386435113
60717,31.305065337999114,1374.339999999032,7899.581365874847
60718,31.305065337999114,1374.359999999032,7899.620345005811
60719,31.305065337999114,1374.379999999032,7899.659323827997
60720,31.305065337999114,1374.399999999032,7899.698302341394
60721,31.305065337999114,1374.419999999032,7899.737280545994
60722,31.305065337999114,1374.439999999032,7899.776258441785
60723,31.305065337999114,1374.4599999990319,7899.815236028759
60724,31.305065337999114,1374.4799999990319,7899.854213306905
60725,31.305065337999114,1374.4999999990318,7899.893190276214
60726,31.305065337999114,1374.5199999990318,7899.932166936676
60727,31.305065337999114,1374.5399999990318,7899.971143288282
60728,31.305065337999114,1374.5599999990318,7900.010119331011
60729,31.305065337999114,1374.5799999990318,7900.0490950646945
60730,31.305065337999114,1374.5999999990318,7900.088070489254
60731,31.305065337999114,1374.6199999990317,7900.127045604681
60732,31.305065337999114,1374.6399999990317,7900.16602041122
60733,31.305065337999114,1374.6599999990317,7900.204994909416
60734,31.305065337999114,1374.6799999990317,7900.2439690992915
60735,31.305065337999114,1374.6999999990317,7900.282942980836
60736,31.305065337999114,1374.7199999990316,7900.32191655404
60737,31.305065337999114,1374.7399999990316,7900.360889818893
60738,31.305065337999114,1374.7599999990316,7900.399862775385
60739,31.305065337999114,1374.7799999990316,7900.438835423506
60740,31.305065337999114,1374.7999999990316,7900.477807763245
60741,31.305065337999114,1374.8199999990316,7900.516779794593
60742,31.305065337999114,1374.8399999990315,7900.55575151754
60743,31.305065337999114,1374.8599999990315,7900.594722932074
60744,31.305065337999114,1374.8799999990315,7900.633694038185
60745,31.305065337999114,1374.8999999990315,7900.672664835865
60746,31.305065337999114,1374.9199999990315,7900.711635325103
60747,31.305065337999114,1374.9399999990314,7900.750605505888
60748,31.305065337999114,1374.9599999990314,7900.78957537821
60749,31.305065337999114,1374.9799999990314,7900.82854494206
60750,31.305065337999114,1374.9999999990314,7900.867514197426
60751,31.305065337999114,1375.0199999990314,7900.906483144299
60752,31.305065337999114,1375.0399999990314,7900.945451782669
60753,31.305065337999114,1375.0599999990313,7900.984420112525
60754,31.305065337999114,1375.0799999990313,7901.023388133858
60755,31.305065337999114,1375.0999999990313,7901.062355846657
60756,31.305065337999114,1375.1199999990313,7901.101323250912
60757,31.305065337999114,1375.1399999990313,7901.140290346613
60758,31.305065337999114,1375.1599999990312,7901.17925713375
60759,31.305065337999114,1375.1799999990312,7901.218223612313
60760,31.305065337999114,1375.1999999990312,7901.25718978229
60761,31.305065337999114,1375.2199999990312,7901.296155643673
60762,31.305065337999114,1375.2399999990312,7901.335121196451
60763,31.305065337999114,1375.2599999990312,7901.374086440614
60764,31.305065337999114,1375.2799999990311,7901.413051376151
60765,31.305065337999114,1375.2999999990311,7901.452016003053
60766,31.305065337999114,1375.319999999031,7901.4909803213095
60767,31.305065337999114,1375.339999999031,7901.52994433091
60768,31.305065337999114,1375.359999999031,7901.568908031845
60769,31.305065337999114,1375.379999999031,7901.607871424104
60770,31.305065337999114,1375.399999999031,7901.646834507676
60771,31.305065337999114,1375.419999999031,7901.685797282553
60772,31.305065337999114,1375.439999999031,7901.724759748722
60773,31.305065337999114,1375.459999999031,7901.763721906175
60774,31.305065337999114,1375.479999999031,7901.802683754901
60775,31.305065337999114,1375.499999999031,7901.84164529489
60776,31.305065337999114,1375.519999999031,7901.880606526132
60777,31.305065337999114,1375.539999999031,7901.919567448616
60778,31.305065337999114,1375.5599999990309,7901.958528062333
60779,31.305065337999114,1375.5799999990309,7901.997488367272
60780,31.305065337999114,1375.5999999990308,7902.036448363424
60781,31.305065337999114,1375.6199999990308,7902.075408050778
60782,31.305065337999114,1375.6399999990308,7902.114367429323
60783,31.305065337999114,1375.6599999990308,7902.153326499354
60784,31.305065337999114,1375.6799999990308,7902.192285261377
60785,31.305065337999114,1375.6999999990308,7902.231243715404
60786,31.305065337999114,1375.7199999990307,7902.270201861425
60787,31.305065337999114,1375.7399999990307,7902.309159699431
60788,31.305065337999114,1375.7599999990307,7902.34811722941
60789,31.305065337999114,1375.7799999990307,7902.387074451352
60790,31.305065337999114,1375.7999999990307,7902.4260313652485
60791,31.305065337999114,1375.8199999990306,7902.464987971088
60792,31.305065337999114,1375.8399999990306,7902.50394426886
60793,31.305065337999114,1375.8599999990306,7902.542900258556
60794,31.305065337999114,1375.8799999990306,7902.581855940165
60795,31.305065337999114,1375.8999999990306,7902.620811313677
60796,31.305065337999114,1375.9199999990306,7902.659766379082
60797,31.305065337999114,1375.9399999990305,7902.6987211363685
60798,31.305065337999114,1375.9599999990305,7902.7376755855275
60799,31.305065337999114,1375.9799999990305,7902.776629726549
60800,31.305065337999114,1375.9999999990305,7902.8155835594225
60801,31.305065337999114,1376.0199999990305,7902.854537084138
60802,31.305065337999114,1376.0399999990304,7902.893490300686
60803,31.305065337999114,1376.0599999990304,7902.932443209055
60804,31.305065337999114,1376.0799999990304,7902.971395809236
60805,31.305065337999114,1376.0999999990304,7903.010348101218
60806,31.305065337999114,1376.1199999990304,7903.049300084992
60807,31.305065337999114,1376.1399999990304,7903.088251760546
60808,31.305065337999114,1376.1599999990303,7903.127203127871
60809,31.305065337999114,1376.1799999990303,7903.166154186958
60810,31.305065337999114,1376.1999999990303,7903.205104937795
60811,31.305065337999114,1376.2199999990303,7903.244055380373
60812,31.305065337999114,1376.2399999990303,7903.283005514681
60813,31.305065337999114,1376.2599999990302,7903.321955340709
60814,31.305065337999114,1376.2799999990302,7903.360904858447
60815,31.305065337999114,1376.2999999990302,7903.399854067885
60816,31.305065337999114,1376.3199999990302,7903.438802969013
60817,31.305065337999114,1376.3399999990302,7903.477751561821
60818,31.305065337999114,1376.3599999990302,7903.516699846298
60819,31.305065337999114,1376.3799999990301,7903.555647822435
60820,31.305065337999114,1376.3999999990301,7903.594595490221
60821,31.305065337999114,1376.41999999903,7903.633542849646
60822,31.305065337999114,1376.43999999903,7903.6724899007
60823,31.305065337999114,1376.45999999903,7903.711436643373
60824,31.305065337999114,1376.47999999903,7903.750383077655
60825,31.305065337999114,1376.49999999903,7903.789329203535
60826,31.305065337999114,1376.51999999903,7903.828275021004
60827,31.305065337999114,1376.53999999903,7903.867220530051
60828,31.305065337999114,1376.55999999903,7903.906165730666
60829,31.305065337999114,1376.57999999903,7903.945110622839
60830,31.305065337999114,1376.59999999903,7903.98405520656
60831,31.305065337999114,1376.61999999903,7904.022999481818
60832,31.305065337999114,1376.63999999903,7904.061943448604
60833,31.305065337999114,1376.6599999990299,7904.100887106908
60834,31.305065337999114,1376.6799999990299,7904.139830457074
60835,31.305065337999114,1376.6999999990298,7904.178773499568
60836,31.305065337999114,1376.7199999990298,7904.217716234391
60837,31.305065337999114,1376.7399999990298,7904.256658661536
60838,31.305065337999114,1376.7599999990298,7904.295600780991
60839,31.305065337999114,1376.7799999990298,7904.334542592746
60840,31.305065337999114,1376.7999999990298,7904.373484096792
60841,31.305065337999114,1376.8199999990297,7904.412425293118
60842,31.305065337999114,1376.8399999990297,7904.451366181714
60843,31.305065337999114,1376.8599999990297,7904.490306762569
60844,31.305065337999114,1376.8799999990297,7904.529247035674
60845,31.305065337999114,1376.8999999990297,7904.568187001019
60846,31.305065337999114,1376.9199999990296,7904.607126658594
60847,31.305065337999114,1376.9399999990296,7904.6460660083885
60848,31.305065337999114,1376.9599999990296,7904.685005050392
60849,31.305065337999114,1376.9799999990296,7904.723943784595
60850,31.305065337999114,1376.9999999990296,7904.762882210986
60851,31.305065337999114,1377.0199999990296,7904.801820329558
60852,31.305065337999114,1377.0399999990295,7904.840758140298
60853,31.305065337999114,1377.0599999990295,7904.879695643197
60854,31.305065337999114,1377.0799999990295,7904.918632838245
60855,31.305065337999114,1377.0999999990295,7904.957569725431
60856,31.305065337999114,1377.1199999990295,7904.996506304747
60857,31.305065337999114,1377.1399999990294,7905.035442576181
60858,31.305065337999114,1377.1599999990294,7905.074378539723
60859,31.305065337999114,1377.1799999990294,7905.113314195363
60860,31.305065337999114,1377.1999999990294,7905.152249543092
60861,31.305065337999114,1377.2199999990294,7905.191184582898
60862,31.305065337999114,1377.2399999990294,7905.230119314772
60863,31.305065337999114,1377.2599999990293,7905.269053738704
60864,31.305065337999114,1377.2799999990293,7905.307987854684
60865,31.305065337999114,1377.2999999990293,7905.346921662702
60866,31.305065337999114,1377.3199999990293,7905.385855162747
60867,31.305065337999114,1377.3399999990293,7905.4247883548105
60868,31.305065337999114,1377.3599999990292,7905.463721238881
60869,31.305065337999114,1377.3799999990292,7905.502653814949
60870,31.305065337999114,1377.3999999990292,7905.5415860830035
60871,31.305065337999114,1377.4199999990292,7905.580518043035
60872,31.305065337999114,1377.4399999990292,7905.619449695034
60873,31.305065337999114,1377.4599999990292,7905.658381038989
60874,31.305065337999114,1377.4799999990291,7905.697312074892
60875,31.305065337999114,1377.4999999990291,7905.736242802731
60876,31.305065337999114,1377.519999999029,7905.775173222497
60877,31.305065337999114,1377.539999999029,7905.814103334179
60878,31.305065337999114,1377.559999999029,7905.853033137768
60879,31.305065337999114,1377.579999999029,7905.891962633253
60880,31.305065337999114,1377.599999999029,7905.930891820623
60881,31.305065337999114,1377.619999999029,7905.96982069987
60882,31.305065337999114,1377.639999999029,7906.008749270983
60883,31.305065337999114,1377.659999999029,7906.047677533951
60884,31.305065337999114,1377.679999999029,7906.086605488766
60885,31.305065337999114,1377.699999999029,7906.125533135824
60886,31.305065337999114,1377.719999999029,7906.164460475556
60887,31.305065337999114,1377.739999999029,7906.203387507952
60888,31.305065337999114,1377.7599999990289,7906.242314233005
60889,31.305065337999114,1377.7799999990289,7906.281240650704
60890,31.305065337999114,1377.7999999990288,7906.320166761037
60891,31.305065337999114,1377.8199999990288,7906.3590925639965
60892,31.305065337999114,1377.8399999990288,7906.398018059571
60893,31.305065337999114,1377.8599999990288,7906.436943247751
60894,31.305065337999114,1377.8799999990288,7906.475868128525
60895,31.305065337999114,1377.8999999990288,7906.514792701884
60896,31.305065337999114,1377.9199999990287,7906.553716967818
60897,31.305065337999114,1377.9399999990287,7906.592640926317
60898,31.305065337999114,1377.9599999990287,7906.631564577369
60899,31.305065337999114,1377.9799999990287,7906.6704879209665
60900,31.305065337999114,1377.9999999990287,7906.709410957097
60901,31.305065337999114,1378.0199999990286,7906.748333685752
60902,31.305065337999114,1378.0399999990286,7906.787256106921
60903,31.305065337999114,1378.0599999990286,7906.826178220593
60904,31.305065337999114,1378.0799999990286,7906.865100026758
60905,31.305065337999114,1378.0999999990286,7906.904021525407
60906,31.305065337999114,1378.1199999990286,7906.94294271653
60907,31.305065337999114,1378.1399999990285,7906.981863600115
60908,31.305065337999114,1378.1599999990285,7907.020784176153
60909,31.305065337999114,1378.1799999990285,7907.059704444634
60910,31.305065337999114,1378.1999999990285,7907.0986244055475
60911,31.305065337999114,1378.2199999990285,7907.137544058884
60912,31.305065337999114,1378.2399999990284,7907.176463404631
60913,31.305065337999114,1378.2599999990284,7907.215382442781
60914,31.305065337999114,1378.2799999990284,7907.254301173323
60915,31.305065337999114,1378.2999999990284,7907.293219596248
60916,31.305065337999114,1378.3199999990284,7907.3321377115435
60917,31.305065337999114,1378.3399999990284,7907.371055519201
60918,31.305065337999114,1378.3599999990283,7907.409973019209
60919,31.305065337999114,1378.3799999990283,7907.448890211559
60920,31.305065337999114,1378.3999999990283,7907.4878070962395
60921,31.305065337999114,1378.4199999990283,7907.526723673242
60922,31.305065337999114,1378.4399999990283,7907.565639942554
60923,31.305065337999114,1378.4599999990282,7907.604555904168
60924,31.305065337999114,1378.4799999990282,7907.643471558072
60925,31.305065337999114,1378.4999999990282,7907.6823869042555
60926,31.305065337999114,1378.5199999990282,7907.72130194271
60927,31.305065337999114,1378.5399999990282,7907.760216673424
60928,31.305065337999114,1378.5599999990282,7907.799131096388
60929,31.305065337999114,1378.5799999990281,7907.838045211592
60930,31.305065337999114,1378.5999999990281,7907.876959019025
60931,31.305065337999114,1378.619999999028,7907.915872518678
60932,31.305065337999114,1378.639999999028,7907.954785710541
60933,31.305065337999114,1378.659999999028,7907.993698594602
60934,31.305065337999114,1378.679999999028,7908.032611170853
60935,31.305065337999114,1378.699999999028,7908.071523439289
60936,31.305065337999114,1378.719999999028,7908.110435400388
60937,31.305065337999114,1378.739999999028,7908.149347054564
60938,31.305065337999114,1378.759999999028,7908.188258401805
60939,31.305065337999114,1378.779999999028,7908.227169442102
60940,31.26502460996959,1378.799999999028,7908.266080175446
60941,31.26502460996959,1378.819999999028,7908.304990601828
60942,31.26502460996959,1378.839999999028,7908.343900721236
60943,31.26502460996959,1378.8599999990279,7908.382810533663
60944,31.26502460996959,1378.8799999990279,7908.421720039098
60945,31.26502460996959,1378.8999999990278,7908.46062923753
60946,31.26502460996959,1378.9199999990278,7908.499538128952
60947,31.26502460996959,1378.9399999990278,7908.538446713353
60948,31.26502460996959,1378.9599999990278,7908.577354990723
60949,31.26502460996959,1378.9799999990278,7908.616262961052
60950,31.26502460996959,1378.9999999990278,7908.655170624331
60951,31.26502460996959,1379.0199999990277,7908.69407798055
60952,31.26502460996959,1379.0399999990277,7908.7329850297
60953,31.26502460996959,1379.0599999990277,7908.771891771771
60954,31.26502460996959,1379.0799999990277,7908.810798206753
60955,31.26502460996959,1379.0999999990277,7908.849704334637
60956,31.26502460996959,1379.1199999990276,7908.888610155413
60957,31.26502460996959,1379.1399999990276,7908.92751566907
60958,31.26502460996959,1379.1599999990276,7908.9664208756
60959,31.26502460996959,1379.1799999990276,7909.005325774993
60960,31.26502460996959,1379.1999999990276,7909.04423036724
60961,31.26502460996959,1379.2199999990276,7909.08313465233
60962,31.26502460996959,1379.2399999990275,7909.122038630254
60963,31.26502460996959,1379.2599999990275,7909.160942301001
60964,31.26502460996959,1379.2799999990275,7909.199845664563
60965,31.26502460996959,1379.2999999990275,7909.23874872093
60966,31.26502460996959,1379.3199999990275,7909.277651470092
60967,31.26502460996959,1379.3399999990274,7909.316553912039
60968,31.26502460996959,1379.3599999990274,7909.355456046762
60969,31.26502460996959,1379.3799999990274,7909.394357874251
60970,31.26502460996959,1379.3999999990274,7909.433259394496
60971,31.26502460996959,1379.4199999990274,7909.472160607489
60972,31.26502460996959,1379.4399999990273,7909.511061513218
60973,31.26502460996959,1379.4599999990273,7909.549962111675
60974,31.26502460996959,1379.4799999990273,7909.588862402849
60975,31.26502460996959,1379.4999999990273,7909.627762386732
60976,31.26502460996959,1379.5199999990273,7909.666662063312
60977,31.26502460996959,1379.5399999990273,7909.705561432582
60978,31.26502460996959,1379.5599999990272,7909.74446049453
60979,31.26502460996959,1379.5799999990272,7909.783359249148
60980,31.26502460996959,1379.5999999990272,7909.822257696425
60981,31.26502460996959,1379.6199999990272,7909.861155836353
60982,31.26502460996959,1379.6399999990272,7909.90005366892
60983,31.26502460996959,1379.6599999990271,7909.938951194118
60984,31.26502460996959,1379.6799999990271,7909.977848411937
60985,31.26502460996959,1379.699999999027,7910.016745322352
60986,31.26502460996959,1379.719999999027,7910.055641925205
60987,31.26502460996959,1379.739999999027,7910.094538220898
60988,31.26502460996959,1379.759999999027,7910.133434209728
60989,31.26502460996959,1379.779999999027,7910.172329891684
60990,31.26502460996959,1379.799999999027,7910.2112252667575
60991,31.26502460996959,1379.819999999027,7910.250120334938
60992,31.26502460996959,1379.839999999027,7910.289015096218
60993,31.26502460996959,1379.859999999027,7910.327909550585
60994,31.26502460996959,1379.879999999027,7910.366803698032
60995,31.26502460996959,1379.899999999027,7910.405697538547
60996,31.26502460996959,1379.919999999027,7910.444591072123
60997,31.26502460996959,1379.939999999027,7910.483484298749
60998,31.26502460996959,1379.9599999990269,7910.522377218416
60999,31.26502460996959,1379.9799999990269,7910.561269831114
61000,31.26502460996959,1379.9999999990268,7910.600162136834
61001,31.26502460996959,1380.0199999990268,7910.639054135566
61002,31.26502460996959,1380.0399999990268,7910.6779458273
61003,31.26502460996959,1380.0599999990268,7910.716837212029
61004,31.26502460996959,1380.0799999990268,7910.75572828974
61005,31.26502460996959,1380.0999999990267,7910.794619060425
61006,31.26502460996959,1380.1199999990267,7910.833509524075
61007,31.26502460996959,1380.1399999990267,7910.87239968068
61008,31.26502460996959,1380.1599999990267,7910.9112895302305
61009,31.26502460996959,1380.1799999990267,7910.950179072716
61010,31.26502460996959,1380.1999999990267,7910.9890683081285
61011,31.26502460996959,1380.2199999990266,7911.027957236458
61012,31.26502460996959,1380.2399999990266,7911.066845857695
61013,31.26502460996959,1380.2599999990266,7911.105734171829
61014,31.26502460996959,1380.2799999990266,7911.144622178851
61015,31.26502460996959,1380.2999999990266,7911.1835098787515
61016,31.26502460996959,1380.3199999990265,7911.222397271521
61017,31.26502460996959,1380.3399999990265,7911.2612843571505
61018,31.26502460996959,1380.3599999990265,7911.30017113563
61019,31.26502460996959,1380.3799999990265,7911.33905760695
61020,31.26502460996959,1380.3999999990265,7911.3779437711
61021,31.26502460996959,1380.4199999990265,7911.416829628072
61022,31.26502460996959,1380.4399999990264,7911.455715177856
61023,31.26502460996959,1380.4599999990264,7911.494600420442
61024,31.26502460996959,1380.4799999990264,7911.5334853558215
61025,31.26502460996959,1380.4999999990264,7911.572369983984
61026,31.26502460996959,1380.5199999990264,7911.611254304919
61027,31.26502460996959,1380.5399999990263,7911.65013831862
61028,31.26502460996959,1380.5599999990263,7911.689022025074
61029,31.26502460996959,1380.5799999990263,7911.727905424274
61030,31.26502460996959,1380.5999999990263,7911.766788516209
61031,31.26502460996959,1380.6199999990263,7911.80567130087
61032,31.26502460996959,1380.6399999990263,7911.844553778247
61033,31.26502460996959,1380.6599999990262,7911.883435948332
61034,31.26502460996959,1380.6799999990262,7911.922317811113
61035,31.26502460996959,1380.6999999990262,7911.961199366583
61036,31.26502460996959,1380.7199999990262,7912.000080614731
61037,31.26502460996959,1380.7399999990262,7912.038961555573
61038,31.26502460996959,1380.7599999990261,7912.077842189625
61039,31.26502460996959,1380.7799999990261,7912.116722517163
61040,31.26502460996959,1380.799999999026,7912.155602538178
61041,31.26502460996959,1380.819999999026,7912.19448225266
61042,31.26502460996959,1380.839999999026,7912.233361660601
61043,31.26502460996959,1380.859999999026,7912.27224076199
61044,31.26502460996959,1380.879999999026,7912.311119556818
61045,31.26502460996959,1380.899999999026,7912.349998045076
61046,31.26502460996959,1380.919999999026,7912.388876226753
61047,31.26502460996959,1380.939999999026,7912.427754101841
61048,31.26502460996959,1380.959999999026,7912.46663167033
61049,31.26502460996959,1380.979999999026,7912.5055089322095
61050,31.26502460996959,1380.999999999026,7912.544385887471
61051,31.26502460996959,1381.019999999026,7912.583262536105
61052,31.26502460996959,1381.039999999026,7912.622138878102
61053,31.26502460996959,1381.0599999990259,7912.661014913452
61054,31.26502460996959,1381.0799999990259,7912.699890642146
61055,31.26502460996959,1381.0999999990258,7912.738766064173
61056,31.26502460996959,1381.1199999990258,7912.777641179526
61057,31.26502460996959,1381.1399999990258,7912.816515988194
61058,31.26502460996959,1381.1599999990258,7912.855390490167
61059,31.26502460996959,1381.1799999990258,7912.894264685437
61060,31.26502460996959,1381.1999999990257,7912.933138573992
61061,31.26502460996959,1381.2199999990257,7912.972012155825
61062,31.26502460996959,1381.2399999990257,7913.010885430925
61063,31.26502460996959,1381.2599999990257,7913.049758399283
61064,31.26502460996959,1381.2799999990257,7913.088631060889
61065,31.26502460996959,1381.2999999990257,7913.127503415735
61066,31.26502460996959,1381.3199999990256,7913.16637546381
61067,31.26502460996959,1381.3399999990256,7913.205247205105
61068,31.26502460996959,1381.3599999990256,7913.24411863961
61069,31.26502460996959,1381.3799999990256,7913.2829897673155
61070,31.26502460996959,1381.3999999990256,7913.321860588213
61071,31.26502460996959,1381.4199999990255,7913.3607311022915
61072,31.26502460996959,1381.4399999990255,7913.399601309543
61073,31.26502460996959,1381.4599999990255,7913.438471209956
61074,31.26502460996959,1381.4799999990255,7913.4773408035235
61075,31.26502460996959,1381.4999999990255,7913.516210090234
61076,31.26502460996959,1381.5199999990255,7913.555079070079
61077,31.26502460996959,1381.5399999990254,7913.593947743048
61078,31.26502460996959,1381.5599999990254,7913.632816109132
61079,31.26502460996959,1381.5799999990254,7913.671684168322
61080,31.26502460996959,1381.5999999990254,7913.710551920608
61081,31.26502460996959,1381.6199999990254,7913.74941936598
61082,31.26502460996959,1381.6399999990253,7913.788286504429
61083,31.26502460996959,1381.6599999990253,7913.827153335946
61084,31.26502460996959,1381.6799999990253,7913.86601986052
61085,31.26502460996959,1381.6999999990253,7913.904886078143
61086,31.26502460996959,1381.7199999990253,7913.943751988805
61087,31.26502460996959,1381.7399999990253,7913.982617592496
61088,31.26502460996959,1381.7599999990252,7914.021482889243
61089,31.26502460996959,1381.7799999990252,7914.060347879599
61090,31.26502460996959,1381.7999999990252,7914.099212563793
61091,31.26502460996959,1381.8199999990252,7914.138076941815
61092,31.26502460996959,1381.8399999990252,7914.176941013655
61093,31.26502460996959,1381.8599999990251,7914.215804779304
61094,31.26502460996959,1381.8799999990251,7914.254668238752
61095,31.26502460996959,1381.899999999025,7914.29353139199
61096,31.26502460996959,1381.919999999025,7914.332394239008
61097,31.26502460996959,1381.939999999025,7914.371256779797
61098,31.26502460996959,1381.959999999025,7914.4101190143465
61099,31.26502460996959,1381.979999999025,7914.448980942649
61100,31.26502460996959,1381.999999999025,7914.487842564693
61101,31.26502460996959,1382.019999999025,7914.5267038804695
61102,31.26502460996959,1382.039999999025,7914.565564889969
61103,31.26502460996959,1382.059999999025,7914.604425593183
61104,31.26502460996959,1382.079999999025,7914.643285990101
61105,31.26502460996959,1382.099999999025,7914.682146080712
61106,31.26502460996959,1382.119999999025,7914.721005865009
61107,31.26502460996959,1382.139999999025,7914.759865342981
61108,31.26502460996959,1382.1599999990249,7914.79872451462
61109,31.26502460996959,1382.1799999990249,7914.837583379914
61110,31.26502460996959,1382.1999999990248,7914.876441938855
61111,31.26502460996959,1382.2199999990248,7914.915300191434
61112,31.26502460996959,1382.2399999990248,7914.95415813764
61113,31.26502460996959,1382.2599999990248,7914.993015777464
61114,31.26502460996959,1382.2799999990248,7915.031873110897
61115,31.26502460996959,1382.2999999990247,7915.07073013793
61116,31.26502460996959,1382.3199999990247,7915.109586858552
61117,31.26502460996959,1382.3399999990247,7915.148443272754
61118,31.26502460996959,1382.3599999990247,7915.187299380526
61119,31.26502460996959,1382.3799999990247,7915.22615518186
61120,31.26502460996959,1382.3999999990247,7915.265010676746
61121,31.26502460996959,1382.4199999990246,7915.303865865173
61122,31.26502460996959,1382.4399999990246,7915.342720747133
61123,31.26502460996959,1382.4599999990246,7915.381575322616
61124,31.26502460996959,1382.4799999990246,7915.420429591612
61125,31.26502460996959,1382.4999999990246,7915.4592835541125
61126,31.26502460996959,1382.5199999990245,7915.498137210107
61127,31.26502460996959,1382.5399999990245,7915.536990559587
61128,31.26502460996959,1382.5599999990245,7915.575843602542
61129,31.26502460996959,1382.5799999990245,7915.614696338962
61130,31.26502460996959,1382.5999999990245,7915.653548768839
61131,31.26502460996959,1382.6199999990245,7915.692400892162
61132,31.26502460996959,1382.6399999990244,7915.7312527089225
61133,31.26502460996959,1382.6599999990244,7915.77010421911
61134,31.26502460996959,1382.6799999990244,7915.808955422716
61135,31.26502460996959,1382.6999999990244,7915.847806319731
61136,31.26502460996959,1382.7199999990244,7915.886656910145
61137,31.26502460996959,1382.7399999990243,7915.925507193948
61138,31.26502460996959,1382.7599999990243,7915.964357171131
61139,31.26502460996959,1382.7799999990243,7916.00320684173
61140,31.26502460996959,1382.7999999990243,7916.042056206338
61141,31.26502460996959,1382.8199999990243,7916.080905265133
61142,31.26502460996959,1382.8399999990243,7916.119754018105
61143,31.26502460996959,1382.8599999990242,7916.158602465244
61144,31.26502460996959,1382.8799999990242,7916.197450606543
61145,31.26502460996959,1382.8999999990242,7916.23629844199
61146,31.26502460996959,1382.9199999990242,7916.2751459715755
61147,31.26502460996959,1382.9399999990242,7916.313993195291
61148,31.26502460996959,1382.9599999990241,7916.352840113126
61149,31.26502460996959,1382.9799999990241,7916.391686725072
61150,31.26502460996959,1382.999999999024,7916.430533031119
61151,31.26502460996959,1383.019999999024,7916.469379031258
61152,31.26502460996959,1383.039999999024,7916.508224725478
61153,31.26502460996959,1383.059999999024,7916.54707011377
61154,31.26502460996959,1383.079999999024,7916.585915196125
61155,31.26502460996959,1383.099999999024,7916.624759972533
61156,31.26502460996959,1383.119999999024,7916.663604442985
61157,31.26502460996959,1383.139999999024,7916.702448607471
61158,31.26502460996959,1383.159999999024,7916.741292465981
61159,31.26502460996959,1383.179999999024,7916.780136018507
61160,31.26502460996959,1383.199999999024,7916.818979265037
61161,31.26502460996959,1383.219999999024,7916.857822205564
61162,31.26502460996959,1383.239999999024,7916.8966648400765
61163,31.26502460996959,1383.2599999990239,7916.935507168566
61164,31.26502460996959,1383.2799999990239,7916.974349191022
61165,31.26502460996959,1383.2999999990238,7917.013190907436
61166,31.26502460996959,1383.3199999990238,7917.052032317798
61167,31.26502460996959,1383.3399999990238,7917.090873422098
61168,31.26502460996959,1383.3599999990238,7917.129714220328
61169,31.26502460996959,1383.3799999990238,7917.168554712477
61170,31.26502460996959,1383.3999999990237,7917.207394898536
61171,31.26502460996959,1383.4199999990237,7917.246234778495
61172,31.26502460996959,1383.4399999990237,7917.285074352345
61173,31.26502460996959,1383.4599999990237,7917.3239136200755
61174,31.26502460996959,1383.4799999990237,7917.362752581678
61175,31.26502460996959,1383.4999999990237,7917.401591237142
61176,31.26502460996959,1383.5199999990236,7917.44042958646
61177,31.26502460996959,1383.5399999990236,7917.479267629619
61178,31.26502460996959,1383.5599999990236,7917.518105366613
61179,31.26502460996959,1383.5799999990236,7917.55694279743
61180,31.26502460996959,1383.5999999990236,7917.595779922061
61181,31.26502460996959,1383.6199999990235,7917.634616740497
61182,31.26502460996959,1383.6399999990235,7917.673453252729
61183,31.26502460996959,1383.6599999990235,7917.7122894587455
61184,31.26502460996959,1383.6799999990235,7917.751125358539
61185,31.26502460996959,1383.6999999990235,7917.789960952098
61186,31.26502460996959,1383.7199999990235,7917.828796239414
61187,31.26502460996959,1383.7399999990234,7917.867631220478
61188,31.26502460996959,1383.7599999990234,7917.906465895279
61189,31.26502460996959,1383.7799999990234,7917.945300263809
61190,31.26502460996959,1383.7999999990234,7917.984134326116
61191,31.26502460996959,1383.8199999990234,7918.022968082856
61192,31.26502460996959,1383.8399999990233,7918.061801534164
61193,31.26502460996959,1383.8599999990233,7918.100634680031
61194,31.26502460996959,1383.8799999990233,7918.1394675204465
61195,31.26502460996959,1383.8999999990233,7918.1783000554005
61196,31.26502460996959,1383.9199999990233,7918.217132284883
61197,31.26502460996959,1383.9399999990233,7918.255964208884
61198,31.26502460996959,1383.9599999990232,7918.2947958273935
61199,31.26502460996959,1383.9799999990232,7918.333627140402
61200,31.26502460996959,1383.9999999990232,7918.3724581479
61201,31.26502460996959,1384.0199999990232,7918.411288849877
61202,31.26502460996959,1384.0399999990232,7918.450119246322
61203,31.26502460996959,1384.0599999990231,7918.4889493372275
61204,31.26502460996959,1384.0799999990231,7918.527779122582
61205,31.26502460996959,1384.099999999023,7918.566608602376
61206,31.26502460996959,1384.119999999023,7918.605437776599
61207,31.26502460996959,1384.139999999023,7918.644266645241
61208,31.26502460996959,1384.159999999023,7918.683095208294
61209,31.26502460996959,1384.179999999023,7918.721923465746
61210,31.26502460996959,1384.199999999023,7918.760751417588
61211,31.26502460996959,1384.219999999023,7918.79957906381
61212,31.26502460996959,1384.239999999023,7918.838406404401
61213,31.26502460996959,1384.259999999023,7918.877233439353
61214,31.26502460996959,1384.279999999023,7918.916060168655
61215,31.26502460996959,1384.299999999023,7918.954886592298
61216,31.26502460996959,1384.319999999023,7918.99371271027
61217,31.26502460996959,1384.339999999023,7919.032538522563
61218,31.26502460996959,1384.3599999990229,7919.071364029167
61219,31.26502460996959,1384.3799999990229,7919.110189230071
61220,31.26502460996959,1384.3999999990228,7919.149014125266
61221,31.26502460996959,1384.4199999990228,7919.187838714742
61222,31.26502460996959,1384.4399999990228,7919.226662998488
61223,31.26502460996959,1384.4599999990228,7919.265486976496
61224,31.26502460996959,1384.4799999990228,7919.304310648754
61225,31.26502460996959,1384.4999999990227,7919.343134015254
61226,31.26502460996959,1384.5199999990227,7919.381957075984
61227,31.26502460996959,1384.5399999990227,7919.420779830936
61228,31.26502460996959,1384.5599999990227,7919.4596022801
61229,31.26502460996959,1384.5799999990227,7919.498424423465
61230,31.26502460996959,1384.5999999990227,7919.537246261021
61231,31.26502460996959,1384.6199999990226,7919.576067792759
61232,31.26502460996959,1384.6399999990226,7919.614889018669
61233,31.26502460996959,1384.6599999990226,7919.653709938741
61234,31.26502460996959,1384.6799999990226,7919.692530552964
61235,31.26502460996959,1384.6999999990226,7919.73135086133
61236,31.22506916600409,1384.7199999990225,7919.770170863827
61237,31.22506916600409,1384.7399999990225,7919.808990560447
61238,31.22506916600409,1384.7599999990225,7919.8478099511785
61239,31.22506916600409,1384.7799999990225,7919.886629036013
61240,31.22506916600409,1384.7999999990225,7919.92544781494
61241,31.22506916600409,1384.8199999990225,7919.964266288014
61242,31.26502460996959,1384.8399999990224,7920.003084455895
61243,31.22506916600409,1384.8599999990224,7920.041902318529
61244,31.22506916600409,1384.8799999990224,7920.0807198758
61245,31.22506916600409,1384.8999999990224,7920.1195371277
61246,31.22506916600409,1384.9199999990224,7920.158354074219
61247,31.22506916600409,1384.9399999990223,7920.197170715347
61248,31.22506916600409,1384.9599999990223,7920.235987051075
61249,31.22506916600409,1384.9799999990223,7920.274803081394
61250,31.22506916600409,1384.9999999990223,7920.313618806293
61251,31.22506916600409,1385.0199999990223,7920.352434225762
61252,31.22506916600409,1385.0399999990223,7920.391249339794
61253,31.22506916600409,1385.0599999990222,7920.430064148378
61254,31.22506916600409,1385.0799999990222,7920.4688786515035
61255,31.22506916600409,1385.0999999990222,7920.507692849163
61256,31.22506916600409,1385.1199999990222,7920.546506741345
61257,31.22506916600409,1385.1399999990222,7920.585320328041
61258,31.22506916600409,1385.1599999990221,7920.624133609242
61259,31.22506916600409,1385.1799999990221,7920.662946584936
61260,31.22506916600409,1385.199999999022,7920.7017592551165
61261,31.22506916600409,1385.219999999022,7920.740571619772
61262,31.22506916600409,1385.239999999022,7920.779383678892
61263,31.22506916600409,1385.259999999022,7920.818195432469
61264,31.22506916600409,1385.279999999022,7920.857006880493
61265,31.22506916600409,1385.299999999022,7920.895818022954
61266,31.22506916600409,1385.319999999022,7920.934628859843
61267,31.22506916600409,1385.339999999022,7920.973439391149
61268,31.22506916600409,1385.359999999022,7921.012249616864
61269,31.22506916600409,1385.379999999022,7921.051059536978
61270,31.22506916600409,1385.399999999022,7921.089869151481
61271,31.22506916600409,1385.419999999022,7921.128678460364
61272,31.22506916600409,1385.439999999022,7921.167487463617
61273,31.22506916600409,1385.4599999990219,7921.206296161231
61274,31.22506916600409,1385.4799999990219,7921.245104553196
61275,31.22506916600409,1385.4999999990218,7921.283912639502
61276,31.22506916600409,1385.5199999990218,7921.32272042014
61277,31.22506916600409,1385.5399999990218,7921.361527895101
61278,31.22506916600409,1385.5599999990218,7921.400335064374
61279,31.22506916600409,1385.5799999990218,7921.439141927951
61280,31.22506916600409,1385.5999999990217,7921.477948485821
61281,31.22506916600409,1385.6199999990217,7921.516754737975
61282,31.22506916600409,1385.6399999990217,7921.555560684404
61283,31.22506916600409,1385.6599999990217,7921.594366325097
61284,31.22506916600409,1385.6799999990217,7921.633171660046
61285,31.22506916600409,1385.6999999990217,7921.67197668924
61286,31.22506916600409,1385.7199999990216,7921.710781412671
61287,31.22506916600409,1385.7399999990216,7921.749585830328
61288,31.22506916600409,1385.7599999990216,7921.788389942202
61289,31.22506916600409,1385.7799999990216,7921.827193748284
61290,31.22506916600409,1385.7999999990216,7921.865997248564
61291,31.22506916600409,1385.8199999990215,7921.904800443032
61292,31.22506916600409,1385.8399999990215,7921.943603331769
61293,31.22506916600409,1385.8599999990215,7921.982405915378
61294,31.22506916600409,1385.8799999990215,7922.021208193908
61295,31.22506916600409,1385.8999999990215,7922.060010167349
61296,31.22506916600409,1385.9199999990215,7922.098811835691
61297,31.22506916600409,1385.9399999990214,7922.137613198924
61298,31.22506916600409,1385.9599999990214,7922.176414257038
61299,31.22506916600409,1385.9799999990214,7922.215215010025
61300,31.22506916600409,1385.9999999990214,7922.254015457873
61301,31.22506916600409,1386.0199999990214,7922.292815600574
61302,31.22506916600409,1386.0399999990213,7922.331615438116
61303,31.22506916600409,1386.0599999990213,7922.370414970492
61304,31.22506916600409,1386.0799999990213,7922.409214197691
61305,31.22506916600409,1386.0999999990213,7922.448013119702
61306,31.22506916600409,1386.1199999990213,7922.486811736518
61307,31.22506916600409,1386.1399999990213,7922.5256100481265
61308,31.22506916600409,1386.1599999990212,7922.564408054519
61309,31.22506916600409,1386.1799999990212,7922.603205755686
61310,31.22506916600409,1386.1999999990212,7922.642003151617
61311,31.22506916600409,1386.2199999990212,7922.680800242303
61312,31.22506916600409,1386.2399999990212,7922.7195970277335
61313,31.22506916600409,1386.2599999990211,7922.758393507899
61314,31.22506916600409,1386.2799999990211,7922.79718968279
61315,31.22506916600409,1386.299999999021,7922.835985552397
61316,31.22506916600409,1386.319999999021,7922.874781116709
61317,31.22506916600409,1386.339999999021,7922.913576375717
61318,31.22506916600409,1386.359999999021,7922.952371329411
61319,31.22506916600409,1386.379999999021,7922.991165977782
61320,31.22506916600409,1386.399999999021,7923.029960320819
61321,31.22506916600409,1386.419999999021,7923.068754358513
61322,31.22506916600409,1386.439999999021,7923.107548090854
61323,31.22506916600409,1386.459999999021,7923.146341517832
61324,31.22506916600409,1386.479999999021,7923.185134639439
61325,31.22506916600409,1386.499999999021,7923.223927455662
61326,31.22506916600409,1386.519999999021,7923.262719966494
61327,31.22506916600409,1386.539999999021,7923.3015121719245
61328,31.22506916600409,1386.5599999990209,7923.340304071943
61329,31.22506916600409,1386.5799999990209,7923.379095666541
61330,31.22506916600409,1386.5999999990208,7923.417886955707
61331,31.22506916600409,1386.6199999990208,7923.456677939433
61332,31.22506916600409,1386.6399999990208,7923.495468617708
61333,31.22506916600409,1386.6599999990208,7923.534258990523
61334,31.22506916600409,1386.6799999990208,7923.573049057868
61335,31.22506916600409,1386.6999999990207,7923.611838819733
61336,31.22506916600409,1386.7199999990207,7923.650628276108
61337,31.22506916600409,1386.7399999990207,7923.689417426985
61338,31.22506916600409,1386.7599999990207,7923.728206272352
61339,31.22506916600409,1386.7799999990207,7923.766994812199
61340,31.22506916600409,1386.7999999990207,7923.805783046519
61341,31.22506916600409,1386.8199999990206,7923.8445709753
61342,31.22506916600409,1386.8399999990206,7923.883358598532
61343,31.22506916600409,1386.8599999990206,7923.922145916353
61344,31.22506916600409,1386.8799999990206,7923.9609329293735
61345,31.22506916600409,1386.8999999990206,7923.999719637638
61346,31.22506916600409,1386.9199999990205,7924.038506041136
61347,31.22506916600409,1386.9399999990205,7924.077292139858
61348,31.22506916600409,1386.9599999990205,7924.116077933794
61349,31.22506916600409,1386.9799999990205,7924.154863422935
61350,31.22506916600409,1386.9999999990205,7924.193648607271
61351,31.22506916600409,1387.0199999990205,7924.232433486792
61352,31.22506916600409,1387.0399999990204,7924.271218061488
61353,31.22506916600409,1387.0599999990204,7924.31000233135
61354,31.22506916600409,1387.0799999990204,7924.3487862963675
61355,31.22506916600409,1387.0999999990204,7924.3875699565315
61356,31.22506916600409,1387.1199999990204,7924.426353311832
61357,31.22506916600409,1387.1399999990203,7924.465136362259
61358,31.22506916600409,1387.1599999990203,7924.503919107802
61359,31.22506916600409,1387.1799999990203,7924.542701548453
61360,31.22506916600409,1387.1999999990203,7924.581483684201
61361,31.22506916600409,1387.2199999990203,7924.620265515037
61362,31.22506916600409,1387.2399999990203,7924.659047040951
61363,31.22506916600409,1387.2599999990202,7924.697828261933
61364,31.22506916600409,1387.2799999990202,7924.736609177973
61365,31.22506916600409,1387.2999999990202,7924.7753897890625
61366,31.22506916600409,1387.3199999990202,7924.814170095191
61367,31.22506916600409,1387.3399999990202,7924.852950096349
61368,31.22506916600409,1387.3599999990201,7924.891729792525
61369,31.22506916600409,1387.3799999990201,7924.930509183712
61370,31.22506916600409,1387.39999999902,7924.969288269899
61371,31.22506916600409,1387.41999999902,7925.008067051076
61372,31.22506916600409,1387.43999999902,7925.046845527234
61373,31.22506916600409,1387.45999999902,7925.085623698363
61374,31.22506916600409,1387.47999999902,7925.1244015644525
61375,31.22506916600409,1387.49999999902,7925.163179125493
61376,31.22506916600409,1387.51999999902,7925.201956381476
61377,31.22506916600409,1387.53999999902,7925.24073333239
61378,31.22506916600409,1387.55999999902,7925.279509978226
61379,31.22506916600409,1387.57999999902,7925.318286318975
61380,31.22506916600409,1387.59999999902,7925.357062354627
61381,31.22506916600409,1387.61999999902,7925.395838085171
61382,31.22506916600409,1387.63999999902,7925.434613510598
61383,31.22506916600409,1387.6599999990199,7925.473388630899
61384,31.22506916600409,1387.6799999990199,7925.512163446063
61385,31.22506916600409,1387.6999999990198,7925.550937956082
61386,31.22506916600409,1387.7199999990198,7925.589712160944
61387,31.22506916600409,1387.7399999990198,7925.628486060641
61388,31.22506916600409,1387.7599999990198,7925.6672596551625
61389,31.22506916600409,1387.7799999990198,7925.706032944499
61390,31.22506916600409,1387.7999999990197,7925.744805928642
61391,31.22506916600409,1387.8199999990197,7925.783578607579
61392,31.22506916600409,1387.8399999990197,7925.822350981302
61393,31.22506916600409,1387.8599999990197,7925.861123049802
61394,31.22506916600409,1387.8799999990197,7925.899894813262
61395,31.22506916600409,1387.8999999990197,7925.938666272259
61396,31.22506916600409,1387.9199999990196,7925.977437426826
61397,31.22506916600409,1387.9399999990196,7926.016208276955
61398,31.22506916600409,1387.9599999990196,7926.0549788226335
61399,31.22506916600409,1387.9799999990196,7926.093749063854
61400,31.22506916600409,1387.9999999990196,7926.132519000606
61401,31.22506916600409,1388.0199999990195,7926.1712886328805
61402,31.22506916600409,1388.0399999990195,7926.210057960667
61403,31.22506916600409,1388.0599999990195,7926.248826983955
61404,31.22506916600409,1388.0799999990195,7926.287595702736
61405,31.22506916600409,1388.0999999990195,7926.326364117001
61406,31.22506916600409,1388.1199999990195,7926.365132226739
61407,31.22506916600409,1388.1399999990194,7926.40390003194
61408,31.22506916600409,1388.1599999990194,7926.442667532595
61409,31.22506916600409,1388.1799999990194,7926.481434728695
61410,31.22506916600409,1388.1999999990194,7926.520201620228
61411,31.22506916600409,1388.2199999990194,7926.558968207187
61412,31.22506916600409,1388.2399999990193,7926.597734489561
61413,31.22506916600409,1388.2599999990193,7926.63650046734
61414,31.22506916600409,1388.2799999990193,7926.675266140514
61415,31.22506916600409,1388.2999999990193,7926.714031509075
61416,31.22506916600409,1388.3199999990193,7926.752796573011
61417,31.22506916600409,1388.3399999990193,7926.791561332315
61418,31.22506916600409,1388.3599999990192,7926.830325786975
61419,31.22506916600409,1388.3799999990192,7926.869089936981
61420,31.22506916600409,1388.3999999990192,7926.907853782325
61421,31.22506916600409,1388.4199999990192,7926.946617322997
61422,31.22506916600409,1388.4399999990192,7926.985380558986
61423,31.22506916600409,1388.4599999990191,7927.024143490285
61424,31.22506916600409,1388.4799999990191,7927.062906116881
61425,31.22506916600409,1388.499999999019,7927.101668438766
61426,31.22506916600409,1388.519999999019,7927.14043045593
61427,31.22506916600409,1388.539999999019,7927.179192168363
61428,31.22506916600409,1388.559999999019,7927.217953576056
61429,31.22506916600409,1388.579999999019,7927.256714678999
61430,31.22506916600409,1388.599999999019,7927.295475477182
61431,31.22506916600409,1388.619999999019,7927.334235970595
61432,31.22506916600409,1388.639999999019,7927.372996159229
61433,31.22506916600409,1388.659999999019,7927.411756043074
61434,31.22506916600409,1388.679999999019,7927.45051562212
61435,31.22506916600409,1388.699999999019,7927.489274896358
61436,31.22506916600409,1388.719999999019,7927.5280338657785
61437,31.22506916600409,1388.739999999019,7927.566792530371
61438,31.22506916600409,1388.7599999990189,7927.605550890125
61439,31.22506916600409,1388.7799999990189,7927.644308945032
61440,31.22506916600409,1388.7999999990188,7927.683066695083
61441,31.22506916600409,1388.8199999990188,7927.721824140266
61442,31.22506916600409,1388.8399999990188,7927.760581280573
61443,31.22506916600409,1388.8599999990188,7927.799338115994
61444,31.22506916600409,1388.8799999990188,7927.8380946465195
61445,31.22506916600409,1388.8999999990187,7927.876850872382
61446,31.22506916600409,1388.9199999990187,7927.915606794123
61447,31.22506916600409,1388.9399999990187,7927.954362411765
61448,31.22506916600409,1388.9599999990187,7927.993117725298
61449,31.22506916600409,1388.9799999990187,7928.031872734713
61450,31.22506916600409,1388.9999999990187,7928.07062744
61451,31.22506916600409,1389.0199999990186,7928.10938184115
61452,31.22506916600409,1389.0399999990186,7928.148135938152
61453,31.22506916600409,1389.0599999990186,7928.186889730998
61454,31.22506916600409,1389.0799999990186,7928.225643219676
61455,31.22506916600409,1389.0999999990186,7928.264396404179
61456,31.22506916600409,1389.1199999990185,7928.303149284496
61457,31.22506916600409,1389.1399999990185,7928.341901860616
61458,31.22506916600409,1389.1599999990185,7928.380654132532
61459,31.22506916600409,1389.1799999990185,7928.419406100233
61460,31.22506916600409,1389.1999999990185,7928.458157763708
61461,31.22506916600409,1389.2199999990185,7928.49690912295
61462,31.22506916600409,1389.2399999990184,7928.535660177947
61463,31.22506916600409,1389.2599999990184,7928.57441092869
61464,31.22506916600409,1389.2799999990184,7928.6131613751695
61465,31.22506916600409,1389.2999999990184,7928.651911517376
61466,31.22506916600409,1389.3199999990184,7928.6906613553
61467,31.22506916600409,1389.3399999990183,7928.729410888931
61468,31.22506916600409,1389.3599999990183,7928.768160118259
61469,31.22506916600409,1389.3799999990183,7928.806909043276
61470,31.22506916600409,1389.3999999990183,7928.845657663972
61471,31.22506916600409,1389.4199999990183,7928.884405980336
61472,31.22506916600409,1389.4399999990183,7928.9231539923585
61473,31.22506916600409,1389.4599999990182,7928.9619017000305
61474,31.22506916600409,1389.4799999990182,7929.000649103342
61475,31.22506916600409,1389.4999999990182,7929.039396202284
61476,31.22506916600409,1389.5199999990182,7929.078142996845
61477,31.22506916600409,1389.5399999990182,7929.116889487017
61478,31.22506916600409,1389.5599999990181,7929.15563567279
61479,31.22506916600409,1389.5799999990181,7929.194381554154
61480,31.22506916600409,1389.599999999018,7929.233127131099
61481,31.22506916600409,1389.619999999018,7929.271872403616
61482,31.22506916600409,1389.639999999018,7929.310617371695
61483,31.22506916600409,1389.659999999018,7929.3493620353265
61484,31.22506916600409,1389.679999999018,7929.3881063945
61485,31.22506916600409,1389.699999999018,7929.4268504492065
61486,31.22506916600409,1389.719999999018,7929.465594199437
61487,31.22506916600409,1389.739999999018,7929.50433764518
61488,31.22506916600409,1389.759999999018,7929.543080786428
61489,31.22506916600409,1389.779999999018,7929.58182362317
61490,31.22506916600409,1389.799999999018,7929.620566155396
61491,31.22506916600409,1389.819999999018,7929.659308383097
61492,31.22506916600409,1389.839999999018,7929.698050306263
61493,31.22506916600409,1389.8599999990179,7929.7367919248845
61494,31.22506916600409,1389.8799999990179,7929.7755332389515
61495,31.22506916600409,1389.8999999990178,7929.814274248455
61496,31.22506916600409,1389.9199999990178,7929.853014953706
61497,31.22506916600409,1389.9399999990178,7929.8917553552565
61498,31.22506916600409,1389.9599999990178,7929.930495453123
61499,31.22506916600409,1389.9799999990178,7929.969235247296
61500,31.22506916600409,1389.9999999990177,7930.007974737758
61501,31.22506916600409,1390.0199999990177,7930.046713924354
61502,31.22506916600409,1390.0399999990177,7930.085452807
61503,31.22506916600409,1390.0599999990177,7930.1241913856875
61504,31.22506916600409,1390.0799999990177,7930.162929660406
61505,31.22506916600409,1390.0999999990177,7930.201667631145
61506,31.22506916600409,1390.1199999990176,7930.2404052978945
61507,31.22506916600409,1390.1399999990176,7930.279142660645
61508,31.22506916600409,1390.1599999990176,7930.317879719388
61509,31.22506916600409,1390.1799999990176,7930.3566164741105
61510,31.22506916600409,1390.1999999990176,7930.395352924805
61511,31.22506916600409,1390.2199999990175,7930.43408907146
61512,31.22506916600409,1390.2399999990175,7930.472824914067
61513,31.22506916600409,1390.2599999990175,7930.511560452615
61514,31.22506916600409,1390.2799999990175,7930.550295687096
61515,31.22506916600409,1390.2999999990175,7930.589030617498
61516,31.22506916600409,1390.3199999990175,7930.627765243811
61517,31.22506916600409,1390.3399999990174,7930.666499566027
61518,31.22506916600409,1390.3599999990174,7930.7052335841345
61519,31.22506916600409,1390.3799999990174,7930.743967298124
61520,31.22506916600409,1390.3999999990174,7930.782700707985
61521,31.22506916600409,1390.4199999990174,7930.821433813709
61522,31.22506916600409,1390.4399999990173,7930.8601666152845
61523,31.22506916600409,1390.4599999990173,7930.8988991127035
61524,31.22506916600409,1390.4799999990173,7930.937631305955
61525,31.22506916600409,1390.4999999990173,7930.976363195028
61526,31.22506916600409,1390.5199999990173,7931.015094779915
61527,31.22506916600409,1390.5399999990173,7931.053826060604
61528,31.22506916600409,1390.5599999990172,7931.0925570370855
61529,31.22506916600409,1390.5799999990172,7931.1312877093505
61530,31.22506916600409,1390.5999999990172,7931.170018077389
61531,31.22506916600409,1390.6199999990172,7931.20874814119
61532,31.22506916600409,1390.6399999990172,7931.247477900744
61533,31.22506916600409,1390.6599999990171,7931.286207356042
61534,31.22506916600409,1390.6799999990171,7931.324936507072
61535,31.22506916600409,1390.699999999017,7931.363665353827
61536,31.22506916600409,1390.719999999017,7931.402393896295
61537,31.22506916600409,1390.739999999017,7931.441122134466
61538,31.22506916600409,1390.759999999017,7931.479850068332
61539,31.185198752010066,1390.779999999017,7931.518577697881
61540,31.185198752010066,1390.799999999017,7931.557305023103
61541,31.185198752010066,1390.819999999017,7931.59603204399
61542,31.185198752010066,1390.839999999017,7931.634758760531
61543,31.185198752010066,1390.859999999017,7931.673485172717
61544,31.185198752010066,1390.879999999017,7931.712211280536
61545,31.185198752010066,1390.899999999017,7931.750937083981
61546,31.185198752010066,1390.919999999017,7931.789662583039
61547,31.185198752010066,1390.939999999017,7931.8283877780195
61548,31.185198752010066,1390.9599999990169,7931.867112669351
61549,31.185198752010066,1390.9799999990169,7931.905837257036
61550,31.185198752010066,1390.9999999990168,7931.944561541067
61551,31.185198752010066,1391.0199999990168,7931.983285521434
61552,31.185198752010066,1391.0399999990168,7932.022009198126
61553,31.185198752010066,1391.0599999990168,7932.060732571136
61554,31.185198752010066,1391.0799999990168,7932.099455640454
61555,31.185198752010066,1391.0999999990167,7932.13817840607
61556,31.185198752010066,1391.1199999990167,7932.176900867976
61557,31.185198752010066,1391.1399999990167,7932.215623026162
61558,31.185198752010066,1391.1599999990167,7932.254344880618
61559,31.185198752010066,1391.1799999990167,7932.293066431335
61560,31.185198752010066,1391.1999999990167,7932.331787678305
61561,31.185198752010066,1391.2199999990166,7932.370508621517
61562,31.185198752010066,1391.2399999990166,7932.409229260962
61563,31.185198752010066,1391.2599999990166,7932.447949596632
61564,31.185198752010066,1391.2799999990166,7932.486669628515
61565,31.185198752010066,1391.2999999990166,7932.525389356604
61566,31.185198752010066,1391.3199999990165,7932.564108780889
61567,31.185198752010066,1391.3399999990165,7932.602827901361
61568,31.185198752010066,1391.3599999990165,7932.6415467180095
61569,31.185198752010066,1391.3799999990165,7932.680265230826
61570,31.185198752010066,1391.3999999990165,7932.718983439801
61571,31.185198752010066,1391.4199999990165,7932.757701344926
61572,31.185198752010066,1391.4399999990164,7932.796418946191
61573,31.185198752010066,1391.4599999990164,7932.835136243587
61574,31.185198752010066,1391.4799999990164,7932.8738532371035
61575,31.185198752010066,1391.4999999990164,7932.912569926732
61576,31.185198752010066,1391.5199999990164,7932.951286312465
61577,31.185198752010066,1391.5399999990163,7932.99000239429
61578,31.185198752010066,1391.5599999990163,7933.0287181722
61579,31.185198752010066,1391.5799999990163,7933.067433646183
61580,31.185198752010066,1391.5999999990163,7933.106148816233
61581,31.185198752010066,1391.6199999990163,7933.144863682339
61582,31.185198752010066,1391.6399999990163,7933.183578244491
61583,31.185198752010066,1391.6599999990162,7933.222292502681
61584,31.185198752010066,1391.6799999990162,7933.261006456899
61585,31.185198752010066,1391.6999999990162,7933.299720107136
61586,31.185198752010066,1391.7199999990162,7933.338433453382
61587,31.185198752010066,1391.7399999990162,7933.377146495628
61588,31.185198752010066,1391.7599999990161,7933.415859233865
61589,31.185198752010066,1391.7799999990161,7933.454571668084
61590,31.185198752010066,1391.799999999016,7933.493283798275
61591,31.185198752010066,1391.819999999016,7933.531995624429
61592,31.185198752010066,1391.839999999016,7933.570707146537
61593,31.185198752010066,1391.859999999016,7933.609418364588
61594,31.185198752010066,1391.879999999016,7933.648129278575
61595,31.185198752010066,1391.899999999016,7933.686839888487
61596,31.185198752010066,1391.919999999016,7933.7255501943155
61597,31.185198752010066,1391.939999999016,7933.764260196051
61598,31.185198752010066,1391.959999999016,7933.80296989406
61599,31.185198752010066,1391.979999999016,7933.841679288751
61600,31.185198752010066,1391.999999999016,7933.880388380119
61601,31.185198752010066,1392.019999999016,7933.919097168155
61602,31.185198752010066,1392.039999999016,7933.957805652847
61603,31.185198752010066,1392.0599999990159,7933.996513834188
61604,31.185198752010066,1392.0799999990159,7934.035221712166
61605,31.185198752010066,1392.0999999990158,7934.073929286773
61606,31.185198752010066,1392.1199999990158,7934.1126365579985
61607,31.185198752010066,1392.1399999990158,7934.151343525834
61608,31.185198752010066,1392.1599999990158,7934.190050190268
61609,31.185198752010066,1392.1799999990158,7934.228756551293
61610,31.185198752010066,1392.1999999990157,7934.267462608898
61611,31.185198752010066,1392.2199999990157,7934.306168363074
61612,31.185198752010066,1392.2399999990157,7934.344873813811
61613,31.185198752010066,1392.2599999990157,7934.3835789611
61614,31.185198752010066,1392.2799999990157,7934.422283804931
61615,31.185198752010066,1392.2999999990157,7934.460988345294
61616,31.185198752010066,1392.3199999990156,7934.49969258218
61617,31.185198752010066,1392.3399999990156,7934.538396515579
61618,31.185198752010066,1392.3599999990156,7934.577100145481
61619,31.185198752010066,1392.3799999990156,7934.615803471877
61620,31.185198752010066,1392.3999999990156,7934.654506494758
61621,31.185198752010066,1392.4199999990155,7934.693209214112
61622,31.185198752010066,1392.4399999990155,7934.731911629932
61623,31.185198752010066,1392.4599999990155,7934.770613742207
61624,31.185198752010066,1392.4799999990155,7934.809315550929
61625,31.185198752010066,1392.4999999990155,7934.848017056086
61626,31.185198752010066,1392.5199999990155,7934.88671825767
61627,31.185198752010066,1392.5399999990154,7934.92541915567
61628,31.185198752010066,1392.5599999990154,7934.964119750078
61629,31.185198752010066,1392.5799999990154,7935.002820040883
61630,31.185198752010066,1392.5999999990154,7935.041520028077
61631,31.185198752010066,1392.6199999990154,7935.080219711649
61632,31.185198752010066,1392.6399999990153,7935.118919091589
61633,31.185198752010066,1392.6599999990153,7935.157618167889
61634,31.185198752010066,1392.6799999990153,7935.196316940539
61635,31.185198752010066,1392.6999999990153,7935.235015409528
61636,31.185198752010066,1392.7199999990153,7935.273713574848
61637,31.185198752010066,1392.7399999990153,7935.312411436489
61638,31.185198752010066,1392.7599999990152,7935.35110899444
61639,31.185198752010066,1392.7799999990152,7935.389806248693
61640,31.185198752010066,1392.7999999990152,7935.428503199238
61641,31.185198752010066,1392.8199999990152,7935.467199846064
61642,31.185198752010066,1392.8399999990152,7935.505896189164
61643,31.185198752010066,1392.8599999990151,7935.544592228526
61644,31.185198752010066,1392.8799999990151,7935.583287964142
61645,31.185198752010066,1392.899999999015,7935.621983396001
61646,31.185198752010066,1392.919999999015,7935.660678524095
61647,31.185198752010066,1392.939999999015,7935.699373348413
61648,31.185198752010066,1392.959999999015,7935.7380678689515
61649,31.185198752010066,1392.979999999015,7935.776762086128
61650,31.185198752010066,1392.999999999015,7935.815456000315
61651,31.185198752010066,1393.019999999015,7935.854149611503
61652,31.185198752010066,1393.039999999015,7935.892842919683
61653,31.185198752010066,1393.059999999015,7935.931535924845
61654,31.185198752010066,1393.079999999015,7935.970228626979
61655,31.185198752010066,1393.099999999015,7936.008921026077
61656,31.185198752010066,1393.119999999015,7936.047613122127
61657,31.185198752010066,1393.139999999015,7936.08630491512
61658,31.185198752010066,1393.1599999990149,7936.124996405048
61659,31.185198752010066,1393.1799999990149,7936.163687591899
61660,31.185198752010066,1393.1999999990148,7936.202378475666
61661,31.185198752010066,1393.2199999990148,7936.241069056337
61662,31.185198752010066,1393.2399999990148,7936.279759333905
61663,31.185198752010066,1393.2599999990148,7936.318449308358
61664,31.185198752010066,1393.2799999990148,7936.357138979688
61665,31.185198752010066,1393.2999999990147,7936.395828347884
61666,31.185198752010066,1393.3199999990147,7936.434517412938
61667,31.185198752010066,1393.3399999990147,7936.473206174838
61668,31.185198752010066,1393.3599999990147,7936.511894633577
61669,31.185198752010066,1393.3799999990147,7936.550582789144
61670,31.185198752010066,1393.3999999990147,7936.58927064153
61671,31.185198752010066,1393.4199999990146,7936.627958190725
61672,31.185198752010066,1393.4399999990146,7936.666645436719
61673,31.185198752010066,1393.4599999990146,7936.705332379503
61674,31.185198752010066,1393.4799999990146,7936.744019019067
61675,31.185198752010066,1393.4999999990146,7936.782705355403
61676,31.185198752010066,1393.5199999990145,7936.821391388499
61677,31.185198752010066,1393.5399999990145,7936.860077118346
61678,31.185198752010066,1393.5599999990145,7936.898762544936
61679,31.185198752010066,1393.5799999990145,7936.937447668258
61680,31.185198752010066,1393.5999999990145,7936.976132488302
61681,31.185198752010066,1393.6199999990145,7937.01481700506
61682,31.185198752010066,1393.6399999990144,7937.05350121852
61683,31.185198752010066,1393.6599999990144,7937.092185128675
61684,31.185198752010066,1393.6799999990144,7937.130868735514
61685,31.185198752010066,1393.6999999990144,7937.169552039028
61686,31.185198752010066,1393.7199999990144,7937.208235039206
61687,31.185198752010066,1393.7399999990143,7937.24691773604
61688,31.185198752010066,1393.7599999990143,7937.2856001295195
61689,31.185198752010066,1393.7799999990143,7937.324282219635
61690,31.185198752010066,1393.7999999990143,7937.362964006377
61691,31.185198752010066,1393.8199999990143,7937.401645489736
61692,31.185198752010066,1393.8399999990143,7937.440326669704
61693,31.185198752010066,1393.8599999990142,7937.479007546268
61694,31.185198752010066,1393.8799999990142,7937.51768811942
61695,31.185198752010066,1393.8999999990142,7937.556368389151
61696,31.185198752010066,1393.9199999990142,7937.595048355452
61697,31.185198752010066,1393.9399999990142,7937.633728018312
61698,31.185198752010066,1393.9599999990141,7937.672407377721
61699,31.185198752010066,1393.9799999990141,7937.7110864336855
61700,31.185198752010066,1393.999999999014,7937.7497651866615
61701,31.185198752010066,1394.019999999014,7937.788443636974
61702,31.185198752010066,1394.039999999014,7937.827121784613
61703,31.185198752010066,1394.059999999014,7937.865799629569
61704,31.185198752010066,1394.079999999014,7937.904477171833
61705,31.185198752010066,1394.099999999014,7937.943154411394
61706,31.185198752010066,1394.119999999014,7937.981831348244
61707,31.185198752010066,1394.139999999014,7938.020507982373
61708,31.185198752010066,1394.159999999014,7938.059184313771
61709,31.185198752010066,1394.179999999014,7938.097860342428
61710,31.185198752010066,1394.199999999014,7938.136536068336
61711,31.185198752010066,1394.219999999014,7938.175211491484
61712,31.185198752010066,1394.239999999014,7938.213886611863
61713,31.185198752010066,1394.2599999990139,7938.252561429464
61714,31.185198752010066,1394.2799999990139,7938.291235944275
61715,31.185198752010066,1394.2999999990138,7938.32991015629
61716,31.185198752010066,1394.3199999990138,7938.368584065496
61717,31.185198752010066,1394.3399999990138,7938.407257671885
61718,31.185198752010066,1394.3599999990138,7938.445930975448
61719,31.185198752010066,1394.3799999990138,7938.484603976175
61720,31.185198752010066,1394.3999999990137,7938.523276674056
61721,31.185198752010066,1394.4199999990137,7938.561949069082
61722,31.185198752010066,1394.4399999990137,7938.600621161243
61723,31.185198752010066,1394.4599999990137,7938.639292950529
61724,31.185198752010066,1394.4799999990137,7938.677964436931
61725,31.185198752010066,1394.4999999990137,7938.716635620439
61726,31.185198752010066,1394.5199999990136,7938.755306501043
61727,31.185198752010066,1394.5399999990136,7938.793977078735
61728,31.185198752010066,1394.5599999990136,7938.832647353504
61729,31.185198752010066,1394.5799999990136,7938.871317325342
61730,31.185198752010066,1394.5999999990136,7938.909986994237
61731,31.185198752010066,1394.6199999990135,7938.948656360181
61732,31.185198752010066,1394.6399999990135,7938.987325423165
61733,31.185198752010066,1394.6599999990135,7939.025994183178
61734,31.185198752010066,1394.6799999990135,7939.064662640211
61735,31.185198752010066,1394.6999999990135,7939.103330794254
61736,31.185198752010066,1394.7199999990135,7939.141998645298
61737,31.185198752010066,1394.7399999990134,7939.180666193334
61738,31.185198752010066,1394.7599999990134,7939.219333438351
61739,31.185198752010066,1394.7799999990134,7939.2580003803405
61740,31.185198752010066,1394.7999999990134,7939.296667019292
61741,31.185198752010066,1394.8199999990134,7939.335333355196
61742,31.185198752010066,1394.8399999990133,7939.373999388044
61743,31.185198752010066,1394.8599999990133,7939.412665117825
61744,31.185198752010066,1394.8799999990133,7939.451330544531
61745,31.185198752010066,1394.8999999990133,7939.489995668151
61746,31.185198752010066,1394.9199999990133,7939.528660488676
61747,31.185198752010066,1394.9399999990133,7939.567325006096
61748,31.185198752010066,1394.9599999990132,7939.605989220403
61749,31.185198752010066,1394.9799999990132,7939.644653131585
61750,31.185198752010066,1394.9999999990132,7939.683316739659
61751,31.185198752010066,1395.0199999990132,7939.7219800451185
61752,31.185198752010066,1395.0399999990132,7939.760643048242
61753,31.185198752010066,1395.0599999990131,7939.7993057490185
61754,31.185198752010066,1395.0799999990131,7939.83796814744
61755,31.185198752010066,1395.099999999013,7939.876630243495
61756,31.185198752010066,1395.119999999013,7939.915292037176
61757,31.185198752010066,1395.139999999013,7939.953953528472
61758,31.185198752010066,1395.159999999013,7939.992614717375
61759,31.185198752010066,1395.179999999013,7940.0312756037965
61760,31.185198752010066,1395.199999999013,7940.069936187588
61761,31.185198752010066,1395.219999999013,7940.108596468732
61762,31.185198752010066,1395.239999999013,7940.147256447219
61763,31.185198752010066,1395.259999999013,7940.1859161230395
61764,31.185198752010066,1395.279999999013,7940.224575496184
61765,31.185198752010066,1395.299999999013,7940.2632345666425
61766,31.185198752010066,1395.319999999013,7940.301893334406
61767,31.185198752010066,1395.339999999013,7940.340551799464
61768,31.185198752010066,1395.3599999990129,7940.379209961809
61769,31.185198752010066,1395.3799999990129,7940.417867821428
61770,31.185198752010066,1395.3999999990128,7940.456525378315
61771,31.185198752010066,1395.4199999990128,7940.495182632458
61772,31.185198752010066,1395.4399999990128,7940.533839583848
61773,31.185198752010066,1395.4599999990128,7940.572496232476
61774,31.185198752010066,1395.4799999990128,7940.611152578332
61775,31.185198752010066,1395.4999999990127,7940.649808621406
61776,31.185198752010066,1395.5199999990127,7940.688464361689
61777,31.185198752010066,1395.5399999990127,7940.72711979917
61778,31.185198752010066,1395.5599999990127,7940.765774933841
61779,31.185198752010066,1395.5799999990127,7940.8044297656925
61780,31.185198752010066,1395.5999999990127,7940.843084294715
61781,31.185198752010066,1395.6199999990126,7940.881738520897
61782,31.185198752010066,1395.6399999990126,7940.92039244423
61783,31.185198752010066,1395.6599999990126,7940.959046064705
61784,31.185198752010066,1395.6799999990126,7940.997699382312
61785,31.185198752010066,1395.6999999990126,7941.036352397042
61786,31.185198752010066,1395.7199999990125,7941.075005108884
61787,31.185198752010066,1395.7399999990125,7941.11365751783
61788,31.185198752010066,1395.7599999990125,7941.152309623869
61789,31.185198752010066,1395.7799999990125,7941.190961426992
61790,31.185198752010066,1395.7999999990125,7941.229612927189
61791,31.185198752010066,1395.8199999990125,7941.268264124451
61792,31.185198752010066,1395.8399999990124,7941.306915018768
61793,31.185198752010066,1395.8599999990124,7941.345565610131
61794,31.185198752010066,1395.8799999990124,7941.384215898531
61795,31.185198752010066,1395.8999999990124,7941.422865883957
61796,31.185198752010066,1395.9199999990124,7941.461515566399
61797,31.185198752010066,1395.9399999990123,7941.500164945848
61798,31.185198752010066,1395.9599999990123,7941.538814022296
61799,31.185198752010066,1395.9799999990123,7941.577462795731
61800,31.185198752010066,1395.9999999990123,7941.616111266145
61801,31.185198752010066,1396.0199999990123,7941.654759433564
61802,31.185198752010066,1396.0399999990123,7941.693407298574
61803,31.185198752010066,1396.0599999990122,7941.732054861425
61804,31.185198752010066,1396.0799999990122,7941.770702122108
61805,31.185198752010066,1396.0999999990122,7941.809349080612
61806,31.185198752010066,1396.1199999990122,7941.847995736929
61807,31.185198752010066,1396.1399999990122,7941.886642091049
61808,31.185198752010066,1396.1599999990121,7941.925288142962
61809,31.185198752010066,1396.1799999990121,7941.963933892659
61810,31.185198752010066,1396.199999999012,7942.00257934013
61811,31.185198752010066,1396.219999999012,7942.041224485365
61812,31.185198752010066,1396.239999999012,7942.079869328355
61813,31.185198752010066,1396.259999999012,7942.118513869091
61814,31.185198752010066,1396.279999999012,7942.157158107561
61815,31.185198752010066,1396.299999999012,7942.195802043759
61816,31.185198752010066,1396.319999999012,7942.234445677672
61817,31.185198752010066,1396.339999999012,7942.273089009293
61818,31.185198752010066,1396.359999999012,7942.31173203861
61819,31.185198752010066,1396.379999999012,7942.350374765615
61820,31.185198752010066,1396.399999999012,7942.389017190299
61821,31.185198752010066,1396.419999999012,7942.427659312651
61822,31.185198752010066,1396.439999999012,7942.466301132661
61823,31.185198752010066,1396.4599999990119,7942.504942650321
61824,31.185198752010066,1396.4799999990119,7942.543583865621
61825,31.185198752010066,1396.4999999990118,7942.582224778551
61826,31.185198752010066,1396.5199999990118,7942.620865389102
61827,31.185198752010066,1396.5399999990118,7942.659505697263
61828,31.185198752010066,1396.5599999990118,7942.698145703025
61829,31.185198752010066,1396.5799999990118,7942.73678540638
61830,31.185198752010066,1396.5999999990117,7942.775424807316
61831,31.185198752010066,1396.6199999990117,7942.814063905826
61832,31.185198752010066,1396.6399999990117,7942.852702701898
61833,31.185198752010066,1396.6599999990117,7942.891341195524
61834,31.185198752010066,1396.6799999990117,7942.929979386693
61835,31.185198752010066,1396.6999999990117,7942.968617275396
61836,31.145413114867413,1396.7199999990116,7943.0072548616245
61837,31.145413114867413,1396.7399999990116,7943.045892145367
61838,31.145413114867413,1396.7599999990116,7943.084529126616
61839,31.145413114867413,1396.7799999990116,7943.12316580536
61840,31.145413114867413,1396.7999999990116,7943.161802181591
61841,31.145413114867413,1396.8199999990115,7943.200438255299
61842,31.145413114867413,1396.8399999990115,7943.239074026473
61843,31.145413114867413,1396.8599999990115,7943.277709495104
61844,31.145413114867413,1396.8799999990115,7943.316344661184
61845,31.145413114867413,1396.8999999990115,7943.354979524702
61846,31.145413114867413,1396.9199999990115,7943.393614085649
61847,31.145413114867413,1396.9399999990114,7943.432248344015
61848,31.145413114867413,1396.9599999990114,7943.47088229979
61849,31.145413114867413,1396.9799999990114,7943.509515952965
61850,31.145413114867413,1396.9999999990114,7943.54814930353
61851,31.145413114867413,1397.0199999990114,7943.586782351476
61852,31.145413114867413,1397.0399999990113,7943.6254150968325
61853,31.145413114867413,1397.0599999990113,7943.664047540107
61854,31.145413114867413,1397.0799999990113,7943.702679681461
61855,31.145413114867413,1397.0999999990113,7943.741311520884
61856,31.145413114867413,1397.1199999990113,7943.779943058366
61857,31.145413114867413,1397.1399999990113,7943.818574293899
61858,31.145413114867413,1397.1599999990112,7943.857205227471
61859,31.145413114867413,1397.1799999990112,7943.895835859074
61860,31.145413114867413,1397.1999999990112,7943.934466188699
61861,31.145413114867413,1397.2199999990112,7943.973096216335
61862,31.145413114867413,1397.2399999990112,7944.011725941973
61863,31.145413114867413,1397.2599999990111,7944.0503553656035
61864,31.145413114867413,1397.2799999990111,7944.088984487216
61865,31.145413114867413,1397.299999999011,7944.127613306802
61866,31.145413114867413,1397.319999999011,7944.166241824352
61867,31.145413114867413,1397.339999999011,7944.204870039856
61868,31.145413114867413,1397.359999999011,7944.2434979533045
61869,31.145413114867413,1397.379999999011,7944.282125564688
61870,31.145413114867413,1397.399999999011,7944.320752873996
61871,31.145413114867413,1397.419999999011,7944.35937988122
61872,31.145413114867413,1397.439999999011,7944.39800658635
61873,31.145413114867413,1397.459999999011,7944.4366329893755
61874,31.145413114867413,1397.479999999011,7944.475259090289
61875,31.145413114867413,1397.499999999011,7944.513884889079
61876,31.145413114867413,1397.519999999011,7944.552510385737
61877,31.145413114867413,1397.539999999011,7944.591135580253
61878,31.145413114867413,1397.5599999990109,7944.629760472617
61879,31.145413114867413,1397.5799999990109,7944.66838506282
61880,31.145413114867413,1397.5999999990108,7944.707009350852
61881,31.145413114867413,1397.6199999990108,7944.745633336704
61882,31.145413114867413,1397.6399999990108,7944.784257020366
61883,31.145413114867413,1397.6599999990108,7944.822880401828
61884,31.145413114867413,1397.6799999990108,7944.861503481082
61885,31.145413114867413,1397.6999999990107,7944.900126258117
61886,31.145413114867413,1397.7199999990107,7944.938748732923
61887,31.145413114867413,1397.7399999990107,7944.977370905492
61888,31.145413114867413,1397.7599999990107,7945.015992775812
61889,31.145413114867413,1397.7799999990107,7945.054614343876
61890,31.145413114867413,1397.7999999990107,7945.093235609673
61891,31.145413114867413,1397.8199999990106,7945.1318565731935
61892,31.145413114867413,1397.8399999990106,7945.170477234428
61893,31.145413114867413,1397.8599999990106,7945.209097593368
61894,31.145413114867413,1397.8799999990106,7945.247717650002
61895,31.145413114867413,1397.8999999990106,7945.286337404322
61896,31.145413114867413,1397.9199999990105,7945.324956856317
61897,31.145413114867413,1397.9399999990105,7945.363576005979
61898,31.145413114867413,1397.9599999990105,7945.402194853296
61899,31.145413114867413,1397.9799999990105,7945.4408133982615
61900,31.145413114867413,1397.9999999990105,7945.479431640863
61901,31.145413114867413,1398.0199999990105,7945.518049581094
61902,31.145413114867413,1398.0399999990104,7945.556667218942
61903,31.145413114867413,1398.0599999990104,7945.595284554451
61904,31.145413114867413,1398.0799999990104,7945.633901588221
61905,31.145413114867413,1398.0999999990104,7945.6725183203835
61906,31.145413114867413,1398.1199999990104,7945.711134750927
61907,31.145413114867413,1398.1399999990103,7945.749750879843
61908,31.145413114867413,1398.1599999990103,7945.788366707122
61909,31.145413114867413,1398.1799999990103,7945.826982232754
61910,31.145413114867413,1398.1999999990103,7945.865597456729
61911,31.145413114867413,1398.2199999990103,7945.904212379039
61912,31.145413114867413,1398.2399999990103,7945.942826999672
61913,31.145413114867413,1398.2599999990102,7945.98144131862
61914,31.145413114867413,1398.2799999990102,7946.020055335874
61915,31.145413114867413,1398.2999999990102,7946.058669051423
61916,31.145413114867413,1398.3199999990102,7946.097282465258
61917,31.145413114867413,1398.3399999990102,7946.135895577369
61918,31.145413114867413,1398.3599999990101,7946.174508387748
61919,31.145413114867413,1398.3799999990101,7946.213120896383
61920,31.145413114867413,1398.39999999901,7946.251733103266
61921,31.145413114867413,1398.41999999901,7946.290345008387
61922,31.145413114867413,1398.43999999901,7946.3289566117355
61923,31.145413114867413,1398.45999999901,7946.367567913304
61924,31.145413114867413,1398.47999999901,7946.406178913081
61925,31.145413114867413,1398.49999999901,7946.444789611058
61926,31.145413114867413,1398.51999999901,7946.483400007224
61927,31.145413114867413,1398.53999999901,7946.522010101571
61928,31.145413114867413,1398.55999999901,7946.560619894089
61929,31.145413114867413,1398.57999999901,7946.599229384768
61930,31.145413114867413,1398.59999999901,7946.637838573598
61931,31.145413114867413,1398.61999999901,7946.676447460571
61932,31.145413114867413,1398.63999999901,7946.715056045676
61933,31.145413114867413,1398.6599999990099,7946.753664328904
61934,31.145413114867413,1398.6799999990099,7946.792272310246
61935,31.145413114867413,1398.6999999990098,7946.83087998969
61936,31.145413114867413,1398.7199999990098,7946.869487367229
61937,31.145413114867413,1398.7399999990098,7946.908094442852
61938,31.145413114867413,1398.7599999990098,7946.9467012165505
61939,31.145413114867413,1398.7799999990098,7946.985307688314
61940,31.145413114867413,1398.7999999990097,7947.023913858133
61941,31.145413114867413,1398.8199999990097,7947.062519725998
61942,31.145413114867413,1398.8399999990097,7947.1011252919
61943,31.145413114867413,1398.8599999990097,7947.1397305558285
61944,31.145413114867413,1398.8799999990097,7947.178335517774
61945,31.145413114867413,1398.8999999990097,7947.216940177727
61946,31.145413114867413,1398.9199999990096,7947.255544535679
61947,31.145413114867413,1398.9399999990096,7947.29414859162
61948,31.145413114867413,1398.9599999990096,7947.332752345539
61949,31.145413114867413,1398.9799999990096,7947.371355797428
61950,31.145413114867413,1398.9999999990096,7947.409958947276
61951,31.145413114867413,1399.0199999990095,7947.448561795075
61952,31.145413114867413,1399.0399999990095,7947.487164340814
61953,31.145413114867413,1399.0599999990095,7947.525766584484
61954,31.145413114867413,1399.0799999990095,7947.564368526137
61955,31.145413114867413,1399.0999999990095,7947.602970166412
61956,31.145413114867413,1399.1199999990095,7947.641571505392
61957,31.145413114867413,1399.1399999990094,7947.680172543067
61958,31.145413114867413,1399.1599999990094,7947.718773279427
61959,31.145413114867413,1399.1799999990094,7947.757373714464
61960,31.145413114867413,1399.1999999990094,7947.795973848168
61961,31.145413114867413,1399.2199999990094,7947.834573680528
61962,31.145413114867413,1399.2399999990093,7947.873173211535
61963,31.145413114867413,1399.2599999990093,7947.91177244118
61964,31.145413114867413,1399.2799999990093,7947.950371369453
61965,31.145413114867413,1399.2999999990093,7947.988969996345
61966,31.145413114867413,1399.3199999990093,7948.027568321846
61967,31.145413114867413,1399.3399999990093,7948.066166345946
61968,31.145413114867413,1399.3599999990092,7948.104764068636
61969,31.145413114867413,1399.3799999990092,7948.143361489905
61970,31.145413114867413,1399.3999999990092,7948.181958609745
61971,31.145413114867413,1399.4199999990092,7948.220555428147
61972,31.145413114867413,1399.4399999990092,7948.2591519451
61973,31.145413114867413,1399.4599999990091,7948.297748160594
61974,31.145413114867413,1399.4799999990091,7948.336344074621
61975,31.145413114867413,1399.499999999009,7948.37493968717
61976,31.145413114867413,1399.519999999009,7948.4135349982325
61977,31.145413114867413,1399.539999999009,7948.452130007799
61978,31.145413114867413,1399.559999999009,7948.490724715858
61979,31.145413114867413,1399.579999999009,7948.529319122402
61980,31.145413114867413,1399.599999999009,7948.56791322742
61981,31.145413114867413,1399.619999999009,7948.606507030903
61982,31.145413114867413,1399.639999999009,7948.645100532842
61983,31.145413114867413,1399.659999999009,7948.683693733226
61984,31.145413114867413,1399.679999999009,7948.722286632047
61985,31.145413114867413,1399.699999999009,7948.760879229295
61986,31.145413114867413,1399.719999999009,7948.79947152496
61987,31.145413114867413,1399.739999999009,7948.8380635190315
61988,31.145413114867413,1399.7599999990089,7948.876655211501
61989,31.145413114867413,1399.7799999990089,7948.91524660236
61990,31.145413114867413,1399.7999999990088,7948.953837691597
61991,31.145413114867413,1399.8199999990088,7948.992428479203
61992,31.145413114867413,1399.8399999990088,7949.031018965169
61993,31.145413114867413,1399.8599999990088,7949.069609149485
61994,31.145413114867413,1399.8799999990088,7949.108199032141
61995,31.145413114867413,1399.8999999990087,7949.146788613128
61996,31.145413114867413,1399.9199999990087,7949.185377892436
61997,31.145413114867413,1399.9399999990087,7949.223966870056
61998,31.145413114867413,1399.9599999990087,7949.262555545977
61999,31.145413114867413,1399.9799999990087,7949.301143920191
62000,31.145413114867413,1399.9999999990087,7949.339731992688
62001,31.145413114867413,1400.0199999990086,7949.3783197634575
62002,31.145413114867413,1400.0399999990086,7949.416907232491
62003,31.145413114867413,1400.0599999990086,7949.455494399779
62004,31.145413114867413,1400.0799999990086,7949.494081265311
62005,31.145413114867413,1400.0999999990086,7949.532667829167
62006,31.145413114867413,1400.1199999990085,7949.5712540919885
62007,31.145413114867413,1400.1399999990085,7949.6098400538285
62008,31.145413114867413,1400.1599999990085,7949.6484257146785
62009,31.145413114867413,1400.1799999990085,7949.6870110745285
62010,31.145413114867413,1400.1999999990085,7949.7255961333685
62011,31.145413114867413,1400.2199999990085,7949.7641808911885
62012,31.145413114867413,1400.2399999990084,7949.80276534798
62013,31.145413114867413,1400.2599999990084,7949.841349503733
62014,31.145413114867413,1400.2799999990084,7949.8799333584375
62015,31.145413114867413,1400.2999999990084,7949.918516912085
62016,31.145413114867413,1400.3199999990084,7949.957100164665
62017,31.145413114867413,1400.3399999990083,7949.995683116167
62018,31.145413114867413,1400.3599999990083,7950.034265766484
62019,31.145413114867413,1400.3799999990083,7950.072848115466
62020,31.145413114867413,1400.3999999990083,7950.111430163098
62021,31.145413114867413,1400.4199999990083,7950.150011909371
62022,31.145413114867413,1400.4399999990083,7950.188593354275
62023,31.145413114867413,1400.4599999990082,7950.227174497802
62024,31.145413114867413,1400.4799999990082,7950.26575533994
62025,31.145413114867413,1400.4999999990082,7950.304335880682
62026,31.145413114867413,1400.5199999990082,7950.342916120016
62027,31.145413114867413,1400.5399999990082,7950.381496057933
62028,31.145413114867413,1400.5599999990081,7950.420075694424
62029,31.145413114867413,1400.5799999990081,7950.458655029479
62030,31.145413114867413,1400.599999999008,7950.497234063089
62031,31.145413114867413,1400.619999999008,7950.535812795244
62032,31.145413114867413,1400.639999999008,7950.574391225935
62033,31.145413114867413,1400.659999999008,7950.612969355151
62034,31.145413114867413,1400.679999999008,7950.651547182884
62035,31.145413114867413,1400.699999999008,7950.690124709124
62036,31.145413114867413,1400.719999999008,7950.72870193386
62037,31.145413114867413,1400.739999999008,7950.767278857084
62038,31.145413114867413,1400.759999999008,7950.805855478787
62039,31.145413114867413,1400.779999999008,7950.844431798957
62040,31.145413114867413,1400.799999999008,7950.883007817586
62041,31.145413114867413,1400.819999999008,7950.921583534665
62042,31.145413114867413,1400.839999999008,7950.9601589501835
62043,31.145413114867413,1400.8599999990079,7950.998734064132
62044,31.145413114867413,1400.8799999990079,7951.037308876501
62045,31.145413114867413,1400.8999999990078,7951.075883387281
62046,31.145413114867413,1400.9199999990078,7951.114457596462
62047,31.145413114867413,1400.9399999990078,7951.1530315040345
62048,31.145413114867413,1400.9599999990078,7951.191605109989
62049,31.145413114867413,1400.9799999990078,7951.230178414316
62050,31.145413114867413,1400.9999999990077,7951.268751417006
62051,31.145413114867413,1401.0199999990077,7951.307324118049
62052,31.145413114867413,1401.0399999990077,7951.345896517436
62053,31.145413114867413,1401.0599999990077,7951.384468615157
62054,31.145413114867413,1401.0799999990077,7951.423040411203
62055,31.145413114867413,1401.0999999990077,7951.4616119055645
62056,31.145413114867413,1401.1199999990076,7951.500183098367
62057,31.145413114867413,1401.1399999990076,7951.538753990218
62058,31.145413114867413,1401.1599999990076,7951.577324581158
62059,31.145413114867413,1401.1799999990076,7951.61589487118
62060,31.145413114867413,1401.1999999990076,7951.654464860273
62061,31.145413114867413,1401.2199999990075,7951.693034548429
62062,31.145413114867413,1401.2399999990075,7951.7316039356365
62063,31.145413114867413,1401.2599999990075,7951.770173021887
62064,31.145413114867413,1401.2799999990075,7951.808741807171
62065,31.145413114867413,1401.2999999990075,7951.847310291479
62066,31.145413114867413,1401.3199999990075,7951.885878474801
62067,31.145413114867413,1401.3399999990074,7951.924446357128
62068,31.145413114867413,1401.3599999990074,7951.96301393845
62069,31.145413114867413,1401.3799999990074,7952.001581218758
62070,31.145413114867413,1401.3999999990074,7952.040148198041
62071,31.145413114867413,1401.4199999990074,7952.07871487629
62072,31.145413114867413,1401.4399999990073,7952.117281253497
62073,31.145413114867413,1401.4599999990073,7952.155847329651
62074,31.145413114867413,1401.4799999990073,7952.194413104742
62075,31.145413114867413,1401.4999999990073,7952.232978578762
62076,31.145413114867413,1401.5199999990073,7952.271543751701
62077,31.145413114867413,1401.5399999990073,7952.310108623548
62078,31.145413114867413,1401.5599999990072,7952.348673194296
62079,31.145413114867413,1401.5799999990072,7952.387237463932
62080,31.145413114867413,1401.5999999990072,7952.42580143245
62081,31.145413114867413,1401.6199999990072,7952.464365099838
62082,31.145413114867413,1401.6399999990072,7952.502928466087
62083,31.145413114867413,1401.6599999990071,7952.541491531188
62084,31.145413114867413,1401.6799999990071,7952.580054295131
62085,31.145413114867413,1401.699999999007,7952.618616757907
62086,31.145413114867413,1401.719999999007,7952.657178919506
62087,31.145413114867413,1401.739999999007,7952.695740779918
62088,31.145413114867413,1401.759999999007,7952.734302339134
62089,31.145413114867413,1401.779999999007,7952.772863597144
62090,31.145413114867413,1401.799999999007,7952.811424553939
62091,31.145413114867413,1401.819999999007,7952.849985209509
62092,31.145413114867413,1401.839999999007,7952.888545563846
62093,31.145413114867413,1401.859999999007,7952.927105616937
62094,31.145413114867413,1401.879999999007,7952.965665368776
62095,31.145413114867413,1401.899999999007,7953.004224819351
62096,31.145413114867413,1401.919999999007,7953.0427839686545
62097,31.145413114867413,1401.939999999007,7953.081342816676
62098,31.145413114867413,1401.9599999990069,7953.119901363405
62099,31.145413114867413,1401.9799999990068,7953.158459608833
62100,31.145413114867413,1401.9999999990068,7953.1970175529505
62101,31.145413114867413,1402.0199999990068,7953.235575195747
62102,31.145413114867413,1402.0399999990068,7953.2741325372135
62103,31.145413114867413,1402.0599999990068,7953.31268957734
62104,31.145413114867413,1402.0799999990068,7953.351246316119
62105,31.145413114867413,1402.0999999990067,7953.389802753538
62106,31.145413114867413,1402.1199999990067,7953.428358889589
62107,31.145413114867413,1402.1399999990067,7953.466914724463
62108,31.145413114867413,1402.1599999990067,7953.505470258784
62109,31.145413114867413,1402.1799999990067,7953.544025492589
62110,31.145413114867413,1402.1999999990066,7953.582580425868
62111,31.145413114867413,1402.2199999990066,7953.621135058614
62112,31.145413114867413,1402.2399999990066,7953.6596893908145
62113,31.145413114867413,1402.2599999990066,7953.698243422462
62114,31.145413114867413,1402.2799999990066,7953.736797153546
62115,31.145413114867413,1402.2999999990066,7953.775350584057
62116,31.145413114867413,1402.3199999990065,7953.813903713986
62117,31.145413114867413,1402.3399999990065,7953.852456543324
62118,31.145413114867413,1402.3599999990065,7953.891009072059
62119,31.145413114867413,1402.3799999990065,7953.929561300184
62120,31.145413114867413,1402.3999999990065,7953.968113227689
62121,31.145413114867413,1402.4199999990064,7954.006664854564
62122,31.145413114867413,1402.4399999990064,7954.0452161808
62123,31.145413114867413,1402.4599999990064,7954.083767206386
62124,31.145413114867413,1402.4799999990064,7954.122317931315
62125,31.145413114867413,1402.4999999990064,7954.160868355575
62126,31.145413114867413,1402.5199999990064,7954.199418479158
62127,31.145413114867413,1402.5399999990063,7954.2379683020545
62128,31.145413114867413,1402.5599999990063,7954.276517824254
62129,31.145413114867413,1402.5799999990063,7954.315067045749
62130,31.145413114867413,1402.5999999990063,7954.353615966528
62131,31.145413114867413,1402.6199999990063,7954.392164586582
62132,31.145413114867413,1402.6399999990062,7954.430712905902
62133,31.145413114867413,1402.6599999990062,7954.469260924478
62134,31.105712002424042,1402.6799999990062,7954.5078086423
62135,31.105712002424042,1402.6999999990062,7954.54635605936
62136,31.105712002424042,1402.7199999990062,7954.584903175647
62137,31.105712002424042,1402.7399999990062,7954.6234499911525
62138,31.105712002424042,1402.7599999990061,7954.661996505866
62139,31.105712002424042,1402.7799999990061,7954.700542719779
62140,31.105712002424042,1402.799999999006,7954.739088632881
62141,31.105712002424042,1402.819999999006,7954.777634245163
62142,31.105712002424042,1402.839999999006,7954.816179556617
62143,31.105712002424042,1402.859999999006,7954.854724567231
62144,31.105712002424042,1402.879999999006,7954.893269276997
62145,31.105712002424042,1402.899999999006,7954.931813685905
62146,31.105712002424042,1402.919999999006,7954.970357793945
62147,31.105712002424042,1402.939999999006,7955.008901601109
62148,31.105712002424042,1402.959999999006,7955.047445107386
62149,31.105712002424042,1402.979999999006,7955.085988312767
62150,31.105712002424042,1402.999999999006,7955.124531217242
62151,31.105712002424042,1403.019999999006,7955.163073820802
62152,31.105712002424042,1403.0399999990059,7955.201616123438
62153,31.105712002424042,1403.0599999990059,7955.24015812514
62154,31.105712002424042,1403.0799999990058,7955.278699825898
62155,31.105712002424042,1403.0999999990058,7955.317241225704
62156,31.105712002424042,1403.1199999990058,7955.355782324546
62157,31.105712002424042,1403.1399999990058,7955.3943231224175
62158,31.105712002424042,1403.1599999990058,7955.432863619513
62159,31.105712002424042,1403.1799999990058,7955.471403816306
62160,31.105712002424042,1403.1999999990057,7955.5099437128165
62161,31.105712002424042,1403.2199999990057,7955.548483309036
62162,31.105712002424042,1403.2399999990057,7955.587022604954
62163,31.105712002424042,1403.2599999990057,7955.625561600561
62164,31.105712002424042,1403.2799999990057,7955.664100295849
62165,31.105712002424042,1403.2999999990056,7955.702638690806
62166,31.105712002424042,1403.3199999990056,7955.7411767854255
62167,31.105712002424042,1403.3399999990056,7955.779714579697
62168,31.105712002424042,1403.3599999990056,7955.81825207361
62169,31.105712002424042,1403.3799999990056,7955.856789267156
62170,31.105712002424042,1403.3999999990056,7955.895326160326
62171,31.105712002424042,1403.4199999990055,7955.933862753109
62172,31.105712002424042,1403.4399999990055,7955.972399045497
62173,31.105712002424042,1403.4599999990055,7956.01093503748
62174,31.105712002424042,1403.4799999990055,7956.049470729048
62175,31.105712002424042,1403.4999999990055,7956.088006120192
62176,31.105712002424042,1403.5199999990054,7956.126541210903
62177,31.105712002424042,1403.5399999990054,7956.165076001172
62178,31.105712002424042,1403.5599999990054,7956.203610490988
62179,31.105712002424042,1403.5799999990054,7956.242144680342
62180,31.105712002424042,1403.5999999990054,7956.280678569225
62181,31.105712002424042,1403.6199999990054,7956.319212157627
62182,31.105712002424042,1403.6399999990053,7956.357745445539
62183,31.105712002424042,1403.6599999990053,7956.3962784329515
62184,31.105712002424042,1403.6799999990053,7956.434811119855
62185,31.105712002424042,1403.6999999990053,7956.47334350624
62186,31.105712002424042,1403.7199999990053,7956.511875592097
62187,31.105712002424042,1403.7399999990052,7956.550407377416
62188,31.105712002424042,1403.7599999990052,7956.588938862189
62189,31.105712002424042,1403.7799999990052,7956.6274700464055
62190,31.105712002424042,1403.7999999990052,7956.666000930056
62191,31.105712002424042,1403.8199999990052,7956.704531513131
62192,31.105712002424042,1403.8399999990052,7956.7430617956215
62193,31.105712002424042,1403.8599999990051,7956.781591777518
62194,31.105712002424042,1403.8799999990051,7956.820121458811
62195,31.105712002424042,1403.899999999005,7956.858650839491
62196,31.105712002424042,1403.919999999005,7956.897179919549
62197,31.105712002424042,1403.939999999005,7956.935708698974
62198,31.105712002424042,1403.959999999005,7956.974237177758
62199,31.105712002424042,1403.979999999005,7957.012765355891
62200,31.105712002424042,1403.999999999005,7957.051293233364
62201,31.105712002424042,1404.019999999005,7957.089820810167
62202,31.105712002424042,1404.039999999005,7957.128348086291
62203,31.105712002424042,1404.059999999005,7957.166875061726
62204,31.105712002424042,1404.079999999005,7957.2054017364635
62205,31.105712002424042,1404.099999999005,7957.243928110493
62206,31.105712002424042,1404.119999999005,7957.2824541838045
62207,31.105712002424042,1404.1399999990049,7957.32097995639
62208,31.105712002424042,1404.1599999990049,7957.35950542824
62209,31.105712002424042,1404.1799999990048,7957.398030599619
62210,31.105712002424042,1404.1999999990048,7957.436555471014
62211,31.105712002424042,1404.2199999990048,7957.475080042439
62212,31.105712002424042,1404.2399999990048,7957.513604313885
62213,31.105712002424042,1404.2599999990048,7957.5521282853415
62214,31.105712002424042,1404.2799999990048,7957.5906519568
62215,31.105712002424042,1404.2999999990047,7957.62917532825
62216,31.105712002424042,1404.3199999990047,7957.667698399684
62217,31.105712002424042,1404.3399999990047,7957.706221171091
62218,31.105712002424042,1404.3599999990047,7957.744743642462
62219,31.105712002424042,1404.3799999990047,7957.783265813788
62220,31.105712002424042,1404.3999999990046,7957.821787685059
62221,31.105712002424042,1404.4199999990046,7957.860309256265
62222,31.105712002424042,1404.4399999990046,7957.898830527398
62223,31.105712002424042,1404.4599999990046,7957.937351498448
62224,31.105712002424042,1404.4799999990046,7957.975872169405
62225,31.105712002424042,1404.4999999990046,7958.014392540261
62226,31.105712002424042,1404.5199999990045,7958.052912611005
62227,31.105712002424042,1404.5399999990045,7958.091432381628
62228,31.105712002424042,1404.5599999990045,7958.12995185212
62229,31.105712002424042,1404.5799999990045,7958.168471022473
62230,31.105712002424042,1404.5999999990045,7958.206989892677
62231,31.105712002424042,1404.6199999990044,7958.245508462722
62232,31.105712002424042,1404.6399999990044,7958.284026732599
62233,31.105712002424042,1404.6599999990044,7958.322544702299
62234,31.105712002424042,1404.6799999990044,7958.361062371811
62235,31.105712002424042,1404.6999999990044,7958.399579741128
62236,31.105712002424042,1404.7199999990044,7958.438096810239
62237,31.105712002424042,1404.7399999990043,7958.476613579134
62238,31.105712002424042,1404.7599999990043,7958.515130047805
62239,31.105712002424042,1404.7799999990043,7958.553646216242
62240,31.105712002424042,1404.7999999990043,7958.592162084435
62241,31.105712002424042,1404.8199999990043,7958.630677652375
62242,31.105712002424042,1404.8399999990042,7958.669192920053
62243,31.105712002424042,1404.8599999990042,7958.707707887459
62244,31.105712002424042,1404.8799999990042,7958.746222554584
62245,31.105712002424042,1404.8999999990042,7958.784736921419
62246,31.105712002424042,1404.9199999990042,7958.823250987953
62247,31.105712002424042,1404.9399999990042,7958.861764754177
62248,31.105712002424042,1404.9599999990041,7958.900278220082
62249,31.105712002424042,1404.9799999990041,7958.93879138566
62250,31.105712002424042,1404.999999999004,7958.9773042509
62251,31.105712002424042,1405.019999999004,7959.015816815791
62252,31.105712002424042,1405.039999999004,7959.054329080327
62253,31.105712002424042,1405.059999999004,7959.092841044497
62254,31.105712002424042,1405.079999999004,7959.13135270829
62255,31.105712002424042,1405.099999999004,7959.169864071699
62256,31.105712002424042,1405.119999999004,7959.208375134713
62257,31.105712002424042,1405.139999999004,7959.246885897323
62258,31.105712002424042,1405.159999999004,7959.285396359521
62259,31.105712002424042,1405.179999999004,7959.323906521296
62260,31.105712002424042,1405.199999999004,7959.36241638296
62261,31.105712002424042,1405.219999999004,7959.400925944964
62262,31.105712002424042,1405.2399999990039,7959.439435207312
62263,31.105712002424042,1405.2599999990039,7959.477944169996
62264,31.105712002424042,1405.2799999990038,7959.516452833005
62265,31.105712002424042,1405.2999999990038,7959.554961196331
62266,31.105712002424042,1405.3199999990038,7959.593469259963
62267,31.105712002424042,1405.3399999990038,7959.631977023893
62268,31.105712002424042,1405.3599999990038,7959.6704844881115
62269,31.105712002424042,1405.3799999990038,7959.708991652608
62270,31.105712002424042,1405.3999999990037,7959.747498517374
62271,31.105712002424042,1405.4199999990037,7959.786005082399
62272,31.105712002424042,1405.4399999990037,7959.824511347675
62273,31.105712002424042,1405.4599999990037,7959.863017313192
62274,31.105712002424042,1405.4799999990037,7959.901522978941
62275,31.105712002424042,1405.4999999990036,7959.940028344912
62276,31.105712002424042,1405.5199999990036,7959.978533411096
62277,31.105712002424042,1405.5399999990036,7960.017038177466
62278,31.105712002424042,1405.5599999990036,7960.055542643833
62279,31.105712002424042,1405.5799999990036,7960.094046810159
62280,31.105712002424042,1405.5999999990036,7960.132550676433
62281,31.105712002424042,1405.6199999990035,7960.171054242647
62282,31.105712002424042,1405.6399999990035,7960.2095575087915
62283,31.105712002424042,1405.6599999990035,7960.248060474856
62284,31.105712002424042,1405.6799999990035,7960.286563140832
62285,31.105712002424042,1405.6999999990035,7960.3250655067095
62286,31.105712002424042,1405.7199999990034,7960.363567572479
62287,31.105712002424042,1405.7399999990034,7960.402069338132
62288,31.105712002424042,1405.7599999990034,7960.4405708036575
62289,31.105712002424042,1405.7799999990034,7960.479071969047
62290,31.105712002424042,1405.7999999990034,7960.517572834291
62291,31.105712002424042,1405.8199999990034,7960.556073399381
62292,31.105712002424042,1405.8399999990033,7960.594573664305
62293,31.105712002424042,1405.8599999990033,7960.6330736290565
62294,31.105712002424042,1405.8799999990033,7960.6715732936245
62295,31.105712002424042,1405.8999999990033,7960.710072657999
62296,31.105712002424042,1405.9199999990033,7960.7485717221725
62297,31.105712002424042,1405.9399999990032,7960.787070486134
62298,31.105712002424042,1405.9599999990032,7960.825568949875
62299,31.105712002424042,1405.9799999990032,7960.864067113384
62300,31.105712002424042,1405.9999999990032,7960.9025649766545
62301,31.105712002424042,1406.0199999990032,7960.941062539676
62302,31.105712002424042,1406.0399999990032,7960.979559802438
62303,31.105712002424042,1406.0599999990031,7961.018056764933
62304,31.105712002424042,1406.0799999990031,7961.05655342715
62305,31.105712002424042,1406.099999999003,7961.09504978908
62306,31.105712002424042,1406.119999999003,7961.133545850713
62307,31.105712002424042,1406.139999999003,7961.172041612041
62308,31.105712002424042,1406.159999999003,7961.210537073053
62309,31.105712002424042,1406.179999999003,7961.249032233741
62310,31.105712002424042,1406.199999999003,7961.287527094094
62311,31.105712002424042,1406.219999999003,7961.326021654473
62312,31.105712002424042,1406.239999999003,7961.36451591529
62313,31.105712002424042,1406.259999999003,7961.403009876542
62314,31.105712002424042,1406.279999999003,7961.441503538217
62315,31.105712002424042,1406.299999999003,7961.479996900308
62316,31.105712002424042,1406.319999999003,7961.518489962805
62317,31.105712002424042,1406.3399999990029,7961.556982725698
62318,31.105712002424042,1406.3599999990029,7961.595475188978
62319,31.105712002424042,1406.3799999990028,7961.6339673526345
62320,31.105712002424042,1406.3999999990028,7961.672459216659
62321,31.105712002424042,1406.4199999990028,7961.710950781043
62322,31.105712002424042,1406.4399999990028,7961.749442045775
62323,31.105712002424042,1406.4599999990028,7961.787933010847
62324,31.105712002424042,1406.4799999990028,7961.82642367625
62325,31.105712002424042,1406.4999999990027,7961.864914041973
62326,31.105712002424042,1406.5199999990027,7961.903404108008
62327,31.105712002424042,1406.5399999990027,7961.941893874345
62328,31.105712002424042,1406.5599999990027,7961.980383340974
62329,31.105712002424042,1406.5799999990027,7962.018872507887
62330,31.105712002424042,1406.5999999990026,7962.057361375073
62331,31.105712002424042,1406.6199999990026,7962.095849942523
62332,31.105712002424042,1406.6399999990026,7962.134338210229
62333,31.105712002424042,1406.6599999990026,7962.172826178179
62334,31.105712002424042,1406.6799999990026,7962.211313846366
62335,31.105712002424042,1406.6999999990026,7962.249801214779
62336,31.105712002424042,1406.7199999990025,7962.288288283409
62337,31.105712002424042,1406.7399999990025,7962.326775052247
62338,31.105712002424042,1406.7599999990025,7962.365261521283
62339,31.105712002424042,1406.7799999990025,7962.403747690509
62340,31.105712002424042,1406.7999999990025,7962.442233559913
62341,31.105712002424042,1406.8199999990024,7962.480719129488
62342,31.105712002424042,1406.8399999990024,7962.519204399223
62343,31.105712002424042,1406.8599999990024,7962.557689369109
62344,31.105712002424042,1406.8799999990024,7962.596174039137
62345,31.105712002424042,1406.8999999990024,7962.634658409297
62346,31.105712002424042,1406.9199999990024,7962.67314247958
62347,31.105712002424042,1406.9399999990023,7962.711626249977
62348,31.105712002424042,1406.9599999990023,7962.750109720478
62349,31.105712002424042,1406.9799999990023,7962.788592891073
62350,31.105712002424042,1406.9999999990023,7962.827075761753
62351,31.105712002424042,1407.0199999990023,7962.865558332509
62352,31.105712002424042,1407.0399999990022,7962.904040603331
62353,31.105712002424042,1407.0599999990022,7962.94252257421
62354,31.105712002424042,1407.0799999990022,7962.981004245136
62355,31.105712002424042,1407.0999999990022,7963.019485616101
62356,31.105712002424042,1407.1199999990022,7963.0579666870935
62357,31.105712002424042,1407.1399999990022,7963.096447458106
62358,31.105712002424042,1407.1599999990021,7963.134927929128
62359,31.105712002424042,1407.1799999990021,7963.1734081001505
62360,31.105712002424042,1407.199999999002,7963.211887971164
62361,31.105712002424042,1407.219999999002,7963.250367542163
62362,31.105712002424042,1407.239999999002,7963.288846813551
62363,31.105712002424042,1407.259999999002,7963.327325785698
62364,31.105712002424042,1407.279999999002,7963.365804458596
62365,31.105712002424042,1407.299999999002,7963.404282832235
62366,31.105712002424042,1407.319999999002,7963.442760906606
62367,31.105712002424042,1407.339999999002,7963.481238681698
62368,31.105712002424042,1407.359999999002,7963.519716157503
62369,31.105712002424042,1407.379999999002,7963.558193334012
62370,31.105712002424042,1407.399999999002,7963.596670211214
62371,31.105712002424042,1407.419999999002,7963.6351467891
62372,31.105712002424042,1407.4399999990019,7963.6736230676615
62373,31.105712002424042,1407.4599999990019,7963.712099046888
62374,31.105712002424042,1407.4799999990018,7963.750574726771
62375,31.105712002424042,1407.4999999990018,7963.789050107301
62376,31.105712002424042,1407.5199999990018,7963.827525188468
62377,31.105712002424042,1407.5399999990018,7963.865999970262
62378,31.105712002424042,1407.5599999990018,7963.9044744526755
62379,31.105712002424042,1407.5799999990018,7963.942948635698
62380,31.105712002424042,1407.5999999990017,7963.9814225193195
62381,31.105712002424042,1407.6199999990017,7964.019896103531
62382,31.105712002424042,1407.6399999990017,7964.058369388324
62383,31.105712002424042,1407.6599999990017,7964.096842373688
62384,31.105712002424042,1407.6799999990017,7964.135315059613
62385,31.105712002424042,1407.6999999990016,7964.173787446091
62386,31.105712002424042,1407.7199999990016,7964.212259533113
62387,31.105712002424042,1407.7399999990016,7964.250731320668
62388,31.105712002424042,1407.7599999990016,7964.289202808747
62389,31.105712002424042,1407.7799999990016,7964.327673997342
62390,31.105712002424042,1407.7999999990016,7964.366144886441
62391,31.105712002424042,1407.8199999990015,7964.404615476037
62392,31.105712002424042,1407.8399999990015,7964.443085766119
62393,31.105712002424042,1407.8599999990015,7964.481555756678
62394,31.105712002424042,1407.8799999990015,7964.520025447705
62395,31.105712002424042,1407.8999999990015,7964.55849483919
62396,31.105712002424042,1407.9199999990014,7964.596963931123
62397,31.105712002424042,1407.9399999990014,7964.635432723497
62398,31.105712002424042,1407.9599999990014,7964.6739012163
62399,31.105712002424042,1407.9799999990014,7964.7123694095235
62400,31.105712002424042,1407.9999999990014,7964.750837303159
62401,31.105712002424042,1408.0199999990014,7964.7893048971955
62402,31.105712002424042,1408.0399999990013,7964.827772191625
62403,31.105712002424042,1408.0599999990013,7964.866239186437
62404,31.105712002424042,1408.0799999990013,7964.904705881623
62405,31.105712002424042,1408.0999999990013,7964.943172277173
62406,31.105712002424042,1408.1199999990013,7964.981638373078
62407,31.105712002424042,1408.1399999990012,7965.020104169327
62408,31.105712002424042,1408.1599999990012,7965.058569665913
62409,31.105712002424042,1408.1799999990012,7965.097034862824
62410,31.105712002424042,1408.1999999990012,7965.135499760053
62411,31.105712002424042,1408.2199999990012,7965.173964357589
62412,31.105712002424042,1408.2399999990012,7965.212428655438
62413,31.105712002424042,1408.2599999990011,7965.250892654086
62414,31.105712002424042,1408.2799999990011,7965.289356353888
62415,31.105712002424042,1408.299999999001,7965.327819754837
62416,31.105712002424042,1408.319999999001,7965.366282856922
62417,31.105712002424042,1408.339999999001,7965.404745660134
62418,31.105712002424042,1408.359999999001,7965.443208164463
62419,31.105712002424042,1408.379999999001,7965.4816703699
62420,31.105712002424042,1408.399999999001,7965.520132276436
62421,31.105712002424042,1408.419999999001,7965.558593884061
62422,31.105712002424042,1408.439999999001,7965.597055192767
62423,31.105712002424042,1408.459999999001,7965.635516202542
62424,31.105712002424042,1408.479999999001,7965.673976913378
62425,31.105712002424042,1408.499999999001,7965.712437325266
62426,31.105712002424042,1408.519999999001,7965.750897438197
62427,31.105712002424042,1408.5399999990009,7965.789357252161
62428,31.105712002424042,1408.5599999990009,7965.827816767147
62429,31.105712002424042,1408.5799999990008,7965.866275983148
62430,31.105712002424042,1408.5999999990008,7965.904734900153
62431,31.105712002424042,1408.6199999990008,7965.943193518154
62432,31.105712002424042,1408.6399999990008,7965.98165183714
62433,31.066095163491244,1408.6599999990008,7966.020109857102
62434,31.066095163491244,1408.6799999990008,7966.058567578032
62435,31.066095163491244,1408.6999999990007,7966.097024999919
62436,31.066095163491244,1408.7199999990007,7966.135482122754
62437,31.066095163491244,1408.7399999990007,7966.173938946528
62438,31.066095163491244,1408.7599999990007,7966.2123954712315
62439,31.066095163491244,1408.7799999990007,7966.250851696855
62440,31.066095163491244,1408.7999999990006,7966.289307623389
62441,31.066095163491244,1408.8199999990006,7966.327763250823
62442,31.066095163491244,1408.8399999990006,7966.36621857915
62443,31.066095163491244,1408.8599999990006,7966.404673608358
62444,31.066095163491244,1408.8799999990006,7966.44312833844
62445,31.066095163491244,1408.8999999990006,7966.481582769385
62446,31.066095163491244,1408.9199999990005,7966.520036901184
62447,31.066095163491244,1408.9399999990005,7966.558490733827
62448,31.066095163491244,1408.9599999990005,7966.596944267306
62449,31.066095163491244,1408.9799999990005,7966.635397501611
62450,31.066095163491244,1408.9999999990005,7966.673850436732
62451,31.066095163491244,1409.0199999990004,7966.712303072661
62452,31.066095163491244,1409.0399999990004,7966.750755409386
62453,31.066095163491244,1409.0599999990004,7966.7892074469
62454,31.066095163491244,1409.0799999990004,7966.827659185193
62455,31.066095163491244,1409.0999999990004,7966.866110624254
62456,31.066095163491244,1409.1199999990004,7966.904561764077
62457,31.066095163491244,1409.1399999990003,7966.943012604649
62458,31.066095163491244,1409.1599999990003,7966.981463145963
62459,31.066095163491244,1409.1799999990003,7967.019913388009
62460,31.066095163491244,1409.1999999990003,7967.058363330777
62461,31.066095163491244,1409.2199999990003,7967.096812974258
62462,31.066095163491244,1409.2399999990002,7967.135262318442
62463,31.066095163491244,1409.2599999990002,7967.173711363341
62464,31.066095163491244,1409.2799999990002,7967.212160109379
62465,31.066095163491244,1409.2999999990002,7967.250608556799
62466,31.066095163491244,1409.3199999990002,7967.289056705595
62467,31.066095163491244,1409.3399999990002,7967.327504555755
62468,31.066095163491244,1409.3599999990001,7967.3659521072705
62469,31.066095163491244,1409.3799999990001,7967.404399360132
62470,31.066095163491244,1409.399999999,7967.4428463143295
62471,31.066095163491244,1409.419999999,7967.481292969855
62472,31.066095163491244,1409.439999999,7967.519739326698
62473,31.066095163491244,1409.459999999,7967.55818538485
62474,31.066095163491244,1409.479999999,7967.5966311443
62475,31.066095163491244,1409.499999999,7967.63507660504
62476,31.066095163491244,1409.519999999,7967.67352176706
62477,31.066095163491244,1409.539999999,7967.7119666303515
62478,31.066095163491244,1409.559999999,7967.750411194904
62479,31.066095163491244,1409.579999999,7967.788855460708
62480,31.066095163491244,1409.599999999,7967.827299427755
62481,31.066095163491244,1409.619999999,7967.865743096035
62482,31.066095163491244,1409.6399999989999,7967.904186465538
62483,31.066095163491244,1409.6599999989999,7967.942629536256
62484,31.066095163491244,1409.6799999989998,7967.981072308179
62485,31.066095163491244,1409.6999999989998,7968.019514781297
62486,31.066095163491244,1409.7199999989998,7968.057956955602
62487,31.066095163491244,1409.7399999989998,7968.096398831083
62488,31.066095163491244,1409.7599999989998,7968.134840407732
62489,31.066095163491244,1409.7799999989998,7968.173281685538
62490,31.066095163491244,1409.7999999989997,7968.211722664493
62491,31.066095163491244,1409.8199999989997,7968.250163344587
62492,31.066095163491244,1409.8399999989997,7968.28860372581
62493,31.066095163491244,1409.8599999989997,7968.3270438081545
62494,31.066095163491244,1409.8799999989997,7968.365483591609
62495,31.066095163491244,1409.8999999989996,7968.403923076165
62496,31.066095163491244,1409.9199999989996,7968.442362261812
62497,31.066095163491244,1409.9399999989996,7968.480801148543
62498,31.066095163491244,1409.9599999989996,7968.519239736347
62499,31.066095163491244,1409.9799999989996,7968.557678025215
62500,31.066095163491244,1409.9999999989996,7968.596116015137
62501,31.066095163491244,1410.0199999989995,7968.634553706104
62502,31.066095163491244,1410.0399999989995,7968.672991098107
62503,31.066095163491244,1410.0599999989995,7968.711428191135
62504,31.066095163491244,1410.0799999989995,7968.749864985181
62505,31.066095163491244,1410.0999999989995,7968.788301480235
62506,31.066095163491244,1410.1199999989994,7968.826737676286
62507,31.066095163491244,1410.1399999989994,7968.865173573326
62508,31.066095163491244,1410.1599999989994,7968.903609171344
62509,31.066095163491244,1410.1799999989994,7968.942044470333
62510,31.066095163491244,1410.1999999989994,7968.980479470282
62511,31.066095163491244,1410.2199999989994,7969.018914171183
62512,31.066095163491244,1410.2399999989993,7969.057348573025
62513,31.066095163491244,1410.2599999989993,7969.095782675799
62514,31.066095163491244,1410.2799999989993,7969.134216479527
62515,31.066095163491244,1410.2999999989993,7969.172649984717
62516,31.066095163491244,1410.3199999989993,7969.211083191596
62517,31.066095163491244,1410.3399999989992,7969.249516100153
62518,31.066095163491244,1410.3599999989992,7969.28794871038
62519,31.066095163491244,1410.3799999989992,7969.326381022267
62520,31.066095163491244,1410.3999999989992,7969.364813035804
62521,31.066095163491244,1410.4199999989992,7969.403244750983
62522,31.066095163491244,1410.4399999989992,7969.441676167793
62523,31.066095163491244,1410.4599999989991,7969.480107286226
62524,31.066095163491244,1410.4799999989991,7969.518538106271
62525,31.066095163491244,1410.499999998999,7969.5569686279205
62526,31.066095163491244,1410.519999998999,7969.595398851164
62527,31.066095163491244,1410.539999998999,7969.633828775992
62528,31.066095163491244,1410.559999998999,7969.6722584023955
62529,31.066095163491244,1410.579999998999,7969.710687730365
62530,31.066095163491244,1410.599999998999,7969.749116759891
62531,31.066095163491244,1410.619999998999,7969.7875454909645
62532,31.066095163491244,1410.639999998999,7969.8259739235755
62533,31.066095163491244,1410.659999998999,7969.864402057715
62534,31.066095163491244,1410.679999998999,7969.902829893374
62535,31.066095163491244,1410.699999998999,7969.941257430542
62536,31.066095163491244,1410.719999998999,7969.97968466921
62537,31.066095163491244,1410.7399999989989,7970.018111609349
62538,31.066095163491244,1410.7599999989989,7970.056538250745
62539,31.066095163491244,1410.7799999989988,7970.09496459336
62540,31.066095163491244,1410.7999999989988,7970.133390637186
62541,31.066095163491244,1410.8199999989988,7970.1718163822125
62542,31.066095163491244,1410.8399999989988,7970.21024182843
62543,31.066095163491244,1410.8599999989988,7970.24866697583
62544,31.066095163491244,1410.8799999989988,7970.2870918244025
62545,31.066095163491244,1410.8999999989987,7970.325516374139
62546,31.066095163491244,1410.9199999989987,7970.363940625029
62547,31.066095163491244,1410.9399999989987,7970.402364577062
62548,31.066095163491244,1410.9599999989987,7970.44078823023
62549,31.066095163491244,1410.9799999989987,7970.479211584524
62550,31.066095163491244,1410.9999999989986,7970.517634639934
62551,31.066095163491244,1411.0199999989986,7970.55605739645
62552,31.066095163491244,1411.0399999989986,7970.594479854063
62553,31.066095163491244,1411.0599999989986,7970.632902012763
62554,31.066095163491244,1411.0799999989986,7970.6713238725415
62555,31.066095163491244,1411.0999999989986,7970.709745433389
62556,31.066095163491244,1411.1199999989985,7970.748166695295
62557,31.066095163491244,1411.1399999989985,7970.786587658251
62558,31.066095163491244,1411.1599999989985,7970.825008322247
62559,31.066095163491244,1411.1799999989985,7970.863428687275
62560,31.066095163491244,1411.1999999989985,7970.901848753323
62561,31.066095163491244,1411.2199999989984,7970.940268520383
62562,31.066095163491244,1411.2399999989984,7970.978687988446
62563,31.066095163491244,1411.2599999989984,7971.017107157501
62564,31.066095163491244,1411.2799999989984,7971.0555260275405
62565,31.066095163491244,1411.2999999989984,7971.093944598594
62566,31.066095163491244,1411.3199999989984,7971.132362871208
62567,31.066095163491244,1411.3399999989983,7971.170780845562
62568,31.066095163491244,1411.3599999989983,7971.209198521647
62569,31.066095163491244,1411.3799999989983,7971.247615899452
62570,31.066095163491244,1411.3999999989983,7971.28603297897
62571,31.066095163491244,1411.4199999989983,7971.32444976019
62572,31.066095163491244,1411.4399999989982,7971.362866243102
62573,31.066095163491244,1411.4599999989982,7971.401282427698
62574,31.066095163491244,1411.4799999989982,7971.439698313968
62575,31.066095163491244,1411.4999999989982,7971.478113901901
62576,31.066095163491244,1411.5199999989982,7971.516529191491
62577,31.066095163491244,1411.5399999989982,7971.554944182726
62578,31.066095163491244,1411.5599999989981,7971.593358875597
62579,31.066095163491244,1411.5799999989981,7971.6317732700945
62580,31.066095163491244,1411.599999998998,7971.67018736621
62581,31.066095163491244,1411.619999998998,7971.708601163932
62582,31.066095163491244,1411.639999998998,7971.747014663253
62583,31.066095163491244,1411.659999998998,7971.7854278641635
62584,31.066095163491244,1411.679999998998,7971.823840766653
62585,31.066095163491244,1411.699999998998,7971.862253370713
62586,31.066095163491244,1411.719999998998,7971.900665676334
62587,31.066095163491244,1411.739999998998,7971.939077683506
62588,31.066095163491244,1411.759999998998,7971.97748939222
62589,31.066095163491244,1411.779999998998,7972.015900802467
62590,31.066095163491244,1411.799999998998,7972.054311914236
62591,31.066095163491244,1411.819999998998,7972.092722727519
62592,31.066095163491244,1411.8399999989979,7972.131133242306
62593,31.066095163491244,1411.8599999989979,7972.169543458587
62594,31.066095163491244,1411.8799999989978,7972.2079533763535
62595,31.066095163491244,1411.8999999989978,7972.246362995596
62596,31.066095163491244,1411.9199999989978,7972.284772316305
62597,31.066095163491244,1411.9399999989978,7972.323181338471
62598,31.066095163491244,1411.9599999989978,7972.361590062084
62599,31.066095163491244,1411.9799999989978,7972.399998487135
62600,31.066095163491244,1411.9999999989977,7972.438406613615
62601,31.066095163491244,1412.0199999989977,7972.476814441515
62602,31.066095163491244,1412.0399999989977,7972.515221970823
62603,31.066095163491244,1412.0599999989977,7972.553629201532
62604,31.066095163491244,1412.0799999989977,7972.592036133632
62605,31.066095163491244,1412.0999999989976,7972.630442767114
62606,31.066095163491244,1412.1199999989976,7972.668849101968
62607,31.066095163491244,1412.1399999989976,7972.707255138184
62608,31.066095163491244,1412.1599999989976,7972.745660875754
62609,31.066095163491244,1412.1799999989976,7972.784066314667
62610,31.066095163491244,1412.1999999989976,7972.822471454914
62611,31.066095163491244,1412.2199999989975,7972.860876296487
62612,31.066095163491244,1412.2399999989975,7972.899280839374
62613,31.066095163491244,1412.2599999989975,7972.937685083568
62614,31.066095163491244,1412.2799999989975,7972.976089029058
62615,31.066095163491244,1412.2999999989975,7973.014492675836
62616,31.066095163491244,1412.3199999989974,7973.052896023941
62617,31.066095163491244,1412.3399999989974,7973.091299073957
62618,31.066095163491244,1412.3599999989974,7973.1297018260175
62619,31.066095163491244,1412.3799999989974,7973.168104280113
62620,31.066095163491244,1412.3999999989974,7973.206506436234
62621,31.066095163491244,1412.4199999989974,7973.244908294371
62622,31.066095163491244,1412.4399999989973,7973.283309854515
62623,31.066095163491244,1412.4599999989973,7973.321711116657
62624,31.066095163491244,1412.4799999989973,7973.360112080786
62625,31.066095163491244,1412.4999999989973,7973.398512746894
62626,31.066095163491244,1412.5199999989973,7973.4369131149715
62627,31.066095163491244,1412.5399999989972,7973.475313185008
62628,31.066095163491244,1412.5599999989972,7973.513712956996
62629,31.066095163491244,1412.5799999989972,7973.552112430924
62630,31.066095163491244,1412.5999999989972,7973.590511606784
62631,31.066095163491244,1412.6199999989972,7973.628910484566
62632,31.066095163491244,1412.6399999989972,7973.667309064262
62633,31.066095163491244,1412.6599999989971,7973.70570734586
62634,31.066095163491244,1412.6799999989971,7973.744105329352
62635,31.066095163491244,1412.699999998997,7973.782503014729
62636,31.066095163491244,1412.719999998997,7973.82090040198
62637,31.066095163491244,1412.739999998997,7973.859297491097
62638,31.066095163491244,1412.759999998997,7973.89769428207
62639,31.066095163491244,1412.779999998997,7973.9360907748905
62640,31.066095163491244,1412.799999998997,7973.974486969548
62641,31.066095163491244,1412.819999998997,7974.012882866034
62642,31.066095163491244,1412.839999998997,7974.051278464338
62643,31.066095163491244,1412.859999998997,7974.089673764452
62644,31.066095163491244,1412.879999998997,7974.128068766365
62645,31.066095163491244,1412.899999998997,7974.166463470068
62646,31.066095163491244,1412.919999998997,7974.204857875553
62647,31.066095163491244,1412.9399999989969,7974.243251982809
62648,31.066095163491244,1412.9599999989969,7974.281645791827
62649,31.066095163491244,1412.9799999989968,7974.320039302598
62650,31.066095163491244,1412.9999999989968,7974.358432515112
62651,31.066095163491244,1413.0199999989968,7974.39682542936
62652,31.066095163491244,1413.0399999989968,7974.435218045333
62653,31.066095163491244,1413.0599999989968,7974.473610363021
62654,31.066095163491244,1413.0799999989968,7974.512002382415
62655,31.066095163491244,1413.0999999989967,7974.550394103504
62656,31.066095163491244,1413.1199999989967,7974.58878552628
62657,31.066095163491244,1413.1399999989967,7974.627176650733
62658,31.066095163491244,1413.1599999989967,7974.665567476855
62659,31.066095163491244,1413.1799999989967,7974.703958004636
62660,31.066095163491244,1413.1999999989966,7974.7423482340655
62661,31.066095163491244,1413.2199999989966,7974.780738165135
62662,31.066095163491244,1413.2399999989966,7974.819127797835
62663,31.066095163491244,1413.2599999989966,7974.857517132155
62664,31.066095163491244,1413.2799999989966,7974.895906168088
62665,31.066095163491244,1413.2999999989966,7974.934294905623
62666,31.066095163491244,1413.3199999989965,7974.97268334475
62667,31.066095163491244,1413.3399999989965,7975.01107148552
62668,31.066095163491244,1413.3599999989965,7975.049459328554
62669,31.066095163491244,1413.3799999989965,7975.087846873938
62670,31.066095163491244,1413.3999999989965,7975.126234121665
62671,31.066095163491244,1413.4199999989964,7975.1646210717245
62672,31.066095163491244,1413.4399999989964,7975.203007724106
62673,31.066095163491244,1413.4599999989964,7975.241394078802
62674,31.066095163491244,1413.4799999989964,7975.279780135802
62675,31.066095163491244,1413.4999999989964,7975.318165895096
62676,31.066095163491244,1413.5199999989964,7975.356551356676
62677,31.066095163491244,1413.5399999989963,7975.394936520533
62678,31.066095163491244,1413.5599999989963,7975.433321386655
62679,31.066095163491244,1413.5799999989963,7975.471705955035
62680,31.066095163491244,1413.5999999989963,7975.510090225663
62681,31.066095163491244,1413.6199999989963,7975.548474198529
62682,31.066095163491244,1413.6399999989962,7975.5868578736245
62683,31.066095163491244,1413.6599999989962,7975.625241250939
62684,31.066095163491244,1413.6799999989962,7975.663624330465
62685,31.066095163491244,1413.6999999989962,7975.7020071121915
62686,31.066095163491244,1413.7199999989962,7975.74038959611
62687,31.066095163491244,1413.7399999989962,7975.77877178221
62688,31.066095163491244,1413.7599999989961,7975.817153670483
62689,31.066095163491244,1413.7799999989961,7975.855535260919
62690,31.066095163491244,1413.799999998996,7975.893916553509
62691,31.066095163491244,1413.819999998996,7975.932297548245
62692,31.066095163491244,1413.839999998996,7975.970678245115
62693,31.066095163491244,1413.859999998996,7976.009058644111
62694,31.066095163491244,1413.879999998996,7976.047438745224
62695,31.066095163491244,1413.899999998996,7976.085818548444
62696,31.066095163491244,1413.919999998996,7976.124198053762
62697,31.066095163491244,1413.939999998996,7976.162577261168
62698,31.066095163491244,1413.959999998996,7976.200956170653
62699,31.066095163491244,1413.979999998996,7976.239334782207
62700,31.066095163491244,1413.999999998996,7976.277713095822
62701,31.066095163491244,1414.019999998996,7976.316091111487
62702,31.066095163491244,1414.0399999989959,7976.354468829194
62703,31.066095163491244,1414.0599999989959,7976.392846248933
62704,31.066095163491244,1414.0799999989958,7976.431223370694
62705,31.066095163491244,1414.0999999989958,7976.4696001944685
62706,31.066095163491244,1414.1199999989958,7976.507976720247
62707,31.066095163491244,1414.1399999989958,7976.54635294802
62708,31.066095163491244,1414.1599999989958,7976.584728877779
62709,31.066095163491244,1414.1799999989958,7976.623104509513
62710,31.066095163491244,1414.1999999989957,7976.661479843213
62711,31.066095163491244,1414.2199999989957,7976.69985487887
62712,31.066095163491244,1414.2399999989957,7976.738229616474
62713,31.066095163491244,1414.2599999989957,7976.776604056017
62714,31.066095163491244,1414.2799999989957,7976.814978197489
62715,31.066095163491244,1414.2999999989956,7976.85335204088
62716,31.066095163491244,1414.3199999989956,7976.891725586182
62717,31.066095163491244,1414.3399999989956,7976.930098833383
62718,31.066095163491244,1414.3599999989956,7976.968471782565
62719,31.066095163491244,1414.3799999989956,7977.006844434421
62720,31.066095163491244,1414.3999999989956,7977.045216789009
62721,31.066095163491244,1414.4199999989955,7977.083588846321
62722,31.066095163491244,1414.4399999989955,7977.121960606347
62723,31.066095163491244,1414.4599999989955,7977.160332069078
62724,31.066095163491244,1414.4799999989955,7977.198703234505
62725,31.066095163491244,1414.4999999989955,7977.237074102619
62726,31.066095163491244,1414.5199999989954,7977.27544467341
62727,31.066095163491244,1414.5399999989954,7977.313814946869
62728,31.066095163491244,1414.5599999989954,7977.3521849229855
62729,31.066095163491244,1414.5799999989954,7977.390554601751
62730,31.066095163491244,1414.5999999989954,7977.428923983157
62731,31.066095163491244,1414.6199999989954,7977.467293067193
62732,31.026562347839285,1414.6399999989953,7977.505661853851
62733,31.026562347839285,1414.6599999989953,7977.5440303431205
62734,31.026562347839285,1414.6799999989953,7977.582398534993
62735,31.026562347839285,1414.6999999989953,7977.620766429459
62736,31.026562347839285,1414.7199999989953,7977.659134026509
62737,31.026562347839285,1414.7399999989952,7977.6975013261335
62738,31.026562347839285,1414.7599999989952,7977.735868328324
62739,31.026562347839285,1414.7799999989952,7977.77423503307
62740,31.026562347839285,1414.7999999989952,7977.812601440363
62741,31.026562347839285,1414.8199999989952,7977.850967550194
62742,31.026562347839285,1414.8399999989952,7977.889333362552
62743,31.026562347839285,1414.8599999989951,7977.927698877429
62744,31.026562347839285,1414.8799999989951,7977.966064094816
62745,31.026562347839285,1414.899999998995,7978.004429014703
62746,31.026562347839285,1414.919999998995,7978.042793637082
62747,31.026562347839285,1414.939999998995,7978.081157961941
62748,31.026562347839285,1414.959999998995,7978.119521989273
62749,31.026562347839285,1414.979999998995,7978.157885719069
62750,31.026562347839285,1414.999999998995,7978.196249151318
62751,31.026562347839285,1415.019999998995,7978.234612286011
62752,31.026562347839285,1415.039999998995,7978.272975123139
62753,31.026562347839285,1415.059999998995,7978.311337662693
62754,31.026562347839285,1415.079999998995,7978.349699904665
62755,31.026562347839285,1415.099999998995,7978.388061849043
62756,31.026562347839285,1415.119999998995,7978.426423495819
62757,31.026562347839285,1415.1399999989949,7978.464784844984
62758,31.026562347839285,1415.1599999989949,7978.503145896528
62759,31.026562347839285,1415.1799999989948,7978.541506650442
62760,31.026562347839285,1415.1999999989948,7978.579867106717
62761,31.026562347839285,1415.2199999989948,7978.618227265343
62762,31.026562347839285,1415.2399999989948,7978.656587126311
62763,31.026562347839285,1415.2599999989948,7978.694946689612
62764,31.026562347839285,1415.2799999989948,7978.733305955237
62765,31.026562347839285,1415.2999999989947,7978.771664923175
62766,31.026562347839285,1415.3199999989947,7978.810023593418
62767,31.026562347839285,1415.3399999989947,7978.848381965957
62768,31.026562347839285,1415.3599999989947,7978.886740040782
62769,31.026562347839285,1415.3799999989947,7978.925097817997
62770,31.026562347839285,1415.3999999989946,7978.963455298137
62771,31.026562347839285,1415.4199999989946,7979.001812481239
62772,31.026562347839285,1415.4399999989946,7979.040169367293
62773,31.026562347839285,1415.4599999989946,7979.078525956292
62774,31.026562347839285,1415.4799999989946,7979.116882248225
62775,31.026562347839285,1415.4999999989946,7979.155238243084
62776,31.026562347839285,1415.5199999989945,7979.193593940858
62777,31.026562347839285,1415.5399999989945,7979.231949341539
62778,31.026562347839285,1415.5599999989945,7979.270304445117
62779,31.026562347839285,1415.5799999989945,7979.308659251584
62780,31.026562347839285,1415.5999999989945,7979.347013760929
62781,31.026562347839285,1415.6199999989944,7979.385367973145
62782,31.026562347839285,1415.6399999989944,7979.423721888221
62783,31.026562347839285,1415.6599999989944,7979.462075506148
62784,31.026562347839285,1415.6799999989944,7979.5004288269165
62785,31.026562347839285,1415.6999999989944,7979.538781850518
62786,31.026562347839285,1415.7199999989944,7979.577134576943
62787,31.026562347839285,1415.7399999989943,7979.615487006182
62788,31.026562347839285,1415.7599999989943,7979.653839138226
62789,31.026562347839285,1415.7799999989943,7979.692190973066
62790,31.026562347839285,1415.7999999989943,7979.730542510692
62791,31.026562347839285,1415.8199999989943,7979.768893751096
62792,31.026562347839285,1415.8399999989942,7979.807244694267
62793,31.026562347839285,1415.8599999989942,7979.845595340197
62794,31.026562347839285,1415.8799999989942,7979.883945688876
62795,31.026562347839285,1415.8999999989942,7979.922295740296
62796,31.026562347839285,1415.9199999989942,7979.960645494447
62797,31.026562347839285,1415.9399999989942,7979.998994951319
62798,31.026562347839285,1415.9599999989941,7980.037366671397
62799,31.026562347839285,1415.9799999989941,7980.075785106568
62800,31.026562347839285,1415.999999998994,7980.114250519665
62801,31.026562347839285,1416.019999998994,7980.152762967578
62802,31.026562347839285,1416.039999998994,7980.191322507269
62803,31.026562347839285,1416.059999998994,7980.229929195767
62804,31.026562347839285,1416.079999998994,7980.268583090167
62805,31.026562347839285,1416.099999998994,7980.307284247637
62806,31.026562347839285,1416.119999998994,7980.346032725409
62807,31.026562347839285,1416.139999998994,7980.384828580786
62808,31.026562347839285,1416.159999998994,7980.423671871141
62809,31.026562347839285,1416.179999998994,7980.462562653912
62810,31.026562347839285,1416.199999998994,7980.501500986608
62811,31.026562347839285,1416.219999998994,7980.540486926809
62812,31.026562347839285,1416.2399999989939,7980.57952053216
62813,31.026562347839285,1416.2599999989939,7980.618601860378
62814,31.026562347839285,1416.2799999989938,7980.657730969247
62815,31.026562347839285,1416.2999999989938,7980.696907916622
62816,31.026562347839285,1416.3199999989938,7980.736132760428
62817,31.026562347839285,1416.3399999989938,7980.775405558656
62818,31.026562347839285,1416.3599999989938,7980.81472636937
62819,31.026562347839285,1416.3799999989938,7980.854095250703
62820,31.026562347839285,1416.3999999989937,7980.893512261031
62821,31.026562347839285,1416.4199999989937,7980.932977459203
62822,31.026562347839285,1416.4399999989937,7980.9724909036095
62823,31.026562347839285,1416.4599999989937,7981.012052652663
62824,31.026562347839285,1416.4799999989937,7981.051662764849
62825,31.026562347839285,1416.4999999989936,7981.0913212987225
62826,31.026562347839285,1416.5199999989936,7981.131028312906
62827,31.026562347839285,1416.5399999989936,7981.170783866096
62828,31.026562347839285,1416.5599999989936,7981.210588017057
62829,31.026562347839285,1416.5799999989936,7981.250440824624
62830,31.026562347839285,1416.5999999989936,7981.290342347705
62831,31.026562347839285,1416.6199999989935,7981.330292645275
62832,31.026562347839285,1416.6399999989935,7981.370291776383
62833,31.026562347839285,1416.6599999989935,7981.410339800146
62834,31.026562347839285,1416.6799999989935,7981.450436775754
62835,31.026562347839285,1416.6999999989935,7981.490582762465
62836,31.026562347839285,1416.7199999989934,7981.530777819612
62837,31.026562347839285,1416.7399999989934,7981.571022006597
62838,31.026562347839285,1416.7599999989934,7981.611315382892
62839,31.026562347839285,1416.7799999989934,7981.651658008042
62840,31.026562347839285,1416.7999999989934,7981.692049941664
62841,31.026562347839285,1416.8199999989934,7981.732491243443
62842,31.026562347839285,1416.8399999989933,7981.77298197314
62843,31.026562347839285,1416.8599999989933,7981.813522190585
62844,31.026562347839285,1416.8799999989933,7981.8541119556785
62845,31.026562347839285,1416.8999999989933,7981.894751328396
62846,31.026562347839285,1416.9199999989933,7981.935440368782
62847,31.026562347839285,1416.9399999989932,7981.9761791369565
62848,31.026562347839285,1416.9599999989932,7982.016967693107
62849,31.026562347839285,1416.9799999989932,7982.057806097497
62850,31.026562347839285,1416.9999999989932,7982.098694410459
62851,31.026562347839285,1417.0199999989932,7982.1396326924005
62852,31.026562347839285,1417.0399999989932,7982.180621003799
62853,31.026562347839285,1417.0599999989931,7982.221659405207
62854,31.026562347839285,1417.0799999989931,7982.2627479572475
62855,31.026562347839285,1417.099999998993,7982.303886720617
62856,31.026562347839285,1417.119999998993,7982.345075756085
62857,31.026562347839285,1417.139999998993,7982.386315124492
62858,31.026562347839285,1417.159999998993,7982.427604886755
62859,31.026562347839285,1417.179999998993,7982.46894510386
62860,31.026562347839285,1417.199999998993,7982.510335836869
62861,31.026562347839285,1417.219999998993,7982.551777146914
62862,31.026562347839285,1417.239999998993,7982.593269095204
62863,31.026562347839285,1417.259999998993,7982.634811743019
62864,31.026562347839285,1417.279999998993,7982.676405151713
62865,31.026562347839285,1417.299999998993,7982.718049382713
62866,31.026562347839285,1417.319999998993,7982.75974449752
62867,31.026562347839285,1417.3399999989929,7982.801490557709
62868,31.026562347839285,1417.3599999989929,7982.843287624929
62869,31.026562347839285,1417.3799999989928,7982.885135760901
62870,31.026562347839285,1417.3999999989928,7982.927035027422
62871,31.026562347839285,1417.4199999989928,7982.968985486598
62872,31.026562347839285,1417.4399999989928,7983.010987200946
62873,31.026562347839285,1417.4599999989928,7983.053040232525
62874,31.026562347839285,1417.4799999989928,7983.09514464343
62875,31.026562347839285,1417.4999999989927,7983.137300495831
62876,31.026562347839285,1417.5199999989927,7983.1795078519735
62877,31.026562347839285,1417.5399999989927,7983.221766774176
62878,31.026562347839285,1417.5599999989927,7983.264077324833
62879,31.026562347839285,1417.5799999989927,7983.306439566413
62880,31.026562347839285,1417.5999999989926,7983.34885356146
62881,31.026562347839285,1417.6199999989926,7983.391319372591
62882,31.026562347839285,1417.6399999989926,7983.4338370625
62883,31.026562347839285,1417.6599999989926,7983.476406693956
62884,31.026562347839285,1417.6799999989926,7983.519028329802
62885,31.026562347839285,1417.6999999989926,7983.561702032956
62886,31.026562347839285,1417.7199999989925,7983.604427866414
62887,31.026562347839285,1417.7399999989925,7983.647205893244
62888,31.026562347839285,1417.7599999989925,7983.690036176593
62889,31.026562347839285,1417.7799999989925,7983.73291877968
62890,31.026562347839285,1417.7999999989925,7983.775853765803
62891,31.026562347839285,1417.8199999989924,7983.818841198334
62892,31.026562347839285,1417.8399999989924,7983.8618811407205
62893,31.026562347839285,1417.8599999989924,7983.9049736564875
62894,31.026562347839285,1417.8799999989924,7983.948118809235
62895,31.026562347839285,1417.8999999989924,7983.991316662639
62896,31.026562347839285,1417.9199999989924,7984.034567280453
62897,31.026562347839285,1417.9399999989923,7984.077870726506
62898,31.026562347839285,1417.9599999989923,7984.121227064703
62899,31.026562347839285,1417.9799999989923,7984.164636359026
62900,31.026562347839285,1417.9999999989923,7984.208098673534
62901,31.026562347839285,1418.0199999989923,7984.251614072362
62902,31.026562347839285,1418.0399999989922,7984.295182619722
62903,31.026562347839285,1418.0599999989922,7984.338804379904
62904,31.026562347839285,1418.0799999989922,7984.382479417273
62905,31.026562347839285,1418.0999999989922,7984.426207796273
62906,31.026562347839285,1418.1199999989922,7984.469989581423
62907,31.026562347839285,1418.1399999989922,7984.513824837321
62908,31.026562347839285,1418.1599999989921,7984.557713628643
62909,31.026562347839285,1418.1799999989921,7984.60165602014
62910,31.026562347839285,1418.199999998992,7984.645652076641
62911,31.026562347839285,1418.219999998992,7984.689701863055
62912,31.026562347839285,1418.239999998992,7984.733805444367
62913,31.026562347839285,1418.259999998992,7984.77796288564
62914,31.026562347839285,1418.279999998992,7984.822174252014
62915,31.026562347839285,1418.299999998992,7984.866439608707
62916,31.026562347839285,1418.319999998992,7984.910759021018
62917,31.026562347839285,1418.339999998992,7984.955132554321
62918,31.026562347839285,1418.359999998992,7984.999560274069
62919,31.026562347839285,1418.379999998992,7985.044042245795
62920,31.026562347839285,1418.399999998992,7985.088578535108
62921,31.026562347839285,1418.419999998992,7985.133169207697
62922,31.026562347839285,1418.4399999989919,7985.177814329632
62923,31.026562347839285,1418.4599999989919,7985.222513967325
62924,31.026562347839285,1418.4799999989918,7985.267268186732
62925,31.026562347839285,1418.4999999989918,7985.31207705386
62926,31.026562347839285,1418.5199999989918,7985.356940634795
62927,31.026562347839285,1418.5399999989918,7985.401858995702
62928,31.026562347839285,1418.5599999989918,7985.446832202826
62929,31.026562347839285,1418.5799999989918,7985.4918603224905
62930,31.026562347839285,1418.5999999989917,7985.536943421098
62931,31.026562347839285,1418.6199999989917,7985.582081565131
62932,31.026562347839285,1418.6399999989917,7985.627274821153
62933,31.026562347839285,1418.6599999989917,7985.672523255804
62934,31.026562347839285,1418.6799999989917,7985.7178269358055
62935,31.026562347839285,1418.6999999989916,7985.76318592796
62936,31.026562347839285,1418.7199999989916,7985.808600299149
62937,31.026562347839285,1418.7399999989916,7985.854070116333
62938,31.026562347839285,1418.7599999989916,7985.899595446554
62939,31.026562347839285,1418.7799999989916,7985.945176356933
62940,31.026562347839285,1418.7999999989916,7985.990812914673
62941,31.026562347839285,1418.8199999989915,7986.036505187058
62942,31.026562347839285,1418.8399999989915,7986.082253241449
62943,31.026562347839285,1418.8599999989915,7986.12805714529
62944,31.026562347839285,1418.8799999989915,7986.173916966106
62945,31.026562347839285,1418.8999999989915,7986.219832771501
62946,31.026562347839285,1418.9199999989914,7986.2658046291635
62947,31.026562347839285,1418.9399999989914,7986.311832606859
62948,31.026562347839285,1418.9599999989914,7986.357916772436
62949,31.026562347839285,1418.9799999989914,7986.404057193824
62950,31.026562347839285,1418.9999999989914,7986.450253939034
62951,31.026562347839285,1419.0199999989914,7986.496507076159
62952,31.026562347839285,1419.0399999989913,7986.542816673372
62953,31.026562347839285,1419.0599999989913,7986.589182798927
62954,31.026562347839285,1419.0799999989913,7986.635605521163
62955,31.026562347839285,1419.0999999989913,7986.682084908497
62956,31.026562347839285,1419.1199999989913,7986.7286210294305
62957,31.026562347839285,1419.1399999989912,7986.775213952546
62958,31.026562347839285,1419.1599999989912,7986.821863746509
62959,31.026562347839285,1419.1799999989912,7986.868570480065
62960,31.026562347839285,1419.1999999989912,7986.9153342220425
62961,31.026562347839285,1419.2199999989912,7986.962155041354
62962,31.026562347839285,1419.2399999989912,7987.009033006993
62963,31.026562347839285,1419.2599999989911,7987.055968188037
62964,31.026562347839285,1419.2799999989911,7987.102960653643
62965,31.026562347839285,1419.299999998991,7987.150010473055
62966,31.026562347839285,1419.319999998991,7987.1971177155965
62967,31.026562347839285,1419.339999998991,7987.244282450675
62968,31.026562347839285,1419.359999998991,7987.291504747782
62969,31.026562347839285,1419.379999998991,7987.338784676491
62970,31.026562347839285,1419.399999998991,7987.386122306459
62971,31.026562347839285,1419.419999998991,7987.433517707426
62972,31.026562347839285,1419.439999998991,7987.4809709492165
62973,31.026562347839285,1419.459999998991,7987.528482102115
62974,31.026562347839285,1419.479999998991,7987.576051236667
62975,31.026562347839285,1419.499999998991,7987.62367842297
62976,31.026562347839285,1419.519999998991,7987.671363731187
62977,31.026562347839285,1419.5399999989909,7987.719107231562
62978,31.026562347839285,1419.5599999989909,7987.766908994426
62979,31.026562347839285,1419.5799999989908,7987.814769090192
62980,31.026562347839285,1419.5999999989908,7987.862687589361
62981,31.026562347839285,1419.6199999989908,7987.910664562513
62982,31.026562347839285,1419.6399999989908,7987.958700080318
62983,31.026562347839285,1419.6599999989908,7988.006794213525
62984,31.026562347839285,1419.6799999989908,7988.054947032971
62985,31.026562347839285,1419.6999999989907,7988.103158609577
62986,31.026562347839285,1419.7199999989907,7988.15142901435
62987,31.026562347839285,1419.7399999989907,7988.199758318379
62988,31.026562347839285,1419.7599999989907,7988.248146592842
62989,31.026562347839285,1419.7799999989907,7988.296593908999
62990,31.026562347839285,1419.7999999989906,7988.345100338196
62991,31.026562347839285,1419.8199999989906,7988.393665951865
62992,31.026562347839285,1419.8399999989906,7988.442290821523
62993,31.026562347839285,1419.8599999989906,7988.490975018773
62994,31.026562347839285,1419.8799999989906,7988.539718615302
62995,31.026562347839285,1419.8999999989906,7988.5885216828865
62996,31.026562347839285,1419.9199999989905,7988.6373842933845
62997,31.026562347839285,1419.9399999989905,7988.686306518742
62998,31.026562347839285,1419.9599999989905,7988.735288430991
62999,31.026562347839285,1419.9799999989905,7988.784330102249
63000,31.026562347839285,1419.9999999989905,7988.833431604722
63001,31.026562347839285,1420.0199999989904,7988.8825930107
63002,31.026562347839285,1420.0399999989904,7988.931814392558
63003,31.026562347839285,1420.0599999989904,7988.981095822763
63004,31.026562347839285,1420.0799999989904,7989.030437373863
63005,31.026562347839285,1420.0999999989904,7989.079839118495
63006,31.026562347839285,1420.1199999989904,7989.129301129386
63007,31.026562347839285,1420.1399999989903,7989.178823479343
63008,31.026562347839285,1420.1599999989903,7989.228406241266
63009,31.026562347839285,1420.1799999989903,7989.278049488141
63010,31.026562347839285,1420.1999999989903,7989.32775329304
63011,31.026562347839285,1420.2199999989903,7989.377517729122
63012,31.026562347839285,1420.2399999989902,7989.427342869635
63013,31.026562347839285,1420.2599999989902,7989.477228787914
63014,31.026562347839285,1420.2799999989902,7989.527175557382
63015,31.026562347839285,1420.2999999989902,7989.577183251549
63016,31.026562347839285,1420.3199999989902,7989.627251944014
63017,31.026562347839285,1420.3399999989902,7989.677381708462
63018,31.026562347839285,1420.3599999989901,7989.72757261867
63019,31.026562347839285,1420.3799999989901,7989.7778247484985
63020,31.026562347839285,1420.39999999899,7989.8281381719
63021,31.026562347839285,1420.41999999899,7989.878512962913
63022,31.026562347839285,1420.43999999899,7989.928949195666
63023,31.026562347839285,1420.45999999899,7989.979446944376
63024,31.026562347839285,1420.47999999899,7990.030015728157
63025,31.026562347839285,1420.49999999899,7990.0807009102255
63026,31.026562347839285,1420.51999999899,7990.131506744966
63027,31.026562347839285,1420.53999999899,7990.182433518236
63028,31.026562347839285,1420.55999999899,7990.233481516569
63029,31.026562347839285,1420.57999999899,7990.28465102717
63030,31.026562347839285,1420.59999999899,7990.335942337924
63031,31.026562347839285,1420.61999999899,7990.3873557373945
63032,31.026562347839285,1420.6399999989899,7990.438891514823
63033,31.026562347839285,1420.6599999989899,7990.4905499601355
63034,31.026562347839285,1420.6799999989898,7990.54233136394
63035,31.026562347839285,1420.6999999989898,7990.594236017531
63036,31.026562347839285,1420.7199999989898,7990.646264212888
63037,31.026562347839285,1420.7399999989898,7990.698416242679
63038,31.026562347839285,1420.7599999989898,7990.750692400263
63039,31.026562347839285,1420.7799999989898,7990.80309297969
63040,31.026562347839285,1420.7999999989897,7990.855618275702
63041,30.987113306192906,1420.8199999989897,7990.9082685837375
63042,30.987113306192906,1420.8399999989897,7990.96104419993
63043,30.987113306192906,1420.8599999989897,7991.013945421113
63044,30.987113306192906,1420.8799999989897,7991.066972544818
63045,30.987113306192906,1420.8999999989896,7991.120125869277
63046,30.987113306192906,1420.9199999989896,7991.173405693427
63047,30.987113306192906,1420.9399999989896,7991.22681231691
63048,30.987113306192906,1420.9599999989896,7991.28034604007
63049,30.987113306192906,1420.9799999989896,7991.334007163964
63050,30.987113306192906,1420.9999999989896,7991.387795990356
63051,30.987113306192906,1421.0199999989895,7991.441712821721
63052,30.987113306192906,1421.0399999989895,7991.495757961248
63053,30.987113306192906,1421.0599999989895,7991.5499317128415
63054,30.987113306192906,1421.0799999989895,7991.604234381119
63055,30.987113306192906,1421.0999999989895,7991.658666271418
63056,30.987113306192906,1421.1199999989894,7991.713227689796
63057,30.987113306192906,1421.1399999989894,7991.767918943032
63058,30.987113306192906,1421.1599999989894,7991.822740338626
63059,30.987113306192906,1421.1799999989894,7991.877692184805
63060,30.987113306192906,1421.1999999989894,7991.93277479052
63061,30.987113306192906,1421.2199999989894,7991.987988465452
63062,30.987113306192906,1421.2399999989893,7992.0433335200105
63063,30.987113306192906,1421.2599999989893,7992.098810265338
63064,30.987113306192906,1421.2799999989893,7992.154419013309
63065,30.987113306192906,1421.2999999989893,7992.210160076534
63066,30.987113306192906,1421.3199999989893,7992.266033768358
63067,30.987113306192906,1421.3399999989892,7992.322040402868
63068,30.987113306192906,1421.3599999989892,7992.378180294887
63069,30.987113306192906,1421.3799999989892,7992.434453759983
63070,30.987113306192906,1421.3999999989892,7992.490861114466
63071,30.987113306192906,1421.4199999989892,7992.547402675391
63072,30.987113306192906,1421.4399999989892,7992.6040787605625
63073,30.987113306192906,1421.4599999989891,7992.660889688531
63074,30.987113306192906,1421.4799999989891,7992.717835778602
63075,30.987113306192906,1421.499999998989,7992.774917351337
63076,30.987113306192906,1421.519999998989,7992.832134728023
63077,30.987113306192906,1421.539999998989,7992.889488230235
63078,30.987113306192906,1421.559999998989,7992.946978180299
63079,30.987113306192906,1421.579999998989,7993.004604901305
63080,30.987113306192906,1421.599999998989,7993.062368717104
63081,30.987113306192906,1421.619999998989,7993.120269952306
63082,30.987113306192906,1421.639999998989,7993.178308932291
63083,30.987113306192906,1421.659999998989,7993.2364859832005
63084,30.987113306192906,1421.679999998989,7993.294801431949
63085,30.987113306192906,1421.699999998989,7993.353255606219
63086,30.987113306192906,1421.719999998989,7993.411848834465
63087,30.987113306192906,1421.7399999989889,7993.470581445916
63088,30.987113306192906,1421.7599999989889,7993.529453770576
63089,30.987113306192906,1421.7799999989888,7993.5884661392265
63090,30.987113306192906,1421.7999999989888,7993.647618883429
63091,30.987113306192906,1421.8199999989888,7993.706912335525
63092,30.987113306192906,1421.8399999989888,7993.76634682864
63093,30.987113306192906,1421.8599999989888,7993.825922696684
63094,30.987113306192906,1421.8799999989888,7993.885640274352
63095,30.987113306192906,1421.8999999989887,7993.9454998971305
63096,30.987113306192906,1421.9199999989887,7994.005501901294
63097,30.987113306192906,1421.9399999989887,7994.065646623911
63098,30.987113306192906,1421.9599999989887,7994.125934402841
63099,30.987113306192906,1421.9799999989887,7994.186365576743
63100,30.987113306192906,1421.9999999989886,7994.24694048507
63101,30.987113306192906,1422.0199999989886,7994.307659468078
63102,30.987113306192906,1422.0399999989886,7994.368522866823
63103,30.987113306192906,1422.0599999989886,7994.429531023164
63104,30.987113306192906,1422.0799999989886,7994.490684279765
63105,30.987113306192906,1422.0999999989886,7994.5519829801
63106,30.987113306192906,1422.1199999989885,7994.613427468447
63107,30.987113306192906,1422.1399999989885,7994.6750180899
63108,30.987113306192906,1422.1599999989885,7994.736755190363
63109,30.987113306192906,1422.1799999989885,7994.798639116554
63110,30.987113306192906,1422.1999999989885,7994.8606702160105
63111,30.987113306192906,1422.2199999989884,7994.922848837086
63112,30.987113306192906,1422.2399999989884,7994.985175328956
63113,30.987113306192906,1422.2599999989884,7995.047650041617
63114,30.987113306192906,1422.2799999989884,7995.110273325891
63115,30.987113306192906,1422.2999999989884,7995.173045533427
63116,30.987113306192906,1422.3199999989884,7995.2359670167
63117,30.987113306192906,1422.3399999989883,7995.299038129016
63118,30.987113306192906,1422.3599999989883,7995.362259224514
63119,30.987113306192906,1422.3799999989883,7995.425630658166
63120,30.987113306192906,1422.3999999989883,7995.489152785779
63121,30.987113306192906,1422.4199999989883,7995.552825964001
63122,30.987113306192906,1422.4399999989882,7995.616650550318
63123,30.987113306192906,1422.4599999989882,7995.680626903057
63124,30.987113306192906,1422.4799999989882,7995.74475538139
63125,30.987113306192906,1422.4999999989882,7995.809036345353
63126,30.987113306192906,1422.5199999989882,7995.873470156512
63127,30.987113306192906,1422.5399999989882,7995.938057177119
63128,30.987113306192906,1422.5599999989881,7996.00279776975
63129,30.987113306192906,1422.5799999989881,7996.067692297835
63130,30.987113306192906,1422.599999998988,7996.132741125658
63131,30.987113306192906,1422.619999998988,7996.197944618363
63132,30.987113306192906,1422.639999998988,7996.263303141953
63133,30.987113306192906,1422.659999998988,7996.328817063291
63134,30.987113306192906,1422.679999998988,7996.394486750108
63135,30.987113306192906,1422.699999998988,7996.460312570996
63136,30.987113306192906,1422.719999998988,7996.526294895419
63137,30.987113306192906,1422.739999998988,7996.592434093708
63138,30.987113306192906,1422.759999998988,7996.658730537068
63139,30.987113306192906,1422.779999998988,7996.725184597577
63140,30.987113306192906,1422.799999998988,7996.791796648189
63141,30.987113306192906,1422.819999998988,7996.858567062737
63142,30.987113306192906,1422.8399999989879,7996.925496215934
63143,30.987113306192906,1422.8599999989879,7996.992584483373
63144,30.987113306192906,1422.8799999989878,7997.059832241535
63145,30.987113306192906,1422.8999999989878,7997.127239867786
63146,30.987113306192906,1422.9199999989878,7997.194807740379
63147,30.987113306192906,1422.9399999989878,7997.262536238458
63148,30.987113306192906,1422.9599999989878,7997.3304257420605
63149,30.987113306192906,1422.9799999989878,7997.398476632119
63150,30.987113306192906,1422.9999999989877,7997.466689290462
63151,30.987113306192906,1423.0199999989877,7997.535064099818
63152,30.987113306192906,1423.0399999989877,7997.603601443814
63153,30.987113306192906,1423.0599999989877,7997.672301706983
63154,30.987113306192906,1423.0799999989877,7997.741165274761
63155,30.987113306192906,1423.0999999989876,7997.810192533494
63156,30.987113306192906,1423.1199999989876,7997.879383870434
63157,30.987113306192906,1423.1399999989876,7997.948739673748
63158,30.987113306192906,1423.1599999989876,7998.018260332514
63159,30.987113306192906,1423.1799999989876,7998.087946236728
63160,30.987113306192906,1423.1999999989876,7998.157797777304
63161,30.987113306192906,1423.2199999989875,7998.227815346074
63162,30.987113306192906,1423.2399999989875,7998.297999335794
63163,30.987113306192906,1423.2599999989875,7998.368350140145
63164,30.987113306192906,1423.2799999989875,7998.438868153733
63165,30.987113306192906,1423.2999999989875,7998.5095537720945
63166,30.987113306192906,1423.3199999989874,7998.580407391696
63167,30.987113306192906,1423.3399999989874,7998.651429409937
63168,30.987113306192906,1423.3599999989874,7998.722620225154
63169,30.987113306192906,1423.3799999989874,7998.793980236619
63170,30.987113306192906,1423.3999999989874,7998.865509844545
63171,30.987113306192906,1423.4199999989874,7998.937209450087
63172,30.987113306192906,1423.4399999989873,7999.009079455343
63173,30.987113306192906,1423.4599999989873,7999.0811202633595
63174,30.987113306192906,1423.4799999989873,7999.15333227813
63175,30.987113306192906,1423.4999999989873,7999.2257159045985
63176,30.987113306192906,1423.5199999989873,7999.2982715487005
63177,30.987113306192906,1423.5399999989872,7999.370999618145
63178,30.987113306192906,1423.5599999989872,7999.443900521267
63179,30.987113306192906,1423.5799999989872,7999.516974666847
63180,30.987113306192906,1423.5999999989872,7999.590222464626
63181,30.987113306192906,1423.6199999989872,7999.663644325312
63182,30.987113306192906,1423.6399999989872,7999.737240660576
63183,30.987113306192906,1423.6599999989871,7999.811011883062
63184,30.987113306192906,1423.6799999989871,7999.884958406382
63185,30.987113306192906,1423.699999998987,7999.9590806451215
