,v,p,t
0,51.67198513710892,170.0,1250.0
1,51.67198513710892,170.02,1250.037891869391
2,51.67198513710892,170.04000000000002,1250.0757817844078
3,51.67198513710892,170.06000000000003,1250.113669744887
4,51.67198513710892,170.08000000000004,1250.151555750665
5,51.67198513710892,170.10000000000005,1250.1894398015784
6,51.67198513710892,170.12000000000006,1250.2273218974635
7,51.67198513710892,170.14000000000007,1250.265202038157
8,51.67198513710892,170.16000000000008,1250.3030802234955
9,51.67198513710892,170.1800000000001,1250.3409564533154
10,51.67198513710892,170.2000000000001,1250.378830727453
11,51.67198513710892,170.2200000000001,1250.4167030457452
12,51.67198513710892,170.24000000000012,1250.4545734080282
13,51.67198513710892,170.26000000000013,1250.4924418141386
14,51.67198513710892,170.28000000000014,1250.530308263913
15,51.67198513710892,170.30000000000015,1250.5681727571878
16,51.67198513710892,170.32000000000016,1250.6060352937996
17,51.67198513710892,170.34000000000017,1250.6438958735848
18,51.67198513710892,170.36000000000018,1250.68175449638
19,51.67198513710892,170.3800000000002,1250.719611162022
20,51.67198513710892,170.4000000000002,1250.7574658703468
21,51.67198513710892,170.42000000000021,1250.7953186211914
22,51.67198513710892,170.44000000000023,1250.8331694143922
23,51.67198513710892,170.46000000000024,1250.8710182497855
24,51.67198513710892,170.48000000000025,1250.908865127208
25,51.67198513710892,170.50000000000026,1250.9467100464963
26,51.67198513710892,170.52000000000027,1250.9845530074867
27,51.67198513710892,170.54000000000028,1251.0223940100161
28,51.67198513710892,170.5600000000003,1251.060233053921
29,51.67198513710892,170.5800000000003,1251.0980701390374
30,51.67198513710892,170.6000000000003,1251.1359052652024
31,51.67198513710892,170.62000000000032,1251.1737384322523
32,51.67198513710892,170.64000000000033,1251.2115696400238
33,51.67198513710892,170.66000000000034,1251.2493988889044
34,51.67198513710892,170.68000000000035,1251.2872261947848
35,51.67198513710892,170.70000000000036,1251.3250515685963
36,51.67198513710892,170.72000000000037,1251.3628750101764
37,51.67198513710892,170.74000000000038,1251.4006965193623
38,51.67198513710892,170.7600000000004,1251.4385160959916
39,51.67198513710892,170.7800000000004,1251.4763337399015
40,51.67198513710892,170.8000000000004,1251.5141494509294
41,51.67198513710892,170.82000000000042,1251.5519632289127
42,51.67198513710892,170.84000000000043,1251.5897750736888
43,51.67198513710892,170.86000000000044,1251.6275849850952
44,51.67198513710892,170.88000000000045,1251.665392962969
45,51.67198513710892,170.90000000000046,1251.7031990071478
46,51.67198513710892,170.92000000000047,1251.7410031174688
47,51.67198513710892,170.94000000000048,1251.7788052937697
48,51.67198513710892,170.9600000000005,1251.8166055358877
49,51.67198513710892,170.9800000000005,1251.85440384366
50,51.67198513710892,171.0000000000005,1251.8922002169245
51,51.67198513710892,171.02000000000052,1251.9299946555182
52,51.67198513710892,171.04000000000053,1251.9677871592785
53,51.67198513710892,171.06000000000054,1252.005577728043
54,51.67198513710892,171.08000000000055,1252.0433663616489
55,51.67198513710892,171.10000000000056,1252.0811530599335
56,51.67198513710892,171.12000000000057,1252.1189378227346
57,51.57392278653429,171.14000000000058,1252.1567206498892
58,51.57392278653429,171.1600000000006,1252.194501541235
59,51.57392278653429,171.1800000000006,1252.2322804966093
60,51.57392278653429,171.2000000000006,1252.2700575158494
61,51.57392278653429,171.22000000000062,1252.3078325987929
62,51.57392278653429,171.24000000000063,1252.345605745277
63,51.57392278653429,171.26000000000064,1252.3833769551393
64,51.57392278653429,171.28000000000065,1252.4211462282171
65,51.57392278653429,171.30000000000067,1252.458913564348
66,51.57392278653429,171.32000000000068,1252.4966789633693
67,51.57392278653429,171.34000000000069,1252.5344424251184
68,51.57392278653429,171.3600000000007,1252.5722039494328
69,51.57392278653429,171.3800000000007,1252.6099635361497
70,51.57392278653429,171.40000000000072,1252.6477211851068
71,51.57392278653429,171.42000000000073,1252.6854768961414
72,51.57392278653429,171.44000000000074,1252.7232306690908
73,51.57392278653429,171.46000000000075,1252.7609825037925
74,51.57392278653429,171.48000000000076,1252.7987324000842
75,51.57392278653429,171.50000000000077,1252.8364803578029
76,51.57392278653429,171.52000000000078,1252.8742263767863
77,51.57392278653429,171.5400000000008,1252.9119704568718
78,51.57392278653429,171.5600000000008,1252.949712597897
79,51.57392278653429,171.5800000000008,1252.987452799699
80,51.57392278653429,171.60000000000082,1253.0251910621155
81,51.57392278653429,171.62000000000083,1253.0629273849836
82,51.57392278653429,171.64000000000084,1253.100661768141
83,51.57392278653429,171.66000000000085,1253.1383942114253
84,51.57392278653429,171.68000000000086,1253.1761247155152
85,51.57392278653429,171.70000000000087,1253.2138532968934
86,51.57392278653429,171.72000000000088,1253.2515799644684
87,51.57392278653429,171.7400000000009,1253.2893047180785
88,51.57392278653429,171.7600000000009,1253.3270275575617
89,51.57392278653429,171.7800000000009,1253.364748482756
90,51.57392278653429,171.80000000000092,1253.4024674935001
91,51.57392278653429,171.82000000000093,1253.4401845896318
92,51.57392278653429,171.84000000000094,1253.4778997709893
93,51.57392278653429,171.86000000000095,1253.5156130374107
94,51.57392278653429,171.88000000000096,1253.5533243887344
95,51.57392278653429,171.90000000000097,1253.5910338247984
96,51.57392278653429,171.92000000000098,1253.6287413454409
97,51.57392278653429,171.940000000001,1253.6664469505
98,51.57392278653429,171.960000000001,1253.7041506398139
99,51.57392278653429,171.980000000001,1253.7418524132208
100,51.57392278653429,172.00000000000102,1253.779552270559
101,51.57392278653429,172.02000000000103,1253.8172502116663
102,51.57392278653429,172.04000000000104,1253.8549462363812
103,51.57392278653429,172.06000000000105,1253.8926403445419
104,51.57392278653429,172.08000000000106,1253.9303325359863
105,51.57392278653429,172.10000000000107,1253.9680228105528
106,51.57392278653429,172.12000000000108,1254.0057111680796
107,51.57392278653429,172.1400000000011,1254.0433976084048
108,51.57392278653429,172.1600000000011,1254.0810821313667
109,51.57392278653429,172.18000000000112,1254.1187647368033
110,51.57392278653429,172.20000000000113,1254.1564454245529
111,51.57392278653429,172.22000000000114,1254.1941241944537
112,51.57392278653429,172.24000000000115,1254.231801046344
113,51.57392278653429,172.26000000000116,1254.2694759800618
114,51.57392278653429,172.28000000000117,1254.3071489954452
115,51.57392278653429,172.30000000000118,1254.3448200923328
116,51.57392278653429,172.3200000000012,1254.3824892705625
117,51.57392278653429,172.3400000000012,1254.4201565299725
118,51.57392278653429,172.3600000000012,1254.457821870401
119,51.57392278653429,172.38000000000122,1254.4954852916862
120,51.57392278653429,172.40000000000123,1254.5331467936664
121,51.57392278653429,172.42000000000124,1254.57080637618
122,51.57392278653429,172.44000000000125,1254.6084640390648
123,51.57392278653429,172.46000000000126,1254.646119782159
124,51.57392278653429,172.48000000000127,1254.6837736053012
125,51.57392278653429,172.50000000000128,1254.7214255083295
126,51.57392278653429,172.5200000000013,1254.759075491082
127,51.57392278653429,172.5400000000013,1254.796723553397
128,51.57392278653429,172.5600000000013,1254.8343696951126
129,51.57392278653429,172.58000000000132,1254.872013916067
130,51.57392278653429,172.60000000000133,1254.9096562160985
131,51.57392278653429,172.62000000000134,1254.9472965950454
132,51.57392278653429,172.64000000000135,1254.9849350527456
133,51.57392278653429,172.66000000000136,1255.0225715890376
134,51.57392278653429,172.68000000000137,1255.0602062037597
135,51.57392278653429,172.70000000000138,1255.0978388979238
136,51.57392278653429,172.7200000000014,1255.135469689563
137,51.57392278653429,172.7400000000014,1255.1730985861454
138,51.57392278653429,172.7600000000014,1255.21072558751
139,51.57392278653429,172.78000000000142,1255.2483506934964
140,51.57392278653429,172.80000000000143,1255.2859739039436
141,51.57392278653429,172.82000000000144,1255.323595218691
142,51.57392278653429,172.84000000000145,1255.361214637578
143,51.57392278653429,172.86000000000146,1255.3988321604438
144,51.57392278653429,172.88000000000147,1255.4364477871277
145,51.47617021287759,172.90000000000148,1255.474061517469
146,51.47617021287759,172.9200000000015,1255.5116733513069
147,51.47617021287759,172.9400000000015,1255.5492832884806
148,51.47617021287759,172.96000000000151,1255.5868913288298
149,51.47617021287759,172.98000000000152,1255.6244974721933
150,51.47617021287759,173.00000000000153,1255.6621017184107
151,51.47617021287759,173.02000000000155,1255.6997040673211
152,51.47617021287759,173.04000000000156,1255.737304518764
153,51.47617021287759,173.06000000000157,1255.7749030725786
154,51.47617021287759,173.08000000000158,1255.8124997286043
155,51.47617021287759,173.1000000000016,1255.8500944866803
156,51.47617021287759,173.1200000000016,1255.8876873466459
157,51.47617021287759,173.1400000000016,1255.9252783083402
158,51.47617021287759,173.16000000000162,1255.962867371603
159,51.47617021287759,173.18000000000163,1256.000454536273
160,51.47617021287759,173.20000000000164,1256.0380398021903
161,51.47617021287759,173.22000000000165,1256.0756231691935
162,51.47617021287759,173.24000000000166,1256.1132046371222
163,51.47617021287759,173.26000000000167,1256.1507842058156
164,51.47617021287759,173.28000000000168,1256.1883618751133
165,51.47617021287759,173.3000000000017,1256.2259376448544
166,51.47617021287759,173.3200000000017,1256.2635115148782
167,51.47617021287759,173.3400000000017,1256.301083485024
168,51.47617021287759,173.36000000000172,1256.3386535551313
169,51.47617021287759,173.38000000000173,1256.3762217250392
170,51.47617021287759,173.40000000000174,1256.4137879945872
171,51.47617021287759,173.42000000000175,1256.4513523636144
172,51.47617021287759,173.44000000000176,1256.4889148319605
173,51.47617021287759,173.46000000000177,1256.5264753994645
174,51.47617021287759,173.48000000000178,1256.5640340659659
175,51.47617021287759,173.5000000000018,1256.6015908313038
176,51.47617021287759,173.5200000000018,1256.639145695318
177,51.47617021287759,173.5400000000018,1256.6766986578473
178,51.47617021287759,173.56000000000182,1256.7142497187313
179,51.47617021287759,173.58000000000183,1256.7517988778093
180,51.47617021287759,173.60000000000184,1256.7893461349206
181,51.47617021287759,173.62000000000185,1256.8268914899047
182,51.47617021287759,173.64000000000186,1256.8644349426008
183,51.47617021287759,173.66000000000187,1256.9019764928485
184,51.47617021287759,173.68000000000188,1256.9395161404868
185,51.47617021287759,173.7000000000019,1256.9770538853552
186,51.47617021287759,173.7200000000019,1257.0145897287389
187,51.47617021287759,173.7400000000019,1257.0521236893396
188,51.47617021287759,173.76000000000192,1257.0896557728454
189,51.47617021287759,173.78000000000193,1257.1271859790954
190,51.47617021287759,173.80000000000194,1257.1647143079288
191,51.47617021287759,173.82000000000195,1257.2022407591844
192,51.47617021287759,173.84000000000196,1257.2397653327014
193,51.47617021287759,173.86000000000197,1257.2772880283187
194,51.47617021287759,173.88000000000198,1257.3148088458756
195,51.47617021287759,173.900000000002,1257.3523277852112
196,51.47617021287759,173.920000000002,1257.3898448461644
197,51.47617021287759,173.94000000000202,1257.4273600285744
198,51.47617021287759,173.96000000000203,1257.4648733322801
199,51.47617021287759,173.98000000000204,1257.5023847571208
200,51.47617021287759,174.00000000000205,1257.5398943029354
201,51.47617021287759,174.02000000000206,1257.5774019695632
202,51.47617021287759,174.04000000000207,1257.614907756843
203,51.47617021287759,174.06000000000208,1257.652411664614
204,51.47617021287759,174.0800000000021,1257.6899136927154
205,51.47617021287759,174.1000000000021,1257.7274138409862
206,51.47617021287759,174.1200000000021,1257.7649121092654
207,51.47617021287759,174.14000000000212,1257.8024084973922
208,51.47617021287759,174.16000000000213,1257.8399030052058
209,51.47617021287759,174.18000000000214,1257.877395632545
210,51.47617021287759,174.20000000000215,1257.9148863792489
211,51.47617021287759,174.22000000000216,1257.9523752451569
212,51.47617021287759,174.24000000000217,1257.989862230108
213,51.47617021287759,174.26000000000218,1258.0273473339412
214,51.47617021287759,174.2800000000022,1258.0648305564955
215,51.47617021287759,174.3000000000022,1258.1023118976102
216,51.47617021287759,174.3200000000022,1258.1397913571243
217,51.47617021287759,174.34000000000222,1258.177268934877
218,51.47617021287759,174.36000000000223,1258.2147446307074
219,51.47617021287759,174.38000000000224,1258.2522184444545
220,51.47617021287759,174.40000000000225,1258.2896903759574
221,51.47617021287759,174.42000000000226,1258.3271604250554
222,51.47617021287759,174.44000000000227,1258.3646285915872
223,51.47617021287759,174.46000000000228,1258.4020948753923
224,51.47617021287759,174.4800000000023,1258.4395592763099
225,51.47617021287759,174.5000000000023,1258.4770217941787
226,51.47617021287759,174.5200000000023,1258.5144824288382
227,51.47617021287759,174.54000000000232,1258.5519411801272
228,51.47617021287759,174.56000000000233,1258.589398047885
229,51.47617021287759,174.58000000000234,1258.6268530319508
230,51.47617021287759,174.60000000000235,1258.6643061321636
231,51.47617021287759,174.62000000000236,1258.7017573483624
232,51.37872604785751,174.64000000000237,1258.7392066803866
233,51.37872604785751,174.66000000000238,1258.7766541280753
234,51.37872604785751,174.6800000000024,1258.8140996912675
235,51.37872604785751,174.7000000000024,1258.8515433698024
236,51.37872604785751,174.72000000000241,1258.888985163519
237,51.37872604785751,174.74000000000242,1258.926425073994
238,51.37872604785751,174.76000000000244,1258.9638631209693
239,51.37872604785751,174.78000000000245,1259.0012993085518
240,51.37872604785751,174.80000000000246,1259.038733636584
241,51.37872604785751,174.82000000000247,1259.076166104909
242,51.37872604785751,174.84000000000248,1259.1135967133687
243,51.37872604785751,174.8600000000025,1259.1510254618058
244,51.37872604785751,174.8800000000025,1259.188452350063
245,51.37872604785751,174.9000000000025,1259.225877377983
246,51.37872604785751,174.92000000000252,1259.263300545408
247,51.37872604785751,174.94000000000253,1259.3007218521807
248,51.37872604785751,174.96000000000254,1259.3381412981437
249,51.37872604785751,174.98000000000255,1259.3755588831395
250,51.37872604785751,175.00000000000256,1259.4129746070107
251,51.37872604785751,175.02000000000257,1259.4503884695998
252,51.37872604785751,175.04000000000258,1259.4878004707496
253,51.37872604785751,175.0600000000026,1259.5252106103023
254,51.37872604785751,175.0800000000026,1259.5626188881008
255,51.37872604785751,175.1000000000026,1259.6000253039874
256,51.37872604785751,175.12000000000262,1259.6374298578048
257,51.37872604785751,175.14000000000263,1259.6748325493957
258,51.37872604785751,175.16000000000264,1259.7122333786024
259,51.37872604785751,175.18000000000265,1259.7496323452676
260,51.37872604785751,175.20000000000266,1259.7870294492338
261,51.37872604785751,175.22000000000267,1259.8244246903437
262,51.37872604785751,175.24000000000268,1259.8618180684398
263,51.37872604785751,175.2600000000027,1259.8992095833646
264,51.37872604785751,175.2800000000027,1259.9365992349608
265,51.37872604785751,175.3000000000027,1259.973987023071
266,51.37872604785751,175.32000000000272,1260.0113729486186
267,51.37872604785751,175.34000000000273,1260.0487570264295
268,51.37872604785751,175.36000000000274,1260.086139261599
269,51.37872604785751,175.38000000000275,1260.123519653968
270,51.37872604785751,175.40000000000276,1260.1608982033767
271,51.37872604785751,175.42000000000277,1260.1982749096653
272,51.37872604785751,175.44000000000278,1260.2356497726744
273,51.37872604785751,175.4600000000028,1260.273022792244
274,51.37872604785751,175.4800000000028,1260.310393968215
275,51.37872604785751,175.5000000000028,1260.3477633004277
276,51.37872604785751,175.52000000000282,1260.385130788722
277,51.37872604785751,175.54000000000283,1260.422496432939
278,51.37872604785751,175.56000000000284,1260.4598602329183
279,51.37872604785751,175.58000000000285,1260.497222188501
280,51.37872604785751,175.60000000000286,1260.534582299527
281,51.37872604785751,175.62000000000288,1260.5719405658372
282,51.37872604785751,175.64000000000289,1260.6092969872714
283,51.37872604785751,175.6600000000029,1260.6466515636703
284,51.37872604785751,175.6800000000029,1260.6840042948743
285,51.37872604785751,175.70000000000292,1260.7213551807238
286,51.37872604785751,175.72000000000293,1260.7587042210591
287,51.37872604785751,175.74000000000294,1260.7960514157207
288,51.37872604785751,175.76000000000295,1260.8333967665858
289,51.37872604785751,175.78000000000296,1260.8707402945538
290,51.37872604785751,175.80000000000297,1260.9080820021936
291,51.37872604785751,175.82000000000298,1260.9454218893452
292,51.37872604785751,175.840000000003,1260.9827599558487
293,51.37872604785751,175.860000000003,1261.0200962015442
294,51.37872604785751,175.880000000003,1261.0574306262718
295,51.37872604785751,175.90000000000302,1261.0947632298712
296,51.37872604785751,175.92000000000303,1261.1320940121827
297,51.37872604785751,175.94000000000304,1261.1694229730465
298,51.37872604785751,175.96000000000305,1261.2067501123022
299,51.37872604785751,175.98000000000306,1261.2440754297902
300,51.37872604785751,176.00000000000307,1261.2813989253502
301,51.37872604785751,176.02000000000308,1261.3187205988227
302,51.37872604785751,176.0400000000031,1261.3560404500474
303,51.37872604785751,176.0600000000031,1261.3933584788645
304,51.37872604785751,176.0800000000031,1261.430674685114
305,51.37872604785751,176.10000000000312,1261.4679890686357
306,51.37872604785751,176.12000000000313,1261.50530162927
307,51.37872604785751,176.14000000000314,1261.5426123668567
308,51.37872604785751,176.16000000000315,1261.579921281236
309,51.37872604785751,176.18000000000316,1261.617228372248
310,51.37872604785751,176.20000000000317,1261.6545336397328
311,51.37872604785751,176.22000000000318,1261.6918370835301
312,51.37872604785751,176.2400000000032,1261.7291387034802
313,51.37872604785751,176.2600000000032,1261.7664384994232
314,51.37872604785751,176.2800000000032,1261.803736471199
315,51.37872604785751,176.30000000000322,1261.841032618648
316,51.37872604785751,176.32000000000323,1261.8783269416099
317,51.37872604785751,176.34000000000324,1261.915619439925
318,51.37872604785751,176.36000000000325,1261.952910113433
319,51.37872604785751,176.38000000000326,1261.9901989619743
320,51.37872604785751,176.40000000000327,1262.027485985389
321,51.37872604785751,176.42000000000328,1262.0647711835168
322,51.37872604785751,176.4400000000033,1262.1020545561983
323,51.37872604785751,176.4600000000033,1262.139336103273
324,51.37872604785751,176.48000000000332,1262.1766158245814
325,51.28158893095341,176.50000000000333,1262.2138937199634
326,51.28158893095341,176.52000000000334,1262.2511697892592
327,51.28158893095341,176.54000000000335,1262.2884440323087
328,51.28158893095341,176.56000000000336,1262.325716448952
329,51.28158893095341,176.58000000000337,1262.3629870390293
330,51.28158893095341,176.60000000000338,1262.4002558023808
331,51.28158893095341,176.6200000000034,1262.4375227388462
332,51.28158893095341,176.6400000000034,1262.4747878482658
333,51.28158893095341,176.6600000000034,1262.5120511304797
334,51.28158893095341,176.68000000000342,1262.549312585328
335,51.28158893095341,176.70000000000343,1262.5865722126505
336,51.28158893095341,176.72000000000344,1262.6238300122877
337,51.28158893095341,176.74000000000345,1262.6610859840796
338,51.28158893095341,176.76000000000346,1262.698340127866
339,51.28158893095341,176.78000000000347,1262.7355924464803
340,51.28158893095341,176.80000000000348,1262.7728429598226
341,51.28158893095341,176.8200000000035,1262.8100916696303
342,51.28158893095341,176.8400000000035,1262.8473385757447
343,51.28158893095341,176.8600000000035,1262.8845836780067
344,51.28158893095341,176.88000000000352,1262.9218269762575
345,51.28158893095341,176.90000000000353,1262.9590684703385
346,51.28158893095341,176.92000000000354,1262.9963081600904
347,51.28158893095341,176.94000000000355,1263.0335460453548
348,51.28158893095341,176.96000000000356,1263.0707821259725
349,51.28158893095341,176.98000000000357,1263.1080164017849
350,51.28158893095341,177.00000000000358,1263.145248872633
351,51.28158893095341,177.0200000000036,1263.182479538358
352,51.28158893095341,177.0400000000036,1263.219708398801
353,51.28158893095341,177.0600000000036,1263.2569354538032
354,51.28158893095341,177.08000000000362,1263.2941607032058
355,51.28158893095341,177.10000000000363,1263.3313841468498
356,51.28158893095341,177.12000000000364,1263.3686057845766
357,51.28158893095341,177.14000000000365,1263.4058256162273
358,51.28158893095341,177.16000000000366,1263.4430436416428
359,51.28158893095341,177.18000000000367,1263.4802598606645
360,51.28158893095341,177.20000000000368,1263.5174742731338
361,51.28158893095341,177.2200000000037,1263.5546868788913
362,51.28158893095341,177.2400000000037,1263.5918976777787
363,51.28158893095341,177.2600000000037,1263.6291066696367
364,51.28158893095341,177.28000000000372,1263.6663138543067
365,51.28158893095341,177.30000000000373,1263.70351923163
366,51.28158893095341,177.32000000000374,1263.7407228014476
367,51.28158893095341,177.34000000000376,1263.777924563601
368,51.28158893095341,177.36000000000377,1263.8151245179308
369,51.28158893095341,177.38000000000378,1263.8523226642785
370,51.28158893095341,177.40000000000379,1263.8895190024853
371,51.28158893095341,177.4200000000038,1263.9267135323923
372,51.28158893095341,177.4400000000038,1263.9639062538408
373,51.28158893095341,177.46000000000382,1264.0010971666718
374,51.28158893095341,177.48000000000383,1264.0382862707265
375,51.28158893095341,177.50000000000384,1264.0754735658463
376,51.28158893095341,177.52000000000385,1264.1126590518722
377,51.28158893095341,177.54000000000386,1264.1498427286454
378,51.28158893095341,177.56000000000387,1264.187024596007
379,51.28158893095341,177.58000000000388,1264.2242046537983
380,51.28158893095341,177.6000000000039,1264.2613829018605
381,51.28158893095341,177.6200000000039,1264.298559340035
382,51.28158893095341,177.6400000000039,1264.3357339681625
383,51.28158893095341,177.66000000000392,1264.3729067860845
384,51.28158893095341,177.68000000000393,1264.4100777936424
385,51.28158893095341,177.70000000000394,1264.447246990677
386,51.28158893095341,177.72000000000395,1264.48441437703
387,51.28158893095341,177.74000000000396,1264.521579952542
388,51.28158893095341,177.76000000000397,1264.5587437170545
389,51.28158893095341,177.78000000000398,1264.5959056704087
390,51.28158893095341,177.800000000004,1264.6330658169923
391,51.28158893095341,177.820000000004,1264.6702241758774
392,51.28158893095341,177.840000000004,1264.7073807485376
393,51.28158893095341,177.86000000000402,1264.7445355348152
394,51.28158893095341,177.88000000000403,1264.7816885345524
395,51.28158893095341,177.90000000000404,1264.8188397475913
396,51.28158893095341,177.92000000000405,1264.855989173774
397,51.28158893095341,177.94000000000406,1264.893136812943
398,51.28158893095341,177.96000000000407,1264.9302826649403
399,51.28158893095341,177.98000000000408,1264.9674267296077
400,51.28158893095341,178.0000000000041,1265.004569006788
401,51.28158893095341,178.0200000000041,1265.041709496323
402,51.28158893095341,178.0400000000041,1265.0788481980549
403,51.28158893095341,178.06000000000412,1265.115985111826
404,51.28158893095341,178.08000000000413,1265.153120237478
405,51.28158893095341,178.10000000000414,1265.1902535748538
406,51.28158893095341,178.12000000000415,1265.2273851237953
407,51.28158893095341,178.14000000000416,1265.2645148841445
408,51.28158893095341,178.16000000000417,1265.301642855744
409,51.28158893095341,178.18000000000418,1265.3387690384354
410,51.28158893095341,178.2000000000042,1265.3758934320615
411,51.28158893095341,178.2200000000042,1265.4130160364641
412,51.28158893095341,178.24000000000422,1265.4501368514855
413,51.18475750935158,178.26000000000423,1265.4872558769678
414,51.18475750935158,178.28000000000424,1265.5243731127534
415,51.18475750935158,178.30000000000425,1265.5614885586845
416,51.18475750935158,178.32000000000426,1265.598602214603
417,51.18475750935158,178.34000000000427,1265.6357140803514
418,51.18475750935158,178.36000000000428,1265.6728241557717
419,51.18475750935158,178.3800000000043,1265.709932440706
420,51.18475750935158,178.4000000000043,1265.747038934997
421,51.18475750935158,178.4200000000043,1265.7841436384863
422,51.18475750935158,178.44000000000432,1265.8212465510164
423,51.18475750935158,178.46000000000433,1265.8583476724295
424,51.18475750935158,178.48000000000434,1265.8954470025678
425,51.18475750935158,178.50000000000435,1265.9325445412735
426,51.18475750935158,178.52000000000436,1265.9696402883887
427,51.18475750935158,178.54000000000437,1266.006734243756
428,51.18475750935158,178.56000000000438,1266.0438264072172
429,51.18475750935158,178.5800000000044,1266.0809167786147
430,51.18475750935158,178.6000000000044,1266.1180053577905
431,51.18475750935158,178.6200000000044,1266.1550921445871
432,51.18475750935158,178.64000000000442,1266.1921771388465
433,51.18475750935158,178.66000000000443,1266.229260340411
434,51.18475750935158,178.68000000000444,1266.2663417491228
435,51.18475750935158,178.70000000000445,1266.3034213648243
436,51.18475750935158,178.72000000000446,1266.3404991873574
437,51.18475750935158,178.74000000000447,1266.3775752165645
438,51.18475750935158,178.76000000000448,1266.414649452288
439,51.18475750935158,178.7800000000045,1266.4517218943697
440,51.18475750935158,178.8000000000045,1266.4887925426522
441,51.18475750935158,178.8200000000045,1266.525861402768
442,51.18475750935158,178.84000000000452,1266.5629284918327
443,51.18475750935158,178.86000000000453,1266.5999938109653
444,51.18475750935158,178.88000000000454,1266.6370573600088
445,51.18475750935158,178.90000000000455,1266.6741191388062
446,51.18475750935158,178.92000000000456,1266.7111791472007
447,51.18475750935158,178.94000000000457,1266.7482373850353
448,51.18475750935158,178.96000000000458,1266.7852938521532
449,51.18475750935158,178.9800000000046,1266.8223485483975
450,51.18475750935158,179.0000000000046,1266.8594014736111
451,51.18475750935158,179.02000000000461,1266.8964526276375
452,51.18475750935158,179.04000000000462,1266.9335020103194
453,51.18475750935158,179.06000000000464,1266.9705496215001
454,51.18475750935158,179.08000000000465,1267.0075954610227
455,51.18475750935158,179.10000000000466,1267.0446395287302
456,51.18475750935158,179.12000000000467,1267.0816818244657
457,51.18475750935158,179.14000000000468,1267.1187223480724
458,51.18475750935158,179.1600000000047,1267.1557610993932
459,51.18475750935158,179.1800000000047,1267.1927980782714
460,51.18475750935158,179.2000000000047,1267.22983328455
461,51.18475750935158,179.22000000000472,1267.2668667180724
462,51.18475750935158,179.24000000000473,1267.3038983786814
463,51.18475750935158,179.26000000000474,1267.3409282662203
464,51.18475750935158,179.28000000000475,1267.377956380532
465,51.18475750935158,179.30000000000476,1267.4149827214596
466,51.18475750935158,179.32000000000477,1267.4520072888465
467,51.18475750935158,179.34000000000478,1267.4890300825357
468,51.18475750935158,179.3600000000048,1267.5260511023703
469,51.18475750935158,179.3800000000048,1267.5630703481934
470,51.18475750935158,179.4000000000048,1267.600087819848
471,51.18475750935158,179.42000000000482,1267.6371035171774
472,51.18475750935158,179.44000000000483,1267.6741174400247
473,51.18475750935158,179.46000000000484,1267.711129588233
474,51.18475750935158,179.48000000000485,1267.7481399616454
475,51.18475750935158,179.50000000000486,1267.785148560105
476,51.18475750935158,179.52000000000487,1267.8221553834549
477,51.18475750935158,179.54000000000488,1267.8591604315384
478,51.18475750935158,179.5600000000049,1267.8961637041984
479,51.18475750935158,179.5800000000049,1267.9331652012781
480,51.18475750935158,179.6000000000049,1267.9701649226208
481,51.18475750935158,179.62000000000492,1268.0071628680696
482,51.18475750935158,179.64000000000493,1268.0441590374676
483,51.18475750935158,179.66000000000494,1268.0811534306577
484,51.18475750935158,179.68000000000495,1268.1181460474834
485,51.18475750935158,179.70000000000496,1268.1551368877876
486,51.18475750935158,179.72000000000497,1268.1921259514136
487,51.18475750935158,179.74000000000498,1268.2291132382043
488,51.18475750935158,179.760000000005,1268.266098748003
489,51.18475750935158,179.780000000005,1268.303082480653
490,51.18475750935158,179.800000000005,1268.3400644359972
491,51.18475750935158,179.82000000000502,1268.3770446138788
492,51.18475750935158,179.84000000000503,1268.4140230215014
493,51.18475750935158,179.86000000000504,1268.4509996751337
494,51.18475750935158,179.88000000000505,1268.4879745756273
495,51.18475750935158,179.90000000000506,1268.5249477228258
496,51.18475750935158,179.92000000000507,1268.5619191165736
497,51.18475750935158,179.94000000000509,1268.5988887567146
498,51.18475750935158,179.9600000000051,1268.6358566430931
499,51.18475750935158,179.9800000000051,1268.6728227755532
500,51.18475750935158,180.00000000000512,1268.709787153939
501,51.18475750935158,180.02000000000513,1268.7467497780947
502,51.0882304378919,180.04000000000514,1268.7837106478642
503,51.0882304378919,180.06000000000515,1268.8206697630917
504,51.0882304378919,180.08000000000516,1268.8576271236213
505,51.0882304378919,180.10000000000517,1268.8945827292973
506,51.0882304378919,180.12000000000518,1268.9315365799634
507,51.0882304378919,180.1400000000052,1268.9684886754642
508,51.0882304378919,180.1600000000052,1269.0054390156436
509,51.0882304378919,180.1800000000052,1269.0423876003456
510,51.0882304378919,180.20000000000522,1269.0793344294145
511,51.0882304378919,180.22000000000523,1269.1162795026944
512,51.0882304378919,180.24000000000524,1269.1532228200292
513,51.0882304378919,180.26000000000525,1269.1901643812635
514,51.0882304378919,180.28000000000526,1269.227104186241
515,51.0882304378919,180.30000000000527,1269.2640422348059
516,51.0882304378919,180.32000000000528,1269.3009785268025
517,51.0882304378919,180.3400000000053,1269.337913062075
518,51.0882304378919,180.3600000000053,1269.374845840467
519,51.0882304378919,180.3800000000053,1269.4117768618232
520,51.0882304378919,180.40000000000532,1269.4487061259874
521,51.0882304378919,180.42000000000533,1269.485633632804
522,51.0882304378919,180.44000000000534,1269.522559382117
523,51.0882304378919,180.46000000000535,1269.5594833737705
524,51.0882304378919,180.48000000000536,1269.5964056076086
525,51.0882304378919,180.50000000000537,1269.6333260834756
526,51.0882304378919,180.52000000000538,1269.6702448012156
527,51.0882304378919,180.5400000000054,1269.7071617606728
528,51.0882304378919,180.5600000000054,1269.7440769616912
529,51.0882304378919,180.5800000000054,1269.780990404115
530,51.0882304378919,180.60000000000542,1269.8179020877885
531,51.0882304378919,180.62000000000543,1269.8548120125556
532,51.0882304378919,180.64000000000544,1269.8917201782606
533,51.0882304378919,180.66000000000545,1269.9286265847475
534,51.0882304378919,180.68000000000546,1269.9655312318605
535,51.0882304378919,180.70000000000547,1270.002434119672
536,51.0882304378919,180.72000000000548,1270.03933525932
537,51.0882304378919,180.7400000000055,1270.0762346598867
538,51.0882304378919,180.7600000000055,1270.113132321214
539,51.0882304378919,180.78000000000551,1270.1500282431437
540,51.0882304378919,180.80000000000553,1270.1869224255177
541,51.0882304378919,180.82000000000554,1270.2238148681777
542,51.0882304378919,180.84000000000555,1270.260705570966
543,51.0882304378919,180.86000000000556,1270.297594542202
544,51.0882304378919,180.88000000000557,1270.3344817963878
545,51.0882304378919,180.90000000000558,1270.3713673340524
546,51.0882304378919,180.9200000000056,1270.4082511550382
547,51.0882304378919,180.9400000000056,1270.4451332591873
548,51.0882304378919,180.9600000000056,1270.482013646342
549,51.0882304378919,180.98000000000562,1270.5188923163446
550,51.0882304378919,181.00000000000563,1270.5557692690372
551,51.0882304378919,181.02000000000564,1270.5926445042621
552,51.0882304378919,181.04000000000565,1270.6295180218615
553,51.0882304378919,181.06000000000566,1270.6663898216777
554,51.0882304378919,181.08000000000567,1270.703259903553
555,51.0882304378919,181.10000000000568,1270.7401282673297
556,51.0882304378919,181.1200000000057,1270.7769949128501
557,51.0882304378919,181.1400000000057,1270.8138598399562
558,51.0882304378919,181.1600000000057,1270.8507230484904
559,51.0882304378919,181.18000000000572,1270.887584538295
560,51.0882304378919,181.20000000000573,1270.924444309212
561,51.0882304378919,181.22000000000574,1270.961302361084
562,51.0882304378919,181.24000000000575,1270.9981586937533
563,51.0882304378919,181.26000000000576,1271.035013307062
564,51.0882304378919,181.28000000000577,1271.0718662008521
565,51.0882304378919,181.30000000000578,1271.1087173749663
566,51.0882304378919,181.3200000000058,1271.1455668292467
567,51.0882304378919,181.3400000000058,1271.1824145635355
568,51.0882304378919,181.3600000000058,1271.2192605776752
569,51.0882304378919,181.38000000000582,1271.2561048715077
570,51.0882304378919,181.40000000000583,1271.2929474448754
571,51.0882304378919,181.42000000000584,1271.3297882976208
572,51.0882304378919,181.44000000000585,1271.3666274295858
573,51.0882304378919,181.46000000000586,1271.403464840613
574,51.0882304378919,181.48000000000587,1271.4403005305446
575,51.0882304378919,181.50000000000588,1271.4771344992228
576,51.0882304378919,181.5200000000059,1271.5139667464898
577,51.0882304378919,181.5400000000059,1271.5507972721882
578,51.0882304378919,181.5600000000059,1271.58762607616
579,51.0882304378919,181.58000000000592,1271.6244531582474
580,51.0882304378919,181.60000000000593,1271.661278518293
581,51.0882304378919,181.62000000000594,1271.698102156139
582,51.0882304378919,181.64000000000595,1271.7349240716273
583,51.0882304378919,181.66000000000597,1271.7717442646008
584,51.0882304378919,181.68000000000598,1271.8085627349012
585,51.0882304378919,181.70000000000599,1271.8453794823713
586,51.0882304378919,181.720000000006,1271.882194506853
587,51.0882304378919,181.740000000006,1271.9190078081888
588,51.0882304378919,181.76000000000602,1271.9558193862208
589,51.0882304378919,181.78000000000603,1271.9926292407915
590,51.0882304378919,181.80000000000604,1272.0294373717431
591,51.0882304378919,181.82000000000605,1272.0662437789179
592,51.0882304378919,181.84000000000606,1272.103048462158
593,51.0882304378919,181.86000000000607,1272.1398514213063
594,51.0882304378919,181.88000000000608,1272.176652666189
595,51.0882304378919,181.9000000000061,1272.213452210325
596,50.992006379015095,181.9200000000061,1272.2502500539683
597,50.992006379015095,181.9400000000061,1272.287046196964
598,50.992006379015095,181.96000000000612,1272.3238406391563
599,50.992006379015095,181.98000000000613,1272.36063338039
600,50.992006379015095,182.00000000000614,1272.3974244205097
601,50.992006379015095,182.02000000000615,1272.4342137593596
602,50.992006379015095,182.04000000000616,1272.4710013967845
603,50.992006379015095,182.06000000000617,1272.5077873326286
604,50.992006379015095,182.08000000000618,1272.5445715667367
605,50.992006379015095,182.1000000000062,1272.5813540989534
606,50.992006379015095,182.1200000000062,1272.618134929123
607,50.992006379015095,182.1400000000062,1272.6549140570903
608,50.992006379015095,182.16000000000622,1272.6916914826998
609,50.992006379015095,182.18000000000623,1272.7284672057958
610,50.992006379015095,182.20000000000624,1272.765241226223
611,50.992006379015095,182.22000000000625,1272.802013543826
612,50.992006379015095,182.24000000000626,1272.8387841584492
613,50.992006379015095,182.26000000000627,1272.8755530699375
614,50.992006379015095,182.28000000000628,1272.912320278135
615,50.992006379015095,182.3000000000063,1272.9490857828864
616,50.992006379015095,182.3200000000063,1272.9858495840365
617,50.992006379015095,182.3400000000063,1273.0226116814295
618,50.992006379015095,182.36000000000632,1273.05937207491
619,50.992006379015095,182.38000000000633,1273.0961307643229
620,50.992006379015095,182.40000000000634,1273.1328877495123
621,50.992006379015095,182.42000000000635,1273.169643030323
622,50.992006379015095,182.44000000000636,1273.2063966065996
623,50.992006379015095,182.46000000000637,1273.2431484781866
624,50.992006379015095,182.48000000000638,1273.2798986449286
625,50.992006379015095,182.5000000000064,1273.31664710667
626,50.992006379015095,182.5200000000064,1273.3533938632554
627,50.992006379015095,182.54000000000642,1273.3901389145294
628,50.992006379015095,182.56000000000643,1273.4268822603367
629,50.992006379015095,182.58000000000644,1273.4636239005217
630,50.992006379015095,182.60000000000645,1273.500363834929
631,50.992006379015095,182.62000000000646,1273.5371020634032
632,50.992006379015095,182.64000000000647,1273.5738385857887
633,50.992006379015095,182.66000000000648,1273.6105734019304
634,50.992006379015095,182.6800000000065,1273.6473065116727
635,50.992006379015095,182.7000000000065,1273.68403791486
636,50.992006379015095,182.7200000000065,1273.7207676113371
637,50.992006379015095,182.74000000000652,1273.7574956009485
638,50.992006379015095,182.76000000000653,1273.7942218835387
639,50.992006379015095,182.78000000000654,1273.8309464589524
640,50.992006379015095,182.80000000000655,1273.8676693270343
641,50.992006379015095,182.82000000000656,1273.9043904876287
642,50.992006379015095,182.84000000000657,1273.9411099405802
643,50.992006379015095,182.86000000000658,1273.9778276857335
644,50.992006379015095,182.8800000000066,1274.014543722933
645,50.992006379015095,182.9000000000066,1274.0512580632096
646,50.992006379015095,182.9200000000066,1274.0879707187075
647,50.992006379015095,182.94000000000662,1274.1246816893956
648,50.992006379015095,182.96000000000663,1274.1613909751186
649,50.992006379015095,182.98000000000664,1274.1980985757214
650,50.992006379015095,183.00000000000665,1274.2348044910489
651,50.992006379015095,183.02000000000666,1274.271508720946
652,50.992006379015095,183.04000000000667,1274.3082112652578
653,50.992006379015095,183.06000000000668,1274.344912123829
654,50.992006379015095,183.0800000000067,1274.3816112965046
655,50.992006379015095,183.1000000000067,1274.4183087831295
656,50.992006379015095,183.1200000000067,1274.4550045835485
657,50.992006379015095,183.14000000000672,1274.4916986976066
658,50.992006379015095,183.16000000000673,1274.5283911251486
659,50.992006379015095,183.18000000000674,1274.5650818660192
660,50.992006379015095,183.20000000000675,1274.6017709200637
661,50.992006379015095,183.22000000000676,1274.638458287127
662,50.992006379015095,183.24000000000677,1274.6751439670536
663,50.992006379015095,183.26000000000678,1274.7118279596887
664,50.992006379015095,183.2800000000068,1274.748510264877
665,50.992006379015095,183.3000000000068,1274.7851908824637
666,50.992006379015095,183.32000000000681,1274.8218698122935
667,50.992006379015095,183.34000000000682,1274.8585470542114
668,50.992006379015095,183.36000000000683,1274.8952226080623
669,50.992006379015095,183.38000000000685,1274.9318964736913
670,50.992006379015095,183.40000000000686,1274.968568650943
671,50.992006379015095,183.42000000000687,1275.0052391396625
672,50.992006379015095,183.44000000000688,1275.0419079396947
673,50.992006379015095,183.4600000000069,1275.0785750508844
674,50.992006379015095,183.4800000000069,1275.1152404730765
675,50.992006379015095,183.5000000000069,1275.1519042061161
676,50.992006379015095,183.52000000000692,1275.188566249848
677,50.992006379015095,183.54000000000693,1275.225226604117
678,50.992006379015095,183.56000000000694,1275.2618852687685
679,50.992006379015095,183.58000000000695,1275.298542243647
680,50.992006379015095,183.60000000000696,1275.3351975285975
681,50.992006379015095,183.62000000000697,1275.371851123465
682,50.992006379015095,183.64000000000698,1275.4085030280942
683,50.992006379015095,183.660000000007,1275.4451532423302
684,50.992006379015095,183.680000000007,1275.481801766018
685,50.992006379015095,183.700000000007,1275.5184485990023
686,50.89608400271019,183.72000000000702,1275.5550937411283
687,50.89608400271019,183.74000000000703,1275.5917371922408
688,50.89608400271019,183.76000000000704,1275.6283789521847
689,50.89608400271019,183.78000000000705,1275.665019020805
690,50.89608400271019,183.80000000000706,1275.7016573979465
691,50.89608400271019,183.82000000000707,1275.7382940834545
692,50.89608400271019,183.84000000000708,1275.7749290771737
693,50.89608400271019,183.8600000000071,1275.811562378949
694,50.89608400271019,183.8800000000071,1275.8481939886253
695,50.89608400271019,183.9000000000071,1275.8848239061979
696,50.89608400271019,183.92000000000712,1275.9214521435808
697,50.89608400271019,183.94000000000713,1275.9580787113364
698,50.89608400271019,183.96000000000714,1275.9947036093101
699,50.89608400271019,183.98000000000715,1276.031326837348
700,50.89608400271019,184.00000000000716,1276.0679483952954
701,50.89608400271019,184.02000000000717,1276.1045682829983
702,50.89608400271019,184.04000000000718,1276.1411865003026
703,50.89608400271019,184.0600000000072,1276.1778030470537
704,50.89608400271019,184.0800000000072,1276.2144179230975
705,50.89608400271019,184.1000000000072,1276.2510311282797
706,50.89608400271019,184.12000000000722,1276.2876426624462
707,50.89608400271019,184.14000000000723,1276.3242525254425
708,50.89608400271019,184.16000000000724,1276.3608607171145
709,50.89608400271019,184.18000000000725,1276.397467237308
710,50.89608400271019,184.20000000000726,1276.4340720858688
711,50.89608400271019,184.22000000000727,1276.4706752626423
712,50.89608400271019,184.24000000000729,1276.5072767674747
713,50.89608400271019,184.2600000000073,1276.5438766002112
714,50.89608400271019,184.2800000000073,1276.580474760698
715,50.89608400271019,184.30000000000732,1276.6170712487808
716,50.89608400271019,184.32000000000733,1276.6536660643053
717,50.89608400271019,184.34000000000734,1276.6902592071172
718,50.89608400271019,184.36000000000735,1276.7268506770622
719,50.89608400271019,184.38000000000736,1276.7634404739863
720,50.89608400271019,184.40000000000737,1276.800028597735
721,50.89608400271019,184.42000000000738,1276.8366150481543
722,50.89608400271019,184.4400000000074,1276.8731998250898
723,50.89608400271019,184.4600000000074,1276.9097829283874
724,50.89608400271019,184.4800000000074,1276.9463643578927
725,50.89608400271019,184.50000000000742,1276.9829441134514
726,50.89608400271019,184.52000000000743,1277.0195221949093
727,50.89608400271019,184.54000000000744,1277.0560986021123
728,50.89608400271019,184.56000000000745,1277.0926733349063
729,50.89608400271019,184.58000000000746,1277.1292463931368
730,50.89608400271019,184.60000000000747,1277.1658177766496
731,50.89608400271019,184.62000000000748,1277.2023874852907
732,50.89608400271019,184.6400000000075,1277.2389555189056
733,50.89608400271019,184.6600000000075,1277.2755218773402
734,50.89608400271019,184.6800000000075,1277.3120865604403
735,50.89608400271019,184.70000000000752,1277.3486495680515
736,50.89608400271019,184.72000000000753,1277.3852109000197
737,50.89608400271019,184.74000000000754,1277.4217705561907
738,50.89608400271019,184.76000000000755,1277.4583285364104
739,50.89608400271019,184.78000000000756,1277.4948848405243
740,50.89608400271019,184.80000000000757,1277.5314394683783
741,50.89608400271019,184.82000000000758,1277.5679924198182
742,50.89608400271019,184.8400000000076,1277.6045436946897
743,50.89608400271019,184.8600000000076,1277.6410932928388
744,50.89608400271019,184.8800000000076,1277.6776412141112
745,50.89608400271019,184.90000000000762,1277.7141874583524
746,50.89608400271019,184.92000000000763,1277.7507320258371
747,50.89608400271019,184.94000000000764,1277.7872749298049
748,50.89608400271019,184.96000000000765,1277.8238161796394
749,50.89608400271019,184.98000000000766,1277.8603557751871
750,50.89608400271019,185.00000000000767,1277.896893716295
751,50.89608400271019,185.02000000000768,1277.9334300028095
752,50.89608400271019,185.0400000000077,1277.9699646345775
753,50.89608400271019,185.0600000000077,1278.0064976114459
754,50.89608400271019,185.08000000000771,1278.0430289332612
755,50.89608400271019,185.10000000000773,1278.07955859987
756,50.89608400271019,185.12000000000774,1278.1160866111195
757,50.89608400271019,185.14000000000775,1278.1526129668562
758,50.89608400271019,185.16000000000776,1278.1891376669269
759,50.89608400271019,185.18000000000777,1278.225660711178
760,50.89608400271019,185.20000000000778,1278.2621820994568
761,50.89608400271019,185.2200000000078,1278.2987018316096
762,50.89608400271019,185.2400000000078,1278.3352199074834
763,50.89608400271019,185.2600000000078,1278.3717363269247
764,50.89608400271019,185.28000000000782,1278.4082510897806
765,50.89608400271019,185.30000000000783,1278.4447641958975
766,50.89608400271019,185.32000000000784,1278.4812756451224
767,50.89608400271019,185.34000000000785,1278.5177854373019
768,50.89608400271019,185.36000000000786,1278.5542935722829
769,50.89608400271019,185.38000000000787,1278.5908000499119
770,50.89608400271019,185.40000000000788,1278.627304870036
771,50.89608400271019,185.4200000000079,1278.6638080325015
772,50.89608400271019,185.4400000000079,1278.7003095371556
773,50.89608400271019,185.4600000000079,1278.7368093838447
774,50.89608400271019,185.48000000000792,1278.773307572416
775,50.89608400271019,185.50000000000793,1278.8098041027156
776,50.80046198646255,185.52000000000794,1278.8462989745908
777,50.80046198646255,185.54000000000795,1278.8827921878883
778,50.80046198646255,185.56000000000796,1278.9192837424546
779,50.80046198646255,185.58000000000797,1278.9557736381366
780,50.80046198646255,185.60000000000798,1278.9922618747812
781,50.80046198646255,185.620000000008,1279.028748452235
782,50.80046198646255,185.640000000008,1279.065233370345
783,50.80046198646255,185.660000000008,1279.1017166289575
784,50.80046198646255,185.68000000000802,1279.1381982279197
785,50.80046198646255,185.70000000000803,1279.1746781670781
786,50.80046198646255,185.72000000000804,1279.2111564462796
787,50.80046198646255,185.74000000000805,1279.247633065371
788,50.80046198646255,185.76000000000806,1279.284108024199
789,50.80046198646255,185.78000000000807,1279.3205813226105
790,50.80046198646255,185.80000000000808,1279.357052960452
791,50.80046198646255,185.8200000000081,1279.3935229375704
792,50.80046198646255,185.8400000000081,1279.4299912538127
793,50.80046198646255,185.8600000000081,1279.4664579090254
794,50.80046198646255,185.88000000000812,1279.5029229030554
795,50.80046198646255,185.90000000000813,1279.5393862357494
796,50.80046198646255,185.92000000000814,1279.5758479069543
797,50.80046198646255,185.94000000000815,1279.6123079171914
798,50.80046198646255,185.96000000000816,1279.6487662801946
799,50.80046198646255,185.98000000000818,1279.6852230036286
800,50.80046198646255,186.00000000000819,1279.7216780873412
801,50.80046198646255,186.0200000000082,1279.75813153118
802,50.80046198646255,186.0400000000082,1279.7945833349931
803,50.80046198646255,186.06000000000822,1279.8310334986281
804,50.80046198646255,186.08000000000823,1279.867482021933
805,50.80046198646255,186.10000000000824,1279.9039289047555
806,50.80046198646255,186.12000000000825,1279.9403741469437
807,50.80046198646255,186.14000000000826,1279.9768177483452
808,50.80046198646255,186.16000000000827,1280.0132597100344
809,50.80046198646255,186.18000000000828,1280.0497000468795
810,50.80046198646255,186.2000000000083,1280.0861387627067
811,50.80046198646255,186.2200000000083,1280.1225758573619
812,50.80046198646255,186.2400000000083,1280.1590113306906
813,50.80046198646255,186.26000000000832,1280.1954451825386
814,50.80046198646255,186.28000000000833,1280.2318774127516
815,50.80046198646255,186.30000000000834,1280.2683080211752
816,50.80046198646255,186.32000000000835,1280.3047370076554
817,50.80046198646255,186.34000000000836,1280.3411643720378
818,50.80046198646255,186.36000000000837,1280.377590114168
819,50.80046198646255,186.38000000000838,1280.4140142338917
820,50.80046198646255,186.4000000000084,1280.4504367310549
821,50.80046198646255,186.4200000000084,1280.486857605503
822,50.80046198646255,186.4400000000084,1280.523276857082
823,50.80046198646255,186.46000000000842,1280.5596944856375
824,50.80046198646255,186.48000000000843,1280.5961104910152
825,50.80046198646255,186.50000000000844,1280.632524873061
826,50.80046198646255,186.52000000000845,1280.66893763162
827,50.80046198646255,186.54000000000846,1280.7053487665387
828,50.80046198646255,186.56000000000847,1280.7417582776625
829,50.80046198646255,186.58000000000848,1280.778166164837
830,50.80046198646255,186.6000000000085,1280.8145724279082
831,50.80046198646255,186.6200000000085,1280.8509770667215
832,50.80046198646255,186.6400000000085,1280.887380081123
833,50.80046198646255,186.66000000000852,1280.9237814709581
834,50.80046198646255,186.68000000000853,1280.960181236073
835,50.80046198646255,186.70000000000854,1280.9965793763129
836,50.80046198646255,186.72000000000855,1281.0329758915238
837,50.80046198646255,186.74000000000856,1281.0693707815515
838,50.80046198646255,186.76000000000857,1281.1057640462416
839,50.80046198646255,186.78000000000858,1281.1421556854398
840,50.80046198646255,186.8000000000086,1281.178545698992
841,50.80046198646255,186.8200000000086,1281.2149340867436
842,50.80046198646255,186.84000000000862,1281.2513208485407
843,50.80046198646255,186.86000000000863,1281.287705984229
844,50.80046198646255,186.88000000000864,1281.3240894936541
845,50.80046198646255,186.90000000000865,1281.360471376662
846,50.80046198646255,186.92000000000866,1281.396851633098
847,50.80046198646255,186.94000000000867,1281.4332302628084
848,50.80046198646255,186.96000000000868,1281.469607266596
849,50.80046198646255,186.9800000000087,1281.5059826595589
850,50.80046198646255,187.0000000000087,1281.5423564481741
851,50.80046198646255,187.0200000000087,1281.5787286322889
852,50.80046198646255,187.04000000000872,1281.6150992117496
853,50.80046198646255,187.06000000000873,1281.651468186403
854,50.80046198646255,187.08000000000874,1281.687835556096
855,50.80046198646255,187.10000000000875,1281.7242013206749
856,50.80046198646255,187.12000000000876,1281.7605654799868
857,50.80046198646255,187.14000000000877,1281.7969280338782
858,50.80046198646255,187.16000000000878,1281.8332889821959
859,50.80046198646255,187.1800000000088,1281.8696483247866
860,50.80046198646255,187.2000000000088,1281.9060060614968
861,50.80046198646255,187.2200000000088,1281.9423621921735
862,50.80046198646255,187.24000000000882,1281.9787167166633
863,50.80046198646255,187.26000000000883,1282.0150696348128
864,50.80046198646255,187.28000000000884,1282.0514209464689
865,50.80046198646255,187.30000000000885,1282.0877706514782
866,50.80046198646255,187.32000000000886,1282.1241187496876
867,50.80046198646255,187.34000000000887,1282.1604652409435
868,50.80046198646255,187.36000000000888,1282.1968101250927
869,50.80046198646255,187.3800000000089,1282.233153401982
870,50.80046198646255,187.4000000000089,1282.269495071458
871,50.80046198646255,187.4200000000089,1282.3058351333677
872,50.705139015202384,187.44000000000892,1282.3421735875577
873,50.705139015202384,187.46000000000893,1282.3785104338745
874,50.705139015202384,187.48000000000894,1282.414845672165
875,50.705139015202384,187.50000000000895,1282.451179302276
876,50.705139015202384,187.52000000000896,1282.487511324054
877,50.705139015202384,187.54000000000897,1282.5238417373457
878,50.705139015202384,187.56000000000898,1282.560170541998
879,50.705139015202384,187.580000000009,1282.5964977378578
880,50.705139015202384,187.600000000009,1282.6328233247716
881,50.705139015202384,187.62000000000901,1282.669147302586
882,50.705139015202384,187.64000000000902,1282.705469671148
883,50.705139015202384,187.66000000000903,1282.741790430304
884,50.705139015202384,187.68000000000904,1282.778109579901
885,50.705139015202384,187.70000000000906,1282.8144271197857
886,50.705139015202384,187.72000000000907,1282.8507430498048
887,50.705139015202384,187.74000000000908,1282.887057369805
888,50.705139015202384,187.7600000000091,1282.923370079633
889,50.705139015202384,187.7800000000091,1282.9596811791357
890,50.705139015202384,187.8000000000091,1282.9959906681595
891,50.705139015202384,187.82000000000912,1283.0322985465514
892,50.705139015202384,187.84000000000913,1283.068604814158
893,50.705139015202384,187.86000000000914,1283.1049094708262
894,50.705139015202384,187.88000000000915,1283.1412125164027
895,50.705139015202384,187.90000000000916,1283.177513950734
896,50.705139015202384,187.92000000000917,1283.2138137736672
897,50.705139015202384,187.94000000000918,1283.2501119850488
898,50.705139015202384,187.9600000000092,1283.2864085847257
899,50.705139015202384,187.9800000000092,1283.3227035737186
900,50.705139015202384,188.0000000000092,1283.3589969674997
901,50.705139015202384,188.02000000000922,1283.395288770973
902,50.705139015202384,188.04000000000923,1283.4315789839857
903,50.705139015202384,188.06000000000924,1283.4678676063859
904,50.705139015202384,188.08000000000925,1283.504154638021
905,50.705139015202384,188.10000000000926,1283.5404400787384
906,50.705139015202384,188.12000000000927,1283.576723928386
907,50.705139015202384,188.14000000000928,1283.6130061868112
908,50.705139015202384,188.1600000000093,1283.649286853862
909,50.705139015202384,188.1800000000093,1283.6855659293856
910,50.705139015202384,188.2000000000093,1283.7218434132296
911,50.705139015202384,188.22000000000932,1283.758119305242
912,50.705139015202384,188.24000000000933,1283.79439360527
913,50.705139015202384,188.26000000000934,1283.8306663131616
914,50.705139015202384,188.28000000000935,1283.8669374287642
915,50.705139015202384,188.30000000000936,1283.9032069519255
916,50.705139015202384,188.32000000000937,1283.9394748824932
917,50.705139015202384,188.34000000000938,1283.9757412203146
918,50.705139015202384,188.3600000000094,1284.0120059652377
919,50.705139015202384,188.3800000000094,1284.0482691171098
920,50.705139015202384,188.4000000000094,1284.0845306757788
921,50.705139015202384,188.42000000000942,1284.120790641092
922,50.705139015202384,188.44000000000943,1284.1570490128975
923,50.705139015202384,188.46000000000944,1284.1933057910426
924,50.705139015202384,188.48000000000945,1284.229560975375
925,50.705139015202384,188.50000000000946,1284.2658145657424
926,50.705139015202384,188.52000000000947,1284.3020665619924
927,50.705139015202384,188.54000000000948,1284.3383169639726
928,50.705139015202384,188.5600000000095,1284.3745657715306
929,50.705139015202384,188.5800000000095,1284.410812984514
930,50.705139015202384,188.60000000000952,1284.4470586027705
931,50.705139015202384,188.62000000000953,1284.4833026261479
932,50.705139015202384,188.64000000000954,1284.5195450544934
933,50.705139015202384,188.66000000000955,1284.555785887655
934,50.705139015202384,188.68000000000956,1284.5920251254802
935,50.705139015202384,188.70000000000957,1284.6282627678168
936,50.705139015202384,188.72000000000958,1284.6644988145122
937,50.705139015202384,188.7400000000096,1284.700733265414
938,50.705139015202384,188.7600000000096,1284.7369661203704
939,50.705139015202384,188.7800000000096,1284.7731973792286
940,50.705139015202384,188.80000000000962,1284.8094270418362
941,50.705139015202384,188.82000000000963,1284.8456551080408
942,50.705139015202384,188.84000000000964,1284.8818815776901
943,50.705139015202384,188.86000000000965,1284.918106450632
944,50.705139015202384,188.88000000000966,1284.954329726714
945,50.705139015202384,188.90000000000967,1284.9905514057837
946,50.705139015202384,188.92000000000968,1285.0267714876886
947,50.705139015202384,188.9400000000097,1285.0629899722767
948,50.705139015202384,188.9600000000097,1285.0992068593953
949,50.705139015202384,188.9800000000097,1285.1354221488923
950,50.705139015202384,189.00000000000972,1285.1716358420774
951,50.705139015202384,189.02000000000973,1285.2078479558047
952,50.705139015202384,189.04000000000974,1285.2440584937694
953,50.705139015202384,189.06000000000975,1285.2802674558206
954,50.705139015202384,189.08000000000976,1285.3164748418067
955,50.705139015202384,189.10000000000977,1285.3526806515763
956,50.705139015202384,189.12000000000978,1285.3888848849783
957,50.705139015202384,189.1400000000098,1285.4250875418613
958,50.705139015202384,189.1600000000098,1285.461288622074
959,50.705139015202384,189.1800000000098,1285.4974881254655
960,50.705139015202384,189.20000000000982,1285.5336860518837
961,50.705139015202384,189.22000000000983,1285.569882401178
962,50.705139015202384,189.24000000000984,1285.6060771731966
963,50.61011378125345,189.26000000000985,1285.6422703677883
964,50.61011378125345,189.28000000000986,1285.678461984802
965,50.61011378125345,189.30000000000987,1285.7146520240863
966,50.61011378125345,189.32000000000988,1285.7508404854898
967,50.61011378125345,189.3400000000099,1285.7870273688613
968,50.61011378125345,189.3600000000099,1285.8232126740495
969,50.61011378125345,189.38000000000991,1285.859396400903
970,50.61011378125345,189.40000000000992,1285.8955785492708
971,50.61011378125345,189.42000000000994,1285.9317591190013
972,50.61011378125345,189.44000000000995,1285.9679381099434
973,50.61011378125345,189.46000000000996,1286.0041155219456
974,50.61011378125345,189.48000000000997,1286.0402913548567
975,50.61011378125345,189.50000000000998,1286.0764656085253
976,50.61011378125345,189.52000000001,1286.1126382828004
977,50.61011378125345,189.54000000001,1286.1488093775304
978,50.61011378125345,189.56000000001,1286.1849788925642
979,50.61011378125345,189.58000000001002,1286.2211468277503
980,50.61011378125345,189.60000000001003,1286.2573131829377
981,50.61011378125345,189.62000000001004,1286.2934779579748
982,50.61011378125345,189.64000000001005,1286.3296411527106
983,50.61011378125345,189.66000000001006,1286.3658027669935
984,50.61011378125345,189.68000000001007,1286.4019628006724
985,50.61011378125345,189.70000000001008,1286.4381212535961
986,50.61011378125345,189.7200000000101,1286.4742781256132
987,50.61011378125345,189.7400000000101,1286.5104334165724
988,50.61011378125345,189.7600000000101,1286.5465871263225
989,50.61011378125345,189.78000000001012,1286.5827392547121
990,50.61011378125345,189.80000000001013,1286.61888980159
991,50.61011378125345,189.82000000001014,1286.655038766805
992,50.61011378125345,189.84000000001015,1286.6911861502058
993,50.61011378125345,189.86000000001016,1286.727331951641
994,50.61011378125345,189.88000000001017,1286.7634761709592
995,50.61011378125345,189.90000000001018,1286.7996188080094
996,50.61011378125345,189.9200000000102,1286.83575986264
997,50.61011378125345,189.9400000000102,1286.8718993347002
998,50.61011378125345,189.9600000000102,1286.9080372240383
999,50.61011378125345,189.98000000001022,1286.9441735305031
1000,50.61011378125345,190.00000000001023,1286.9803082539436
1001,50.61011378125345,190.02000000001024,1287.016441395861
1002,50.61011378125345,190.04000000001025,1287.0525729734034
1003,50.61011378125345,190.06000000001026,1287.0887029888445
1004,50.61011378125345,190.08000000001027,1287.1248314420332
1005,50.61011378125345,190.10000000001028,1287.1609583328186
1006,50.61011378125345,190.1200000000103,1287.1970836610499
1007,50.61011378125345,190.1400000000103,1287.2332074265762
1008,50.61011378125345,190.1600000000103,1287.2693296292464
1009,50.61011378125345,190.18000000001032,1287.30545026891
1010,50.61011378125345,190.20000000001033,1287.3415693454156
1011,50.61011378125345,190.22000000001034,1287.3776868586126
1012,50.61011378125345,190.24000000001035,1287.41380280835
1013,50.61011378125345,190.26000000001036,1287.449917194477
1014,50.61011378125345,190.28000000001038,1287.4860300168425
1015,50.61011378125345,190.30000000001039,1287.5221412752958
1016,50.61011378125345,190.3200000000104,1287.558250969686
1017,50.61011378125345,190.3400000000104,1287.5943590998622
1018,50.61011378125345,190.36000000001042,1287.6304656656735
1019,50.61011378125345,190.38000000001043,1287.666570666969
1020,50.61011378125345,190.40000000001044,1287.7026741035977
1021,50.61011378125345,190.42000000001045,1287.7387759754088
1022,50.61011378125345,190.44000000001046,1287.7748762822514
1023,50.61011378125345,190.46000000001047,1287.8109750239746
1024,50.61011378125345,190.48000000001048,1287.8470722004274
1025,50.61011378125345,190.5000000000105,1287.883167811459
1026,50.61011378125345,190.5200000000105,1287.9192618569186
1027,50.61011378125345,190.5400000000105,1287.9553543366553
1028,50.61011378125345,190.56000000001052,1287.9914452505182
1029,50.61011378125345,190.58000000001053,1288.0275345983562
1030,50.61011378125345,190.60000000001054,1288.0636223800186
1031,50.61011378125345,190.62000000001055,1288.0997085953545
1032,50.61011378125345,190.64000000001056,1288.1357932442131
1033,50.61011378125345,190.66000000001057,1288.1718763264435
1034,50.61011378125345,190.68000000001058,1288.2079578418945
1035,50.61011378125345,190.7000000000106,1288.2440377904156
1036,50.61011378125345,190.7200000000106,1288.2801161718558
1037,50.61011378125345,190.7400000000106,1288.3161929860642
1038,50.61011378125345,190.76000000001062,1288.3522682328899
1039,50.61011378125345,190.78000000001063,1288.3883419121819
1040,50.61011378125345,190.80000000001064,1288.4244140237895
1041,50.61011378125345,190.82000000001065,1288.460484567562
1042,50.61011378125345,190.84000000001066,1288.4965535433482
1043,50.61011378125345,190.86000000001067,1288.5326209509974
1044,50.61011378125345,190.88000000001068,1288.5686867903587
1045,50.61011378125345,190.9000000000107,1288.6047510612811
1046,50.61011378125345,190.9200000000107,1288.640813763614
1047,50.61011378125345,190.9400000000107,1288.6768748972063
1048,50.61011378125345,190.96000000001072,1288.712934461907
1049,50.61011378125345,190.98000000001073,1288.7489924575655
1050,50.61011378125345,191.00000000001074,1288.7850488840309
1051,50.61011378125345,191.02000000001075,1288.8211037411522
1052,50.61011378125345,191.04000000001076,1288.8571570312224
1053,50.61011378125345,191.06000000001077,1288.8932087717337
1054,50.61011378125345,191.08000000001078,1288.929258964226
1055,50.51538498428241,191.1000000000108,1288.9653076085501
1056,50.51538498428241,191.1200000000108,1289.0013547045573
1057,50.51538498428241,191.14000000001082,1289.0374002520982
1058,50.51538498428241,191.16000000001083,1289.073444251024
1059,50.51538498428241,191.18000000001084,1289.1094867011857
1060,50.51538498428241,191.20000000001085,1289.1455276024342
1061,50.51538498428241,191.22000000001086,1289.1815669546204
1062,50.51538498428241,191.24000000001087,1289.2176047575954
1063,50.51538498428241,191.26000000001088,1289.25364101121
1064,50.51538498428241,191.2800000000109,1289.2896757153153
1065,50.51538498428241,191.3000000000109,1289.3257088697624
1066,50.51538498428241,191.3200000000109,1289.361740474402
1067,50.51538498428241,191.34000000001092,1289.3977705290854
1068,50.51538498428241,191.36000000001093,1289.4337990336633
1069,50.51538498428241,191.38000000001094,1289.469825987987
1070,50.51538498428241,191.40000000001095,1289.505851391907
1071,50.51538498428241,191.42000000001096,1289.541875245275
1072,50.51538498428241,191.44000000001097,1289.5778975479411
1073,50.51538498428241,191.46000000001098,1289.613918299757
1074,50.51538498428241,191.480000000011,1289.6499375005733
1075,50.51538498428241,191.500000000011,1289.6859551502412
1076,50.51538498428241,191.520000000011,1289.7219712486117
1077,50.51538498428241,191.54000000001102,1289.7579857955357
1078,50.51538498428241,191.56000000001103,1289.7939987908642
1079,50.51538498428241,191.58000000001104,1289.830010234448
1080,50.51538498428241,191.60000000001105,1289.8660201261384
1081,50.51538498428241,191.62000000001106,1289.9020284657863
1082,50.51538498428241,191.64000000001107,1289.9380352532426
1083,50.51538498428241,191.66000000001108,1289.9740404883582
1084,50.51538498428241,191.6800000000111,1290.0100441719
1085,50.51538498428241,191.7000000000111,1290.0460463172283
1086,50.51538498428241,191.7200000000111,1290.08204692946
1087,50.51538498428241,191.74000000001112,1290.118046008444
1088,50.51538498428241,191.76000000001113,1290.154043554029
1089,50.51538498428241,191.78000000001114,1290.1900395660637
1090,50.51538498428241,191.80000000001115,1290.2260340443968
1091,50.51538498428241,191.82000000001116,1290.262026988877
1092,50.51538498428241,191.84000000001117,1290.2980183993532
1093,50.51538498428241,191.86000000001118,1290.3340082756738
1094,50.51538498428241,191.8800000000112,1290.3699966176878
1095,50.51538498428241,191.9000000000112,1290.405983425244
1096,50.51538498428241,191.9200000000112,1290.4419686981907
1097,50.51538498428241,191.94000000001122,1290.4779524363769
1098,50.51538498428241,191.96000000001123,1290.5139346396513
1099,50.51538498428241,191.98000000001124,1290.5499153078626
1100,50.51538498428241,192.00000000001125,1290.5858944408594
1101,50.51538498428241,192.02000000001127,1290.6218720384907
1102,50.51538498428241,192.04000000001128,1290.657848100605
1103,50.51538498428241,192.06000000001129,1290.6938226306686
1104,50.51538498428241,192.0800000000113,1290.729795644655
1105,50.51538498428241,192.1000000000113,1290.7657671438023
1106,50.51538498428241,192.12000000001132,1290.801737127959
1107,50.51538498428241,192.14000000001133,1290.8377055969736
1108,50.51538498428241,192.16000000001134,1290.8736725506942
1109,50.51538498428241,192.18000000001135,1290.9096379889695
1110,50.51538498428241,192.20000000001136,1290.945601911648
1111,50.51538498428241,192.22000000001137,1290.9815643185782
1112,50.51538498428241,192.24000000001138,1291.0175252096085
1113,50.51538498428241,192.2600000000114,1291.0534845845873
1114,50.51538498428241,192.2800000000114,1291.0894424433632
1115,50.51538498428241,192.3000000000114,1291.1253987857845
1116,50.51538498428241,192.32000000001142,1291.1613536116997
1117,50.51538498428241,192.34000000001143,1291.1973069209573
1118,50.51538498428241,192.36000000001144,1291.2332587134056
1119,50.51538498428241,192.38000000001145,1291.2692089888933
1120,50.51538498428241,192.40000000001146,1291.3051577472686
1121,50.51538498428241,192.42000000001147,1291.3411049883803
1122,50.51538498428241,192.44000000001148,1291.3770507120764
1123,50.51538498428241,192.4600000000115,1291.4129949182059
1124,50.51538498428241,192.4800000000115,1291.448937606617
1125,50.51538498428241,192.5000000000115,1291.484878777158
1126,50.51538498428241,192.52000000001152,1291.5208184296775
1127,50.51538498428241,192.54000000001153,1291.5567565640242
1128,50.51538498428241,192.56000000001154,1291.5926931800464
1129,50.51538498428241,192.58000000001155,1291.6286282775923
1130,50.51538498428241,192.60000000001156,1291.6645618565105
1131,50.51538498428241,192.62000000001157,1291.7004939166497
1132,50.51538498428241,192.64000000001158,1291.7364244578582
1133,50.51538498428241,192.6600000000116,1291.7723534799845
1134,50.51538498428241,192.6800000000116,1291.8082809828772
1135,50.51538498428241,192.7000000000116,1291.8442069663847
1136,50.51538498428241,192.72000000001162,1291.8801314303553
1137,50.51538498428241,192.74000000001163,1291.9160543746375
1138,50.51538498428241,192.76000000001164,1291.95197579908
1139,50.51538498428241,192.78000000001165,1291.987895703531
1140,50.51538498428241,192.80000000001166,1292.0238140878391
1141,50.51538498428241,192.82000000001167,1292.059730951853
1142,50.51538498428241,192.84000000001168,1292.095646295421
1143,50.51538498428241,192.8600000000117,1292.1315601183912
1144,50.51538498428241,192.8800000000117,1292.1674724206127
1145,50.51538498428241,192.90000000001172,1292.2033832019338
1146,50.51538498428241,192.92000000001173,1292.2392924622027
1147,50.51538498428241,192.94000000001174,1292.275200201268
1148,50.51538498428241,192.96000000001175,1292.3111064189784
1149,50.51538498428241,192.98000000001176,1292.347011115182
1150,50.51538498428241,193.00000000001177,1292.3829142897278
1151,50.42095133124847,193.02000000001178,1292.4188159424637
1152,50.42095133124847,193.0400000000118,1292.4547160732384
1153,50.42095133124847,193.0600000000118,1292.4906146819005
1154,50.42095133124847,193.0800000000118,1292.5265117731046
1155,50.42095133124847,193.10000000001182,1292.5624073616486
1156,50.42095133124847,193.12000000001183,1292.5983014485107
1157,50.42095133124847,193.14000000001184,1292.6341940335428
1158,50.42095133124847,193.16000000001185,1292.6700851165963
1159,50.42095133124847,193.18000000001186,1292.7059746975228
1160,50.42095133124847,193.20000000001187,1292.741862776174
1161,50.42095133124847,193.22000000001188,1292.7777493524015
1162,50.42095133124847,193.2400000000119,1292.813634426057
1163,50.42095133124847,193.2600000000119,1292.8495179969918
1164,50.42095133124847,193.2800000000119,1292.8854000650576
1165,50.42095133124847,193.30000000001192,1292.9212806301061
1166,50.42095133124847,193.32000000001193,1292.9571596919889
1167,50.42095133124847,193.34000000001194,1292.9930372505576
1168,50.42095133124847,193.36000000001195,1293.0289133056638
1169,50.42095133124847,193.38000000001196,1293.064787857159
1170,50.42095133124847,193.40000000001197,1293.100660904895
1171,50.42095133124847,193.42000000001198,1293.136532448723
1172,50.42095133124847,193.440000000012,1293.1724024884952
1173,50.42095133124847,193.460000000012,1293.2082710240627
1174,50.42095133124847,193.480000000012,1293.2441380552773
1175,50.42095133124847,193.50000000001202,1293.2800035819907
1176,50.42095133124847,193.52000000001203,1293.3158676040546
1177,50.42095133124847,193.54000000001204,1293.3517301213203
1178,50.42095133124847,193.56000000001205,1293.3875911336395
1179,50.42095133124847,193.58000000001206,1293.4234506408638
1180,50.42095133124847,193.60000000001207,1293.459308642845
1181,50.42095133124847,193.62000000001208,1293.4951651394344
1182,50.42095133124847,193.6400000000121,1293.531020130484
1183,50.42095133124847,193.6600000000121,1293.566873615845
1184,50.42095133124847,193.68000000001211,1293.6027255953693
1185,50.42095133124847,193.70000000001212,1293.6385760689084
1186,50.42095133124847,193.72000000001213,1293.674425036314
1187,50.42095133124847,193.74000000001215,1293.7102724974377
1188,50.42095133124847,193.76000000001216,1293.746118452131
1189,50.42095133124847,193.78000000001217,1293.7819629002456
1190,50.42095133124847,193.80000000001218,1293.8178058416331
1191,50.42095133124847,193.8200000000122,1293.853647276145
1192,50.42095133124847,193.8400000000122,1293.889487203633
1193,50.42095133124847,193.8600000000122,1293.925325623949
1194,50.42095133124847,193.88000000001222,1293.9611625369441
1195,50.42095133124847,193.90000000001223,1293.9969979424704
1196,50.42095133124847,193.92000000001224,1294.0328318403792
1197,50.42095133124847,193.94000000001225,1294.0686642305222
1198,50.42095133124847,193.96000000001226,1294.1044951127512
1199,50.42095133124847,193.98000000001227,1294.1403244869177
1200,50.42095133124847,194.00000000001228,1294.1761523528733
1201,50.42095133124847,194.0200000000123,1294.2119787104696
1202,50.42095133124847,194.0400000000123,1294.2478035595582
1203,50.42095133124847,194.0600000000123,1294.2836268999906
1204,50.42095133124847,194.08000000001232,1294.3194487316186
1205,50.42095133124847,194.10000000001233,1294.3552690603483
1206,50.42095133124847,194.12000000001234,1294.391087900033
1207,50.42095133124847,194.14000000001235,1294.426905251407
1208,50.42095133124847,194.16000000001236,1294.462721114322
1209,50.42095133124847,194.18000000001237,1294.498535488629
1210,50.42095133124847,194.20000000001238,1294.5343483741792
1211,50.42095133124847,194.2200000000124,1294.5701597708244
1212,50.42095133124847,194.2400000000124,1294.6059696784155
1213,50.42095133124847,194.2600000000124,1294.641778096804
1214,50.42095133124847,194.28000000001242,1294.6775850258414
1215,50.42095133124847,194.30000000001243,1294.713390465379
1216,50.42095133124847,194.32000000001244,1294.749194415268
1217,50.42095133124847,194.34000000001245,1294.7849968753599
1218,50.42095133124847,194.36000000001246,1294.820797845506
1219,50.42095133124847,194.38000000001247,1294.8565973255575
1220,50.42095133124847,194.40000000001248,1294.892395315366
1221,50.42095133124847,194.4200000000125,1294.9281918147826
1222,50.42095133124847,194.4400000000125,1294.9639868236588
1223,50.42095133124847,194.4600000000125,1294.999780341846
1224,50.42095133124847,194.48000000001252,1295.0355723691955
1225,50.42095133124847,194.50000000001253,1295.0713629055585
1226,50.42095133124847,194.52000000001254,1295.1071519507866
1227,50.42095133124847,194.54000000001255,1295.142939504731
1228,50.42095133124847,194.56000000001256,1295.1787255672432
1229,50.42095133124847,194.58000000001257,1295.2145101381743
1230,50.42095133124847,194.60000000001259,1295.2502932173759
1231,50.42095133124847,194.6200000000126,1295.2860748046992
1232,50.42095133124847,194.6400000000126,1295.3218548999955
1233,50.42095133124847,194.66000000001262,1295.3576335031164
1234,50.42095133124847,194.68000000001263,1295.3934106139131
1235,50.42095133124847,194.70000000001264,1295.429186232237
1236,50.42095133124847,194.72000000001265,1295.4649603579394
1237,50.42095133124847,194.74000000001266,1295.5007329908717
1238,50.42095133124847,194.76000000001267,1295.536504130885
1239,50.42095133124847,194.78000000001268,1295.5722737778312
1240,50.42095133124847,194.8000000000127,1295.6080419315613
1241,50.42095133124847,194.8200000000127,1295.6438085919267
1242,50.42095133124847,194.8400000000127,1295.6795737587788
1243,50.42095133124847,194.86000000001272,1295.715337431969
1244,50.326811536353425,194.88000000001273,1295.7510996113483
1245,50.326811536353425,194.90000000001274,1295.7868602967685
1246,50.326811536353425,194.92000000001275,1295.8226194880808
1247,50.326811536353425,194.94000000001276,1295.8583771851368
1248,50.326811536353425,194.96000000001277,1295.8941333877874
1249,50.326811536353425,194.98000000001278,1295.9298880958843
1250,50.326811536353425,195.0000000000128,1295.965641309279
1251,50.326811536353425,195.0200000000128,1296.0013930278224
1252,50.326811536353425,195.0400000000128,1296.0371432513662
1253,50.326811536353425,195.06000000001282,1296.0728919797616
1254,50.326811536353425,195.08000000001283,1296.1086392128602
1255,50.326811536353425,195.10000000001284,1296.1443849505133
1256,50.326811536353425,195.12000000001285,1296.1801291995982
1257,50.326811536353425,195.14000000001286,1296.2158719725114
1258,50.326811536353425,195.16000000001287,1296.2516132697183
1259,50.326811536353425,195.18000000001288,1296.287353091071
1260,50.326811536353425,195.2000000000129,1296.3230914364221
1261,50.326811536353425,195.2200000000129,1296.358828305624
1262,50.326811536353425,195.2400000000129,1296.3945636985288
1263,50.326811536353425,195.26000000001292,1296.430297614989
1264,50.326811536353425,195.28000000001293,1296.466030054857
1265,50.326811536353425,195.30000000001294,1296.5017610179848
1266,50.326811536353425,195.32000000001295,1296.537490504225
1267,50.326811536353425,195.34000000001296,1296.5732185134298
1268,50.326811536353425,195.36000000001297,1296.6089450454515
1269,50.326811536353425,195.38000000001298,1296.6446701001425
1270,50.326811536353425,195.400000000013,1296.6803936773554
1271,50.326811536353425,195.420000000013,1296.7161157769422
1272,50.326811536353425,195.44000000001301,1296.7518363987554
1273,50.326811536353425,195.46000000001303,1296.7875555426472
1274,50.326811536353425,195.48000000001304,1296.82327320847
1275,50.326811536353425,195.50000000001305,1296.8589893960761
1276,50.326811536353425,195.52000000001306,1296.894704105318
1277,50.326811536353425,195.54000000001307,1296.9304173360476
1278,50.326811536353425,195.56000000001308,1296.9661290881177
1279,50.326811536353425,195.5800000000131,1297.0018393613805
1280,50.326811536353425,195.6000000000131,1297.0375481556882
1281,50.326811536353425,195.6200000000131,1297.0732554708934
1282,50.326811536353425,195.64000000001312,1297.1089613068482
1283,50.326811536353425,195.66000000001313,1297.144665663405
1284,50.326811536353425,195.68000000001314,1297.1803685404163
1285,50.326811536353425,195.70000000001315,1297.2160699377343
1286,50.326811536353425,195.72000000001316,1297.2517698552115
1287,50.326811536353425,195.74000000001317,1297.2874682927
1288,50.326811536353425,195.76000000001318,1297.3231652500522
1289,50.326811536353425,195.7800000000132,1297.3588607271204
1290,50.326811536353425,195.8000000000132,1297.394554723757
1291,50.326811536353425,195.8200000000132,1297.4302472398144
1292,50.326811536353425,195.84000000001322,1297.465938275145
1293,50.326811536353425,195.86000000001323,1297.501627829601
1294,50.326811536353425,195.88000000001324,1297.5373159030348
1295,50.326811536353425,195.90000000001325,1297.5730024952989
1296,50.326811536353425,195.92000000001326,1297.6086876062454
1297,50.326811536353425,195.94000000001327,1297.6443712357268
1298,50.326811536353425,195.96000000001328,1297.6800533835954
1299,50.326811536353425,195.9800000000133,1297.7157340497035
1300,50.326811536353425,196.0000000000133,1297.7514132339036
1301,50.326811536353425,196.0200000000133,1297.787090936048
1302,50.326811536353425,196.04000000001332,1297.822767155989
1303,50.326811536353425,196.06000000001333,1297.8584418935789
1304,50.326811536353425,196.08000000001334,1297.8941151486702
1305,50.326811536353425,196.10000000001335,1297.929786921115
1306,50.326811536353425,196.12000000001336,1297.965457210766
1307,50.326811536353425,196.14000000001337,1298.001126025869
1308,50.326811536353425,196.16000000001338,1298.0367933781197
1309,50.326811536353425,196.1800000000134,1298.072459267754
1310,50.326811536353425,196.2000000000134,1298.1081236946256
1311,50.326811536353425,196.2200000000134,1298.1437866585873
1312,50.326811536353425,196.24000000001342,1298.179448159492
1313,50.326811536353425,196.26000000001343,1298.2151081971933
1314,50.326811536353425,196.28000000001344,1298.250766771544
1315,50.326811536353425,196.30000000001345,1298.2864238823975
1316,50.326811536353425,196.32000000001347,1298.3220795296068
1317,50.326811536353425,196.34000000001348,1298.3577337130248
1318,50.326811536353425,196.36000000001349,1298.393386432505
1319,50.326811536353425,196.3800000000135,1298.4290376879003
1320,50.326811536353425,196.4000000000135,1298.4646874790642
1321,50.326811536353425,196.42000000001352,1298.5003358058495
1322,50.326811536353425,196.44000000001353,1298.5359826681095
1323,50.326811536353425,196.46000000001354,1298.5716280656973
1324,50.326811536353425,196.48000000001355,1298.6072719984659
1325,50.326811536353425,196.50000000001356,1298.6429144662686
1326,50.326811536353425,196.52000000001357,1298.6785554689584
1327,50.326811536353425,196.54000000001358,1298.7141950063885
1328,50.326811536353425,196.5600000000136,1298.7498330784122
1329,50.326811536353425,196.5800000000136,1298.7854696848824
1330,50.326811536353425,196.6000000000136,1298.8211048256526
1331,50.326811536353425,196.62000000001362,1298.8567385005756
1332,50.326811536353425,196.64000000001363,1298.8923707095048
1333,50.326811536353425,196.66000000001364,1298.928001452293
1334,50.326811536353425,196.68000000001365,1298.9636307287938
1335,50.326811536353425,196.70000000001366,1298.99925853886
1336,50.326811536353425,196.72000000001367,1299.0348848823448
1337,50.232964320992195,196.74000000001368,1299.0705097591015
1338,50.232964320992195,196.7600000000137,1299.106133168983
1339,50.232964320992195,196.7800000000137,1299.1417551118427
1340,50.232964320992195,196.8000000000137,1299.1773755875336
1341,50.232964320992195,196.82000000001372,1299.2129945959089
1342,50.232964320992195,196.84000000001373,1299.2486121368217
1343,50.232964320992195,196.86000000001374,1299.2842282101253
1344,50.232964320992195,196.88000000001375,1299.3198428156727
1345,50.232964320992195,196.90000000001376,1299.3554559533172
1346,50.232964320992195,196.92000000001377,1299.3910676229118
1347,50.232964320992195,196.94000000001378,1299.4266778243098
1348,50.232964320992195,196.9600000000138,1299.4622865573642
1349,50.232964320992195,196.9800000000138,1299.4978938219283
1350,50.232964320992195,197.0000000000138,1299.533499617855
1351,50.232964320992195,197.02000000001382,1299.569103944998
1352,50.232964320992195,197.04000000001383,1299.6047068032099
1353,50.232964320992195,197.06000000001384,1299.640308192344
1354,50.232964320992195,197.08000000001385,1299.6759081122536
1355,50.232964320992195,197.10000000001386,1299.7115065627918
1356,50.232964320992195,197.12000000001387,1299.7471035438118
1357,50.232964320992195,197.14000000001388,1299.7826990551666
1358,50.232964320992195,197.1600000000139,1299.8182931058984
1359,50.232964320992195,197.1800000000139,1299.8538857062547
1360,50.232964320992195,197.20000000001392,1299.8894768562232
1361,50.232964320992195,197.22000000001393,1299.925066555658
1362,50.232964320992195,197.24000000001394,1299.9606548044133
1363,50.232964320992195,197.26000000001395,1299.9962416023427
1364,50.232964320992195,197.28000000001396,1300.031826957197
1365,50.232964320992195,197.30000000001397,1300.0674108797618
1366,50.232964320992195,197.32000000001398,1300.102993370227
1367,50.232964320992195,197.340000000014,1300.138574428445
1368,50.232964320992195,197.360000000014,1300.1741540542685
1369,50.232964320992195,197.380000000014,1300.2097322475495
1370,50.232964320992195,197.40000000001402,1300.2453090081406
1371,50.232964320992195,197.42000000001403,1300.2808843358941
1372,50.232964320992195,197.44000000001404,1300.3164582306626
1373,50.232964320992195,197.46000000001405,1300.3520306922985
1374,50.232964320992195,197.48000000001406,1300.3876017206542
1375,50.232964320992195,197.50000000001407,1300.423171315582
1376,50.232964320992195,197.52000000001408,1300.4587394769346
1377,50.232964320992195,197.5400000000141,1300.494306204564
1378,50.232964320992195,197.5600000000141,1300.529871498323
1379,50.232964320992195,197.5800000000141,1300.565435358064
1380,50.232964320992195,197.60000000001412,1300.600997783639
1381,50.232964320992195,197.62000000001413,1300.636558774901
1382,50.232964320992195,197.64000000001414,1300.6721183317022
1383,50.232964320992195,197.66000000001415,1300.707676453895
1384,50.232964320992195,197.68000000001416,1300.7432331413315
1385,50.232964320992195,197.70000000001417,1300.7787883938647
1386,50.232964320992195,197.72000000001418,1300.8143422113467
1387,50.232964320992195,197.7400000000142,1300.8498945936299
1388,50.232964320992195,197.7600000000142,1300.885445540567
1389,50.232964320992195,197.7800000000142,1300.92099505201
1390,50.232964320992195,197.80000000001422,1300.9565431278118
1391,50.232964320992195,197.82000000001423,1300.9920897678244
1392,50.232964320992195,197.84000000001424,1301.0276349719006
1393,50.232964320992195,197.86000000001425,1301.0631787398927
1394,50.232964320992195,197.88000000001426,1301.098721071653
1395,50.232964320992195,197.90000000001427,1301.134261967034
1396,50.232964320992195,197.92000000001428,1301.1698014258882
1397,50.232964320992195,197.9400000000143,1301.205339448068
1398,50.232964320992195,197.9600000000143,1301.2408760334256
1399,50.232964320992195,197.98000000001431,1301.276411181814
1400,50.232964320992195,198.00000000001432,1301.3119448930852
1401,50.232964320992195,198.02000000001433,1301.3474771670917
1402,50.232964320992195,198.04000000001435,1301.383008003686
1403,50.232964320992195,198.06000000001436,1301.4185374027204
1404,50.232964320992195,198.08000000001437,1301.4540653640474
1405,50.232964320992195,198.10000000001438,1301.4895918875195
1406,50.232964320992195,198.1200000000144,1301.525116972989
1407,50.232964320992195,198.1400000000144,1301.5606406203085
1408,50.232964320992195,198.1600000000144,1301.5961628294313
1409,50.232964320992195,198.18000000001442,1301.6316836107103
1410,50.232964320992195,198.20000000001443,1301.6672029735896
1411,50.232964320992195,198.22000000001444,1301.7027209179225
1412,50.232964320992195,198.24000000001445,1301.7382374435624
1413,50.232964320992195,198.26000000001446,1301.7737525503626
1414,50.232964320992195,198.28000000001447,1301.8092662381764
1415,50.232964320992195,198.30000000001448,1301.8447785068572
1416,50.232964320992195,198.3200000000145,1301.8802893562581
1417,50.232964320992195,198.3400000000145,1301.9157987862327
1418,50.232964320992195,198.3600000000145,1301.951306796634
1419,50.232964320992195,198.38000000001452,1301.9868133873156
1420,50.232964320992195,198.40000000001453,1302.0223185581308
1421,50.232964320992195,198.42000000001454,1302.0578223089328
1422,50.232964320992195,198.44000000001455,1302.093324639575
1423,50.232964320992195,198.46000000001456,1302.1288255499107
1424,50.232964320992195,198.48000000001457,1302.164325039793
1425,50.232964320992195,198.50000000001458,1302.1998231090756
1426,50.232964320992195,198.5200000000146,1302.2353197576117
1427,50.232964320992195,198.5400000000146,1302.2708149852544
1428,50.232964320992195,198.5600000000146,1302.3063087918574
1429,50.232964320992195,198.58000000001462,1302.3418011772737
1430,50.232964320992195,198.60000000001463,1302.377292141357
1431,50.232964320992195,198.62000000001464,1302.4127816839602
1432,50.232964320992195,198.64000000001465,1302.448269804937
1433,50.232964320992195,198.66000000001466,1302.4837565041403
1434,50.232964320992195,198.68000000001467,1302.5192417814237
1435,50.13940841370369,198.70000000001468,1302.5547256366406
1436,50.13940841370369,198.7200000000147,1302.5902080696442
1437,50.13940841370369,198.7400000000147,1302.6256890802879
1438,50.13940841370369,198.7600000000147,1302.661168668425
1439,50.13940841370369,198.78000000001472,1302.6966468339087
1440,50.13940841370369,198.80000000001473,1302.7321235765926
1441,50.13940841370369,198.82000000001474,1302.7675988963297
1442,50.13940841370369,198.84000000001475,1302.8030727929736
1443,50.13940841370369,198.86000000001476,1302.8385452663774
1444,50.13940841370369,198.88000000001477,1302.8740163163948
1445,50.13940841370369,198.90000000001478,1302.9094859428787
1446,50.13940841370369,198.9200000000148,1302.944954145683
1447,50.13940841370369,198.9400000000148,1302.9804209246604
1448,50.13940841370369,198.96000000001482,1303.0158862796645
1449,50.13940841370369,198.98000000001483,1303.0513502105487
1450,50.13940841370369,199.00000000001484,1303.0868127171661
1451,50.13940841370369,199.02000000001485,1303.1222737993705
1452,50.13940841370369,199.04000000001486,1303.157733457015
1453,50.13940841370369,199.06000000001487,1303.1931916899528
1454,50.13940841370369,199.08000000001488,1303.2286484980373
1455,50.13940841370369,199.1000000000149,1303.2641038811219
1456,50.13940841370369,199.1200000000149,1303.2995578390596
1457,50.13940841370369,199.1400000000149,1303.3350103717041
1458,50.13940841370369,199.16000000001492,1303.3704614789087
1459,50.13940841370369,199.18000000001493,1303.4059111608508
1460,50.13940841370369,199.20000000001494,1303.4413594283267
1461,50.13940841370369,199.22000000001495,1303.4768062892165
1462,50.13940841370369,199.24000000001496,1303.5122517433742
1463,50.13940841370369,199.26000000001497,1303.5476957906542
1464,50.13940841370369,199.28000000001498,1303.5831384309104
1465,50.13940841370369,199.300000000015,1303.618579663997
1466,50.13940841370369,199.320000000015,1303.6540194897684
1467,50.13940841370369,199.340000000015,1303.6894579080786
1468,50.13940841370369,199.36000000001502,1303.7248949187817
1469,50.13940841370369,199.38000000001503,1303.7603305217322
1470,50.13940841370369,199.40000000001504,1303.7957647167839
1471,50.13940841370369,199.42000000001505,1303.831197503791
1472,50.13940841370369,199.44000000001506,1303.8666288826078
1473,50.13940841370369,199.46000000001507,1303.9020588530882
1474,50.13940841370369,199.48000000001508,1303.9374874150867
1475,50.13940841370369,199.5000000000151,1303.9729145684573
1476,50.13940841370369,199.5200000000151,1304.0083403130543
1477,50.13940841370369,199.5400000000151,1304.0437646487317
1478,50.13940841370369,199.56000000001512,1304.0791875753437
1479,50.13940841370369,199.58000000001513,1304.1146090927443
1480,50.13940841370369,199.60000000001514,1304.1500292007881
1481,50.13940841370369,199.62000000001515,1304.185447899329
1482,50.13940841370369,199.64000000001516,1304.220865188221
1483,50.13940841370369,199.66000000001517,1304.2562810673187
1484,50.13940841370369,199.68000000001518,1304.2916955364758
1485,50.13940841370369,199.7000000000152,1304.3271085955469
1486,50.13940841370369,199.7200000000152,1304.362520244386
1487,50.13940841370369,199.74000000001521,1304.397930482847
1488,50.13940841370369,199.76000000001522,1304.4333393107843
1489,50.13940841370369,199.78000000001524,1304.468746728052
1490,50.13940841370369,199.80000000001525,1304.5041527345045
1491,50.13940841370369,199.82000000001526,1304.5395573299957
1492,50.13940841370369,199.84000000001527,1304.5749605143799
1493,50.13940841370369,199.86000000001528,1304.6103622875112
1494,50.13940841370369,199.8800000000153,1304.6457626492438
1495,50.13940841370369,199.9000000000153,1304.681161599432
1496,50.13940841370369,199.9200000000153,1304.7165591379298
1497,50.13940841370369,199.94000000001532,1304.7519552645915
1498,50.13940841370369,199.96000000001533,1304.7873499792713
1499,50.13940841370369,199.98000000001534,1304.8227432818233
1500,50.13940841370369,200.00000000001535,1304.8581351721016
1501,50.13940841370369,200.02000000001536,1304.8935256499603
1502,50.13940841370369,200.04000000001537,1304.928914715254
1503,50.13940841370369,200.06000000001538,1304.9643023678364
1504,50.13940841370369,200.0800000000154,1304.999688607562
1505,50.13940841370369,200.1000000000154,1305.0350734342846
1506,50.13940841370369,200.1200000000154,1305.0704568478588
1507,50.13940841370369,200.14000000001542,1305.1058388481385
1508,50.13940841370369,200.16000000001543,1305.1412194349782
1509,50.13940841370369,200.18000000001544,1305.1765986082316
1510,50.13940841370369,200.20000000001545,1305.2119763683181
1511,50.13940841370369,200.22000000001546,1305.2473527272261
1512,50.13940841370369,200.24000000001547,1305.2827276918629
1513,50.13940841370369,200.26000000001548,1305.318101262083
1514,50.13940841370369,200.2800000000155,1305.3534734377413
1515,50.13940841370369,200.3000000000155,1305.3888442186928
1516,50.13940841370369,200.3200000000155,1305.4242136047924
1517,50.13940841370369,200.34000000001552,1305.4595815958949
1518,50.13940841370369,200.36000000001553,1305.4949481918552
1519,50.13940841370369,200.38000000001554,1305.5303133925283
1520,50.13940841370369,200.40000000001555,1305.5656771977692
1521,50.13940841370369,200.42000000001556,1305.6010396074325
1522,50.13940841370369,200.44000000001557,1305.6364006213732
1523,50.13940841370369,200.46000000001558,1305.6717602394463
1524,50.13940841370369,200.4800000000156,1305.7071184615063
1525,50.13940841370369,200.5000000000156,1305.7424752874085
1526,50.13940841370369,200.5200000000156,1305.7778307170076
1527,50.13940841370369,200.54000000001562,1305.8131847501586
1528,50.13940841370369,200.56000000001563,1305.8485373867163
1529,50.04614255012205,200.58000000001564,1305.8838886265357
1530,50.04614255012205,200.60000000001565,1305.9192384694716
1531,50.04614255012205,200.62000000001566,1305.954586915379
1532,50.04614255012205,200.64000000001568,1305.9899339641127
1533,50.04614255012205,200.66000000001569,1306.0252796155276
1534,50.04614255012205,200.6800000000157,1306.0606238694784
1535,50.04614255012205,200.7000000000157,1306.0959667258203
1536,50.04614255012205,200.72000000001572,1306.131308184408
1537,50.04614255012205,200.74000000001573,1306.1666482450967
1538,50.04614255012205,200.76000000001574,1306.201986907741
1539,50.04614255012205,200.78000000001575,1306.2373241721957
1540,50.04614255012205,200.80000000001576,1306.272660038316
1541,50.04614255012205,200.82000000001577,1306.3079945059567
1542,50.04614255012205,200.84000000001578,1306.3433275749726
1543,50.04614255012205,200.8600000000158,1306.3786592452186
1544,50.04614255012205,200.8800000000158,1306.4139895165497
1545,50.04614255012205,200.9000000000158,1306.4493183888208
1546,50.04614255012205,200.92000000001582,1306.4846458618867
1547,50.04614255012205,200.94000000001583,1306.5199719356024
1548,50.04614255012205,200.96000000001584,1306.5552966098226
1549,50.04614255012205,200.98000000001585,1306.5906198844023
1550,50.04614255012205,201.00000000001586,1306.6259417591964
1551,50.04614255012205,201.02000000001587,1306.66126223406
1552,50.04614255012205,201.04000000001588,1306.6965813088477
1553,50.04614255012205,201.0600000000159,1306.7318989834148
1554,50.04614255012205,201.0800000000159,1306.7672152576158
1555,50.04614255012205,201.1000000000159,1306.8025301313057
1556,50.04614255012205,201.12000000001592,1306.8378436043395
1557,50.04614255012205,201.14000000001593,1306.873155676572
1558,50.04614255012205,201.16000000001594,1306.9084663478582
1559,50.04614255012205,201.18000000001595,1306.943775618053
1560,50.04614255012205,201.20000000001596,1306.9790834870112
1561,50.04614255012205,201.22000000001597,1307.0143899553493
1562,50.04614255012205,201.24000000001598,1307.0496950353981
1563,50.04614255012205,201.260000000016,1307.0849987326344
1564,50.04614255012205,201.280000000016,1307.1203010469137
1565,50.04614255012205,201.300000000016,1307.1556019780917
1566,50.04614255012205,201.32000000001602,1307.1909015260237
1567,50.04614255012205,201.34000000001603,1307.2261996905656
1568,50.04614255012205,201.36000000001604,1307.2614964715729
1569,50.04614255012205,201.38000000001605,1307.2967918689012
1570,50.04614255012205,201.40000000001606,1307.332085882406
1571,50.04614255012205,201.42000000001607,1307.3673785119431
1572,50.04614255012205,201.44000000001608,1307.4026697573681
1573,50.04614255012205,201.4600000000161,1307.4379596185365
1574,50.04614255012205,201.4800000000161,1307.473248095304
1575,50.04614255012205,201.50000000001612,1307.508535187526
1576,50.04614255012205,201.52000000001613,1307.5438208950582
1577,50.04614255012205,201.54000000001614,1307.5791052177563
1578,50.04614255012205,201.56000000001615,1307.6143881554758
1579,50.04614255012205,201.58000000001616,1307.6496697080725
1580,50.04614255012205,201.60000000001617,1307.6849498754016
1581,50.04614255012205,201.62000000001618,1307.720228657319
1582,50.04614255012205,201.6400000000162,1307.7555060536804
1583,50.04614255012205,201.6600000000162,1307.790782064341
1584,50.04614255012205,201.6800000000162,1307.826056689157
1585,50.04614255012205,201.70000000001622,1307.8613299279837
1586,50.04614255012205,201.72000000001623,1307.8966017806765
1587,50.04614255012205,201.74000000001624,1307.9318722470914
1588,50.04614255012205,201.76000000001625,1307.9671413270837
1589,50.04614255012205,201.78000000001626,1308.002409020509
1590,50.04614255012205,201.80000000001627,1308.0376753272233
1591,50.04614255012205,201.82000000001628,1308.0729402470818
1592,50.04614255012205,201.8400000000163,1308.1082037799401
1593,50.04614255012205,201.8600000000163,1308.1434659256543
1594,50.04614255012205,201.8800000000163,1308.1787266840795
1595,50.04614255012205,201.90000000001632,1308.2139860550715
1596,50.04614255012205,201.92000000001633,1308.2492440384858
1597,50.04614255012205,201.94000000001634,1308.2845006341781
1598,50.04614255012205,201.96000000001635,1308.3197558420043
1599,50.04614255012205,201.98000000001636,1308.3550096618196
1600,50.04614255012205,202.00000000001637,1308.3902620934798
1601,50.04614255012205,202.02000000001638,1308.4255131368404
1602,50.04614255012205,202.0400000000164,1308.4607627917571
1603,50.04614255012205,202.0600000000164,1308.4960110580855
1604,50.04614255012205,202.0800000000164,1308.5312579356812
1605,50.04614255012205,202.10000000001642,1308.5665034243998
1606,50.04614255012205,202.12000000001643,1308.601747524097
1607,50.04614255012205,202.14000000001644,1308.6369902346282
1608,50.04614255012205,202.16000000001645,1308.6722315558493
1609,50.04614255012205,202.18000000001646,1308.7074714876157
1610,50.04614255012205,202.20000000001647,1308.7427100297832
1611,50.04614255012205,202.22000000001648,1308.7779471822073
1612,50.04614255012205,202.2400000000165,1308.8131829457534
1613,50.04614255012205,202.2600000000165,1308.8484173339898
1614,50.04614255012205,202.2800000000165,1308.8836503513994
1615,50.04614255012205,202.30000000001652,1308.9188819978392
1616,50.04614255012205,202.32000000001653,1308.9541122731662
1617,50.04614255012205,202.34000000001654,1308.989341177237
1618,50.04614255012205,202.36000000001656,1309.0245687099089
1619,50.04614255012205,202.38000000001657,1309.0597948710385
1620,50.04614255012205,202.40000000001658,1309.095019660483
1621,50.04614255012205,202.42000000001659,1309.1302430780993
1622,50.04614255012205,202.4400000000166,1309.165465123744
1623,49.953165472928326,202.4600000000166,1309.2006857972744
1624,49.953165472928326,202.48000000001662,1309.2359050985472
1625,49.953165472928326,202.50000000001663,1309.2711230274192
1626,49.953165472928326,202.52000000001664,1309.3063395837476
1627,49.953165472928326,202.54000000001665,1309.3415547673892
1628,49.953165472928326,202.56000000001666,1309.3767685782009
1629,49.953165472928326,202.58000000001667,1309.4119810160398
1630,49.953165472928326,202.60000000001668,1309.4471920807625
1631,49.953165472928326,202.6200000000167,1309.4824017722262
1632,49.953165472928326,202.6400000000167,1309.5176100902877
1633,49.953165472928326,202.6600000000167,1309.5528170348039
1634,49.953165472928326,202.68000000001672,1309.5880226056317
1635,49.953165472928326,202.70000000001673,1309.6232268026283
1636,49.953165472928326,202.72000000001674,1309.6584296256503
1637,49.953165472928326,202.74000000001675,1309.6936310745548
1638,49.953165472928326,202.76000000001676,1309.7288311491986
1639,49.953165472928326,202.78000000001677,1309.7640298494389
1640,49.953165472928326,202.80000000001678,1309.7992271751323
1641,49.953165472928326,202.8200000000168,1309.8344231261358
1642,49.953165472928326,202.8400000000168,1309.8696177023064
1643,49.953165472928326,202.8600000000168,1309.904810903501
1644,49.953165472928326,202.88000000001682,1309.9400027295762
1645,49.953165472928326,202.90000000001683,1309.9751931803896
1646,49.953165472928326,202.92000000001684,1310.0103822567153
1647,49.953165472928326,202.94000000001685,1310.0455699714105
1648,49.953165472928326,202.96000000001686,1310.0807563290728
1649,49.953165472928326,202.98000000001687,1310.1159413295575
1650,49.953165472928326,203.00000000001688,1310.1511249727196
1651,49.953165472928326,203.0200000000169,1310.1863072584144
1652,49.953165472928326,203.0400000000169,1310.221488186497
1653,49.953165472928326,203.0600000000169,1310.2566677568227
1654,49.953165472928326,203.08000000001692,1310.2918459692464
1655,49.953165472928326,203.10000000001693,1310.3270228236236
1656,49.953165472928326,203.12000000001694,1310.3621983198093
1657,49.953165472928326,203.14000000001695,1310.3973724576588
1658,49.953165472928326,203.16000000001696,1310.4325452370272
1659,49.953165472928326,203.18000000001697,1310.4677166577699
1660,49.953165472928326,203.20000000001698,1310.5028867197418
1661,49.953165472928326,203.220000000017,1310.5380554227982
1662,49.953165472928326,203.240000000017,1310.5732227667943
1663,49.953165472928326,203.26000000001702,1310.6083887527675
1664,49.953165472928326,203.28000000001703,1310.6435533945426
1665,49.953165472928326,203.30000000001704,1310.6787166953038
1666,49.953165472928326,203.32000000001705,1310.7138786549074
1667,49.953165472928326,203.34000000001706,1310.7490392732088
1668,49.953165472928326,203.36000000001707,1310.7841985500643
1669,49.953165472928326,203.38000000001708,1310.8193564853293
1670,49.953165472928326,203.4000000000171,1310.8545130788598
1671,49.953165472928326,203.4200000000171,1310.8896683305118
1672,49.953165472928326,203.4400000000171,1310.9248222401409
1673,49.953165472928326,203.46000000001712,1310.959974807603
1674,49.953165472928326,203.48000000001713,1310.995126032754
1675,49.953165472928326,203.50000000001714,1311.0302759154495
1676,49.953165472928326,203.52000000001715,1311.0654244555456
1677,49.953165472928326,203.54000000001716,1311.100571652898
1678,49.953165472928326,203.56000000001717,1311.1357175073624
1679,49.953165472928326,203.58000000001718,1311.1708620187949
1680,49.953165472928326,203.6000000000172,1311.2060051870512
1681,49.953165472928326,203.6200000000172,1311.2411470119873
1682,49.953165472928326,203.6400000000172,1311.2762874934588
1683,49.953165472928326,203.66000000001722,1311.3114266313216
1684,49.953165472928326,203.68000000001723,1311.3465644254316
1685,49.953165472928326,203.70000000001724,1311.3817008756446
1686,49.953165472928326,203.72000000001725,1311.4168359818163
1687,49.953165472928326,203.74000000001726,1311.451969743803
1688,49.953165472928326,203.76000000001727,1311.48710216146
1689,49.953165472928326,203.78000000001728,1311.5222332346432
1690,49.953165472928326,203.8000000000173,1311.5573629632086
1691,49.953165472928326,203.8200000000173,1311.5924913470121
1692,49.953165472928326,203.8400000000173,1311.6276183859095
1693,49.953165472928326,203.86000000001732,1311.6627440797565
1694,49.953165472928326,203.88000000001733,1311.697868428409
1695,49.953165472928326,203.90000000001734,1311.732991431723
1696,49.953165472928326,203.92000000001735,1311.768113089554
1697,49.953165472928326,203.94000000001736,1311.803233401758
1698,49.953165472928326,203.96000000001737,1311.838352368191
1699,49.953165472928326,203.98000000001738,1311.8734699887086
1700,49.953165472928326,204.0000000000174,1311.9085862631669
1701,49.953165472928326,204.0200000000174,1311.9437011914213
1702,49.953165472928326,204.04000000001741,1311.978814773328
1703,49.953165472928326,204.06000000001742,1312.0139270087427
1704,49.953165472928326,204.08000000001744,1312.0490378975214
1705,49.953165472928326,204.10000000001745,1312.0841474395197
1706,49.953165472928326,204.12000000001746,1312.1192556345936
1707,49.953165472928326,204.14000000001747,1312.154362482599
1708,49.953165472928326,204.16000000001748,1312.1894679833915
1709,49.953165472928326,204.1800000000175,1312.2245721368272
1710,49.953165472928326,204.2000000000175,1312.2596749427619
1711,49.953165472928326,204.2200000000175,1312.2947764010512
1712,49.953165472928326,204.24000000001752,1312.3298765115512
1713,49.953165472928326,204.26000000001753,1312.3649752741176
1714,49.953165472928326,204.28000000001754,1312.4000726900385
1715,49.953165472928326,204.30000000001755,1312.4351687743515
1716,49.953165472928326,204.32000000001756,1312.4702635292033
1717,49.953165472928326,204.34000000001757,1312.5053569544507
1718,49.953165472928326,204.36000000001758,1312.5404490499507
1719,49.953165472928326,204.3800000000176,1312.5755398155595
1720,49.953165472928326,204.4000000000176,1312.6106292511342
1721,49.953165472928326,204.4200000000176,1312.6457173565316
1722,49.953165472928326,204.44000000001762,1312.680804131608
1723,49.860475931802554,204.46000000001763,1312.7158895762204
1724,49.860475931802554,204.48000000001764,1312.7509736902255
1725,49.860475931802554,204.50000000001765,1312.78605647348
1726,49.860475931802554,204.52000000001766,1312.8211379258405
1727,49.860475931802554,204.54000000001767,1312.8562180471638
1728,49.860475931802554,204.56000000001768,1312.8912968373068
1729,49.860475931802554,204.5800000000177,1312.926374296126
1730,49.860475931802554,204.6000000000177,1312.961450423478
1731,49.860475931802554,204.6200000000177,1312.9965252192198
1732,49.860475931802554,204.64000000001772,1313.031598683208
1733,49.860475931802554,204.66000000001773,1313.0666708152992
1734,49.860475931802554,204.68000000001774,1313.1017416153502
1735,49.860475931802554,204.70000000001775,1313.1368110832177
1736,49.860475931802554,204.72000000001776,1313.1718792187585
1737,49.860475931802554,204.74000000001777,1313.2069460218293
1738,49.860475931802554,204.76000000001778,1313.2420114922866
1739,49.860475931802554,204.7800000000178,1313.2770756299874
1740,49.860475931802554,204.8000000000178,1313.3121384347883
1741,49.860475931802554,204.8200000000178,1313.347199906546
1742,49.860475931802554,204.84000000001782,1313.3822600451172
1743,49.860475931802554,204.86000000001783,1313.4173188503587
1744,49.860475931802554,204.88000000001784,1313.4523763221273
1745,49.860475931802554,204.90000000001785,1313.4874324602795
1746,49.860475931802554,204.92000000001786,1313.5224872646722
1747,49.860475931802554,204.94000000001787,1313.557540735162
1748,49.860475931802554,204.96000000001789,1313.5925928716058
1749,49.860475931802554,204.9800000000179,1313.6276436738601
1750,49.860475931802554,205.0000000000179,1313.6626931417818
1751,49.860475931802554,205.02000000001792,1313.6977412752274
1752,49.860475931802554,205.04000000001793,1313.7327880740538
1753,49.860475931802554,205.06000000001794,1313.7678335381177
1754,49.860475931802554,205.08000000001795,1313.8028776672757
1755,49.860475931802554,205.10000000001796,1313.8379204613846
1756,49.860475931802554,205.12000000001797,1313.8729619203011
1757,49.860475931802554,205.14000000001798,1313.9080020438819
1758,49.860475931802554,205.160000000018,1313.9430408319838
1759,49.860475931802554,205.180000000018,1313.9780782844634
1760,49.860475931802554,205.200000000018,1314.0131144011777
1761,49.860475931802554,205.22000000001802,1314.0481491819833
1762,49.860475931802554,205.24000000001803,1314.0831826267367
1763,49.860475931802554,205.26000000001804,1314.118214735295
1764,49.860475931802554,205.28000000001805,1314.1532455075144
1765,49.860475931802554,205.30000000001806,1314.1882749451447
1766,49.860475931802554,205.32000000001807,1314.223303062832
1767,49.860475931802554,205.34000000001808,1314.2583298618663
1768,49.860475931802554,205.3600000000181,1314.2933553421046
1769,49.860475931802554,205.3800000000181,1314.328379503404
1770,49.860475931802554,205.4000000000181,1314.3634023456216
1771,49.860475931802554,205.42000000001812,1314.3984238686144
1772,49.860475931802554,205.44000000001813,1314.4334440722394
1773,49.860475931802554,205.46000000001814,1314.4684629563537
1774,49.860475931802554,205.48000000001815,1314.5034805208143
1775,49.860475931802554,205.50000000001816,1314.5384967654782
1776,49.860475931802554,205.52000000001817,1314.5735116902026
1777,49.860475931802554,205.54000000001818,1314.6085252948446
1778,49.860475931802554,205.5600000000182,1314.6435375792612
1779,49.860475931802554,205.5800000000182,1314.6785485433093
1780,49.860475931802554,205.6000000000182,1314.713558186846
1781,49.860475931802554,205.62000000001822,1314.7485665097286
1782,49.860475931802554,205.64000000001823,1314.7835735118138
1783,49.860475931802554,205.66000000001824,1314.8185791929586
1784,49.860475931802554,205.68000000001825,1314.8535835530204
1785,49.860475931802554,205.70000000001826,1314.888586591856
1786,49.860475931802554,205.72000000001827,1314.9235883093227
1787,49.860475931802554,205.74000000001828,1314.9585887052772
1788,49.860475931802554,205.7600000000183,1314.993587779577
1789,49.860475931802554,205.7800000000183,1315.0285855320788
1790,49.860475931802554,205.80000000001831,1315.0635819626398
1791,49.860475931802554,205.82000000001833,1315.098577071117
1792,49.860475931802554,205.84000000001834,1315.1335708573674
1793,49.860475931802554,205.86000000001835,1315.168563321248
1794,49.860475931802554,205.88000000001836,1315.203554462616
1795,49.860475931802554,205.90000000001837,1315.2385442813286
1796,49.860475931802554,205.92000000001838,1315.2735327772425
1797,49.860475931802554,205.9400000000184,1315.308519950215
1798,49.860475931802554,205.9600000000184,1315.343505800103
1799,49.860475931802554,205.9800000000184,1315.3784903267638
1800,49.860475931802554,206.00000000001842,1315.4134735300543
1801,49.860475931802554,206.02000000001843,1315.4484554098315
1802,49.860475931802554,206.04000000001844,1315.4834359659524
1803,49.860475931802554,206.06000000001845,1315.5184151982742
1804,49.860475931802554,206.08000000001846,1315.5533931066539
1805,49.860475931802554,206.10000000001847,1315.5883696909486
1806,49.860475931802554,206.12000000001848,1315.6233449510153
1807,49.860475931802554,206.1400000000185,1315.658318886711
1808,49.860475931802554,206.1600000000185,1315.693291497893
1809,49.860475931802554,206.1800000000185,1315.7282627844181
1810,49.860475931802554,206.20000000001852,1315.7632327461436
1811,49.860475931802554,206.22000000001853,1315.7982013829262
1812,49.860475931802554,206.24000000001854,1315.8331686946233
1813,49.860475931802554,206.26000000001855,1315.8681346810918
1814,49.860475931802554,206.28000000001856,1315.9030993421886
1815,49.860475931802554,206.30000000001857,1315.938062677771
1816,49.860475931802554,206.32000000001858,1315.9730246907127
1817,49.860475931802554,206.3400000000186,1316.0079853950685
1818,49.76807268337618,206.3600000000186,1316.0429447919403
1819,49.76807268337618,206.3800000000186,1316.0779028811871
1820,49.76807268337618,206.40000000001862,1316.1128596626684
1821,49.76807268337618,206.42000000001863,1316.1478151362433
1822,49.76807268337618,206.44000000001864,1316.182769301771
1823,49.76807268337618,206.46000000001865,1316.217722159111
1824,49.76807268337618,206.48000000001866,1316.2526737081223
1825,49.76807268337618,206.50000000001867,1316.2876239486643
1826,49.76807268337618,206.52000000001868,1316.3225728805962
1827,49.76807268337618,206.5400000000187,1316.3575205037773
1828,49.76807268337618,206.5600000000187,1316.392466818067
1829,49.76807268337618,206.5800000000187,1316.4274118233245
1830,49.76807268337618,206.60000000001872,1316.4623555194091
1831,49.76807268337618,206.62000000001873,1316.4972979061802
1832,49.76807268337618,206.64000000001874,1316.5322389834967
1833,49.76807268337618,206.66000000001875,1316.567178751218
1834,49.76807268337618,206.68000000001877,1316.6021172092037
1835,49.76807268337618,206.70000000001878,1316.6370543573128
1836,49.76807268337618,206.72000000001879,1316.6719901954045
1837,49.76807268337618,206.7400000000188,1316.7069247233385
1838,49.76807268337618,206.7600000000188,1316.7418579409737
1839,49.76807268337618,206.78000000001882,1316.7767898481693
1840,49.76807268337618,206.80000000001883,1316.811720444785
1841,49.76807268337618,206.82000000001884,1316.8466497306795
1842,49.76807268337618,206.84000000001885,1316.8815777057125
1843,49.76807268337618,206.86000000001886,1316.9165043697433
1844,49.76807268337618,206.88000000001887,1316.9514297226308
1845,49.76807268337618,206.90000000001888,1316.9863537642345
1846,49.76807268337618,206.9200000000189,1317.0212764944138
1847,49.76807268337618,206.9400000000189,1317.0561979130277
1848,49.76807268337618,206.9600000000189,1317.091118019936
1849,49.76807268337618,206.98000000001892,1317.1260368149974
1850,49.76807268337618,207.00000000001893,1317.1609542980714
1851,49.76807268337618,207.02000000001894,1317.1958704690173
1852,49.76807268337618,207.04000000001895,1317.2307853276943
1853,49.76807268337618,207.06000000001896,1317.2656988739618
1854,49.76807268337618,207.08000000001897,1317.300611107679
1855,49.76807268337618,207.10000000001898,1317.3355220287053
1856,49.76807268337618,207.120000000019,1317.3704316368999
1857,49.76807268337618,207.140000000019,1317.405339932122
1858,49.76807268337618,207.160000000019,1317.4402469142308
1859,49.76807268337618,207.18000000001902,1317.4751525830857
1860,49.76807268337618,207.20000000001903,1317.510056938546
1861,49.76807268337618,207.22000000001904,1317.544959980471
1862,49.76807268337618,207.24000000001905,1317.57986170872
1863,49.76807268337618,207.26000000001906,1317.6147621231523
1864,49.76807268337618,207.28000000001907,1317.649661223627
1865,49.76807268337618,207.30000000001908,1317.6845590100033
1866,49.76807268337618,207.3200000000191,1317.7194554821408
1867,49.76807268337618,207.3400000000191,1317.7543506438772
1868,49.76807268337618,207.3600000000191,1317.7892445079872
1869,49.76807268337618,207.38000000001912,1317.8241370753226
1870,49.76807268337618,207.40000000001913,1317.859028345742
1871,49.76807268337618,207.42000000001914,1317.893918319104
1872,49.76807268337618,207.44000000001915,1317.928806995267
1873,49.76807268337618,207.46000000001916,1317.9636943740898
1874,49.76807268337618,207.48000000001917,1317.998580455431
1875,49.76807268337618,207.50000000001918,1318.033465239149
1876,49.76807268337618,207.5200000000192,1318.0683487251029
1877,49.76807268337618,207.5400000000192,1318.1032309131506
1878,49.76807268337618,207.56000000001922,1318.138111803151
1879,49.76807268337618,207.58000000001923,1318.172991394963
1880,49.76807268337618,207.60000000001924,1318.207869688445
1881,49.76807268337618,207.62000000001925,1318.2427466834556
1882,49.76807268337618,207.64000000001926,1318.2776223798533
1883,49.76807268337618,207.66000000001927,1318.3124967774968
1884,49.76807268337618,207.68000000001928,1318.3473698762448
1885,49.76807268337618,207.7000000000193,1318.3822416759558
1886,49.76807268337618,207.7200000000193,1318.4171121764884
1887,49.76807268337618,207.7400000000193,1318.4519813777013
1888,49.76807268337618,207.76000000001932,1318.4868492794528
1889,49.76807268337618,207.78000000001933,1318.521715881602
1890,49.76807268337618,207.80000000001934,1318.5565811840072
1891,49.76807268337618,207.82000000001935,1318.591445186527
1892,49.76807268337618,207.84000000001936,1318.62630788902
1893,49.76807268337618,207.86000000001937,1318.6611692913448
1894,49.76807268337618,207.88000000001938,1318.6960293933603
1895,49.76807268337618,207.9000000000194,1318.7308881949248
1896,49.76807268337618,207.9200000000194,1318.765745695897
1897,49.76807268337618,207.9400000000194,1318.8006018961355
1898,49.76807268337618,207.96000000001942,1318.8354567954989
1899,49.76807268337618,207.98000000001943,1318.8703103938458
1900,49.76807268337618,208.00000000001944,1318.9051626910348
1901,49.76807268337618,208.02000000001945,1318.9400136869247
1902,49.76807268337618,208.04000000001946,1318.9748633813738
1903,49.76807268337618,208.06000000001947,1319.009711774241
1904,49.76807268337618,208.08000000001948,1319.0445588653847
1905,49.76807268337618,208.1000000000195,1319.0794046546637
1906,49.76807268337618,208.1200000000195,1319.1142491419364
1907,49.76807268337618,208.1400000000195,1319.1490923270615
1908,49.76807268337618,208.16000000001952,1319.1839342098974
1909,49.76807268337618,208.18000000001953,1319.218774790303
1910,49.76807268337618,208.20000000001954,1319.253614068137
1911,49.76807268337618,208.22000000001955,1319.2884520432578
1912,49.76807268337618,208.24000000001956,1319.323288715524
1913,49.76807268337618,208.26000000001957,1319.3581240847943
1914,49.675954491184896,208.28000000001958,1319.3929581509274
1915,49.675954491184896,208.3000000000196,1319.4277909137816
1916,49.675954491184896,208.3200000000196,1319.4626223732157
1917,49.675954491184896,208.34000000001961,1319.4974525290884
1918,49.675954491184896,208.36000000001962,1319.5322813862865
1919,49.675954491184896,208.38000000001963,1319.56710895673
1920,49.675954491184896,208.40000000001965,1319.6019352410608
1921,49.675954491184896,208.42000000001966,1319.6367602391404
1922,49.675954491184896,208.44000000001967,1319.6715839508297
1923,49.675954491184896,208.46000000001968,1319.70640637599
1924,49.675954491184896,208.4800000000197,1319.741227514482
1925,49.675954491184896,208.5000000000197,1319.7760473661674
1926,49.675954491184896,208.5200000000197,1319.8108659309069
1927,49.675954491184896,208.54000000001972,1319.8456832085617
1928,49.675954491184896,208.56000000001973,1319.8804991989928
1929,49.675954491184896,208.58000000001974,1319.9153139020614
1930,49.675954491184896,208.60000000001975,1319.9501273176286
1931,49.675954491184896,208.62000000001976,1319.9849394455555
1932,49.675954491184896,208.64000000001977,1320.0197502882336
1933,49.675954491184896,208.66000000001978,1320.0545598598285
1934,49.675954491184896,208.6800000000198,1320.0893681615078
1935,49.675954491184896,208.7000000000198,1320.124175193131
1936,49.675954491184896,208.7200000000198,1320.1589809545571
1937,49.675954491184896,208.74000000001982,1320.193785445646
1938,49.675954491184896,208.76000000001983,1320.2285886662569
1939,49.675954491184896,208.78000000001984,1320.2633906162491
1940,49.675954491184896,208.80000000001985,1320.2981912954822
1941,49.675954491184896,208.82000000001986,1320.3329907038153
1942,49.675954491184896,208.84000000001987,1320.3677888411078
1943,49.675954491184896,208.86000000001988,1320.4025857072193
1944,49.675954491184896,208.8800000000199,1320.437381302009
1945,49.675954491184896,208.9000000000199,1320.4721756253364
1946,49.675954491184896,208.9200000000199,1320.5069686770607
1947,49.675954491184896,208.94000000001992,1320.5417604570416
1948,49.675954491184896,208.96000000001993,1320.5765509651383
1949,49.675954491184896,208.98000000001994,1320.6113402012102
1950,49.675954491184896,209.00000000001995,1320.6461281651166
1951,49.675954491184896,209.02000000001996,1320.680914856717
1952,49.675954491184896,209.04000000001997,1320.7157002758706
1953,49.675954491184896,209.06000000001998,1320.750484422437
1954,49.675954491184896,209.08000000002,1320.7852672962756
1955,49.675954491184896,209.10000000002,1320.8200488972457
1956,49.675954491184896,209.12000000002,1320.8548292252067
1957,49.675954491184896,209.14000000002002,1320.889608280018
1958,49.675954491184896,209.16000000002003,1320.9243860615388
1959,49.675954491184896,209.18000000002004,1320.9591625696287
1960,49.675954491184896,209.20000000002005,1320.993937804147
1961,49.675954491184896,209.22000000002006,1321.0287117649532
1962,49.675954491184896,209.24000000002007,1321.0634844519066
1963,49.675954491184896,209.26000000002009,1321.0982558648664
1964,49.675954491184896,209.2800000000201,1321.1330260036923
1965,49.675954491184896,209.3000000000201,1321.1677948682434
1966,49.675954491184896,209.32000000002012,1321.2025624583794
1967,49.675954491184896,209.34000000002013,1321.2373287739595
1968,49.675954491184896,209.36000000002014,1321.272093814843
1969,49.675954491184896,209.38000000002015,1321.3068575869202
1970,49.675954491184896,209.40000000002016,1321.3416201011723
1971,49.675954491184896,209.42000000002017,1321.3763813580235
1972,49.675954491184896,209.44000000002018,1321.411141357332
1973,49.675954491184896,209.4600000000202,1321.4459000989566
1974,49.675954491184896,209.4800000000202,1321.4806575827554
1975,49.675954491184896,209.5000000000202,1321.515413808587
1976,49.675954491184896,209.52000000002022,1321.5501687763096
1977,49.675954491184896,209.54000000002023,1321.584922485782
1978,49.675954491184896,209.56000000002024,1321.6196749368626
1979,49.675954491184896,209.58000000002025,1321.6544261294096
1980,49.675954491184896,209.60000000002026,1321.6891760632814
1981,49.675954491184896,209.62000000002027,1321.7239247383366
1982,49.675954491184896,209.64000000002028,1321.7586721544335
1983,49.675954491184896,209.6600000000203,1321.7934183114307
1984,49.675954491184896,209.6800000000203,1321.8281632091866
1985,49.675954491184896,209.7000000000203,1321.8629068475598
1986,49.675954491184896,209.72000000002032,1321.8976492264085
1987,49.675954491184896,209.74000000002033,1321.932390345591
1988,49.675954491184896,209.76000000002034,1321.9671302049662
1989,49.675954491184896,209.78000000002035,1322.0018688043922
1990,49.675954491184896,209.80000000002036,1322.0366061437273
1991,49.675954491184896,209.82000000002037,1322.0713422228303
1992,49.675954491184896,209.84000000002038,1322.1060770415593
1993,49.675954491184896,209.8600000000204,1322.140810599773
1994,49.675954491184896,209.8800000000204,1322.1755428973297
1995,49.675954491184896,209.9000000000204,1322.210273934088
1996,49.675954491184896,209.92000000002042,1322.2450037099063
1997,49.675954491184896,209.94000000002043,1322.2797322246429
1998,49.675954491184896,209.96000000002044,1322.314459478156
1999,49.675954491184896,209.98000000002045,1322.3491854703047
2000,49.675954491184896,210.00000000002046,1322.383910200947
2001,49.675954491184896,210.02000000002047,1322.4186336699413
2002,49.675954491184896,210.04000000002048,1322.4533558771461
2003,49.675954491184896,210.0600000000205,1322.48807682242
2004,49.675954491184896,210.0800000000205,1322.5227965056213
2005,49.675954491184896,210.10000000002051,1322.5575149266083
2006,49.675954491184896,210.12000000002053,1322.5922320852396
2007,49.675954491184896,210.14000000002054,1322.6269479813736
2008,49.675954491184896,210.16000000002055,1322.6616626148689
2009,49.675954491184896,210.18000000002056,1322.6963759855837
2010,49.675954491184896,210.20000000002057,1322.7310880933767
2011,49.675954491184896,210.22000000002058,1322.765798938106
2012,49.675954491184896,210.2400000000206,1322.8005085196303
2013,49.675954491184896,210.2600000000206,1322.8352168378078
2014,49.675954491184896,210.2800000000206,1322.8699238924971
2015,49.584120125621816,210.30000000002062,1322.9046296835568
2016,49.584120125621816,210.32000000002063,1322.9393342108451
2017,49.584120125621816,210.34000000002064,1322.9740374742205
2018,49.584120125621816,210.36000000002065,1323.0087394735415
2019,49.584120125621816,210.38000000002066,1323.0434402086664
2020,49.584120125621816,210.40000000002067,1323.0781396863413
2021,49.584120125621816,210.42000000002068,1323.1128379164393
2022,49.584120125621816,210.4400000000207,1323.147534899169
2023,49.584120125621816,210.4600000000207,1323.1822306343915
2024,49.584120125621816,210.4800000000207,1323.2169251219684
2025,49.584120125621816,210.50000000002072,1323.251618361761
2026,49.584120125621816,210.52000000002073,1323.2863103536306
2027,49.584120125621816,210.54000000002074,1323.3210010974385
2028,49.584120125621816,210.56000000002075,1323.3556905930463
2029,49.584120125621816,210.58000000002076,1323.3903788403152
2030,49.584120125621816,210.60000000002077,1323.4250658391065
2031,49.584120125621816,210.62000000002078,1323.4597515892817
2032,49.584120125621816,210.6400000000208,1323.494436090702
2033,49.584120125621816,210.6600000000208,1323.5291193432288
2034,49.584120125621816,210.6800000000208,1323.5638013467235
2035,49.584120125621816,210.70000000002082,1323.5984821010475
2036,49.584120125621816,210.72000000002083,1323.633161606062
2037,49.584120125621816,210.74000000002084,1323.6678398616284
2038,49.584120125621816,210.76000000002085,1323.702516867608
2039,49.584120125621816,210.78000000002086,1323.7371926238623
2040,49.584120125621816,210.80000000002087,1323.7718671302525
2041,49.584120125621816,210.82000000002088,1323.80654038664
2042,49.584120125621816,210.8400000000209,1323.8412123928863
2043,49.584120125621816,210.8600000000209,1323.8758831488526
2044,49.584120125621816,210.8800000000209,1323.9105526544004
2045,49.584120125621816,210.90000000002092,1323.9452209093909
2046,49.584120125621816,210.92000000002093,1323.9798879136854
2047,49.584120125621816,210.94000000002094,1324.0145536671453
2048,49.584120125621816,210.96000000002095,1324.049218169632
2049,49.584120125621816,210.98000000002096,1324.083881421007
2050,49.584120125621816,211.00000000002098,1324.1185434211313
2051,49.584120125621816,211.02000000002099,1324.1532041698665
2052,49.584120125621816,211.040000000021,1324.187863667074
2053,49.584120125621816,211.060000000021,1324.2225219126149
2054,49.584120125621816,211.08000000002102,1324.2571789063506
2055,49.584120125621816,211.10000000002103,1324.2918346481429
2056,49.584120125621816,211.12000000002104,1324.3264891378526
2057,49.584120125621816,211.14000000002105,1324.3611423753414
2058,49.584120125621816,211.16000000002106,1324.3957943604703
2059,49.584120125621816,211.18000000002107,1324.4304450931008
2060,49.584120125621816,211.20000000002108,1324.4650945730946
2061,49.584120125621816,211.2200000000211,1324.4997428003126
2062,49.584120125621816,211.2400000000211,1324.5343897746163
2063,49.584120125621816,211.2600000000211,1324.5690354958672
2064,49.584120125621816,211.28000000002112,1324.6036799639264
2065,49.584120125621816,211.30000000002113,1324.6383231786554
2066,49.584120125621816,211.32000000002114,1324.6729651399155
2067,49.584120125621816,211.34000000002115,1324.7076058475682
2068,49.584120125621816,211.36000000002116,1324.7422453014747
2069,49.584120125621816,211.38000000002117,1324.7768835014963
2070,49.584120125621816,211.40000000002118,1324.8115204474943
2071,49.584120125621816,211.4200000000212,1324.8461561473537
2072,49.584120125621816,211.4400000000212,1324.8807906102722
2073,49.584120125621816,211.4600000000212,1324.9154238362576
2074,49.584120125621816,211.48000000002122,1324.9500558251705
2075,49.584120125621816,211.50000000002123,1324.9846865768725
2076,49.584120125621816,211.52000000002124,1325.0193160912245
2077,49.584120125621816,211.54000000002125,1325.0539443680877
2078,49.584120125621816,211.56000000002126,1325.0885714073233
2079,49.584120125621816,211.58000000002127,1325.1231972087926
2080,49.584120125621816,211.60000000002128,1325.1578217723566
2081,49.584120125621816,211.6200000000213,1325.1924450978765
2082,49.584120125621816,211.6400000000213,1325.2270671852136
2083,49.584120125621816,211.6600000000213,1325.2616880342289
2084,49.584120125621816,211.68000000002132,1325.2963076447836
2085,49.584120125621816,211.70000000002133,1325.3309260167389
2086,49.584120125621816,211.72000000002134,1325.365543149956
2087,49.584120125621816,211.74000000002135,1325.400159044296
2088,49.584120125621816,211.76000000002136,1325.43477369962
2089,49.584120125621816,211.78000000002137,1325.4693871157895
2090,49.584120125621816,211.80000000002138,1325.5039992926652
2091,49.584120125621816,211.8200000000214,1325.5386102301086
2092,49.584120125621816,211.8400000000214,1325.5732199279807
2093,49.584120125621816,211.86000000002142,1325.607828386143
2094,49.584120125621816,211.88000000002143,1325.642435604456
2095,49.584120125621816,211.90000000002144,1325.6770415827816
2096,49.584120125621816,211.92000000002145,1325.7116463209804
2097,49.584120125621816,211.94000000002146,1325.746249818914
2098,49.584120125621816,211.96000000002147,1325.7808520764434
2099,49.584120125621816,211.98000000002148,1325.8154530934296
2100,49.584120125621816,212.0000000000215,1325.8500528697339
2101,49.584120125621816,212.0200000000215,1325.8846514052175
2102,49.584120125621816,212.0400000000215,1325.9192486997415
2103,49.584120125621816,212.06000000002152,1325.9538447531672
2104,49.584120125621816,212.08000000002153,1325.9884395653555
2105,49.584120125621816,212.10000000002154,1326.023033136168
2106,49.584120125621816,212.12000000002155,1326.0576254654654
2107,49.584120125621816,212.14000000002156,1326.0922165531092
2108,49.584120125621816,212.16000000002157,1326.1268063989603
2109,49.584120125621816,212.18000000002158,1326.16139500288
2110,49.584120125621816,212.2000000000216,1326.1959823647296
2111,49.584120125621816,212.2200000000216,1326.23056848437
2112,49.49256836389107,212.2400000000216,1326.2651533616627
2113,49.49256836389107,212.26000000002162,1326.2997369964685
2114,49.49256836389107,212.28000000002163,1326.3343193886487
2115,49.49256836389107,212.30000000002164,1326.3689005380645
2116,49.49256836389107,212.32000000002165,1326.403480444577
2117,49.49256836389107,212.34000000002166,1326.4380591080478
2118,49.49256836389107,212.36000000002167,1326.4726365283375
2119,49.49256836389107,212.38000000002168,1326.5072127053074
2120,49.49256836389107,212.4000000000217,1326.541787638819
2121,49.49256836389107,212.4200000000217,1326.576361328791
2122,49.49256836389107,212.4400000000217,1326.6109337837268
2123,49.49256836389107,212.46000000002172,1326.6455050116065
2124,49.49256836389107,212.48000000002173,1326.6800750122923
2125,49.49256836389107,212.50000000002174,1326.714643785646
2126,49.49256836389107,212.52000000002175,1326.74921133153
2127,49.49256836389107,212.54000000002176,1326.7837776498056
2128,49.49256836389107,212.56000000002177,1326.8183427403353
2129,49.49256836389107,212.58000000002178,1326.8529066029807
2130,49.49256836389107,212.6000000000218,1326.887469237604
2131,49.49256836389107,212.6200000000218,1326.922030644067
2132,49.49256836389107,212.64000000002181,1326.9565908222319
2133,49.49256836389107,212.66000000002182,1326.9911497719604
2134,49.49256836389107,212.68000000002183,1327.0257074931144
2135,49.49256836389107,212.70000000002184,1327.060263985556
2136,49.49256836389107,212.72000000002186,1327.0948192491473
2137,49.49256836389107,212.74000000002187,1327.12937328375
2138,49.49256836389107,212.76000000002188,1327.1639260892264
2139,49.49256836389107,212.7800000000219,1327.198477665438
2140,49.49256836389107,212.8000000000219,1327.2330280122474
2141,49.49256836389107,212.8200000000219,1327.267577129516
2142,49.49256836389107,212.84000000002192,1327.302125017106
2143,49.49256836389107,212.86000000002193,1327.3366716748792
2144,49.49256836389107,212.88000000002194,1327.3712171026978
2145,49.49256836389107,212.90000000002195,1327.4057613004234
2146,49.49256836389107,212.92000000002196,1327.4403042679182
2147,49.49256836389107,212.94000000002197,1327.4748460050441
2148,49.49256836389107,212.96000000002198,1327.5093865116633
2149,49.49256836389107,212.980000000022,1327.5439257876374
2150,49.49256836389107,213.000000000022,1327.5784638328284
2151,49.49256836389107,213.020000000022,1327.6130006470987
2152,49.49256836389107,213.04000000002202,1327.64753623031
2153,49.49256836389107,213.06000000002203,1327.682070582324
2154,49.49256836389107,213.08000000002204,1327.7166037030029
2155,49.49256836389107,213.10000000002205,1327.7511355922086
2156,49.49256836389107,213.12000000002206,1327.7856662498032
2157,49.49256836389107,213.14000000002207,1327.8201956756484
2158,49.49256836389107,213.16000000002208,1327.8547238696065
2159,49.49256836389107,213.1800000000221,1327.8892508315391
2160,49.49256836389107,213.2000000000221,1327.9237765613084
2161,49.49256836389107,213.2200000000221,1327.9583010587762
2162,49.49256836389107,213.24000000002212,1327.9928243238046
2163,49.49256836389107,213.26000000002213,1328.0273463562555
2164,49.49256836389107,213.28000000002214,1328.061867155991
2165,49.49256836389107,213.30000000002215,1328.096386722873
2166,49.49256836389107,213.32000000002216,1328.1309050567631
2167,49.49256836389107,213.34000000002217,1328.1654221575238
2168,49.49256836389107,213.36000000002218,1328.1999380250168
2169,49.49256836389107,213.3800000000222,1328.234452659104
2170,49.49256836389107,213.4000000000222,1328.2689660596475
2171,49.49256836389107,213.4200000000222,1328.3034782265092
2172,49.49256836389107,213.44000000002222,1328.3379891598136
2173,49.49256836389107,213.46000000002223,1328.3724988690826
2174,49.49256836389107,213.48000000002224,1328.4070073614757
2175,49.49256836389107,213.50000000002225,1328.4415146368553
2176,49.49256836389107,213.52000000002226,1328.4760206950843
2177,49.49256836389107,213.54000000002227,1328.5105255360254
2178,49.49256836389107,213.56000000002228,1328.5450291595414
2179,49.49256836389107,213.5800000000223,1328.5795315654948
2180,49.49256836389107,213.6000000000223,1328.6140327537485
2181,49.49256836389107,213.62000000002232,1328.6485327241649
2182,49.49256836389107,213.64000000002233,1328.6830314766069
2183,49.49256836389107,213.66000000002234,1328.7175290109374
2184,49.49256836389107,213.68000000002235,1328.7520253270188
2185,49.49256836389107,213.70000000002236,1328.786520424714
2186,49.49256836389107,213.72000000002237,1328.8210143038855
2187,49.49256836389107,213.74000000002238,1328.8555069643962
2188,49.49256836389107,213.7600000000224,1328.8899984061088
2189,49.49256836389107,213.7800000000224,1328.924488628886
2190,49.49256836389107,213.8000000000224,1328.9589776325902
2191,49.49256836389107,213.82000000002242,1328.9934654170845
2192,49.49256836389107,213.84000000002243,1329.0279519822313
2193,49.49256836389107,213.86000000002244,1329.0624373278936
2194,49.49256836389107,213.88000000002245,1329.0969214539339
2195,49.49256836389107,213.90000000002246,1329.1314043602151
2196,49.49256836389107,213.92000000002247,1329.1658860465998
2197,49.49256836389107,213.94000000002248,1329.2003665129505
2198,49.49256836389107,213.9600000000225,1329.2348457591302
2199,49.49256836389107,213.9800000000225,1329.2693237850015
2200,49.49256836389107,214.0000000000225,1329.303800590427
2201,49.49256836389107,214.02000000002252,1329.3382761752696
2202,49.49256836389107,214.04000000002253,1329.372750539392
2203,49.49256836389107,214.06000000002254,1329.4072236826566
2204,49.49256836389107,214.08000000002255,1329.4416956049265
2205,49.49256836389107,214.10000000002256,1329.4761663060642
2206,49.49256836389107,214.12000000002257,1329.5106357859324
2207,49.49256836389107,214.14000000002258,1329.5451040443938
2208,49.49256836389107,214.1600000000226,1329.5795710813113
2209,49.40129798996174,214.1800000000226,1329.6140368965473
2210,49.40129798996174,214.2000000000226,1329.6485014899647
2211,49.40129798996174,214.22000000002262,1329.6829648614262
2212,49.40129798996174,214.24000000002263,1329.7174270107944
2213,49.40129798996174,214.26000000002264,1329.7518879379322
2214,49.40129798996174,214.28000000002265,1329.7863476427021
2215,49.40129798996174,214.30000000002266,1329.820806124967
2216,49.40129798996174,214.32000000002267,1329.8552633845895
2217,49.40129798996174,214.34000000002268,1329.8897194214321
2218,49.40129798996174,214.3600000000227,1329.924174235358
2219,49.40129798996174,214.3800000000227,1329.9586278262293
2220,49.40129798996174,214.40000000002271,1329.993080193909
2221,49.40129798996174,214.42000000002272,1330.0275313441284
2222,49.40129798996174,214.44000000002274,1330.0619812879338
2223,49.40129798996174,214.46000000002275,1330.0964300262215
2224,49.40129798996174,214.48000000002276,1330.1308775688549
2225,49.40129798996174,214.50000000002277,1330.165323921695
2226,49.40129798996174,214.52000000002278,1330.1997690846042
2227,49.40129798996174,214.5400000000228,1330.2342130574445
2228,49.40129798996174,214.5600000000228,1330.2686558400783
2229,49.40129798996174,214.5800000000228,1330.3030974323676
2230,49.40129798996174,214.60000000002282,1330.3375378341746
2231,49.40129798996174,214.62000000002283,1330.3719770453615
2232,49.40129798996174,214.64000000002284,1330.4064150657907
2233,49.40129798996174,214.66000000002285,1330.4408518953242
2234,49.40129798996174,214.68000000002286,1330.4752875338243
2235,49.40129798996174,214.70000000002287,1330.509721981153
2236,49.40129798996174,214.72000000002288,1330.5441552371726
2237,49.40129798996174,214.7400000000229,1330.5785873017453
2238,49.40129798996174,214.7600000000229,1330.6130181747333
2239,49.40129798996174,214.7800000000229,1330.6474478559987
2240,49.40129798996174,214.80000000002292,1330.681876345404
2241,49.40129798996174,214.82000000002293,1330.716303642811
2242,49.40129798996174,214.84000000002294,1330.750729748082
2243,49.40129798996174,214.86000000002295,1330.7851546610793
2244,49.40129798996174,214.88000000002296,1330.819578381665
2245,49.40129798996174,214.90000000002297,1330.8540009097014
2246,49.40129798996174,214.92000000002298,1330.8884222450506
2247,49.40129798996174,214.940000000023,1330.9228423875747
2248,49.40129798996174,214.960000000023,1330.957261337136
2249,49.40129798996174,214.980000000023,1330.9916790935968
2250,49.40129798996174,215.00000000002302,1331.026095656819
2251,49.40129798996174,215.02000000002303,1331.0605110266652
2252,49.40129798996174,215.04000000002304,1331.094925202997
2253,49.40129798996174,215.06000000002305,1331.1293381856772
2254,49.40129798996174,215.08000000002306,1331.1637499745675
2255,49.40129798996174,215.10000000002307,1331.1981605695305
2256,49.40129798996174,215.12000000002308,1331.2325699704281
2257,49.40129798996174,215.1400000000231,1331.2669781771226
2258,49.40129798996174,215.1600000000231,1331.3013851894762
2259,49.40129798996174,215.1800000000231,1331.335791007351
2260,49.40129798996174,215.20000000002312,1331.3701956306093
2261,49.40129798996174,215.22000000002313,1331.404599059113
2262,49.40129798996174,215.24000000002314,1331.4390012927247
2263,49.40129798996174,215.26000000002315,1331.4734023313063
2264,49.40129798996174,215.28000000002316,1331.5078021747202
2265,49.40129798996174,215.30000000002318,1331.5422008228284
2266,49.40129798996174,215.32000000002319,1331.576598275493
2267,49.40129798996174,215.3400000000232,1331.6109945325766
2268,49.40129798996174,215.3600000000232,1331.645389593941
2269,49.40129798996174,215.38000000002322,1331.6797834594486
2270,49.40129798996174,215.40000000002323,1331.7141761289615
2271,49.40129798996174,215.42000000002324,1331.7485676023418
2272,49.40129798996174,215.44000000002325,1331.782957879452
2273,49.40129798996174,215.46000000002326,1331.8173469601538
2274,49.40129798996174,215.48000000002327,1331.851734844966
2275,49.40129798996174,215.50000000002328,1331.8861215448212
2276,49.40129798996174,215.5200000000233,1331.9205070647488
2277,49.40129798996174,215.5400000000233,1331.9548914046113
2278,49.40129798996174,215.5600000000233,1331.989274564272
2279,49.40129798996174,215.58000000002332,1332.0236565435935
2280,49.40129798996174,215.60000000002333,1332.0580373424389
2281,49.40129798996174,215.62000000002334,1332.0924169606708
2282,49.40129798996174,215.64000000002335,1332.1267953981524
2283,49.40129798996174,215.66000000002336,1332.1611726547465
2284,49.40129798996174,215.68000000002337,1332.195548730316
2285,49.40129798996174,215.70000000002338,1332.2299236247236
2286,49.40129798996174,215.7200000000234,1332.2642973378324
2287,49.40129798996174,215.7400000000234,1332.2986698695054
2288,49.40129798996174,215.7600000000234,1332.333041219605
2289,49.40129798996174,215.78000000002342,1332.3674113879947
2290,49.40129798996174,215.80000000002343,1332.401780374537
2291,49.40129798996174,215.82000000002344,1332.436148179095
2292,49.40129798996174,215.84000000002345,1332.4705148015314
2293,49.40129798996174,215.86000000002346,1332.504880241709
2294,49.40129798996174,215.88000000002347,1332.5392444994911
2295,49.40129798996174,215.90000000002348,1332.5736075747404
2296,49.40129798996174,215.9200000000235,1332.6079694673197
2297,49.40129798996174,215.9400000000235,1332.642330177092
2298,49.40129798996174,215.9600000000235,1332.67668970392
2299,49.40129798996174,215.98000000002352,1332.7110480476667
2300,49.40129798996174,216.00000000002353,1332.745405208195
2301,49.40129798996174,216.02000000002354,1332.779761185368
2302,49.40129798996174,216.04000000002355,1332.8141159790482
2303,49.40129798996174,216.06000000002356,1332.8484695890986
2304,49.40129798996174,216.08000000002357,1332.8828220153823
2305,49.40129798996174,216.10000000002358,1332.917173257762
2306,49.40129798996174,216.1200000000236,1332.9515233161005
2307,49.40129798996174,216.1400000000236,1332.985872190261
2308,49.40129798996174,216.16000000002362,1333.0202198801062
2309,49.40129798996174,216.18000000002363,1333.054566385499
2310,49.40129798996174,216.20000000002364,1333.088911706302
2311,49.310307794522195,216.22000000002365,1333.1232558423787
2312,49.310307794522195,216.24000000002366,1333.1575987935917
2313,49.310307794522195,216.26000000002367,1333.1919405598037
2314,49.310307794522195,216.28000000002368,1333.2262811408777
2315,49.310307794522195,216.3000000000237,1333.2606205366767
2316,49.310307794522195,216.3200000000237,1333.2949587470634
2317,49.310307794522195,216.3400000000237,1333.329295771901
2318,49.310307794522195,216.36000000002372,1333.363631611052
2319,49.310307794522195,216.38000000002373,1333.3979662643794
2320,49.310307794522195,216.40000000002374,1333.4322997317463
2321,49.310307794522195,216.42000000002375,1333.4666320130154
2322,49.310307794522195,216.44000000002376,1333.5009631080495
2323,49.310307794522195,216.46000000002377,1333.5352930167116
2324,49.310307794522195,216.48000000002378,1333.5696217388647
2325,49.310307794522195,216.5000000000238,1333.6039492751877
2326,49.310307794522195,216.5200000000238,1333.6382756368666
2327,49.310307794522195,216.5400000000238,1333.672600827744
2328,49.310307794522195,216.56000000002382,1333.706924847683
2329,49.310307794522195,216.58000000002383,1333.7412476965476
2330,49.310307794522195,216.60000000002384,1333.775569374201
2331,49.310307794522195,216.62000000002385,1333.8098898805072
2332,49.310307794522195,216.64000000002386,1333.8442092153296
2333,49.310307794522195,216.66000000002387,1333.878527378532
2334,49.310307794522195,216.68000000002388,1333.9128443699778
2335,49.310307794522195,216.7000000000239,1333.9471601895307
2336,49.310307794522195,216.7200000000239,1333.9814748370543
2337,49.310307794522195,216.7400000000239,1334.0157883124123
2338,49.310307794522195,216.76000000002392,1334.050100615468
2339,49.310307794522195,216.78000000002393,1334.0844117460852
2340,49.310307794522195,216.80000000002394,1334.1187217041274
2341,49.310307794522195,216.82000000002395,1334.1530304894586
2342,49.310307794522195,216.84000000002396,1334.187338101942
2343,49.310307794522195,216.86000000002397,1334.2216445414413
2344,49.310307794522195,216.88000000002398,1334.2559498078201
2345,49.310307794522195,216.900000000024,1334.2902539009422
2346,49.310307794522195,216.920000000024,1334.324556820671
2347,49.310307794522195,216.940000000024,1334.35885856687
2348,49.310307794522195,216.96000000002402,1334.393159139403
2349,49.310307794522195,216.98000000002403,1334.4274585381336
2350,49.310307794522195,217.00000000002404,1334.4617567629252
2351,49.310307794522195,217.02000000002405,1334.4960538136418
2352,49.310307794522195,217.04000000002407,1334.5303496901465
2353,49.310307794522195,217.06000000002408,1334.5646443923033
2354,49.310307794522195,217.08000000002409,1334.5989379199757
2355,49.310307794522195,217.1000000000241,1334.6332302730273
2356,49.310307794522195,217.1200000000241,1334.6675214513216
2357,49.310307794522195,217.14000000002412,1334.7018114547222
2358,49.310307794522195,217.16000000002413,1334.7361002830928
2359,49.310307794522195,217.18000000002414,1334.7703879362969
2360,49.310307794522195,217.20000000002415,1334.8046744141982
2361,49.310307794522195,217.22000000002416,1334.8389597166604
2362,49.310307794522195,217.24000000002417,1334.8732438435468
2363,49.310307794522195,217.26000000002418,1334.9075267947212
2364,49.310307794522195,217.2800000000242,1334.9418085700472
2365,49.310307794522195,217.3000000000242,1334.9760891693884
2366,49.310307794522195,217.3200000000242,1335.0103685926083
2367,49.310307794522195,217.34000000002422,1335.0446468395708
2368,49.310307794522195,217.36000000002423,1335.078923910139
2369,49.310307794522195,217.38000000002424,1335.113199804177
2370,49.310307794522195,217.40000000002425,1335.147474521548
2371,49.310307794522195,217.42000000002426,1335.181748062116
2372,49.310307794522195,217.44000000002427,1335.2160204257443
2373,49.310307794522195,217.46000000002428,1335.2502916122965
2374,49.310307794522195,217.4800000000243,1335.2845616216364
2375,49.310307794522195,217.5000000000243,1335.3188304536275
2376,49.310307794522195,217.5200000000243,1335.3530981091667
2377,49.310307794522195,217.54000000002432,1335.3873646005284
2378,49.310307794522195,217.56000000002433,1335.4216299306872
2379,49.310307794522195,217.58000000002434,1335.4558940995075
2380,49.310307794522195,217.60000000002435,1335.4901571068535
2381,49.310307794522195,217.62000000002436,1335.52441895259
2382,49.310307794522195,217.64000000002437,1335.558679636581
2383,49.310307794522195,217.66000000002438,1335.5929391586913
2384,49.310307794522195,217.6800000000244,1335.627197518785
2385,49.310307794522195,217.7000000000244,1335.6614547167264
2386,49.310307794522195,217.7200000000244,1335.6957107523804
2387,49.310307794522195,217.74000000002442,1335.7299656256112
2388,49.310307794522195,217.76000000002443,1335.7642193362833
2389,49.310307794522195,217.78000000002444,1335.798471884261
2390,49.310307794522195,217.80000000002445,1335.832723269409
2391,49.310307794522195,217.82000000002446,1335.8669734915911
2392,49.310307794522195,217.84000000002447,1335.9012225506724
2393,49.310307794522195,217.86000000002448,1335.935470446517
2394,49.310307794522195,217.8800000000245,1335.9697171789892
2395,49.310307794522195,217.9000000000245,1336.0039627479537
2396,49.310307794522195,217.92000000002452,1336.0382071532747
2397,49.310307794522195,217.94000000002453,1336.0724503948168
2398,49.310307794522195,217.96000000002454,1336.1066924724444
2399,49.310307794522195,217.98000000002455,1336.1409333860217
2400,49.310307794522195,218.00000000002456,1336.1751731354134
2401,49.310307794522195,218.02000000002457,1336.2094117204838
2402,49.310307794522195,218.04000000002458,1336.2436491410972
2403,49.310307794522195,218.0600000000246,1336.277885397118
2404,49.310307794522195,218.0800000000246,1336.312120488411
2405,49.310307794522195,218.1000000000246,1336.3463544148403
2406,49.310307794522195,218.12000000002462,1336.3805871762704
2407,49.310307794522195,218.14000000002463,1336.4148187725657
2408,49.310307794522195,218.16000000002464,1336.4490492035907
2409,49.310307794522195,218.18000000002465,1336.4832784692096
2410,49.219596574934734,218.20000000002466,1336.517506569287
2411,49.219596574934734,218.22000000002467,1336.5517335036873
2412,49.219596574934734,218.24000000002468,1336.5859592722747
2413,49.219596574934734,218.2600000000247,1336.6201838749141
2414,49.219596574934734,218.2800000000247,1336.6544073114694
2415,49.219596574934734,218.3000000000247,1336.6886295818053
2416,49.219596574934734,218.32000000002472,1336.7228506857862
2417,49.219596574934734,218.34000000002473,1336.7570706232764
2418,49.219596574934734,218.36000000002474,1336.7912893941404
2419,49.219596574934734,218.38000000002475,1336.8255069982426
2420,49.219596574934734,218.40000000002476,1336.8597234354474
2421,49.219596574934734,218.42000000002477,1336.8939387056193
2422,49.219596574934734,218.44000000002478,1336.9281528086226
2423,49.219596574934734,218.4600000000248,1336.9623657443217
2424,49.219596574934734,218.4800000000248,1336.996577512581
2425,49.219596574934734,218.5000000000248,1337.0307881132653
2426,49.219596574934734,218.52000000002482,1337.0649975462386
2427,49.219596574934734,218.54000000002483,1337.0992058125382
2428,49.219596574934734,218.56000000002484,1337.133412924621
2429,49.219596574934734,218.58000000002485,1337.1676188843892
2430,49.219596574934734,218.60000000002486,1337.2018236917081
2431,49.219596574934734,218.62000000002487,1337.236027346443
2432,49.219596574934734,218.64000000002488,1337.2702298484594
2433,49.219596574934734,218.6600000000249,1337.3044311976225
2434,49.219596574934734,218.6800000000249,1337.3386313937979
2435,49.219596574934734,218.70000000002491,1337.3728304368506
2436,49.219596574934734,218.72000000002492,1337.407028326646
2437,49.219596574934734,218.74000000002493,1337.4412250630496
2438,49.219596574934734,218.76000000002495,1337.4754206459268
2439,49.219596574934734,218.78000000002496,1337.5096150751428
2440,49.219596574934734,218.80000000002497,1337.543808350563
2441,49.219596574934734,218.82000000002498,1337.578000472053
2442,49.219596574934734,218.840000000025,1337.6121914394778
2443,49.219596574934734,218.860000000025,1337.6463812527027
2444,49.219596574934734,218.880000000025,1337.6805699115932
2445,49.219596574934734,218.90000000002502,1337.7147574160147
2446,49.219596574934734,218.92000000002503,1337.7489437658326
2447,49.219596574934734,218.94000000002504,1337.7831289609119
2448,49.219596574934734,218.96000000002505,1337.8173130011182
2449,49.219596574934734,218.98000000002506,1337.851495886317
2450,49.219596574934734,219.00000000002507,1337.8856776163734
2451,49.219596574934734,219.02000000002508,1337.9198581911528
2452,49.219596574934734,219.0400000000251,1337.9540376105206
2453,49.219596574934734,219.0600000000251,1337.9882158743421
2454,49.219596574934734,219.0800000000251,1338.0223929824826
2455,49.219596574934734,219.10000000002512,1338.0565689348075
2456,49.219596574934734,219.12000000002513,1338.090743731182
2457,49.219596574934734,219.14000000002514,1338.1249173714718
2458,49.219596574934734,219.16000000002515,1338.1590898555419
2459,49.219596574934734,219.18000000002516,1338.1932611832578
2460,49.219596574934734,219.20000000002517,1338.227431354485
2461,49.219596574934734,219.22000000002518,1338.2616003690885
2462,49.219596574934734,219.2400000000252,1338.2957682269337
2463,49.219596574934734,219.2600000000252,1338.3299349278861
2464,49.219596574934734,219.2800000000252,1338.364100471811
2465,49.219596574934734,219.30000000002522,1338.3982648585738
2466,49.219596574934734,219.32000000002523,1338.4324280880396
2467,49.219596574934734,219.34000000002524,1338.466590160074
2468,49.219596574934734,219.36000000002525,1338.5007510745422
2469,49.219596574934734,219.38000000002526,1338.5349108313096
2470,49.219596574934734,219.40000000002527,1338.5690694302416
2471,49.219596574934734,219.42000000002528,1338.6032268712033
2472,49.219596574934734,219.4400000000253,1338.6373831540604
2473,49.219596574934734,219.4600000000253,1338.671538278678
2474,49.219596574934734,219.4800000000253,1338.7056922449215
2475,49.219596574934734,219.50000000002532,1338.7398450526562
2476,49.219596574934734,219.52000000002533,1338.7739967017474
2477,49.219596574934734,219.54000000002534,1338.8081471920605
2478,49.219596574934734,219.56000000002535,1338.8422965250322
2479,49.219596574934734,219.58000000002536,1338.8764447138913
2480,49.219596574934734,219.60000000002537,1338.9105917598135
2481,49.219596574934734,219.62000000002539,1338.9447376626651
2482,49.219596574934734,219.6400000000254,1338.9788824223124
2483,49.219596574934734,219.6600000000254,1339.013026038621
2484,49.219596574934734,219.68000000002542,1339.0471685114576
2485,49.219596574934734,219.70000000002543,1339.0813098406877
2486,49.219596574934734,219.72000000002544,1339.1154500261778
2487,49.219596574934734,219.74000000002545,1339.1495890677938
2488,49.219596574934734,219.76000000002546,1339.1837269654018
2489,49.219596574934734,219.78000000002547,1339.2178637188679
2490,49.219596574934734,219.80000000002548,1339.2519993280582
2491,49.219596574934734,219.8200000000255,1339.2861337928389
2492,49.219596574934734,219.8400000000255,1339.320267113076
2493,49.219596574934734,219.8600000000255,1339.3543992886355
2494,49.219596574934734,219.88000000002552,1339.3885303193836
2495,49.219596574934734,219.90000000002553,1339.4226602051863
2496,49.219596574934734,219.92000000002554,1339.4567889459097
2497,49.219596574934734,219.94000000002555,1339.49091654142
2498,49.219596574934734,219.96000000002556,1339.525042991583
2499,49.219596574934734,219.98000000002557,1339.559168296265
2500,49.219596574934734,220.00000000002558,1339.593292455332
2501,49.219596574934734,220.0200000000256,1339.62741546865
2502,49.219596574934734,220.0400000000256,1339.6615373360855
2503,49.219596574934734,220.0600000000256,1339.6956580575043
2504,49.219596574934734,220.08000000002562,1339.7297776327723
2505,49.219596574934734,220.10000000002563,1339.763896061756
2506,49.219596574934734,220.12000000002564,1339.7980133443211
2507,49.219596574934734,220.14000000002565,1339.8321294803338
2508,49.12916313519063,220.16000000002566,1339.8662444696604
2509,49.12916313519063,220.18000000002567,1339.9003583121666
2510,49.12916313519063,220.20000000002568,1339.934471007719
2511,49.12916313519063,220.2200000000257,1339.968582556183
2512,49.219596574934734,220.2400000000257,1340.0026929576509
2513,49.12916313519063,220.2600000000257,1340.036802221465
2514,49.12916313519063,220.28000000002572,1340.0709103549361
2515,49.12916313519063,220.30000000002573,1340.105017357929
2516,49.12916313519063,220.32000000002574,1340.139123230308
2517,49.12916313519063,220.34000000002575,1340.1732279719379
2518,49.12916313519063,220.36000000002576,1340.2073315826829
2519,49.12916313519063,220.38000000002577,1340.2414340624075
2520,49.12916313519063,220.40000000002578,1340.2755354109765
2521,49.12916313519063,220.4200000000258,1340.3096356282545
2522,49.12916313519063,220.4400000000258,1340.3437347141057
2523,49.12916313519063,220.46000000002581,1340.377832668395
2524,49.12916313519063,220.48000000002583,1340.4119294909867
2525,49.12916313519063,220.50000000002584,1340.4460251817454
2526,49.12916313519063,220.52000000002585,1340.4801197405357
2527,49.12916313519063,220.54000000002586,1340.5142131672221
2528,49.12916313519063,220.56000000002587,1340.548305461669
2529,49.12916313519063,220.58000000002588,1340.58239662615
2530,49.12916313519063,220.6000000000259,1340.6164866725253
2531,49.12916313519063,220.6200000000259,1340.6505756017254
2532,49.12916313519063,220.6400000000259,1340.684663413616
2533,49.12916313519063,220.66000000002592,1340.718750108062
2534,49.12916313519063,220.68000000002593,1340.7528356849293
2535,49.12916313519063,220.70000000002594,1340.786920144083
2536,49.12916313519063,220.72000000002595,1340.8210034853887
2537,49.12916313519063,220.74000000002596,1340.8550857087114
2538,49.12916313519063,220.76000000002597,1340.8891668139167
2539,49.12916313519063,220.78000000002598,1340.92324680087
2540,49.12916313519063,220.800000000026,1340.9573256694364
2541,49.12916313519063,220.820000000026,1340.9914034194817
2542,49.12916313519063,220.840000000026,1341.025480050871
2543,49.12916313519063,220.86000000002602,1341.0595555634698
2544,49.12916313519063,220.88000000002603,1341.0936299571433
2545,49.12916313519063,220.90000000002604,1341.1277032317569
2546,49.12916313519063,220.92000000002605,1341.161775387176
2547,49.12916313519063,220.94000000002606,1341.1958464232662
2548,49.12916313519063,220.96000000002607,1341.2299163398925
2549,49.12916313519063,220.98000000002608,1341.2639851369206
2550,49.12916313519063,221.0000000000261,1341.2980528142157
2551,49.12916313519063,221.0200000000261,1341.332119371643
2552,49.12916313519063,221.0400000000261,1341.3661848090683
2553,49.12916313519063,221.06000000002612,1341.4002491263566
2554,49.12916313519063,221.08000000002613,1341.4343123233734
2555,49.12916313519063,221.10000000002614,1341.4683743999842
2556,49.12916313519063,221.12000000002615,1341.5024353560543
2557,49.12916313519063,221.14000000002616,1341.536495191449
2558,49.12916313519063,221.16000000002617,1341.5705539060336
2559,49.12916313519063,221.18000000002618,1341.6046114996736
2560,49.12916313519063,221.2000000000262,1341.6386679722343
2561,49.12916313519063,221.2200000000262,1341.672723323581
2562,49.12916313519063,221.2400000000262,1341.7067775535793
2563,49.12916313519063,221.26000000002622,1341.7408306620944
2564,49.12916313519063,221.28000000002623,1341.7748826489917
2565,49.12916313519063,221.30000000002624,1341.8089335141365
2566,49.12916313519063,221.32000000002625,1341.842983257394
2567,49.12916313519063,221.34000000002627,1341.87703187863
2568,49.12916313519063,221.36000000002628,1341.9110793777097
2569,49.12916313519063,221.38000000002629,1341.9451257544983
2570,49.12916313519063,221.4000000000263,1341.9791710088614
2571,49.12916313519063,221.4200000000263,1342.0132151406642
2572,49.12916313519063,221.44000000002632,1342.047258149772
2573,49.12916313519063,221.46000000002633,1342.0813000360504
2574,49.12916313519063,221.48000000002634,1342.1153407993645
2575,49.12916313519063,221.50000000002635,1342.1493804395798
2576,49.12916313519063,221.52000000002636,1342.1834189565616
2577,49.12916313519063,221.54000000002637,1342.2174563501753
2578,49.12916313519063,221.56000000002638,1342.2514926202864
2579,49.12916313519063,221.5800000000264,1342.28552776676
2580,49.12916313519063,221.6000000000264,1342.3195617928798
2581,49.12916313519063,221.6200000000264,1342.3535947101068
2582,49.12916313519063,221.64000000002642,1342.387626519216
2583,49.12916313519063,221.66000000002643,1342.4216572200733
2584,49.12916313519063,221.68000000002644,1342.455686812545
2585,49.12916313519063,221.70000000002645,1342.4897152964977
2586,49.12916313519063,221.72000000002646,1342.5237426717972
2587,49.12916313519063,221.74000000002647,1342.5577689383097
2588,49.12916313519063,221.76000000002648,1342.5917940959014
2589,49.12916313519063,221.7800000000265,1342.6258181444387
2590,49.12916313519063,221.8000000000265,1342.6598410837876
2591,49.12916313519063,221.8200000000265,1342.6938629138144
2592,49.12916313519063,221.84000000002652,1342.7278836343853
2593,49.12916313519063,221.86000000002653,1342.7619032453665
2594,49.12916313519063,221.88000000002654,1342.7959217466241
2595,49.12916313519063,221.90000000002655,1342.8299391380242
2596,49.12916313519063,221.92000000002656,1342.8639554194333
2597,49.12916313519063,221.94000000002657,1342.8979705907173
2598,49.12916313519063,221.96000000002658,1342.9319846517426
2599,49.12916313519063,221.9800000000266,1342.9659976023752
2600,49.12916313519063,222.0000000000266,1343.0000094424815
2601,49.12916313519063,222.0200000000266,1343.0340201719275
2602,49.12916313519063,222.04000000002662,1343.0680297905797
2603,49.12916313519063,222.06000000002663,1343.102038298304
2604,49.12916313519063,222.08000000002664,1343.1360456949667
2605,49.12916313519063,222.10000000002665,1343.170051980434
2606,49.12916313519063,222.12000000002666,1343.204057154572
2607,49.12916313519063,222.14000000002667,1343.238061217247
2608,49.12916313519063,222.16000000002668,1343.272064168325
2609,49.12916313519063,222.1800000000267,1343.3060660076724
2610,49.12916313519063,222.2000000000267,1343.3400667351552
2611,49.12916313519063,222.22000000002672,1343.3740663506399
2612,49.03900628586556,222.24000000002673,1343.4080648539923
2613,49.03900628586556,222.26000000002674,1343.442062245079
2614,49.03900628586556,222.28000000002675,1343.4760585237657
2615,49.03900628586556,222.30000000002676,1343.510053689919
2616,49.03900628586556,222.32000000002677,1343.544047743405
2617,49.03900628586556,222.34000000002678,1343.5780406840897
2618,49.03900628586556,222.3600000000268,1343.6120325118395
2619,49.03900628586556,222.3800000000268,1343.6460232265206
2620,49.03900628586556,222.4000000000268,1343.680012827999
2621,49.03900628586556,222.42000000002682,1343.714001316141
2622,49.03900628586556,222.44000000002683,1343.747988690813
2623,49.03900628586556,222.46000000002684,1343.7819749518806
2624,49.03900628586556,222.48000000002685,1343.8159600992103
2625,49.03900628586556,222.50000000002686,1343.8499441326685
2626,49.03900628586556,222.52000000002687,1343.8839270521212
2627,49.03900628586556,222.54000000002688,1343.9179088574344
2628,49.03900628586556,222.5600000000269,1343.9518895484746
2629,49.03900628586556,222.5800000000269,1343.985869125108
2630,49.03900628586556,222.6000000000269,1344.0198475872005
2631,49.03900628586556,222.62000000002692,1344.0538249387698
2632,49.03900628586556,222.64000000002693,1344.0878011900154
2633,49.03900628586556,222.66000000002694,1344.121776341491
2634,49.03900628586556,222.68000000002695,1344.1557503930637
2635,49.03900628586556,222.70000000002696,1344.1897233446007
2636,49.03900628586556,222.72000000002697,1344.2236951959687
2637,49.03900628586556,222.74000000002698,1344.257665947035
2638,49.03900628586556,222.760000000027,1344.2916355976668
2639,49.03900628586556,222.780000000027,1344.325604147731
2640,49.03900628586556,222.800000000027,1344.3595715970946
2641,49.03900628586556,222.82000000002702,1344.393537945625
2642,49.03900628586556,222.84000000002703,1344.4275031931888
2643,49.03900628586556,222.86000000002704,1344.4614673396534
2644,49.03900628586556,222.88000000002705,1344.4954303848858
2645,49.03900628586556,222.90000000002706,1344.5293923287531
2646,49.03900628586556,222.92000000002707,1344.5633531711223
2647,49.03900628586556,222.94000000002708,1344.5973129118604
2648,49.03900628586556,222.9600000000271,1344.6312715508345
2649,49.03900628586556,222.9800000000271,1344.6652290879117
2650,49.03900628586556,223.00000000002711,1344.6991855229592
2651,49.03900628586556,223.02000000002712,1344.7331408558439
2652,49.03900628586556,223.04000000002713,1344.7670950864328
2653,49.03900628586556,223.06000000002715,1344.8010482145933
2654,49.03900628586556,223.08000000002716,1344.8350002401921
2655,49.03900628586556,223.10000000002717,1344.8689511630964
2656,49.03900628586556,223.12000000002718,1344.9029009831731
2657,49.03900628586556,223.1400000000272,1344.9368497002895
2658,49.03900628586556,223.1600000000272,1344.9707973143127
2659,49.03900628586556,223.1800000000272,1345.0047438251095
2660,49.03900628586556,223.20000000002722,1345.038689232547
2661,49.03900628586556,223.22000000002723,1345.0726335364925
2662,49.03900628586556,223.24000000002724,1345.106576736813
2663,49.03900628586556,223.26000000002725,1345.1405188333754
2664,49.03900628586556,223.28000000002726,1345.1744598260468
2665,49.03900628586556,223.30000000002727,1345.2083997146945
2666,49.03900628586556,223.32000000002728,1345.242338499185
2667,49.03900628586556,223.3400000000273,1345.276276179386
2668,49.03900628586556,223.3600000000273,1345.3102127551642
2669,49.03900628586556,223.3800000000273,1345.3441482263868
2670,49.03900628586556,223.40000000002732,1345.3780825929207
2671,49.03900628586556,223.42000000002733,1345.412015854633
2672,49.03900628586556,223.44000000002734,1345.4459480113908
2673,49.03900628586556,223.46000000002735,1345.4798790630612
2674,49.03900628586556,223.48000000002736,1345.5138090095113
2675,49.03900628586556,223.50000000002737,1345.547737850608
2676,49.03900628586556,223.52000000002738,1345.5816655862184
2677,49.03900628586556,223.5400000000274,1345.6155922162095
2678,49.03900628586556,223.5600000000274,1345.6495177404486
2679,49.03900628586556,223.5800000000274,1345.6834421588026
2680,49.03900628586556,223.60000000002742,1345.7173654711385
2681,49.03900628586556,223.62000000002743,1345.7512876773235
2682,49.03900628586556,223.64000000002744,1345.7852087824213
2683,49.03900628586556,223.66000000002745,1345.8191287962034
2684,49.03900628586556,223.68000000002746,1345.853047719061
2685,49.03900628586556,223.70000000002747,1345.8869655508615
2686,49.03900628586556,223.72000000002748,1345.920882291473
2687,49.03900628586556,223.7400000000275,1345.954797940763
2688,49.03900628586556,223.7600000000275,1345.9887124985996
2689,49.03900628586556,223.7800000000275,1346.0226259648507
2690,49.03900628586556,223.80000000002752,1346.056538339384
2691,49.03900628586556,223.82000000002753,1346.0904496220671
2692,49.03900628586556,223.84000000002754,1346.124359812768
2693,49.03900628586556,223.86000000002755,1346.1582689113545
2694,49.03900628586556,223.88000000002756,1346.1921769176945
2695,49.03900628586556,223.90000000002757,1346.2260838316556
2696,49.03900628586556,223.92000000002758,1346.259989653106
2697,49.03900628586556,223.9400000000276,1346.293894381913
2698,49.03900628586556,223.9600000000276,1346.327798017945
2699,49.03900628586556,223.98000000002762,1346.3617005610693
2700,49.03900628586556,224.00000000002763,1346.3956020111539
2701,49.03900628586556,224.02000000002764,1346.4295023680666
2702,49.03900628586556,224.04000000002765,1346.4634016316752
2703,49.03900628586556,224.06000000002766,1346.4972998018477
2704,49.03900628586556,224.08000000002767,1346.5311968784517
2705,49.03900628586556,224.10000000002768,1346.565092861355
2706,49.03900628586556,224.1200000000277,1346.5989877504255
2707,49.03900628586556,224.1400000000277,1346.632881545531
2708,49.03900628586556,224.1600000000277,1346.6667742465393
2709,49.03900628586556,224.18000000002772,1346.7006658533182
2710,49.03900628586556,224.20000000002773,1346.7345563657354
2711,49.03900628586556,224.22000000002774,1346.768445783659
2712,48.94912484407532,224.24000000002775,1346.8023341069566
2713,48.94912484407532,224.26000000002776,1346.836221335496
2714,48.94912484407532,224.28000000002777,1346.870107469145
2715,48.94912484407532,224.30000000002778,1346.9039925077716
2716,48.94912484407532,224.3200000000278,1346.9378764512433
2717,48.94912484407532,224.3400000000278,1346.971759299428
2718,48.94912484407532,224.3600000000278,1347.0056410521936
2719,48.94912484407532,224.38000000002782,1347.0395217094078
2720,48.94912484407532,224.40000000002783,1347.0734012709386
2721,48.94912484407532,224.42000000002784,1347.1072797366537
2722,48.94912484407532,224.44000000002785,1347.141157106421
2723,48.94912484407532,224.46000000002786,1347.175033380108
2724,48.94912484407532,224.48000000002787,1347.2089085575828
2725,48.94912484407532,224.50000000002788,1347.2427826387132
2726,48.94912484407532,224.5200000000279,1347.2766556233669
2727,48.94912484407532,224.5400000000279,1347.3105275114117
2728,48.94912484407532,224.5600000000279,1347.3443983027153
2729,48.94912484407532,224.58000000002792,1347.3782679971457
2730,48.94912484407532,224.60000000002793,1347.4121365945705
2731,48.94912484407532,224.62000000002794,1347.4460040948577
2732,48.94912484407532,224.64000000002795,1347.479870497875
2733,48.94912484407532,224.66000000002796,1347.5137358093134
2734,48.94912484407532,224.68000000002797,1347.5476000377657
2735,48.94912484407532,224.70000000002798,1347.581463183423
2736,48.94912484407532,224.720000000028,1347.6153252461536
2737,48.94912484407532,224.740000000028,1347.649186225826
2738,48.94912484407532,224.76000000002801,1347.683046122309
2739,48.94912484407532,224.78000000002802,1347.7169049354707
2740,48.94912484407532,224.80000000002804,1347.7507626651798
2741,48.94912484407532,224.82000000002805,1347.7846193113046
2742,48.94912484407532,224.84000000002806,1347.8184748737137
2743,48.94912484407532,224.86000000002807,1347.8523293522758
2744,48.94912484407532,224.88000000002808,1347.8861827468593
2745,48.94912484407532,224.9000000000281,1347.9200350573326
2746,48.94912484407532,224.9200000000281,1347.953886283564
2747,48.94912484407532,224.9400000000281,1347.9877364254223
2748,48.94912484407532,224.96000000002812,1348.021585482776
2749,48.94912484407532,224.98000000002813,1348.0554334554931
2750,48.94912484407532,225.00000000002814,1348.0892803434426
2751,48.94912484407532,225.02000000002815,1348.123126146493
2752,48.94912484407532,225.04000000002816,1348.1569708645125
2753,48.94912484407532,225.06000000002817,1348.1908144973697
2754,48.94912484407532,225.08000000002818,1348.224657044933
2755,48.94912484407532,225.1000000000282,1348.2584985070712
2756,48.94912484407532,225.1200000000282,1348.2923388836525
2757,48.94912484407532,225.1400000000282,1348.3261781745455
2758,48.94912484407532,225.16000000002822,1348.3600163796186
2759,48.94912484407532,225.18000000002823,1348.3938534987403
2760,48.94912484407532,225.20000000002824,1348.4276895317792
2761,48.94912484407532,225.22000000002825,1348.4615244786035
2762,48.94912484407532,225.24000000002826,1348.4953583390818
2763,48.94912484407532,225.26000000002827,1348.5291911130828
2764,48.94912484407532,225.28000000002828,1348.5630228004748
2765,48.94912484407532,225.3000000000283,1348.5968534011263
2766,48.94912484407532,225.3200000000283,1348.6306829149057
2767,48.94912484407532,225.3400000000283,1348.6645113416816
2768,48.94912484407532,225.36000000002832,1348.6983386813226
2769,48.94912484407532,225.38000000002833,1348.732164933697
2770,48.94912484407532,225.40000000002834,1348.7659900986732
2771,48.94912484407532,225.42000000002835,1348.79981417612
2772,48.94912484407532,225.44000000002836,1348.8336371659054
2773,48.94912484407532,225.46000000002837,1348.8674590678984
2774,48.94912484407532,225.48000000002838,1348.901279881967
2775,48.94912484407532,225.5000000000284,1348.93509960798
2776,48.94912484407532,225.5200000000284,1348.9689182458058
2777,48.94912484407532,225.5400000000284,1349.0027357953127
2778,48.94912484407532,225.56000000002842,1349.0365522563695
2779,48.94912484407532,225.58000000002843,1349.0703676288445
2780,48.94912484407532,225.60000000002844,1349.104181912606
2781,48.94912484407532,225.62000000002845,1349.1379951075228
2782,48.94912484407532,225.64000000002846,1349.1718072134634
2783,48.94912484407532,225.66000000002848,1349.2056182302958
2784,48.94912484407532,225.68000000002849,1349.2394281647896
2785,48.94912484407532,225.7000000000285,1349.2732370250774
2786,48.94912484407532,225.7200000000285,1349.3070448111796
2787,48.94912484407532,225.74000000002852,1349.3408515229655
2788,48.94912484407532,225.76000000002853,1349.3746571603044
2789,48.94912484407532,225.78000000002854,1349.4084617230653
2790,48.94912484407532,225.80000000002855,1349.4422652111173
2791,48.94912484407532,225.82000000002856,1349.4760676243297
2792,48.94912484407532,225.84000000002857,1349.5098689625718
2793,48.94912484407532,225.86000000002858,1349.5436692257124
2794,48.94912484407532,225.8800000000286,1349.577468413621
2795,48.94912484407532,225.9000000000286,1349.6112665261667
2796,48.94912484407532,225.9200000000286,1349.6450635632186
2797,48.94912484407532,225.94000000002862,1349.678859524646
2798,48.94912484407532,225.96000000002863,1349.712654410318
2799,48.94912484407532,225.98000000002864,1349.7464482201037
2800,48.94912484407532,226.00000000002865,1349.7802409538724
2801,48.94912484407532,226.02000000002866,1349.814032611493
2802,48.94912484407532,226.04000000002867,1349.847823192835
2803,48.94912484407532,226.06000000002868,1349.8816126977674
2804,48.94912484407532,226.0800000000287,1349.9154011261596
2805,48.94912484407532,226.1000000000287,1349.9491884778806
2806,48.94912484407532,226.1200000000287,1349.9829747527995
2807,48.94912484407532,226.14000000002872,1350.0167599521617
2808,48.94912484407532,226.16000000002873,1350.050544089665
2809,48.94912484407532,226.18000000002874,1350.0843271666188
2810,48.94912484407532,226.20000000002875,1350.118109182891
2811,48.94912484407532,226.22000000002876,1350.1518901383495
2812,48.94912484407532,226.24000000002877,1350.1856700328624
2813,48.94912484407532,226.26000000002878,1350.2194488662974
2814,48.94912484407532,226.2800000000288,1350.2532266385226
2815,48.94912484407532,226.3000000000288,1350.287003349406
2816,48.85951763343194,226.3200000000288,1350.3207789988155
2817,48.85951763343194,226.34000000002882,1350.354553586619
2818,48.85951763343194,226.36000000002883,1350.3883271126845
2819,48.85951763343194,226.38000000002884,1350.4220995768796
2820,48.85951763343194,226.40000000002885,1350.4558709790726
2821,48.85951763343194,226.42000000002886,1350.4896413191314
2822,48.85951763343194,226.44000000002887,1350.523410596924
2823,48.85951763343194,226.46000000002888,1350.557178812318
2824,48.85951763343194,226.4800000000289,1350.5909459651816
2825,48.85951763343194,226.5000000000289,1350.6247120553826
2826,48.85951763343194,226.52000000002892,1350.658477082789
2827,48.85951763343194,226.54000000002893,1350.6922410472687
2828,48.85951763343194,226.56000000002894,1350.7260039486896
2829,48.85951763343194,226.58000000002895,1350.7597657869196
2830,48.85951763343194,226.60000000002896,1350.7935265618269
2831,48.85951763343194,226.62000000002897,1350.827286273279
2832,48.85951763343194,226.64000000002898,1350.8610449211442
2833,48.85951763343194,226.660000000029,1350.8948025052903
2834,48.85951763343194,226.680000000029,1350.928559025613
2835,48.85951763343194,226.700000000029,1350.96231448938
2836,48.85951763343194,226.72000000002902,1350.9960689036106
2837,48.85951763343194,226.74000000002903,1351.0298222681731
2838,48.85951763343194,226.76000000002904,1351.063574582936
2839,48.85951763343194,226.78000000002905,1351.0973258477686
2840,48.85951763343194,226.80000000002906,1351.1310760625393
2841,48.85951763343194,226.82000000002907,1351.1648252271168
2842,48.85951763343194,226.84000000002908,1351.1985733413699
2843,48.85951763343194,226.8600000000291,1351.2323204051672
2844,48.85951763343194,226.8800000000291,1351.2660664183775
2845,48.85951763343194,226.9000000000291,1351.2998113808696
2846,48.85951763343194,226.92000000002912,1351.3335552925123
2847,48.85951763343194,226.94000000002913,1351.367298153174
2848,48.85951763343194,226.96000000002914,1351.4010399627236
2849,48.85951763343194,226.98000000002915,1351.43478072103
2850,48.85951763343194,227.00000000002916,1351.4685204279615
2851,48.85951763343194,227.02000000002917,1351.5022590833871
2852,48.85951763343194,227.04000000002918,1351.5359966871756
2853,48.85951763343194,227.0600000000292,1351.5697332391956
2854,48.85951763343194,227.0800000000292,1351.6034687393158
2855,48.85951763343194,227.1000000000292,1351.637203187405
2856,48.85951763343194,227.12000000002922,1351.670936583332
2857,48.85951763343194,227.14000000002923,1351.7046689269653
2858,48.85951763343194,227.16000000002924,1351.7384002181736
2859,48.85951763343194,227.18000000002925,1351.7721304568258
2860,48.85951763343194,227.20000000002926,1351.8058596427907
2861,48.85951763343194,227.22000000002927,1351.8395877759367
2862,48.85951763343194,227.24000000002928,1351.8733148561325
2863,48.85951763343194,227.2600000000293,1351.9070408832472
2864,48.85951763343194,227.2800000000293,1351.9407658571492
2865,48.85951763343194,227.3000000000293,1351.9744897777073
2866,48.85951763343194,227.32000000002932,1352.0082126447903
2867,48.85951763343194,227.34000000002933,1352.0419344582667
2868,48.85951763343194,227.36000000002934,1352.0756552180055
2869,48.85951763343194,227.38000000002936,1352.1093749238753
2870,48.85951763343194,227.40000000002937,1352.1430935757446
2871,48.85951763343194,227.42000000002938,1352.1768111734823
2872,48.85951763343194,227.44000000002939,1352.2105277169571
2873,48.85951763343194,227.4600000000294,1352.2442432060377
2874,48.85951763343194,227.4800000000294,1352.2779576405928
2875,48.85951763343194,227.50000000002942,1352.311671020491
2876,48.85951763343194,227.52000000002943,1352.3453833456012
2877,48.85951763343194,227.54000000002944,1352.3790946157922
2878,48.85951763343194,227.56000000002945,1352.4128048309324
2879,48.85951763343194,227.58000000002946,1352.4465139908907
2880,48.85951763343194,227.60000000002947,1352.4802220955357
2881,48.85951763343194,227.62000000002948,1352.5139291447363
2882,48.85951763343194,227.6400000000295,1352.5476351383609
2883,48.85951763343194,227.6600000000295,1352.5813400762784
2884,48.85951763343194,227.6800000000295,1352.6150439583573
2885,48.85951763343194,227.70000000002952,1352.6487467846725
2886,48.85951763343194,227.72000000002953,1352.6824485634343
2887,48.85951763343194,227.74000000002954,1352.7161493009994
2888,48.85951763343194,227.76000000002955,1352.7498489972375
2889,48.85951763343194,227.78000000002956,1352.7835476520177
2890,48.85951763343194,227.80000000002957,1352.8172452652095
2891,48.85951763343194,227.82000000002958,1352.8509418366823
2892,48.85951763343194,227.8400000000296,1352.8846373663057
2893,48.85951763343194,227.8600000000296,1352.918331853949
2894,48.85951763343194,227.8800000000296,1352.9520252994816
2895,48.85951763343194,227.90000000002962,1352.985717702773
2896,48.85951763343194,227.92000000002963,1353.0194090636924
2897,48.85951763343194,227.94000000002964,1353.0530993821094
2898,48.85951763343194,227.96000000002965,1353.0867886578935
2899,48.85951763343194,227.98000000002966,1353.120476890914
2900,48.85951763343194,228.00000000002967,1353.1541640810403
2901,48.85951763343194,228.02000000002968,1353.187850228142
2902,48.85951763343194,228.0400000000297,1353.2215353320885
2903,48.85951763343194,228.0600000000297,1353.255219392749
2904,48.85951763343194,228.0800000000297,1353.2889024099932
2905,48.85951763343194,228.10000000002972,1353.3225843836901
2906,48.85951763343194,228.12000000002973,1353.3562653137094
2907,48.85951763343194,228.14000000002974,1353.3899451999205
2908,48.85951763343194,228.16000000002975,1353.4236240421928
2909,48.85951763343194,228.18000000002976,1353.4573018403958
2910,48.85951763343194,228.20000000002977,1353.4909785943987
2911,48.85951763343194,228.22000000002978,1353.524654304071
2912,48.85951763343194,228.2400000000298,1353.5583289692822
2913,48.85951763343194,228.2600000000298,1353.5920025899018
2914,48.85951763343194,228.28000000002982,1353.6256751657988
2915,48.85951763343194,228.30000000002983,1353.659346696843
2916,48.85951763343194,228.32000000002984,1353.6930171829035
2917,48.77018348400011,228.34000000002985,1353.7266866238501
2918,48.77018348400011,228.36000000002986,1353.760355019552
2919,48.77018348400011,228.38000000002987,1353.7940223698786
2920,48.77018348400011,228.40000000002988,1353.8276886746994
2921,48.77018348400011,228.4200000000299,1353.8613539338837
2922,48.77018348400011,228.4400000000299,1353.895018147301
2923,48.77018348400011,228.4600000000299,1353.9286813148206
2924,48.77018348400011,228.48000000002992,1353.9623434363118
2925,48.77018348400011,228.50000000002993,1353.9960045116443
2926,48.77018348400011,228.52000000002994,1354.0296645406875
2927,48.77018348400011,228.54000000002995,1354.0633235233106
2928,48.77018348400011,228.56000000002996,1354.096981459383
2929,48.77018348400011,228.58000000002997,1354.1306383487743
2930,48.77018348400011,228.60000000002998,1354.1642941913537
2931,48.77018348400011,228.62000000003,1354.1979489869907
2932,48.77018348400011,228.64000000003,1354.2316027355548
2933,48.77018348400011,228.66000000003,1354.2652554369151
2934,48.77018348400011,228.68000000003002,1354.2989070909414
2935,48.77018348400011,228.70000000003003,1354.3325576975028
2936,48.77018348400011,228.72000000003004,1354.3662072568338
2937,48.77018348400011,228.74000000003005,1354.3998557774198
2938,48.77018348400011,228.76000000003006,1354.4335032644628
2939,48.77018348400011,228.78000000003007,1354.4671497178329
2940,48.77018348400011,228.80000000003008,1354.5007951374002
2941,48.77018348400011,228.8200000000301,1354.534439523035
2942,48.77018348400011,228.8400000000301,1354.5680828746072
2943,48.77018348400011,228.8600000000301,1354.601725191987
2944,48.77018348400011,228.88000000003012,1354.6353664750447
2945,48.77018348400011,228.90000000003013,1354.6690067236505
2946,48.77018348400011,228.92000000003014,1354.702645937674
2947,48.77018348400011,228.94000000003015,1354.7362841169859
2948,48.77018348400011,228.96000000003016,1354.7699212614561
2949,48.77018348400011,228.98000000003017,1354.8035573709549
2950,48.77018348400011,229.00000000003018,1354.837192445352
2951,48.77018348400011,229.0200000000302,1354.870826484518
2952,48.77018348400011,229.0400000000302,1354.9044594883226
2953,48.77018348400011,229.06000000003021,1354.9380914566364
2954,48.77018348400011,229.08000000003022,1354.9717223893292
2955,48.77018348400011,229.10000000003024,1355.0053522862713
2956,48.77018348400011,229.12000000003025,1355.0389811473326
2957,48.77018348400011,229.14000000003026,1355.0726089723835
2958,48.77018348400011,229.16000000003027,1355.1062357612939
2959,48.77018348400011,229.18000000003028,1355.1398615139342
2960,48.77018348400011,229.2000000000303,1355.1734862301741
2961,48.77018348400011,229.2200000000303,1355.2071099098841
2962,48.77018348400011,229.2400000000303,1355.2407325529343
2963,48.77018348400011,229.26000000003032,1355.2743541591947
2964,48.77018348400011,229.28000000003033,1355.3079747285353
2965,48.77018348400011,229.30000000003034,1355.3415942608265
2966,48.77018348400011,229.32000000003035,1355.3752127559383
2967,48.77018348400011,229.34000000003036,1355.4088302137407
2968,48.77018348400011,229.36000000003037,1355.442446634104
2969,48.77018348400011,229.38000000003038,1355.4760620168984
2970,48.77018348400011,229.4000000000304,1355.5096763619938
2971,48.77018348400011,229.4200000000304,1355.5432896692603
2972,48.77018348400011,229.4400000000304,1355.5769019385682
2973,48.77018348400011,229.46000000003042,1355.6105131697875
2974,48.77018348400011,229.48000000003043,1355.6441233627884
2975,48.77018348400011,229.50000000003044,1355.677732517441
2976,48.77018348400011,229.52000000003045,1355.7113406336152
2977,48.77018348400011,229.54000000003046,1355.7449477111813
2978,48.77018348400011,229.56000000003047,1355.7785537500095
2979,48.77018348400011,229.58000000003048,1355.8121587499697
2980,48.77018348400011,229.6000000000305,1355.8457627109324
2981,48.77018348400011,229.6200000000305,1355.8793656327673
2982,48.77018348400011,229.6400000000305,1355.9129675153447
2983,48.77018348400011,229.66000000003052,1355.9465683585347
2984,48.77018348400011,229.68000000003053,1355.9801681622075
2985,48.77018348400011,229.70000000003054,1356.013766926233
2986,48.77018348400011,229.72000000003055,1356.0473646504815
2987,48.77018348400011,229.74000000003056,1356.0809613353733
2988,48.77018348400011,229.76000000003057,1356.1145569903583
2989,48.77018348400011,229.78000000003058,1356.1481516199344
2990,48.77018348400011,229.8000000000306,1356.1817452239723
2991,48.77018348400011,229.8200000000306,1356.215337802343
2992,48.77018348400011,229.8400000000306,1356.248929354917
2993,48.77018348400011,229.86000000003062,1356.2825198815656
2994,48.77018348400011,229.88000000003063,1356.3161093821593
2995,48.77018348400011,229.90000000003064,1356.349697856569
2996,48.77018348400011,229.92000000003065,1356.3832853046654
2997,48.77018348400011,229.94000000003066,1356.4168717263194
2998,48.77018348400011,229.96000000003067,1356.4504571214018
2999,48.77018348400011,229.98000000003069,1356.4840414897835
3000,48.77018348400011,230.0000000000307,1356.5176248313353
3001,48.77018348400011,230.0200000000307,1356.551207145928
3002,48.77018348400011,230.04000000003072,1356.584788433432
3003,48.77018348400011,230.06000000003073,1356.6183686937188
3004,48.77018348400011,230.08000000003074,1356.6519479266587
3005,48.77018348400011,230.10000000003075,1356.6855261321227
3006,48.77018348400011,230.12000000003076,1356.7191033099816
3007,48.77018348400011,230.14000000003077,1356.7526794601063
3008,48.77018348400011,230.16000000003078,1356.7862545823675
3009,48.77018348400011,230.1800000000308,1356.819828676636
3010,48.77018348400011,230.2000000000308,1356.8534017427826
3011,48.77018348400011,230.2200000000308,1356.886973780678
3012,48.77018348400011,230.24000000003082,1356.9205447901934
3013,48.77018348400011,230.26000000003083,1356.9541147711993
3014,48.77018348400011,230.28000000003084,1356.9876837235665
3015,48.77018348400011,230.30000000003085,1357.0212516471659
3016,48.77018348400011,230.32000000003086,1357.0548185418681
3017,48.77018348400011,230.34000000003087,1357.0883844075443
3018,48.681121232254014,230.36000000003088,1357.1219492440648
3019,48.681121232254014,230.3800000000309,1357.1555130513009
3020,48.681121232254014,230.4000000000309,1357.189075829123
3021,48.681121232254014,230.4200000000309,1357.222637577402
3022,48.681121232254014,230.44000000003092,1357.256198296009
3023,48.681121232254014,230.46000000003093,1357.2897579848143
3024,48.681121232254014,230.48000000003094,1357.3233166436892
3025,48.681121232254014,230.50000000003095,1357.356874272504
3026,48.681121232254014,230.52000000003096,1357.3904308711299
3027,48.681121232254014,230.54000000003097,1357.4239864394376
3028,48.681121232254014,230.56000000003098,1357.4575409772979
3029,48.681121232254014,230.580000000031,1357.4910944845815
3030,48.681121232254014,230.600000000031,1357.524646961159
3031,48.681121232254014,230.620000000031,1357.5581984069017
3032,48.681121232254014,230.64000000003102,1357.59174882168
3033,48.681121232254014,230.66000000003103,1357.625298205365
3034,48.681121232254014,230.68000000003104,1357.6588465578272
3035,48.681121232254014,230.70000000003105,1357.6923938789375
3036,48.681121232254014,230.72000000003106,1357.7259401685667
3037,48.681121232254014,230.74000000003107,1357.7594854265856
3038,48.681121232254014,230.76000000003108,1357.7930296535535
3039,48.681121232254014,230.7800000000311,1357.82657285911
3040,48.681121232254014,230.8000000000311,1357.860115046698
3041,48.681121232254014,230.82000000003111,1357.893656216189
3042,48.681121232254014,230.84000000003113,1357.9271963674544
3043,48.681121232254014,230.86000000003114,1357.9607355003657
3044,48.681121232254014,230.88000000003115,1357.9942736147946
3045,48.681121232254014,230.90000000003116,1358.0278107106124
3046,48.681121232254014,230.92000000003117,1358.0613467876906
3047,48.681121232254014,230.94000000003118,1358.0948818459008
3048,48.681121232254014,230.9600000000312,1358.1284158851145
3049,48.681121232254014,230.9800000000312,1358.161948905203
3050,48.681121232254014,231.0000000000312,1358.195480906038
3051,48.681121232254014,231.02000000003122,1358.229011887491
3052,48.681121232254014,231.04000000003123,1358.2625418494333
3053,48.681121232254014,231.06000000003124,1358.2960707917366
3054,48.681121232254014,231.08000000003125,1358.3295987142724
3055,48.681121232254014,231.10000000003126,1358.363125616912
3056,48.681121232254014,231.12000000003127,1358.3966514995268
3057,48.681121232254014,231.14000000003128,1358.4301763619887
3058,48.681121232254014,231.1600000000313,1358.463700204169
3059,48.681121232254014,231.1800000000313,1358.497223025939
3060,48.681121232254014,231.2000000000313,1358.5307448271706
3061,48.681121232254014,231.22000000003132,1358.5642656077348
3062,48.681121232254014,231.24000000003133,1358.5977853675033
3063,48.681121232254014,231.26000000003134,1358.6313041063477
3064,48.681121232254014,231.28000000003135,1358.6648218241394
3065,48.681121232254014,231.30000000003136,1358.6983385207498
3066,48.681121232254014,231.32000000003137,1358.7318541960506
3067,48.681121232254014,231.34000000003138,1358.765368849913
3068,48.681121232254014,231.3600000000314,1358.798882482209
3069,48.681121232254014,231.3800000000314,1358.8323950928093
3070,48.681121232254014,231.4000000000314,1358.865906681586
3071,48.681121232254014,231.42000000003142,1358.8994172484104
3072,48.681121232254014,231.44000000003143,1358.932926793154
3073,48.681121232254014,231.46000000003144,1358.9664353156882
3074,48.681121232254014,231.48000000003145,1358.9999428158844
3075,48.681121232254014,231.50000000003146,1359.0334492936145
3076,48.681121232254014,231.52000000003147,1359.0669547487496
3077,48.681121232254014,231.54000000003148,1359.1004591811613
3078,48.681121232254014,231.5600000000315,1359.133962590721
3079,48.681121232254014,231.5800000000315,1359.1674649773004
3080,48.681121232254014,231.6000000000315,1359.2009663407707
3081,48.681121232254014,231.62000000003152,1359.2344666810036
3082,48.681121232254014,231.64000000003153,1359.2679659978703
3083,48.681121232254014,231.66000000003154,1359.3014642912424
3084,48.681121232254014,231.68000000003155,1359.3349615609916
3085,48.681121232254014,231.70000000003157,1359.368457806989
3086,48.681121232254014,231.72000000003158,1359.4019530291064
3087,48.681121232254014,231.74000000003159,1359.435447227215
3088,48.681121232254014,231.7600000000316,1359.4689404011865
3089,48.681121232254014,231.7800000000316,1359.502432551774
3090,48.681121232254014,231.80000000003162,1359.5359236896177
3091,48.681121232254014,231.82000000003163,1359.5694138174226
3092,48.681121232254014,231.84000000003164,1359.6029029350611
3093,48.681121232254014,231.86000000003165,1359.6363910424054
3094,48.681121232254014,231.88000000003166,1359.669878139328
3095,48.681121232254014,231.90000000003167,1359.7033642257006
3096,48.681121232254014,231.92000000003168,1359.7368493013958
3097,48.681121232254014,231.9400000000317,1359.7703333662857
3098,48.681121232254014,231.9600000000317,1359.8038164202426
3099,48.681121232254014,231.9800000000317,1359.8372984631385
3100,48.681121232254014,232.00000000003172,1359.870779494846
3101,48.681121232254014,232.02000000003173,1359.9042595152368
3102,48.681121232254014,232.04000000003174,1359.9377385241837
3103,48.681121232254014,232.06000000003175,1359.9712165215585
3104,48.681121232254014,232.08000000003176,1360.0046935076114
3105,48.681121232254014,232.10000000003177,1360.038169491807
3106,48.681121232254014,232.12000000003178,1360.0716444802101
3107,48.681121232254014,232.1400000000318,1360.1051184726919
3108,48.681121232254014,232.1600000000318,1360.1385914691232
3109,48.681121232254014,232.1800000000318,1360.172063469375
3110,48.681121232254014,232.20000000003182,1360.2055344733185
3111,48.681121232254014,232.22000000003183,1360.2390044808244
3112,48.681121232254014,232.24000000003184,1360.272473491764
3113,48.681121232254014,232.26000000003185,1360.3059415060081
3114,48.681121232254014,232.28000000003186,1360.339408523428
3115,48.681121232254014,232.30000000003187,1360.3728745438943
3116,48.681121232254014,232.32000000003188,1360.4063395672783
3117,48.681121232254014,232.3400000000319,1360.439803593451
3118,48.681121232254014,232.3600000000319,1360.473266622283
3119,48.681121232254014,232.3800000000319,1360.5067286536457
3120,48.681121232254014,232.40000000003192,1360.54018968741
3121,48.681121232254014,232.42000000003193,1360.5736497234468
3122,48.681121232254014,232.44000000003194,1360.6071087616272
3123,48.681121232254014,232.46000000003195,1360.6405668018222
3124,48.59232972103443,232.48000000003196,1360.674023843903
3125,48.59232972103443,232.50000000003197,1360.7074798877402
3126,48.59232972103443,232.52000000003198,1360.740934933205
3127,48.59232972103443,232.540000000032,1360.7743889801682
3128,48.59232972103443,232.560000000032,1360.807842028501
3129,48.59232972103443,232.58000000003202,1360.8412940780745
3130,48.59232972103443,232.60000000003203,1360.8747451287595
3131,48.59232972103443,232.62000000003204,1360.9081951804271
3132,48.59232972103443,232.64000000003205,1360.9416442329482
3133,48.59232972103443,232.66000000003206,1360.9750922861938
3134,48.59232972103443,232.68000000003207,1361.008539340035
3135,48.59232972103443,232.70000000003208,1361.0419853943426
3136,48.59232972103443,232.7200000000321,1361.0754304489878
3137,48.59232972103443,232.7400000000321,1361.1088745038414
3138,48.59232972103443,232.7600000000321,1361.1423175587745
3139,48.59232972103443,232.78000000003212,1361.1757596136579
3140,48.59232972103443,232.80000000003213,1361.2092006693647
3141,48.59232972103443,232.82000000003214,1361.2426407366684
3142,48.59232972103443,232.84000000003215,1361.2760798173247
3143,48.59232972103443,232.86000000003216,1361.3095179112051
3144,48.59232972103443,232.88000000003217,1361.3429550181816
3145,48.59232972103443,232.90000000003218,1361.3763911381254
3146,48.59232972103443,232.9200000000322,1361.4098262709083
3147,48.59232972103443,232.9400000000322,1361.443260416402
3148,48.59232972103443,232.9600000000322,1361.4766935744778
3149,48.59232972103443,232.98000000003222,1361.5101257450078
3150,48.59232972103443,233.00000000003223,1361.5435569278634
3151,48.59232972103443,233.02000000003224,1361.576987122916
3152,48.59232972103443,233.04000000003225,1361.6104163300377
3153,48.59232972103443,233.06000000003226,1361.6438445490996
3154,48.59232972103443,233.08000000003227,1361.6772717799738
3155,48.59232972103443,233.10000000003228,1361.7106980225317
3156,48.59232972103443,233.1200000000323,1361.744123276645
3157,48.59232972103443,233.1400000000323,1361.7775475421854
3158,48.59232972103443,233.1600000000323,1361.8109708190243
3159,48.59232972103443,233.18000000003232,1361.8443931070335
3160,48.59232972103443,233.20000000003233,1361.8778144060846
3161,48.59232972103443,233.22000000003234,1361.911234716049
3162,48.59232972103443,233.24000000003235,1361.9446540367985
3163,48.59232972103443,233.26000000003236,1361.9780723682047
3164,48.59232972103443,233.28000000003237,1362.0114897101394
3165,48.59232972103443,233.30000000003238,1362.044906062474
3166,48.59232972103443,233.3200000000324,1362.07832142508
3167,48.59232972103443,233.3400000000324,1362.1117357978294
3168,48.59232972103443,233.36000000003241,1362.1451491805935
3169,48.59232972103443,233.38000000003242,1362.178561573244
3170,48.59232972103443,233.40000000003243,1362.2119729756525
3171,48.59232972103443,233.42000000003245,1362.2453833876907
3172,48.59232972103443,233.44000000003246,1362.2787928092303
3173,48.59232972103443,233.46000000003247,1362.3122012401427
3174,48.59232972103443,233.48000000003248,1362.3456086802996
3175,48.59232972103443,233.5000000000325,1362.3790151295727
3176,48.59232972103443,233.5200000000325,1362.4124205878336
3177,48.59232972103443,233.5400000000325,1362.4458250549537
3178,48.59232972103443,233.56000000003252,1362.4792285308047
3179,48.59232972103443,233.58000000003253,1362.5126310152582
3180,48.59232972103443,233.60000000003254,1362.546032508186
3181,48.59232972103443,233.62000000003255,1362.5794330094595
3182,48.59232972103443,233.64000000003256,1362.6128325189504
3183,48.59232972103443,233.66000000003257,1362.6462310365303
3184,48.59232972103443,233.68000000003258,1362.6796285620708
3185,48.59232972103443,233.7000000000326,1362.7130250954435
3186,48.59232972103443,233.7200000000326,1362.74642063652
3187,48.59232972103443,233.7400000000326,1362.7798151851719
3188,48.59232972103443,233.76000000003262,1362.8132087412707
3189,48.59232972103443,233.78000000003263,1362.8466013046882
3190,48.59232972103443,233.80000000003264,1362.879992875296
3191,48.59232972103443,233.82000000003265,1362.91338345423
3192,48.59232972103443,233.84000000003266,1362.9467730531383
3193,48.59232972103443,233.86000000003267,1362.9801616730613
3194,48.59232972103443,233.88000000003268,1363.0135493138714
3195,48.59232972103443,233.9000000000327,1363.0469359754409
3196,48.59232972103443,233.9200000000327,1363.0803216576421
3197,48.59232972103443,233.9400000000327,1363.1137063603474
3198,48.59232972103443,233.96000000003272,1363.147090083429
3199,48.59232972103443,233.98000000003273,1363.1804728267596
3200,48.59232972103443,234.00000000003274,1363.2138545902112
3201,48.59232972103443,234.02000000003275,1363.2472353736564
3202,48.59232972103443,234.04000000003276,1363.2806151769673
3203,48.59232972103443,234.06000000003277,1363.3139940000165
3204,48.59232972103443,234.08000000003278,1363.347371842676
3205,48.59232972103443,234.1000000000328,1363.3807487048184
3206,48.59232972103443,234.1200000000328,1363.4141245863161
3207,48.59232972103443,234.1400000000328,1363.4474994870413
3208,48.59232972103443,234.16000000003282,1363.4808734068665
3209,48.59232972103443,234.18000000003283,1363.5142463456639
3210,48.59232972103443,234.20000000003284,1363.5476183033059
3211,48.59232972103443,234.22000000003285,1363.5809892796647
3212,48.59232972103443,234.24000000003286,1363.6143592746128
3213,48.59232972103443,234.26000000003287,1363.6477282880223
3214,48.59232972103443,234.28000000003289,1363.6810963197659
3215,48.59232972103443,234.3000000000329,1363.7144633697158
3216,48.59232972103443,234.3200000000329,1363.7478294377443
3217,48.59232972103443,234.34000000003292,1363.7811945237236
3218,48.59232972103443,234.36000000003293,1363.8145586275261
3219,48.59232972103443,234.38000000003294,1363.8479217490244
3220,48.59232972103443,234.40000000003295,1363.8812838880906
3221,48.59232972103443,234.42000000003296,1363.914645044597
3222,48.59232972103443,234.44000000003297,1363.948005218416
3223,48.59232972103443,234.46000000003298,1363.98136440942
3224,48.59232972103443,234.480000000033,1364.014722617481
3225,48.59232972103443,234.500000000033,1364.048079842472
3226,48.503807799506255,234.520000000033,1364.0814360842646
3227,48.503807799506255,234.54000000003302,1364.1147913427317
3228,48.503807799506255,234.56000000003303,1364.1481456177453
3229,48.503807799506255,234.58000000003304,1364.181498909178
3230,48.503807799506255,234.60000000003305,1364.2148512169017
3231,48.503807799506255,234.62000000003306,1364.2482025407892
3232,48.503807799506255,234.64000000003307,1364.2815528807125
3233,48.503807799506255,234.66000000003308,1364.314902236544
3234,48.503807799506255,234.6800000000331,1364.348250608156
3235,48.503807799506255,234.7000000000331,1364.3815979954209
3236,48.503807799506255,234.7200000000331,1364.414944398211
3237,48.503807799506255,234.74000000003312,1364.4482898163988
3238,48.503807799506255,234.76000000003313,1364.4816342498564
3239,48.503807799506255,234.78000000003314,1364.514977698456
3240,48.503807799506255,234.80000000003315,1364.5483201620702
3241,48.503807799506255,234.82000000003316,1364.5816616405712
3242,48.503807799506255,234.84000000003317,1364.6150021358305
3243,48.503807799506255,234.86000000003318,1364.6483416582819
3244,48.503807799506255,234.8800000000332,1364.6816802087496
3245,48.503807799506255,234.9000000000332,1364.7150177871072
3246,48.503807799506255,234.9200000000332,1364.7483543932276
3247,48.503807799506255,234.94000000003322,1364.781690026984
3248,48.503807799506255,234.96000000003323,1364.8150246882499
3249,48.503807799506255,234.98000000003324,1364.8483583768982
3250,48.503807799506255,235.00000000003325,1364.8816910928022
3251,48.503807799506255,235.02000000003326,1364.9150228358349
3252,48.503807799506255,235.04000000003327,1364.9483536058697
3253,48.503807799506255,235.06000000003328,1364.9816834027797
3254,48.503807799506255,235.0800000000333,1365.015012226438
3255,48.503807799506255,235.1000000000333,1365.0483400767182
3256,48.503807799506255,235.12000000003331,1365.0816669534931
3257,48.503807799506255,235.14000000003333,1365.114992856636
3258,48.503807799506255,235.16000000003334,1365.14831778602
3259,48.503807799506255,235.18000000003335,1365.1816417415184
3260,48.503807799506255,235.20000000003336,1365.2149647230044
3261,48.503807799506255,235.22000000003337,1365.248286730351
3262,48.503807799506255,235.24000000003338,1365.2816077634316
3263,48.503807799506255,235.2600000000334,1365.3149278221192
3264,48.503807799506255,235.2800000000334,1365.3482469062872
3265,48.503807799506255,235.3000000000334,1365.3815650158085
3266,48.503807799506255,235.32000000003342,1365.4148821505564
3267,48.503807799506255,235.34000000003343,1365.4481983104042
3268,48.503807799506255,235.36000000003344,1365.481513495225
3269,48.503807799506255,235.38000000003345,1365.514827704892
3270,48.503807799506255,235.40000000003346,1365.5481409392783
3271,48.503807799506255,235.42000000003347,1365.581453198257
3272,48.503807799506255,235.44000000003348,1365.6147644817013
3273,48.503807799506255,235.4600000000335,1365.6480747894846
3274,48.503807799506255,235.4800000000335,1365.6813841214798
3275,48.503807799506255,235.5000000000335,1365.7146924775604
3276,48.503807799506255,235.52000000003352,1365.7479998575993
3277,48.503807799506255,235.54000000003353,1365.7813062614698
3278,48.503807799506255,235.56000000003354,1365.814611689045
3279,48.503807799506255,235.58000000003355,1365.847916140198
3280,48.503807799506255,235.60000000003356,1365.8812196148024
3281,48.503807799506255,235.62000000003357,1365.914522112731
3282,48.503807799506255,235.64000000003358,1365.9478236338568
3283,48.503807799506255,235.6600000000336,1365.9811241780533
3284,48.503807799506255,235.6800000000336,1366.0144237451937
3285,48.503807799506255,235.7000000000336,1366.0477223351509
3286,48.503807799506255,235.72000000003362,1366.0810199477983
3287,48.503807799506255,235.74000000003363,1366.1143165830088
3288,48.503807799506255,235.76000000003364,1366.1476122406557
3289,48.503807799506255,235.78000000003365,1366.1809069206122
3290,48.503807799506255,235.80000000003366,1366.2142006227516
3291,48.503807799506255,235.82000000003367,1366.2474933469468
3292,48.503807799506255,235.84000000003368,1366.2807850930712
3293,48.503807799506255,235.8600000000337,1366.3140758638858
3294,48.503807799506255,235.8800000000337,1366.3473656695146
3295,48.503807799506255,235.9000000000337,1366.3806545106495
3296,48.503807799506255,235.92000000003372,1366.4139423871645
3297,48.503807799506255,235.94000000003373,1366.4472292989335
3298,48.503807799506255,235.96000000003374,1366.4805152458305
3299,48.503807799506255,235.98000000003375,1366.5138002277292
3300,48.503807799506255,236.00000000003376,1366.5470842445038
3301,48.503807799506255,236.02000000003378,1366.580367296028
3302,48.503807799506255,236.04000000003379,1366.613649382176
3303,48.503807799506255,236.0600000000338,1366.6469305028213
3304,48.503807799506255,236.0800000000338,1366.6802106578382
3305,48.503807799506255,236.10000000003382,1366.7134898471006
3306,48.503807799506255,236.12000000003383,1366.7467680704824
3307,48.503807799506255,236.14000000003384,1366.7800453278576
3308,48.503807799506255,236.16000000003385,1366.8133216191
3309,48.503807799506255,236.18000000003386,1366.8465969440836
3310,48.503807799506255,236.20000000003387,1366.8798713026822
3311,48.503807799506255,236.22000000003388,1366.91314469477
3312,48.503807799506255,236.2400000000339,1366.9464171202205
3313,48.503807799506255,236.2600000000339,1366.979688578908
3314,48.503807799506255,236.2800000000339,1367.0129590707063
3315,48.503807799506255,236.30000000003392,1367.0462285954893
3316,48.503807799506255,236.32000000003393,1367.079497153131
3317,48.503807799506255,236.34000000003394,1367.112764743505
3318,48.503807799506255,236.36000000003395,1367.1460313664857
3319,48.503807799506255,236.38000000003396,1367.1792970219467
3320,48.503807799506255,236.40000000003397,1367.212561709762
3321,48.503807799506255,236.42000000003398,1367.2458254298056
3322,48.503807799506255,236.440000000034,1367.2790881819512
3323,48.503807799506255,236.460000000034,1367.312349966073
3324,48.503807799506255,236.480000000034,1367.3456107820448
3325,48.503807799506255,236.50000000003402,1367.3788706297405
3326,48.503807799506255,236.52000000003403,1367.412129509034
3327,48.503807799506255,236.54000000003404,1367.4453874197993
3328,48.503807799506255,236.56000000003405,1367.4786443619103
3329,48.41555432311622,236.58000000003406,1367.5119003352409
3330,48.41555432311622,236.60000000003407,1367.545155339665
3331,48.41555432311622,236.62000000003408,1367.5784093750563
3332,48.41555432311622,236.6400000000341,1367.611662441289
3333,48.41555432311622,236.6600000000341,1367.644914538237
3334,48.41555432311622,236.6800000000341,1367.678165665774
3335,48.41555432311622,236.70000000003412,1367.7114158237741
3336,48.41555432311622,236.72000000003413,1367.7446650121112
3337,48.41555432311622,236.74000000003414,1367.7779132306591
3338,48.41555432311622,236.76000000003415,1367.8111604792919
3339,48.41555432311622,236.78000000003416,1367.8444067578832
3340,48.41555432311622,236.80000000003417,1367.8776520663073
3341,48.41555432311622,236.82000000003418,1367.9108964044378
3342,48.41555432311622,236.8400000000342,1367.9441397721487
3343,48.41555432311622,236.8600000000342,1367.9773821693138
3344,48.41555432311622,236.88000000003422,1368.0106235993414
3345,48.41555432311622,236.90000000003423,1368.0438640712403
3346,48.41555432311622,236.92000000003424,1368.0771035855073
3347,48.41555432311622,236.94000000003425,1368.1103421420175
3348,48.41555432311622,236.96000000003426,1368.1435797406455
3349,48.41555432311622,236.98000000003427,1368.1768163812658
3350,48.41555432311622,237.00000000003428,1368.2100520637532
3351,48.41555432311622,237.0200000000343,1368.2432867879822
3352,48.41555432311622,237.0400000000343,1368.2765205538278
3353,48.41555432311622,237.0600000000343,1368.3097533611647
3354,48.41555432311622,237.08000000003432,1368.3429852098675
3355,48.41555432311622,237.10000000003433,1368.376216099811
3356,48.41555432311622,237.12000000003434,1368.4094460308697
3357,48.41555432311622,237.14000000003435,1368.4426750029186
3358,48.41555432311622,237.16000000003436,1368.475903015832
3359,48.41555432311622,237.18000000003437,1368.509130069485
3360,48.41555432311622,237.20000000003438,1368.5423561637522
3361,48.41555432311622,237.2200000000344,1368.575581298508
3362,48.41555432311622,237.2400000000344,1368.6088054736274
3363,48.41555432311622,237.2600000000344,1368.642028688985
3364,48.41555432311622,237.28000000003442,1368.6752509444555
3365,48.41555432311622,237.30000000003443,1368.7084722399136
3366,48.41555432311622,237.32000000003444,1368.741692575234
3367,48.41555432311622,237.34000000003445,1368.7749119502917
3368,48.41555432311622,237.36000000003446,1368.8081303649608
3369,48.41555432311622,237.38000000003447,1368.8413478191164
3370,48.41555432311622,237.40000000003448,1368.874564312633
3371,48.41555432311622,237.4200000000345,1368.9077798453854
3372,48.41555432311622,237.4400000000345,1368.9409944172482
3373,48.41555432311622,237.4600000000345,1368.9742080280964
3374,48.41555432311622,237.48000000003452,1369.0074206778042
3375,48.41555432311622,237.50000000003453,1369.0406323662467
3376,48.41555432311622,237.52000000003454,1369.0738430932984
3377,48.41555432311622,237.54000000003455,1369.1070528588339
3378,48.41555432311622,237.56000000003456,1369.140261662728
3379,48.41555432311622,237.58000000003457,1369.1734695048556
3380,48.41555432311622,237.60000000003458,1369.206676385091
3381,48.41555432311622,237.6200000000346,1369.239882303309
3382,48.41555432311622,237.6400000000346,1369.2730872593845
3383,48.41555432311622,237.66000000003461,1369.306291253192
3384,48.41555432311622,237.68000000003462,1369.3394942846062
3385,48.41555432311622,237.70000000003463,1369.3726963535019
3386,48.41555432311622,237.72000000003464,1369.4058974597535
3387,48.41555432311622,237.74000000003466,1369.439097603236
3388,48.41555432311622,237.76000000003467,1369.4722967838238
3389,48.41555432311622,237.78000000003468,1369.5054950013919
3390,48.41555432311622,237.8000000000347,1369.5386922558146
3391,48.41555432311622,237.8200000000347,1369.5718885469669
3392,48.41555432311622,237.8400000000347,1369.6050838747233
3393,48.41555432311622,237.86000000003472,1369.6382782389585
3394,48.41555432311622,237.88000000003473,1369.6714716395472
3395,48.41555432311622,237.90000000003474,1369.7046640808132
3396,48.41555432311622,237.92000000003475,1369.7378555713972
3397,48.41555432311622,237.94000000003476,1369.7710461116542
3398,48.41555432311622,237.96000000003477,1369.8042357014594
3399,48.41555432311622,237.98000000003478,1369.8374243406884
3400,48.41555432311622,238.0000000000348,1369.870612029216
3401,48.41555432311622,238.0200000000348,1369.9037987669178
3402,48.41555432311622,238.0400000000348,1369.936984553669
3403,48.41555432311622,238.06000000003482,1369.9701693893446
3404,48.41555432311622,238.08000000003483,1370.0033532740842
3405,48.41555432311622,238.10000000003484,1370.036536216653
3406,48.41555432311622,238.12000000003485,1370.0697182234408
3407,48.41555432311622,238.14000000003486,1370.1028992943213
3408,48.41555432311622,238.16000000003487,1370.1360794291686
3409,48.41555432311622,238.18000000003488,1370.1692586278566
3410,48.41555432311622,238.2000000000349,1370.2024368902594
3411,48.41555432311622,238.2200000000349,1370.235614216251
3412,48.41555432311622,238.2400000000349,1370.2687906057051
3413,48.41555432311622,238.26000000003492,1370.3019660584962
3414,48.41555432311622,238.28000000003493,1370.335140574498
3415,48.41555432311622,238.30000000003494,1370.3683141535844
3416,48.41555432311622,238.32000000003495,1370.4014867956294
3417,48.41555432311622,238.34000000003496,1370.434658500507
3418,48.41555432311622,238.36000000003497,1370.4678292680915
3419,48.41555432311622,238.38000000003498,1370.5009990982564
3420,48.41555432311622,238.400000000035,1370.5341679908759
3421,48.41555432311622,238.420000000035,1370.567335945824
3422,48.41555432311622,238.440000000035,1370.6005029629746
3423,48.41555432311622,238.46000000003502,1370.6336690422017
3424,48.41555432311622,238.48000000003503,1370.6668341833793
3425,48.41555432311622,238.50000000003504,1370.6999983863814
3426,48.41555432311622,238.52000000003505,1370.733161651082
3427,48.41555432311622,238.54000000003506,1370.766323977355
3428,48.41555432311622,238.56000000003507,1370.7994853650741
3429,48.41555432311622,238.58000000003508,1370.832645814114
3430,48.41555432311622,238.6000000000351,1370.865805324348
3431,48.41555432311622,238.6200000000351,1370.8989638956502
3432,48.41555432311622,238.64000000003512,1370.9321215278949
3433,48.41555432311622,238.66000000003513,1370.9652782209557
3434,48.41555432311622,238.68000000003514,1370.9984339747068
3435,48.41555432311622,238.70000000003515,1371.031588789022
3436,48.41555432311622,238.72000000003516,1371.0647426637752
3437,48.32756815355111,238.74000000003517,1371.0978955988405
3438,48.32756815355111,238.76000000003518,1371.131047594092
3439,48.32756815355111,238.7800000000352,1371.1641986494035
3440,48.32756815355111,238.8000000000352,1371.197348764649
3441,48.32756815355111,238.8200000000352,1371.2304979397024
3442,48.32756815355111,238.84000000003522,1371.2636461744378
3443,48.32756815355111,238.86000000003523,1371.2967934687292
3444,48.32756815355111,238.88000000003524,1371.3299398224503
3445,48.32756815355111,238.90000000003525,1371.3630852354754
3446,48.32756815355111,238.92000000003526,1371.3962297126798
3447,48.32756815355111,238.94000000003527,1371.4293732616636
3448,48.32756815355111,238.96000000003528,1371.4625158826043
3449,48.32756815355111,238.9800000000353,1371.4956575753765
3450,48.32756815355111,239.0000000000353,1371.528798339855
3451,48.32756815355111,239.0200000000353,1371.5619381759143
3452,48.32756815355111,239.04000000003532,1371.595077083429
3453,48.32756815355111,239.06000000003533,1371.6282150622742
3454,48.32756815355111,239.08000000003534,1371.6613521123243
3455,48.32756815355111,239.10000000003535,1371.694488233454
3456,48.32756815355111,239.12000000003536,1371.7276234255378
3457,48.32756815355111,239.14000000003537,1371.7607576884507
3458,48.32756815355111,239.16000000003538,1371.793891022067
3459,48.32756815355111,239.1800000000354,1371.8270234262618
3460,48.32756815355111,239.2000000000354,1371.8601549009093
3461,48.32756815355111,239.2200000000354,1371.8932854458844
3462,48.32756815355111,239.24000000003542,1371.9264150610618
3463,48.32756815355111,239.26000000003543,1371.959543746316
3464,48.32756815355111,239.28000000003544,1371.992671501522
3465,48.32756815355111,239.30000000003545,1372.0257983265542
3466,48.32756815355111,239.32000000003546,1372.0589242212873
3467,48.32756815355111,239.34000000003547,1372.0920491855961
3468,48.32756815355111,239.36000000003548,1372.125173219355
3469,48.32756815355111,239.3800000000355,1372.158296322439
3470,48.32756815355111,239.4000000000355,1372.1914184947225
3471,48.32756815355111,239.42000000003551,1372.2245397360803
3472,48.32756815355111,239.44000000003552,1372.257660046387
3473,48.32756815355111,239.46000000003554,1372.290779425517
3474,48.32756815355111,239.48000000003555,1372.3238978733455
3475,48.32756815355111,239.50000000003556,1372.3570153897467
3476,48.32756815355111,239.52000000003557,1372.3901319745955
3477,48.32756815355111,239.54000000003558,1372.4232476277664
3478,48.32756815355111,239.5600000000356,1372.4563623491342
3479,48.32756815355111,239.5800000000356,1372.4894761385735
3480,48.32756815355111,239.6000000000356,1372.5225889959588
3481,48.32756815355111,239.62000000003562,1372.555700921165
3482,48.32756815355111,239.64000000003563,1372.5888119140666
3483,48.32756815355111,239.66000000003564,1372.6219219745383
3484,48.32756815355111,239.68000000003565,1372.6550311024546
3485,48.32756815355111,239.70000000003566,1372.6881392976902
3486,48.32756815355111,239.72000000003567,1372.7212465601199
3487,48.32756815355111,239.74000000003568,1372.7543528896183
3488,48.32756815355111,239.7600000000357,1372.78745828606
3489,48.32756815355111,239.7800000000357,1372.8205627493196
3490,48.32756815355111,239.8000000000357,1372.853666279272
3491,48.32756815355111,239.82000000003572,1372.8867688757914
3492,48.32756815355111,239.84000000003573,1372.9198705387528
3493,48.32756815355111,239.86000000003574,1372.9529712680308
3494,48.32756815355111,239.88000000003575,1372.9860710635
3495,48.32756815355111,239.90000000003576,1373.0191699250352
3496,48.32756815355111,239.92000000003577,1373.0522678525106
3497,48.32756815355111,239.94000000003578,1373.0853648517448
3498,48.32756815355111,239.9600000000358,1373.1184609299376
3499,48.32756815355111,239.9800000000358,1373.1515560871173
3500,48.32756815355111,240.0000000000358,1373.1846503231593
3501,48.32756815355111,240.02000000003582,1373.2177436379384
3502,48.32756815355111,240.04000000003583,1373.2508360313298
3503,48.32756815355111,240.06000000003584,1373.2839275032084
3504,48.32756815355111,240.08000000003585,1373.3170180534491
3505,48.32756815355111,240.10000000003586,1373.3501076819273
3506,48.32756815355111,240.12000000003587,1373.3831963885177
3507,48.32756815355111,240.14000000003588,1373.4162841730954
3508,48.32756815355111,240.1600000000359,1373.4493710355355
3509,48.32756815355111,240.1800000000359,1373.482456975713
3510,48.32756815355111,240.2000000000359,1373.515541993503
3511,48.32756815355111,240.22000000003592,1373.54862608878
3512,48.32756815355111,240.24000000003593,1373.5817092614197
3513,48.32756815355111,240.26000000003594,1373.614791511297
3514,48.32756815355111,240.28000000003595,1373.6478728382865
3515,48.32756815355111,240.30000000003596,1373.6809532422635
3516,48.32756815355111,240.32000000003598,1373.7140327231032
3517,48.32756815355111,240.34000000003599,1373.7471112806802
3518,48.32756815355111,240.360000000036,1373.7801889148698
3519,48.32756815355111,240.380000000036,1373.813265625547
3520,48.32756815355111,240.40000000003602,1373.8463414125868
3521,48.32756815355111,240.42000000003603,1373.879416275864
3522,48.32756815355111,240.44000000003604,1373.912490215254
3523,48.32756815355111,240.46000000003605,1373.9455632306315
3524,48.32756815355111,240.48000000003606,1373.9786353218715
3525,48.32756815355111,240.50000000003607,1374.011706488849
3526,48.32756815355111,240.52000000003608,1374.0447767314392
3527,48.32756815355111,240.5400000000361,1374.0778460495171
3528,48.32756815355111,240.5600000000361,1374.1109144429577
3529,48.32756815355111,240.5800000000361,1374.1439819116358
3530,48.32756815355111,240.60000000003612,1374.1770484554265
3531,48.32756815355111,240.62000000003613,1374.210114074205
3532,48.32756815355111,240.64000000003614,1374.243178767846
3533,48.32756815355111,240.66000000003615,1374.2762425362248
3534,48.32756815355111,240.68000000003616,1374.309305379216
3535,48.32756815355111,240.70000000003617,1374.342367296695
3536,48.32756815355111,240.72000000003618,1374.3754282885368
3537,48.32756815355111,240.7400000000362,1374.408488354616
3538,48.32756815355111,240.7600000000362,1374.441547494808
3539,48.32756815355111,240.7800000000362,1374.4746057089876
3540,48.23984815869622,240.80000000003622,1374.5076629970297
3541,48.23984815869622,240.82000000003623,1374.5407193588096
3542,48.23984815869622,240.84000000003624,1374.573774794202
3543,48.23984815869622,240.86000000003625,1374.6068293030821
3544,48.23984815869622,240.88000000003626,1374.6398828853248
3545,48.23984815869622,240.90000000003627,1374.6729355408052
3546,48.23984815869622,240.92000000003628,1374.705987269398
3547,48.23984815869622,240.9400000000363,1374.739038070983
3548,48.23984815869622,240.9600000000363,1374.7720879518754
3549,48.23984815869622,240.9800000000363,1374.8051369183495
3550,48.23984815869622,241.00000000003632,1374.838184970282
3551,48.23984815869622,241.02000000003633,1374.8712321075493
3552,48.23984815869622,241.04000000003634,1374.9042783300276
3553,48.23984815869622,241.06000000003635,1374.9373236375936
3554,48.23984815869622,241.08000000003636,1374.9703680301236
3555,48.23984815869622,241.10000000003637,1375.0034115074939
3556,48.23984815869622,241.12000000003638,1375.036454069581
3557,48.23984815869622,241.1400000000364,1375.0694957162614
3558,48.23984815869622,241.1600000000364,1375.1025364474112
3559,48.23984815869622,241.18000000003642,1375.1355762629073
3560,48.23984815869622,241.20000000003643,1375.1686151626257
3561,48.23984815869622,241.22000000003644,1375.2016531464428
3562,48.23984815869622,241.24000000003645,1375.2346902142353
3563,48.23984815869622,241.26000000003646,1375.2677263658795
3564,48.23984815869622,241.28000000003647,1375.3007616012517
3565,48.23984815869622,241.30000000003648,1375.3337959202283
3566,48.23984815869622,241.3200000000365,1375.366829322686
3567,48.23984815869622,241.3400000000365,1375.3998618085009
3568,48.23984815869622,241.3600000000365,1375.4328933775494
3569,48.23984815869622,241.38000000003652,1375.465924029708
3570,48.23984815869622,241.40000000003653,1375.4989537648532
3571,48.23984815869622,241.42000000003654,1375.5319825828612
3572,48.23984815869622,241.44000000003655,1375.5650104836086
3573,48.23984815869622,241.46000000003656,1375.5980374669716
3574,48.23984815869622,241.48000000003657,1375.6310635328266
3575,48.23984815869622,241.50000000003658,1375.66408868105
3576,48.23984815869622,241.5200000000366,1375.6971129115184
3577,48.23984815869622,241.5400000000366,1375.730136224108
3578,48.23984815869622,241.5600000000366,1375.7631586186953
3579,48.23984815869622,241.58000000003662,1375.7961800951566
3580,48.23984815869622,241.60000000003663,1375.8292006533684
3581,48.23984815869622,241.62000000003664,1375.862220293207
3582,48.23984815869622,241.64000000003665,1375.8952390145487
3583,48.23984815869622,241.66000000003666,1375.92825681727
3584,48.23984815869622,241.68000000003667,1375.9612737012474
3585,48.23984815869622,241.70000000003668,1375.9942896663572
3586,48.23984815869622,241.7200000000367,1376.0273047124756
3587,48.23984815869622,241.7400000000367,1376.0603188394794
3588,48.23984815869622,241.7600000000367,1376.0933320472445
3589,48.23984815869622,241.78000000003672,1376.1263443356477
3590,48.23984815869622,241.80000000003673,1376.159355704565
3591,48.23984815869622,241.82000000003674,1376.1923661538733
3592,48.23984815869622,241.84000000003675,1376.2253756834486
3593,48.23984815869622,241.86000000003676,1376.2583842931674
3594,48.23984815869622,241.88000000003677,1376.291391982906
3595,48.23984815869622,241.90000000003678,1376.3243987525407
3596,48.23984815869622,241.9200000000368,1376.357404601948
3597,48.23984815869622,241.9400000000368,1376.3904095310043
3598,48.23984815869622,241.9600000000368,1376.423413539745
3599,48.23984815869622,241.98000000003682,1376.4564166352332
3600,48.23984815869622,242.00000000003683,1376.4894188230985
3601,48.23984815869622,242.02000000003684,1376.5224201032172
3602,48.23984815869622,242.04000000003685,1376.555420475465
3603,48.23984815869622,242.06000000003687,1376.5884199397183
3604,48.23984815869622,242.08000000003688,1376.6214184958528
3605,48.23984815869622,242.10000000003689,1376.6544161437448
3606,48.23984815869622,242.1200000000369,1376.6874128832703
3607,48.23984815869622,242.1400000000369,1376.7204087143054
3608,48.23984815869622,242.16000000003692,1376.753403636726
3609,48.23984815869622,242.18000000003693,1376.7863976504084
3610,48.23984815869622,242.20000000003694,1376.8193907552284
3611,48.23984815869622,242.22000000003695,1376.852382951062
3612,48.23984815869622,242.24000000003696,1376.8853742377855
3613,48.23984815869622,242.26000000003697,1376.9183646152746
3614,48.23984815869622,242.28000000003698,1376.9513540834057
3615,48.23984815869622,242.300000000037,1376.9843426420546
3616,48.23984815869622,242.320000000037,1377.0173302910973
3617,48.23984815869622,242.340000000037,1377.05031703041
3618,48.23984815869622,242.36000000003702,1377.0833028598688
3619,48.23984815869622,242.38000000003703,1377.1162877793495
3620,48.23984815869622,242.40000000003704,1377.1492717887284
3621,48.23984815869622,242.42000000003705,1377.1822548878813
3622,48.23984815869622,242.44000000003706,1377.2152370766844
3623,48.23984815869622,242.46000000003707,1377.2482183550135
3624,48.23984815869622,242.48000000003708,1377.2811987227449
3625,48.23984815869622,242.5000000000371,1377.3141781797544
3626,48.23984815869622,242.5200000000371,1377.3471567259182
3627,48.23984815869622,242.5400000000371,1377.3801343611124
3628,48.23984815869622,242.56000000003712,1377.4131110852127
3629,48.23984815869622,242.58000000003713,1377.4460868980952
3630,48.23984815869622,242.60000000003714,1377.4790617996364
3631,48.23984815869622,242.62000000003715,1377.5120357897117
3632,48.23984815869622,242.64000000003716,1377.5450088681976
3633,48.23984815869622,242.66000000003717,1377.5779810349698
3634,48.23984815869622,242.68000000003718,1377.6109522899044
3635,48.23984815869622,242.7000000000372,1377.6439226328775
3636,48.23984815869622,242.7200000000372,1377.6768920637653
3637,48.23984815869622,242.7400000000372,1377.7098605824435
3638,48.23984815869622,242.76000000003722,1377.7428281887883
3639,48.23984815869622,242.78000000003723,1377.7757948826757
3640,48.23984815869622,242.80000000003724,1377.8087606639815
3641,48.23984815869622,242.82000000003725,1377.841725532582
3642,48.23984815869622,242.84000000003726,1377.874689488353
3643,48.23984815869622,242.86000000003727,1377.9076525311707
3644,48.15239321259412,242.88000000003728,1377.940614660911
3645,48.15239321259412,242.9000000000373,1377.97357587745
3646,48.15239321259412,242.9200000000373,1378.0065361806637
3647,48.15239321259412,242.94000000003732,1378.039495570428
3648,48.15239321259412,242.96000000003733,1378.072454046619
3649,48.15239321259412,242.98000000003734,1378.1054116094185
3650,48.15239321259412,243.00000000003735,1378.1383682663081
3651,48.15239321259412,243.02000000003736,1378.1713240220201
3652,48.15239321259412,243.04000000003737,1378.2042788764327
3653,48.15239321259412,243.06000000003738,1378.2372328294239
3654,48.15239321259412,243.0800000000374,1378.2701858808716
3655,48.15239321259412,243.1000000000374,1378.3031380306543
3656,48.15239321259412,243.1200000000374,1378.3360892786498
3657,48.15239321259412,243.14000000003742,1378.3690396247364
3658,48.15239321259412,243.16000000003743,1378.401989068792
3659,48.15239321259412,243.18000000003744,1378.434937610695
3660,48.15239321259412,243.20000000003745,1378.4678852503232
3661,48.15239321259412,243.22000000003746,1378.5008319875546
3662,48.15239321259412,243.24000000003747,1378.5337778222677
3663,48.15239321259412,243.26000000003748,1378.5667227543402
3664,48.15239321259412,243.2800000000375,1378.5996667836505
3665,48.15239321259412,243.3000000000375,1378.6326099100766
3666,48.15239321259412,243.3200000000375,1378.6655521334965
3667,48.15239321259412,243.34000000003752,1378.6984934537884
3668,48.15239321259412,243.36000000003753,1378.7314338708302
3669,48.15239321259412,243.38000000003754,1378.7643733845002
3670,48.15239321259412,243.40000000003755,1378.7973119946764
3671,48.15239321259412,243.42000000003756,1378.830249701237
3672,48.15239321259412,243.44000000003757,1378.8631865040602
3673,48.15239321259412,243.46000000003758,1378.8961224030238
3674,48.15239321259412,243.4800000000376,1378.9290573980059
3675,48.15239321259412,243.5000000000376,1378.9619914888847
3676,48.15239321259412,243.5200000000376,1378.9949246755382
3677,48.15239321259412,243.54000000003762,1379.0278569578445
3678,48.15239321259412,243.56000000003763,1379.0607883356818
3679,48.15239321259412,243.58000000003764,1379.093718808928
3680,48.15239321259412,243.60000000003765,1379.1266483774614
3681,48.15239321259412,243.62000000003766,1379.15957704116
3682,48.15239321259412,243.64000000003767,1379.1925047999018
3683,48.15239321259412,243.66000000003768,1379.225431653565
3684,48.15239321259412,243.6800000000377,1379.2583576020274
3685,48.15239321259412,243.7000000000377,1379.2912826451675
3686,48.15239321259412,243.72000000003771,1379.324206782863
3687,48.15239321259412,243.74000000003772,1379.3571300149922
3688,48.15239321259412,243.76000000003773,1379.3900523414331
3689,48.15239321259412,243.78000000003775,1379.4229737620637
3690,48.15239321259412,243.80000000003776,1379.4558942767624
3691,48.15239321259412,243.82000000003777,1379.488813885407
3692,48.15239321259412,243.84000000003778,1379.5217325878752
3693,48.15239321259412,243.8600000000378,1379.5546503840458
3694,48.15239321259412,243.8800000000378,1379.5875672737964
3695,48.15239321259412,243.9000000000378,1379.6204832570052
3696,48.15239321259412,243.92000000003782,1379.6533983335503
3697,48.15239321259412,243.94000000003783,1379.6863125033099
3698,48.15239321259412,243.96000000003784,1379.7192257661618
3699,48.15239321259412,243.98000000003785,1379.7521381219842
3700,48.15239321259412,244.00000000003786,1379.7850495711086
3701,48.15239321259412,244.02000000003787,1379.817960121572
3702,48.15239321259412,244.04000000003788,1379.8508697773289
3703,48.15239321259412,244.0600000000379,1379.8837785382564
3704,48.15239321259412,244.0800000000379,1379.9166864042318
3705,48.15239321259412,244.1000000000379,1379.9495933751323
3706,48.15239321259412,244.12000000003792,1379.9824994508351
3707,48.15239321259412,244.14000000003793,1380.0154046324021
3708,48.15239321259412,244.16000000003794,1380.048308932041
3709,48.15239321259412,244.18000000003795,1380.0812123512965
3710,48.15239321259412,244.20000000003796,1380.1141148900451
3711,48.15239321259412,244.22000000003797,1380.1470165481637
3712,48.15239321259412,244.24000000003798,1380.1799173255288
3713,48.15239321259412,244.260000000038,1380.212817222017
3714,48.15239321259412,244.280000000038,1380.2457162375051
3715,48.15239321259412,244.300000000038,1380.2786143718695
3716,48.15239321259412,244.32000000003802,1380.311511624987
3717,48.15239321259412,244.34000000003803,1380.344407996734
3718,48.15239321259412,244.36000000003804,1380.377303486987
3719,48.15239321259412,244.38000000003805,1380.4101980956232
3720,48.15239321259412,244.40000000003806,1380.4430918225187
3721,48.15239321259412,244.42000000003807,1380.4759846675504
3722,48.15239321259412,244.44000000003808,1380.5088766305948
3723,48.15239321259412,244.4600000000381,1380.5417677115286
3724,48.15239321259412,244.4800000000381,1380.574657910228
3725,48.15239321259412,244.5000000000381,1380.6075472265702
3726,48.15239321259412,244.52000000003812,1380.6404356604314
3727,48.15239321259412,244.54000000003813,1380.6733232116885
3728,48.15239321259412,244.56000000003814,1380.706209880218
3729,48.15239321259412,244.58000000003815,1380.7390956658965
3730,48.15239321259412,244.60000000003816,1380.7719805686004
3731,48.15239321259412,244.62000000003817,1380.8048645882066
3732,48.15239321259412,244.64000000003819,1380.8377477245915
3733,48.15239321259412,244.6600000000382,1380.8706299776318
3734,48.15239321259412,244.6800000000382,1380.9035113472041
3735,48.15239321259412,244.70000000003822,1380.936391833185
3736,48.15239321259412,244.72000000003823,1380.9692714354512
3737,48.15239321259412,244.74000000003824,1381.0021501538793
3738,48.15239321259412,244.76000000003825,1381.0350279883457
3739,48.15239321259412,244.78000000003826,1381.0679049387272
3740,48.15239321259412,244.80000000003827,1381.1007810049002
3741,48.15239321259412,244.82000000003828,1381.1336561867415
3742,48.15239321259412,244.8400000000383,1381.1665304841276
3743,48.15239321259412,244.8600000000383,1381.199403896935
3744,48.15239321259412,244.8800000000383,1381.2322764250407
3745,48.15239321259412,244.90000000003832,1381.2651480683207
3746,48.15239321259412,244.92000000003833,1381.298018826652
3747,48.15239321259412,244.94000000003834,1381.330888699911
3748,48.15239321259412,244.96000000003835,1381.3637576879744
3749,48.15239321259412,244.98000000003836,1381.3966257907186
3750,48.15239321259412,245.00000000003837,1381.4294930080205
3751,48.15239321259412,245.02000000003838,1381.4623593403628
3752,48.15239321259412,245.0400000000384,1381.4952247964236
3753,48.06520219540382,245.0600000000384,1381.5280893794263
3754,48.06520219540382,245.0800000000384,1381.560953089249
3755,48.06520219540382,245.10000000003842,1381.5938159257696
3756,48.06520219540382,245.12000000003843,1381.6266778888662
3757,48.06520219540382,245.14000000003844,1381.6595389784165
3758,48.06520219540382,245.16000000003845,1381.6923991942988
3759,48.06520219540382,245.18000000003846,1381.725258536391
3760,48.06520219540382,245.20000000003847,1381.758117004571
3761,48.06520219540382,245.22000000003848,1381.790974598717
3762,48.06520219540382,245.2400000000385,1381.8238313187067
3763,48.06520219540382,245.2600000000385,1381.8566871644182
3764,48.06520219540382,245.2800000000385,1381.8895421357295
3765,48.06520219540382,245.30000000003852,1381.9223962325186
3766,48.06520219540382,245.32000000003853,1381.9552494546635
3767,48.06520219540382,245.34000000003854,1381.9881018020421
3768,48.06520219540382,245.36000000003855,1382.0209532745325
3769,48.06520219540382,245.38000000003856,1382.0538038720126
3770,48.06520219540382,245.40000000003857,1382.0866535943603
3771,48.06520219540382,245.42000000003858,1382.1195024414537
3772,48.06520219540382,245.4400000000386,1382.1523504131708
3773,48.06520219540382,245.4600000000386,1382.1851975093896
3774,48.06520219540382,245.48000000003861,1382.2180437299878
3775,48.06520219540382,245.50000000003863,1382.2508890748436
3776,48.06520219540382,245.52000000003864,1382.283733543835
3777,48.06520219540382,245.54000000003865,1382.3165771368401
3778,48.06520219540382,245.56000000003866,1382.3494198537367
3779,48.06520219540382,245.58000000003867,1382.3822616944026
3780,48.06520219540382,245.60000000003868,1382.415102658716
3781,48.06520219540382,245.6200000000387,1382.4479427465546
3782,48.06520219540382,245.6400000000387,1382.4807819577968
3783,48.06520219540382,245.6600000000387,1382.5136202923202
3784,48.06520219540382,245.68000000003872,1382.546457750003
3785,48.06520219540382,245.70000000003873,1382.5792943307229
3786,48.06520219540382,245.72000000003874,1382.612130034358
3787,48.06520219540382,245.74000000003875,1382.6449648607863
3788,48.06520219540382,245.76000000003876,1382.6777988098859
3789,48.06520219540382,245.78000000003877,1382.7106318815345
3790,48.06520219540382,245.80000000003878,1382.74346407561
3791,48.06520219540382,245.8200000000388,1382.7762953919907
3792,48.06520219540382,245.8400000000388,1382.8091258305544
3793,48.06520219540382,245.8600000000388,1382.841955391179
3794,48.06520219540382,245.88000000003882,1382.8747840737426
3795,48.06520219540382,245.90000000003883,1382.907611878123
3796,48.06520219540382,245.92000000003884,1382.940438804198
3797,48.06520219540382,245.94000000003885,1382.9732648518461
3798,48.06520219540382,245.96000000003886,1383.0060900209448
3799,48.06520219540382,245.98000000003887,1383.0389143113723
3800,48.06520219540382,246.00000000003888,1383.0717377230062
3801,48.06520219540382,246.0200000000389,1383.1045602557247
3802,48.06520219540382,246.0400000000389,1383.1373819101345
3803,48.06520219540382,246.0600000000389,1383.1702026951718
3804,48.06520219540382,246.08000000003892,1383.2030226132129
3805,48.06520219540382,246.10000000003893,1383.2358416641357
3806,48.06520219540382,246.12000000003894,1383.2686598478183
3807,48.06520219540382,246.14000000003895,1383.3014771641388
3808,48.06520219540382,246.16000000003896,1383.334293612975
3809,48.06520219540382,246.18000000003897,1383.367109194205
3810,48.06520219540382,246.20000000003898,1383.399923907707
3811,48.06520219540382,246.220000000039,1383.4327377533589
3812,48.06520219540382,246.240000000039,1383.4655507310385
3813,48.06520219540382,246.260000000039,1383.4983628406242
3814,48.06520219540382,246.28000000003902,1383.5311740819939
3815,48.06520219540382,246.30000000003903,1383.5639844550255
3816,48.06520219540382,246.32000000003904,1383.596793959597
3817,48.06520219540382,246.34000000003905,1383.6296025955867
3818,48.06520219540382,246.36000000003907,1383.6624103628722
3819,48.06520219540382,246.38000000003908,1383.6952172613317
3820,48.06520219540382,246.40000000003909,1383.7280232908433
3821,48.06520219540382,246.4200000000391,1383.760828451285
3822,48.06520219540382,246.4400000000391,1383.7936327425348
3823,48.06520219540382,246.46000000003912,1383.8264361644706
3824,48.06520219540382,246.48000000003913,1383.8592387169704
3825,48.06520219540382,246.50000000003914,1383.8920403999123
3826,48.06520219540382,246.52000000003915,1383.9248412131742
3827,48.06520219540382,246.54000000003916,1383.9576411566343
3828,48.06520219540382,246.56000000003917,1383.9904402301704
3829,48.06520219540382,246.58000000003918,1384.0232384336605
3830,48.06520219540382,246.6000000000392,1384.0560357669829
3831,48.06520219540382,246.6200000000392,1384.0888322300152
3832,48.06520219540382,246.6400000000392,1384.1216278226357
3833,48.06520219540382,246.66000000003922,1384.1544225447221
3834,48.06520219540382,246.68000000003923,1384.1872163961527
3835,48.06520219540382,246.70000000003924,1384.2200093768054
3836,48.06520219540382,246.72000000003925,1384.2528014865582
3837,48.06520219540382,246.74000000003926,1384.285592725289
3838,48.06520219540382,246.76000000003927,1384.3183830928758
3839,48.06520219540382,246.78000000003928,1384.3511725891967
3840,48.06520219540382,246.8000000000393,1384.3839612141298
3841,48.06520219540382,246.8200000000393,1384.4167489675528
3842,48.06520219540382,246.8400000000393,1384.4495358493439
3843,48.06520219540382,246.86000000003932,1384.482321859381
3844,48.06520219540382,246.88000000003933,1384.5151069975423
3845,48.06520219540382,246.90000000003934,1384.5478912637054
3846,48.06520219540382,246.92000000003935,1384.5806746577487
3847,48.06520219540382,246.94000000003936,1384.6134571795499
3848,48.06520219540382,246.96000000003937,1384.646238828987
3849,48.06520219540382,246.98000000003938,1384.679019605938
3850,48.06520219540382,247.0000000000394,1384.711799510281
3851,48.06520219540382,247.0200000000394,1384.744578541894
3852,48.06520219540382,247.0400000000394,1384.7773567006548
3853,48.06520219540382,247.06000000003942,1384.81013398734
3854,48.06520219540382,247.08000000003943,1384.8429104117388
3855,48.06520219540382,247.10000000003944,1384.875685975554
3856,48.06520219540382,247.12000000003945,1384.9084606786646
3857,48.06520219540382,247.14000000003946,1384.9412345209491
3858,47.97827399336018,247.16000000003947,1384.9740075022864
3859,47.97827399336018,247.18000000003948,1385.006779622555
3860,47.97827399336018,247.2000000000395,1385.0395508816339
3861,47.97827399336018,247.2200000000395,1385.0723212794016
3862,47.97827399336018,247.24000000003952,1385.1050908157372
3863,47.97827399336018,247.26000000003953,1385.137859490519
3864,47.97827399336018,247.28000000003954,1385.1706273036261
3865,47.97827399336018,247.30000000003955,1385.2033942549372
3866,47.97827399336018,247.32000000003956,1385.2361603443308
3867,47.97827399336018,247.34000000003957,1385.268925571686
3868,47.97827399336018,247.36000000003958,1385.301689936881
3869,47.97827399336018,247.3800000000396,1385.3344534397952
3870,47.97827399336018,247.4000000000396,1385.367216080307
3871,47.97827399336018,247.4200000000396,1385.399977858295
3872,47.97827399336018,247.44000000003962,1385.432738773638
3873,47.97827399336018,247.46000000003963,1385.465498826215
3874,47.97827399336018,247.48000000003964,1385.4982580159044
3875,47.97827399336018,247.50000000003965,1385.5310163425852
3876,47.97827399336018,247.52000000003966,1385.563773806136
3877,47.97827399336018,247.54000000003967,1385.5965304064355
3878,47.97827399336018,247.56000000003968,1385.6292861433624
3879,47.97827399336018,247.5800000000397,1385.6620410167955
3880,47.97827399336018,247.6000000000397,1385.6947950266135
3881,47.97827399336018,247.6200000000397,1385.7275481726952
3882,47.97827399336018,247.64000000003972,1385.7603004549192
3883,47.97827399336018,247.66000000003973,1385.7930518731644
3884,47.97827399336018,247.68000000003974,1385.8258024273093
3885,47.97827399336018,247.70000000003975,1385.8585521172326
3886,47.97827399336018,247.72000000003976,1385.8913009428134
3887,47.97827399336018,247.74000000003977,1385.92404890393
3888,47.97827399336018,247.76000000003978,1385.9567960004613
3889,47.97827399336018,247.7800000000398,1385.989542232286
3890,47.97827399336018,247.8000000000398,1386.022287599283
3891,47.97827399336018,247.8200000000398,1386.0550321013307
3892,47.97827399336018,247.84000000003982,1386.087775738308
3893,47.97827399336018,247.86000000003983,1386.1205185100935
3894,47.97827399336018,247.88000000003984,1386.153260416566
3895,47.97827399336018,247.90000000003985,1386.186001457604
3896,47.97827399336018,247.92000000003986,1386.2187416330867
3897,47.97827399336018,247.94000000003987,1386.2514809428924
3898,47.97827399336018,247.96000000003988,1386.2842193868998
3899,47.97827399336018,247.9800000000399,1386.3169569649879
3900,47.97827399336018,248.0000000000399,1386.3496936770352
3901,47.97827399336018,248.02000000003991,1386.3824295229206
3902,47.97827399336018,248.04000000003992,1386.4151645025224
3903,47.97827399336018,248.06000000003993,1386.4478986157196
3904,47.97827399336018,248.08000000003995,1386.4806318633873
3905,47.97827399336018,248.10000000003996,1386.5133642553965
3906,47.97827399336018,248.12000000003997,1386.5460957926527
3907,47.97827399336018,248.14000000003998,1386.5788264750356
3908,47.97827399336018,248.16000000004,1386.6115563024243
3909,47.97827399336018,248.18000000004,1386.6442852746982
3910,47.97827399336018,248.20000000004,1386.6770133917366
3911,47.97827399336018,248.22000000004002,1386.709740653419
3912,47.97827399336018,248.24000000004003,1386.7424670596247
3913,47.97827399336018,248.26000000004004,1386.7751926102328
3914,47.97827399336018,248.28000000004005,1386.807917305123
3915,47.97827399336018,248.30000000004006,1386.8406411441745
3916,47.97827399336018,248.32000000004007,1386.8733641272665
3917,47.97827399336018,248.34000000004008,1386.9060862542785
3918,47.97827399336018,248.3600000000401,1386.93880752509
3919,47.97827399336018,248.3800000000401,1386.97152793958
3920,47.97827399336018,248.4000000000401,1387.004247497628
3921,47.97827399336018,248.42000000004012,1387.0369661991135
3922,47.97827399336018,248.44000000004013,1387.0696840439157
3923,47.97827399336018,248.46000000004014,1387.1024010319138
3924,47.97827399336018,248.48000000004015,1387.1351171629872
3925,47.97827399336018,248.50000000004016,1387.1678324370152
3926,47.97827399336018,248.52000000004017,1387.2005468538773
3927,47.97827399336018,248.54000000004018,1387.2332604134529
3928,47.97827399336018,248.5600000000402,1387.265973115621
3929,47.97827399336018,248.5800000000402,1387.298684960261
3930,47.97827399336018,248.6000000000402,1387.3313959472525
3931,47.97827399336018,248.62000000004022,1387.3641060764746
3932,47.97827399336018,248.64000000004023,1387.3968153478068
3933,47.97827399336018,248.66000000004024,1387.4295237611282
3934,47.97827399336018,248.68000000004025,1387.4622313163181
3935,47.97827399336018,248.70000000004026,1387.4949380132562
3936,47.97827399336018,248.72000000004027,1387.5276438518215
3937,47.97827399336018,248.74000000004028,1387.5603488318934
3938,47.97827399336018,248.7600000000403,1387.5930529533512
3939,47.97827399336018,248.7800000000403,1387.6257562160743
3940,47.97827399336018,248.8000000000403,1387.658458619942
3941,47.97827399336018,248.82000000004032,1387.6911601648335
3942,47.97827399336018,248.84000000004033,1387.7238608506284
3943,47.97827399336018,248.86000000004034,1387.7565606772057
3944,47.97827399336018,248.88000000004035,1387.7892596444449
3945,47.97827399336018,248.90000000004036,1387.8219577522252
3946,47.97827399336018,248.92000000004037,1387.854655000426
3947,47.97827399336018,248.94000000004038,1387.8873513889266
3948,47.97827399336018,248.9600000000404,1387.9200469176064
3949,47.97827399336018,248.9800000000404,1387.9527415863447
3950,47.97827399336018,249.00000000004042,1387.9854353950207
3951,47.97827399336018,249.02000000004043,1388.0181283435136
3952,47.97827399336018,249.04000000004044,1388.050820431703
3953,47.97827399336018,249.06000000004045,1388.0835116594678
3954,47.97827399336018,249.08000000004046,1388.1162020266877
3955,47.97827399336018,249.10000000004047,1388.1488915349876
3956,47.97827399336018,249.12000000004048,1388.1815801940556
3957,47.97827399336018,249.1400000000405,1388.214268004668
3958,47.97827399336018,249.1600000000405,1388.2469549667048
3959,47.97827399336018,249.1800000000405,1388.2796410800465
3960,47.97827399336018,249.20000000004052,1388.3123263445732
3961,47.97827399336018,249.22000000004053,1388.3450107601652
3962,47.97827399336018,249.24000000004054,1388.377694326703
3963,47.97827399336018,249.26000000004055,1388.4103770440668
3964,47.891607498733656,249.28000000004056,1388.4430589121366
3965,47.891607498733656,249.30000000004057,1388.475739930793
3966,47.891607498733656,249.32000000004058,1388.508420099916
3967,47.891607498733656,249.3400000000406,1388.5410994193862
3968,47.891607498733656,249.3600000000406,1388.5737778890837
3969,47.891607498733656,249.3800000000406,1388.6064555088885
3970,47.891607498733656,249.40000000004062,1388.6391322786812
3971,47.891607498733656,249.42000000004063,1388.6718081983422
3972,47.891607498733656,249.44000000004064,1388.7044832677514
3973,47.891607498733656,249.46000000004065,1388.7371574867893
3974,47.891607498733656,249.48000000004066,1388.769830855336
3975,47.891607498733656,249.50000000004067,1388.802503373272
3976,47.891607498733656,249.52000000004068,1388.8351750404775
3977,47.891607498733656,249.5400000000407,1388.8678458568324
3978,47.891607498733656,249.5600000000407,1388.9005158222176
3979,47.891607498733656,249.5800000000407,1388.9331849365128
3980,47.891607498733656,249.60000000004072,1388.9658531995985
3981,47.891607498733656,249.62000000004073,1388.998520611355
3982,47.891607498733656,249.64000000004074,1389.0311871716624
3983,47.891607498733656,249.66000000004075,1389.063852880401
3984,47.891607498733656,249.68000000004076,1389.0965177374512
3985,47.891607498733656,249.70000000004077,1389.1291817426932
3986,47.891607498733656,249.72000000004078,1389.161844896007
3987,47.891607498733656,249.7400000000408,1389.1945071972734
3988,47.891607498733656,249.7600000000408,1389.2271686463723
3989,47.891607498733656,249.78000000004081,1389.259829243184
3990,47.891607498733656,249.80000000004082,1389.2924889875885
3991,47.891607498733656,249.82000000004084,1389.3251478794664
3992,47.891607498733656,249.84000000004085,1389.3578059186977
3993,47.891607498733656,249.86000000004086,1389.390463105163
3994,47.891607498733656,249.88000000004087,1389.423119438742
3995,47.891607498733656,249.90000000004088,1389.4557749193157
3996,47.891607498733656,249.9200000000409,1389.4884295467637
3997,47.891607498733656,249.9400000000409,1389.5210833209665
3998,47.891607498733656,249.9600000000409,1389.5537362418042
3999,47.891607498733656,249.98000000004092,1389.5863883091572
4000,47.891607498733656,250.00000000004093,1389.6190395229057
4001,47.891607498733656,250.02000000004094,1389.65168988293
4002,47.891607498733656,250.04000000004095,1389.6843393891102
4003,47.891607498733656,250.06000000004096,1389.7169880413267
4004,47.891607498733656,250.08000000004097,1389.7496358394594
4005,47.891607498733656,250.10000000004098,1389.7822827833888
4006,47.891607498733656,250.120000000041,1389.8149288753482
4007,47.891607498733656,250.140000000041,1389.8475741239668
4008,47.891607498733656,250.160000000041,1389.8802185298362
4009,47.891607498733656,250.18000000004102,1389.9128620928373
4010,47.891607498733656,250.20000000004103,1389.945504812851
4011,47.891607498733656,250.22000000004104,1389.9781466897582
4012,47.891607498733656,250.24000000004105,1390.0107877242497
4013,47.891607498733656,250.26000000004106,1390.0434279267943
4014,47.891607498733656,250.28000000004107,1390.0760673005732
4015,47.891607498733656,250.30000000004108,1390.1087058454661
4016,47.891607498733656,250.3200000000411,1390.1413435613529
4017,47.891607498733656,250.3400000000411,1390.1739804481133
4018,47.891607498733656,250.3600000000411,1390.206616505627
4019,47.891607498733656,250.38000000004112,1390.2392517337737
4020,47.891607498733656,250.40000000004113,1390.2718861324333
4021,47.891607498733656,250.42000000004114,1390.3045197014858
4022,47.891607498733656,250.44000000004115,1390.3371524408105
4023,47.891607498733656,250.46000000004116,1390.3697843502875
4024,47.891607498733656,250.48000000004117,1390.4024154297965
4025,47.891607498733656,250.50000000004118,1390.4350456792172
4026,47.891607498733656,250.5200000000412,1390.4676750984293
4027,47.891607498733656,250.5400000000412,1390.5003036873127
4028,47.891607498733656,250.5600000000412,1390.5329314457472
4029,47.891607498733656,250.58000000004122,1390.5655583736125
4030,47.891607498733656,250.60000000004123,1390.5981844707883
4031,47.891607498733656,250.62000000004124,1390.6308097371543
4032,47.891607498733656,250.64000000004125,1390.6634341725905
4033,47.891607498733656,250.66000000004126,1390.6960577769764
4034,47.891607498733656,250.68000000004128,1390.728680550192
4035,47.891607498733656,250.70000000004129,1390.7613024921168
4036,47.891607498733656,250.7200000000413,1390.7939236026307
4037,47.891607498733656,250.7400000000413,1390.8265438816134
4038,47.891607498733656,250.76000000004132,1390.8591633289448
4039,47.891607498733656,250.78000000004133,1390.8917819445044
4040,47.891607498733656,250.80000000004134,1390.9243997281721
4041,47.891607498733656,250.82000000004135,1390.9570166798278
4042,47.891607498733656,250.84000000004136,1390.989632799351
4043,47.891607498733656,250.86000000004137,1391.0222480866216
4044,47.891607498733656,250.88000000004138,1391.0548625415192
4045,47.891607498733656,250.9000000000414,1391.0874761639236
4046,47.891607498733656,250.9200000000414,1391.1200889537147
4047,47.891607498733656,250.9400000000414,1391.152700910772
4048,47.891607498733656,250.96000000004142,1391.1853120349754
4049,47.891607498733656,250.98000000004143,1391.2179223262044
4050,47.891607498733656,251.00000000004144,1391.250531784339
4051,47.891607498733656,251.02000000004145,1391.283140409259
4052,47.891607498733656,251.04000000004146,1391.315748200844
4053,47.891607498733656,251.06000000004147,1391.3483551589736
4054,47.891607498733656,251.08000000004148,1391.3809612835278
4055,47.891607498733656,251.1000000000415,1391.413566574386
4056,47.891607498733656,251.1200000000415,1391.4461710314283
4057,47.891607498733656,251.1400000000415,1391.4787746576903
4058,47.891607498733656,251.16000000004152,1391.5113774615295
4059,47.891607498733656,251.18000000004153,1391.5439794434176
4060,47.891607498733656,251.20000000004154,1391.5765806032348
4061,47.891607498733656,251.22000000004155,1391.6091809408617
4062,47.891607498733656,251.24000000004156,1391.6417804561786
4063,47.891607498733656,251.26000000004157,1391.6743791490658
4064,47.891607498733656,251.28000000004158,1391.706977019404
4065,47.891607498733656,251.3000000000416,1391.7395740670731
4066,47.891607498733656,251.3200000000416,1391.772170291954
4067,47.891607498733656,251.3400000000416,1391.8047656939266
4068,47.891607498733656,251.36000000004162,1391.8373602728714
4069,47.891607498733656,251.38000000004163,1391.8699540286689
4070,47.891607498733656,251.40000000004164,1391.9025469611995
4071,47.891607498733656,251.42000000004165,1391.9351390703434
4072,47.891607498733656,251.44000000004166,1391.967730355981
4073,47.891607498733656,251.46000000004167,1392.000320817993
4074,47.80520160979039,251.48000000004168,1392.0329104562595
4075,47.80520160979039,251.5000000000417,1392.0654992706607
4076,47.80520160979039,251.5200000000417,1392.0980872610771
4077,47.80520160979039,251.54000000004172,1392.1306744273893
4078,47.80520160979039,251.56000000004173,1392.1632607694773
4079,47.80520160979039,251.58000000004174,1392.1958462872217
4080,47.80520160979039,251.60000000004175,1392.2284309805027
4081,47.80520160979039,251.62000000004176,1392.2610148492008
4082,47.80520160979039,251.64000000004177,1392.2935978931964
4083,47.80520160979039,251.66000000004178,1392.3261801123697
4084,47.80520160979039,251.6800000000418,1392.3587615066012
4085,47.80520160979039,251.7000000000418,1392.3913420757713
4086,47.80520160979039,251.7200000000418,1392.4239218197602
4087,47.80520160979039,251.74000000004182,1392.456500738448
4088,47.80520160979039,251.76000000004183,1392.4890788317157
4089,47.80520160979039,251.78000000004184,1392.5216560994431
4090,47.80520160979039,251.80000000004185,1392.5542325415108
4091,47.80520160979039,251.82000000004186,1392.5868081577992
4092,47.80520160979039,251.84000000004187,1392.6193829481886
4093,47.80520160979039,251.86000000004188,1392.6519569125592
4094,47.80520160979039,251.8800000000419,1392.6845300507914
4095,47.80520160979039,251.9000000000419,1392.7171023627657
4096,47.80520160979039,251.9200000000419,1392.7496738483624
4097,47.80520160979039,251.94000000004192,1392.7822445074617
4098,47.80520160979039,251.96000000004193,1392.814814339944
4099,47.80520160979039,251.98000000004194,1392.8473833456897
4100,47.80520160979039,252.00000000004195,1392.8799515245792
4101,47.80520160979039,252.02000000004196,1392.9125188764926
4102,47.80520160979039,252.04000000004197,1392.9450854013105
4103,47.80520160979039,252.06000000004198,1392.9776510989132
4104,47.80520160979039,252.080000000042,1393.010215969181
4105,47.80520160979039,252.100000000042,1393.0427800119942
4106,47.80520160979039,252.120000000042,1393.0753432272331
4107,47.80520160979039,252.14000000004202,1393.107905614778
4108,47.80520160979039,252.16000000004203,1393.1404671781813
4109,47.80520160979039,252.18000000004204,1393.173027924807
4110,47.80520160979039,252.20000000004205,1393.2055878549593
4111,47.80520160979039,252.22000000004206,1393.238146968519
4112,47.80520160979039,252.24000000004207,1393.270705265367
4113,47.80520160979039,252.26000000004208,1393.3032627453845
4114,47.80520160979039,252.2800000000421,1393.335819408452
4115,47.80520160979039,252.3000000000421,1393.3683752544505
4116,47.80520160979039,252.3200000000421,1393.400930283261
4117,47.80520160979039,252.34000000004212,1393.4334844947643
4118,47.80520160979039,252.36000000004213,1393.4660378888414
4119,47.80520160979039,252.38000000004214,1393.498590465373
4120,47.80520160979039,252.40000000004216,1393.53114222424
4121,47.80520160979039,252.42000000004217,1393.5636931653235
4122,47.80520160979039,252.44000000004218,1393.5962432885042
4123,47.80520160979039,252.46000000004219,1393.628792593663
4124,47.80520160979039,252.4800000000422,1393.661341080681
4125,47.80520160979039,252.5000000000422,1393.6938887494389
4126,47.80520160979039,252.52000000004222,1393.7264355998175
4127,47.80520160979039,252.54000000004223,1393.7589816316977
4128,47.80520160979039,252.56000000004224,1393.7915268449603
4129,47.80520160979039,252.58000000004225,1393.8240712394863
4130,47.80520160979039,252.60000000004226,1393.8566148151567
4131,47.80520160979039,252.62000000004227,1393.8891575718521
4132,47.80520160979039,252.64000000004228,1393.9216995094537
4133,47.80520160979039,252.6600000000423,1393.9542406278422
4134,47.80520160979039,252.6800000000423,1393.9867809268983
4135,47.80520160979039,252.7000000000423,1394.019320406503
4136,47.80520160979039,252.72000000004232,1394.0518590665374
4137,47.80520160979039,252.74000000004233,1394.0843969068821
4138,47.80520160979039,252.76000000004234,1394.116933927418
4139,47.80520160979039,252.78000000004235,1394.1494701280258
4140,47.80520160979039,252.80000000004236,1394.1820055085866
4141,47.80520160979039,252.82000000004237,1394.2145400689813
4142,47.80520160979039,252.84000000004238,1394.2470738090906
4143,47.80520160979039,252.8600000000424,1394.2796067287954
4144,47.80520160979039,252.8800000000424,1394.3121388279767
4145,47.80520160979039,252.9000000000424,1394.3446701065152
4146,47.80520160979039,252.92000000004242,1394.377200564292
4147,47.80520160979039,252.94000000004243,1394.4097302011878
4148,47.80520160979039,252.96000000004244,1394.4422590170834
4149,47.80520160979039,252.98000000004245,1394.4747870118597
4150,47.80520160979039,253.00000000004246,1394.5073141853975
4151,47.80520160979039,253.02000000004247,1394.5398405375777
4152,47.80520160979039,253.04000000004248,1394.572366068281
4153,47.80520160979039,253.0600000000425,1394.6048907773886
4154,47.80520160979039,253.0800000000425,1394.637414664781
4155,47.80520160979039,253.1000000000425,1394.6699377303394
4156,47.80520160979039,253.12000000004252,1394.702459973944
4157,47.80520160979039,253.14000000004253,1394.7349813954763
4158,47.80520160979039,253.16000000004254,1394.767501994817
4159,47.80520160979039,253.18000000004255,1394.8000217763697
4160,47.80520160979039,253.20000000004256,1394.8325407472207
4161,47.80520160979039,253.22000000004257,1394.8650589075496
4162,47.80520160979039,253.24000000004258,1394.897576257238
4163,47.80520160979039,253.2600000000426,1394.9300927961672
4164,47.80520160979039,253.2800000000426,1394.962608524219
4165,47.80520160979039,253.30000000004262,1394.9951234412747
4166,47.80520160979039,253.32000000004263,1395.027637547216
4167,47.80520160979039,253.34000000004264,1395.0601508419245
4168,47.80520160979039,253.36000000004265,1395.0926633252816
4169,47.80520160979039,253.38000000004266,1395.1251749971686
4170,47.80520160979039,253.40000000004267,1395.1576858574674
4171,47.80520160979039,253.42000000004268,1395.1901959060592
4172,47.80520160979039,253.4400000000427,1395.2227051428258
4173,47.80520160979039,253.4600000000427,1395.2552135676485
4174,47.80520160979039,253.4800000000427,1395.2877211804089
4175,47.80520160979039,253.50000000004272,1395.3202279809886
4176,47.80520160979039,253.52000000004273,1395.3527339692691
4177,47.80520160979039,253.54000000004274,1395.385239145132
4178,47.80520160979039,253.56000000004275,1395.4177435084584
4179,47.80520160979039,253.58000000004276,1395.45024705913
4180,47.80520160979039,253.60000000004277,1395.4827497970286
4181,47.71905523075262,253.62000000004278,1395.5152517220356
4182,47.71905523075262,253.6400000000428,1395.5477528340323
4183,47.71905523075262,253.6600000000428,1395.5802531329005
4184,47.71905523075262,253.6800000000428,1395.6127526185214
4185,47.71905523075262,253.70000000004282,1395.6452512907767
4186,47.71905523075262,253.72000000004283,1395.677749149548
4187,47.71905523075262,253.74000000004284,1395.7102461947165
4188,47.71905523075262,253.76000000004285,1395.7427424261639
4189,47.71905523075262,253.78000000004286,1395.7752378437717
4190,47.71905523075262,253.80000000004287,1395.8077324474214
4191,47.71905523075262,253.82000000004288,1395.8402262369943
4192,47.71905523075262,253.8400000000429,1395.8727192123722
4193,47.71905523075262,253.8600000000429,1395.9052113734365
4194,47.71905523075262,253.8800000000429,1395.9377027200687
4195,47.71905523075262,253.90000000004292,1395.9701932521502
4196,47.71905523075262,253.92000000004293,1396.0026829695626
4197,47.71905523075262,253.94000000004294,1396.0351718721874
4198,47.71905523075262,253.96000000004295,1396.0676599599062
4199,47.71905523075262,253.98000000004296,1396.1001472326002
4200,47.71905523075262,254.00000000004297,1396.1326336901511
4201,47.71905523075262,254.02000000004298,1396.1651193324403
4202,47.71905523075262,254.040000000043,1396.1976041593493
4203,47.71905523075262,254.060000000043,1396.2300881707597
4204,47.71905523075262,254.08000000004301,1396.262571366553
4205,47.71905523075262,254.10000000004302,1396.2950537466104
4206,47.71905523075262,254.12000000004304,1396.3275353108136
4207,47.71905523075262,254.14000000004305,1396.360016059044
4208,47.71905523075262,254.16000000004306,1396.3924959911833
4209,47.71905523075262,254.18000000004307,1396.4249751071127
4210,47.71905523075262,254.20000000004308,1396.4574534116705
4211,47.71905523075262,254.2200000000431,1396.4899309110267
4212,47.71905523075262,254.2400000000431,1396.5224076052114
4213,47.71905523075262,254.2600000000431,1396.5548834941067
4214,47.71905523075262,254.28000000004312,1396.5873585775948
4215,47.71905523075262,254.30000000004313,1396.619832855558
4216,47.71905523075262,254.32000000004314,1396.6523063278778
4217,47.71905523075262,254.34000000004315,1396.684778994437
4218,47.71905523075262,254.36000000004316,1396.7172508551175
4219,47.71905523075262,254.38000000004317,1396.7497219098013
4220,47.71905523075262,254.40000000004318,1396.7821921583707
4221,47.71905523075262,254.4200000000432,1396.8146616007077
4222,47.71905523075262,254.4400000000432,1396.8471302366945
4223,47.71905523075262,254.4600000000432,1396.8795980662132
4224,47.71905523075262,254.48000000004322,1396.9120650891462
4225,47.71905523075262,254.50000000004323,1396.9445313053752
4226,47.71905523075262,254.52000000004324,1396.9769967147827
4227,47.71905523075262,254.54000000004325,1397.0094613172505
4228,47.71905523075262,254.56000000004326,1397.041925112661
4229,47.71905523075262,254.58000000004327,1397.074388100896
4230,47.71905523075262,254.60000000004328,1397.1068502818378
4231,47.71905523075262,254.6200000000433,1397.1393116553684
4232,47.71905523075262,254.6400000000433,1397.17177222137
4233,47.71905523075262,254.6600000000433,1397.204231979725
4234,47.71905523075262,254.68000000004332,1397.236690930315
4235,47.71905523075262,254.70000000004333,1397.2691490730224
4236,47.71905523075262,254.72000000004334,1397.3016064077294
4237,47.71905523075262,254.74000000004335,1397.334062934318
4238,47.71905523075262,254.76000000004336,1397.36651865267
4239,47.71905523075262,254.78000000004337,1397.398973562668
4240,47.71905523075262,254.80000000004338,1397.431427664194
4241,47.71905523075262,254.8200000000434,1397.46388095713
4242,47.71905523075262,254.8400000000434,1397.496333441358
4243,47.71905523075262,254.8600000000434,1397.5287851167604
4244,47.71905523075262,254.88000000004342,1397.5612359832191
4245,47.71905523075262,254.90000000004343,1397.5936860406164
4246,47.71905523075262,254.92000000004344,1397.6261352888341
4247,47.71905523075262,254.94000000004345,1397.6585837277546
4248,47.71905523075262,254.96000000004346,1397.6910313572598
4249,47.71905523075262,254.98000000004347,1397.7234781772318
4250,47.71905523075262,255.00000000004349,1397.7559241875526
4251,47.71905523075262,255.0200000000435,1397.7883693881047
4252,47.71905523075262,255.0400000000435,1397.82081377877
4253,47.71905523075262,255.06000000004352,1397.8532573594302
4254,47.71905523075262,255.08000000004353,1397.885700129968
4255,47.71905523075262,255.10000000004354,1397.918142090265
4256,47.71905523075262,255.12000000004355,1397.9505832402037
4257,47.71905523075262,255.14000000004356,1397.983023579666
4258,47.71905523075262,255.16000000004357,1398.015463108534
4259,47.71905523075262,255.18000000004358,1398.04790182669
4260,47.71905523075262,255.2000000000436,1398.0803397340155
4261,47.71905523075262,255.2200000000436,1398.1127768362387
4262,47.71905523075262,255.2400000000436,1398.1452131392145
4263,47.71905523075262,255.26000000004362,1398.1776486428396
4264,47.71905523075262,255.28000000004363,1398.2100833469967
4265,47.71905523075262,255.30000000004364,1398.2425172515689
4266,47.71905523075262,255.32000000004365,1398.2749503564385
4267,47.71905523075262,255.34000000004366,1398.3073826614884
4268,47.71905523075262,255.36000000004367,1398.3398141666014
4269,47.71905523075262,255.38000000004368,1398.3722448716603
4270,47.71905523075262,255.4000000000437,1398.4046747765478
4271,47.71905523075262,255.4200000000437,1398.4371038811466
4272,47.71905523075262,255.4400000000437,1398.4695321853394
4273,47.71905523075262,255.46000000004372,1398.501959689009
4274,47.71905523075262,255.48000000004373,1398.5343863920382
4275,47.71905523075262,255.50000000004374,1398.5668122943096
4276,47.71905523075262,255.52000000004375,1398.599237395706
4277,47.71905523075262,255.54000000004376,1398.6316616961103
4278,47.71905523075262,255.56000000004377,1398.664085195405
4279,47.71905523075262,255.58000000004378,1398.696507893473
4280,47.71905523075262,255.6000000000438,1398.7289297901968
4281,47.71905523075262,255.6200000000438,1398.7613508854595
4282,47.71905523075262,255.6400000000438,1398.7937711791435
4283,47.71905523075262,255.66000000004382,1398.8261906711316
4284,47.71905523075262,255.68000000004383,1398.8586093613067
4285,47.71905523075262,255.70000000004384,1398.8910272495511
4286,47.71905523075262,255.72000000004385,1398.923444335748
4287,47.71905523075262,255.74000000004386,1398.95586061978
4288,47.633167271759326,255.76000000004387,1398.9882761015297
4289,47.633167271759326,255.78000000004388,1399.02069078088
4290,47.633167271759326,255.8000000000439,1399.0531046577134
4291,47.633167271759326,255.8200000000439,1399.085517731913
4292,47.633167271759326,255.84000000004391,1399.117930003361
4293,47.633167271759326,255.86000000004393,1399.1503414719405
4294,47.633167271759326,255.88000000004394,1399.182752137534
4295,47.633167271759326,255.90000000004395,1399.2151620000243
4296,47.633167271759326,255.92000000004396,1399.2475710592942
4297,47.633167271759326,255.94000000004397,1399.2799793152262
4298,47.633167271759326,255.96000000004398,1399.3123867677034
4299,47.633167271759326,255.980000000044,1399.3447934166081
4300,47.633167271759326,256.000000000044,1399.3771992618233
4301,47.633167271759326,256.020000000044,1399.4096043032316
4302,47.633167271759326,256.04000000004396,1399.4420085407157
4303,47.633167271759326,256.06000000004394,1399.4744119741583
4304,47.633167271759326,256.0800000000439,1399.506814603442
4305,47.633167271759326,256.1000000000439,1399.53921642845
4306,47.633167271759326,256.1200000000439,1399.5716174490642
4307,47.633167271759326,256.14000000004387,1399.604017665168
4308,47.633167271759326,256.16000000004385,1399.6364170766437
4309,47.633167271759326,256.18000000004383,1399.6688156833743
4310,47.633167271759326,256.2000000000438,1399.7012134852423
4311,47.633167271759326,256.2200000000438,1399.733610482249
4312,47.633167271759326,256.2400000000438,1399.766006680354
4313,47.633167271759326,256.26000000004376,1399.7984020844472
4314,47.633167271759326,256.28000000004374,1399.8307966944124
4315,47.633167271759326,256.3000000000437,1399.8631905101327
4316,47.633167271759326,256.3200000000437,1399.8955835314914
4317,47.633167271759326,256.3400000000437,1399.9279757583718
4318,47.633167271759326,256.36000000004367,1399.9603671906573
4319,47.633167271759326,256.38000000004365,1399.992757828231
4320,47.633167271759326,256.40000000004363,1400.0251476754302
4321,47.633167271759326,256.4200000000436,1400.0575367413521
4322,47.633167271759326,256.4400000000436,1400.0899250264083
4323,47.633167271759326,256.4600000000436,1400.1223125304814
4324,47.633167271759326,256.48000000004356,1400.1546992534538
4325,47.633167271759326,256.50000000004354,1400.1870851952078
4326,47.633167271759326,256.5200000000435,1400.2194703556258
4327,47.633167271759326,256.5400000000435,1400.2518547345903
4328,47.633167271759326,256.5600000000435,1400.2842383319837
4329,47.633167271759326,256.58000000004347,1400.3166211476882
4330,47.633167271759326,256.60000000004345,1400.3490031815866
4331,47.633167271759326,256.62000000004343,1400.381384433561
4332,47.633167271759326,256.6400000000434,1400.4137649034938
4333,47.633167271759326,256.6600000000434,1400.4461445912675
4334,47.633167271759326,256.6800000000434,1400.4785234967646
4335,47.633167271759326,256.70000000004336,1400.5109016198674
4336,47.633167271759326,256.72000000004334,1400.543278960458
4337,47.633167271759326,256.7400000000433,1400.5756555184194
4338,47.633167271759326,256.7600000000433,1400.6080312936335
4339,47.633167271759326,256.7800000000433,1400.6404062859829
4340,47.633167271759326,256.80000000004327,1400.67278049535
4341,47.633167271759326,256.82000000004325,1400.7051539216172
4342,47.633167271759326,256.84000000004323,1400.7375265646667
4343,47.633167271759326,256.8600000000432,1400.7698984243812
4344,47.633167271759326,256.8800000000432,1400.8022695006428
4345,47.633167271759326,256.9000000000432,1400.834639793334
4346,47.633167271759326,256.92000000004316,1400.8670093023372
4347,47.633167271759326,256.94000000004314,1400.8993780275348
4348,47.633167271759326,256.9600000000431,1400.9317459688093
4349,47.633167271759326,256.9800000000431,1400.964113126043
4350,47.633167271759326,257.0000000000431,1400.996479499118
4351,47.633167271759326,257.02000000004307,1401.0288450879173
4352,47.633167271759326,257.04000000004305,1401.0612098923227
4353,47.633167271759326,257.06000000004303,1401.0935739122167
4354,47.633167271759326,257.080000000043,1401.1259371474819
4355,47.633167271759326,257.100000000043,1401.1582995980004
4356,47.633167271759326,257.120000000043,1401.1906612636549
4357,47.633167271759326,257.14000000004296,1401.2230221443274
4358,47.633167271759326,257.16000000004294,1401.2553822399004
4359,47.633167271759326,257.1800000000429,1401.2877415502564
4360,47.633167271759326,257.2000000000429,1401.3201000752777
4361,47.633167271759326,257.2200000000429,1401.3524578148465
4362,47.633167271759326,257.24000000004287,1401.384814769106
4363,47.633167271759326,257.26000000004285,1401.417170944794
4364,47.633167271759326,257.28000000004283,1401.4495263463052
4365,47.633167271759326,257.3000000000428,1401.4818809735227
4366,47.633167271759326,257.3200000000428,1401.5142348263296
4367,47.633167271759326,257.3400000000428,1401.5465879046087
4368,47.633167271759326,257.36000000004276,1401.578940208243
4369,47.633167271759326,257.38000000004274,1401.6112917371154
4370,47.633167271759326,257.4000000000427,1401.6436424911087
4371,47.633167271759326,257.4200000000427,1401.6759924701062
4372,47.633167271759326,257.4400000000427,1401.7083416739906
4373,47.633167271759326,257.46000000004267,1401.7406901026452
4374,47.633167271759326,257.48000000004265,1401.7730377559526
4375,47.633167271759326,257.50000000004263,1401.805384633796
4376,47.633167271759326,257.5200000000426,1401.8377307360581
4377,47.633167271759326,257.5400000000426,1401.870076062622
4378,47.633167271759326,257.5600000000426,1401.9024206133709
4379,47.633167271759326,257.58000000004256,1401.9347643881874
4380,47.633167271759326,257.60000000004254,1401.9671073869547
4381,47.633167271759326,257.6200000000425,1401.9994496095555
4382,47.633167271759326,257.6400000000425,1402.0317910558729
4383,47.633167271759326,257.6600000000425,1402.0641317257898
4384,47.633167271759326,257.68000000004247,1402.0964716191893
4385,47.633167271759326,257.70000000004245,1402.1288107359542
4386,47.633167271759326,257.72000000004243,1402.1611490759674
4387,47.633167271759326,257.7400000000424,1402.1934866391118
4388,47.633167271759326,257.7600000000424,1402.2258234252706
4389,47.633167271759326,257.7800000000424,1402.2581594343264
4390,47.633167271759326,257.80000000004236,1402.2904946661624
4391,47.633167271759326,257.82000000004234,1402.3228291206615
4392,47.633167271759326,257.8400000000423,1402.3551627977067
4393,47.633167271759326,257.8600000000423,1402.3874956971808
4394,47.633167271759326,257.8800000000423,1402.419827818967
4395,47.633167271759326,257.90000000004227,1402.4521591629477
4396,47.633167271759326,257.92000000004225,1402.4844897290063
4397,47.633167271759326,257.94000000004223,1402.5168195170256
4398,47.633167271759326,257.9600000000422,1402.5491485268885
4399,47.633167271759326,257.9800000000422,1402.581476758478
4400,47.54753664882725,258.0000000000422,1402.613804211677
4401,47.54753664882725,258.02000000004216,1402.6461308863684
4402,47.54753664882725,258.04000000004214,1402.6784567824352
4403,47.54753664882725,258.0600000000421,1402.7107818997601
4404,47.54753664882725,258.0800000000421,1402.7431062382263
4405,47.54753664882725,258.1000000000421,1402.7754297977167
4406,47.54753664882725,258.12000000004207,1402.807752578114
4407,47.54753664882725,258.14000000004205,1402.8400745793015
4408,47.54753664882725,258.16000000004203,1402.8723958011617
4409,47.54753664882725,258.180000000042,1402.9047162435777
4410,47.54753664882725,258.200000000042,1402.9370359064324
4411,47.54753664882725,258.220000000042,1402.9693547896086
4412,47.54753664882725,258.24000000004196,1403.0016728929895
4413,47.54753664882725,258.26000000004194,1403.033990216835
4414,47.54753664882725,258.2800000000419,1403.0663067680507
4415,47.54753664882725,258.3000000000419,1403.0986225501492
4416,47.54753664882725,258.3200000000419,1403.1309375630142
4417,47.54753664882725,258.34000000004187,1403.163251806529
4418,47.54753664882725,258.36000000004185,1403.1955652805773
4419,47.54753664882725,258.38000000004183,1403.2278779850426
4420,47.54753664882725,258.4000000000418,1403.2601899198087
4421,47.54753664882725,258.4200000000418,1403.2925010847591
4422,47.54753664882725,258.4400000000418,1403.3248114797773
4423,47.54753664882725,258.46000000004176,1403.357121104747
4424,47.54753664882725,258.48000000004174,1403.3894299595518
4425,47.54753664882725,258.5000000000417,1403.421738044075
4426,47.54753664882725,258.5200000000417,1403.4540453582006
4427,47.54753664882725,258.5400000000417,1403.4863519018118
4428,47.54753664882725,258.56000000004167,1403.5186576747924
4429,47.54753664882725,258.58000000004165,1403.5509626770258
4430,47.54753664882725,258.60000000004163,1403.5832669083957
4431,47.54753664882725,258.6200000000416,1403.6155703687857
4432,47.54753664882725,258.6400000000416,1403.6478730580793
4433,47.54753664882725,258.6600000000416,1403.68017497616
4434,47.54753664882725,258.68000000004156,1403.7124761229115
4435,47.54753664882725,258.70000000004154,1403.7447764982173
4436,47.54753664882725,258.7200000000415,1403.777076101961
4437,47.54753664882725,258.7400000000415,1403.8093749340262
4438,47.54753664882725,258.7600000000415,1403.8416729942965
4439,47.54753664882725,258.78000000004147,1403.8739702826551
4440,47.54753664882725,258.80000000004145,1403.906266798986
4441,47.54753664882725,258.82000000004143,1403.9385625431726
4442,47.54753664882725,258.8400000000414,1403.9708575150985
4443,47.54753664882725,258.8600000000414,1404.0031517146472
4444,47.54753664882725,258.8800000000414,1404.0354451417022
4445,47.54753664882725,258.90000000004136,1404.0677377961472
4446,47.54753664882725,258.92000000004134,1404.1000296778657
4447,47.54753664882725,258.9400000000413,1404.1323207867413
4448,47.54753664882725,258.9600000000413,1404.1646111226573
4449,47.54753664882725,258.9800000000413,1404.1969006854977
4450,47.54753664882725,259.00000000004127,1404.2291894751456
4451,47.54753664882725,259.02000000004125,1404.2614774914848
4452,47.54753664882725,259.04000000004123,1404.2937647343988
4453,47.54753664882725,259.0600000000412,1404.3260512037712
4454,47.54753664882725,259.0800000000412,1404.3583368994853
4455,47.54753664882725,259.1000000000412,1404.390621821425
4456,47.54753664882725,259.12000000004116,1404.4229059694735
4457,47.54753664882725,259.14000000004114,1404.4551893435146
4458,47.54753664882725,259.1600000000411,1404.4874719434317
4459,47.54753664882725,259.1800000000411,1404.5197537691083
4460,47.54753664882725,259.2000000000411,1404.5520348204282
4461,47.54753664882725,259.22000000004107,1404.5843150972746
4462,47.54753664882725,259.24000000004105,1404.6165945995313
4463,47.54753664882725,259.26000000004103,1404.6488733270817
4464,47.54753664882725,259.280000000041,1404.6811512803336
4465,47.54753664882725,259.300000000041,1404.7134284669653
4466,47.54753664882725,259.320000000041,1404.745704889939
4467,47.54753664882725,259.34000000004096,1404.7779805491382
4468,47.54753664882725,259.36000000004094,1404.810255444447
4469,47.54753664882725,259.3800000000409,1404.8425295757493
4470,47.54753664882725,259.4000000000409,1404.8748029429287
4471,47.54753664882725,259.4200000000409,1404.9070755458692
4472,47.54753664882725,259.44000000004087,1404.9393473844548
4473,47.54753664882725,259.46000000004085,1404.9716184585689
4474,47.54753664882725,259.48000000004083,1405.0038887680955
4475,47.54753664882725,259.5000000000408,1405.0361583129186
4476,47.54753664882725,259.5200000000408,1405.0684270929219
4477,47.54753664882725,259.5400000000408,1405.1006951079894
4478,47.54753664882725,259.56000000004076,1405.1329623580048
4479,47.54753664882725,259.58000000004074,1405.1652288428518
4480,47.54753664882725,259.6000000000407,1405.1974945624145
4481,47.54753664882725,259.6200000000407,1405.2297595165765
4482,47.54753664882725,259.6400000000407,1405.2620237052217
4483,47.54753664882725,259.66000000004067,1405.2942871282341
4484,47.54753664882725,259.68000000004065,1405.3265497854973
4485,47.54753664882725,259.70000000004063,1405.3588116768951
4486,47.54753664882725,259.7200000000406,1405.3910728023116
4487,47.54753664882725,259.7400000000406,1405.4233331616301
4488,47.54753664882725,259.7600000000406,1405.4555927547349
4489,47.54753664882725,259.78000000004056,1405.4878515815096
4490,47.54753664882725,259.80000000004054,1405.5201096418382
4491,47.54753664882725,259.8200000000405,1405.5523669356044
4492,47.54753664882725,259.8400000000405,1405.584623462692
4493,47.54753664882725,259.8600000000405,1405.6168792229848
4494,47.54753664882725,259.88000000004047,1405.6491342163667
4495,47.54753664882725,259.90000000004045,1405.6813884427215
4496,47.54753664882725,259.92000000004043,1405.7136419019328
4497,47.54753664882725,259.9400000000404,1405.7458945938845
4498,47.54753664882725,259.9600000000404,1405.7781465184605
4499,47.54753664882725,259.9800000000404,1405.8103976755447
4500,47.54753664882725,260.00000000004036,1405.8426480650207
4501,47.54753664882725,260.02000000004034,1405.8748976867726
4502,47.54753664882725,260.0400000000403,1405.9071465406837
4503,47.54753664882725,260.0600000000403,1405.9393946266382
4504,47.54753664882725,260.0800000000403,1405.97164194452
4505,47.54753664882725,260.10000000004027,1406.0038884942123
4506,47.54753664882725,260.12000000004025,1406.0361342755996
4507,47.54753664882725,260.14000000004023,1406.0683792885652
4508,47.4621622838122,260.1600000000402,1406.1006235329933
4509,47.4621622838122,260.1800000000402,1406.1328670087673
4510,47.4621622838122,260.2000000000402,1406.1651097157712
4511,47.4621622838122,260.22000000004016,1406.1973516538887
4512,47.4621622838122,260.24000000004014,1406.2295928230037
4513,47.4621622838122,260.2600000000401,1406.261833223
4514,47.4621622838122,260.2800000000401,1406.2940728537612
4515,47.4621622838122,260.3000000000401,1406.3263117158017
4516,47.4621622838122,260.32000000004007,1406.358549816983
4517,47.4621622838122,260.34000000004005,1406.3907871594936
4518,47.4621622838122,260.36000000004003,1406.4230237432187
4519,47.4621622838122,260.38000000004,1406.4552595680432
4520,47.4621622838122,260.40000000004,1406.4874946338523
4521,47.4621622838122,260.42000000004,1406.5197289405312
4522,47.4621622838122,260.44000000003996,1406.551962487965
4523,47.4621622838122,260.46000000003994,1406.584195276039
4524,47.4621622838122,260.4800000000399,1406.6164273046381
4525,47.4621622838122,260.5000000000399,1406.6486585736475
4526,47.4621622838122,260.5200000000399,1406.6808890829525
4527,47.4621622838122,260.54000000003987,1406.7131188324379
4528,47.4621622838122,260.56000000003985,1406.745347821989
4529,47.4621622838122,260.58000000003983,1406.7775760514912
4530,47.4621622838122,260.6000000000398,1406.8098035208293
4531,47.4621622838122,260.6200000000398,1406.8420302298885
4532,47.4621622838122,260.6400000000398,1406.8742561785539
4533,47.4621622838122,260.66000000003976,1406.9064813667105
4534,47.4621622838122,260.68000000003974,1406.9387057942438
4535,47.4621622838122,260.7000000000397,1406.9709294610386
4536,47.4621622838122,260.7200000000397,1407.0031523669802
4537,47.4621622838122,260.7400000000397,1407.0353745119537
4538,47.4621622838122,260.76000000003967,1407.067595895844
4539,47.4621622838122,260.78000000003965,1407.0998165185365
4540,47.4621622838122,260.80000000003963,1407.1320363799161
4541,47.4621622838122,260.8200000000396,1407.1642554798682
4542,47.4621622838122,260.8400000000396,1407.1964738182776
4543,47.4621622838122,260.8600000000396,1407.2286913950295
4544,47.4621622838122,260.88000000003956,1407.2609082100091
4545,47.4621622838122,260.90000000003954,1407.2931242631014
4546,47.4621622838122,260.9200000000395,1407.3253395541915
4547,47.4621622838122,260.9400000000395,1407.3575540831646
4548,47.4621622838122,260.9600000000395,1407.3897678499059
4549,47.4621622838122,260.98000000003947,1407.4219808543003
4550,47.4621622838122,261.00000000003945,1407.454193096233
4551,47.4621622838122,261.02000000003943,1407.4864045755892
4552,47.4621622838122,261.0400000000394,1407.5186152922538
4553,47.4621622838122,261.0600000000394,1407.550825246112
4554,47.4621622838122,261.0800000000394,1407.583034437049
4555,47.4621622838122,261.10000000003936,1407.6152428649498
4556,47.4621622838122,261.12000000003934,1407.6474505296994
4557,47.4621622838122,261.1400000000393,1407.679657431183
4558,47.4621622838122,261.1600000000393,1407.7118635692857
4559,47.4621622838122,261.1800000000393,1407.7440689438927
4560,47.4621622838122,261.20000000003927,1407.7762735548888
4561,47.4621622838122,261.22000000003925,1407.8084774021593
4562,47.4621622838122,261.24000000003923,1407.8406804855892
4563,47.4621622838122,261.2600000000392,1407.8728828050637
4564,47.4621622838122,261.2800000000392,1407.9050843604678
4565,47.4621622838122,261.3000000000392,1407.9372851516866
4566,47.4621622838122,261.32000000003916,1407.9694851793697
4567,47.4621622838122,261.34000000003914,1408.0016844519532
4568,47.4621622838122,261.3600000000391,1408.0338829709933
4569,47.4621622838122,261.3800000000391,1408.0660807363747
4570,47.4621622838122,261.4000000000391,1408.098277747982
4571,47.4621622838122,261.42000000003907,1408.1304740056996
4572,47.4621622838122,261.44000000003905,1408.1626695094124
4573,47.4621622838122,261.46000000003903,1408.1948642590048
4574,47.4621622838122,261.480000000039,1408.2270582543617
4575,47.4621622838122,261.500000000039,1408.2592514953676
4576,47.4621622838122,261.520000000039,1408.291443981907
4577,47.4621622838122,261.54000000003896,1408.3236357138644
4578,47.4621622838122,261.56000000003894,1408.3558266911248
4579,47.4621622838122,261.5800000000389,1408.3880169135725
4580,47.4621622838122,261.6000000000389,1408.4202063810924
4581,47.4621622838122,261.6200000000389,1408.4523950935688
4582,47.4621622838122,261.64000000003887,1408.4845830508866
4583,47.4621622838122,261.66000000003885,1408.5167702529304
4584,47.4621622838122,261.68000000003883,1408.5489566995846
4585,47.4621622838122,261.7000000000388,1408.581142390734
4586,47.4621622838122,261.7200000000388,1408.613327326263
4587,47.4621622838122,261.7400000000388,1408.6455115060564
4588,47.4621622838122,261.76000000003876,1408.6776949299988
4589,47.4621622838122,261.78000000003874,1408.7098775979746
4590,47.4621622838122,261.8000000000387,1408.7420595098686
4591,47.4621622838122,261.8200000000387,1408.7742406655655
4592,47.4621622838122,261.8400000000387,1408.8064210649495
4593,47.4621622838122,261.86000000003867,1408.8386007079057
4594,47.4621622838122,261.88000000003865,1408.8707795943183
4595,47.4621622838122,261.90000000003863,1408.902957724072
4596,47.4621622838122,261.9200000000386,1408.9351350970514
4597,47.4621622838122,261.9400000000386,1408.9673117131413
4598,47.4621622838122,261.9600000000386,1408.9994875722261
4599,47.4621622838122,261.98000000003856,1409.0316626741906
4600,47.4621622838122,262.00000000003854,1409.063837018919
4601,47.4621622838122,262.0200000000385,1409.0960106062962
4602,47.4621622838122,262.0400000000385,1409.1281834362067
4603,47.4621622838122,262.0600000000385,1409.160355508535
4604,47.4621622838122,262.08000000003847,1409.192526823166
4605,47.4621622838122,262.10000000003845,1409.2246973799838
4606,47.4621622838122,262.12000000003843,1409.2568671788733
4607,47.4621622838122,262.1400000000384,1409.2890362197193
4608,47.4621622838122,262.1600000000384,1409.3212045024059
4609,47.4621622838122,262.1800000000384,1409.3533720268179
4610,47.4621622838122,262.20000000003836,1409.38553879284
4611,47.4621622838122,262.22000000003834,1409.4177048003567
4612,47.4621622838122,262.2400000000383,1409.4498700492525
4613,47.4621622838122,262.2600000000383,1409.4820345394119
4614,47.4621622838122,262.2800000000383,1409.5141982707196
4615,47.4621622838122,262.30000000003827,1409.5463612430603
4616,47.4621622838122,262.32000000003825,1409.5785234563184
4617,47.37704310437066,262.34000000003823,1409.610684911283
4618,47.37704310437066,262.3600000000382,1409.6428456170156
4619,47.37704310437066,262.3800000000382,1409.6750055744385
4620,47.37704310437066,262.4000000000382,1409.7071647834382
4621,47.37704310437066,262.42000000003816,1409.7393232439015
4622,47.37704310437066,262.44000000003814,1409.771480955715
4623,47.37704310437066,262.4600000000381,1409.8036379187658
4624,47.37704310437066,262.4800000000381,1409.8357941329402
4625,47.37704310437066,262.5000000000381,1409.867949598125
4626,47.37704310437066,262.52000000003807,1409.900104314207
4627,47.37704310437066,262.54000000003805,1409.932258281073
4628,47.37704310437066,262.56000000003803,1409.9644114986097
4629,47.37704310437066,262.580000000038,1409.9965639667037
4630,47.37704310437066,262.600000000038,1410.028715690875
4631,47.37704310437066,262.620000000038,1410.060866678841
4632,47.37704310437066,262.64000000003796,1410.0930169307303
4633,47.37704310437066,262.66000000003794,1410.1251664464285
4634,47.37704310437066,262.6800000000379,1410.1573152258204
4635,47.37704310437066,262.7000000000379,1410.189463268791
4636,47.37704310437066,262.7200000000379,1410.2216105752257
4637,47.37704310437066,262.74000000003787,1410.2537571450093
4638,47.37704310437066,262.76000000003785,1410.285902978027
4639,47.37704310437066,262.78000000003783,1410.3180480741637
4640,47.37704310437066,262.8000000000378,1410.3501924333048
4641,47.37704310437066,262.8200000000378,1410.382336055335
4642,47.37704310437066,262.8400000000378,1410.4144789401394
4643,47.37704310437066,262.86000000003776,1410.4466210876033
4644,47.37704310437066,262.88000000003774,1410.4787624976116
4645,47.37704310437066,262.9000000000377,1410.5109031700495
4646,47.37704310437066,262.9200000000377,1410.5430431048019
4647,47.37704310437066,262.9400000000377,1410.5751823017538
4648,47.37704310437066,262.96000000003767,1410.6073207607903
4649,47.37704310437066,262.98000000003765,1410.6394584817967
4650,47.37704310437066,263.00000000003763,1410.671595464658
4651,47.37704310437066,263.0200000000376,1410.7037317092588
4652,47.37704310437066,263.0400000000376,1410.7358672154846
4653,47.37704310437066,263.0600000000376,1410.7680019832203
4654,47.37704310437066,263.08000000003756,1410.800136012351
4655,47.37704310437066,263.10000000003754,1410.8322693027617
4656,47.37704310437066,263.1200000000375,1410.8644018543375
4657,47.37704310437066,263.1400000000375,1410.8965336669635
4658,47.37704310437066,263.1600000000375,1410.9286647405247
4659,47.37704310437066,263.18000000003747,1410.960795074906
4660,47.37704310437066,263.20000000003745,1410.9929246699926
4661,47.37704310437066,263.22000000003743,1411.0250535256694
4662,47.37704310437066,263.2400000000374,1411.0571816418214
4663,47.37704310437066,263.2600000000374,1411.089309018334
4664,47.37704310437066,263.2800000000374,1411.121435655092
4665,47.37704310437066,263.30000000003736,1411.1535615519804
4666,47.37704310437066,263.32000000003734,1411.1856867088843
4667,47.37704310437066,263.3400000000373,1411.2178111256887
4668,47.37704310437066,263.3600000000373,1411.2499348036802
4669,47.37704310437066,263.3800000000373,1411.282057751144
4670,47.37704310437066,263.40000000003727,1411.3141799687435
4671,47.37704310437066,263.42000000003725,1411.346301456364
4672,47.37704310437066,263.44000000003723,1411.3784222138913
4673,47.37704310437066,263.4600000000372,1411.4105422412108
4674,47.37704310437066,263.4800000000372,1411.442661538208
4675,47.37704310437066,263.5000000000372,1411.4747801047686
4676,47.37704310437066,263.52000000003716,1411.5068979407777
4677,47.37704310437066,263.54000000003714,1411.539015046121
4678,47.37704310437066,263.5600000000371,1411.5711314206842
4679,47.37704310437066,263.5800000000371,1411.6032470643527
4680,47.37704310437066,263.6000000000371,1411.6353619770118
4681,47.37704310437066,263.62000000003707,1411.6674761585473
4682,47.37704310437066,263.64000000003705,1411.6995896088445
4683,47.37704310437066,263.66000000003703,1411.731702327789
4684,47.37704310437066,263.680000000037,1411.7638143152662
4685,47.37704310437066,263.700000000037,1411.795925571162
4686,47.37704310437066,263.720000000037,1411.8280360953613
4687,47.37704310437066,263.74000000003696,1411.8601458877501
4688,47.37704310437066,263.76000000003694,1411.8922549482138
4689,47.37704310437066,263.7800000000369,1411.9243632766377
4690,47.37704310437066,263.8000000000369,1411.9564708729074
4691,47.37704310437066,263.8200000000369,1411.9885777369084
4692,47.37704310437066,263.84000000003687,1412.0206838685262
4693,47.37704310437066,263.86000000003685,1412.0527892676464
4694,47.37704310437066,263.88000000003683,1412.0848939341543
4695,47.37704310437066,263.9000000000368,1412.1169978679354
4696,47.37704310437066,263.9200000000368,1412.1491010688753
4697,47.37704310437066,263.9400000000368,1412.1812035368596
4698,47.37704310437066,263.96000000003676,1412.2133052717736
4699,47.37704310437066,263.98000000003674,1412.2454062735028
4700,47.37704310437066,264.0000000000367,1412.2775065419328
4701,47.37704310437066,264.0200000000367,1412.309606076949
4702,47.37704310437066,264.0400000000367,1412.3417048784368
4703,47.37704310437066,264.06000000003667,1412.3738029462818
4704,47.37704310437066,264.08000000003665,1412.4059002803695
4705,47.37704310437066,264.10000000003663,1412.4379968805852
4706,47.37704310437066,264.1200000000366,1412.4700927468145
4707,47.37704310437066,264.1400000000366,1412.502187878943
4708,47.37704310437066,264.1600000000366,1412.534282276856
4709,47.37704310437066,264.18000000003656,1412.566375940439
4710,47.37704310437066,264.20000000003654,1412.5984688695776
4711,47.37704310437066,264.2200000000365,1412.630561064157
4712,47.37704310437066,264.2400000000365,1412.6626525240629
4713,47.37704310437066,264.2600000000365,1412.6947432491806
4714,47.37704310437066,264.28000000003647,1412.7268332393958
4715,47.37704310437066,264.30000000003645,1412.7589224945937
4716,47.37704310437066,264.32000000003643,1412.79101101466
4717,47.37704310437066,264.3400000000364,1412.82309879948
4718,47.37704310437066,264.3600000000364,1412.8551858489393
4719,47.37704310437066,264.3800000000364,1412.8872721650223
4720,47.37704310437066,264.40000000003636,1412.9193577558037
4721,47.37704310437066,264.42000000003634,1412.9514426218464
4722,47.37704310437066,264.4400000000363,1412.9835267630365
4723,47.37704310437066,264.4600000000363,1413.0156101792602
4724,47.37704310437066,264.4800000000363,1413.0476928704038
4725,47.37704310437066,264.50000000003627,1413.0797748363534
4726,47.37704310437066,264.52000000003625,1413.111856076995
4727,47.37704310437066,264.54000000003623,1413.1439365922151
4728,47.37704310437066,264.5600000000362,1413.1760163818997
4729,47.37704310437066,264.5800000000362,1413.208095445935
4730,47.292178043921666,264.6000000000362,1413.2401737842072
4731,47.292178043921666,264.62000000003616,1413.2722513966025
4732,47.292178043921666,264.64000000003614,1413.3043282830072
4733,47.292178043921666,264.6600000000361,1413.3364044433074
4734,47.292178043921666,264.6800000000361,1413.3684798773893
4735,47.292178043921666,264.7000000000361,1413.400554585139
4736,47.292178043921666,264.72000000003607,1413.4326285664426
4737,47.292178043921666,264.74000000003605,1413.4647018211865
4738,47.292178043921666,264.76000000003603,1413.4967743492568
4739,47.292178043921666,264.780000000036,1413.5288461505397
4740,47.292178043921666,264.800000000036,1413.5609172249212
4741,47.292178043921666,264.820000000036,1413.5929875722877
4742,47.292178043921666,264.84000000003596,1413.6250571925252
4743,47.292178043921666,264.86000000003594,1413.65712608552
4744,47.292178043921666,264.8800000000359,1413.6891942511584
4745,47.292178043921666,264.9000000000359,1413.7212616893262
4746,47.292178043921666,264.9200000000359,1413.7533283999096
4747,47.292178043921666,264.94000000003587,1413.785394382795
4748,47.292178043921666,264.96000000003585,1413.8174596378685
4749,47.292178043921666,264.98000000003583,1413.8495241650162
4750,47.292178043921666,265.0000000000358,1413.8815879641243
4751,47.292178043921666,265.0200000000358,1413.9136510350788
4752,47.292178043921666,265.0400000000358,1413.9457133777662
4753,47.292178043921666,265.06000000003576,1413.9777749920725
4754,47.292178043921666,265.08000000003574,1414.0098358778837
4755,47.292178043921666,265.1000000000357,1414.0418960350862
4756,47.292178043921666,265.1200000000357,1414.073955463566
4757,47.292178043921666,265.1400000000357,1414.1060141632095
4758,47.292178043921666,265.16000000003567,1414.1380721339024
4759,47.292178043921666,265.18000000003565,1414.1701293755311
4760,47.292178043921666,265.20000000003563,1414.2021858879818
4761,47.292178043921666,265.2200000000356,1414.2342416711406
4762,47.292178043921666,265.2400000000356,1414.2662967248937
4763,47.292178043921666,265.2600000000356,1414.298351049127
4764,47.292178043921666,265.28000000003556,1414.330404643727
4765,47.292178043921666,265.30000000003554,1414.3624575085796
4766,47.292178043921666,265.3200000000355,1414.394509643571
4767,47.292178043921666,265.3400000000355,1414.4265610485872
4768,47.292178043921666,265.3600000000355,1414.4586117235147
4769,47.292178043921666,265.38000000003547,1414.4906616682392
4770,47.292178043921666,265.40000000003545,1414.5227108852475
4771,47.292178043921666,265.42000000003543,1414.5547593816916
4772,47.292178043921666,265.4400000000354,1414.5868071579764
4773,47.292178043921666,265.4600000000354,1414.6188542139885
4774,47.292178043921666,265.4800000000354,1414.6509005496148
4775,47.292178043921666,265.50000000003536,1414.682946164742
4776,47.292178043921666,265.52000000003534,1414.7149910592566
4777,47.292178043921666,265.5400000000353,1414.7470352330454
4778,47.292178043921666,265.5600000000353,1414.7790786859953
4779,47.292178043921666,265.5800000000353,1414.8111214179928
4780,47.292178043921666,265.60000000003527,1414.8431634289248
4781,47.292178043921666,265.62000000003525,1414.8752047186777
4782,47.292178043921666,265.64000000003523,1414.9072452871383
4783,47.292178043921666,265.6600000000352,1414.9392851341934
4784,47.292178043921666,265.6800000000352,1414.9713242597295
4785,47.292178043921666,265.7000000000352,1415.0033626636337
4786,47.292178043921666,265.72000000003516,1415.0354003457924
4787,47.292178043921666,265.74000000003514,1415.0674373060922
4788,47.292178043921666,265.7600000000351,1415.0994735444199
4789,47.292178043921666,265.7800000000351,1415.1315090606622
4790,47.292178043921666,265.8000000000351,1415.163543854706
4791,47.292178043921666,265.82000000003507,1415.1955779264376
4792,47.292178043921666,265.84000000003505,1415.227611275744
4793,47.292178043921666,265.86000000003503,1415.2596439025117
4794,47.292178043921666,265.880000000035,1415.2916758066274
4795,47.292178043921666,265.900000000035,1415.3237069879779
4796,47.292178043921666,265.920000000035,1415.3557374464497
4797,47.292178043921666,265.94000000003496,1415.3877671819296
4798,47.292178043921666,265.96000000003494,1415.4197961943044
4799,47.292178043921666,265.9800000000349,1415.4518244834605
4800,47.292178043921666,266.0000000000349,1415.483852049285
4801,47.292178043921666,266.0200000000349,1415.515878891664
4802,47.292178043921666,266.04000000003487,1415.5479050104846
4803,47.292178043921666,266.06000000003485,1415.5799304056334
4804,47.292178043921666,266.08000000003483,1415.611955076997
4805,47.292178043921666,266.1000000000348,1415.6439790244622
4806,47.292178043921666,266.1200000000348,1415.6760022479154
4807,47.292178043921666,266.1400000000348,1415.7080247472436
4808,47.292178043921666,266.16000000003476,1415.7400465223332
4809,47.292178043921666,266.18000000003474,1415.772067573071
4810,47.292178043921666,266.2000000000347,1415.8040878993436
4811,47.292178043921666,266.2200000000347,1415.8361075010378
4812,47.292178043921666,266.2400000000347,1415.86812637804
4813,47.292178043921666,266.26000000003467,1415.900144530237
4814,47.292178043921666,266.28000000003465,1415.9321619575155
4815,47.292178043921666,266.30000000003463,1415.9641786597622
4816,47.292178043921666,266.3200000000346,1415.9961946368637
4817,47.292178043921666,266.3400000000346,1416.0282098887067
4818,47.292178043921666,266.3600000000346,1416.0602244151776
4819,47.292178043921666,266.38000000003456,1416.0922382161632
4820,47.292178043921666,266.40000000003454,1416.1242512915503
4821,47.292178043921666,266.4200000000345,1416.1562636445708
4822,47.292178043921666,266.4400000000345,1416.1882752821668
4823,47.292178043921666,266.4600000000345,1416.2202862046377
4824,47.292178043921666,266.48000000003447,1416.2522964118707
4825,47.292178043921666,266.50000000003445,1416.2843059037532
4826,47.292178043921666,266.52000000003443,1416.3163146801724
4827,47.292178043921666,266.5400000000344,1416.3483227410154
4828,47.292178043921666,266.5600000000344,1416.3803300861698
4829,47.292178043921666,266.5800000000344,1416.4123367155228
4830,47.292178043921666,266.60000000003436,1416.4443426289615
4831,47.292178043921666,266.62000000003434,1416.4763478263733
4832,47.292178043921666,266.6400000000343,1416.5083523076453
4833,47.292178043921666,266.6600000000343,1416.5403560726647
4834,47.292178043921666,266.6800000000343,1416.572359121319
4835,47.292178043921666,266.70000000003427,1416.6043614534956
4836,47.292178043921666,266.72000000003425,1416.6363630690812
4837,47.292178043921666,266.74000000003423,1416.6683639679634
4838,47.292178043921666,266.7600000000342,1416.7003641500294
4839,47.292178043921666,266.7800000000342,1416.7323636151666
4840,47.20756604160903,266.8000000000342,1416.764362363262
4841,47.20756604160903,266.82000000003416,1416.796360394203
4842,47.20756604160903,266.84000000003414,1416.8283577078769
4843,47.20756604160903,266.8600000000341,1416.8603543041709
4844,47.20756604160903,266.8800000000341,1416.892350182972
4845,47.20756604160903,266.9000000000341,1416.9243453441677
4846,47.20756604160903,266.92000000003407,1416.9563397876452
4847,47.20756604160903,266.94000000003405,1416.9883335132918
4848,47.20756604160903,266.96000000003403,1417.0203265209946
4849,47.20756604160903,266.980000000034,1417.0523188106408
4850,47.20756604160903,267.000000000034,1417.0843103821178
4851,47.20756604160903,267.020000000034,1417.1163012353127
4852,47.20756604160903,267.04000000003396,1417.148291370113
4853,47.20756604160903,267.06000000003394,1417.1802807864055
4854,47.20756604160903,267.0800000000339,1417.2122694840778
4855,47.20756604160903,267.1000000000339,1417.244257463017
4856,47.20756604160903,267.1200000000339,1417.2762447231103
4857,47.20756604160903,267.14000000003387,1417.3082312642448
4858,47.20756604160903,267.16000000003385,1417.340217086308
4859,47.20756604160903,267.18000000003383,1417.372202189187
4860,47.20756604160903,267.2000000000338,1417.404186572769
4861,47.20756604160903,267.2200000000338,1417.4361702369413
4862,47.20756604160903,267.2400000000338,1417.468153181591
4863,47.20756604160903,267.26000000003376,1417.5001354066055
4864,47.20756604160903,267.28000000003374,1417.532116911872
4865,47.20756604160903,267.3000000000337,1417.5640976972775
4866,47.20756604160903,267.3200000000337,1417.5960777627092
4867,47.20756604160903,267.3400000000337,1417.6280571080547
4868,47.20756604160903,267.36000000003366,1417.6600357332009
4869,47.20756604160903,267.38000000003365,1417.692013638035
4870,47.20756604160903,267.40000000003363,1417.7239908224444
4871,47.20756604160903,267.4200000000336,1417.7559672863163
4872,47.20756604160903,267.4400000000336,1417.7879430332994
4873,47.20756604160903,267.4600000000336,1417.8199180694633
4874,47.20756604160903,267.48000000003356,1417.8518923949644
4875,47.20756604160903,267.50000000003354,1417.8838660096903
4876,47.20756604160903,267.5200000000335,1417.9158389135291
4877,47.20756604160903,267.5400000000335,1417.9478111063684
4878,47.20756604160903,267.5600000000335,1417.9797825880958
4879,47.20756604160903,267.58000000003346,1418.0117533585992
4880,47.20756604160903,267.60000000003345,1418.0437234177664
4881,47.20756604160903,267.62000000003343,1418.075692765485
4882,47.20756604160903,267.6400000000334,1418.1076614016429
4883,47.20756604160903,267.6600000000334,1418.1396293261275
4884,47.20756604160903,267.6800000000334,1418.1715965388269
4885,47.20756604160903,267.70000000003336,1418.2035630396285
4886,47.20756604160903,267.72000000003334,1418.2355288284205
4887,47.20756604160903,267.7400000000333,1418.2674939050903
4888,47.20756604160903,267.7600000000333,1418.2994582695255
4889,47.20756604160903,267.7800000000333,1418.3314219216143
4890,47.20756604160903,267.80000000003326,1418.363384861244
4891,47.20756604160903,267.82000000003325,1418.3953470883025
4892,47.20756604160903,267.8400000000332,1418.4273086026774
4893,47.20756604160903,267.8600000000332,1418.4592694042567
4894,47.20756604160903,267.8800000000332,1418.491229492928
4895,47.20756604160903,267.9000000000332,1418.5231888685787
4896,47.20756604160903,267.92000000003316,1418.555147531097
4897,47.20756604160903,267.94000000003314,1418.5871054803704
4898,47.20756604160903,267.9600000000331,1418.6190627162866
4899,47.20756604160903,267.9800000000331,1418.6510192387334
4900,47.20756604160903,268.0000000000331,1418.6829750475983
4901,47.20756604160903,268.02000000003306,1418.7149301427694
4902,47.20756604160903,268.04000000003305,1418.746884524134
4903,47.20756604160903,268.060000000033,1418.77883819158
4904,47.20756604160903,268.080000000033,1418.8107911449952
4905,47.20756604160903,268.100000000033,1418.8427433842671
4906,47.20756604160903,268.120000000033,1418.8746949092836
4907,47.20756604160903,268.14000000003296,1418.9066457199324
4908,47.20756604160903,268.16000000003294,1418.938595816101
4909,47.20756604160903,268.1800000000329,1418.9705451976774
4910,47.20756604160903,268.2000000000329,1419.0024938645493
4911,47.20756604160903,268.2200000000329,1419.034441816604
4912,47.20756604160903,268.24000000003286,1419.0663890537294
4913,47.20756604160903,268.26000000003285,1419.0983355758133
4914,47.20756604160903,268.2800000000328,1419.1302813827435
4915,47.20756604160903,268.3000000000328,1419.1622264744076
4916,47.20756604160903,268.3200000000328,1419.1941708506931
4917,47.20756604160903,268.3400000000328,1419.2261145114878
4918,47.20756604160903,268.36000000003276,1419.2580574566796
4919,47.20756604160903,268.38000000003274,1419.2899996861559
4920,47.20756604160903,268.4000000000327,1419.3219411998045
4921,47.20756604160903,268.4200000000327,1419.3538819975133
4922,47.20756604160903,268.4400000000327,1419.3858220791697
4923,47.20756604160903,268.46000000003266,1419.417761449208
4924,47.20756604160903,268.48000000003265,1419.4497001134544
4925,47.20756604160903,268.5000000000326,1419.4816380719517
4926,47.20756604160903,268.5200000000326,1419.5135753245881
4927,47.20756604160903,268.5400000000326,1419.5455118712523
4928,47.20756604160903,268.5600000000326,1419.5774477118323
4929,47.20756604160903,268.58000000003256,1419.6093828462162
4930,47.20756604160903,268.60000000003254,1419.6413172742928
4931,47.20756604160903,268.6200000000325,1419.67325099595
4932,47.20756604160903,268.6400000000325,1419.705184011076
4933,47.20756604160903,268.6600000000325,1419.7371163195594
4934,47.20756604160903,268.68000000003246,1419.7690479212883
4935,47.20756604160903,268.70000000003245,1419.800978816151
4936,47.20756604160903,268.7200000000324,1419.8329090040359
4937,47.20756604160903,268.7400000000324,1419.8648384848311
4938,47.20756604160903,268.7600000000324,1419.896767258425
4939,47.20756604160903,268.7800000000324,1419.9286953247056
4940,47.20756604160903,268.80000000003236,1419.9606226835615
4941,47.20756604160903,268.82000000003234,1419.992549334881
4942,47.20756604160903,268.8400000000323,1420.0244752825852
4943,47.20756604160903,268.8600000000323,1420.0564005352162
4944,47.20756604160903,268.8800000000323,1420.088325093175
4945,47.20756604160903,268.90000000003226,1420.120248956349
4946,47.20756604160903,268.92000000003225,1420.1521721246258
4947,47.20756604160903,268.9400000000322,1420.184094597893
4948,47.20756604160903,268.9600000000322,1420.216016376038
4949,47.20756604160903,268.9800000000322,1420.2479374589482
4950,47.20756604160903,269.0000000000322,1420.2798578465113
4951,47.20756604160903,269.02000000003216,1420.3117775386147
4952,47.20756604160903,269.04000000003214,1420.3436965351461
4953,47.20756604160903,269.0600000000321,1420.3756148359928
4954,47.12320604226382,269.0800000000321,1420.4075324410423
4955,47.12320604226382,269.1000000000321,1420.4394493501823
4956,47.12320604226382,269.12000000003206,1420.4713655633
4957,47.12320604226382,269.14000000003205,1420.5032810802832
4958,47.12320604226382,269.160000000032,1420.5351959010193
4959,47.12320604226382,269.180000000032,1420.5671100253958
4960,47.12320604226382,269.200000000032,1420.5990234533
4961,47.12320604226382,269.220000000032,1420.6309361846197
4962,47.12320604226382,269.24000000003196,1420.6628482192423
4963,47.12320604226382,269.26000000003194,1420.6947595570552
4964,47.12320604226382,269.2800000000319,1420.726670197946
4965,47.12320604226382,269.3000000000319,1420.7585801418022
4966,47.12320604226382,269.3200000000319,1420.790489388511
4967,47.12320604226382,269.34000000003186,1420.8223979379604
4968,47.12320604226382,269.36000000003185,1420.8543057900374
4969,47.12320604226382,269.3800000000318,1420.8862129446297
4970,47.12320604226382,269.4000000000318,1420.9181194016248
4971,47.12320604226382,269.4200000000318,1420.9500251609102
4972,47.12320604226382,269.4400000000318,1420.9819302223732
4973,47.12320604226382,269.46000000003176,1421.0138345859016
4974,47.12320604226382,269.48000000003174,1421.045738256271
4975,47.12320604226382,269.5000000000317,1421.0776412385062
4976,47.12320604226382,269.5200000000317,1421.1095435325224
4977,47.12320604226382,269.5400000000317,1421.1414451382077
4978,47.12320604226382,269.56000000003166,1421.17334605545
4979,47.12320604226382,269.58000000003165,1421.205246284138
4980,47.12320604226382,269.6000000000316,1421.237145824159
4981,47.12320604226382,269.6200000000316,1421.2690446754013
4982,47.12320604226382,269.6400000000316,1421.3009428377532
4983,47.12320604226382,269.6600000000316,1421.3328403111022
4984,47.12320604226382,269.68000000003155,1421.3647370953367
4985,47.12320604226382,269.70000000003154,1421.3966331903448
4986,47.12320604226382,269.7200000000315,1421.4285285960143
4987,47.12320604226382,269.7400000000315,1421.4604233122334
4988,47.12320604226382,269.7600000000315,1421.4923173388902
4989,47.12320604226382,269.78000000003146,1421.5242106758726
4990,47.12320604226382,269.80000000003145,1421.5561033230686
4991,47.12320604226382,269.8200000000314,1421.5879952803662
4992,47.12320604226382,269.8400000000314,1421.6198865476536
4993,47.12320604226382,269.8600000000314,1421.6517771248186
4994,47.12320604226382,269.8800000000314,1421.6836670117495
4995,47.12320604226382,269.90000000003135,1421.7155562083342
4996,47.12320604226382,269.92000000003134,1421.7474447144605
4997,47.12320604226382,269.9400000000313,1421.7793325300167
4998,47.12320604226382,269.9600000000313,1421.8112196548907
4999,47.12320604226382,269.9800000000313,1421.8431060889704
5000,47.12320604226382,270.00000000003126,1421.8749918321441
5001,47.12320604226382,270.02000000003125,1421.9068768842997
5002,47.12320604226382,270.0400000000312,1421.9387612453252
5003,47.12320604226382,270.0600000000312,1421.9706449151086
5004,47.12320604226382,270.0800000000312,1422.0025278935377
5005,47.12320604226382,270.1000000000312,1422.0344101805008
5006,47.12320604226382,270.12000000003115,1422.066291775886
5007,47.12320604226382,270.14000000003114,1422.098172679581
5008,47.12320604226382,270.1600000000311,1422.130052891474
5009,47.12320604226382,270.1800000000311,1422.1619324114529
5010,47.12320604226382,270.2000000000311,1422.1938112394057
5011,47.12320604226382,270.22000000003106,1422.2256893752203
5012,47.12320604226382,270.24000000003105,1422.2575668187849
5013,47.12320604226382,270.260000000031,1422.2894435699875
5014,47.12320604226382,270.280000000031,1422.321319628716
5015,47.12320604226382,270.300000000031,1422.3531949948585
5016,47.12320604226382,270.320000000031,1422.385069668303
5017,47.12320604226382,270.34000000003095,1422.4169436489374
5018,47.12320604226382,270.36000000003094,1422.4488169366496
5019,47.12320604226382,270.3800000000309,1422.4806895313277
5020,47.12320604226382,270.4000000000309,1422.5125614328597
5021,47.12320604226382,270.4200000000309,1422.5444326411334
5022,47.12320604226382,270.44000000003086,1422.576303156037
5023,47.12320604226382,270.46000000003085,1422.6081729774587
5024,47.12320604226382,270.4800000000308,1422.6400421053809
5025,47.12320604226382,270.5000000000308,1422.671910545302
5026,47.12320604226382,270.5200000000308,1422.7037783018682
5027,47.12320604226382,270.5400000000308,1422.7356453749683
5028,47.12320604226382,270.56000000003075,1422.7675117644908
5029,47.12320604226382,270.58000000003074,1422.799377470324
5030,47.12320604226382,270.6000000000307,1422.8312424923568
5031,47.12320604226382,270.6200000000307,1422.8631068304776
5032,47.12320604226382,270.6400000000307,1422.894970484575
5033,47.12320604226382,270.66000000003066,1422.9268334545372
5034,47.12320604226382,270.68000000003065,1422.9586957402532
5035,47.12320604226382,270.7000000000306,1422.9905573416115
5036,47.12320604226382,270.7200000000306,1423.0224182585005
5037,47.12320604226382,270.7400000000306,1423.0542784908087
5038,47.12320604226382,270.7600000000306,1423.0861380384247
5039,47.12320604226382,270.78000000003055,1423.1179969012371
5040,47.12320604226382,270.80000000003054,1423.1498550791343
5041,47.12320604226382,270.8200000000305,1423.181712572005
5042,47.12320604226382,270.8400000000305,1423.2135693797377
5043,47.12320604226382,270.8600000000305,1423.2454255022208
5044,47.12320604226382,270.88000000003046,1423.277280939343
5045,47.12320604226382,270.90000000003045,1423.3091356909927
5046,47.12320604226382,270.9200000000304,1423.3409897570587
5047,47.12320604226382,270.9400000000304,1423.372843137429
5048,47.12320604226382,270.9600000000304,1423.4046958319927
5049,47.12320604226382,270.9800000000304,1423.4365478406382
5050,47.12320604226382,271.00000000003035,1423.468399163254
5051,47.12320604226382,271.02000000003034,1423.5002497997282
5052,47.12320604226382,271.0400000000303,1423.5320997499498
5053,47.12320604226382,271.0600000000303,1423.5639490138071
5054,47.12320604226382,271.0800000000303,1423.5957975911888
5055,47.12320604226382,271.10000000003026,1423.6276454819833
5056,47.12320604226382,271.12000000003025,1423.6594926860791
5057,47.12320604226382,271.1400000000302,1423.691339203365
5058,47.12320604226382,271.1600000000302,1423.7231850337291
5059,47.12320604226382,271.1800000000302,1423.7550301770602
5060,47.12320604226382,271.2000000000302,1423.7868746332467
5061,47.12320604226382,271.22000000003015,1423.8187184021772
5062,47.12320604226382,271.24000000003014,1423.85056148374
5063,47.12320604226382,271.2600000000301,1423.8824038778237
5064,47.12320604226382,271.2800000000301,1423.9142455843169
5065,47.03909699636712,271.3000000000301,1423.946086603108
5066,47.03909699636712,271.32000000003006,1423.9779269340856
5067,47.03909699636712,271.34000000003005,1424.0097665771382
5068,47.03909699636712,271.36000000003,1424.0416055321543
5069,47.03909699636712,271.38000000003,1424.0734437990222
5070,47.03909699636712,271.40000000003,1424.1052813776307
5071,47.03909699636712,271.42000000003,1424.1371182678681
5072,47.03909699636712,271.44000000002995,1424.168954469623
5073,47.03909699636712,271.46000000002994,1424.2007899827838
5074,47.03909699636712,271.4800000000299,1424.232624807239
5075,47.03909699636712,271.5000000000299,1424.264458943084
5076,47.03909699636712,271.5200000000299,1424.2962923959908
5077,47.03909699636712,271.54000000002986,1424.3281251697715
5078,47.03909699636712,271.56000000002985,1424.3599572643157
5079,47.03909699636712,271.5800000000298,1424.391788679512
5080,47.03909699636712,271.6000000000298,1424.4236194152502
5081,47.03909699636712,271.6200000000298,1424.455449471419
5082,47.03909699636712,271.6400000000298,1424.4872788479074
5083,47.03909699636712,271.66000000002975,1424.5191075446048
5084,47.03909699636712,271.68000000002974,1424.5509355614004
5085,47.03909699636712,271.7000000000297,1424.582762898183
5086,47.03909699636712,271.7200000000297,1424.614589554842
5087,47.03909699636712,271.7400000000297,1424.6464155312665
5088,47.03909699636712,271.76000000002966,1424.6782408273455
5089,47.03909699636712,271.78000000002964,1424.7100654429682
5090,47.03909699636712,271.8000000000296,1424.7418893780236
5091,47.03909699636712,271.8200000000296,1424.7737126324012
5092,47.03909699636712,271.8400000000296,1424.8055352059896
5093,47.03909699636712,271.8600000000296,1424.8373570986782
5094,47.03909699636712,271.88000000002955,1424.8691783103561
5095,47.03909699636712,271.90000000002954,1424.9009988409123
5096,47.03909699636712,271.9200000000295,1424.932818690236
5097,47.03909699636712,271.9400000000295,1424.9646378582163
5098,47.03909699636712,271.9600000000295,1424.9964563447425
5099,47.03909699636712,271.98000000002946,1425.0282741497033
5100,47.03909699636712,272.00000000002944,1425.060091272988
5101,47.03909699636712,272.0200000000294,1425.0919077144858
5102,47.03909699636712,272.0400000000294,1425.1237234740859
5103,47.03909699636712,272.0600000000294,1425.155538551677
5104,47.03909699636712,272.0800000000294,1425.1873529471484
5105,47.03909699636712,272.10000000002935,1425.2191666603894
5106,47.03909699636712,272.12000000002934,1425.2509796912889
5107,47.03909699636712,272.1400000000293,1425.282792039736
5108,47.03909699636712,272.1600000000293,1425.31460370562
5109,47.03909699636712,272.1800000000293,1425.3464146888296
5110,47.03909699636712,272.20000000002926,1425.3782249892542
5111,47.03909699636712,272.22000000002924,1425.4100346067828
5112,47.03909699636712,272.2400000000292,1425.4418435413045
5113,47.03909699636712,272.2600000000292,1425.4736517927083
5114,47.03909699636712,272.2800000000292,1425.5054593608834
5115,47.03909699636712,272.3000000000292,1425.537266245719
5116,47.03909699636712,272.32000000002915,1425.569072447104
5117,47.03909699636712,272.34000000002914,1425.6008779649273
5118,47.03909699636712,272.3600000000291,1425.6326827990783
5119,47.03909699636712,272.3800000000291,1425.6644869494462
5120,47.03909699636712,272.4000000000291,1425.6962904159197
5121,47.03909699636712,272.42000000002906,1425.728093198388
5122,47.03909699636712,272.44000000002904,1425.7598952967403
5123,47.03909699636712,272.460000000029,1425.7916967108656
5124,47.03909699636712,272.480000000029,1425.823497440653
5125,47.03909699636712,272.500000000029,1425.8552974859915
5126,47.03909699636712,272.520000000029,1425.8870968471012
5127,47.03909699636712,272.54000000002895,1425.9188955302664
5128,47.03909699636712,272.56000000002894,1425.9506935387913
5129,47.03909699636712,272.5800000000289,1425.9824908725648
5130,47.03909699636712,272.6000000000289,1426.014287531476
5131,47.03909699636712,272.6200000000289,1426.0460835154136
5132,47.03909699636712,272.64000000002886,1426.0778788242667
5133,47.03909699636712,272.66000000002884,1426.1096734579241
5134,47.03909699636712,272.6800000000288,1426.1414674162747
5135,47.03909699636712,272.7000000000288,1426.1732606992075
5136,47.03909699636712,272.7200000000288,1426.2050533066113
5137,47.03909699636712,272.7400000000288,1426.2368452383748
5138,47.03909699636712,272.76000000002875,1426.2686364943872
5139,47.03909699636712,272.78000000002874,1426.3004270745375
5140,47.03909699636712,272.8000000000287,1426.3322169787143
5141,47.03909699636712,272.8200000000287,1426.3640062068066
5142,47.03909699636712,272.8400000000287,1426.3957947587035
5143,47.03909699636712,272.86000000002866,1426.4275826342935
5144,47.03909699636712,272.88000000002864,1426.4593698334656
5145,47.03909699636712,272.9000000000286,1426.491156356109
5146,47.03909699636712,272.9200000000286,1426.5229422021123
5147,47.03909699636712,272.9400000000286,1426.5547273713644
5148,47.03909699636712,272.9600000000286,1426.5865118637544
5149,47.03909699636712,272.98000000002855,1426.6182956791708
5150,47.03909699636712,273.00000000002854,1426.6500788175028
5151,47.03909699636712,273.0200000000285,1426.6818612786392
5152,47.03909699636712,273.0400000000285,1426.713643062469
5153,47.03909699636712,273.0600000000285,1426.7454241688808
5154,47.03909699636712,273.08000000002846,1426.7772045977638
5155,47.03909699636712,273.10000000002844,1426.8089843490066
5156,47.03909699636712,273.1200000000284,1426.8407634224982
5157,47.03909699636712,273.1400000000284,1426.8725418181273
5158,47.03909699636712,273.1600000000284,1426.904319535783
5159,47.03909699636712,273.1800000000284,1426.9360965753542
5160,47.03909699636712,273.20000000002835,1426.9678729367297
5161,47.03909699636712,273.22000000002834,1426.999648619798
5162,47.03909699636712,273.2400000000283,1427.0314236244487
5163,47.03909699636712,273.2600000000283,1427.0631979505702
5164,47.03909699636712,273.2800000000283,1427.0949715980512
5165,47.03909699636712,273.30000000002826,1427.1267445667809
5166,47.03909699636712,273.32000000002824,1427.158516856648
5167,47.03909699636712,273.3400000000282,1427.1902884675414
5168,47.03909699636712,273.3600000000282,1427.2220593993502
5169,47.03909699636712,273.3800000000282,1427.2538296519629
5170,47.03909699636712,273.4000000000282,1427.2855992252685
5171,47.03909699636712,273.42000000002815,1427.3173681191558
5172,47.03909699636712,273.44000000002814,1427.3491363335138
5173,47.03909699636712,273.4600000000281,1427.3809038682311
5174,47.03909699636712,273.4800000000281,1427.412670723197
5175,47.03909699636712,273.5000000000281,1427.4444368982997
5176,46.95523786001314,273.52000000002806,1427.4762023934286
5177,46.95523786001314,273.54000000002804,1427.5079672089205
5178,46.95523786001314,273.560000000028,1427.5397313515011
5179,46.95523786001314,273.580000000028,1427.5714948238633
5180,46.95523786001314,273.600000000028,1427.6032576258979
5181,46.95523786001314,273.62000000002797,1427.6350197574955
5182,46.95523786001314,273.64000000002795,1427.6667812185472
5183,46.95523786001314,273.66000000002794,1427.6985420089436
5184,46.95523786001314,273.6800000000279,1427.7303021285757
5185,46.95523786001314,273.7000000000279,1427.762061577334
5186,46.95523786001314,273.7200000000279,1427.7938203551093
5187,46.95523786001314,273.74000000002786,1427.8255784617927
5188,46.95523786001314,273.76000000002784,1427.8573358972747
5189,46.95523786001314,273.7800000000278,1427.8890926614463
5190,46.95523786001314,273.8000000000278,1427.920848754198
5191,46.95523786001314,273.8200000000278,1427.952604175421
5192,46.95523786001314,273.84000000002777,1427.9843589250056
5193,46.95523786001314,273.86000000002775,1428.016113002843
5194,46.95523786001314,273.88000000002774,1428.0478664088237
5195,46.95523786001314,273.9000000000277,1428.0796191428387
5196,46.95523786001314,273.9200000000277,1428.1113712047786
5197,46.95523786001314,273.9400000000277,1428.1431225945344
5198,46.95523786001314,273.96000000002766,1428.1748733119966
5199,46.95523786001314,273.98000000002764,1428.206623357056
5200,46.95523786001314,274.0000000000276,1428.2383727296035
5201,46.95523786001314,274.0200000000276,1428.2701214295298
5202,46.95523786001314,274.0400000000276,1428.3018694567259
5203,46.95523786001314,274.06000000002757,1428.3336168110823
5204,46.95523786001314,274.08000000002755,1428.3653634924897
5205,46.95523786001314,274.10000000002753,1428.3971095008392
5206,46.95523786001314,274.1200000000275,1428.4288548360212
5207,46.95523786001314,274.1400000000275,1428.4605994979268
5208,46.95523786001314,274.1600000000275,1428.4923434864465
5209,46.95523786001314,274.18000000002746,1428.5240868014712
5210,46.95523786001314,274.20000000002744,1428.5558294428915
5211,46.95523786001314,274.2200000000274,1428.5875714105985
5212,46.95523786001314,274.2400000000274,1428.6193127044826
5213,46.95523786001314,274.2600000000274,1428.6510533244345
5214,46.95523786001314,274.28000000002737,1428.6827932703452
5215,46.95523786001314,274.30000000002735,1428.7145325421054
5216,46.95523786001314,274.32000000002733,1428.7462711396058
5217,46.95523786001314,274.3400000000273,1428.7780090627373
5218,46.95523786001314,274.3600000000273,1428.8097463113904
5219,46.95523786001314,274.3800000000273,1428.8414828854561
5220,46.95523786001314,274.40000000002726,1428.873218784825
5221,46.95523786001314,274.42000000002724,1428.904954009388
5222,46.95523786001314,274.4400000000272,1428.9366885590355
5223,46.95523786001314,274.4600000000272,1428.9684224336586
5224,46.95523786001314,274.4800000000272,1429.0001556331479
5225,46.95523786001314,274.50000000002717,1429.031888157394
5226,46.95523786001314,274.52000000002715,1429.0636200062877
5227,46.95523786001314,274.54000000002713,1429.09535117972
5228,46.95523786001314,274.5600000000271,1429.1270816781273
5229,46.95523786001314,274.5800000000271,1429.1588115084392
5230,46.95523786001314,274.6000000000271,1429.1905406726707
5231,46.95523786001314,274.62000000002706,1429.222269170713
5232,46.95523786001314,274.64000000002704,1429.2539970024561
5233,46.95523786001314,274.660000000027,1429.2857241677907
5234,46.95523786001314,274.680000000027,1429.3174506666076
5235,46.95523786001314,274.700000000027,1429.349176498797
5236,46.95523786001314,274.72000000002697,1429.3809016642497
5237,46.95523786001314,274.74000000002695,1429.412626162856
5238,46.95523786001314,274.76000000002693,1429.4443499945066
5239,46.95523786001314,274.7800000000269,1429.476073159092
5240,46.95523786001314,274.8000000000269,1429.5077956565028
5241,46.95523786001314,274.8200000000269,1429.5395174866294
5242,46.95523786001314,274.84000000002686,1429.5712386493624
5243,46.95523786001314,274.86000000002684,1429.6029591445924
5244,46.95523786001314,274.8800000000268,1429.63467897221
5245,46.95523786001314,274.9000000000268,1429.6663981321055
5246,46.95523786001314,274.9200000000268,1429.6981166241696
5247,46.95523786001314,274.94000000002677,1429.7298344482929
5248,46.95523786001314,274.96000000002675,1429.7615516043656
5249,46.95523786001314,274.98000000002673,1429.7932680922786
5250,46.95523786001314,275.0000000000267,1429.8249839119221
5251,46.95523786001314,275.0200000000267,1429.8566990631869
5252,46.95523786001314,275.0400000000267,1429.8884135459634
5253,46.95523786001314,275.06000000002666,1429.9201273601423
5254,46.95523786001314,275.08000000002664,1429.9518405056137
5255,46.95523786001314,275.1000000000266,1429.9835529822685
5256,46.95523786001314,275.1200000000266,1430.0152647910147
5257,46.95523786001314,275.1400000000266,1430.046975942157
5258,46.95523786001314,275.16000000002657,1430.0786864368388
5259,46.95523786001314,275.18000000002655,1430.1103962749503
5260,46.95523786001314,275.20000000002653,1430.1421054563814
5261,46.95523786001314,275.2200000000265,1430.1738139810218
5262,46.95523786001314,275.2400000000265,1430.2055218487612
5263,46.95523786001314,275.2600000000265,1430.2372290594894
5264,46.95523786001314,275.28000000002646,1430.2689356130963
5265,46.95523786001314,275.30000000002644,1430.3006415094717
5266,46.95523786001314,275.3200000000264,1430.3323467485054
5267,46.95523786001314,275.3400000000264,1430.364051330087
5268,46.95523786001314,275.3600000000264,1430.3957552541065
5269,46.95523786001314,275.38000000002637,1430.4274585204537
5270,46.95523786001314,275.40000000002635,1430.4591611290184
5271,46.95523786001314,275.42000000002633,1430.4908630796904
5272,46.95523786001314,275.4400000000263,1430.5225643723593
5273,46.95523786001314,275.4600000000263,1430.5542650069149
5274,46.95523786001314,275.4800000000263,1430.585964983247
5275,46.95523786001314,275.50000000002626,1430.617664301246
5276,46.95523786001314,275.52000000002624,1430.6493629608008
5277,46.95523786001314,275.5400000000262,1430.6810609618017
5278,46.95523786001314,275.5600000000262,1430.7127583041383
5279,46.95523786001314,275.5800000000262,1430.7444549883846
5280,46.95523786001314,275.60000000002617,1430.776151022198
5281,46.95523786001314,275.62000000002615,1430.8078464070775
5282,46.95523786001314,275.64000000002613,1430.8395411429135
5283,46.95523786001314,275.6600000000261,1430.8712352295963
5284,46.95523786001314,275.6800000000261,1430.9029286670166
5285,46.95523786001314,275.7000000000261,1430.9346214550649
5286,46.95523786001314,275.72000000002606,1430.9663135936314
5287,46.95523786001314,275.74000000002604,1430.998005082607
5288,46.95523786001314,275.760000000026,1431.029695921882
5289,46.95523786001314,275.780000000026,1431.0613861113468
5290,46.95523786001314,275.800000000026,1431.093075650892
5291,46.95523786001314,275.82000000002597,1431.124764540408
5292,46.87162759487252,275.84000000002595,1431.1564527797855
5293,46.87162759487252,275.86000000002593,1431.1881403689147
5294,46.87162759487252,275.8800000000259,1431.219827307686
5295,46.87162759487252,275.9000000000259,1431.2515135959902
5296,46.87162759487252,275.9200000000259,1431.2831992337178
5297,46.87162759487252,275.94000000002586,1431.314884220759
5298,46.87162759487252,275.96000000002584,1431.3465685570045
5299,46.87162759487252,275.9800000000258,1431.3782522423446
5300,46.87162759487252,276.0000000000258,1431.4099352766698
5301,46.87162759487252,276.0200000000258,1431.4416176598706
5302,46.87162759487252,276.04000000002577,1431.4732993918376
5303,46.87162759487252,276.06000000002575,1431.504980472461
5304,46.87162759487252,276.08000000002573,1431.5366609016314
5305,46.87162759487252,276.1000000000257,1431.5683406792393
5306,46.87162759487252,276.1200000000257,1431.6000198051752
5307,46.87162759487252,276.1400000000257,1431.6316982793294
5308,46.87162759487252,276.16000000002566,1431.6633761015926
5309,46.87162759487252,276.18000000002564,1431.695053271855
5310,46.87162759487252,276.2000000000256,1431.726729790007
5311,46.87162759487252,276.2200000000256,1431.7584056559394
5312,46.87162759487252,276.2400000000256,1431.7900808695426
5313,46.87162759487252,276.26000000002557,1431.8217554307068
5314,46.87162759487252,276.28000000002555,1431.8534293393227
5315,46.87162759487252,276.30000000002553,1431.8851025952806
5316,46.87162759487252,276.3200000000255,1431.916775198471
5317,46.87162759487252,276.3400000000255,1431.9484471487842
5318,46.87162759487252,276.3600000000255,1431.980118446111
5319,46.87162759487252,276.38000000002546,1432.0117890903414
5320,46.87162759487252,276.40000000002544,1432.043459081366
5321,46.87162759487252,276.4200000000254,1432.0751284190756
5322,46.87162759487252,276.4400000000254,1432.1067971033601
5323,46.87162759487252,276.4600000000254,1432.1384651341102
5324,46.87162759487252,276.48000000002537,1432.1701325112165
5325,46.87162759487252,276.50000000002535,1432.201799234569
5326,46.87162759487252,276.52000000002533,1432.2334653040587
5327,46.87162759487252,276.5400000000253,1432.2651307195756
5328,46.87162759487252,276.5600000000253,1432.2967954810101
5329,46.87162759487252,276.5800000000253,1432.3284595882528
5330,46.87162759487252,276.60000000002526,1432.3601230419529
5331,46.87162759487252,276.62000000002524,1432.3917858497884
5332,46.87162759487252,276.6400000000252,1432.4234480126095
5333,46.87162759487252,276.6600000000252,1432.455109530307
5334,46.87162759487252,276.6800000000252,1432.486770402772
5335,46.87162759487252,276.70000000002517,1432.5184306298954
5336,46.87162759487252,276.72000000002515,1432.5500902115682
5337,46.87162759487252,276.74000000002513,1432.5817491476812
5338,46.87162759487252,276.7600000000251,1432.6134074381255
5339,46.87162759487252,276.7800000000251,1432.6450650827921
5340,46.87162759487252,276.8000000000251,1432.6767220815718
5341,46.87162759487252,276.82000000002506,1432.7083784343558
5342,46.87162759487252,276.84000000002504,1432.7400341410348
5343,46.87162759487252,276.860000000025,1432.7716892014998
5344,46.87162759487252,276.880000000025,1432.803343615642
5345,46.87162759487252,276.900000000025,1432.834997383352
5346,46.87162759487252,276.92000000002497,1432.866650504521
5347,46.87162759487252,276.94000000002495,1432.8983029790397
5348,46.87162759487252,276.96000000002493,1432.9299548067993
5349,46.87162759487252,276.9800000000249,1432.9616059876907
5350,46.87162759487252,277.0000000000249,1432.9932565216047
5351,46.87162759487252,277.0200000000249,1433.0249064084323
5352,46.87162759487252,277.04000000002486,1433.0565556480647
5353,46.87162759487252,277.06000000002484,1433.0882042403923
5354,46.87162759487252,277.0800000000248,1433.1198521853064
5355,46.87162759487252,277.1000000000248,1433.151499482698
5356,46.87162759487252,277.1200000000248,1433.183146132458
5357,46.87162759487252,277.14000000002477,1433.2147921344772
5358,46.87162759487252,277.16000000002475,1433.2464374886465
5359,46.87162759487252,277.18000000002473,1433.278082194857
5360,46.87162759487252,277.2000000000247,1433.3097262529993
5361,46.87162759487252,277.2200000000247,1433.3413696629648
5362,46.87162759487252,277.2400000000247,1433.373012424644
5363,46.87162759487252,277.26000000002466,1433.404654537928
5364,46.87162759487252,277.28000000002464,1433.4362960027079
5365,46.87162759487252,277.3000000000246,1433.4679368188743
5366,46.87162759487252,277.3200000000246,1433.4995769863183
5367,46.87162759487252,277.3400000000246,1433.5312165049309
5368,46.87162759487252,277.36000000002457,1433.5628553746028
5369,46.87162759487252,277.38000000002455,1433.594493595225
5370,46.87162759487252,277.40000000002453,1433.6261311666885
5371,46.87162759487252,277.4200000000245,1433.6577680888843
5372,46.87162759487252,277.4400000000245,1433.689404361703
5373,46.87162759487252,277.4600000000245,1433.7210399850358
5374,46.87162759487252,277.48000000002446,1433.7526749587732
5375,46.87162759487252,277.50000000002444,1433.7843092828066
5376,46.87162759487252,277.5200000000244,1433.8159429570267
5377,46.87162759487252,277.5400000000244,1433.8475759813243
5378,46.87162759487252,277.5600000000244,1433.8792083555904
5379,46.87162759487252,277.58000000002437,1433.9108400797159
5380,46.87162759487252,277.60000000002435,1433.9424711535917
5381,46.87162759487252,277.62000000002433,1433.9741015783472
5382,46.87162759487252,277.6400000000243,1434.0057313618197
5383,46.87162759487252,277.6600000000243,1434.0373605046457
5384,46.87162759487252,277.6800000000243,1434.0689890067167
5385,46.87162759487252,277.70000000002426,1434.1006168679241
5386,46.87162759487252,277.72000000002424,1434.1322440881593
5387,46.87162759487252,277.7400000000242,1434.1638706673134
5388,46.87162759487252,277.7600000000242,1434.195496605278
5389,46.87162759487252,277.7800000000242,1434.2271219019449
5390,46.87162759487252,277.80000000002417,1434.2587465572049
5391,46.87162759487252,277.82000000002415,1434.2903705709496
5392,46.87162759487252,277.84000000002413,1434.3219939430703
5393,46.87162759487252,277.8600000000241,1434.3536166734586
5394,46.87162759487252,277.8800000000241,1434.3852387620059
5395,46.87162759487252,277.9000000000241,1434.4168602086033
5396,46.87162759487252,277.92000000002406,1434.4484810131426
5397,46.87162759487252,277.94000000002404,1434.4801011755148
5398,46.87162759487252,277.960000000024,1434.5117206956115
5399,46.87162759487252,277.980000000024,1434.543339573324
5400,46.87162759487252,278.000000000024,1434.5749578085436
5401,46.87162759487252,278.02000000002397,1434.6065754011618
5402,46.87162759487252,278.04000000002395,1434.6381923510698
5403,46.87162759487252,278.06000000002393,1434.6698086581591
5404,46.788265168156016,278.0800000000239,1434.7014243223211
5405,46.788265168156016,278.1000000000239,1434.7330393434472
5406,46.788265168156016,278.1200000000239,1434.7646537214287
5407,46.788265168156016,278.14000000002386,1434.796267456157
5408,46.788265168156016,278.16000000002384,1434.8278805475234
5409,46.788265168156016,278.1800000000238,1434.8594929954193
5410,46.788265168156016,278.2000000000238,1434.891104799736
5411,46.788265168156016,278.2200000000238,1434.9227159603652
5412,46.788265168156016,278.24000000002377,1434.9543264771978
5413,46.788265168156016,278.26000000002375,1434.9859363501255
5414,46.788265168156016,278.28000000002373,1435.0175455790395
5415,46.788265168156016,278.3000000000237,1435.0491541638312
5416,46.788265168156016,278.3200000000237,1435.0807621043919
5417,46.788265168156016,278.3400000000237,1435.112369400613
5418,46.788265168156016,278.36000000002366,1435.1439760523858
5419,46.788265168156016,278.38000000002364,1435.1755820596018
5420,46.788265168156016,278.4000000000236,1435.2071874221522
5421,46.788265168156016,278.4200000000236,1435.2387921399284
5422,46.788265168156016,278.4400000000236,1435.2703962128217
5423,46.788265168156016,278.46000000002357,1435.3019996407236
5424,46.788265168156016,278.48000000002355,1435.3336024235252
5425,46.788265168156016,278.50000000002353,1435.3652045611182
5426,46.788265168156016,278.5200000000235,1435.3968060533934
5427,46.788265168156016,278.5400000000235,1435.4284069002426
5428,46.788265168156016,278.5600000000235,1435.460007101557
5429,46.788265168156016,278.58000000002346,1435.491606657228
5430,46.788265168156016,278.60000000002344,1435.5232055671468
5431,46.788265168156016,278.6200000000234,1435.5548038312047
5432,46.788265168156016,278.6400000000234,1435.5864014510128
5433,46.788265168156016,278.6600000000234,1435.6179984335115
5434,46.788265168156016,278.68000000002337,1435.6495947791846
5435,46.788265168156016,278.70000000002335,1435.681190487924
5436,46.788265168156016,278.72000000002333,1435.7127855596216
5437,46.788265168156016,278.7400000000233,1435.744379994169
5438,46.788265168156016,278.7600000000233,1435.7759737914582
5439,46.788265168156016,278.7800000000233,1435.807566951381
5440,46.788265168156016,278.80000000002326,1435.839159473829
5441,46.788265168156016,278.82000000002324,1435.8707513586942
5442,46.788265168156016,278.8400000000232,1435.9023426058682
5443,46.788265168156016,278.8600000000232,1435.9339332152429
5444,46.788265168156016,278.8800000000232,1435.96552318671
5445,46.788265168156016,278.90000000002317,1435.9971125201616
5446,46.788265168156016,278.92000000002315,1436.0287012154893
5447,46.788265168156016,278.94000000002313,1436.0602892725847
5448,46.788265168156016,278.9600000000231,1436.0918766913398
5449,46.788265168156016,278.9800000000231,1436.1234634716463
5450,46.788265168156016,279.0000000000231,1436.1550496133962
5451,46.788265168156016,279.02000000002306,1436.186635116481
5452,46.788265168156016,279.04000000002304,1436.2182199807926
5453,46.788265168156016,279.060000000023,1436.2498042062227
5454,46.788265168156016,279.080000000023,1436.2813877926633
5455,46.788265168156016,279.100000000023,1436.312970740006
5456,46.788265168156016,279.12000000002297,1436.3445530481426
5457,46.788265168156016,279.14000000002295,1436.376134716965
5458,46.788265168156016,279.16000000002293,1436.4077157463648
5459,46.788265168156016,279.1800000000229,1436.4392961362337
5460,46.788265168156016,279.2000000000229,1436.4708758864635
5461,46.788265168156016,279.2200000000229,1436.5024549969462
5462,46.788265168156016,279.24000000002286,1436.5340334675734
5463,46.788265168156016,279.26000000002284,1436.565611298237
5464,46.788265168156016,279.2800000000228,1436.5971884888286
5465,46.788265168156016,279.3000000000228,1436.62876503924
5466,46.788265168156016,279.3200000000228,1436.6603409493632
5467,46.788265168156016,279.34000000002277,1436.6919162190895
5468,46.788265168156016,279.36000000002275,1436.723490848311
5469,46.788265168156016,279.38000000002273,1436.7550648369195
5470,46.788265168156016,279.4000000000227,1436.7866381848064
5471,46.788265168156016,279.4200000000227,1436.8182108918638
5472,46.788265168156016,279.4400000000227,1436.8497829579833
5473,46.788265168156016,279.46000000002266,1436.8813543830568
5474,46.788265168156016,279.48000000002264,1436.9129251669758
5475,46.788265168156016,279.5000000000226,1436.9444953096322
5476,46.788265168156016,279.5200000000226,1436.9760648109177
5477,46.788265168156016,279.5400000000226,1437.007633670724
5478,46.788265168156016,279.56000000002257,1437.0392018889431
5479,46.788265168156016,279.58000000002255,1437.0707694654666
5480,46.788265168156016,279.60000000002253,1437.1023364001862
5481,46.788265168156016,279.6200000000225,1437.1339026929936
5482,46.788265168156016,279.6400000000225,1437.1654683437807
5483,46.788265168156016,279.6600000000225,1437.1970333548081
5484,46.788265168156016,279.68000000002246,1437.2285977328593
5485,46.788265168156016,279.70000000002244,1437.2601614783287
5486,46.788265168156016,279.7200000000224,1437.2917245911087
5487,46.788265168156016,279.7400000000224,1437.3232870710917
5488,46.788265168156016,279.7600000000224,1437.35484891817
5489,46.788265168156016,279.78000000002237,1437.386410132236
5490,46.788265168156016,279.80000000002235,1437.417970713182
5491,46.788265168156016,279.82000000002233,1437.4495306609003
5492,46.788265168156016,279.8400000000223,1437.481089975283
5493,46.788265168156016,279.8600000000223,1437.5126486562228
5494,46.788265168156016,279.8800000000223,1437.5442067036117
5495,46.788265168156016,279.90000000002226,1437.5757641173423
5496,46.788265168156016,279.92000000002224,1437.6073208973066
5497,46.788265168156016,279.9400000000222,1437.638877043397
5498,46.788265168156016,279.9600000000222,1437.6704325555058
5499,46.788265168156016,279.9800000000222,1437.7019874335253
5500,46.788265168156016,280.00000000002217,1437.733541677348
5501,46.788265168156016,280.02000000002215,1437.765095286866
5502,46.788265168156016,280.04000000002213,1437.7966482619715
5503,46.788265168156016,280.0600000000221,1437.8282006025572
5504,46.788265168156016,280.0800000000221,1437.859752308515
5505,46.788265168156016,280.1000000000221,1437.8913033797373
5506,46.788265168156016,280.12000000002206,1437.9228538161165
5507,46.788265168156016,280.14000000002204,1437.9544036175448
5508,46.788265168156016,280.160000000022,1437.9859527839146
5509,46.788265168156016,280.180000000022,1438.0175013151181
5510,46.788265168156016,280.200000000022,1438.0490492110475
5511,46.788265168156016,280.22000000002197,1438.0805964715953
5512,46.788265168156016,280.24000000002195,1438.1121430966537
5513,46.788265168156016,280.26000000002193,1438.1436890861148
5514,46.788265168156016,280.2800000000219,1438.1752344398712
5515,46.788265168156016,280.3000000000219,1438.206779157815
5516,46.788265168156016,280.3200000000219,1438.2383232398383
5517,46.705149552578355,280.34000000002186,1438.269866685834
5518,46.705149552578355,280.36000000002184,1438.3014094956936
5519,46.705149552578355,280.3800000000218,1438.33295166931
5520,46.705149552578355,280.4000000000218,1438.3644932065752
5521,46.705149552578355,280.4200000000218,1438.3960341073814
5522,46.705149552578355,280.44000000002177,1438.427574371621
5523,46.705149552578355,280.46000000002175,1438.4591139991862
5524,46.705149552578355,280.48000000002173,1438.4906529899692
5525,46.705149552578355,280.5000000000217,1438.5221913438625
5526,46.705149552578355,280.5200000000217,1438.553729060758
5527,46.705149552578355,280.5400000000217,1438.5852661405486
5528,46.705149552578355,280.56000000002166,1438.616802583126
5529,46.705149552578355,280.58000000002164,1438.6483383883826
5530,46.705149552578355,280.6000000000216,1438.6798735562109
5531,46.705149552578355,280.6200000000216,1438.7114080865028
5532,46.705149552578355,280.6400000000216,1438.7429419791508
5533,46.705149552578355,280.66000000002157,1438.774475234047
5534,46.705149552578355,280.68000000002155,1438.8060078538633
5535,46.705149552578355,280.70000000002153,1438.837539844562
5536,46.705149552578355,280.7200000000215,1438.8690712064013
5537,46.705149552578355,280.7400000000215,1438.9006019392743
5538,46.705149552578355,280.7600000000215,1438.932132043074
5539,46.705149552578355,280.78000000002146,1438.963661517693
5540,46.705149552578355,280.80000000002144,1438.9951903630244
5541,46.705149552578355,280.8200000000214,1439.026718578961
5542,46.705149552578355,280.8400000000214,1439.0582461653955
5543,46.705149552578355,280.8600000000214,1439.089773122221
5544,46.705149552578355,280.88000000002137,1439.12129944933
5545,46.705149552578355,280.90000000002135,1439.152825146616
5546,46.705149552578355,280.92000000002133,1439.1843502139711
5547,46.705149552578355,280.9400000000213,1439.2158746512887
5548,46.705149552578355,280.9600000000213,1439.2473984584615
5549,46.705149552578355,280.9800000000213,1439.2789216353822
5550,46.705149552578355,281.00000000002126,1439.3104441819437
5551,46.705149552578355,281.02000000002124,1439.341966098039
5552,46.705149552578355,281.0400000000212,1439.3734873835608
5553,46.705149552578355,281.0600000000212,1439.4050080384022
5554,46.705149552578355,281.0800000000212,1439.4365280624559
5555,46.705149552578355,281.10000000002117,1439.4680474556146
5556,46.705149552578355,281.12000000002115,1439.4995662177714
5557,46.705149552578355,281.14000000002113,1439.531084348819
5558,46.705149552578355,281.1600000000211,1439.5626018486503
5559,46.705149552578355,281.1800000000211,1439.5941187171582
5560,46.705149552578355,281.2000000000211,1439.6256349542352
5561,46.705149552578355,281.22000000002106,1439.6571505597744
5562,46.705149552578355,281.24000000002104,1439.6886655336689
5563,46.705149552578355,281.260000000021,1439.720179875811
5564,46.705149552578355,281.280000000021,1439.751693586094
5565,46.705149552578355,281.300000000021,1439.7832066644105
5566,46.705149552578355,281.32000000002097,1439.8147191106532
5567,46.705149552578355,281.34000000002095,1439.8462309247152
5568,46.705149552578355,281.36000000002093,1439.8777421064892
5569,46.705149552578355,281.3800000000209,1439.9092526558682
5570,46.705149552578355,281.4000000000209,1439.9407625727447
5571,46.705149552578355,281.4200000000209,1439.9722718570117
5572,46.705149552578355,281.44000000002086,1440.0037805088054
5573,46.705149552578355,281.46000000002084,1440.0352885350806
5574,46.705149552578355,281.4800000000208,1440.0667959405996
5575,46.705149552578355,281.5000000000208,1440.0983027252548
5576,46.705149552578355,281.5200000000208,1440.1298088889384
5577,46.705149552578355,281.54000000002077,1440.1613144315425
5578,46.705149552578355,281.56000000002075,1440.192819352959
5579,46.705149552578355,281.58000000002073,1440.2243236530803
5580,46.705149552578355,281.6000000000207,1440.2558273317986
5581,46.705149552578355,281.6200000000207,1440.2873303890058
5582,46.705149552578355,281.6400000000207,1440.3188328245942
5583,46.705149552578355,281.66000000002066,1440.350334638456
5584,46.705149552578355,281.68000000002064,1440.3818358304832
5585,46.705149552578355,281.7000000000206,1440.4133364040024
5586,46.705149552578355,281.7200000000206,1440.4448363647298
5587,46.705149552578355,281.7400000000206,1440.476335712823
5588,46.705149552578355,281.76000000002057,1440.5078344481735
5589,46.705149552578355,281.78000000002055,1440.5393325706737
5590,46.705149552578355,281.80000000002053,1440.5708300802155
5591,46.705149552578355,281.8200000000205,1440.6023269766908
5592,46.705149552578355,281.8400000000205,1440.6338232599917
5593,46.705149552578355,281.8600000000205,1440.66531893001
5594,46.705149552578355,281.88000000002046,1440.6968139866378
5595,46.705149552578355,281.90000000002044,1440.7283084297671
5596,46.705149552578355,281.9200000000204,1440.75980225929
5597,46.705149552578355,281.9400000000204,1440.791295475098
5598,46.705149552578355,281.9600000000204,1440.8227880770835
5599,46.705149552578355,281.98000000002037,1440.8542800651383
5600,46.705149552578355,282.00000000002035,1440.8857714391545
5601,46.705149552578355,282.02000000002033,1440.917262199024
5602,46.705149552578355,282.0400000000203,1440.9487523446387
5603,46.705149552578355,282.0600000000203,1440.9802418758907
5604,46.705149552578355,282.0800000000203,1441.0117307926716
5605,46.705149552578355,282.10000000002026,1441.0432190948738
5606,46.705149552578355,282.12000000002024,1441.074706782389
5607,46.705149552578355,282.1400000000202,1441.1061938551093
5608,46.705149552578355,282.1600000000202,1441.1376803129265
5609,46.705149552578355,282.1800000000202,1441.1691661557327
5610,46.705149552578355,282.20000000002017,1441.2006513834199
5611,46.705149552578355,282.22000000002015,1441.2321359958798
5612,46.705149552578355,282.24000000002013,1441.2636199930046
5613,46.705149552578355,282.2600000000201,1441.295103374686
5614,46.705149552578355,282.2800000000201,1441.3265861408163
5615,46.705149552578355,282.3000000000201,1441.358068291287
5616,46.705149552578355,282.32000000002006,1441.3895498259903
5617,46.705149552578355,282.34000000002004,1441.4210307448182
5618,46.705149552578355,282.36000000002,1441.4525110476625
5619,46.705149552578355,282.38000000002,1441.4839907344153
5620,46.705149552578355,282.40000000002,1441.5154698049685
5621,46.705149552578355,282.42000000001997,1441.5469482592139
5622,46.705149552578355,282.44000000001995,1441.5784260970436
5623,46.705149552578355,282.46000000001993,1441.6099033183493
5624,46.705149552578355,282.4800000000199,1441.6413799230231
5625,46.705149552578355,282.5000000000199,1441.672855910957
5626,46.705149552578355,282.5200000000199,1441.7043312820426
5627,46.705149552578355,282.54000000001986,1441.7358060361723
5628,46.705149552578355,282.56000000001984,1441.7672801732376
5629,46.705149552578355,282.5800000000198,1441.7987536931307
5630,46.705149552578355,282.6000000000198,1441.8302265957434
5631,46.705149552578355,282.6200000000198,1441.8616988809677
5632,46.705149552578355,282.64000000001977,1441.8931705486955
5633,46.705149552578355,282.66000000001975,1441.9246415988187
5634,46.62227972632247,282.68000000001973,1441.9561120312292
5635,46.62227972632247,282.7000000000197,1441.9875818458188
5636,46.62227972632247,282.7200000000197,1442.0190510463879
5637,46.62227972632247,282.7400000000197,1442.0505196380861
5638,46.62227972632247,282.76000000001966,1442.0819876209569
5639,46.62227972632247,282.78000000001964,1442.113454994894
5640,46.62227972632247,282.8000000000196,1442.1449217597913
5641,46.62227972632247,282.8200000000196,1442.1763879155424
5642,46.62227972632247,282.8400000000196,1442.2078534620412
5643,46.62227972632247,282.86000000001957,1442.2393183991812
5644,46.62227972632247,282.88000000001955,1442.2707827268564
5645,46.62227972632247,282.90000000001953,1442.3022464449602
5646,46.62227972632247,282.9200000000195,1442.3337095533866
5647,46.62227972632247,282.9400000000195,1442.3651720520293
5648,46.62227972632247,282.9600000000195,1442.396633940782
5649,46.62227972632247,282.98000000001946,1442.4280952195386
5650,46.62227972632247,283.00000000001944,1442.4595558881927
5651,46.62227972632247,283.0200000000194,1442.4910159466378
5652,46.62227972632247,283.0400000000194,1442.522475394768
5653,46.62227972632247,283.0600000000194,1442.5539342324766
5654,46.62227972632247,283.08000000001937,1442.5853924596577
5655,46.62227972632247,283.10000000001935,1442.6168500762049
5656,46.62227972632247,283.12000000001933,1442.6483070820118
5657,46.62227972632247,283.1400000000193,1442.6797634769723
5658,46.62227972632247,283.1600000000193,1442.7112192609802
5659,46.62227972632247,283.1800000000193,1442.742674433929
5660,46.62227972632247,283.20000000001926,1442.7741289957125
5661,46.62227972632247,283.22000000001924,1442.8055829462244
5662,46.62227972632247,283.2400000000192,1442.8370362853584
5663,46.62227972632247,283.2600000000192,1442.8684890130082
5664,46.62227972632247,283.2800000000192,1442.8999411290677
5665,46.62227972632247,283.30000000001917,1442.9313926334303
5666,46.62227972632247,283.32000000001915,1442.96284352599
5667,46.62227972632247,283.34000000001913,1442.9942938066401
5668,46.62227972632247,283.3600000000191,1443.0257434752748
5669,46.62227972632247,283.3800000000191,1443.0571925317875
5670,46.62227972632247,283.4000000000191,1443.0886409760717
5671,46.62227972632247,283.42000000001906,1443.1200888080216
5672,46.62227972632247,283.44000000001904,1443.1515360275305
5673,46.62227972632247,283.460000000019,1443.1829826344922
5674,46.62227972632247,283.480000000019,1443.2144286288005
5675,46.62227972632247,283.500000000019,1443.245874010349
5676,46.62227972632247,283.52000000001897,1443.2773187790317
5677,46.62227972632247,283.54000000001895,1443.308762934742
5678,46.62227972632247,283.56000000001893,1443.3402064773734
5679,46.62227972632247,283.5800000000189,1443.3716494068199
5680,46.62227972632247,283.6000000000189,1443.403091722975
5681,46.62227972632247,283.6200000000189,1443.4345334257325
5682,46.62227972632247,283.64000000001886,1443.465974514986
5683,46.62227972632247,283.66000000001884,1443.4974149906293
5684,46.62227972632247,283.6800000000188,1443.528854852556
5685,46.62227972632247,283.7000000000188,1443.5602941006596
5686,46.62227972632247,283.7200000000188,1443.591732734834
5687,46.62227972632247,283.74000000001877,1443.6231707593345
5688,46.62227972632247,283.76000000001875,1443.654608178768
5689,46.62227972632247,283.78000000001873,1443.686044993067
5690,46.62227972632247,283.8000000000187,1443.7174812021253
5691,46.62227972632247,283.8200000000187,1443.7489168058362
5692,46.62227972632247,283.8400000000187,1443.780351804093
5693,46.62227972632247,283.86000000001866,1443.8117861967896
5694,46.62227972632247,283.88000000001864,1443.8432199838194
5695,46.62227972632247,283.9000000000186,1443.8746531650756
5696,46.62227972632247,283.9200000000186,1443.906085740452
5697,46.62227972632247,283.9400000000186,1443.937517709842
5698,46.62227972632247,283.96000000001857,1443.9689490731391
5699,46.62227972632247,283.98000000001855,1444.0003798302366
5700,46.62227972632247,284.00000000001853,1444.0318099810283
5701,46.62227972632247,284.0200000000185,1444.0632395254074
5702,46.62227972632247,284.0400000000185,1444.0946684632677
5703,46.62227972632247,284.0600000000185,1444.1260967945025
5704,46.62227972632247,284.08000000001846,1444.1575245190052
5705,46.62227972632247,284.10000000001844,1444.1889516366693
5706,46.62227972632247,284.1200000000184,1444.2203781473886
5707,46.62227972632247,284.1400000000184,1444.2518040510563
5708,46.62227972632247,284.1600000000184,1444.2832293475658
5709,46.62227972632247,284.18000000001837,1444.3146540368107
5710,46.62227972632247,284.20000000001835,1444.3460781186843
5711,46.62227972632247,284.22000000001833,1444.3775015930803
5712,46.62227972632247,284.2400000000183,1444.4089244598922
5713,46.62227972632247,284.2600000000183,1444.4403467190134
5714,46.62227972632247,284.2800000000183,1444.4717683703373
5715,46.62227972632247,284.30000000001826,1444.5031894137574
5716,46.62227972632247,284.32000000001824,1444.534609849167
5717,46.62227972632247,284.3400000000182,1444.56602967646
5718,46.62227972632247,284.3600000000182,1444.5974488955294
5719,46.62227972632247,284.3800000000182,1444.628867506269
5720,46.62227972632247,284.40000000001817,1444.660285508572
5721,46.62227972632247,284.42000000001815,1444.691702902332
5722,46.62227972632247,284.44000000001813,1444.7231196874425
5723,46.62227972632247,284.4600000000181,1444.7545358637967
5724,46.62227972632247,284.4800000000181,1444.7859514312884
5725,46.62227972632247,284.5000000000181,1444.8173663898108
5726,46.62227972632247,284.52000000001806,1444.8487807392573
5727,46.62227972632247,284.54000000001804,1444.8801944795216
5728,46.62227972632247,284.560000000018,1444.911607610497
5729,46.62227972632247,284.580000000018,1444.943020132077
5730,46.62227972632247,284.600000000018,1444.974432044155
5731,46.62227972632247,284.62000000001797,1445.0058433466245
5732,46.62227972632247,284.64000000001795,1445.0372540393787
5733,46.62227972632247,284.66000000001793,1445.0686641223112
5734,46.62227972632247,284.6800000000179,1445.1000735953157
5735,46.62227972632247,284.7000000000179,1445.1314824582853
5736,46.62227972632247,284.7200000000179,1445.1628907111135
5737,46.62227972632247,284.74000000001786,1445.1942983537645
5738,46.62227972632247,284.76000000001784,1445.2257053911117
5739,46.62227972632247,284.7800000000178,1445.257111827395
5740,46.62227972632247,284.8000000000178,1445.2885176625082
5741,46.62227972632247,284.8200000000178,1445.3199228963456
5742,46.62227972632247,284.84000000001777,1445.3513275288014
5743,46.62227972632247,284.86000000001775,1445.3827315597698
5744,46.62227972632247,284.88000000001773,1445.4141349891447
5745,46.62227972632247,284.9000000000177,1445.4455378168202
5746,46.62227972632247,284.9200000000177,1445.4769400426906
5747,46.62227972632247,284.9400000000177,1445.5083416666498
5748,46.53965467300396,284.96000000001766,1445.539742688592
5749,46.53965467300396,284.98000000001764,1445.5711431084114
5750,46.53965467300396,285.0000000000176,1445.6025429260021
5751,46.53965467300396,285.0200000000176,1445.633942141258
5752,46.53965467300396,285.0400000000176,1445.6653407540737
5753,46.53965467300396,285.06000000001757,1445.6967387643426
5754,46.53965467300396,285.08000000001755,1445.7281361719595
5755,46.53965467300396,285.10000000001753,1445.759532976818
5756,46.53965467300396,285.1200000000175,1445.7909291788123
5757,46.53965467300396,285.1400000000175,1445.8223247778367
5758,46.53965467300396,285.1600000000175,1445.853719773785
5759,46.53965467300396,285.18000000001746,1445.8851141665516
5760,46.53965467300396,285.20000000001744,1445.9165079560305
5761,46.53965467300396,285.2200000000174,1445.9479011421156
5762,46.53965467300396,285.2400000000174,1445.9792937247012
5763,46.53965467300396,285.2600000000174,1446.0106857036812
5764,46.53965467300396,285.28000000001737,1446.0420770789501
5765,46.53965467300396,285.30000000001735,1446.0734678504016
5766,46.53965467300396,285.32000000001733,1446.10485801793
5767,46.53965467300396,285.3400000000173,1446.1362475814292
5768,46.53965467300396,285.3600000000173,1446.1676365407934
5769,46.53965467300396,285.3800000000173,1446.1990248959166
5770,46.53965467300396,285.40000000001726,1446.230412646693
5771,46.53965467300396,285.42000000001724,1446.2617997930165
5772,46.53965467300396,285.4400000000172,1446.2931863347812
5773,46.53965467300396,285.4600000000172,1446.3245722718814
5774,46.53965467300396,285.4800000000172,1446.355957604211
5775,46.53965467300396,285.50000000001717,1446.387342331664
5776,46.53965467300396,285.52000000001715,1446.4187264541347
5777,46.53965467300396,285.54000000001713,1446.450109971517
5778,46.53965467300396,285.5600000000171,1446.481492883705
5779,46.53965467300396,285.5800000000171,1446.5128751905927
5780,46.53965467300396,285.6000000000171,1446.5442568920744
5781,46.53965467300396,285.62000000001706,1446.5756379880438
5782,46.53965467300396,285.64000000001704,1446.6070184783953
5783,46.53965467300396,285.660000000017,1446.6383983630228
5784,46.53965467300396,285.680000000017,1446.6697776418205
5785,46.53965467300396,285.700000000017,1446.7011563146823
5786,46.53965467300396,285.72000000001697,1446.7325343815023
5787,46.53965467300396,285.74000000001695,1446.7639118421746
5788,46.53965467300396,285.76000000001693,1446.7952886967641
5789,46.53965467300396,285.7800000000169,1446.8266649502832
5790,46.53965467300396,285.8000000000169,1446.858040606204
5791,46.53965467300396,285.8200000000169,1446.8894156644212
5792,46.53965467300396,285.84000000001686,1446.9207901248294
5793,46.53965467300396,285.86000000001684,1446.952163987323
5794,46.53965467300396,285.8800000000168,1446.9835372517969
5795,46.53965467300396,285.9000000000168,1447.0149099181453
5796,46.53965467300396,285.9200000000168,1447.0462819862632
5797,46.53965467300396,285.94000000001677,1447.077653456045
5798,46.53965467300396,285.96000000001675,1447.1090243273852
5799,46.53965467300396,285.98000000001673,1447.1403946001785
5800,46.53965467300396,286.0000000000167,1447.1717642743195
5801,46.53965467300396,286.0200000000167,1447.2031333497027
5802,46.53965467300396,286.0400000000167,1447.2345018262229
5803,46.53965467300396,286.06000000001666,1447.2658697037743
5804,46.53965467300396,286.08000000001664,1447.297236982252
5805,46.53965467300396,286.1000000000166,1447.32860366155
5806,46.53965467300396,286.1200000000166,1447.3599697415632
5807,46.53965467300396,286.1400000000166,1447.3913352221862
5808,46.53965467300396,286.16000000001657,1447.4227001033134
5809,46.53965467300396,286.18000000001655,1447.4540643848395
5810,46.53965467300396,286.20000000001653,1447.485428066659
5811,46.53965467300396,286.2200000000165,1447.5167911486667
5812,46.53965467300396,286.2400000000165,1447.5481536307568
5813,46.53965467300396,286.2600000000165,1447.5795155128242
5814,46.53965467300396,286.28000000001646,1447.6108767947633
5815,46.53965467300396,286.30000000001644,1447.6422374764686
5816,46.53965467300396,286.3200000000164,1447.6735975578347
5817,46.53965467300396,286.3400000000164,1447.7049570387562
5818,46.53965467300396,286.3600000000164,1447.7363159191277
5819,46.53965467300396,286.38000000001637,1447.7676741988437
5820,46.53965467300396,286.40000000001635,1447.7990318777988
5821,46.53965467300396,286.42000000001633,1447.8303889558877
5822,46.53965467300396,286.4400000000163,1447.8617454330047
5823,46.53965467300396,286.4600000000163,1447.8931013090444
5824,46.53965467300396,286.4800000000163,1447.9244565839015
5825,46.53965467300396,286.50000000001626,1447.9558112574703
5826,46.53965467300396,286.52000000001624,1447.9871653296454
5827,46.53965467300396,286.5400000000162,1448.0185188003215
5828,46.53965467300396,286.5600000000162,1448.0498716693933
5829,46.53965467300396,286.5800000000162,1448.081223936755
5830,46.53965467300396,286.60000000001617,1448.1125756023011
5831,46.53965467300396,286.62000000001615,1448.1439266659265
5832,46.53965467300396,286.64000000001613,1448.1752771275255
5833,46.53965467300396,286.6600000000161,1448.2066269869927
5834,46.53965467300396,286.6800000000161,1448.2379762442224
5835,46.53965467300396,286.7000000000161,1448.2693248991095
5836,46.53965467300396,286.72000000001606,1448.3006729515484
5837,46.53965467300396,286.74000000001604,1448.3320204014335
5838,46.53965467300396,286.760000000016,1448.3633672486594
5839,46.53965467300396,286.780000000016,1448.3947134934094
5840,46.53965467300396,286.800000000016,1448.426059141373
5841,46.53965467300396,286.82000000001597,1448.4574041956423
5842,46.53965467300396,286.84000000001595,1448.488748656113
5843,46.53965467300396,286.86000000001593,1448.5200925226802
5844,46.53965467300396,286.8800000000159,1448.5514357952386
5845,46.53965467300396,286.9000000000159,1448.5827784736837
5846,46.53965467300396,286.9200000000159,1448.6141205579104
5847,46.53965467300396,286.94000000001586,1448.645462047814
5848,46.53965467300396,286.96000000001584,1448.6768029432894
5849,46.53965467300396,286.9800000000158,1448.708143244232
5850,46.53965467300396,287.0000000000158,1448.7394829505365
5851,46.53965467300396,287.0200000000158,1448.7708220620984
5852,46.53965467300396,287.04000000001577,1448.8021605788128
5853,46.53965467300396,287.06000000001575,1448.8334985005747
5854,46.53965467300396,287.08000000001573,1448.8648358272792
5855,46.53965467300396,287.1000000000157,1448.8961725588213
5856,46.53965467300396,287.1200000000157,1448.927508695096
5857,46.53965467300396,287.1400000000157,1448.9588442359989
5858,46.53965467300396,287.16000000001566,1448.9901791814248
5859,46.53965467300396,287.18000000001564,1449.0215135312687
5860,46.53965467300396,287.2000000000156,1449.0528472854257
5861,46.53965467300396,287.2200000000156,1449.0841804437912
5862,46.45727338163583,287.2400000000156,1449.11551300626
5863,46.45727338163583,287.26000000001557,1449.1468449727272
5864,46.45727338163583,287.28000000001555,1449.1781763430881
5865,46.45727338163583,287.30000000001553,1449.2095071172375
5866,46.45727338163583,287.3200000000155,1449.2408372950708
5867,46.45727338163583,287.3400000000155,1449.272166876483
5868,46.45727338163583,287.3600000000155,1449.303495861369
5869,46.45727338163583,287.38000000001546,1449.3348242496238
5870,46.45727338163583,287.40000000001544,1449.3661520411429
5871,46.45727338163583,287.4200000000154,1449.397479235821
5872,46.45727338163583,287.4400000000154,1449.4288058335535
5873,46.45727338163583,287.4600000000154,1449.4601318342352
5874,46.45727338163583,287.48000000001537,1449.4914572377613
5875,46.45727338163583,287.50000000001535,1449.522782044027
5876,46.45727338163583,287.52000000001533,1449.5541062529273
5877,46.45727338163583,287.5400000000153,1449.5854298643571
5878,46.45727338163583,287.5600000000153,1449.6167528782116
5879,46.45727338163583,287.5800000000153,1449.648075294386
5880,46.45727338163583,287.60000000001526,1449.6793971127752
5881,46.45727338163583,287.62000000001524,1449.7107183332741
5882,46.45727338163583,287.6400000000152,1449.742038955778
5883,46.45727338163583,287.6600000000152,1449.7733589801821
5884,46.45727338163583,287.6800000000152,1449.8046784063813
5885,46.45727338163583,287.70000000001517,1449.8359972342705
5886,46.45727338163583,287.72000000001515,1449.867315463745
5887,46.45727338163583,287.74000000001513,1449.8986330946996
5888,46.45727338163583,287.7600000000151,1449.9299501270295
5889,46.45727338163583,287.7800000000151,1449.9612665606298
5890,46.45727338163583,287.8000000000151,1449.9925823957703
5891,46.45727338163583,287.82000000001506,1450.0238976417418
5892,46.45727338163583,287.84000000001504,1450.0552123086084
5893,46.45727338163583,287.860000000015,1450.0865263967255
5894,46.45727338163583,287.880000000015,1450.117839905988
5895,46.45727338163583,287.900000000015,1450.1491528362903
5896,46.45727338163583,287.92000000001497,1450.1804651875277
5897,46.45727338163583,287.94000000001495,1450.2117769595948
5898,46.45727338163583,287.96000000001493,1450.2430881523865
5899,46.45727338163583,287.9800000000149,1450.2743987657973
5900,46.45727338163583,288.0000000000149,1450.3057087997222
5901,46.45727338163583,288.0200000000149,1450.337018254056
5902,46.45727338163583,288.04000000001486,1450.3683271286934
5903,46.45727338163583,288.06000000001484,1450.3996354235292
5904,46.45727338163583,288.0800000000148,1450.4309431384581
5905,46.45727338163583,288.1000000000148,1450.462250273375
5906,46.45727338163583,288.1200000000148,1450.4935568281749
5907,46.45727338163583,288.14000000001477,1450.524862802752
5908,46.45727338163583,288.16000000001475,1450.5561681970016
5909,46.45727338163583,288.18000000001473,1450.5874730108183
5910,46.45727338163583,288.2000000000147,1450.6187772440967
5911,46.45727338163583,288.2200000000147,1450.6500808967319
5912,46.45727338163583,288.2400000000147,1450.6813839686183
5913,46.45727338163583,288.26000000001466,1450.712686459651
5914,46.45727338163583,288.28000000001464,1450.7439883697245
5915,46.45727338163583,288.3000000000146,1450.7752896987338
5916,46.45727338163583,288.3200000000146,1450.8065904465734
5917,46.45727338163583,288.3400000000146,1450.8378906131384
5918,46.45727338163583,288.36000000001457,1450.8691901983232
5919,46.45727338163583,288.38000000001455,1450.9004892020228
5920,46.45727338163583,288.40000000001453,1450.9317876241319
5921,46.45727338163583,288.4200000000145,1450.9630854645452
5922,46.45727338163583,288.4400000000145,1450.9943827231575
5923,46.45727338163583,288.4600000000145,1451.0256793998635
5924,46.45727338163583,288.48000000001446,1451.056975494558
5925,46.45727338163583,288.50000000001444,1451.0882710071355
5926,46.45727338163583,288.5200000000144,1451.1195659374912
5927,46.45727338163583,288.5400000000144,1451.1508602855195
5928,46.45727338163583,288.5600000000144,1451.1821540511153
5929,46.45727338163583,288.58000000001437,1451.2134472341731
5930,46.45727338163583,288.60000000001435,1451.244739834588
5931,46.45727338163583,288.62000000001433,1451.2760318522546
5932,46.45727338163583,288.6400000000143,1451.3073232870677
5933,46.45727338163583,288.6600000000143,1451.338614138922
5934,46.45727338163583,288.6800000000143,1451.369904407712
5935,46.45727338163583,288.70000000001426,1451.4011940933328
5936,46.45727338163583,288.72000000001424,1451.4324831956787
5937,46.45727338163583,288.7400000000142,1451.4637717146447
5938,46.45727338163583,288.7600000000142,1451.4950596501255
5939,46.45727338163583,288.7800000000142,1451.5263470020159
5940,46.45727338163583,288.80000000001417,1451.5576337702105
5941,46.45727338163583,288.82000000001415,1451.5889199551032
5942,46.45727338163583,288.84000000001413,1451.6202055631468
5943,46.45727338163583,288.8600000000141,1451.651490596304
5944,46.45727338163583,288.8800000000141,1451.6827750544703
5945,46.45727338163583,288.9000000000141,1451.7140589375406
5946,46.45727338163583,288.92000000001406,1451.7453422454103
5947,46.45727338163583,288.94000000001404,1451.7766249779745
5948,46.45727338163583,288.960000000014,1451.8079071351287
5949,46.45727338163583,288.980000000014,1451.839188716768
5950,46.45727338163583,289.000000000014,1451.8704697227874
5951,46.45727338163583,289.02000000001397,1451.9017501530823
5952,46.45727338163583,289.04000000001395,1451.9330300075478
5953,46.45727338163583,289.06000000001393,1451.9643092860792
5954,46.45727338163583,289.0800000000139,1451.9955879885717
5955,46.45727338163583,289.1000000000139,1452.0268661149205
5956,46.45727338163583,289.1200000000139,1452.0581436650207
5957,46.45727338163583,289.14000000001386,1452.0894206387677
5958,46.45727338163583,289.16000000001384,1452.1206970360565
5959,46.45727338163583,289.1800000000138,1452.1519728567825
5960,46.45727338163583,289.2000000000138,1452.1832481008407
5961,46.45727338163583,289.2200000000138,1452.2145227681265
5962,46.45727338163583,289.24000000001377,1452.245796858535
5963,46.45727338163583,289.26000000001375,1452.2770703719611
5964,46.45727338163583,289.28000000001373,1452.3083433083004
5965,46.45727338163583,289.3000000000137,1452.339615667448
5966,46.45727338163583,289.3200000000137,1452.370887449299
5967,46.45727338163583,289.3400000000137,1452.4021586537488
5968,46.45727338163583,289.36000000001366,1452.4334292806923
5969,46.45727338163583,289.38000000001364,1452.4646993300248
5970,46.45727338163583,289.4000000000136,1452.4959688016415
5971,46.45727338163583,289.4200000000136,1452.5272376954376
5972,46.45727338163583,289.4400000000136,1452.5585060113083
5973,46.45727338163583,289.46000000001357,1452.5897737491487
5974,46.45727338163583,289.48000000001355,1452.621040908854
5975,46.45727338163583,289.50000000001353,1452.6523074903193
5976,46.45727338163583,289.5200000000135,1452.6835734934398
5977,46.45727338163583,289.5400000000135,1452.7148389181107
5978,46.45727338163583,289.5600000000135,1452.7461037642272
5979,46.45727338163583,289.58000000001346,1452.7773680316845
5980,46.45727338163583,289.60000000001344,1452.8086317203777
5981,46.37513484659346,289.6200000000134,1452.839894830202
5982,46.37513484659346,289.6400000000134,1452.8711573610524
5983,46.37513484659346,289.6600000000134,1452.9024193128243
5984,46.37513484659346,289.68000000001337,1452.9336806854128
5985,46.37513484659346,289.70000000001335,1452.9649414787132
5986,46.37513484659346,289.72000000001333,1452.9962016926204
5987,46.37513484659346,289.7400000000133,1453.0274613270296
5988,46.37513484659346,289.7600000000133,1453.058720381836
5989,46.37513484659346,289.7800000000133,1453.0899788569347
5990,46.37513484659346,289.80000000001326,1453.121236752221
5991,46.37513484659346,289.82000000001324,1453.15249406759
5992,46.37513484659346,289.8400000000132,1453.183750803509
5993,46.37513484659346,289.8600000000132,1453.2150069664672
5994,46.37513484659346,289.8800000000132,1453.2462625578032
5995,46.37513484659346,289.90000000001316,1453.277517577413
5996,46.37513484659346,289.92000000001315,1453.308772025192
5997,46.37513484659346,289.94000000001313,1453.3400259010361
5998,46.37513484659346,289.9600000000131,1453.3712792048411
5999,46.37513484659346,289.9800000000131,1453.4025319365026
6000,46.37513484659346,290.0000000000131,1453.4337840959163
6001,46.37513484659346,290.02000000001306,1453.465035682978
6002,46.37513484659346,290.04000000001304,1453.4962866975832
6003,46.37513484659346,290.060000000013,1453.5275371396278
6004,46.37513484659346,290.080000000013,1453.5587870090076
6005,46.37513484659346,290.100000000013,1453.590036305618
6006,46.37513484659346,290.12000000001296,1453.6212850293548
6007,46.37513484659346,290.14000000001295,1453.6525331801138
6008,46.37513484659346,290.16000000001293,1453.6837807577906
6009,46.37513484659346,290.1800000000129,1453.7150277622811
6010,46.37513484659346,290.2000000000129,1453.746274193481
6011,46.37513484659346,290.2200000000129,1453.7775200512858
6012,46.37513484659346,290.24000000001286,1453.8087653355913
6013,46.37513484659346,290.26000000001284,1453.840010046293
6014,46.37513484659346,290.2800000000128,1453.8712541832867
6015,46.37513484659346,290.3000000000128,1453.9024977464683
6016,46.37513484659346,290.3200000000128,1453.9337407357332
6017,46.37513484659346,290.34000000001276,1453.9649831509773
6018,46.37513484659346,290.36000000001275,1453.9962249920964
6019,46.37513484659346,290.3800000000127,1454.0274662589857
6020,46.37513484659346,290.4000000000127,1454.0587069515414
6021,46.37513484659346,290.4200000000127,1454.0899470696588
6022,46.37513484659346,290.4400000000127,1454.1211866132337
6023,46.37513484659346,290.46000000001266,1454.1524255821619
6024,46.37513484659346,290.48000000001264,1454.183663976339
6025,46.37513484659346,290.5000000000126,1454.2149017956606
6026,46.37513484659346,290.5200000000126,1454.2461390400224
6027,46.37513484659346,290.5400000000126,1454.2773757093203
6028,46.37513484659346,290.56000000001256,1454.3086118034496
6029,46.37513484659346,290.58000000001255,1454.3398473223062
6030,46.37513484659346,290.6000000000125,1454.3710822657858
6031,46.37513484659346,290.6200000000125,1454.402316633784
6032,46.37513484659346,290.6400000000125,1454.4335504261965
6033,46.37513484659346,290.6600000000125,1454.4647836429187
6034,46.37513484659346,290.68000000001246,1454.4960162838465
6035,46.37513484659346,290.70000000001244,1454.5272483488757
6036,46.37513484659346,290.7200000000124,1454.5584798379016
6037,46.37513484659346,290.7400000000124,1454.5897107508201
6038,46.37513484659346,290.7600000000124,1454.620941087527
6039,46.37513484659346,290.78000000001236,1454.6521708479177
6040,46.37513484659346,290.80000000001235,1454.683400031888
6041,46.37513484659346,290.8200000000123,1454.7146286393331
6042,46.37513484659346,290.8400000000123,1454.7458566701491
6043,46.37513484659346,290.8600000000123,1454.7770841249205
6044,46.37513484659346,290.8800000000123,1454.808311010698
6045,46.37513484659346,290.90000000001226,1454.8395373283336
6046,46.37513484659346,290.92000000001224,1454.870763077723
6047,46.37513484659346,290.9400000000122,1454.9019882587625
6048,46.37513484659346,290.9600000000122,1454.9332128713477
6049,46.37513484659346,290.9800000000122,1454.9644369153743
6050,46.37513484659346,291.00000000001216,1454.9956603907385
6051,46.37513484659346,291.02000000001215,1455.026883297336
6052,46.37513484659346,291.0400000000121,1455.0581056350627
6053,46.37513484659346,291.0600000000121,1455.0893274038144
6054,46.37513484659346,291.0800000000121,1455.120548603487
6055,46.37513484659346,291.1000000000121,1455.1517692339762
6056,46.37513484659346,291.12000000001206,1455.182989295178
6057,46.37513484659346,291.14000000001204,1455.2142087869884
6058,46.37513484659346,291.160000000012,1455.245427709303
6059,46.37513484659346,291.180000000012,1455.2766460620176
6060,46.37513484659346,291.200000000012,1455.3078638450281
6061,46.37513484659346,291.22000000001196,1455.3390810582307
6062,46.37513484659346,291.24000000001195,1455.370297701521
6063,46.37513484659346,291.2600000000119,1455.4015137747947
6064,46.37513484659346,291.2800000000119,1455.4327292779476
6065,46.37513484659346,291.3000000000119,1455.4639442108758
6066,46.37513484659346,291.3200000000119,1455.495158573475
6067,46.37513484659346,291.34000000001186,1455.526372365641
6068,46.37513484659346,291.36000000001184,1455.5575855872698
6069,46.37513484659346,291.3800000000118,1455.5887982382571
6070,46.37513484659346,291.4000000000118,1455.6200103184988
6071,46.37513484659346,291.4200000000118,1455.6512218278906
6072,46.37513484659346,291.44000000001176,1455.6824327663285
6073,46.37513484659346,291.46000000001175,1455.713643133708
6074,46.37513484659346,291.4800000000117,1455.7448529299254
6075,46.37513484659346,291.5000000000117,1455.7760621548762
6076,46.37513484659346,291.5200000000117,1455.8072708084562
6077,46.37513484659346,291.5400000000117,1455.8384788905614
6078,46.37513484659346,291.56000000001166,1455.8696864010876
6079,46.37513484659346,291.58000000001164,1455.9008933399305
6080,46.37513484659346,291.6000000000116,1455.932099706986
6081,46.37513484659346,291.6200000000116,1455.96330550215
6082,46.37513484659346,291.6400000000116,1455.9945107253182
6083,46.37513484659346,291.66000000001156,1456.0257153763862
6084,46.37513484659346,291.68000000001155,1456.0569194552502
6085,46.37513484659346,291.7000000000115,1456.0881229618058
6086,46.37513484659346,291.7200000000115,1456.1193258959488
6087,46.37513484659346,291.7400000000115,1456.1505282575752
6088,46.37513484659346,291.7600000000115,1456.1817300465805
6089,46.37513484659346,291.78000000001146,1456.2129312628606
6090,46.37513484659346,291.80000000001144,1456.2441319063114
6091,46.37513484659346,291.8200000000114,1456.2753319768287
6092,46.37513484659346,291.8400000000114,1456.3065314743083
6093,46.37513484659346,291.8600000000114,1456.3377303986458
6094,46.37513484659346,291.88000000001136,1456.3689287507798
6095,46.37513484659346,291.90000000001135,1456.4001265377924
6096,46.37513484659346,291.9200000000113,1456.4313237602635
6097,46.29323806757998,291.9400000000113,1456.4625204180898
6098,46.29323806757998,291.9600000000113,1456.4937165111683
6099,46.29323806757998,291.9800000000113,1456.524912039396
6100,46.29323806757998,292.00000000001125,1456.5561070026697
6101,46.29323806757998,292.02000000001124,1456.5873014008866
6102,46.29323806757998,292.0400000000112,1456.6184952339436
6103,46.29323806757998,292.0600000000112,1456.6496885017373
6104,46.29323806757998,292.0800000000112,1456.680881204165
6105,46.29323806757998,292.10000000001116,1456.7120733411234
6106,46.29323806757998,292.12000000001115,1456.7432649125096
6107,46.29323806757998,292.1400000000111,1456.7744559182204
6108,46.29323806757998,292.1600000000111,1456.805646358153
6109,46.29323806757998,292.1800000000111,1456.836836232204
6110,46.29323806757998,292.2000000000111,1456.8680255402703
6111,46.29323806757998,292.22000000001105,1456.8992142822492
6112,46.29323806757998,292.24000000001104,1456.9304024580374
6113,46.29323806757998,292.260000000011,1456.9615900675317
6114,46.29323806757998,292.280000000011,1456.992777110629
6115,46.29323806757998,292.300000000011,1457.0239635872265
6116,46.29323806757998,292.32000000001096,1457.055149497221
6117,46.29323806757998,292.34000000001095,1457.0863348405094
6118,46.29323806757998,292.3600000000109,1457.1175196169886
6119,46.29323806757998,292.3800000000109,1457.1487038265554
6120,46.29323806757998,292.4000000000109,1457.1798874691071
6121,46.29323806757998,292.4200000000109,1457.2110705445402
6122,46.29323806757998,292.44000000001085,1457.242253052752
6123,46.29323806757998,292.46000000001084,1457.2734349936388
6124,46.29323806757998,292.4800000000108,1457.304616367098
6125,46.29323806757998,292.5000000000108,1457.3357971730265
6126,46.29323806757998,292.5200000000108,1457.3669774113212
6127,46.29323806757998,292.54000000001076,1457.3981570818787
6128,46.29323806757998,292.56000000001075,1457.429336184596
6129,46.29323806757998,292.5800000000107,1457.4605147193702
6130,46.29323806757998,292.6000000000107,1457.491692686098
6131,46.29323806757998,292.6200000000107,1457.5228700846765
6132,46.29323806757998,292.6400000000107,1457.5540469150023
6133,46.29323806757998,292.66000000001065,1457.5852231769725
6134,46.29323806757998,292.68000000001064,1457.6163988704839
6135,46.29323806757998,292.7000000000106,1457.6475739954335
6136,46.29323806757998,292.7200000000106,1457.6787485517182
6137,46.29323806757998,292.7400000000106,1457.7099225392346
6138,46.29323806757998,292.76000000001056,1457.74109595788
6139,46.29323806757998,292.78000000001055,1457.772268807551
6140,46.29323806757998,292.8000000000105,1457.8034410881446
6141,46.29323806757998,292.8200000000105,1457.8346127995576
6142,46.29323806757998,292.8400000000105,1457.865783941687
6143,46.29323806757998,292.8600000000105,1457.8969545144294
6144,46.29323806757998,292.88000000001045,1457.928124517682
6145,46.29323806757998,292.90000000001044,1457.9592939528259
6146,46.29323806757998,292.9200000000104,1457.9904628261631
6147,46.29323806757998,292.9400000000104,1458.0216311381378
6148,46.29323806757998,292.9600000000104,1458.0527988886467
6149,46.29323806757998,292.98000000001036,1458.083966077587
6150,46.29323806757998,293.00000000001035,1458.115132704856
6151,46.29323806757998,293.0200000000103,1458.1462987703505
6152,46.29323806757998,293.0400000000103,1458.1774642739676
6153,46.29323806757998,293.0600000000103,1458.2086292156046
6154,46.29323806757998,293.0800000000103,1458.2397935951585
6155,46.29323806757998,293.10000000001025,1458.2709574125263
6156,46.29323806757998,293.12000000001024,1458.302120667605
6157,46.29323806757998,293.1400000000102,1458.3332833602922
6158,46.29323806757998,293.1600000000102,1458.3644454904843
6159,46.29323806757998,293.1800000000102,1458.3956070580787
6160,46.29323806757998,293.20000000001016,1458.4267680629725
6161,46.29323806757998,293.22000000001015,1458.457928505063
6162,46.29323806757998,293.2400000000101,1458.4890883842468
6163,46.29323806757998,293.2600000000101,1458.5202477004211
6164,46.29323806757998,293.2800000000101,1458.5514064534832
6165,46.29323806757998,293.3000000000101,1458.58256464333
6166,46.29323806757998,293.32000000001005,1458.6137222698585
6167,46.29323806757998,293.34000000001004,1458.6448793329657
6168,46.29323806757998,293.36000000001,1458.676035832549
6169,46.29323806757998,293.38000000001,1458.707191768505
6170,46.29323806757998,293.40000000001,1458.7383471407313
6171,46.29323806757998,293.42000000000996,1458.7695019491246
6172,46.29323806757998,293.44000000000995,1458.800656193582
6173,46.29323806757998,293.4600000000099,1458.8318098740006
6174,46.29323806757998,293.4800000000099,1458.8629629902775
6175,46.29323806757998,293.5000000000099,1458.8941155423097
6176,46.29323806757998,293.5200000000099,1458.9252675299942
6177,46.29323806757998,293.54000000000985,1458.9564189532282
6178,46.29323806757998,293.56000000000984,1458.9875698119085
6179,46.29323806757998,293.5800000000098,1459.0187201059325
6180,46.29323806757998,293.6000000000098,1459.049869835197
6181,46.29323806757998,293.6200000000098,1459.0810189995989
6182,46.29323806757998,293.64000000000976,1459.1121675990355
6183,46.29323806757998,293.66000000000975,1459.1433156334037
6184,46.29323806757998,293.6800000000097,1459.1744631026008
6185,46.29323806757998,293.7000000000097,1459.2056100065236
6186,46.29323806757998,293.7200000000097,1459.2367563450691
6187,46.29323806757998,293.7400000000097,1459.2679021181345
6188,46.29323806757998,293.76000000000965,1459.2990473256168
6189,46.29323806757998,293.78000000000964,1459.330191967413
6190,46.29323806757998,293.8000000000096,1459.36133604342
6191,46.29323806757998,293.8200000000096,1459.3924795535347
6192,46.29323806757998,293.8400000000096,1459.4236224976546
6193,46.29323806757998,293.86000000000956,1459.4547648756766
6194,46.29323806757998,293.88000000000955,1459.4859066874974
6195,46.29323806757998,293.9000000000095,1459.5170479330143
6196,46.29323806757998,293.9200000000095,1459.5481886141922
6197,46.29323806757998,293.9400000000095,1459.579328737196
6198,46.29323806757998,293.9600000000095,1459.6104683023896
6199,46.29323806757998,293.98000000000945,1459.6416073096707
6200,46.29323806757998,294.00000000000944,1459.6727457589368
6201,46.29323806757998,294.0200000000094,1459.7038836500856
6202,46.29323806757998,294.0400000000094,1459.7350209830145
6203,46.29323806757998,294.0600000000094,1459.7661577576212
6204,46.29323806757998,294.08000000000936,1459.797293973803
6205,46.29323806757998,294.10000000000935,1459.8284296314578
6206,46.29323806757998,294.1200000000093,1459.8595647304828
6207,46.29323806757998,294.1400000000093,1459.8906992707757
6208,46.29323806757998,294.1600000000093,1459.921833252234
6209,46.29323806757998,294.1800000000093,1459.952966674755
6210,46.29323806757998,294.20000000000925,1459.9840995382367
6211,46.29323806757998,294.22000000000924,1460.0152318434841
6212,46.29323806757998,294.2400000000092,1460.0463635995916
6213,46.29323806757998,294.2600000000092,1460.0774948074834
6214,46.29323806757998,294.2800000000092,1460.1086254670565
6215,46.29323806757998,294.30000000000916,1460.1397555782078
6216,46.29323806757998,294.32000000000914,1460.170885140834
6217,46.21158204959168,294.3400000000091,1460.2020141548319
6218,46.21158204959168,294.3600000000091,1460.2331426200985
6219,46.21158204959168,294.3800000000091,1460.2642705365308
6220,46.21158204959168,294.4000000000091,1460.2953979040255
6221,46.21158204959168,294.42000000000905,1460.3265247224795
6222,46.21158204959168,294.44000000000904,1460.3576509917896
6223,46.21158204959168,294.460000000009,1460.3887767118526
6224,46.21158204959168,294.480000000009,1460.4199018825655
6225,46.21158204959168,294.500000000009,1460.451026503825
6226,46.21158204959168,294.52000000000896,1460.482150575528
6227,46.21158204959168,294.54000000000894,1460.5132740975716
6228,46.21158204959168,294.5600000000089,1460.5443970698525
6229,46.21158204959168,294.5800000000089,1460.5755194922674
6230,46.21158204959168,294.6000000000089,1460.6066413647134
6231,46.21158204959168,294.6200000000089,1460.637762687087
6232,46.21158204959168,294.64000000000885,1460.6688834592853
6233,46.21158204959168,294.66000000000884,1460.700003681205
6234,46.21158204959168,294.6800000000088,1460.7311233527432
6235,46.21158204959168,294.7000000000088,1460.7622424737965
6236,46.21158204959168,294.7200000000088,1460.7933610442617
6237,46.21158204959168,294.74000000000876,1460.8244790640358
6238,46.21158204959168,294.76000000000874,1460.8555965330156
6239,46.21158204959168,294.7800000000087,1460.8867134510979
6240,46.21158204959168,294.8000000000087,1460.9178298181794
6241,46.21158204959168,294.8200000000087,1460.948945634157
6242,46.21158204959168,294.8400000000087,1460.9800608989278
6243,46.21158204959168,294.86000000000865,1461.0111756123883
6244,46.21158204959168,294.88000000000864,1461.0422897744354
6245,46.21158204959168,294.9000000000086,1461.073403384966
6246,46.21158204959168,294.9200000000086,1461.1045164438767
6247,46.21158204959168,294.9400000000086,1461.1356289534956
6248,46.21158204959168,294.96000000000856,1461.1667409192187
6249,46.21158204959168,294.98000000000854,1461.1978523412845
6250,46.21158204959168,295.0000000000085,1461.2289632195902
6251,46.21158204959168,295.0200000000085,1461.2600735540334
6252,46.21158204959168,295.0400000000085,1461.2911833445114
6253,46.21158204959168,295.0600000000085,1461.3222925909215
6254,46.21158204959168,295.08000000000845,1461.3534012931611
6255,46.21158204959168,295.10000000000844,1461.3845094511278
6256,46.21158204959168,295.1200000000084,1461.4156170647186
6257,46.21158204959168,295.1400000000084,1461.4467241338311
6258,46.21158204959168,295.1600000000084,1461.4778306583626
6259,46.21158204959168,295.18000000000836,1461.5089366382103
6260,46.21158204959168,295.20000000000834,1461.540042073272
6261,46.21158204959168,295.2200000000083,1461.5711469634446
6262,46.21158204959168,295.2400000000083,1461.6022513086255
6263,46.21158204959168,295.2600000000083,1461.6333551087123
6264,46.21158204959168,295.2800000000083,1461.664458363602
6265,46.21158204959168,295.30000000000825,1461.6955610731925
6266,46.21158204959168,295.32000000000824,1461.7266632373808
6267,46.21158204959168,295.3400000000082,1461.7577648560641
6268,46.21158204959168,295.3600000000082,1461.78886592914
6269,46.21158204959168,295.3800000000082,1461.8199664565057
6270,46.21158204959168,295.40000000000816,1461.8510664380585
6271,46.21158204959168,295.42000000000814,1461.882165873696
6272,46.21158204959168,295.4400000000081,1461.9132647633153
6273,46.21158204959168,295.4600000000081,1461.9443631068139
6274,46.21158204959168,295.4800000000081,1461.975460904089
6275,46.21158204959168,295.5000000000081,1462.006558155038
6276,46.21158204959168,295.52000000000805,1462.0376548595582
6277,46.21158204959168,295.54000000000804,1462.068751017547
6278,46.21158204959168,295.560000000008,1462.0998466289016
6279,46.21158204959168,295.580000000008,1462.1309416935194
6280,46.21158204959168,295.600000000008,1462.1620362112978
6281,46.21158204959168,295.62000000000796,1462.1931301821342
6282,46.21158204959168,295.64000000000794,1462.2242236059255
6283,46.21158204959168,295.6600000000079,1462.2553164825695
6284,46.21158204959168,295.6800000000079,1462.2864088119632
6285,46.21158204959168,295.7000000000079,1462.317500594004
6286,46.21158204959168,295.7200000000079,1462.3485918285894
6287,46.21158204959168,295.74000000000785,1462.3796825156167
6288,46.21158204959168,295.76000000000784,1462.410772654983
6289,46.21158204959168,295.7800000000078,1462.4418622465857
6290,46.21158204959168,295.8000000000078,1462.472951290322
6291,46.21158204959168,295.8200000000078,1462.5040397860894
6292,46.21158204959168,295.84000000000776,1462.5351277337852
6293,46.21158204959168,295.86000000000774,1462.5662151333065
6294,46.21158204959168,295.8800000000077,1462.5973019845508
6295,46.21158204959168,295.9000000000077,1462.6283882874154
6296,46.21158204959168,295.9200000000077,1462.6594740417975
6297,46.21158204959168,295.9400000000077,1462.6905592475944
6298,46.21158204959168,295.96000000000765,1462.721643907769
6299,46.21158204959168,295.98000000000764,1462.752728027585
6300,46.21158204959168,296.0000000000076,1462.7838116071955
6301,46.21158204959168,296.0200000000076,1462.8148946464987
6302,46.21158204959168,296.0400000000076,1462.8459771453925
6303,46.21158204959168,296.06000000000756,1462.8770591037744
6304,46.21158204959168,296.08000000000754,1462.9081405215425
6305,46.21158204959168,296.1000000000075,1462.9392213985946
6306,46.21158204959168,296.1200000000075,1462.9703017348284
6307,46.21158204959168,296.1400000000075,1463.0013815301418
6308,46.21158204959168,296.16000000000747,1463.0324607844325
6309,46.21158204959168,296.18000000000745,1463.0635394975984
6310,46.21158204959168,296.20000000000744,1463.0946176695375
6311,46.21158204959168,296.2200000000074,1463.1256953001473
6312,46.21158204959168,296.2400000000074,1463.1567723893259
6313,46.21158204959168,296.2600000000074,1463.187848936971
6314,46.21158204959168,296.28000000000736,1463.2189249429805
6315,46.21158204959168,296.30000000000734,1463.250000407252
6316,46.21158204959168,296.3200000000073,1463.2810753296833
6317,46.21158204959168,296.3400000000073,1463.3121497101724
6318,46.21158204959168,296.3600000000073,1463.343223548617
6319,46.21158204959168,296.38000000000727,1463.374296844915
6320,46.21158204959168,296.40000000000725,1463.4053695989644
6321,46.21158204959168,296.42000000000724,1463.4364418106625
6322,46.21158204959168,296.4400000000072,1463.4675134799074
6323,46.21158204959168,296.4600000000072,1463.498584606597
6324,46.21158204959168,296.4800000000072,1463.5296551906288
6325,46.21158204959168,296.50000000000716,1463.5607252319007
6326,46.21158204959168,296.52000000000714,1463.5917947303108
6327,46.21158204959168,296.5400000000071,1463.6228636857566
6328,46.21158204959168,296.5600000000071,1463.6539320981358
6329,46.21158204959168,296.5800000000071,1463.6849999673464
6330,46.21158204959168,296.60000000000707,1463.716067293286
6331,46.21158204959168,296.62000000000705,1463.7471340758525
6332,46.21158204959168,296.64000000000703,1463.7782003149437
6333,46.13016580288391,296.660000000007,1463.8092660104573
6334,46.13016580288391,296.680000000007,1463.8403311622912
6335,46.13016580288391,296.700000000007,1463.8713957703433
6336,46.13016580288391,296.72000000000696,1463.902459834511
6337,46.13016580288391,296.74000000000694,1463.9335233546924
6338,46.13016580288391,296.7600000000069,1463.964586330785
6339,46.13016580288391,296.7800000000069,1463.9956487626869
6340,46.13016580288391,296.8000000000069,1464.0267106502956
6341,46.13016580288391,296.82000000000687,1464.057771993509
6342,46.13016580288391,296.84000000000685,1464.0888327922248
6343,46.13016580288391,296.86000000000683,1464.1198930463408
6344,46.13016580288391,296.8800000000068,1464.1509527557548
6345,46.13016580288391,296.9000000000068,1464.1820119203644
6346,46.13016580288391,296.9200000000068,1464.2130705400675
6347,46.13016580288391,296.94000000000676,1464.2441286147618
6348,46.13016580288391,296.96000000000674,1464.2751861443453
6349,46.13016580288391,296.9800000000067,1464.3062431320893
6350,46.13016580288391,297.0000000000067,1464.337299582566
6351,46.13016580288391,297.0200000000067,1464.368355495818
6352,46.13016580288391,297.04000000000667,1464.3994108717436
6353,46.13016580288391,297.06000000000665,1464.4304657102412
6354,46.13016580288391,297.08000000000663,1464.461520011209
6355,46.13016580288391,297.1000000000066,1464.4925737745452
6356,46.13016580288391,297.1200000000066,1464.5236270001485
6357,46.13016580288391,297.1400000000066,1464.5546796879169
6358,46.13016580288391,297.16000000000656,1464.5857318377487
6359,46.13016580288391,297.18000000000654,1464.6167834495423
6360,46.13016580288391,297.2000000000065,1464.647834523196
6361,46.13016580288391,297.2200000000065,1464.678885058608
6362,46.13016580288391,297.2400000000065,1464.7099350556766
6363,46.13016580288391,297.26000000000647,1464.7409845143002
6364,46.13016580288391,297.28000000000645,1464.772033434377
6365,46.13016580288391,297.30000000000643,1464.8030818158052
6366,46.13016580288391,297.3200000000064,1464.834129658483
6367,46.13016580288391,297.3400000000064,1464.8651769623093
6368,46.13016580288391,297.3600000000064,1464.8962237271817
6369,46.13016580288391,297.38000000000636,1464.9272699529988
6370,46.13016580288391,297.40000000000634,1464.9583156396588
6371,46.13016580288391,297.4200000000063,1464.98936078706
6372,46.13016580288391,297.4400000000063,1465.0204053951006
6373,46.13016580288391,297.4600000000063,1465.051449463679
6374,46.13016580288391,297.48000000000627,1465.0824929926935
6375,46.13016580288391,297.50000000000625,1465.113535982042
6376,46.13016580288391,297.52000000000623,1465.1445784316234
6377,46.13016580288391,297.5400000000062,1465.1756203413354
6378,46.13016580288391,297.5600000000062,1465.2066617110765
6379,46.13016580288391,297.5800000000062,1465.237702540745
6380,46.13016580288391,297.60000000000616,1465.268742830239
6381,46.13016580288391,297.62000000000614,1465.2997825794569
6382,46.13016580288391,297.6400000000061,1465.3308217882968
6383,46.13016580288391,297.6600000000061,1465.3618604566573
6384,46.13016580288391,297.6800000000061,1465.3928985844364
6385,46.13016580288391,297.70000000000607,1465.4239361715324
6386,46.13016580288391,297.72000000000605,1465.4549732178436
6387,46.13016580288391,297.74000000000603,1465.4860097232681
6388,46.13016580288391,297.760000000006,1465.5170456877042
6389,46.13016580288391,297.780000000006,1465.5480811110504
6390,46.13016580288391,297.800000000006,1465.5791159932046
6391,46.13016580288391,297.82000000000596,1465.610150334065
6392,46.13016580288391,297.84000000000594,1465.6411841335303
6393,46.13016580288391,297.8600000000059,1465.6722173914984
6394,46.13016580288391,297.8800000000059,1465.7032501078677
6395,46.13016580288391,297.9000000000059,1465.7342822825362
6396,46.13016580288391,297.92000000000587,1465.7653139154024
6397,46.13016580288391,297.94000000000585,1465.7963450063644
6398,46.13016580288391,297.96000000000583,1465.8273755553205
6399,46.13016580288391,297.9800000000058,1465.8584055621689
6400,46.13016580288391,298.0000000000058,1465.8894350307664
6401,46.13016580288391,298.0200000000058,1465.9204639654115
6402,46.13016580288391,298.04000000000576,1465.951492366051
6403,46.13016580288391,298.06000000000574,1465.9825202325833
6404,46.13016580288391,298.0800000000057,1466.0135475649063
6405,46.13016580288391,298.1000000000057,1466.044574362918
6406,46.13016580288391,298.1200000000057,1466.0756006265165
6407,46.13016580288391,298.14000000000567,1466.1066263555997
6408,46.13016580288391,298.16000000000565,1466.137651550066
6409,46.13016580288391,298.18000000000563,1466.1686762098132
6410,46.13016580288391,298.2000000000056,1466.1997003347394
6411,46.13016580288391,298.2200000000056,1466.2307239247427
6412,46.13016580288391,298.2400000000056,1466.261746979721
6413,46.13016580288391,298.26000000000556,1466.2927694995724
6414,46.13016580288391,298.28000000000554,1466.323791484195
6415,46.13016580288391,298.3000000000055,1466.3548129334868
6416,46.13016580288391,298.3200000000055,1466.3858338473458
6417,46.13016580288391,298.3400000000055,1466.41685422567
6418,46.13016580288391,298.36000000000547,1466.4478740683576
6419,46.13016580288391,298.38000000000545,1466.4788933753064
6420,46.13016580288391,298.40000000000543,1466.5099121464145
6421,46.13016580288391,298.4200000000054,1466.54093038158
6422,46.13016580288391,298.4400000000054,1466.5719480807008
6423,46.13016580288391,298.4600000000054,1466.602965243675
6424,46.13016580288391,298.48000000000536,1466.6339818704007
6425,46.13016580288391,298.50000000000534,1466.664997960776
6426,46.13016580288391,298.5200000000053,1466.6960135146987
6427,46.13016580288391,298.5400000000053,1466.727028532067
6428,46.13016580288391,298.5600000000053,1466.7580430127787
6429,46.13016580288391,298.58000000000527,1466.7890569567319
6430,46.13016580288391,298.60000000000525,1466.8200703638245
6431,46.13016580288391,298.62000000000523,1466.8510832339548
6432,46.13016580288391,298.6400000000052,1466.8820955670205
6433,46.13016580288391,298.6600000000052,1466.9131073629198
6434,46.13016580288391,298.6800000000052,1466.9441186215506
6435,46.13016580288391,298.70000000000516,1466.975129342811
6436,46.13016580288391,298.72000000000514,1467.0061395265989
6437,46.13016580288391,298.7400000000051,1467.0371491728124
6438,46.13016580288391,298.7600000000051,1467.0681582813495
6439,46.13016580288391,298.7800000000051,1467.099166852108
6440,46.13016580288391,298.80000000000507,1467.1301748849862
6441,46.13016580288391,298.82000000000505,1467.161182379882
6442,46.13016580288391,298.84000000000503,1467.1921893366932
6443,46.13016580288391,298.860000000005,1467.223195755318
6444,46.13016580288391,298.880000000005,1467.2542016356545
6445,46.13016580288391,298.900000000005,1467.2852069776004
6446,46.13016580288391,298.92000000000496,1467.3162117810537
6447,46.13016580288391,298.94000000000494,1467.3472160459125
6448,46.13016580288391,298.9600000000049,1467.3782197720748
6449,46.13016580288391,298.9800000000049,1467.4092229594385
6450,46.04898834293716,299.0000000000049,1467.4402256079518
6451,46.04898834293716,299.02000000000487,1467.4712277219187
6452,46.04898834293716,299.04000000000485,1467.5022293051934
6453,46.04898834293716,299.06000000000483,1467.5332303576758
6454,46.04898834293716,299.0800000000048,1467.5642308792653
6455,46.04898834293716,299.1000000000048,1467.5952308698618
6456,46.04898834293716,299.1200000000048,1467.6262303293647
6457,46.04898834293716,299.14000000000476,1467.6572292576739
6458,46.04898834293716,299.16000000000474,1467.6882276546887
6459,46.04898834293716,299.1800000000047,1467.719225520309
6460,46.04898834293716,299.2000000000047,1467.7502228544342
6461,46.04898834293716,299.2200000000047,1467.7812196569641
6462,46.04898834293716,299.24000000000467,1467.8122159277984
6463,46.04898834293716,299.26000000000465,1467.8432116668366
6464,46.04898834293716,299.28000000000463,1467.8742068739782
6465,46.04898834293716,299.3000000000046,1467.9052015491231
6466,46.04898834293716,299.3200000000046,1467.9361956921707
6467,46.04898834293716,299.3400000000046,1467.9671893030209
6468,46.04898834293716,299.36000000000456,1467.9981823815729
6469,46.04898834293716,299.38000000000454,1468.0291749277267
6470,46.04898834293716,299.4000000000045,1468.0601669413816
6471,46.04898834293716,299.4200000000045,1468.0911584224375
6472,46.04898834293716,299.4400000000045,1468.1221493707937
6473,46.04898834293716,299.46000000000447,1468.1531397863503
6474,46.04898834293716,299.48000000000445,1468.1841296690063
6475,46.04898834293716,299.50000000000443,1468.2151190186619
6476,46.04898834293716,299.5200000000044,1468.2461078352162
6477,46.04898834293716,299.5400000000044,1468.277096118569
6478,46.04898834293716,299.5600000000044,1468.30808386862
6479,46.04898834293716,299.58000000000436,1468.3390710852689
6480,46.04898834293716,299.60000000000434,1468.3700577684149
6481,46.04898834293716,299.6200000000043,1468.4010439179578
6482,46.04898834293716,299.6400000000043,1468.4320295337975
6483,46.04898834293716,299.6600000000043,1468.4630146158331
6484,46.04898834293716,299.68000000000427,1468.4939991639646
6485,46.04898834293716,299.70000000000425,1468.5249831780914
6486,46.04898834293716,299.72000000000423,1468.555966658113
6487,46.04898834293716,299.7400000000042,1468.586949603929
6488,46.04898834293716,299.7600000000042,1468.6179320154392
6489,46.04898834293716,299.7800000000042,1468.648913892543
6490,46.04898834293716,299.80000000000416,1468.6798952351403
6491,46.04898834293716,299.82000000000414,1468.7108760431302
6492,46.04898834293716,299.8400000000041,1468.7418563164126
6493,46.04898834293716,299.8600000000041,1468.772836054887
6494,46.04898834293716,299.8800000000041,1468.803815258453
6495,46.04898834293716,299.90000000000407,1468.83479392701
6496,46.04898834293716,299.92000000000405,1468.8657720604579
6497,46.04898834293716,299.94000000000403,1468.8967496586959
6498,46.04898834293716,299.960000000004,1468.927726721624
6499,46.04898834293716,299.980000000004,1468.9587032491413
6500,46.04898834293716,300.000000000004,1468.9896792411478
6501,46.04898834293716,300.02000000000396,1469.0206546976851
6502,46.04898834293716,300.04000000000394,1469.051629623236
6503,46.04898834293716,300.0600000000039,1469.0826040210006
6504,46.04898834293716,300.0800000000039,1469.113577890878
6505,46.04898834293716,300.1000000000039,1469.1445512327678
6506,46.04898834293716,300.12000000000387,1469.175524046569
6507,46.04898834293716,300.14000000000385,1469.2064963321816
6508,46.04898834293716,300.16000000000383,1469.2374680895045
6509,46.04898834293716,300.1800000000038,1469.2684393184372
6510,46.04898834293716,300.2000000000038,1469.2994100188791
6511,46.04898834293716,300.2200000000038,1469.3303801907296
6512,46.04898834293716,300.24000000000376,1469.3613498338877
6513,46.04898834293716,300.26000000000374,1469.3923189482532
6514,46.04898834293716,300.2800000000037,1469.4232875337252
6515,46.04898834293716,300.3000000000037,1469.454255590203
6516,46.04898834293716,300.3200000000037,1469.4852231175862
6517,46.04898834293716,300.34000000000367,1469.516190115774
6518,46.04898834293716,300.36000000000365,1469.5471565846656
6519,46.04898834293716,300.38000000000363,1469.5781225241606
6520,46.04898834293716,300.4000000000036,1469.6090879341582
6521,46.04898834293716,300.4200000000036,1469.640052814558
6522,46.04898834293716,300.4400000000036,1469.671017165259
6523,46.04898834293716,300.46000000000356,1469.7019809861606
6524,46.04898834293716,300.48000000000354,1469.7329442771625
6525,46.04898834293716,300.5000000000035,1469.7639070381636
6526,46.04898834293716,300.5200000000035,1469.7948692690634
6527,46.04898834293716,300.5400000000035,1469.8258309697612
6528,46.04898834293716,300.56000000000347,1469.8567921401566
6529,46.04898834293716,300.58000000000345,1469.8877527801485
6530,46.04898834293716,300.60000000000343,1469.9187128896365
6531,46.04898834293716,300.6200000000034,1469.9496724685198
6532,46.04898834293716,300.6400000000034,1469.980631516698
6533,46.04898834293716,300.6600000000034,1470.011590034731
6534,46.04898834293716,300.68000000000336,1470.0425480304584
6535,46.04898834293716,300.70000000000334,1470.0735055057708
6536,46.04898834293716,300.7200000000033,1470.1044624605665
6537,46.04898834293716,300.7400000000033,1470.1354188947448
6538,46.04898834293716,300.7600000000033,1470.1663748082042
6539,46.04898834293716,300.78000000000327,1470.1973302008435
6540,46.04898834293716,300.80000000000325,1470.2282850725612
6541,46.04898834293716,300.82000000000323,1470.2592394232563
6542,46.04898834293716,300.8400000000032,1470.2901932528275
6543,46.04898834293716,300.8600000000032,1470.3211465611737
6544,46.04898834293716,300.8800000000032,1470.3520993481934
6545,46.04898834293716,300.90000000000316,1470.3830516137853
6546,46.04898834293716,300.92000000000314,1470.414003357848
6547,46.04898834293716,300.9400000000031,1470.4449545802806
6548,46.04898834293716,300.9600000000031,1470.4759052809818
6549,46.04898834293716,300.9800000000031,1470.5068554598502
6550,46.04898834293716,301.00000000000307,1470.5378051167845
6551,46.04898834293716,301.02000000000305,1470.5687542516835
6552,46.04898834293716,301.04000000000303,1470.5997028646934
6553,46.04898834293716,301.060000000003,1470.6306509608953
6554,46.04898834293716,301.080000000003,1470.6615985431415
6555,46.04898834293716,301.100000000003,1470.6925456113315
6556,46.04898834293716,301.12000000000296,1470.7234921653644
6557,46.04898834293716,301.14000000000294,1470.7544382051396
6558,46.04898834293716,301.1600000000029,1470.7853837305565
6559,46.04898834293716,301.1800000000029,1470.8163287415146
6560,46.04898834293716,301.2000000000029,1470.8472732379128
6561,46.04898834293716,301.22000000000287,1470.8782172196507
6562,46.04898834293716,301.24000000000285,1470.9091606866275
6563,46.04898834293716,301.26000000000283,1470.9401036387428
6564,46.04898834293716,301.2800000000028,1470.9710460758956
6565,46.04898834293716,301.3000000000028,1471.0019879979855
6566,46.04898834293716,301.3200000000028,1471.0329294049116
6567,46.04898834293716,301.34000000000276,1471.0638702965732
6568,46.04898834293716,301.36000000000274,1471.0948106728697
6569,46.04898834293716,301.3800000000027,1471.1257505337003
6570,46.04898834293716,301.4000000000027,1471.1566898789645
6571,46.04898834293716,301.4200000000027,1471.1876287085613
6572,45.968048690423295,301.44000000000267,1471.2185670223903
6573,45.968048690423295,301.46000000000265,1471.2495048203507
6574,45.968048690423295,301.48000000000263,1471.2804421023418
6575,45.968048690423295,301.5000000000026,1471.311378868263
6576,45.968048690423295,301.5200000000026,1471.3423151180136
6577,45.968048690423295,301.5400000000026,1471.3732508514927
6578,45.968048690423295,301.56000000000256,1471.4041860685998
6579,45.968048690423295,301.58000000000254,1471.4351207692341
6580,45.968048690423295,301.6000000000025,1471.4660549532948
6581,45.968048690423295,301.6200000000025,1471.4969886206813
6582,45.968048690423295,301.6400000000025,1471.527921771293
6583,45.968048690423295,301.66000000000247,1471.558854405029
6584,45.968048690423295,301.68000000000245,1471.5897865217887
6585,45.968048690423295,301.70000000000243,1471.6207181214713
6586,45.968048690423295,301.7200000000024,1471.6516492039761
6587,45.968048690423295,301.7400000000024,1471.6825797692027
6588,45.968048690423295,301.7600000000024,1471.71350981705
6589,45.968048690423295,301.78000000000236,1471.7444393474173
6590,45.968048690423295,301.80000000000234,1471.7753683602039
6591,45.968048690423295,301.8200000000023,1471.8062968553093
6592,45.968048690423295,301.8400000000023,1471.8372248326325
6593,45.968048690423295,301.8600000000023,1471.8681522920729
6594,45.968048690423295,301.88000000000227,1471.8990792335296
6595,45.968048690423295,301.90000000000225,1471.9300056569023
6596,45.968048690423295,301.92000000000223,1471.9609315620899
6597,45.968048690423295,301.9400000000022,1471.9918569489917
6598,45.968048690423295,301.9600000000022,1472.022781817507
6599,45.968048690423295,301.9800000000022,1472.053706167535
6600,45.968048690423295,302.00000000000216,1472.084629998975
6601,45.968048690423295,302.02000000000214,1472.1155533117264
6602,45.968048690423295,302.0400000000021,1472.1464761056884
6603,45.968048690423295,302.0600000000021,1472.1773983810858
6604,45.968048690423295,302.0800000000021,1472.2083201430592
6605,45.968048690423295,302.10000000000207,1472.2392413938185
6606,45.968048690423295,302.12000000000205,1472.2701621332637
6607,45.968048690423295,302.14000000000203,1472.3010823612944
6608,45.968048690423295,302.160000000002,1472.3320020778106
6609,45.968048690423295,302.180000000002,1472.362921282712
6610,45.968048690423295,302.200000000002,1472.3938399758983
6611,45.968048690423295,302.22000000000196,1472.4247581572695
6612,45.968048690423295,302.24000000000194,1472.4556758267252
6613,45.968048690423295,302.2600000000019,1472.4865929841653
6614,45.968048690423295,302.2800000000019,1472.5175096294895
6615,45.968048690423295,302.3000000000019,1472.5484257625976
6616,45.968048690423295,302.32000000000187,1472.5793413833894
6617,45.968048690423295,302.34000000000185,1472.6102564917646
6618,45.968048690423295,302.36000000000183,1472.641171087623
6619,45.968048690423295,302.3800000000018,1472.6720851708644
6620,45.968048690423295,302.4000000000018,1472.7029987413885
6621,45.968048690423295,302.4200000000018,1472.733911799095
6622,45.968048690423295,302.44000000000176,1472.764824343884
6623,45.968048690423295,302.46000000000174,1472.7957363756548
6624,45.968048690423295,302.4800000000017,1472.8266478943076
6625,45.968048690423295,302.5000000000017,1472.857558899742
6626,45.968048690423295,302.5200000000017,1472.8884693918576
6627,45.968048690423295,302.54000000000167,1472.9193793705542
6628,45.968048690423295,302.56000000000165,1472.9502888357317
6629,45.968048690423295,302.58000000000163,1472.9811977872898
6630,45.968048690423295,302.6000000000016,1473.0121062251283
6631,45.968048690423295,302.6200000000016,1473.0430141491468
6632,45.968048690423295,302.6400000000016,1473.073921559245
6633,45.968048690423295,302.66000000000156,1473.104828455323
6634,45.968048690423295,302.68000000000154,1473.1357348372803
6635,45.968048690423295,302.7000000000015,1473.1666407050166
6636,45.968048690423295,302.7200000000015,1473.1975460584317
6637,45.968048690423295,302.7400000000015,1473.2284508974253
6638,45.968048690423295,302.76000000000147,1473.2593552218973
6639,45.968048690423295,302.78000000000145,1473.2902590317474
6640,45.968048690423295,302.80000000000143,1473.321162326875
6641,45.968048690423295,302.8200000000014,1473.3520651071804
6642,45.968048690423295,302.8400000000014,1473.382967372563
6643,45.968048690423295,302.8600000000014,1473.4138691229223
6644,45.968048690423295,302.88000000000136,1473.4447703581584
6645,45.968048690423295,302.90000000000134,1473.475671078171
6646,45.968048690423295,302.9200000000013,1473.5065712828596
6647,45.968048690423295,302.9400000000013,1473.537470972124
6648,45.968048690423295,302.9600000000013,1473.5683701458643
6649,45.968048690423295,302.98000000000127,1473.5992688039796
6650,45.968048690423295,303.00000000000125,1473.63016694637
6651,45.968048690423295,303.02000000000123,1473.6610645729352
6652,45.968048690423295,303.0400000000012,1473.6919616835748
6653,45.968048690423295,303.0600000000012,1473.7228582781886
6654,45.968048690423295,303.0800000000012,1473.7537543571161
6655,45.968048690423295,303.10000000000116,1473.7846499261552
6656,45.968048690423295,303.12000000000114,1473.815544987146
6657,45.968048690423295,303.1400000000011,1473.8464395399888
6658,45.968048690423295,303.1600000000011,1473.8773335845835
6659,45.968048690423295,303.1800000000011,1473.9082271208306
6660,45.968048690423295,303.20000000000107,1473.93912014863
6661,45.968048690423295,303.22000000000105,1473.9700126678824
6662,45.968048690423295,303.24000000000103,1474.0009046784876
6663,45.968048690423295,303.260000000001,1474.031796180346
6664,45.968048690423295,303.280000000001,1474.0626871733577
6665,45.968048690423295,303.300000000001,1474.093577657423
6666,45.968048690423295,303.32000000000096,1474.124467632442
6667,45.968048690423295,303.34000000000094,1474.155357098315
6668,45.968048690423295,303.3600000000009,1474.1862460549423
6669,45.968048690423295,303.3800000000009,1474.2171345022239
6670,45.968048690423295,303.4000000000009,1474.24802244006
6671,45.968048690423295,303.42000000000087,1474.2789098683509
6672,45.968048690423295,303.44000000000085,1474.3097967869967
6673,45.968048690423295,303.46000000000083,1474.3406831958976
6674,45.968048690423295,303.4800000000008,1474.3715690949539
6675,45.968048690423295,303.5000000000008,1474.4024544840656
6676,45.968048690423295,303.5200000000008,1474.4333393631332
6677,45.968048690423295,303.54000000000076,1474.4642237320566
6678,45.968048690423295,303.56000000000074,1474.495107590736
6679,45.968048690423295,303.5800000000007,1474.525990939072
6680,45.968048690423295,303.6000000000007,1474.5568737769643
6681,45.968048690423295,303.6200000000007,1474.5877561043133
6682,45.968048690423295,303.64000000000067,1474.618637921019
6683,45.968048690423295,303.66000000000065,1474.6495192269817
6684,45.968048690423295,303.68000000000063,1474.6804000221016
6685,45.968048690423295,303.7000000000006,1474.711280306279
6686,45.968048690423295,303.7200000000006,1474.7421600794137
6687,45.968048690423295,303.7400000000006,1474.773039341406
6688,45.968048690423295,303.76000000000056,1474.8039180921562
6689,45.968048690423295,303.78000000000054,1474.8347963315646
6690,45.88734587117222,303.8000000000005,1474.865674059531
6691,45.88734587117222,303.8200000000005,1474.896551275956
6692,45.88734587117222,303.8400000000005,1474.9274279807394
6693,45.88734587117222,303.86000000000047,1474.9583041737815
6694,45.88734587117222,303.88000000000045,1474.9891798549822
6695,45.88734587117222,303.90000000000043,1475.020055024242
6696,45.88734587117222,303.9200000000004,1475.050929681461
6697,45.88734587117222,303.9400000000004,1475.0818038265393
6698,45.88734587117222,303.9600000000004,1475.112677459377
6699,45.88734587117222,303.98000000000036,1475.1435505798743
6700,45.88734587117222,304.00000000000034,1475.1744231879313
6701,45.88734587117222,304.0200000000003,1475.2052952834483
6702,45.88734587117222,304.0400000000003,1475.2361668663252
6703,45.88734587117222,304.0600000000003,1475.2670379364624
6704,45.88734587117222,304.08000000000027,1475.29790849376
6705,45.88734587117222,304.10000000000025,1475.3287785386235
6706,45.88734587117222,304.12000000000023,1475.3596480768704
6707,45.88734587117222,304.1400000000002,1475.3905171097667
6708,45.88734587117222,304.1600000000002,1475.4213856372135
6709,45.88734587117222,304.1800000000002,1475.4522536591112
6710,45.88734587117222,304.20000000000016,1475.4831211753606
6711,45.88734587117222,304.22000000000014,1475.513988185862
6712,45.88734587117222,304.2400000000001,1475.5448546905163
6713,45.88734587117222,304.2600000000001,1475.5757206892242
6714,45.88734587117222,304.2800000000001,1475.6065861818863
6715,45.88734587117222,304.30000000000007,1475.6374511684032
6716,45.88734587117222,304.32000000000005,1475.6683156486756
6717,45.88734587117222,304.34000000000003,1475.6991796226039
6718,45.88734587117222,304.36,1475.7300430900889
6719,45.88734587117222,304.38,1475.7609060510313
6720,45.88734587117222,304.4,1475.7917685053317
6721,45.88734587117222,304.41999999999996,1475.8226304528907
6722,45.88734587117222,304.43999999999994,1475.8534918936089
6723,45.88734587117222,304.4599999999999,1475.884352827387
6724,45.88734587117222,304.4799999999999,1475.9152132541255
6725,45.88734587117222,304.4999999999999,1475.9460731737252
6726,45.88734587117222,304.51999999999987,1475.9769325860866
6727,45.88734587117222,304.53999999999985,1476.0077914911103
6728,45.88734587117222,304.55999999999983,1476.038649888697
6729,45.88734587117222,304.5799999999998,1476.069507778747
6730,45.88734587117222,304.5999999999998,1476.1003651611616
6731,45.88734587117222,304.6199999999998,1476.1312220358407
6732,45.88734587117222,304.63999999999976,1476.1620784026852
6733,45.88734587117222,304.65999999999974,1476.1929342615958
6734,45.88734587117222,304.6799999999997,1476.2237896124732
6735,45.88734587117222,304.6999999999997,1476.2546444552177
6736,45.88734587117222,304.7199999999997,1476.28549878973
6737,45.88734587117222,304.73999999999967,1476.3163526159108
6738,45.88734587117222,304.75999999999965,1476.3472059336607
6739,45.88734587117222,304.77999999999963,1476.3780587428803
6740,45.88734587117222,304.7999999999996,1476.40891104347
6741,45.88734587117222,304.8199999999996,1476.4397628353306
6742,45.88734587117222,304.8399999999996,1476.4706141183626
6743,45.88734587117222,304.85999999999956,1476.5014648924666
6744,45.88734587117222,304.87999999999954,1476.5323151575433
6745,45.88734587117222,304.8999999999995,1476.5631649134932
6746,45.88734587117222,304.9199999999995,1476.5940141602168
6747,45.88734587117222,304.9399999999995,1476.6248628976148
6748,45.88734587117222,304.95999999999947,1476.6557111255877
6749,45.88734587117222,304.97999999999945,1476.6865588440362
6750,45.88734587117222,304.99999999999943,1476.717406052861
6751,45.88734587117222,305.0199999999994,1476.7482527519624
6752,45.88734587117222,305.0399999999994,1476.779098941241
6753,45.88734587117222,305.0599999999994,1476.8099446205977
6754,45.88734587117222,305.07999999999936,1476.8407897899326
6755,45.88734587117222,305.09999999999934,1476.8716344491465
6756,45.88734587117222,305.1199999999993,1476.9024785987515
6757,45.88734587117222,305.1399999999993,1476.9333222450778
6758,45.88734587117222,305.1599999999993,1476.9641653889532
6759,45.88734587117222,305.17999999999927,1476.9950080302783
6760,45.88734587117222,305.19999999999925,1477.0258501689536
6761,45.88734587117222,305.21999999999923,1477.0566918048798
6762,45.88734587117222,305.2399999999992,1477.0875329379571
6763,45.88734587117222,305.2599999999992,1477.1183735680863
6764,45.88734587117222,305.2799999999992,1477.1492136951676
6765,45.88734587117222,305.29999999999916,1477.1800533191017
6766,45.88734587117222,305.31999999999914,1477.210892439789
6767,45.88734587117222,305.3399999999991,1477.24173105713
6768,45.88734587117222,305.3599999999991,1477.2725691710252
6769,45.88734587117222,305.3799999999991,1477.303406781375
6770,45.88734587117222,305.39999999999907,1477.3342438880802
6771,45.88734587117222,305.41999999999905,1477.365080491041
6772,45.88734587117222,305.43999999999903,1477.3959165901579
6773,45.88734587117222,305.459999999999,1477.4267521853315
6774,45.88734587117222,305.479999999999,1477.4575872764622
6775,45.88734587117222,305.499999999999,1477.4884218634504
6776,45.88734587117222,305.51999999999896,1477.5192559461968
6777,45.88734587117222,305.53999999999894,1477.5500895246018
6778,45.88734587117222,305.5599999999989,1477.5809225985658
6779,45.88734587117222,305.5799999999989,1477.6117551679895
6780,45.88734587117222,305.5999999999989,1477.642587232773
6781,45.88734587117222,305.61999999999887,1477.6734187928168
6782,45.88734587117222,305.63999999999885,1477.7042498480218
6783,45.88734587117222,305.65999999999883,1477.7350803982881
6784,45.88734587117222,305.6799999999988,1477.7659104435163
6785,45.88734587117222,305.6999999999988,1477.7967399836068
6786,45.88734587117222,305.7199999999988,1477.82756901846
6787,45.88734587117222,305.73999999999876,1477.8583975479764
6788,45.88734587117222,305.75999999999874,1477.8892255720566
6789,45.88734587117222,305.7799999999987,1477.920053090601
6790,45.88734587117222,305.7999999999987,1477.95088010351
6791,45.88734587117222,305.8199999999987,1477.981706610684
6792,45.88734587117222,305.83999999999867,1478.0125326120233
6793,45.88734587117222,305.85999999999865,1478.0433581074287
6794,45.88734587117222,305.87999999999863,1478.0741830968007
6795,45.88734587117222,305.8999999999986,1478.1050075800395
6796,45.88734587117222,305.9199999999986,1478.1358315570455
6797,45.88734587117222,305.9399999999986,1478.1666550277193
6798,45.88734587117222,305.95999999999856,1478.1974779919613
6799,45.88734587117222,305.97999999999854,1478.228300449672
6800,45.88734587117222,305.9999999999985,1478.2591224007515
6801,45.88734587117222,306.0199999999985,1478.2899438451007
6802,45.88734587117222,306.0399999999985,1478.3207647826198
6803,45.88734587117222,306.05999999999847,1478.3515852132093
6804,45.88734587117222,306.07999999999845,1478.3824051367696
6805,45.88734587117222,306.09999999999843,1478.4132245532012
6806,45.88734587117222,306.1199999999984,1478.4440434624044
6807,45.88734587117222,306.1399999999984,1478.4748618651588
6808,45.80687891613867,306.1599999999984,1478.5056797679042
6809,45.80687891613867,306.17999999999836,1478.5364971711713
6810,45.80687891613867,306.19999999999834,1478.567314074862
6811,45.80687891613867,306.2199999999983,1478.598130478878
6812,45.80687891613867,306.2399999999983,1478.628946383121
6813,45.80687891613867,306.2599999999983,1478.6597617874932
6814,45.80687891613867,306.27999999999827,1478.6905766918962
6815,45.80687891613867,306.29999999999825,1478.7213910962319
6816,45.80687891613867,306.31999999999823,1478.752205000402
6817,45.80687891613867,306.3399999999982,1478.7830184043082
6818,45.80687891613867,306.3599999999982,1478.8138313078525
6819,45.80687891613867,306.3799999999982,1478.844643710937
6820,45.80687891613867,306.39999999999816,1478.875455613463
6821,45.80687891613867,306.41999999999814,1478.9062670153323
6822,45.80687891613867,306.4399999999981,1478.9370779164472
6823,45.80687891613867,306.4599999999981,1478.967888316709
6824,45.80687891613867,306.4799999999981,1478.9986982160196
6825,45.80687891613867,306.49999999999807,1479.029507614281
6826,45.80687891613867,306.51999999999805,1479.060316511395
6827,45.80687891613867,306.53999999999803,1479.0911249072633
6828,45.80687891613867,306.559999999998,1479.1219328017876
6829,45.80687891613867,306.579999999998,1479.15274019487
6830,45.80687891613867,306.599999999998,1479.1835470864119
6831,45.80687891613867,306.61999999999796,1479.2143534763154
6832,45.80687891613867,306.63999999999794,1479.245159364482
6833,45.80687891613867,306.6599999999979,1479.275964750814
6834,45.80687891613867,306.6799999999979,1479.3067696352125
6835,45.80687891613867,306.6999999999979,1479.3375740175798
6836,45.80687891613867,306.71999999999787,1479.3683778978175
6837,45.80687891613867,306.73999999999785,1479.3991812758272
6838,45.80687891613867,306.75999999999783,1479.429984151511
6839,45.80687891613867,306.7799999999978,1479.4607865247706
6840,45.80687891613867,306.7999999999978,1479.4915883955075
6841,45.80687891613867,306.8199999999978,1479.5223897636238
6842,45.80687891613867,306.83999999999776,1479.5531906290212
6843,45.80687891613867,306.85999999999774,1479.5839909916015
6844,45.80687891613867,306.8799999999977,1479.6147908512662
6845,45.80687891613867,306.8999999999977,1479.6455902079174
6846,45.80687891613867,306.9199999999977,1479.6763890614568
6847,45.80687891613867,306.93999999999767,1479.707187411786
6848,45.80687891613867,306.95999999999765,1479.737985258807
6849,45.80687891613867,306.97999999999763,1479.7687826024212
6850,45.80687891613867,306.9999999999976,1479.7995794425308
6851,45.80687891613867,307.0199999999976,1479.8303757790372
6852,45.80687891613867,307.0399999999976,1479.8611716118423
6853,45.80687891613867,307.05999999999756,1479.8919669408479
6854,45.80687891613867,307.07999999999754,1479.9227617659556
6855,45.80687891613867,307.0999999999975,1479.9535560870672
6856,45.80687891613867,307.1199999999975,1479.9843499040846
6857,45.80687891613867,307.1399999999975,1480.0151432177329
6858,45.80687891613867,307.15999999999747,1480.045936037509
6859,45.80687891613867,307.17999999999745,1480.0767283700436
6860,45.80687891613867,307.19999999999743,1480.107520215743
6861,45.80687891613867,307.2199999999974,1480.1383115745089
6862,45.80687891613867,307.2399999999974,1480.169102446242
6863,45.80687891613867,307.2599999999974,1480.199892830844
6864,45.80687891613867,307.27999999999736,1480.230682728216
6865,45.80687891613867,307.29999999999734,1480.2614721382593
6866,45.80687891613867,307.3199999999973,1480.2922610608753
6867,45.80687891613867,307.3399999999973,1480.3230494959653
6868,45.80687891613867,307.3599999999973,1480.3538374434306
6869,45.80687891613867,307.37999999999727,1480.3846249031724
6870,45.80687891613867,307.39999999999725,1480.415411875092
6871,45.80687891613867,307.41999999999723,1480.4461983590909
6872,45.80687891613867,307.4399999999972,1480.4769843550703
6873,45.80687891613867,307.4599999999972,1480.5077698629314
6874,45.80687891613867,307.4799999999972,1480.5385548825755
6875,45.80687891613867,307.49999999999716,1480.5693394139037
6876,45.80687891613867,307.51999999999714,1480.6001234568175
6877,45.80687891613867,307.5399999999971,1480.6309070112181
6878,45.80687891613867,307.5599999999971,1480.661690077007
6879,45.80687891613867,307.5799999999971,1480.6924726540853
6880,45.80687891613867,307.59999999999707,1480.7232547423544
6881,45.80687891613867,307.61999999999705,1480.7540363417152
6882,45.80687891613867,307.63999999999703,1480.7848174520693
6883,45.80687891613867,307.659999999997,1480.815598073318
6884,45.80687891613867,307.679999999997,1480.8463782053623
6885,45.80687891613867,307.699999999997,1480.8771578481037
6886,45.80687891613867,307.71999999999696,1480.9079370014435
6887,45.80687891613867,307.73999999999694,1480.9387156652829
6888,45.80687891613867,307.7599999999969,1480.969493839523
6889,45.80687891613867,307.7799999999969,1481.0002715240653
6890,45.80687891613867,307.7999999999969,1481.0310487188108
6891,45.80687891613867,307.81999999999687,1481.061825423661
6892,45.80687891613867,307.83999999999685,1481.0926016385172
6893,45.80687891613867,307.85999999999683,1481.1233773632803
6894,45.80687891613867,307.8799999999968,1481.1541525978519
6895,45.80687891613867,307.8999999999968,1481.184927342133
6896,45.80687891613867,307.9199999999968,1481.2157015960252
6897,45.80687891613867,307.93999999999676,1481.2464753594293
6898,45.80687891613867,307.95999999999674,1481.2772486322467
6899,45.80687891613867,307.9799999999967,1481.3080214143788
6900,45.80687891613867,307.9999999999967,1481.3387937057266
6901,45.80687891613867,308.0199999999967,1481.3695655061917
6902,45.80687891613867,308.03999999999667,1481.400336815675
6903,45.80687891613867,308.05999999999665,1481.431107634078
6904,45.80687891613867,308.07999999999663,1481.4618779613018
6905,45.80687891613867,308.0999999999966,1481.4926477972474
6906,45.80687891613867,308.1199999999966,1481.5234171418163
6907,45.80687891613867,308.1399999999966,1481.5541859949096
6908,45.80687891613867,308.15999999999656,1481.5849543564289
6909,45.80687891613867,308.17999999999654,1481.6157222280926
6910,45.80687891613867,308.1999999999965,1481.6464896155487
6911,45.80687891613867,308.2199999999965,1481.6772565191357
6912,45.80687891613867,308.2399999999965,1481.708022938755
6913,45.80687891613867,308.25999999999647,1481.7387888743085
6914,45.80687891613867,308.27999999999645,1481.7695543256978
6915,45.80687891613867,308.29999999999643,1481.8003192928247
6916,45.80687891613867,308.3199999999964,1481.831083775591
6917,45.80687891613867,308.3399999999964,1481.8618477738983
6918,45.80687891613867,308.3599999999964,1481.8926112876482
6919,45.80687891613867,308.37999999999636,1481.9233743167426
6920,45.80687891613867,308.39999999999634,1481.9541368610833
6921,45.80687891613867,308.4199999999963,1481.9848989205718
6922,45.80687891613867,308.4399999999963,1482.01566049511
6923,45.80687891613867,308.4599999999963,1482.0464215845996
6924,45.80687891613867,308.47999999999627,1482.077182188942
6925,45.80687891613867,308.49999999999625,1482.1079423080394
6926,45.80687891613867,308.51999999999623,1482.138701941793
6927,45.80687891613867,308.5399999999962,1482.1694610901047
6928,45.80687891613867,308.5599999999962,1482.2002197528764
6929,45.80687891613867,308.5799999999962,1482.2309779300097
6930,45.80687891613867,308.59999999999616,1482.2617356214062
6931,45.72664686136931,308.61999999999614,1482.2924928269676
6932,45.72664686136931,308.6399999999961,1482.3232495465957
6933,45.72664686136931,308.6599999999961,1482.354005780192
6934,45.72664686136931,308.6799999999961,1482.3847615276584
6935,45.72664686136931,308.69999999999607,1482.4155167888964
6936,45.72664686136931,308.71999999999605,1482.4462715638078
6937,45.72664686136931,308.73999999999603,1482.4770258522944
6938,45.72664686136931,308.759999999996,1482.5077796542578
6939,45.72664686136931,308.779999999996,1482.5385329695996
6940,45.72664686136931,308.799999999996,1482.5692857982215
6941,45.72664686136931,308.81999999999596,1482.6000381400252
6942,45.72664686136931,308.83999999999594,1482.6307899949124
6943,45.72664686136931,308.8599999999959,1482.6615413627849
6944,45.72664686136931,308.8799999999959,1482.6922922435442
6945,45.72664686136931,308.8999999999959,1482.723042637092
6946,45.72664686136931,308.91999999999587,1482.75379254333
6947,45.72664686136931,308.93999999999585,1482.78454196216
6948,45.72664686136931,308.95999999999583,1482.8152908934833
6949,45.72664686136931,308.9799999999958,1482.8460393372018
6950,45.72664686136931,308.9999999999958,1482.8767872932171
6951,45.72664686136931,309.0199999999958,1482.907534761431
6952,45.72664686136931,309.03999999999576,1482.938281741745
6953,45.72664686136931,309.05999999999574,1482.9690282340607
6954,45.72664686136931,309.0799999999957,1482.99977423828
6955,45.72664686136931,309.0999999999957,1483.0305197543046
6956,45.72664686136931,309.1199999999957,1483.0612647820358
6957,45.72664686136931,309.13999999999567,1483.0920093213756
6958,45.72664686136931,309.15999999999565,1483.1227533722254
6959,45.72664686136931,309.17999999999563,1483.1534969344868
6960,45.72664686136931,309.1999999999956,1483.18424001021
6961,45.72664686136931,309.2199999999956,1483.2149826043342
6962,45.72664686136931,309.2399999999956,1483.2457247170828
6963,45.72664686136931,309.25999999999556,1483.2764663483576
6964,45.72664686136931,309.27999999999554,1483.307207498061
6965,45.72664686136931,309.2999999999955,1483.3379481660947
6966,45.72664686136931,309.3199999999955,1483.3686883523612
6967,45.72664686136931,309.3399999999955,1483.3994280567624
6968,45.72664686136931,309.35999999999547,1483.4301672792003
6969,45.72664686136931,309.37999999999545,1483.460906019577
6970,45.72664686136931,309.39999999999543,1483.4916442777944
6971,45.72664686136931,309.4199999999954,1483.5223820537549
6972,45.72664686136931,309.4399999999954,1483.5531193473605
6973,45.72664686136931,309.4599999999954,1483.5838561585133
6974,45.72664686136931,309.47999999999536,1483.6145924871153
6975,45.72664686136931,309.49999999999534,1483.6453283330684
6976,45.72664686136931,309.5199999999953,1483.6760636962747
6977,45.72664686136931,309.5399999999953,1483.7067985766364
6978,45.72664686136931,309.5599999999953,1483.7375329740555
6979,45.72664686136931,309.57999999999527,1483.7682668884343
6980,45.72664686136931,309.59999999999525,1483.7990003196744
6981,45.72664686136931,309.61999999999523,1483.8297332676782
6982,45.72664686136931,309.6399999999952,1483.8604657323476
6983,45.72664686136931,309.6599999999952,1483.8911977135847
6984,45.72664686136931,309.6799999999952,1483.9219292112914
6985,45.72664686136931,309.69999999999516,1483.95266022537
6986,45.72664686136931,309.71999999999514,1483.9833907557224
6987,45.72664686136931,309.7399999999951,1484.0141208022508
6988,45.72664686136931,309.7599999999951,1484.044850364857
6989,45.72664686136931,309.7799999999951,1484.075579443443
6990,45.72664686136931,309.79999999999507,1484.1063080379113
6991,45.72664686136931,309.81999999999505,1484.1370361481634
6992,45.72664686136931,309.83999999999503,1484.1677637741016
6993,45.72664686136931,309.859999999995,1484.1984909156279
6994,45.72664686136931,309.879999999995,1484.2292175726443
6995,45.72664686136931,309.899999999995,1484.2599437450529
6996,45.72664686136931,309.91999999999496,1484.2906694327555
6997,45.72664686136931,309.93999999999494,1484.3213946356545
6998,45.72664686136931,309.9599999999949,1484.3521193536517
6999,45.72664686136931,309.9799999999949,1484.3828435866492
7000,45.72664686136931,309.9999999999949,1484.4135673345488
7001,45.72664686136931,310.01999999999487,1484.4442905972528
7002,45.72664686136931,310.03999999999485,1484.4750133746631
7003,45.72664686136931,310.05999999999483,1484.5057356666819
7004,45.72664686136931,310.0799999999948,1484.536457473211
7005,45.72664686136931,310.0999999999948,1484.5671787941524
7006,45.72664686136931,310.1199999999948,1484.5978996294082
7007,45.72664686136931,310.13999999999476,1484.6286199788804
7008,45.72664686136931,310.15999999999474,1484.659339842471
7009,45.72664686136931,310.1799999999947,1484.6900592200818
7010,45.72664686136931,310.1999999999947,1484.7207781116151
7011,45.72664686136931,310.2199999999947,1484.7514965196956
7012,45.72664686136931,310.23999999999467,1484.782214449147
7013,45.72664686136931,310.25999999999465,1484.8129319001162
7014,45.72664686136931,310.27999999999463,1484.8436488725056
7015,45.72664686136931,310.2999999999946,1484.8743653662177
7016,45.72664686136931,310.3199999999946,1484.905081381155
7017,45.72664686136931,310.3399999999946,1484.9357969172197
7018,45.72664686136931,310.35999999999456,1484.9665119743145
7019,45.72664686136931,310.37999999999454,1484.9972265523418
7020,45.72664686136931,310.3999999999945,1485.0279406512038
7021,45.72664686136931,310.4199999999945,1485.0586542708031
7022,45.72664686136931,310.4399999999945,1485.089367411042
7023,45.72664686136931,310.45999999999447,1485.1200800718232
7024,45.72664686136931,310.47999999999445,1485.1507922530488
7025,45.72664686136931,310.49999999999443,1485.1815039546216
7026,45.72664686136931,310.5199999999944,1485.2122151764436
7027,45.72664686136931,310.5399999999944,1485.2429259184175
7028,45.72664686136931,310.5599999999944,1485.2736361804457
7029,45.72664686136931,310.57999999999436,1485.3043459624305
7030,45.72664686136931,310.59999999999434,1485.3350552642744
7031,45.72664686136931,310.6199999999943,1485.3657640858798
7032,45.72664686136931,310.6399999999943,1485.396472427149
7033,45.72664686136931,310.6599999999943,1485.4271802879846
7034,45.72664686136931,310.67999999999427,1485.4578876682888
7035,45.72664686136931,310.69999999999425,1485.4885945679641
7036,45.72664686136931,310.71999999999423,1485.519300986913
7037,45.72664686136931,310.7399999999942,1485.550006925038
7038,45.72664686136931,310.7599999999942,1485.580712382241
7039,45.72664686136931,310.7799999999942,1485.611417358425
7040,45.72664686136931,310.79999999999416,1485.642121853492
7041,45.72664686136931,310.81999999999414,1485.6728258673445
7042,45.72664686136931,310.8399999999941,1485.703529399885
7043,45.72664686136931,310.8599999999941,1485.7342324510157
7044,45.72664686136931,310.8799999999941,1485.764935020639
7045,45.72664686136931,310.89999999999407,1485.7956371086575
7046,45.72664686136931,310.91999999999405,1485.8263387149734
7047,45.72664686136931,310.93999999999403,1485.8570398394893
7048,45.72664686136931,310.959999999994,1485.8877404821073
7049,45.72664686136931,310.979999999994,1485.91844064273
7050,45.72664686136931,310.999999999994,1485.9491403212596
7051,45.646648747970076,311.01999999999396,1485.9798395175985
7052,45.646648747970076,311.03999999999394,1486.0105382316492
7053,45.646648747970076,311.0599999999939,1486.0412364633141
7054,45.646648747970076,311.0799999999939,1486.0719342124955
7055,45.646648747970076,311.0999999999939,1486.1026314790959
7056,45.646648747970076,311.11999999999387,1486.1333282630173
7057,45.646648747970076,311.13999999999385,1486.1640245641624
7058,45.646648747970076,311.15999999999383,1486.1947203824336
7059,45.646648747970076,311.1799999999938,1486.225415717733
7060,45.646648747970076,311.1999999999938,1486.2561105699633
7061,45.646648747970076,311.2199999999938,1486.2868049390265
7062,45.646648747970076,311.23999999999376,1486.3174988278224
7063,45.646648747970076,311.25999999999374,1486.348192240531
7064,45.646648747970076,311.2799999999937,1486.3788851771974
7065,45.646648747970076,311.2999999999937,1486.4095776377244
7066,45.646648747970076,311.3199999999937,1486.4402696220147
7067,45.646648747970076,311.33999999999367,1486.4709611299713
7068,45.646648747970076,311.35999999999365,1486.5016521614968
7069,45.646648747970076,311.37999999999363,1486.532342716494
7070,45.646648747970076,311.3999999999936,1486.5630327948656
7071,45.646648747970076,311.4199999999936,1486.5937223965147
7072,45.646648747970076,311.4399999999936,1486.624411521344
7073,45.646648747970076,311.45999999999356,1486.655100169256
7074,45.646648747970076,311.47999999999354,1486.6857883401537
7075,45.646648747970076,311.4999999999935,1486.71647603394
7076,45.646648747970076,311.5199999999935,1486.7471632505174
7077,45.646648747970076,311.5399999999935,1486.7778499897888
7078,45.646648747970076,311.55999999999347,1486.808536251657
7079,45.646648747970076,311.57999999999345,1486.8392220360247
7080,45.646648747970076,311.59999999999343,1486.8699073427947
7081,45.646648747970076,311.6199999999934,1486.90059217187
7082,45.646648747970076,311.6399999999934,1486.931276523153
7083,45.646648747970076,311.6599999999934,1486.9619603965466
7084,45.646648747970076,311.67999999999336,1486.9926437919537
7085,45.646648747970076,311.69999999999334,1487.023326709277
7086,45.646648747970076,311.7199999999933,1487.054009148419
7087,45.646648747970076,311.7399999999933,1487.0846911092829
7088,45.646648747970076,311.7599999999933,1487.1153725917711
7089,45.646648747970076,311.77999999999327,1487.1460535957865
7090,45.646648747970076,311.79999999999325,1487.176734121232
7091,45.646648747970076,311.81999999999323,1487.2074141680098
7092,45.646648747970076,311.8399999999932,1487.2380937360233
7093,45.646648747970076,311.8599999999932,1487.268772825175
7094,45.646648747970076,311.8799999999932,1487.2994514353675
7095,45.646648747970076,311.89999999999316,1487.3301295665037
7096,45.646648747970076,311.91999999999314,1487.3608072184863
7097,45.646648747970076,311.9399999999931,1487.3914843912182
7098,45.646648747970076,311.9599999999931,1487.422161084602
7099,45.646648747970076,311.9799999999931,1487.4528372985405
7100,45.646648747970076,311.99999999999307,1487.4835130329363
7101,45.646648747970076,312.01999999999305,1487.5141882876921
7102,45.646648747970076,312.03999999999303,1487.5448630627109
7103,45.646648747970076,312.059999999993,1487.5755373578952
7104,45.646648747970076,312.079999999993,1487.6062111731478
7105,45.646648747970076,312.099999999993,1487.6368845083714
7106,45.646648747970076,312.11999999999296,1487.6675573634689
7107,45.646648747970076,312.13999999999294,1487.698229738343
7108,45.646648747970076,312.1599999999929,1487.728901632896
7109,45.646648747970076,312.1799999999929,1487.759573047031
7110,45.646648747970076,312.1999999999929,1487.7902439806508
7111,45.646648747970076,312.21999999999287,1487.820914433658
7112,45.646648747970076,312.23999999999285,1487.851584405955
7113,45.646648747970076,312.25999999999283,1487.8822539009475
7114,45.646648747970076,312.2799999999928,1487.912922922543
7115,45.646648747970076,312.2999999999928,1487.9435914707008
7116,45.646648747970076,312.3199999999928,1487.9742595453238
7117,45.646648747970076,312.33999999999276,1488.0049271463154
7118,45.646648747970076,312.35999999999274,1488.0355942735785
7119,45.646648747970076,312.3799999999927,1488.0662609270162
7120,45.646648747970076,312.3999999999927,1488.0969271065317
7121,45.646648747970076,312.4199999999927,1488.127592812028
7122,45.646648747970076,312.43999999999266,1488.1582580434085
7123,45.646648747970076,312.45999999999265,1488.188922800576
7124,45.646648747970076,312.47999999999263,1488.2195870834335
7125,45.646648747970076,312.4999999999926,1488.2502508918844
7126,45.646648747970076,312.5199999999926,1488.2809142258318
7127,45.646648747970076,312.5399999999926,1488.3115770851784
7128,45.646648747970076,312.55999999999256,1488.3422394698277
7129,45.646648747970076,312.57999999999254,1488.3729013796826
7130,45.646648747970076,312.5999999999925,1488.4035628146464
7131,45.646648747970076,312.6199999999925,1488.434223774622
7132,45.646648747970076,312.6399999999925,1488.4648842595125
7133,45.646648747970076,312.65999999999246,1488.495544269221
7134,45.646648747970076,312.67999999999245,1488.5262038036506
7135,45.646648747970076,312.69999999999243,1488.5568628627043
7136,45.646648747970076,312.7199999999924,1488.5875214462853
7137,45.646648747970076,312.7399999999924,1488.6181795542968
7138,45.646648747970076,312.7599999999924,1488.6488371866417
7139,45.646648747970076,312.77999999999236,1488.679494343223
7140,45.646648747970076,312.79999999999234,1488.710151023944
7141,45.646648747970076,312.8199999999923,1488.7408072287076
7142,45.646648747970076,312.8399999999923,1488.7714629574168
7143,45.646648747970076,312.8599999999923,1488.8021182099749
7144,45.646648747970076,312.87999999999226,1488.832772986285
7145,45.646648747970076,312.89999999999225,1488.8634272862498
7146,45.646648747970076,312.9199999999922,1488.8940811097727
7147,45.646648747970076,312.9399999999922,1488.9247344567566
7148,45.646648747970076,312.9599999999922,1488.9553873271045
7149,45.646648747970076,312.9799999999922,1488.9860397207196
7150,45.646648747970076,312.99999999999216,1489.0166916375051
7151,45.646648747970076,313.01999999999214,1489.0473430773638
7152,45.646648747970076,313.0399999999921,1489.077994040199
7153,45.646648747970076,313.0599999999921,1489.1086445259134
7154,45.646648747970076,313.0799999999921,1489.1392945344103
7155,45.646648747970076,313.09999999999206,1489.1699440655925
7156,45.646648747970076,313.11999999999205,1489.2005931193635
7157,45.646648747970076,313.139999999992,1489.2312416956258
7158,45.646648747970076,313.159999999992,1489.261889794283
7159,45.646648747970076,313.179999999992,1489.2925374152378
7160,45.646648747970076,313.199999999992,1489.3231845583932
7161,45.646648747970076,313.21999999999196,1489.3538312236524
7162,45.646648747970076,313.23999999999194,1489.3844774109184
7163,45.646648747970076,313.2599999999919,1489.4151231201283
7164,45.646648747970076,313.2799999999919,1489.4457683551825
7165,45.646648747970076,313.2999999999919,1489.4764131196757
7166,45.646648747970076,313.31999999999186,1489.5070574135113
7167,45.646648747970076,313.33999999999185,1489.5377012365927
7168,45.646648747970076,313.3599999999918,1489.5683445888237
7169,45.646648747970076,313.3799999999918,1489.5989874701079
7170,45.646648747970076,313.3999999999918,1489.6296298803486
7171,45.56688362207375,313.4199999999918,1489.6602718194495
7172,45.56688362207375,313.43999999999176,1489.690913287314
7173,45.56688362207375,313.45999999999174,1489.721554283846
7174,45.56688362207375,313.4799999999917,1489.7521948089488
7175,45.56688362207375,313.4999999999917,1489.782834862526
7176,45.56688362207375,313.5199999999917,1489.813474444481
7177,45.56688362207375,313.53999999999166,1489.8441135547175
7178,45.56688362207375,313.55999999999165,1489.874752193139
7179,45.56688362207375,313.5799999999916,1489.9053903596491
7180,45.56688362207375,313.5999999999916,1489.9360280541512
7181,45.56688362207375,313.6199999999916,1489.9666652765488
7182,45.56688362207375,313.6399999999916,1489.9973020267457
7183,45.56688362207375,313.65999999999156,1490.027938308698
7184,45.56688362207375,313.67999999999154,1490.058574127616
7185,45.56688362207375,313.6999999999915,1490.0892094835426
7186,45.56688362207375,313.7199999999915,1490.1198443763806
7187,45.56688362207375,313.7399999999915,1490.1504788060329
7188,45.56688362207375,313.75999999999146,1490.1811127724027
7189,45.56688362207375,313.77999999999145,1490.211746275393
7190,45.56688362207375,313.7999999999914,1490.2423793149067
7191,45.56688362207375,313.8199999999914,1490.273011890847
7192,45.56688362207375,313.8399999999914,1490.3036440031171
7193,45.56688362207375,313.8599999999914,1490.3342756516197
7194,45.56688362207375,313.87999999999136,1490.364906836258
7195,45.56688362207375,313.89999999999134,1490.3955375569346
7196,45.56688362207375,313.9199999999913,1490.426167813553
7197,45.56688362207375,313.9399999999913,1490.4567976060162
7198,45.56688362207375,313.9599999999913,1490.487426934227
7199,45.56688362207375,313.97999999999126,1490.5180557980884
7200,45.56688362207375,313.99999999999125,1490.5486841975037
7201,45.56688362207375,314.0199999999912,1490.5793121323757
7202,45.56688362207375,314.0399999999912,1490.6099396026075
7203,45.56688362207375,314.0599999999912,1490.640566608102
7204,45.56688362207375,314.0799999999912,1490.6711931487623
7205,45.56688362207375,314.09999999999116,1490.7018192244914
7206,45.56688362207375,314.11999999999114,1490.7324448351922
7207,45.56688362207375,314.1399999999911,1490.7630699807678
7208,45.56688362207375,314.1599999999911,1490.793694661121
7209,45.56688362207375,314.1799999999911,1490.824318876155
7210,45.56688362207375,314.19999999999106,1490.8549426257728
7211,45.56688362207375,314.21999999999105,1490.8855659098772
7212,45.56688362207375,314.239999999991,1490.9161887283715
7213,45.56688362207375,314.259999999991,1490.9468110811583
7214,45.56688362207375,314.279999999991,1490.9774329682584
7215,45.56688362207375,314.299999999991,1491.00805439367
7216,45.56688362207375,314.31999999999096,1491.0386753603336
7217,45.56688362207375,314.33999999999094,1491.0692958681534
7218,45.56688362207375,314.3599999999909,1491.0999159170324
7219,45.56688362207375,314.3799999999909,1491.130535506874
7220,45.56688362207375,314.3999999999909,1491.1611546375816
7221,45.56688362207375,314.41999999999086,1491.1917733090588
7222,45.56688362207375,314.43999999999085,1491.222391521209
7223,45.56688362207375,314.4599999999908,1491.2530092739355
7224,45.56688362207375,314.4799999999908,1491.2836265671417
7225,45.56688362207375,314.4999999999908,1491.3142434007311
7226,45.56688362207375,314.5199999999908,1491.3448597746071
7227,45.56688362207375,314.53999999999075,1491.375475688673
7228,45.56688362207375,314.55999999999074,1491.4060911428326
7229,45.56688362207375,314.5799999999907,1491.4367061369887
7230,45.56688362207375,314.5999999999907,1491.4673206710452
7231,45.56688362207375,314.6199999999907,1491.497934744905
7232,45.56688362207375,314.63999999999066,1491.5285483584719
7233,45.56688362207375,314.65999999999065,1491.559161511649
7234,45.56688362207375,314.6799999999906,1491.58977420434
7235,45.56688362207375,314.6999999999906,1491.6203864364481
7236,45.56688362207375,314.7199999999906,1491.6509982078767
7237,45.56688362207375,314.7399999999906,1491.6816095185293
7238,45.56688362207375,314.75999999999055,1491.712220368309
7239,45.56688362207375,314.77999999999054,1491.7428307571197
7240,45.56688362207375,314.7999999999905,1491.7734406848642
7241,45.56688362207375,314.8199999999905,1491.8040501514463
7242,45.56688362207375,314.8399999999905,1491.8346591567692
7243,45.56688362207375,314.85999999999046,1491.8652677007362
7244,45.56688362207375,314.87999999999045,1491.8958757832509
7245,45.56688362207375,314.8999999999904,1491.9264834042165
7246,45.56688362207375,314.9199999999904,1491.9570905635364
7247,45.56688362207375,314.9399999999904,1491.9876972611141
7248,45.56688362207375,314.9599999999904,1492.0183034968527
7249,45.56688362207375,314.97999999999035,1492.0489092706557
7250,45.56688362207375,314.99999999999034,1492.0795145824266
7251,45.56688362207375,315.0199999999903,1492.1101194320686
7252,45.56688362207375,315.0399999999903,1492.1407238194852
7253,45.56688362207375,315.0599999999903,1492.1713277445795
7254,45.56688362207375,315.07999999999026,1492.201931207255
7255,45.56688362207375,315.09999999999025,1492.2325342074153
7256,45.56688362207375,315.1199999999902,1492.2631367449633
7257,45.56688362207375,315.1399999999902,1492.2937388198027
7258,45.56688362207375,315.1599999999902,1492.3243404318368
7259,45.56688362207375,315.1799999999902,1492.354941580969
7260,45.56688362207375,315.19999999999015,1492.3855422671022
7261,45.56688362207375,315.21999999999014,1492.4161424901401
7262,45.56688362207375,315.2399999999901,1492.4467422499863
7263,45.56688362207375,315.2599999999901,1492.4773415465438
7264,45.56688362207375,315.2799999999901,1492.507940379716
7265,45.56688362207375,315.29999999999006,1492.5385387496199
7266,45.56688362207375,315.31999999999005,1492.5691366608316
7267,45.56688362207375,315.33999999999,1492.599734116004
7268,45.56688362207375,315.35999999999,1492.6303311150405
7269,45.56688362207375,315.37999999999,1492.6609276578454
7270,45.56688362207375,315.39999999999,1492.6915237443222
7271,45.56688362207375,315.41999999998995,1492.7221193743749
7272,45.56688362207375,315.43999999998994,1492.7527145479073
7273,45.56688362207375,315.4599999999899,1492.7833092648232
7274,45.56688362207375,315.4799999999899,1492.8139035250265
7275,45.56688362207375,315.4999999999899,1492.8444973284209
7276,45.56688362207375,315.51999999998986,1492.8750906749103
7277,45.56688362207375,315.53999999998985,1492.9056835643985
7278,45.56688362207375,315.5599999999898,1492.9362759967894
7279,45.56688362207375,315.5799999999898,1492.9668679719869
7280,45.56688362207375,315.5999999999898,1492.9974594898945
7281,45.56688362207375,315.6199999999898,1493.0280505504163
7282,45.56688362207375,315.63999999998975,1493.0586411534562
7283,45.56688362207375,315.65999999998974,1493.0892312989176
7284,45.56688362207375,315.6799999999897,1493.1198209867048
7285,45.56688362207375,315.6999999999897,1493.1504102167212
7286,45.56688362207375,315.7199999999897,1493.180998988871
7287,45.56688362207375,315.73999999998966,1493.2115873030575
7288,45.56688362207375,315.75999999998965,1493.242175159185
7289,45.56688362207375,315.7799999999896,1493.2727625571572
7290,45.56688362207375,315.7999999999896,1493.3033494968777
7291,45.56688362207375,315.8199999999896,1493.3339359782503
7292,45.56688362207375,315.8399999999896,1493.3645220011792
7293,45.56688362207375,315.85999999998955,1493.3951075655677
7294,45.56688362207375,315.87999999998954,1493.42569267132
7295,45.56688362207375,315.8999999999895,1493.4562773183395
7296,45.48735053480781,315.9199999999895,1493.4868615065304
7297,45.48735053480781,315.9399999999895,1493.5174452357962
7298,45.48735053480781,315.95999999998946,1493.548028506041
7299,45.48735053480781,315.97999999998945,1493.5786113171682
7300,45.48735053480781,315.9999999999894,1493.6091936690818
7301,45.48735053480781,316.0199999999894,1493.6397755616856
7302,45.48735053480781,316.0399999999894,1493.6703569948834
7303,45.48735053480781,316.0599999999894,1493.7009379685787
7304,45.48735053480781,316.07999999998935,1493.7315184826757
7305,45.48735053480781,316.09999999998934,1493.762098537078
7306,45.48735053480781,316.1199999999893,1493.7926781316892
7307,45.48735053480781,316.1399999999893,1493.8232572664133
7308,45.48735053480781,316.1599999999893,1493.8538359411539
7309,45.48735053480781,316.17999999998926,1493.8844141558147
7310,45.48735053480781,316.19999999998925,1493.9149919103
7311,45.48735053480781,316.2199999999892,1493.945569204513
7312,45.48735053480781,316.2399999999892,1493.9761460383577
7313,45.48735053480781,316.2599999999892,1494.0067224117379
7314,45.48735053480781,316.2799999999892,1494.0372983245572
7315,45.48735053480781,316.29999999998915,1494.0678737767196
7316,45.48735053480781,316.31999999998914,1494.0984487684134
7317,45.48735053480781,316.3399999999891,1494.129023304262
7318,45.48735053480781,316.3599999999891,1494.159597386325
7319,45.48735053480781,316.3799999999891,1494.1901710145064
7320,45.48735053480781,316.39999999998906,1494.2207441887108
7321,45.48735053480781,316.41999999998905,1494.2513169088422
7322,45.48735053480781,316.439999999989,1494.281889174805
7323,45.48735053480781,316.459999999989,1494.312460986503
7324,45.48735053480781,316.479999999989,1494.343032343841
7325,45.48735053480781,316.499999999989,1494.3736032467232
7326,45.48735053480781,316.51999999998895,1494.4041736950535
7327,45.48735053480781,316.53999999998894,1494.4347436887363
7328,45.48735053480781,316.5599999999889,1494.4653132276758
7329,45.48735053480781,316.5799999999889,1494.4958823117763
7330,45.48735053480781,316.5999999999889,1494.5264509409421
7331,45.48735053480781,316.61999999998886,1494.5570191150773
7332,45.48735053480781,316.63999999998885,1494.587586834086
7333,45.48735053480781,316.6599999999888,1494.6181540978728
7334,45.48735053480781,316.6799999999888,1494.6487209063416
7335,45.48735053480781,316.6999999999888,1494.679287259397
7336,45.48735053480781,316.7199999999888,1494.7098531569427
7337,45.48735053480781,316.73999999998875,1494.7404185988833
7338,45.48735053480781,316.75999999998874,1494.7709835851228
7339,45.48735053480781,316.7799999999887,1494.8015481155658
7340,45.48735053480781,316.7999999999887,1494.832112190116
7341,45.48735053480781,316.8199999999887,1494.862675808678
7342,45.48735053480781,316.83999999998866,1494.8932389711558
7343,45.48735053480781,316.85999999998864,1494.9238016774536
7344,45.48735053480781,316.8799999999886,1494.9543639274757
7345,45.48735053480781,316.8999999999886,1494.9849257211263
7346,45.48735053480781,316.9199999999886,1495.0154870583096
7347,45.48735053480781,316.9399999999886,1495.0460479389299
7348,45.48735053480781,316.95999999998855,1495.0766083628912
7349,45.48735053480781,316.97999999998854,1495.107168330098
7350,45.48735053480781,316.9999999999885,1495.137727840454
7351,45.48735053480781,317.0199999999885,1495.168286893864
7352,45.48735053480781,317.0399999999885,1495.1988454902316
7353,45.48735053480781,317.05999999998846,1495.2294036294613
7354,45.48735053480781,317.07999999998844,1495.2599613114573
7355,45.48735053480781,317.0999999999884,1495.290518536124
7356,45.48735053480781,317.1199999999884,1495.3210753033652
7357,45.48735053480781,317.1399999999884,1495.3516316130851
7358,45.48735053480781,317.1599999999884,1495.3821874651883
7359,45.48735053480781,317.17999999998835,1495.4127428595787
7360,45.48735053480781,317.19999999998834,1495.4432977961603
7361,45.48735053480781,317.2199999999883,1495.4738522748376
7362,45.48735053480781,317.2399999999883,1495.5044062955146
7363,45.48735053480781,317.2599999999883,1495.5349598580956
7364,45.48735053480781,317.27999999998826,1495.5655129624845
7365,45.48735053480781,317.29999999998824,1495.5960656085858
7366,45.48735053480781,317.3199999999882,1495.6266177963034
7367,45.48735053480781,317.3399999999882,1495.6571695259236
7368,45.48735053480781,317.3599999999882,1495.6877208025794
7369,45.48735053480781,317.3799999999882,1495.718271627967
7370,45.48735053480781,317.39999999998815,1495.7488220019904
7371,45.48735053480781,317.41999999998814,1495.7793719245537
7372,45.48735053480781,317.4399999999881,1495.8099213955609
7373,45.48735053480781,317.4599999999881,1495.8404704149157
7374,45.48735053480781,317.4799999999881,1495.8710189825224
7375,45.48735053480781,317.49999999998806,1495.9015670982849
7376,45.48735053480781,317.51999999998804,1495.9321147621072
7377,45.48735053480781,317.539999999988,1495.9626619738933
7378,45.48735053480781,317.559999999988,1495.9932087335474
7379,45.48735053480781,317.579999999988,1496.0237550409731
7380,45.48735053480781,317.599999999988,1496.0543008960747
7381,45.48735053480781,317.61999999998795,1496.084846298756
7382,45.48735053480781,317.63999999998794,1496.115391248921
7383,45.48735053480781,317.6599999999879,1496.145935746474
7384,45.48735053480781,317.6799999999879,1496.1764797913186
7385,45.48735053480781,317.6999999999879,1496.2070233833588
7386,45.48735053480781,317.71999999998786,1496.2375665224988
7387,45.48735053480781,317.73999999998784,1496.2681092086425
7388,45.48735053480781,317.7599999999878,1496.2986514416937
7389,45.48735053480781,317.7799999999878,1496.3291932215566
7390,45.48735053480781,317.7999999999878,1496.359734548135
7391,45.48735053480781,317.8199999999878,1496.390275421333
7392,45.48735053480781,317.83999999998775,1496.4208158410545
7393,45.48735053480781,317.85999999998774,1496.4513558072035
7394,45.48735053480781,317.8799999999877,1496.481895319684
7395,45.48735053480781,317.8999999999877,1496.5124343784
7396,45.48735053480781,317.9199999999877,1496.5429729832554
7397,45.48735053480781,317.93999999998766,1496.573511134154
7398,45.48735053480781,317.95999999998764,1496.6040488309998
7399,45.48735053480781,317.9799999999876,1496.634586073697
7400,45.48735053480781,317.9999999999876,1496.6651228621492
7401,45.48735053480781,318.0199999999876,1496.6956591962607
7402,45.48735053480781,318.0399999999876,1496.7261950759355
7403,45.48735053480781,318.05999999998755,1496.7567305010773
7404,45.48735053480781,318.07999999998754,1496.78726547159
7405,45.48735053480781,318.0999999999875,1496.8177999873778
7406,45.48735053480781,318.1199999999875,1496.8483340483444
7407,45.48735053480781,318.1399999999875,1496.8788676543938
7408,45.48735053480781,318.15999999998746,1496.90940080543
7409,45.48735053480781,318.17999999998744,1496.9399335013572
7410,45.48735053480781,318.1999999999874,1496.9704657420789
7411,45.48735053480781,318.2199999999874,1497.0009975274993
7412,45.48735053480781,318.2399999999874,1497.031528857522
7413,45.48735053480781,318.2599999999874,1497.0620597320515
7414,45.48735053480781,318.27999999998735,1497.0925901509913
7415,45.48735053480781,318.29999999998734,1497.1231201142455
7416,45.48735053480781,318.3199999999873,1497.153649621718
7417,45.40804854226246,318.3399999999873,1497.1841786733125
7418,45.40804854226246,318.3599999999873,1497.2147072693986
7419,45.40804854226246,318.37999999998726,1497.2452354154123
7420,45.40804854226246,318.39999999998724,1497.2757631126035
7421,45.40804854226246,318.4199999999872,1497.3062903608777
7422,45.40804854226246,318.4399999999872,1497.3368171601403
7423,45.40804854226246,318.4599999999872,1497.367343510297
7424,45.40804854226246,318.47999999998717,1497.397869411253
7425,45.40804854226246,318.49999999998715,1497.4283948629138
7426,45.40804854226246,318.51999999998714,1497.458919865185
7427,45.40804854226246,318.5399999999871,1497.4894444179718
7428,45.40804854226246,318.5599999999871,1497.5199685211799
7429,45.40804854226246,318.5799999999871,1497.5504921747147
7430,45.40804854226246,318.59999999998706,1497.5810153784817
7431,45.40804854226246,318.61999999998704,1497.6115381323862
7432,45.40804854226246,318.639999999987,1497.6420604363336
7433,45.40804854226246,318.659999999987,1497.6725822902297
7434,45.40804854226246,318.679999999987,1497.7031036939798
7435,45.40804854226246,318.69999999998697,1497.733624647489
7436,45.40804854226246,318.71999999998695,1497.7641451506634
7437,45.40804854226246,318.73999999998694,1497.794665203408
7438,45.40804854226246,318.7599999999869,1497.8251848056282
7439,45.40804854226246,318.7799999999869,1497.8557039572297
7440,45.40804854226246,318.7999999999869,1497.8862226581177
7441,45.40804854226246,318.81999999998686,1497.9167409081979
7442,45.40804854226246,318.83999999998684,1497.9472587073756
7443,45.40804854226246,318.8599999999868,1497.9777760555562
7444,45.40804854226246,318.8799999999868,1498.0082929526452
7445,45.40804854226246,318.8999999999868,1498.038809398548
7446,45.40804854226246,318.91999999998677,1498.06932539317
7447,45.40804854226246,318.93999999998675,1498.0998409364165
7448,45.40804854226246,318.95999999998674,1498.130356028193
7449,45.40804854226246,318.9799999999867,1498.1608706684053
7450,45.40804854226246,318.9999999999867,1498.1913848569584
7451,45.40804854226246,319.0199999999867,1498.221898593758
7452,45.40804854226246,319.03999999998666,1498.2524118787092
7453,45.40804854226246,319.05999999998664,1498.2829247117177
7454,45.40804854226246,319.0799999999866,1498.3134370926887
7455,45.40804854226246,319.0999999999866,1498.3439490215278
7456,45.40804854226246,319.1199999999866,1498.3744604981403
7457,45.40804854226246,319.13999999998657,1498.4049715224317
7458,45.40804854226246,319.15999999998655,1498.4354820943072
7459,45.40804854226246,319.17999999998653,1498.4659922136725
7460,45.40804854226246,319.1999999999865,1498.4965018804328
7461,45.40804854226246,319.2199999999865,1498.5270110944937
7462,45.40804854226246,319.2399999999865,1498.5575198557603
7463,45.40804854226246,319.25999999998646,1498.5880281641384
7464,45.40804854226246,319.27999999998644,1498.6185360195332
7465,45.40804854226246,319.2999999999864,1498.64904342185
7466,45.40804854226246,319.3199999999864,1498.679550370994
7467,45.40804854226246,319.3399999999864,1498.7100568668711
7468,45.40804854226246,319.35999999998637,1498.7405629093864
7469,45.40804854226246,319.37999999998635,1498.7710684989759
7470,45.40804854226246,319.39999999998633,1498.801573641195
7471,45.40804854226246,319.4199999999863,1498.8320783368251
7472,45.40804854226246,319.4399999999863,1498.8625825857714
7473,45.40804854226246,319.4599999999863,1498.893086387939
7474,45.40804854226246,319.47999999998626,1498.9235897432334
7475,45.40804854226246,319.49999999998624,1498.9540926515594
7476,45.40804854226246,319.5199999999862,1498.9845951128225
7477,45.40804854226246,319.5399999999862,1499.0150971269277
7478,45.40804854226246,319.5599999999862,1499.0455986937802
7479,45.40804854226246,319.57999999998617,1499.0760998132855
7480,45.40804854226246,319.59999999998615,1499.1066004853485
7481,45.40804854226246,319.61999999998613,1499.1371007098746
7482,45.40804854226246,319.6399999999861,1499.167600486769
7483,45.40804854226246,319.6599999999861,1499.198099815937
7484,45.40804854226246,319.6799999999861,1499.2285986972834
7485,45.40804854226246,319.69999999998606,1499.2590971307136
7486,45.40804854226246,319.71999999998604,1499.289595116133
7487,45.40804854226246,319.739999999986,1499.3200926534464
7488,45.40804854226246,319.759999999986,1499.3505897425594
7489,45.40804854226246,319.779999999986,1499.381086383377
7490,45.40804854226246,319.79999999998597,1499.4115825758042
7491,45.40804854226246,319.81999999998595,1499.4420783197465
7492,45.40804854226246,319.83999999998593,1499.472573615109
7493,45.40804854226246,319.8599999999859,1499.5030684617968
7494,45.40804854226246,319.8799999999859,1499.5335628597152
7495,45.40804854226246,319.8999999999859,1499.5640568087692
7496,45.40804854226246,319.91999999998586,1499.5945503088642
7497,45.40804854226246,319.93999999998584,1499.6250433599052
7498,45.40804854226246,319.9599999999858,1499.6555359617976
7499,45.40804854226246,319.9799999999858,1499.6860281144463
7500,45.40804854226246,319.9999999999858,1499.7165198177568
7501,45.40804854226246,320.01999999998577,1499.7470110716338
7502,45.40804854226246,320.03999999998575,1499.7775018759828
7503,45.40804854226246,320.05999999998573,1499.807992230709
7504,45.40804854226246,320.0799999999857,1499.8384821357174
7505,45.40804854226246,320.0999999999857,1499.8689715909131
7506,45.40804854226246,320.1199999999857,1499.8994605962016
7507,45.40804854226246,320.13999999998566,1499.9299491514878
7508,45.40804854226246,320.15999999998564,1499.9604372566769
7509,45.40804854226246,320.1799999999856,1499.990924911674
7510,45.40804854226246,320.1999999999856,1500.0214121186352
7511,45.40804854226246,320.2199999999856,1500.051898883706
7512,45.40804854226246,320.23999999998557,1500.082385207234
7513,45.40804854226246,320.25999999998555,1500.1128710891244
7514,45.40804854226246,320.27999999998553,1500.1433565292818
7515,45.40804854226246,320.2999999999855,1500.1738415276109
7516,45.40804854226246,320.3199999999855,1500.2043260840164
7517,45.40804854226246,320.3399999999855,1500.2348101984035
7518,45.40804854226246,320.35999999998546,1500.2652938706765
7519,45.40804854226246,320.37999999998544,1500.2957771007402
7520,45.40804854226246,320.3999999999854,1500.3262598892497
7521,45.40804854226246,320.4199999999854,1500.3567422421606
7522,45.40804854226246,320.4399999999854,1500.387224159967
7523,45.40804854226246,320.45999999998537,1500.417705642574
7524,45.40804854226246,320.47999999998535,1500.4481866898868
7525,45.40804854226246,320.49999999998533,1500.4786673018107
7526,45.40804854226246,320.5199999999853,1500.5091474782507
7527,45.40804854226246,320.5399999999853,1500.5396272191124
7528,45.40804854226246,320.5599999999853,1500.5701065243006
7529,45.40804854226246,320.57999999998526,1500.6005853937206
7530,45.40804854226246,320.59999999998524,1500.6310638272778
7531,45.40804854226246,320.6199999999852,1500.661541824877
7532,45.40804854226246,320.6399999999852,1500.692019386424
7533,45.40804854226246,320.6599999999852,1500.7224965118232
7534,45.40804854226246,320.67999999998517,1500.7529732009803
7535,45.40804854226246,320.69999999998515,1500.7834494538004
7536,45.40804854226246,320.71999999998513,1500.8139252701885
7537,45.40804854226246,320.7399999999851,1500.8444006500501
7538,45.40804854226246,320.7599999999851,1500.8748755932902
7539,45.40804854226246,320.7799999999851,1500.9053500998139
7540,45.40804854226246,320.79999999998506,1500.9358241695263
7541,45.40804854226246,320.81999999998504,1500.9662978023327
7542,45.40804854226246,320.839999999985,1500.9967709981383
7543,45.32897670545899,320.859999999985,1501.0272437568483
7544,45.32897670545899,320.879999999985,1501.0577160783678
7545,45.32897670545899,320.89999999998497,1501.088187962602
7546,45.32897670545899,320.91999999998495,1501.118659409456
7547,45.32897670545899,320.93999999998493,1501.149130418835
7548,45.32897670545899,320.9599999999849,1501.1796009906443
7549,45.32897670545899,320.9799999999849,1501.2100711247888
7550,45.32897670545899,320.9999999999849,1501.2405408211737
7551,45.32897670545899,321.01999999998486,1501.2710100797042
7552,45.32897670545899,321.03999999998484,1501.3014789002855
7553,45.32897670545899,321.0599999999848,1501.3319472828227
7554,45.32897670545899,321.0799999999848,1501.362415227221
7555,45.32897670545899,321.0999999999848,1501.3928827333855
7556,45.32897670545899,321.11999999998477,1501.4233498012213
7557,45.32897670545899,321.13999999998475,1501.4538164306337
7558,45.32897670545899,321.15999999998473,1501.4842826215277
7559,45.32897670545899,321.1799999999847,1501.5147483738083
7560,45.32897670545899,321.1999999999847,1501.545213687381
7561,45.32897670545899,321.2199999999847,1501.5756785621506
7562,45.32897670545899,321.23999999998466,1501.6061429980225
7563,45.32897670545899,321.25999999998464,1501.6366069949017
7564,45.32897670545899,321.2799999999846,1501.6670705526933
7565,45.32897670545899,321.2999999999846,1501.6975336713024
7566,45.32897670545899,321.3199999999846,1501.7279963506342
7567,45.32897670545899,321.33999999998457,1501.7584585905938
7568,45.32897670545899,321.35999999998455,1501.7889203910863
7569,45.32897670545899,321.37999999998453,1501.8193817520169
7570,45.32897670545899,321.3999999999845,1501.8498426732906
7571,45.32897670545899,321.4199999999845,1501.8803031559228
7572,45.32897670545899,321.4399999999845,1501.9107632051564
7573,45.32897670545899,321.45999999998446,1501.9412228213666
7574,45.32897670545899,321.47999999998444,1501.971682004459
7575,45.32897670545899,321.4999999999844,1502.0021407543388
7576,45.32897670545899,321.5199999999844,1502.0325990709118
7577,45.32897670545899,321.5399999999844,1502.0630569540835
7578,45.32897670545899,321.55999999998437,1502.0935144037594
7579,45.32897670545899,321.57999999998435,1502.1239714198448
7580,45.32897670545899,321.59999999998433,1502.1544280022454
7581,45.32897670545899,321.6199999999843,1502.1848841508665
7582,45.32897670545899,321.6399999999843,1502.2153398656137
7583,45.32897670545899,321.6599999999843,1502.2457951463925
7584,45.32897670545899,321.67999999998426,1502.2762499931084
7585,45.32897670545899,321.69999999998424,1502.3067044056668
7586,45.32897670545899,321.7199999999842,1502.3371583839732
7587,45.32897670545899,321.7399999999842,1502.3676119279332
7588,45.32897670545899,321.7599999999842,1502.3980650374522
7589,45.32897670545899,321.77999999998417,1502.4285177124355
7590,45.32897670545899,321.79999999998415,1502.4589699527887
7591,45.32897670545899,321.81999999998413,1502.4894217584174
7592,45.32897670545899,321.8399999999841,1502.519873129227
7593,45.32897670545899,321.8599999999841,1502.550324065123
7594,45.32897670545899,321.8799999999841,1502.5807745660109
7595,45.32897670545899,321.89999999998406,1502.611224631796
7596,45.32897670545899,321.91999999998404,1502.641674262384
7597,45.32897670545899,321.939999999984,1502.67212345768
7598,45.32897670545899,321.959999999984,1502.70257221759
7599,45.32897670545899,321.979999999984,1502.733020542019
7600,45.32897670545899,321.99999999998397,1502.7634684308728
7601,45.32897670545899,322.01999999998395,1502.7939158840566
7602,45.32897670545899,322.03999999998393,1502.824362901476
7603,45.32897670545899,322.0599999999839,1502.8548094830362
7604,45.32897670545899,322.0799999999839,1502.8852556286429
7605,45.32897670545899,322.0999999999839,1502.9157013382016
7606,45.32897670545899,322.11999999998386,1502.9461466116177
7607,45.32897670545899,322.13999999998384,1502.9765914487964
7608,45.32897670545899,322.1599999999838,1503.0070358496434
7609,45.32897670545899,322.1799999999838,1503.0374798140642
7610,45.32897670545899,322.1999999999838,1503.0679233419642
7611,45.32897670545899,322.21999999998377,1503.0983664332487
7612,45.32897670545899,322.23999999998375,1503.1288090878231
7613,45.32897670545899,322.25999999998373,1503.159251305593
7614,45.32897670545899,322.2799999999837,1503.1896930864636
7615,45.32897670545899,322.2999999999837,1503.2201344303407
7616,45.32897670545899,322.3199999999837,1503.2505753371295
7617,45.32897670545899,322.33999999998366,1503.2810158067355
7618,45.32897670545899,322.35999999998364,1503.311455839064
7619,45.32897670545899,322.3799999999836,1503.3418954340204
7620,45.32897670545899,322.3999999999836,1503.3723345915105
7621,45.32897670545899,322.4199999999836,1503.4027733114394
7622,45.32897670545899,322.43999999998357,1503.43321159531
7623,45.32897670545899,322.45999999998355,1503.4636494483009
7624,45.32897670545899,322.47999999998353,1503.4940868707265
7625,45.32897670545899,322.4999999999835,1503.5245238624925
7626,45.32897670545899,322.5199999999835,1503.5549604235043
7627,45.32897670545899,322.5399999999835,1503.585396553668
7628,45.32897670545899,322.55999999998346,1503.615832252889
7629,45.32897670545899,322.57999999998344,1503.6462675210732
7630,45.32897670545899,322.5999999999834,1503.676702358126
7631,45.32897670545899,322.6199999999834,1503.7071367639533
7632,45.32897670545899,322.6399999999834,1503.7375707384606
7633,45.32897670545899,322.65999999998337,1503.7680042815539
7634,45.32897670545899,322.67999999998335,1503.7984373931386
7635,45.32897670545899,322.69999999998333,1503.8288700731205
7636,45.32897670545899,322.7199999999833,1503.8593023214053
7637,45.32897670545899,322.7399999999833,1503.8897341378986
7638,45.32897670545899,322.7599999999833,1503.920165522506
7639,45.32897670545899,322.77999999998326,1503.9505964751334
7640,45.32897670545899,322.79999999998324,1503.981026995686
7641,45.32897670545899,322.8199999999832,1504.0114570840701
7642,45.32897670545899,322.8399999999832,1504.0418867401909
7643,45.32897670545899,322.8599999999832,1504.0723159639542
7644,45.32897670545899,322.87999999998317,1504.1027447552658
7645,45.32897670545899,322.89999999998315,1504.1331731140313
7646,45.32897670545899,322.91999999998313,1504.1636010401562
7647,45.32897670545899,322.9399999999831,1504.1940285335463
7648,45.32897670545899,322.9599999999831,1504.2244555941072
7649,45.32897670545899,322.9799999999831,1504.2548822217445
7650,45.32897670545899,322.99999999998306,1504.285308416364
7651,45.32897670545899,323.01999999998304,1504.315734177871
7652,45.32897670545899,323.039999999983,1504.3461595061717
7653,45.32897670545899,323.059999999983,1504.3765844011714
7654,45.32897670545899,323.079999999983,1504.4070088627757
7655,45.32897670545899,323.09999999998297,1504.4374328908902
7656,45.32897670545899,323.11999999998295,1504.467856485421
7657,45.32897670545899,323.13999999998293,1504.4982796462732
7658,45.32897670545899,323.1599999999829,1504.5287023733526
7659,45.32897670545899,323.1799999999829,1504.5591246665651
7660,45.32897670545899,323.1999999999829,1504.589546525816
7661,45.32897670545899,323.21999999998286,1504.6199679510112
7662,45.32897670545899,323.23999999998284,1504.650388942056
7663,45.32897670545899,323.2599999999828,1504.6808094988562
7664,45.32897670545899,323.2799999999828,1504.7112296213174
7665,45.250134090318284,323.2999999999828,1504.7416493093453
7666,45.250134090318284,323.31999999998277,1504.7720685628456
7667,45.250134090318284,323.33999999998275,1504.8024873817237
7668,45.250134090318284,323.35999999998273,1504.8329057658855
7669,45.250134090318284,323.3799999999827,1504.8633237152362
7670,45.250134090318284,323.3999999999827,1504.8937412296818
7671,45.250134090318284,323.4199999999827,1504.9241583091277
7672,45.250134090318284,323.43999999998266,1504.9545749534796
7673,45.250134090318284,323.45999999998264,1504.9849911645563
7674,45.250134090318284,323.4799999999826,1505.0154069469177
7675,45.250134090318284,323.4999999999826,1505.0458223007747
7676,45.250134090318284,323.5199999999826,1505.0762372260338
7677,45.250134090318284,323.53999999998257,1505.1066517226013
7678,45.250134090318284,323.55999999998255,1505.1370657903838
7679,45.250134090318284,323.57999999998253,1505.1674794292874
7680,45.250134090318284,323.5999999999825,1505.1978926392187
7681,45.250134090318284,323.6199999999825,1505.228305420084
7682,45.250134090318284,323.6399999999825,1505.25871777179
7683,45.250134090318284,323.65999999998246,1505.2891296942428
7684,45.250134090318284,323.67999999998244,1505.319541187349
7685,45.250134090318284,323.6999999999824,1505.3499522510147
7686,45.250134090318284,323.7199999999824,1505.3803628851465
7687,45.250134090318284,323.7399999999824,1505.4107730896505
7688,45.250134090318284,323.75999999998237,1505.4411828644336
7689,45.250134090318284,323.77999999998235,1505.4715922094017
7690,45.250134090318284,323.79999999998233,1505.5020011244615
7691,45.250134090318284,323.8199999999823,1505.5324096095192
7692,45.250134090318284,323.8399999999823,1505.5628176644811
7693,45.250134090318284,323.8599999999823,1505.593225289254
7694,45.250134090318284,323.87999999998226,1505.6236324837437
7695,45.250134090318284,323.89999999998224,1505.6540392478569
7696,45.250134090318284,323.9199999999822,1505.6844455815
7697,45.250134090318284,323.9399999999822,1505.7148514845794
7698,45.250134090318284,323.9599999999822,1505.7452569570012
7699,45.250134090318284,323.97999999998217,1505.775661998672
7700,45.250134090318284,323.99999999998215,1505.806066609498
7701,45.250134090318284,324.01999999998213,1505.8364707893857
7702,45.250134090318284,324.0399999999821,1505.8668745382415
7703,45.250134090318284,324.0599999999821,1505.8972778559717
7704,45.250134090318284,324.0799999999821,1505.9276807424826
7705,45.250134090318284,324.09999999998206,1505.9580831976807
7706,45.250134090318284,324.11999999998204,1505.9884852214723
7707,45.250134090318284,324.139999999982,1506.0188868137636
7708,45.250134090318284,324.159999999982,1506.049287974461
7709,45.250134090318284,324.179999999982,1506.079688703471
7710,45.250134090318284,324.19999999998197,1506.1100890006999
7711,45.250134090318284,324.21999999998195,1506.1404888660538
7712,45.250134090318284,324.23999999998193,1506.1708882994394
7713,45.250134090318284,324.2599999999819,1506.2012873007627
7714,45.250134090318284,324.2799999999819,1506.2316858699303
7715,45.250134090318284,324.2999999999819,1506.2620840068485
7716,45.250134090318284,324.31999999998186,1506.2924817114235
7717,45.250134090318284,324.33999999998184,1506.3228789835618
7718,45.250134090318284,324.3599999999818,1506.3532758231697
7719,45.250134090318284,324.3799999999818,1506.3836722301535
7720,45.250134090318284,324.3999999999818,1506.4140682044194
7721,45.250134090318284,324.41999999998177,1506.444463745874
7722,45.250134090318284,324.43999999998175,1506.4748588544235
7723,45.250134090318284,324.45999999998173,1506.5052535299742
7724,45.250134090318284,324.4799999999817,1506.535647774783
7725,45.250134090318284,324.4999999999817,1506.5660415931466
7726,45.250134090318284,324.5199999999817,1506.5964349851981
7727,45.250134090318284,324.53999999998166,1506.626827950844
7728,45.250134090318284,324.55999999998164,1506.657220489991
7729,45.250134090318284,324.5799999999816,1506.6876126025459
7730,45.250134090318284,324.5999999999816,1506.718004288415
7731,45.250134090318284,324.6199999999816,1506.7483955475047
7732,45.250134090318284,324.63999999998157,1506.778786379722
7733,45.250134090318284,324.65999999998155,1506.8091767849735
7734,45.250134090318284,324.67999999998153,1506.8395667631653
7735,45.250134090318284,324.6999999999815,1506.8699563142043
7736,45.250134090318284,324.7199999999815,1506.900345437997
7737,45.250134090318284,324.7399999999815,1506.9307341344502
7738,45.250134090318284,324.75999999998146,1506.9611224034702
7739,45.250134090318284,324.77999999998144,1506.9915102449636
7740,45.250134090318284,324.7999999999814,1507.0218976588371
7741,45.250134090318284,324.8199999999814,1507.0522846449971
7742,45.250134090318284,324.8399999999814,1507.0826712033504
7743,45.250134090318284,324.85999999998137,1507.1130573338035
7744,45.250134090318284,324.87999999998135,1507.1434430362626
7745,45.250134090318284,324.89999999998133,1507.1738283106347
7746,45.250134090318284,324.9199999999813,1507.2042131568262
7747,45.250134090318284,324.9399999999813,1507.2345975747437
7748,45.250134090318284,324.9599999999813,1507.2649815642937
7749,45.250134090318284,324.97999999998126,1507.295365125383
7750,45.250134090318284,324.99999999998124,1507.3257482579177
7751,45.250134090318284,325.0199999999812,1507.3561309618044
7752,45.250134090318284,325.0399999999812,1507.38651323695
7753,45.250134090318284,325.0599999999812,1507.4168950832607
7754,45.250134090318284,325.07999999998117,1507.4472765006433
7755,45.250134090318284,325.09999999998115,1507.4776574890043
7756,45.250134090318284,325.11999999998113,1507.5080380482502
7757,45.250134090318284,325.1399999999811,1507.5384181782874
7758,45.250134090318284,325.1599999999811,1507.5687978790227
7759,45.250134090318284,325.1799999999811,1507.5991771503625
7760,45.250134090318284,325.19999999998106,1507.6295559922132
7761,45.250134090318284,325.21999999998104,1507.6599344044816
7762,45.250134090318284,325.239999999981,1507.690312387074
7763,45.250134090318284,325.259999999981,1507.7206899398973
7764,45.250134090318284,325.279999999981,1507.7510670628576
7765,45.250134090318284,325.29999999998097,1507.7814437558616
7766,45.250134090318284,325.31999999998095,1507.8118200188158
7767,45.250134090318284,325.33999999998093,1507.8421958516267
7768,45.250134090318284,325.3599999999809,1507.872571254201
7769,45.250134090318284,325.3799999999809,1507.9029462264448
7770,45.250134090318284,325.3999999999809,1507.933320768265
7771,45.250134090318284,325.41999999998086,1507.963694879568
7772,45.250134090318284,325.43999999998084,1507.9940685602603
7773,45.250134090318284,325.4599999999808,1508.0244418102484
7774,45.250134090318284,325.4799999999808,1508.0548146294389
7775,45.250134090318284,325.4999999999808,1508.0851870205747
7776,45.250134090318284,325.51999999998077,1508.1155589877344
7777,45.250134090318284,325.53999999998075,1508.1459305309734
7778,45.250134090318284,325.55999999998073,1508.1763016501986
7779,45.250134090318284,325.5799999999807,1508.2066723453174
7780,45.250134090318284,325.5999999999807,1508.2370426162367
7781,45.250134090318284,325.6199999999807,1508.2674124628636
7782,45.250134090318284,325.63999999998066,1508.297781885105
7783,45.250134090318284,325.65999999998064,1508.3281508828682
7784,45.250134090318284,325.6799999999806,1508.3585194560599
7785,45.250134090318284,325.6999999999806,1508.3888876045874
7786,45.250134090318284,325.7199999999806,1508.4192553283576
7787,45.171519767629654,325.73999999998057,1508.449622627278
7788,45.171519767629654,325.75999999998055,1508.479989501255
7789,45.171519767629654,325.77999999998053,1508.510355950196
7790,45.171519767629654,325.7999999999805,1508.5407219740082
7791,45.171519767629654,325.8199999999805,1508.5710875725983
7792,45.171519767629654,325.8399999999805,1508.6014527458735
7793,45.171519767629654,325.85999999998046,1508.6318174937408
7794,45.171519767629654,325.87999999998044,1508.6621818161072
7795,45.171519767629654,325.8999999999804,1508.6925457128798
7796,45.171519767629654,325.9199999999804,1508.7229091839656
7797,45.171519767629654,325.9399999999804,1508.7532722292717
7798,45.171519767629654,325.95999999998037,1508.783634848705
7799,45.171519767629654,325.97999999998035,1508.8139970421728
7800,45.171519767629654,325.99999999998033,1508.8443588095818
7801,45.171519767629654,326.0199999999803,1508.874720150839
7802,45.171519767629654,326.0399999999803,1508.9050810658518
7803,45.171519767629654,326.0599999999803,1508.935441554527
7804,45.171519767629654,326.07999999998026,1508.9658016167716
7805,45.171519767629654,326.09999999998024,1508.9961612524926
7806,45.171519767629654,326.1199999999802,1509.026520461597
7807,45.171519767629654,326.1399999999802,1509.0568792439922
7808,45.171519767629654,326.1599999999802,1509.0872375995846
7809,45.171519767629654,326.17999999998017,1509.1175955282815
7810,45.171519767629654,326.19999999998015,1509.14795302999
7811,45.171519767629654,326.21999999998013,1509.178310104617
7812,45.171519767629654,326.2399999999801,1509.2086667520693
7813,45.171519767629654,326.2599999999801,1509.2390229722544
7814,45.171519767629654,326.2799999999801,1509.269378765079
7815,45.171519767629654,326.29999999998006,1509.29973413045
7816,45.171519767629654,326.31999999998004,1509.3300890682744
7817,45.171519767629654,326.33999999998,1509.3604435784596
7818,45.171519767629654,326.35999999998,1509.390797660912
7819,45.171519767629654,326.37999999998,1509.4211513155392
7820,45.171519767629654,326.39999999997997,1509.4515045422477
7821,45.171519767629654,326.41999999997995,1509.4818573409448
7822,45.171519767629654,326.43999999997993,1509.5122097115373
7823,45.171519767629654,326.4599999999799,1509.5425616539324
7824,45.171519767629654,326.4799999999799,1509.5729131680368
7825,45.171519767629654,326.4999999999799,1509.6032642537577
7826,45.171519767629654,326.51999999997986,1509.633614914049
7827,45.171519767629654,326.53999999997984,1509.6639651524029
7828,45.171519767629654,326.5599999999798,1509.6943149687866
7829,45.171519767629654,326.5799999999798,1509.7246643631074
7830,45.171519767629654,326.5999999999798,1509.755013335273
7831,45.171519767629654,326.61999999997977,1509.7853618851905
7832,45.171519767629654,326.63999999997975,1509.8157100127673
7833,45.171519767629654,326.65999999997973,1509.8460577179112
7834,45.171519767629654,326.6799999999797,1509.8764050005293
7835,45.171519767629654,326.6999999999797,1509.9067518605289
7836,45.171519767629654,326.7199999999797,1509.9370982978176
7837,45.171519767629654,326.73999999997966,1509.9674443123026
7838,45.171519767629654,326.75999999997964,1509.9977899038915
7839,45.171519767629654,326.7799999999796,1510.028135076165
7840,45.171519767629654,326.7999999999796,1510.0584798336165
7841,45.171519767629654,326.8199999999796,1510.0888241762548
7842,45.171519767629654,326.83999999997957,1510.1191681039863
7843,45.171519767629654,326.85999999997955,1510.149511616718
7844,45.171519767629654,326.87999999997953,1510.1798547143562
7845,45.171519767629654,326.8999999999795,1510.210197396808
7846,45.171519767629654,326.9199999999795,1510.2405396639804
7847,45.171519767629654,326.9399999999795,1510.2708815157798
7848,45.171519767629654,326.95999999997946,1510.301222952113
7849,45.171519767629654,326.97999999997944,1510.3315639728867
7850,45.171519767629654,326.9999999999794,1510.3619045780079
7851,45.171519767629654,327.0199999999794,1510.392244767383
7852,45.171519767629654,327.0399999999794,1510.4225845409192
7853,45.171519767629654,327.05999999997937,1510.4529238985226
7854,45.171519767629654,327.07999999997935,1510.4832628401005
7855,45.171519767629654,327.09999999997933,1510.5136013655595
7856,45.171519767629654,327.1199999999793,1510.5439394748062
7857,45.171519767629654,327.1399999999793,1510.5742771677474
7858,45.171519767629654,327.1599999999793,1510.6046144442898
7859,45.171519767629654,327.17999999997926,1510.6349513043403
7860,45.171519767629654,327.19999999997924,1510.6652877478055
7861,45.171519767629654,327.2199999999792,1510.695623774592
7862,45.171519767629654,327.2399999999792,1510.7259593846068
7863,45.171519767629654,327.2599999999792,1510.7562945777563
7864,45.171519767629654,327.27999999997917,1510.7866293539475
7865,45.171519767629654,327.29999999997915,1510.816963713087
7866,45.171519767629654,327.31999999997913,1510.8472976550818
7867,45.171519767629654,327.3399999999791,1510.877631179838
7868,45.171519767629654,327.3599999999791,1510.907964287263
7869,45.171519767629654,327.3799999999791,1510.938296977263
7870,45.171519767629654,327.39999999997906,1510.968629249745
7871,45.171519767629654,327.41999999997904,1510.9989611046155
7872,45.171519767629654,327.439999999979,1511.0292925417814
7873,45.171519767629654,327.459999999979,1511.0596235611495
7874,45.171519767629654,327.479999999979,1511.089954162626
7875,45.171519767629654,327.49999999997897,1511.1202843461183
7876,45.171519767629654,327.51999999997895,1511.1506141115528
7877,45.171519767629654,327.53999999997893,1511.1809434624447
7878,45.171519767629654,327.5599999999789,1511.2112724021279
7879,45.171519767629654,327.5799999999789,1511.2416009305095
7880,45.171519767629654,327.5999999999789,1511.2719290474968
7881,45.171519767629654,327.61999999997886,1511.3022567529968
7882,45.171519767629654,327.63999999997884,1511.3325840469165
7883,45.171519767629654,327.6599999999788,1511.3629109291633
7884,45.171519767629654,327.6799999999788,1511.3932373996442
7885,45.171519767629654,327.6999999999788,1511.4235634582665
7886,45.171519767629654,327.71999999997877,1511.4538891049372
7887,45.171519767629654,327.73999999997875,1511.4842143395636
7888,45.171519767629654,327.75999999997873,1511.5145391620526
7889,45.171519767629654,327.7799999999787,1511.5448635723114
7890,45.171519767629654,327.7999999999787,1511.5751875702474
7891,45.171519767629654,327.8199999999787,1511.6055111557673
7892,45.171519767629654,327.83999999997866,1511.6358343287786
7893,45.171519767629654,327.85999999997864,1511.6661570891881
7894,45.171519767629654,327.8799999999786,1511.6964794369032
7895,45.171519767629654,327.8999999999786,1511.726801371831
7896,45.171519767629654,327.9199999999786,1511.7571228938784
7897,45.171519767629654,327.93999999997857,1511.7874440029527
7898,45.171519767629654,327.95999999997855,1511.817764698961
7899,45.171519767629654,327.97999999997853,1511.8480849818102
7900,45.171519767629654,327.9999999999785,1511.8784048514076
7901,45.171519767629654,328.0199999999785,1511.9087243076603
7902,45.171519767629654,328.0399999999785,1511.9390433504755
7903,45.171519767629654,328.05999999997846,1511.9693619797602
7904,45.171519767629654,328.07999999997844,1511.9996801954214
7905,45.171519767629654,328.0999999999784,1512.0299979973665
7906,45.171519767629654,328.1199999999784,1512.0603153855025
7907,45.171519767629654,328.1399999999784,1512.0906323597364
7908,45.171519767629654,328.15999999997837,1512.1209489199753
7909,45.171519767629654,328.17999999997835,1512.1512650661264
7910,45.171519767629654,328.19999999997833,1512.1815807980965
7911,45.171519767629654,328.2199999999783,1512.2118961157933
7912,45.171519767629654,328.2399999999783,1512.2422110191233
7913,45.171519767629654,328.2599999999783,1512.2725255079938
7914,45.171519767629654,328.27999999997826,1512.302839582312
7915,45.09313281301982,328.29999999997824,1512.3331532419847
7916,45.09313281301982,328.3199999999782,1512.3634664869194
7917,45.09313281301982,328.3399999999782,1512.3937793170228
7918,45.09313281301982,328.3599999999782,1512.4240917322022
7919,45.09313281301982,328.37999999997817,1512.4544037323647
7920,45.09313281301982,328.39999999997815,1512.484715317417
7921,45.09313281301982,328.41999999997813,1512.5150264872666
7922,45.09313281301982,328.4399999999781,1512.5453372418203
7923,45.09313281301982,328.4599999999781,1512.5756475809856
7924,45.09313281301982,328.4799999999781,1512.605957504669
7925,45.09313281301982,328.49999999997806,1512.636267012778
7926,45.09313281301982,328.51999999997804,1512.6665761052195
7927,45.09313281301982,328.539999999978,1512.6968847819974
7928,45.09313281301982,328.559999999978,1512.7271930467086
7929,45.09313281301982,328.579999999978,1512.7575009020795
7930,45.09313281301982,328.59999999997797,1512.7878083480175
7931,45.09313281301982,328.61999999997795,1512.8181153844303
7932,45.09313281301982,328.63999999997793,1512.8484220112252
7933,45.09313281301982,328.6599999999779,1512.8787282283101
7934,45.09313281301982,328.6799999999779,1512.9090340355926
7935,45.09313281301982,328.6999999999779,1512.9393394329802
7936,45.09313281301982,328.71999999997786,1512.9696444203803
7937,45.09313281301982,328.73999999997784,1512.9999489977006
7938,45.09313281301982,328.7599999999778,1513.0302531648488
7939,45.09313281301982,328.7799999999778,1513.0605569217323
7940,45.09313281301982,328.7999999999778,1513.0908602682587
7941,45.09313281301982,328.81999999997777,1513.1211632043355
7942,45.09313281301982,328.83999999997775,1513.1514657298703
7943,45.09313281301982,328.85999999997773,1513.1817678447708
7944,45.09313281301982,328.8799999999777,1513.2120695489443
7945,45.09313281301982,328.8999999999777,1513.2423708422987
7946,45.09313281301982,328.9199999999777,1513.2726717247413
7947,45.09313281301982,328.93999999997766,1513.3029721961798
7948,45.09313281301982,328.95999999997764,1513.3332722565217
7949,45.09313281301982,328.9799999999776,1513.3635719056745
7950,45.09313281301982,328.9999999999776,1513.3938711435458
7951,45.09313281301982,329.0199999999776,1513.424169970043
7952,45.09313281301982,329.03999999997757,1513.454468385074
7953,45.09313281301982,329.05999999997755,1513.4847663885462
7954,45.09313281301982,329.07999999997753,1513.515063980367
7955,45.09313281301982,329.0999999999775,1513.545361160444
7956,45.09313281301982,329.1199999999775,1513.5756579286847
7957,45.09313281301982,329.1399999999775,1513.6059542849966
7958,45.09313281301982,329.15999999997746,1513.6362502292875
7959,45.09313281301982,329.17999999997744,1513.6665457614647
7960,45.09313281301982,329.1999999999774,1513.6968408814357
7961,45.09313281301982,329.2199999999774,1513.7271355891082
7962,45.09313281301982,329.2399999999774,1513.7574298843897
7963,45.09313281301982,329.25999999997737,1513.7877237671876
7964,45.09313281301982,329.27999999997735,1513.8180172374095
7965,45.09313281301982,329.29999999997733,1513.848310294963
7966,45.09313281301982,329.3199999999773,1513.8786029397556
7967,45.09313281301982,329.3399999999773,1513.9088951716947
7968,45.09313281301982,329.3599999999773,1513.9391869906879
7969,45.09313281301982,329.37999999997726,1513.9694783966427
7970,45.09313281301982,329.39999999997724,1513.9997693894666
7971,45.09313281301982,329.4199999999772,1514.030059969067
7972,45.09313281301982,329.4399999999772,1514.0603501353517
7973,45.09313281301982,329.4599999999772,1514.090639888228
7974,45.09313281301982,329.47999999997717,1514.1209292276035
7975,45.09313281301982,329.49999999997715,1514.1512181533856
7976,45.09313281301982,329.51999999997713,1514.181506665482
7977,45.09313281301982,329.5399999999771,1514.2117947637998
7978,45.09313281301982,329.5599999999771,1514.2420824484261
7979,45.09313281301982,329.5799999999771,1514.272369723369
7980,45.09313281301982,329.59999999997706,1514.3026565910254
7981,45.09313281301982,329.61999999997704,1514.3329430513038
7982,45.09313281301982,329.639999999977,1514.3632291041117
7983,45.09313281301982,329.659999999977,1514.3935147493573
7984,45.09313281301982,329.679999999977,1514.4237999869483
7985,45.09313281301982,329.69999999997697,1514.4540848167926
7986,45.09313281301982,329.71999999997695,1514.484369238798
7987,45.09313281301982,329.73999999997693,1514.5146532528727
7988,45.09313281301982,329.7599999999769,1514.5449368589243
7989,45.09313281301982,329.7799999999769,1514.5752200568606
7990,45.09313281301982,329.7999999999769,1514.6055028465898
7991,45.09313281301982,329.81999999997686,1514.6357852280196
7992,45.09313281301982,329.83999999997684,1514.6660672010578
7993,45.09313281301982,329.8599999999768,1514.6963487656124
7994,45.09313281301982,329.8799999999768,1514.726629921591
7995,45.09313281301982,329.8999999999768,1514.7569106689018
7996,45.09313281301982,329.91999999997677,1514.7871910074525
7997,45.09313281301982,329.93999999997675,1514.817470937151
7998,45.09313281301982,329.95999999997673,1514.8477504579052
7999,45.09313281301982,329.9799999999767,1514.878029569623
8000,45.09313281301982,329.9999999999767,1514.9083082722123
8001,45.09313281301982,330.0199999999767,1514.9385865655806
8002,45.09313281301982,330.03999999997666,1514.9688644496362
8003,45.09313281301982,330.05999999997664,1514.9991419242867
8004,45.09313281301982,330.0799999999766,1515.02941898944
8005,45.09313281301982,330.0999999999766,1515.059695645004
8006,45.09313281301982,330.1199999999766,1515.0899718908865
8007,45.09313281301982,330.13999999997657,1515.1202477269953
8008,45.09313281301982,330.15999999997655,1515.1505231532383
8009,45.09313281301982,330.17999999997653,1515.1807981695233
8010,45.09313281301982,330.1999999999765,1515.2110727757583
8011,45.09313281301982,330.2199999999765,1515.241346971851
8012,45.09313281301982,330.2399999999765,1515.2716207577093
8013,45.09313281301982,330.25999999997646,1515.301894133241
8014,45.09313281301982,330.27999999997644,1515.332167098354
8015,45.09313281301982,330.2999999999764,1515.362439652956
8016,45.09313281301982,330.3199999999764,1515.392711796955
8017,45.09313281301982,330.3399999999764,1515.4229835302585
8018,45.09313281301982,330.35999999997637,1515.4532548527748
8019,45.09313281301982,330.37999999997635,1515.4835257644113
8020,45.09313281301982,330.39999999997633,1515.513796265076
8021,45.09313281301982,330.4199999999763,1515.544066354677
8022,45.09313281301982,330.4399999999763,1515.5743360331217
8023,45.09313281301982,330.4599999999763,1515.604605300318
8024,45.09313281301982,330.47999999997626,1515.634874156174
8025,45.09313281301982,330.49999999997624,1515.6651426005972
8026,45.09313281301982,330.5199999999762,1515.6954106334954
8027,45.09313281301982,330.5399999999762,1515.7256782547765
8028,45.09313281301982,330.5599999999762,1515.7559454643485
8029,45.09313281301982,330.57999999997617,1515.7862122623842
8030,45.09313281301982,330.59999999997615,1515.81647865332
8031,45.09313281301982,330.61999999997613,1515.8467446392058
8032,45.09313281301982,330.6399999999761,1515.8770102199499
8033,45.09313281301982,330.6599999999761,1515.9072753954604
8034,45.09313281301982,330.6799999999761,1515.9375401656455
8035,45.09313281301982,330.69999999997606,1515.9678045304136
8036,45.09313281301982,330.71999999997604,1515.9980684896727
8037,45.09313281301982,330.739999999976,1516.0283320433314
8038,45.09313281301982,330.759999999976,1516.0585951912976
8039,45.0149723069222,330.779999999976,1516.0888579334799
8040,45.0149723069222,330.79999999997597,1516.1191202697862
8041,45.0149723069222,330.81999999997595,1516.149382200125
8042,45.0149723069222,330.83999999997593,1516.1796437244045
8043,45.0149723069222,330.8599999999759,1516.2099048425328
8044,45.0149723069222,330.8799999999759,1516.2401655544181
8045,45.0149723069222,330.8999999999759,1516.2704258599688
8046,45.0149723069222,330.91999999997586,1516.300685759093
8047,45.0149723069222,330.93999999997584,1516.3309452516992
8048,45.0149723069222,330.9599999999758,1516.3612043376952
8049,45.0149723069222,330.9799999999758,1516.3914630169895
8050,45.0149723069222,330.9999999999758,1516.4217212894903
8051,45.0149723069222,331.01999999997577,1516.4519791551058
8052,45.0149723069222,331.03999999997575,1516.4822366137444
8053,45.0149723069222,331.05999999997573,1516.512493665314
8054,45.0149723069222,331.0799999999757,1516.542750309723
8055,45.0149723069222,331.0999999999757,1516.5730065468795
8056,45.0149723069222,331.1199999999757,1516.6032623766919
8057,45.0149723069222,331.13999999997566,1516.6335177990682
8058,45.0149723069222,331.15999999997564,1516.6637728139167
8059,45.0149723069222,331.1799999999756,1516.6940274211456
8060,45.0149723069222,331.1999999999756,1516.724281620663
8061,45.0149723069222,331.2199999999756,1516.7545354123774
8062,45.0149723069222,331.23999999997557,1516.7847887961968
8063,45.0149723069222,331.25999999997555,1516.8150417720294
8064,45.0149723069222,331.27999999997553,1516.8452943397835
8065,45.0149723069222,331.2999999999755,1516.8755464993671
8066,45.0149723069222,331.3199999999755,1516.9057982506886
8067,45.0149723069222,331.3399999999755,1516.9360495936562
8068,45.0149723069222,331.35999999997546,1516.966300528178
8069,45.0149723069222,331.37999999997544,1516.9965510541622
8070,45.0149723069222,331.3999999999754,1517.0268011715168
8071,45.0149723069222,331.4199999999754,1517.0570508801502
8072,45.0149723069222,331.4399999999754,1517.0873001799707
8073,45.0149723069222,331.45999999997537,1517.1175490708863
8074,45.0149723069222,331.47999999997535,1517.1477975528053
8075,45.0149723069222,331.49999999997533,1517.1780456256358
8076,45.0149723069222,331.5199999999753,1517.2082932892858
8077,45.0149723069222,331.5399999999753,1517.238540543664
8078,45.0149723069222,331.5599999999753,1517.268787388678
8079,45.0149723069222,331.57999999997526,1517.2990338242362
8080,45.0149723069222,331.59999999997524,1517.3292798505713
8081,45.0149723069222,331.6199999999752,1517.3595254721324
8082,45.0149723069222,331.6399999999752,1517.3897706904484
8083,45.0149723069222,331.6599999999752,1517.4200155054277
8084,45.0149723069222,331.67999999997517,1517.4502599169791
8085,45.0149723069222,331.69999999997515,1517.480503925011
8086,45.0149723069222,331.71999999997513,1517.5107475294317
8087,45.0149723069222,331.7399999999751,1517.54099073015
8088,45.0149723069222,331.7599999999751,1517.5712335270744
8089,45.0149723069222,331.7799999999751,1517.6014759201132
8090,45.0149723069222,331.79999999997506,1517.6317179091752
8091,45.0149723069222,331.81999999997504,1517.6619594941687
8092,45.0149723069222,331.839999999975,1517.6922006750026
8093,45.0149723069222,331.859999999975,1517.7224414515852
8094,45.0149723069222,331.879999999975,1517.7526818238248
8095,45.0149723069222,331.89999999997497,1517.78292179163
8096,45.0149723069222,331.91999999997495,1517.8131613549097
8097,45.0149723069222,331.93999999997493,1517.843400513572
8098,45.0149723069222,331.9599999999749,1517.8736392675257
8099,45.0149723069222,331.9799999999749,1517.9038776166792
8100,45.0149723069222,331.9999999999749,1517.9341155609409
8101,45.0149723069222,332.01999999997486,1517.9643531002193
8102,45.0149723069222,332.03999999997484,1517.9945902344232
8103,45.0149723069222,332.0599999999748,1518.0248269634608
8104,45.0149723069222,332.0799999999748,1518.0550632872407
8105,45.0149723069222,332.0999999999748,1518.0852992056714
8106,45.0149723069222,332.11999999997477,1518.1155347186614
8107,45.0149723069222,332.13999999997475,1518.1457698261192
8108,45.0149723069222,332.15999999997473,1518.1760045279534
8109,45.0149723069222,332.1799999999747,1518.2062388240724
8110,45.0149723069222,332.1999999999747,1518.2364727143847
8111,45.0149723069222,332.2199999999747,1518.2667061987988
8112,45.0149723069222,332.23999999997466,1518.2969392772231
8113,45.0149723069222,332.25999999997464,1518.3271719495663
8114,45.0149723069222,332.2799999999746,1518.3574042157366
8115,45.0149723069222,332.2999999999746,1518.3876360756426
8116,45.0149723069222,332.3199999999746,1518.4178675291928
8117,45.0149723069222,332.33999999997457,1518.4480985762957
8118,45.0149723069222,332.35999999997455,1518.47832921686
8119,45.0149723069222,332.37999999997453,1518.5085594507937
8120,45.0149723069222,332.3999999999745,1518.5387892780057
8121,45.0149723069222,332.4199999999745,1518.569018698404
8122,45.0149723069222,332.4399999999745,1518.5992477118978
8123,45.0149723069222,332.45999999997446,1518.6294763183948
8124,45.0149723069222,332.47999999997444,1518.659704517804
8125,45.0149723069222,332.4999999999744,1518.6899323100336
8126,45.0149723069222,332.5199999999744,1518.7201596949922
8127,45.0149723069222,332.5399999999744,1518.750386672588
8128,45.0149723069222,332.55999999997437,1518.78061324273
8129,45.0149723069222,332.57999999997435,1518.810839405326
8130,45.0149723069222,332.59999999997433,1518.841065160285
8131,45.0149723069222,332.6199999999743,1518.8712905079387
8132,45.0149723069222,332.6399999999743,1518.901515453315
8133,45.0149723069222,332.6599999999743,1518.9317399976298
8134,45.0149723069222,332.67999999997426,1518.9619641407924
8135,45.0149723069222,332.69999999997424,1518.9921878827113
8136,45.0149723069222,332.7199999999742,1519.0224112232954
8137,45.0149723069222,332.7399999999742,1519.0526341624536
8138,45.0149723069222,332.7599999999742,1519.082856700095
8139,45.0149723069222,332.77999999997417,1519.113078836128
8140,45.0149723069222,332.79999999997415,1519.1433005704616
8141,45.0149723069222,332.81999999997413,1519.173521903005
8142,45.0149723069222,332.8399999999741,1519.2037428336664
8143,45.0149723069222,332.8599999999741,1519.233963362355
8144,45.0149723069222,332.8799999999741,1519.2641834889798
8145,45.0149723069222,332.89999999997406,1519.2944032134494
8146,45.0149723069222,332.91999999997404,1519.324622535673
8147,45.0149723069222,332.939999999974,1519.354841455559
8148,45.0149723069222,332.959999999974,1519.3850599730163
8149,45.0149723069222,332.979999999974,1519.4152780879538
8150,45.0149723069222,332.99999999997397,1519.4454958002805
8151,45.0149723069222,333.01999999997395,1519.475713109905
8152,45.0149723069222,333.03999999997393,1519.505930016736
8153,45.0149723069222,333.0599999999739,1519.536146520683
8154,45.0149723069222,333.0799999999739,1519.566362621654
8155,45.0149723069222,333.0999999999739,1519.5965783195581
8156,45.0149723069222,333.11999999997386,1519.6267936143045
8157,45.0149723069222,333.13999999997384,1519.6570085058015
8158,45.0149723069222,333.1599999999738,1519.6872229939584
8159,45.0149723069222,333.1799999999738,1519.7174370786836
8160,45.0149723069222,333.1999999999738,1519.747650759886
8161,45.0149723069222,333.21999999997377,1519.7778640374745
8162,45.0149723069222,333.23999999997375,1519.8080769113578
8163,44.93703733454638,333.25999999997373,1519.8382893814448
8164,44.93703733454638,333.2799999999737,1519.8685014476443
8165,44.93703733454638,333.2999999999737,1519.8987131098652
8166,44.93703733454638,333.3199999999737,1519.9289243680162
8167,44.93703733454638,333.33999999997366,1519.9591352220061
8168,44.93703733454638,333.35999999997364,1519.9893456717439
8169,44.93703733454638,333.3799999999736,1520.0195557187387
8170,44.93703733454638,333.3999999999736,1520.049765368609
8171,44.93703733454638,333.4199999999736,1520.0799746217197
8172,44.93703733454638,333.43999999997357,1520.1101834779786
8173,44.93703733454638,333.45999999997355,1520.1403919372945
8174,44.93703733454638,333.47999999997353,1520.1705999995754
8175,44.93703733454638,333.4999999999735,1520.2008076647296
8176,44.93703733454638,333.5199999999735,1520.2310149326656
8177,44.93703733454638,333.5399999999735,1520.2612218032916
8178,44.93703733454638,333.55999999997346,1520.2914282765157
8179,44.93703733454638,333.57999999997344,1520.3216343522465
8180,44.93703733454638,333.5999999999734,1520.3518400303922
8181,44.93703733454638,333.6199999999734,1520.3820453108608
8182,44.93703733454638,333.6399999999734,1520.4122501940324
8183,44.93703733454638,333.65999999997337,1520.4424546849018
8184,44.93703733454638,333.67999999997335,1520.4726587842222
8185,44.93703733454638,333.69999999997333,1520.5028624919023
8186,44.93703733454638,333.7199999999733,1520.533065807851
8187,44.93703733454638,333.7399999999733,1520.5632687319771
8188,44.93703733454638,333.7599999999733,1520.5934712641892
8189,44.93703733454638,333.77999999997326,1520.6236734043964
8190,44.93703733454638,333.79999999997324,1520.6538751525072
8191,44.93703733454638,333.8199999999732,1520.6840765084305
8192,44.93703733454638,333.8399999999732,1520.714277472075
8193,44.93703733454638,333.8599999999732,1520.7444780433498
8194,44.93703733454638,333.87999999997317,1520.7746782221632
8195,44.93703733454638,333.89999999997315,1520.8048780084243
8196,44.93703733454638,333.91999999997313,1520.8350774020419
8197,44.93703733454638,333.9399999999731,1520.8652764029246
8198,44.93703733454638,333.9599999999731,1520.8954750109813
8199,44.93703733454638,333.9799999999731,1520.9256732261206
8200,44.93703733454638,333.99999999997306,1520.9558710482513
8201,44.93703733454638,334.01999999997304,1520.9860684772823
8202,44.93703733454638,334.039999999973,1521.0162655131223
8203,44.93703733454638,334.059999999973,1521.04646215568
8204,44.93703733454638,334.079999999973,1521.0766584048642
8205,44.93703733454638,334.09999999997297,1521.1068542605838
8206,44.93703733454638,334.11999999997295,1521.1370497227474
8207,44.93703733454638,334.13999999997293,1521.1672447912638
8208,44.93703733454638,334.1599999999729,1521.1974394660417
8209,44.93703733454638,334.1799999999729,1521.22763374699
8210,44.93703733454638,334.1999999999729,1521.2578276340173
8211,44.93703733454638,334.21999999997286,1521.2880211270324
8212,44.93703733454638,334.23999999997284,1521.318214225944
8213,44.93703733454638,334.2599999999728,1521.348406930661
8214,44.93703733454638,334.2799999999728,1521.378599241092
8215,44.93703733454638,334.2999999999728,1521.4087911571457
8216,44.93703733454638,334.31999999997277,1521.438982678731
8217,44.93703733454638,334.33999999997275,1521.4691738057566
8218,44.93703733454638,334.35999999997273,1521.499364538131
8219,44.93703733454638,334.3799999999727,1521.529554875763
8220,44.93703733454638,334.3999999999727,1521.5597448185617
8221,44.93703733454638,334.4199999999727,1521.5899343664355
8222,44.93703733454638,334.43999999997266,1521.6201235192932
8223,44.93703733454638,334.45999999997264,1521.6503122770437
8224,44.93703733454638,334.4799999999726,1521.6805006395953
8225,44.93703733454638,334.4999999999726,1521.710688606857
8226,44.93703733454638,334.5199999999726,1521.7408761787376
8227,44.93703733454638,334.53999999997257,1521.7710633551458
8228,44.93703733454638,334.55999999997255,1521.8012501359901
8229,44.93703733454638,334.57999999997253,1521.8314365211795
8230,44.93703733454638,334.5999999999725,1521.8616225106225
8231,44.93703733454638,334.6199999999725,1521.891808104228
8232,44.93703733454638,334.6399999999725,1521.9219933019044
8233,44.93703733454638,334.65999999997246,1521.9521781041763
8234,44.93703733454638,334.67999999997244,1521.9823625163683
8235,44.93703733454638,334.6999999999724,1522.012546538923
8236,44.93703733454638,334.7199999999724,1522.0427301717496
8237,44.93703733454638,334.7399999999724,1522.072913414757
8238,44.93703733454638,334.75999999997237,1522.1030962678547
8239,44.93703733454638,334.77999999997235,1522.1332787309514
8240,44.93703733454638,334.79999999997233,1522.1634608039565
8241,44.93703733454638,334.8199999999723,1522.1936424867788
8242,44.93703733454638,334.8399999999723,1522.2238237793276
8243,44.93703733454638,334.8599999999723,1522.254004681512
8244,44.93703733454638,334.87999999997226,1522.284185193241
8245,44.93703733454638,334.89999999997224,1522.3143653144239
8246,44.93703733454638,334.9199999999722,1522.3445450449694
8247,44.93703733454638,334.9399999999722,1522.374724384787
8248,44.93703733454638,334.9599999999722,1522.4049033337856
8249,44.93703733454638,334.97999999997216,1522.4350818918742
8250,44.93703733454638,334.99999999997215,1522.465260058962
8251,44.93703733454638,335.01999999997213,1522.495437834958
8252,44.93703733454638,335.0399999999721,1522.5256152197712
8253,44.93703733454638,335.0599999999721,1522.555792213311
8254,44.93703733454638,335.0799999999721,1522.585968815486
8255,44.93703733454638,335.09999999997206,1522.6161450262057
8256,44.93703733454638,335.11999999997204,1522.646320845379
8257,44.93703733454638,335.139999999972,1522.676496272915
8258,44.93703733454638,335.159999999972,1522.7066713087227
8259,44.93703733454638,335.179999999972,1522.736845952711
8260,44.93703733454638,335.19999999997196,1522.7670202047893
8261,44.93703733454638,335.21999999997195,1522.7971940648665
8262,44.93703733454638,335.23999999997193,1522.8273675328517
8263,44.93703733454638,335.2599999999719,1522.857540608654
8264,44.93703733454638,335.2799999999719,1522.8877132921825
8265,44.93703733454638,335.2999999999719,1522.917885583346
8266,44.93703733454638,335.31999999997186,1522.9480574820539
8267,44.93703733454638,335.33999999997184,1522.9782289882148
8268,44.93703733454638,335.3599999999718,1523.008400101738
8269,44.93703733454638,335.3799999999718,1523.0385708225326
8270,44.93703733454638,335.3999999999718,1523.0687411505075
8271,44.93703733454638,335.41999999997176,1523.0989110855721
8272,44.93703733454638,335.43999999997175,1523.1290806276352
8273,44.93703733454638,335.4599999999717,1523.1592497766057
8274,44.93703733454638,335.4799999999717,1523.1894185323927
8275,44.93703733454638,335.4999999999717,1523.2195868949052
8276,44.93703733454638,335.5199999999717,1523.2497548640524
8277,44.93703733454638,335.53999999997166,1523.2799224397434
8278,44.93703733454638,335.55999999997164,1523.3100896218868
8279,44.93703733454638,335.5799999999716,1523.3402564103922
8280,44.93703733454638,335.5999999999716,1523.3704228051681
8281,44.93703733454638,335.6199999999716,1523.400588806124
8282,44.93703733454638,335.63999999997156,1523.4307544131686
8283,44.93703733454638,335.65999999997155,1523.460919626211
8284,44.93703733454638,335.6799999999715,1523.4910844461863
8285,44.93703733454638,335.6999999999715,1523.5212488782279
8286,44.93703733454638,335.7199999999715,1523.551412922712
8287,44.93703733454638,335.7399999999715,1523.581576579548
8288,44.93703733454638,335.75999999997146,1523.6117398486456
8289,44.93703733454638,335.77999999997144,1523.6419027299141
8290,44.93703733454638,335.7999999999714,1523.6720652232632
8291,44.93703733454638,335.8199999999714,1523.7022273286022
8292,44.85932698584781,335.8399999999714,1523.7323890458406
8293,44.85932698584781,335.85999999997136,1523.762550374888
8294,44.85932698584781,335.87999999997135,1523.7927113156536
8295,44.85932698584781,335.8999999999713,1523.822871868047
8296,44.85932698584781,335.9199999999713,1523.853032031978
8297,44.85932698584781,335.9399999999713,1523.8831918073558
8298,44.85932698584781,335.9599999999713,1523.9133511940897
8299,44.85932698584781,335.97999999997126,1523.9435101920894
8300,44.85932698584781,335.99999999997124,1523.9736688012642
8301,44.85932698584781,336.0199999999712,1524.0038270215239
8302,44.85932698584781,336.0399999999712,1524.0339848527776
8303,44.85932698584781,336.0599999999712,1524.064142294935
8304,44.85932698584781,336.07999999997116,1524.0942993479052
8305,44.85932698584781,336.09999999997115,1524.124456011598
8306,44.85932698584781,336.1199999999711,1524.154612285923
8307,44.85932698584781,336.1399999999711,1524.184768170789
8308,44.85932698584781,336.1599999999711,1524.2149236661062
8309,44.85932698584781,336.1799999999711,1524.2450787717837
8310,44.85932698584781,336.19999999997106,1524.275233487731
8311,44.85932698584781,336.21999999997104,1524.3053878138574
8312,44.85932698584781,336.239999999971,1524.3355417500725
8313,44.85932698584781,336.259999999971,1524.3656952962858
8314,44.85932698584781,336.279999999971,1524.3958484524067
8315,44.85932698584781,336.29999999997096,1524.4260012183445
8316,44.85932698584781,336.31999999997095,1524.4561535940086
8317,44.85932698584781,336.3399999999709,1524.4863055793087
8318,44.85932698584781,336.3599999999709,1524.516457174154
8319,44.85932698584781,336.3799999999709,1524.5466083784543
8320,44.85932698584781,336.3999999999709,1524.5767591921185
8321,44.85932698584781,336.41999999997086,1524.6069096150563
8322,44.85932698584781,336.43999999997084,1524.6370596471772
8323,44.85932698584781,336.4599999999708,1524.6672092883905
8324,44.85932698584781,336.4799999999708,1524.6973585386056
8325,44.85932698584781,336.4999999999708,1524.727507397732
8326,44.85932698584781,336.51999999997076,1524.7576558656792
8327,44.85932698584781,336.53999999997075,1524.7878039423565
8328,44.85932698584781,336.5599999999707,1524.8179516276734
8329,44.85932698584781,336.5799999999707,1524.8480989215393
8330,44.85932698584781,336.5999999999707,1524.8782458238636
8331,44.85932698584781,336.6199999999707,1524.9083923345556
8332,44.85932698584781,336.63999999997066,1524.9385384535249
8333,44.85932698584781,336.65999999997064,1524.9686841806808
8334,44.85932698584781,336.6799999999706,1524.9988295159328
8335,44.85932698584781,336.6999999999706,1525.028974460519
8336,44.85932698584781,336.7199999999706,1525.0591190189357
8337,44.85932698584781,336.73999999997056,1525.0892631914544
8338,44.85932698584781,336.75999999997055,1525.119406977985
8339,44.85932698584781,336.7799999999705,1525.1495503784372
8340,44.85932698584781,336.7999999999705,1525.179693392721
8341,44.85932698584781,336.8199999999705,1525.209836020746
8342,44.85932698584781,336.8399999999705,1525.239978262422
8343,44.85932698584781,336.85999999997046,1525.2701201176587
8344,44.85932698584781,336.87999999997044,1525.300261586366
8345,44.85932698584781,336.8999999999704,1525.3304026684539
8346,44.85932698584781,336.9199999999704,1525.3605433638318
8347,44.85932698584781,336.9399999999704,1525.3906836724095
8348,44.85932698584781,336.95999999997036,1525.4208235940969
8349,44.85932698584781,336.97999999997035,1525.4509631288036
8350,44.85932698584781,336.9999999999703,1525.4811022764395
8351,44.85932698584781,337.0199999999703,1525.5112410369143
8352,44.85932698584781,337.0399999999703,1525.5413794101378
8353,44.85932698584781,337.0599999999703,1525.5715173960198
8354,44.85932698584781,337.07999999997025,1525.6016549944698
8355,44.85932698584781,337.09999999997024,1525.6317922053977
8356,44.85932698584781,337.1199999999702,1525.6619290287133
8357,44.85932698584781,337.1399999999702,1525.6920654643266
8358,44.85932698584781,337.1599999999702,1525.722201512147
8359,44.85932698584781,337.17999999997016,1525.7523371720843
8360,44.85932698584781,337.19999999997015,1525.7824724440482
8361,44.85932698584781,337.2199999999701,1525.8126073279484
8362,44.85932698584781,337.2399999999701,1525.842741823695
8363,44.85932698584781,337.2599999999701,1525.8728759311973
8364,44.85932698584781,337.2799999999701,1525.9030096503654
8365,44.85932698584781,337.29999999997005,1525.9331429811089
8366,44.85932698584781,337.31999999997004,1525.9632759233373
8367,44.85932698584781,337.33999999997,1525.9934084769607
8368,44.85932698584781,337.35999999997,1526.0235406418885
8369,44.85932698584781,337.37999999997,1526.0536724180306
8370,44.85932698584781,337.39999999996996,1526.0838038052968
8371,44.85932698584781,337.41999999996995,1526.1139348035967
8372,44.85932698584781,337.4399999999699,1526.14406541284
8373,44.85932698584781,337.4599999999699,1526.1741956329365
8374,44.85932698584781,337.4799999999699,1526.2043254637958
8375,44.85932698584781,337.4999999999699,1526.234454905328
8376,44.85932698584781,337.51999999996985,1526.2645839574423
8377,44.85932698584781,337.53999999996984,1526.2947126200486
8378,44.85932698584781,337.5599999999698,1526.3248408930567
8379,44.85932698584781,337.5799999999698,1526.3549687763764
8380,44.85932698584781,337.5999999999698,1526.385096269917
8381,44.85932698584781,337.61999999996976,1526.4152233735888
8382,44.85932698584781,337.63999999996975,1526.445350087301
8383,44.85932698584781,337.6599999999697,1526.4754764109634
8384,44.85932698584781,337.6799999999697,1526.505602344486
8385,44.85932698584781,337.6999999999697,1526.5357278877784
8386,44.85932698584781,337.7199999999697,1526.5658530425476
8387,44.85932698584781,337.73999999996965,1526.5959778132428
8388,44.85932698584781,337.75999999996964,1526.6261022000788
8389,44.85932698584781,337.7799999999696,1526.6562262029656
8390,44.85932698584781,337.7999999999696,1526.6863498218136
8391,44.85932698584781,337.8199999999696,1526.7164730565325
8392,44.85932698584781,337.83999999996956,1526.7465959070328
8393,44.85932698584781,337.85999999996955,1526.7767183732244
8394,44.85932698584781,337.8799999999695,1526.8068404550177
8395,44.85932698584781,337.8999999999695,1526.8369621523225
8396,44.85932698584781,337.9199999999695,1526.867083465049
8397,44.85932698584781,337.9399999999695,1526.8972043931076
8398,44.85932698584781,337.95999999996945,1526.9273249364082
8399,44.85932698584781,337.97999999996944,1526.957445094861
8400,44.85932698584781,337.9999999999694,1526.987564868376
8401,44.85932698584781,338.0199999999694,1527.0176842568633
8402,44.85932698584781,338.0399999999694,1527.0478032602332
8403,44.85932698584781,338.05999999996936,1527.0779218783957
8404,44.85932698584781,338.07999999996935,1527.1080401112608
8405,44.85932698584781,338.0999999999693,1527.1381579587387
8406,44.85932698584781,338.1199999999693,1527.1682754207395
8407,44.85932698584781,338.1399999999693,1527.1983924971732
8408,44.85932698584781,338.1599999999693,1527.2285091879503
8409,44.85932698584781,338.17999999996925,1527.2586254929804
8410,44.85932698584781,338.19999999996924,1527.288741412174
8411,44.85932698584781,338.2199999999692,1527.3188569454408
8412,44.85932698584781,338.2399999999692,1527.3489720926912
8413,44.85932698584781,338.2599999999692,1527.3790868538351
8414,44.85932698584781,338.27999999996916,1527.4092012287829
8415,44.85932698584781,338.29999999996915,1527.4393152174443
8416,44.85932698584781,338.3199999999691,1527.4694288197297
8417,44.85932698584781,338.3399999999691,1527.499542035549
8418,44.78184035549779,338.3599999999691,1527.5296548648123
8419,44.78184035549779,338.3799999999691,1527.5597673074296
8420,44.78184035549779,338.39999999996905,1527.5898793633112
8421,44.78184035549779,338.41999999996904,1527.6199910323671
8422,44.78184035549779,338.439999999969,1527.6501023145072
8423,44.78184035549779,338.459999999969,1527.6802132096418
8424,44.78184035549779,338.479999999969,1527.710323717681
8425,44.78184035549779,338.49999999996896,1527.7404338385345
8426,44.78184035549779,338.51999999996895,1527.7705435721127
8427,44.78184035549779,338.5399999999689,1527.8006529183258
8428,44.78184035549779,338.5599999999689,1527.8307618770837
8429,44.78184035549779,338.5799999999689,1527.8608704482963
8430,44.78184035549779,338.5999999999689,1527.8909786318738
8431,44.78184035549779,338.61999999996885,1527.9210864277263
8432,44.78184035549779,338.63999999996884,1527.951193835764
8433,44.78184035549779,338.6599999999688,1527.9813008558965
8434,44.78184035549779,338.6799999999688,1528.0114074880341
8435,44.78184035549779,338.6999999999688,1528.041513732087
8436,44.78184035549779,338.71999999996876,1528.071619587965
8437,44.78184035549779,338.73999999996875,1528.101725057624
8438,44.78184035549779,338.7599999999687,1528.1318301449228
8439,44.78184035549779,338.7799999999687,1528.1619348499835
8440,44.78184035549779,338.7999999999687,1528.1920391727165
8441,44.78184035549779,338.8199999999687,1528.2221431130322
8442,44.78184035549779,338.83999999996865,1528.252246670841
8443,44.78184035549779,338.85999999996864,1528.2823498460536
8444,44.78184035549779,338.8799999999686,1528.3124526385802
8445,44.78184035549779,338.8999999999686,1528.3425550483314
8446,44.78184035549779,338.9199999999686,1528.3726570752176
8447,44.78184035549779,338.93999999996856,1528.4027587191495
8448,44.78184035549779,338.95999999996855,1528.4328599800372
8449,44.78184035549779,338.9799999999685,1528.4629608577914
8450,44.78184035549779,338.9999999999685,1528.4930613523222
8451,44.78184035549779,339.0199999999685,1528.5231614635404
8452,44.78184035549779,339.0399999999685,1528.5532611913563
8453,44.78184035549779,339.05999999996845,1528.5833605356806
8454,44.78184035549779,339.07999999996844,1528.6134594964235
8455,44.78184035549779,339.0999999999684,1528.6435580734953
8456,44.78184035549779,339.1199999999684,1528.6736562668068
8457,44.78184035549779,339.1399999999684,1528.7037540762683
8458,44.78184035549779,339.15999999996836,1528.73385150179
8459,44.78184035549779,339.17999999996835,1528.7639485432826
8460,44.78184035549779,339.1999999999683,1528.7940452006565
8461,44.78184035549779,339.2199999999683,1528.824141473822
8462,44.78184035549779,339.2399999999683,1528.8542373626897
8463,44.78184035549779,339.2599999999683,1528.88433286717
8464,44.78184035549779,339.27999999996825,1528.9144279871734
8465,44.78184035549779,339.29999999996824,1528.9445227226101
8466,44.78184035549779,339.3199999999682,1528.9746170733906
8467,44.78184035549779,339.3399999999682,1529.0047110394255
8468,44.78184035549779,339.3599999999682,1529.034804620625
8469,44.78184035549779,339.37999999996816,1529.0648978168995
8470,44.78184035549779,339.39999999996814,1529.0949906281596
8471,44.78184035549779,339.4199999999681,1529.1250830543156
8472,44.78184035549779,339.4399999999681,1529.155175095278
8473,44.78184035549779,339.4599999999681,1529.1852667509572
8474,44.78184035549779,339.4799999999681,1529.2153580212635
8475,44.78184035549779,339.49999999996805,1529.2454489061074
8476,44.78184035549779,339.51999999996804,1529.2755394053993
8477,44.78184035549779,339.539999999968,1529.3056295190495
8478,44.78184035549779,339.559999999968,1529.3357192469684
8479,44.78184035549779,339.579999999968,1529.3658085890665
8480,44.78184035549779,339.59999999996796,1529.3958975452542
8481,44.78184035549779,339.61999999996794,1529.425986115442
8482,44.78184035549779,339.6399999999679,1529.45607429954
8483,44.78184035549779,339.6599999999679,1529.4861620974589
8484,44.78184035549779,339.6799999999679,1529.5162495091088
8485,44.78184035549779,339.6999999999679,1529.5463365344003
8486,44.78184035549779,339.71999999996785,1529.5764231732437
8487,44.78184035549779,339.73999999996784,1529.6065094255496
8488,44.78184035549779,339.7599999999678,1529.6365952937015
8489,44.78184035549779,339.7799999999678,1529.6666807813592
8490,44.78184035549779,339.7999999999678,1529.6967658885753
8491,44.78184035549779,339.81999999996776,1529.7268506152607
8492,44.78184035549779,339.83999999996774,1529.7569349613261
8493,44.78184035549779,339.8599999999677,1529.787018926682
8494,44.78184035549779,339.8799999999677,1529.8171025112395
8495,44.78184035549779,339.8999999999677,1529.847185714909
8496,44.78184035549779,339.9199999999677,1529.8772685376016
8497,44.78184035549779,339.93999999996765,1529.9073509792277
8498,44.78184035549779,339.95999999996764,1529.9374330396981
8499,44.78184035549779,339.9799999999676,1529.9675147189237
8500,44.78184035549779,339.9999999999676,1529.997596016815
8501,44.78184035549779,340.0199999999676,1530.0276769363886
8502,44.78184035549779,340.03999999996756,1530.0577574815204
8503,44.78184035549779,340.05999999996754,1530.0878376522157
8504,44.78184035549779,340.0799999999675,1530.117917448385
8505,44.78184035549779,340.0999999999675,1530.1479968699384
8506,44.78184035549779,340.1199999999675,1530.1780759167862
8507,44.78184035549779,340.1399999999675,1530.2081545888384
8508,44.78184035549779,340.15999999996745,1530.2382328860056
8509,44.78184035549779,340.17999999996744,1530.2683108081976
8510,44.78184035549779,340.1999999999674,1530.298388355325
8511,44.78184035549779,340.2199999999674,1530.328465527298
8512,44.78184035549779,340.2399999999674,1530.3585423240268
8513,44.78184035549779,340.25999999996736,1530.3886187454214
8514,44.78184035549779,340.27999999996734,1530.4186947913922
8515,44.78184035549779,340.2999999999673,1530.4487704618496
8516,44.78184035549779,340.3199999999673,1530.4788457567035
8517,44.78184035549779,340.3399999999673,1530.5089206758644
8518,44.78184035549779,340.3599999999673,1530.5389952192422
8519,44.78184035549779,340.37999999996725,1530.5690693867475
8520,44.78184035549779,340.39999999996724,1530.5991431782902
8521,44.78184035549779,340.4199999999672,1530.6292165937807
8522,44.78184035549779,340.4399999999672,1530.6592896331292
8523,44.78184035549779,340.4599999999672,1530.689362296246
8524,44.78184035549779,340.47999999996716,1530.719434583041
8525,44.78184035549779,340.49999999996714,1530.7495064934246
8526,44.78184035549779,340.5199999999671,1530.779578027307
8527,44.78184035549779,340.5399999999671,1530.8096491845984
8528,44.78184035549779,340.5599999999671,1530.8397199652088
8529,44.78184035549779,340.5799999999671,1530.8697903690486
8530,44.78184035549779,340.59999999996705,1530.899860396028
8531,44.78184035549779,340.61999999996704,1530.9299300460573
8532,44.78184035549779,340.639999999967,1530.9599993190463
8533,44.78184035549779,340.659999999967,1530.9900682149057
8534,44.78184035549779,340.679999999967,1531.0201367335453
8535,44.78184035549779,340.69999999996696,1531.0502048748754
8536,44.78184035549779,340.71999999996694,1531.0802726388063
8537,44.78184035549779,340.7399999999669,1531.110340025248
8538,44.78184035549779,340.7599999999669,1531.140407034111
8539,44.78184035549779,340.7799999999669,1531.170473668219
8540,44.78184035549779,340.7999999999669,1531.200539931011
8541,44.78184035549779,340.81999999996685,1531.2306058224656
8542,44.78184035549779,340.83999999996684,1531.2606713424934
8543,44.78184035549779,340.8599999999668,1531.2907364910052
8544,44.78184035549779,340.8799999999668,1531.3208012679115
8545,44.78184035549779,340.8999999999668,1531.3508656731228
8546,44.78184035549779,340.91999999996676,1531.38092970655
8547,44.78184035549779,340.93999999996674,1531.4109933681034
8548,44.70457654285362,340.9599999999667,1531.4410566576937
8549,44.70457654285362,340.9799999999667,1531.4711195752313
8550,44.70457654285362,340.9999999999667,1531.5011821206272
8551,44.70457654285362,341.01999999996667,1531.5312442937916
8552,44.70457654285362,341.03999999996665,1531.5613060946353
8553,44.70457654285362,341.05999999996664,1531.5913675230686
8554,44.70457654285362,341.0799999999666,1531.6214285790024
8555,44.70457654285362,341.0999999999666,1531.6514892623472
8556,44.70457654285362,341.1199999999666,1531.6815495730134
8557,44.70457654285362,341.13999999996656,1531.7116095109118
8558,44.70457654285362,341.15999999996654,1531.7416690759528
8559,44.70457654285362,341.1799999999665,1531.7717282680471
8560,44.70457654285362,341.1999999999665,1531.8017870871051
8561,44.70457654285362,341.2199999999665,1531.8318455330377
8562,44.70457654285362,341.23999999996647,1531.8619036057553
8563,44.70457654285362,341.25999999996645,1531.8919613051683
8564,44.70457654285362,341.27999999996644,1531.9220186311873
8565,44.70457654285362,341.2999999999664,1531.952075583723
8566,44.70457654285362,341.3199999999664,1531.9821321626857
8567,44.70457654285362,341.3399999999664,1532.0121883679863
8568,44.70457654285362,341.35999999996636,1532.0422441995352
8569,44.70457654285362,341.37999999996634,1532.0722996572429
8570,44.70457654285362,341.3999999999663,1532.10235474102
8571,44.70457654285362,341.4199999999663,1532.1324094507772
8572,44.70457654285362,341.4399999999663,1532.162463786425
8573,44.70457654285362,341.45999999996627,1532.1925177478736
8574,44.70457654285362,341.47999999996625,1532.222571335034
8575,44.70457654285362,341.49999999996624,1532.2526245478164
8576,44.70457654285362,341.5199999999662,1532.2826773861316
8577,44.70457654285362,341.5399999999662,1532.3127298498898
8578,44.70457654285362,341.5599999999662,1532.342781939002
8579,44.70457654285362,341.57999999996616,1532.3728336533784
8580,44.70457654285362,341.59999999996614,1532.4028849929296
8581,44.70457654285362,341.6199999999661,1532.432935957566
8582,44.70457654285362,341.6399999999661,1532.4629865471986
8583,44.70457654285362,341.6599999999661,1532.4930367617376
8584,44.70457654285362,341.67999999996607,1532.5230866010934
8585,44.70457654285362,341.69999999996605,1532.5531360651767
8586,44.70457654285362,341.71999999996603,1532.5831851538978
8587,44.70457654285362,341.739999999966,1532.6132338671675
8588,44.70457654285362,341.759999999966,1532.6432822048962
8589,44.70457654285362,341.779999999966,1532.6733301670024
8590,44.70457654285362,341.79999999996596,1532.703377756471
8591,44.70457654285362,341.81999999996594,1532.7334249762148
8592,44.70457654285362,341.8399999999659,1532.7634718261452
8593,44.70457654285362,341.8599999999659,1532.7935183061727
8594,44.70457654285362,341.8799999999659,1532.8235644162085
8595,44.70457654285362,341.89999999996587,1532.853610156163
8596,44.70457654285362,341.91999999996585,1532.8836555259475
8597,44.70457654285362,341.93999999996583,1532.9137005254727
8598,44.70457654285362,341.9599999999658,1532.9437451546494
8599,44.70457654285362,341.9799999999658,1532.9737894133884
8600,44.70457654285362,341.9999999999658,1533.0038333016007
8601,44.70457654285362,342.01999999996576,1533.0338768191973
8602,44.70457654285362,342.03999999996574,1533.0639199660889
8603,44.70457654285362,342.0599999999657,1533.0939627421862
8604,44.70457654285362,342.0799999999657,1533.1240051474003
8605,44.70457654285362,342.0999999999657,1533.154047181642
8606,44.70457654285362,342.11999999996567,1533.184088844822
8607,44.70457654285362,342.13999999996565,1533.2141301368513
8608,44.70457654285362,342.15999999996563,1533.2441710576406
8609,44.70457654285362,342.1799999999656,1533.274211607101
8610,44.70457654285362,342.1999999999656,1533.3042517851432
8611,44.70457654285362,342.2199999999656,1533.3342915916778
8612,44.70457654285362,342.23999999996556,1533.364331026616
8613,44.70457654285362,342.25999999996554,1533.3943700898683
8614,44.70457654285362,342.2799999999655,1533.4244087813458
8615,44.70457654285362,342.2999999999655,1533.4544471009594
8616,44.70457654285362,342.3199999999655,1533.4844850486197
8617,44.70457654285362,342.33999999996547,1533.5145226242378
8618,44.70457654285362,342.35999999996545,1533.5445598277242
8619,44.70457654285362,342.37999999996543,1533.57459665899
8620,44.70457654285362,342.3999999999654,1533.604633117946
8621,44.70457654285362,342.4199999999654,1533.6346692045026
8622,44.70457654285362,342.4399999999654,1533.6647049185713
8623,44.70457654285362,342.45999999996536,1533.6947402600624
8624,44.70457654285362,342.47999999996534,1533.724775228887
8625,44.70457654285362,342.4999999999653,1533.7548098249556
8626,44.70457654285362,342.5199999999653,1533.7848440481794
8627,44.70457654285362,342.5399999999653,1533.814877898469
8628,44.70457654285362,342.55999999996527,1533.8449113757351
8629,44.70457654285362,342.57999999996525,1533.8749444798887
8630,44.70457654285362,342.59999999996523,1533.9049772108406
8631,44.70457654285362,342.6199999999652,1533.9350095685015
8632,44.70457654285362,342.6399999999652,1533.9650415527824
8633,44.70457654285362,342.6599999999652,1533.9950731635938
8634,44.70457654285362,342.67999999996516,1534.0251044008467
8635,44.70457654285362,342.69999999996514,1534.0551352644518
8636,44.70457654285362,342.7199999999651,1534.08516575432
8637,44.70457654285362,342.7399999999651,1534.1151958703622
8638,44.70457654285362,342.7599999999651,1534.145225612489
8639,44.70457654285362,342.77999999996507,1534.175254980611
8640,44.70457654285362,342.79999999996505,1534.205283974724
8641,44.70457654285362,342.81999999996503,1534.2353125983002
8642,44.70457654285362,342.839999999965,1534.2653408540525
8643,44.70457654285362,342.859999999965,1534.295368741892
8644,44.70457654285362,342.879999999965,1534.32539626173
8645,44.70457654285362,342.89999999996496,1534.3554234134779
8646,44.70457654285362,342.91999999996494,1534.3854501970466
8647,44.70457654285362,342.9399999999649,1534.4154766123474
8648,44.70457654285362,342.9599999999649,1534.4455026592918
8649,44.70457654285362,342.9799999999649,1534.475528337791
8650,44.70457654285362,342.99999999996487,1534.5055536477562
8651,44.70457654285362,343.01999999996485,1534.5355785890983
8652,44.70457654285362,343.03999999996483,1534.565603161729
8653,44.70457654285362,343.0599999999648,1534.5956273655595
8654,44.70457654285362,343.0799999999648,1534.6256512005007
8655,44.70457654285362,343.0999999999648,1534.655674666464
8656,44.70457654285362,343.11999999996476,1534.6856977633606
8657,44.70457654285362,343.13999999996474,1534.7157204911018
8658,44.70457654285362,343.1599999999647,1534.7457428495986
8659,44.70457654285362,343.1799999999647,1534.7757648387626
8660,44.70457654285362,343.1999999999647,1534.8057864585046
8661,44.70457654285362,343.21999999996467,1534.8358077087362
8662,44.70457654285362,343.23999999996465,1534.8658285893684
8663,44.70457654285362,343.25999999996463,1534.8958491003125
8664,44.70457654285362,343.2799999999646,1534.9258692414796
8665,44.70457654285362,343.2999999999646,1534.955889012781
8666,44.70457654285362,343.3199999999646,1534.9859084141278
8667,44.70457654285362,343.33999999996456,1535.0159274454313
8668,44.70457654285362,343.35999999996454,1535.0459461066027
8669,44.70457654285362,343.3799999999645,1535.0759643975532
8670,44.70457654285362,343.3999999999645,1535.105982318194
8671,44.70457654285362,343.4199999999645,1535.1359998684363
8672,44.70457654285362,343.43999999996447,1535.1660170481912
8673,44.70457654285362,343.45999999996445,1535.19603385737
8674,44.62753465192897,343.47999999996443,1535.2260502958839
8675,44.62753465192897,343.4999999999644,1535.256066363644
8676,44.62753465192897,343.5199999999644,1535.2860820605617
8677,44.62753465192897,343.5399999999644,1535.3160973865479
8678,44.62753465192897,343.55999999996436,1535.3461123415138
8679,44.62753465192897,343.57999999996434,1535.376126925371
8680,44.62753465192897,343.5999999999643,1535.4061411380303
8681,44.62753465192897,343.6199999999643,1535.436154979403
8682,44.62753465192897,343.6399999999643,1535.4661684494001
8683,44.62753465192897,343.65999999996427,1535.496181547933
8684,44.62753465192897,343.67999999996425,1535.5261942749128
8685,44.62753465192897,343.69999999996423,1535.5562066302507
8686,44.62753465192897,343.7199999999642,1535.586218613858
8687,44.62753465192897,343.7399999999642,1535.6162302256455
8688,44.62753465192897,343.7599999999642,1535.6462414655246
8689,44.62753465192897,343.77999999996416,1535.6762523334064
8690,44.62753465192897,343.79999999996414,1535.7062628292022
8691,44.62753465192897,343.8199999999641,1535.736272952973
8692,44.62753465192897,343.8399999999641,1535.7662827082388
8693,44.62753465192897,343.8599999999641,1535.7962920971713
8694,44.62753465192897,343.87999999996407,1535.8263011196823
8695,44.62753465192897,343.89999999996405,1535.8563097756833
8696,44.62753465192897,343.91999999996403,1535.8863180650858
8697,44.62753465192897,343.939999999964,1535.9163259878017
8698,44.62753465192897,343.959999999964,1535.9463335437426
8699,44.62753465192897,343.979999999964,1535.97634073282
8700,44.62753465192897,343.99999999996396,1536.006347554946
8701,44.62753465192897,344.01999999996394,1536.0363540100316
8702,44.62753465192897,344.0399999999639,1536.0663600979888
8703,44.62753465192897,344.0599999999639,1536.0963658187293
8704,44.62753465192897,344.0799999999639,1536.1263711721647
8705,44.62753465192897,344.09999999996387,1536.1563761582065
8706,44.62753465192897,344.11999999996385,1536.1863807767663
8707,44.62753465192897,344.13999999996383,1536.216385027756
8708,44.62753465192897,344.1599999999638,1536.246388911087
8709,44.62753465192897,344.1799999999638,1536.276392426671
8710,44.62753465192897,344.1999999999638,1536.3063955744196
8711,44.62753465192897,344.21999999996376,1536.3363983542447
8712,44.62753465192897,344.23999999996374,1536.3664007660575
8713,44.62753465192897,344.2599999999637,1536.3964028097698
8714,44.62753465192897,344.2799999999637,1536.4264044852935
8715,44.62753465192897,344.2999999999637,1536.4564057925397
8716,44.62753465192897,344.31999999996367,1536.4864067314204
8717,44.62753465192897,344.33999999996365,1536.516407301847
8718,44.62753465192897,344.35999999996363,1536.5464075037314
8719,44.62753465192897,344.3799999999636,1536.5764073369849
8720,44.62753465192897,344.3999999999636,1536.6064068015191
8721,44.62753465192897,344.4199999999636,1536.6364058972458
8722,44.62753465192897,344.43999999996356,1536.6664046240767
8723,44.62753465192897,344.45999999996354,1536.6964029819233
8724,44.62753465192897,344.4799999999635,1536.726400970697
8725,44.62753465192897,344.4999999999635,1536.7563985903096
8726,44.62753465192897,344.5199999999635,1536.7863958406726
8727,44.62753465192897,344.53999999996347,1536.8163927216979
8728,44.62753465192897,344.55999999996345,1536.8463892332966
8729,44.62753465192897,344.57999999996343,1536.8763853753806
8730,44.62753465192897,344.5999999999634,1536.9063811478613
8731,44.62753465192897,344.6199999999634,1536.9363765506507
8732,44.62753465192897,344.6399999999634,1536.96637158366
8733,44.62753465192897,344.65999999996336,1536.996366246801
8734,44.62753465192897,344.67999999996334,1537.0263605399853
8735,44.62753465192897,344.6999999999633,1537.0563544631243
8736,44.62753465192897,344.7199999999633,1537.0863480161297
8737,44.62753465192897,344.7399999999633,1537.116341198913
8738,44.62753465192897,344.75999999996327,1537.1463340113858
8739,44.62753465192897,344.77999999996325,1537.1763264534598
8740,44.62753465192897,344.79999999996323,1537.2063185250463
8741,44.62753465192897,344.8199999999632,1537.2363102260572
8742,44.62753465192897,344.8399999999632,1537.2663015566304
8743,44.62753465192897,344.8599999999632,1537.2962925206716
8744,44.62753465192897,344.87999999996316,1537.3262831200473
8745,44.62753465192897,344.89999999996314,1537.3562733546692
8746,44.62753465192897,344.9199999999631,1537.3862632244493
8747,44.62753465192897,344.9399999999631,1537.4162527292997
8748,44.62753465192897,344.9599999999631,1537.446241869132
8749,44.62753465192897,344.97999999996307,1537.4762306438586
8750,44.62753465192897,344.99999999996305,1537.506219053391
8751,44.62753465192897,345.01999999996303,1537.5362070976414
8752,44.62753465192897,345.039999999963,1537.5661947765216
8753,44.62753465192897,345.059999999963,1537.5961820899436
8754,44.62753465192897,345.079999999963,1537.6261690378192
8755,44.62753465192897,345.09999999996296,1537.6561556200604
8756,44.62753465192897,345.11999999996294,1537.6861418365793
8757,44.62753465192897,345.1399999999629,1537.7161276872876
8758,44.62753465192897,345.1599999999629,1537.746113172097
8759,44.62753465192897,345.1799999999629,1537.77609829092
8760,44.62753465192897,345.19999999996287,1537.806083043668
8761,44.62753465192897,345.21999999996285,1537.836067430253
8762,44.62753465192897,345.23999999996283,1537.866051450587
8763,44.62753465192897,345.2599999999628,1537.896035104582
8764,44.62753465192897,345.2799999999628,1537.92601839215
8765,44.62753465192897,345.2999999999628,1537.9560013132025
8766,44.62753465192897,345.31999999996276,1537.9859838676516
8767,44.62753465192897,345.33999999996274,1538.015966055409
8768,44.62753465192897,345.3599999999627,1538.0459478763871
8769,44.62753465192897,345.3799999999627,1538.0759293304973
8770,44.62753465192897,345.3999999999627,1538.1059104176518
8771,44.62753465192897,345.41999999996267,1538.1358911377624
8772,44.62753465192897,345.43999999996265,1538.165871490741
8773,44.62753465192897,345.45999999996263,1538.1958514764995
8774,44.62753465192897,345.4799999999626,1538.2258310949496
8775,44.62753465192897,345.4999999999626,1538.2558103460033
8776,44.62753465192897,345.5199999999626,1538.2857892295726
8777,44.62753465192897,345.53999999996256,1538.3157677455692
8778,44.62753465192897,345.55999999996254,1538.3457458939051
8779,44.62753465192897,345.5799999999625,1538.3757236744923
8780,44.62753465192897,345.5999999999625,1538.4057010872425
8781,44.62753465192897,345.6199999999625,1538.4356781320676
8782,44.62753465192897,345.63999999996247,1538.4656548088794
8783,44.62753465192897,345.65999999996245,1538.49563111759
8784,44.62753465192897,345.67999999996243,1538.5256070581108
8785,44.62753465192897,345.6999999999624,1538.5555826303541
8786,44.62753465192897,345.7199999999624,1538.5855578342316
8787,44.62753465192897,345.7399999999624,1538.6155326696553
8788,44.62753465192897,345.75999999996236,1538.645507136537
8789,44.62753465192897,345.77999999996234,1538.6754812347883
8790,44.62753465192897,345.7999999999623,1538.7054549643215
8791,44.62753465192897,345.8199999999623,1538.7354283250481
8792,44.62753465192897,345.8399999999623,1538.7654013168803
8793,44.62753465192897,345.85999999996227,1538.7953739400364
8794,44.62753465192897,345.87999999996225,1538.825346198818
8795,44.62753465192897,345.89999999996223,1538.8553180947663
8796,44.62753465192897,345.9199999999622,1538.885289627794
8797,44.62753465192897,345.9399999999622,1538.915260797813
8798,44.62753465192897,345.9599999999622,1538.9452316047357
8799,44.62753465192897,345.97999999996216,1538.975202048474
8800,44.62753465192897,345.99999999996214,1539.0051721289406
8801,44.55071379136448,346.0199999999621,1539.0351418460473
8802,44.55071379136448,346.0399999999621,1539.0651111997065
8803,44.55071379136448,346.0599999999621,1539.0950801898305
8804,44.55071379136448,346.07999999996207,1539.1250488163314
8805,44.55071379136448,346.09999999996205,1539.1550170791215
8806,44.55071379136448,346.11999999996203,1539.1849849781129
8807,44.55071379136448,346.139999999962,1539.214952513218
8808,44.55071379136448,346.159999999962,1539.2449196843486
8809,44.55071379136448,346.179999999962,1539.2748864914172
8810,44.55071379136448,346.19999999996196,1539.304852934336
8811,44.55071379136448,346.21999999996194,1539.334819013017
8812,44.55071379136448,346.2399999999619,1539.3647847273728
8813,44.55071379136448,346.2599999999619,1539.3947500773154
8814,44.55071379136448,346.2799999999619,1539.4247150627568
8815,44.55071379136448,346.29999999996187,1539.4546796836096
8816,44.55071379136448,346.31999999996185,1539.4846439397857
8817,44.55071379136448,346.33999999996183,1539.5146078311973
8818,44.55071379136448,346.3599999999618,1539.5445713577567
8819,44.55071379136448,346.3799999999618,1539.574534519376
8820,44.55071379136448,346.3999999999618,1539.6044973159674
8821,44.55071379136448,346.41999999996176,1539.634459747443
8822,44.55071379136448,346.43999999996174,1539.6644218137153
8823,44.55071379136448,346.4599999999617,1539.694383514696
8824,44.55071379136448,346.4799999999617,1539.7243448502977
8825,44.55071379136448,346.4999999999617,1539.7543058204324
8826,44.55071379136448,346.51999999996167,1539.7842664250122
8827,44.55071379136448,346.53999999996165,1539.8142266639495
8828,44.55071379136448,346.55999999996163,1539.8441865371562
8829,44.55071379136448,346.5799999999616,1539.8741460445447
8830,44.55071379136448,346.5999999999616,1539.904105186027
8831,44.55071379136448,346.6199999999616,1539.9340639615154
8832,44.55071379136448,346.63999999996156,1539.964022370922
8833,44.55071379136448,346.65999999996154,1539.993980414159
8834,44.55071379136448,346.6799999999615,1540.02393809332
8835,44.55071379136448,346.6999999999615,1540.0538954124756
8836,44.55071379136448,346.7199999999615,1540.083852371757
8837,44.55071379136448,346.73999999996147,1540.1138089710762
8838,44.55071379136448,346.75999999996145,1540.1437652103446
8839,44.55071379136448,346.77999999996143,1540.1737210894742
8840,44.55071379136448,346.7999999999614,1540.2036766083768
8841,44.55071379136448,346.8199999999614,1540.233631766964
8842,44.55071379136448,346.8399999999614,1540.2635865651475
8843,44.55071379136448,346.85999999996136,1540.2935410028392
8844,44.55071379136448,346.87999999996134,1540.3234950803064
8845,44.55071379136448,346.8999999999613,1540.3534488018345
8846,44.55071379136448,346.9199999999613,1540.3834021685075
8847,44.55071379136448,346.9399999999613,1540.4133551802374
8848,44.55071379136448,346.95999999996127,1540.4433078369364
8849,44.55071379136448,346.97999999996125,1540.4732601385165
8850,44.55071379136448,346.99999999996123,1540.5032120848898
8851,44.55071379136448,347.0199999999612,1540.5331636759686
8852,44.55071379136448,347.0399999999612,1540.5631149116646
8853,44.55071379136448,347.0599999999612,1540.5930657918902
8854,44.55071379136448,347.07999999996116,1540.6230163165574
8855,44.55071379136448,347.09999999996114,1540.6529664855784
8856,44.55071379136448,347.1199999999611,1540.6829162988652
8857,44.55071379136448,347.1399999999611,1540.7128657563298
8858,44.55071379136448,347.1599999999611,1540.7428148578845
8859,44.55071379136448,347.17999999996107,1540.772763603441
8860,44.55071379136448,347.19999999996105,1540.8027119929118
8861,44.55071379136448,347.21999999996103,1540.8326600262087
8862,44.55071379136448,347.239999999961,1540.862607703244
8863,44.55071379136448,347.259999999961,1540.8925550239296
8864,44.55071379136448,347.279999999961,1540.9225019881776
8865,44.55071379136448,347.29999999996096,1540.9524485959003
8866,44.55071379136448,347.31999999996094,1540.9823948470093
8867,44.55071379136448,347.3399999999609,1541.0123407414171
8868,44.55071379136448,347.3599999999609,1541.0422862790356
8869,44.55071379136448,347.3799999999609,1541.0722314597767
8870,44.55071379136448,347.39999999996087,1541.1021762835528
8871,44.55071379136448,347.41999999996085,1541.1321207502758
8872,44.55071379136448,347.43999999996083,1541.1620648598578
8873,44.55071379136448,347.4599999999608,1541.1920086122107
8874,44.55071379136448,347.4799999999608,1541.2219520072467
8875,44.55071379136448,347.4999999999608,1541.251895044878
8876,44.55071379136448,347.51999999996076,1541.2818377250164
8877,44.55071379136448,347.53999999996074,1541.311780047574
8878,44.55071379136448,347.5599999999607,1541.341722012463
8879,44.55071379136448,347.5799999999607,1541.3716636195952
8880,44.55071379136448,347.5999999999607,1541.4016048688827
8881,44.55071379136448,347.61999999996067,1541.4315457602377
8882,44.55071379136448,347.63999999996065,1541.461486293572
8883,44.55071379136448,347.65999999996063,1541.491426468798
8884,44.55071379136448,347.6799999999606,1541.5213662858275
8885,44.55071379136448,347.6999999999606,1541.5513057445726
8886,44.55071379136448,347.7199999999606,1541.581244844945
8887,44.55071379136448,347.73999999996056,1541.6111835868574
8888,44.55071379136448,347.75999999996054,1541.6411219702213
8889,44.55071379136448,347.7799999999605,1541.671059994949
8890,44.55071379136448,347.7999999999605,1541.7009976609525
8891,44.55071379136448,347.8199999999605,1541.7309349681436
8892,44.55071379136448,347.83999999996047,1541.7608719164346
8893,44.55071379136448,347.85999999996045,1541.7908085057372
8894,44.55071379136448,347.87999999996043,1541.8207447359637
8895,44.55071379136448,347.8999999999604,1541.850680607477
8896,44.55071379136448,347.9199999999604,1541.8806161251207
8897,44.55071379136448,347.9399999999604,1541.9105512896806
8898,44.55071379136448,347.95999999996036,1541.9404861010692
8899,44.55071379136448,347.97999999996034,1541.9704205591988
8900,44.55071379136448,347.9999999999603,1542.0003546639819
8901,44.55071379136448,348.0199999999603,1542.0302884153307
8902,44.55071379136448,348.0399999999603,1542.0602218131578
8903,44.55071379136448,348.05999999996027,1542.0901548573756
8904,44.55071379136448,348.07999999996025,1542.1200875478967
8905,44.55071379136448,348.09999999996023,1542.1500198846331
8906,44.55071379136448,348.1199999999602,1542.1799518674975
8907,44.55071379136448,348.1399999999602,1542.209883496402
8908,44.55071379136448,348.1599999999602,1542.239814771259
8909,44.55071379136448,348.17999999996016,1542.2697456919811
8910,44.55071379136448,348.19999999996014,1542.2996762584808
8911,44.55071379136448,348.2199999999601,1542.3296064706701
8912,44.55071379136448,348.2399999999601,1542.3595363284617
8913,44.55071379136448,348.2599999999601,1542.389465831768
8914,44.55071379136448,348.27999999996007,1542.419394980501
8915,44.55071379136448,348.29999999996005,1542.4493237745735
8916,44.55071379136448,348.31999999996003,1542.4792522138976
8917,44.55071379136448,348.33999999996,1542.5091802983857
8918,44.55071379136448,348.35999999996,1542.5391080279503
8919,44.55071379136448,348.37999999996,1542.5690354025037
8920,44.55071379136448,348.39999999995996,1542.5989624219583
8921,44.55071379136448,348.41999999995994,1542.6288890862263
8922,44.55071379136448,348.4399999999599,1542.6588153952202
8923,44.55071379136448,348.4599999999599,1542.6887413488525
8924,44.55071379136448,348.4799999999599,1542.7186669470354
8925,44.55071379136448,348.49999999995987,1542.7485921896814
8926,44.55071379136448,348.51999999995985,1542.7785170767027
8927,44.55071379136448,348.53999999995983,1542.8084416080117
8928,44.55071379136448,348.5599999999598,1542.8383657835207
8929,44.55071379136448,348.5799999999598,1542.868289603142
8930,44.55071379136448,348.5999999999598,1542.8982130667885
8931,44.55071379136448,348.61999999995976,1542.9281361743717
8932,44.55071379136448,348.63999999995974,1542.9580589258046
8933,44.55071379136448,348.6599999999597,1542.9879813209993
8934,44.47411307439865,348.6799999999597,1543.0179033598681
8935,44.47411307439865,348.6999999999597,1543.0478250423234
8936,44.47411307439865,348.71999999995967,1543.0777463682775
8937,44.47411307439865,348.73999999995965,1543.1076673376429
8938,44.47411307439865,348.75999999995963,1543.1375879503316
8939,44.47411307439865,348.7799999999596,1543.1675082062563
8940,44.47411307439865,348.7999999999596,1543.1974281053292
8941,44.47411307439865,348.8199999999596,1543.2273476474625
8942,44.47411307439865,348.83999999995956,1543.2572668325686
8943,44.47411307439865,348.85999999995954,1543.2871856605598
8944,44.47411307439865,348.8799999999595,1543.3171041313485
8945,44.47411307439865,348.8999999999595,1543.347022244847
8946,44.47411307439865,348.9199999999595,1543.37694000147
8947,44.47411307439865,348.93999999995947,1543.4068574059845
8948,44.47411307439865,348.95999999995945,1543.4367744587867
8949,44.47411307439865,348.97999999995943,1543.466691159789
8950,44.47411307439865,348.9999999999594,1543.4966075089044
8951,44.47411307439865,349.0199999999594,1543.5265235060456
8952,44.47411307439865,349.0399999999594,1543.5564391511252
8953,44.47411307439865,349.05999999995936,1543.586354444056
8954,44.47411307439865,349.07999999995934,1543.6162693847507
8955,44.47411307439865,349.0999999999593,1543.6461839731219
8956,44.47411307439865,349.1199999999593,1543.6760982090825
8957,44.47411307439865,349.1399999999593,1543.706012092545
8958,44.47411307439865,349.15999999995927,1543.7359256234222
8959,44.47411307439865,349.17999999995925,1543.7658388016266
8960,44.47411307439865,349.19999999995923,1543.7957516270712
8961,44.47411307439865,349.2199999999592,1543.8256640996685
8962,44.47411307439865,349.2399999999592,1543.8555762193312
8963,44.47411307439865,349.2599999999592,1543.8854879859718
8964,44.47411307439865,349.27999999995916,1543.9153993995035
8965,44.47411307439865,349.29999999995914,1543.9453104598385
8966,44.47411307439865,349.3199999999591,1543.9752211668897
8967,44.47411307439865,349.3399999999591,1544.0051315205696
8968,44.47411307439865,349.3599999999591,1544.035041520791
8969,44.47411307439865,349.37999999995907,1544.0649511674667
8970,44.47411307439865,349.39999999995905,1544.0948604605092
8971,44.47411307439865,349.41999999995903,1544.1247693998312
8972,44.47411307439865,349.439999999959,1544.1546779853454
8973,44.47411307439865,349.459999999959,1544.1845862169644
8974,44.47411307439865,349.479999999959,1544.214494094601
8975,44.47411307439865,349.49999999995896,1544.2444016181676
8976,44.47411307439865,349.51999999995894,1544.2743087875772
8977,44.47411307439865,349.5399999999589,1544.3042156027423
8978,44.47411307439865,349.5599999999589,1544.3341220635755
8979,44.47411307439865,349.5799999999589,1544.3640281699895
8980,44.47411307439865,349.59999999995887,1544.3939339218969
8981,44.47411307439865,349.61999999995885,1544.4238393192104
8982,44.47411307439865,349.63999999995883,1544.4537443618428
8983,44.47411307439865,349.6599999999588,1544.4836490497066
8984,44.47411307439865,349.6799999999588,1544.5135533827145
8985,44.47411307439865,349.6999999999588,1544.543457360779
8986,44.47411307439865,349.71999999995876,1544.573360983813
8987,44.47411307439865,349.73999999995874,1544.603264251729
8988,44.47411307439865,349.7599999999587,1544.6331671644393
8989,44.47411307439865,349.7799999999587,1544.663069721857
8990,44.47411307439865,349.7999999999587,1544.6929719238947
8991,44.47411307439865,349.81999999995867,1544.722873770465
8992,44.47411307439865,349.83999999995865,1544.7527752614803
8993,44.47411307439865,349.85999999995863,1544.7826763968535
8994,44.47411307439865,349.8799999999586,1544.8125771764971
8995,44.47411307439865,349.8999999999586,1544.842477600324
8996,44.47411307439865,349.9199999999586,1544.8723776682464
8997,44.47411307439865,349.93999999995856,1544.9022773810452
8998,44.47411307439865,349.95999999995854,1544.9321767433278
8999,44.47411307439865,349.9799999999585,1544.9620757554321
9000,44.47411307439865,349.9999999999585,1544.9919744172712
9001,44.47411307439865,350.0199999999585,1545.021872728758
9002,44.47411307439865,350.03999999995847,1545.0517706898052
9003,44.47411307439865,350.05999999995845,1545.081668300326
9004,44.47411307439865,350.07999999995843,1545.1115655602334
9005,44.47411307439865,350.0999999999584,1545.1414624694403
9006,44.47411307439865,350.1199999999584,1545.1713590278598
9007,44.47411307439865,350.1399999999584,1545.2012552354047
9008,44.47411307439865,350.15999999995836,1545.2311510919878
9009,44.47411307439865,350.17999999995834,1545.2610465975224
9010,44.47411307439865,350.1999999999583,1545.2909417519213
9011,44.47411307439865,350.2199999999583,1545.3208365550975
9012,44.47411307439865,350.2399999999583,1545.3507310069638
9013,44.47411307439865,350.25999999995827,1545.3806251074334
9014,44.47411307439865,350.27999999995825,1545.410518856419
9015,44.47411307439865,350.29999999995823,1545.4404122538335
9016,44.47411307439865,350.3199999999582,1545.47030529959
9017,44.47411307439865,350.3399999999582,1545.5001979936017
9018,44.47411307439865,350.3599999999582,1545.530090335781
9019,44.47411307439865,350.37999999995816,1545.5599823260413
9020,44.47411307439865,350.39999999995814,1545.5898739642953
9021,44.47411307439865,350.4199999999581,1545.6197652504559
9022,44.47411307439865,350.4399999999581,1545.649656184436
9023,44.47411307439865,350.4599999999581,1545.6795467661486
9024,44.47411307439865,350.47999999995807,1545.7094369955066
9025,44.47411307439865,350.49999999995805,1545.7393268724231
9026,44.47411307439865,350.51999999995803,1545.7692163968109
9027,44.47411307439865,350.539999999958,1545.7991055685827
9028,44.47411307439865,350.559999999958,1545.8289943876518
9029,44.47411307439865,350.579999999958,1545.858882853931
9030,44.47411307439865,350.59999999995796,1545.8887709673331
9031,44.47411307439865,350.61999999995794,1545.9186587277711
9032,44.47411307439865,350.6399999999579,1545.9485461351578
9033,44.47411307439865,350.6599999999579,1545.9784331894064
9034,44.47411307439865,350.6799999999579,1546.0083198904294
9035,44.47411307439865,350.69999999995787,1546.03820623814
9036,44.47411307439865,350.71999999995785,1546.0680922324511
9037,44.47411307439865,350.73999999995783,1546.0979778732756
9038,44.47411307439865,350.7599999999578,1546.1278631605262
9039,44.47411307439865,350.7799999999578,1546.157748094116
9040,44.47411307439865,350.7999999999578,1546.1876326739578
9041,44.47411307439865,350.81999999995776,1546.2175168999645
9042,44.47411307439865,350.83999999995774,1546.247400772049
9043,44.47411307439865,350.8599999999577,1546.2772842901245
9044,44.47411307439865,350.8799999999577,1546.3071674541034
9045,44.47411307439865,350.8999999999577,1546.3370502638988
9046,44.47411307439865,350.91999999995767,1546.3669327194236
9047,44.47411307439865,350.93999999995765,1546.3968148205906
9048,44.47411307439865,350.95999999995763,1546.4266965685676
9049,44.47411307439865,350.9799999999576,1546.4565779678003
9050,44.47411307439865,350.9999999999576,1546.4864590185662
9051,44.47411307439865,351.0199999999576,1546.5163397207784
9052,44.47411307439865,351.03999999995756,1546.5462200743507
9053,44.47411307439865,351.05999999995754,1546.576100079196
9054,44.47411307439865,351.0799999999575,1546.605979735228
9055,44.47411307439865,351.0999999999575,1546.6358590423597
9056,44.47411307439865,351.1199999999575,1546.6657380005045
9057,44.47411307439865,351.13999999995747,1546.6956166095756
9058,44.47411307439865,351.15999999995745,1546.7254948694865
9059,44.47411307439865,351.17999999995743,1546.7553727801503
9060,44.47411307439865,351.1999999999574,1546.7852503414804
9061,44.47411307439865,351.2199999999574,1546.81512755339
9062,44.39773161883883,351.2399999999574,1546.8450044157928
9063,44.39773161883883,351.25999999995736,1546.8748809286017
9064,44.39773161883883,351.27999999995734,1546.9047570917298
9065,44.39773161883883,351.2999999999573,1546.934632905091
9066,44.39773161883883,351.3199999999573,1546.964508368598
9067,44.39773161883883,351.3399999999573,1546.9943834821643
9068,44.39773161883883,351.35999999995727,1547.0242582457033
9069,44.39773161883883,351.37999999995725,1547.0541326591283
9070,44.39773161883883,351.39999999995723,1547.0840067223523
9071,44.39773161883883,351.4199999999572,1547.1138804352888
9072,44.39773161883883,351.4399999999572,1547.143753797851
9073,44.39773161883883,351.4599999999572,1547.1736268099523
9074,44.39773161883883,351.47999999995716,1547.203499471506
9075,44.39773161883883,351.49999999995714,1547.233371782425
9076,44.39773161883883,351.5199999999571,1547.2632437426228
9077,44.39773161883883,351.5399999999571,1547.2931153520128
9078,44.39773161883883,351.5599999999571,1547.3229866105082
9079,44.39773161883883,351.57999999995707,1547.3528575180221
9080,44.39773161883883,351.59999999995705,1547.3827280744679
9081,44.39773161883883,351.61999999995703,1547.4125982797589
9082,44.39773161883883,351.639999999957,1547.4424681338082
9083,44.39773161883883,351.659999999957,1547.4723376365293
9084,44.39773161883883,351.679999999957,1547.5022067878353
9085,44.39773161883883,351.69999999995696,1547.5320755876394
9086,44.39773161883883,351.71999999995694,1547.5619440358548
9087,44.39773161883883,351.7399999999569,1547.591812132395
9088,44.39773161883883,351.7599999999569,1547.6216798771732
9089,44.39773161883883,351.7799999999569,1547.6515472701024
9090,44.39773161883883,351.79999999995687,1547.681414311096
9091,44.39773161883883,351.81999999995685,1547.7112810000672
9092,44.39773161883883,351.83999999995683,1547.7411473369293
9093,44.39773161883883,351.8599999999568,1547.7710133215955
9094,44.39773161883883,351.8799999999568,1547.8008789539792
9095,44.39773161883883,351.8999999999568,1547.8307442339935
9096,44.39773161883883,351.91999999995676,1547.8606091615516
9097,44.39773161883883,351.93999999995674,1547.8904737365667
9098,44.39773161883883,351.9599999999567,1547.9203379589521
9099,44.39773161883883,351.9799999999567,1547.9502018301268
9100,44.39773161883883,351.9999999999567,1547.9800653539533
9101,44.39773161883883,352.01999999995667,1548.0099285306167
9102,44.39773161883883,352.03999999995665,1548.0397913600304
9103,44.39773161883883,352.05999999995663,1548.0696538421084
9104,44.39773161883883,352.0799999999566,1548.099515976764
9105,44.39773161883883,352.0999999999566,1548.129377763911
9106,44.39773161883883,352.1199999999566,1548.1592392034627
9107,44.39773161883883,352.13999999995656,1548.1891002953328
9108,44.39773161883883,352.15999999995654,1548.218961039435
9109,44.39773161883883,352.1799999999565,1548.2488214356829
9110,44.39773161883883,352.1999999999565,1548.2786814839899
9111,44.39773161883883,352.2199999999565,1548.3085411842696
9112,44.39773161883883,352.23999999995647,1548.3384005364358
9113,44.39773161883883,352.25999999995645,1548.3682595404018
9114,44.39773161883883,352.27999999995643,1548.3981181960814
9115,44.39773161883883,352.2999999999564,1548.4279765033882
9116,44.39773161883883,352.3199999999564,1548.4578344622355
9117,44.39773161883883,352.3399999999564,1548.4876920725371
9118,44.39773161883883,352.35999999995636,1548.5175493342065
9119,44.39773161883883,352.37999999995634,1548.5474062471571
9120,44.39773161883883,352.3999999999563,1548.5772628113027
9121,44.39773161883883,352.4199999999563,1548.6071190265568
9122,44.39773161883883,352.4399999999563,1548.636974892833
9123,44.39773161883883,352.45999999995627,1548.6668304100447
9124,44.39773161883883,352.47999999995625,1548.6966855781056
9125,44.39773161883883,352.49999999995623,1548.7265403969293
9126,44.39773161883883,352.5199999999562,1548.7563948664292
9127,44.39773161883883,352.5399999999562,1548.786248986519
9128,44.39773161883883,352.5599999999562,1548.8161027571123
9129,44.39773161883883,352.57999999995616,1548.8459561781224
9130,44.39773161883883,352.59999999995614,1548.875809249463
9131,44.39773161883883,352.6199999999561,1548.9056619710475
9132,44.39773161883883,352.6399999999561,1548.9355143427897
9133,44.39773161883883,352.6599999999561,1548.965366364603
9134,44.39773161883883,352.67999999995607,1548.9952180364007
9135,44.39773161883883,352.69999999995605,1549.0250693580967
9136,44.39773161883883,352.71999999995603,1549.0549203296046
9137,44.39773161883883,352.739999999956,1549.0847709508375
9138,44.39773161883883,352.759999999956,1549.1146212217093
9139,44.39773161883883,352.779999999956,1549.1444711421334
9140,44.39773161883883,352.79999999995596,1549.1743207120235
9141,44.39773161883883,352.81999999995594,1549.2041699312929
9142,44.39773161883883,352.8399999999559,1549.2340187998552
9143,44.39773161883883,352.8599999999559,1549.2638673176239
9144,44.39773161883883,352.8799999999559,1549.2937154845126
9145,44.39773161883883,352.89999999995587,1549.323563300435
9146,44.39773161883883,352.91999999995585,1549.353410765304
9147,44.39773161883883,352.93999999995583,1549.3832578790336
9148,44.39773161883883,352.9599999999558,1549.4131046415373
9149,44.39773161883883,352.9799999999558,1549.4429510527286
9150,44.39773161883883,352.9999999999558,1549.4727971144755
9151,44.39773161883883,353.01999999995576,1549.5026428305928
9152,44.39773161883883,353.03999999995574,1549.5324882012108
9153,44.39773161883883,353.0599999999557,1549.5623332262433
9154,44.39773161883883,353.0799999999557,1549.592177905604
9155,44.39773161883883,353.0999999999557,1549.6220222392074
9156,44.39773161883883,353.11999999995567,1549.6518662269668
9157,44.39773161883883,353.13999999995565,1549.6817098687964
9158,44.39773161883883,353.15999999995563,1549.71155316461
9159,44.39773161883883,353.1799999999556,1549.7413961143213
9160,44.39773161883883,353.1999999999556,1549.7712387178444
9161,44.39773161883883,353.2199999999556,1549.801080975093
9162,44.39773161883883,353.23999999995556,1549.8309228859814
9163,44.39773161883883,353.25999999995554,1549.860764450423
9164,44.39773161883883,353.2799999999555,1549.8906056683318
9165,44.39773161883883,353.2999999999555,1549.9204465396217
9166,44.39773161883883,353.3199999999555,1549.9502870642066
9167,44.39773161883883,353.33999999995547,1549.9801272420002
9168,44.39773161883883,353.35999999995545,1550.0099670732468
9169,44.39773161883883,353.37999999995543,1550.0398065621462
9170,44.39773161883883,353.3999999999554,1550.0696457099261
9171,44.39773161883883,353.4199999999554,1550.0994845164996
9172,44.39773161883883,353.4399999999554,1550.12932298178
9173,44.39773161883883,353.45999999995536,1550.1591611056801
9174,44.39773161883883,353.47999999995534,1550.188998888113
9175,44.39773161883883,353.4999999999553,1550.218836328992
9176,44.39773161883883,353.5199999999553,1550.24867342823
9177,44.39773161883883,353.5399999999553,1550.27851018574
9178,44.39773161883883,353.55999999995527,1550.3083466014352
9179,44.39773161883883,353.57999999995525,1550.3381826752286
9180,44.39773161883883,353.59999999995523,1550.3680184070333
9181,44.39773161883883,353.6199999999552,1550.3978537967623
9182,44.39773161883883,353.6399999999552,1550.427688844329
9183,44.39773161883883,353.6599999999552,1550.4575235496459
9184,44.39773161883883,353.67999999995516,1550.4873579126265
9185,44.39773161883883,353.69999999995514,1550.5171919331838
9186,44.39773161883883,353.7199999999551,1550.5470256112305
9187,44.39773161883883,353.7399999999551,1550.57685894668
9188,44.39773161883883,353.7599999999551,1550.6066919394452
9189,44.39773161883883,353.77999999995507,1550.6365245894392
9190,44.39773161883883,353.79999999995505,1550.666356896575
9191,44.39773161883883,353.81999999995503,1550.696188860766
9192,44.39773161883883,353.839999999955,1550.7260204819247
9193,44.39773161883883,353.859999999955,1550.7558517599643
9194,44.39773161883883,353.879999999955,1550.785682694798
9195,44.3215685470325,353.89999999995496,1550.8155132863387
9196,44.3215685470325,353.91999999995494,1550.8453435344995
9197,44.3215685470325,353.9399999999549,1550.8751734391935
9198,44.3215685470325,353.9599999999549,1550.9050030003336
9199,44.3215685470325,353.9799999999549,1550.934832217833
9200,44.3215685470325,353.99999999995487,1550.9646610916045
9201,44.3215685470325,354.01999999995485,1550.9944896237246
9202,44.3215685470325,354.03999999995483,1551.0243178174883
9203,44.3215685470325,354.0599999999548,1551.0541456729452
9204,44.3215685470325,354.0799999999548,1551.0839731900096
9205,44.3215685470325,354.0999999999548,1551.1138003685958
9206,44.3215685470325,354.11999999995476,1551.143627208618
9207,44.3215685470325,354.13999999995474,1551.1734537099906
9208,44.3215685470325,354.1599999999547,1551.2032798726275
9209,44.3215685470325,354.1799999999547,1551.233105696443
9210,44.3215685470325,354.1999999999547,1551.2629311813519
9211,44.3215685470325,354.21999999995467,1551.2927563272676
9212,44.3215685470325,354.23999999995465,1551.322581134105
9213,44.3215685470325,354.25999999995463,1551.352405601778
9214,44.3215685470325,354.2799999999546,1551.3822297302008
9215,44.3215685470325,354.2999999999546,1551.4120535192878
9216,44.3215685470325,354.3199999999546,1551.4418769689532
9217,44.3215685470325,354.33999999995456,1551.4717000791113
9218,44.3215685470325,354.35999999995454,1551.5015228496761
9219,44.3215685470325,354.3799999999545,1551.531345280562
9220,44.3215685470325,354.3999999999545,1551.561167371683
9221,44.3215685470325,354.4199999999545,1551.5909891229537
9222,44.3215685470325,354.43999999995447,1551.6208105342882
9223,44.3215685470325,354.45999999995445,1551.6506316056007
9224,44.3215685470325,354.47999999995443,1551.6804523368053
9225,44.3215685470325,354.4999999999544,1551.7102727278161
9226,44.3215685470325,354.5199999999544,1551.7400927785475
9227,44.3215685470325,354.5399999999544,1551.7699124889136
9228,44.3215685470325,354.55999999995436,1551.7997318588289
9229,44.3215685470325,354.57999999995434,1551.8295508882072
9230,44.3215685470325,354.5999999999543,1551.859369576963
9231,44.3215685470325,354.6199999999543,1551.8891879250104
9232,44.3215685470325,354.6399999999543,1551.9190059322636
9233,44.3215685470325,354.65999999995427,1551.9488235986369
9234,44.3215685470325,354.67999999995425,1551.9786409240444
9235,44.3215685470325,354.69999999995423,1552.0084579084003
9236,44.3215685470325,354.7199999999542,1552.0382745516188
9237,44.3215685470325,354.7399999999542,1552.0680908536142
9238,44.3215685470325,354.7599999999542,1552.0979068143006
9239,44.3215685470325,354.77999999995416,1552.127722433592
9240,44.3215685470325,354.79999999995414,1552.157537711403
9241,44.3215685470325,354.8199999999541,1552.1873526476475
9242,44.3215685470325,354.8399999999541,1552.2171672422396
9243,44.3215685470325,354.8599999999541,1552.2469814950937
9244,44.3215685470325,354.87999999995407,1552.276795406124
9245,44.3215685470325,354.89999999995405,1552.3066089752444
9246,44.3215685470325,354.91999999995403,1552.3364222023692
9247,44.3215685470325,354.939999999954,1552.3662350874129
9248,44.3215685470325,354.959999999954,1552.396047630289
9249,44.3215685470325,354.979999999954,1552.4258598309125
9250,44.3215685470325,354.99999999995396,1552.4556716891968
9251,44.3215685470325,355.01999999995394,1552.4854832050567
9252,44.3215685470325,355.0399999999539,1552.5152943809537
9253,44.3215685470325,355.0599999999539,1552.5451052199771
9254,44.3215685470325,355.0799999999539,1552.5749157221107
9255,44.3215685470325,355.09999999995387,1552.6047258872686
9256,44.3215685470325,355.11999999995385,1552.634535715365
9257,44.3215685470325,355.13999999995383,1552.664345206314
9258,44.3215685470325,355.1599999999538,1552.6941543600296
9259,44.3215685470325,355.1799999999538,1552.7239631764262
9260,44.3215685470325,355.1999999999538,1552.7537716554175
9261,44.3215685470325,355.21999999995376,1552.7835797969178
9262,44.3215685470325,355.23999999995374,1552.8133876008415
9263,44.3215685470325,355.2599999999537,1552.8431950671022
9264,44.3215685470325,355.2799999999537,1552.8730021956144
9265,44.3215685470325,355.2999999999537,1552.902808986292
9266,44.3215685470325,355.31999999995367,1552.9326154390492
9267,44.3215685470325,355.33999999995365,1552.9624215538001
9268,44.3215685470325,355.35999999995363,1552.992227330459
9269,44.3215685470325,355.3799999999536,1553.0220327689394
9270,44.3215685470325,355.3999999999536,1553.0518378691559
9271,44.3215685470325,355.4199999999536,1553.0816426310225
9272,44.3215685470325,355.43999999995356,1553.1114470544533
9273,44.3215685470325,355.45999999995354,1553.1412511393623
9274,44.3215685470325,355.4799999999535,1553.1710548856638
9275,44.3215685470325,355.4999999999535,1553.2008582932715
9276,44.3215685470325,355.5199999999535,1553.2306613620997
9277,44.3215685470325,355.53999999995347,1553.2604640920626
9278,44.3215685470325,355.55999999995345,1553.2902664830742
9279,44.3215685470325,355.57999999995343,1553.3200685350484
9280,44.3215685470325,355.5999999999534,1553.3498702478996
9281,44.3215685470325,355.6199999999534,1553.3796716215418
9282,44.3215685470325,355.6399999999534,1553.4094726558887
9283,44.3215685470325,355.65999999995336,1553.4392733508548
9284,44.3215685470325,355.67999999995334,1553.469073706354
9285,44.3215685470325,355.6999999999533,1553.4988737223005
9286,44.3215685470325,355.7199999999533,1553.5286733986081
9287,44.3215685470325,355.7399999999533,1553.5584727351913
9288,44.3215685470325,355.75999999995327,1553.588271731964
9289,44.3215685470325,355.77999999995325,1553.61807038884
9290,44.3215685470325,355.79999999995323,1553.6478687057333
9291,44.3215685470325,355.8199999999532,1553.6776666825585
9292,44.3215685470325,355.8399999999532,1553.7074643192293
9293,44.3215685470325,355.8599999999532,1553.7372616156597
9294,44.3215685470325,355.87999999995316,1553.767058571764
9295,44.3215685470325,355.89999999995314,1553.796855187456
9296,44.3215685470325,355.9199999999531,1553.8266514626498
9297,44.3215685470325,355.9399999999531,1553.8564473972597
9298,44.3215685470325,355.9599999999531,1553.8862429911994
9299,44.3215685470325,355.97999999995307,1553.9160382443831
9300,44.3215685470325,355.99999999995305,1553.9458331567248
9301,44.3215685470325,356.01999999995303,1553.9756277281385
9302,44.3215685470325,356.039999999953,1554.0054219585386
9303,44.3215685470325,356.059999999953,1554.0352158508247
9304,44.3215685470325,356.079999999953,1554.06500940791
9305,44.3215685470325,356.09999999995296,1554.0948026297106
9306,44.3215685470325,356.11999999995294,1554.1245955161403
9307,44.3215685470325,356.1399999999529,1554.1543880671138
9308,44.3215685470325,356.1599999999529,1554.1841802825456
9309,44.3215685470325,356.1799999999529,1554.21397216235
9310,44.3215685470325,356.19999999995287,1554.2437637064413
9311,44.3215685470325,356.21999999995285,1554.2735549147337
9312,44.3215685470325,356.23999999995283,1554.3033457871418
9313,44.3215685470325,356.2599999999528,1554.3331363235798
9314,44.3215685470325,356.2799999999528,1554.3629265239622
9315,44.3215685470325,356.2999999999528,1554.3927163882033
9316,44.3215685470325,356.31999999995276,1554.4225059162175
9317,44.3215685470325,356.33999999995274,1554.452295107919
9318,44.3215685470325,356.3599999999527,1554.4820839632225
9319,44.3215685470325,356.3799999999527,1554.511872482042
9320,44.3215685470325,356.3999999999527,1554.541660664292
9321,44.3215685470325,356.41999999995267,1554.5714485098867
9322,44.3215685470325,356.43999999995265,1554.6012360187406
9323,44.3215685470325,356.45999999995263,1554.631023190768
9324,44.24562298583876,356.4799999999526,1554.6608100258834
9325,44.24562298583876,356.4999999999526,1554.6905965240007
9326,44.24562298583876,356.5199999999526,1554.7203826850348
9327,44.24562298583876,356.53999999995256,1554.7501685088996
9328,44.24562298583876,356.55999999995254,1554.7799539955097
9329,44.24562298583876,356.5799999999525,1554.8097391447793
9330,44.24562298583876,356.5999999999525,1554.8395239566228
9331,44.24562298583876,356.6199999999525,1554.8693084309543
9332,44.24562298583876,356.63999999995247,1554.8990925676885
9333,44.24562298583876,356.65999999995245,1554.9288763667394
9334,44.24562298583876,356.67999999995243,1554.9586598280214
9335,44.24562298583876,356.6999999999524,1554.9884429514489
9336,44.24562298583876,356.7199999999524,1555.0182257369363
9337,44.24562298583876,356.7399999999524,1555.0480081843978
9338,44.24562298583876,356.75999999995236,1555.0777902937477
9339,44.24562298583876,356.77999999995234,1555.1075720649003
9340,44.24562298583876,356.7999999999523,1555.13735349777
9341,44.24562298583876,356.8199999999523,1555.167134592271
9342,44.24562298583876,356.8399999999523,1555.1969153483178
9343,44.24562298583876,356.85999999995227,1555.2266957658246
9344,44.24562298583876,356.87999999995225,1555.2564758447056
9345,44.24562298583876,356.89999999995223,1555.2862555848753
9346,44.24562298583876,356.9199999999522,1555.3160349862478
9347,44.24562298583876,356.9399999999522,1555.3458140487376
9348,44.24562298583876,356.9599999999522,1555.3755927722589
9349,44.24562298583876,356.97999999995216,1555.405371156726
9350,44.24562298583876,356.99999999995214,1555.4351492020533
9351,44.24562298583876,357.0199999999521,1555.464926908155
9352,44.24562298583876,357.0399999999521,1555.4947042749452
9353,44.24562298583876,357.0599999999521,1555.5244813024028
9354,44.24562298583876,357.07999999995207,1555.5542579934813
9355,44.24562298583876,357.09999999995205,1555.584034350556
9356,44.24562298583876,357.11999999995203,1555.6138103735416
9357,44.24562298583876,357.139999999952,1555.6435860623526
9358,44.24562298583876,357.159999999952,1555.6733614169036
9359,44.24562298583876,357.179999999952,1555.7031364371092
9360,44.24562298583876,357.19999999995196,1555.732911122884
9361,44.24562298583876,357.21999999995194,1555.7626854741425
9362,44.24562298583876,357.2399999999519,1555.7924594907995
9363,44.24562298583876,357.2599999999519,1555.8222331727695
9364,44.24562298583876,357.2799999999519,1555.8520065199673
9365,44.24562298583876,357.29999999995186,1555.8817795323073
9366,44.24562298583876,357.31999999995185,1555.911552209704
9367,44.24562298583876,357.33999999995183,1555.9413245520723
9368,44.24562298583876,357.3599999999518,1555.9710965593265
9369,44.24562298583876,357.3799999999518,1556.0008682313812
9370,44.24562298583876,357.3999999999518,1556.0306395681512
9371,44.24562298583876,357.41999999995176,1556.0604105695509
9372,44.24562298583876,357.43999999995174,1556.090181235495
9373,44.24562298583876,357.4599999999517,1556.119951565898
9374,44.24562298583876,357.4799999999517,1556.1497215606744
9375,44.24562298583876,357.4999999999517,1556.179491219739
9376,44.24562298583876,357.51999999995166,1556.2092605430062
9377,44.24562298583876,357.53999999995165,1556.2390295303906
9378,44.24562298583876,357.55999999995163,1556.268798181807
9379,44.24562298583876,357.5799999999516,1556.2985664971695
9380,44.24562298583876,357.5999999999516,1556.3283344763931
9381,44.24562298583876,357.6199999999516,1556.3581021193922
9382,44.24562298583876,357.63999999995156,1556.3878694260814
9383,44.24562298583876,357.65999999995154,1556.4176363963752
9384,44.24562298583876,357.6799999999515,1556.4474030301883
9385,44.24562298583876,357.6999999999515,1556.4771693274351
9386,44.24562298583876,357.7199999999515,1556.5069352880303
9387,44.24562298583876,357.73999999995146,1556.5367009118881
9388,44.24562298583876,357.75999999995145,1556.5664661989235
9389,44.24562298583876,357.77999999995143,1556.596231149051
9390,44.24562298583876,357.7999999999514,1556.6259957621849
9391,44.24562298583876,357.8199999999514,1556.6557600382398
9392,44.24562298583876,357.8399999999514,1556.6855239771305
9393,44.24562298583876,357.85999999995136,1556.7152875787713
9394,44.24562298583876,357.87999999995134,1556.7450508430768
9395,44.24562298583876,357.8999999999513,1556.7748137699616
9396,44.24562298583876,357.9199999999513,1556.8045763593402
9397,44.24562298583876,357.9399999999513,1556.8343386111271
9398,44.24562298583876,357.95999999995126,1556.8641005252368
9399,44.24562298583876,357.97999999995125,1556.893862101584
9400,44.24562298583876,357.9999999999512,1556.9236233400832
9401,44.24562298583876,358.0199999999512,1556.9533842406488
9402,44.24562298583876,358.0399999999512,1556.9831448031955
9403,44.24562298583876,358.0599999999512,1557.0129050276378
9404,44.24562298583876,358.07999999995116,1557.0426649140252
9405,44.24562298583876,358.09999999995114,1557.0724244657058
9406,44.24562298583876,358.1199999999511,1557.102183684812
9407,44.24562298583876,358.1399999999511,1557.1319425712577
9408,44.24562298583876,358.1599999999511,1557.1617011249577
9409,44.24562298583876,358.17999999995106,1557.1914593458264
9410,44.24562298583876,358.19999999995105,1557.221217233778
9411,44.24562298583876,358.219999999951,1557.2509747887266
9412,44.24562298583876,358.239999999951,1557.280732010587
9413,44.24562298583876,358.259999999951,1557.3104888992734
9414,44.24562298583876,358.279999999951,1557.3402454547004
9415,44.24562298583876,358.29999999995096,1557.370001676782
9416,44.24562298583876,358.31999999995094,1557.399757565433
9417,44.24562298583876,358.3399999999509,1557.4295131205674
9418,44.24562298583876,358.3599999999509,1557.4592683420997
9419,44.24562298583876,358.3799999999509,1557.4890232299442
9420,44.24562298583876,358.39999999995086,1557.5187777840156
9421,44.24562298583876,358.41999999995085,1557.5485320042278
9422,44.24562298583876,358.4399999999508,1557.5782858904954
9423,44.24562298583876,358.4599999999508,1557.6080394427327
9424,44.24562298583876,358.4799999999508,1557.637792660854
9425,44.24562298583876,358.4999999999508,1557.667545544774
9426,44.24562298583876,358.51999999995076,1557.6972980944065
9427,44.24562298583876,358.53999999995074,1557.7270503096663
9428,44.24562298583876,358.5599999999507,1557.7568021904676
9429,44.24562298583876,358.5799999999507,1557.7865537367247
9430,44.24562298583876,358.5999999999507,1557.816304948352
9431,44.24562298583876,358.61999999995066,1557.8460558252636
9432,44.24562298583876,358.63999999995065,1557.8758063673743
9433,44.24562298583876,358.6599999999506,1557.905556574598
9434,44.24562298583876,358.6799999999506,1557.9353064468494
9435,44.24562298583876,358.6999999999506,1557.9650559840427
9436,44.24562298583876,358.7199999999506,1557.9948051860922
9437,44.24562298583876,358.73999999995056,1558.0245540529122
9438,44.24562298583876,358.75999999995054,1558.054302584417
9439,44.24562298583876,358.7799999999505,1558.084050780521
9440,44.24562298583876,358.7999999999505,1558.1137986411386
9441,44.24562298583876,358.8199999999505,1558.143546166184
9442,44.24562298583876,358.83999999995046,1558.1732933555716
9443,44.24562298583876,358.85999999995045,1558.2030402092157
9444,44.24562298583876,358.8799999999504,1558.2327867270308
9445,44.24562298583876,358.8999999999504,1558.2625329089308
9446,44.24562298583876,358.9199999999504,1558.2922787548302
9447,44.24562298583876,358.9399999999504,1558.3220242646437
9448,44.24562298583876,358.95999999995036,1558.3517694382851
9449,44.24562298583876,358.97999999995034,1558.381514275669
9450,44.24562298583876,358.9999999999503,1558.4112587767095
9451,44.24562298583876,359.0199999999503,1558.4410029413211
9452,44.24562298583876,359.0399999999503,1558.4707467694182
9453,44.24562298583876,359.05999999995026,1558.5004902609146
9454,44.16989406659998,359.07999999995025,1558.5302334157252
9455,44.16989406659998,359.0999999999502,1558.5599762339666
9456,44.16989406659998,359.1199999999502,1558.589718719247
9457,44.16989406659998,359.1399999999502,1558.6194608733517
9458,44.16989406659998,359.1599999999502,1558.6492026961967
9459,44.16989406659998,359.17999999995016,1558.6789441876972
9460,44.16989406659998,359.19999999995014,1558.7086853477695
9461,44.16989406659998,359.2199999999501,1558.7384261763289
9462,44.16989406659998,359.2399999999501,1558.7681666732913
9463,44.16989406659998,359.2599999999501,1558.7979068385723
9464,44.16989406659998,359.27999999995006,1558.8276466720877
9465,44.16989406659998,359.29999999995005,1558.8573861737532
9466,44.16989406659998,359.31999999995,1558.8871253434845
9467,44.16989406659998,359.33999999995,1558.9168641811975
9468,44.16989406659998,359.35999999995,1558.9466026868076
9469,44.16989406659998,359.37999999995,1558.9763408602307
9470,44.16989406659998,359.39999999994996,1559.0060787013824
9471,44.16989406659998,359.41999999994994,1559.0358162101786
9472,44.16989406659998,359.4399999999499,1559.0655533865347
9473,44.16989406659998,359.4599999999499,1559.0952902303666
9474,44.16989406659998,359.4799999999499,1559.1250267415899
9475,44.16989406659998,359.49999999994986,1559.1547629201204
9476,44.16989406659998,359.51999999994985,1559.1844987658737
9477,44.16989406659998,359.5399999999498,1559.2142342787656
9478,44.16989406659998,359.5599999999498,1559.2439694587117
9479,44.16989406659998,359.5799999999498,1559.273704305628
9480,44.16989406659998,359.5999999999498,1559.3034388194296
9481,44.16989406659998,359.61999999994975,1559.3331730000327
9482,44.16989406659998,359.63999999994974,1559.3629068473526
9483,44.16989406659998,359.6599999999497,1559.3926403613052
9484,44.16989406659998,359.6799999999497,1559.422373541806
9485,44.16989406659998,359.6999999999497,1559.452106388771
9486,44.16989406659998,359.71999999994966,1559.4818389021157
9487,44.16989406659998,359.73999999994965,1559.5115710817556
9488,44.16989406659998,359.7599999999496,1559.5413029276067
9489,44.16989406659998,359.7799999999496,1559.5710344395845
9490,44.16989406659998,359.7999999999496,1559.6007656176048
9491,44.16989406659998,359.8199999999496,1559.630496461583
9492,44.16989406659998,359.83999999994955,1559.6602269714351
9493,44.16989406659998,359.85999999994954,1559.6899571470765
9494,44.16989406659998,359.8799999999495,1559.7196869884228
9495,44.16989406659998,359.8999999999495,1559.7494164953898
9496,44.16989406659998,359.9199999999495,1559.7791456678933
9497,44.16989406659998,359.93999999994946,1559.8088745058487
9498,44.16989406659998,359.95999999994945,1559.838603009172
9499,44.16989406659998,359.9799999999494,1559.8683311777784
9500,44.16989406659998,359.9999999999494,1559.8980590115839
9501,44.16989406659998,360.0199999999494,1559.927786510504
9502,44.16989406659998,360.0399999999494,1559.9575136744543
9503,44.16989406659998,360.05999999994935,1559.9872405033507
9504,44.16989406659998,360.07999999994934,1560.0169669978623
9505,44.16989406659998,360.0999999999493,1560.0466931620688
9506,44.16989406659998,360.1199999999493,1560.0764189965223
9507,44.16989406659998,360.1399999999493,1560.1061445049195
9508,44.16989406659998,360.15999999994926,1560.1358696886346
9509,44.16989406659998,360.17999999994925,1560.1655945475825
9510,44.16989406659998,360.1999999999492,1560.1953190816787
9511,44.16989406659998,360.2199999999492,1560.2250432908381
9512,44.16989406659998,360.2399999999492,1560.254767174976
9513,44.16989406659998,360.2599999999492,1560.2844907340072
9514,44.16989406659998,360.27999999994915,1560.3142139678473
9515,44.16989406659998,360.29999999994914,1560.3439368764111
9516,44.16989406659998,360.3199999999491,1560.373659459614
9517,44.16989406659998,360.3399999999491,1560.4033817173708
9518,44.16989406659998,360.3599999999491,1560.4331036495971
9519,44.16989406659998,360.37999999994906,1560.4628252562077
9520,44.16989406659998,360.39999999994905,1560.4925465371177
9521,44.16989406659998,360.419999999949,1560.5222674922425
9522,44.16989406659998,360.439999999949,1560.551988121497
9523,44.16989406659998,360.459999999949,1560.5817084247965
9524,44.16989406659998,360.479999999949,1560.611428402056
9525,44.16989406659998,360.49999999994895,1560.6411480531906
9526,44.16989406659998,360.51999999994894,1560.6708673781156
9527,44.16989406659998,360.5399999999489,1560.700586376746
9528,44.16989406659998,360.5599999999489,1560.730305048997
9529,44.16989406659998,360.5799999999489,1560.7600233947835
9530,44.16989406659998,360.59999999994886,1560.7897414140207
9531,44.16989406659998,360.61999999994885,1560.8194591066238
9532,44.16989406659998,360.6399999999488,1560.849176472508
9533,44.16989406659998,360.6599999999488,1560.878893511588
9534,44.16989406659998,360.6799999999488,1560.9086102237795
9535,44.16989406659998,360.6999999999488,1560.9383266089972
9536,44.16989406659998,360.71999999994875,1560.9680426671562
9537,44.16989406659998,360.73999999994874,1560.9977583981718
9538,44.16989406659998,360.7599999999487,1561.0274738019589
9539,44.16989406659998,360.7799999999487,1561.0571888784327
9540,44.16989406659998,360.7999999999487,1561.0869036275085
9541,44.16989406659998,360.81999999994866,1561.1166180491011
9542,44.16989406659998,360.83999999994865,1561.1463321431258
9543,44.16989406659998,360.8599999999486,1561.1760459094976
9544,44.16989406659998,360.8799999999486,1561.2057593481316
9545,44.16989406659998,360.8999999999486,1561.2354724589427
9546,44.16989406659998,360.9199999999486,1561.2651852418462
9547,44.16989406659998,360.93999999994855,1561.294897696757
9548,44.16989406659998,360.95999999994854,1561.3246098235904
9549,44.16989406659998,360.9799999999485,1561.3543216222615
9550,44.16989406659998,360.9999999999485,1561.3840330926853
9551,44.16989406659998,361.0199999999485,1561.413744234777
9552,44.16989406659998,361.03999999994846,1561.4434550484514
9553,44.16989406659998,361.05999999994845,1561.4731655336236
9554,44.16989406659998,361.0799999999484,1561.5028756902088
9555,44.16989406659998,361.0999999999484,1561.5325855181222
9556,44.16989406659998,361.1199999999484,1561.5622950172788
9557,44.16989406659998,361.1399999999484,1561.592004187935
9558,44.16989406659998,361.15999999994835,1561.6217130342807
9559,44.16989406659998,361.17999999994834,1561.6514215574318
9560,44.16989406659998,361.1999999999483,1561.6811297573036
9561,44.16989406659998,361.2199999999483,1561.7108376338113
9562,44.16989406659998,361.2399999999483,1561.7405451868703
9563,44.16989406659998,361.25999999994826,1561.7702524163963
9564,44.16989406659998,361.27999999994825,1561.7999593223044
9565,44.16989406659998,361.2999999999482,1561.8296659045102
9566,44.16989406659998,361.3199999999482,1561.859372162929
9567,44.16989406659998,361.3399999999482,1561.8890780974764
9568,44.16989406659998,361.3599999999482,1561.9187837080676
9569,44.16989406659998,361.37999999994815,1561.948488994618
9570,44.16989406659998,361.39999999994814,1561.978193957043
9571,44.16989406659998,361.4199999999481,1562.007898595258
9572,44.16989406659998,361.4399999999481,1562.0376029091785
9573,44.16989406659998,361.4599999999481,1562.0673068987198
9574,44.16989406659998,361.47999999994806,1562.0970105637973
9575,44.16989406659998,361.49999999994805,1562.1267139043264
9576,44.16989406659998,361.519999999948,1562.1564169202225
9577,44.16989406659998,361.539999999948,1562.1861196114007
9578,44.16989406659998,361.559999999948,1562.2158219777768
9579,44.16989406659998,361.579999999948,1562.245524019266
9580,44.16989406659998,361.59999999994795,1562.2752257357836
9581,44.16989406659998,361.61999999994794,1562.304927127245
9582,44.16989406659998,361.6399999999479,1562.3346281935658
9583,44.16989406659998,361.6599999999479,1562.3643289346612
9584,44.16989406659998,361.6799999999479,1562.3940293504465
9585,44.16989406659998,361.69999999994786,1562.4237294408372
9586,44.16989406659998,361.71999999994785,1562.4534292057485
9587,44.16989406659998,361.7399999999478,1562.483128645096
9588,44.16989406659998,361.7599999999478,1562.5128277587949
9589,44.094380925113725,361.7799999999478,1562.5425265467607
9590,44.094380925113725,361.7999999999478,1562.5722250089084
9591,44.094380925113725,361.81999999994775,1562.6019231451537
9592,44.094380925113725,361.83999999994774,1562.631620955412
9593,44.094380925113725,361.8599999999477,1562.6613184395985
9594,44.094380925113725,361.8799999999477,1562.6910155976286
9595,44.094380925113725,361.8999999999477,1562.7207124294175
9596,44.094380925113725,361.91999999994766,1562.7504089348806
9597,44.094380925113725,361.93999999994764,1562.7801051139334
9598,44.094380925113725,361.9599999999476,1562.8098009664911
9599,44.094380925113725,361.9799999999476,1562.8394964924692
9600,44.094380925113725,361.9999999999476,1562.8691916917828
9601,44.094380925113725,362.0199999999476,1562.8988865643475
9602,44.094380925113725,362.03999999994755,1562.9285811100785
9603,44.094380925113725,362.05999999994754,1562.9582753288912
9604,44.094380925113725,362.0799999999475,1562.987969220701
9605,44.094380925113725,362.0999999999475,1563.017662785423
9606,44.094380925113725,362.1199999999475,1563.0473560229727
9607,44.094380925113725,362.13999999994746,1563.0770489332654
9608,44.094380925113725,362.15999999994744,1563.1067415165978
9609,44.094380925113725,362.1799999999474,1563.1364337771167
9610,44.094380925113725,362.1999999999474,1563.166125715535
9611,44.094380925113725,362.2199999999474,1563.1958173317678
9612,44.094380925113725,362.2399999999474,1563.2255086257312
9613,44.094380925113725,362.25999999994735,1563.2551995973408
9614,44.094380925113725,362.27999999994734,1563.2848902465123
9615,44.094380925113725,362.2999999999473,1563.314580573161
9616,44.094380925113725,362.3199999999473,1563.344270577203
9617,44.094380925113725,362.3399999999473,1563.3739602585536
9618,44.094380925113725,362.35999999994726,1563.4036496171286
9619,44.094380925113725,362.37999999994724,1563.4333386528438
9620,44.094380925113725,362.3999999999472,1563.4630273656144
9621,44.094380925113725,362.4199999999472,1563.4927157553564
9622,44.094380925113725,362.4399999999472,1563.522403821985
9623,44.094380925113725,362.4599999999472,1563.5520915654165
9624,44.094380925113725,362.47999999994715,1563.581778985566
9625,44.094380925113725,362.49999999994714,1563.6114660823494
9626,44.094380925113725,362.5199999999471,1563.641152855682
9627,44.094380925113725,362.5399999999471,1563.6708393054798
9628,44.094380925113725,362.5599999999471,1563.7005254316582
9629,44.094380925113725,362.57999999994706,1563.7302112341329
9630,44.094380925113725,362.59999999994704,1563.7598967128195
9631,44.094380925113725,362.619999999947,1563.7895818676336
9632,44.094380925113725,362.639999999947,1563.819266698491
9633,44.094380925113725,362.659999999947,1563.848951205307
9634,44.094380925113725,362.679999999947,1563.8786353879973
9635,44.094380925113725,362.69999999994695,1563.9083192464777
9636,44.094380925113725,362.71999999994694,1563.9380027806637
9637,44.094380925113725,362.7399999999469,1563.967685990471
9638,44.094380925113725,362.7599999999469,1563.9973688758148
9639,44.094380925113725,362.7799999999469,1564.0270514366111
9640,44.094380925113725,362.79999999994686,1564.0567336727754
9641,44.094380925113725,362.81999999994684,1564.0864155842232
9642,44.094380925113725,362.8399999999468,1564.1160971708703
9643,44.094380925113725,362.8599999999468,1564.1457784326321
9644,44.094380925113725,362.8799999999468,1564.1754593694243
9645,44.094380925113725,362.8999999999468,1564.2051399811623
9646,44.094380925113725,362.91999999994675,1564.234820267762
9647,44.094380925113725,362.93999999994674,1564.2645002291388
9648,44.094380925113725,362.9599999999467,1564.2941798652082
9649,44.094380925113725,362.9799999999467,1564.323859175886
9650,44.094380925113725,362.9999999999467,1564.3535381610875
9651,44.094380925113725,363.01999999994666,1564.3832168207286
9652,44.094380925113725,363.03999999994664,1564.4128951547248
9653,44.094380925113725,363.0599999999466,1564.4425731629915
9654,44.094380925113725,363.0799999999466,1564.4722508454445
9655,44.094380925113725,363.0999999999466,1564.5019282019994
9656,44.094380925113725,363.1199999999466,1564.5316052325716
9657,44.094380925113725,363.13999999994655,1564.5612819370767
9658,44.094380925113725,363.15999999994654,1564.5909583154303
9659,44.094380925113725,363.1799999999465,1564.6206343680058
9660,44.094380925113725,363.1999999999465,1564.6503100993314
9661,44.094380925113725,363.2199999999465,1564.6799855098145
9662,44.094380925113725,363.23999999994646,1564.709660599371
9663,44.094380925113725,363.25999999994644,1564.7393353679172
9664,44.094380925113725,363.2799999999464,1564.7690098153685
9665,44.094380925113725,363.2999999999464,1564.798683941641
9666,44.094380925113725,363.3199999999464,1564.8283577466505
9667,44.094380925113725,363.3399999999464,1564.858031230313
9668,44.094380925113725,363.35999999994635,1564.8877043925443
9669,44.094380925113725,363.37999999994634,1564.9173772332604
9670,44.094380925113725,363.3999999999463,1564.947049752377
9671,44.094380925113725,363.4199999999463,1564.9767219498103
9672,44.094380925113725,363.4399999999463,1565.006393825476
9673,44.094380925113725,363.45999999994626,1565.0360653792898
9674,44.094380925113725,363.47999999994624,1565.0657366111677
9675,44.094380925113725,363.4999999999462,1565.0954075210257
9676,44.094380925113725,363.5199999999462,1565.1250781087795
9677,44.094380925113725,363.5399999999462,1565.154748374345
9678,44.094380925113725,363.55999999994617,1565.1844183176381
9679,44.094380925113725,363.57999999994615,1565.214087938575
9680,44.094380925113725,363.59999999994614,1565.2437572370711
9681,44.094380925113725,363.6199999999461,1565.2734262130425
9682,44.094380925113725,363.6399999999461,1565.303094866405
9683,44.094380925113725,363.6599999999461,1565.3327631970744
9684,44.094380925113725,363.67999999994606,1565.3624312049665
9685,44.094380925113725,363.69999999994604,1565.3920988899972
9686,44.094380925113725,363.719999999946,1565.4217662520825
9687,44.094380925113725,363.739999999946,1565.4514332911383
9688,44.094380925113725,363.759999999946,1565.4811000070802
9689,44.094380925113725,363.77999999994597,1565.5107663998242
9690,44.094380925113725,363.79999999994595,1565.540432469286
9691,44.094380925113725,363.81999999994594,1565.5700982153817
9692,44.094380925113725,363.8399999999459,1565.599763638027
9693,44.094380925113725,363.8599999999459,1565.629428737138
9694,44.094380925113725,363.8799999999459,1565.6590935126299
9695,44.094380925113725,363.89999999994586,1565.688757964419
9696,44.094380925113725,363.91999999994584,1565.7184220924212
9697,44.094380925113725,363.9399999999458,1565.748085896552
9698,44.094380925113725,363.9599999999458,1565.7777493767276
9699,44.094380925113725,363.9799999999458,1565.8074125328637
9700,44.094380925113725,363.99999999994577,1565.8370753648762
9701,44.094380925113725,364.01999999994575,1565.8667378726807
9702,44.094380925113725,364.03999999994573,1565.8964000561932
9703,44.094380925113725,364.0599999999457,1565.9260619153295
9704,44.094380925113725,364.0799999999457,1565.9557234500053
9705,44.094380925113725,364.0999999999457,1565.9853846601366
9706,44.094380925113725,364.11999999994566,1566.0150455456392
9707,44.094380925113725,364.13999999994564,1566.0447061064287
9708,44.094380925113725,364.1599999999456,1566.0743663424212
9709,44.094380925113725,364.1799999999456,1566.1040262535323
9710,44.094380925113725,364.1999999999456,1566.133685840461
9711,44.094380925113725,364.21999999994557,1566.163345107632
9712,44.094380925113725,364.23999999994555,1566.1930040553752
9713,44.094380925113725,364.25999999994553,1566.222662683607
9714,44.094380925113725,364.2799999999455,1566.2523209922438
9715,44.094380925113725,364.2999999999455,1566.2819789812017
9716,44.094380925113725,364.3199999999455,1566.311636650397
9717,44.094380925113725,364.33999999994546,1566.341293999746
9718,44.094380925113725,364.35999999994544,1566.3709510291649
9719,44.01908270160487,364.3799999999454,1566.40060773857
9720,44.01908270160487,364.3999999999454,1566.4302641278775
9721,44.01908270160487,364.4199999999454,1566.4599201970038
9722,44.01908270160487,364.43999999994537,1566.489575945865
9723,44.01908270160487,364.45999999994535,1566.5192313743773
9724,44.01908270160487,364.47999999994533,1566.5488864824572
9725,44.01908270160487,364.4999999999453,1566.5785412700207
9726,44.01908270160487,364.5199999999453,1566.608195736984
9727,44.01908270160487,364.5399999999453,1566.6378498832637
9728,44.01908270160487,364.55999999994526,1566.6675037087757
9729,44.01908270160487,364.57999999994524,1566.6971572134364
9730,44.01908270160487,364.5999999999452,1566.726810397162
9731,44.01908270160487,364.6199999999452,1566.7564632598687
9732,44.01908270160487,364.6399999999452,1566.7861158014728
9733,44.01908270160487,364.65999999994517,1566.8157680218906
9734,44.01908270160487,364.67999999994515,1566.845419921038
9735,44.01908270160487,364.69999999994513,1566.8750714988316
9736,44.01908270160487,364.7199999999451,1566.9047227551875
9737,44.01908270160487,364.7399999999451,1566.934373690022
9738,44.01908270160487,364.7599999999451,1566.9640243032513
9739,44.01908270160487,364.77999999994506,1566.9936745947914
9740,44.01908270160487,364.79999999994504,1567.0233245645588
9741,44.01908270160487,364.819999999945,1567.0529742124695
9742,44.01908270160487,364.839999999945,1567.08262353844
9743,44.01908270160487,364.859999999945,1567.112272542386
9744,44.01908270160487,364.87999999994497,1567.1419212242245
9745,44.01908270160487,364.89999999994495,1567.171569583871
9746,44.01908270160487,364.91999999994493,1567.201217621242
9747,44.01908270160487,364.9399999999449,1567.2308653362536
9748,44.01908270160487,364.9599999999449,1567.2605127288223
9749,44.01908270160487,364.9799999999449,1567.290159798864
9750,44.01908270160487,364.99999999994486,1567.3198065462948
9751,44.01908270160487,365.01999999994484,1567.3494529710313
9752,44.01908270160487,365.0399999999448,1567.3790990729894
9753,44.01908270160487,365.0599999999448,1567.4087448520854
9754,44.01908270160487,365.0799999999448,1567.4383903082355
9755,44.01908270160487,365.09999999994477,1567.468035441356
9756,44.01908270160487,365.11999999994475,1567.497680251363
9757,44.01908270160487,365.13999999994473,1567.5273247381724
9758,44.01908270160487,365.1599999999447,1567.5569689017009
9759,44.01908270160487,365.1799999999447,1567.5866127418644
9760,44.01908270160487,365.1999999999447,1567.6162562585791
9761,44.01908270160487,365.21999999994466,1567.6458994528025
9762,44.01908270160487,365.23999999994464,1567.675542328394
9763,44.01908270160487,365.2599999999446,1567.7051848855924
9764,44.01908270160487,365.2799999999446,1567.7348271243145
9765,44.01908270160487,365.2999999999446,1567.7644690444765
9766,44.01908270160487,365.31999999994457,1567.7941106459953
9767,44.01908270160487,365.33999999994455,1567.823751928787
9768,44.01908270160487,365.35999999994453,1567.8533928927684
9769,44.01908270160487,365.3799999999445,1567.883033537856
9770,44.01908270160487,365.3999999999445,1567.9126738639661
9771,44.01908270160487,365.4199999999445,1567.9423138710156
9772,44.01908270160487,365.43999999994446,1567.9719535589209
9773,44.01908270160487,365.45999999994444,1568.0015929275983
9774,44.01908270160487,365.4799999999444,1568.0312319769646
9775,44.01908270160487,365.4999999999444,1568.0608707069362
9776,44.01908270160487,365.5199999999444,1568.0905091174295
9777,44.01908270160487,365.53999999994437,1568.1201472083612
9778,44.01908270160487,365.55999999994435,1568.1497849796476
9779,44.01908270160487,365.57999999994433,1568.1794224312055
9780,44.01908270160487,365.5999999999443,1568.209059562951
9781,44.01908270160487,365.6199999999443,1568.238696374801
9782,44.01908270160487,365.6399999999443,1568.268332866672
9783,44.01908270160487,365.65999999994426,1568.29796903848
9784,44.01908270160487,365.67999999994424,1568.3276048901419
9785,44.01908270160487,365.6999999999442,1568.357240421574
9786,44.01908270160487,365.7199999999442,1568.386875632693
9787,44.01908270160487,365.7399999999442,1568.4165105234154
9788,44.01908270160487,365.75999999994417,1568.4461450936576
9789,44.01908270160487,365.77999999994415,1568.475779343336
9790,44.01908270160487,365.79999999994413,1568.5054132723672
9791,44.01908270160487,365.8199999999441,1568.5350468806676
9792,44.01908270160487,365.8399999999441,1568.5646801681537
9793,44.01908270160487,365.8599999999441,1568.5943131347422
9794,44.01908270160487,365.87999999994406,1568.6239457803492
9795,44.01908270160487,365.89999999994404,1568.6535781048915
9796,44.01908270160487,365.919999999944,1568.6832101082855
9797,44.01908270160487,365.939999999944,1568.7128417904476
9798,44.01908270160487,365.959999999944,1568.7424731512942
9799,44.01908270160487,365.97999999994397,1568.772104190742
9800,44.01908270160487,365.99999999994395,1568.8017349087074
9801,44.01908270160487,366.01999999994393,1568.8313653051068
9802,44.01908270160487,366.0399999999439,1568.8609953798566
9803,44.01908270160487,366.0599999999439,1568.8906251328733
9804,44.01908270160487,366.0799999999439,1568.9202545640735
9805,44.01908270160487,366.09999999994386,1568.9498836733735
9806,44.01908270160487,366.11999999994384,1568.9795124606899
9807,44.01908270160487,366.1399999999438,1569.0091409259392
9808,44.01908270160487,366.1599999999438,1569.0387690690377
9809,44.01908270160487,366.1799999999438,1569.0683968899018
9810,44.01908270160487,366.19999999994377,1569.098024388448
9811,44.01908270160487,366.21999999994375,1569.127651564593
9812,44.01908270160487,366.23999999994373,1569.1572784196953
9813,44.01908270160487,366.2599999999437,1569.186904957605
9814,44.01908270160487,366.2799999999437,1569.2165311785157
9815,44.01908270160487,366.2999999999437,1569.2461570823439
9816,44.01908270160487,366.31999999994366,1569.2757826690065
9817,44.01908270160487,366.33999999994364,1569.3054079384206
9818,44.01908270160487,366.3599999999436,1569.3350328905026
9819,44.01908270160487,366.3799999999436,1569.3646575251696
9820,44.01908270160487,366.3999999999436,1569.3942818423384
9821,44.01908270160487,366.41999999994357,1569.4239058419257
9822,44.01908270160487,366.43999999994355,1569.4535295238484
9823,44.01908270160487,366.45999999994353,1569.4831528880231
9824,44.01908270160487,366.4799999999435,1569.5127759343668
9825,44.01908270160487,366.4999999999435,1569.5423986627961
9826,44.01908270160487,366.5199999999435,1569.5720210732281
9827,44.01908270160487,366.53999999994346,1569.6016431655794
9828,44.01908270160487,366.55999999994344,1569.6312649397667
9829,44.01908270160487,366.5799999999434,1569.6608863957067
9830,44.01908270160487,366.5999999999434,1569.6905075333166
9831,44.01908270160487,366.6199999999434,1569.7201283525128
9832,44.01908270160487,366.63999999994337,1569.7497488532124
9833,44.01908270160487,366.65999999994335,1569.779369035332
9834,44.01908270160487,366.67999999994333,1569.8089888987881
9835,44.01908270160487,366.6999999999433,1569.838608443498
9836,44.01908270160487,366.7199999999433,1569.8682276693783
9837,44.01908270160487,366.7399999999433,1569.8978465763455
9838,44.01908270160487,366.75999999994326,1569.9274651643168
9839,44.01908270160487,366.77999999994324,1569.9570834332087
9840,44.01908270160487,366.7999999999432,1569.986701382938
9841,44.01908270160487,366.8199999999432,1570.0163190140056
9842,44.01908270160487,366.8399999999432,1570.0459363300388
9843,44.01908270160487,366.85999999994317,1570.0755533313013
9844,44.01908270160487,366.87999999994315,1570.1051700177093
9845,44.01908270160487,366.89999999994313,1570.134786389179
9846,44.01908270160487,366.9199999999431,1570.1644024456264
9847,44.01908270160487,366.9399999999431,1570.194018186968
9848,44.01908270160487,366.9599999999431,1570.2236336131195
9849,44.01908270160487,366.97999999994306,1570.2532487239976
9850,44.01908270160487,366.99999999994304,1570.282863519518
9851,44.01908270160487,367.019999999943,1570.3124779995971
9852,44.01908270160487,367.039999999943,1570.3420921641512
9853,44.01908270160487,367.059999999943,1570.3717060130962
9854,44.01908270160487,367.07999999994297,1570.4013195463485
9855,43.943998540697855,367.09999999994295,1570.430932763824
9856,43.943998540697855,367.11999999994293,1570.4605456654392
9857,43.943998540697855,367.1399999999429,1570.49015825111
9858,43.943998540697855,367.1599999999429,1570.5197705207524
9859,43.943998540697855,367.1799999999429,1570.549382474283
9860,43.943998540697855,367.19999999994286,1570.5789941116177
9861,43.943998540697855,367.21999999994284,1570.6086054326727
9862,43.943998540697855,367.2399999999428,1570.638216437364
9863,43.943998540697855,367.2599999999428,1570.6678271272644
9864,43.943998540697855,367.2799999999428,1570.697437505711
9865,43.943998540697855,367.29999999994277,1570.7270475728162
9866,43.943998540697855,367.31999999994275,1570.7566573284973
9867,43.943998540697855,367.33999999994273,1570.786266772671
9868,43.943998540697855,367.3599999999427,1570.8158759052544
9869,43.943998540697855,367.3799999999427,1570.8454847261644
9870,43.943998540697855,367.3999999999427,1570.8750932353178
9871,43.943998540697855,367.41999999994266,1570.9047014326316
9872,43.943998540697855,367.43999999994264,1570.9343093180225
9873,43.943998540697855,367.4599999999426,1570.9639168914077
9874,43.943998540697855,367.4799999999426,1570.993524152704
9875,43.943998540697855,367.4999999999426,1571.023131101828
9876,43.943998540697855,367.51999999994257,1571.0527377386973
9877,43.943998540697855,367.53999999994255,1571.082344063228
9878,43.943998540697855,367.55999999994253,1571.1119500753375
9879,43.943998540697855,367.5799999999425,1571.1415557749426
9880,43.943998540697855,367.5999999999425,1571.17116116196
9881,43.943998540697855,367.6199999999425,1571.200766236307
9882,43.943998540697855,367.63999999994246,1571.2303709979
9883,43.943998540697855,367.65999999994244,1571.2599754466562
9884,43.943998540697855,367.6799999999424,1571.2895795824925
9885,43.943998540697855,367.6999999999424,1571.3191834053255
9886,43.943998540697855,367.7199999999424,1571.3487869150724
9887,43.943998540697855,367.73999999994237,1571.3783901116499
9888,43.943998540697855,367.75999999994235,1571.4079929949748
9889,43.943998540697855,367.77999999994233,1571.4375955649643
9890,43.943998540697855,367.7999999999423,1571.4671978215351
9891,43.943998540697855,367.8199999999423,1571.496799764604
9892,43.943998540697855,367.8399999999423,1571.526401394088
9893,43.943998540697855,367.85999999994226,1571.5560027099039
9894,43.943998540697855,367.87999999994224,1571.5856037119684
9895,43.943998540697855,367.8999999999422,1571.6152044001985
9896,43.943998540697855,367.9199999999422,1571.6448047745112
9897,43.943998540697855,367.9399999999422,1571.6744048348232
9898,43.943998540697855,367.95999999994217,1571.7040045810515
9899,43.943998540697855,367.97999999994215,1571.7336040131129
9900,43.943998540697855,367.99999999994213,1571.7632031309242
9901,43.943998540697855,368.0199999999421,1571.7928019344024
9902,43.943998540697855,368.0399999999421,1571.8224004234642
9903,43.943998540697855,368.0599999999421,1571.8519985980265
9904,43.943998540697855,368.07999999994206,1571.881596458006
9905,43.943998540697855,368.09999999994204,1571.91119400332
9906,43.943998540697855,368.119999999942,1571.9407912338847
9907,43.943998540697855,368.139999999942,1571.9703881496175
9908,43.943998540697855,368.159999999942,1571.999984750435
9909,43.943998540697855,368.17999999994197,1572.029581036254
9910,43.943998540697855,368.19999999994195,1572.0591770069916
9911,43.943998540697855,368.21999999994193,1572.0887726625642
9912,43.943998540697855,368.2399999999419,1572.1183680028892
9913,43.943998540697855,368.2599999999419,1572.147963027883
9914,43.943998540697855,368.2799999999419,1572.177557739473
9915,43.943998540697855,368.29999999994186,1572.2071521408172
9916,43.943998540697855,368.31999999994184,1572.2367462319694
9917,43.943998540697855,368.3399999999418,1572.2663400128465
9918,43.943998540697855,368.3599999999418,1572.2959334833654
9919,43.943998540697855,368.3799999999418,1572.325526643443
9920,43.943998540697855,368.39999999994177,1572.3551194929962
9921,43.943998540697855,368.41999999994175,1572.3847120319422
9922,43.943998540697855,368.43999999994173,1572.4143042601975
9923,43.943998540697855,368.4599999999417,1572.4438961776793
9924,43.943998540697855,368.4799999999417,1572.4734877843046
9925,43.943998540697855,368.4999999999417,1572.5030790799901
9926,43.943998540697855,368.51999999994166,1572.5326700646528
9927,43.943998540697855,368.53999999994164,1572.5622607382097
9928,43.943998540697855,368.5599999999416,1572.5918511005775
9929,43.943998540697855,368.5799999999416,1572.6214411516733
9930,43.943998540697855,368.5999999999416,1572.651030891414
9931,43.943998540697855,368.61999999994157,1572.6806203197164
9932,43.943998540697855,368.63999999994155,1572.7102094364975
9933,43.943998540697855,368.65999999994153,1572.7397982416742
9934,43.943998540697855,368.6799999999415,1572.7693867351634
9935,43.943998540697855,368.6999999999415,1572.798974916882
9936,43.943998540697855,368.7199999999415,1572.8285627867467
9937,43.943998540697855,368.73999999994146,1572.8581503446746
9938,43.943998540697855,368.75999999994144,1572.8877375905827
9939,43.943998540697855,368.7799999999414,1572.9173245243878
9940,43.943998540697855,368.7999999999414,1572.9469111460069
9941,43.943998540697855,368.8199999999414,1572.9764974553566
9942,43.943998540697855,368.83999999994137,1573.006083452354
9943,43.943998540697855,368.85999999994135,1573.0356691369159
9944,43.943998540697855,368.87999999994133,1573.0652545089592
9945,43.943998540697855,368.8999999999413,1573.0948395684009
9946,43.943998540697855,368.9199999999413,1573.1244243151577
9947,43.943998540697855,368.9399999999413,1573.1540087491467
9948,43.943998540697855,368.95999999994126,1573.1835928702847
9949,43.943998540697855,368.97999999994124,1573.2131766784885
9950,43.943998540697855,368.9999999999412,1573.242760173675
9951,43.943998540697855,369.0199999999412,1573.272343355761
9952,43.943998540697855,369.0399999999412,1573.3019262246635
9953,43.943998540697855,369.05999999994117,1573.3315087802994
9954,43.943998540697855,369.07999999994115,1573.3610910225855
9955,43.943998540697855,369.09999999994113,1573.3906729514385
9956,43.943998540697855,369.1199999999411,1573.4202545667756
9957,43.943998540697855,369.1399999999411,1573.4498358685134
9958,43.943998540697855,369.1599999999411,1573.479416856569
9959,43.943998540697855,369.17999999994106,1573.5089975308592
9960,43.943998540697855,369.19999999994104,1573.5385778913007
9961,43.943998540697855,369.219999999941,1573.5681579378104
9962,43.943998540697855,369.239999999941,1573.5977376703052
9963,43.943998540697855,369.259999999941,1573.6273170887018
9964,43.943998540697855,369.27999999994097,1573.6568961929174
9965,43.943998540697855,369.29999999994095,1573.686474985271
9966,43.943998540697855,369.31999999994093,1573.7160534687614
9967,43.943998540697855,369.3399999999409,1573.7456316433813
9968,43.943998540697855,369.3599999999409,1573.7752095090482
9969,43.943998540697855,369.3799999999409,1573.8047870656792
9970,43.943998540697855,369.39999999994086,1573.8343643131914
9971,43.943998540697855,369.41999999994084,1573.8639412515022
9972,43.943998540697855,369.4399999999408,1573.8935178805289
9973,43.943998540697855,369.4599999999408,1573.9230942001884
9974,43.943998540697855,369.4799999999408,1573.9526702103983
9975,43.943998540697855,369.49999999994077,1573.9822459110758
9976,43.943998540697855,369.51999999994075,1574.0118213021378
9977,43.943998540697855,369.53999999994073,1574.041396383502
9978,43.943998540697855,369.5599999999407,1574.070971155085
9979,43.943998540697855,369.5799999999407,1574.1005456168045
9980,43.943998540697855,369.5999999999407,1574.1301197685777
9981,43.943998540697855,369.61999999994066,1574.1596936103217
9982,43.943998540697855,369.63999999994064,1574.1892671419537
9983,43.943998540697855,369.6599999999406,1574.2188403633909
9984,43.943998540697855,369.6799999999406,1574.2484132745506
9985,43.943998540697855,369.6999999999406,1574.27798587535
9986,43.943998540697855,369.71999999994057,1574.307558165706
9987,43.869127591389265,369.73999999994055,1574.3371301455363
9988,43.869127591389265,369.75999999994053,1574.3667018147578
9989,43.869127591389265,369.7799999999405,1574.396273173288
9990,43.869127591389265,369.7999999999405,1574.4258442210437
9991,43.869127591389265,369.8199999999405,1574.4554149579424
9992,43.869127591389265,369.83999999994046,1574.484985383901
9993,43.869127591389265,369.85999999994044,1574.514555498837
9994,43.869127591389265,369.8799999999404,1574.5441253026672
9995,43.869127591389265,369.8999999999404,1574.5736947953094
9996,43.869127591389265,369.9199999999404,1574.6032639766804
9997,43.869127591389265,369.93999999994037,1574.6328328466975
9998,43.869127591389265,369.95999999994035,1574.6624014052777
9999,43.869127591389265,369.97999999994033,1574.6919696523385
10000,43.869127591389265,369.9999999999403,1574.7215375877968
10001,43.869127591389265,370.0199999999403,1574.75110521157
10002,43.869127591389265,370.0399999999403,1574.7806725235748
10003,43.869127591389265,370.05999999994026,1574.810239523729
10004,43.869127591389265,370.07999999994024,1574.8398062119495
10005,43.869127591389265,370.0999999999402,1574.8693725881535
10006,43.869127591389265,370.1199999999402,1574.898938652258
10007,43.869127591389265,370.1399999999402,1574.9285044041806
10008,43.869127591389265,370.15999999994017,1574.958069843838
10009,43.869127591389265,370.17999999994015,1574.9876349711476
10010,43.869127591389265,370.19999999994013,1575.0171997860266
10011,43.869127591389265,370.2199999999401,1575.046764288392
10012,43.869127591389265,370.2399999999401,1575.0763284781613
10013,43.869127591389265,370.2599999999401,1575.1058923552512
10014,43.869127591389265,370.27999999994006,1575.135455919579
10015,43.869127591389265,370.29999999994004,1575.165019171062
10016,43.869127591389265,370.31999999994,1575.1945821121517
10017,43.869127591389265,370.33999999994,1575.224144745382
10018,43.869127591389265,370.35999999994,1575.2537070706803
10019,43.869127591389265,370.37999999993997,1575.2832690879636
10020,43.869127591389265,370.39999999993995,1575.3128307971497
10021,43.869127591389265,370.41999999993993,1575.342392198156
10022,43.869127591389265,370.4399999999399,1575.3719532909
10023,43.869127591389265,370.4599999999399,1575.401514075299
10024,43.869127591389265,370.4799999999399,1575.4310745512707
10025,43.869127591389265,370.49999999993986,1575.4606347187328
10026,43.869127591389265,370.51999999993984,1575.4901945776026
10027,43.869127591389265,370.5399999999398,1575.5197541277973
10028,43.869127591389265,370.5599999999398,1575.5493133692348
10029,43.869127591389265,370.5799999999398,1575.5788723018325
10030,43.869127591389265,370.59999999993977,1575.6084309255077
10031,43.869127591389265,370.61999999993975,1575.637989240178
10032,43.869127591389265,370.63999999993973,1575.6675472457612
10033,43.869127591389265,370.6599999999397,1575.6971049421743
10034,43.869127591389265,370.6799999999397,1575.7266623293349
10035,43.869127591389265,370.6999999999397,1575.7562194071606
10036,43.869127591389265,370.71999999993966,1575.7857761755688
10037,43.869127591389265,370.73999999993964,1575.815332634477
10038,43.869127591389265,370.7599999999396,1575.8448887838028
10039,43.869127591389265,370.7799999999396,1575.8744446234634
10040,43.869127591389265,370.7999999999396,1575.9040001533765
10041,43.869127591389265,370.81999999993957,1575.9335553734595
10042,43.869127591389265,370.83999999993955,1575.9631102836297
10043,43.869127591389265,370.85999999993953,1575.9926648838048
10044,43.869127591389265,370.8799999999395,1576.0222191739022
10045,43.869127591389265,370.8999999999395,1576.0517731538391
10046,43.869127591389265,370.9199999999395,1576.0813268235333
10047,43.869127591389265,370.93999999993946,1576.110880182902
10048,43.869127591389265,370.95999999993944,1576.140433231863
10049,43.869127591389265,370.9799999999394,1576.1699859703335
10050,43.869127591389265,370.9999999999394,1576.199538398231
10051,43.869127591389265,371.0199999999394,1576.2290905154728
10052,43.869127591389265,371.03999999993937,1576.2586423219766
10053,43.869127591389265,371.05999999993935,1576.2881938176597
10054,43.869127591389265,371.07999999993933,1576.3177450024396
10055,43.869127591389265,371.0999999999393,1576.3472958762336
10056,43.869127591389265,371.1199999999393,1576.3768464389593
10057,43.869127591389265,371.1399999999393,1576.4063966905342
10058,43.869127591389265,371.15999999993926,1576.4359466308756
10059,43.869127591389265,371.17999999993924,1576.465496259901
10060,43.869127591389265,371.1999999999392,1576.495045577528
10061,43.869127591389265,371.2199999999392,1576.5245945836737
10062,43.869127591389265,371.2399999999392,1576.5541432782557
10063,43.869127591389265,371.25999999993917,1576.5836916611913
10064,43.869127591389265,371.27999999993915,1576.6132397323981
10065,43.869127591389265,371.29999999993913,1576.6427874917936
10066,43.869127591389265,371.3199999999391,1576.6723349393483
10067,43.869127591389265,371.3399999999391,1576.7018820778637
10068,43.869127591389265,371.3599999999391,1576.7314289096603
10069,43.869127591389265,371.37999999993906,1576.7609754346556
10070,43.869127591389265,371.39999999993904,1576.790521652767
10071,43.869127591389265,371.419999999939,1576.820067563912
10072,43.869127591389265,371.439999999939,1576.8496131680083
10073,43.869127591389265,371.459999999939,1576.8791584649732
10074,43.869127591389265,371.47999999993897,1576.9087034547242
10075,43.869127591389265,371.49999999993895,1576.938248137179
10076,43.869127591389265,371.51999999993893,1576.9677925122548
10077,43.869127591389265,371.5399999999389,1576.9973365798694
10078,43.869127591389265,371.5599999999389,1577.0268803399401
10079,43.869127591389265,371.5799999999389,1577.0564237923845
10080,43.869127591389265,371.59999999993886,1577.08596693712
10081,43.869127591389265,371.61999999993884,1577.115509774064
10082,43.869127591389265,371.6399999999388,1577.1450523031342
10083,43.869127591389265,371.6599999999388,1577.1745945242478
10084,43.869127591389265,371.6799999999388,1577.2041364373226
10085,43.869127591389265,371.69999999993877,1577.2336780422759
10086,43.869127591389265,371.71999999993875,1577.2632193390252
10087,43.869127591389265,371.73999999993873,1577.292760327488
10088,43.869127591389265,371.7599999999387,1577.3223010075817
10089,43.869127591389265,371.7799999999387,1577.3518413792237
10090,43.869127591389265,371.7999999999387,1577.3813814423318
10091,43.869127591389265,371.81999999993866,1577.4109211968232
10092,43.869127591389265,371.83999999993864,1577.4404606426156
10093,43.869127591389265,371.8599999999386,1577.469999779626
10094,43.869127591389265,371.8799999999386,1577.4995386077724
10095,43.869127591389265,371.8999999999386,1577.529077126972
10096,43.869127591389265,371.91999999993857,1577.5586153371423
10097,43.869127591389265,371.93999999993855,1577.5881532382007
10098,43.869127591389265,371.95999999993853,1577.6176908300647
10099,43.869127591389265,371.9799999999385,1577.6472281126519
10100,43.869127591389265,371.9999999999385,1577.6767650858794
10101,43.869127591389265,372.0199999999385,1577.706301749665
10102,43.869127591389265,372.03999999993846,1577.735838103926
10103,43.869127591389265,372.05999999993844,1577.76537414858
10104,43.869127591389265,372.0799999999384,1577.794909883544
10105,43.869127591389265,372.0999999999384,1577.824445308736
10106,43.869127591389265,372.1199999999384,1577.853980424073
10107,43.869127591389265,372.13999999993837,1577.8835152294726
10108,43.869127591389265,372.15999999993835,1577.9130497248523
10109,43.869127591389265,372.17999999993833,1577.9425839101295
10110,43.869127591389265,372.1999999999383,1577.9721177852218
10111,43.869127591389265,372.2199999999383,1578.0016513500466
10112,43.869127591389265,372.2399999999383,1578.031184604521
10113,43.869127591389265,372.25999999993826,1578.0607175485627
10114,43.869127591389265,372.27999999993824,1578.090250182089
10115,43.869127591389265,372.2999999999382,1578.1197825050174
10116,43.869127591389265,372.3199999999382,1578.1493145172653
10117,43.869127591389265,372.3399999999382,1578.178846218869
10118,43.869127591389265,372.35999999993817,1578.2083776129414
10119,43.869127591389265,372.37999999993815,1578.2379087015286
10120,43.794469007020524,372.39999999993813,1578.2674394845487
10121,43.794469007020524,372.4199999999381,1578.2969699619202
10122,43.794469007020524,372.4399999999381,1578.3265001335615
10123,43.794469007020524,372.4599999999381,1578.3560299993906
10124,43.794469007020524,372.47999999993806,1578.3855595593259
10125,43.794469007020524,372.49999999993804,1578.4150888132856
10126,43.794469007020524,372.519999999938,1578.444617761188
10127,43.794469007020524,372.539999999938,1578.4741464029516
10128,43.794469007020524,372.559999999938,1578.5036747384945
10129,43.794469007020524,372.57999999993797,1578.533202767735
10130,43.794469007020524,372.59999999993795,1578.5627304905915
10131,43.794469007020524,372.61999999993793,1578.5922579069822
10132,43.794469007020524,372.6399999999379,1578.6217850168252
10133,43.794469007020524,372.6599999999379,1578.651311820039
10134,43.794469007020524,372.6799999999379,1578.6808383165417
10135,43.794469007020524,372.69999999993786,1578.7103645062516
10136,43.794469007020524,372.71999999993784,1578.7398903890871
10137,43.794469007020524,372.7399999999378,1578.7694159649664
10138,43.794469007020524,372.7599999999378,1578.7989412338077
10139,43.794469007020524,372.7799999999378,1578.8284661955292
10140,43.794469007020524,372.79999999993777,1578.8579908500494
10141,43.794469007020524,372.81999999993775,1578.8875151972863
10142,43.794469007020524,372.83999999993773,1578.9170392371584
10143,43.794469007020524,372.8599999999377,1578.9465629695837
10144,43.794469007020524,372.8799999999377,1578.9760863944807
10145,43.794469007020524,372.8999999999377,1579.0056095117675
10146,43.794469007020524,372.91999999993766,1579.0351323213624
10147,43.794469007020524,372.93999999993764,1579.0646548231837
10148,43.794469007020524,372.9599999999376,1579.0941770171496
10149,43.794469007020524,372.9799999999376,1579.1236989031784
10150,43.794469007020524,372.9999999999376,1579.153220481188
10151,43.794469007020524,373.01999999993757,1579.1827417510972
10152,43.794469007020524,373.03999999993755,1579.2122627128238
10153,43.794469007020524,373.05999999993753,1579.2417833662862
10154,43.794469007020524,373.0799999999375,1579.2713037114027
10155,43.794469007020524,373.0999999999375,1579.3008237480913
10156,43.794469007020524,373.1199999999375,1579.3303434762704
10157,43.794469007020524,373.13999999993746,1579.3598628958582
10158,43.794469007020524,373.15999999993744,1579.389382006773
10159,43.794469007020524,373.1799999999374,1579.418900808933
10160,43.794469007020524,373.1999999999374,1579.4484193022563
10161,43.794469007020524,373.2199999999374,1579.4779374866612
10162,43.794469007020524,373.23999999993737,1579.507455362066
10163,43.794469007020524,373.25999999993735,1579.5369729283886
10164,43.794469007020524,373.27999999993733,1579.5664901855478
10165,43.794469007020524,373.2999999999373,1579.5960071334614
10166,43.794469007020524,373.3199999999373,1579.6255237720477
10167,43.794469007020524,373.3399999999373,1579.655040101225
10168,43.794469007020524,373.35999999993726,1579.684556121082
10169,43.794469007020524,373.37999999993724,1579.714071834759
10170,43.794469007020524,373.3999999999372,1579.74358724386
10171,43.794469007020524,373.4199999999372,1579.7731023483038
10172,43.794469007020524,373.4399999999372,1579.8026171480085
10173,43.794469007020524,373.45999999993717,1579.8321316428924
10174,43.794469007020524,373.47999999993715,1579.8616458328736
10175,43.794469007020524,373.49999999993713,1579.8911597178706
10176,43.794469007020524,373.5199999999371,1579.9206732978016
10177,43.794469007020524,373.5399999999371,1579.9501865725847
10178,43.794469007020524,373.5599999999371,1579.9796995421384
10179,43.794469007020524,373.57999999993706,1580.0092122065878
10180,43.794469007020524,373.59999999993704,1580.0387245686695
10181,43.794469007020524,373.619999999937,1580.0682366292563
10182,43.794469007020524,373.639999999937,1580.0977483882662
10183,43.794469007020524,373.659999999937,1580.127259845617
10184,43.794469007020524,373.67999999993697,1580.1567710012266
10185,43.794469007020524,373.69999999993695,1580.1862818550132
10186,43.794469007020524,373.71999999993693,1580.215792406895
10187,43.794469007020524,373.7399999999369,1580.2453026567894
10188,43.794469007020524,373.7599999999369,1580.2748126046147
10189,43.794469007020524,373.7799999999369,1580.3043222502888
10190,43.794469007020524,373.79999999993686,1580.3338315937297
10191,43.794469007020524,373.81999999993684,1580.3633406348551
10192,43.794469007020524,373.8399999999368,1580.3928493735832
10193,43.794469007020524,373.8599999999368,1580.422357809832
10194,43.794469007020524,373.8799999999368,1580.4518659435191
10195,43.794469007020524,373.89999999993677,1580.4813737745628
10196,43.794469007020524,373.91999999993675,1580.510881302881
10197,43.794469007020524,373.93999999993673,1580.5403885283915
10198,43.794469007020524,373.9599999999367,1580.5698954510124
10199,43.794469007020524,373.9799999999367,1580.5994020706617
10200,43.794469007020524,373.9999999999367,1580.628908387257
10201,43.794469007020524,374.01999999993666,1580.6584144007168
10202,43.794469007020524,374.03999999993664,1580.6879201109584
10203,43.794469007020524,374.0599999999366,1580.7174255179002
10204,43.794469007020524,374.0799999999366,1580.74693062146
10205,43.794469007020524,374.0999999999366,1580.7764354215558
10206,43.794469007020524,374.11999999993657,1580.8059399181052
10207,43.794469007020524,374.13999999993655,1580.8354441110264
10208,43.794469007020524,374.15999999993653,1580.8649480002373
10209,43.794469007020524,374.1799999999365,1580.8944515856558
10210,43.794469007020524,374.1999999999365,1580.9239548671999
10211,43.794469007020524,374.2199999999365,1580.9534578447874
10212,43.794469007020524,374.23999999993646,1580.9829605183363
10213,43.794469007020524,374.25999999993644,1581.0124628877645
10214,43.794469007020524,374.2799999999364,1581.04196495299
10215,43.794469007020524,374.2999999999364,1581.0714667139305
10216,43.794469007020524,374.3199999999364,1581.100968170504
10217,43.794469007020524,374.33999999993637,1581.1304693226286
10218,43.794469007020524,374.35999999993635,1581.159970170222
10219,43.794469007020524,374.37999999993633,1581.1894707134481
10220,43.794469007020524,374.3999999999363,1581.2189709559154
10221,43.794469007020524,374.4199999999363,1581.2484708990207
10222,43.794469007020524,374.4399999999363,1581.2779705426824
10223,43.794469007020524,374.45999999993626,1581.3074698868186
10224,43.794469007020524,374.47999999993624,1581.3369689313477
10225,43.794469007020524,374.4999999999362,1581.3664676761878
10226,43.794469007020524,374.5199999999362,1581.395966121257
10227,43.794469007020524,374.5399999999362,1581.425464266474
10228,43.794469007020524,374.55999999993617,1581.4549621117565
10229,43.794469007020524,374.57999999993615,1581.4844596570229
10230,43.794469007020524,374.59999999993613,1581.5139569021915
10231,43.794469007020524,374.6199999999361,1581.5434538471807
10232,43.794469007020524,374.6399999999361,1581.5729504919084
10233,43.794469007020524,374.6599999999361,1581.602446836293
10234,43.794469007020524,374.67999999993606,1581.6319428802526
10235,43.794469007020524,374.69999999993604,1581.6614386237056
10236,43.794469007020524,374.719999999936,1581.6909340665702
10237,43.794469007020524,374.739999999936,1581.7204292087645
10238,43.794469007020524,374.759999999936,1581.7499240502068
10239,43.794469007020524,374.77999999993597,1581.7794185908153
10240,43.794469007020524,374.79999999993595,1581.8089128305082
10241,43.794469007020524,374.81999999993593,1581.8384067692039
10242,43.794469007020524,374.8399999999359,1581.8679004068201
10243,43.794469007020524,374.8599999999359,1581.8973937432756
10244,43.794469007020524,374.8799999999359,1581.9268867784883
10245,43.794469007020524,374.89999999993586,1581.9563795123763
10246,43.794469007020524,374.91999999993584,1581.985871944858
10247,43.794469007020524,374.9399999999358,1582.0153640758515
10248,43.794469007020524,374.9599999999358,1582.0448559052752
10249,43.794469007020524,374.9799999999358,1582.074347433047
10250,43.794469007020524,374.99999999993577,1582.1038386590853
10251,43.794469007020524,375.01999999993575,1582.1333295833083
10252,43.794469007020524,375.03999999993573,1582.162820205634
10253,43.794469007020524,375.0599999999357,1582.192310525981
10254,43.794469007020524,375.0799999999357,1582.221800544267
10255,43.794469007020524,375.0999999999357,1582.2512902604103
10256,43.794469007020524,375.11999999993566,1582.2807796743293
10257,43.720021945250785,375.13999999993564,1582.310268785942
10258,43.720021945250785,375.1599999999356,1582.3397575951667
10259,43.720021945250785,375.1799999999356,1582.3692461019216
10260,43.720021945250785,375.1999999999356,1582.3987343061247
10261,43.720021945250785,375.21999999993557,1582.4282222076943
10262,43.720021945250785,375.23999999993555,1582.4577098065486
10263,43.720021945250785,375.25999999993553,1582.4871971026057
10264,43.720021945250785,375.2799999999355,1582.5166840957838
10265,43.720021945250785,375.2999999999355,1582.546170786001
10266,43.720021945250785,375.3199999999355,1582.5756571731756
10267,43.720021945250785,375.33999999993546,1582.6051432572258
10268,43.720021945250785,375.35999999993544,1582.6346290380695
10269,43.720021945250785,375.3799999999354,1582.6641145156252
10270,43.720021945250785,375.3999999999354,1582.6935996900984
10271,43.720021945250785,375.4199999999354,1582.723084565071
10272,43.720021945250785,375.43999999993537,1582.7525691415383
10273,43.720021945250785,375.45999999993535,1582.7820534194184
10274,43.720021945250785,375.47999999993533,1582.8115373986298
10275,43.720021945250785,375.4999999999353,1582.841021079091
10276,43.720021945250785,375.5199999999353,1582.8705044607207
10277,43.720021945250785,375.5399999999353,1582.8999875434372
10278,43.720021945250785,375.55999999993526,1582.929470327159
10279,43.720021945250785,375.57999999993524,1582.9589528118045
10280,43.720021945250785,375.5999999999352,1582.9884349972922
10281,43.720021945250785,375.6199999999352,1583.0179168835405
10282,43.720021945250785,375.6399999999352,1583.047398470468
10283,43.720021945250785,375.65999999993517,1583.0768797579929
10284,43.720021945250785,375.67999999993515,1583.106360746034
10285,43.720021945250785,375.69999999993513,1583.1358414345095
10286,43.720021945250785,375.7199999999351,1583.1653218233382
10287,43.720021945250785,375.7399999999351,1583.1948019124382
10288,43.720021945250785,375.7599999999351,1583.224281701728
10289,43.720021945250785,375.77999999993506,1583.2537611911262
10290,43.720021945250785,375.79999999993504,1583.2832403805512
10291,43.720021945250785,375.819999999935,1583.3127192699214
10292,43.720021945250785,375.839999999935,1583.3421978591552
10293,43.720021945250785,375.859999999935,1583.3716761481712
10294,43.720021945250785,375.87999999993497,1583.4011541368877
10295,43.720021945250785,375.89999999993495,1583.4306318252231
10296,43.720021945250785,375.91999999993493,1583.460109213096
10297,43.720021945250785,375.9399999999349,1583.489586300425
10298,43.720021945250785,375.9599999999349,1583.519063087128
10299,43.720021945250785,375.9799999999349,1583.5485395731237
10300,43.720021945250785,375.99999999993486,1583.5780157583306
10301,43.720021945250785,376.01999999993484,1583.6074916426671
10302,43.720021945250785,376.0399999999348,1583.6369672260516
10303,43.720021945250785,376.0599999999348,1583.6664425084025
10304,43.720021945250785,376.0799999999348,1583.6959174896383
10305,43.720021945250785,376.09999999993477,1583.7253921696774
10306,43.720021945250785,376.11999999993475,1583.7548665484383
10307,43.720021945250785,376.13999999993473,1583.7843406258391
10308,43.720021945250785,376.1599999999347,1583.8138144017985
10309,43.720021945250785,376.1799999999347,1583.8432878762349
10310,43.720021945250785,376.1999999999347,1583.8727610490666
10311,43.720021945250785,376.21999999993466,1583.902233920212
10312,43.720021945250785,376.23999999993464,1583.9317064895897
10313,43.720021945250785,376.2599999999346,1583.961178757118
10314,43.720021945250785,376.2799999999346,1583.9906507227151
10315,43.720021945250785,376.2999999999346,1584.0201223862998
10316,43.720021945250785,376.31999999993457,1584.0495937477904
10317,43.720021945250785,376.33999999993455,1584.079064807105
10318,43.720021945250785,376.35999999993453,1584.1085355641621
10319,43.720021945250785,376.3799999999345,1584.1380060188803
10320,43.720021945250785,376.3999999999345,1584.167476171178
10321,43.720021945250785,376.4199999999345,1584.19694602133
10322,43.720021945250785,376.43999999993446,1584.2264155732648
10323,43.720021945250785,376.45999999993444,1584.255884827703
10324,43.720021945250785,376.4799999999344,1584.2853537845633
10325,43.720021945250785,376.4999999999344,1584.3148224437643
10326,43.720021945250785,376.5199999999344,1584.3442908052248
10327,43.720021945250785,376.53999999993437,1584.3737588688632
10328,43.720021945250785,376.55999999993435,1584.4032266345985
10329,43.720021945250785,376.57999999993433,1584.4326941023492
10330,43.720021945250785,376.5999999999343,1584.462161272034
10331,43.720021945250785,376.6199999999343,1584.491628143572
10332,43.720021945250785,376.6399999999343,1584.5210947168812
10333,43.720021945250785,376.65999999993426,1584.5505609918807
10334,43.720021945250785,376.67999999993424,1584.5800269684892
10335,43.720021945250785,376.6999999999342,1584.609492646625
10336,43.720021945250785,376.7199999999342,1584.6389580262073
10337,43.720021945250785,376.7399999999342,1584.6684231071545
10338,43.720021945250785,376.75999999993417,1584.6978878893854
10339,43.720021945250785,376.77999999993415,1584.7273523728184
10340,43.720021945250785,376.79999999993413,1584.7568165573725
10341,43.720021945250785,376.8199999999341,1584.7862804429662
10342,43.720021945250785,376.8399999999341,1584.8157440295183
10343,43.720021945250785,376.8599999999341,1584.8452073169474
10344,43.720021945250785,376.87999999993406,1584.874670305172
10345,43.720021945250785,376.89999999993404,1584.9041329941108
10346,43.720021945250785,376.919999999934,1584.9335953836826
10347,43.720021945250785,376.939999999934,1584.963057473806
10348,43.720021945250785,376.959999999934,1584.9925192643996
10349,43.720021945250785,376.97999999993397,1585.0219807553822
10350,43.720021945250785,376.99999999993395,1585.0514419466724
10351,43.720021945250785,377.01999999993393,1585.0809028381889
10352,43.720021945250785,377.0399999999339,1585.1103634298502
10353,43.720021945250785,377.0599999999339,1585.1398237215749
10354,43.720021945250785,377.0799999999339,1585.1692837132819
10355,43.720021945250785,377.09999999993386,1585.1987434048897
10356,43.720021945250785,377.11999999993384,1585.228202796317
10357,43.720021945250785,377.1399999999338,1585.2576618874823
10358,43.720021945250785,377.1599999999338,1585.2871206783045
10359,43.720021945250785,377.1799999999338,1585.316579168702
10360,43.720021945250785,377.19999999993377,1585.3460373585935
10361,43.720021945250785,377.21999999993375,1585.3754952478978
10362,43.720021945250785,377.23999999993373,1585.4049528365333
10363,43.720021945250785,377.2599999999337,1585.4344101244187
10364,43.720021945250785,377.2799999999337,1585.4638671114726
10365,43.720021945250785,377.2999999999337,1585.4933237976138
10366,43.720021945250785,377.31999999993366,1585.5227801827607
10367,43.720021945250785,377.33999999993364,1585.552236266832
10368,43.720021945250785,377.3599999999336,1585.5816920497464
10369,43.720021945250785,377.3799999999336,1585.6111475314224
10370,43.720021945250785,377.3999999999336,1585.6406027117787
10371,43.720021945250785,377.41999999993357,1585.670057590734
10372,43.720021945250785,377.43999999993355,1585.699512168637
10373,43.720021945250785,377.45999999993353,1585.7289664497916
10374,43.720021945250785,377.4799999999335,1585.758420434629
10375,43.720021945250785,377.4999999999335,1585.7878741230681
10376,43.720021945250785,377.5199999999335,1585.817327515028
10377,43.720021945250785,377.53999999993346,1585.8467806104277
10378,43.720021945250785,377.55999999993344,1585.8762334091862
10379,43.720021945250785,377.5799999999334,1585.9056859112225
10380,43.720021945250785,377.5999999999334,1585.9351381164554
10381,43.720021945250785,377.6199999999334,1585.9645900248042
10382,43.720021945250785,377.63999999993337,1585.9940416361878
10383,43.720021945250785,377.65999999993335,1586.0234929505252
10384,43.720021945250785,377.67999999993333,1586.0529439677352
10385,43.720021945250785,377.6999999999333,1586.082394687737
10386,43.720021945250785,377.7199999999333,1586.1118451104494
10387,43.720021945250785,377.7399999999333,1586.1412952357916
10388,43.720021945250785,377.75999999993326,1586.1707450636825
10389,43.720021945250785,377.77999999993324,1586.2001945940412
10390,43.720021945250785,377.7999999999332,1586.2296438267865
10391,43.645785568030085,377.8199999999332,1586.2590927618376
10392,43.645785568030085,377.8399999999332,1586.2885413991132
10393,43.645785568030085,377.85999999993317,1586.3179897385326
10394,43.645785568030085,377.87999999993315,1586.3474377800144
10395,43.645785568030085,377.89999999993313,1586.3768855234778
10396,43.645785568030085,377.9199999999331,1586.4063329688418
10397,43.645785568030085,377.9399999999331,1586.4357801160252
10398,43.645785568030085,377.9599999999331,1586.465226964947
10399,43.645785568030085,377.97999999993306,1586.4946735155265
10400,43.645785568030085,377.99999999993304,1586.5241197676824
10401,43.645785568030085,378.019999999933,1586.5535657213336
10402,43.645785568030085,378.039999999933,1586.583011376399
10403,43.645785568030085,378.059999999933,1586.612456732798
10404,43.645785568030085,378.07999999993297,1586.6419017904489
10405,43.645785568030085,378.09999999993295,1586.671346549271
10406,43.645785568030085,378.11999999993293,1586.7007910091834
10407,43.645785568030085,378.1399999999329,1586.7302351701048
10408,43.645785568030085,378.1599999999329,1586.7596790319544
10409,43.645785568030085,378.1799999999329,1586.789122594651
10410,43.645785568030085,378.19999999993286,1586.8185658581135
10411,43.645785568030085,378.21999999993284,1586.848008822261
10412,43.645785568030085,378.2399999999328,1586.8774514870122
10413,43.645785568030085,378.2599999999328,1586.9068938522864
10414,43.645785568030085,378.2799999999328,1586.9363359180022
10415,43.645785568030085,378.29999999993277,1586.9657776840788
10416,43.645785568030085,378.31999999993275,1586.995219150435
10417,43.645785568030085,378.33999999993273,1587.0246603169899
10418,43.645785568030085,378.3599999999327,1587.0541011836622
10419,43.645785568030085,378.3799999999327,1587.0835417503708
10420,43.645785568030085,378.3999999999327,1587.112982017035
10421,43.645785568030085,378.41999999993266,1587.1424219835733
10422,43.645785568030085,378.43999999993264,1587.1718616499047
10423,43.645785568030085,378.4599999999326,1587.2013010165879
10424,43.645785568030085,378.4799999999326,1587.230740087475
10425,43.645785568030085,378.4999999999326,1587.260178862851
10426,43.645785568030085,378.51999999993257,1587.2896173426354
10427,43.645785568030085,378.53999999993255,1587.3190555267474
10428,43.645785568030085,378.55999999993253,1587.3484934151063
10429,43.645785568030085,378.5799999999325,1587.377931007631
10430,43.645785568030085,378.5999999999325,1587.4073683042413
10431,43.645785568030085,378.6199999999325,1587.4368053048563
10432,43.645785568030085,378.63999999993246,1587.466242009395
10433,43.645785568030085,378.65999999993244,1587.4956784177768
10434,43.645785568030085,378.6799999999324,1587.525114529921
10435,43.645785568030085,378.6999999999324,1587.5545503457467
10436,43.645785568030085,378.7199999999324,1587.5839858651734
10437,43.645785568030085,378.73999999993237,1587.6134210881203
10438,43.645785568030085,378.75999999993235,1587.6428560145064
10439,43.645785568030085,378.77999999993233,1587.672290644251
10440,43.645785568030085,378.7999999999323,1587.7017249772737
10441,43.645785568030085,378.8199999999323,1587.7311590134932
10442,43.645785568030085,378.8399999999323,1587.760592752829
10443,43.645785568030085,378.85999999993226,1587.7900261952007
10444,43.645785568030085,378.87999999993224,1587.819459340527
10445,43.645785568030085,378.8999999999322,1587.8488921887272
10446,43.645785568030085,378.9199999999322,1587.8783247397207
10447,43.645785568030085,378.9399999999322,1587.9077569934266
10448,43.645785568030085,378.95999999993217,1587.9371889497643
10449,43.645785568030085,378.97999999993215,1587.9666206086529
10450,43.645785568030085,378.99999999993213,1587.9960519700116
10451,43.645785568030085,379.0199999999321,1588.0254830337597
10452,43.645785568030085,379.0399999999321,1588.0549137998164
10453,43.645785568030085,379.0599999999321,1588.084344268101
10454,43.645785568030085,379.07999999993206,1588.1137744385323
10455,43.645785568030085,379.09999999993204,1588.14320431103
10456,43.645785568030085,379.119999999932,1588.1726338855133
10457,43.645785568030085,379.139999999932,1588.2020631619012
10458,43.645785568030085,379.159999999932,1588.2314921401128
10459,43.645785568030085,379.17999999993197,1588.2609208200674
10460,43.645785568030085,379.19999999993195,1588.2903492016844
10461,43.645785568030085,379.21999999993193,1588.3197772848828
10462,43.645785568030085,379.2399999999319,1588.3492050695818
10463,43.645785568030085,379.2599999999319,1588.3786325557007
10464,43.645785568030085,379.2799999999319,1588.408059743159
10465,43.645785568030085,379.29999999993186,1588.4374866318753
10466,43.645785568030085,379.31999999993184,1588.4669132217691
10467,43.645785568030085,379.3399999999318,1588.4963395127595
10468,43.645785568030085,379.3599999999318,1588.5257655047658
10469,43.645785568030085,379.3799999999318,1588.5551911977072
10470,43.645785568030085,379.39999999993177,1588.584616591503
10471,43.645785568030085,379.41999999993175,1588.614041686072
10472,43.645785568030085,379.43999999993173,1588.6434664813335
10473,43.645785568030085,379.4599999999317,1588.6728909772069
10474,43.645785568030085,379.4799999999317,1588.7023151745752
10475,43.645785568030085,379.4999999999317,1588.7317390771898
10476,43.645785568030085,379.51999999993166,1588.7611626852881
10477,43.645785568030085,379.53999999993164,1588.7905859987893
10478,43.645785568030085,379.5599999999316,1588.8200090176124
10479,43.645785568030085,379.5799999999316,1588.8494317416764
10480,43.645785568030085,379.5999999999316,1588.8788541709005
10481,43.645785568030085,379.61999999993157,1588.9082763052038
10482,43.645785568030085,379.63999999993155,1588.9376981445052
10483,43.645785568030085,379.65999999993153,1588.9671196887239
10484,43.645785568030085,379.6799999999315,1588.9965409377787
10485,43.645785568030085,379.6999999999315,1589.0259618915888
10486,43.645785568030085,379.7199999999315,1589.0553825500733
10487,43.645785568030085,379.73999999993146,1589.0848029131512
10488,43.645785568030085,379.75999999993144,1589.1142229807415
10489,43.645785568030085,379.7799999999314,1589.143642752763
10490,43.645785568030085,379.7999999999314,1589.1730622291352
10491,43.645785568030085,379.8199999999314,1589.202481409777
10492,43.645785568030085,379.83999999993136,1589.2319002946072
10493,43.645785568030085,379.85999999993135,1589.2613188835448
10494,43.645785568030085,379.87999999993133,1589.2907371765093
10495,43.645785568030085,379.8999999999313,1589.3201551734194
10496,43.645785568030085,379.9199999999313,1589.349572874194
10497,43.645785568030085,379.9399999999313,1589.3789902787526
10498,43.645785568030085,379.95999999993126,1589.4084073870135
10499,43.645785568030085,379.97999999993124,1589.4378241988964
10500,43.645785568030085,379.9999999999312,1589.4672407143198
10501,43.645785568030085,380.0199999999312,1589.4966569332032
10502,43.645785568030085,380.0399999999312,1589.5260728554654
10503,43.645785568030085,380.05999999993116,1589.5554884810253
10504,43.645785568030085,380.07999999993115,1589.584903809802
10505,43.645785568030085,380.09999999993113,1589.6143188417145
10506,43.645785568030085,380.1199999999311,1589.6437335766818
10507,43.645785568030085,380.1399999999311,1589.673148014623
10508,43.645785568030085,380.1599999999311,1589.702562155457
10509,43.645785568030085,380.17999999993106,1589.7319759991026
10510,43.645785568030085,380.19999999993104,1589.7613895454792
10511,43.645785568030085,380.219999999931,1589.7908027945057
10512,43.645785568030085,380.239999999931,1589.820215746101
10513,43.645785568030085,380.259999999931,1589.849628400184
10514,43.645785568030085,380.27999999993096,1589.879040756674
10515,43.645785568030085,380.29999999993095,1589.9084528154897
10516,43.645785568030085,380.31999999993093,1589.9378645765503
10517,43.645785568030085,380.3399999999309,1589.9672760397746
10518,43.645785568030085,380.3599999999309,1589.9966872050816
10519,43.645785568030085,380.3799999999309,1590.0260980737376
10520,43.645785568030085,380.39999999993086,1590.055508647569
10521,43.645785568030085,380.41999999993084,1590.0849189265573
10522,43.645785568030085,380.4399999999308,1590.1143289106212
10523,43.645785568030085,380.4599999999308,1590.14373859968
10524,43.645785568030085,380.4799999999308,1590.173147993653
10525,43.645785568030085,380.49999999993076,1590.2025570937535
10526,43.645785568030085,380.51999999993075,1590.231965903574
10527,43.645785568030085,380.5399999999307,1590.2613744232983
10528,43.645785568030085,380.5599999999307,1590.2907826528456
10529,43.645785568030085,380.5799999999307,1590.320190592135
10530,43.57175904157265,380.5999999999307,1590.3495982410866
10531,43.57175904157265,380.61999999993066,1590.3790055996192
10532,43.57175904157265,380.63999999993064,1590.4084126676523
10533,43.57175904157265,380.6599999999306,1590.4378194451053
10534,43.57175904157265,380.6799999999306,1590.4672259318977
10535,43.57175904157265,380.6999999999306,1590.4966321279487
10536,43.57175904157265,380.71999999993056,1590.5260380331777
10537,43.57175904157265,380.73999999993055,1590.555443647504
10538,43.57175904157265,380.7599999999305,1590.5848489708471
10539,43.57175904157265,380.7799999999305,1590.6142540031262
10540,43.57175904157265,380.7999999999305,1590.6436587442608
10541,43.57175904157265,380.8199999999305,1590.6730631941703
10542,43.57175904157265,380.83999999993046,1590.7024673527737
10543,43.57175904157265,380.85999999993044,1590.7318712199908
10544,43.57175904157265,380.8799999999304,1590.7612747957405
10545,43.57175904157265,380.8999999999304,1590.7906780799426
10546,43.57175904157265,380.9199999999304,1590.8200810725161
10547,43.57175904157265,380.93999999993036,1590.8494837733806
10548,43.57175904157265,380.95999999993035,1590.8788861824553
10549,43.57175904157265,380.9799999999303,1590.9082882996595
10550,43.57175904157265,380.9999999999303,1590.9376901249127
10551,43.57175904157265,381.0199999999303,1590.9670916581342
10552,43.57175904157265,381.0399999999303,1590.9964928992433
10553,43.57175904157265,381.05999999993026,1591.0258938481593
10554,43.57175904157265,381.07999999993024,1591.0552945048016
10555,43.57175904157265,381.0999999999302,1591.0846948690894
10556,43.57175904157265,381.1199999999302,1591.114094940942
10557,43.57175904157265,381.1399999999302,1591.143494720279
10558,43.57175904157265,381.15999999993016,1591.1728942070197
10559,43.57175904157265,381.17999999993015,1591.2022934010831
10560,43.57175904157265,381.1999999999301,1591.2316923023889
10561,43.57175904157265,381.2199999999301,1591.2610909108562
10562,43.57175904157265,381.2399999999301,1591.2904892264044
10563,43.57175904157265,381.2599999999301,1591.3198872489527
10564,43.57175904157265,381.27999999993006,1591.3492849784204
10565,43.57175904157265,381.29999999993004,1591.378682414727
10566,43.57175904157265,381.31999999993,1591.4080795577918
10567,43.57175904157265,381.33999999993,1591.437476407534
10568,43.57175904157265,381.35999999993,1591.466872963873
10569,43.57175904157265,381.37999999992996,1591.496269226728
10570,43.57175904157265,381.39999999992995,1591.5256651960183
10571,43.57175904157265,381.4199999999299,1591.5550608716633
10572,43.57175904157265,381.4399999999299,1591.5844562535822
10573,43.57175904157265,381.4599999999299,1591.6138513416945
10574,43.57175904157265,381.4799999999299,1591.6432461359193
10575,43.57175904157265,381.49999999992986,1591.672640636176
10576,43.57175904157265,381.51999999992984,1591.7020348438734
10577,43.57175904157265,381.5399999999298,1591.731428762114
10578,43.57175904157265,381.5599999999298,1591.7608223910056
10579,43.57175904157265,381.5799999999298,1591.7902157304677
10580,43.57175904157265,381.59999999992976,1591.8196087804201
10581,43.57175904157265,381.61999999992975,1591.8490015407822
10582,43.57175904157265,381.6399999999297,1591.8783940114736
10583,43.57175904157265,381.6599999999297,1591.9077861924138
10584,43.57175904157265,381.6799999999297,1591.9371780835224
10585,43.57175904157265,381.6999999999297,1591.966569684719
10586,43.57175904157265,381.71999999992966,1591.995960995923
10587,43.57175904157265,381.73999999992964,1592.025352017054
10588,43.57175904157265,381.7599999999296,1592.0547427480317
10589,43.57175904157265,381.7799999999296,1592.0841331887755
10590,43.57175904157265,381.7999999999296,1592.113523339205
10591,43.57175904157265,381.81999999992956,1592.1429131992395
10592,43.57175904157265,381.83999999992955,1592.172302768799
10593,43.57175904157265,381.8599999999295,1592.2016920478027
10594,43.57175904157265,381.8799999999295,1592.2310810361703
10595,43.57175904157265,381.8999999999295,1592.2604697338213
10596,43.57175904157265,381.9199999999295,1592.2898581406753
10597,43.57175904157265,381.93999999992946,1592.3192462566517
10598,43.57175904157265,381.95999999992944,1592.34863408167
10599,43.57175904157265,381.9799999999294,1592.37802161565
10600,43.57175904157265,381.9999999999294,1592.4074088585107
10601,43.57175904157265,382.0199999999294,1592.436795810172
10602,43.57175904157265,382.03999999992936,1592.4661824705536
10603,43.57175904157265,382.05999999992935,1592.4955688395746
10604,43.57175904157265,382.0799999999293,1592.524954917155
10605,43.57175904157265,382.0999999999293,1592.5543407032137
10606,43.57175904157265,382.1199999999293,1592.5837261976708
10607,43.57175904157265,382.1399999999293,1592.6131114004454
10608,43.57175904157265,382.15999999992925,1592.6424963114573
10609,43.57175904157265,382.17999999992924,1592.671880930626
10610,43.57175904157265,382.1999999999292,1592.7012652578708
10611,43.57175904157265,382.2199999999292,1592.7306492931114
10612,43.57175904157265,382.2399999999292,1592.760033036267
10613,43.57175904157265,382.25999999992916,1592.7894164872575
10614,43.57175904157265,382.27999999992915,1592.8187996460022
10615,43.57175904157265,382.2999999999291,1592.8481825124206
10616,43.57175904157265,382.3199999999291,1592.8775650864322
10617,43.57175904157265,382.3399999999291,1592.9069473679567
10618,43.57175904157265,382.3599999999291,1592.9363293569133
10619,43.57175904157265,382.37999999992905,1592.9657110532216
10620,43.57175904157265,382.39999999992904,1592.9950924568013
10621,43.57175904157265,382.419999999929,1593.0244735675717
10622,43.57175904157265,382.439999999929,1593.0538543854523
10623,43.57175904157265,382.459999999929,1593.0832349103625
10624,43.57175904157265,382.47999999992896,1593.1126151422218
10625,43.57175904157265,382.49999999992895,1593.1419950809498
10626,43.57175904157265,382.5199999999289,1593.171374726466
10627,43.57175904157265,382.5399999999289,1593.200754080586
10628,43.57175904157265,382.5599999999289,1593.2301331463837
10629,43.57175904157265,382.5799999999289,1593.2595119239186
10630,43.57175904157265,382.59999999992885,1593.2888904131105
10631,43.57175904157265,382.61999999992884,1593.3182686138794
10632,43.57175904157265,382.6399999999288,1593.347646526145
10633,43.57175904157265,382.6599999999288,1593.3770241498269
10634,43.57175904157265,382.6799999999288,1593.406401484845
10635,43.57175904157265,382.69999999992876,1593.4357785311192
10636,43.57175904157265,382.71999999992875,1593.4651552885693
10637,43.57175904157265,382.7399999999287,1593.494531757115
10638,43.57175904157265,382.7599999999287,1593.5239079366763
10639,43.57175904157265,382.7799999999287,1593.553283827173
10640,43.57175904157265,382.7999999999287,1593.5826594285245
10641,43.57175904157265,382.81999999992865,1593.612034740651
10642,43.57175904157265,382.83999999992864,1593.6414097634722
10643,43.57175904157265,382.8599999999286,1593.6707844969078
10644,43.57175904157265,382.8799999999286,1593.7001589408776
10645,43.57175904157265,382.8999999999286,1593.7295330953016
10646,43.57175904157265,382.91999999992856,1593.7589069600992
10647,43.57175904157265,382.93999999992855,1593.7882805351906
10648,43.57175904157265,382.9599999999285,1593.8176538204953
10649,43.57175904157265,382.9799999999285,1593.847026815933
10650,43.57175904157265,382.9999999999285,1593.876399521424
10651,43.57175904157265,383.0199999999285,1593.9057719368875
10652,43.57175904157265,383.03999999992845,1593.9351440622436
10653,43.57175904157265,383.05999999992844,1593.964515897412
10654,43.57175904157265,383.0799999999284,1593.9938874423124
10655,43.57175904157265,383.0999999999284,1594.0232586968648
10656,43.57175904157265,383.1199999999284,1594.0526296609887
10657,43.57175904157265,383.13999999992836,1594.0820003346041
10658,43.57175904157265,383.15999999992835,1594.1113707176305
10659,43.57175904157265,383.1799999999283,1594.1407408099878
10660,43.57175904157265,383.1999999999283,1594.1701106115959
10661,43.57175904157265,383.2199999999283,1594.1994801223743
10662,43.57175904157265,383.2399999999283,1594.228849342243
10663,43.57175904157265,383.25999999992825,1594.2582182711215
10664,43.57175904157265,383.27999999992824,1594.2875869089298
10665,43.4979415363304,383.2999999999282,1594.3169552555876
10666,43.4979415363304,383.3199999999282,1594.3463233110147
10667,43.4979415363304,383.3399999999282,1594.3756910751306
10668,43.4979415363304,383.35999999992816,1594.4050585478553
10669,43.4979415363304,383.37999999992815,1594.4344257291084
10670,43.4979415363304,383.3999999999281,1594.4637926188097
10671,43.4979415363304,383.4199999999281,1594.4931592168791
10672,43.4979415363304,383.4399999999281,1594.5225255232363
10673,43.4979415363304,383.4599999999281,1594.5518915378007
10674,43.4979415363304,383.47999999992805,1594.5812572604923
10675,43.4979415363304,383.49999999992804,1594.610622691231
10676,43.4979415363304,383.519999999928,1594.6399878299362
10677,43.4979415363304,383.539999999928,1594.6693526765278
10678,43.4979415363304,383.559999999928,1594.6987172329696
10679,43.4979415363304,383.57999999992796,1594.7280815018814
10680,43.4979415363304,383.59999999992795,1594.7574454832566
10681,43.4979415363304,383.6199999999279,1594.786809177015
10682,43.4979415363304,383.6399999999279,1594.8161725830766
10683,43.4979415363304,383.6599999999279,1594.8455357013618
10684,43.4979415363304,383.6799999999279,1594.8748985317907
10685,43.4979415363304,383.69999999992785,1594.904261074283
10686,43.4979415363304,383.71999999992784,1594.9336233287595
10687,43.4979415363304,383.7399999999278,1594.9629852951398
10688,43.4979415363304,383.7599999999278,1594.992346973344
10689,43.4979415363304,383.7799999999278,1595.0217083632922
10690,43.4979415363304,383.79999999992776,1595.0510694649047
10691,43.4979415363304,383.81999999992775,1595.0804302781014
10692,43.4979415363304,383.8399999999277,1595.1097908028025
10693,43.4979415363304,383.8599999999277,1595.1391510389283
10694,43.4979415363304,383.8799999999277,1595.1685109863986
10695,43.4979415363304,383.8999999999277,1595.1978706451334
10696,43.4979415363304,383.91999999992765,1595.227230015053
10697,43.4979415363304,383.93999999992764,1595.2565890960775
10698,43.4979415363304,383.9599999999276,1595.2859478881269
10699,43.4979415363304,383.9799999999276,1595.3153063911213
10700,43.4979415363304,383.9999999999276,1595.3446646049808
10701,43.4979415363304,384.01999999992756,1595.3740225296256
10702,43.4979415363304,384.03999999992755,1595.4033801649755
10703,43.4979415363304,384.0599999999275,1595.4327375109508
10704,43.4979415363304,384.0799999999275,1595.4620945674715
10705,43.4979415363304,384.0999999999275,1595.4914513344577
10706,43.4979415363304,384.1199999999275,1595.5208078118294
10707,43.4979415363304,384.13999999992745,1595.5501639995068
10708,43.4979415363304,384.15999999992744,1595.57951989741
10709,43.4979415363304,384.1799999999274,1595.6088755054586
10710,43.4979415363304,384.1999999999274,1595.6382308235732
10711,43.4979415363304,384.2199999999274,1595.6675858516735
10712,43.4979415363304,384.23999999992736,1595.6969405896798
10713,43.4979415363304,384.25999999992735,1595.726295037512
10714,43.4979415363304,384.2799999999273,1595.7556491950904
10715,43.4979415363304,384.2999999999273,1595.785003062335
10716,43.4979415363304,384.3199999999273,1595.8143566391655
10717,43.4979415363304,384.3399999999273,1595.8437099255023
10718,43.4979415363304,384.35999999992725,1595.8730629212653
10719,43.4979415363304,384.37999999992724,1595.9024156263747
10720,43.4979415363304,384.3999999999272,1595.9317680407505
10721,43.4979415363304,384.4199999999272,1595.9611201643127
10722,43.4979415363304,384.4399999999272,1595.9904719969813
10723,43.4979415363304,384.45999999992716,1596.0198235386765
10724,43.4979415363304,384.47999999992714,1596.0491747893182
10725,43.4979415363304,384.4999999999271,1596.0785257488265
10726,43.4979415363304,384.5199999999271,1596.1078764171214
10727,43.4979415363304,384.5399999999271,1596.1372267941229
10728,43.4979415363304,384.5599999999271,1596.166576879751
10729,43.4979415363304,384.57999999992705,1596.1959266763195
10730,43.4979415363304,384.59999999992704,1596.2252761862915
10731,43.4979415363304,384.619999999927,1596.2546254096035
10732,43.4979415363304,384.639999999927,1596.283974346176
10733,43.4979415363304,384.659999999927,1596.3133229959292
10734,43.4979415363304,384.67999999992696,1596.3426713587835
10735,43.4979415363304,384.69999999992694,1596.3720194346593
10736,43.4979415363304,384.7199999999269,1596.4013672234769
10737,43.4979415363304,384.7399999999269,1596.4307147251568
10738,43.4979415363304,384.7599999999269,1596.460061939619
10739,43.4979415363304,384.7799999999269,1596.489408866784
10740,43.4979415363304,384.79999999992685,1596.5187555065722
10741,43.4979415363304,384.81999999992684,1596.548101858904
10742,43.4979415363304,384.8399999999268,1596.5774479236993
10743,43.4979415363304,384.8599999999268,1596.6067937008788
10744,43.4979415363304,384.8799999999268,1596.6361391903629
10745,43.4979415363304,384.89999999992676,1596.6654843920717
10746,43.4979415363304,384.91999999992674,1596.6948293059254
10747,43.4979415363304,384.9399999999267,1596.7241739318447
10748,43.4979415363304,384.9599999999267,1596.7535182697495
10749,43.4979415363304,384.9799999999267,1596.7828623195605
10750,43.4979415363304,384.9999999999267,1596.8122060811977
10751,43.4979415363304,385.01999999992665,1596.8415495545817
10752,43.4979415363304,385.03999999992664,1596.8708927396324
10753,43.4979415363304,385.0599999999266,1596.9002356362705
10754,43.4979415363304,385.0799999999266,1596.9295782444162
10755,43.4979415363304,385.0999999999266,1596.9589205639898
10756,43.4979415363304,385.11999999992656,1596.9882625949115
10757,43.4979415363304,385.13999999992654,1597.0176043371016
10758,43.4979415363304,385.1599999999265,1597.0469457904805
10759,43.4979415363304,385.1799999999265,1597.0762869549685
10760,43.4979415363304,385.1999999999265,1597.1056278304857
10761,43.4979415363304,385.2199999999265,1597.1349684169527
10762,43.4979415363304,385.23999999992645,1597.1643087142895
10763,43.4979415363304,385.25999999992644,1597.1936487224166
10764,43.4979415363304,385.2799999999264,1597.222988441254
10765,43.4979415363304,385.2999999999264,1597.2523278707224
10766,43.4979415363304,385.3199999999264,1597.2816670107418
10767,43.4979415363304,385.33999999992636,1597.3110058612326
10768,43.4979415363304,385.35999999992634,1597.340344422115
10769,43.4979415363304,385.3799999999263,1597.3696826933094
10770,43.4979415363304,385.3999999999263,1597.399020674736
10771,43.4979415363304,385.4199999999263,1597.428358366315
10772,43.4979415363304,385.4399999999263,1597.457695767967
10773,43.4979415363304,385.45999999992625,1597.487032879612
10774,43.4979415363304,385.47999999992624,1597.51636970117
10775,43.4979415363304,385.4999999999262,1597.5457062325618
10776,43.4979415363304,385.5199999999262,1597.5750424737073
10777,43.4979415363304,385.5399999999262,1597.6043784245269
10778,43.4979415363304,385.55999999992616,1597.633714084941
10779,43.4979415363304,385.57999999992614,1597.6630494549129
10780,43.4979415363304,385.5999999999261,1597.692384537092
10781,43.4979415363304,385.6199999999261,1597.7217193337387
10782,43.4979415363304,385.6399999999261,1597.7510538447737
10783,43.4979415363304,385.6599999999261,1597.7803880701174
10784,43.4979415363304,385.67999999992605,1597.8097220096906
10785,43.4979415363304,385.69999999992604,1597.8390556634138
10786,43.4979415363304,385.719999999926,1597.8683890312077
10787,43.4979415363304,385.739999999926,1597.8977221129928
10788,43.4979415363304,385.759999999926,1597.92705490869
10789,43.4979415363304,385.77999999992596,1597.9563874182197
10790,43.4979415363304,385.79999999992594,1597.9857196415026
10791,43.4979415363304,385.8199999999259,1598.015051578459
10792,43.4979415363304,385.8399999999259,1598.0443832290098
10793,43.4979415363304,385.8599999999259,1598.0737145930755
10794,43.4979415363304,385.8799999999259,1598.1030456705769
10795,43.4979415363304,385.89999999992585,1598.1323764614344
10796,43.4979415363304,385.91999999992584,1598.1617069655688
10797,43.4979415363304,385.9399999999258,1598.1910371829003
10798,43.4979415363304,385.9599999999258,1598.22036711335
10799,43.4979415363304,385.9799999999258,1598.2496967568381
10800,43.42433222696666,385.99999999992576,1598.2790261132855
10801,43.42433222696666,386.01999999992574,1598.3083551826123
10802,43.42433222696666,386.0399999999257,1598.3376839647397
10803,43.42433222696666,386.0599999999257,1598.3670124595878
10804,43.42433222696666,386.0799999999257,1598.3963406670775
10805,43.42433222696666,386.09999999992567,1598.4256685871292
10806,43.42433222696666,386.11999999992565,1598.4549962196636
10807,43.42433222696666,386.13999999992564,1598.4843235646013
10808,43.42433222696666,386.1599999999256,1598.5136506218628
10809,43.42433222696666,386.1799999999256,1598.5429773913686
10810,43.42433222696666,386.1999999999256,1598.5723038730393
10811,43.42433222696666,386.21999999992556,1598.6016300667957
10812,43.42433222696666,386.23999999992554,1598.6309559725582
10813,43.42433222696666,386.2599999999255,1598.6602815902475
10814,43.42433222696666,386.2799999999255,1598.689606919784
10815,43.42433222696666,386.2999999999255,1598.7189319610882
10816,43.42433222696666,386.31999999992547,1598.7482567140808
10817,43.42433222696666,386.33999999992545,1598.7775811786823
10818,43.42433222696666,386.35999999992544,1598.8069053548134
10819,43.42433222696666,386.3799999999254,1598.8362292423944
10820,43.42433222696666,386.3999999999254,1598.8655528413462
10821,43.42433222696666,386.4199999999254,1598.8948761515892
10822,43.42433222696666,386.43999999992536,1598.924199173044
10823,43.42433222696666,386.45999999992534,1598.9535219056309
10824,43.42433222696666,386.4799999999253,1598.9828443492706
10825,43.42433222696666,386.4999999999253,1599.012166503884
10826,43.42433222696666,386.5199999999253,1599.0414883693911
10827,43.42433222696666,386.53999999992527,1599.0708099457129
10828,43.42433222696666,386.55999999992525,1599.1001312327696
10829,43.42433222696666,386.57999999992523,1599.129452230482
10830,43.42433222696666,386.5999999999252,1599.1587729388662
10831,43.42433222696666,386.6199999999252,1599.1880933605908
10832,43.42433222696666,386.6399999999252,1599.217413497462
10833,43.42433222696666,386.65999999992516,1599.246733349401
10834,43.42433222696666,386.67999999992514,1599.2760529163284
10835,43.42433222696666,386.6999999999251,1599.305372198165
10836,43.42433222696666,386.7199999999251,1599.334691194832
10837,43.42433222696666,386.7399999999251,1599.36400990625
10838,43.42433222696666,386.75999999992507,1599.39332833234
10839,43.42433222696666,386.77999999992505,1599.4226464730227
10840,43.42433222696666,386.79999999992503,1599.451964328219
10841,43.42433222696666,386.819999999925,1599.4812818978496
10842,43.42433222696666,386.839999999925,1599.5105991818355
10843,43.42433222696666,386.859999999925,1599.5399161800974
10844,43.42433222696666,386.87999999992496,1599.5692328925563
10845,43.42433222696666,386.89999999992494,1599.598549319133
10846,43.42433222696666,386.9199999999249,1599.6278654597484
10847,43.42433222696666,386.9399999999249,1599.657181314323
10848,43.42433222696666,386.9599999999249,1599.6864968827779
10849,43.42433222696666,386.97999999992487,1599.7158121650339
10850,43.42433222696666,386.99999999992485,1599.7451271610119
10851,43.42433222696666,387.01999999992483,1599.7744418706325
10852,43.42433222696666,387.0399999999248,1599.8037562938166
10853,43.42433222696666,387.0599999999248,1599.8330704304851
10854,43.42433222696666,387.0799999999248,1599.862384280559
10855,43.42433222696666,387.09999999992476,1599.8916978439586
10856,43.42433222696666,387.11999999992474,1599.921011120605
10857,43.42433222696666,387.1399999999247,1599.9503241104192
10858,43.42433222696666,387.1599999999247,1599.9796368133218
10859,43.42433222696666,387.1799999999247,1600.0089492293669
10860,43.42433222696666,387.19999999992467,1600.0382613603178
10861,43.42433222696666,387.21999999992465,1600.0675732067384
10862,43.42433222696666,387.23999999992463,1600.0968847685492
10863,43.42433222696666,387.2599999999246,1600.1261960456707
10864,43.42433222696666,387.2799999999246,1600.1555070380234
10865,43.42433222696666,387.2999999999246,1600.1848177455279
10866,43.42433222696666,387.31999999992456,1600.2141281681047
10867,43.42433222696666,387.33999999992454,1600.2434383056743
10868,43.42433222696666,387.3599999999245,1600.2727481581574
10869,43.42433222696666,387.3799999999245,1600.3020577254742
10870,43.42433222696666,387.3999999999245,1600.3313670075456
10871,43.42433222696666,387.41999999992447,1600.360676004292
10872,43.42433222696666,387.43999999992445,1600.3899847156338
10873,43.42433222696666,387.45999999992443,1600.4192931414916
10874,43.42433222696666,387.4799999999244,1600.4486012817858
10875,43.42433222696666,387.4999999999244,1600.4779091364371
10876,43.42433222696666,387.5199999999244,1600.5072167053659
10877,43.42433222696666,387.53999999992436,1600.5365239884927
10878,43.42433222696666,387.55999999992434,1600.565830985738
10879,43.42433222696666,387.5799999999243,1600.5951376970224
10880,43.42433222696666,387.5999999999243,1600.6244441222664
10881,43.42433222696666,387.6199999999243,1600.6537502615472
10882,43.42433222696666,387.63999999992427,1600.6830561178583
10883,43.42433222696666,387.65999999992425,1600.7123616927825
10884,43.42433222696666,387.67999999992423,1600.7416669862405
10885,43.42433222696666,387.6999999999242,1600.770971998153
10886,43.42433222696666,387.7199999999242,1600.800276728441
10887,43.42433222696666,387.7399999999242,1600.8295811770254
10888,43.42433222696666,387.75999999992416,1600.8588853438266
10889,43.42433222696666,387.77999999992414,1600.8881892287654
10890,43.42433222696666,387.7999999999241,1600.917492831763
10891,43.42433222696666,387.8199999999241,1600.9467961527398
10892,43.42433222696666,387.8399999999241,1600.9760991916166
10893,43.42433222696666,387.85999999992407,1601.0054019483143
10894,43.42433222696666,387.87999999992405,1601.0347044227537
10895,43.42433222696666,387.89999999992403,1601.0640066148555
10896,43.42433222696666,387.919999999924,1601.0933085245406
10897,43.42433222696666,387.939999999924,1601.1226101517295
10898,43.42433222696666,387.959999999924,1601.1519114963432
10899,43.42433222696666,387.97999999992396,1601.1812125583024
10900,43.42433222696666,387.99999999992394,1601.2105133375278
10901,43.42433222696666,388.0199999999239,1601.2398138339402
10902,43.42433222696666,388.0399999999239,1601.2691140474603
10903,43.42433222696666,388.0599999999239,1601.298413978009
10904,43.42433222696666,388.07999999992387,1601.327713625507
10905,43.42433222696666,388.09999999992385,1601.3570129898749
10906,43.42433222696666,388.11999999992383,1601.3863120710334
10907,43.42433222696666,388.1399999999238,1601.4156108689035
10908,43.42433222696666,388.1599999999238,1601.444909383406
10909,43.42433222696666,388.1799999999238,1601.4742076144614
10910,43.42433222696666,388.19999999992376,1601.5035055619906
10911,43.42433222696666,388.21999999992374,1601.5328032259142
10912,43.42433222696666,388.2399999999237,1601.562100606153
10913,43.42433222696666,388.2599999999237,1601.591397702628
10914,43.42433222696666,388.2799999999237,1601.6206945152596
10915,43.42433222696666,388.29999999992367,1601.6499910439686
10916,43.42433222696666,388.31999999992365,1601.6792872886758
10917,43.42433222696666,388.33999999992363,1601.708583249302
10918,43.42433222696666,388.3599999999236,1601.7378789257677
10919,43.42433222696666,388.3799999999236,1601.767174317994
10920,43.42433222696666,388.3999999999236,1601.7964694259013
10921,43.42433222696666,388.41999999992356,1601.8257642494104
10922,43.42433222696666,388.43999999992354,1601.8550587884422
10923,43.42433222696666,388.4599999999235,1601.8843530429172
10924,43.42433222696666,388.4799999999235,1601.9136470127562
10925,43.42433222696666,388.4999999999235,1601.94294069788
10926,43.42433222696666,388.51999999992347,1601.9722340982091
10927,43.42433222696666,388.53999999992345,1602.0015272136645
10928,43.42433222696666,388.55999999992343,1602.0308200441668
10929,43.42433222696666,388.5799999999234,1602.0601125896367
10930,43.42433222696666,388.5999999999234,1602.0894048499947
10931,43.42433222696666,388.6199999999234,1602.1186968251618
10932,43.42433222696666,388.63999999992336,1602.147988515279
10933,43.42433222696666,388.65999999992334,1602.1772799236624
10934,43.42433222696666,388.6799999999233,1602.206571051645
10935,43.42433222696666,388.6999999999233,1602.2358618991475
10936,43.42433222696666,388.7199999999233,1602.2651524660912
10937,43.42433222696666,388.73999999992327,1602.2944427523973
10938,43.42433222696666,388.75999999992325,1602.3237327579866
10939,43.42433222696666,388.77999999992323,1602.3530224827803
10940,43.42433222696666,388.7999999999232,1602.3823119266995
10941,43.350930292330055,388.8199999999232,1602.411601089665
10942,43.350930292330055,388.8399999999232,1602.4408899715982
10943,43.350930292330055,388.85999999992316,1602.4701785724199
10944,43.350930292330055,388.87999999992314,1602.4994668920513
10945,43.350930292330055,388.8999999999231,1602.5287549304132
10946,43.350930292330055,388.9199999999231,1602.558042687427
10947,43.350930292330055,388.9399999999231,1602.5873301630133
10948,43.350930292330055,388.95999999992307,1602.6166173570937
10949,43.350930292330055,388.97999999992305,1602.645904269589
10950,43.350930292330055,388.99999999992303,1602.6751909004201
10951,43.350930292330055,389.019999999923,1602.7044772495083
10952,43.350930292330055,389.039999999923,1602.7337633167745
10953,43.350930292330055,389.059999999923,1602.7630491021396
10954,43.350930292330055,389.07999999992296,1602.7923346055247
10955,43.350930292330055,389.09999999992294,1602.821619826851
10956,43.350930292330055,389.1199999999229,1602.8509047660395
10957,43.350930292330055,389.1399999999229,1602.8801894230112
10958,43.350930292330055,389.1599999999229,1602.909473797687
10959,43.350930292330055,389.17999999992287,1602.938757889988
10960,43.350930292330055,389.19999999992285,1602.9680416998353
10961,43.350930292330055,389.21999999992283,1602.9973252271498
10962,43.350930292330055,389.2399999999228,1603.0266084718526
10963,43.350930292330055,389.2599999999228,1603.0558914338646
10964,43.350930292330055,389.2799999999228,1603.085174113107
10965,43.350930292330055,389.29999999992276,1603.114456509501
10966,43.350930292330055,389.31999999992274,1603.1437386229672
10967,43.350930292330055,389.3399999999227,1603.1730204534267
10968,43.350930292330055,389.3599999999227,1603.2023020008007
10969,43.350930292330055,389.3799999999227,1603.2315832650102
10970,43.350930292330055,389.39999999992267,1603.2608642459759
10971,43.350930292330055,389.41999999992265,1603.290144943619
10972,43.350930292330055,389.43999999992263,1603.3194253578606
10973,43.350930292330055,389.4599999999226,1603.3487054886216
10974,43.350930292330055,389.4799999999226,1603.377985335823
10975,43.350930292330055,389.4999999999226,1603.4072648993858
10976,43.350930292330055,389.51999999992256,1603.436544179231
10977,43.350930292330055,389.53999999992254,1603.4658231752799
10978,43.350930292330055,389.5599999999225,1603.495101887453
10979,43.350930292330055,389.5799999999225,1603.5243803156716
10980,43.350930292330055,389.5999999999225,1603.5536584598565
10981,43.350930292330055,389.61999999992247,1603.5829363199289
10982,43.350930292330055,389.63999999992245,1603.6122138958096
10983,43.350930292330055,389.65999999992243,1603.6414911876789
10984,43.350930292330055,389.6799999999224,1603.6707681988225
10985,43.350930292330055,389.6999999999224,1603.700044930195
10986,43.350930292330055,389.7199999999224,1603.7293213817172
10987,43.350930292330055,389.73999999992236,1603.758597553311
10988,43.350930292330055,389.75999999992234,1603.787873444897
10989,43.350930292330055,389.7799999999223,1603.817149056397
10990,43.350930292330055,389.7999999999223,1603.8464243877322
10991,43.350930292330055,389.8199999999223,1603.8756994388236
10992,43.350930292330055,389.83999999992227,1603.9049742095929
10993,43.350930292330055,389.85999999992225,1603.934248699961
10994,43.350930292330055,389.87999999992223,1603.9635229098492
10995,43.350930292330055,389.8999999999222,1603.9927968391787
10996,43.350930292330055,389.9199999999222,1604.022070487871
10997,43.350930292330055,389.9399999999222,1604.051343855847
10998,43.350930292330055,389.95999999992216,1604.0806169430284
10999,43.350930292330055,389.97999999992214,1604.1098897493362
11000,43.350930292330055,389.9999999999221,1604.1391622746917
11001,43.350930292330055,390.0199999999221,1604.168434519016
11002,43.350930292330055,390.0399999999221,1604.1977064822306
11003,43.350930292330055,390.05999999992207,1604.2269781642567
11004,43.350930292330055,390.07999999992205,1604.2562495650154
11005,43.350930292330055,390.09999999992203,1604.285520684428
11006,43.350930292330055,390.119999999922,1604.3147915224158
11007,43.350930292330055,390.139999999922,1604.3440620789
11008,43.350930292330055,390.159999999922,1604.3733323538017
11009,43.350930292330055,390.17999999992196,1604.4026023470424
11010,43.350930292330055,390.19999999992194,1604.4318720585431
11011,43.350930292330055,390.2199999999219,1604.4611414882252
11012,43.350930292330055,390.2399999999219,1604.4904106360098
11013,43.350930292330055,390.2599999999219,1604.5196795018182
11014,43.350930292330055,390.27999999992187,1604.5489480855717
11015,43.350930292330055,390.29999999992185,1604.5782163871913
11016,43.350930292330055,390.31999999992183,1604.6074844065984
11017,43.350930292330055,390.3399999999218,1604.6367521437141
11018,43.350930292330055,390.3599999999218,1604.6660195984598
11019,43.350930292330055,390.3799999999218,1604.6952867707566
11020,43.350930292330055,390.39999999992176,1604.7245536605258
11021,43.350930292330055,390.41999999992174,1604.7538202676885
11022,43.350930292330055,390.4399999999217,1604.783086592166
11023,43.350930292330055,390.4599999999217,1604.8123526338795
11024,43.350930292330055,390.4799999999217,1604.8416183927502
11025,43.350930292330055,390.49999999992167,1604.8708838686991
11026,43.350930292330055,390.51999999992165,1604.9001490616477
11027,43.350930292330055,390.53999999992163,1604.929413971517
11028,43.350930292330055,390.5599999999216,1604.9586785982285
11029,43.350930292330055,390.5799999999216,1604.987942941703
11030,43.350930292330055,390.5999999999216,1605.017207001862
11031,43.350930292330055,390.61999999992156,1605.0464707786266
11032,43.350930292330055,390.63999999992154,1605.075734271918
11033,43.350930292330055,390.6599999999215,1605.1049974816574
11034,43.350930292330055,390.6799999999215,1605.134260408101
11035,43.350930292330055,390.6999999999215,1605.1635230549941
11036,43.350930292330055,390.71999999992147,1605.192785423067
11037,43.350930292330055,390.73999999992145,1605.2220475122415
11038,43.350930292330055,390.75999999992143,1605.2513093224384
11039,43.350930292330055,390.7799999999214,1605.2805708535793
11040,43.350930292330055,390.7999999999214,1605.3098321055857
11041,43.350930292330055,390.8199999999214,1605.3390930783787
11042,43.350930292330055,390.83999999992136,1605.3683537718798
11043,43.350930292330055,390.85999999992134,1605.3976141860103
11044,43.350930292330055,390.8799999999213,1605.4268743206915
11045,43.350930292330055,390.8999999999213,1605.456134175845
11046,43.350930292330055,390.9199999999213,1605.4853937513917
11047,43.350930292330055,390.93999999992127,1605.5146530472534
11048,43.350930292330055,390.95999999992125,1605.5439120633512
11049,43.350930292330055,390.97999999992123,1605.5731707996065
11050,43.350930292330055,390.9999999999212,1605.6024292559407
11051,43.350930292330055,391.0199999999212,1605.6316874322752
11052,43.350930292330055,391.0399999999212,1605.660945328531
11053,43.350930292330055,391.05999999992116,1605.6902029446296
11054,43.350930292330055,391.07999999992114,1605.7194602804925
11055,43.350930292330055,391.0999999999211,1605.748717336041
11056,43.350930292330055,391.1199999999211,1605.7779741111963
11057,43.350930292330055,391.1399999999211,1605.8072306058798
11058,43.350930292330055,391.15999999992107,1605.8364868200129
11059,43.350930292330055,391.17999999992105,1605.8657427535168
11060,43.350930292330055,391.19999999992103,1605.8949984063129
11061,43.350930292330055,391.219999999921,1605.9242537783225
11062,43.350930292330055,391.239999999921,1605.953508869467
11063,43.350930292330055,391.259999999921,1605.9827636796676
11064,43.350930292330055,391.27999999992096,1606.0120182088456
11065,43.350930292330055,391.29999999992094,1606.0412724569223
11066,43.350930292330055,391.3199999999209,1606.0705264238193
11067,43.350930292330055,391.3399999999209,1606.0997801094575
11068,43.350930292330055,391.3599999999209,1606.1290335137585
11069,43.350930292330055,391.37999999992087,1606.1582866366434
11070,43.350930292330055,391.39999999992085,1606.1875394780338
11071,43.350930292330055,391.41999999992083,1606.2167920378508
11072,43.350930292330055,391.4399999999208,1606.2460443160157
11073,43.350930292330055,391.4599999999208,1606.2752963124499
11074,43.350930292330055,391.4799999999208,1606.3045480270746
11075,43.350930292330055,391.49999999992076,1606.3337994598112
11076,43.350930292330055,391.51999999992074,1606.363050610581
11077,43.27773491542859,391.5399999999207,1606.3923014793052
11078,43.27773491542859,391.5599999999207,1606.4215520659052
11079,43.27773491542859,391.5799999999207,1606.4508023703022
11080,43.27773491542859,391.59999999992067,1606.4800523924175
11081,43.27773491542859,391.61999999992065,1606.5093021321725
11082,43.27773491542859,391.63999999992063,1606.5385515894882
11083,43.27773491542859,391.6599999999206,1606.5678007642862
11084,43.27773491542859,391.6799999999206,1606.5970496564876
11085,43.27773491542859,391.6999999999206,1606.6262982663825
11086,43.27773491542859,391.71999999992056,1606.655546597695
11087,43.27773491542859,391.73999999992054,1606.6847946508308
11088,43.27773491542859,391.7599999999205,1606.7140424257116
11089,43.27773491542859,391.7799999999205,1606.7432899222592
11090,43.27773491542859,391.7999999999205,1606.7725371403956
11091,43.27773491542859,391.81999999992047,1606.8017840800426
11092,43.27773491542859,391.83999999992045,1606.831030741122
11093,43.27773491542859,391.85999999992043,1606.8602771235558
11094,43.27773491542859,391.8799999999204,1606.8895232272657
11095,43.27773491542859,391.8999999999204,1606.918769052174
11096,43.27773491542859,391.9199999999204,1606.948014598202
11097,43.27773491542859,391.93999999992036,1606.977259865272
11098,43.27773491542859,391.95999999992034,1607.0065048533056
11099,43.27773491542859,391.9799999999203,1607.035749562225
11100,43.27773491542859,391.9999999999203,1607.0649939919517
11101,43.27773491542859,392.0199999999203,1607.0942381424077
11102,43.27773491542859,392.03999999992027,1607.1234820135148
11103,43.27773491542859,392.05999999992025,1607.152725605195
11104,43.27773491542859,392.07999999992023,1607.1819689173699
11105,43.27773491542859,392.0999999999202,1607.2112119499616
11106,43.27773491542859,392.1199999999202,1607.2404547028918
11107,43.27773491542859,392.1399999999202,1607.2696971760827
11108,43.27773491542859,392.15999999992016,1607.2989393694556
11109,43.27773491542859,392.17999999992014,1607.3281812829327
11110,43.27773491542859,392.1999999999201,1607.3574229164358
11111,43.27773491542859,392.2199999999201,1607.3866642698868
11112,43.27773491542859,392.2399999999201,1607.4159053432072
11113,43.27773491542859,392.25999999992007,1607.4451461363192
11114,43.27773491542859,392.27999999992005,1607.4743866491444
11115,43.27773491542859,392.29999999992003,1607.503626881605
11116,43.27773491542859,392.31999999992,1607.5328668336224
11117,43.27773491542859,392.33999999992,1607.5621065051187
11118,43.27773491542859,392.35999999992,1607.5913458960156
11119,43.27773491542859,392.37999999991996,1607.6205850062352
11120,43.27773491542859,392.39999999991994,1607.649823835699
11121,43.27773491542859,392.4199999999199,1607.679062384329
11122,43.27773491542859,392.4399999999199,1607.708300652047
11123,43.27773491542859,392.4599999999199,1607.7375386387748
11124,43.27773491542859,392.47999999991987,1607.7667763444342
11125,43.27773491542859,392.49999999991985,1607.796013768947
11126,43.27773491542859,392.51999999991983,1607.825250912235
11127,43.27773491542859,392.5399999999198,1607.8544877742202
11128,43.27773491542859,392.5599999999198,1607.8837243548242
11129,43.27773491542859,392.5799999999198,1607.9129606539689
11130,43.27773491542859,392.59999999991976,1607.942196671576
11131,43.27773491542859,392.61999999991974,1607.9714324075676
11132,43.27773491542859,392.6399999999197,1608.0006678618652
11133,43.27773491542859,392.6599999999197,1608.0299030343908
11134,43.27773491542859,392.6799999999197,1608.0591379250661
11135,43.27773491542859,392.69999999991967,1608.088372533813
11136,43.27773491542859,392.71999999991965,1608.1176068611287
11137,43.27773491542859,392.73999999991963,1608.1468409107285
11138,43.27773491542859,392.7599999999196,1608.176074682892
11139,43.27773491542859,392.7799999999196,1608.205308177541
11140,43.27773491542859,392.7999999999196,1608.2345413945973
11141,43.27773491542859,392.81999999991956,1608.263774333983
11142,43.27773491542859,392.83999999991954,1608.29300699562
11143,43.27773491542859,392.8599999999195,1608.3222393794306
11144,43.27773491542859,392.8799999999195,1608.351471485336
11145,43.27773491542859,392.8999999999195,1608.380703313259
11146,43.27773491542859,392.91999999991947,1608.4099348631205
11147,43.27773491542859,392.93999999991945,1608.4391661348432
11148,43.27773491542859,392.95999999991943,1608.4683971283487
11149,43.27773491542859,392.9799999999194,1608.497627843559
11150,43.27773491542859,392.9999999999194,1608.526858280396
11151,43.27773491542859,393.0199999999194,1608.5560884387817
11152,43.27773491542859,393.03999999991936,1608.585318318638
11153,43.27773491542859,393.05999999991934,1608.6145479198867
11154,43.27773491542859,393.0799999999193,1608.6437772424497
11155,43.27773491542859,393.0999999999193,1608.6730062862491
11156,43.27773491542859,393.1199999999193,1608.7022350512066
11157,43.27773491542859,393.13999999991927,1608.7314635372443
11158,43.27773491542859,393.15999999991925,1608.7606917442838
11159,43.27773491542859,393.17999999991923,1608.7899196722474
11160,43.27773491542859,393.1999999999192,1608.8191473210568
11161,43.27773491542859,393.2199999999192,1608.8483746906338
11162,43.27773491542859,393.2399999999192,1608.8776017809005
11163,43.27773491542859,393.25999999991916,1608.9068285917785
11164,43.27773491542859,393.27999999991914,1608.93605512319
11165,43.27773491542859,393.2999999999191,1608.965281375057
11166,43.27773491542859,393.3199999999191,1608.994507347301
11167,43.27773491542859,393.3399999999191,1609.023733039844
11168,43.27773491542859,393.35999999991907,1609.052958452608
11169,43.27773491542859,393.37999999991905,1609.082183585515
11170,43.27773491542859,393.39999999991903,1609.1114084384865
11171,43.27773491542859,393.419999999919,1609.1406330114446
11172,43.27773491542859,393.439999999919,1609.1698573043113
11173,43.27773491542859,393.459999999919,1609.1990813170084
11174,43.27773491542859,393.47999999991896,1609.2283050494577
11175,43.27773491542859,393.49999999991894,1609.2575285015812
11176,43.27773491542859,393.5199999999189,1609.2867516733006
11177,43.27773491542859,393.5399999999189,1609.315974564538
11178,43.27773491542859,393.5599999999189,1609.3451971752152
11179,43.27773491542859,393.57999999991887,1609.3744195052539
11180,43.27773491542859,393.59999999991885,1609.403641554576
11181,43.27773491542859,393.61999999991883,1609.4328633231037
11182,43.27773491542859,393.6399999999188,1609.4620848107584
11183,43.27773491542859,393.6599999999188,1609.4913060174622
11184,43.27773491542859,393.6799999999188,1609.520526943137
11185,43.27773491542859,393.69999999991876,1609.5497475877046
11186,43.27773491542859,393.71999999991874,1609.5789679510867
11187,43.27773491542859,393.7399999999187,1609.6081880340926
11188,43.27773491542859,393.7599999999187,1609.6374078403517
11189,43.27773491542859,393.7799999999187,1609.6666273700998
11190,43.27773491542859,393.79999999991867,1609.695846623259
11191,43.27773491542859,393.81999999991865,1609.7250655997516
11192,43.27773491542859,393.83999999991863,1609.7542842994997
11193,43.27773491542859,393.8599999999186,1609.7835027224253
11194,43.27773491542859,393.8799999999186,1609.8127208684507
11195,43.27773491542859,393.8999999999186,1609.841938737498
11196,43.27773491542859,393.91999999991856,1609.8711563294894
11197,43.27773491542859,393.93999999991854,1609.900373644347
11198,43.27773491542859,393.9599999999185,1609.9295906819927
11199,43.27773491542859,393.9799999999185,1609.958807442349
11200,43.27773491542859,393.9999999999185,1609.9880239253382
11201,43.27773491542859,394.01999999991847,1610.017240131185
11202,43.27773491542859,394.03999999991845,1610.0464560612907
11203,43.27773491542859,394.05999999991843,1610.075671715708
11204,43.27773491542859,394.0799999999184,1610.1048870943587
11205,43.27773491542859,394.0999999999184,1610.1341021971646
11206,43.27773491542859,394.1199999999184,1610.1633170240475
11207,43.27773491542859,394.13999999991836,1610.1925315749295
11208,43.27773491542859,394.15999999991834,1610.2217458497323
11209,43.27773491542859,394.1799999999183,1610.250959848378
11210,43.27773491542859,394.1999999999183,1610.280173570788
11211,43.27773491542859,394.2199999999183,1610.3093870168848
11212,43.27773491542859,394.23999999991827,1610.3386001865897
11213,43.27773491542859,394.25999999991825,1610.3678130798248
11214,43.27773491542859,394.27999999991823,1610.397025696512
11215,43.27773491542859,394.2999999999182,1610.4262380365728
11216,43.27773491542859,394.3199999999182,1610.4554500999295
11217,43.27773491542859,394.3399999999182,1610.4846618865038
11218,43.27773491542859,394.35999999991816,1610.5138733962174
11219,43.20474528340395,394.37999999991814,1610.5430846289921
11220,43.20474528340395,394.3999999999181,1610.57229558475
11221,43.20474528340395,394.4199999999181,1610.6015062634128
11222,43.20474528340395,394.4399999999181,1610.6307166649024
11223,43.20474528340395,394.45999999991807,1610.6599267891406
11224,43.20474528340395,394.47999999991805,1610.6891366360494
11225,43.20474528340395,394.49999999991803,1610.7183462055505
11226,43.20474528340395,394.519999999918,1610.7475554975656
11227,43.20474528340395,394.539999999918,1610.7767645120168
11228,43.20474528340395,394.559999999918,1610.8059732488257
11229,43.20474528340395,394.57999999991796,1610.8351817079142
11230,43.20474528340395,394.59999999991794,1610.8643898892042
11231,43.20474528340395,394.6199999999179,1610.8935977926174
11232,43.20474528340395,394.6399999999179,1610.9228054180758
11233,43.20474528340395,394.6599999999179,1610.952012765501
11234,43.20474528340395,394.67999999991787,1610.981219834815
11235,43.20474528340395,394.69999999991785,1611.0104266259395
11236,43.20474528340395,394.71999999991783,1611.0396331387965
11237,43.20474528340395,394.7399999999178,1611.0688393733076
11238,43.20474528340395,394.7599999999178,1611.098045330482
11239,43.20474528340395,394.7799999999178,1611.1272510134531
11240,43.20474528340395,394.79999999991776,1611.1564564223797
11241,43.20474528340395,394.81999999991774,1611.1856615571835
11242,43.20474528340395,394.8399999999177,1611.2148664177869
11243,43.20474528340395,394.8599999999177,1611.2440710041117
11244,43.20474528340395,394.8799999999177,1611.2732753160801
11245,43.20474528340395,394.89999999991767,1611.3024793536144
11246,43.20474528340395,394.91999999991765,1611.3316831166367
11247,43.20474528340395,394.93999999991763,1611.3608866050688
11248,43.20474528340395,394.9599999999176,1611.390089818833
11249,43.20474528340395,394.9799999999176,1611.4192927578515
11250,43.20474528340395,394.9999999999176,1611.448495422046
11251,43.20474528340395,395.01999999991756,1611.477697811339
11252,43.20474528340395,395.03999999991754,1611.5068999256525
11253,43.20474528340395,395.0599999999175,1611.5361017649084
11254,43.20474528340395,395.0799999999175,1611.565303329029
11255,43.20474528340395,395.0999999999175,1611.594504617936
11256,43.20474528340395,395.11999999991747,1611.6237056315522
11257,43.20474528340395,395.13999999991745,1611.652906369799
11258,43.20474528340395,395.15999999991743,1611.682106832599
11259,43.20474528340395,395.1799999999174,1611.7113070198739
11260,43.20474528340395,395.1999999999174,1611.7405069315457
11261,43.20474528340395,395.2199999999174,1611.7697065675368
11262,43.20474528340395,395.23999999991736,1611.7989059277693
11263,43.20474528340395,395.25999999991734,1611.828105012165
11264,43.20474528340395,395.2799999999173,1611.8573038206462
11265,43.20474528340395,395.2999999999173,1611.8865023531348
11266,43.20474528340395,395.3199999999173,1611.915700609553
11267,43.20474528340395,395.33999999991727,1611.9448985898227
11268,43.20474528340395,395.35999999991725,1611.974096293866
11269,43.20474528340395,395.37999999991723,1612.0032937216051
11270,43.20474528340395,395.3999999999172,1612.032490872962
11271,43.20474528340395,395.4199999999172,1612.0616877478587
11272,43.20474528340395,395.4399999999172,1612.0908843462173
11273,43.20474528340395,395.45999999991716,1612.1200806679599
11274,43.20474528340395,395.47999999991714,1612.1492767130085
11275,43.20474528340395,395.4999999999171,1612.178472481285
11276,43.20474528340395,395.5199999999171,1612.207667972712
11277,43.20474528340395,395.5399999999171,1612.236863187211
11278,43.20474528340395,395.55999999991707,1612.2660581247042
11279,43.20474528340395,395.57999999991705,1612.2952527851137
11280,43.20474528340395,395.59999999991703,1612.3244471683615
11281,43.20474528340395,395.619999999917,1612.3536412743697
11282,43.20474528340395,395.639999999917,1612.3828351030602
11283,43.20474528340395,395.659999999917,1612.412028654355
11284,43.20474528340395,395.67999999991696,1612.4412219281764
11285,43.20474528340395,395.69999999991694,1612.4704149244462
11286,43.20474528340395,395.7199999999169,1612.4996076430866
11287,43.20474528340395,395.7399999999169,1612.5288000840196
11288,43.20474528340395,395.7599999999169,1612.5579922471672
11289,43.20474528340395,395.77999999991687,1612.5871841338508
11290,43.20474528340395,395.79999999991685,1612.6163757470897
11291,43.20474528340395,395.81999999991683,1612.6455670869952
11292,43.20474528340395,395.8399999999168,1612.6747581534894
11293,43.20474528340395,395.8599999999168,1612.7039489464946
11294,43.20474528340395,395.8799999999168,1612.7331394659334
11295,43.20474528340395,395.89999999991676,1612.762329711728
11296,43.20474528340395,395.91999999991674,1612.7915196838005
11297,43.20474528340395,395.9399999999167,1612.8207093820736
11298,43.20474528340395,395.9599999999167,1612.8498988064694
11299,43.20474528340395,395.9799999999167,1612.87908795691
11300,43.20474528340395,395.99999999991667,1612.9082768333183
11301,43.20474528340395,396.01999999991665,1612.937465435616
11302,43.20474528340395,396.03999999991663,1612.9666537637258
11303,43.20474528340395,396.0599999999166,1612.99584181757
11304,43.20474528340395,396.0799999999166,1613.0250295970707
11305,43.20474528340395,396.0999999999166,1613.0542171021502
11306,43.20474528340395,396.11999999991656,1613.083404332731
11307,43.20474528340395,396.13999999991654,1613.1125912887355
11308,43.20474528340395,396.1599999999165,1613.1417779700857
11309,43.20474528340395,396.1799999999165,1613.170964376704
11310,43.20474528340395,396.1999999999165,1613.2001505085127
11311,43.20474528340395,396.21999999991647,1613.2293363654342
11312,43.20474528340395,396.23999999991645,1613.2585219473906
11313,43.20474528340395,396.25999999991643,1613.2877072543045
11314,43.20474528340395,396.2799999999164,1613.316892286098
11315,43.20474528340395,396.2999999999164,1613.3460770426934
11316,43.20474528340395,396.3199999999164,1613.375261524013
11317,43.20474528340395,396.33999999991636,1613.404445729979
11318,43.20474528340395,396.35999999991634,1613.4336296605138
11319,43.20474528340395,396.3799999999163,1613.4628133155397
11320,43.20474528340395,396.3999999999163,1613.491996694979
11321,43.20474528340395,396.4199999999163,1613.5211797987538
11322,43.20474528340395,396.43999999991627,1613.5503626267866
11323,43.20474528340395,396.45999999991625,1613.5795451789998
11324,43.20474528340395,396.47999999991623,1613.6087274553151
11325,43.20474528340395,396.4999999999162,1613.6379094556553
11326,43.20474528340395,396.5199999999162,1613.6670911799426
11327,43.20474528340395,396.5399999999162,1613.6962726280992
11328,43.20474528340395,396.55999999991616,1613.7254538000473
11329,43.20474528340395,396.57999999991614,1613.7546346957092
11330,43.20474528340395,396.5999999999161,1613.7838153150074
11331,43.20474528340395,396.6199999999161,1613.812995657864
11332,43.20474528340395,396.6399999999161,1613.842175724201
11333,43.20474528340395,396.65999999991607,1613.8713555139411
11334,43.20474528340395,396.67999999991605,1613.9005350270063
11335,43.20474528340395,396.69999999991603,1613.9297142633188
11336,43.20474528340395,396.719999999916,1613.958893222801
11337,43.20474528340395,396.739999999916,1613.9880719053751
11338,43.20474528340395,396.759999999916,1614.0172503109634
11339,43.20474528340395,396.77999999991596,1614.0464284394882
11340,43.20474528340395,396.79999999991594,1614.0756062926012
11341,43.20474528340395,396.8199999999159,1614.1047838731931
11342,43.20474528340395,396.8399999999159,1614.1339611813246
11343,43.20474528340395,396.8599999999159,1614.1631382169182
11344,43.20474528340395,396.87999999991587,1614.1923149798968
11345,43.20474528340395,396.89999999991585,1614.2214914701829
11346,43.20474528340395,396.91999999991583,1614.250667687699
11347,43.20474528340395,396.9399999999158,1614.279843632368
11348,43.20474528340395,396.9599999999158,1614.3090193041126
11349,43.20474528340395,396.9799999999158,1614.3381947028554
11350,43.20474528340395,396.99999999991576,1614.367369828519
11351,43.20474528340395,397.01999999991574,1614.3965446810262
11352,43.20474528340395,397.0399999999157,1614.4257192602995
11353,43.20474528340395,397.0599999999157,1614.4548935662617
11354,43.20474528340395,397.0799999999157,1614.4840675988353
11355,43.20474528340395,397.09999999991567,1614.5132413579431
11356,43.13196058750597,397.11999999991565,1614.5424148435077
11357,43.13196058750597,397.13999999991563,1614.5715880554517
11358,43.13196058750597,397.1599999999156,1614.6007609936978
11359,43.13196058750597,397.1799999999156,1614.6299336581685
11360,43.13196058750597,397.1999999999156,1614.6591060487867
11361,43.13196058750597,397.21999999991556,1614.688278165475
11362,43.13196058750597,397.23999999991554,1614.7174500081558
11363,43.13196058750597,397.2599999999155,1614.746621576752
11364,43.13196058750597,397.2799999999155,1614.7757928711862
11365,43.13196058750597,397.2999999999155,1614.804963891381
11366,43.13196058750597,397.31999999991547,1614.834134637259
11367,43.13196058750597,397.33999999991545,1614.863305108743
11368,43.13196058750597,397.35999999991543,1614.8924753057552
11369,43.13196058750597,397.3799999999154,1614.9216452282187
11370,43.13196058750597,397.3999999999154,1614.950814876056
11371,43.13196058750597,397.4199999999154,1614.9799842491896
11372,43.13196058750597,397.43999999991536,1615.0091533475422
11373,43.13196058750597,397.45999999991534,1615.0383221710365
11374,43.13196058750597,397.4799999999153,1615.067490719595
11375,43.13196058750597,397.4999999999153,1615.0966589931404
11376,43.13196058750597,397.5199999999153,1615.1258269915952
11377,43.13196058750597,397.53999999991527,1615.1549947148822
11378,43.13196058750597,397.55999999991525,1615.184162162924
11379,43.13196058750597,397.57999999991523,1615.213329335643
11380,43.13196058750597,397.5999999999152,1615.2424962329621
11381,43.13196058750597,397.6199999999152,1615.2716628548037
11382,43.13196058750597,397.6399999999152,1615.3008292010904
11383,43.13196058750597,397.65999999991516,1615.329995271745
11384,43.13196058750597,397.67999999991514,1615.3591610666901
11385,43.13196058750597,397.6999999999151,1615.3883265858483
11386,43.13196058750597,397.7199999999151,1615.417491829142
11387,43.13196058750597,397.7399999999151,1615.4466567964937
11388,43.13196058750597,397.75999999991507,1615.4758214878264
11389,43.13196058750597,397.77999999991505,1615.5049859030623
11390,43.13196058750597,397.79999999991503,1615.5341500421243
11391,43.13196058750597,397.819999999915,1615.563313906798
11392,43.13196058750597,397.839999999915,1615.5924774995397
11393,43.13196058750597,397.859999999915,1615.621640820347
11394,43.13196058750597,397.87999999991496,1615.650803869143
11395,43.13196058750597,397.89999999991494,1615.6799666458503
11396,43.13196058750597,397.9199999999149,1615.709129150392
11397,43.13196058750597,397.9399999999149,1615.7382913826912
11398,43.13196058750597,397.9599999999149,1615.7674533426705
11399,43.13196058750597,397.97999999991487,1615.7966150302532
11400,43.13196058750597,397.99999999991485,1615.825776445362
11401,43.13196058750597,398.01999999991483,1615.8549375879197
11402,43.13196058750597,398.0399999999148,1615.8840984578494
11403,43.13196058750597,398.0599999999148,1615.913259055074
11404,43.13196058750597,398.0799999999148,1615.9424193795164
11405,43.13196058750597,398.09999999991476,1615.9715794310996
11406,43.13196058750597,398.11999999991474,1616.0007392097464
11407,43.13196058750597,398.1399999999147,1616.0298987153797
11408,43.13196058750597,398.1599999999147,1616.0590579479224
11409,43.13196058750597,398.1799999999147,1616.0882169072975
11410,43.13196058750597,398.19999999991467,1616.1173755934278
11411,43.13196058750597,398.21999999991465,1616.1465340062364
11412,43.13196058750597,398.23999999991463,1616.175692145646
11413,43.13196058750597,398.2599999999146,1616.2048500115795
11414,43.13196058750597,398.2799999999146,1616.23400760396
11415,43.13196058750597,398.2999999999146,1616.26316492271
11416,43.13196058750597,398.31999999991456,1616.292321967753
11417,43.13196058750597,398.33999999991454,1616.3214787390114
11418,43.13196058750597,398.3599999999145,1616.3506352364082
11419,43.13196058750597,398.3799999999145,1616.3797914598663
11420,43.13196058750597,398.3999999999145,1616.4089474093087
11421,43.13196058750597,398.41999999991447,1616.4381030846582
11422,43.13196058750597,398.43999999991445,1616.4672584858379
11423,43.13196058750597,398.45999999991443,1616.4964136127703
11424,43.13196058750597,398.4799999999144,1616.5255684653785
11425,43.13196058750597,398.4999999999144,1616.5547230435852
11426,43.13196058750597,398.5199999999144,1616.5838773473135
11427,43.13196058750597,398.53999999991436,1616.6130313764863
11428,43.13196058750597,398.55999999991434,1616.6421851310265
11429,43.13196058750597,398.5799999999143,1616.6713386108568
11430,43.13196058750597,398.5999999999143,1616.7004918159
11431,43.13196058750597,398.6199999999143,1616.7296447460792
11432,43.13196058750597,398.63999999991427,1616.7587974013172
11433,43.13196058750597,398.65999999991425,1616.7879497815368
11434,43.13196058750597,398.67999999991423,1616.817101886661
11435,43.13196058750597,398.6999999999142,1616.8462537166126
11436,43.13196058750597,398.7199999999142,1616.8754052713143
11437,43.13196058750597,398.7399999999142,1616.9045565506892
11438,43.13196058750597,398.75999999991416,1616.93370755466
11439,43.13196058750597,398.77999999991414,1616.9628582831497
11440,43.13196058750597,398.7999999999141,1616.992008736081
11441,43.13196058750597,398.8199999999141,1617.021158913377
11442,43.13196058750597,398.8399999999141,1617.0503088171686
11443,43.13196058750597,398.85999999991407,1617.0794584497912
11444,43.13196058750597,398.87999999991405,1617.1086078111907
11445,43.13196058750597,398.89999999991403,1617.1377569012895
11446,43.13196058750597,398.919999999914,1617.1669057200108
11447,43.13196058750597,398.939999999914,1617.1960542672773
11448,43.13196058750597,398.959999999914,1617.2252025430118
11449,43.13196058750597,398.97999999991396,1617.2543505471374
11450,43.13196058750597,398.99999999991394,1617.2834982795766
11451,43.13196058750597,399.0199999999139,1617.3126457402525
11452,43.13196058750597,399.0399999999139,1617.341792929088
11453,43.13196058750597,399.0599999999139,1617.3709398460057
11454,43.13196058750597,399.07999999991387,1617.4000864909287
11455,43.13196058750597,399.09999999991385,1617.4292328637796
11456,43.13196058750597,399.11999999991383,1617.4583789644814
11457,43.13196058750597,399.1399999999138,1617.487524792957
11458,43.13196058750597,399.1599999999138,1617.5166703491288
11459,43.13196058750597,399.1799999999138,1617.54581563292
11460,43.13196058750597,399.19999999991376,1617.5749606442535
11461,43.13196058750597,399.21999999991374,1617.604105383052
11462,43.13196058750597,399.2399999999137,1617.6332498492384
11463,43.13196058750597,399.2599999999137,1617.6623940427353
11464,43.13196058750597,399.2799999999137,1617.6915379634656
11465,43.13196058750597,399.29999999991367,1617.7206816113523
11466,43.13196058750597,399.31999999991365,1617.7498249863183
11467,43.13196058750597,399.33999999991363,1617.778968088286
11468,43.13196058750597,399.3599999999136,1617.8081109171787
11469,43.13196058750597,399.3799999999136,1617.837253472919
11470,43.13196058750597,399.3999999999136,1617.8663957554295
11471,43.13196058750597,399.41999999991356,1617.8955377646332
11472,43.13196058750597,399.43999999991354,1617.924679500453
11473,43.13196058750597,399.4599999999135,1617.9538209628117
11474,43.13196058750597,399.4799999999135,1617.9829621516321
11475,43.13196058750597,399.4999999999135,1618.012103066837
11476,43.13196058750597,399.51999999991347,1618.0412437083492
11477,43.13196058750597,399.53999999991345,1618.0703840760914
11478,43.13196058750597,399.55999999991343,1618.0995241699864
11479,43.13196058750597,399.5799999999134,1618.128663989957
11480,43.13196058750597,399.5999999999134,1618.1578035359262
11481,43.13196058750597,399.6199999999134,1618.1869428078166
11482,43.13196058750597,399.63999999991336,1618.216081805551
11483,43.13196058750597,399.65999999991334,1618.2452205290524
11484,43.13196058750597,399.6799999999133,1618.2743589782433
11485,43.13196058750597,399.6999999999133,1618.3034971530467
11486,43.13196058750597,399.7199999999133,1618.3326350533853
11487,43.13196058750597,399.73999999991327,1618.361772679182
11488,43.13196058750597,399.75999999991325,1618.3909100303595
11489,43.13196058750597,399.77999999991323,1618.4200471068405
11490,43.13196058750597,399.7999999999132,1618.4491839085479
11491,43.13196058750597,399.8199999999132,1618.4783204354044
11492,43.13196058750597,399.8399999999132,1618.5074566873657
11493,43.13196058750597,399.85999999991316,1618.5365926668546
11494,43.05938002306722,399.87999999991314,1618.565728376
11495,43.05938002306722,399.8999999999131,1618.5948638147254
11496,43.05938002306722,399.9199999999131,1618.6239989829544
11497,43.05938002306722,399.9399999999131,1618.6531338806103
11498,43.05938002306722,399.95999999991307,1618.6822685076168
11499,43.05938002306722,399.97999999991305,1618.7114028638973
11500,43.05938002306722,399.99999999991303,1618.7405369493756
11501,43.05938002306722,400.019999999913,1618.769670763975
11502,43.05938002306722,400.039999999913,1618.7988043076189
11503,43.05938002306722,400.059999999913,1618.827937580231
11504,43.05938002306722,400.07999999991296,1618.857070581735
11505,43.05938002306722,400.09999999991294,1618.8862033120538
11506,43.05938002306722,400.1199999999129,1618.9153357711114
11507,43.05938002306722,400.1399999999129,1618.9444679588312
11508,43.05938002306722,400.1599999999129,1618.9735998751366
11509,43.05938002306722,400.17999999991287,1619.0027315199513
11510,43.05938002306722,400.19999999991285,1619.0318628931986
11511,43.05938002306722,400.21999999991283,1619.0609939948022
11512,43.05938002306722,400.2399999999128,1619.0901248246855
11513,43.05938002306722,400.2599999999128,1619.119255382772
11514,43.05938002306722,400.2799999999128,1619.1483856689852
11515,43.05938002306722,400.29999999991276,1619.1775156832484
11516,43.05938002306722,400.31999999991274,1619.2066454254855
11517,43.05938002306722,400.3399999999127,1619.2357748956197
11518,43.05938002306722,400.3599999999127,1619.2649040935744
11519,43.05938002306722,400.3799999999127,1619.2940330192732
11520,43.05938002306722,400.39999999991267,1619.3231616726398
11521,43.05938002306722,400.41999999991265,1619.3522900535975
11522,43.05938002306722,400.43999999991263,1619.3814181620696
11523,43.05938002306722,400.4599999999126,1619.4105459979799
11524,43.05938002306722,400.4799999999126,1619.4396735612515
11525,43.05938002306722,400.4999999999126,1619.4688008518083
11526,43.05938002306722,400.51999999991256,1619.4979278695735
11527,43.05938002306722,400.53999999991254,1619.5270546144707
11528,43.05938002306722,400.5599999999125,1619.5561810864233
11529,43.05938002306722,400.5799999999125,1619.585307285355
11530,43.05938002306722,400.5999999999125,1619.614433211189
11531,43.05938002306722,400.61999999991247,1619.6435588638487
11532,43.05938002306722,400.63999999991245,1619.672684243258
11533,43.05938002306722,400.65999999991243,1619.7018093493398
11534,43.05938002306722,400.6799999999124,1619.7309341820178
11535,43.05938002306722,400.6999999999124,1619.7600587412155
11536,43.05938002306722,400.7199999999124,1619.7891830268566
11537,43.05938002306722,400.73999999991236,1619.818307038864
11538,43.05938002306722,400.75999999991234,1619.8474307771617
11539,43.05938002306722,400.7799999999123,1619.876554241673
11540,43.05938002306722,400.7999999999123,1619.905677432321
11541,43.05938002306722,400.8199999999123,1619.9348003490295
11542,43.05938002306722,400.83999999991227,1619.963922991722
11543,43.05938002306722,400.85999999991225,1619.993045360404
11544,43.05938002306722,400.87999999991223,1620.022167457886
11545,43.05938002306722,400.8999999999122,1620.0512892866686
11546,43.05938002306722,400.9199999999122,1620.0804108467223
11547,43.05938002306722,400.9399999999122,1620.1095321379705
11548,43.05938002306722,400.95999999991216,1620.1386531603362
11549,43.05938002306722,400.97999999991214,1620.1677739137424
11550,43.05938002306722,400.9999999999121,1620.1968943981126
11551,43.05938002306722,401.0199999999121,1620.2260146133697
11552,43.05938002306722,401.0399999999121,1620.2551345594368
11553,43.05938002306722,401.05999999991207,1620.2842542362368
11554,43.05938002306722,401.07999999991205,1620.3133736436932
11555,43.05938002306722,401.09999999991203,1620.342492781729
11556,43.05938002306722,401.119999999912,1620.3716116502674
11557,43.05938002306722,401.139999999912,1620.4007302492312
11558,43.05938002306722,401.159999999912,1620.4298485785437
11559,43.05938002306722,401.17999999991196,1620.458966638128
11560,43.05938002306722,401.19999999991194,1620.4880844279073
11561,43.05938002306722,401.2199999999119,1620.5172019478048
11562,43.05938002306722,401.2399999999119,1620.5463191977433
11563,43.05938002306722,401.2599999999119,1620.575436177646
11564,43.05938002306722,401.27999999991187,1620.604552887436
11565,43.05938002306722,401.29999999991185,1620.6336693270366
11566,43.05938002306722,401.31999999991183,1620.6627854963708
11567,43.05938002306722,401.3399999999118,1620.6919013953616
11568,43.05938002306722,401.3599999999118,1620.721017023932
11569,43.05938002306722,401.3799999999118,1620.7501323820054
11570,43.05938002306722,401.39999999991176,1620.7792474695048
11571,43.05938002306722,401.41999999991174,1620.808362286353
11572,43.05938002306722,401.4399999999117,1620.8374768324734
11573,43.05938002306722,401.4599999999117,1620.866591107789
11574,43.05938002306722,401.4799999999117,1620.8957051122227
11575,43.05938002306722,401.49999999991167,1620.924818845698
11576,43.05938002306722,401.51999999991165,1620.9539323081376
11577,43.05938002306722,401.53999999991163,1620.9830454994647
11578,43.05938002306722,401.5599999999116,1621.0121584196024
11579,43.05938002306722,401.5799999999116,1621.0412710684739
11580,43.05938002306722,401.5999999999116,1621.070383446002
11581,43.05938002306722,401.61999999991156,1621.09949555211
11582,43.05938002306722,401.63999999991154,1621.128607386721
11583,43.05938002306722,401.6599999999115,1621.1577189497577
11584,43.05938002306722,401.6799999999115,1621.1868302411435
11585,43.05938002306722,401.6999999999115,1621.2159412608014
11586,43.05938002306722,401.71999999991147,1621.2450520086545
11587,43.05938002306722,401.73999999991145,1621.2741624846258
11588,43.05938002306722,401.75999999991143,1621.3032726886383
11589,43.05938002306722,401.7799999999114,1621.3323826206154
11590,43.05938002306722,401.7999999999114,1621.3614922804798
11591,43.05938002306722,401.8199999999114,1621.3906016681547
11592,43.05938002306722,401.83999999991136,1621.419710783563
11593,43.05938002306722,401.85999999991134,1621.448819626628
11594,43.05938002306722,401.8799999999113,1621.477928197416
11595,43.05938002306722,401.8999999999113,1621.5070364987776
11596,43.05938002306722,401.9199999999113,1621.536144532271
11597,43.05938002306722,401.93999999991127,1621.5652522978194
11598,43.05938002306722,401.95999999991125,1621.594359795346
11599,43.05938002306722,401.97999999991123,1621.623467024774
11600,43.05938002306722,401.9999999999112,1621.6525739860267
11601,43.05938002306722,402.0199999999112,1621.681680679027
11602,43.05938002306722,402.0399999999112,1621.7107871036985
11603,43.05938002306722,402.05999999991116,1621.739893259964
11604,43.05938002306722,402.07999999991114,1621.7689991477466
11605,43.05938002306722,402.0999999999111,1621.7981047669698
11606,43.05938002306722,402.1199999999111,1621.8272101175567
11607,43.05938002306722,402.1399999999111,1621.8563151994301
11608,43.05938002306722,402.15999999991107,1621.8854200125136
11609,43.05938002306722,402.17999999991105,1621.9145245567302
11610,43.05938002306722,402.19999999991103,1621.9436288320028
11611,43.05938002306722,402.219999999911,1621.9727328382548
11612,43.05938002306722,402.239999999911,1622.0018365754095
11613,43.05938002306722,402.259999999911,1622.0309400433898
11614,43.05938002306722,402.27999999991096,1622.060043242119
11615,43.05938002306722,402.29999999991094,1622.0891461715203
11616,43.05938002306722,402.3199999999109,1622.1182488315167
11617,43.05938002306722,402.3399999999109,1622.1473512220314
11618,43.05938002306722,402.3599999999109,1622.1764533429873
11619,43.05938002306722,402.37999999991086,1622.2055551943079
11620,43.05938002306722,402.39999999991085,1622.2346567759162
11621,43.05938002306722,402.41999999991083,1622.2637580877354
11622,43.05938002306722,402.4399999999108,1622.2928591296886
11623,43.05938002306722,402.4599999999108,1622.3219599016988
11624,43.05938002306722,402.4799999999108,1622.3510604036894
11625,43.05938002306722,402.49999999991076,1622.3801606355835
11626,43.05938002306722,402.51999999991074,1622.409260597304
11627,43.05938002306722,402.5399999999107,1622.438360288774
11628,43.05938002306722,402.5599999999107,1622.467459709917
11629,43.05938002306722,402.5799999999107,1622.4965588606558
11630,43.05938002306722,402.59999999991066,1622.5256577409136
11631,43.05938002306722,402.61999999991065,1622.5547563506136
11632,43.05938002306722,402.63999999991063,1622.583854689679
11633,43.05938002306722,402.6599999999106,1622.6129527580326
11634,43.05938002306722,402.6799999999106,1622.6420505555977
11635,43.05938002306722,402.6999999999106,1622.6711480822976
11636,43.05938002306722,402.71999999991056,1622.700245338055
11637,43.05938002306722,402.73999999991054,1622.7293423227936
11638,42.98700278947795,402.7599999999105,1622.7584390364361
11639,42.98700278947795,402.7799999999105,1622.7875354789057
11640,42.98700278947795,402.7999999999105,1622.8166316501254
11641,42.98700278947795,402.81999999991046,1622.8457275500184
11642,42.98700278947795,402.83999999991045,1622.8748231785078
11643,42.98700278947795,402.8599999999104,1622.9039185355166
11644,42.98700278947795,402.8799999999104,1622.933013620968
11645,42.98700278947795,402.8999999999104,1622.9621084349708
11646,42.98700278947795,402.9199999999104,1622.9912029803818
11647,42.98700278947795,402.93999999991036,1623.0202972583902
11648,42.98700278947795,402.95999999991034,1623.0493912689199
11649,42.98700278947795,402.9799999999103,1623.0784850118948
11650,42.98700278947795,402.9999999999103,1623.107578487239
11651,42.98700278947795,403.0199999999103,1623.136671694876
11652,42.98700278947795,403.03999999991026,1623.16576463473
11653,42.98700278947795,403.05999999991025,1623.194857306725
11654,42.98700278947795,403.0799999999102,1623.2239497107848
11655,42.98700278947795,403.0999999999102,1623.2530418468334
11656,42.98700278947795,403.1199999999102,1623.2821337147948
11657,42.98700278947795,403.1399999999102,1623.3112253145928
11658,42.98700278947795,403.15999999991016,1623.3403166461512
11659,42.98700278947795,403.17999999991014,1623.3694077093942
11660,42.98700278947795,403.1999999999101,1623.3984985042455
11661,42.98700278947795,403.2199999999101,1623.4275890306292
11662,42.98700278947795,403.2399999999101,1623.4566792884689
11663,42.98700278947795,403.25999999991006,1623.4857692776889
11664,42.98700278947795,403.27999999991005,1623.5148589982127
11665,42.98700278947795,403.29999999991,1623.5439484499645
11666,42.98700278947795,403.31999999991,1623.5730376328681
11667,42.98700278947795,403.33999999991,1623.6021265468476
11668,42.98700278947795,403.35999999991,1623.6312151918264
11669,42.98700278947795,403.37999999990996,1623.6603035677288
11670,42.98700278947795,403.39999999990994,1623.6893916744787
11671,42.98700278947795,403.4199999999099,1623.718479512
11672,42.98700278947795,403.4399999999099,1623.7475670802164
11673,42.98700278947795,403.4599999999099,1623.776654379052
11674,42.98700278947795,403.47999999990986,1623.8057414084303
11675,42.98700278947795,403.49999999990985,1623.8348281682756
11676,42.98700278947795,403.5199999999098,1623.8639146585117
11677,42.98700278947795,403.5399999999098,1623.8930008790626
11678,42.98700278947795,403.5599999999098,1623.9220868298519
11679,42.98700278947795,403.5799999999098,1623.9511725108036
11680,42.98700278947795,403.59999999990976,1623.9802579218417
11681,42.98700278947795,403.61999999990974,1624.00934306289
11682,42.98700278947795,403.6399999999097,1624.0384279338723
11683,42.98700278947795,403.6599999999097,1624.0675125347125
11684,42.98700278947795,403.6799999999097,1624.0965968653345
11685,42.98700278947795,403.69999999990966,1624.1256809256622
11686,42.98700278947795,403.71999999990965,1624.1547647156196
11687,42.98700278947795,403.7399999999096,1624.1838482351304
11688,42.98700278947795,403.7599999999096,1624.2129314841186
11689,42.98700278947795,403.7799999999096,1624.2420144625078
11690,42.98700278947795,403.7999999999096,1624.271097170222
11691,42.98700278947795,403.81999999990956,1624.300179607185
11692,42.98700278947795,403.83999999990954,1624.3292617733212
11693,42.98700278947795,403.8599999999095,1624.3583436685537
11694,42.98700278947795,403.8799999999095,1624.387425292807
11695,42.98700278947795,403.8999999999095,1624.4165066460043
11696,42.98700278947795,403.91999999990946,1624.4455877283121
11697,42.98700278947795,403.93999999990945,1624.4746685428615
11698,42.98700278947795,403.9599999999094,1624.5037490906045
11699,42.98700278947795,403.9799999999094,1624.532829371465
11700,42.98700278947795,403.9999999999094,1624.5619093853666
11701,42.98700278947795,404.0199999999094,1624.5909891322335
11702,42.98700278947795,404.03999999990936,1624.6200686119898
11703,42.98700278947795,404.05999999990934,1624.6491478245593
11704,42.98700278947795,404.0799999999093,1624.678226769866
11705,42.98700278947795,404.0999999999093,1624.7073054478335
11706,42.98700278947795,404.1199999999093,1624.736383858386
11707,42.98700278947795,404.13999999990926,1624.7654620014475
11708,42.98700278947795,404.15999999990925,1624.7945398769418
11709,42.98700278947795,404.1799999999092,1624.8236174847927
11710,42.98700278947795,404.1999999999092,1624.8526948249244
11711,42.98700278947795,404.2199999999092,1624.8817718972605
11712,42.98700278947795,404.2399999999092,1624.9108487017252
11713,42.98700278947795,404.25999999990916,1624.9399252382423
11714,42.98700278947795,404.27999999990914,1624.9690015067356
11715,42.98700278947795,404.2999999999091,1624.9980775071292
11716,42.98700278947795,404.3199999999091,1625.027153239347
11717,42.98700278947795,404.3399999999091,1625.0562287033129
11718,42.98700278947795,404.35999999990906,1625.0853038989508
11719,42.98700278947795,404.37999999990905,1625.1143788261845
11720,42.98700278947795,404.399999999909,1625.143453484938
11721,42.98700278947795,404.419999999909,1625.172527875135
11722,42.98700278947795,404.439999999909,1625.2016019966998
11723,42.98700278947795,404.459999999909,1625.230675849556
11724,42.98700278947795,404.47999999990896,1625.2597494336278
11725,42.98700278947795,404.49999999990894,1625.2888227488388
11726,42.98700278947795,404.5199999999089,1625.317895795113
11727,42.98700278947795,404.5399999999089,1625.3469685723742
11728,42.98700278947795,404.5599999999089,1625.3760410805464
11729,42.98700278947795,404.57999999990886,1625.4051133195535
11730,42.98700278947795,404.59999999990885,1625.4341852893194
11731,42.98700278947795,404.6199999999088,1625.463256989768
11732,42.98700278947795,404.6399999999088,1625.4923284208232
11733,42.98700278947795,404.6599999999088,1625.5213995824088
11734,42.98700278947795,404.6799999999088,1625.5504704744485
11735,42.98700278947795,404.69999999990875,1625.5795410968665
11736,42.98700278947795,404.71999999990874,1625.6086114495865
11737,42.98700278947795,404.7399999999087,1625.6376815325325
11738,42.98700278947795,404.7599999999087,1625.6667513456284
11739,42.98700278947795,404.7799999999087,1625.695820888798
11740,42.98700278947795,404.79999999990866,1625.724890161965
11741,42.98700278947795,404.81999999990865,1625.7539591650536
11742,42.98700278947795,404.8399999999086,1625.7830278979875
11743,42.98700278947795,404.8599999999086,1625.8120963606907
11744,42.98700278947795,404.8799999999086,1625.8411645530869
11745,42.98700278947795,404.8999999999086,1625.8702324751
11746,42.98700278947795,404.91999999990855,1625.899300126654
11747,42.98700278947795,404.93999999990854,1625.9283675079794
11748,42.98700278947795,404.9599999999085,1625.957434622556
11749,42.98700278947795,404.9799999999085,1625.9865014711027
11750,42.98700278947795,404.9999999999085,1626.0155680535433
11751,42.98700278947795,405.01999999990846,1626.0446343698022
11752,42.98700278947795,405.03999999990845,1626.0737004198033
11753,42.98700278947795,405.0599999999084,1626.1027662034708
11754,42.98700278947795,405.0799999999084,1626.1318317207288
11755,42.98700278947795,405.0999999999084,1626.1608969715014
11756,42.98700278947795,405.1199999999084,1626.1899619557128
11757,42.98700278947795,405.13999999990835,1626.2190266732869
11758,42.98700278947795,405.15999999990834,1626.248091124148
11759,42.98700278947795,405.1799999999083,1626.2771553082202
11760,42.98700278947795,405.1999999999083,1626.3062192254276
11761,42.98700278947795,405.2199999999083,1626.3352828756942
11762,42.98700278947795,405.23999999990826,1626.3643462589441
11763,42.98700278947795,405.25999999990825,1626.3934093751016
11764,42.98700278947795,405.2799999999082,1626.4224722240906
11765,42.98700278947795,405.2999999999082,1626.4515348058353
11766,42.98700278947795,405.3199999999082,1626.4805971202597
11767,42.98700278947795,405.3399999999082,1626.509659167288
11768,42.98700278947795,405.35999999990815,1626.5387209468443
11769,42.98700278947795,405.37999999990814,1626.5677824588527
11770,42.98700278947795,405.3999999999081,1626.596843703237
11771,42.98700278947795,405.4199999999081,1626.6259046799216
11772,42.98700278947795,405.4399999999081,1626.6549653888305
11773,42.98700278947795,405.45999999990806,1626.684025829888
11774,42.98700278947795,405.47999999990805,1626.713086003018
11775,42.98700278947795,405.499999999908,1626.7421459081443
11776,42.98700278947795,405.519999999908,1626.7712055451914
11777,42.91482809016102,405.539999999908,1626.8002649140833
11778,42.91482809016102,405.559999999908,1626.8293240147439
11779,42.91482809016102,405.57999999990795,1626.8583828470973
11780,42.91482809016102,405.59999999990794,1626.8874414110678
11781,42.91482809016102,405.6199999999079,1626.9164997065793
11782,42.91482809016102,405.6399999999079,1626.945557733556
11783,42.91482809016102,405.6599999999079,1626.9746154919217
11784,42.91482809016102,405.67999999990786,1627.0036729816006
11785,42.91482809016102,405.69999999990785,1627.0327302025169
11786,42.91482809016102,405.7199999999078,1627.0617871545946
11787,42.91482809016102,405.7399999999078,1627.0908438377578
11788,42.91482809016102,405.7599999999078,1627.1199002519304
11789,42.91482809016102,405.7799999999078,1627.1489563970365
11790,42.91482809016102,405.79999999990775,1627.1780122730004
11791,42.91482809016102,405.81999999990774,1627.2070678797459
11792,42.91482809016102,405.8399999999077,1627.236123217197
11793,42.91482809016102,405.8599999999077,1627.265178285278
11794,42.91482809016102,405.8799999999077,1627.2942330839126
11795,42.91482809016102,405.89999999990766,1627.3232876130253
11796,42.91482809016102,405.91999999990765,1627.35234187254
11797,42.91482809016102,405.9399999999076,1627.3813958623805
11798,42.91482809016102,405.9599999999076,1627.410449582805
11799,42.91482809016102,405.9799999999076,1627.4395030372227
11800,42.91482809016102,405.9999999999076,1627.468556226038
11801,42.91482809016102,406.01999999990755,1627.4976091491747
11802,42.91482809016102,406.03999999990754,1627.5266618065573
11803,42.91482809016102,406.0599999999075,1627.55571419811
11804,42.91482809016102,406.0799999999075,1627.5847663237573
11805,42.91482809016102,406.0999999999075,1627.613818183423
11806,42.91482809016102,406.11999999990746,1627.6428697770318
11807,42.91482809016102,406.13999999990745,1627.6719211045076
11808,42.91482809016102,406.1599999999074,1627.700972165775
11809,42.91482809016102,406.1799999999074,1627.730022960758
11810,42.91482809016102,406.1999999999074,1627.759073489381
11811,42.91482809016102,406.2199999999074,1627.788123751568
11812,42.91482809016102,406.23999999990735,1627.8171737472435
11813,42.91482809016102,406.25999999990734,1627.8462234763317
11814,42.91482809016102,406.2799999999073,1627.8752729387568
11815,42.91482809016102,406.2999999999073,1627.904322134443
11816,42.91482809016102,406.3199999999073,1627.9333710633146
11817,42.91482809016102,406.33999999990726,1627.9624197252956
11818,42.91482809016102,406.35999999990725,1627.9914681203106
11819,42.91482809016102,406.3799999999072,1628.0205162482837
11820,42.91482809016102,406.3999999999072,1628.049564109139
11821,42.91482809016102,406.4199999999072,1628.078611702801
11822,42.91482809016102,406.4399999999072,1628.1076590291937
11823,42.91482809016102,406.45999999990715,1628.1367060882415
11824,42.91482809016102,406.47999999990714,1628.1657528798685
11825,42.91482809016102,406.4999999999071,1628.1947994039988
11826,42.91482809016102,406.5199999999071,1628.223845660557
11827,42.91482809016102,406.5399999999071,1628.2528916494668
11828,42.91482809016102,406.55999999990706,1628.281937370653
11829,42.91482809016102,406.57999999990705,1628.3109828240392
11830,42.91482809016102,406.599999999907,1628.3400280095502
11831,42.91482809016102,406.619999999907,1628.36907292711
11832,42.91482809016102,406.639999999907,1628.3981175766426
11833,42.91482809016102,406.659999999907,1628.4271619580725
11834,42.91482809016102,406.67999999990695,1628.4562060713238
11835,42.91482809016102,406.69999999990694,1628.4852499163205
11836,42.91482809016102,406.7199999999069,1628.5142934929872
11837,42.91482809016102,406.7399999999069,1628.543336801248
11838,42.91482809016102,406.7599999999069,1628.5723798410268
11839,42.91482809016102,406.77999999990686,1628.6014226122481
11840,42.91482809016102,406.79999999990685,1628.6304651148362
11841,42.91482809016102,406.8199999999068,1628.659507348715
11842,42.91482809016102,406.8399999999068,1628.6885493138086
11843,42.91482809016102,406.8599999999068,1628.7175910100416
11844,42.91482809016102,406.8799999999068,1628.746632437338
11845,42.91482809016102,406.89999999990675,1628.7756735956218
11846,42.91482809016102,406.91999999990674,1628.8047144848176
11847,42.91482809016102,406.9399999999067,1628.8337551048494
11848,42.91482809016102,406.9599999999067,1628.8627954556414
11849,42.91482809016102,406.9799999999067,1628.8918355376234
11850,42.91482809016102,406.99999999990666,1628.920875354308
11851,42.91482809016102,407.01999999990664,1628.9499149059623
11852,42.91482809016102,407.0399999999066,1628.9789541925106
11853,42.91482809016102,407.0599999999066,1629.0079932138774
11854,42.91482809016102,407.0799999999066,1629.037031969987
11855,42.91482809016102,407.0999999999066,1629.066070460764
11856,42.91482809016102,407.11999999990655,1629.0951086861326
11857,42.91482809016102,407.13999999990654,1629.1241466460174
11858,42.91482809016102,407.1599999999065,1629.1531843403427
11859,42.91482809016102,407.1799999999065,1629.182221769033
11860,42.91482809016102,407.1999999999065,1629.211258932013
11861,42.91482809016102,407.21999999990646,1629.2402958292066
11862,42.91482809016102,407.23999999990644,1629.2693324605386
11863,42.91482809016102,407.2599999999064,1629.2983688259333
11864,42.91482809016102,407.2799999999064,1629.327404925315
11865,42.91482809016102,407.2999999999064,1629.3564407586084
11866,42.91482809016102,407.3199999999064,1629.3854763257377
11867,42.91482809016102,407.33999999990635,1629.4145116266272
11868,42.91482809016102,407.35999999990634,1629.4435466612017
11869,42.91482809016102,407.3799999999063,1629.4725814293852
11870,42.91482809016102,407.3999999999063,1629.5016159311024
11871,42.91482809016102,407.4199999999063,1629.5306501662776
11872,42.91482809016102,407.43999999990626,1629.5596841348352
11873,42.91482809016102,407.45999999990624,1629.5887178366995
11874,42.91482809016102,407.4799999999062,1629.617751271795
11875,42.91482809016102,407.4999999999062,1629.646784440046
11876,42.91482809016102,407.5199999999062,1629.6758173413773
11877,42.91482809016102,407.5399999999062,1629.7048499757127
11878,42.91482809016102,407.55999999990615,1629.733882342977
11879,42.91482809016102,407.57999999990614,1629.7629144430946
11880,42.91482809016102,407.5999999999061,1629.7919462759896
11881,42.91482809016102,407.6199999999061,1629.8209778415867
11882,42.91482809016102,407.6399999999061,1629.85000913981
11883,42.91482809016102,407.65999999990606,1629.8790401705842
11884,42.91482809016102,407.67999999990604,1629.9080709338334
11885,42.91482809016102,407.699999999906,1629.937101429482
11886,42.91482809016102,407.719999999906,1629.9661316574545
11887,42.91482809016102,407.739999999906,1629.9951616176754
11888,42.91482809016102,407.759999999906,1630.0241913102413
11889,42.91482809016102,407.77999999990595,1630.0532207353688
11890,42.91482809016102,407.79999999990594,1630.082249892995
11891,42.91482809016102,407.8199999999059,1630.1112787830439
11892,42.91482809016102,407.8399999999059,1630.1403074054397
11893,42.91482809016102,407.8599999999059,1630.1693357601066
11894,42.91482809016102,407.87999999990586,1630.1983638469687
11895,42.91482809016102,407.89999999990584,1630.2273916659503
11896,42.91482809016102,407.9199999999058,1630.2564192169752
11897,42.91482809016102,407.9399999999058,1630.2854464999677
11898,42.91482809016102,407.9599999999058,1630.314473514852
11899,42.91482809016102,407.9799999999058,1630.3435002615518
11900,42.91482809016102,407.99999999990575,1630.3725267407847
11901,42.91482809016102,408.01999999990574,1630.4015529559663
11902,42.91482809016102,408.0399999999057,1630.430578907321
11903,42.91482809016102,408.0599999999057,1630.4596045947733
11904,42.91482809016102,408.0799999999057,1630.4886300182475
11905,42.91482809016102,408.09999999990566,1630.517655177668
11906,42.91482809016102,408.11999999990564,1630.5466800729596
11907,42.91482809016102,408.1399999999056,1630.5757047040463
11908,42.91482809016102,408.1599999999056,1630.6047290708527
11909,42.91482809016102,408.1799999999056,1630.6337531733034
11910,42.91482809016102,408.1999999999056,1630.6627770113228
11911,42.91482809016102,408.21999999990555,1630.6918005848352
11912,42.91482809016102,408.23999999990554,1630.720823893765
11913,42.91482809016102,408.2599999999055,1630.749846938037
11914,42.91482809016102,408.2799999999055,1630.7788697175754
11915,42.91482809016102,408.2999999999055,1630.8078922323045
11916,42.91482809016102,408.31999999990546,1630.836914482149
11917,42.91482809016102,408.33999999990544,1630.8659364670332
11918,42.91482809016102,408.3599999999054,1630.8949581868815
11919,42.91482809016102,408.3799999999054,1630.9239796416182
11920,42.91482809016102,408.3999999999054,1630.9530008311679
11921,42.91482809016102,408.4199999999054,1630.982021755455
11922,42.84285513254718,408.43999999990535,1631.0110424144038
11923,42.84285513254718,408.45999999990534,1631.040062807939
11924,42.84285513254718,408.4799999999053,1631.0690829359849
11925,42.84285513254718,408.4999999999053,1631.0981027984658
11926,42.84285513254718,408.5199999999053,1631.127122395306
11927,42.84285513254718,408.53999999990526,1631.1561417264304
11928,42.84285513254718,408.55999999990524,1631.1851607917629
11929,42.84285513254718,408.5799999999052,1631.2141795912282
11930,42.84285513254718,408.5999999999052,1631.2431981247507
11931,42.84285513254718,408.6199999999052,1631.2722163922547
11932,42.84285513254718,408.63999999990517,1631.3012343936646
11933,42.84285513254718,408.65999999990515,1631.330252128905
11934,42.84285513254718,408.67999999990514,1631.3592695979
11935,42.84285513254718,408.6999999999051,1631.3882868005742
11936,42.84285513254718,408.7199999999051,1631.4173037368519
11937,42.84285513254718,408.7399999999051,1631.4463204066576
11938,42.84285513254718,408.75999999990506,1631.4753368099157
11939,42.84285513254718,408.77999999990504,1631.5043529465504
11940,42.84285513254718,408.799999999905,1631.5333688164865
11941,42.84285513254718,408.819999999905,1631.562384419648
11942,42.84285513254718,408.839999999905,1631.5913997559594
11943,42.84285513254718,408.85999999990497,1631.620414825345
11944,42.84285513254718,408.87999999990495,1631.6494296277294
11945,42.84285513254718,408.89999999990494,1631.678444163037
11946,42.84285513254718,408.9199999999049,1631.707458431192
11947,42.84285513254718,408.9399999999049,1631.736472432119
11948,42.84285513254718,408.9599999999049,1631.765486165742
11949,42.84285513254718,408.97999999990486,1631.7944996319857
11950,42.84285513254718,408.99999999990484,1631.8235128307745
11951,42.84285513254718,409.0199999999048,1631.8525257630124
11952,42.84285513254718,409.0399999999048,1631.881538431642
11953,42.84285513254718,409.0599999999048,1631.9105508368143
11954,42.84285513254718,409.07999999990477,1631.939562978454
11955,42.84285513254718,409.09999999990475,1631.968574856486
11956,42.84285513254718,409.11999999990473,1631.9975864708347
11957,42.84285513254718,409.1399999999047,1632.026597821425
11958,42.84285513254718,409.1599999999047,1632.0556089081815
11959,42.84285513254718,409.1799999999047,1632.084619731029
11960,42.84285513254718,409.19999999990466,1632.1136302898922
11961,42.84285513254718,409.21999999990464,1632.1426405846955
11962,42.84285513254718,409.2399999999046,1632.171650615364
11963,42.84285513254718,409.2599999999046,1632.200660381822
11964,42.84285513254718,409.2799999999046,1632.2296698839946
11965,42.84285513254718,409.29999999990457,1632.2586791218062
11966,42.84285513254718,409.31999999990455,1632.2876880951817
11967,42.84285513254718,409.33999999990453,1632.3166968040455
11968,42.84285513254718,409.3599999999045,1632.3457052483225
11969,42.84285513254718,409.3799999999045,1632.3747134279372
11970,42.84285513254718,409.3999999999045,1632.4037213428146
11971,42.84285513254718,409.41999999990446,1632.432728992879
11972,42.84285513254718,409.43999999990444,1632.4617363780553
11973,42.84285513254718,409.4599999999044,1632.490743498268
11974,42.84285513254718,409.4799999999044,1632.519750353442
11975,42.84285513254718,409.4999999999044,1632.548756943502
11976,42.84285513254718,409.51999999990437,1632.5777632683723
11977,42.84285513254718,409.53999999990435,1632.6067693279779
11978,42.84285513254718,409.55999999990433,1632.6357751222433
11979,42.84285513254718,409.5799999999043,1632.6647806510935
11980,42.84285513254718,409.5999999999043,1632.6937859144527
11981,42.84285513254718,409.6199999999043,1632.7227909122457
11982,42.84285513254718,409.63999999990426,1632.7517956443974
11983,42.84285513254718,409.65999999990424,1632.7808001108322
11984,42.84285513254718,409.6799999999042,1632.8098043114746
11985,42.84285513254718,409.6999999999042,1632.8388082462498
11986,42.84285513254718,409.7199999999042,1632.8678119150818
11987,42.84285513254718,409.73999999990417,1632.8968153178957
11988,42.84285513254718,409.75999999990415,1632.925818454616
11989,42.84285513254718,409.77999999990413,1632.9548213251676
11990,42.84285513254718,409.7999999999041,1632.9838239294747
11991,42.84285513254718,409.8199999999041,1633.0128262674623
11992,42.84285513254718,409.8399999999041,1633.0418283390547
11993,42.84285513254718,409.85999999990406,1633.0708301441769
11994,42.84285513254718,409.87999999990404,1633.0998316827533
11995,42.84285513254718,409.899999999904,1633.1288329547087
11996,42.84285513254718,409.919999999904,1633.1578339599678
11997,42.84285513254718,409.939999999904,1633.186834698455
11998,42.84285513254718,409.95999999990397,1633.215835170095
11999,42.84285513254718,409.97999999990395,1633.2448353748125
12000,42.84285513254718,409.99999999990393,1633.2738353125321
12001,42.84285513254718,410.0199999999039,1633.3028349831784
12002,42.84285513254718,410.0399999999039,1633.3318343879507
12003,42.84285513254718,410.0599999999039,1633.3608335296972
12004,42.84285513254718,410.07999999990386,1633.389832408526
12005,42.84285513254718,410.09999999990384,1633.418831024362
12006,42.84285513254718,410.1199999999038,1633.44782937713
12007,42.84285513254718,410.1399999999038,1633.476827466755
12008,42.84285513254718,410.1599999999038,1633.5058252931617
12009,42.84285513254718,410.17999999990377,1633.5348228562752
12010,42.84285513254718,410.19999999990375,1633.5638201560205
12011,42.84285513254718,410.21999999990373,1633.5928171923222
12012,42.84285513254718,410.2399999999037,1633.6218139651053
12013,42.84285513254718,410.2599999999037,1633.6508104742948
12014,42.84285513254718,410.2799999999037,1633.6798067198154
12015,42.84285513254718,410.29999999990366,1633.708802701592
12016,42.84285513254718,410.31999999990364,1633.7377984195496
12017,42.84285513254718,410.3399999999036,1633.766793873613
12018,42.84285513254718,410.3599999999036,1633.7957890637072
12019,42.84285513254718,410.3799999999036,1633.824783989757
12020,42.84285513254718,410.39999999990357,1633.8537786516872
12021,42.84285513254718,410.41999999990355,1633.8827730494227
12022,42.84285513254718,410.43999999990353,1633.9117671828885
12023,42.84285513254718,410.4599999999035,1633.9407610520093
12024,42.84285513254718,410.4799999999035,1633.9697546567102
12025,42.84285513254718,410.4999999999035,1633.9987479969157
12026,42.84285513254718,410.51999999990346,1634.027741072551
12027,42.84285513254718,410.53999999990344,1634.0567338835408
12028,42.84285513254718,410.5599999999034,1634.08572642981
12029,42.84285513254718,410.5799999999034,1634.1147187112833
12030,42.84285513254718,410.5999999999034,1634.143710727886
12031,42.84285513254718,410.61999999990337,1634.1727024795425
12032,42.84285513254718,410.63999999990335,1634.201693966178
12033,42.84285513254718,410.65999999990333,1634.2306851877172
12034,42.84285513254718,410.6799999999033,1634.2596761440848
12035,42.84285513254718,410.6999999999033,1634.288666835206
12036,42.84285513254718,410.7199999999033,1634.3176572610053
12037,42.84285513254718,410.73999999990326,1634.3466474214076
12038,42.84285513254718,410.75999999990324,1634.375637316338
12039,42.84285513254718,410.7799999999032,1634.4046269457212
12040,42.84285513254718,410.7999999999032,1634.433616309482
12041,42.84285513254718,410.8199999999032,1634.4626054075452
12042,42.84285513254718,410.83999999990317,1634.4915942398359
12043,42.84285513254718,410.85999999990315,1634.5205828062785
12044,42.84285513254718,410.87999999990313,1634.5495711067983
12045,42.84285513254718,410.8999999999031,1634.5785591413198
12046,42.84285513254718,410.9199999999031,1634.607546909768
12047,42.84285513254718,410.9399999999031,1634.6365344120677
12048,42.84285513254718,410.95999999990306,1634.6655216481438
12049,42.84285513254718,410.97999999990304,1634.694508617921
12050,42.84285513254718,410.999999999903,1634.7234953213242
12051,42.84285513254718,411.019999999903,1634.7524817582782
12052,42.84285513254718,411.039999999903,1634.781467928708
12053,42.84285513254718,411.05999999990297,1634.810453834118
12054,42.84285513254718,411.07999999990295,1634.839439477234
12055,42.84285513254718,411.09999999990293,1634.8684248581162
12056,42.84285513254718,411.1199999999029,1634.89740997669
12057,42.84285513254718,411.1399999999029,1634.92639483288
12058,42.84285513254718,411.1599999999029,1634.9553794266121
12059,42.84285513254718,411.17999999990286,1634.984363757811
12060,42.84285513254718,411.19999999990284,1635.013347826402
12061,42.84285513254718,411.2199999999028,1635.04233163231
12062,42.771083128050336,411.2399999999028,1635.0713151754603
12063,42.771083128050336,411.2599999999028,1635.100298455778
12064,42.771083128050336,411.27999999990277,1635.1292814731883
12065,42.771083128050336,411.29999999990275,1635.1582642276162
12066,42.771083128050336,411.31999999990273,1635.187246718987
12067,42.771083128050336,411.3399999999027,1635.2162289472255
12068,42.771083128050336,411.3599999999027,1635.245210912257
12069,42.771083128050336,411.3799999999027,1635.2741926140068
12070,42.771083128050336,411.39999999990266,1635.3031740523998
12071,42.771083128050336,411.41999999990264,1635.332155227361
12072,42.771083128050336,411.4399999999026,1635.3611361388157
12073,42.771083128050336,411.4599999999026,1635.390116786689
12074,42.771083128050336,411.4799999999026,1635.419097170906
12075,42.771083128050336,411.49999999990257,1635.4480772913919
12076,42.771083128050336,411.51999999990255,1635.4770571480715
12077,42.771083128050336,411.53999999990253,1635.50603674087
12078,42.771083128050336,411.5599999999025,1635.5350160697128
12079,42.771083128050336,411.5799999999025,1635.5639951345247
12080,42.771083128050336,411.5999999999025,1635.592973935231
12081,42.771083128050336,411.61999999990246,1635.6219524717567
12082,42.771083128050336,411.63999999990244,1635.650930744027
12083,42.771083128050336,411.6599999999024,1635.6799087519667
12084,42.771083128050336,411.6799999999024,1635.708886495501
12085,42.771083128050336,411.6999999999024,1635.7378639745552
12086,42.771083128050336,411.71999999990237,1635.7668411890543
12087,42.771083128050336,411.73999999990235,1635.7958181389233
12088,42.771083128050336,411.75999999990233,1635.8247948240873
12089,42.771083128050336,411.7799999999023,1635.8537712444715
12090,42.771083128050336,411.7999999999023,1635.882747400001
12091,42.771083128050336,411.8199999999023,1635.9117232906008
12092,42.771083128050336,411.83999999990226,1635.940698916196
12093,42.771083128050336,411.85999999990224,1635.9696742767117
12094,42.771083128050336,411.8799999999022,1635.9986493720728
12095,42.771083128050336,411.8999999999022,1636.0276242022046
12096,42.771083128050336,411.9199999999022,1636.056598767032
12097,42.771083128050336,411.93999999990217,1636.0855730664803
12098,42.771083128050336,411.95999999990215,1636.1145471004743
12099,42.771083128050336,411.97999999990213,1636.1435208689393
12100,42.771083128050336,411.9999999999021,1636.1724943718002
12101,42.771083128050336,412.0199999999021,1636.201467608982
12102,42.771083128050336,412.0399999999021,1636.23044058041
12103,42.771083128050336,412.05999999990206,1636.2594132860092
12104,42.771083128050336,412.07999999990204,1636.2883857274078
12105,42.771083128050336,412.099999999902,1636.3173579069176
12106,42.771083128050336,412.119999999902,1636.34632982454
12107,42.771083128050336,412.139999999902,1636.3753014801998
12108,42.771083128050336,412.15999999990197,1636.404272873823
12109,42.771083128050336,412.17999999990195,1636.4332440053345
12110,42.771083128050336,412.19999999990193,1636.4622148746596
12111,42.771083128050336,412.2199999999019,1636.4911854817237
12112,42.771083128050336,412.2399999999019,1636.520155826452
12113,42.771083128050336,412.2599999999019,1636.54912590877
12114,42.771083128050336,412.27999999990186,1636.5780957286029
12115,42.771083128050336,412.29999999990184,1636.607065285876
12116,42.771083128050336,412.3199999999018,1636.6360345805144
12117,42.771083128050336,412.3399999999018,1636.6650036124436
12118,42.771083128050336,412.3599999999018,1636.6939723815888
12119,42.771083128050336,412.37999999990177,1636.7229408878752
12120,42.771083128050336,412.39999999990175,1636.7519091312283
12121,42.771083128050336,412.41999999990173,1636.7808771115733
12122,42.771083128050336,412.4399999999017,1636.8098448288356
12123,42.771083128050336,412.4599999999017,1636.8388122829404
12124,42.771083128050336,412.4799999999017,1636.8677794738128
12125,42.771083128050336,412.49999999990166,1636.8967464013783
12126,42.771083128050336,412.51999999990164,1636.9257130655621
12127,42.771083128050336,412.5399999999016,1636.9546794662895
12128,42.771083128050336,412.5599999999016,1636.9836456034857
12129,42.771083128050336,412.5799999999016,1637.012611477076
12130,42.771083128050336,412.59999999990157,1637.0415770869859
12131,42.771083128050336,412.61999999990155,1637.0705424331404
12132,42.771083128050336,412.63999999990153,1637.099507515465
12133,42.771083128050336,412.6599999999015,1637.1284723338845
12134,42.771083128050336,412.6799999999015,1637.1574368883246
12135,42.771083128050336,412.6999999999015,1637.1864011787104
12136,42.771083128050336,412.71999999990146,1637.2153652049672
12137,42.771083128050336,412.73999999990144,1637.2443289670202
12138,42.771083128050336,412.7599999999014,1637.2732924647948
12139,42.771083128050336,412.7799999999014,1637.3022556982162
12140,42.771083128050336,412.7999999999014,1637.3312186672097
12141,42.771083128050336,412.81999999990137,1637.3601813717005
12142,42.771083128050336,412.83999999990135,1637.3891438116138
12143,42.771083128050336,412.85999999990133,1637.418105986875
12144,42.771083128050336,412.8799999999013,1637.4470678974092
12145,42.771083128050336,412.8999999999013,1637.4760295431415
12146,42.771083128050336,412.9199999999013,1637.5049909239974
12147,42.771083128050336,412.93999999990126,1637.5339520399023
12148,42.771083128050336,412.95999999990124,1637.562912890781
12149,42.771083128050336,412.9799999999012,1637.5918734765592
12150,42.771083128050336,412.9999999999012,1637.6208337971618
12151,42.771083128050336,413.0199999999012,1637.6497938525142
12152,42.771083128050336,413.03999999990117,1637.6787536425416
12153,42.771083128050336,413.05999999990115,1637.7077131671692
12154,42.771083128050336,413.07999999990113,1637.7366724263222
12155,42.771083128050336,413.0999999999011,1637.7656314219716
12156,42.771083128050336,413.1199999999011,1637.7945901563412
12157,42.771083128050336,413.1399999999011,1637.8235486293843
12158,42.771083128050336,413.15999999990106,1637.8525068410258
12159,42.771083128050336,413.17999999990104,1637.8814647911909
12160,42.771083128050336,413.199999999901,1637.9104224798045
12161,42.771083128050336,413.219999999901,1637.9393799067918
12162,42.771083128050336,413.239999999901,1637.968337072078
12163,42.771083128050336,413.25999999990097,1637.9972939755878
12164,42.771083128050336,413.27999999990095,1638.0262506172464
12165,42.771083128050336,413.29999999990093,1638.055206996979
12166,42.771083128050336,413.3199999999009,1638.0841631147107
12167,42.771083128050336,413.3399999999009,1638.1131189703663
12168,42.771083128050336,413.3599999999009,1638.1420745638711
12169,42.771083128050336,413.37999999990086,1638.17102989515
12170,42.771083128050336,413.39999999990084,1638.1999849641281
12171,42.771083128050336,413.4199999999008,1638.2289397707304
12172,42.771083128050336,413.4399999999008,1638.2578943148822
12173,42.771083128050336,413.4599999999008,1638.286848596508
12174,42.771083128050336,413.47999999990077,1638.3158026155334
12175,42.771083128050336,413.49999999990075,1638.344756371883
12176,42.771083128050336,413.51999999990073,1638.3737098654822
12177,42.771083128050336,413.5399999999007,1638.4026630962558
12178,42.771083128050336,413.5599999999007,1638.431616064129
12179,42.771083128050336,413.5799999999007,1638.4605687690268
12180,42.771083128050336,413.59999999990066,1638.4895212108743
12181,42.771083128050336,413.61999999990064,1638.5184733895962
12182,42.771083128050336,413.6399999999006,1638.547425305118
12183,42.771083128050336,413.6599999999006,1638.5763769573643
12184,42.771083128050336,413.6799999999006,1638.6053283462604
12185,42.771083128050336,413.69999999990057,1638.6342794717314
12186,42.771083128050336,413.71999999990055,1638.6632303337021
12187,42.771083128050336,413.73999999990053,1638.6921809320977
12188,42.771083128050336,413.7599999999005,1638.721131266843
12189,42.771083128050336,413.7799999999005,1638.750081337863
12190,42.771083128050336,413.7999999999005,1638.779031145083
12191,42.771083128050336,413.81999999990046,1638.807980688428
12192,42.771083128050336,413.83999999990044,1638.8369299678227
12193,42.771083128050336,413.8599999999004,1638.8658789831925
12194,42.771083128050336,413.8799999999004,1638.894827734462
12195,42.771083128050336,413.8999999999004,1638.9237762215566
12196,42.771083128050336,413.91999999990037,1638.9527244444012
12197,42.771083128050336,413.93999999990035,1638.9816724029206
12198,42.771083128050336,413.95999999990033,1639.0106200970401
12199,42.771083128050336,413.9799999999003,1639.0395675266846
12200,42.771083128050336,413.9999999999003,1639.068514691779
12201,42.771083128050336,414.0199999999003,1639.0974615922485
12202,42.771083128050336,414.03999999990026,1639.126408228018
12203,42.69951129204323,414.05999999990024,1639.1553545990123
12204,42.69951129204323,414.0799999999002,1639.1843007051566
12205,42.69951129204323,414.0999999999002,1639.2132465463992
12206,42.69951129204323,414.1199999999002,1639.242192124935
12207,42.69951129204323,414.13999999990017,1639.2711374427497
12208,42.69951129204323,414.15999999990015,1639.3000824997694
12209,42.69951129204323,414.17999999990013,1639.32902729592
12210,42.69951129204323,414.1999999999001,1639.357971831128
12211,42.69951129204323,414.2199999999001,1639.3869161053192
12212,42.69951129204323,414.2399999999001,1639.4158601184197
12213,42.69951129204323,414.25999999990006,1639.4448038703558
12214,42.69951129204323,414.27999999990004,1639.4737473610537
12215,42.69951129204323,414.2999999999,1639.5026905904392
12216,42.69951129204323,414.3199999999,1639.5316335584387
12217,42.69951129204323,414.3399999999,1639.560576264978
12218,42.69951129204323,414.35999999989997,1639.5895187099834
12219,42.69951129204323,414.37999999989995,1639.618460893381
12220,42.69951129204323,414.39999999989993,1639.647402815097
12221,42.69951129204323,414.4199999998999,1639.6763444750572
12222,42.69951129204323,414.4399999998999,1639.705285873188
12223,42.69951129204323,414.4599999998999,1639.7342270094152
12224,42.69951129204323,414.47999999989986,1639.7631678836651
12225,42.69951129204323,414.49999999989984,1639.7921084958639
12226,42.69951129204323,414.5199999998998,1639.8210488459374
12227,42.69951129204323,414.5399999998998,1639.849988933812
12228,42.69951129204323,414.5599999998998,1639.8789287594136
12229,42.69951129204323,414.57999999989977,1639.9078683226683
12230,42.69951129204323,414.59999999989975,1639.936807623502
12231,42.69951129204323,414.61999999989973,1639.9657466618412
12232,42.69951129204323,414.6399999998997,1639.9946854376117
12233,42.69951129204323,414.6599999998997,1640.0236239506523
12234,42.69951129204323,414.6799999998997,1640.0525622007324
12235,42.69951129204323,414.69999999989966,1640.08150018777
12236,42.69951129204323,414.71999999989964,1640.1104379116905
12237,42.69951129204323,414.7399999998996,1640.1393753724199
12238,42.69951129204323,414.7599999998996,1640.1683125698835
12239,42.69951129204323,414.7799999998996,1640.1972495040072
12240,42.69951129204323,414.79999999989957,1640.2261861747168
12241,42.69951129204323,414.81999999989955,1640.2551225819377
12242,42.69951129204323,414.83999999989953,1640.284058725596
12243,42.69951129204323,414.8599999998995,1640.312994605617
12244,42.69951129204323,414.8799999998995,1640.3419302219263
12245,42.69951129204323,414.8999999998995,1640.37086557445
12246,42.69951129204323,414.91999999989946,1640.3998006631132
12247,42.69951129204323,414.93999999989944,1640.428735487842
12248,42.69951129204323,414.9599999998994,1640.457670048562
12249,42.69951129204323,414.9799999998994,1640.4866043451989
12250,42.69951129204323,414.9999999998994,1640.5155383776782
12251,42.69951129204323,415.01999999989937,1640.5444721459257
12252,42.69951129204323,415.03999999989935,1640.573405649867
12253,42.69951129204323,415.05999999989933,1640.6023388894278
12254,42.69951129204323,415.0799999998993,1640.6312718645336
12255,42.69951129204323,415.0999999998993,1640.6602045751101
12256,42.69951129204323,415.1199999998993,1640.689137021154
12257,42.69951129204323,415.13999999989926,1640.7180692049424
12258,42.69951129204323,415.15999999989924,1640.7470011281137
12259,42.69951129204323,415.1799999998992,1640.7759327905935
12260,42.69951129204323,415.1999999998992,1640.8048641923078
12261,42.69951129204323,415.2199999998992,1640.8337953331823
12262,42.69951129204323,415.23999999989917,1640.8627262131424
12263,42.69951129204323,415.25999999989915,1640.8916568321142
12264,42.69951129204323,415.27999999989913,1640.9205871900233
12265,42.69951129204323,415.2999999998991,1640.9495172867953
12266,42.69951129204323,415.3199999998991,1640.9784471223559
12267,42.69951129204323,415.3399999998991,1641.007376696631
12268,42.69951129204323,415.35999999989906,1641.036306009546
12269,42.69951129204323,415.37999999989904,1641.065235061027
12270,42.69951129204323,415.399999999899,1641.0941638509992
12271,42.69951129204323,415.419999999899,1641.1230923793887
12272,42.69951129204323,415.439999999899,1641.152020646121
12273,42.69951129204323,415.45999999989897,1641.1809486511218
12274,42.69951129204323,415.47999999989895,1641.2098763943168
12275,42.69951129204323,415.49999999989893,1641.238803875632
12276,42.69951129204323,415.5199999998989,1641.2677310949925
12277,42.69951129204323,415.5399999998989,1641.2966580523246
12278,42.69951129204323,415.5599999998989,1641.3255847475536
12279,42.69951129204323,415.57999999989886,1641.3545111806054
12280,42.69951129204323,415.59999999989884,1641.3834373514055
12281,42.69951129204323,415.6199999998988,1641.4123632598798
12282,42.69951129204323,415.6399999998988,1641.4412889059538
12283,42.69951129204323,415.6599999998988,1641.4702142895533
12284,42.69951129204323,415.67999999989877,1641.4991394106037
12285,42.69951129204323,415.69999999989875,1641.528064269031
12286,42.69951129204323,415.71999999989873,1641.5569888647606
12287,42.69951129204323,415.7399999998987,1641.5859131977184
12288,42.69951129204323,415.7599999998987,1641.6148372678301
12289,42.69951129204323,415.7799999998987,1641.6437610750213
12290,42.69951129204323,415.79999999989866,1641.6726846192175
12291,42.69951129204323,415.81999999989864,1641.7016079003447
12292,42.69951129204323,415.8399999998986,1641.7305309183282
12293,42.69951129204323,415.8599999998986,1641.759453673094
12294,42.69951129204323,415.8799999998986,1641.7883761645676
12295,42.69951129204323,415.89999999989857,1641.8172983926747
12296,42.69951129204323,415.91999999989855,1641.8462203573408
12297,42.69951129204323,415.93999999989853,1641.8751420584917
12298,42.69951129204323,415.9599999998985,1641.9040634960531
12299,42.69951129204323,415.9799999998985,1641.9329846699507
12300,42.69951129204323,415.9999999998985,1641.96190558011
12301,42.69951129204323,416.01999999989846,1641.9908262264566
12302,42.69951129204323,416.03999999989844,1642.0197466089164
12303,42.69951129204323,416.0599999998984,1642.048666727415
12304,42.69951129204323,416.0799999998984,1642.0775865818778
12305,42.69951129204323,416.0999999998984,1642.1065061722306
12306,42.69951129204323,416.11999999989837,1642.1354254983992
12307,42.69951129204323,416.13999999989835,1642.1643445604368
12308,42.69951129204323,416.15999999989833,1642.1932633609863
12309,42.69951129204323,416.1799999998983,1642.2221819015413
12310,42.69951129204323,416.1999999998983,1642.2511001820274
12311,42.69951129204323,416.2199999998983,1642.2800182023705
12312,42.69951129204323,416.23999999989826,1642.3089359624964
12313,42.69951129204323,416.25999999989824,1642.337853462331
12314,42.69951129204323,416.2799999998982,1642.3667707017999
12315,42.69951129204323,416.2999999998982,1642.395687680829
12316,42.69951129204323,416.3199999998982,1642.4246043993444
12317,42.69951129204323,416.33999999989817,1642.4535208572715
12318,42.69951129204323,416.35999999989815,1642.4824370545364
12319,42.69951129204323,416.37999999989813,1642.5113529910648
12320,42.69951129204323,416.3999999998981,1642.5402686667824
12321,42.69951129204323,416.4199999998981,1642.569184081615
12322,42.69951129204323,416.4399999998981,1642.5980992354887
12323,42.69951129204323,416.45999999989806,1642.627014128329
12324,42.69951129204323,416.47999999989804,1642.6559287600617
12325,42.69951129204323,416.499999999898,1642.6848431306128
12326,42.69951129204323,416.519999999898,1642.7137572399079
12327,42.69951129204323,416.539999999898,1642.7426710878728
12328,42.69951129204323,416.55999999989797,1642.7715846744334
12329,42.69951129204323,416.57999999989795,1642.8004979995153
12330,42.69951129204323,416.59999999989793,1642.8294110630445
12331,42.69951129204323,416.6199999998979,1642.858323864947
12332,42.69951129204323,416.6399999998979,1642.8872364051479
12333,42.69951129204323,416.6599999998979,1642.9161486835735
12334,42.69951129204323,416.67999999989786,1642.9450607001495
12335,42.69951129204323,416.69999999989784,1642.9739724548017
12336,42.69951129204323,416.7199999998978,1643.0028839474558
12337,42.69951129204323,416.7399999998978,1643.0317951780376
12338,42.69951129204323,416.7599999998978,1643.0607061464727
12339,42.69951129204323,416.77999999989777,1643.0896168526872
12340,42.69951129204323,416.79999999989775,1643.1185272966068
12341,42.69951129204323,416.81999999989773,1643.1474374781571
12342,42.69951129204323,416.8399999998977,1643.176347397264
12343,42.69951129204323,416.8599999998977,1643.205257053853
12344,42.69951129204323,416.8799999998977,1643.2341664478504
12345,42.69951129204323,416.89999999989766,1643.2630755791815
12346,42.69951129204323,416.91999999989764,1643.2919844477722
12347,42.69951129204323,416.9399999998976,1643.3208930535484
12348,42.69951129204323,416.9599999998976,1643.3498013964356
12349,42.69951129204323,416.9799999998976,1643.3787094763597
12350,42.62813884383312,416.99999999989757,1643.4076172932466
12351,42.62813884383312,417.01999999989755,1643.436524847022
12352,42.62813884383312,417.03999999989753,1643.4654321376113
12353,42.62813884383312,417.0599999998975,1643.4943391649406
12354,42.62813884383312,417.0799999998975,1643.5232459289355
12355,42.62813884383312,417.0999999998975,1643.5521524295218
12356,42.62813884383312,417.11999999989746,1643.5810586666253
12357,42.62813884383312,417.13999999989744,1643.6099646401717
12358,42.62813884383312,417.1599999998974,1643.6388703502537
12359,42.62813884383312,417.1799999998974,1643.6677757995108
12360,42.62813884383312,417.1999999998974,1643.6966809890819
12361,42.62813884383312,417.21999999989737,1643.7255859188933
12362,42.62813884383312,417.23999999989735,1643.7544905888712
12363,42.62813884383312,417.25999999989733,1643.783394998942
12364,42.62813884383312,417.2799999998973,1643.8122991490316
12365,42.62813884383312,417.2999999998973,1643.8412030390662
12366,42.62813884383312,417.3199999998973,1643.870106668972
12367,42.62813884383312,417.33999999989726,1643.8990100386754
12368,42.62813884383312,417.35999999989724,1643.9279131481023
12369,42.62813884383312,417.3799999998972,1643.9568159971789
12370,42.62813884383312,417.3999999998972,1643.9857185858314
12371,42.62813884383312,417.4199999998972,1644.014620913986
12372,42.62813884383312,417.43999999989717,1644.043522981569
12373,42.62813884383312,417.45999999989715,1644.0724247885062
12374,42.62813884383312,417.47999999989713,1644.1013263347243
12375,42.62813884383312,417.4999999998971,1644.130227620149
12376,42.62813884383312,417.5199999998971,1644.1591286447067
12377,42.62813884383312,417.5399999998971,1644.1880294083235
12378,42.62813884383312,417.55999999989706,1644.2169299109255
12379,42.62813884383312,417.57999999989704,1644.245830152439
12380,42.62813884383312,417.599999999897,1644.2747301327902
12381,42.62813884383312,417.619999999897,1644.303629851905
12382,42.62813884383312,417.639999999897,1644.3325293097098
12383,42.62813884383312,417.65999999989697,1644.3614285061306
12384,42.62813884383312,417.67999999989695,1644.3903274410936
12385,42.62813884383312,417.69999999989693,1644.419226114525
12386,42.62813884383312,417.7199999998969,1644.4481245263507
12387,42.62813884383312,417.7399999998969,1644.4770226764972
12388,42.62813884383312,417.7599999998969,1644.5059205648906
12389,42.62813884383312,417.77999999989686,1644.534818191457
12390,42.62813884383312,417.79999999989684,1644.5637155561224
12391,42.62813884383312,417.8199999998968,1644.5926126588129
12392,42.62813884383312,417.8399999998968,1644.6215094994548
12393,42.62813884383312,417.8599999998968,1644.6504060779741
12394,42.62813884383312,417.87999999989677,1644.6793023942973
12395,42.62813884383312,417.89999999989675,1644.7081984483502
12396,42.62813884383312,417.91999999989673,1644.7370942400592
12397,42.62813884383312,417.9399999998967,1644.76598976935
12398,42.62813884383312,417.9599999998967,1644.794885036149
12399,42.62813884383312,417.9799999998967,1644.8237800403824
12400,42.62813884383312,417.99999999989666,1644.8526747819762
12401,42.62813884383312,418.01999999989664,1644.8815692608566
12402,42.62813884383312,418.0399999998966,1644.9104634769496
12403,42.62813884383312,418.0599999998966,1644.9393574301816
12404,42.62813884383312,418.0799999998966,1644.9682511204785
12405,42.62813884383312,418.09999999989657,1644.9971445477663
12406,42.62813884383312,418.11999999989655,1645.0260377119714
12407,42.62813884383312,418.13999999989653,1645.0549306130197
12408,42.62813884383312,418.1599999998965,1645.0838232508374
12409,42.62813884383312,418.1799999998965,1645.1127156255711
12410,42.62813884383312,418.1999999998965,1645.1416077401245
12411,42.62813884383312,418.21999999989646,1645.1704995954192
12412,42.62813884383312,418.23999999989644,1645.1993911913814
12413,42.62813884383312,418.2599999998964,1645.2282825279374
12414,42.62813884383312,418.2799999998964,1645.2571736050133
12415,42.62813884383312,418.2999999998964,1645.2860644225357
12416,42.62813884383312,418.31999999989637,1645.3149549804305
12417,42.62813884383312,418.33999999989635,1645.343845278624
12418,42.62813884383312,418.35999999989633,1645.3727353170427
12419,42.62813884383312,418.3799999998963,1645.4016250956126
12420,42.62813884383312,418.3999999998963,1645.4305146142603
12421,42.62813884383312,418.4199999998963,1645.4594038729117
12422,42.62813884383312,418.43999999989626,1645.4882928714933
12423,42.62813884383312,418.45999999989624,1645.5171816099312
12424,42.62813884383312,418.4799999998962,1645.5460700881517
12425,42.62813884383312,418.4999999998962,1645.574958306081
12426,42.62813884383312,418.5199999998962,1645.6038462636454
12427,42.62813884383312,418.53999999989617,1645.6327339607712
12428,42.62813884383312,418.55999999989615,1645.6616213973846
12429,42.62813884383312,418.57999999989613,1645.6905085734118
12430,42.62813884383312,418.5999999998961,1645.7193954887791
12431,42.62813884383312,418.6199999998961,1645.7482821434128
12432,42.62813884383312,418.6399999998961,1645.777168537239
12433,42.62813884383312,418.65999999989606,1645.806054670184
12434,42.62813884383312,418.67999999989604,1645.834940542174
12435,42.62813884383312,418.699999999896,1645.8638261531353
12436,42.62813884383312,418.719999999896,1645.892711502994
12437,42.62813884383312,418.739999999896,1645.9215965916765
12438,42.62813884383312,418.75999999989597,1645.9504814191089
12439,42.62813884383312,418.77999999989595,1645.9793659852176
12440,42.62813884383312,418.79999999989593,1646.0082502899286
12441,42.62813884383312,418.8199999998959,1646.0371343331683
12442,42.62813884383312,418.8399999998959,1646.0660181148628
12443,42.62813884383312,418.8599999998959,1646.0949016349384
12444,42.62813884383312,418.87999999989586,1646.1237848933213
12445,42.62813884383312,418.89999999989584,1646.1526678899377
12446,42.62813884383312,418.9199999998958,1646.1815506247137
12447,42.62813884383312,418.9399999998958,1646.2104330975758
12448,42.62813884383312,418.9599999998958,1646.23931530845
12449,42.62813884383312,418.97999999989577,1646.2681972572625
12450,42.62813884383312,418.99999999989575,1646.2970789439396
12451,42.62813884383312,419.01999999989573,1646.3259603684076
12452,42.62813884383312,419.0399999998957,1646.3548415305925
12453,42.62813884383312,419.0599999998957,1646.3837224304207
12454,42.62813884383312,419.0799999998957,1646.4126030678183
12455,42.62813884383312,419.09999999989566,1646.4414834427116
12456,42.62813884383312,419.11999999989564,1646.4703635550268
12457,42.62813884383312,419.1399999998956,1646.4992434046899
12458,42.62813884383312,419.1599999998956,1646.5281229916272
12459,42.62813884383312,419.1799999998956,1646.557002315765
12460,42.62813884383312,419.19999999989557,1646.5858813773098
12461,42.62813884383312,419.21999999989555,1646.6147601794892
12462,42.62813884383312,419.23999999989553,1646.6436387230071
12463,42.62813884383312,419.2599999998955,1646.6725170077902
12464,42.62813884383312,419.2799999998955,1646.7013950337648
12465,42.62813884383312,419.2999999998955,1646.7302728008574
12466,42.62813884383312,419.31999999989546,1646.7591503089943
12467,42.62813884383312,419.33999999989544,1646.7880275581024
12468,42.62813884383312,419.3599999998954,1646.8169045481077
12469,42.62813884383312,419.3799999998954,1646.845781278937
12470,42.62813884383312,419.3999999998954,1646.8746577505167
12471,42.62813884383312,419.41999999989537,1646.9035339627733
12472,42.62813884383312,419.43999999989535,1646.9324099156331
12473,42.62813884383312,419.45999999989533,1646.9612856090228
12474,42.62813884383312,419.4799999998953,1646.9901610428687
12475,42.62813884383312,419.4999999998953,1647.0190362170974
12476,42.62813884383312,419.5199999998953,1647.0479111316354
12477,42.62813884383312,419.53999999989526,1647.0767857864091
12478,42.62813884383312,419.55999999989524,1647.105660181345
12479,42.62813884383312,419.5799999998952,1647.1345343163694
12480,42.62813884383312,419.5999999998952,1647.1634081914087
12481,42.62813884383312,419.6199999998952,1647.1922818063897
12482,42.62813884383312,419.63999999989517,1647.2211551612388
12483,42.62813884383312,419.65999999989515,1647.2500282558822
12484,42.62813884383312,419.67999999989513,1647.2789010902466
12485,42.62813884383312,419.6999999998951,1647.3077736642583
12486,42.62813884383312,419.7199999998951,1647.3366459778438
12487,42.62813884383312,419.7399999998951,1647.3655180309295
12488,42.62813884383312,419.75999999989506,1647.394389823442
12489,42.62813884383312,419.77999999989504,1647.4232613553077
12490,42.62813884383312,419.799999999895,1647.4521326264528
12491,42.62813884383312,419.819999999895,1647.481003636804
12492,42.55696500663772,419.839999999895,1647.5098743862877
12493,42.55696500663772,419.85999999989497,1647.5387448748304
12494,42.55696500663772,419.87999999989495,1647.5676151023583
12495,42.55696500663772,419.89999999989493,1647.596485068798
12496,42.55696500663772,419.9199999998949,1647.6253547740762
12497,42.55696500663772,419.9399999998949,1647.6542242181188
12498,42.55696500663772,419.9599999998949,1647.6830934008526
12499,42.55696500663772,419.97999999989486,1647.711962322204
12500,42.55696500663772,419.99999999989484,1647.7408309820994
12501,42.55696500663772,420.0199999998948,1647.769699380465
12502,42.55696500663772,420.0399999998948,1647.7985675172274
12503,42.55696500663772,420.0599999998948,1647.8274353923132
12504,42.55696500663772,420.07999999989477,1647.8563030056487
12505,42.55696500663772,420.09999999989475,1647.8851703571602
12506,42.55696500663772,420.11999999989473,1647.9140374467743
12507,42.55696500663772,420.1399999998947,1647.9429042744173
12508,42.55696500663772,420.1599999998947,1647.9717708400156
12509,42.55696500663772,420.1799999998947,1648.0006371434956
12510,42.55696500663772,420.19999999989466,1648.029503184784
12511,42.55696500663772,420.21999999989464,1648.058368964113
12512,42.55696500663772,420.2399999998946,1648.087234484643
12513,42.55696500663772,420.2599999998946,1648.1160997467805
12514,42.55696500663772,420.2799999998946,1648.1449647504521
12515,42.55696500663772,420.29999999989457,1648.1738294955846
12516,42.55696500663772,420.31999999989455,1648.2026939821048
12517,42.55696500663772,420.33999999989453,1648.2315582099395
12518,42.55696500663772,420.3599999998945,1648.2604221790152
12519,42.55696500663772,420.3799999998945,1648.2892858892587
12520,42.55696500663772,420.3999999998945,1648.3181493405966
12521,42.55696500663772,420.41999999989446,1648.3470125329557
12522,42.55696500663772,420.43999999989444,1648.3758754662626
12523,42.55696500663772,420.4599999998944,1648.4047381404441
12524,42.55696500663772,420.4799999998944,1648.433600555427
12525,42.55696500663772,420.4999999998944,1648.4624627111377
12526,42.55696500663772,420.51999999989437,1648.4913246075032
12527,42.55696500663772,420.53999999989435,1648.52018624445
12528,42.55696500663772,420.55999999989433,1648.5490476219052
12529,42.55696500663772,420.5799999998943,1648.577908739795
12530,42.55696500663772,420.5999999998943,1648.6067695980462
12531,42.55696500663772,420.6199999998943,1648.6356301965855
12532,42.55696500663772,420.63999999989426,1648.6644905353396
12533,42.55696500663772,420.65999999989424,1648.6933506142354
12534,42.55696500663772,420.6799999998942,1648.7222104331995
12535,42.55696500663772,420.6999999998942,1648.7510699921584
12536,42.55696500663772,420.7199999998942,1648.7799292910388
12537,42.55696500663772,420.73999999989417,1648.8087883297676
12538,42.55696500663772,420.75999999989415,1648.8376471082713
12539,42.55696500663772,420.77999999989413,1648.8665056264765
12540,42.55696500663772,420.7999999998941,1648.89536388431
12541,42.55696500663772,420.8199999998941,1648.9242218816985
12542,42.55696500663772,420.8399999998941,1648.9530796185686
12543,42.55696500663772,420.85999999989406,1648.9819370948471
12544,42.55696500663772,420.87999999989404,1649.0107943104606
12545,42.55696500663772,420.899999999894,1649.0396512653356
12546,42.55696500663772,420.919999999894,1649.068507959399
12547,42.55696500663772,420.939999999894,1649.0973643925774
12548,42.55696500663772,420.95999999989397,1649.1262205647974
12549,42.55696500663772,420.97999999989395,1649.1550764759859
12550,42.55696500663772,420.99999999989393,1649.1839321260693
12551,42.55696500663772,421.0199999998939,1649.2127875149743
12552,42.55696500663772,421.0399999998939,1649.2416426426275
12553,42.55696500663772,421.0599999998939,1649.2704975089557
12554,42.55696500663772,421.07999999989386,1649.2993521138856
12555,42.55696500663772,421.09999999989384,1649.3282064573436
12556,42.55696500663772,421.1199999998938,1649.3570605392565
12557,42.55696500663772,421.1399999998938,1649.385914359551
12558,42.55696500663772,421.1599999998938,1649.4147679181538
12559,42.55696500663772,421.17999999989377,1649.4436212149913
12560,42.55696500663772,421.19999999989375,1649.4724742499905
12561,42.55696500663772,421.21999999989373,1649.5013270230777
12562,42.55696500663772,421.2399999998937,1649.5301795346206
12563,42.55696500663772,421.2599999998937,1649.5590317879269
12564,42.55696500663772,421.2799999998937,1649.58788378325
12565,42.55696500663772,421.29999999989366,1649.6167355205166
12566,42.55696500663772,421.31999999989364,1649.645586999654
12567,42.55696500663772,421.3399999998936,1649.6744382205886
12568,42.55696500663772,421.3599999998936,1649.7032891832478
12569,42.55696500663772,421.3799999998936,1649.732139887558
12570,42.55696500663772,421.39999999989357,1649.7609903334467
12571,42.55696500663772,421.41999999989355,1649.7898405208402
12572,42.55696500663772,421.43999999989353,1649.8186904496658
12573,42.55696500663772,421.4599999998935,1649.8475401198502
12574,42.55696500663772,421.4799999998935,1649.8763895313205
12575,42.55696500663772,421.4999999998935,1649.9052386840033
12576,42.55696500663772,421.51999999989346,1649.9340875778255
12577,42.55696500663772,421.53999999989344,1649.962936212714
12578,42.55696500663772,421.5599999998934,1649.991784588596
12579,42.55696500663772,421.5799999998934,1650.0206327051358
12580,42.55696500663772,421.5999999998934,1650.0494805615722
12581,42.55696500663772,421.61999999989337,1650.0783281577842
12582,42.55696500663772,421.63999999989335,1650.1071754936986
12583,42.55696500663772,421.65999999989333,1650.136022569242
12584,42.55696500663772,421.6799999998933,1650.1648693843406
12585,42.55696500663772,421.6999999998933,1650.1937159389213
12586,42.55696500663772,421.7199999998933,1650.2225622329106
12587,42.55696500663772,421.73999999989326,1650.2514082662349
12588,42.55696500663772,421.75999999989324,1650.2802540388209
12589,42.55696500663772,421.7799999998932,1650.309099550595
12590,42.55696500663772,421.7999999998932,1650.3379448014837
12591,42.55696500663772,421.8199999998932,1650.3667897914138
12592,42.55696500663772,421.83999999989317,1650.3956345203117
12593,42.55696500663772,421.85999999989315,1650.4244789881038
12594,42.55696500663772,421.87999999989313,1650.4533231947169
12595,42.55696500663772,421.8999999998931,1650.4821671400773
12596,42.55696500663772,421.9199999998931,1650.5110108241117
12597,42.55696500663772,421.9399999998931,1650.5398542467467
12598,42.55696500663772,421.95999999989306,1650.5686974079085
12599,42.55696500663772,421.97999999989304,1650.597540307524
12600,42.55696500663772,421.999999999893,1650.6263829455195
12601,42.55696500663772,422.019999999893,1650.6552253218217
12602,42.55696500663772,422.039999999893,1650.684067436357
12603,42.55696500663772,422.05999999989297,1650.712909289052
12604,42.55696500663772,422.07999999989295,1650.741750879833
12605,42.55696500663772,422.09999999989293,1650.7705922086268
12606,42.55696500663772,422.1199999998929,1650.7994332753597
12607,42.55696500663772,422.1399999998929,1650.8282740799584
12608,42.55696500663772,422.1599999998929,1650.8571146223494
12609,42.55696500663772,422.17999999989286,1650.8859549024592
12610,42.55696500663772,422.19999999989284,1650.9147949202143
12611,42.55696500663772,422.2199999998928,1650.943634675541
12612,42.55696500663772,422.2399999998928,1650.972474168366
12613,42.55696500663772,422.2599999998928,1651.0013133993257
12614,42.55696500663772,422.27999999989277,1651.0301523716448
12615,42.55696500663772,422.29999999989275,1651.0589910855379
12616,42.55696500663772,422.31999999989273,1651.0878295409316
12617,42.55696500663772,422.3399999998927,1651.1166677377528
12618,42.55696500663772,422.3599999998927,1651.1455056759282
12619,42.55696500663772,422.3799999998927,1651.1743433553847
12620,42.55696500663772,422.39999999989266,1651.2031807760493
12621,42.55696500663772,422.41999999989264,1651.2320179378487
12622,42.55696500663772,422.4399999998926,1651.2608548407097
12623,42.55696500663772,422.4599999998926,1651.2896914845592
12624,42.55696500663772,422.4799999998926,1651.3185278693238
12625,42.55696500663772,422.49999999989257,1651.3473639949307
12626,42.55696500663772,422.51999999989255,1651.3761998613063
12627,42.55696500663772,422.53999999989253,1651.4050354683777
12628,42.55696500663772,422.5599999998925,1651.4338708160717
12629,42.55696500663772,422.5799999998925,1651.462705904315
12630,42.55696500663772,422.5999999998925,1651.4915407330345
12631,42.55696500663772,422.61999999989246,1651.520375302157
12632,42.55696500663772,422.63999999989244,1651.549209611609
12633,42.55696500663772,422.6599999998924,1651.5780436613177
12634,42.55696500663772,422.6799999998924,1651.6068774512096
12635,42.55696500663772,422.6999999998924,1651.6357109812118
12636,42.55696500663772,422.71999999989237,1651.6645442512508
12637,42.55696500663772,422.73999999989235,1651.6933772612538
12638,42.55696500663772,422.75999999989233,1651.7222100111471
12639,42.485989007561216,422.7799999998923,1651.751042500858
12640,42.485989007561216,422.7999999998923,1651.7798747303127
12641,42.485989007561216,422.8199999998923,1651.8087066994385
12642,42.485989007561216,422.83999999989226,1651.8375384081621
12643,42.485989007561216,422.85999999989224,1651.8663698564103
12644,42.485989007561216,422.8799999998922,1651.8952010441096
12645,42.485989007561216,422.8999999998922,1651.924031971187
12646,42.485989007561216,422.9199999998922,1651.9528626375695
12647,42.485989007561216,422.93999999989217,1651.9816930431834
12648,42.485989007561216,422.95999999989215,1652.0105231879559
12649,42.485989007561216,422.97999999989213,1652.0393530718136
12650,42.485989007561216,422.9999999998921,1652.0681826946832
12651,42.485989007561216,423.0199999998921,1652.0970120564916
12652,42.485989007561216,423.0399999998921,1652.1258411571657
12653,42.485989007561216,423.05999999989206,1652.154669996632
12654,42.485989007561216,423.07999999989204,1652.1834985748176
12655,42.485989007561216,423.099999999892,1652.212326891649
12656,42.485989007561216,423.119999999892,1652.2411549470528
12657,42.485989007561216,423.139999999892,1652.2699827409563
12658,42.485989007561216,423.15999999989197,1652.2988102732859
12659,42.485989007561216,423.17999999989195,1652.3276375439684
12660,42.485989007561216,423.19999999989193,1652.3564645529307
12661,42.485989007561216,423.2199999998919,1652.3852913000994
12662,42.485989007561216,423.2399999998919,1652.4141177854015
12663,42.485989007561216,423.2599999998919,1652.4429440087633
12664,42.485989007561216,423.27999999989186,1652.4717699709972
12665,42.485989007561216,423.29999999989184,1652.5005956748753
12666,42.485989007561216,423.3199999998918,1652.5294211205423
12667,42.485989007561216,423.3399999998918,1652.5582463079254
12668,42.485989007561216,423.3599999998918,1652.5870712369515
12669,42.485989007561216,423.37999999989177,1652.6158959075478
12670,42.485989007561216,423.39999999989175,1652.6447203196415
12671,42.485989007561216,423.41999999989173,1652.6735444731596
12672,42.485989007561216,423.4399999998917,1652.7023683680293
12673,42.485989007561216,423.4599999998917,1652.7311920041775
12674,42.485989007561216,423.4799999998917,1652.7600153815315
12675,42.485989007561216,423.49999999989166,1652.7888385000183
12676,42.485989007561216,423.51999999989164,1652.817661359565
12677,42.485989007561216,423.5399999998916,1652.8464839600986
12678,42.485989007561216,423.5599999998916,1652.875306301546
12679,42.485989007561216,423.5799999998916,1652.9041283838349
12680,42.485989007561216,423.59999999989157,1652.9329502068917
12681,42.485989007561216,423.61999999989155,1652.961771770644
12682,42.485989007561216,423.63999999989153,1652.9905930750185
12683,42.485989007561216,423.6599999998915,1653.0194141199424
12684,42.485989007561216,423.6799999998915,1653.048234905343
12685,42.485989007561216,423.6999999998915,1653.077055431147
12686,42.485989007561216,423.71999999989146,1653.1058756972818
12687,42.485989007561216,423.73999999989144,1653.1346957036742
12688,42.485989007561216,423.7599999998914,1653.1635154502515
12689,42.485989007561216,423.7799999998914,1653.1923349369406
12690,42.485989007561216,423.7999999998914,1653.2211541636686
12691,42.485989007561216,423.81999999989137,1653.2499731303626
12692,42.485989007561216,423.83999999989135,1653.2787918369497
12693,42.485989007561216,423.85999999989133,1653.3076102833568
12694,42.485989007561216,423.8799999998913,1653.336428469511
12695,42.485989007561216,423.8999999998913,1653.3652463953395
12696,42.485989007561216,423.9199999998913,1653.3940640607693
12697,42.485989007561216,423.93999999989126,1653.4228814657274
12698,42.485989007561216,423.95999999989124,1653.451698610141
12699,42.485989007561216,423.9799999998912,1653.480515493937
12700,42.485989007561216,423.9999999998912,1653.5093321170425
12701,42.485989007561216,424.0199999998912,1653.5381484793845
12702,42.485989007561216,424.03999999989117,1653.56696458089
12703,42.485989007561216,424.05999999989115,1653.5957804214863
12704,42.485989007561216,424.07999999989113,1653.6245960011001
12705,42.485989007561216,424.0999999998911,1653.6534113196587
12706,42.485989007561216,424.1199999998911,1653.6822263770891
12707,42.485989007561216,424.1399999998911,1653.7110411733183
12708,42.485989007561216,424.15999999989106,1653.7398557082734
12709,42.485989007561216,424.17999999989104,1653.7686699818812
12710,42.485989007561216,424.199999999891,1653.7974839940691
12711,42.485989007561216,424.219999999891,1653.826297744764
12712,42.485989007561216,424.239999999891,1653.8551112338926
12713,42.485989007561216,424.25999999989097,1653.8839244613823
12714,42.485989007561216,424.27999999989095,1653.9127374271602
12715,42.485989007561216,424.29999999989093,1653.9415501323126
12716,42.485989007561216,424.3199999998909,1653.9703625795241
12717,42.485989007561216,424.3399999998909,1653.9991747688996
12718,42.485989007561216,424.3599999998909,1654.0279867003662
12719,42.485989007561216,424.37999999989086,1654.0567983738515
12720,42.485989007561216,424.39999999989084,1654.0856097892827
12721,42.485989007561216,424.4199999998908,1654.114420946587
12722,42.485989007561216,424.4399999998908,1654.1432318456916
12723,42.485989007561216,424.4599999998908,1654.172042486524
12724,42.485989007561216,424.47999999989077,1654.2008528690117
12725,42.485989007561216,424.49999999989075,1654.2296629930815
12726,42.485989007561216,424.51999999989073,1654.258472858661
12727,42.485989007561216,424.5399999998907,1654.2872824656774
12728,42.485989007561216,424.5599999998907,1654.3160918140582
12729,42.485989007561216,424.5799999998907,1654.3449009037304
12730,42.485989007561216,424.59999999989066,1654.3737097346213
12731,42.485989007561216,424.61999999989064,1654.4025183066583
12732,42.485989007561216,424.6399999998906,1654.4313266197687
12733,42.485989007561216,424.6599999998906,1654.4601346738798
12734,42.485989007561216,424.6799999998906,1654.4889424689188
12735,42.485989007561216,424.69999999989057,1654.517750004813
12736,42.485989007561216,424.71999999989055,1654.5465572814896
12737,42.485989007561216,424.73999999989053,1654.5753642988761
12738,42.485989007561216,424.7599999998905,1654.6041710568995
12739,42.485989007561216,424.7799999998905,1654.6329775554873
12740,42.485989007561216,424.7999999998905,1654.6617837945666
12741,42.485989007561216,424.81999999989046,1654.6905897740648
12742,42.485989007561216,424.83999999989044,1654.7193954939091
12743,42.485989007561216,424.8599999998904,1654.748200954027
12744,42.485989007561216,424.8799999998904,1654.7770061543454
12745,42.485989007561216,424.8999999998904,1654.8058110947918
12746,42.485989007561216,424.91999999989036,1654.8346157752933
12747,42.485989007561216,424.93999999989035,1654.8634201957773
12748,42.485989007561216,424.95999999989033,1654.892224356171
12749,42.485989007561216,424.9799999998903,1654.9210282564018
12750,42.485989007561216,424.9999999998903,1654.9498318963967
12751,42.485989007561216,425.0199999998903,1654.9786352760832
12752,42.485989007561216,425.03999999989026,1655.0074383953884
12753,42.485989007561216,425.05999999989024,1655.0362412542395
12754,42.485989007561216,425.0799999998902,1655.0650438525638
12755,42.485989007561216,425.0999999998902,1655.0938461902886
12756,42.485989007561216,425.1199999998902,1655.1226482673412
12757,42.485989007561216,425.13999999989016,1655.1514500836488
12758,42.485989007561216,425.15999999989015,1655.1802516391385
12759,42.485989007561216,425.17999999989013,1655.209052933738
12760,42.485989007561216,425.1999999998901,1655.237853967374
12761,42.485989007561216,425.2199999998901,1655.2666547399738
12762,42.485989007561216,425.2399999998901,1655.295455251465
12763,42.485989007561216,425.25999999989006,1655.3242555017746
12764,42.485989007561216,425.27999999989004,1655.3530554908298
12765,42.485989007561216,425.29999999989,1655.381855218558
12766,42.485989007561216,425.31999999989,1655.410654686335
12767,42.485989007561216,425.33999999989,1655.43945389674
12768,42.485989007561216,425.35999999988996,1655.468252849834
12769,42.485989007561216,425.37999999988995,1655.497051545545
12770,42.485989007561216,425.3999999998899,1655.5258499838003
12771,42.485989007561216,425.4199999998899,1655.5546481645274
12772,42.485989007561216,425.4399999998899,1655.583446087654
12773,42.485989007561216,425.4599999998899,1655.6122437531076
12774,42.485989007561216,425.47999999988986,1655.6410411608156
12775,42.485989007561216,425.49999999988984,1655.6698383107057
12776,42.485989007561216,425.5199999998898,1655.6986352027054
12777,42.485989007561216,425.5399999998898,1655.7274318367424
12778,42.485989007561216,425.5599999998898,1655.7562282127442
12779,42.485989007561216,425.57999999988976,1655.7850243306382
12780,42.485989007561216,425.59999999988975,1655.813820190352
12781,42.485989007561216,425.6199999998897,1655.8426157918132
12782,42.485989007561216,425.6399999998897,1655.8714111349493
12783,42.41521007757064,425.6599999998897,1655.9002062196878
12784,42.41521007757064,425.6799999998897,1655.9290010459563
12785,42.41521007757064,425.69999999988966,1655.9577956136823
12786,42.41521007757064,425.71999999988964,1655.9865899227932
12787,42.41521007757064,425.7399999998896,1656.0153839732168
12788,42.41521007757064,425.7599999998896,1656.0441777648805
12789,42.41521007757064,425.7799999998896,1656.0729712977118
12790,42.41521007757064,425.79999999988956,1656.1017645716383
12791,42.41521007757064,425.81999999988955,1656.1305575865877
12792,42.41521007757064,425.8399999998895,1656.1593503424872
12793,42.41521007757064,425.8599999998895,1656.1881428392644
12794,42.41521007757064,425.8799999998895,1656.2169350768468
12795,42.41521007757064,425.8999999998895,1656.245727055162
12796,42.41521007757064,425.91999999988946,1656.2745187741375
12797,42.41521007757064,425.93999999988944,1656.3033102337008
12798,42.41521007757064,425.9599999998894,1656.3321014337796
12799,42.41521007757064,425.9799999998894,1656.360892374301
12800,42.41521007757064,425.9999999998894,1656.389683055193
12801,42.41521007757064,426.01999999988936,1656.4184734763828
12802,42.41521007757064,426.03999999988935,1656.4472636377982
12803,42.41521007757064,426.0599999998893,1656.4760535393664
12804,42.41521007757064,426.0799999998893,1656.504843181015
12805,42.41521007757064,426.0999999998893,1656.5336325626715
12806,42.41521007757064,426.1199999998893,1656.5624216842634
12807,42.41521007757064,426.13999999988926,1656.5912105457182
12808,42.41521007757064,426.15999999988924,1656.6199991469637
12809,42.41521007757064,426.1799999998892,1656.648787487927
12810,42.41521007757064,426.1999999998892,1656.6775755685358
12811,42.41521007757064,426.2199999998892,1656.7063633887174
12812,42.41521007757064,426.23999999988916,1656.7351509483995
12813,42.41521007757064,426.25999999988915,1656.7639382475095
12814,42.41521007757064,426.2799999998891,1656.792725285975
12815,42.41521007757064,426.2999999998891,1656.8215120637233
12816,42.41521007757064,426.3199999998891,1656.850298580682
12817,42.41521007757064,426.3399999998891,1656.8790848383403
12818,42.41521007757064,426.35999999988906,1656.9078708388802
12819,42.41521007757064,426.37999999988904,1656.9366565823063
12820,42.41521007757064,426.399999999889,1656.9654420685465
12821,42.41521007757064,426.419999999889,1656.9942272975286
12822,42.41521007757064,426.439999999889,1657.02301226918
12823,42.41521007757064,426.45999999988896,1657.0517969834289
12824,42.41521007757064,426.47999999988895,1657.0805814402026
12825,42.41521007757064,426.4999999998889,1657.1093656394294
12826,42.41521007757064,426.5199999998889,1657.1381495810365
12827,42.41521007757064,426.5399999998889,1657.166933264952
12828,42.41521007757064,426.5599999998889,1657.1957166911034
12829,42.41521007757064,426.57999999988886,1657.2244998594185
12830,42.41521007757064,426.59999999988884,1657.253282769825
12831,42.41521007757064,426.6199999998888,1657.2820654222508
12832,42.41521007757064,426.6399999998888,1657.3108478166234
12833,42.41521007757064,426.6599999998888,1657.3396299528706
12834,42.41521007757064,426.67999999988876,1657.3684118309202
12835,42.41521007757064,426.69999999988875,1657.3971934507
12836,42.41521007757064,426.7199999998887,1657.4259748121374
12837,42.41521007757064,426.7399999998887,1657.4547559151604
12838,42.41521007757064,426.7599999998887,1657.4835367596966
12839,42.41521007757064,426.7799999998887,1657.5123173456736
12840,42.41521007757064,426.79999999988866,1657.5410976730195
12841,42.41521007757064,426.81999999988864,1657.5698777416617
12842,42.41521007757064,426.8399999998886,1657.598657551528
12843,42.41521007757064,426.8599999998886,1657.627437102546
12844,42.41521007757064,426.8799999998886,1657.6562163946437
12845,42.41521007757064,426.89999999988856,1657.6849954277486
12846,42.41521007757064,426.91999999988855,1657.7137742017885
12847,42.41521007757064,426.9399999998885,1657.742552716691
12848,42.41521007757064,426.9599999998885,1657.771330972384
12849,42.41521007757064,426.9799999998885,1657.800108968795
12850,42.41521007757064,426.9999999998885,1657.8288867058518
12851,42.41521007757064,427.01999999988846,1657.857664183482
12852,42.41521007757064,427.03999999988844,1657.8864414016134
12853,42.41521007757064,427.0599999998884,1657.9152183601736
12854,42.41521007757064,427.0799999998884,1657.9439950590904
12855,42.41521007757064,427.0999999998884,1657.9727714982914
12856,42.41521007757064,427.11999999988836,1658.0015476777044
12857,42.41521007757064,427.13999999988835,1658.030323597257
12858,42.41521007757064,427.1599999998883,1658.0590992568768
12859,42.41521007757064,427.1799999998883,1658.0878746564917
12860,42.41521007757064,427.1999999998883,1658.1166497960294
12861,42.41521007757064,427.2199999998883,1658.1454246754174
12862,42.41521007757064,427.23999999988825,1658.1741992945836
12863,42.41521007757064,427.25999999988824,1658.2029736534555
12864,42.41521007757064,427.2799999998882,1658.2317477519607
12865,42.41521007757064,427.2999999998882,1658.260521590027
12866,42.41521007757064,427.3199999998882,1658.2892951675824
12867,42.41521007757064,427.33999999988816,1658.318068484554
12868,42.41521007757064,427.35999999988815,1658.3468415427305
12869,42.41521007757064,427.3799999998881,1658.375614344191
12870,42.41521007757064,427.3999999998881,1658.4043868888955
12871,42.41521007757064,427.4199999998881,1658.433159176772
12872,42.41521007757064,427.4399999998881,1658.4619312077484
12873,42.41521007757064,427.45999999988805,1658.4907029817525
12874,42.41521007757064,427.47999999988804,1658.5194744987125
12875,42.41521007757064,427.499999999888,1658.548245758556
12876,42.41521007757064,427.519999999888,1658.577016761211
12877,42.41521007757064,427.539999999888,1658.6057875066056
12878,42.41521007757064,427.55999999988796,1658.6345579946676
12879,42.41521007757064,427.57999999988795,1658.663328225325
12880,42.41521007757064,427.5999999998879,1658.6920981985052
12881,42.41521007757064,427.6199999998879,1658.7208679141365
12882,42.41521007757064,427.6399999998879,1658.749637372147
12883,42.41521007757064,427.6599999998879,1658.7784065724643
12884,42.41521007757064,427.67999999988785,1658.8071755150163
12885,42.41521007757064,427.69999999988784,1658.835944199731
12886,42.41521007757064,427.7199999998878,1658.8647126265364
12887,42.41521007757064,427.7399999998878,1658.8934807953601
12888,42.41521007757064,427.7599999998878,1658.9222487061302
12889,42.41521007757064,427.77999999988776,1658.9510163587745
12890,42.41521007757064,427.79999999988775,1658.979783753221
12891,42.41521007757064,427.8199999998877,1659.0085508893974
12892,42.41521007757064,427.8399999998877,1659.0373177672318
12893,42.41521007757064,427.8599999998877,1659.066084386652
12894,42.41521007757064,427.8799999998877,1659.0948507475857
12895,42.41521007757064,427.89999999988765,1659.123616849961
12896,42.41521007757064,427.91999999988764,1659.152382693706
12897,42.41521007757064,427.9399999998876,1659.181148278748
12898,42.41521007757064,427.9599999998876,1659.2099136050153
12899,42.41521007757064,427.9799999998876,1659.2386786724358
12900,42.41521007757064,427.99999999988756,1659.2674434809371
12901,42.41521007757064,428.01999999988755,1659.2962080304471
12902,42.41521007757064,428.0399999998875,1659.324972320894
12903,42.41521007757064,428.0599999998875,1659.3537363522053
12904,42.41521007757064,428.0799999998875,1659.382500124309
12905,42.41521007757064,428.0999999998875,1659.411263637133
12906,42.41521007757064,428.11999999988745,1659.4400268906054
12907,42.41521007757064,428.13999999988744,1659.4687898846537
12908,42.41521007757064,428.1599999998874,1659.4975526192059
12909,42.41521007757064,428.1799999998874,1659.5263150941898
12910,42.41521007757064,428.1999999998874,1659.5550773095333
12911,42.41521007757064,428.21999999988736,1659.5838392651642
12912,42.41521007757064,428.23999999988735,1659.6126009610105
12913,42.41521007757064,428.2599999998873,1659.641362397
12914,42.41521007757064,428.2799999998873,1659.6701235730604
12915,42.41521007757064,428.2999999998873,1659.6988844891198
12916,42.41521007757064,428.3199999998873,1659.727645145106
12917,42.41521007757064,428.33999999988725,1659.7564055409466
12918,42.41521007757064,428.35999999988724,1659.7851656765856
12919,42.41521007757064,428.3799999998872,1659.8139255541007
12920,42.41521007757064,428.3999999998872,1659.8426851754268
12921,42.41521007757064,428.4199999998872,1659.871444540492
12922,42.41521007757064,428.43999999988716,1659.900203649224
12923,42.41521007757064,428.45999999988715,1659.9289625015515
12924,42.41521007757064,428.4799999998871,1659.9577210974023
12925,42.41521007757064,428.4999999998871,1659.9864794367047
12926,42.41521007757064,428.5199999998871,1660.015237519197
12927,42.41521007757064,428.5399999998871,1660.0439953433813
12928,42.41521007757064,428.55999999988705,1660.0727529090482
12929,42.41521007757064,428.57999999988704,1660.1015102161255
12930,42.41521007757064,428.599999999887,1660.130267264541
12931,42.41521007757064,428.619999999887,1660.159024054223
12932,42.34462745147219,428.639999999887,1660.1877805850988
12933,42.34462745147219,428.65999999988696,1660.2165368570966
12934,42.34462745147219,428.67999999988695,1660.245292870144
12935,42.34462745147219,428.6999999998869,1660.2740486241694
12936,42.34462745147219,428.7199999998869,1660.3028041191
12937,42.34462745147219,428.7399999998869,1660.331559354864
12938,42.34462745147219,428.7599999998869,1660.3603143313894
12939,42.34462745147219,428.77999999988685,1660.3890690486037
12940,42.34462745147219,428.79999999988684,1660.4178235064348
12941,42.34462745147219,428.8199999998868,1660.4465777048108
12942,42.34462745147219,428.8399999998868,1660.4753316436593
12943,42.34462745147219,428.8599999998868,1660.5040853229084
12944,42.34462745147219,428.87999999988676,1660.5328387424856
12945,42.34462745147219,428.89999999988675,1660.5615919023192
12946,42.34462745147219,428.9199999998867,1660.5903448023366
12947,42.34462745147219,428.9399999998867,1660.619097442466
12948,42.34462745147219,428.9599999998867,1660.647849822635
12949,42.34462745147219,428.9799999998867,1660.6766019427714
12950,42.34462745147219,428.99999999988665,1660.7053538028033
12951,42.34462745147219,429.01999999988664,1660.7341054026583
12952,42.34462745147219,429.0399999998866,1660.7628567422644
12953,42.34462745147219,429.0599999998866,1660.7916078215494
12954,42.34462745147219,429.0799999998866,1660.820358640441
12955,42.34462745147219,429.09999999988656,1660.8491091988674
12956,42.34462745147219,429.11999999988655,1660.877859496756
12957,42.34462745147219,429.1399999998865,1660.9066095340347
12958,42.34462745147219,429.1599999998865,1660.9353593106316
12959,42.34462745147219,429.1799999998865,1660.9641088264743
12960,42.34462745147219,429.1999999998865,1660.9928580814908
12961,42.34462745147219,429.21999999988645,1661.0216070756087
12962,42.34462745147219,429.23999999988644,1661.050355808756
12963,42.34462745147219,429.2599999998864,1661.0791042808603
12964,42.34462745147219,429.2799999998864,1661.1078524918496
12965,42.34462745147219,429.2999999998864,1661.1366004416516
12966,42.34462745147219,429.31999999988636,1661.1653481301942
12967,42.34462745147219,429.33999999988634,1661.1940955574053
12968,42.34462745147219,429.3599999998863,1661.2228427232126
12969,42.34462745147219,429.3799999998863,1661.2515896276038
12970,42.34462745147219,429.3999999998863,1661.2803362726663
12971,42.34462745147219,429.4199999998863,1661.3090826599482
12972,42.34462745147219,429.43999999988625,1661.3378287893777
12973,42.34462745147219,429.45999999988624,1661.3665746608826
12974,42.34462745147219,429.4799999998862,1661.3953202743912
12975,42.34462745147219,429.4999999998862,1661.4240656298314
12976,42.34462745147219,429.5199999998862,1661.4528107271312
12977,42.34462745147219,429.53999999988616,1661.481555566219
12978,42.34462745147219,429.55999999988614,1661.5103001470225
12979,42.34462745147219,429.5799999998861,1661.53904446947
12980,42.34462745147219,429.5999999998861,1661.5677885334892
12981,42.34462745147219,429.6199999998861,1661.5965323390083
12982,42.34462745147219,429.6399999998861,1661.6252758859555
12983,42.34462745147219,429.65999999988605,1661.6540191742586
12984,42.34462745147219,429.67999999988604,1661.6827622038459
12985,42.34462745147219,429.699999999886,1661.7115049746453
12986,42.34462745147219,429.719999999886,1661.7402474865848
12987,42.34462745147219,429.739999999886,1661.7689897395926
12988,42.34462745147219,429.75999999988596,1661.7977317335965
12989,42.34462745147219,429.77999999988594,1661.8264734685247
12990,42.34462745147219,429.7999999998859,1661.855214944305
12991,42.34462745147219,429.8199999998859,1661.8839561608659
12992,42.34462745147219,429.8399999998859,1661.912697118135
12993,42.34462745147219,429.8599999998859,1661.9414378160404
12994,42.34462745147219,429.87999999988585,1661.9701782545103
12995,42.34462745147219,429.89999999988584,1661.9989184334727
12996,42.34462745147219,429.9199999998858,1662.0276583528555
12997,42.34462745147219,429.9399999998858,1662.0563980125867
12998,42.34462745147219,429.9599999998858,1662.0851374125943
12999,42.34462745147219,429.97999999988576,1662.1138765528065
13000,42.34462745147219,429.99999999988574,1662.1426154331511
13001,42.34462745147219,430.0199999998857,1662.1713540535563
13002,42.34462745147219,430.0399999998857,1662.2000924139502
13003,42.34462745147219,430.0599999998857,1662.2288305142606
13004,42.34462745147219,430.0799999998857,1662.2575683544155
13005,42.34462745147219,430.09999999988565,1662.286305934343
13006,42.34462745147219,430.11999999988564,1662.3150432539712
13007,42.34462745147219,430.1399999998856,1662.3437803132279
13008,42.34462745147219,430.1599999998856,1662.3725171120411
13009,42.34462745147219,430.1799999998856,1662.401253650339
13010,42.34462745147219,430.19999999988556,1662.4299899280495
13011,42.34462745147219,430.21999999988554,1662.4587259451007
13012,42.34462745147219,430.2399999998855,1662.4874617014204
13013,42.34462745147219,430.2599999998855,1662.516197196937
13014,42.34462745147219,430.2799999998855,1662.544932431578
13015,42.34462745147219,430.2999999998855,1662.5736674052716
13016,42.34462745147219,430.31999999988545,1662.602402117946
13017,42.34462745147219,430.33999999988544,1662.631136569529
13018,42.34462745147219,430.3599999998854,1662.6598707599485
13019,42.34462745147219,430.3799999998854,1662.6886046891325
13020,42.34462745147219,430.3999999998854,1662.7173383571185
13021,42.34462745147219,430.41999999988536,1662.7460717662696
13022,42.34462745147219,430.43999999988534,1662.7748049179636
13023,42.34462745147219,430.4599999998853,1662.8035378121288
13024,42.34462745147219,430.4799999998853,1662.8322704486934
13025,42.34462745147219,430.4999999998853,1662.8610028275857
13026,42.34462745147219,430.5199999998853,1662.889734948734
13027,42.34462745147219,430.53999999988525,1662.9184668120663
13028,42.34462745147219,430.55999999988524,1662.947198417511
13029,42.34462745147219,430.5799999998852,1662.9759297649962
13030,42.34462745147219,430.5999999998852,1663.00466085445
13031,42.34462745147219,430.6199999998852,1663.033391685801
13032,42.34462745147219,430.63999999988516,1663.0621222589773
13033,42.34462745147219,430.65999999988514,1663.090852573907
13034,42.34462745147219,430.6799999998851,1663.1195826305182
13035,42.34462745147219,430.6999999998851,1663.1483124287392
13036,42.34462745147219,430.7199999998851,1663.1770419684983
13037,42.34462745147219,430.7399999998851,1663.2057712497237
13038,42.34462745147219,430.75999999988505,1663.2345002723437
13039,42.34462745147219,430.77999999988504,1663.2632290362862
13040,42.34462745147219,430.799999999885,1663.2919575414796
13041,42.34462745147219,430.819999999885,1663.320685787852
13042,42.34462745147219,430.839999999885,1663.3494137753316
13043,42.34462745147219,430.85999999988496,1663.3781415038468
13044,42.34462745147219,430.87999999988494,1663.4068689733256
13045,42.34462745147219,430.8999999998849,1663.4355961836964
13046,42.34462745147219,430.9199999998849,1663.464323134887
13047,42.34462745147219,430.9399999998849,1663.493049826826
13048,42.34462745147219,430.9599999998849,1663.5217762594416
13049,42.34462745147219,430.97999999988485,1663.5505024326617
13050,42.34462745147219,430.99999999988484,1663.5792283464145
13051,42.34462745147219,431.0199999998848,1663.6079540006285
13052,42.34462745147219,431.0399999998848,1663.6366793952316
13053,42.34462745147219,431.0599999998848,1663.665404530152
13054,42.34462745147219,431.07999999988476,1663.694129405318
13055,42.34462745147219,431.09999999988474,1663.722854020658
13056,42.34462745147219,431.1199999998847,1663.7515783760996
13057,42.34462745147219,431.1399999998847,1663.7803024715713
13058,42.34462745147219,431.1599999998847,1663.8090263070014
13059,42.34462745147219,431.17999999988467,1663.837749882318
13060,42.34462745147219,431.19999999988465,1663.866473197449
13061,42.34462745147219,431.21999999988464,1663.895196252323
13062,42.34462745147219,431.2399999998846,1663.9239190468681
13063,42.34462745147219,431.2599999998846,1663.9526415810124
13064,42.34462745147219,431.2799999998846,1663.9813638546839
13065,42.34462745147219,431.29999999988456,1664.0100858678109
13066,42.34462745147219,431.31999999988454,1664.0388076203214
13067,42.34462745147219,431.3399999998845,1664.0675291121438
13068,42.34462745147219,431.3599999998845,1664.096250343206
13069,42.34462745147219,431.3799999998845,1664.1249713134366
13070,42.34462745147219,431.39999999988447,1664.1536920227634
13071,42.34462745147219,431.41999999988445,1664.182412471276
13072,42.34462745147219,431.43999999988444,1664.2111326616052
13073,42.34462745147219,431.4599999998844,1664.239852594931
13074,42.34462745147219,431.4799999998844,1664.268572271182
13075,42.34462745147219,431.4999999998844,1664.297291690286
13076,42.274240367887906,431.51999999988436,1664.326010852172
13077,42.274240367887906,431.53999999988434,1664.3547297567682
13078,42.274240367887906,431.5599999998843,1664.383448404003
13079,42.274240367887906,431.5799999998843,1664.412166793805
13080,42.274240367887906,431.5999999998843,1664.4408849261026
13081,42.274240367887906,431.61999999988427,1664.4696028008243
13082,42.274240367887906,431.63999999988425,1664.4983204178984
13083,42.274240367887906,431.65999999988423,1664.5270377772533
13084,42.274240367887906,431.6799999998842,1664.5557548788177
13085,42.274240367887906,431.6999999998842,1664.5844717225198
13086,42.274240367887906,431.7199999998842,1664.613188308288
13087,42.274240367887906,431.73999999988416,1664.641904636051
13088,42.274240367887906,431.75999999988414,1664.6706207057373
13089,42.274240367887906,431.7799999998841,1664.699336517275
13090,42.274240367887906,431.7999999998841,1664.7280520705926
13091,42.274240367887906,431.8199999998841,1664.7567673656188
13092,42.274240367887906,431.83999999988407,1664.7854824022816
13093,42.274240367887906,431.85999999988405,1664.8141971805096
13094,42.274240367887906,431.87999999988403,1664.8429117002315
13095,42.274240367887906,431.899999999884,1664.8716259613755
13096,42.274240367887906,431.919999999884,1664.90033996387
13097,42.274240367887906,431.939999999884,1664.9290537076433
13098,42.274240367887906,431.95999999988396,1664.957767192624
13099,42.274240367887906,431.97999999988394,1664.9864804187405
13100,42.274240367887906,431.9999999998839,1665.0151933859213
13101,42.274240367887906,432.0199999998839,1665.0439060940946
13102,42.274240367887906,432.0399999998839,1665.072618543189
13103,42.274240367887906,432.05999999988387,1665.101330733133
13104,42.274240367887906,432.07999999988385,1665.1300426638547
13105,42.274240367887906,432.09999999988383,1665.1587543352828
13106,42.274240367887906,432.1199999998838,1665.1874657473454
13107,42.274240367887906,432.1399999998838,1665.2161768999713
13108,42.274240367887906,432.1599999998838,1665.2448877930885
13109,42.274240367887906,432.17999999988376,1665.2735984266258
13110,42.274240367887906,432.19999999988374,1665.3023088005111
13111,42.274240367887906,432.2199999998837,1665.3310189146732
13112,42.274240367887906,432.2399999998837,1665.3597287690404
13113,42.274240367887906,432.2599999998837,1665.3884383635411
13114,42.274240367887906,432.27999999988367,1665.4171476981037
13115,42.274240367887906,432.29999999988365,1665.4458567726567
13116,42.274240367887906,432.31999999988363,1665.4745655871284
13117,42.274240367887906,432.3399999998836,1665.503274141447
13118,42.274240367887906,432.3599999998836,1665.5319824355413
13119,42.274240367887906,432.3799999998836,1665.5606904693393
13120,42.274240367887906,432.39999999988356,1665.5893982427697
13121,42.274240367887906,432.41999999988354,1665.6181057557608
13122,42.274240367887906,432.4399999998835,1665.6468130084338
13123,42.274240367887906,432.4599999998835,1665.6755200033833
13124,42.274240367887906,432.4799999998835,1665.7042267414658
13125,42.274240367887906,432.49999999988347,1665.73293322261
13126,42.274240367887906,432.51999999988345,1665.7616394467443
13127,42.274240367887906,432.53999999988343,1665.7903454137975
13128,42.274240367887906,432.5599999998834,1665.819051123698
13129,42.274240367887906,432.5799999998834,1665.8477565763746
13130,42.274240367887906,432.5999999998834,1665.8764617717559
13131,42.274240367887906,432.61999999988336,1665.9051667097704
13132,42.274240367887906,432.63999999988334,1665.9338713903467
13133,42.274240367887906,432.6599999998833,1665.9625758134134
13134,42.274240367887906,432.6799999998833,1665.9912799788992
13135,42.274240367887906,432.6999999998833,1666.0199838867327
13136,42.274240367887906,432.71999999988327,1666.0486875368424
13137,42.274240367887906,432.73999999988325,1666.077390929157
13138,42.274240367887906,432.75999999988323,1666.1060940636048
13139,42.274240367887906,432.7799999998832,1666.1347969401147
13140,42.274240367887906,432.7999999998832,1666.1634995586153
13141,42.274240367887906,432.8199999998832,1666.1922019190351
13142,42.274240367887906,432.83999999988316,1666.2209040213027
13143,42.274240367887906,432.85999999988314,1666.2496058653467
13144,42.274240367887906,432.8799999998831,1666.2783074510955
13145,42.274240367887906,432.8999999998831,1666.3070087784781
13146,42.274240367887906,432.9199999998831,1666.3357098474228
13147,42.274240367887906,432.93999999988307,1666.3644106578581
13148,42.274240367887906,432.95999999988305,1666.3931112097127
13149,42.274240367887906,432.97999999988303,1666.4218115029153
13150,42.274240367887906,432.999999999883,1666.4505115373943
13151,42.274240367887906,433.019999999883,1666.4792113130784
13152,42.274240367887906,433.039999999883,1666.5079108298962
13153,42.274240367887906,433.05999999988296,1666.5366100877761
13154,42.274240367887906,433.07999999988294,1666.565309086647
13155,42.274240367887906,433.0999999998829,1666.594007826437
13156,42.274240367887906,433.1199999998829,1666.622706307075
13157,42.274240367887906,433.1399999998829,1666.6514045284896
13158,42.274240367887906,433.15999999988287,1666.6801024906092
13159,42.274240367887906,433.17999999988285,1666.7088001933623
13160,42.274240367887906,433.19999999988283,1666.7374976366775
13161,42.274240367887906,433.2199999998828,1666.7661948204836
13162,42.274240367887906,433.2399999998828,1666.794891744709
13163,42.274240367887906,433.2599999998828,1666.8235884092824
13164,42.274240367887906,433.27999999988276,1666.852284814132
13165,42.274240367887906,433.29999999988274,1666.8809809591867
13166,42.274240367887906,433.3199999998827,1666.9096768443749
13167,42.274240367887906,433.3399999998827,1666.9383724696252
13168,42.274240367887906,433.3599999998827,1666.967067834866
13169,42.274240367887906,433.37999999988267,1666.995762940026
13170,42.274240367887906,433.39999999988265,1667.0244577850337
13171,42.274240367887906,433.41999999988263,1667.0531523698178
13172,42.274240367887906,433.4399999998826,1667.0818466943067
13173,42.274240367887906,433.4599999998826,1667.1105407586804
13174,42.274240367887906,433.4799999998826,1667.1392345658744
13175,42.274240367887906,433.49999999988256,1667.1679281165623
13176,42.274240367887906,433.51999999988254,1667.1966214106722
13177,42.274240367887906,433.5399999998825,1667.2253144481326
13178,42.274240367887906,433.5599999998825,1667.2540072288718
13179,42.274240367887906,433.5799999998825,1667.2826997528184
13180,42.274240367887906,433.59999999988247,1667.3113920199007
13181,42.274240367887906,433.61999999988245,1667.340084030047
13182,42.274240367887906,433.63999999988243,1667.3687757831856
13183,42.274240367887906,433.6599999998824,1667.3974672792451
13184,42.274240367887906,433.6799999998824,1667.426158518154
13185,42.274240367887906,433.6999999998824,1667.4548494998403
13186,42.274240367887906,433.71999999988236,1667.4835402242325
13187,42.274240367887906,433.73999999988234,1667.512230691259
13188,42.274240367887906,433.7599999998823,1667.5409209008483
13189,42.274240367887906,433.7799999998823,1667.5696108529285
13190,42.274240367887906,433.7999999998823,1667.5983005474282
13191,42.274240367887906,433.81999999988227,1667.6269899842757
13192,42.274240367887906,433.83999999988225,1667.6556791633993
13193,42.274240367887906,433.85999999988223,1667.6843680847276
13194,42.274240367887906,433.8799999998822,1667.7130567481886
13195,42.274240367887906,433.8999999998822,1667.7417451537108
13196,42.274240367887906,433.9199999998822,1667.7704333012227
13197,42.274240367887906,433.93999999988216,1667.7991211906526
13198,42.274240367887906,433.95999999988214,1667.8278088219288
13199,42.274240367887906,433.9799999998821,1667.8564961949796
13200,42.274240367887906,433.9999999998821,1667.8851833097335
13201,42.274240367887906,434.0199999998821,1667.9138701661188
13202,42.274240367887906,434.03999999988207,1667.942556764064
13203,42.274240367887906,434.05999999988205,1667.971243103497
13204,42.274240367887906,434.07999999988203,1667.9999291843467
13205,42.274240367887906,434.099999999882,1668.028615006541
13206,42.274240367887906,434.119999999882,1668.0573005700085
13207,42.274240367887906,434.139999999882,1668.0859858746776
13208,42.274240367887906,434.15999999988196,1668.1146709204763
13209,42.274240367887906,434.17999999988194,1668.1433557073333
13210,42.274240367887906,434.1999999998819,1668.1720402351768
13211,42.274240367887906,434.2199999998819,1668.2007245039351
13212,42.274240367887906,434.2399999998819,1668.2294085135368
13213,42.274240367887906,434.25999999988187,1668.25809226391
13214,42.274240367887906,434.27999999988185,1668.286775754983
13215,42.274240367887906,434.29999999988183,1668.3154589866842
13216,42.274240367887906,434.3199999998818,1668.344141958942
13217,42.274240367887906,434.3399999998818,1668.3728246716844
13218,42.274240367887906,434.3599999998818,1668.4015071248402
13219,42.274240367887906,434.37999999988176,1668.4301893183376
13220,42.274240367887906,434.39999999988174,1668.4588712521047
13221,42.20404806923239,434.4199999998817,1668.48755292607
13222,42.20404806923239,434.4399999998817,1668.5162343401619
13223,42.20404806923239,434.4599999998817,1668.5449154943085
13224,42.20404806923239,434.47999999988167,1668.5735963887328
13225,42.20404806923239,434.49999999988165,1668.6022770265172
13226,42.20404806923239,434.51999999988163,1668.630957408093
13227,42.20404806923239,434.5399999998816,1668.6596375333897
13228,42.20404806923239,434.5599999998816,1668.6883174023367
13229,42.20404806923239,434.5799999998816,1668.7169970148634
13230,42.20404806923239,434.59999999988156,1668.745676370899
13231,42.20404806923239,434.61999999988154,1668.7743554703732
13232,42.20404806923239,434.6399999998815,1668.803034313215
13233,42.20404806923239,434.6599999998815,1668.831712899354
13234,42.20404806923239,434.6799999998815,1668.8603912287197
13235,42.20404806923239,434.69999999988147,1668.8890693012413
13236,42.20404806923239,434.71999999988145,1668.9177471168482
13237,42.20404806923239,434.73999999988143,1668.9464246754699
13238,42.20404806923239,434.7599999998814,1668.9751019770356
13239,42.20404806923239,434.7799999998814,1669.0037790214749
13240,42.20404806923239,434.7999999998814,1669.032455808717
13241,42.20404806923239,434.81999999988136,1669.0611323386913
13242,42.20404806923239,434.83999999988134,1669.0898086113273
13243,42.20404806923239,434.8599999998813,1669.1184846265542
13244,42.20404806923239,434.8799999998813,1669.1471603843013
13245,42.20404806923239,434.8999999998813,1669.1758358844982
13246,42.20404806923239,434.91999999988127,1669.204511127074
13247,42.20404806923239,434.93999999988125,1669.2331861119583
13248,42.20404806923239,434.95999999988123,1669.2618608390803
13249,42.20404806923239,434.9799999998812,1669.2905353083695
13250,42.20404806923239,434.9999999998812,1669.3192095197553
13251,42.20404806923239,435.0199999998812,1669.347883473167
13252,42.20404806923239,435.03999999988116,1669.376557168534
13253,42.20404806923239,435.05999999988114,1669.4052306057854
13254,42.20404806923239,435.0799999998811,1669.4339037848508
13255,42.20404806923239,435.0999999998811,1669.4625767056596
13256,42.20404806923239,435.1199999998811,1669.4912493681409
13257,42.20404806923239,435.13999999988107,1669.519921772224
13258,42.20404806923239,435.15999999988105,1669.5485939178386
13259,42.20404806923239,435.17999999988103,1669.5772658049138
13260,42.20404806923239,435.199999999881,1669.6059374333793
13261,42.20404806923239,435.219999999881,1669.634608803164
13262,42.20404806923239,435.239999999881,1669.6632799141973
13263,42.20404806923239,435.25999999988096,1669.6919507664088
13264,42.20404806923239,435.27999999988094,1669.7206213597276
13265,42.20404806923239,435.2999999998809,1669.7492916940832
13266,42.20404806923239,435.3199999998809,1669.777961769405
13267,42.20404806923239,435.3399999998809,1669.8066315856222
13268,42.20404806923239,435.35999999988087,1669.835301142664
13269,42.20404806923239,435.37999999988085,1669.86397044046
13270,42.20404806923239,435.39999999988083,1669.8926394789394
13271,42.20404806923239,435.4199999998808,1669.9213082580316
13272,42.20404806923239,435.4399999998808,1669.9499767776658
13273,42.20404806923239,435.4599999998808,1669.9786450377715
13274,42.20404806923239,435.47999999988076,1670.0073130381713
13275,42.20404806923239,435.49999999988074,1670.0359807774869
13276,42.20404806923239,435.5199999998807,1670.06464825803
13277,42.20404806923239,435.5399999998807,1670.093315480033
13278,42.20404806923239,435.5599999998807,1670.121982443425
13279,42.20404806923239,435.57999999988067,1670.150649148135
13280,42.20404806923239,435.59999999988065,1670.179315594092
13281,42.20404806923239,435.61999999988063,1670.2079817812253
13282,42.20404806923239,435.6399999998806,1670.2366477094636
13283,42.20404806923239,435.6599999998806,1670.265313378736
13284,42.20404806923239,435.6799999998806,1670.2939787889716
13285,42.20404806923239,435.69999999988056,1670.3226439400994
13286,42.20404806923239,435.71999999988054,1670.3513088320485
13287,42.20404806923239,435.7399999998805,1670.379973464748
13288,42.20404806923239,435.7599999998805,1670.4086378381269
13289,42.20404806923239,435.7799999998805,1670.437301952114
13290,42.20404806923239,435.79999999988047,1670.4659658066387
13291,42.20404806923239,435.81999999988045,1670.4946294016297
13292,42.20404806923239,435.83999999988043,1670.5232927370162
13293,42.20404806923239,435.8599999998804,1670.551955812727
13294,42.20404806923239,435.8799999998804,1670.5806186286916
13295,42.20404806923239,435.8999999998804,1670.6092811848384
13296,42.20404806923239,435.91999999988036,1670.637943481097
13297,42.20404806923239,435.93999999988034,1670.666605517396
13298,42.20404806923239,435.9599999998803,1670.6952672936645
13299,42.20404806923239,435.9799999998803,1670.7239288098317
13300,42.20404806923239,435.9999999998803,1670.7525900658263
13301,42.20404806923239,436.01999999988027,1670.7812510615777
13302,42.20404806923239,436.03999999988025,1670.8099117970146
13303,42.20404806923239,436.05999999988023,1670.8385722720661
13304,42.20404806923239,436.0799999998802,1670.8672324866614
13305,42.20404806923239,436.0999999998802,1670.895892440729
13306,42.20404806923239,436.1199999998802,1670.9245521341984
13307,42.20404806923239,436.13999999988016,1670.9532115669983
13308,42.20404806923239,436.15999999988014,1670.981870739058
13309,42.20404806923239,436.1799999998801,1671.0105296503064
13310,42.20404806923239,436.1999999998801,1671.0391883006723
13311,42.20404806923239,436.2199999998801,1671.067846690085
13312,42.20404806923239,436.23999999988007,1671.0965048184732
13313,42.20404806923239,436.25999999988005,1671.125162685766
13314,42.20404806923239,436.27999999988003,1671.1538202918925
13315,42.20404806923239,436.29999999988,1671.1824776367816
13316,42.20404806923239,436.31999999988,1671.2111347203625
13317,42.20404806923239,436.33999999988,1671.2397915425638
13318,42.20404806923239,436.35999999987996,1671.2684481033148
13319,42.20404806923239,436.37999999987994,1671.2971044025444
13320,42.20404806923239,436.3999999998799,1671.3257604401815
13321,42.20404806923239,436.4199999998799,1671.3544162161552
13322,42.20404806923239,436.4399999998799,1671.3830717303945
13323,42.20404806923239,436.45999999987987,1671.4117269828282
13324,42.20404806923239,436.47999999987985,1671.4403819733855
13325,42.20404806923239,436.49999999987983,1671.4690367019953
13326,42.20404806923239,436.5199999998798,1671.4976911692202
13327,42.20404806923239,436.5399999998798,1671.526345378103
13328,42.20404806923239,436.5599999998798,1671.5549993288487
13329,42.20404806923239,436.57999999987976,1671.5836530213858
13330,42.20404806923239,436.59999999987974,1671.6123064556432
13331,42.20404806923239,436.6199999998797,1671.6409596315498
13332,42.20404806923239,436.6399999998797,1671.6696125490344
13333,42.20404806923239,436.6599999998797,1671.6982652080258
13334,42.20404806923239,436.67999999987967,1671.726917608453
13335,42.20404806923239,436.69999999987965,1671.7555697502448
13336,42.20404806923239,436.71999999987963,1671.78422163333
13337,42.20404806923239,436.7399999998796,1671.8128732576372
13338,42.20404806923239,436.7599999998796,1671.8415246230954
13339,42.20404806923239,436.7799999998796,1671.8701757296335
13340,42.20404806923239,436.79999999987956,1671.8988265771804
13341,42.20404806923239,436.81999999987954,1671.9274771656649
13342,42.20404806923239,436.8399999998795,1671.9561274950156
13343,42.20404806923239,436.8599999998795,1671.9847775651615
13344,42.20404806923239,436.8799999998795,1672.0134273760314
13345,42.20404806923239,436.89999999987947,1672.042076927554
13346,42.20404806923239,436.91999999987945,1672.0707262196584
13347,42.20404806923239,436.93999999987943,1672.0993752522731
13348,42.20404806923239,436.9599999998794,1672.1280240253272
13349,42.20404806923239,436.9799999998794,1672.1566725387493
13350,42.20404806923239,436.9999999998794,1672.1853207924682
13351,42.20404806923239,437.01999999987936,1672.213968786413
13352,42.20404806923239,437.03999999987934,1672.2426165205122
13353,42.20404806923239,437.0599999998793,1672.271263994695
13354,42.20404806923239,437.0799999998793,1672.2999112088896
13355,42.20404806923239,437.0999999998793,1672.3285581630253
13356,42.20404806923239,437.11999999987927,1672.3572048570306
13357,42.20404806923239,437.13999999987925,1672.3858512908346
13358,42.20404806923239,437.15999999987923,1672.414497464366
13359,42.20404806923239,437.1799999998792,1672.4431433775535
13360,42.20404806923239,437.1999999998792,1672.4717890303261
13361,42.20404806923239,437.2199999998792,1672.5004344226124
13362,42.20404806923239,437.23999999987916,1672.5290795543415
13363,42.20404806923239,437.25999999987914,1672.5577244254418
13364,42.20404806923239,437.2799999998791,1672.5863690358424
13365,42.20404806923239,437.2999999998791,1672.615013385472
13366,42.20404806923239,437.3199999998791,1672.643657474259
13367,42.20404806923239,437.33999999987907,1672.6723013021328
13368,42.20404806923239,437.35999999987905,1672.700944869022
13369,42.20404806923239,437.37999999987903,1672.729588174855
13370,42.20404806923239,437.399999999879,1672.7582312195611
13371,42.20404806923239,437.419999999879,1672.786874003069
13372,42.1340498016898,437.439999999879,1672.8155165253074
13373,42.1340498016898,437.45999999987896,1672.844158786205
13374,42.1340498016898,437.47999999987894,1672.8728007856907
13375,42.1340498016898,437.4999999998789,1672.9014425236933
13376,42.1340498016898,437.5199999998789,1672.9300840001415
13377,42.1340498016898,437.5399999998789,1672.9587252157785
13378,42.1340498016898,437.55999999987887,1672.9873661732674
13379,42.1340498016898,437.57999999987885,1673.0160068727514
13380,42.1340498016898,437.59999999987883,1673.0446473141603
13381,42.1340498016898,437.6199999998788,1673.073287497424
13382,42.1340498016898,437.6399999998788,1673.1019274224723
13383,42.1340498016898,437.6599999998788,1673.1305670892348
13384,42.1340498016898,437.67999999987876,1673.1592064976414
13385,42.1340498016898,437.69999999987874,1673.1878456476222
13386,42.1340498016898,437.7199999998787,1673.216484539107
13387,42.1340498016898,437.7399999998787,1673.245123172025
13388,42.1340498016898,437.7599999998787,1673.2737615463066
13389,42.1340498016898,437.77999999987867,1673.3023996618813
13390,42.1340498016898,437.79999999987865,1673.331037518679
13391,42.1340498016898,437.81999999987863,1673.3596751166297
13392,42.1340498016898,437.8399999998786,1673.3883124556628
13393,42.1340498016898,437.8599999998786,1673.4169495357085
13394,42.1340498016898,437.8799999998786,1673.4455863566964
13395,42.1340498016898,437.89999999987856,1673.4742229185563
13396,42.1340498016898,437.91999999987854,1673.502859221218
13397,42.1340498016898,437.9399999998785,1673.531495264611
13398,42.1340498016898,437.9599999998785,1673.5601310486657
13399,42.1340498016898,437.9799999998785,1673.5887665733114
13400,42.1340498016898,437.99999999987847,1673.6174018384781
13401,42.1340498016898,438.01999999987845,1673.6460368440955
13402,42.1340498016898,438.03999999987843,1673.6746715900936
13403,42.1340498016898,438.0599999998784,1673.7033060764018
13404,42.1340498016898,438.0799999998784,1673.73194030295
13405,42.1340498016898,438.0999999998784,1673.7605742696683
13406,42.1340498016898,438.11999999987836,1673.789207976486
13407,42.1340498016898,438.13999999987834,1673.8178414233334
13408,42.1340498016898,438.1599999998783,1673.84647461014
13409,42.1340498016898,438.1799999998783,1673.8751075368355
13410,42.1340498016898,438.1999999998783,1673.9037402033498
13411,42.1340498016898,438.21999999987827,1673.9323726096127
13412,42.1340498016898,438.23999999987825,1673.9610047555539
13413,42.1340498016898,438.25999999987823,1673.989636641103
13414,42.1340498016898,438.2799999998782,1674.01826826619
13415,42.1340498016898,438.2999999998782,1674.0468996307447
13416,42.1340498016898,438.3199999998782,1674.075530734697
13417,42.1340498016898,438.33999999987816,1674.1041615779761
13418,42.1340498016898,438.35999999987814,1674.1327921605123
13419,42.1340498016898,438.3799999998781,1674.1614224822351
13420,42.1340498016898,438.3999999998781,1674.1900525430744
13421,42.1340498016898,438.4199999998781,1674.21868234296
13422,42.1340498016898,438.43999999987807,1674.2473118818214
13423,42.1340498016898,438.45999999987805,1674.2759411595885
13424,42.1340498016898,438.47999999987803,1674.304570176191
13425,42.1340498016898,438.499999999878,1674.3331989315589
13426,42.1340498016898,438.519999999878,1674.3618274256216
13427,42.1340498016898,438.539999999878,1674.3904556583093
13428,42.1340498016898,438.55999999987796,1674.4190836305986
13429,42.1340498016898,438.57999999987794,1674.4477113450037
13430,42.1340498016898,438.5999999998779,1674.4763388016247
13431,42.1340498016898,438.6199999998779,1674.5049660003915
13432,42.1340498016898,438.6399999998779,1674.5335929412333
13433,42.1340498016898,438.65999999987787,1674.5622196240802
13434,42.1340498016898,438.67999999987785,1674.5908460488613
13435,42.1340498016898,438.69999999987783,1674.6194722155064
13436,42.1340498016898,438.7199999998778,1674.6480981239451
13437,42.1340498016898,438.7399999998778,1674.6767237741071
13438,42.1340498016898,438.7599999998778,1674.705349165922
13439,42.1340498016898,438.77999999987776,1674.733974299319
13440,42.1340498016898,438.79999999987774,1674.7625991742282
13441,42.1340498016898,438.8199999998777,1674.791223790579
13442,42.1340498016898,438.8399999998777,1674.8198481483007
13443,42.1340498016898,438.8599999998777,1674.8484722473231
13444,42.1340498016898,438.87999999987767,1674.8770960875759
13445,42.1340498016898,438.89999999987765,1674.9057196689885
13446,42.1340498016898,438.91999999987763,1674.9343429914904
13447,42.1340498016898,438.9399999998776,1674.9629660550115
13448,42.1340498016898,438.9599999998776,1674.991588859481
13449,42.1340498016898,438.9799999998776,1675.0202114048286
13450,42.1340498016898,438.99999999987756,1675.048833690984
13451,42.1340498016898,439.01999999987754,1675.0774557178768
13452,42.1340498016898,439.0399999998775,1675.1060774854363
13453,42.1340498016898,439.0599999998775,1675.1346989935923
13454,42.1340498016898,439.0799999998775,1675.1633202422743
13455,42.1340498016898,439.09999999987747,1675.1919412314119
13456,42.1340498016898,439.11999999987745,1675.2205619609344
13457,42.1340498016898,439.13999999987743,1675.2491824307717
13458,42.1340498016898,439.1599999998774,1675.2778026408532
13459,42.1340498016898,439.1799999998774,1675.3064225911087
13460,42.1340498016898,439.1999999998774,1675.3350422814674
13461,42.1340498016898,439.21999999987736,1675.363661711859
13462,42.1340498016898,439.23999999987734,1675.3922808822133
13463,42.1340498016898,439.2599999998773,1675.4208997924595
13464,42.1340498016898,439.2799999998773,1675.4495184425273
13465,42.1340498016898,439.2999999998773,1675.478136832346
13466,42.1340498016898,439.31999999987727,1675.5067549618457
13467,42.1340498016898,439.33999999987725,1675.5353728309553
13468,42.1340498016898,439.35999999987723,1675.5639904396048
13469,42.1340498016898,439.3799999998772,1675.5926077877236
13470,42.1340498016898,439.3999999998772,1675.6212248752413
13471,42.1340498016898,439.4199999998772,1675.6498417020873
13472,42.1340498016898,439.43999999987716,1675.6784582681912
13473,42.1340498016898,439.45999999987714,1675.7070745734827
13474,42.1340498016898,439.4799999998771,1675.7356906178911
13475,42.1340498016898,439.4999999998771,1675.7643064013462
13476,42.1340498016898,439.5199999998771,1675.7929219237774
13477,42.1340498016898,439.53999999987707,1675.821537185114
13478,42.1340498016898,439.55999999987705,1675.8501521852859
13479,42.1340498016898,439.57999999987703,1675.8787669255546
13480,42.1340498016898,439.599999999877,1675.9073814083695
13481,42.1340498016898,439.619999999877,1675.9359956337923
13482,42.1340498016898,439.639999999877,1675.964609601753
13483,42.1340498016898,439.65999999987696,1675.9932233121808
13484,42.1340498016898,439.67999999987694,1676.021836765006
13485,42.1340498016898,439.6999999998769,1676.050449960158
13486,42.1340498016898,439.7199999998769,1676.0790628975667
13487,42.1340498016898,439.7399999998769,1676.107675577162
13488,42.1340498016898,439.75999999987687,1676.1362879988735
13489,42.1340498016898,439.77999999987685,1676.164900162631
13490,42.1340498016898,439.79999999987683,1676.1935120683645
13491,42.1340498016898,439.8199999998768,1676.2221237160034
13492,42.1340498016898,439.8399999998768,1676.2507351054776
13493,42.1340498016898,439.8599999998768,1676.2793462367167
13494,42.1340498016898,439.87999999987676,1676.3079571096507
13495,42.1340498016898,439.89999999987674,1676.3365677242093
13496,42.1340498016898,439.9199999998767,1676.365178080322
13497,42.1340498016898,439.9399999998767,1676.3937881779189
13498,42.1340498016898,439.9599999998767,1676.4223980169295
13499,42.1340498016898,439.97999999987667,1676.4510075972837
13500,42.1340498016898,439.99999999987665,1676.4796169189112
13501,42.1340498016898,440.01999999987663,1676.5082259817418
13502,42.1340498016898,440.0399999998766,1676.536834785705
13503,42.1340498016898,440.0599999998766,1676.5654433307307
13504,42.1340498016898,440.0799999998766,1676.5940516167486
13505,42.1340498016898,440.09999999987656,1676.6226596436886
13506,42.1340498016898,440.11999999987654,1676.6512674114804
13507,42.1340498016898,440.1399999998765,1676.6798749200536
13508,42.1340498016898,440.1599999998765,1676.708482169338
13509,42.1340498016898,440.1799999998765,1676.7370891592632
13510,42.1340498016898,440.19999999987647,1676.7656958897592
13511,42.1340498016898,440.21999999987645,1676.7943023607556
13512,42.1340498016898,440.23999999987643,1676.822908572182
13513,42.1340498016898,440.2599999998764,1676.8515145239685
13514,42.1340498016898,440.2799999998764,1676.8801202160444
13515,42.1340498016898,440.2999999998764,1676.9087256483397
13516,42.1340498016898,440.31999999987636,1676.937330820784
13517,42.1340498016898,440.33999999987634,1676.9659357333069
13518,42.06424481519087,440.3599999998763,1676.9945403858383
13519,42.06424481519087,440.3799999998763,1677.0231447783078
13520,42.06424481519087,440.3999999998763,1677.0517489106453
13521,42.06424481519087,440.41999999987627,1677.0803527827804
13522,42.06424481519087,440.43999999987625,1677.108956394643
13523,42.06424481519087,440.45999999987623,1677.1375597461624
13524,42.06424481519087,440.4799999998762,1677.1661628372688
13525,42.06424481519087,440.4999999998762,1677.1947656678915
13526,42.06424481519087,440.5199999998762,1677.2233682379604
13527,42.06424481519087,440.53999999987616,1677.2519705474053
13528,42.06424481519087,440.55999999987614,1677.2805725961557
13529,42.06424481519087,440.5799999998761,1677.3091743841414
13530,42.06424481519087,440.5999999998761,1677.3377759127336
13531,42.06424481519087,440.6199999998761,1677.3663771840063
13532,42.06424481519087,440.63999999987607,1677.3949781979675
13533,42.06424481519087,440.65999999987605,1677.4235789545473
13534,42.06424481519087,440.67999999987603,1677.4521794536756
13535,42.06424481519087,440.699999999876,1677.4807796952823
13536,42.06424481519087,440.719999999876,1677.5093796792976
13537,42.06424481519087,440.739999999876,1677.5379794056512
13538,42.06424481519087,440.75999999987596,1677.566578874273
13539,42.06424481519087,440.77999999987594,1677.5951780850933
13540,42.06424481519087,440.7999999998759,1677.6237770380417
13541,42.06424481519087,440.8199999998759,1677.652375733048
13542,42.06424481519087,440.8399999998759,1677.6809741700426
13543,42.06424481519087,440.85999999987587,1677.7095723489554
13544,42.06424481519087,440.87999999987585,1677.738170269716
13545,42.06424481519087,440.89999999987583,1677.7667679322544
13546,42.06424481519087,440.9199999998758,1677.7953653365007
13547,42.06424481519087,440.9399999998758,1677.8239624823848
13548,42.06424481519087,440.9599999998758,1677.8525593698366
13549,42.06424481519087,440.97999999987576,1677.8811559987862
13550,42.06424481519087,440.99999999987574,1677.9097523691632
13551,42.06424481519087,441.0199999998757,1677.938348480898
13552,42.06424481519087,441.0399999998757,1677.96694433392
13553,42.06424481519087,441.0599999998757,1677.9955399281596
13554,42.06424481519087,441.07999999987567,1678.0241352635464
13555,42.06424481519087,441.09999999987565,1678.0527303400104
13556,42.06424481519087,441.11999999987563,1678.0813251574816
13557,42.06424481519087,441.1399999998756,1678.1099197158899
13558,42.06424481519087,441.1599999998756,1678.1385140151651
13559,42.06424481519087,441.1799999998756,1678.1671080552373
13560,42.06424481519087,441.19999999987556,1678.1957018360363
13561,42.06424481519087,441.21999999987554,1678.224295357492
13562,42.06424481519087,441.2399999998755,1678.2528886195346
13563,42.06424481519087,441.2599999998755,1678.2814816220937
13564,42.06424481519087,441.2799999998755,1678.3100743650991
13565,42.06424481519087,441.29999999987547,1678.3386668484811
13566,42.06424481519087,441.31999999987545,1678.3672590721694
13567,42.06424481519087,441.33999999987543,1678.395851036094
13568,42.06424481519087,441.3599999998754,1678.4244427401845
13569,42.06424481519087,441.3799999998754,1678.453034184371
13570,42.06424481519087,441.3999999998754,1678.4816253685835
13571,42.06424481519087,441.41999999987536,1678.510216292752
13572,42.06424481519087,441.43999999987534,1678.5388069568062
13573,42.06424481519087,441.4599999998753,1678.567397360676
13574,42.06424481519087,441.4799999998753,1678.5959875042915
13575,42.06424481519087,441.4999999998753,1678.6245773875823
13576,42.06424481519087,441.51999999987527,1678.6531670104785
13577,42.06424481519087,441.53999999987525,1678.6817563729098
13578,42.06424481519087,441.55999999987523,1678.7103454748064
13579,42.06424481519087,441.5799999998752,1678.738934316098
13580,42.06424481519087,441.5999999998752,1678.7675228967146
13581,42.06424481519087,441.6199999998752,1678.7961112182968
13582,42.06424481519087,441.63999999987516,1678.8246992828101
13583,42.06424481519087,441.65999999987514,1678.8532870902206
13584,42.06424481519087,441.6799999998751,1678.8818746404586
13585,42.06424481519087,441.6999999998751,1678.910461933454
13586,42.06424481519087,441.7199999998751,1678.9390489691368
13587,42.06424481519087,441.73999999987507,1678.9676357474373
13588,42.06424481519087,441.75999999987505,1678.9962222682855
13589,42.06424481519087,441.77999999987503,1679.0248085316116
13590,42.06424481519087,441.799999999875,1679.0533945373456
13591,42.06424481519087,441.819999999875,1679.0819802854178
13592,42.06424481519087,441.839999999875,1679.110565775758
13593,42.06424481519087,441.85999999987496,1679.1391510082965
13594,42.06424481519087,441.87999999987494,1679.1677359829632
13595,42.06424481519087,441.8999999998749,1679.1963206996884
13596,42.06424481519087,441.9199999998749,1679.2249051584022
13597,42.06424481519087,441.9399999998749,1679.2534893590346
13598,42.06424481519087,441.95999999987487,1679.2820733015155
13599,42.06424481519087,441.97999999987485,1679.3106569857753
13600,42.06424481519087,441.99999999987483,1679.339240411744
13601,42.06424481519087,442.0199999998748,1679.3678235793516
13602,42.06424481519087,442.0399999998748,1679.3964064885283
13603,42.06424481519087,442.0599999998748,1679.4249891392042
13604,42.06424481519087,442.07999999987476,1679.453571531309
13605,42.06424481519087,442.09999999987474,1679.4821536647733
13606,42.06424481519087,442.1199999998747,1679.5107355395269
13607,42.06424481519087,442.1399999998747,1679.5393171555
13608,42.06424481519087,442.1599999998747,1679.5678985126224
13609,42.06424481519087,442.17999999987467,1679.5964796108244
13610,42.06424481519087,442.19999999987465,1679.6250604500362
13611,42.06424481519087,442.21999999987463,1679.6536410301876
13612,42.06424481519087,442.2399999998746,1679.682221351209
13613,42.06424481519087,442.2599999998746,1679.71080141303
13614,42.06424481519087,442.2799999998746,1679.7393812155808
13615,42.06424481519087,442.29999999987456,1679.7679607587918
13616,42.06424481519087,442.31999999987454,1679.7965400425928
13617,42.06424481519087,442.3399999998745,1679.8251190669139
13618,42.06424481519087,442.3599999998745,1679.8536978316852
13619,42.06424481519087,442.3799999998745,1679.8822763368366
13620,42.06424481519087,442.39999999987447,1679.9108545822985
13621,42.06424481519087,442.41999999987445,1679.9394325680007
13622,42.06424481519087,442.43999999987443,1679.9680102938732
13623,42.06424481519087,442.4599999998744,1679.9965877598463
13624,42.06424481519087,442.4799999998744,1680.0251649645372
13625,42.06424481519087,442.4999999998744,1680.053741905976
13626,42.06424481519087,442.51999999987436,1680.0823185840275
13627,42.06424481519087,442.53999999987434,1680.1108949986212
13628,42.06424481519087,442.5599999998743,1680.1394711496876
13629,42.06424481519087,442.5799999998743,1680.1680470371562
13630,42.06424481519087,442.5999999998743,1680.196622660957
13631,42.06424481519087,442.61999999987427,1680.225198021029
13632,42.06424481519087,442.63999999987425,1680.2537731193038
13633,42.06424481519087,442.65999999987423,1680.2823479576336
13634,42.06424481519087,442.6799999998742,1680.3109225359485
13635,42.06424481519087,442.6999999998742,1680.3394968541786
13636,42.06424481519087,442.7199999998742,1680.368070912254
13637,42.06424481519087,442.73999999987416,1680.396644710105
13638,42.06424481519087,442.75999999987414,1680.4252182476614
13639,42.06424481519087,442.7799999998741,1680.4537915248536
13640,42.06424481519087,442.7999999998741,1680.4823645416118
13641,42.06424481519087,442.8199999998741,1680.510937297866
13642,42.06424481519087,442.83999999987407,1680.5395097935464
13643,42.06424481519087,442.85999999987405,1680.568082028583
13644,42.06424481519087,442.87999999987403,1680.596654002906
13645,42.06424481519087,442.899999999874,1680.6252257164456
13646,42.06424481519087,442.919999999874,1680.6537971691318
13647,42.06424481519087,442.939999999874,1680.682368360895
13648,42.06424481519087,442.95999999987396,1680.710939291665
13649,42.06424481519087,442.97999999987394,1680.739509961372
13650,42.06424481519087,442.9999999998739,1680.7680803699463
13651,42.06424481519087,443.0199999998739,1680.796650517318
13652,42.06424481519087,443.0399999998739,1680.8252204034172
13653,42.06424481519087,443.05999999987387,1680.8537900281738
13654,42.06424481519087,443.07999999987385,1680.882359391518
13655,42.06424481519087,443.09999999987383,1680.9109284933802
13656,42.06424481519087,443.1199999998738,1680.93949733369
13657,42.06424481519087,443.1399999998738,1680.968065912378
13658,42.06424481519087,443.1599999998738,1680.9966342293742
13659,42.06424481519087,443.17999999987376,1681.0252022846084
13660,42.06424481519087,443.19999999987374,1681.053770078011
13661,42.06424481519087,443.2199999998737,1681.082337609512
13662,42.06424481519087,443.2399999998737,1681.1109048790418
13663,42.06424481519087,443.2599999998737,1681.1394718865301
13664,42.06424481519087,443.27999999987367,1681.1680386319072
13665,42.06424481519087,443.29999999987365,1681.196605115103
13666,42.06424481519087,443.31999999987363,1681.2251713360479
13667,42.06424481519087,443.3399999998736,1681.253737294672
13668,42.06424481519087,443.3599999998736,1681.282302990905
13669,42.06424481519087,443.3799999998736,1681.3108684246774
13670,41.99463236339024,443.39999999987356,1681.3394335959192
13671,41.99463236339024,443.41999999987354,1681.3679985045605
13672,41.99463236339024,443.4399999998735,1681.3965631505314
13673,41.99463236339024,443.4599999998735,1681.425127533762
13674,41.99463236339024,443.4799999998735,1681.4536916541822
13675,41.99463236339024,443.49999999987347,1681.4822555117223
13676,41.99463236339024,443.51999999987345,1681.5108191063123
13677,41.99463236339024,443.53999999987343,1681.5393824378823
13678,41.99463236339024,443.5599999998734,1681.5679455063623
13679,41.99463236339024,443.5799999998734,1681.5965083116826
13680,41.99463236339024,443.5999999998734,1681.625070853773
13681,41.99463236339024,443.61999999987336,1681.6536331325638
13682,41.99463236339024,443.63999999987334,1681.6821951480358
13683,41.99463236339024,443.6599999998733,1681.7107569021277
13684,41.99463236339024,443.6799999998733,1681.7393183963216
13685,41.99463236339024,443.6999999998733,1681.7678796305474
13686,41.99463236339024,443.71999999987327,1681.7964406047358
13687,41.99463236339024,443.73999999987325,1681.8250013188172
13688,41.99463236339024,443.75999999987323,1681.8535617727216
13689,41.99463236339024,443.7799999998732,1681.8821219663794
13690,41.99463236339024,443.7999999998732,1681.9106818997209
13691,41.99463236339024,443.8199999998732,1681.9392415726766
13692,41.99463236339024,443.83999999987316,1681.9678009851766
13693,41.99463236339024,443.85999999987314,1681.9963601371512
13694,41.99463236339024,443.8799999998731,1682.0249190285308
13695,41.99463236339024,443.8999999998731,1682.0534776592458
13696,41.99463236339024,443.9199999998731,1682.0820360292264
13697,41.99463236339024,443.93999999987307,1682.1105941384028
13698,41.99463236339024,443.95999999987305,1682.1391519867054
13699,41.99463236339024,443.97999999987303,1682.1677095740647
13700,41.99463236339024,443.999999999873,1682.1962669004106
13701,41.99463236339024,444.019999999873,1682.2248239656737
13702,41.99463236339024,444.039999999873,1682.2533807697841
13703,41.99463236339024,444.05999999987296,1682.2819373126722
13704,41.99463236339024,444.07999999987294,1682.3104935942683
13705,41.99463236339024,444.0999999998729,1682.3390496145028
13706,41.99463236339024,444.1199999998729,1682.3676053733057
13707,41.99463236339024,444.1399999998729,1682.3961608706074
13708,41.99463236339024,444.15999999987287,1682.4247161063383
13709,41.99463236339024,444.17999999987285,1682.4532710804287
13710,41.99463236339024,444.19999999987283,1682.4818257928089
13711,41.99463236339024,444.2199999998728,1682.510380243409
13712,41.99463236339024,444.2399999998728,1682.5389344321593
13713,41.99463236339024,444.2599999998728,1682.5674883589902
13714,41.99463236339024,444.27999999987276,1682.596042023832
13715,41.99463236339024,444.29999999987274,1682.6245954266149
13716,41.99463236339024,444.3199999998727,1682.6531485672692
13717,41.99463236339024,444.3399999998727,1682.6817014457251
13718,41.99463236339024,444.3599999998727,1682.710254061913
13719,41.99463236339024,444.37999999987267,1682.738806415763
13720,41.99463236339024,444.39999999987265,1682.7673585072057
13721,41.99463236339024,444.41999999987263,1682.7959103361711
13722,41.99463236339024,444.4399999998726,1682.8244619025895
13723,41.99463236339024,444.4599999998726,1682.8530132063913
13724,41.99463236339024,444.4799999998726,1682.8815642475065
13725,41.99463236339024,444.49999999987256,1682.9101150258657
13726,41.99463236339024,444.51999999987254,1682.938665541399
13727,41.99463236339024,444.5399999998725,1682.9672157940365
13728,41.99463236339024,444.5599999998725,1682.9957657837087
13729,41.99463236339024,444.5799999998725,1683.0243155103458
13730,41.99463236339024,444.59999999987247,1683.052864973878
13731,41.99463236339024,444.61999999987245,1683.0814141742358
13732,41.99463236339024,444.63999999987243,1683.109963111349
13733,41.99463236339024,444.6599999998724,1683.1385117852449
13734,41.99463236339024,444.6799999998724,1683.1670601981066
13735,41.99463236339024,444.6999999998724,1683.195608351249
13736,41.99463236339024,444.71999999987236,1683.2241562446022
13737,41.99463236339024,444.73999999987234,1683.2527038780972
13738,41.99463236339024,444.7599999998723,1683.2812512516643
13739,41.99463236339024,444.7799999998723,1683.309798365234
13740,41.99463236339024,444.7999999998723,1683.3383452187365
13741,41.99463236339024,444.81999999987227,1683.3668918121027
13742,41.99463236339024,444.83999999987225,1683.3954381452627
13743,41.99463236339024,444.85999999987223,1683.423984218147
13744,41.99463236339024,444.8799999998722,1683.4525300306864
13745,41.99463236339024,444.8999999998722,1683.481075582811
13746,41.99463236339024,444.9199999998722,1683.5096208744515
13747,41.99463236339024,444.93999999987216,1683.5381659055383
13748,41.99463236339024,444.95999999987214,1683.5667106760018
13749,41.99463236339024,444.9799999998721,1683.5952551857724
13750,41.99463236339024,444.9999999998721,1683.6237994347807
13751,41.99463236339024,445.0199999998721,1683.6523434229573
13752,41.99463236339024,445.03999999987207,1683.6808871502324
13753,41.99463236339024,445.05999999987205,1683.7094306165366
13754,41.99463236339024,445.07999999987203,1683.7379738218
13755,41.99463236339024,445.099999999872,1683.7665167659536
13756,41.99463236339024,445.119999999872,1683.7950594489275
13757,41.99463236339024,445.139999999872,1683.8236018706523
13758,41.99463236339024,445.15999999987196,1683.8521440310583
13759,41.99463236339024,445.17999999987194,1683.880685930076
13760,41.99463236339024,445.1999999998719,1683.909227567636
13761,41.99463236339024,445.2199999998719,1683.9377689436685
13762,41.99463236339024,445.2399999998719,1683.9663100581042
13763,41.99463236339024,445.25999999987187,1683.9948509108733
13764,41.99463236339024,445.27999999987185,1684.0233915019064
13765,41.99463236339024,445.29999999987183,1684.051931831134
13766,41.99463236339024,445.3199999998718,1684.0804718984864
13767,41.99463236339024,445.3399999998718,1684.1090117038939
13768,41.99463236339024,445.3599999998718,1684.137551247287
13769,41.99463236339024,445.37999999987176,1684.1660905285964
13770,41.99463236339024,445.39999999987174,1684.1946295477524
13771,41.99463236339024,445.4199999998717,1684.2231683046855
13772,41.99463236339024,445.4399999998717,1684.251706799326
13773,41.99463236339024,445.4599999998717,1684.2802450316044
13774,41.99463236339024,445.47999999987167,1684.308783001451
13775,41.99463236339024,445.49999999987165,1684.3373207087964
13776,41.99463236339024,445.51999999987163,1684.3658581535708
13777,41.99463236339024,445.5399999998716,1684.3943953357048
13778,41.99463236339024,445.5599999998716,1684.422932255129
13779,41.99463236339024,445.5799999998716,1684.4514689117734
13780,41.99463236339024,445.59999999987156,1684.4800053055687
13781,41.99463236339024,445.61999999987154,1684.5085414364453
13782,41.99463236339024,445.6399999998715,1684.5370773043335
13783,41.99463236339024,445.6599999998715,1684.5656129091637
13784,41.99463236339024,445.6799999998715,1684.5941482510127
13785,41.99463236339024,445.69999999987147,1684.6226833323356
13786,41.99463236339024,445.71999999987145,1684.6512181542732
13787,41.99463236339024,445.73999999987143,1684.6797527167562
13788,41.99463236339024,445.7599999998714,1684.7082870197153
13789,41.99463236339024,445.7799999998714,1684.7368210630812
13790,41.99463236339024,445.7999999998714,1684.7653548467842
13791,41.99463236339024,445.81999999987136,1684.7938883707554
13792,41.99463236339024,445.83999999987134,1684.8224216349254
13793,41.99463236339024,445.8599999998713,1684.850954639225
13794,41.99463236339024,445.8799999998713,1684.8794873835845
13795,41.99463236339024,445.8999999998713,1684.9080198679349
13796,41.99463236339024,445.91999999987127,1684.9365520922067
13797,41.99463236339024,445.93999999987125,1684.9650840563306
13798,41.99463236339024,445.95999999987123,1684.9936157602374
13799,41.99463236339024,445.9799999998712,1685.0221472038577
13800,41.99463236339024,445.9999999998712,1685.0506783871222
13801,41.99463236339024,446.0199999998712,1685.0792093099612
13802,41.99463236339024,446.03999999987116,1685.1077399723058
13803,41.99463236339024,446.05999999987114,1685.1362703740865
13804,41.99463236339024,446.0799999998711,1685.164800515234
13805,41.99463236339024,446.0999999998711,1685.193330395679
13806,41.99463236339024,446.1199999998711,1685.2218600153521
13807,41.99463236339024,446.13999999987107,1685.2503893741841
13808,41.99463236339024,446.15999999987105,1685.2789184721055
13809,41.99463236339024,446.17999999987103,1685.307447309047
13810,41.99463236339024,446.199999999871,1685.335975884939
13811,41.99463236339024,446.219999999871,1685.3645041997124
13812,41.99463236339024,446.239999999871,1685.393032253298
13813,41.99463236339024,446.25999999987096,1685.4215600456264
13814,41.99463236339024,446.27999999987094,1685.450087576628
13815,41.99463236339024,446.2999999998709,1685.4786148462335
13816,41.99463236339024,446.3199999998709,1685.5071418543737
13817,41.92521170364387,446.3399999998709,1685.535668600979
13818,41.92521170364387,446.35999999987087,1685.5641950859806
13819,41.92521170364387,446.37999999987085,1685.5927213093087
13820,41.92521170364387,446.39999999987083,1685.621247270894
13821,41.92521170364387,446.4199999998708,1685.649772970667
13822,41.92521170364387,446.4399999998708,1685.6782984085587
13823,41.92521170364387,446.4599999998708,1685.7068235844993
13824,41.92521170364387,446.47999999987076,1685.7353484984196
13825,41.92521170364387,446.49999999987074,1685.7638731502504
13826,41.92521170364387,446.5199999998707,1685.7923975399221
13827,41.92521170364387,446.5399999998707,1685.8209216673656
13828,41.92521170364387,446.5599999998707,1685.8494455325113
13829,41.92521170364387,446.57999999987067,1685.87796913529
13830,41.92521170364387,446.59999999987065,1685.9064924756321
13831,41.92521170364387,446.61999999987063,1685.9350155534685
13832,41.92521170364387,446.6399999998706,1685.9635383687296
13833,41.92521170364387,446.6599999998706,1685.9920609213461
13834,41.92521170364387,446.6799999998706,1686.0205832112488
13835,41.92521170364387,446.69999999987056,1686.0491052385441
13836,41.92521170364387,446.71999999987054,1686.0776270056463
13837,41.92521170364387,446.7399999998705,1686.1061485133857
13838,41.92521170364387,446.7599999998705,1686.1346697616937
13839,41.92521170364387,446.7799999998705,1686.1631907505007
13840,41.92521170364387,446.79999999987047,1686.191711479738
13841,41.92521170364387,446.81999999987045,1686.220231949336
13842,41.92521170364387,446.83999999987043,1686.2487521592261
13843,41.92521170364387,446.8599999998704,1686.2772721093388
13844,41.92521170364387,446.8799999998704,1686.305791799605
13845,41.92521170364387,446.8999999998704,1686.3343112299558
13846,41.92521170364387,446.91999999987036,1686.3628304003219
13847,41.92521170364387,446.93999999987034,1686.3913493106343
13848,41.92521170364387,446.9599999998703,1686.4198679608237
13849,41.92521170364387,446.9799999998703,1686.448386350821
13850,41.92521170364387,446.9999999998703,1686.4769044805573
13851,41.92521170364387,447.01999999987027,1686.5054223499633
13852,41.92521170364387,447.03999999987025,1686.5339399589698
13853,41.92521170364387,447.05999999987023,1686.5624573075077
13854,41.92521170364387,447.0799999998702,1686.5909743955078
13855,41.92521170364387,447.0999999998702,1686.6194912229012
13856,41.92521170364387,447.1199999998702,1686.6480077896185
13857,41.92521170364387,447.13999999987016,1686.6765240955908
13858,41.92521170364387,447.15999999987014,1686.705040140749
13859,41.92521170364387,447.1799999998701,1686.7335559250234
13860,41.92521170364387,447.1999999998701,1686.7620714483455
13861,41.92521170364387,447.2199999998701,1686.7905867106458
13862,41.92521170364387,447.23999999987007,1686.8191017118554
13863,41.92521170364387,447.25999999987005,1686.847616451905
13864,41.92521170364387,447.27999999987003,1686.8761309307254
13865,41.92521170364387,447.29999999987,1686.9046451482475
13866,41.92521170364387,447.31999999987,1686.9331591044022
13867,41.92521170364387,447.33999999987,1686.9616727991202
13868,41.92521170364387,447.35999999986996,1686.9901862323325
13869,41.92521170364387,447.37999999986994,1687.0186994039698
13870,41.92521170364387,447.3999999998699,1687.047212313963
13871,41.92521170364387,447.4199999998699,1687.075724962243
13872,41.92521170364387,447.4399999998699,1687.1042373487405
13873,41.92521170364387,447.45999999986986,1687.1327494733866
13874,41.92521170364387,447.47999999986985,1687.1612613361121
13875,41.92521170364387,447.49999999986983,1687.1897729368477
13876,41.92521170364387,447.5199999998698,1687.2182842755242
13877,41.92521170364387,447.5399999998698,1687.2467953520725
13878,41.92521170364387,447.5599999998698,1687.2753061664234
13879,41.92521170364387,447.57999999986976,1687.303816718508
13880,41.92521170364387,447.59999999986974,1687.3323270082567
13881,41.92521170364387,447.6199999998697,1687.3608370356005
13882,41.92521170364387,447.6399999998697,1687.3893468004703
13883,41.92521170364387,447.6599999998697,1687.417856302797
13884,41.92521170364387,447.67999999986966,1687.446365542511
13885,41.92521170364387,447.69999999986965,1687.4748745195436
13886,41.92521170364387,447.71999999986963,1687.5033832340514
13887,41.92521170364387,447.7399999998696,1687.5318916887147
13888,41.92521170364387,447.7599999998696,1687.56039988418
13889,41.92521170364387,447.7799999998696,1687.5889078203782
13890,41.92521170364387,447.79999999986956,1687.6174154972402
13891,41.92521170364387,447.81999999986954,1687.6459229146974
13892,41.92521170364387,447.8399999998695,1687.6744300726807
13893,41.92521170364387,447.8599999998695,1687.702936971121
13894,41.92521170364387,447.8799999998695,1687.7314436099496
13895,41.92521170364387,447.89999999986946,1687.7599499890973
13896,41.92521170364387,447.91999999986945,1687.7884561084952
13897,41.92521170364387,447.9399999998694,1687.8169619680743
13898,41.92521170364387,447.9599999998694,1687.8454675677658
13899,41.92521170364387,447.9799999998694,1687.8739729075007
13900,41.92521170364387,447.9999999998694,1687.90247798721
13901,41.92521170364387,448.01999999986936,1687.9309828068247
13902,41.92521170364387,448.03999999986934,1687.9594873662757
13903,41.92521170364387,448.0599999998693,1687.987991665494
13904,41.92521170364387,448.0799999998693,1688.016495704411
13905,41.92521170364387,448.0999999998693,1688.0449994829576
13906,41.92521170364387,448.11999999986926,1688.0735030010646
13907,41.92521170364387,448.13999999986925,1688.1020062586633
13908,41.92521170364387,448.1599999998692,1688.1305092556845
13909,41.92521170364387,448.1799999998692,1688.1590119920593
13910,41.92521170364387,448.1999999998692,1688.1875144677188
13911,41.92521170364387,448.2199999998692,1688.2160166825938
13912,41.92521170364387,448.23999999986916,1688.2445186366156
13913,41.92521170364387,448.25999999986914,1688.2730203297149
13914,41.92521170364387,448.2799999998691,1688.301521761823
13915,41.92521170364387,448.2999999998691,1688.3300229328709
13916,41.92521170364387,448.3199999998691,1688.3585238427895
13917,41.92521170364387,448.33999999986906,1688.3870244915097
13918,41.92521170364387,448.35999999986905,1688.4155248789627
13919,41.92521170364387,448.379999999869,1688.4440250050795
13920,41.92521170364387,448.399999999869,1688.4725248697912
13921,41.92521170364387,448.419999999869,1688.5010244730286
13922,41.92521170364387,448.439999999869,1688.5295238147226
13923,41.92521170364387,448.45999999986896,1688.5580228948045
13924,41.92521170364387,448.47999999986894,1688.5865217132052
13925,41.92521170364387,448.4999999998689,1688.6150202698557
13926,41.92521170364387,448.5199999998689,1688.643518564687
13927,41.92521170364387,448.5399999998689,1688.6720165976299
13928,41.92521170364387,448.55999999986886,1688.7005143686156
13929,41.92521170364387,448.57999999986885,1688.7290118775752
13930,41.92521170364387,448.5999999998688,1688.7575091244396
13931,41.92521170364387,448.6199999998688,1688.7860061091396
13932,41.92521170364387,448.6399999998688,1688.8145028316064
13933,41.92521170364387,448.6599999998688,1688.842999291771
13934,41.92521170364387,448.67999999986876,1688.8714954895645
13935,41.92521170364387,448.69999999986874,1688.8999914249175
13936,41.92521170364387,448.7199999998687,1688.9284870977613
13937,41.92521170364387,448.7399999998687,1688.9569825083072
13938,41.92521170364387,448.7599999998687,1688.9854776595275
13939,41.92521170364387,448.77999999986866,1689.0139725518713
13940,41.92521170364387,448.79999999986865,1689.04246718527
13941,41.92521170364387,448.8199999998686,1689.0709615596545
13942,41.92521170364387,448.8399999998686,1689.099455674956
13943,41.92521170364387,448.8599999998686,1689.1279495311062
13944,41.92521170364387,448.8799999998686,1689.1564431280358
13945,41.92521170364387,448.89999999986856,1689.1849364656764
13946,41.92521170364387,448.91999999986854,1689.2134295439591
13947,41.92521170364387,448.9399999998685,1689.241922362815
13948,41.92521170364387,448.9599999998685,1689.2704149221756
13949,41.92521170364387,448.9799999998685,1689.2989072219718
13950,41.92521170364387,448.99999999986846,1689.327399262135
13951,41.92521170364387,449.01999999986845,1689.3558910425963
13952,41.92521170364387,449.0399999998684,1689.384382563287
13953,41.92521170364387,449.0599999998684,1689.4128738241386
13954,41.92521170364387,449.0799999998684,1689.4413648250818
13955,41.92521170364387,449.0999999998684,1689.4698555660482
13956,41.92521170364387,449.11999999986836,1689.4983460469687
13957,41.92521170364387,449.13999999986834,1689.5268362677748
13958,41.92521170364387,449.1599999998683,1689.5553262283975
13959,41.92521170364387,449.1799999998683,1689.583815928768
13960,41.92521170364387,449.1999999998683,1689.6123053688177
13961,41.92521170364387,449.21999999986826,1689.6407945484777
13962,41.92521170364387,449.23999999986825,1689.6692834676792
13963,41.92521170364387,449.2599999998682,1689.6977721263534
13964,41.92521170364387,449.2799999998682,1689.7262605244314
13965,41.85598209698662,449.2999999998682,1689.7547486618446
13966,41.85598209698662,449.3199999998682,1689.783236538524
13967,41.85598209698662,449.33999999986816,1689.8117241544012
13968,41.85598209698662,449.35999999986814,1689.840211509407
13969,41.85598209698662,449.3799999998681,1689.8686986034727
13970,41.85598209698662,449.3999999998681,1689.8971854365295
13971,41.85598209698662,449.4199999998681,1689.9256720085086
13972,41.85598209698662,449.43999999986806,1689.954158319341
13973,41.85598209698662,449.45999999986805,1689.9826443689583
13974,41.85598209698662,449.479999999868,1690.0111301570282
13975,41.85598209698662,449.499999999868,1690.0396156804102
13976,41.85598209698662,449.519999999868,1690.0681009383309
13977,41.85598209698662,449.539999999868,1690.0965859307212
13978,41.85598209698662,449.55999999986796,1690.1250706575124
13979,41.85598209698662,449.57999999986794,1690.1535551186357
13980,41.85598209698662,449.5999999998679,1690.182039314022
13981,41.85598209698662,449.6199999998679,1690.2105232436024
13982,41.85598209698662,449.6399999998679,1690.239006907308
13983,41.85598209698662,449.65999999986786,1690.2674903050702
13984,41.85598209698662,449.67999999986785,1690.2959734368196
13985,41.85598209698662,449.6999999998678,1690.3244563024875
13986,41.85598209698662,449.7199999998678,1690.352938902005
13987,41.85598209698662,449.7399999998678,1690.3814212353034
13988,41.85598209698662,449.7599999998678,1690.409903302633
13989,41.85598209698662,449.77999999986775,1690.4383851068374
13990,41.85598209698662,449.79999999986774,1690.4668666481357
13991,41.85598209698662,449.8199999998677,1690.4953479264593
13992,41.85598209698662,449.8399999998677,1690.5238289417396
13993,41.85598209698662,449.8599999998677,1690.5523096939078
13994,41.85598209698662,449.87999999986766,1690.5807901828953
13995,41.85598209698662,449.89999999986765,1690.6092704086332
13996,41.85598209698662,449.9199999998676,1690.6377503710528
13997,41.85598209698662,449.9399999998676,1690.6662300700852
13998,41.85598209698662,449.9599999998676,1690.694709505662
13999,41.85598209698662,449.9799999998676,1690.7231886777145
14000,41.85598209698662,449.99999999986755,1690.7516675861737
14001,41.85598209698662,450.01999999986754,1690.7801462309708
14002,41.85598209698662,450.0399999998675,1690.8086246120372
14003,41.85598209698662,450.0599999998675,1690.8371027293042
14004,41.85598209698662,450.0799999998675,1690.8655805827032
14005,41.85598209698662,450.09999999986746,1690.8940581721652
14006,41.85598209698662,450.11999999986745,1690.9225354976215
14007,41.85598209698662,450.1399999998674,1690.9510125590036
14008,41.85598209698662,450.1599999998674,1690.9794893562425
14009,41.85598209698662,450.1799999998674,1691.0079658892696
14010,41.85598209698662,450.1999999998674,1691.0364421580161
14011,41.85598209698662,450.21999999986735,1691.0649181624133
14012,41.85598209698662,450.23999999986734,1691.0933939023923
14013,41.85598209698662,450.2599999998673,1691.1218693778847
14014,41.85598209698662,450.2799999998673,1691.1503445888213
14015,41.85598209698662,450.2999999998673,1691.1788195351337
14016,41.85598209698662,450.31999999986726,1691.207294216753
14017,41.85598209698662,450.33999999986725,1691.2357686336106
14018,41.85598209698662,450.3599999998672,1691.2642427856376
14019,41.85598209698662,450.3799999998672,1691.2927166727652
14020,41.85598209698662,450.3999999998672,1691.3211902949247
14021,41.85598209698662,450.4199999998672,1691.3496636520474
14022,41.85598209698662,450.43999999986715,1691.3781367440645
14023,41.85598209698662,450.45999999986714,1691.4066095709072
14024,41.85598209698662,450.4799999998671,1691.4350821325067
14025,41.85598209698662,450.4999999998671,1691.4635544287944
14026,41.85598209698662,450.5199999998671,1691.4920264597015
14027,41.85598209698662,450.53999999986706,1691.5204982251591
14028,41.85598209698662,450.55999999986705,1691.5489697250985
14029,41.85598209698662,450.579999999867,1691.577440959451
14030,41.85598209698662,450.599999999867,1691.6059119281476
14031,41.85598209698662,450.619999999867,1691.63438263112
14032,41.85598209698662,450.639999999867,1691.662853068299
14033,41.85598209698662,450.65999999986695,1691.691323239616
14034,41.85598209698662,450.67999999986694,1691.719793145002
14035,41.85598209698662,450.6999999998669,1691.7482627843885
14036,41.85598209698662,450.7199999998669,1691.7767321577066
14037,41.85598209698662,450.7399999998669,1691.8052012648877
14038,41.85598209698662,450.75999999986686,1691.833670105863
14039,41.85598209698662,450.77999999986685,1691.8621386811094
14040,41.85598209698662,450.7999999998668,1691.8906069934033
14041,41.85598209698662,450.8199999998668,1691.9190750429314
14042,41.85598209698662,450.8399999998668,1691.947542829625
14043,41.85598209698662,450.8599999998668,1691.9760103534159
14044,41.85598209698662,450.87999999986675,1692.0044776142352
14045,41.85598209698662,450.89999999986674,1692.0329446120143
14046,41.85598209698662,450.9199999998667,1692.0614113466845
14047,41.85598209698662,450.9399999998667,1692.0898778181775
14048,41.85598209698662,450.9599999998667,1692.1183440264247
14049,41.85598209698662,450.97999999986666,1692.1468099713572
14050,41.85598209698662,450.99999999986665,1692.1752756529067
14051,41.85598209698662,451.0199999998666,1692.2037410710045
14052,41.85598209698662,451.0399999998666,1692.232206225582
14053,41.85598209698662,451.0599999998666,1692.2606711165706
14054,41.85598209698662,451.0799999998666,1692.2891357439016
14055,41.85598209698662,451.09999999986655,1692.3176001075067
14056,41.85598209698662,451.11999999986654,1692.3460642073169
14057,41.85598209698662,451.1399999998665,1692.3745280432638
14058,41.85598209698662,451.1599999998665,1692.4029916152788
14059,41.85598209698662,451.1799999998665,1692.4314549232934
14060,41.85598209698662,451.19999999986646,1692.4599179672387
14061,41.85598209698662,451.21999999986645,1692.4883807470462
14062,41.85598209698662,451.2399999998664,1692.5168432626474
14063,41.85598209698662,451.2599999998664,1692.5453055139737
14064,41.85598209698662,451.2799999998664,1692.5737675009564
14065,41.85598209698662,451.2999999998664,1692.6022292235268
14066,41.85598209698662,451.31999999986635,1692.6306906816164
14067,41.85598209698662,451.33999999986634,1692.6591518751566
14068,41.85598209698662,451.3599999998663,1692.6876128040788
14069,41.85598209698662,451.3799999998663,1692.7160734683143
14070,41.85598209698662,451.3999999998663,1692.7445338677944
14071,41.85598209698662,451.41999999986626,1692.7729940024506
14072,41.85598209698662,451.43999999986625,1692.8014538722143
14073,41.85598209698662,451.4599999998662,1692.8299134770168
14074,41.85598209698662,451.4799999998662,1692.8583728167896
14075,41.85598209698662,451.4999999998662,1692.8868318914638
14076,41.85598209698662,451.5199999998662,1692.915290700971
14077,41.85598209698662,451.53999999986615,1692.9437492452425
14078,41.85598209698662,451.55999999986614,1692.9722075242098
14079,41.85598209698662,451.5799999998661,1693.000665537804
14080,41.85598209698662,451.5999999998661,1693.0291232859568
14081,41.85598209698662,451.6199999998661,1693.057580768599
14082,41.85598209698662,451.63999999986606,1693.0860379856626
14083,41.85598209698662,451.65999999986605,1693.1144949370787
14084,41.85598209698662,451.679999999866,1693.1429516227786
14085,41.85598209698662,451.699999999866,1693.1714080426937
14086,41.85598209698662,451.719999999866,1693.1998641967555
14087,41.85598209698662,451.739999999866,1693.2283200848951
14088,41.85598209698662,451.75999999986595,1693.2567757070442
14089,41.85598209698662,451.77999999986594,1693.2852310631338
14090,41.85598209698662,451.7999999998659,1693.313686153886
14091,41.85598209698662,451.8199999998659,1693.342140982009
14092,41.85598209698662,451.8399999998659,1693.3705955476546
14093,41.85598209698662,451.85999999986586,1693.3990498507546
14094,41.85598209698662,451.87999999986584,1693.4275038912408
14095,41.85598209698662,451.8999999998658,1693.4559576690444
14096,41.85598209698662,451.9199999998658,1693.4844111840973
14097,41.85598209698662,451.9399999998658,1693.512864436331
14098,41.85598209698662,451.9599999998658,1693.541317425677
14099,41.85598209698662,451.97999999986575,1693.5697701520671
14100,41.85598209698662,451.99999999986574,1693.5982226154326
14101,41.85598209698662,452.0199999998657,1693.6266748157052
14102,41.85598209698662,452.0399999998657,1693.6551267528164
14103,41.85598209698662,452.0599999998657,1693.683578426698
14104,41.85598209698662,452.07999999986566,1693.7120298372813
14105,41.85598209698662,452.09999999986564,1693.7404809844982
14106,41.85598209698662,452.1199999998656,1693.7689318682799
14107,41.85598209698662,452.1399999998656,1693.7973824885582
14108,41.85598209698662,452.1599999998656,1693.8258328452648
14109,41.85598209698662,452.1799999998656,1693.8542829383312
14110,41.85598209698662,452.19999999986555,1693.8827327676886
14111,41.85598209698662,452.21999999986554,1693.911182333269
14112,41.85598209698662,452.2399999998655,1693.9396316350037
14113,41.85598209698662,452.2599999998655,1693.9680806728245
14114,41.85598209698662,452.2799999998655,1693.9965294466629
14115,41.85598209698662,452.29999999986546,1694.0249779564504
14116,41.85598209698662,452.31999999986544,1694.0534262021185
14117,41.85598209698662,452.3399999998654,1694.081874183599
14118,41.85598209698662,452.3599999998654,1694.1103219008232
14119,41.786942808110005,452.3799999998654,1694.1387693537229
14120,41.786942808110005,452.3999999998654,1694.1672165422294
14121,41.786942808110005,452.41999999986535,1694.1956634662745
14122,41.786942808110005,452.43999999986534,1694.2241101257896
14123,41.786942808110005,452.4599999998653,1694.2525565207063
14124,41.786942808110005,452.4799999998653,1694.2810026509562
14125,41.786942808110005,452.4999999998653,1694.3094485164709
14126,41.786942808110005,452.51999999986526,1694.3378941171818
14127,41.786942808110005,452.53999999986524,1694.3663394530206
14128,41.786942808110005,452.5599999998652,1694.3947845239188
14129,41.786942808110005,452.5799999998652,1694.423229329808
14130,41.786942808110005,452.5999999998652,1694.4516738706195
14131,41.786942808110005,452.6199999998652,1694.4801181462851
14132,41.786942808110005,452.63999999986515,1694.5085621567362
14133,41.786942808110005,452.65999999986514,1694.5370059019044
14134,41.786942808110005,452.6799999998651,1694.5654493817212
14135,41.786942808110005,452.6999999998651,1694.5938925961184
14136,41.786942808110005,452.7199999998651,1694.6223355450272
14137,41.786942808110005,452.73999999986506,1694.6507782283793
14138,41.786942808110005,452.75999999986504,1694.6792206461062
14139,41.786942808110005,452.779999999865,1694.7076627981394
14140,41.786942808110005,452.799999999865,1694.7361046844105
14141,41.786942808110005,452.819999999865,1694.7645463057797
14142,41.786942808110005,452.839999999865,1694.7929876645585
14143,41.786942808110005,452.85999999986495,1694.8214287608398
14144,41.786942808110005,452.87999999986494,1694.8498695945555
14145,41.786942808110005,452.8999999998649,1694.8783101656372
14146,41.786942808110005,452.9199999998649,1694.906750474017
14147,41.786942808110005,452.9399999998649,1694.935190519626
14148,41.786942808110005,452.95999999986486,1694.9636303023967
14149,41.786942808110005,452.97999999986484,1694.9920698222604
14150,41.786942808110005,452.9999999998648,1695.020509079149
14151,41.786942808110005,453.0199999998648,1695.048948072994
14152,41.786942808110005,453.0399999998648,1695.0773868037274
14153,41.786942808110005,453.0599999998648,1695.105825271281
14154,41.786942808110005,453.07999999986475,1695.1342634755863
14155,41.786942808110005,453.09999999986474,1695.1627014165751
14156,41.786942808110005,453.1199999998647,1695.1911390941793
14157,41.786942808110005,453.1399999998647,1695.2195765083306
14158,41.786942808110005,453.1599999998647,1695.2480136589606
14159,41.786942808110005,453.17999999986466,1695.2764505460011
14160,41.786942808110005,453.19999999986464,1695.3048871693838
14161,41.786942808110005,453.2199999998646,1695.3333235290406
14162,41.786942808110005,453.2399999998646,1695.3617596249032
14163,41.786942808110005,453.2599999998646,1695.3901954569033
14164,41.786942808110005,453.2799999998646,1695.4186310249725
14165,41.786942808110005,453.29999999986455,1695.4470663290426
14166,41.786942808110005,453.31999999986454,1695.4755013690453
14167,41.786942808110005,453.3399999998645,1695.5039361449124
14168,41.786942808110005,453.3599999998645,1695.5323706565755
14169,41.786942808110005,453.3799999998645,1695.5608049039665
14170,41.786942808110005,453.39999999986446,1695.5892388870172
14171,41.786942808110005,453.41999999986444,1695.6176726056592
14172,41.786942808110005,453.4399999998644,1695.6461060598242
14173,41.786942808110005,453.4599999998644,1695.6745392494438
14174,41.786942808110005,453.4799999998644,1695.70297217445
14175,41.786942808110005,453.4999999998644,1695.7314048347741
14176,41.786942808110005,453.51999999986435,1695.7598372303482
14177,41.786942808110005,453.53999999986434,1695.7882693611039
14178,41.786942808110005,453.5599999998643,1695.816701226973
14179,41.786942808110005,453.5799999998643,1695.845132827887
14180,41.786942808110005,453.5999999998643,1695.873564163778
14181,41.786942808110005,453.61999999986426,1695.9019952345773
14182,41.786942808110005,453.63999999986424,1695.9304260402166
14183,41.786942808110005,453.6599999998642,1695.958856580628
14184,41.786942808110005,453.6799999998642,1695.987286855743
14185,41.786942808110005,453.6999999998642,1696.015716865493
14186,41.786942808110005,453.71999999986417,1696.0441466098102
14187,41.786942808110005,453.73999999986415,1696.072576088626
14188,41.786942808110005,453.75999999986414,1696.1010053018722
14189,41.786942808110005,453.7799999998641,1696.1294342494805
14190,41.786942808110005,453.7999999998641,1696.1578629313826
14191,41.786942808110005,453.8199999998641,1696.1862913475102
14192,41.786942808110005,453.83999999986406,1696.2147194989702
14193,41.786942808110005,453.85999999986404,1696.2431473879922
14194,41.786942808110005,453.879999999864,1696.2715750146324
14195,41.786942808110005,453.899999999864,1696.3000023788231
14196,41.786942808110005,453.919999999864,1696.3284294804962
14197,41.786942808110005,453.93999999986397,1696.3568563195834
14198,41.786942808110005,453.95999999986395,1696.3852828960166
14199,41.786942808110005,453.97999999986394,1696.4137092097278
14200,41.786942808110005,453.9999999998639,1696.442135260649
14201,41.786942808110005,454.0199999998639,1696.4705610487117
14202,41.786942808110005,454.0399999998639,1696.4989865738482
14203,41.786942808110005,454.05999999986386,1696.5274118359903
14204,41.786942808110005,454.07999999986384,1696.5558368350696
14205,41.786942808110005,454.0999999998638,1696.5842615710183
14206,41.786942808110005,454.1199999998638,1696.612686043768
14207,41.786942808110005,454.1399999998638,1696.6411102532509
14208,41.786942808110005,454.15999999986377,1696.6695341993986
14209,41.786942808110005,454.17999999986375,1696.6979578821433
14210,41.786942808110005,454.19999999986373,1696.7263813014167
14211,41.786942808110005,454.2199999998637,1696.7548044571506
14212,41.786942808110005,454.2399999998637,1696.783227349277
14213,41.786942808110005,454.2599999998637,1696.8116499777277
14214,41.786942808110005,454.27999999986366,1696.8400723424347
14215,41.786942808110005,454.29999999986364,1696.8684944433298
14216,41.786942808110005,454.3199999998636,1696.8969162803448
14217,41.786942808110005,454.3399999998636,1696.9253378534117
14218,41.786942808110005,454.3599999998636,1696.9537591624623
14219,41.786942808110005,454.37999999986357,1696.9821802074287
14220,41.786942808110005,454.39999999986355,1697.0106009882422
14221,41.786942808110005,454.41999999986353,1697.039021504835
14222,41.786942808110005,454.4399999998635,1697.0674417571392
14223,41.786942808110005,454.4599999998635,1697.0958617450865
14224,41.786942808110005,454.4799999998635,1697.1242814686086
14225,41.786942808110005,454.49999999986346,1697.1527009276374
14226,41.786942808110005,454.51999999986344,1697.1811201221049
14227,41.786942808110005,454.5399999998634,1697.2095390519428
14228,41.786942808110005,454.5599999998634,1697.2379577170832
14229,41.786942808110005,454.5799999998634,1697.2663761174576
14230,41.786942808110005,454.59999999986337,1697.2947942529981
14231,41.786942808110005,454.61999999986335,1697.3232121236367
14232,41.786942808110005,454.63999999986333,1697.351629729305
14233,41.786942808110005,454.6599999998633,1697.3800470699348
14234,41.786942808110005,454.6799999998633,1697.408464145458
14235,41.786942808110005,454.6999999998633,1697.4368809558068
14236,41.786942808110005,454.71999999986326,1697.4652975009126
14237,41.786942808110005,454.73999999986324,1697.4937137807074
14238,41.786942808110005,454.7599999998632,1697.5221297951232
14239,41.786942808110005,454.7799999998632,1697.5505455440916
14240,41.786942808110005,454.7999999998632,1697.5789610275447
14241,41.786942808110005,454.81999999986317,1697.6073762454141
14242,41.786942808110005,454.83999999986315,1697.6357911976318
14243,41.786942808110005,454.85999999986313,1697.6642058855693
14244,41.786942808110005,454.8799999998631,1697.6926203113676
14245,41.786942808110005,454.8999999998631,1697.721034475044
14246,41.786942808110005,454.9199999998631,1697.7494483765306
14247,41.786942808110005,454.93999999986306,1697.7778620157594
14248,41.786942808110005,454.95999999986304,1697.8062753926624
14249,41.786942808110005,454.979999999863,1697.8346885071717
14250,41.786942808110005,454.999999999863,1697.8631013592194
14251,41.786942808110005,455.019999999863,1697.8915139487374
14252,41.786942808110005,455.03999999986297,1697.9199262756579
14253,41.786942808110005,455.05999999986295,1697.9483383399129
14254,41.786942808110005,455.07999999986293,1697.9767501414344
14255,41.786942808110005,455.0999999998629,1698.0051616801545
14256,41.786942808110005,455.1199999998629,1698.0335729560054
14257,41.786942808110005,455.1399999998629,1698.0619839689189
14258,41.786942808110005,455.15999999986286,1698.0903947188272
14259,41.786942808110005,455.17999999986284,1698.1188052056623
14260,41.786942808110005,455.1999999998628,1698.147215429356
14261,41.786942808110005,455.2199999998628,1698.1756253898407
14262,41.786942808110005,455.2399999998628,1698.2040350870482
14263,41.786942808110005,455.25999999986277,1698.2324445209108
14264,41.786942808110005,455.27999999986275,1698.2608536913604
14265,41.786942808110005,455.29999999986273,1698.2892625983288
14266,41.786942808110005,455.3199999998627,1698.3176712417485
14267,41.786942808110005,455.3399999998627,1698.346079621551
14268,41.7180931053401,455.3599999998627,1698.374487737669
14269,41.7180931053401,455.37999999986266,1698.4028955900337
14270,41.7180931053401,455.39999999986264,1698.4313031785778
14271,41.7180931053401,455.4199999998626,1698.459710503233
14272,41.7180931053401,455.4399999998626,1698.4881175639316
14273,41.7180931053401,455.4599999998626,1698.5165243606054
14274,41.7180931053401,455.47999999986257,1698.5449308931863
14275,41.7180931053401,455.49999999986255,1698.5733371616066
14276,41.7180931053401,455.51999999986253,1698.601743165798
14277,41.7180931053401,455.5399999998625,1698.630148905693
14278,41.7180931053401,455.5599999998625,1698.6585543812232
14279,41.7180931053401,455.5799999998625,1698.6869595923208
14280,41.7180931053401,455.59999999986246,1698.7153645389178
14281,41.7180931053401,455.61999999986244,1698.7437692209462
14282,41.7180931053401,455.6399999998624,1698.772173638338
14283,41.7180931053401,455.6599999998624,1698.8005777910253
14284,41.7180931053401,455.6799999998624,1698.82898167894
14285,41.7180931053401,455.69999999986237,1698.857385302014
14286,41.7180931053401,455.71999999986235,1698.8857886601797
14287,41.7180931053401,455.73999999986233,1698.9141917533689
14288,41.7180931053401,455.7599999998623,1698.9425945815135
14289,41.7180931053401,455.7799999998623,1698.9709971445457
14290,41.7180931053401,455.7999999998623,1698.9993994423974
14291,41.7180931053401,455.81999999986226,1699.0278014750006
14292,41.7180931053401,455.83999999986224,1699.0562032422872
14293,41.7180931053401,455.8599999998622,1699.0846047441894
14294,41.7180931053401,455.8799999998622,1699.1130059821576
14295,41.7180931053401,455.8999999998622,1699.1414069579828
14296,41.7180931053401,455.91999999986217,1699.169807671635
14297,41.7180931053401,455.93999999986215,1699.1982081230465
14298,41.7180931053401,455.95999999986213,1699.2266083121497
14299,41.7180931053401,455.9799999998621,1699.2550082388766
14300,41.7180931053401,455.9999999998621,1699.2834079031595
14301,41.7180931053401,456.0199999998621,1699.3118073049304
14302,41.7180931053401,456.03999999986206,1699.3402064441218
14303,41.7180931053401,456.05999999986204,1699.368605320666
14304,41.7180931053401,456.079999999862,1699.3970039344947
14305,41.7180931053401,456.099999999862,1699.4254022855405
14306,41.7180931053401,456.119999999862,1699.4538003737355
14307,41.7180931053401,456.13999999986197,1699.482198199012
14308,41.7180931053401,456.15999999986195,1699.510595761302
14309,41.7180931053401,456.17999999986193,1699.538993060538
14310,41.7180931053401,456.1999999998619,1699.5673900966517
14311,41.7180931053401,456.2199999998619,1699.595786869576
14312,41.7180931053401,456.2399999998619,1699.6241833792426
14313,41.7180931053401,456.25999999986186,1699.6525796255837
14314,41.7180931053401,456.27999999986184,1699.6809756085318
14315,41.7180931053401,456.2999999998618,1699.7093713280187
14316,41.7180931053401,456.3199999998618,1699.737766783977
14317,41.7180931053401,456.3399999998618,1699.7661619763385
14318,41.7180931053401,456.35999999986177,1699.7945569050357
14319,41.7180931053401,456.37999999986175,1699.8229515700007
14320,41.7180931053401,456.39999999986173,1699.8513459711655
14321,41.7180931053401,456.4199999998617,1699.8797401084626
14322,41.7180931053401,456.4399999998617,1699.908133981824
14323,41.7180931053401,456.4599999998617,1699.9365275911819
14324,41.7180931053401,456.47999999986166,1699.9649209364684
14325,41.7180931053401,456.49999999986164,1699.9933140176158
14326,41.7180931053401,456.5199999998616,1700.0217068330942
14327,41.7180931053401,456.5399999998616,1700.0500993796736
14328,41.7180931053401,456.5599999998616,1700.0784916570976
14329,41.7180931053401,456.57999999986157,1700.1068836652983
14330,41.7180931053401,456.59999999986155,1700.135275404208
14331,41.7180931053401,456.61999999986153,1700.163666873759
14332,41.7180931053401,456.6399999998615,1700.1920580738836
14333,41.7180931053401,456.6599999998615,1700.2204490045142
14334,41.7180931053401,456.6799999998615,1700.2488396655829
14335,41.7180931053401,456.69999999986146,1700.277230057022
14336,41.7180931053401,456.71999999986144,1700.305620178764
14337,41.7180931053401,456.7399999998614,1700.334010030741
14338,41.7180931053401,456.7599999998614,1700.3623996128852
14339,41.7180931053401,456.7799999998614,1700.3907889251288
14340,41.7180931053401,456.79999999986137,1700.4191779674045
14341,41.7180931053401,456.81999999986135,1700.4475667396441
14342,41.7180931053401,456.83999999986133,1700.4759552417802
14343,41.7180931053401,456.8599999998613,1700.504343473745
14344,41.7180931053401,456.8799999998613,1700.5327314354731
14345,41.7180931053401,456.8999999998613,1700.561119128685
14346,41.7180931053401,456.91999999986126,1700.5895065550783
14347,41.7180931053401,456.93999999986124,1700.6178937145853
14348,41.7180931053401,456.9599999998612,1700.6462806071386
14349,41.7180931053401,456.9799999998612,1700.6746672326708
14350,41.7180931053401,456.9999999998612,1700.7030535911142
14351,41.7180931053401,457.01999999986117,1700.7314396824013
14352,41.7180931053401,457.03999999986115,1700.7598255064645
14353,41.7180931053401,457.05999999986113,1700.7882110632365
14354,41.7180931053401,457.0799999998611,1700.8165963526496
14355,41.7180931053401,457.0999999998611,1700.8449813746363
14356,41.7180931053401,457.1199999998611,1700.873366129129
14357,41.7180931053401,457.13999999986106,1700.9017506160603
14358,41.7180931053401,457.15999999986104,1700.9301348353627
14359,41.7180931053401,457.179999999861,1700.9585187869684
14360,41.7180931053401,457.199999999861,1700.9869024708103
14361,41.7180931053401,457.219999999861,1701.0152858868205
14362,41.7180931053401,457.23999999986097,1701.0436690349316
14363,41.7180931053401,457.25999999986095,1701.072051915076
14364,41.7180931053401,457.27999999986093,1701.100434527186
14365,41.7180931053401,457.2999999998609,1701.1288168711944
14366,41.7180931053401,457.3199999998609,1701.1571989470335
14367,41.7180931053401,457.3399999998609,1701.1855807546358
14368,41.7180931053401,457.35999999986086,1701.2139622939337
14369,41.7180931053401,457.37999999986084,1701.2423435648598
14370,41.7180931053401,457.3999999998608,1701.2707245673464
14371,41.7180931053401,457.4199999998608,1701.299105301326
14372,41.7180931053401,457.4399999998608,1701.3274857667311
14373,41.7180931053401,457.45999999986077,1701.3558659634941
14374,41.7180931053401,457.47999999986075,1701.3842458915474
14375,41.7180931053401,457.49999999986073,1701.4126255508236
14376,41.7180931053401,457.5199999998607,1701.441004941255
14377,41.7180931053401,457.5399999998607,1701.469384062774
14378,41.7180931053401,457.5599999998607,1701.4977629153132
14379,41.7180931053401,457.57999999986066,1701.526141498805
14380,41.7180931053401,457.59999999986064,1701.5545198131817
14381,41.7180931053401,457.6199999998606,1701.5828978583759
14382,41.7180931053401,457.6399999998606,1701.61127563432
14383,41.7180931053401,457.6599999998606,1701.6396531409464
14384,41.7180931053401,457.67999999986057,1701.6680303781877
14385,41.7180931053401,457.69999999986055,1701.6964073459762
14386,41.7180931053401,457.71999999986053,1701.7247840442444
14387,41.7180931053401,457.7399999998605,1701.7531604729247
14388,41.7180931053401,457.7599999998605,1701.7815366319494
14389,41.7180931053401,457.7799999998605,1701.8099125212511
14390,41.7180931053401,457.79999999986046,1701.8382881407622
14391,41.7180931053401,457.81999999986044,1701.866663490415
14392,41.7180931053401,457.8399999998604,1701.895038570142
14393,41.7180931053401,457.8599999998604,1701.923413379876
14394,41.7180931053401,457.8799999998604,1701.9517879195487
14395,41.7180931053401,457.89999999986037,1701.9801621891393
14396,41.7180931053401,457.91999999986035,1702.0085361906165
14397,41.7180931053401,457.93999999986033,1702.0369099255327
14398,41.7180931053401,457.9599999998603,1702.0652833938202
14399,41.7180931053401,457.9799999998603,1702.0936565954119
14400,41.7180931053401,457.9999999998603,1702.12202953024
14401,41.7180931053401,458.01999999986026,1702.1504021982375
14402,41.7180931053401,458.03999999986024,1702.178774599337
14403,41.7180931053401,458.0599999998602,1702.2071467334708
14404,41.7180931053401,458.0799999998602,1702.235518600572
14405,41.7180931053401,458.0999999998602,1702.2638902005729
14406,41.7180931053401,458.11999999986017,1702.292261533406
14407,41.7180931053401,458.13999999986015,1702.320632599004
14408,41.7180931053401,458.15999999986013,1702.3490033972998
14409,41.7180931053401,458.1799999998601,1702.3773739282258
14410,41.7180931053401,458.1999999998601,1702.4057441917146
14411,41.7180931053401,458.2199999998601,1702.4341141876987
14412,41.7180931053401,458.23999999986006,1702.4624839161108
14413,41.7180931053401,458.25999999986004,1702.4908533768837
14414,41.7180931053401,458.27999999986,1702.5192225699498
14415,41.7180931053401,458.29999999986,1702.5475914952415
14416,41.7180931053401,458.31999999986,1702.5759601526918
14417,41.7180931053401,458.33999999985997,1702.604328542233
14418,41.7180931053401,458.35999999985995,1702.6326966637978
14419,41.7180931053401,458.37999999985993,1702.661064517319
14420,41.7180931053401,458.3999999998599,1702.6894321027287
14421,41.7180931053401,458.4199999998599,1702.7177994199599
14422,41.7180931053401,458.4399999998599,1702.7461664689451
14423,41.64943226061561,458.45999999985986,1702.774533249617
14424,41.64943226061561,458.47999999985984,1702.802899761908
14425,41.64943226061561,458.4999999998598,1702.8312660057509
14426,41.64943226061561,458.5199999998598,1702.859631981078
14427,41.64943226061561,458.5399999998598,1702.8879976878222
14428,41.64943226061561,458.55999999985977,1702.916363125916
14429,41.64943226061561,458.57999999985975,1702.9447282952917
14430,41.64943226061561,458.59999999985973,1702.9730931958823
14431,41.64943226061561,458.6199999998597,1703.00145782762
14432,41.64943226061561,458.6399999998597,1703.0298221904377
14433,41.64943226061561,458.6599999998597,1703.0581862842678
14434,41.64943226061561,458.67999999985966,1703.086550109043
14435,41.64943226061561,458.69999999985964,1703.1149136646957
14436,41.64943226061561,458.7199999998596,1703.1432769511587
14437,41.64943226061561,458.7399999998596,1703.1716399683644
14438,41.64943226061561,458.7599999998596,1703.2000027162455
14439,41.64943226061561,458.77999999985957,1703.2283651947346
14440,41.64943226061561,458.79999999985955,1703.256727403764
14441,41.64943226061561,458.81999999985953,1703.2850893432665
14442,41.64943226061561,458.8399999998595,1703.3134510131747
14443,41.64943226061561,458.8599999998595,1703.3418124134212
14444,41.64943226061561,458.8799999998595,1703.3701735439383
14445,41.64943226061561,458.89999999985946,1703.398534404659
14446,41.64943226061561,458.91999999985944,1703.4268949955976
14447,41.64943226061561,458.9399999998594,1703.4552553187089
14448,41.64943226061561,458.9599999998594,1703.4836153752067
14449,41.64943226061561,458.9799999998594,1703.5119751650238
14450,41.64943226061561,458.99999999985937,1703.5403346880933
14451,41.64943226061561,459.01999999985935,1703.5686939443474
14452,41.64943226061561,459.03999999985933,1703.5970529337192
14453,41.64943226061561,459.0599999998593,1703.6254116561413
14454,41.64943226061561,459.0799999998593,1703.6537701115465
14455,41.64943226061561,459.0999999998593,1703.6821282998674
14456,41.64943226061561,459.11999999985926,1703.710486221037
14457,41.64943226061561,459.13999999985924,1703.7388438749879
14458,41.64943226061561,459.1599999998592,1703.7672012616526
14459,41.64943226061561,459.1799999998592,1703.7955583809642
14460,41.64943226061561,459.1999999998592,1703.8239152328554
14461,41.64943226061561,459.21999999985917,1703.8522718172587
14462,41.64943226061561,459.23999999985915,1703.880628134107
14463,41.64943226061561,459.25999999985913,1703.908984183333
14464,41.64943226061561,459.2799999998591,1703.9373399648694
14465,41.64943226061561,459.2999999998591,1703.965695478649
14466,41.64943226061561,459.3199999998591,1703.9940507246044
14467,41.64943226061561,459.33999999985906,1704.0224057026685
14468,41.64943226061561,459.35999999985904,1704.0507604127738
14469,41.64943226061561,459.379999999859,1704.0791148548533
14470,41.64943226061561,459.399999999859,1704.1074690288394
14471,41.64943226061561,459.419999999859,1704.1358229346652
14472,41.64943226061561,459.43999999985897,1704.1641765722632
14473,41.64943226061561,459.45999999985895,1704.1925299415661
14474,41.64943226061561,459.47999999985893,1704.2208830425066
14475,41.64943226061561,459.4999999998589,1704.2492358750176
14476,41.64943226061561,459.5199999998589,1704.2775884390317
14477,41.64943226061561,459.5399999998589,1704.3059407344815
14478,41.64943226061561,459.55999999985886,1704.3342927612998
14479,41.64943226061561,459.57999999985884,1704.3626445194193
14480,41.64943226061561,459.5999999998588,1704.3909960087728
14481,41.64943226061561,459.6199999998588,1704.419347229293
14482,41.64943226061561,459.6399999998588,1704.4476981809125
14483,41.64943226061561,459.65999999985877,1704.476048863564
14484,41.64943226061561,459.67999999985875,1704.5043992771805
14485,41.64943226061561,459.69999999985873,1704.5327494216942
14486,41.64943226061561,459.7199999998587,1704.5610992970383
14487,41.64943226061561,459.7399999998587,1704.5894489031452
14488,41.64943226061561,459.7599999998587,1704.6177982399477
14489,41.64943226061561,459.77999999985866,1704.6461473073784
14490,41.64943226061561,459.79999999985864,1704.6744961053703
14491,41.64943226061561,459.8199999998586,1704.7028446338556
14492,41.64943226061561,459.8399999998586,1704.7311928927675
14493,41.64943226061561,459.8599999998586,1704.7595408820384
14494,41.64943226061561,459.87999999985857,1704.787888601601
14495,41.64943226061561,459.89999999985855,1704.8162360513882
14496,41.64943226061561,459.91999999985853,1704.8445832313325
14497,41.64943226061561,459.9399999998585,1704.8729301414935
14498,41.64943226061561,459.9599999998585,1704.9012767840668
14499,41.64943226061561,459.9799999998585,1704.9296231601074
14500,41.64943226061561,459.99999999985846,1704.9579692695484
14501,41.64943226061561,460.01999999985844,1704.9863151123225
14502,41.64943226061561,460.0399999998584,1705.0146606883625
14503,41.64943226061561,460.0599999998584,1705.0430059976013
14504,41.64943226061561,460.0799999998584,1705.071351039972
14505,41.64943226061561,460.09999999985837,1705.0996958154071
14506,41.64943226061561,460.11999999985835,1705.1280403238397
14507,41.64943226061561,460.13999999985833,1705.1563845652026
14508,41.64943226061561,460.1599999998583,1705.1847285394288
14509,41.64943226061561,460.1799999998583,1705.213072246451
14510,41.64943226061561,460.1999999998583,1705.2414156862021
14511,41.64943226061561,460.21999999985826,1705.269758858615
14512,41.64943226061561,460.23999999985824,1705.2981017636225
14513,41.64943226061561,460.2599999998582,1705.3264444011575
14514,41.64943226061561,460.2799999998582,1705.3547867711527
14515,41.64943226061561,460.2999999998582,1705.3831288735412
14516,41.64943226061561,460.31999999985817,1705.4114707082558
14517,41.64943226061561,460.33999999985815,1705.4398122752293
14518,41.64943226061561,460.35999999985813,1705.4681535743946
14519,41.64943226061561,460.3799999998581,1705.4964946056843
14520,41.64943226061561,460.3999999998581,1705.5248353690317
14521,41.64943226061561,460.4199999998581,1705.5531758643692
14522,41.64943226061561,460.43999999985806,1705.58151609163
14523,41.64943226061561,460.45999999985804,1705.6098560507467
14524,41.64943226061561,460.479999999858,1705.6381957416522
14525,41.64943226061561,460.499999999858,1705.6665351642796
14526,41.64943226061561,460.519999999858,1705.6948743185615
14527,41.64943226061561,460.53999999985797,1705.7232132044305
14528,41.64943226061561,460.55999999985795,1705.75155182182
14529,41.64943226061561,460.57999999985793,1705.7798901706624
14530,41.64943226061561,460.5999999998579,1705.8082282508908
14531,41.64943226061561,460.6199999998579,1705.836566062438
14532,41.64943226061561,460.6399999998579,1705.8649036052366
14533,41.64943226061561,460.65999999985786,1705.8932408792195
14534,41.64943226061561,460.67999999985784,1705.9215778843197
14535,41.64943226061561,460.6999999998578,1705.94991462047
14536,41.64943226061561,460.7199999998578,1705.9782510876032
14537,41.64943226061561,460.7399999998578,1706.0065872856521
14538,41.64943226061561,460.75999999985777,1706.0349232145495
14539,41.64943226061561,460.77999999985775,1706.0632588742283
14540,41.64943226061561,460.79999999985773,1706.0915942646213
14541,41.64943226061561,460.8199999998577,1706.1199293856614
14542,41.64943226061561,460.8399999998577,1706.1482642372814
14543,41.64943226061561,460.8599999998577,1706.176598819414
14544,41.64943226061561,460.87999999985766,1706.2049331319922
14545,41.64943226061561,460.89999999985764,1706.2332671749487
14546,41.64943226061561,460.9199999998576,1706.2616009482163
14547,41.64943226061561,460.9399999998576,1706.289934451728
14548,41.64943226061561,460.9599999998576,1706.3182676855909
14549,41.64943226061561,460.97999999985757,1706.3466006522592
14550,41.64943226061561,460.99999999985755,1706.3749333526157
14551,41.64943226061561,461.01999999985753,1706.4032657865932
14552,41.64943226061561,461.0399999998575,1706.431597954125
14553,41.64943226061561,461.0599999998575,1706.4599298551439
14554,41.64943226061561,461.0799999998575,1706.488261489583
14555,41.64943226061561,461.09999999985746,1706.5165928573754
14556,41.64943226061561,461.11999999985744,1706.5449239584539
14557,41.64943226061561,461.1399999998574,1706.5732547927516
14558,41.64943226061561,461.1599999998574,1706.6015853602019
14559,41.64943226061561,461.1799999998574,1706.6299156607374
14560,41.64943226061561,461.19999999985737,1706.6582456942913
14561,41.64943226061561,461.21999999985735,1706.6865754607963
14562,41.64943226061561,461.23999999985733,1706.714904960186
14563,41.64943226061561,461.2599999998573,1706.743234192393
14564,41.64943226061561,461.2799999998573,1706.7715631573503
14565,41.64943226061561,461.2999999998573,1706.799891854991
14566,41.64943226061561,461.31999999985726,1706.8282202852483
14567,41.64943226061561,461.33999999985724,1706.856548448055
14568,41.64943226061561,461.3599999998572,1706.884876343344
14569,41.64943226061561,461.3799999998572,1706.9132039710487
14570,41.64943226061561,461.3999999998572,1706.9415313311017
14571,41.64943226061561,461.41999999985717,1706.969858423436
14572,41.64943226061561,461.43999999985715,1706.998185247985
14573,41.64943226061561,461.45999999985713,1707.0265118046814
14574,41.5809595494661,461.4799999998571,1707.0548380934583
14575,41.5809595494661,461.4999999998571,1707.0831641142486
14576,41.5809595494661,461.5199999998571,1707.1114898669855
14577,41.5809595494661,461.53999999985706,1707.1398153516018
14578,41.5809595494661,461.55999999985704,1707.1681405680306
14579,41.5809595494661,461.579999999857,1707.1964655162049
14580,41.5809595494661,461.599999999857,1707.2247901960575
14581,41.5809595494661,461.619999999857,1707.2531146075216
14582,41.5809595494661,461.63999999985697,1707.2814387505302
14583,41.5809595494661,461.65999999985695,1707.3097626250162
14584,41.5809595494661,461.67999999985693,1707.3380862309127
14585,41.5809595494661,461.6999999998569,1707.3664095681527
14586,41.5809595494661,461.7199999998569,1707.394732636669
14587,41.5809595494661,461.7399999998569,1707.4230554363949
14588,41.5809595494661,461.75999999985686,1707.451377967263
14589,41.5809595494661,461.77999999985684,1707.4797002292064
14590,41.5809595494661,461.7999999998568,1707.5080222221582
14591,41.5809595494661,461.8199999998568,1707.5363439460514
14592,41.5809595494661,461.8399999998568,1707.564665400819
14593,41.5809595494661,461.85999999985677,1707.5929865863939
14594,41.5809595494661,461.87999999985675,1707.621307502709
14595,41.5809595494661,461.89999999985673,1707.6496281496973
14596,41.5809595494661,461.9199999998567,1707.6779485272918
14597,41.5809595494661,461.9399999998567,1707.7062686354257
14598,41.5809595494661,461.9599999998567,1707.7345884740316
14599,41.5809595494661,461.97999999985666,1707.7629080432416
14600,41.5809595494661,461.99999999985664,1707.7912273454504
14601,41.5809595494661,462.0199999998566,1707.8195463812626
14602,41.5809595494661,462.0399999998566,1707.8478651506116
14603,41.5809595494661,462.0599999998566,1707.8761836534302
14604,41.5809595494661,462.07999999985657,1707.9045018896518
14605,41.5809595494661,462.09999999985655,1707.9328198592095
14606,41.5809595494661,462.11999999985653,1707.9611375620366
14607,41.5809595494661,462.1399999998565,1707.989454998066
14608,41.5809595494661,462.1599999998565,1708.0177721672314
14609,41.5809595494661,462.1799999998565,1708.0460890694656
14610,41.5809595494661,462.19999999985646,1708.0744057047016
14611,41.5809595494661,462.21999999985644,1708.1027220728727
14612,41.5809595494661,462.2399999998564,1708.131038173912
14613,41.5809595494661,462.2599999998564,1708.1593540077529
14614,41.5809595494661,462.2799999998564,1708.1876695743283
14615,41.5809595494661,462.29999999985637,1708.2159848735714
14616,41.5809595494661,462.31999999985635,1708.2442999054156
14617,41.5809595494661,462.33999999985633,1708.2726146697937
14618,41.5809595494661,462.3599999998563,1708.300929166639
14619,41.5809595494661,462.3799999998563,1708.3292433958848
14620,41.5809595494661,462.3999999998563,1708.357557357464
14621,41.5809595494661,462.41999999985626,1708.3858710513098
14622,41.5809595494661,462.43999999985624,1708.4141844773553
14623,41.5809595494661,462.4599999998562,1708.4424976355338
14624,41.5809595494661,462.4799999998562,1708.4708105257785
14625,41.5809595494661,462.4999999998562,1708.4991231480224
14626,41.5809595494661,462.51999999985617,1708.5274355021986
14627,41.5809595494661,462.53999999985615,1708.5557475882404
14628,41.5809595494661,462.55999999985613,1708.5840594060808
14629,41.5809595494661,462.5799999998561,1708.612370955653
14630,41.5809595494661,462.5999999998561,1708.6406822368901
14631,41.5809595494661,462.6199999998561,1708.6689932497252
14632,41.5809595494661,462.63999999985606,1708.6973039940915
14633,41.5809595494661,462.65999999985604,1708.7256144699222
14634,41.5809595494661,462.679999999856,1708.7539246771503
14635,41.5809595494661,462.699999999856,1708.782234615709
14636,41.5809595494661,462.719999999856,1708.8105442855315
14637,41.5809595494661,462.73999999985597,1708.8388536865507
14638,41.5809595494661,462.75999999985595,1708.8671628186999
14639,41.5809595494661,462.77999999985593,1708.895471681912
14640,41.5809595494661,462.7999999998559,1708.9237802761206
14641,41.5809595494661,462.8199999998559,1708.9520886012585
14642,41.5809595494661,462.8399999998559,1708.980396657259
14643,41.5809595494661,462.85999999985586,1709.008704444055
14644,41.5809595494661,462.87999999985584,1709.0370119615795
14645,41.5809595494661,462.8999999998558,1709.0653192097661
14646,41.5809595494661,462.9199999998558,1709.0936261885477
14647,41.5809595494661,462.9399999998558,1709.1219328978573
14648,41.5809595494661,462.95999999985577,1709.150239337628
14649,41.5809595494661,462.97999999985575,1709.178545507793
14650,41.5809595494661,462.99999999985573,1709.206851408533
14651,41.5809595494661,463.0199999998557,1709.2351570425067
14652,41.5809595494661,463.0399999998557,1709.263462410141
14653,41.5809595494661,463.0599999998557,1709.2917675113697
14654,41.5809595494661,463.07999999985566,1709.320072346126
14655,41.5809595494661,463.09999999985564,1709.348376914343
14656,41.5809595494661,463.1199999998556,1709.376681215954
14657,41.5809595494661,463.1399999998556,1709.4049852508927
14658,41.5809595494661,463.1599999998556,1709.4332890190922
14659,41.5809595494661,463.17999999985557,1709.4615925204857
14660,41.5809595494661,463.19999999985555,1709.489895755007
14661,41.5809595494661,463.21999999985553,1709.5181987225887
14662,41.5809595494661,463.2399999998555,1709.5465014231647
14663,41.5809595494661,463.2599999998555,1709.574803856668
14664,41.5809595494661,463.2799999998555,1709.603106023032
14665,41.5809595494661,463.29999999985546,1709.63140792219
14666,41.5809595494661,463.31999999985544,1709.6597095540753
14667,41.5809595494661,463.3399999998554,1709.688010918621
14668,41.5809595494661,463.3599999998554,1709.7163120157609
14669,41.5809595494661,463.3799999998554,1709.7446128454278
14670,41.5809595494661,463.39999999985537,1709.7729134075553
14671,41.5809595494661,463.41999999985535,1709.8012137020767
14672,41.5809595494661,463.43999999985533,1709.8295137289251
14673,41.5809595494661,463.4599999998553,1709.857813488034
14674,41.5809595494661,463.4799999998553,1709.8861129793365
14675,41.5809595494661,463.4999999998553,1709.914412202766
14676,41.5809595494661,463.51999999985526,1709.9427111582559
14677,41.5809595494661,463.53999999985524,1709.9710098457392
14678,41.5809595494661,463.5599999998552,1709.9993082651495
14679,41.5809595494661,463.5799999998552,1710.0276064137418
14680,41.5809595494661,463.5999999998552,1710.0559042885668
14681,41.5809595494661,463.61999999985517,1710.084201889535
14682,41.5809595494661,463.63999999985515,1710.1124992165799
14683,41.5809595494661,463.65999999985513,1710.1407962696344
14684,41.5809595494661,463.6799999998551,1710.1690930486322
14685,41.5809595494661,463.6999999998551,1710.1973895535066
14686,41.5809595494661,463.7199999998551,1710.225685784191
14687,41.5809595494661,463.73999999985506,1710.2539817406187
14688,41.5809595494661,463.75999999985504,1710.282277422723
14689,41.5809595494661,463.779999999855,1710.3105728304372
14690,41.5809595494661,463.799999999855,1710.3388679636946
14691,41.5809595494661,463.819999999855,1710.3671628224288
14692,41.5809595494661,463.83999999985497,1710.3954574065729
14693,41.5809595494661,463.85999999985495,1710.4237517160602
14694,41.5809595494661,463.87999999985493,1710.4520457508243
14695,41.5809595494661,463.8999999998549,1710.480339510798
14696,41.5809595494661,463.9199999998549,1710.5086329959154
14697,41.5809595494661,463.9399999998549,1710.5369262061092
14698,41.5809595494661,463.95999999985486,1710.565219141313
14699,41.5809595494661,463.97999999985484,1710.5935118014602
14700,41.5809595494661,463.9999999998548,1710.6218041864838
14701,41.5809595494661,464.0199999998548,1710.650096296618
14702,41.5809595494661,464.0399999998548,1710.6783881348017
14703,41.5809595494661,464.05999999985477,1710.7066797012703
14704,41.5809595494661,464.07999999985475,1710.7349709959574
14705,41.5809595494661,464.09999999985473,1710.7632620187965
14706,41.5809595494661,464.1199999998547,1710.7915527697212
14707,41.5809595494661,464.1399999998547,1710.819843248665
14708,41.5809595494661,464.1599999998547,1710.8481334555613
14709,41.5809595494661,464.17999999985466,1710.876423390344
14710,41.5809595494661,464.19999999985464,1710.9047130529461
14711,41.5809595494661,464.2199999998546,1710.9330024433016
14712,41.5809595494661,464.2399999998546,1710.9612915613436
14713,41.5809595494661,464.2599999998546,1710.9895804070059
14714,41.5809595494661,464.27999999985457,1711.017868980222
14715,41.5809595494661,464.29999999985455,1711.0461572809254
14716,41.5809595494661,464.31999999985453,1711.0744453090497
14717,41.5809595494661,464.3399999998545,1711.1027330645281
14718,41.5809595494661,464.3599999998545,1711.1310205472946
14719,41.5809595494661,464.3799999998545,1711.1593077572825
14720,41.5809595494661,464.39999999985446,1711.1875946944251
14721,41.5809595494661,464.41999999985444,1711.2158813586561
14722,41.5809595494661,464.4399999998544,1711.2441677499091
14723,41.5809595494661,464.4599999998544,1711.2724538681175
14724,41.5809595494661,464.4799999998544,1711.3007397132149
14725,41.5809595494661,464.49999999985437,1711.3290252851345
14726,41.5809595494661,464.51999999985435,1711.3573105838102
14727,41.5809595494661,464.53999999985433,1711.3855956091754
14728,41.5809595494661,464.5599999998543,1711.4138803611636
14729,41.51267425099036,464.5799999998543,1711.4421648397083
14730,41.51267425099036,464.5999999998543,1711.470449044743
14731,41.51267425099036,464.61999999985426,1711.4987329762012
14732,41.51267425099036,464.63999999985424,1711.5270166340163
14733,41.51267425099036,464.6599999998542,1711.555300018122
14734,41.51267425099036,464.6799999998542,1711.5835831284517
14735,41.51267425099036,464.6999999998542,1711.6118659649387
14736,41.51267425099036,464.71999999985417,1711.6401485275169
14737,41.51267425099036,464.73999999985415,1711.6684308161196
14738,41.51267425099036,464.75999999985413,1711.6967128306803
14739,41.51267425099036,464.7799999998541,1711.7249945711326
14740,41.51267425099036,464.7999999998541,1711.7532760374097
14741,41.51267425099036,464.8199999998541,1711.7815572294453
14742,41.51267425099036,464.83999999985406,1711.809838147173
14743,41.51267425099036,464.85999999985404,1711.838118790526
14744,41.51267425099036,464.879999999854,1711.866399159438
14745,41.51267425099036,464.899999999854,1711.8946792538425
14746,41.51267425099036,464.919999999854,1711.922959073673
14747,41.51267425099036,464.93999999985397,1711.9512386188628
14748,41.51267425099036,464.95999999985395,1711.9795178893455
14749,41.51267425099036,464.97999999985393,1712.0077968850546
14750,41.51267425099036,464.9999999998539,1712.0360756059238
14751,41.51267425099036,465.0199999998539,1712.064354051886
14752,41.51267425099036,465.0399999998539,1712.0926322233436
14753,41.51267425099036,465.05999999985386,1712.120910122822
14754,41.51267425099036,465.07999999985384,1712.1491877504907
14755,41.51267425099036,465.0999999998538,1712.1774651062838
14756,41.51267425099036,465.1199999998538,1712.2057421901345
14757,41.51267425099036,465.1399999998538,1712.2340190019768
14758,41.51267425099036,465.15999999985377,1712.2622955417444
14759,41.51267425099036,465.17999999985375,1712.2905718093707
14760,41.51267425099036,465.19999999985373,1712.3188478047896
14761,41.51267425099036,465.2199999998537,1712.3471235279346
14762,41.51267425099036,465.2399999998537,1712.3753989787394
14763,41.51267425099036,465.2599999998537,1712.4036741571379
14764,41.51267425099036,465.27999999985366,1712.4319490630633
14765,41.51267425099036,465.29999999985364,1712.4602236964495
14766,41.51267425099036,465.3199999998536,1712.4884980572301
14767,41.51267425099036,465.3399999998536,1712.5167721453388
14768,41.51267425099036,465.3599999998536,1712.5450459607093
14769,41.51267425099036,465.37999999985357,1712.5733195032751
14770,41.51267425099036,465.39999999985355,1712.60159277297
14771,41.51267425099036,465.41999999985353,1712.6298657697275
14772,41.51267425099036,465.4399999998535,1712.6581384934814
14773,41.51267425099036,465.4599999998535,1712.6864109441651
14774,41.51267425099036,465.4799999998535,1712.7146831217124
14775,41.51267425099036,465.49999999985346,1712.742955026057
14776,41.51267425099036,465.51999999985344,1712.7712266571325
14777,41.51267425099036,465.5399999998534,1712.7994980148726
14778,41.51267425099036,465.5599999998534,1712.8277690992106
14779,41.51267425099036,465.5799999998534,1712.8560399100807
14780,41.51267425099036,465.59999999985337,1712.884310447416
14781,41.51267425099036,465.61999999985335,1712.9125807111504
14782,41.51267425099036,465.63999999985333,1712.9408507012176
14783,41.51267425099036,465.6599999998533,1712.969120417551
14784,41.51267425099036,465.6799999998533,1712.9973898600845
14785,41.51267425099036,465.6999999998533,1713.0256590287515
14786,41.51267425099036,465.71999999985326,1713.0539279234858
14787,41.51267425099036,465.73999999985324,1713.082196544221
14788,41.51267425099036,465.7599999998532,1713.1104648908906
14789,41.51267425099036,465.7799999998532,1713.1387329634283
14790,41.51267425099036,465.7999999998532,1713.1670007617677
14791,41.51267425099036,465.81999999985317,1713.1952682858423
14792,41.51267425099036,465.83999999985315,1713.223535535586
14793,41.51267425099036,465.85999999985313,1713.2518025109323
14794,41.51267425099036,465.8799999998531,1713.2800692118149
14795,41.51267425099036,465.8999999998531,1713.3083356381671
14796,41.51267425099036,465.9199999998531,1713.336601789923
14797,41.51267425099036,465.93999999985306,1713.364867667016
14798,41.51267425099036,465.95999999985304,1713.3931332693794
14799,41.51267425099036,465.979999999853,1713.4213985969473
14800,41.51267425099036,465.999999999853,1713.449663649653
14801,41.51267425099036,466.019999999853,1713.4779284274305
14802,41.51267425099036,466.03999999985297,1713.506192930213
14803,41.51267425099036,466.05999999985295,1713.5344571586227
14804,41.51267425099036,466.07999999985293,1713.5627211151254
14805,41.51267425099036,466.0999999998529,1713.5909847998598
14806,41.51267425099036,466.1199999998529,1713.6192482127597
14807,41.51267425099036,466.1399999998529,1713.6475113537588
14808,41.51267425099036,466.15999999985286,1713.675774222791
14809,41.51267425099036,466.17999999985284,1713.70403681979
14810,41.51267425099036,466.1999999998528,1713.7322991446895
14811,41.51267425099036,466.2199999998528,1713.7605611974236
14812,41.51267425099036,466.2399999998528,1713.7888229779257
14813,41.51267425099036,466.25999999985277,1713.81708448613
14814,41.51267425099036,466.27999999985275,1713.8453457219698
14815,41.51267425099036,466.29999999985273,1713.8736066853792
14816,41.51267425099036,466.3199999998527,1713.9018673762919
14817,41.51267425099036,466.3399999998527,1713.9301277946417
14818,41.51267425099036,466.3599999998527,1713.9583879403624
14819,41.51267425099036,466.37999999985266,1713.9866478133877
14820,41.51267425099036,466.39999999985264,1714.0149074136514
14821,41.51267425099036,466.4199999998526,1714.0431667410874
14822,41.51267425099036,466.4399999998526,1714.0714257956292
14823,41.51267425099036,466.4599999998526,1714.0996845772108
14824,41.51267425099036,466.47999999985257,1714.127943085766
14825,41.51267425099036,466.49999999985255,1714.1562013212283
14826,41.51267425099036,466.51999999985253,1714.1844592835316
14827,41.51267425099036,466.5399999998525,1714.2127169726098
14828,41.51267425099036,466.5599999998525,1714.2409743883966
14829,41.51267425099036,466.5799999998525,1714.2692315308257
14830,41.51267425099036,466.59999999985246,1714.2974883998309
14831,41.51267425099036,466.61999999985244,1714.3257449953458
14832,41.51267425099036,466.6399999998524,1714.3540013173044
14833,41.51267425099036,466.6599999998524,1714.3822573656405
14834,41.51267425099036,466.6799999998524,1714.4105131402875
14835,41.51267425099036,466.69999999985237,1714.4387686411794
14836,41.51267425099036,466.71999999985235,1714.46702386825
14837,41.51267425099036,466.73999999985233,1714.495278821433
14838,41.51267425099036,466.7599999998523,1714.523533500662
14839,41.51267425099036,466.7799999998523,1714.5517879058712
14840,41.51267425099036,466.7999999998523,1714.580042036994
14841,41.51267425099036,466.81999999985226,1714.6082958939642
14842,41.51267425099036,466.83999999985224,1714.6365494767156
14843,41.51267425099036,466.8599999998522,1714.6648027851818
14844,41.51267425099036,466.8799999998522,1714.6930558192967
14845,41.51267425099036,466.8999999998522,1714.721308578994
14846,41.51267425099036,466.91999999985217,1714.7495610642075
14847,41.51267425099036,466.93999999985215,1714.7778132748708
14848,41.51267425099036,466.95999999985213,1714.8060652109177
14849,41.51267425099036,466.9799999998521,1714.834316872282
14850,41.51267425099036,466.9999999998521,1714.8625682588975
14851,41.51267425099036,467.0199999998521,1714.8908193706977
14852,41.51267425099036,467.03999999985206,1714.9190702076166
14853,41.51267425099036,467.05999999985204,1714.9473207695878
14854,41.51267425099036,467.079999999852,1714.9755710574714
14855,41.51267425099036,467.099999999852,1715.0038210736668
14856,41.51267425099036,467.119999999852,1715.0320708182794
14857,41.51267425099036,467.13999999985197,1715.0603202912428
14858,41.51267425099036,467.15999999985195,1715.0885694924912
14859,41.51267425099036,467.17999999985193,1715.1168184219582
14860,41.51267425099036,467.1999999998519,1715.145067079578
14861,41.51267425099036,467.2199999998519,1715.1733154652845
14862,41.51267425099036,467.2399999998519,1715.2015635790115
14863,41.51267425099036,467.25999999985186,1715.229811420693
14864,41.51267425099036,467.27999999985184,1715.2580589902632
14865,41.51267425099036,467.2999999998518,1715.2863062876556
14866,41.51267425099036,467.3199999998518,1715.3145533128043
14867,41.51267425099036,467.3399999998518,1715.3428000656431
14868,41.51267425099036,467.35999999985177,1715.371046546106
14869,41.51267425099036,467.37999999985175,1715.3992927541271
14870,41.51267425099036,467.39999999985173,1715.4275386896402
14871,41.51267425099036,467.4199999998517,1715.4557843525793
14872,41.51267425099036,467.4399999998517,1715.4840297428782
14873,41.51267425099036,467.4599999998517,1715.5122748604708
14874,41.51267425099036,467.47999999985166,1715.540519705291
14875,41.51267425099036,467.49999999985164,1715.5687642772727
14876,41.51267425099036,467.5199999998516,1715.5970085763502
14877,41.51267425099036,467.5399999998516,1715.6252526024568
14878,41.51267425099036,467.5599999998516,1715.6534963555268
14879,41.51267425099036,467.57999999985157,1715.6817398354942
14880,41.51267425099036,467.59999999985155,1715.7099830422928
14881,41.444575647834924,467.61999999985153,1715.7382259758565
14882,41.444575647834924,467.6399999998515,1715.766468636119
14883,41.444575647834924,467.6599999998515,1715.7947110230145
14884,41.444575647834924,467.6799999998515,1715.8229531364768
14885,41.444575647834924,467.69999999985146,1715.8511949764397
14886,41.444575647834924,467.71999999985144,1715.8794365428373
14887,41.444575647834924,467.7399999998514,1715.9076778356034
14888,41.444575647834924,467.7599999998514,1715.9359188546719
14889,41.444575647834924,467.7799999998514,1715.9641595999767
14890,41.444575647834924,467.79999999985137,1715.9924000714516
14891,41.444575647834924,467.81999999985135,1716.0206402690308
14892,41.444575647834924,467.83999999985133,1716.0488801926479
14893,41.444575647834924,467.8599999998513,1716.077119842237
14894,41.444575647834924,467.8799999998513,1716.1053592177318
14895,41.444575647834924,467.8999999998513,1716.1335983190663
14896,41.444575647834924,467.91999999985126,1716.1618371461743
14897,41.444575647834924,467.93999999985124,1716.1900756989899
14898,41.444575647834924,467.9599999998512,1716.2183139774468
14899,41.444575647834924,467.9799999998512,1716.246551981479
14900,41.444575647834924,467.9999999998512,1716.2747897110203
14901,41.444575647834924,468.01999999985117,1716.3030271660048
14902,41.444575647834924,468.03999999985115,1716.3312643463662
14903,41.444575647834924,468.05999999985113,1716.3595012520384
14904,41.444575647834924,468.0799999998511,1716.3877378829552
14905,41.444575647834924,468.0999999998511,1716.4159742400882
14906,41.444575647834924,468.1199999998511,1716.4442103254692
14907,41.444575647834924,468.13999999985106,1716.4724461391497
14908,41.444575647834924,468.15999999985104,1716.5006816810642
14909,41.444575647834924,468.179999999851,1716.5289169511466
14910,41.444575647834924,468.199999999851,1716.557151949331
14911,41.444575647834924,468.219999999851,1716.5853866755515
14912,41.444575647834924,468.23999999985097,1716.6136211297421
14913,41.444575647834924,468.25999999985095,1716.641855311837
14914,41.444575647834924,468.27999999985093,1716.67008922177
14915,41.444575647834924,468.2999999998509,1716.6983228594754
14916,41.444575647834924,468.3199999998509,1716.7265562248872
14917,41.444575647834924,468.3399999998509,1716.7547893179394
14918,41.444575647834924,468.35999999985086,1716.7830221385661
14919,41.444575647834924,468.37999999985084,1716.8112546867014
14920,41.444575647834924,468.3999999998508,1716.8394869622794
14921,41.444575647834924,468.4199999998508,1716.867718965234
14922,41.444575647834924,468.4399999998508,1716.8959506954993
14923,41.444575647834924,468.45999999985077,1716.9241821530095
14924,41.444575647834924,468.47999999985075,1716.9524133376985
14925,41.444575647834924,468.49999999985073,1716.9806442495005
14926,41.444575647834924,468.5199999998507,1717.0088748883495
14927,41.444575647834924,468.5399999998507,1717.0371052541796
14928,41.444575647834924,468.5599999998507,1717.0653353469247
14929,41.444575647834924,468.57999999985066,1717.0935651665188
14930,41.444575647834924,468.59999999985064,1717.1217947128962
14931,41.444575647834924,468.6199999998506,1717.1500239859909
14932,41.444575647834924,468.6399999998506,1717.1782529857367
14933,41.444575647834924,468.6599999998506,1717.206481712068
14934,41.444575647834924,468.67999999985057,1717.2347101649184
14935,41.444575647834924,468.69999999985055,1717.2629383442222
14936,41.444575647834924,468.71999999985053,1717.2911662499137
14937,41.444575647834924,468.7399999998505,1717.3193938819265
14938,41.444575647834924,468.7599999998505,1717.347621240195
14939,41.444575647834924,468.7799999998505,1717.375848324653
14940,41.444575647834924,468.79999999985046,1717.4040751352343
14941,41.444575647834924,468.81999999985044,1717.4323016718733
14942,41.444575647834924,468.8399999998504,1717.4605279345042
14943,41.444575647834924,468.8599999998504,1717.4887539230606
14944,41.444575647834924,468.8799999998504,1717.5169796374767
14945,41.444575647834924,468.89999999985037,1717.5452050776867
14946,41.444575647834924,468.91999999985035,1717.5734302436244
14947,41.444575647834924,468.93999999985033,1717.601655135224
14948,41.444575647834924,468.9599999998503,1717.6298797524194
14949,41.444575647834924,468.9799999998503,1717.6581040951446
14950,41.444575647834924,468.9999999998503,1717.6863281633339
14951,41.444575647834924,469.01999999985026,1717.714551956921
14952,41.444575647834924,469.03999999985024,1717.74277547584
14953,41.444575647834924,469.0599999998502,1717.770998720025
14954,41.444575647834924,469.0799999998502,1717.7992216894102
14955,41.444575647834924,469.0999999998502,1717.8274443839293
14956,41.444575647834924,469.11999999985017,1717.8556668047943
14957,41.444575647834924,469.13999999985015,1717.8838889539606
14958,41.444575647834924,469.15999999985013,1717.912110831445
14959,41.444575647834924,469.1799999998501,1717.9403324371817
14960,41.444575647834924,469.1999999998501,1717.968553771105
14961,41.444575647834924,469.2199999998501,1717.996774833149
14962,41.444575647834924,469.23999999985006,1718.0249956232478
14963,41.444575647834924,469.25999999985004,1718.053216141336
14964,41.444575647834924,469.27999999985,1718.0814363873476
14965,41.444575647834924,469.29999999985,1718.1096563612168
14966,41.444575647834924,469.31999999985,1718.137876062878
14967,41.444575647834924,469.33999999984997,1718.166095492265
14968,41.444575647834924,469.35999999984995,1718.1943146493124
14969,41.444575647834924,469.37999999984993,1718.2225335339544
14970,41.444575647834924,469.3999999998499,1718.250752146125
14971,41.444575647834924,469.4199999998499,1718.2789704857585
14972,41.444575647834924,469.4399999998499,1718.307188552789
14973,41.444575647834924,469.45999999984986,1718.335406347151
14974,41.444575647834924,469.47999999984984,1718.3636238687786
14975,41.444575647834924,469.4999999998498,1718.391841117606
14976,41.444575647834924,469.5199999998498,1718.4200580935674
14977,41.444575647834924,469.5399999998498,1718.448274796597
14978,41.444575647834924,469.55999999984977,1718.476491226629
14979,41.444575647834924,469.57999999984975,1718.5047073835974
14980,41.444575647834924,469.59999999984973,1718.5329232674367
14981,41.444575647834924,469.6199999998497,1718.561138878081
14982,41.444575647834924,469.6399999998497,1718.5893542154645
14983,41.444575647834924,469.6599999998497,1718.6175692795214
14984,41.444575647834924,469.67999999984966,1718.6457840701858
14985,41.444575647834924,469.69999999984964,1718.6739985873921
14986,41.444575647834924,469.7199999998496,1718.7022128310743
14987,41.444575647834924,469.7399999998496,1718.7304268011667
14988,41.444575647834924,469.7599999998496,1718.7586404976034
14989,41.444575647834924,469.77999999984957,1718.786853920319
14990,41.444575647834924,469.79999999984955,1718.815067069247
14991,41.444575647834924,469.81999999984953,1718.8432799443221
14992,41.444575647834924,469.8399999998495,1718.8714925454785
14993,41.444575647834924,469.8599999998495,1718.89970487265
14994,41.444575647834924,469.8799999998495,1718.9279169257713
14995,41.444575647834924,469.89999999984946,1718.9561287047761
14996,41.444575647834924,469.91999999984944,1718.984340209599
14997,41.444575647834924,469.9399999998494,1719.0125514401739
14998,41.444575647834924,469.9599999998494,1719.040762396435
14999,41.444575647834924,469.9799999998494,1719.0689730783165
15000,41.444575647834924,469.99999999984936,1719.0971834857528
15001,41.444575647834924,470.01999999984935,1719.125393618678
15002,41.444575647834924,470.03999999984933,1719.1536034770259
15003,41.444575647834924,470.0599999998493,1719.181813060731
15004,41.444575647834924,470.0799999998493,1719.2100223697275
15005,41.444575647834924,470.0999999998493,1719.2382314039496
15006,41.444575647834924,470.11999999984926,1719.2664401633315
15007,41.444575647834924,470.13999999984924,1719.2946486493443
15008,41.444575647834924,470.1599999998492,1719.3228568638592
15009,41.444575647834924,470.1799999998492,1719.3510648068554
15010,41.444575647834924,470.1999999998492,1719.3792724782672
15011,41.444575647834924,470.21999999984916,1719.407479878029
15012,41.444575647834924,470.23999999984915,1719.4356870060756
15013,41.444575647834924,470.25999999984913,1719.4638938623411
15014,41.444575647834924,470.2799999998491,1719.49210044676
15015,41.444575647834924,470.2999999998491,1719.520306759267
15016,41.444575647834924,470.3199999998491,1719.548512799796
15017,41.444575647834924,470.33999999984906,1719.5767185682819
15018,41.444575647834924,470.35999999984904,1719.604924064659
15019,41.444575647834924,470.379999999849,1719.6331292888617
15020,41.444575647834924,470.399999999849,1719.6613342408245
15021,41.444575647834924,470.419999999849,1719.689538920482
15022,41.444575647834924,470.43999999984896,1719.7177433277682
15023,41.444575647834924,470.45999999984895,1719.745947462618
15024,41.444575647834924,470.4799999998489,1719.7741513249657
15025,41.444575647834924,470.4999999998489,1719.8023549147456
15026,41.444575647834924,470.5199999998489,1719.8305582318922
15027,41.444575647834924,470.5399999998489,1719.85876127634
15028,41.444575647834924,470.55999999984886,1719.8869640480232
15029,41.444575647834924,470.57999999984884,1719.9151665468764
15030,41.444575647834924,470.5999999998488,1719.9433687728342
15031,41.444575647834924,470.6199999998488,1719.9715707258308
15032,41.444575647834924,470.6399999998488,1719.9997724058007
15033,41.444575647834924,470.65999999984876,1720.0279738095442
15034,41.444575647834924,470.67999999984875,1720.0561749337844
15035,41.444575647834924,470.6999999998487,1720.0843757784473
15036,41.444575647834924,470.7199999998487,1720.1125763434677
15037,41.444575647834924,470.7399999998487,1720.1407766287796
15038,41.37666302617279,470.7599999998487,1720.1689766343177
15039,41.37666302617279,470.77999999984866,1720.1971763600166
15040,41.37666302617279,470.79999999984864,1720.2253758058105
15041,41.37666302617279,470.8199999998486,1720.253574971634
15042,41.37666302617279,470.8399999998486,1720.2817738574215
15043,41.37666302617279,470.8599999998486,1720.3099724631077
15044,41.37666302617279,470.87999999984856,1720.3381707886267
15045,41.37666302617279,470.89999999984855,1720.3663688339134
15046,41.37666302617279,470.9199999998485,1720.394566598902
15047,41.37666302617279,470.9399999998485,1720.422764083527
15048,41.37666302617279,470.9599999998485,1720.4509612877227
15049,41.37666302617279,470.9799999998485,1720.479158211424
15050,41.37666302617279,470.99999999984846,1720.507354854565
15051,41.37666302617279,471.01999999984844,1720.5355512170802
15052,41.37666302617279,471.0399999998484,1720.5637472989042
15053,41.37666302617279,471.0599999998484,1720.5919430999713
15054,41.37666302617279,471.0799999998484,1720.620138620216
15055,41.37666302617279,471.09999999984836,1720.6483338595729
15056,41.37666302617279,471.11999999984835,1720.6765288179763
15057,41.37666302617279,471.1399999998483,1720.704723495361
15058,41.37666302617279,471.1599999998483,1720.7329178932564
15059,41.37666302617279,471.1799999998483,1720.761112013217
15060,41.37666302617279,471.1999999998483,1720.78930585518
15061,41.37666302617279,471.21999999984826,1720.81749941908
15062,41.37666302617279,471.23999999984824,1720.845692704852
15063,41.37666302617279,471.2599999998482,1720.8738857124304
15064,41.37666302617279,471.2799999998482,1720.90207844175
15065,41.37666302617279,471.2999999998482,1720.9302708927455
15066,41.37666302617279,471.31999999984816,1720.9584630653517
15067,41.37666302617279,471.33999999984815,1720.986654959503
15068,41.37666302617279,471.3599999998481,1721.0148465751345
15069,41.37666302617279,471.3799999998481,1721.0430379121804
15070,41.37666302617279,471.3999999998481,1721.0712289705755
15071,41.37666302617279,471.4199999998481,1721.0994197502546
15072,41.37666302617279,471.43999999984806,1721.1276102511524
15073,41.37666302617279,471.45999999984804,1721.1558004732035
15074,41.37666302617279,471.479999999848,1721.1839904163426
15075,41.37666302617279,471.499999999848,1721.2121800805044
15076,41.37666302617279,471.519999999848,1721.2403694656236
15077,41.37666302617279,471.53999999984796,1721.268558571635
15078,41.37666302617279,471.55999999984795,1721.296747398473
15079,41.37666302617279,471.5799999998479,1721.3249359460722
15080,41.37666302617279,471.5999999998479,1721.3531242143674
15081,41.37666302617279,471.6199999998479,1721.3813122032934
15082,41.37666302617279,471.6399999998479,1721.409499912785
15083,41.37666302617279,471.65999999984786,1721.4376873427764
15084,41.37666302617279,471.67999999984784,1721.4658744932026
15085,41.37666302617279,471.6999999998478,1721.494061363998
15086,41.37666302617279,471.7199999998478,1721.5222479550978
15087,41.37666302617279,471.7399999998478,1721.550434266436
15088,41.37666302617279,471.75999999984776,1721.5786202979477
15089,41.37666302617279,471.77999999984775,1721.6068060495675
15090,41.37666302617279,471.7999999998477,1721.63499152123
15091,41.37666302617279,471.8199999998477,1721.6631767128697
15092,41.37666302617279,471.8399999998477,1721.6913616244215
15093,41.37666302617279,471.8599999998477,1721.7195462558198
15094,41.37666302617279,471.87999999984766,1721.7477306069995
15095,41.37666302617279,471.89999999984764,1721.7759146778951
15096,41.37666302617279,471.9199999998476,1721.8040984684415
15097,41.37666302617279,471.9399999998476,1721.832281978573
15098,41.37666302617279,471.9599999998476,1721.8604652082245
15099,41.37666302617279,471.97999999984756,1721.8886481573306
15100,41.37666302617279,471.99999999984755,1721.9168308258259
15101,41.37666302617279,472.0199999998475,1721.945013213645
15102,41.37666302617279,472.0399999998475,1721.9731953207229
15103,41.37666302617279,472.0599999998475,1722.0013771469937
15104,41.37666302617279,472.0799999998475,1722.0295586923924
15105,41.37666302617279,472.09999999984746,1722.0577399568535
15106,41.37666302617279,472.11999999984744,1722.0859209403118
15107,41.37666302617279,472.1399999998474,1722.1141016427018
15108,41.37666302617279,472.1599999998474,1722.1422820639948
15109,41.37666302617279,472.1799999998474,1722.1704622059444
15110,41.37666302617279,472.19999999984736,1722.198642069974
15111,41.37666302617279,472.21999999984735,1722.226821656019
15112,41.37666302617279,472.2399999998473,1722.2550009640136
15113,41.37666302617279,472.2599999998473,1722.2831799938929
15114,41.37666302617279,472.2799999998473,1722.3113587455916
15115,41.37666302617279,472.2999999998473,1722.3395372190446
15116,41.37666302617279,472.31999999984725,1722.3677154141867
15117,41.37666302617279,472.33999999984724,1722.3958933309527
15118,41.37666302617279,472.3599999998472,1722.4240709692774
15119,41.37666302617279,472.3799999998472,1722.4522483290957
15120,41.37666302617279,472.3999999998472,1722.4804254103421
15121,41.37666302617279,472.41999999984716,1722.5086022129517
15122,41.37666302617279,472.43999999984715,1722.5367787368593
15123,41.37666302617279,472.4599999998471,1722.5649549819996
15124,41.37666302617279,472.4799999998471,1722.5931309483074
15125,41.37666302617279,472.4999999998471,1722.6213066357175
15126,41.37666302617279,472.5199999998471,1722.6494820441649
15127,41.37666302617279,472.53999999984705,1722.677657173584
15128,41.37666302617279,472.55999999984704,1722.70583202391
15129,41.37666302617279,472.579999999847,1722.7340065950775
15130,41.37666302617279,472.599999999847,1722.7621808870213
15131,41.37666302617279,472.619999999847,1722.7903548996762
15132,41.37666302617279,472.63999999984696,1722.8185286329772
15133,41.37666302617279,472.65999999984695,1722.8467020868588
15134,41.37666302617279,472.6799999998469,1722.874875261256
15135,41.37666302617279,472.6999999998469,1722.9030481561033
15136,41.37666302617279,472.7199999998469,1722.9312207713358
15137,41.37666302617279,472.7399999998469,1722.959393106888
15138,41.37666302617279,472.75999999984685,1722.9875651626949
15139,41.37666302617279,472.77999999984684,1723.0157369386914
15140,41.37666302617279,472.7999999998468,1723.043908434812
15141,41.37666302617279,472.8199999998468,1723.0720796509916
15142,41.37666302617279,472.8399999998468,1723.100250587165
15143,41.37666302617279,472.85999999984676,1723.128421243267
15144,41.37666302617279,472.87999999984675,1723.1565916192324
15145,41.37666302617279,472.8999999998467,1723.1847617149958
15146,41.37666302617279,472.9199999998467,1723.2129315304924
15147,41.37666302617279,472.9399999998467,1723.2411010656565
15148,41.37666302617279,472.9599999998467,1723.2692703204232
15149,41.37666302617279,472.97999999984665,1723.2974392947272
15150,41.37666302617279,472.99999999984664,1723.3256079885032
15151,41.37666302617279,473.0199999998466,1723.353776401686
15152,41.37666302617279,473.0399999998466,1723.3819445342103
15153,41.37666302617279,473.0599999998466,1723.410112386011
15154,41.37666302617279,473.07999999984656,1723.4382799570228
15155,41.37666302617279,473.09999999984655,1723.4664472471804
15156,41.37666302617279,473.1199999998465,1723.4946142564188
15157,41.37666302617279,473.1399999998465,1723.5227809846726
15158,41.37666302617279,473.1599999998465,1723.5509474318767
15159,41.37666302617279,473.1799999998465,1723.579113598045
15160,41.37666302617279,473.19999999984645,1723.607279485172
15161,41.37666302617279,473.21999999984644,1723.6354450945387
15162,41.37666302617279,473.2399999998464,1723.66361042608
15163,41.37666302617279,473.2599999998464,1723.6917754797307
15164,41.37666302617279,473.2799999998464,1723.7199402554259
15165,41.37666302617279,473.29999999984636,1723.7481047531003
15166,41.37666302617279,473.31999999984635,1723.776268972689
15167,41.37666302617279,473.3399999998463,1723.804432914127
15168,41.37666302617279,473.3599999998463,1723.8325965773488
15169,41.37666302617279,473.3799999998463,1723.8607599622896
15170,41.37666302617279,473.3999999998463,1723.8889230688844
15171,41.37666302617279,473.41999999984625,1723.917085897068
15172,41.37666302617279,473.43999999984624,1723.9452484467754
15173,41.37666302617279,473.4599999998462,1723.9734107179413
15174,41.37666302617279,473.4799999998462,1724.0015727105006
15175,41.37666302617279,473.4999999998462,1724.0297344243884
15176,41.37666302617279,473.51999999984616,1724.0578958595395
15177,41.37666302617279,473.53999999984615,1724.0860570158889
15178,41.37666302617279,473.5599999998461,1724.1142178933712
15179,41.37666302617279,473.5799999998461,1724.1423784919216
15180,41.37666302617279,473.5999999998461,1724.170538811475
15181,41.37666302617279,473.6199999998461,1724.198698851966
15182,41.37666302617279,473.63999999984605,1724.2268586133298
15183,41.37666302617279,473.65999999984604,1724.255018095501
15184,41.37666302617279,473.679999999846,1724.283177298415
15185,41.37666302617279,473.699999999846,1724.3113362220063
15186,41.37666302617279,473.719999999846,1724.3394948662099
15187,41.37666302617279,473.73999999984596,1724.3676532309605
15188,41.37666302617279,473.75999999984595,1724.3958113161932
15189,41.37666302617279,473.7799999998459,1724.423969121843
15190,41.37666302617279,473.7999999998459,1724.4521266478446
15191,41.30893567568227,473.8199999998459,1724.480283894133
15192,41.30893567568227,473.8399999998459,1724.5084408606428
15193,41.30893567568227,473.85999999984585,1724.5365975473092
15194,41.30893567568227,473.87999999984584,1724.5647539540669
15195,41.30893567568227,473.8999999998458,1724.592910080851
15196,41.30893567568227,473.9199999998458,1724.6210659275962
15197,41.30893567568227,473.9399999998458,1724.6492214942375
15198,41.30893567568227,473.95999999984576,1724.6773767807097
15199,41.30893567568227,473.97999999984575,1724.7055317869476
15200,41.30893567568227,473.9999999998457,1724.7336865128862
15201,41.30893567568227,474.0199999998457,1724.7618409584602
15202,41.30893567568227,474.0399999998457,1724.7899951236047
15203,41.30893567568227,474.0599999998457,1724.8181490082545
15204,41.30893567568227,474.07999999984565,1724.8463026123445
15205,41.30893567568227,474.09999999984564,1724.8744559358095
15206,41.30893567568227,474.1199999998456,1724.9026089785843
15207,41.30893567568227,474.1399999998456,1724.930761740604
15208,41.30893567568227,474.1599999998456,1724.9589142218035
15209,41.30893567568227,474.17999999984556,1724.9870664221176
15210,41.30893567568227,474.19999999984555,1725.0152183415908
15211,41.30893567568227,474.2199999998455,1725.0433699821874
15212,41.30893567568227,474.2399999998455,1725.0715213448832
15213,41.30893567568227,474.2599999998455,1725.0996724296128
15214,41.30893567568227,474.2799999998455,1725.1278232363115
15215,41.30893567568227,474.29999999984545,1725.1559737649143
15216,41.30893567568227,474.31999999984544,1725.184124015356
15217,41.30893567568227,474.3399999998454,1725.2122739875717
15218,41.30893567568227,474.3599999998454,1725.2404236814964
15219,41.30893567568227,474.3799999998454,1725.2685730970652
15220,41.30893567568227,474.39999999984536,1725.296722234213
15221,41.30893567568227,474.41999999984534,1725.3248710928744
15222,41.30893567568227,474.4399999998453,1725.3530196729848
15223,41.30893567568227,474.4599999998453,1725.3811679744792
15224,41.30893567568227,474.4799999998453,1725.4093159972924
15225,41.30893567568227,474.4999999998453,1725.4374637413596
15226,41.30893567568227,474.51999999984525,1725.4656112066154
15227,41.30893567568227,474.53999999984524,1725.4937583929952
15228,41.30893567568227,474.5599999998452,1725.5219053004337
15229,41.30893567568227,474.5799999998452,1725.550051928866
15230,41.30893567568227,474.5999999998452,1725.5781982782269
15231,41.30893567568227,474.61999999984516,1725.6063443484516
15232,41.30893567568227,474.63999999984514,1725.634490139475
15233,41.30893567568227,474.6599999998451,1725.662635651232
15234,41.30893567568227,474.6799999998451,1725.6907808836577
15235,41.30893567568227,474.6999999998451,1725.7189258366868
15236,41.30893567568227,474.7199999998451,1725.7470705102546
15237,41.30893567568227,474.73999999984505,1725.7752149042958
15238,41.30893567568227,474.75999999984504,1725.8033590187456
15239,41.30893567568227,474.779999999845,1725.8315028535387
15240,41.30893567568227,474.799999999845,1725.8596464086104
15241,41.30893567568227,474.819999999845,1725.8877896838953
15242,41.30893567568227,474.83999999984496,1725.9159326793288
15243,41.30893567568227,474.85999999984494,1725.9440753948454
15244,41.30893567568227,474.8799999998449,1725.9722178303803
15245,41.30893567568227,474.8999999998449,1726.0003599858685
15246,41.30893567568227,474.9199999998449,1726.0285018612449
15247,41.30893567568227,474.9399999998449,1726.0566434564444
15248,41.30893567568227,474.95999999984485,1726.084784771402
15249,41.30893567568227,474.97999999984484,1726.1129258060525
15250,41.30893567568227,474.9999999998448,1726.1410665603312
15251,41.30893567568227,475.0199999998448,1726.1692070341728
15252,41.30893567568227,475.0399999998448,1726.1973472275122
15253,41.30893567568227,475.05999999984476,1726.2254871402845
15254,41.30893567568227,475.07999999984474,1726.2536267724247
15255,41.30893567568227,475.0999999998447,1726.2817661238676
15256,41.30893567568227,475.1199999998447,1726.309905194548
15257,41.30893567568227,475.1399999998447,1726.3380439844013
15258,41.30893567568227,475.1599999998447,1726.3661824933622
15259,41.30893567568227,475.17999999984465,1726.3943207213656
15260,41.30893567568227,475.19999999984464,1726.4224586683465
15261,41.30893567568227,475.2199999998446,1726.4505963343927
15262,41.30893567568227,475.2399999998446,1726.4787337216994
15263,41.30893567568227,475.2599999998446,1726.5068708310869
15264,41.30893567568227,475.27999999984456,1726.5350076624902
15265,41.30893567568227,475.29999999984454,1726.5631442158444
15266,41.30893567568227,475.3199999998445,1726.5912804910847
15267,41.30893567568227,475.3399999998445,1726.6194164881463
15268,41.30893567568227,475.3599999998445,1726.647552206964
15269,41.30893567568227,475.3799999998445,1726.6756876474733
15270,41.30893567568227,475.39999999984445,1726.703822809609
15271,41.30893567568227,475.41999999984444,1726.7319576933062
15272,41.30893567568227,475.4399999998444,1726.7600922985002
15273,41.30893567568227,475.4599999998444,1726.7882266251263
15274,41.30893567568227,475.4799999998444,1726.8163606731193
15275,41.30893567568227,475.49999999984436,1726.8444944424143
15276,41.30893567568227,475.51999999984434,1726.8726279329464
15277,41.30893567568227,475.5399999998443,1726.900761144651
15278,41.30893567568227,475.5599999998443,1726.928894077463
15279,41.30893567568227,475.5799999998443,1726.9570267313175
15280,41.30893567568227,475.5999999998443,1726.9851591061497
15281,41.30893567568227,475.61999999984425,1727.0132912018946
15282,41.30893567568227,475.63999999984424,1727.0414230184874
15283,41.30893567568227,475.6599999998442,1727.069554555863
15284,41.30893567568227,475.6799999998442,1727.0976858139568
15285,41.30893567568227,475.6999999998442,1727.1258167927037
15286,41.30893567568227,475.71999999984416,1727.153947492039
15287,41.30893567568227,475.73999999984414,1727.1820779118975
15288,41.30893567568227,475.7599999998441,1727.2102080522145
15289,41.30893567568227,475.7799999998441,1727.238337912925
15290,41.30893567568227,475.7999999998441,1727.2664674939645
15291,41.30893567568227,475.8199999998441,1727.2945967952676
15292,41.30893567568227,475.83999999984405,1727.3227258167694
15293,41.30893567568227,475.85999999984404,1727.3508545584054
15294,41.30893567568227,475.879999999844,1727.3789830201104
15295,41.30893567568227,475.899999999844,1727.4071112018194
15296,41.30893567568227,475.919999999844,1727.4352391034677
15297,41.30893567568227,475.93999999984396,1727.4633667249902
15298,41.30893567568227,475.95999999984394,1727.4914940663223
15299,41.30893567568227,475.9799999998439,1727.5196211273988
15300,41.30893567568227,475.9999999998439,1727.5477479081549
15301,41.30893567568227,476.0199999998439,1727.5758744085256
15302,41.30893567568227,476.0399999998439,1727.604000628446
15303,41.30893567568227,476.05999999984385,1727.6321265678516
15304,41.30893567568227,476.07999999984384,1727.660252226677
15305,41.30893567568227,476.0999999998438,1727.6883776048574
15306,41.30893567568227,476.1199999998438,1727.7165027023277
15307,41.30893567568227,476.1399999998438,1727.7446275190234
15308,41.30893567568227,476.15999999984376,1727.7727520548792
15309,41.30893567568227,476.17999999984374,1727.8008763098305
15310,41.30893567568227,476.1999999998437,1727.829000283812
15311,41.30893567568227,476.2199999998437,1727.857123976759
15312,41.30893567568227,476.2399999998437,1727.8852473888064
15313,41.30893567568227,476.25999999984367,1727.9133705224042
15314,41.30893567568227,476.27999999984365,1727.9414933782066
15315,41.30893567568227,476.29999999984364,1727.969615956149
15316,41.30893567568227,476.3199999998436,1727.9977382561667
15317,41.30893567568227,476.3399999998436,1728.025860278195
15318,41.30893567568227,476.3599999998436,1728.0539820221693
15319,41.30893567568227,476.37999999984356,1728.0821034880248
15320,41.30893567568227,476.39999999984354,1728.1102246756968
15321,41.30893567568227,476.4199999998435,1728.1383455851208
15322,41.30893567568227,476.4399999998435,1728.166466216232
15323,41.30893567568227,476.4599999998435,1728.1945865689659
15324,41.30893567568227,476.47999999984347,1728.2227066432574
15325,41.30893567568227,476.49999999984345,1728.2508264390422
15326,41.30893567568227,476.51999999984344,1728.2789459562555
15327,41.30893567568227,476.5399999998434,1728.3070651948326
15328,41.30893567568227,476.5599999998434,1728.335184154709
15329,41.30893567568227,476.5799999998434,1728.36330283582
15330,41.30893567568227,476.59999999984336,1728.3914212381007
15331,41.30893567568227,476.61999999984334,1728.4195393614866
15332,41.30893567568227,476.6399999998433,1728.447657205913
15333,41.30893567568227,476.6599999998433,1728.475774771315
15334,41.30893567568227,476.6799999998433,1728.503892057628
15335,41.30893567568227,476.69999999984327,1728.5320090647876
15336,41.30893567568227,476.71999999984325,1728.560125792729
15337,41.30893567568227,476.73999999984323,1728.5882422413872
15338,41.30893567568227,476.7599999998432,1728.6163584106978
15339,41.30893567568227,476.7799999998432,1728.6444743005961
15340,41.30893567568227,476.7999999998432,1728.6725899110174
15341,41.30893567568227,476.81999999984316,1728.700705241897
15342,41.30893567568227,476.83999999984314,1728.72882029317
15343,41.30893567568227,476.8599999998431,1728.7569350647718
15344,41.30893567568227,476.8799999998431,1728.785049556638
15345,41.241392889525876,476.8999999998431,1728.8131637687034
15346,41.241392889525876,476.91999999984307,1728.8412777009037
15347,41.241392889525876,476.93999999984305,1728.869391353174
15348,41.241392889525876,476.95999999984303,1728.8975047254498
15349,41.241392889525876,476.979999999843,1728.9256178176663
15350,41.241392889525876,476.999999999843,1728.9537306297589
15351,41.241392889525876,477.019999999843,1728.9818431616627
15352,41.241392889525876,477.03999999984296,1729.009955413313
15353,41.241392889525876,477.05999999984294,1729.0380673846453
15354,41.241392889525876,477.0799999998429,1729.0661790755946
15355,41.241392889525876,477.0999999998429,1729.0942904860965
15356,41.241392889525876,477.1199999998429,1729.122401616086
15357,41.241392889525876,477.13999999984287,1729.1505124654989
15358,41.241392889525876,477.15999999984285,1729.17862303427
15359,41.241392889525876,477.17999999984283,1729.2067333223347
15360,41.241392889525876,477.1999999998428,1729.2348433296283
15361,41.241392889525876,477.2199999998428,1729.2629530560862
15362,41.241392889525876,477.2399999998428,1729.2910625016436
15363,41.241392889525876,477.25999999984276,1729.319171666455
15364,41.241392889525876,477.27999999984274,1729.3472805529013
15365,41.241392889525876,477.2999999998427,1729.3753891613896
15366,41.241392889525876,477.3199999998427,1729.4034974918554
15367,41.241392889525876,477.3399999998427,1729.4316055442343
15368,41.241392889525876,477.35999999984267,1729.459713318462
15369,41.241392889525876,477.37999999984265,1729.487820814474
15370,41.241392889525876,477.39999999984263,1729.5159280322055
15371,41.241392889525876,477.4199999998426,1729.5440349715925
15372,41.241392889525876,477.4399999998426,1729.5721416325705
15373,41.241392889525876,477.4599999998426,1729.600248015075
15374,41.241392889525876,477.47999999984256,1729.6283541190417
15375,41.241392889525876,477.49999999984254,1729.656459944406
15376,41.241392889525876,477.5199999998425,1729.6845654911033
15377,41.241392889525876,477.5399999998425,1729.7126707590694
15378,41.241392889525876,477.5599999998425,1729.74077574824
15379,41.241392889525876,477.57999999984247,1729.7688804585503
15380,41.241392889525876,477.59999999984245,1729.796984889936
15381,41.241392889525876,477.61999999984243,1729.8250890423328
15382,41.241392889525876,477.6399999998424,1729.8531929156761
15383,41.241392889525876,477.6599999998424,1729.8812965099016
15384,41.241392889525876,477.6799999998424,1729.9093998249448
15385,41.241392889525876,477.69999999984236,1729.9375028607412
15386,41.241392889525876,477.71999999984234,1729.9656056172264
15387,41.241392889525876,477.7399999998423,1729.993708094336
15388,41.241392889525876,477.7599999998423,1730.0218102897745
15389,41.241392889525876,477.7799999998423,1730.049912198856
15390,41.241392889525876,477.79999999984227,1730.0780138212506
15391,41.241392889525876,477.81999999984225,1730.1061151568938
15392,41.241392889525876,477.83999999984223,1730.1342162057215
15393,41.241392889525876,477.8599999998422,1730.162316967669
15394,41.241392889525876,477.8799999998422,1730.1904174426722
15395,41.241392889525876,477.8999999998422,1730.2185176306666
15396,41.241392889525876,477.91999999984216,1730.2466175315878
15397,41.241392889525876,477.93999999984214,1730.2747171453716
15398,41.241392889525876,477.9599999998421,1730.3028164719535
15399,41.241392889525876,477.9799999998421,1730.3309155112693
15400,41.241392889525876,477.9999999998421,1730.3590142632545
15401,41.241392889525876,478.01999999984207,1730.3871127278449
15402,41.241392889525876,478.03999999984205,1730.4152109049758
15403,41.241392889525876,478.05999999984203,1730.4433087945831
15404,41.241392889525876,478.079999999842,1730.4714063966023
15405,41.241392889525876,478.099999999842,1730.499503710969
15406,41.241392889525876,478.119999999842,1730.5276007376192
15407,41.241392889525876,478.13999999984196,1730.5556974764881
15408,41.241392889525876,478.15999999984194,1730.5837939275116
15409,41.241392889525876,478.1799999998419,1730.611890090625
15410,41.241392889525876,478.1999999998419,1730.639985965764
15411,41.241392889525876,478.2199999998419,1730.6680815528646
15412,41.241392889525876,478.23999999984187,1730.696176851862
15413,41.241392889525876,478.25999999984185,1730.724271862692
15414,41.241392889525876,478.27999999984183,1730.7523665855565
15415,41.241392889525876,478.2999999998418,1730.780461023088
15416,41.241392889525876,478.3199999998418,1730.8085551755203
15417,41.241392889525876,478.3399999998418,1730.8366490427888
15418,41.241392889525876,478.35999999984176,1730.86474262483
15419,41.241392889525876,478.37999999984174,1730.8928359215788
15420,41.241392889525876,478.3999999998417,1730.9209289329717
15421,41.241392889525876,478.4199999998417,1730.9490216589443
15422,41.241392889525876,478.4399999998417,1730.9771140994321
15423,41.241392889525876,478.45999999984167,1731.0052062543714
15424,41.241392889525876,478.47999999984165,1731.0332981236977
15425,41.241392889525876,478.49999999984163,1731.0613897073467
15426,41.241392889525876,478.5199999998416,1731.0894810052544
15427,41.241392889525876,478.5399999998416,1731.1175720173565
15428,41.241392889525876,478.5599999998416,1731.1456627435887
15429,41.241392889525876,478.57999999984156,1731.173753183887
15430,41.241392889525876,478.59999999984154,1731.201843338187
15431,41.241392889525876,478.6199999998415,1731.2299332064247
15432,41.241392889525876,478.6399999998415,1731.2580227885355
15433,41.241392889525876,478.6599999998415,1731.2861120844555
15434,41.241392889525876,478.67999999984147,1731.3142010941203
15435,41.241392889525876,478.69999999984145,1731.342289817466
15436,41.241392889525876,478.71999999984143,1731.370378254428
15437,41.241392889525876,478.7399999998414,1731.3984664049424
15438,41.241392889525876,478.7599999998414,1731.4265542689448
15439,41.241392889525876,478.7799999998414,1731.454641846371
15440,41.241392889525876,478.79999999984136,1731.4827291371569
15441,41.241392889525876,478.81999999984134,1731.510816141238
15442,41.241392889525876,478.8399999998413,1731.5389028585503
15443,41.241392889525876,478.8599999998413,1731.5669892890294
15444,41.241392889525876,478.8799999998413,1731.5950754326113
15445,41.241392889525876,478.89999999984127,1731.6231612892316
15446,41.241392889525876,478.91999999984125,1731.6512468588262
15447,41.241392889525876,478.93999999984123,1731.6793321413306
15448,41.241392889525876,478.9599999998412,1731.707417136681
15449,41.241392889525876,478.9799999998412,1731.735501844813
15450,41.241392889525876,478.9999999998412,1731.763586265662
15451,41.241392889525876,479.01999999984116,1731.7916703991643
15452,41.241392889525876,479.03999999984114,1731.8197542452554
15453,41.241392889525876,479.0599999998411,1731.847837803871
15454,41.241392889525876,479.0799999998411,1731.875921074947
15455,41.241392889525876,479.0999999998411,1731.904004058419
15456,41.241392889525876,479.11999999984107,1731.9320867542233
15457,41.241392889525876,479.13999999984105,1731.960169162295
15458,41.241392889525876,479.15999999984103,1731.9882512825702
15459,41.241392889525876,479.179999999841,1732.0163331149845
15460,41.241392889525876,479.199999999841,1732.0444146594737
15461,41.241392889525876,479.219999999841,1732.0724959159736
15462,41.241392889525876,479.23999999984096,1732.10057688442
15463,41.241392889525876,479.25999999984094,1732.1286575647487
15464,41.241392889525876,479.2799999998409,1732.1567379568953
15465,41.241392889525876,479.2999999998409,1732.1848180612524
15466,41.241392889525876,479.3199999998409,1732.2128978804526
15467,41.241392889525876,479.33999999984087,1732.2409774146809
15468,41.241392889525876,479.35999999984085,1732.269056663873
15469,41.241392889525876,479.37999999984083,1732.297135627965
15470,41.241392889525876,479.3999999998408,1732.3252143068926
15471,41.241392889525876,479.4199999998408,1732.3532927005917
15472,41.241392889525876,479.4399999998408,1732.3813708089983
15473,41.241392889525876,479.45999999984076,1732.4094486320482
15474,41.241392889525876,479.47999999984074,1732.4375261696775
15475,41.241392889525876,479.4999999998407,1732.4656034218222
15476,41.241392889525876,479.5199999998407,1732.4936803884177
15477,41.241392889525876,479.5399999998407,1732.5217570694003
15478,41.241392889525876,479.55999999984067,1732.549833464706
15479,41.241392889525876,479.57999999984065,1732.5779095742703
15480,41.241392889525876,479.59999999984063,1732.6059853980294
15481,41.241392889525876,479.6199999998406,1732.634060935919
15482,41.241392889525876,479.6399999998406,1732.6621361878751
15483,41.241392889525876,479.6599999998406,1732.6902111538336
15484,41.241392889525876,479.67999999984056,1732.7182858337305
15485,41.241392889525876,479.69999999984054,1732.7463602275016
15486,41.241392889525876,479.7199999998405,1732.7744343350828
15487,41.241392889525876,479.7399999998405,1732.8025081564099
15488,41.241392889525876,479.7599999998405,1732.830581691419
15489,41.241392889525876,479.77999999984047,1732.8586549400457
15490,41.241392889525876,479.79999999984045,1732.886727902226
15491,41.241392889525876,479.81999999984043,1732.9148005778961
15492,41.241392889525876,479.8399999998404,1732.9428729669914
15493,41.241392889525876,479.8599999998404,1732.9709450694481
15494,41.241392889525876,479.8799999998404,1732.999016885202
15495,41.241392889525876,479.89999999984036,1733.027088414189
15496,41.241392889525876,479.91999999984034,1733.0551596563448
15497,41.241392889525876,479.9399999998403,1733.0832306116056
15498,41.241392889525876,479.9599999998403,1733.1113012799071
15499,41.241392889525876,479.9799999998403,1733.1393716611854
15500,41.241392889525876,479.99999999984027,1733.1674417553759
15501,41.241392889525876,480.01999999984025,1733.1955115624148
15502,41.241392889525876,480.03999999984023,1733.223581082238
15503,41.241392889525876,480.0599999998402,1733.2516503147815
15504,41.17403396432955,480.0799999998402,1733.279719259981
15505,41.17403396432955,480.0999999998402,1733.3077879177722
15506,41.17403396432955,480.11999999984016,1733.3358562880912
15507,41.17403396432955,480.13999999984014,1733.363924370874
15508,41.17403396432955,480.1599999998401,1733.391992166056
15509,41.17403396432955,480.1799999998401,1733.4200596735736
15510,41.17403396432955,480.1999999998401,1733.4481268933625
15511,41.17403396432955,480.21999999984007,1733.4761938253585
15512,41.17403396432955,480.23999999984005,1733.5042604694975
15513,41.17403396432955,480.25999999984003,1733.5323268257152
15514,41.17403396432955,480.27999999984,1733.560392893948
15515,41.17403396432955,480.29999999984,1733.588458674131
15516,41.17403396432955,480.31999999984,1733.616524166802
15517,41.17403396432955,480.33999999983996,1733.6445893742166
15518,41.17403396432955,480.35999999983994,1733.6726542965018
15519,41.17403396432955,480.3799999998399,1733.7007189335936
15520,41.17403396432955,480.3999999998399,1733.7287832854279
15521,41.17403396432955,480.4199999998399,1733.7568473519407
15522,41.17403396432955,480.43999999983987,1733.7849111330681
15523,41.17403396432955,480.45999999983985,1733.812974628746
15524,41.17403396432955,480.47999999983983,1733.8410378389103
15525,41.17403396432955,480.4999999998398,1733.869100763497
15526,41.17403396432955,480.5199999998398,1733.8971634024422
15527,41.17403396432955,480.5399999998398,1733.9252257556818
15528,41.17403396432955,480.55999999983976,1733.9532878231519
15529,41.17403396432955,480.57999999983974,1733.9813496047882
15530,41.17403396432955,480.5999999998397,1734.009411100527
15531,41.17403396432955,480.6199999998397,1734.0374723103039
15532,41.17403396432955,480.6399999998397,1734.0655332340552
15533,41.17403396432955,480.65999999983967,1734.0935938717168
15534,41.17403396432955,480.67999999983965,1734.1216542232246
15535,41.17403396432955,480.69999999983963,1734.1497142885146
15536,41.17403396432955,480.7199999998396,1734.1777740675227
15537,41.17403396432955,480.7399999998396,1734.2058335601848
15538,41.17403396432955,480.7599999998396,1734.233892766437
15539,41.17403396432955,480.77999999983956,1734.2619516862153
15540,41.17403396432955,480.79999999983954,1734.2900103194556
15541,41.17403396432955,480.8199999998395,1734.318068666094
15542,41.17403396432955,480.8399999998395,1734.3461267260661
15543,41.17403396432955,480.8599999998395,1734.3741844993083
15544,41.17403396432955,480.87999999983947,1734.4022419857563
15545,41.17403396432955,480.89999999983945,1734.4302991853463
15546,41.17403396432955,480.91999999983943,1734.4583560980138
15547,41.17403396432955,480.9399999998394,1734.4864127236951
15548,41.17403396432955,480.9599999998394,1734.5144690623263
15549,41.17403396432955,480.9799999998394,1734.542525113843
15550,41.17403396432955,480.99999999983936,1734.5705808781815
15551,41.17403396432955,481.01999999983934,1734.5986363552774
15552,41.17403396432955,481.0399999998393,1734.626691545067
15553,41.17403396432955,481.0599999998393,1734.6547464474859
15554,41.17403396432955,481.0799999998393,1734.6828010624702
15555,41.17403396432955,481.09999999983927,1734.710855389956
15556,41.17403396432955,481.11999999983925,1734.738909429879
15557,41.17403396432955,481.13999999983923,1734.7669631821752
15558,41.17403396432955,481.1599999998392,1734.7950166467808
15559,41.17403396432955,481.1799999998392,1734.8230698236316
15560,41.17403396432955,481.1999999998392,1734.8511227126635
15561,41.17403396432955,481.21999999983916,1734.8791753138123
15562,41.17403396432955,481.23999999983914,1734.9072276270142
15563,41.17403396432955,481.2599999998391,1734.935279652205
15564,41.17403396432955,481.2799999998391,1734.9633313893207
15565,41.17403396432955,481.2999999998391,1734.9913828382973
15566,41.17403396432955,481.31999999983907,1735.0194339990705
15567,41.17403396432955,481.33999999983905,1735.0474848723886
15568,41.17403396432955,481.35999999983903,1735.0755354604362
15569,41.17403396432955,481.379999999839,1735.103585763309
15570,41.17403396432955,481.399999999839,1735.1316357809428
15571,41.17403396432955,481.419999999839,1735.159685513274
15572,41.17403396432955,481.43999999983896,1735.1877349602387
15573,41.17403396432955,481.45999999983894,1735.215784121773
15574,41.17403396432955,481.4799999998389,1735.2438329978127
15575,41.17403396432955,481.4999999998389,1735.2718815882943
15576,41.17403396432955,481.5199999998389,1735.2999298931536
15577,41.17403396432955,481.53999999983887,1735.3279779123268
15578,41.17403396432955,481.55999999983885,1735.35602564575
15579,41.17403396432955,481.57999999983883,1735.3840730933591
15580,41.17403396432955,481.5999999998388,1735.4121202550905
15581,41.17403396432955,481.6199999998388,1735.4401671308801
15582,41.17403396432955,481.6399999998388,1735.4682137206642
15583,41.17403396432955,481.65999999983876,1735.4962600243787
15584,41.17403396432955,481.67999999983874,1735.5243060419598
15585,41.17403396432955,481.6999999998387,1735.5523517733434
15586,41.17403396432955,481.7199999998387,1735.5803972184658
15587,41.17403396432955,481.7399999998387,1735.608442377263
15588,41.17403396432955,481.75999999983867,1735.6364872496708
15589,41.17403396432955,481.77999999983865,1735.6645318356257
15590,41.17403396432955,481.79999999983863,1735.6925761350635
15591,41.17403396432955,481.8199999998386,1735.7206201479205
15592,41.17403396432955,481.8399999998386,1735.7486638741327
15593,41.17403396432955,481.8599999998386,1735.776707313636
15594,41.17403396432955,481.87999999983856,1735.8047504663668
15595,41.17403396432955,481.89999999983854,1735.832793332261
15596,41.17403396432955,481.9199999998385,1735.8608359112545
15597,41.17403396432955,481.9399999998385,1735.8888782032836
15598,41.17403396432955,481.9599999998385,1735.9169202082844
15599,41.17403396432955,481.97999999983847,1735.944961926193
15600,41.17403396432955,481.99999999983845,1735.9730033569454
15601,41.17403396432955,482.01999999983843,1736.0010445004775
15602,41.17403396432955,482.0399999998384,1736.0290853567255
15603,41.17403396432955,482.0599999998384,1736.0571259256255
15604,41.17403396432955,482.0799999998384,1736.0851662071136
15605,41.17403396432955,482.09999999983836,1736.1132062011259
15606,41.17403396432955,482.11999999983834,1736.1412459075982
15607,41.17403396432955,482.1399999998383,1736.169285326467
15608,41.17403396432955,482.1599999998383,1736.197324457668
15609,41.17403396432955,482.1799999998383,1736.2253633011373
15610,41.17403396432955,482.19999999983827,1736.2534018568113
15611,41.17403396432955,482.21999999983825,1736.2814401246255
15612,41.17403396432955,482.23999999983823,1736.3094781045163
15613,41.17403396432955,482.2599999998382,1736.33751579642
15614,41.17403396432955,482.2799999998382,1736.365553200272
15615,41.17403396432955,482.2999999998382,1736.3935903160088
15616,41.17403396432955,482.31999999983816,1736.4216271435666
15617,41.17403396432955,482.33999999983814,1736.4496636828812
15618,41.17403396432955,482.3599999998381,1736.4776999349335
15619,41.17403396432955,482.3799999998381,1736.5057359018463
15620,41.17403396432955,482.3999999998381,1736.5337715836822
15621,41.17403396432955,482.41999999983807,1736.5618069803777
15622,41.17403396432955,482.43999999983805,1736.589842091869
15623,41.17403396432955,482.45999999983803,1736.6178769180924
15624,41.17403396432955,482.479999999838,1736.6459114589843
15625,41.17403396432955,482.499999999838,1736.6739457144806
15626,41.17403396432955,482.519999999838,1736.701979684518
15627,41.17403396432955,482.53999999983796,1736.7300133690323
15628,41.17403396432955,482.55999999983794,1736.75804676796
15629,41.17403396432955,482.5799999998379,1736.7860798812374
15630,41.17403396432955,482.5999999998379,1736.8141127088004
15631,41.17403396432955,482.6199999998379,1736.8421452505856
15632,41.17403396432955,482.63999999983787,1736.8701775065292
15633,41.17403396432955,482.65999999983785,1736.8982094765674
15634,41.17403396432955,482.67999999983783,1736.9262411606364
15635,41.17403396432955,482.6999999998378,1736.9542725586725
15636,41.17403396432955,482.7199999998378,1736.9823036706118
15637,41.17403396432955,482.7399999998378,1737.0103344963907
15638,41.17403396432955,482.75999999983776,1737.0383650359454
15639,41.17403396432955,482.77999999983774,1737.066395289212
15640,41.17403396432955,482.7999999998377,1737.0944252561271
15641,41.17403396432955,482.8199999998377,1737.1224549366266
15642,41.17403396432955,482.8399999998377,1737.1504843306468
15643,41.17403396432955,482.85999999983767,1737.1785134381241
15644,41.17403396432955,482.87999999983765,1737.2065422589947
15645,41.17403396432955,482.89999999983763,1737.2345707931945
15646,41.17403396432955,482.9199999998376,1737.2625990406602
15647,41.17403396432955,482.9399999998376,1737.2906270013277
15648,41.17403396432955,482.9599999998376,1737.3186546751335
15649,41.17403396432955,482.97999999983756,1737.3466820620135
15650,41.17403396432955,482.99999999983754,1737.3747091619043
15651,41.17403396432955,483.0199999998375,1737.402735974742
15652,41.17403396432955,483.0399999998375,1737.4307625004626
15653,41.17403396432955,483.0599999998375,1737.4587887390026
15654,41.17403396432955,483.07999999983747,1737.486814690298
15655,41.17403396432955,483.09999999983745,1737.514840354285
15656,41.17403396432955,483.11999999983743,1737.5428657309003
15657,41.17403396432955,483.1399999998374,1737.5708908200797
15658,41.17403396432955,483.1599999998374,1737.5989156217595
15659,41.10685820016193,483.1799999998374,1737.6269401358759
15660,41.10685820016193,483.19999999983736,1737.6549643623653
15661,41.10685820016193,483.21999999983734,1737.6829883011637
15662,41.10685820016193,483.2399999998373,1737.7110119522074
15663,41.10685820016193,483.2599999998373,1737.7390353154326
15664,41.10685820016193,483.2799999998373,1737.7670583907757
15665,41.10685820016193,483.29999999983727,1737.7950811781725
15666,41.10685820016193,483.31999999983725,1737.8231036775596
15667,41.10685820016193,483.33999999983723,1737.8511258888732
15668,41.10685820016193,483.3599999998372,1737.8791478120493
15669,41.10685820016193,483.3799999998372,1737.907169448161
15670,41.10685820016193,483.3999999998372,1737.9351907989994
15671,41.10685820016193,483.41999999983716,1737.9632118645807
15672,41.10685820016193,483.43999999983714,1737.9912326448414
15673,41.10685820016193,483.4599999998371,1738.0192531397179
15674,41.10685820016193,483.4799999998371,1738.0472733491467
15675,41.10685820016193,483.4999999998371,1738.0752932730643
15676,41.10685820016193,483.51999999983707,1738.103312911407
15677,41.10685820016193,483.53999999983705,1738.1313322641115
15678,41.10685820016193,483.55999999983703,1738.159351331114
15679,41.10685820016193,483.579999999837,1738.1873701123511
15680,41.10685820016193,483.599999999837,1738.2153886077592
15681,41.10685820016193,483.619999999837,1738.2434068172747
15682,41.10685820016193,483.63999999983696,1738.271424740834
15683,41.10685820016193,483.65999999983694,1738.2994423783737
15684,41.10685820016193,483.6799999998369,1738.32745972983
15685,41.10685820016193,483.6999999998369,1738.3554767951396
15686,41.10685820016193,483.7199999998369,1738.3834935742389
15687,41.10685820016193,483.73999999983687,1738.4115100670642
15688,41.10685820016193,483.75999999983685,1738.4395262735522
15689,41.10685820016193,483.77999999983683,1738.4675421936392
15690,41.10685820016193,483.7999999998368,1738.4955578272616
15691,41.10685820016193,483.8199999998368,1738.5235731743558
15692,41.10685820016193,483.8399999998368,1738.5515882348582
15693,41.10685820016193,483.85999999983676,1738.5796030087054
15694,41.10685820016193,483.87999999983674,1738.6076174958337
15695,41.10685820016193,483.8999999998367,1738.6356316961796
15696,41.10685820016193,483.9199999998367,1738.6636456096796
15697,41.10685820016193,483.9399999998367,1738.6916592362702
15698,41.10685820016193,483.95999999983667,1738.7196725758877
15699,41.10685820016193,483.97999999983665,1738.7476856284684
15700,41.10685820016193,483.99999999983663,1738.775698393949
15701,41.10685820016193,484.0199999998366,1738.8037108722656
15702,41.10685820016193,484.0399999998366,1738.8317230633547
15703,41.10685820016193,484.0599999998366,1738.8597349671531
15704,41.10685820016193,484.07999999983656,1738.887746583597
15705,41.10685820016193,484.09999999983654,1738.9157579126227
15706,41.10685820016193,484.1199999998365,1738.9437689541667
15707,41.10685820016193,484.1399999998365,1738.9717797081655
15708,41.10685820016193,484.1599999998365,1738.9997901745553
15709,41.10685820016193,484.17999999983647,1739.0278003532728
15710,41.10685820016193,484.19999999983645,1739.0558102442544
15711,41.10685820016193,484.21999999983643,1739.0838198474364
15712,41.10685820016193,484.2399999998364,1739.1118291627552
15713,41.10685820016193,484.2599999998364,1739.1398381901472
15714,41.10685820016193,484.2799999998364,1739.167846929549
15715,41.10685820016193,484.29999999983636,1739.1958553808968
15716,41.10685820016193,484.31999999983634,1739.2238635441272
15717,41.10685820016193,484.3399999998363,1739.2518714191765
15718,41.10685820016193,484.3599999998363,1739.279879005981
15719,41.10685820016193,484.3799999998363,1739.3078863044773
15720,41.10685820016193,484.39999999983627,1739.3358933159666
15721,41.10685820016193,484.41999999983625,1739.3639000421558
15722,41.10685820016193,484.43999999983623,1739.3919064830268
15723,41.10685820016193,484.4599999998362,1739.4199126385163
15724,41.10685820016193,484.4799999998362,1739.4479185085606
15725,41.10685820016193,484.4999999998362,1739.4759240930966
15726,41.10685820016193,484.51999999983616,1739.5039293920609
15727,41.10685820016193,484.53999999983614,1739.5319344053898
15728,41.10685820016193,484.5599999998361,1739.5599391330202
15729,41.10685820016193,484.5799999998361,1739.5879435748886
15730,41.10685820016193,484.5999999998361,1739.6159477309316
15731,41.10685820016193,484.61999999983607,1739.6439516010857
15732,41.10685820016193,484.63999999983605,1739.6719551852877
15733,41.10685820016193,484.65999999983603,1739.6999584834743
15734,41.10685820016193,484.679999999836,1739.727961495582
15735,41.10685820016193,484.699999999836,1739.7559642215472
15736,41.10685820016193,484.719999999836,1739.7839666613067
15737,41.10685820016193,484.73999999983596,1739.8119688147972
15738,41.10685820016193,484.75999999983594,1739.839970681955
15739,41.10685820016193,484.7799999998359,1739.8679722627169
15740,41.10685820016193,484.7999999998359,1739.8959735570195
15741,41.10685820016193,484.8199999998359,1739.9239745647992
15742,41.10685820016193,484.83999999983587,1739.9519752859928
15743,41.10685820016193,484.85999999983585,1739.979975720537
15744,41.10685820016193,484.87999999983583,1740.0079758679938
15745,41.10685820016193,484.8999999998358,1740.0359757228616
15746,41.10685820016193,484.9199999998358,1740.0639752830068
15747,41.10685820016193,484.9399999998358,1740.0919745483661
15748,41.10685820016193,484.95999999983576,1740.1199735188761
15749,41.10685820016193,484.97999999983574,1740.1479721944734
15750,41.10685820016193,484.9999999998357,1740.1759705750947
15751,41.10685820016193,485.0199999998357,1740.2039686606765
15752,41.10685820016193,485.0399999998357,1740.2319664511558
15753,41.10685820016193,485.05999999983567,1740.259963946469
15754,41.10685820016193,485.07999999983565,1740.287961146553
15755,41.10685820016193,485.09999999983563,1740.3159580513443
15756,41.10685820016193,485.1199999998356,1740.3439546607797
15757,41.10685820016193,485.1399999998356,1740.3719509747957
15758,41.10685820016193,485.1599999998356,1740.399946993329
15759,41.10685820016193,485.17999999983556,1740.4279427163162
15760,41.10685820016193,485.19999999983554,1740.455938143694
15761,41.10685820016193,485.2199999998355,1740.483933275399
15762,41.10685820016193,485.2399999998355,1740.511928111368
15763,41.10685820016193,485.2599999998355,1740.5399226515374
15764,41.10685820016193,485.27999999983547,1740.567916895844
15765,41.10685820016193,485.29999999983545,1740.5959108442246
15766,41.10685820016193,485.31999999983543,1740.6239044966158
15767,41.10685820016193,485.3399999998354,1740.6518978529539
15768,41.10685820016193,485.3599999998354,1740.679890913176
15769,41.10685820016193,485.3799999998354,1740.7078836772184
15770,41.10685820016193,485.39999999983536,1740.735876145018
15771,41.10685820016193,485.41999999983534,1740.7638683181156
15772,41.10685820016193,485.4399999998353,1740.7918601981225
15773,41.10685820016193,485.4599999998353,1740.8198517849835
15774,41.10685820016193,485.4799999998353,1740.8478430786347
15775,41.10685820016193,485.49999999983527,1740.8758340790125
15776,41.10685820016193,485.51999999983525,1740.9038247860537
15777,41.10685820016193,485.53999999983523,1740.9318151996947
15778,41.10685820016193,485.5599999998352,1740.9598053198717
15779,41.10685820016193,485.5799999998352,1740.9877951465214
15780,41.10685820016193,485.5999999998352,1741.0157846795803
15781,41.10685820016193,485.61999999983516,1741.043773918985
15782,41.10685820016193,485.63999999983514,1741.0717628646717
15783,41.10685820016193,485.6599999998351,1741.0997515165768
15784,41.10685820016193,485.6799999998351,1741.1277398746372
15785,41.10685820016193,485.6999999998351,1741.1557279387891
15786,41.10685820016193,485.71999999983507,1741.183715708969
15787,41.10685820016193,485.73999999983505,1741.2117031851135
15788,41.10685820016193,485.75999999983503,1741.2396903671588
15789,41.10685820016193,485.779999999835,1741.2676772550417
15790,41.10685820016193,485.799999999835,1741.2956638486985
15791,41.10685820016193,485.819999999835,1741.3236501480656
15792,41.10685820016193,485.83999999983496,1741.3516361530794
15793,41.10685820016193,485.85999999983494,1741.3796218636767
15794,41.10685820016193,485.8799999998349,1741.4076072797936
15795,41.10685820016193,485.8999999998349,1741.4355924013669
15796,41.10685820016193,485.9199999998349,1741.463577228333
15797,41.10685820016193,485.93999999983487,1741.4915617606282
15798,41.10685820016193,485.95999999983485,1741.519545998189
15799,41.10685820016193,485.97999999983483,1741.547529940952
15800,41.10685820016193,485.9999999998348,1741.5755135888535
15801,41.10685820016193,486.0199999998348,1741.6034969418301
15802,41.10685820016193,486.0399999998348,1741.631479999818
15803,41.10685820016193,486.05999999983476,1741.6594627627542
15804,41.10685820016193,486.07999999983474,1741.6874452305747
15805,41.10685820016193,486.0999999998347,1741.715427403216
15806,41.10685820016193,486.1199999998347,1741.7434092806145
15807,41.10685820016193,486.1399999998347,1741.771390862707
15808,41.10685820016193,486.15999999983467,1741.7993721494297
15809,41.10685820016193,486.17999999983465,1741.827353140719
15810,41.10685820016193,486.19999999983463,1741.8553338365114
15811,41.10685820016193,486.2199999998346,1741.8833142367434
15812,41.10685820016193,486.2399999998346,1741.9112943413515
15813,41.10685820016193,486.2599999998346,1741.9392741502722
15814,41.10685820016193,486.27999999983456,1741.9672536634419
15815,41.10685820016193,486.29999999983454,1741.995232880797
15816,41.10685820016193,486.3199999998345,1742.0232118022739
15817,41.10685820016193,486.3399999998345,1742.051190427809
15818,41.10685820016193,486.3599999998345,1742.079168757339
15819,41.039864900513734,486.37999999983447,1742.1071467908
15820,41.039864900513734,486.39999999983445,1742.1351245281287
15821,41.039864900513734,486.41999999983443,1742.163101969291
15822,41.039864900513734,486.4399999998344,1742.191079115906
15823,41.039864900513734,486.4599999998344,1742.2190559693286
15824,41.039864900513734,486.4799999998344,1742.247032529496
15825,41.039864900513734,486.49999999983436,1742.2750087963457
15826,41.039864900513734,486.51999999983434,1742.302984769815
15827,41.039864900513734,486.5399999998343,1742.3309604498415
15828,41.039864900513734,486.5599999998343,1742.3589358363624
15829,41.039864900513734,486.5799999998343,1742.386910929315
15830,41.039864900513734,486.59999999983427,1742.4148857286368
15831,41.039864900513734,486.61999999983425,1742.4428602342653
15832,41.039864900513734,486.63999999983423,1742.4708344461376
15833,41.039864900513734,486.6599999998342,1742.4988083641913
15834,41.039864900513734,486.6799999998342,1742.5267819883638
15835,41.039864900513734,486.6999999998342,1742.5547553185925
15836,41.039864900513734,486.71999999983416,1742.5827283548144
15837,41.039864900513734,486.73999999983414,1742.6107010969674
15838,41.039864900513734,486.7599999998341,1742.6386735449885
15839,41.039864900513734,486.7799999998341,1742.6666456988153
15840,41.039864900513734,486.7999999998341,1742.694617558385
15841,41.039864900513734,486.81999999983407,1742.722589123635
15842,41.039864900513734,486.83999999983405,1742.750560394503
15843,41.039864900513734,486.85999999983403,1742.778531370926
15844,41.039864900513734,486.879999999834,1742.8065020528413
15845,41.039864900513734,486.899999999834,1742.8344724401866
15846,41.039864900513734,486.919999999834,1742.8624425328992
15847,41.039864900513734,486.93999999983396,1742.8904123309162
15848,41.039864900513734,486.95999999983394,1742.9183818341753
15849,41.039864900513734,486.9799999998339,1742.9463510426137
15850,41.039864900513734,486.9999999998339,1742.9743199561688
15851,41.039864900513734,487.0199999998339,1743.0022885747778
15852,41.039864900513734,487.03999999983387,1743.0302568983784
15853,41.039864900513734,487.05999999983385,1743.0582249269078
15854,41.039864900513734,487.07999999983383,1743.0861926603034
15855,41.039864900513734,487.0999999998338,1743.1141600985025
15856,41.039864900513734,487.1199999998338,1743.1421272414423
15857,41.039864900513734,487.1399999998338,1743.1700940890603
15858,41.039864900513734,487.15999999983376,1743.198060641294
15859,41.039864900513734,487.17999999983374,1743.2260268980806
15860,41.039864900513734,487.1999999998337,1743.2539928593576
15861,41.039864900513734,487.2199999998337,1743.2819585250622
15862,41.039864900513734,487.2399999998337,1743.309923895132
15863,41.039864900513734,487.25999999983367,1743.337888969504
15864,41.039864900513734,487.27999999983365,1743.3658537481158
15865,41.039864900513734,487.29999999983363,1743.3938182309046
15866,41.039864900513734,487.3199999998336,1743.421782417808
15867,41.039864900513734,487.3399999998336,1743.449746308763
15868,41.039864900513734,487.3599999998336,1743.4777099037074
15869,41.039864900513734,487.37999999983356,1743.505673202578
15870,41.039864900513734,487.39999999983354,1743.5336362053126
15871,41.039864900513734,487.4199999998335,1743.5615989118485
15872,41.039864900513734,487.4399999998335,1743.5895613221883
15873,41.039864900513734,487.4599999998335,1743.6175234380773
15874,41.039864900513734,487.47999999983347,1743.6454852606705
15875,41.039864900513734,487.49999999983345,1743.673446789905
15876,41.039864900513734,487.51999999983343,1743.7014080257181
15877,41.039864900513734,487.5399999998334,1743.729368968047
15878,41.039864900513734,487.5599999998334,1743.7573296168289
15879,41.039864900513734,487.5799999998334,1743.7852899720008
15880,41.039864900513734,487.59999999983336,1743.8132500335
15881,41.039864900513734,487.61999999983334,1743.8412098012639
15882,41.039864900513734,487.6399999998333,1743.8691692752293
15883,41.039864900513734,487.6599999998333,1743.8971284553336
15884,41.039864900513734,487.6799999998333,1743.9250873415137
15885,41.039864900513734,487.69999999983327,1743.9530459337072
15886,41.039864900513734,487.71999999983325,1743.981004231851
15887,41.039864900513734,487.73999999983323,1744.0089622358826
15888,41.039864900513734,487.7599999998332,1744.0369199457386
15889,41.039864900513734,487.7799999998332,1744.0648773613566
15890,41.039864900513734,487.7999999998332,1744.0928344826737
15891,41.039864900513734,487.81999999983316,1744.120791309627
15892,41.039864900513734,487.83999999983314,1744.1487478421539
15893,41.039864900513734,487.8599999998331,1744.1767040801913
15894,41.039864900513734,487.8799999998331,1744.2046600236763
15895,41.039864900513734,487.8999999998331,1744.2326156725464
15896,41.039864900513734,487.91999999983307,1744.2605710267387
15897,41.039864900513734,487.93999999983305,1744.2885260861901
15898,41.039864900513734,487.95999999983303,1744.316480850838
15899,41.039864900513734,487.979999999833,1744.3444353206194
15900,41.039864900513734,487.999999999833,1744.3723894954717
15901,41.039864900513734,488.019999999833,1744.4003433753319
15902,41.039864900513734,488.03999999983296,1744.4282969601372
15903,41.039864900513734,488.05999999983294,1744.4562502498247
15904,41.039864900513734,488.0799999998329,1744.4842032443319
15905,41.039864900513734,488.0999999998329,1744.5121559435954
15906,41.039864900513734,488.1199999998329,1744.5401083475529
15907,41.039864900513734,488.13999999983287,1744.5680604561412
15908,41.039864900513734,488.15999999983285,1744.5960122692975
15909,41.039864900513734,488.17999999983283,1744.6239637869592
15910,41.039864900513734,488.1999999998328,1744.651915009063
15911,41.039864900513734,488.2199999998328,1744.6798659355466
15912,41.039864900513734,488.2399999998328,1744.7078165663468
15913,41.039864900513734,488.25999999983276,1744.735766901401
15914,41.039864900513734,488.27999999983274,1744.763716940646
15915,41.039864900513734,488.2999999998327,1744.7916666840192
15916,41.039864900513734,488.3199999998327,1744.8196161314577
15917,41.039864900513734,488.3399999998327,1744.8475652828988
15918,41.039864900513734,488.35999999983267,1744.8755141382794
15919,41.039864900513734,488.37999999983265,1744.9034626975367
15920,41.039864900513734,488.39999999983263,1744.931410960608
15921,41.039864900513734,488.4199999998326,1744.9593589274305
15922,41.039864900513734,488.4399999998326,1744.9873065979411
15923,41.039864900513734,488.4599999998326,1745.015253972182
15924,41.039864900513734,488.47999999983256,1745.0432010521013
15925,41.039864900513734,488.49999999983254,1745.0711478387018
15926,41.039864900513734,488.5199999998325,1745.0990943319205
15927,41.039864900513734,488.5399999998325,1745.1270405316945
15928,41.039864900513734,488.5599999998325,1745.154986437961
15929,41.039864900513734,488.57999999983247,1745.1829320506567
15930,41.039864900513734,488.59999999983245,1745.210877369719
15931,41.039864900513734,488.61999999983243,1745.2388223950845
15932,41.039864900513734,488.6399999998324,1745.2667671266906
15933,41.039864900513734,488.6599999998324,1745.294711564474
15934,41.039864900513734,488.6799999998324,1745.322655708372
15935,41.039864900513734,488.69999999983236,1745.3505995583214
15936,41.039864900513734,488.71999999983234,1745.3785431142594
15937,41.039864900513734,488.7399999998323,1745.406486376123
15938,41.039864900513734,488.7599999998323,1745.4344293438492
15939,41.039864900513734,488.7799999998323,1745.462372017375
15940,41.039864900513734,488.79999999983227,1745.4903143966374
15941,41.039864900513734,488.81999999983225,1745.5182564815734
15942,41.039864900513734,488.83999999983223,1745.54619827212
15943,41.039864900513734,488.8599999998322,1745.574139768214
15944,41.039864900513734,488.8799999998322,1745.602080969793
15945,41.039864900513734,488.8999999998322,1745.6300218767935
15946,41.039864900513734,488.91999999983216,1745.6579624891529
15947,41.039864900513734,488.93999999983214,1745.685902806808
15948,41.039864900513734,488.9599999998321,1745.7138428296957
15949,41.039864900513734,488.9799999998321,1745.7417825577531
15950,41.039864900513734,488.9999999998321,1745.7697219909173
15951,41.039864900513734,489.01999999983207,1745.7976611291253
15952,41.039864900513734,489.03999999983205,1745.825599972314
15953,41.039864900513734,489.05999999983203,1745.8535385204204
15954,41.039864900513734,489.079999999832,1745.8814767733818
15955,41.039864900513734,489.099999999832,1745.9094147311348
15956,41.039864900513734,489.119999999832,1745.9373523936167
15957,41.039864900513734,489.13999999983196,1745.9652897607643
15958,41.039864900513734,489.15999999983194,1745.9932268325147
15959,41.039864900513734,489.1799999998319,1746.021163608805
15960,41.039864900513734,489.1999999998319,1746.049100089572
15961,41.039864900513734,489.2199999998319,1746.0770362747528
15962,41.039864900513734,489.23999999983187,1746.1049721642844
15963,41.039864900513734,489.25999999983185,1746.1329077581038
15964,41.039864900513734,489.27999999983183,1746.160843056148
15965,41.039864900513734,489.2999999998318,1746.1887780583538
15966,41.039864900513734,489.3199999998318,1746.2167127646585
15967,41.039864900513734,489.3399999998318,1746.244647174999
15968,41.039864900513734,489.35999999983176,1746.2725812893123
15969,41.039864900513734,489.37999999983174,1746.3005151075351
15970,41.039864900513734,489.3999999998317,1746.328448629605
15971,41.039864900513734,489.4199999998317,1746.3563818554585
15972,41.039864900513734,489.4399999998317,1746.3843147850328
15973,41.039864900513734,489.45999999983167,1746.4122474182648
15974,41.039864900513734,489.47999999983165,1746.4401797552355
15975,40.97305337227737,489.49999999983163,1746.4681117980674
15976,40.97305337227737,489.5199999998316,1746.4960435475862
15977,40.97305337227737,489.5399999998316,1746.5239750037297
15978,40.97305337227737,489.5599999998316,1746.5519061664359
15979,40.97305337227737,489.57999999983156,1746.5798370356424
15980,40.97305337227737,489.59999999983154,1746.6077676112873
15981,40.97305337227737,489.6199999998315,1746.6356978933084
15982,40.97305337227737,489.6399999998315,1746.6636278816434
15983,40.97305337227737,489.6599999998315,1746.6915575762303
15984,40.97305337227737,489.67999999983147,1746.7194869770067
15985,40.97305337227737,489.69999999983145,1746.7474160839106
15986,40.97305337227737,489.71999999983143,1746.7753448968797
15987,40.97305337227737,489.7399999998314,1746.803273415852
15988,40.97305337227737,489.7599999998314,1746.8312016407651
15989,40.97305337227737,489.7799999998314,1746.859129571557
15990,40.97305337227737,489.79999999983136,1746.8870572081657
15991,40.97305337227737,489.81999999983134,1746.9149845505287
15992,40.97305337227737,489.8399999998313,1746.942911598584
15993,40.97305337227737,489.8599999998313,1746.9708383522695
15994,40.97305337227737,489.8799999998313,1746.998764811523
15995,40.97305337227737,489.89999999983127,1747.0266909762822
15996,40.97305337227737,489.91999999983125,1747.054616846485
15997,40.97305337227737,489.93999999983123,1747.0825424220693
15998,40.97305337227737,489.9599999998312,1747.1104677029728
15999,40.97305337227737,489.9799999998312,1747.1383926891333
16000,40.97305337227737,489.9999999998312,1747.1663173804886
16001,40.97305337227737,490.01999999983116,1747.1942417769767
16002,40.97305337227737,490.03999999983114,1747.2221658785354
16003,40.97305337227737,490.0599999998311,1747.2500896851025
16004,40.97305337227737,490.0799999998311,1747.2780131966156
16005,40.97305337227737,490.0999999998311,1747.3059364130127
16006,40.97305337227737,490.11999999983107,1747.3338593342316
16007,40.97305337227737,490.13999999983105,1747.3617819602102
16008,40.97305337227737,490.15999999983103,1747.3897042908861
16009,40.97305337227737,490.179999999831,1747.4176263261973
16010,40.97305337227737,490.199999999831,1747.4455480660815
16011,40.97305337227737,490.219999999831,1747.4734695104767
16012,40.97305337227737,490.23999999983096,1747.5013906593206
16013,40.97305337227737,490.25999999983094,1747.529311512551
16014,40.97305337227737,490.2799999998309,1747.5572320701056
16015,40.97305337227737,490.2999999998309,1747.5851523319222
16016,40.97305337227737,490.3199999998309,1747.613072297939
16017,40.97305337227737,490.33999999983087,1747.6409919680934
16018,40.97305337227737,490.35999999983085,1747.6689113423233
16019,40.97305337227737,490.37999999983083,1747.6968304205666
16020,40.97305337227737,490.3999999998308,1747.7247492027611
16021,40.97305337227737,490.4199999998308,1747.7526676888447
16022,40.97305337227737,490.4399999998308,1747.780585878755
16023,40.97305337227737,490.45999999983076,1747.8085037724297
16024,40.97305337227737,490.47999999983074,1747.8364213698069
16025,40.97305337227737,490.4999999998307,1747.8643386709932
16026,40.97305337227737,490.5199999998307,1747.8922556780976
16027,40.97305337227737,490.5399999998307,1747.9201723917063
16028,40.97305337227737,490.55999999983067,1747.9480888117569
16029,40.97305337227737,490.57999999983065,1747.9760049381869
16030,40.97305337227737,490.59999999983063,1748.0039207709342
16031,40.97305337227737,490.6199999998306,1748.0318363099364
16032,40.97305337227737,490.6399999998306,1748.059751555131
16033,40.97305337227737,490.6599999998306,1748.087666506456
16034,40.97305337227737,490.67999999983056,1748.1155811638484
16035,40.97305337227737,490.69999999983054,1748.1434955272466
16036,40.97305337227737,490.7199999998305,1748.1714095965879
16037,40.97305337227737,490.7399999998305,1748.19932337181
16038,40.97305337227737,490.7599999998305,1748.2272368528502
16039,40.97305337227737,490.77999999983047,1748.2551500396467
16040,40.97305337227737,490.79999999983045,1748.2830629321368
16041,40.97305337227737,490.81999999983043,1748.3109755302582
16042,40.97305337227737,490.8399999998304,1748.3388878339485
16043,40.97305337227737,490.8599999998304,1748.3667998431456
16044,40.97305337227737,490.8799999998304,1748.3947115577869
16045,40.97305337227737,490.89999999983036,1748.4226229778099
16046,40.97305337227737,490.91999999983034,1748.4505341031524
16047,40.97305337227737,490.9399999998303,1748.4784449337521
16048,40.97305337227737,490.9599999998303,1748.5063554695466
16049,40.97305337227737,490.9799999998303,1748.5342657104736
16050,40.97305337227737,490.99999999983027,1748.5621756564706
16051,40.97305337227737,491.01999999983025,1748.5900853074752
16052,40.97305337227737,491.03999999983023,1748.6179946634252
16053,40.97305337227737,491.0599999998302,1748.6459037242582
16054,40.97305337227737,491.0799999998302,1748.6738124899118
16055,40.97305337227737,491.0999999998302,1748.7017209603237
16056,40.97305337227737,491.11999999983016,1748.7296291354312
16057,40.97305337227737,491.13999999983014,1748.7575370151724
16058,40.97305337227737,491.1599999998301,1748.7854445994847
16059,40.97305337227737,491.1799999998301,1748.8133518883055
16060,40.97305337227737,491.1999999998301,1748.841258881573
16061,40.97305337227737,491.21999999983007,1748.8691655792243
16062,40.97305337227737,491.23999999983005,1748.897071981197
16063,40.97305337227737,491.25999999983003,1748.924978087429
16064,40.97305337227737,491.27999999983,1748.9528838978579
16065,40.97305337227737,491.29999999983,1748.9807894124212
16066,40.97305337227737,491.31999999983,1749.0086946310566
16067,40.97305337227737,491.33999999982996,1749.0365995537018
16068,40.97305337227737,491.35999999982994,1749.0645041802943
16069,40.97305337227737,491.3799999998299,1749.0924085107717
16070,40.97305337227737,491.3999999998299,1749.1203125450718
16071,40.97305337227737,491.4199999998299,1749.1482162831321
16072,40.97305337227737,491.43999999982987,1749.1761197248902
16073,40.97305337227737,491.45999999982985,1749.2040228702836
16074,40.97305337227737,491.47999999982983,1749.23192571925
16075,40.97305337227737,491.4999999998298,1749.2598282717272
16076,40.97305337227737,491.5199999998298,1749.2877305278655
16077,40.97305337227737,491.5399999998298,1749.3156324900106
16078,40.97305337227737,491.55999999982976,1749.3435341585923
16079,40.97305337227737,491.57999999982974,1749.3714355335487
16080,40.97305337227737,491.5999999998297,1749.3993366148172
16081,40.97305337227737,491.6199999998297,1749.4272374023355
16082,40.97305337227737,491.6399999998297,1749.4551378960416
16083,40.97305337227737,491.65999999982967,1749.483038095873
16084,40.97305337227737,491.67999999982965,1749.5109380017677
16085,40.97305337227737,491.69999999982963,1749.538837613663
16086,40.97305337227737,491.7199999998296,1749.5667369314967
16087,40.97305337227737,491.7399999998296,1749.594635955207
16088,40.97305337227737,491.7599999998296,1749.6225346847311
16089,40.97305337227737,491.77999999982956,1749.650433120007
16090,40.97305337227737,491.79999999982954,1749.678331260972
16091,40.97305337227737,491.8199999998295,1749.7062291075645
16092,40.97305337227737,491.8399999998295,1749.7341266597216
16093,40.97305337227737,491.8599999998295,1749.7620239173814
16094,40.97305337227737,491.87999999982947,1749.7899208804815
16095,40.97305337227737,491.89999999982945,1749.8178175489595
16096,40.97305337227737,491.91999999982943,1749.8457139227532
16097,40.97305337227737,491.9399999998294,1749.8736100018004
16098,40.97305337227737,491.9599999998294,1749.9015057860388
16099,40.97305337227737,491.9799999998294,1749.929401275406
16100,40.97305337227737,491.99999999982936,1749.9572964698398
16101,40.97305337227737,492.01999999982934,1749.9851913692778
16102,40.97305337227737,492.0399999998293,1750.0130859729818
16103,40.97305337227737,492.0599999998293,1750.0409802738634
16104,40.97305337227737,492.0799999998293,1750.0688742709174
16105,40.97305337227737,492.09999999982927,1750.0967679640814
16106,40.97305337227737,492.11999999982925,1750.1246613532935
16107,40.97305337227737,492.13999999982923,1750.1525544384915
16108,40.97305337227737,492.1599999998292,1750.180447219613
16109,40.97305337227737,492.1799999998292,1750.2083396965957
16110,40.97305337227737,492.1999999998292,1750.2362318693774
16111,40.97305337227737,492.21999999982916,1750.264123737896
16112,40.97305337227737,492.23999999982914,1750.292015302089
16113,40.97305337227737,492.2599999998291,1750.3199065618946
16114,40.97305337227737,492.2799999998291,1750.3477975172502
16115,40.97305337227737,492.2999999998291,1750.3756881680936
16116,40.97305337227737,492.31999999982907,1750.4035785143626
16117,40.97305337227737,492.33999999982905,1750.431468555995
16118,40.97305337227737,492.35999999982903,1750.4593582929285
16119,40.97305337227737,492.379999999829,1750.4872477251008
16120,40.97305337227737,492.399999999829,1750.5151368524498
16121,40.97305337227737,492.419999999829,1750.5430256749132
16122,40.97305337227737,492.43999999982896,1750.5709141924287
16123,40.97305337227737,492.45999999982894,1750.5988024049343
16124,40.97305337227737,492.4799999998289,1750.6266903123674
16125,40.97305337227737,492.4999999998289,1750.6545779146659
16126,40.97305337227737,492.5199999998289,1750.6824652117675
16127,40.97305337227737,492.53999999982886,1750.7103522038683
16128,40.97305337227737,492.55999999982885,1750.7382388935475
16129,40.97305337227737,492.57999999982883,1750.7661252810624
16130,40.97305337227737,492.5999999998288,1750.7940113663508
16131,40.97305337227737,492.6199999998288,1750.821897149351
16132,40.97305337227737,492.6399999998288,1750.8497826300006
16133,40.97305337227737,492.65999999982876,1750.877667808238
16134,40.97305337227737,492.67999999982874,1750.905552684001
16135,40.97305337227737,492.6999999998287,1750.9334372572278
16136,40.90642292572667,492.7199999998287,1750.9613215278564
16137,40.90642292572667,492.7399999998287,1750.989205495825
16138,40.90642292572667,492.75999999982866,1751.0170891610712
16139,40.90642292572667,492.77999999982865,1751.0449725235335
16140,40.90642292572667,492.79999999982863,1751.0728555831497
16141,40.90642292572667,492.8199999998286,1751.1007383398578
16142,40.90642292572667,492.8399999998286,1751.128620793596
16143,40.90642292572667,492.8599999998286,1751.156502944302
16144,40.90642292572667,492.87999999982856,1751.184384791914
16145,40.90642292572667,492.89999999982854,1751.21226633637
16146,40.90642292572667,492.9199999998285,1751.2401475776082
16147,40.90642292572667,492.9399999998285,1751.2680285155666
16148,40.90642292572667,492.9599999998285,1751.295909150183
16149,40.90642292572667,492.97999999982846,1751.3237894813956
16150,40.90642292572667,492.99999999982845,1751.3516695091423
16151,40.90642292572667,493.0199999998284,1751.379549233361
16152,40.90642292572667,493.0399999998284,1751.40742865399
16153,40.90642292572667,493.0599999998284,1751.4353077709675
16154,40.90642292572667,493.0799999998284,1751.463186584231
16155,40.90642292572667,493.09999999982836,1751.4910650937188
16156,40.90642292572667,493.11999999982834,1751.5189432993689
16157,40.90642292572667,493.1399999998283,1751.5468212011192
16158,40.90642292572667,493.1599999998283,1751.5746987989078
16159,40.90642292572667,493.1799999998283,1751.6025760926727
16160,40.90642292572667,493.19999999982826,1751.630453082352
16161,40.90642292572667,493.21999999982825,1751.6583297678835
16162,40.90642292572667,493.2399999998282,1751.6862061492054
16163,40.90642292572667,493.2599999998282,1751.7140822262556
16164,40.90642292572667,493.2799999998282,1751.7419579989723
16165,40.90642292572667,493.2999999998282,1751.7698334672934
16166,40.90642292572667,493.31999999982816,1751.7977086311569
16167,40.90642292572667,493.33999999982814,1751.8255834905008
16168,40.90642292572667,493.3599999998281,1751.853458045263
16169,40.90642292572667,493.3799999998281,1751.8813322953818
16170,40.90642292572667,493.3999999998281,1751.909206240795
16171,40.90642292572667,493.41999999982806,1751.9370798814405
16172,40.90642292572667,493.43999999982805,1751.9649532172564
16173,40.90642292572667,493.459999999828,1751.9928262481808
16174,40.90642292572667,493.479999999828,1752.0206989741516
16175,40.90642292572667,493.499999999828,1752.0485713951068
16176,40.90642292572667,493.519999999828,1752.0764435109845
16177,40.90642292572667,493.53999999982796,1752.1043153217227
16178,40.90642292572667,493.55999999982794,1752.132186827631
16179,40.90642292572667,493.5799999998279,1752.160058030995
16180,40.90642292572667,493.5999999998279,1752.187928931973
16181,40.90642292572667,493.6199999998279,1752.2157995305029
16182,40.90642292572667,493.63999999982786,1752.2436698265228
16183,40.90642292572667,493.65999999982785,1752.2715398199712
16184,40.90642292572667,493.6799999998278,1752.2994095107858
16185,40.90642292572667,493.6999999998278,1752.3272788989052
16186,40.90642292572667,493.7199999998278,1752.3551479842677
16187,40.90642292572667,493.7399999998278,1752.3830167668111
16188,40.90642292572667,493.75999999982776,1752.410885246474
16189,40.90642292572667,493.77999999982774,1752.4387534231944
16190,40.90642292572667,493.7999999998277,1752.4666212969105
16191,40.90642292572667,493.8199999998277,1752.4944888675604
16192,40.90642292572667,493.8399999998277,1752.5223561350826
16193,40.90642292572667,493.85999999982766,1752.5502230994152
16194,40.90642292572667,493.87999999982765,1752.5780897604961
16195,40.90642292572667,493.8999999998276,1752.605956118264
16196,40.90642292572667,493.9199999998276,1752.6338221726567
16197,40.90642292572667,493.9399999998276,1752.6616879236124
16198,40.90642292572667,493.9599999998276,1752.6895533710695
16199,40.90642292572667,493.97999999982756,1752.717418514966
16200,40.90642292572667,493.99999999982754,1752.7452833552404
16201,40.90642292572667,494.0199999998275,1752.7731478918306
16202,40.90642292572667,494.0399999998275,1752.8010121246748
16203,40.90642292572667,494.0599999998275,1752.8288760537114
16204,40.90642292572667,494.07999999982746,1752.8567396788785
16205,40.90642292572667,494.09999999982745,1752.884603000114
16206,40.90642292572667,494.1199999998274,1752.9124660173566
16207,40.90642292572667,494.1399999998274,1752.9403287305443
16208,40.90642292572667,494.1599999998274,1752.968191139615
16209,40.90642292572667,494.1799999998274,1752.9960532445073
16210,40.90642292572667,494.19999999982736,1753.0239150451591
16211,40.90642292572667,494.21999999982734,1753.0517765415086
16212,40.90642292572667,494.2399999998273,1753.079637733494
16213,40.90642292572667,494.2599999998273,1753.1074986210538
16214,40.90642292572667,494.2799999998273,1753.1353592041257
16215,40.90642292572667,494.29999999982726,1753.1632194826484
16216,40.90642292572667,494.31999999982725,1753.1910794565597
16217,40.90642292572667,494.3399999998272,1753.2189391257978
16218,40.90642292572667,494.3599999998272,1753.246798490301
16219,40.90642292572667,494.3799999998272,1753.2746575500073
16220,40.90642292572667,494.3999999998272,1753.302516304855
16221,40.90642292572667,494.41999999982716,1753.3303747547825
16222,40.90642292572667,494.43999999982714,1753.3582328997277
16223,40.90642292572667,494.4599999998271,1753.3860907396288
16224,40.90642292572667,494.4799999998271,1753.413948274424
16225,40.90642292572667,494.4999999998271,1753.4418055040517
16226,40.90642292572667,494.51999999982706,1753.4696624284497
16227,40.90642292572667,494.53999999982705,1753.4975190475564
16228,40.90642292572667,494.559999999827,1753.52537536131
16229,40.90642292572667,494.579999999827,1753.5532313702195
16230,40.90642292572667,494.599999999827,1753.5810870765367
16231,40.90642292572667,494.619999999827,1753.6089424803938
16232,40.90642292572667,494.63999999982695,1753.636797581729
16233,40.90642292572667,494.65999999982694,1753.664652380481
16234,40.90642292572667,494.6799999998269,1753.6925068765877
16235,40.90642292572667,494.6999999998269,1753.7203610699876
16236,40.90642292572667,494.7199999998269,1753.7482149606192
16237,40.90642292572667,494.73999999982686,1753.7760685484207
16238,40.90642292572667,494.75999999982685,1753.8039218333304
16239,40.90642292572667,494.7799999998268,1753.831774815287
16240,40.90642292572667,494.7999999998268,1753.8596274942283
16241,40.90642292572667,494.8199999998268,1753.887479870093
16242,40.90642292572667,494.8399999998268,1753.9153319428196
16243,40.90642292572667,494.85999999982675,1753.9431837123461
16244,40.90642292572667,494.87999999982674,1753.9710351786111
16245,40.90642292572667,494.8999999998267,1753.9988863415529
16246,40.90642292572667,494.9199999998267,1754.0267372011097
16247,40.90642292572667,494.9399999998267,1754.0545877572197
16248,40.90642292572667,494.95999999982666,1754.0824380098215
16249,40.90642292572667,494.97999999982665,1754.1102879588534
16250,40.90642292572667,494.9999999998266,1754.1381376042539
16251,40.90642292572667,495.0199999998266,1754.165986945961
16252,40.90642292572667,495.0399999998266,1754.1938359839135
16253,40.90642292572667,495.0599999998266,1754.2216847180491
16254,40.90642292572667,495.07999999982655,1754.2495331483067
16255,40.90642292572667,495.09999999982654,1754.2773812746243
16256,40.90642292572667,495.1199999998265,1754.3052290969404
16257,40.90642292572667,495.1399999998265,1754.3330766151932
16258,40.90642292572667,495.1599999998265,1754.3609238293213
16259,40.90642292572667,495.17999999982646,1754.3887707392628
16260,40.90642292572667,495.19999999982645,1754.416617344956
16261,40.90642292572667,495.2199999998264,1754.4444636463393
16262,40.90642292572667,495.2399999998264,1754.472309643351
16263,40.90642292572667,495.2599999998264,1754.5001553359298
16264,40.90642292572667,495.2799999998264,1754.5280007240135
16265,40.90642292572667,495.29999999982635,1754.5558458075407
16266,40.90642292572667,495.31999999982634,1754.5836905864496
16267,40.90642292572667,495.3399999998263,1754.6115350606788
16268,40.90642292572667,495.3599999998263,1754.6393792301662
16269,40.90642292572667,495.3799999998263,1754.6672230948504
16270,40.90642292572667,495.39999999982626,1754.6950666546697
16271,40.90642292572667,495.41999999982625,1754.7229099095625
16272,40.90642292572667,495.4399999998262,1754.750752859467
16273,40.90642292572667,495.4599999998262,1754.7785955043214
16274,40.90642292572667,495.4799999998262,1754.8064378440642
16275,40.90642292572667,495.4999999998262,1754.8342798786339
16276,40.90642292572667,495.51999999982615,1754.8621216079684
16277,40.90642292572667,495.53999999982614,1754.8899630320063
16278,40.90642292572667,495.5599999998261,1754.917804150686
16279,40.90642292572667,495.5799999998261,1754.9456449639456
16280,40.90642292572667,495.5999999998261,1754.973485472506
16281,40.90642292572667,495.61999999982606,1755.0013256785599
16282,40.90642292572667,495.63999999982605,1755.0291655822095
16283,40.90642292572667,495.659999999826,1755.0570051833936
16284,40.90642292572667,495.679999999826,1755.0848444820504
16285,40.90642292572667,495.699999999826,1755.1126834781185
16286,40.90642292572667,495.719999999826,1755.1405221715363
16287,40.90642292572667,495.73999999982595,1755.1683605622425
16288,40.90642292572667,495.75999999982594,1755.1961986501753
16289,40.90642292572667,495.7799999998259,1755.2240364352735
16290,40.90642292572667,495.7999999998259,1755.2518739174755
16291,40.90642292572667,495.8199999998259,1755.2797110967197
16292,40.90642292572667,495.83999999982586,1755.3075479729446
16293,40.83997287449668,495.85999999982585,1755.3353845460888
16294,40.83997287449668,495.8799999998258,1755.363220816091
16295,40.83997287449668,495.8999999998258,1755.391056782889
16296,40.83997287449668,495.9199999998258,1755.4188924464222
16297,40.83997287449668,495.9399999998258,1755.4467278066286
16298,40.83997287449668,495.95999999982575,1755.4745628634466
16299,40.83997287449668,495.97999999982574,1755.502397616815
16300,40.83997287449668,495.9999999998257,1755.530232066672
16301,40.83997287449668,496.0199999998257,1755.5580662129562
16302,40.83997287449668,496.0399999998257,1755.5859000556063
16303,40.83997287449668,496.05999999982566,1755.6137335945605
16304,40.83997287449668,496.07999999982565,1755.6415668297575
16305,40.83997287449668,496.0999999998256,1755.6693997611355
16306,40.83997287449668,496.1199999998256,1755.6972323886334
16307,40.83997287449668,496.1399999998256,1755.7250647121894
16308,40.83997287449668,496.1599999998256,1755.752896731742
16309,40.83997287449668,496.17999999982555,1755.7807284472299
16310,40.83997287449668,496.19999999982554,1755.8085598585913
16311,40.83997287449668,496.2199999998255,1755.8363909657648
16312,40.83997287449668,496.2399999998255,1755.864221768689
16313,40.83997287449668,496.2599999998255,1755.8920522673022
16314,40.83997287449668,496.27999999982546,1755.919882461543
16315,40.83997287449668,496.29999999982545,1755.9477123513498
16316,40.83997287449668,496.3199999998254,1755.975541936661
16317,40.83997287449668,496.3399999998254,1756.0033712174154
16318,40.83997287449668,496.3599999998254,1756.0312001935513
16319,40.83997287449668,496.3799999998254,1756.0590288650071
16320,40.83997287449668,496.39999999982535,1756.0868572317213
16321,40.83997287449668,496.41999999982534,1756.1146852936324
16322,40.83997287449668,496.4399999998253,1756.1425130506789
16323,40.83997287449668,496.4599999998253,1756.1703405027993
16324,40.83997287449668,496.4799999998253,1756.198167649932
16325,40.83997287449668,496.49999999982526,1756.2259944920156
16326,40.83997287449668,496.51999999982525,1756.2538210289883
16327,40.83997287449668,496.5399999998252,1756.281647260789
16328,40.83997287449668,496.5599999998252,1756.3094731873557
16329,40.83997287449668,496.5799999998252,1756.337298808627
16330,40.83997287449668,496.5999999998252,1756.3651241245418
16331,40.83997287449668,496.61999999982515,1756.3929491359222
16332,40.83997287449668,496.63999999982514,1756.4207738446214
16333,40.83997287449668,496.6599999998251,1756.4485982506928
16334,40.83997287449668,496.6799999998251,1756.4764223540749
16335,40.83997287449668,496.6999999998251,1756.5042461547064
16336,40.83997287449668,496.71999999982506,1756.5320696525257
16337,40.83997287449668,496.73999999982505,1756.5598928474717
16338,40.83997287449668,496.759999999825,1756.587715739483
16339,40.83997287449668,496.779999999825,1756.615538328498
16340,40.83997287449668,496.799999999825,1756.6433606144553
16341,40.83997287449668,496.819999999825,1756.6711825972939
16342,40.83997287449668,496.83999999982495,1756.699004276952
16343,40.83997287449668,496.85999999982494,1756.7268256533687
16344,40.83997287449668,496.8799999998249,1756.7546467264822
16345,40.83997287449668,496.8999999998249,1756.7824674962312
16346,40.83997287449668,496.9199999998249,1756.8102879625544
16347,40.83997287449668,496.93999999982486,1756.8381081253904
16348,40.83997287449668,496.95999999982484,1756.8659279846777
16349,40.83997287449668,496.9799999998248,1756.893747540355
16350,40.83997287449668,496.9999999998248,1756.9215667923609
16351,40.83997287449668,497.0199999998248,1756.949385740634
16352,40.83997287449668,497.0399999998248,1756.9772043851128
16353,40.83997287449668,497.05999999982475,1757.0050227257361
16354,40.83997287449668,497.07999999982474,1757.0328407624424
16355,40.83997287449668,497.0999999998247,1757.0606584951704
16356,40.83997287449668,497.1199999998247,1757.0884759238586
16357,40.83997287449668,497.1399999998247,1757.1162930484456
16358,40.83997287449668,497.15999999982466,1757.1441098688701
16359,40.83997287449668,497.17999999982464,1757.1719263850707
16360,40.83997287449668,497.1999999998246,1757.199742596986
16361,40.83997287449668,497.2199999998246,1757.2275585045545
16362,40.83997287449668,497.2399999998246,1757.255374107715
16363,40.83997287449668,497.2599999998246,1757.2831894064059
16364,40.83997287449668,497.27999999982455,1757.311004400566
16365,40.83997287449668,497.29999999982454,1757.3388190901337
16366,40.83997287449668,497.3199999998245,1757.3666334750478
16367,40.83997287449668,497.3399999998245,1757.3944475552466
16368,40.83997287449668,497.3599999998245,1757.422261330669
16369,40.83997287449668,497.37999999982446,1757.4500748012535
16370,40.83997287449668,497.39999999982444,1757.4778879669386
16371,40.83997287449668,497.4199999998244,1757.505700827663
16372,40.83997287449668,497.4399999998244,1757.5335133833653
16373,40.83997287449668,497.4599999998244,1757.561325633984
16374,40.83997287449668,497.4799999998244,1757.5891375794579
16375,40.83997287449668,497.49999999982435,1757.6169492197253
16376,40.83997287449668,497.51999999982434,1757.6447605547248
16377,40.83997287449668,497.5399999998243,1757.6725715843954
16378,40.83997287449668,497.5599999998243,1757.7003823086754
16379,40.83997287449668,497.5799999998243,1757.7281927275035
16380,40.83997287449668,497.59999999982426,1757.756002840818
16381,40.83997287449668,497.61999999982424,1757.7838126485576
16382,40.83997287449668,497.6399999998242,1757.811622151763
16383,40.83997287449668,497.6599999998242,1757.8394313522274
16384,40.83997287449668,497.6799999998242,1757.8672402499733
16385,40.83997287449668,497.6999999998242,1757.8950488449395
16386,40.83997287449668,497.71999999982415,1757.922857137065
16387,40.83997287449668,497.73999999982414,1757.950665126288
16388,40.83997287449668,497.7599999998241,1757.9784728125476
16389,40.83997287449668,497.7799999998241,1758.0062801957824
16390,40.83997287449668,497.7999999998241,1758.0340872759314
16391,40.83997287449668,497.81999999982406,1758.061894052933
16392,40.83997287449668,497.83999999982404,1758.0897005267261
16393,40.83997287449668,497.859999999824,1758.1175066972494
16394,40.83997287449668,497.879999999824,1758.1453125644416
16395,40.83997287449668,497.899999999824,1758.1731181282414
16396,40.83997287449668,497.919999999824,1758.2009233885876
16397,40.83997287449668,497.93999999982395,1758.228728345419
16398,40.83997287449668,497.95999999982394,1758.2565329986744
16399,40.83997287449668,497.9799999998239,1758.2843373482924
16400,40.83997287449668,497.9999999998239,1758.3121413942117
16401,40.83997287449668,498.0199999998239,1758.339945136371
16402,40.83997287449668,498.03999999982386,1758.3677485747091
16403,40.83997287449668,498.05999999982384,1758.3955517091647
16404,40.83997287449668,498.0799999998238,1758.4233545396767
16405,40.83997287449668,498.0999999998238,1758.4511570661837
16406,40.83997287449668,498.1199999998238,1758.4789592886243
16407,40.83997287449668,498.1399999998238,1758.5067612069374
16408,40.83997287449668,498.15999999982375,1758.5345628210616
16409,40.83997287449668,498.17999999982374,1758.5623641309357
16410,40.83997287449668,498.1999999998237,1758.5901651364984
16411,40.83997287449668,498.2199999998237,1758.6179658376884
16412,40.83997287449668,498.2399999998237,1758.6457662344446
16413,40.83997287449668,498.25999999982366,1758.6735663267054
16414,40.83997287449668,498.27999999982364,1758.70136611441
16415,40.83997287449668,498.2999999998236,1758.7291655974966
16416,40.83997287449668,498.3199999998236,1758.7569647759042
16417,40.83997287449668,498.3399999998236,1758.7847636495715
16418,40.83997287449668,498.3599999998236,1758.812562218437
16419,40.83997287449668,498.37999999982355,1758.8403604824398
16420,40.83997287449668,498.39999999982354,1758.8681584415183
16421,40.83997287449668,498.4199999998235,1758.8959560956114
16422,40.83997287449668,498.4399999998235,1758.9237534446577
16423,40.83997287449668,498.4599999998235,1758.951550488596
16424,40.83997287449668,498.47999999982346,1758.979347227365
16425,40.83997287449668,498.49999999982344,1759.0071436609032
16426,40.83997287449668,498.5199999998234,1759.0349397891496
16427,40.83997287449668,498.5399999998234,1759.0627356120428
16428,40.83997287449668,498.5599999998234,1759.0905311295217
16429,40.83997287449668,498.5799999998234,1759.1183263415246
16430,40.83997287449668,498.59999999982335,1759.1461212479905
16431,40.83997287449668,498.61999999982334,1759.173915848858
16432,40.83997287449668,498.6399999998233,1759.201710144066
16433,40.83997287449668,498.6599999998233,1759.2295041348846
16434,40.83997287449668,498.6799999998233,1759.2572978230312
16435,40.83997287449668,498.69999999982326,1759.2850912084946
16436,40.83997287449668,498.71999999982324,1759.3128842912138
16437,40.83997287449668,498.7399999998232,1759.3406770711274
16438,40.83997287449668,498.7599999998232,1759.3684695481743
16439,40.83997287449668,498.7799999998232,1759.3962617222935
16440,40.83997287449668,498.79999999982317,1759.4240535934239
16441,40.83997287449668,498.81999999982315,1759.4518451615043
16442,40.83997287449668,498.83999999982314,1759.4796364264737
16443,40.83997287449668,498.8599999998231,1759.5074273882708
16444,40.83997287449668,498.8799999998231,1759.5352180468346
16445,40.83997287449668,498.8999999998231,1759.563008402104
16446,40.83997287449668,498.91999999982306,1759.5907984540179
16447,40.83997287449668,498.93999999982304,1759.618588202515
16448,40.83997287449668,498.959999999823,1759.646377647534
16449,40.83997287449668,498.979999999823,1759.6741667890144
16450,40.83997287449668,498.999999999823,1759.7019556268945
16451,40.773702535563736,499.01999999982297,1759.7297441611133
16452,40.773702535563736,499.03999999982295,1759.7575323916099
16453,40.773702535563736,499.05999999982294,1759.7853203183229
16454,40.773702535563736,499.0799999998229,1759.8131079411912
16455,40.773702535563736,499.0999999998229,1759.840895260154
16456,40.773702535563736,499.1199999998229,1759.8686822751497
16457,40.773702535563736,499.13999999982286,1759.8964689861175
16458,40.773702535563736,499.15999999982284,1759.9242553929962
16459,40.773702535563736,499.1799999998228,1759.9520414957246
16460,40.773702535563736,499.1999999998228,1759.9798272942417
16461,40.773702535563736,499.2199999998228,1760.0076127880577
16462,40.773702535563736,499.23999999982277,1760.0353979707086
16463,40.773702535563736,499.25999999982275,1760.063182839585
16464,40.773702535563736,499.27999999982273,1760.0909673946255
16465,40.773702535563736,499.2999999998227,1760.1187516357695
16466,40.773702535563736,499.3199999998227,1760.1465355629557
16467,40.773702535563736,499.3399999998227,1760.1743191761232
16468,40.773702535563736,499.35999999982266,1760.202102475211
16469,40.773702535563736,499.37999999982264,1760.229885460158
16470,40.773702535563736,499.3999999998226,1760.2576681309029
16471,40.773702535563736,499.4199999998226,1760.2854504873849
16472,40.773702535563736,499.4399999998226,1760.313232529543
16473,40.773702535563736,499.45999999982257,1760.3410142573161
16474,40.773702535563736,499.47999999982255,1760.3687956706433
16475,40.773702535563736,499.49999999982253,1760.3965767694633
16476,40.773702535563736,499.5199999998225,1760.4243575537153
16477,40.773702535563736,499.5399999998225,1760.452138023338
16478,40.773702535563736,499.5599999998225,1760.4799181782705
16479,40.773702535563736,499.57999999982246,1760.5076980184517
16480,40.773702535563736,499.59999999982244,1760.5354775438207
16481,40.773702535563736,499.6199999998224,1760.5632567543162
16482,40.773702535563736,499.6399999998224,1760.5910356498773
16483,40.773702535563736,499.6599999998224,1760.618814230443
16484,40.773702535563736,499.67999999982237,1760.6465924973322
16485,40.773702535563736,499.69999999982235,1760.674370451966
16486,40.773702535563736,499.71999999982233,1760.702148094295
16487,40.773702535563736,499.7399999998223,1760.729925424258
16488,40.773702535563736,499.7599999998223,1760.7577024417944
16489,40.773702535563736,499.7799999998223,1760.7854791468435
16490,40.773702535563736,499.79999999982226,1760.8132555393443
16491,40.773702535563736,499.81999999982224,1760.841031619236
16492,40.773702535563736,499.8399999998222,1760.8688073864578
16493,40.773702535563736,499.8599999998222,1760.896582840949
16494,40.773702535563736,499.8799999998222,1760.9243579826484
16495,40.773702535563736,499.89999999982217,1760.9521328114956
16496,40.773702535563736,499.91999999982215,1760.9799073274296
16497,40.773702535563736,499.93999999982213,1761.0076815303894
16498,40.773702535563736,499.9599999998221,1761.0354554203143
16499,40.773702535563736,499.9799999998221,1761.0632289971436
16500,40.773702535563736,499.9999999998221,1761.0910022608164
16501,40.773702535563736,500.01999999982206,1761.1187752112717
16502,40.773702535563736,500.03999999982204,1761.1465478484488
16503,40.773702535563736,500.059999999822,1761.1743201722868
16504,40.773702535563736,500.079999999822,1761.202092182725
16505,40.773702535563736,500.099999999822,1761.2298638797024
16506,40.773702535563736,500.11999999982197,1761.2576352631584
16507,40.773702535563736,500.13999999982195,1761.285406333032
16508,40.773702535563736,500.15999999982193,1761.3131770892624
16509,40.773702535563736,500.1799999998219,1761.3409475317887
16510,40.773702535563736,500.1999999998219,1761.3687176605501
16511,40.773702535563736,500.2199999998219,1761.3964874754859
16512,40.773702535563736,500.23999999982186,1761.424256976535
16513,40.773702535563736,500.25999999982184,1761.4520261636367
16514,40.773702535563736,500.2799999998218,1761.4797950367301
16515,40.773702535563736,500.2999999998218,1761.5075635957546
16516,40.773702535563736,500.3199999998218,1761.5353318406492
16517,40.773702535563736,500.33999999982177,1761.5630997713529
16518,40.773702535563736,500.35999999982175,1761.590867387805
16519,40.773702535563736,500.37999999982173,1761.6186346899447
16520,40.773702535563736,500.3999999998217,1761.646401677711
16521,40.773702535563736,500.4199999998217,1761.6741683510434
16522,40.773702535563736,500.4399999998217,1761.7019347098806
16523,40.773702535563736,500.45999999982166,1761.729700754162
16524,40.773702535563736,500.47999999982164,1761.7574664838266
16525,40.773702535563736,500.4999999998216,1761.7852318988137
16526,40.773702535563736,500.5199999998216,1761.8129969990623
16527,40.773702535563736,500.5399999998216,1761.8407617845119
16528,40.773702535563736,500.55999999982157,1761.8685262551012
16529,40.773702535563736,500.57999999982155,1761.8962904107696
16530,40.773702535563736,500.59999999982153,1761.9240542514563
16531,40.773702535563736,500.6199999998215,1761.9518177771001
16532,40.773702535563736,500.6399999998215,1761.9795809876407
16533,40.773702535563736,500.6599999998215,1762.0073438830168
16534,40.773702535563736,500.67999999982146,1762.0351064631914
16535,40.773702535563736,500.69999999982144,1762.0628687296992
16536,40.773702535563736,500.7199999998214,1762.0906306838626
16537,40.773702535563736,500.7399999998214,1762.118392325621
16538,40.773702535563736,500.7599999998214,1762.1461536549136
16539,40.773702535563736,500.77999999982137,1762.1739146716798
16540,40.773702535563736,500.79999999982135,1762.2016753758587
16541,40.773702535563736,500.81999999982133,1762.22943576739
16542,40.773702535563736,500.8399999998213,1762.2571958462129
16543,40.773702535563736,500.8599999998213,1762.2849556122667
16544,40.773702535563736,500.8799999998213,1762.3127150654905
16545,40.773702535563736,500.89999999982126,1762.3404742058237
16546,40.773702535563736,500.91999999982124,1762.368233033206
16547,40.773702535563736,500.9399999998212,1762.3959915475764
16548,40.773702535563736,500.9599999998212,1762.4237497488741
16549,40.773702535563736,500.9799999998212,1762.4515076370387
16550,40.773702535563736,500.99999999982117,1762.4792652120093
16551,40.773702535563736,501.01999999982115,1762.5070224737253
16552,40.773702535563736,501.03999999982113,1762.5347794221261
16553,40.773702535563736,501.0599999998211,1762.5625360571507
16554,40.773702535563736,501.0799999998211,1762.5902923787387
16555,40.773702535563736,501.0999999998211,1762.6180483868293
16556,40.773702535563736,501.11999999982106,1762.6458040813618
16557,40.773702535563736,501.13999999982104,1762.6735594622755
16558,40.773702535563736,501.159999999821,1762.70131452951
16559,40.773702535563736,501.179999999821,1762.7290692830043
16560,40.773702535563736,501.199999999821,1762.7568237226976
16561,40.773702535563736,501.21999999982097,1762.7845778485296
16562,40.773702535563736,501.23999999982095,1762.8123316604392
16563,40.773702535563736,501.25999999982093,1762.840085158366
16564,40.773702535563736,501.2799999998209,1762.8678383422491
16565,40.773702535563736,501.2999999998209,1762.895591212028
16566,40.773702535563736,501.3199999998209,1762.9233437676419
16567,40.773702535563736,501.33999999982086,1762.95109600903
16568,40.773702535563736,501.35999999982084,1762.9788479361316
16569,40.773702535563736,501.3799999998208,1763.0065995488862
16570,40.773702535563736,501.3999999998208,1763.034350847233
16571,40.773702535563736,501.4199999998208,1763.0621018311115
16572,40.773702535563736,501.43999999982077,1763.0898525004607
16573,40.773702535563736,501.45999999982075,1763.1176028552197
16574,40.773702535563736,501.47999999982073,1763.1453528953282
16575,40.773702535563736,501.4999999998207,1763.1731026207253
16576,40.773702535563736,501.5199999998207,1763.2008520313505
16577,40.773702535563736,501.5399999998207,1763.2286011271428
16578,40.773702535563736,501.55999999982066,1763.256349908042
16579,40.773702535563736,501.57999999982064,1763.284098373987
16580,40.773702535563736,501.5999999998206,1763.3118465249172
16581,40.773702535563736,501.6199999998206,1763.3395943607718
16582,40.773702535563736,501.6399999998206,1763.3673418814901
16583,40.773702535563736,501.65999999982057,1763.3950890870115
16584,40.773702535563736,501.67999999982055,1763.422835977275
16585,40.773702535563736,501.69999999982053,1763.450582552282
16586,40.773702535563736,501.7199999998205,1763.4783288137842
16587,40.773702535563736,501.7399999998205,1763.50607476298
16588,40.773702535563736,501.7599999998205,1763.5338203998087
16589,40.773702535563736,501.77999999982046,1763.56156572421
16590,40.773702535563736,501.79999999982044,1763.589310736123
16591,40.773702535563736,501.8199999998204,1763.6170554354876
16592,40.773702535563736,501.8399999998204,1763.644799822243
16593,40.773702535563736,501.8599999998204,1763.6725438963285
16594,40.773702535563736,501.87999999982037,1763.700287657684
16595,40.773702535563736,501.89999999982035,1763.7280311062486
16596,40.773702535563736,501.91999999982033,1763.7557742419622
16597,40.773702535563736,501.9399999998203,1763.7835170647638
16598,40.773702535563736,501.9599999998203,1763.8112595745931
16599,40.773702535563736,501.9799999998203,1763.8390017713896
16600,40.773702535563736,501.99999999982026,1763.8667436550925
16601,40.773702535563736,502.01999999982024,1763.8944852256416
16602,40.773702535563736,502.0399999998202,1763.9222264829762
16603,40.773702535563736,502.0599999998202,1763.9499674270355
16604,40.773702535563736,502.0799999998202,1763.9777080577594
16605,40.773702535563736,502.09999999982017,1764.005448375087
16606,40.773702535563736,502.11999999982015,1764.0331883789581
16607,40.773702535563736,502.13999999982013,1764.060928069312
16608,40.773702535563736,502.1599999998201,1764.088667446088
16609,40.773702535563736,502.1799999998201,1764.1164065092257
16610,40.773702535563736,502.1999999998201,1764.1441452586646
16611,40.773702535563736,502.21999999982006,1764.1718836943442
16612,40.773702535563736,502.23999999982004,1764.1996218162037
16613,40.773702535563736,502.25999999982,1764.2273596241828
16614,40.773702535563736,502.27999999982,1764.2550971182209
16615,40.70761122922555,502.29999999982,1764.2828342982573
16616,40.70761122922555,502.31999999981997,1764.3105711642315
16617,40.70761122922555,502.33999999981995,1764.3383077160831
16618,40.70761122922555,502.35999999981993,1764.3660439537514
16619,40.70761122922555,502.3799999998199,1764.393779877176
16620,40.70761122922555,502.3999999998199,1764.4215154862961
16621,40.70761122922555,502.4199999998199,1764.4492507810514
16622,40.70761122922555,502.43999999981986,1764.4769857613812
16623,40.70761122922555,502.45999999981984,1764.504720427225
16624,40.70761122922555,502.4799999998198,1764.5324547785224
16625,40.70761122922555,502.4999999998198,1764.5601888152125
16626,40.70761122922555,502.5199999998198,1764.587922537235
16627,40.70761122922555,502.53999999981977,1764.6156559445294
16628,40.70761122922555,502.55999999981975,1764.643389037035
16629,40.70761122922555,502.57999999981973,1764.671121814691
16630,40.70761122922555,502.5999999998197,1764.6988542774372
16631,40.70761122922555,502.6199999998197,1764.726586425213
16632,40.70761122922555,502.6399999998197,1764.7543182579577
16633,40.70761122922555,502.65999999981966,1764.7820497756109
16634,40.70761122922555,502.67999999981964,1764.8097809781118
16635,40.70761122922555,502.6999999998196,1764.8375118654
16636,40.70761122922555,502.7199999998196,1764.8652424375045
16637,40.70761122922555,502.7399999998196,1764.8929726961449
16638,40.70761122922555,502.75999999981957,1764.9207026422357
16639,40.70761122922555,502.77999999981955,1764.9484322757166
16640,40.70761122922555,502.79999999981953,1764.9761615965272
16641,40.70761122922555,502.8199999998195,1765.0038906046068
16642,40.70761122922555,502.8399999998195,1765.0316192998953
16643,40.70761122922555,502.8599999998195,1765.0593476823321
16644,40.70761122922555,502.87999999981946,1765.0870757518571
16645,40.70761122922555,502.89999999981944,1765.1148035084095
16646,40.70761122922555,502.9199999998194,1765.142530951929
16647,40.70761122922555,502.9399999998194,1765.1702580823553
16648,40.70761122922555,502.9599999998194,1765.197984899628
16649,40.70761122922555,502.97999999981937,1765.2257114036865
16650,40.70761122922555,502.99999999981935,1765.2534375944706
16651,40.70761122922555,503.01999999981933,1765.2811634719196
16652,40.70761122922555,503.0399999998193,1765.3088890359734
16653,40.70761122922555,503.0599999998193,1765.3366142865714
16654,40.70761122922555,503.0799999998193,1765.3643392236531
16655,40.70761122922555,503.09999999981926,1765.3920638471582
16656,40.70761122922555,503.11999999981924,1765.4197881570262
16657,40.70761122922555,503.1399999998192,1765.4475121531968
16658,40.70761122922555,503.1599999998192,1765.4752358356095
16659,40.70761122922555,503.1799999998192,1765.502959204204
16660,40.70761122922555,503.19999999981917,1765.5306822589198
16661,40.70761122922555,503.21999999981915,1765.5584049996964
16662,40.70761122922555,503.23999999981913,1765.5861274264735
16663,40.70761122922555,503.2599999998191,1765.6138495391904
16664,40.70761122922555,503.2799999998191,1765.641571337787
16665,40.70761122922555,503.2999999998191,1765.6692928222026
16666,40.70761122922555,503.31999999981906,1765.697013992377
16667,40.70761122922555,503.33999999981904,1765.7247348482495
16668,40.70761122922555,503.359999999819,1765.75245538976
16669,40.70761122922555,503.379999999819,1765.7801756168478
16670,40.70761122922555,503.399999999819,1765.8078955294527
16671,40.70761122922555,503.41999999981897,1765.835615127514
16672,40.70761122922555,503.43999999981895,1765.8633344109717
16673,40.70761122922555,503.45999999981893,1765.8910533797648
16674,40.70761122922555,503.4799999998189,1765.9187720338332
16675,40.70761122922555,503.4999999998189,1765.9464903731164
16676,40.70761122922555,503.5199999998189,1765.974208397554
16677,40.70761122922555,503.53999999981886,1766.0019261070856
16678,40.70761122922555,503.55999999981884,1766.0296435016508
16679,40.70761122922555,503.5799999998188,1766.057360581189
16680,40.70761122922555,503.5999999998188,1766.0850773456398
16681,40.70761122922555,503.6199999998188,1766.1127937949427
16682,40.70761122922555,503.63999999981877,1766.1405099290375
16683,40.70761122922555,503.65999999981875,1766.1682257478635
16684,40.70761122922555,503.67999999981873,1766.1959412513604
16685,40.70761122922555,503.6999999998187,1766.2236564394677
16686,40.70761122922555,503.7199999998187,1766.251371312125
16687,40.70761122922555,503.7399999998187,1766.2790858694002
16688,40.70761122922555,503.75999999981866,1766.3068001132278
16689,40.70761122922555,503.77999999981864,1766.3345140443892
16690,40.70761122922555,503.7999999998186,1766.3622276628237
16691,40.70761122922555,503.8199999998186,1766.3899409684711
16692,40.70761122922555,503.8399999998186,1766.4176539612713
16693,40.70761122922555,503.85999999981857,1766.445366641164
16694,40.70761122922555,503.87999999981855,1766.4730790080885
16695,40.70761122922555,503.89999999981853,1766.500791061985
16696,40.70761122922555,503.9199999998185,1766.528502802793
16697,40.70761122922555,503.9399999998185,1766.556214230452
16698,40.70761122922555,503.9599999998185,1766.5839253449021
16699,40.70761122922555,503.97999999981846,1766.611636146083
16700,40.70761122922555,503.99999999981844,1766.6393466339339
16701,40.70761122922555,504.0199999998184,1766.667056808395
16702,40.70761122922555,504.0399999998184,1766.694766669406
16703,40.70761122922555,504.0599999998184,1766.7224762169062
16704,40.70761122922555,504.07999999981837,1766.7501854508355
16705,40.70761122922555,504.09999999981835,1766.7778943711337
16706,40.70761122922555,504.11999999981833,1766.8056029777404
16707,40.70761122922555,504.1399999998183,1766.8333112705955
16708,40.70761122922555,504.1599999998183,1766.8610192496385
16709,40.70761122922555,504.1799999998183,1766.888726914809
16710,40.70761122922555,504.19999999981826,1766.916434266047
16711,40.70761122922555,504.21999999981824,1766.9441413032919
16712,40.70761122922555,504.2399999998182,1766.9718480264835
16713,40.70761122922555,504.2599999998182,1766.9995544355615
16714,40.70761122922555,504.2799999998182,1767.0272605304658
16715,40.70761122922555,504.29999999981817,1767.0549663111358
16716,40.70761122922555,504.31999999981815,1767.0826717775112
16717,40.70761122922555,504.33999999981813,1767.1103769295319
16718,40.70761122922555,504.3599999998181,1767.1380817671375
16719,40.70761122922555,504.3799999998181,1767.1657862902678
16720,40.70761122922555,504.3999999998181,1767.1934904988623
16721,40.70761122922555,504.41999999981806,1767.2211943928608
16722,40.70761122922555,504.43999999981804,1767.2488979722027
16723,40.70761122922555,504.459999999818,1767.2766012368281
16724,40.70761122922555,504.479999999818,1767.3043041866765
16725,40.70761122922555,504.499999999818,1767.3320068216876
16726,40.70761122922555,504.51999999981797,1767.3597091418012
16727,40.70761122922555,504.53999999981795,1767.3874111469568
16728,40.70761122922555,504.55999999981793,1767.415112837094
16729,40.70761122922555,504.5799999998179,1767.4428142121528
16730,40.70761122922555,504.5999999998179,1767.4705152720728
16731,40.70761122922555,504.6199999998179,1767.4982160167935
16732,40.70761122922555,504.63999999981786,1767.5259164462548
16733,40.70761122922555,504.65999999981784,1767.5536165603962
16734,40.70761122922555,504.6799999998178,1767.5813163591577
16735,40.70761122922555,504.6999999998178,1767.6090158424786
16736,40.70761122922555,504.7199999998178,1767.6367150102988
16737,40.70761122922555,504.73999999981777,1767.664413862558
16738,40.70761122922555,504.75999999981775,1767.692112399366
16739,40.70761122922555,504.77999999981773,1767.7198106228898
16740,40.70761122922555,504.7999999998177,1767.7475085337649
16741,40.70761122922555,504.8199999998177,1767.7752061319309
16742,40.70761122922555,504.8399999998177,1767.8029034173278
16743,40.70761122922555,504.85999999981766,1767.8306003898954
16744,40.70761122922555,504.87999999981764,1767.8582970495736
16745,40.70761122922555,504.8999999998176,1767.8859933963022
16746,40.70761122922555,504.9199999998176,1767.9136894300211
16747,40.70761122922555,504.9399999998176,1767.9413851506702
16748,40.70761122922555,504.95999999981757,1767.969080558189
16749,40.70761122922555,504.97999999981755,1767.9967756525177
16750,40.70761122922555,504.99999999981753,1768.024470433596
16751,40.70761122922555,505.0199999998175,1768.0521649013638
16752,40.70761122922555,505.0399999998175,1768.0798590557608
16753,40.70761122922555,505.0599999998175,1768.1075528967272
16754,40.70761122922555,505.07999999981746,1768.1352464242025
16755,40.70761122922555,505.09999999981744,1768.1629396381265
16756,40.70761122922555,505.1199999998174,1768.1906325384393
16757,40.70761122922555,505.1399999998174,1768.2183251250806
16758,40.70761122922555,505.1599999998174,1768.2460173979903
16759,40.70761122922555,505.17999999981737,1768.2737093571081
16760,40.70761122922555,505.19999999981735,1768.3014010023742
16761,40.70761122922555,505.21999999981733,1768.3290923337279
16762,40.70761122922555,505.2399999998173,1768.3567833511095
16763,40.70761122922555,505.2599999998173,1768.3844740544585
16764,40.70761122922555,505.2799999998173,1768.4121644437148
16765,40.70761122922555,505.29999999981726,1768.4398545188185
16766,40.70761122922555,505.31999999981724,1768.4675442797093
16767,40.70761122922555,505.3399999998172,1768.495233726327
16768,40.70761122922555,505.3599999998172,1768.5229228586113
16769,40.70761122922555,505.3799999998172,1768.5506116765023
16770,40.70761122922555,505.39999999981717,1768.5783001799396
16771,40.70761122922555,505.41999999981715,1768.605988368863
16772,40.70761122922555,505.43999999981713,1768.6336762432127
16773,40.70761122922555,505.4599999998171,1768.661363802928
16774,40.64169827908153,505.4799999998171,1768.689051047949
16775,40.64169827908153,505.4999999998171,1768.7167379782156
16776,40.64169827908153,505.51999999981706,1768.7444245936676
16777,40.64169827908153,505.53999999981704,1768.7721108942449
16778,40.64169827908153,505.559999999817,1768.799796879887
16779,40.64169827908153,505.579999999817,1768.8274825505341
16780,40.64169827908153,505.599999999817,1768.8551679061256
16781,40.64169827908153,505.61999999981697,1768.8828529466018
16782,40.64169827908153,505.63999999981695,1768.9105376719021
16783,40.64169827908153,505.65999999981693,1768.9382220819666
16784,40.64169827908153,505.6799999998169,1768.9659061767352
16785,40.64169827908153,505.6999999998169,1768.9935899561474
16786,40.64169827908153,505.7199999998169,1769.0212734201432
16787,40.64169827908153,505.73999999981686,1769.0489565686623
16788,40.64169827908153,505.75999999981684,1769.0766394016448
16789,40.64169827908153,505.7799999998168,1769.1043219192188
16790,40.64169827908153,505.7999999998168,1769.1320041234894
16791,40.64169827908153,505.8199999998168,1769.1596860148643
16792,40.64169827908153,505.83999999981677,1769.1873675932836
16793,40.64169827908153,505.85999999981675,1769.2150488586872
16794,40.64169827908153,505.87999999981673,1769.242729811015
16795,40.64169827908153,505.8999999998167,1769.270410450207
16796,40.64169827908153,505.9199999998167,1769.2980907762035
16797,40.64169827908153,505.9399999998167,1769.325770788944
16798,40.64169827908153,505.95999999981666,1769.353450488369
16799,40.64169827908153,505.97999999981664,1769.381129874418
16800,40.64169827908153,505.9999999998166,1769.4088089470315
16801,40.64169827908153,506.0199999998166,1769.436487706149
16802,40.64169827908153,506.0399999998166,1769.4641661517105
16803,40.64169827908153,506.05999999981657,1769.4918442836563
16804,40.64169827908153,506.07999999981655,1769.5195221019262
16805,40.64169827908153,506.09999999981653,1769.5471996064603
16806,40.64169827908153,506.1199999998165,1769.5748767971984
16807,40.64169827908153,506.1399999998165,1769.6025536740806
16808,40.64169827908153,506.1599999998165,1769.6302302370468
16809,40.64169827908153,506.17999999981646,1769.657906486037
16810,40.64169827908153,506.19999999981644,1769.6855824209913
16811,40.64169827908153,506.2199999998164,1769.7132580418497
16812,40.64169827908153,506.2399999998164,1769.740933348552
16813,40.64169827908153,506.2599999998164,1769.7686083410383
16814,40.64169827908153,506.27999999981637,1769.7962830192484
16815,40.64169827908153,506.29999999981635,1769.8239573831224
16816,40.64169827908153,506.31999999981633,1769.8516314326002
16817,40.64169827908153,506.3399999998163,1769.8793051676219
16818,40.64169827908153,506.3599999998163,1769.9069785881272
16819,40.64169827908153,506.3799999998163,1769.9346516940564
16820,40.64169827908153,506.39999999981626,1769.9623244853492
16821,40.64169827908153,506.41999999981624,1769.9899969619457
16822,40.64169827908153,506.4399999998162,1770.0176691217773
16823,40.64169827908153,506.4599999998162,1770.0453409572956
16824,40.64169827908153,506.4799999998162,1770.0730124678319
16825,40.64169827908153,506.49999999981617,1770.100683653326
16826,40.64169827908153,506.51999999981615,1770.1283545137187
16827,40.64169827908153,506.53999999981613,1770.1560250489497
16828,40.64169827908153,506.5599999998161,1770.1836952589595
16829,40.64169827908153,506.5799999998161,1770.211365143688
16830,40.64169827908153,506.5999999998161,1770.2390347030755
16831,40.64169827908153,506.61999999981606,1770.2667039370624
16832,40.64169827908153,506.63999999981604,1770.2943728455887
16833,40.64169827908153,506.659999999816,1770.3220414285943
16834,40.64169827908153,506.679999999816,1770.3497096860197
16835,40.64169827908153,506.699999999816,1770.377377617805
16836,40.64169827908153,506.71999999981597,1770.4050452238903
16837,40.64169827908153,506.73999999981595,1770.432712504216
16838,40.64169827908153,506.75999999981593,1770.460379458722
16839,40.64169827908153,506.7799999998159,1770.4880460873485
16840,40.64169827908153,506.7999999998159,1770.5157123902661
16841,40.64169827908153,506.8199999998159,1770.543378369802
16842,40.64169827908153,506.83999999981586,1770.5710440262094
16843,40.64169827908153,506.85999999981584,1770.5987093594285
16844,40.64169827908153,506.8799999998158,1770.6263743693999
16845,40.64169827908153,506.8999999998158,1770.6540390560638
16846,40.64169827908153,506.9199999998158,1770.6817034193605
16847,40.64169827908153,506.93999999981577,1770.7093674592304
16848,40.64169827908153,506.95999999981575,1770.7370311756138
16849,40.64169827908153,506.97999999981573,1770.764694568451
16850,40.64169827908153,506.9999999998157,1770.7923576376822
16851,40.64169827908153,507.0199999998157,1770.820020383248
16852,40.64169827908153,507.0399999998157,1770.8476828050884
16853,40.64169827908153,507.05999999981566,1770.875344903144
16854,40.64169827908153,507.07999999981564,1770.903006677355
16855,40.64169827908153,507.0999999998156,1770.9306681276619
16856,40.64169827908153,507.1199999998156,1770.9583292540046
16857,40.64169827908153,507.1399999998156,1770.9859900563238
16858,40.64169827908153,507.15999999981557,1771.0136505345597
16859,40.64169827908153,507.17999999981555,1771.0413106886526
16860,40.64169827908153,507.19999999981553,1771.0689705185428
16861,40.64169827908153,507.2199999998155,1771.0966300241707
16862,40.64169827908153,507.2399999998155,1771.1242892054765
16863,40.64169827908153,507.2599999998155,1771.1519480624006
16864,40.64169827908153,507.27999999981546,1771.1796065948834
16865,40.64169827908153,507.29999999981544,1771.207264802865
16866,40.64169827908153,507.3199999998154,1771.234922686286
16867,40.64169827908153,507.3399999998154,1771.2625802450864
16868,40.64169827908153,507.3599999998154,1771.2902374792066
16869,40.64169827908153,507.37999999981537,1771.317894388587
16870,40.64169827908153,507.39999999981535,1771.345550973168
16871,40.64169827908153,507.41999999981533,1771.3732072328896
16872,40.64169827908153,507.4399999998153,1771.4008631676925
16873,40.64169827908153,507.4599999998153,1771.4285187775167
16874,40.64169827908153,507.4799999998153,1771.4561740623026
16875,40.64169827908153,507.49999999981526,1771.4838290219905
16876,40.64169827908153,507.51999999981524,1771.5114836565208
16877,40.64169827908153,507.5399999998152,1771.5391379658338
16878,40.64169827908153,507.5599999998152,1771.5667919498696
16879,40.64169827908153,507.5799999998152,1771.5944456085688
16880,40.64169827908153,507.59999999981517,1771.6220989418714
16881,40.64169827908153,507.61999999981515,1771.649751949718
16882,40.64169827908153,507.63999999981513,1771.6774046320486
16883,40.64169827908153,507.6599999998151,1771.7050569888038
16884,40.64169827908153,507.6799999998151,1771.7327090199237
16885,40.64169827908153,507.6999999998151,1771.7603607253488
16886,40.64169827908153,507.71999999981506,1771.7880121050193
16887,40.64169827908153,507.73999999981504,1771.8156631588754
16888,40.64169827908153,507.759999999815,1771.8433138868575
16889,40.64169827908153,507.779999999815,1771.870964288906
16890,40.64169827908153,507.799999999815,1771.8986143649608
16891,40.64169827908153,507.81999999981497,1771.9262641153234
16892,40.64169827908153,507.83999999981495,1771.9539135423777
16893,40.64169827908153,507.85999999981493,1771.9815626462953
16894,40.64169827908153,507.8799999998149,1772.0092114270165
16895,40.64169827908153,507.8999999998149,1772.0368598844811
16896,40.64169827908153,507.9199999998149,1772.0645080186298
16897,40.64169827908153,507.93999999981486,1772.0921558294024
16898,40.64169827908153,507.95999999981484,1772.1198033167389
16899,40.64169827908153,507.9799999998148,1772.1474504805797
16900,40.64169827908153,507.9999999998148,1772.1750973208648
16901,40.64169827908153,508.0199999998148,1772.2027438375344
16902,40.64169827908153,508.03999999981477,1772.2303900305285
16903,40.64169827908153,508.05999999981475,1772.2580358997873
16904,40.64169827908153,508.07999999981473,1772.285681445251
16905,40.64169827908153,508.0999999998147,1772.3133266668597
16906,40.64169827908153,508.1199999998147,1772.3409715645535
16907,40.64169827908153,508.1399999998147,1772.3686161382725
16908,40.64169827908153,508.15999999981466,1772.396260387957
16909,40.64169827908153,508.17999999981464,1772.423904313547
16910,40.64169827908153,508.1999999998146,1772.4515479149825
16911,40.64169827908153,508.2199999998146,1772.4791911922039
16912,40.64169827908153,508.2399999998146,1772.5068341451513
16913,40.64169827908153,508.25999999981457,1772.5344767737647
16914,40.64169827908153,508.27999999981455,1772.562119077984
16915,40.64169827908153,508.29999999981453,1772.58976105775
16916,40.64169827908153,508.3199999998145,1772.617402713002
16917,40.64169827908153,508.3399999998145,1772.6450440436809
16918,40.64169827908153,508.3599999998145,1772.6726850497262
16919,40.64169827908153,508.37999999981446,1772.7003257310782
16920,40.64169827908153,508.39999999981444,1772.7279660876773
16921,40.64169827908153,508.4199999998144,1772.7556061194632
16922,40.64169827908153,508.4399999998144,1772.7832458263765
16923,40.64169827908153,508.4599999998144,1772.810885208357
16924,40.64169827908153,508.47999999981437,1772.8385242653449
16925,40.64169827908153,508.49999999981435,1772.8661629972803
16926,40.64169827908153,508.51999999981433,1772.8938014041032
16927,40.64169827908153,508.5399999998143,1772.921439485754
16928,40.64169827908153,508.5599999998143,1772.9490772421725
16929,40.64169827908153,508.5799999998143,1772.976714673299
16930,40.64169827908153,508.59999999981426,1773.0043517790737
16931,40.64169827908153,508.61999999981424,1773.0319885594365
16932,40.64169827908153,508.6399999998142,1773.0596250143276
16933,40.64169827908153,508.6599999998142,1773.087261143687
16934,40.64169827908153,508.6799999998142,1773.1148969474552
16935,40.64169827908153,508.69999999981417,1773.142532425572
16936,40.64169827908153,508.71999999981415,1773.1701675779775
16937,40.64169827908153,508.73999999981413,1773.197802404612
16938,40.5759630120132,508.7599999998141,1773.2254369054156
16939,40.5759630120132,508.7799999998141,1773.2530710803283
16940,40.5759630120132,508.7999999998141,1773.28070492929
16941,40.5759630120132,508.81999999981406,1773.3083384522413
16942,40.5759630120132,508.83999999981404,1773.3359716496323
16943,40.5759630120132,508.859999999814,1773.36360452358
16944,40.5759630120132,508.879999999814,1773.3912370742107
16945,40.5759630120132,508.899999999814,1773.418869301465
16946,40.5759630120132,508.91999999981397,1773.4465012052842
16947,40.5759630120132,508.93999999981395,1773.4741327856093
16948,40.5759630120132,508.95999999981393,1773.5017640423812
16949,40.5759630120132,508.9799999998139,1773.5293949755408
16950,40.5759630120132,508.9999999998139,1773.5570255850294
16951,40.5759630120132,509.0199999998139,1773.5846558707876
16952,40.5759630120132,509.03999999981386,1773.6122858327567
16953,40.5759630120132,509.05999999981384,1773.6399154708777
16954,40.5759630120132,509.0799999998138,1773.6675447850914
16955,40.5759630120132,509.0999999998138,1773.695173775339
16956,40.5759630120132,509.1199999998138,1773.7228024415615
16957,40.5759630120132,509.13999999981377,1773.7504307836996
16958,40.5759630120132,509.15999999981375,1773.7780588016947
16959,40.5759630120132,509.17999999981373,1773.8056864954874
16960,40.5759630120132,509.1999999998137,1773.833313865019
16961,40.5759630120132,509.2199999998137,1773.8609409102303
16962,40.5759630120132,509.2399999998137,1773.8885676310624
16963,40.5759630120132,509.25999999981366,1773.9161940274562
16964,40.5759630120132,509.27999999981364,1773.9438200993527
16965,40.5759630120132,509.2999999998136,1773.971445846693
16966,40.5759630120132,509.3199999998136,1773.9990712694182
16967,40.5759630120132,509.3399999998136,1774.026696367469
16968,40.5759630120132,509.35999999981357,1774.0543211407864
16969,40.5759630120132,509.37999999981355,1774.0819455893118
16970,40.5759630120132,509.39999999981353,1774.1095697129858
16971,40.5759630120132,509.4199999998135,1774.1371935117495
16972,40.5759630120132,509.4399999998135,1774.164816985544
16973,40.5759630120132,509.4599999998135,1774.19244013431
16974,40.5759630120132,509.47999999981346,1774.2200629579886
16975,40.5759630120132,509.49999999981344,1774.247685456521
16976,40.5759630120132,509.5199999998134,1774.2753076298477
16977,40.5759630120132,509.5399999998134,1774.30292947791
16978,40.5759630120132,509.5599999998134,1774.3305510006492
16979,40.5759630120132,509.57999999981337,1774.3581721980058
16980,40.5759630120132,509.59999999981335,1774.385793069921
16981,40.5759630120132,509.61999999981333,1774.4134136163357
16982,40.5759630120132,509.6399999998133,1774.4410338371908
16983,40.5759630120132,509.6599999998133,1774.4686537324276
16984,40.5759630120132,509.6799999998133,1774.4962733019868
16985,40.5759630120132,509.69999999981326,1774.5238925458093
16986,40.5759630120132,509.71999999981324,1774.5515114638363
16987,40.5759630120132,509.7399999998132,1774.5791300560086
16988,40.5759630120132,509.7599999998132,1774.6067483222673
16989,40.5759630120132,509.7799999998132,1774.6343662625534
16990,40.5759630120132,509.79999999981317,1774.6619838768079
16991,40.5759630120132,509.81999999981315,1774.6896011649717
16992,40.5759630120132,509.83999999981313,1774.7172181269857
16993,40.5759630120132,509.8599999998131,1774.744834763466
16994,40.5759630120132,509.8799999998131,1774.7724510763799
16995,40.5759630120132,509.8999999998131,1774.800067065818
16996,40.5759630120132,509.91999999981306,1774.8276827317213
16997,40.5759630120132,509.93999999981304,1774.8552980740308
16998,40.5759630120132,509.959999999813,1774.882913092687
16999,40.5759630120132,509.979999999813,1774.9105277876308
17000,40.5759630120132,509.999999999813,1774.938142158803
17001,40.5759630120132,510.01999999981297,1774.9657562061443
17002,40.5759630120132,510.03999999981295,1774.9933699295957
17003,40.5759630120132,510.05999999981293,1775.0209833290978
17004,40.5759630120132,510.0799999998129,1775.0485964045915
17005,40.5759630120132,510.0999999998129,1775.0762091560175
17006,40.5759630120132,510.1199999998129,1775.1038215833166
17007,40.5759630120132,510.13999999981286,1775.1314336864298
17008,40.5759630120132,510.15999999981284,1775.1590454652976
17009,40.5759630120132,510.1799999998128,1775.186656919861
17010,40.5759630120132,510.1999999998128,1775.2142680500608
17011,40.5759630120132,510.2199999998128,1775.2418788558377
17012,40.5759630120132,510.23999999981277,1775.2694893371324
17013,40.5759630120132,510.25999999981275,1775.297099493886
17014,40.5759630120132,510.27999999981273,1775.324709326039
17015,40.5759630120132,510.2999999998127,1775.3523188335323
17016,40.5759630120132,510.3199999998127,1775.3799280163066
17017,40.5759630120132,510.3399999998127,1775.4075368743027
17018,40.5759630120132,510.35999999981266,1775.4351454074615
17019,40.5759630120132,510.37999999981264,1775.4627536157236
17020,40.5759630120132,510.3999999998126,1775.49036149903
17021,40.5759630120132,510.4199999998126,1775.5179690573214
17022,40.5759630120132,510.4399999998126,1775.5455762905385
17023,40.5759630120132,510.45999999981257,1775.5731831986222
17024,40.5759630120132,510.47999999981255,1775.6007897815132
17025,40.5759630120132,510.49999999981253,1775.6283960391524
17026,40.5759630120132,510.5199999998125,1775.6560019714805
17027,40.5759630120132,510.5399999998125,1775.6836075784381
17028,40.5759630120132,510.5599999998125,1775.7112128599663
17029,40.5759630120132,510.57999999981246,1775.7388178160056
17030,40.5759630120132,510.59999999981244,1775.766422446497
17031,40.5759630120132,510.6199999998124,1775.7940267513814
17032,40.5759630120132,510.6399999998124,1775.8216307305993
17033,40.5759630120132,510.6599999998124,1775.8492343840915
17034,40.5759630120132,510.67999999981237,1775.8768377117988
17035,40.5759630120132,510.69999999981235,1775.904440713662
17036,40.5759630120132,510.71999999981233,1775.932043389622
17037,40.5759630120132,510.7399999998123,1775.9596457396194
17038,40.5759630120132,510.7599999998123,1775.987247763595
17039,40.5759630120132,510.7799999998123,1776.0148494614896
17040,40.5759630120132,510.79999999981226,1776.042450833244
17041,40.5759630120132,510.81999999981224,1776.070051878799
17042,40.5759630120132,510.8399999998122,1776.0976525980952
17043,40.5759630120132,510.8599999998122,1776.1252529910735
17044,40.5759630120132,510.8799999998122,1776.1528530585358
17045,40.5759630120132,510.89999999981217,1776.1804528023547
17046,40.5759630120132,510.91999999981215,1776.2080522225901
17047,40.5759630120132,510.93999999981213,1776.2356513191828
17048,40.5759630120132,510.9599999998121,1776.2632500920738
17049,40.5759630120132,510.9799999998121,1776.2908485412038
17050,40.5759630120132,510.9999999998121,1776.3184466665136
17051,40.5759630120132,511.01999999981206,1776.3460444679442
17052,40.5759630120132,511.03999999981204,1776.3736419454365
17053,40.5759630120132,511.059999999812,1776.4012390989312
17054,40.5759630120132,511.079999999812,1776.4288359283692
17055,40.5759630120132,511.099999999812,1776.4564324336914
17056,40.5759630120132,511.11999999981197,1776.4840286148385
17057,40.5759630120132,511.13999999981195,1776.5116244717515
17058,40.5759630120132,511.15999999981193,1776.5392200043711
17059,40.5759630120132,511.1799999998119,1776.5668152126384
17060,40.5759630120132,511.1999999998119,1776.5944100964941
17061,40.5759630120132,511.2199999998119,1776.622004655879
17062,40.5759630120132,511.23999999981186,1776.649598890734
17063,40.5759630120132,511.25999999981184,1776.677192801
17064,40.5759630120132,511.2799999998118,1776.7047863866178
17065,40.5759630120132,511.2999999998118,1776.7323796475282
17066,40.5759630120132,511.3199999998118,1776.7599725836722
17067,40.5759630120132,511.33999999981177,1776.7875651949903
17068,40.5759630120132,511.35999999981175,1776.8151574814235
17069,40.5759630120132,511.37999999981173,1776.842749442913
17070,40.5759630120132,511.3999999998117,1776.8703410793992
17071,40.5759630120132,511.4199999998117,1776.897932390823
17072,40.5759630120132,511.4399999998117,1776.9255233771253
17073,40.5759630120132,511.45999999981166,1776.953114038247
17074,40.5759630120132,511.47999999981164,1776.980704374129
17075,40.5759630120132,511.4999999998116,1777.008294384712
17076,40.5759630120132,511.5199999998116,1777.0358840699366
17077,40.5759630120132,511.5399999998116,1777.0634734297441
17078,40.5759630120132,511.55999999981157,1777.091062464075
17079,40.5759630120132,511.57999999981155,1777.1186511728706
17080,40.5759630120132,511.59999999981153,1777.1462395560714
17081,40.5759630120132,511.6199999998115,1777.173827613618
17082,40.5759630120132,511.6399999998115,1777.2014153454516
17083,40.5759630120132,511.6599999998115,1777.2290027515128
17084,40.5759630120132,511.67999999981146,1777.2565898317425
17085,40.5759630120132,511.69999999981144,1777.2841765860817
17086,40.5759630120132,511.7199999998114,1777.3117630144711
17087,40.5759630120132,511.7399999998114,1777.3393491168517
17088,40.5759630120132,511.7599999998114,1777.3669348931642
17089,40.5759630120132,511.77999999981137,1777.3945203433493
17090,40.5759630120132,511.79999999981135,1777.4221054673478
17091,40.5759630120132,511.81999999981133,1777.4496902651008
17092,40.5759630120132,511.8399999998113,1777.477274736549
17093,40.5759630120132,511.8599999998113,1777.504858881633
17094,40.5759630120132,511.8799999998113,1777.532442700294
17095,40.5759630120132,511.89999999981126,1777.560026193539
17096,40.5759630120132,511.91999999981124,1777.5876093631612
17097,40.5759630120132,511.9399999998112,1777.6151922091892
17098,40.5759630120132,511.9599999998112,1777.6427747315643
17099,40.5104047581647,511.9799999998112,1777.6703569302274
17100,40.5104047581647,511.99999999981117,1777.6979388051197
17101,40.5104047581647,512.0199999998111,1777.7255203561822
17102,40.5104047581647,512.0399999998111,1777.753101583356
17103,40.5104047581647,512.0599999998111,1777.7806824865825
17104,40.5104047581647,512.0799999998111,1777.8082630658023
17105,40.5104047581647,512.0999999998111,1777.8358433209567
17106,40.5104047581647,512.1199999998111,1777.863423251987
17107,40.5104047581647,512.139999999811,1777.8910028588339
17108,40.5104047581647,512.159999999811,1777.9185821414387
17109,40.5104047581647,512.179999999811,1777.9461610997425
17110,40.5104047581647,512.199999999811,1777.9737397336864
17111,40.5104047581647,512.219999999811,1778.0013180432115
17112,40.5104047581647,512.239999999811,1778.028896028259
17113,40.5104047581647,512.2599999998109,1778.0564736887698
17114,40.5104047581647,512.2799999998109,1778.084051024685
17115,40.5104047581647,512.2999999998109,1778.1116280359458
17116,40.5104047581647,512.3199999998109,1778.1392047224933
17117,40.5104047581647,512.3399999998109,1778.1667810842685
17118,40.5104047581647,512.3599999998108,1778.1943571212123
17119,40.5104047581647,512.3799999998108,1778.221932833266
17120,40.5104047581647,512.3999999998108,1778.2495082203707
17121,40.5104047581647,512.4199999998108,1778.2770832824674
17122,40.5104047581647,512.4399999998108,1778.3046580194973
17123,40.5104047581647,512.4599999998107,1778.3322324314015
17124,40.5104047581647,512.4799999998107,1778.3598065181209
17125,40.5104047581647,512.4999999998107,1778.3873802795968
17126,40.5104047581647,512.5199999998107,1778.41495371577
17127,40.5104047581647,512.5399999998107,1778.4425268265818
17128,40.5104047581647,512.5599999998107,1778.4700996119732
17129,40.5104047581647,512.5799999998106,1778.4976720718853
17130,40.5104047581647,512.5999999998106,1778.5252442062592
17131,40.5104047581647,512.6199999998106,1778.5528160150361
17132,40.5104047581647,512.6399999998106,1778.5803874981568
17133,40.5104047581647,512.6599999998106,1778.6079586555627
17134,40.5104047581647,512.6799999998105,1778.6355294871946
17135,40.5104047581647,512.6999999998105,1778.6630999929937
17136,40.5104047581647,512.7199999998105,1778.690670172901
17137,40.5104047581647,512.7399999998105,1778.7182400268578
17138,40.5104047581647,512.7599999998105,1778.7458095548047
17139,40.5104047581647,512.7799999998105,1778.7733787566833
17140,40.5104047581647,512.7999999998104,1778.8009476324344
17141,40.5104047581647,512.8199999998104,1778.828516181999
17142,40.5104047581647,512.8399999998104,1778.8560844053184
17143,40.5104047581647,512.8599999998104,1778.8836523023335
17144,40.5104047581647,512.8799999998104,1778.9112198729854
17145,40.5104047581647,512.8999999998103,1778.9387871172153
17146,40.5104047581647,512.9199999998103,1778.9663540360973
17147,40.5104047581647,512.9399999998103,1778.9939206311321
17148,40.5104047581647,512.9599999998103,1779.021486902308
17149,40.5104047581647,512.9799999998103,1779.0490528495661
17150,40.5104047581647,512.9999999998103,1779.0766184728477
17151,40.5104047581647,513.0199999998102,1779.1041837720938
17152,40.5104047581647,513.0399999998102,1779.1317487472459
17153,40.5104047581647,513.0599999998102,1779.1593133982446
17154,40.5104047581647,513.0799999998102,1779.1868777250315
17155,40.5104047581647,513.0999999998102,1779.2144417275474
17156,40.5104047581647,513.1199999998101,1779.2420054057336
17157,40.5104047581647,513.1399999998101,1779.2695687595312
17158,40.5104047581647,513.1599999998101,1779.2971317888814
17159,40.5104047581647,513.1799999998101,1779.3246944937255
17160,40.5104047581647,513.1999999998101,1779.3522568740043
17161,40.5104047581647,513.21999999981,1779.3798189296592
17162,40.5104047581647,513.23999999981,1779.4073806606311
17163,40.5104047581647,513.25999999981,1779.4349420668614
17164,40.5104047581647,513.27999999981,1779.462503148291
17165,40.5104047581647,513.29999999981,1779.4900639048612
17166,40.5104047581647,513.31999999981,1779.517624336513
17167,40.5104047581647,513.33999999981,1779.545184443188
17168,40.5104047581647,513.3599999998099,1779.5727442248267
17169,40.5104047581647,513.3799999998099,1779.6003036813704
17170,40.5104047581647,513.3999999998099,1779.6278628127604
17171,40.5104047581647,513.4199999998099,1779.655421618938
17172,40.5104047581647,513.4399999998099,1779.682980099844
17173,40.5104047581647,513.4599999998098,1779.7105382554196
17174,40.5104047581647,513.4799999998098,1779.738096085606
17175,40.5104047581647,513.4999999998098,1779.7656535903443
17176,40.5104047581647,513.5199999998098,1779.7932107695756
17177,40.5104047581647,513.5399999998098,1779.820767623241
17178,40.5104047581647,513.5599999998097,1779.8483241512818
17179,40.5104047581647,513.5799999998097,1779.8758803536389
17180,40.5104047581647,513.5999999998097,1779.9034362302536
17181,40.5104047581647,513.6199999998097,1779.9309917810672
17182,40.5104047581647,513.6399999998097,1779.9585470060204
17183,40.5104047581647,513.6599999998097,1779.9861019050545
17184,40.5104047581647,513.6799999998096,1780.0136564772176
17185,40.5104047581647,513.6999999998096,1780.0412107134728
17186,40.5104047581647,513.7199999998096,1780.0687646128206
17187,40.5104047581647,513.7399999998096,1780.0963181752024
17188,40.5104047581647,513.7599999998096,1780.12387140056
17189,40.5104047581647,513.7799999998095,1780.151424288834
17190,40.5104047581647,513.7999999998095,1780.1789768399665
17191,40.5104047581647,513.8199999998095,1780.2065290538983
17192,40.5104047581647,513.8399999998095,1780.234080930571
17193,40.5104047581647,513.8599999998095,1780.261632469926
17194,40.5104047581647,513.8799999998095,1780.2891836719048
17195,40.5104047581647,513.8999999998094,1780.3167345364482
17196,40.5104047581647,513.9199999998094,1780.3442850634979
17197,40.5104047581647,513.9399999998094,1780.3718352543513
17198,40.5104047581647,513.9599999998094,1780.3993851104472
17199,40.5104047581647,513.9799999998094,1780.4269346317428
17200,40.5104047581647,513.9999999998093,1780.4544838181798
17201,40.5104047581647,514.0199999998093,1780.4820326696995
17202,40.5104047581647,514.0399999998093,1780.5095811862434
17203,40.5104047581647,514.0599999998093,1780.537129367753
17204,40.5104047581647,514.0799999998093,1780.5646772141702
17205,40.5104047581647,514.0999999998093,1780.5922247254362
17206,40.5104047581647,514.1199999998092,1780.6197719014924
17207,40.5104047581647,514.1399999998092,1780.6473187422805
17208,40.5104047581647,514.1599999998092,1780.674865247742
17209,40.5104047581647,514.1799999998092,1780.7024114178182
17210,40.5104047581647,514.1999999998092,1780.729957252451
17211,40.5104047581647,514.2199999998091,1780.7575027515816
17212,40.5104047581647,514.2399999998091,1780.7850479151516
17213,40.5104047581647,514.2599999998091,1780.8125927431024
17214,40.5104047581647,514.2799999998091,1780.8401372353756
17215,40.5104047581647,514.2999999998091,1780.8676813919126
17216,40.5104047581647,514.319999999809,1780.895225212655
17217,40.5104047581647,514.339999999809,1780.9227686975446
17218,40.5104047581647,514.359999999809,1780.9503118465225
17219,40.5104047581647,514.379999999809,1780.9778546595303
17220,40.5104047581647,514.399999999809,1781.0053971365096
17221,40.5104047581647,514.419999999809,1781.0329392774017
17222,40.5104047581647,514.439999999809,1781.0604810821483
17223,40.5104047581647,514.4599999998089,1781.0880225506908
17224,40.5104047581647,514.4799999998089,1781.1155636829706
17225,40.5104047581647,514.4999999998089,1781.1431044789294
17226,40.5104047581647,514.5199999998089,1781.1706449385088
17227,40.5104047581647,514.5399999998089,1781.1981850616498
17228,40.5104047581647,514.5599999998088,1781.2257248482945
17229,40.5104047581647,514.5799999998088,1781.253264298384
17230,40.5104047581647,514.5999999998088,1781.28080341186
17231,40.5104047581647,514.6199999998088,1781.3083421886638
17232,40.5104047581647,514.6399999998088,1781.335880628737
17233,40.5104047581647,514.6599999998087,1781.363418732021
17234,40.5104047581647,514.6799999998087,1781.3909564984576
17235,40.5104047581647,514.6999999998087,1781.418493927988
17236,40.5104047581647,514.7199999998087,1781.4460310205538
17237,40.5104047581647,514.7399999998087,1781.4735677760966
17238,40.5104047581647,514.7599999998087,1781.5011041945577
17239,40.5104047581647,514.7799999998086,1781.5286402758786
17240,40.5104047581647,514.7999999998086,1781.556176020001
17241,40.5104047581647,514.8199999998086,1781.583711426866
17242,40.5104047581647,514.8399999998086,1781.6112464964156
17243,40.5104047581647,514.8599999998086,1781.638781228591
17244,40.5104047581647,514.8799999998085,1781.6663156233335
17245,40.5104047581647,514.8999999998085,1781.693849680585
17246,40.5104047581647,514.9199999998085,1781.7213834002866
17247,40.5104047581647,514.9399999998085,1781.748916782399
17248,40.5104047581647,514.9599999998085,1781.7764498284307
17249,40.5104047581647,514.9799999998085,1781.8039825397216
17250,40.5104047581647,514.9999999998084,1781.8315149162129
17251,40.5104047581647,515.0199999998084,1781.8590469578467
17252,40.5104047581647,515.0399999998084,1781.8865786645645
17253,40.5104047581647,515.0599999998084,1781.914110036308
17254,40.5104047581647,515.0799999998084,1781.9416410730191
17255,40.5104047581647,515.0999999998083,1781.9691717746396
17256,40.5104047581647,515.1199999998083,1781.996702141111
17257,40.5104047581647,515.1399999998083,1782.024232172375
17258,40.5104047581647,515.1599999998083,1782.0517618683734
17259,40.5104047581647,515.1799999998083,1782.079291229048
17260,40.5104047581647,515.1999999998083,1782.1068202543406
17261,40.5104047581647,515.2199999998082,1782.1343489441927
17262,40.5104047581647,515.2399999998082,1782.161877298546
17263,40.5104047581647,515.2599999998082,1782.1894053173423
17264,40.44502285092353,515.2799999998082,1782.2169330005236
17265,40.44502285092353,515.2999999998082,1782.2444603480312
17266,40.44502285092353,515.3199999998081,1782.271987359807
17267,40.44502285092353,515.3399999998081,1782.2995140357928
17268,40.44502285092353,515.3599999998081,1782.3270403759302
17269,40.44502285092353,515.3799999998081,1782.3545663801608
17270,40.44502285092353,515.3999999998081,1782.3820920484266
17271,40.44502285092353,515.419999999808,1782.409617380669
17272,40.44502285092353,515.439999999808,1782.43714237683
17273,40.44502285092353,515.459999999808,1782.4646670368513
17274,40.44502285092353,515.479999999808,1782.4921913606745
17275,40.44502285092353,515.499999999808,1782.5197153482413
17276,40.44502285092353,515.519999999808,1782.5472389994934
17277,40.44502285092353,515.539999999808,1782.5747623143725
17278,40.44502285092353,515.5599999998079,1782.6022852928204
17279,40.44502285092353,515.5799999998079,1782.629807934779
17280,40.44502285092353,515.5999999998079,1782.6573302401896
17281,40.44502285092353,515.6199999998079,1782.684852208994
17282,40.44502285092353,515.6399999998079,1782.7123738411342
17283,40.44502285092353,515.6599999998078,1782.7398951365517
17284,40.44502285092353,515.6799999998078,1782.7674160951883
17285,40.44502285092353,515.6999999998078,1782.7949367169856
17286,40.44502285092353,515.7199999998078,1782.8224570018854
17287,40.44502285092353,515.7399999998078,1782.8499769498292
17288,40.44502285092353,515.7599999998077,1782.877496560759
17289,40.44502285092353,515.7799999998077,1782.9050158346163
17290,40.44502285092353,515.7999999998077,1782.932534771343
17291,40.44502285092353,515.8199999998077,1782.9600533708806
17292,40.44502285092353,515.8399999998077,1782.9875716331708
17293,40.44502285092353,515.8599999998077,1783.0150895581555
17294,40.44502285092353,515.8799999998076,1783.0426071457764
17295,40.44502285092353,515.8999999998076,1783.070124395975
17296,40.44502285092353,515.9199999998076,1783.097641308693
17297,40.44502285092353,515.9399999998076,1783.1251578838724
17298,40.44502285092353,515.9599999998076,1783.1526741215037
17299,40.44502285092353,515.9799999998075,1783.1801900230812
17300,40.44502285092353,515.9999999998075,1783.207705589657
17301,40.44502285092353,516.0199999998075,1783.2352208211735
17302,40.44502285092353,516.0399999998075,1783.262735717572
17303,40.44502285092353,516.0599999998075,1783.2902502787947
17304,40.44502285092353,516.0799999998075,1783.3177645047833
17305,40.44502285092353,516.0999999998074,1783.34527839548
17306,40.44502285092353,516.1199999998074,1783.3727919508262
17307,40.44502285092353,516.1399999998074,1783.4003051707643
17308,40.44502285092353,516.1599999998074,1783.427818055236
17309,40.44502285092353,516.1799999998074,1783.455330604183
17310,40.44502285092353,516.1999999998073,1783.4828428175474
17311,40.44502285092353,516.2199999998073,1783.510354695271
17312,40.44502285092353,516.2399999998073,1783.5378662372957
17313,40.44502285092353,516.2599999998073,1783.5653774435634
17314,40.44502285092353,516.2799999998073,1783.5928883140161
17315,40.44502285092353,516.2999999998073,1783.6203988485956
17316,40.44502285092353,516.3199999998072,1783.6479090472437
17317,40.44502285092353,516.3399999998072,1783.6754189099024
17318,40.44502285092353,516.3599999998072,1783.7029284365135
17319,40.44502285092353,516.3799999998072,1783.7304376270188
17320,40.44502285092353,516.3999999998072,1783.7579464813602
17321,40.44502285092353,516.4199999998071,1783.78545499948
17322,40.44502285092353,516.4399999998071,1783.8129631813194
17323,40.44502285092353,516.4599999998071,1783.8404710268208
17324,40.44502285092353,516.4799999998071,1783.8679785359259
17325,40.44502285092353,516.4999999998071,1783.8954857085766
17326,40.44502285092353,516.519999999807,1783.9229925447148
17327,40.44502285092353,516.539999999807,1783.9504990442824
17328,40.44502285092353,516.559999999807,1783.9780052072213
17329,40.44502285092353,516.579999999807,1784.005511033473
17330,40.44502285092353,516.599999999807,1784.03301652298
17331,40.44502285092353,516.619999999807,1784.0605216756837
17332,40.44502285092353,516.639999999807,1784.088026491526
17333,40.44502285092353,516.6599999998069,1784.115530970449
17334,40.44502285092353,516.6799999998069,1784.1430351123945
17335,40.44502285092353,516.6999999998069,1784.1705389173044
17336,40.44502285092353,516.7199999998069,1784.1980423851205
17337,40.44502285092353,516.7399999998069,1784.2255455157847
17338,40.44502285092353,516.7599999998068,1784.253048309239
17339,40.44502285092353,516.7799999998068,1784.280550765425
17340,40.44502285092353,516.7999999998068,1784.3080528842847
17341,40.44502285092353,516.8199999998068,1784.3355546657601
17342,40.44502285092353,516.8399999998068,1784.363056109793
17343,40.44502285092353,516.8599999998067,1784.390557216325
17344,40.44502285092353,516.8799999998067,1784.4180579852984
17345,40.44502285092353,516.8999999998067,1784.4455584166549
17346,40.44502285092353,516.9199999998067,1784.4730585103362
17347,40.44502285092353,516.9399999998067,1784.5005582662843
17348,40.44502285092353,516.9599999998067,1784.5280576844411
17349,40.44502285092353,516.9799999998066,1784.5555567648332
17350,40.44502285092353,516.9999999998066,1784.5830555091595
17351,40.44502285092353,517.0199999998066,1784.6105539183557
17352,40.44502285092353,517.0399999998066,1784.638051992364
17353,40.44502285092353,517.0599999998066,1784.665549731126
17354,40.44502285092353,517.0799999998065,1784.693047134584
17355,40.44502285092353,517.0999999998065,1784.72054420268
17356,40.44502285092353,517.1199999998065,1784.7480409353561
17357,40.44502285092353,517.1399999998065,1784.7755373325542
17358,40.44502285092353,517.1599999998065,1784.8030333942163
17359,40.44502285092353,517.1799999998065,1784.8305291202844
17360,40.44502285092353,517.1999999998064,1784.8580245107003
17361,40.44502285092353,517.2199999998064,1784.8855195654062
17362,40.44502285092353,517.2399999998064,1784.9130142843442
17363,40.44502285092353,517.2599999998064,1784.940508667456
17364,40.44502285092353,517.2799999998064,1784.968002714684
17365,40.44502285092353,517.2999999998063,1784.9954964259698
17366,40.44502285092353,517.3199999998063,1785.0229898012558
17367,40.44502285092353,517.3399999998063,1785.0504828404837
17368,40.44502285092353,517.3599999998063,1785.0779755435956
17369,40.44502285092353,517.3799999998063,1785.1054679105334
17370,40.44502285092353,517.3999999998063,1785.1329599412393
17371,40.44502285092353,517.4199999998062,1785.1604516356551
17372,40.44502285092353,517.4399999998062,1785.187942993723
17373,40.44502285092353,517.4599999998062,1785.2154340153847
17374,40.44502285092353,517.4799999998062,1785.2429247005825
17375,40.44502285092353,517.4999999998062,1785.2704150492582
17376,40.44502285092353,517.5199999998061,1785.2979050613537
17377,40.44502285092353,517.5399999998061,1785.3253947368112
17378,40.44502285092353,517.5599999998061,1785.3528840755725
17379,40.44502285092353,517.5799999998061,1785.3803730775799
17380,40.44502285092353,517.5999999998061,1785.4078617427751
17381,40.44502285092353,517.619999999806,1785.4353500711004
17382,40.44502285092353,517.639999999806,1785.4628380624974
17383,40.44502285092353,517.659999999806,1785.4903257169085
17384,40.44502285092353,517.679999999806,1785.5178130342754
17385,40.44502285092353,517.699999999806,1785.54530001454
17386,40.44502285092353,517.719999999806,1785.5727866576447
17387,40.44502285092353,517.739999999806,1785.600272963531
17388,40.44502285092353,517.7599999998059,1785.6277589321414
17389,40.44502285092353,517.7799999998059,1785.6552445634175
17390,40.44502285092353,517.7999999998059,1785.6827298573014
17391,40.44502285092353,517.8199999998059,1785.710214813735
17392,40.44502285092353,517.8399999998059,1785.7376994326605
17393,40.44502285092353,517.8599999998058,1785.7651837140197
17394,40.44502285092353,517.8799999998058,1785.7926676577547
17395,40.44502285092353,517.8999999998058,1785.8201512638072
17396,40.44502285092353,517.9199999998058,1785.8476345321196
17397,40.44502285092353,517.9399999998058,1785.8751174626336
17398,40.44502285092353,517.9599999998057,1785.9026000552913
17399,40.44502285092353,517.9799999998057,1785.9300823100345
17400,40.44502285092353,517.9999999998057,1785.9575642269288
17401,40.44502285092353,518.0199999998057,1785.985045807887
17402,40.44502285092353,518.0399999998057,1786.0125270537133
17403,40.44502285092353,518.0599999998057,1786.0400079643493
17404,40.44502285092353,518.0799999998056,1786.0674885397375
17405,40.44502285092353,518.0999999998056,1786.0949687798197
17406,40.44502285092353,518.1199999998056,1786.1224486845383
17407,40.44502285092353,518.1399999998056,1786.149928253835
17408,40.44502285092353,518.1599999998056,1786.177407487652
17409,40.44502285092353,518.1799999998055,1786.2048863859318
17410,40.44502285092353,518.1999999998055,1786.232364948616
17411,40.44502285092353,518.2199999998055,1786.2598431756467
17412,40.44502285092353,518.2399999998055,1786.2873210669661
17413,40.44502285092353,518.2599999998055,1786.3147986225163
17414,40.44502285092353,518.2799999998055,1786.3422758422394
17415,40.44502285092353,518.2999999998054,1786.3697527260772
17416,40.44502285092353,518.3199999998054,1786.397229273972
17417,40.44502285092353,518.3399999998054,1786.424705485866
17418,40.44502285092353,518.3599999998054,1786.4521813617012
17419,40.44502285092353,518.3799999998054,1786.4796569014195
17420,40.44502285092353,518.3999999998053,1786.5071321049631
17421,40.44502285092353,518.4199999998053,1786.534606972274
17422,40.44502285092353,518.4399999998053,1786.5620815032944
17423,40.44502285092353,518.4599999998053,1786.5895556979663
17424,40.44502285092353,518.4799999998053,1786.6170295562317
17425,40.44502285092353,518.4999999998053,1786.6445030780328
17426,40.37981662690139,518.5199999998052,1786.6719762633118
17427,40.37981662690139,518.5399999998052,1786.6994491120104
17428,40.37981662690139,518.5599999998052,1786.7269216240709
17429,40.37981662690139,518.5799999998052,1786.7543937994353
17430,40.37981662690139,518.5999999998052,1786.7818656380457
17431,40.37981662690139,518.6199999998051,1786.8093371398443
17432,40.37981662690139,518.6399999998051,1786.8368083047728
17433,40.37981662690139,518.6599999998051,1786.8642791327736
17434,40.37981662690139,518.6799999998051,1786.8917496237887
17435,40.37981662690139,518.6999999998051,1786.91921977776
17436,40.37981662690139,518.719999999805,1786.9466895946298
17437,40.37981662690139,518.739999999805,1786.9741590743402
17438,40.37981662690139,518.759999999805,1787.001628216833
17439,40.37981662690139,518.779999999805,1787.0290970220506
17440,40.37981662690139,518.799999999805,1787.0565654899347
17441,40.37981662690139,518.819999999805,1787.0840336204274
17442,40.37981662690139,518.839999999805,1787.111501413471
17443,40.37981662690139,518.8599999998049,1787.1389688690074
17444,40.37981662690139,518.8799999998049,1787.1664359869787
17445,40.37981662690139,518.8999999998049,1787.193902767327
17446,40.37981662690139,518.9199999998049,1787.2213692099942
17447,40.37981662690139,518.9399999998049,1787.2488353149226
17448,40.37981662690139,518.9599999998048,1787.2763010820543
17449,40.37981662690139,518.9799999998048,1787.303766511331
17450,40.37981662690139,518.9999999998048,1787.3312316026952
17451,40.37981662690139,519.0199999998048,1787.3586963562318
17452,40.37981662690139,519.0399999998048,1787.3861607737954
17453,40.37981662690139,519.0599999998047,1787.413624855951
17454,40.37981662690139,519.0799999998047,1787.4410886026405
17455,40.37981662690139,519.0999999998047,1787.4685520138064
17456,40.37981662690139,519.1199999998047,1787.4960150893905
17457,40.37981662690139,519.1399999998047,1787.5234778293352
17458,40.37981662690139,519.1599999998047,1787.5509402335824
17459,40.37981662690139,519.1799999998046,1787.5784023020744
17460,40.37981662690139,519.1999999998046,1787.6058640347533
17461,40.37981662690139,519.2199999998046,1787.6333254315612
17462,40.37981662690139,519.2399999998046,1787.6607864924401
17463,40.37981662690139,519.2599999998046,1787.6882472173324
17464,40.37981662690139,519.2799999998045,1787.7157076061803
17465,40.37981662690139,519.2999999998045,1787.7431676589256
17466,40.37981662690139,519.3199999998045,1787.7706273755107
17467,40.37981662690139,519.3399999998045,1787.7980867558776
17468,40.37981662690139,519.3599999998045,1787.8255457999685
17469,40.37981662690139,519.3799999998045,1787.8530045077255
17470,40.37981662690139,519.3999999998044,1787.8804628790908
17471,40.37981662690139,519.4199999998044,1787.9079209140064
17472,40.37981662690139,519.4399999998044,1787.9353786124145
17473,40.37981662690139,519.4599999998044,1787.9628359742574
17474,40.37981662690139,519.4799999998044,1787.9902929994769
17475,40.37981662690139,519.4999999998043,1788.0177496880153
17476,40.37981662690139,519.5199999998043,1788.0452060398147
17477,40.37981662690139,519.5399999998043,1788.0726620548173
17478,40.37981662690139,519.5599999998043,1788.1001177329651
17479,40.37981662690139,519.5799999998043,1788.1275730742004
17480,40.37981662690139,519.5999999998043,1788.1550280784652
17481,40.37981662690139,519.6199999998042,1788.1824827457017
17482,40.37981662690139,519.6399999998042,1788.209937075852
17483,40.37981662690139,519.6599999998042,1788.2373910688582
17484,40.37981662690139,519.6799999998042,1788.2648447246625
17485,40.37981662690139,519.6999999998042,1788.292298043207
17486,40.37981662690139,519.7199999998041,1788.3197510244338
17487,40.37981662690139,519.7399999998041,1788.347203668285
17488,40.37981662690139,519.7599999998041,1788.3746559747026
17489,40.37981662690139,519.7799999998041,1788.402107943629
17490,40.37981662690139,519.7999999998041,1788.4295595750064
17491,40.37981662690139,519.819999999804,1788.4570108687765
17492,40.37981662690139,519.839999999804,1788.4844618248817
17493,40.37981662690139,519.859999999804,1788.511912443264
17494,40.37981662690139,519.879999999804,1788.5393627238657
17495,40.37981662690139,519.899999999804,1788.5668126666287
17496,40.37981662690139,519.919999999804,1788.5942622714954
17497,40.37981662690139,519.939999999804,1788.6217115384077
17498,40.37981662690139,519.9599999998039,1788.6491604673076
17499,40.37981662690139,519.9799999998039,1788.6766090581375
17500,40.37981662690139,519.9999999998039,1788.7040573108393
17501,40.37981662690139,520.0199999998039,1788.7315052253552
17502,40.37981662690139,520.0399999998039,1788.7589528018102
17503,40.37981662690139,520.0599999998038,1788.786400042276
17504,40.37981662690139,520.0799999998038,1788.8138469471808
17505,40.37981662690139,520.0999999998038,1788.8412935164667
17506,40.37981662690139,520.1199999998038,1788.8687397500762
17507,40.37981662690139,520.1399999998038,1788.8961856479514
17508,40.37981662690139,520.1599999998037,1788.9236312100345
17509,40.37981662690139,520.1799999998037,1788.951076436268
17510,40.37981662690139,520.1999999998037,1788.978521326594
17511,40.37981662690139,520.2199999998037,1789.0059658809548
17512,40.37981662690139,520.2399999998037,1789.0334100992925
17513,40.37981662690139,520.2599999998037,1789.0608539815496
17514,40.37981662690139,520.2799999998036,1789.0882975276681
17515,40.37981662690139,520.2999999998036,1789.1157407375904
17516,40.37981662690139,520.3199999998036,1789.1431836112588
17517,40.37981662690139,520.3399999998036,1789.1706261486154
17518,40.37981662690139,520.3599999998036,1789.1980683496024
17519,40.37981662690139,520.3799999998035,1789.2255102141623
17520,40.37981662690139,520.3999999998035,1789.2529517422372
17521,40.37981662690139,520.4199999998035,1789.2803929337695
17522,40.37981662690139,520.4399999998035,1789.3078337887011
17523,40.37981662690139,520.4599999998035,1789.3352743069747
17524,40.37981662690139,520.4799999998035,1789.3627144885322
17525,40.37981662690139,520.4999999998034,1789.390154333316
17526,40.37981662690139,520.5199999998034,1789.4175938412686
17527,40.37981662690139,520.5399999998034,1789.4450330123318
17528,40.37981662690139,520.5599999998034,1789.4724718464481
17529,40.37981662690139,520.5799999998034,1789.4999103435596
17530,40.37981662690139,520.5999999998033,1789.5273485036087
17531,40.37981662690139,520.6199999998033,1789.5547863265374
17532,40.37981662690139,520.6399999998033,1789.5822238122882
17533,40.37981662690139,520.6599999998033,1789.6096609608032
17534,40.37981662690139,520.6799999998033,1789.6370977720248
17535,40.37981662690139,520.6999999998033,1789.664534245895
17536,40.37981662690139,520.7199999998032,1789.6919703823564
17537,40.37981662690139,520.7399999998032,1789.719406181351
17538,40.37981662690139,520.7599999998032,1789.746841642821
17539,40.37981662690139,520.7799999998032,1789.7742767667087
17540,40.37981662690139,520.7999999998032,1789.8017115529562
17541,40.37981662690139,520.8199999998031,1789.8291460015062
17542,40.37981662690139,520.8399999998031,1789.8565801123004
17543,40.37981662690139,520.8599999998031,1789.8840138852813
17544,40.37981662690139,520.8799999998031,1789.9114473203913
17545,40.37981662690139,520.8999999998031,1789.9388804175724
17546,40.37981662690139,520.919999999803,1789.9663131767668
17547,40.37981662690139,520.939999999803,1789.9937455979168
17548,40.37981662690139,520.959999999803,1790.0211776773976
17549,40.37981662690139,520.979999999803,1790.048609407649
17550,40.37981662690139,520.999999999803,1790.076040788177
17551,40.37981662690139,521.019999999803,1790.1034718189235
17552,40.37981662690139,521.039999999803,1790.1309024998316
17553,40.37981662690139,521.0599999998029,1790.1583328310696
17554,40.37981662690139,521.0799999998029,1790.1857628149467
17555,40.37981662690139,521.0999999998029,1790.213192451741
17556,40.37981662690139,521.1199999998029,1790.2406217413954
17557,40.37981662690139,521.1399999998029,1790.2680506838528
17558,40.37981662690139,521.1599999998028,1790.295479279056
17559,40.37981662690139,521.1799999998028,1790.322907526948
17560,40.37981662690139,521.1999999998028,1790.3503354274715
17561,40.37981662690139,521.2199999998028,1790.3777629805693
17562,40.37981662690139,521.2399999998028,1790.4051901861844
17563,40.37981662690139,521.2599999998027,1790.4326170442596
17564,40.37981662690139,521.2799999998027,1790.4600435547377
17565,40.37981662690139,521.2999999998027,1790.4874697175615
17566,40.37981662690139,521.3199999998027,1790.5148955326738
17567,40.37981662690139,521.3399999998027,1790.5423210000176
17568,40.37981662690139,521.3599999998027,1790.5697461195357
17569,40.37981662690139,521.3799999998026,1790.597170891171
17570,40.37981662690139,521.3999999998026,1790.6245953148662
17571,40.37981662690139,521.4199999998026,1790.6520193905642
17572,40.37981662690139,521.4399999998026,1790.679443118208
17573,40.37981662690139,521.4599999998026,1790.70686649774
17574,40.37981662690139,521.4799999998025,1790.7342895291035
17575,40.37981662690139,521.4999999998025,1790.7617122122413
17576,40.37981662690139,521.5199999998025,1790.789134547096
17577,40.37981662690139,521.5399999998025,1790.8165565336105
17578,40.37981662690139,521.5599999998025,1790.8439781717277
17579,40.37981662690139,521.5799999998025,1790.8713994613904
17580,40.37981662690139,521.5999999998024,1790.8988204025413
17581,40.37981662690139,521.6199999998024,1790.9262409951236
17582,40.37981662690139,521.6399999998024,1790.9536612390798
17583,40.37981662690139,521.6599999998024,1790.981081134353
17584,40.37981662690139,521.6799999998024,1791.0085006808856
17585,40.37981662690139,521.6999999998023,1791.035919878621
17586,40.37981662690139,521.7199999998023,1791.0633387275016
17587,40.37981662690139,521.7399999998023,1791.0907572274705
17588,40.37981662690139,521.7599999998023,1791.1181753784704
17589,40.37981662690139,521.7799999998023,1791.1455931804442
17590,40.37981662690139,521.7999999998023,1791.1730106333346
17591,40.37981662690139,521.8199999998022,1791.2004277370845
17592,40.37981662690139,521.8399999998022,1791.2278444916367
17593,40.3147854259151,521.8599999998022,1791.2552608969343
17594,40.3147854259151,521.8799999998022,1791.2826769529197
17595,40.3147854259151,521.8999999998022,1791.310092659536
17596,40.3147854259151,521.9199999998021,1791.337508016726
17597,40.3147854259151,521.9399999998021,1791.3649230244323
17598,40.3147854259151,521.9599999998021,1791.392337682598
17599,40.3147854259151,521.9799999998021,1791.419751991166
17600,40.3147854259151,521.9999999998021,1791.4471659500791
17601,40.3147854259151,522.019999999802,1791.4745795592798
17602,40.3147854259151,522.039999999802,1791.5019928187112
17603,40.3147854259151,522.059999999802,1791.529405728316
17604,40.3147854259151,522.079999999802,1791.556818288333
17605,40.3147854259151,522.099999999802,1791.5842305008662
17606,40.3147854259151,522.119999999802,1791.6116423660658
17607,40.3147854259151,522.139999999802,1791.6390538838746
17608,40.3147854259151,522.1599999998019,1791.6664650542357
17609,40.3147854259151,522.1799999998019,1791.6938758770923
17610,40.3147854259151,522.1999999998019,1791.721286352387
17611,40.3147854259151,522.2199999998019,1791.748696480063
17612,40.3147854259151,522.2399999998019,1791.7761062600632
17613,40.3147854259151,522.2599999998018,1791.8035156923306
17614,40.3147854259151,522.2799999998018,1791.8309247768082
17615,40.3147854259151,522.2999999998018,1791.8583335134388
17616,40.3147854259151,522.3199999998018,1791.8857419021656
17617,40.3147854259151,522.3399999998018,1791.9131499429313
17618,40.3147854259151,522.3599999998017,1791.9405576356792
17619,40.3147854259151,522.3799999998017,1791.967964980352
17620,40.3147854259151,522.3999999998017,1791.9953719768928
17621,40.3147854259151,522.4199999998017,1792.0227786252444
17622,40.3147854259151,522.4399999998017,1792.0501849253499
17623,40.3147854259151,522.4599999998017,1792.0775908771523
17624,40.3147854259151,522.4799999998016,1792.1049964805945
17625,40.3147854259151,522.4999999998016,1792.1324017356196
17626,40.3147854259151,522.5199999998016,1792.1598066421705
17627,40.3147854259151,522.5399999998016,1792.18721120019
17628,40.3147854259151,522.5599999998016,1792.214615409621
17629,40.3147854259151,522.5799999998015,1792.2420192704067
17630,40.3147854259151,522.5999999998015,1792.26942278249
17631,40.3147854259151,522.6199999998015,1792.296825945814
17632,40.3147854259151,522.6399999998015,1792.3242287603214
17633,40.3147854259151,522.6599999998015,1792.3516312259553
17634,40.3147854259151,522.6799999998015,1792.3790333426587
17635,40.3147854259151,522.6999999998014,1792.4064351103743
17636,40.3147854259151,522.7199999998014,1792.4338365290455
17637,40.3147854259151,522.7399999998014,1792.4612375986148
17638,40.3147854259151,522.7599999998014,1792.4886383190255
17639,40.3147854259151,522.7799999998014,1792.5160386902205
17640,40.3147854259151,522.7999999998013,1792.5434387121427
17641,40.3147854259151,522.8199999998013,1792.570838384735
17642,40.3147854259151,522.8399999998013,1792.5982377079404
17643,40.3147854259151,522.8599999998013,1792.6256366817017
17644,40.3147854259151,522.8799999998013,1792.6530353059622
17645,40.3147854259151,522.8999999998013,1792.6804335806646
17646,40.3147854259151,522.9199999998012,1792.707831505752
17647,40.3147854259151,522.9399999998012,1792.7352290811673
17648,40.3147854259151,522.9599999998012,1792.7626263068535
17649,40.3147854259151,522.9799999998012,1792.7900231827534
17650,40.3147854259151,522.9999999998012,1792.8174197088101
17651,40.3147854259151,523.0199999998011,1792.8448158849665
17652,40.3147854259151,523.0399999998011,1792.8722117111656
17653,40.3147854259151,523.0599999998011,1792.8996071873503
17654,40.3147854259151,523.0799999998011,1792.9270023134636
17655,40.3147854259151,523.0999999998011,1792.9543970899188
17656,40.3147854259151,523.119999999801,1792.9817915187734
17657,40.3147854259151,523.139999999801,1793.0091856001532
17658,40.3147854259151,523.159999999801,1793.036579334001
17659,40.3147854259151,523.179999999801,1793.0639727202604
17660,40.3147854259151,523.199999999801,1793.091365758874
17661,40.3147854259151,523.219999999801,1793.1187584497852
17662,40.3147854259151,523.239999999801,1793.146150792937
17663,40.3147854259151,523.2599999998009,1793.1735427882725
17664,40.3147854259151,523.2799999998009,1793.2009344357346
17665,40.3147854259151,523.2999999998009,1793.2283257352667
17666,40.3147854259151,523.3199999998009,1793.2557166868116
17667,40.3147854259151,523.3399999998009,1793.2831072903127
17668,40.3147854259151,523.3599999998008,1793.310497545713
17669,40.3147854259151,523.3799999998008,1793.3378874529553
17670,40.3147854259151,523.3999999998008,1793.365277011983
17671,40.3147854259151,523.4199999998008,1793.3926662227389
17672,40.3147854259151,523.4399999998008,1793.4200550851663
17673,40.3147854259151,523.4599999998007,1793.4474435992083
17674,40.3147854259151,523.4799999998007,1793.474831764808
17675,40.3147854259151,523.4999999998007,1793.5022195819083
17676,40.3147854259151,523.5199999998007,1793.5296070504526
17677,40.3147854259151,523.5399999998007,1793.5569941703836
17678,40.3147854259151,523.5599999998007,1793.5843809416447
17679,40.3147854259151,523.5799999998006,1793.6117673641788
17680,40.3147854259151,523.5999999998006,1793.639153437929
17681,40.3147854259151,523.6199999998006,1793.6665391628385
17682,40.3147854259151,523.6399999998006,1793.6939245388503
17683,40.3147854259151,523.6599999998006,1793.7213095659076
17684,40.3147854259151,523.6799999998005,1793.7486942439534
17685,40.3147854259151,523.6999999998005,1793.7760785729306
17686,40.3147854259151,523.7199999998005,1793.8034625527825
17687,40.3147854259151,523.7399999998005,1793.8308461834522
17688,40.3147854259151,523.7599999998005,1793.8582294648827
17689,40.3147854259151,523.7799999998005,1793.885612397017
17690,40.3147854259151,523.7999999998004,1793.9129949797982
17691,40.3147854259151,523.8199999998004,1793.9403772131695
17692,40.3147854259151,523.8399999998004,1793.967759097074
17693,40.3147854259151,523.8599999998004,1793.9951406314544
17694,40.3147854259151,523.8799999998004,1794.0225218162543
17695,40.3147854259151,523.8999999998003,1794.0499026514165
17696,40.3147854259151,523.9199999998003,1794.077283136884
17697,40.3147854259151,523.9399999998003,1794.1046632726002
17698,40.3147854259151,523.9599999998003,1794.1320430585079
17699,40.3147854259151,523.9799999998003,1794.1594224945502
17700,40.3147854259151,523.9999999998003,1794.1868015806701
17701,40.3147854259151,524.0199999998002,1794.214180316811
17702,40.3147854259151,524.0399999998002,1794.2415587029157
17703,40.3147854259151,524.0599999998002,1794.2689367389273
17704,40.3147854259151,524.0799999998002,1794.296314424789
17705,40.3147854259151,524.0999999998002,1794.3236917604438
17706,40.3147854259151,524.1199999998001,1794.3510687464807
17707,40.3147854259151,524.1399999998001,1794.3784453848648
17708,40.3147854259151,524.1599999998001,1794.4058216756919
17709,40.3147854259151,524.1799999998001,1794.4331976189048
17710,40.3147854259151,524.1999999998001,1794.4605732144466
17711,40.3147854259151,524.2199999998,1794.4879484622602
17712,40.3147854259151,524.2399999998,1794.5153233622884
17713,40.3147854259151,524.2599999998,1794.542697914474
17714,40.3147854259151,524.2799999998,1794.5700721187602
17715,40.3147854259151,524.2999999998,1794.5974459750896
17716,40.3147854259151,524.3199999998,1794.6248194834054
17717,40.3147854259151,524.3399999997999,1794.6521926436503
17718,40.3147854259151,524.3599999997999,1794.6795654557673
17719,40.3147854259151,524.3799999997999,1794.7069379196992
17720,40.3147854259151,524.3999999997999,1794.734310035389
17721,40.3147854259151,524.4199999997999,1794.7616818027793
17722,40.3147854259151,524.4399999997999,1794.7890532218134
17723,40.3147854259151,524.4599999997998,1794.816424292434
17724,40.3147854259151,524.4799999997998,1794.843795014584
17725,40.3147854259151,524.4999999997998,1794.8711653882062
17726,40.3147854259151,524.5199999997998,1794.8985354132437
17727,40.3147854259151,524.5399999997998,1794.9259050896394
17728,40.3147854259151,524.5599999997997,1794.953274417336
17729,40.3147854259151,524.5799999997997,1794.9806433962763
17730,40.3147854259151,524.5999999997997,1795.0080120264035
17731,40.3147854259151,524.6199999997997,1795.0353803076605
17732,40.3147854259151,524.6399999997997,1795.06274823999
17733,40.3147854259151,524.6599999997997,1795.0901158233348
17734,40.3147854259151,524.6799999997996,1795.117483057638
17735,40.3147854259151,524.6999999997996,1795.1448499428425
17736,40.3147854259151,524.7199999997996,1795.1722164788912
17737,40.3147854259151,524.7399999997996,1795.199582665727
17738,40.3147854259151,524.7599999997996,1795.2269485032925
17739,40.3147854259151,524.7799999997995,1795.2543139915308
17740,40.3147854259151,524.7999999997995,1795.2816791303849
17741,40.3147854259151,524.8199999997995,1795.3090439197974
17742,40.3147854259151,524.8399999997995,1795.3364083597114
17743,40.3147854259151,524.8599999997995,1795.3637724500697
17744,40.3147854259151,524.8799999997995,1795.3911361908154
17745,40.3147854259151,524.8999999997994,1795.4184995818912
17746,40.3147854259151,524.9199999997994,1795.44586262324
17747,40.3147854259151,524.9399999997994,1795.4732253148045
17748,40.3147854259151,524.9599999997994,1795.500587656528
17749,40.3147854259151,524.9799999997994,1795.5279496483531
17750,40.3147854259151,524.9999999997993,1795.5553112902228
17751,40.3147854259151,525.0199999997993,1795.5826725820798
17752,40.3147854259151,525.0399999997993,1795.6100335238673
17753,40.3147854259151,525.0599999997993,1795.637394115528
17754,40.3147854259151,525.0799999997993,1795.6647543570048
17755,40.3147854259151,525.0999999997993,1795.6921142482404
17756,40.2499285909677,525.1199999997992,1795.719473789178
17757,40.2499285909677,525.1399999997992,1795.7468329805686
17758,40.2499285909677,525.1599999997992,1795.774191824235
17759,40.2499285909677,525.1799999997992,1795.80155032024
17760,40.2499285909677,525.1999999997992,1795.8289084685275
17761,40.2499285909677,525.2199999997991,1795.8562662690408
17762,40.2499285909677,525.2399999997991,1795.883623721724
17763,40.2499285909677,525.2599999997991,1795.9109808265205
17764,40.2499285909677,525.2799999997991,1795.938337583374
17765,40.2499285909677,525.2999999997991,1795.9656939922284
17766,40.2499285909677,525.319999999799,1795.9930500530272
17767,40.2499285909677,525.339999999799,1796.0204057657143
17768,40.2499285909677,525.359999999799,1796.047761130233
17769,40.2499285909677,525.379999999799,1796.0751161465273
17770,40.2499285909677,525.399999999799,1796.1024708145408
17771,40.2499285909677,525.419999999799,1796.129825134217
17772,40.2499285909677,525.4399999997989,1796.1571791055
17773,40.2499285909677,525.4599999997989,1796.1845327283334
17774,40.2499285909677,525.4799999997989,1796.2118860026605
17775,40.2499285909677,525.4999999997989,1796.2392389284255
17776,40.2499285909677,525.5199999997989,1796.2665915055716
17777,40.2499285909677,525.5399999997989,1796.2939437340428
17778,40.2499285909677,525.5599999997988,1796.3212956137827
17779,40.2499285909677,525.5799999997988,1796.348647144735
17780,40.2499285909677,525.5999999997988,1796.3759983268433
17781,40.2499285909677,525.6199999997988,1796.4033491600512
17782,40.2499285909677,525.6399999997988,1796.4306996443026
17783,40.2499285909677,525.6599999997987,1796.4580497795412
17784,40.2499285909677,525.6799999997987,1796.4853995657106
17785,40.2499285909677,525.6999999997987,1796.5127490027544
17786,40.2499285909677,525.7199999997987,1796.5400980906163
17787,40.2499285909677,525.7399999997987,1796.56744682924
17788,40.2499285909677,525.7599999997987,1796.5947952185693
17789,40.2499285909677,525.7799999997986,1796.6221432585478
17790,40.2499285909677,525.7999999997986,1796.6494909491191
17791,40.2499285909677,525.8199999997986,1796.676838290227
17792,40.2499285909677,525.8399999997986,1796.704185281815
17793,40.2499285909677,525.8599999997986,1796.7315319238269
17794,40.2499285909677,525.8799999997985,1796.7588782162063
17795,40.2499285909677,525.8999999997985,1796.786224158897
17796,40.2499285909677,525.9199999997985,1796.8135697518428
17797,40.2499285909677,525.9399999997985,1796.840914994987
17798,40.2499285909677,525.9599999997985,1796.8682598882738
17799,40.2499285909677,525.9799999997985,1796.8956044316462
17800,40.2499285909677,525.9999999997984,1796.9229486250483
17801,40.2499285909677,526.0199999997984,1796.9502924684239
17802,40.2499285909677,526.0399999997984,1796.9776359617163
17803,40.2499285909677,526.0599999997984,1797.0049791048693
17804,40.2499285909677,526.0799999997984,1797.0323218978267
17805,40.2499285909677,526.0999999997983,1797.059664340532
17806,40.2499285909677,526.1199999997983,1797.087006432929
17807,40.2499285909677,526.1399999997983,1797.1143481749614
17808,40.2499285909677,526.1599999997983,1797.1416895674906
17809,40.2499285909677,526.1799999997983,1797.1690306121072
17810,40.2499285909677,526.1999999997983,1797.1963713088358
17811,40.2499285909677,526.2199999997982,1797.2237116576198
17812,40.2499285909677,526.2399999997982,1797.2510516584025
17813,40.2499285909677,526.2599999997982,1797.2783913111277
17814,40.2499285909677,526.2799999997982,1797.3057306157389
17815,40.2499285909677,526.2999999997982,1797.3330695721793
17816,40.2499285909677,526.3199999997981,1797.3604081803926
17817,40.2499285909677,526.3399999997981,1797.3877464403224
17818,40.2499285909677,526.3599999997981,1797.415084351912
17819,40.2499285909677,526.3799999997981,1797.442421915105
17820,40.2499285909677,526.3999999997981,1797.4697591298448
17821,40.2499285909677,526.419999999798,1797.497095996075
17822,40.2499285909677,526.439999999798,1797.524432513739
17823,40.2499285909677,526.459999999798,1797.5517686827802
17824,40.2499285909677,526.479999999798,1797.5791045031424
17825,40.2499285909677,526.499999999798,1797.6064399747688
17826,40.2499285909677,526.519999999798,1797.6337750976031
17827,40.2499285909677,526.5399999997979,1797.6611098715887
17828,40.2499285909677,526.5599999997979,1797.688444296669
17829,40.2499285909677,526.5799999997979,1797.7157783727878
17830,40.2499285909677,526.5999999997979,1797.743112099888
17831,40.2499285909677,526.6199999997979,1797.7704454779137
17832,40.2499285909677,526.6399999997979,1797.797778506808
17833,40.2499285909677,526.6599999997978,1797.8251111865147
17834,40.2499285909677,526.6799999997978,1797.852443516977
17835,40.2499285909677,526.6999999997978,1797.8797754981385
17836,40.2499285909677,526.7199999997978,1797.907107129943
17837,40.2499285909677,526.7399999997978,1797.9344384123333
17838,40.2499285909677,526.7599999997977,1797.9617693452535
17839,40.2499285909677,526.7799999997977,1797.9890999286467
17840,40.2499285909677,526.7999999997977,1798.0164301624566
17841,40.2499285909677,526.8199999997977,1798.0437600466266
17842,40.2499285909677,526.8399999997977,1798.0710895811003
17843,40.2499285909677,526.8599999997977,1798.0984187658212
17844,40.2499285909677,526.8799999997976,1798.1257476007327
17845,40.2499285909677,526.8999999997976,1798.1530760857781
17846,40.2499285909677,526.9199999997976,1798.1804042209012
17847,40.2499285909677,526.9399999997976,1798.2077320060453
17848,40.2499285909677,526.9599999997976,1798.235059441154
17849,40.2499285909677,526.9799999997975,1798.2623865261705
17850,40.2499285909677,526.9999999997975,1798.2897132610385
17851,40.2499285909677,527.0199999997975,1798.3170396457015
17852,40.2499285909677,527.0399999997975,1798.3443656801028
17853,40.2499285909677,527.0599999997975,1798.371691364186
17854,40.2499285909677,527.0799999997975,1798.3990166978947
17855,40.2499285909677,527.0999999997974,1798.4263416811723
17856,40.2499285909677,527.1199999997974,1798.4536663139622
17857,40.2499285909677,527.1399999997974,1798.4809905962081
17858,40.2499285909677,527.1599999997974,1798.5083145278531
17859,40.2499285909677,527.1799999997974,1798.5356381099557
17860,40.2499285909677,527.1999999997973,1798.562961344039
17861,40.2499285909677,527.2199999997973,1798.5902842300982
17862,40.2499285909677,527.2399999997973,1798.6176067680772
17863,40.2499285909677,527.2599999997973,1798.6449289579193
17864,40.2499285909677,527.2799999997973,1798.6722507995685
17865,40.2499285909677,527.2999999997973,1798.6995722929682
17866,40.2499285909677,527.3199999997972,1798.7268934380622
17867,40.2499285909677,527.3399999997972,1798.7542142347938
17868,40.2499285909677,527.3599999997972,1798.7815346831069
17869,40.2499285909677,527.3799999997972,1798.808854782945
17870,40.2499285909677,527.3999999997972,1798.8361745342518
17871,40.2499285909677,527.4199999997971,1798.8634939369708
17872,40.2499285909677,527.4399999997971,1798.8908129910458
17873,40.2499285909677,527.4599999997971,1798.9181316964202
17874,40.2499285909677,527.4799999997971,1798.9454500530378
17875,40.2499285909677,527.4999999997971,1798.972768060842
17876,40.2499285909677,527.519999999797,1799.0000857197767
17877,40.2499285909677,527.539999999797,1799.0274030297853
17878,40.2499285909677,527.559999999797,1799.0547199908115
17879,40.2499285909677,527.579999999797,1799.0820366027988
17880,40.2499285909677,527.599999999797,1799.109352865691
17881,40.2499285909677,527.619999999797,1799.1366687794318
17882,40.2499285909677,527.6399999997969,1799.1639843439646
17883,40.2499285909677,527.6599999997969,1799.191299559233
17884,40.2499285909677,527.6799999997969,1799.2186144251807
17885,40.2499285909677,527.6999999997969,1799.2459289417513
17886,40.2499285909677,527.7199999997969,1799.2732431088884
17887,40.2499285909677,527.7399999997969,1799.3005569265356
17888,40.2499285909677,527.7599999997968,1799.3278703946366
17889,40.2499285909677,527.7799999997968,1799.355183513135
17890,40.2499285909677,527.7999999997968,1799.3824962819742
17891,40.2499285909677,527.8199999997968,1799.4098087010982
17892,40.2499285909677,527.8399999997968,1799.4371207704503
17893,40.2499285909677,527.8599999997967,1799.4644324899741
17894,40.2499285909677,527.8799999997967,1799.4917438596135
17895,40.2499285909677,527.8999999997967,1799.5190548793119
17896,40.2499285909677,527.9199999997967,1799.5463655490128
17897,40.2499285909677,527.9399999997967,1799.5736758686598
17898,40.2499285909677,527.9599999997967,1799.600985838197
17899,40.2499285909677,527.9799999997966,1799.6282954575674
17900,40.2499285909677,527.9999999997966,1799.655604726715
17901,40.2499285909677,528.0199999997966,1799.682913645583
17902,40.2499285909677,528.0399999997966,1799.7102222141157
17903,40.2499285909677,528.0599999997966,1799.737530432256
17904,40.2499285909677,528.0799999997965,1799.764838299948
17905,40.2499285909677,528.0999999997965,1799.792145817135
17906,40.2499285909677,528.1199999997965,1799.8194529837606
17907,40.2499285909677,528.1399999997965,1799.8467597997685
17908,40.2499285909677,528.1599999997965,1799.8740662651023
17909,40.2499285909677,528.1799999997965,1799.9013723797057
17910,40.2499285909677,528.1999999997964,1799.9286781448513
17911,40.2499285909677,528.2199999997964,1799.9559835619932
17912,40.2499285909677,528.2399999997964,1799.983288631095
17913,40.2499285909677,528.2599999997964,1800.0105933513134
17914,40.2499285909677,528.2799999997964,1800.037897713355
17915,40.2499285909677,528.2999999997963,1800.0652017150128
17916,40.2499285909677,528.3199999997963,1800.0925053562307
17917,40.2499285909677,528.3399999997963,1800.1198086369527
17918,40.2499285909677,528.3599999997963,1800.147111557123
17919,40.2499285909677,528.3799999997963,1800.1744141166855
17920,40.2499285909677,528.3999999997963,1800.2017163155842
17921,40.2499285909677,528.4199999997962,1800.2290181537635
17922,40.2499285909677,528.4399999997962,1800.2563196311671
17923,40.2499285909677,528.4599999997962,1800.283620747739
17924,40.18524546822969,528.4799999997962,1800.3109215034233
17925,40.18524546822969,528.4999999997962,1800.3382218981642
17926,40.18524546822969,528.5199999997961,1800.3655219319055
17927,40.18524546822969,528.5399999997961,1800.3928216045913
17928,40.18524546822969,528.5599999997961,1800.4201209161656
17929,40.18524546822969,528.5799999997961,1800.4474198665725
17930,40.18524546822969,528.5999999997961,1800.4747184557561
17931,40.18524546822969,528.619999999796,1800.5020166836605
17932,40.18524546822969,528.639999999796,1800.5293145502294
17933,40.18524546822969,528.659999999796,1800.5566120554072
17934,40.18524546822969,528.679999999796,1800.5839091991377
17935,40.18524546822969,528.699999999796,1800.611205981365
17936,40.18524546822969,528.719999999796,1800.638502402033
17937,40.18524546822969,528.7399999997959,1800.665798461086
17938,40.18524546822969,528.7599999997959,1800.693094158468
17939,40.18524546822969,528.7799999997959,1800.7203894941229
17940,40.18524546822969,528.7999999997959,1800.7476844679945
17941,40.18524546822969,528.8199999997959,1800.7749790800272
17942,40.18524546822969,528.8399999997959,1800.8022733301648
17943,40.18524546822969,528.8599999997958,1800.8295672183515
17944,40.18524546822969,528.8799999997958,1800.8568607445313
17945,40.18524546822969,528.8999999997958,1800.8841539086482
17946,40.18524546822969,528.9199999997958,1800.9114467106463
17947,40.18524546822969,528.9399999997958,1800.9387391504695
17948,40.18524546822969,528.9599999997957,1800.9660312280619
17949,40.18524546822969,528.9799999997957,1800.9933229433675
17950,40.18524546822969,528.9999999997957,1801.0206142963302
17951,40.18524546822969,529.0199999997957,1801.0479052868943
17952,40.18524546822969,529.0399999997957,1801.0751959150036
17953,40.18524546822969,529.0599999997957,1801.1024861806022
17954,40.18524546822969,529.0799999997956,1801.1297760836342
17955,40.18524546822969,529.0999999997956,1801.1570656240435
17956,40.18524546822969,529.1199999997956,1801.1843548017741
17957,40.18524546822969,529.1399999997956,1801.2116436167703
17958,40.18524546822969,529.1599999997956,1801.2389320689758
17959,40.18524546822969,529.1799999997955,1801.2662201583348
17960,40.18524546822969,529.1999999997955,1801.2935078848036
17961,40.18524546822969,529.2199999997955,1801.3207952496693
17962,40.18524546822969,529.2399999997955,1801.3480822541082
17963,40.18524546822969,529.2599999997955,1801.3753688980646
17964,40.18524546822969,529.2799999997955,1801.4026551814825
17965,40.18524546822969,529.2999999997954,1801.429941104306
17966,40.18524546822969,529.3199999997954,1801.457226666479
17967,40.18524546822969,529.3399999997954,1801.484511867946
17968,40.18524546822969,529.3599999997954,1801.5117967086508
17969,40.18524546822969,529.3799999997954,1801.5390811885377
17970,40.18524546822969,529.3999999997953,1801.5663653075508
17971,40.18524546822969,529.4199999997953,1801.593649065634
17972,40.18524546822969,529.4399999997953,1801.6209324627318
17973,40.18524546822969,529.4599999997953,1801.648215498788
17974,40.18524546822969,529.4799999997953,1801.6754981737467
17975,40.18524546822969,529.4999999997953,1801.7027804875522
17976,40.18524546822969,529.5199999997952,1801.7300624401487
17977,40.18524546822969,529.5399999997952,1801.75734403148
17978,40.18524546822969,529.5599999997952,1801.7846252614904
17979,40.18524546822969,529.5799999997952,1801.811906130124
17980,40.18524546822969,529.5999999997952,1801.839186637325
17981,40.18524546822969,529.6199999997951,1801.8664667830371
17982,40.18524546822969,529.6399999997951,1801.893746567205
17983,40.18524546822969,529.6599999997951,1801.9210259897725
17984,40.18524546822969,529.6799999997951,1801.9483050506835
17985,40.18524546822969,529.6999999997951,1801.9755837498826
17986,40.18524546822969,529.719999999795,1802.0028620873136
17987,40.18524546822969,529.739999999795,1802.0301400629205
17988,40.18524546822969,529.759999999795,1802.0574176766477
17989,40.18524546822969,529.779999999795,1802.0846949284391
17990,40.18524546822969,529.799999999795,1802.111971818239
17991,40.18524546822969,529.819999999795,1802.1392483459913
17992,40.18524546822969,529.8399999997949,1802.16652451164
17993,40.18524546822969,529.8599999997949,1802.1938003151297
17994,40.18524546822969,529.8799999997949,1802.221075756404
17995,40.18524546822969,529.8999999997949,1802.248350835407
17996,40.18524546822969,529.9199999997949,1802.2756255520833
17997,40.18524546822969,529.9399999997948,1802.3028999063768
17998,40.18524546822969,529.9599999997948,1802.3301738982314
17999,40.18524546822969,529.9799999997948,1802.3574475275911
18000,40.18524546822969,529.9999999997948,1802.3847207944004
18001,40.18524546822969,530.0199999997948,1802.4119936986033
18002,40.18524546822969,530.0399999997948,1802.4392662401438
18003,40.18524546822969,530.0599999997947,1802.466538418966
18004,40.18524546822969,530.0799999997947,1802.493810235014
18005,40.18524546822969,530.0999999997947,1802.521081688232
18006,40.18524546822969,530.1199999997947,1802.548352778564
18007,40.18524546822969,530.1399999997947,1802.5756235059544
18008,40.18524546822969,530.1599999997946,1802.6028938703469
18009,40.18524546822969,530.1799999997946,1802.6301638716857
18010,40.18524546822969,530.1999999997946,1802.6574335099149
18011,40.18524546822969,530.2199999997946,1802.6847027850235
18012,40.18524546822969,530.2399999997946,1802.7119716984896
18013,40.18524546822969,530.2599999997946,1802.7392402513872
18014,40.18524546822969,530.2799999997945,1802.7665084436608
18015,40.18524546822969,530.2999999997945,1802.7937762752545
18016,40.18524546822969,530.3199999997945,1802.8210437461125
18017,40.18524546822969,530.3399999997945,1802.8483108561793
18018,40.18524546822969,530.3599999997945,1802.875577605399
18019,40.18524546822969,530.3799999997944,1802.9028439937158
18020,40.18524546822969,530.3999999997944,1802.930110021074
18021,40.18524546822969,530.4199999997944,1802.9573756874177
18022,40.18524546822969,530.4399999997944,1802.984640992691
18023,40.18524546822969,530.4599999997944,1803.0119059368385
18024,40.18524546822969,530.4799999997944,1803.0391705198042
18025,40.18524546822969,530.4999999997943,1803.0664347415325
18026,40.18524546822969,530.5199999997943,1803.0936986019674
18027,40.18524546822969,530.5399999997943,1803.1209621010532
18028,40.18524546822969,530.5599999997943,1803.1482252387343
18029,40.18524546822969,530.5799999997943,1803.175488014955
18030,40.18524546822969,530.5999999997942,1803.202750429659
18031,40.18524546822969,530.6199999997942,1803.2300124827912
18032,40.18524546822969,530.6399999997942,1803.2572741742954
18033,40.18524546822969,530.6599999997942,1803.284535504116
18034,40.18524546822969,530.6799999997942,1803.3117964721973
18035,40.18524546822969,530.6999999997942,1803.3390570784834
18036,40.18524546822969,530.7199999997941,1803.3663173229183
18037,40.18524546822969,530.7399999997941,1803.3935772054467
18038,40.18524546822969,530.7599999997941,1803.4208367260126
18039,40.18524546822969,530.7799999997941,1803.4480958845602
18040,40.18524546822969,530.7999999997941,1803.4753546810337
18041,40.18524546822969,530.819999999794,1803.5026131153772
18042,40.18524546822969,530.839999999794,1803.5298711875353
18043,40.18524546822969,530.859999999794,1803.557128897452
18044,40.18524546822969,530.879999999794,1803.5843862450715
18045,40.18524546822969,530.899999999794,1803.6116432303381
18046,40.18524546822969,530.919999999794,1803.638899853196
18047,40.18524546822969,530.9399999997939,1803.6661561135895
18048,40.18524546822969,530.9599999997939,1803.6934120114627
18049,40.18524546822969,530.9799999997939,1803.7206675467598
18050,40.18524546822969,530.9999999997939,1803.7479227194253
18051,40.18524546822969,531.0199999997939,1803.7751775294032
18052,40.18524546822969,531.0399999997938,1803.8024319766378
18053,40.18524546822969,531.0599999997938,1803.829686061073
18054,40.18524546822969,531.0799999997938,1803.8569397826536
18055,40.18524546822969,531.0999999997938,1803.8841931413235
18056,40.18524546822969,531.1199999997938,1803.9114461370268
18057,40.18524546822969,531.1399999997938,1803.938698769708
18058,40.18524546822969,531.1599999997937,1803.9659510393112
18059,40.18524546822969,531.1799999997937,1803.9932029457807
18060,40.18524546822969,531.1999999997937,1804.0204544890605
18061,40.18524546822969,531.2199999997937,1804.047705669095
18062,40.18524546822969,531.2399999997937,1804.0749564859084
18063,40.18524546822969,531.2599999997936,1804.1022069411786
18064,40.18524546822969,531.2799999997936,1804.129457035862
18065,40.18524546822969,531.2999999997936,1804.1567067699032
18066,40.18524546822969,531.3199999997936,1804.1839561432464
18067,40.18524546822969,531.3399999997936,1804.2112051558363
18068,40.18524546822969,531.3599999997936,1804.2384538076171
18069,40.18524546822969,531.3799999997935,1804.2657020985334
18070,40.18524546822969,531.3999999997935,1804.2929500285295
18071,40.18524546822969,531.4199999997935,1804.3201975975498
18072,40.18524546822969,531.4399999997935,1804.347444805539
18073,40.18524546822969,531.4599999997935,1804.3746916524412
18074,40.18524546822969,531.4799999997934,1804.401938138201
18075,40.18524546822969,531.4999999997934,1804.4291842627629
18076,40.18524546822969,531.5199999997934,1804.4564300260708
18077,40.18524546822969,531.5399999997934,1804.4836754280698
18078,40.18524546822969,531.5599999997934,1804.510920468704
18079,40.18524546822969,531.5799999997934,1804.5381651479177
18080,40.18524546822969,531.5999999997933,1804.5654094656554
18081,40.18524546822969,531.6199999997933,1804.5926534218615
18082,40.18524546822969,531.6399999997933,1804.6198970164805
18083,40.18524546822969,531.6599999997933,1804.647140249457
18084,40.18524546822969,531.6799999997933,1804.674383120735
18085,40.18524546822969,531.6999999997932,1804.7016256302593
18086,40.18524546822969,531.7199999997932,1804.728867777974
18087,40.18524546822969,531.7399999997932,1804.7561095638239
18088,40.12073540702039,531.7599999997932,1804.783350987753
18089,40.12073540702039,531.7799999997932,1804.810592049706
18090,40.12073540702039,531.7999999997932,1804.837832749627
18091,40.12073540702039,531.8199999997931,1804.8650730874608
18092,40.12073540702039,531.8399999997931,1804.8923130631515
18093,40.12073540702039,531.8599999997931,1804.9195526766437
18094,40.12073540702039,531.8799999997931,1804.9467919278818
18095,40.12073540702039,531.8999999997931,1804.9740308168102
18096,40.12073540702039,531.919999999793,1805.0012693433732
18097,40.12073540702039,531.939999999793,1805.0285075075153
18098,40.12073540702039,531.959999999793,1805.055745309181
18099,40.12073540702039,531.979999999793,1805.0829827483146
18100,40.12073540702039,531.999999999793,1805.1102198248607
18101,40.12073540702039,532.019999999793,1805.1374565387634
18102,40.12073540702039,532.0399999997929,1805.1646928899672
18103,40.12073540702039,532.0599999997929,1805.1919288784168
18104,40.12073540702039,532.0799999997929,1805.2191645040562
18105,40.12073540702039,532.0999999997929,1805.2463997668299
18106,40.12073540702039,532.1199999997929,1805.2736346666825
18107,40.12073540702039,532.1399999997928,1805.3008692035582
18108,40.12073540702039,532.1599999997928,1805.3281033774017
18109,40.12073540702039,532.1799999997928,1805.3553371881571
18110,40.12073540702039,532.1999999997928,1805.382570635769
18111,40.12073540702039,532.2199999997928,1805.4098037201818
18112,40.12073540702039,532.2399999997928,1805.4370364413398
18113,40.12073540702039,532.2599999997927,1805.4642687992903
18114,40.12073540702039,532.2799999997927,1805.4915007956697
18115,40.12073540702039,532.2999999997927,1805.5187324311892
18116,40.12073540702039,532.3199999997927,1805.5459637057932
18117,40.12073540702039,532.3399999997927,1805.5731946194264
18118,40.12073540702039,532.3599999997926,1805.6004251720335
18119,40.12073540702039,532.3799999997926,1805.627655363559
18120,40.12073540702039,532.3999999997926,1805.6548851939474
18121,40.12073540702039,532.4199999997926,1805.6821146631435
18122,40.12073540702039,532.4399999997926,1805.7093437710919
18123,40.12073540702039,532.4599999997926,1805.7365725177372
18124,40.12073540702039,532.4799999997925,1805.7638009030238
18125,40.12073540702039,532.4999999997925,1805.7910289268966
18126,40.12073540702039,532.5199999997925,1805.8182565893
18127,40.12073540702039,532.5399999997925,1805.845483890179
18128,40.12073540702039,532.5599999997925,1805.8727108294777
18129,40.12073540702039,532.5799999997924,1805.899937407141
18130,40.12073540702039,532.5999999997924,1805.9271636231133
18131,40.12073540702039,532.6199999997924,1805.9543894773394
18132,40.12073540702039,532.6399999997924,1805.9816149697638
18133,40.12073540702039,532.6599999997924,1806.008840100331
18134,40.12073540702039,532.6799999997924,1806.036064868986
18135,40.12073540702039,532.6999999997923,1806.063289275673
18136,40.12073540702039,532.7199999997923,1806.0905133203369
18137,40.12073540702039,532.7399999997923,1806.117737002922
18138,40.12073540702039,532.7599999997923,1806.1449603233732
18139,40.12073540702039,532.7799999997923,1806.172183281635
18140,40.12073540702039,532.7999999997922,1806.1994058776518
18141,40.12073540702039,532.8199999997922,1806.2266281113684
18142,40.12073540702039,532.8399999997922,1806.2538499827294
18143,40.12073540702039,532.8599999997922,1806.2810714916795
18144,40.12073540702039,532.8799999997922,1806.3082926381633
18145,40.12073540702039,532.8999999997922,1806.3355134221251
18146,40.12073540702039,532.9199999997921,1806.3627338435097
18147,40.12073540702039,532.9399999997921,1806.3899539022616
18148,40.12073540702039,532.9599999997921,1806.4171735983257
18149,40.12073540702039,532.9799999997921,1806.4443929316462
18150,40.12073540702039,532.9999999997921,1806.471611902168
18151,40.12073540702039,533.019999999792,1806.4988305098357
18152,40.12073540702039,533.039999999792,1806.5260487545936
18153,40.12073540702039,533.059999999792,1806.5532666363865
18154,40.12073540702039,533.079999999792,1806.5804841551592
18155,40.12073540702039,533.099999999792,1806.6077013108559
18156,40.12073540702039,533.119999999792,1806.6349181034213
18157,40.12073540702039,533.1399999997919,1806.6621345328003
18158,40.12073540702039,533.1599999997919,1806.6893505989374
18159,40.12073540702039,533.1799999997919,1806.716566301777
18160,40.12073540702039,533.1999999997919,1806.7437816412637
18161,40.12073540702039,533.2199999997919,1806.7709966173422
18162,40.12073540702039,533.2399999997918,1806.7982112299571
18163,40.12073540702039,533.2599999997918,1806.825425479053
18164,40.12073540702039,533.2799999997918,1806.8526393647135
18165,40.12073540702039,533.2999999997918,1806.8798528887785
18166,40.12073540702039,533.3199999997918,1806.9070660518362
18167,40.12073540702039,533.3399999997918,1806.9342788538313
18168,40.12073540702039,533.3599999997917,1806.9614912947088
18169,40.12073540702039,533.3799999997917,1806.9887033744133
18170,40.12073540702039,533.3999999997917,1807.0159150928894
18171,40.12073540702039,533.4199999997917,1807.0431264500821
18172,40.12073540702039,533.4399999997917,1807.070337445936
18173,40.12073540702039,533.4599999997916,1807.0975480803959
18174,40.12073540702039,533.4799999997916,1807.1247583534066
18175,40.12073540702039,533.4999999997916,1807.1519682649127
18176,40.12073540702039,533.5199999997916,1807.1791778148593
18177,40.12073540702039,533.5399999997916,1807.2063870031907
18178,40.12073540702039,533.5599999997916,1807.2335958298518
18179,40.12073540702039,533.5799999997915,1807.2608042947875
18180,40.12073540702039,533.5999999997915,1807.2880123979423
18181,40.12073540702039,533.6199999997915,1807.3152201392613
18182,40.12073540702039,533.6399999997915,1807.3424275186892
18183,40.12073540702039,533.6599999997915,1807.3696345361705
18184,40.12073540702039,533.6799999997914,1807.39684119165
18185,40.12073540702039,533.6999999997914,1807.4240474850726
18186,40.12073540702039,533.7199999997914,1807.451253416383
18187,40.12073540702039,533.7399999997914,1807.4784589855258
18188,40.12073540702039,533.7599999997914,1807.505664192446
18189,40.12073540702039,533.7799999997914,1807.5328690370882
18190,40.12073540702039,533.7999999997913,1807.560073519397
18191,40.12073540702039,533.8199999997913,1807.5872776393176
18192,40.12073540702039,533.8399999997913,1807.6144813967942
18193,40.12073540702039,533.8599999997913,1807.641684791772
18194,40.12073540702039,533.8799999997913,1807.6688878241955
18195,40.12073540702039,533.8999999997912,1807.6960904940095
18196,40.12073540702039,533.9199999997912,1807.7232928011588
18197,40.12073540702039,533.9399999997912,1807.750494745588
18198,40.12073540702039,533.9599999997912,1807.777696327242
18199,40.12073540702039,533.9799999997912,1807.8048975460656
18200,40.12073540702039,533.9999999997912,1807.8320984020033
18201,40.12073540702039,534.0199999997911,1807.8592988950002
18202,40.12073540702039,534.0399999997911,1807.8864990250006
18203,40.12073540702039,534.0599999997911,1807.9136987919496
18204,40.12073540702039,534.0799999997911,1807.9408981957918
18205,40.12073540702039,534.0999999997911,1807.968097236472
18206,40.12073540702039,534.119999999791,1807.9952959139348
18207,40.12073540702039,534.139999999791,1808.022494228125
18208,40.12073540702039,534.159999999791,1808.0496921789875
18209,40.12073540702039,534.179999999791,1808.0768897664668
18210,40.12073540702039,534.199999999791,1808.104086990508
18211,40.12073540702039,534.219999999791,1808.1312838510555
18212,40.12073540702039,534.2399999997909,1808.1584803480541
18213,40.12073540702039,534.2599999997909,1808.1856764814486
18214,40.12073540702039,534.2799999997909,1808.2128722511839
18215,40.12073540702039,534.2999999997909,1808.240067657383
18216,40.12073540702039,534.3199999997909,1808.2672627021057
18217,40.12073540702039,534.3399999997908,1808.294457385805
18218,40.12073540702039,534.3599999997908,1808.3216517084254
18219,40.12073540702039,534.3799999997908,1808.3488456699122
18220,40.12073540702039,534.3999999997908,1808.3760392702102
18221,40.12073540702039,534.4199999997908,1808.4032325092642
18222,40.12073540702039,534.4399999997908,1808.430425387019
18223,40.12073540702039,534.4599999997907,1808.45761790342
18224,40.12073540702039,534.4799999997907,1808.4848100584115
18225,40.12073540702039,534.4999999997907,1808.5120018519387
18226,40.12073540702039,534.5199999997907,1808.5391932839466
18227,40.12073540702039,534.5399999997907,1808.56638435438
18228,40.12073540702039,534.5599999997906,1808.5935750631838
18229,40.12073540702039,534.5799999997906,1808.620765410303
18230,40.12073540702039,534.5999999997906,1808.6479553956822
18231,40.12073540702039,534.6199999997906,1808.6751450192664
18232,40.12073540702039,534.6399999997906,1808.7023342810007
18233,40.12073540702039,534.6599999997906,1808.7295231808298
18234,40.12073540702039,534.6799999997905,1808.7567117186989
18235,40.12073540702039,534.6999999997905,1808.7838998945524
18236,40.12073540702039,534.7199999997905,1808.8110877083357
18237,40.12073540702039,534.7399999997905,1808.8382751599934
18238,40.12073540702039,534.7599999997905,1808.8654622494705
18239,40.12073540702039,534.7799999997904,1808.8926489767118
18240,40.12073540702039,534.7999999997904,1808.9198353416623
18241,40.12073540702039,534.8199999997904,1808.947021344267
18242,40.12073540702039,534.8399999997904,1808.9742069844706
18243,40.12073540702039,534.8599999997904,1809.0013922622181
18244,40.12073540702039,534.8799999997904,1809.0285771774545
18245,40.12073540702039,534.8999999997903,1809.0557617301245
18246,40.12073540702039,534.9199999997903,1809.082945920173
18247,40.12073540702039,534.9399999997903,1809.110129747545
18248,40.12073540702039,534.9599999997903,1809.1373132121853
18249,40.12073540702039,534.9799999997903,1809.1644963140388
18250,40.12073540702039,534.9999999997902,1809.1916790530506
18251,40.12073540702039,535.0199999997902,1809.2188614291654
18252,40.12073540702039,535.0399999997902,1809.246043442328
18253,40.05639775978942,535.0599999997902,1809.2732250924835
18254,40.05639775978942,535.0799999997902,1809.3004063795768
18255,40.05639775978942,535.0999999997902,1809.3275873035525
18256,40.05639775978942,535.1199999997901,1809.3547678643558
18257,40.05639775978942,535.1399999997901,1809.3819480619316
18258,40.05639775978942,535.1599999997901,1809.4091278962246
18259,40.05639775978942,535.1799999997901,1809.4363073671798
18260,40.05639775978942,535.1999999997901,1809.463486474742
18261,40.05639775978942,535.21999999979,1809.4906652188563
18262,40.05639775978942,535.23999999979,1809.5178435994674
18263,40.05639775978942,535.25999999979,1809.5450216165202
18264,40.05639775978942,535.27999999979,1809.5721992699598
18265,40.05639775978942,535.29999999979,1809.599376559731
18266,40.05639775978942,535.31999999979,1809.626553485971
18267,40.05639775978942,535.3399999997899,1809.6537300506727
18268,40.05639775978942,535.3599999997899,1809.6809062540933
18269,40.05639775978942,535.3799999997899,1809.708082096178
18270,40.05639775978942,535.3999999997899,1809.7352575768716
18271,40.05639775978942,535.4199999997899,1809.7624326961193
18272,40.05639775978942,535.4399999997898,1809.7896074538662
18273,40.05639775978942,535.4599999997898,1809.8167818500574
18274,40.05639775978942,535.4799999997898,1809.8439558846378
18275,40.05639775978942,535.4999999997898,1809.8711295575526
18276,40.05639775978942,535.5199999997898,1809.898302868747
18277,40.05639775978942,535.5399999997898,1809.9254758181655
18278,40.05639775978942,535.5599999997897,1809.9526484057537
18279,40.05639775978942,535.5799999997897,1809.9798206314567
18280,40.05639775978942,535.5999999997897,1810.0069924946695
18281,40.05639775978942,535.6199999997897,1810.0341639867265
18282,40.05639775978942,535.6399999997897,1810.0613351039121
18283,40.05639775978942,535.6599999997896,1810.0885058461718
18284,40.05639775978942,535.6799999997896,1810.115676213451
18285,40.05639775978942,535.6999999997896,1810.1428462056952
18286,40.05639775978942,535.7199999997896,1810.1700158228498
18287,40.05639775978942,535.7399999997896,1810.1971850648604
18288,40.05639775978942,535.7599999997896,1810.2243539316723
18289,40.05639775978942,535.7799999997895,1810.251522423231
18290,40.05639775978942,535.7999999997895,1810.2786905394823
18291,40.05639775978942,535.8199999997895,1810.3058582803712
18292,40.05639775978942,535.8399999997895,1810.3330256458435
18293,40.05639775978942,535.8599999997895,1810.3601926358444
18294,40.05639775978942,535.8799999997894,1810.3873592503194
18295,40.05639775978942,535.8999999997894,1810.4145254892142
18296,40.05639775978942,535.9199999997894,1810.441691352474
18297,40.05639775978942,535.9399999997894,1810.4688568400443
18298,40.05639775978942,535.9599999997894,1810.4960219518707
18299,40.05639775978942,535.9799999997894,1810.5231866878985
18300,40.05639775978942,535.9999999997893,1810.5503510480733
18301,40.05639775978942,536.0199999997893,1810.5775150323404
18302,40.05639775978942,536.0399999997893,1810.6046786406455
18303,40.05639775978942,536.0599999997893,1810.6318418729338
18304,40.05639775978942,536.0799999997893,1810.6590047291509
18305,40.05639775978942,536.0999999997892,1810.6861672092423
18306,40.05639775978942,536.1199999997892,1810.7133293131533
18307,40.05639775978942,536.1399999997892,1810.7404910408295
18308,40.05639775978942,536.1599999997892,1810.7676523922164
18309,40.05639775978942,536.1799999997892,1810.7948133672594
18310,40.05639775978942,536.1999999997892,1810.821973965904
18311,40.05639775978942,536.2199999997891,1810.8491341880954
18312,40.05639775978942,536.2399999997891,1810.8762940337792
18313,40.05639775978942,536.2599999997891,1810.903453502901
18314,40.05639775978942,536.2799999997891,1810.930612595406
18315,40.05639775978942,536.2999999997891,1810.95777131124
18316,40.05639775978942,536.319999999789,1810.9849296503482
18317,40.05639775978942,536.339999999789,1811.0120876129492
18318,40.05639775978942,536.359999999789,1811.039245201149
18319,40.05639775978942,536.379999999789,1811.0664024151026
18320,40.05639775978942,536.399999999789,1811.0935592547557
18321,40.05639775978942,536.419999999789,1811.1207157200538
18322,40.05639775978942,536.4399999997889,1811.1478718109422
18323,40.05639775978942,536.4599999997889,1811.1750275273664
18324,40.05639775978942,536.4799999997889,1811.2021828692718
18325,40.05639775978942,536.4999999997889,1811.2293378366041
18326,40.05639775978942,536.5199999997889,1811.2564924293088
18327,40.05639775978942,536.5399999997888,1811.2836466473311
18328,40.05639775978942,536.5599999997888,1811.3108004906167
18329,40.05639775978942,536.5799999997888,1811.3379539591108
18330,40.05639775978942,536.5999999997888,1811.3651070527592
18331,40.05639775978942,536.6199999997888,1811.392259771507
18332,40.05639775978942,536.6399999997888,1811.4194121153
18333,40.05639775978942,536.6599999997887,1811.4465640840835
18334,40.05639775978942,536.6799999997887,1811.473715677803
18335,40.05639775978942,536.6999999997887,1811.5008668964042
18336,40.05639775978942,536.7199999997887,1811.5280177398322
18337,40.05639775978942,536.7399999997887,1811.5551682080327
18338,40.05639775978942,536.7599999997886,1811.582318300951
18339,40.05639775978942,536.7799999997886,1811.6094680185329
18340,40.05639775978942,536.7999999997886,1811.6366173607234
18341,40.05639775978942,536.8199999997886,1811.6637663274682
18342,40.05639775978942,536.8399999997886,1811.690914918713
18343,40.05639775978942,536.8599999997886,1811.7180631344029
18344,40.05639775978942,536.8799999997885,1811.7452109744834
18345,40.05639775978942,536.8999999997885,1811.7723584389
18346,40.05639775978942,536.9199999997885,1811.7995055275985
18347,40.05639775978942,536.9399999997885,1811.826652240524
18348,40.05639775978942,536.9599999997885,1811.853798577622
18349,40.05639775978942,536.9799999997884,1811.880944538838
18350,40.05639775978942,536.9999999997884,1811.9080901241177
18351,40.05639775978942,537.0199999997884,1811.9352353334064
18352,40.05639775978942,537.0399999997884,1811.9623801666494
18353,40.05639775978942,537.0599999997884,1811.9895246237922
18354,40.05639775978942,537.0799999997884,1812.0166687047806
18355,40.05639775978942,537.0999999997883,1812.0438124095597
18356,40.05639775978942,537.1199999997883,1812.070955738075
18357,40.05639775978942,537.1399999997883,1812.0980986902723
18358,40.05639775978942,537.1599999997883,1812.1252412660967
18359,40.05639775978942,537.1799999997883,1812.1523834654938
18360,40.05639775978942,537.1999999997882,1812.179525288409
18361,40.05639775978942,537.2199999997882,1812.2066667347879
18362,40.05639775978942,537.2399999997882,1812.2338078045757
18363,40.05639775978942,537.2599999997882,1812.2609484977181
18364,40.05639775978942,537.2799999997882,1812.2880888141606
18365,40.05639775978942,537.2999999997882,1812.3152287538485
18366,40.05639775978942,537.3199999997881,1812.3423683167273
18367,40.05639775978942,537.3399999997881,1812.3695075027426
18368,40.05639775978942,537.3599999997881,1812.3966463122708
18369,40.05639775978942,537.3799999997881,1812.4237847473044
18370,40.05639775978942,537.3999999997881,1812.4509228079683
18371,40.05639775978942,537.419999999788,1812.4780604942082
18372,40.05639775978942,537.439999999788,1812.5051978059698
18373,40.05639775978942,537.459999999788,1812.5323347431986
18374,40.05639775978942,537.479999999788,1812.5594713058401
18375,40.05639775978942,537.499999999788,1812.58660749384
18376,40.05639775978942,537.519999999788,1812.6137433071437
18377,40.05639775978942,537.5399999997879,1812.6408787456971
18378,40.05639775978942,537.5599999997879,1812.6680138094455
18379,40.05639775978942,537.5799999997879,1812.6951484983344
18380,40.05639775978942,537.5999999997879,1812.7222828123097
18381,40.05639775978942,537.6199999997879,1812.7494167513169
18382,40.05639775978942,537.6399999997878,1812.7765503153014
18383,40.05639775978942,537.6599999997878,1812.803683504209
18384,40.05639775978942,537.6799999997878,1812.8308163179852
18385,40.05639775978942,537.6999999997878,1812.8579487565755
18386,40.05639775978942,537.7199999997878,1812.8850808199256
18387,40.05639775978942,537.7399999997878,1812.9122125079812
18388,40.05639775978942,537.7599999997877,1812.9393438206876
18389,40.05639775978942,537.7799999997877,1812.9664747579905
18390,40.05639775978942,537.7999999997877,1812.9936053198355
18391,40.05639775978942,537.8199999997877,1813.0207355061682
18392,40.05639775978942,537.8399999997877,1813.0478653169341
18393,40.05639775978942,537.8599999997876,1813.074994752079
18394,40.05639775978942,537.8799999997876,1813.1021238115482
18395,40.05639775978942,537.8999999997876,1813.1292524952873
18396,40.05639775978942,537.9199999997876,1813.1563808032422
18397,40.05639775978942,537.9399999997876,1813.1835087353581
18398,40.05639775978942,537.9599999997876,1813.2106362915808
18399,40.05639775978942,537.9799999997875,1813.237763471856
18400,40.05639775978942,537.9999999997875,1813.2648902761289
18401,40.05639775978942,538.0199999997875,1813.2920167043453
18402,40.05639775978942,538.0399999997875,1813.319142756451
18403,40.05639775978942,538.0599999997875,1813.346268432391
18404,40.05639775978942,538.0799999997874,1813.3733937321115
18405,40.05639775978942,538.0999999997874,1813.4005186555576
18406,40.05639775978942,538.1199999997874,1813.4276432026752
18407,40.05639775978942,538.1399999997874,1813.4547673734096
18408,40.05639775978942,538.1599999997874,1813.4818911677066
18409,40.05639775978942,538.1799999997874,1813.5090145855117
18410,40.05639775978942,538.1999999997873,1813.5361376267706
18411,40.05639775978942,538.2199999997873,1813.5632602914286
18412,40.05639775978942,538.2399999997873,1813.5903825794314
18413,40.05639775978942,538.2599999997873,1813.6175044907247
18414,40.05639775978942,538.2799999997873,1813.644626025254
18415,40.05639775978942,538.2999999997872,1813.6717471829647
18416,40.05639775978942,538.3199999997872,1813.6988679638027
18417,40.05639775978942,538.3399999997872,1813.7259883677134
18418,40.05639775978942,538.3599999997872,1813.7531083946424
18419,40.05639775978942,538.3799999997872,1813.7802280451424
18420,40.05639775978942,538.3999999997872,1813.8073473211432
18421,40.05639775978942,538.4199999997871,1813.8344662227437
18422,40.05639775978942,538.4399999997871,1813.8615847498895
18423,39.992231882098274,538.4599999997871,1813.8887029025268
18424,39.992231882098274,538.4799999997871,1813.9158206806012
18425,39.992231882098274,538.4999999997871,1813.9429380840586
18426,39.992231882098274,538.519999999787,1813.9700551128449
18427,39.992231882098274,538.539999999787,1813.997171766906
18428,39.992231882098274,538.559999999787,1814.0242880461876
18429,39.992231882098274,538.579999999787,1814.0514039506356
18430,39.992231882098274,538.599999999787,1814.078519480196
18431,39.992231882098274,538.619999999787,1814.1056346348146
18432,39.992231882098274,538.6399999997869,1814.1327494144373
18433,39.992231882098274,538.6599999997869,1814.1598638190098
18434,39.992231882098274,538.6799999997869,1814.1869778484781
18435,39.992231882098274,538.6999999997869,1814.214091502788
18436,39.992231882098274,538.7199999997869,1814.2412047818852
18437,39.992231882098274,538.7399999997868,1814.2683176857158
18438,39.992231882098274,538.7599999997868,1814.2954302142255
18439,39.992231882098274,538.7799999997868,1814.32254236736
18440,39.992231882098274,538.7999999997868,1814.3496541450656
18441,39.992231882098274,538.8199999997868,1814.376765547288
18442,39.992231882098274,538.8399999997868,1814.4038765739726
18443,39.992231882098274,538.8599999997867,1814.4309872250658
18444,39.992231882098274,538.8799999997867,1814.4580975005133
18445,39.992231882098274,538.8999999997867,1814.4852074002608
18446,39.992231882098274,538.9199999997867,1814.5123169242543
18447,39.992231882098274,538.9399999997867,1814.5394260724395
18448,39.992231882098274,538.9599999997866,1814.5665348447624
18449,39.992231882098274,538.9799999997866,1814.5936432411688
18450,39.992231882098274,538.9999999997866,1814.6207512616045
18451,39.992231882098274,539.0199999997866,1814.6478589060155
18452,39.992231882098274,539.0399999997866,1814.6749661743474
18453,39.992231882098274,539.0599999997866,1814.7020730665463
18454,39.992231882098274,539.0799999997865,1814.729179582558
18455,39.992231882098274,539.0999999997865,1814.7562857223281
18456,39.992231882098274,539.1199999997865,1814.783391485803
18457,39.992231882098274,539.1399999997865,1814.8104968729278
18458,39.992231882098274,539.1599999997865,1814.8376018836489
18459,39.992231882098274,539.1799999997864,1814.8647065179118
18460,39.992231882098274,539.1999999997864,1814.8918107756626
18461,39.992231882098274,539.2199999997864,1814.9189146568472
18462,39.992231882098274,539.2399999997864,1814.9460181614113
18463,39.992231882098274,539.2599999997864,1814.9731212893007
18464,39.992231882098274,539.2799999997864,1815.0002240404615
18465,39.992231882098274,539.2999999997863,1815.0273264148393
18466,39.992231882098274,539.3199999997863,1815.05442841238
18467,39.992231882098274,539.3399999997863,1815.0815300330294
18468,39.992231882098274,539.3599999997863,1815.1086312767334
18469,39.992231882098274,539.3799999997863,1815.1357321434377
18470,39.992231882098274,539.3999999997862,1815.1628326337886
18471,39.992231882098274,539.4199999997862,1815.1899327494204
18472,39.992231882098274,539.4399999997862,1815.2170324903893
18473,39.992231882098274,539.4599999997862,1815.244131856641
18474,39.992231882098274,539.4799999997862,1815.2712308481214
18475,39.992231882098274,539.4999999997862,1815.2983294647768
18476,39.992231882098274,539.5199999997861,1815.325427706553
18477,39.992231882098274,539.5399999997861,1815.352525573396
18478,39.992231882098274,539.5599999997861,1815.3796230652517
18479,39.992231882098274,539.5799999997861,1815.4067201820662
18480,39.992231882098274,539.5999999997861,1815.4338169237856
18481,39.992231882098274,539.619999999786,1815.4609132903556
18482,39.992231882098274,539.639999999786,1815.4880092817223
18483,39.992231882098274,539.659999999786,1815.5151048978316
18484,39.992231882098274,539.679999999786,1815.5422001386296
18485,39.992231882098274,539.699999999786,1815.5692950040623
18486,39.992231882098274,539.719999999786,1815.5963894940755
18487,39.992231882098274,539.7399999997859,1815.6234836086155
18488,39.992231882098274,539.7599999997859,1815.650577347628
18489,39.992231882098274,539.7799999997859,1815.6776707110591
18490,39.992231882098274,539.7999999997859,1815.7047636988548
18491,39.992231882098274,539.8199999997859,1815.7318563109611
18492,39.992231882098274,539.8399999997858,1815.7589485473238
18493,39.992231882098274,539.8599999997858,1815.786040407889
18494,39.992231882098274,539.8799999997858,1815.8131318926028
18495,39.992231882098274,539.8999999997858,1815.840223001411
18496,39.992231882098274,539.9199999997858,1815.8673137342596
18497,39.992231882098274,539.9399999997858,1815.8944040910947
18498,39.992231882098274,539.9599999997857,1815.921494071862
18499,39.992231882098274,539.9799999997857,1815.948583676508
18500,39.992231882098274,539.9999999997857,1815.9756729049782
18501,39.992231882098274,540.0199999997857,1816.0027617572187
18502,39.992231882098274,540.0399999997857,1816.0298502331755
18503,39.992231882098274,540.0599999997856,1816.0569383327945
18504,39.992231882098274,540.0799999997856,1816.084026056022
18505,39.992231882098274,540.0999999997856,1816.1111134028035
18506,39.992231882098274,540.1199999997856,1816.1382003730855
18507,39.992231882098274,540.1399999997856,1816.1652869668135
18508,39.992231882098274,540.1599999997856,1816.1923731839338
18509,39.992231882098274,540.1799999997855,1816.219459024392
18510,39.992231882098274,540.1999999997855,1816.2465444881345
18511,39.992231882098274,540.2199999997855,1816.2736295751072
18512,39.992231882098274,540.2399999997855,1816.300714285256
18513,39.992231882098274,540.2599999997855,1816.3277986185267
18514,39.992231882098274,540.2799999997854,1816.3548825748655
18515,39.992231882098274,540.2999999997854,1816.3819661542184
18516,39.992231882098274,540.3199999997854,1816.409049356531
18517,39.992231882098274,540.3399999997854,1816.4361321817498
18518,39.992231882098274,540.3599999997854,1816.4632146298204
18519,39.992231882098274,540.3799999997854,1816.490296700689
18520,39.992231882098274,540.3999999997853,1816.5173783943014
18521,39.992231882098274,540.4199999997853,1816.5444597114933
18522,39.992231882098274,540.4399999997853,1816.5715406538602
18523,39.992231882098274,540.4599999997853,1816.5986212214327
18524,39.992231882098274,540.4799999997853,1816.6257014141568
18525,39.992231882098274,540.4999999997852,1816.6527812319785
18526,39.992231882098274,540.5199999997852,1816.6798606748441
18527,39.992231882098274,540.5399999997852,1816.7069397426997
18528,39.992231882098274,540.5599999997852,1816.7340184354914
18529,39.992231882098274,540.5799999997852,1816.7610967531652
18530,39.992231882098274,540.5999999997852,1816.7881746956673
18531,39.992231882098274,540.6199999997851,1816.8152522629439
18532,39.992231882098274,540.6399999997851,1816.842329454941
18533,39.992231882098274,540.6599999997851,1816.8694062716047
18534,39.992231882098274,540.6799999997851,1816.8964827128814
18535,39.992231882098274,540.6999999997851,1816.9235587787168
18536,39.992231882098274,540.719999999785,1816.9506344690574
18537,39.992231882098274,540.739999999785,1816.977709783849
18538,39.992231882098274,540.759999999785,1817.0047847230378
18539,39.992231882098274,540.779999999785,1817.0318592865701
18540,39.992231882098274,540.799999999785,1817.0589334743918
18541,39.992231882098274,540.819999999785,1817.086007286449
18542,39.992231882098274,540.8399999997849,1817.1130807226882
18543,39.992231882098274,540.8599999997849,1817.140153783055
18544,39.992231882098274,540.8799999997849,1817.1672264674958
18545,39.992231882098274,540.8999999997849,1817.1942987759567
18546,39.992231882098274,540.9199999997849,1817.2213707083836
18547,39.992231882098274,540.9399999997848,1817.2484422647228
18548,39.992231882098274,540.9599999997848,1817.2755134449205
18549,39.992231882098274,540.9799999997848,1817.3025842489226
18550,39.992231882098274,540.9999999997848,1817.3296546766753
18551,39.992231882098274,541.0199999997848,1817.3567247281248
18552,39.992231882098274,541.0399999997848,1817.383794403217
18553,39.992231882098274,541.0599999997847,1817.4108637018983
18554,39.992231882098274,541.0799999997847,1817.4379326241146
18555,39.992231882098274,541.0999999997847,1817.4650011698122
18556,39.992231882098274,541.1199999997847,1817.492069338937
18557,39.992231882098274,541.1399999997847,1817.5191371314352
18558,39.992231882098274,541.1599999997846,1817.546204547253
18559,39.992231882098274,541.1799999997846,1817.5732715863362
18560,39.992231882098274,541.1999999997846,1817.6003382486313
18561,39.992231882098274,541.2199999997846,1817.6274045340842
18562,39.992231882098274,541.2399999997846,1817.654470442641
18563,39.992231882098274,541.2599999997846,1817.681535974248
18564,39.992231882098274,541.2799999997845,1817.708601128851
18565,39.992231882098274,541.2999999997845,1817.7356659063962
18566,39.992231882098274,541.3199999997845,1817.76273030683
18567,39.992231882098274,541.3399999997845,1817.7897943300982
18568,39.992231882098274,541.3599999997845,1817.816857976147
18569,39.992231882098274,541.3799999997844,1817.8439212449225
18570,39.992231882098274,541.3999999997844,1817.870984136371
18571,39.992231882098274,541.4199999997844,1817.8980466504381
18572,39.992231882098274,541.4399999997844,1817.9251087881607
18573,39.992231882098274,541.4599999997844,1817.9521705510774
18574,39.992231882098274,541.4799999997844,1817.9792319391902
18575,39.992231882098274,541.4999999997843,1818.0062929524454
18576,39.992231882098274,541.5199999997843,1818.0333535907894
18577,39.992231882098274,541.5399999997843,1818.0604138541682
18578,39.992231882098274,541.5599999997843,1818.0874737425283
18579,39.992231882098274,541.5799999997843,1818.114533255816
18580,39.992231882098274,541.5999999997842,1818.1415923939774
18581,39.992231882098274,541.6199999997842,1818.1686511569587
18582,39.992231882098274,541.6399999997842,1818.1957095447065
18583,39.992231882098274,541.6599999997842,1818.2227675571667
18584,39.992231882098274,541.6799999997842,1818.2498251942857
18585,39.992231882098274,541.6999999997842,1818.2768824560098
18586,39.992231882098274,541.7199999997841,1818.3039393422853
18587,39.992231882098274,541.7399999997841,1818.3309958530583
18588,39.992231882098274,541.7599999997841,1818.3580519882753
18589,39.92823713260214,541.7799999997841,1818.3851077478823
18590,39.92823713260214,541.7999999997841,1818.412163131826
18591,39.92823713260214,541.819999999784,1818.4392181400522
18592,39.92823713260214,541.839999999784,1818.4662727725074
18593,39.92823713260214,541.859999999784,1818.4933270291378
18594,39.92823713260214,541.879999999784,1818.5203809098898
18595,39.92823713260214,541.899999999784,1818.5474344147094
18596,39.92823713260214,541.919999999784,1818.5744875435432
18597,39.92823713260214,541.9399999997839,1818.6015402963371
18598,39.92823713260214,541.9599999997839,1818.6285926730377
18599,39.92823713260214,541.9799999997839,1818.655644673591
18600,39.92823713260214,541.9999999997839,1818.6826962979435
18601,39.92823713260214,542.0199999997839,1818.7097475460414
18602,39.92823713260214,542.0399999997838,1818.7367984178309
18603,39.92823713260214,542.0599999997838,1818.7638489132582
18604,39.92823713260214,542.0799999997838,1818.7908990322696
18605,39.92823713260214,542.0999999997838,1818.8179487748114
18606,39.92823713260214,542.1199999997838,1818.8449981408298
18607,39.92823713260214,542.1399999997838,1818.8720471302713
18608,39.92823713260214,542.1599999997837,1818.899095743082
18609,39.92823713260214,542.1799999997837,1818.926143979208
18610,39.92823713260214,542.1999999997837,1818.9531918385958
18611,39.92823713260214,542.2199999997837,1818.9802393211914
18612,39.92823713260214,542.2399999997837,1819.0072864269414
18613,39.92823713260214,542.2599999997836,1819.0343331557917
18614,39.92823713260214,542.2799999997836,1819.061379507689
18615,39.92823713260214,542.2999999997836,1819.0884254825792
18616,39.92823713260214,542.3199999997836,1819.1154710804087
18617,39.92823713260214,542.3399999997836,1819.1425163011238
18618,39.92823713260214,542.3599999997836,1819.1695611446705
18619,39.92823713260214,542.3799999997835,1819.1966056109954
18620,39.92823713260214,542.3999999997835,1819.2236497000447
18621,39.92823713260214,542.4199999997835,1819.2506934117644
18622,39.92823713260214,542.4399999997835,1819.277736746101
18623,39.92823713260214,542.4599999997835,1819.304779704135
18624,39.92823713260214,542.4799999997834,1819.3318222871383
18625,39.92823713260214,542.4999999997834,1819.3588644950787
18626,39.92823713260214,542.5199999997834,1819.3859063279028
18627,39.92823713260214,542.5399999997834,1819.4129477855568
18628,39.92823713260214,542.5599999997834,1819.439988867987
18629,39.92823713260214,542.5799999997834,1819.4670295751398
18630,39.92823713260214,542.5999999997833,1819.4940699069618
18631,39.92823713260214,542.6199999997833,1819.5211098633993
18632,39.92823713260214,542.6399999997833,1819.5481494443984
18633,39.92823713260214,542.6599999997833,1819.5751886499058
18634,39.92823713260214,542.6799999997833,1819.602227479868
18635,39.92823713260214,542.6999999997832,1819.629265934231
18636,39.92823713260214,542.7199999997832,1819.6563040129413
18637,39.92823713260214,542.7399999997832,1819.6833417159453
18638,39.92823713260214,542.7599999997832,1819.7103790431895
18639,39.92823713260214,542.7799999997832,1819.7374159946203
18640,39.92823713260214,542.7999999997832,1819.764452570184
18641,39.92823713260214,542.8199999997831,1819.7914887698269
18642,39.92823713260214,542.8399999997831,1819.8185245934953
18643,39.92823713260214,542.8599999997831,1819.845560041136
18644,39.92823713260214,542.8799999997831,1819.872595112695
18645,39.92823713260214,542.8999999997831,1819.899629808119
18646,39.92823713260214,542.919999999783,1819.9266641273541
18647,39.92823713260214,542.939999999783,1819.9536980703467
18648,39.92823713260214,542.959999999783,1819.9807316370432
18649,39.92823713260214,542.979999999783,1820.0077648267466
18650,39.92823713260214,542.999999999783,1820.0347976301086
18651,39.92823713260214,543.019999999783,1820.0618300435729
18652,39.92823713260214,543.0399999997829,1820.0888620670858
18653,39.92823713260214,543.0599999997829,1820.1158937005941
18654,39.92823713260214,543.0799999997829,1820.1429249440446
18655,39.92823713260214,543.0999999997829,1820.1699557973839
18656,39.92823713260214,543.1199999997829,1820.1969862605586
18657,39.92823713260214,543.1399999997828,1820.2240163335155
18658,39.92823713260214,543.1599999997828,1820.2510460162011
18659,39.92823713260214,543.1799999997828,1820.2780753085624
18660,39.92823713260214,543.1999999997828,1820.3051042105458
18661,39.92823713260214,543.2199999997828,1820.332132722098
18662,39.92823713260214,543.2399999997828,1820.359160843166
18663,39.92823713260214,543.2599999997827,1820.386188573696
18664,39.92823713260214,543.2799999997827,1820.413215913635
18665,39.92823713260214,543.2999999997827,1820.4402428629294
18666,39.92823713260214,543.3199999997827,1820.467269421526
18667,39.92823713260214,543.3399999997827,1820.4942955893716
18668,39.92823713260214,543.3599999997826,1820.5213213664128
18669,39.92823713260214,543.3799999997826,1820.5483467525962
18670,39.92823713260214,543.3999999997826,1820.5753717478685
18671,39.92823713260214,543.4199999997826,1820.6023963521766
18672,39.92823713260214,543.4399999997826,1820.629420565467
18673,39.92823713260214,543.4599999997826,1820.6564443876946
18674,39.92823713260214,543.4799999997825,1820.6834678201342
18675,39.92823713260214,543.4999999997825,1820.7104908639856
18676,39.92823713260214,543.5199999997825,1820.7375135191955
18677,39.92823713260214,543.5399999997825,1820.7645357857107
18678,39.92823713260214,543.5599999997825,1820.791557663478
18679,39.92823713260214,543.5799999997824,1820.8185791524443
18680,39.92823713260214,543.5999999997824,1820.8456002525563
18681,39.92823713260214,543.6199999997824,1820.872620963761
18682,39.92823713260214,543.6399999997824,1820.8996412860047
18683,39.92823713260214,543.6599999997824,1820.9266612192346
18684,39.92823713260214,543.6799999997824,1820.9536807633974
18685,39.92823713260214,543.6999999997823,1820.98069991844
18686,39.92823713260214,543.7199999997823,1821.0077186843089
18687,39.92823713260214,543.7399999997823,1821.034737060951
18688,39.92823713260214,543.7599999997823,1821.0617550483134
18689,39.92823713260214,543.7799999997823,1821.0887726463425
18690,39.92823713260214,543.7999999997822,1821.1157898549852
18691,39.92823713260214,543.8199999997822,1821.1428066741885
18692,39.92823713260214,543.8399999997822,1821.1698231038988
18693,39.92823713260214,543.8599999997822,1821.1968391440632
18694,39.92823713260214,543.8799999997822,1821.2238547946283
18695,39.92823713260214,543.8999999997822,1821.250870055541
18696,39.92823713260214,543.9199999997821,1821.2778849267481
18697,39.92823713260214,543.9399999997821,1821.3048994081964
18698,39.92823713260214,543.9599999997821,1821.3319134998326
18699,39.92823713260214,543.9799999997821,1821.3589272016036
18700,39.92823713260214,543.9999999997821,1821.385940513456
18701,39.92823713260214,544.019999999782,1821.4129534353367
18702,39.92823713260214,544.039999999782,1821.4399659671926
18703,39.92823713260214,544.059999999782,1821.4669781089704
18704,39.92823713260214,544.079999999782,1821.4939898606167
18705,39.92823713260214,544.099999999782,1821.5210012220784
18706,39.92823713260214,544.119999999782,1821.5480121933026
18707,39.92823713260214,544.1399999997819,1821.5750227742358
18708,39.92823713260214,544.1599999997819,1821.6020329648247
18709,39.92823713260214,544.1799999997819,1821.6290427650163
18710,39.92823713260214,544.1999999997819,1821.6560521747572
18711,39.92823713260214,544.2199999997819,1821.6830611939943
18712,39.92823713260214,544.2399999997818,1821.7100698226743
18713,39.92823713260214,544.2599999997818,1821.7370780607441
18714,39.92823713260214,544.2799999997818,1821.7640859081505
18715,39.92823713260214,544.2999999997818,1821.7910933648402
18716,39.92823713260214,544.3199999997818,1821.8181004307598
18717,39.92823713260214,544.3399999997818,1821.8451071058564
18718,39.92823713260214,544.3599999997817,1821.8721133900767
18719,39.92823713260214,544.3799999997817,1821.8991192833676
18720,39.92823713260214,544.3999999997817,1821.9261247856755
18721,39.92823713260214,544.4199999997817,1821.9531298969475
18722,39.92823713260214,544.4399999997817,1821.9801346171303
18723,39.92823713260214,544.4599999997816,1822.0071389461707
18724,39.92823713260214,544.4799999997816,1822.034142884056
18725,39.92823713260214,544.4999999997816,1822.0611464322478
18726,39.92823713260214,544.5199999997816,1822.0881495918418
18727,39.92823713260214,544.5399999997816,1822.1151523627848
18728,39.92823713260214,544.5599999997816,1822.142154745024
18729,39.92823713260214,544.5799999997815,1822.1691567385064
18730,39.92823713260214,544.5999999997815,1822.196158343179
18731,39.92823713260214,544.6199999997815,1822.2231595589883
18732,39.92823713260214,544.6399999997815,1822.2501603858818
18733,39.92823713260214,544.6599999997815,1822.2771608238063
18734,39.92823713260214,544.6799999997814,1822.3041608727085
18735,39.92823713260214,544.6999999997814,1822.3311605325355
18736,39.92823713260214,544.7199999997814,1822.3581598032342
18737,39.92823713260214,544.7399999997814,1822.3851586847518
18738,39.92823713260214,544.7599999997814,1822.412157177035
18739,39.92823713260214,544.7799999997814,1822.4391552800307
18740,39.92823713260214,544.7999999997813,1822.466152993686
18741,39.92823713260214,544.8199999997813,1822.4931503179475
18742,39.92823713260214,544.8399999997813,1822.5201472527626
18743,39.92823713260214,544.8599999997813,1822.5471437980782
18744,39.92823713260214,544.8799999997813,1822.574139953841
18745,39.92823713260214,544.8999999997812,1822.6011357199982
18746,39.92823713260214,544.9199999997812,1822.6281310964964
18747,39.92823713260214,544.9399999997812,1822.6551260832828
18748,39.92823713260214,544.9599999997812,1822.6821206803043
18749,39.92823713260214,544.9799999997812,1822.709114887508
18750,39.92823713260214,544.9999999997812,1822.7361087048405
18751,39.92823713260214,545.0199999997811,1822.763102132249
18752,39.92823713260214,545.0399999997811,1822.7900951696804
18753,39.92823713260214,545.0599999997811,1822.8170878170815
18754,39.92823713260214,545.0799999997811,1822.8440800743995
18755,39.92823713260214,545.0999999997811,1822.871071941581
18756,39.92823713260214,545.119999999781,1822.8980634185732
18757,39.92823713260214,545.139999999781,1822.925054505323
18758,39.92823713260214,545.159999999781,1822.9520452017773
18759,39.92823713260214,545.179999999781,1822.979035507883
18760,39.92823713260214,545.199999999781,1823.0060254235873
18761,39.864412873031704,545.219999999781,1823.0330149488368
18762,39.864412873031704,545.2399999997809,1823.0600040835786
18763,39.864412873031704,545.2599999997809,1823.0869928277598
18764,39.864412873031704,545.2799999997809,1823.113981181327
18765,39.864412873031704,545.2999999997809,1823.1409691442275
18766,39.864412873031704,545.3199999997809,1823.1679567164078
18767,39.864412873031704,545.3399999997808,1823.1949438978154
18768,39.864412873031704,545.3599999997808,1823.221930688397
18769,39.864412873031704,545.3799999997808,1823.2489170880992
18770,39.864412873031704,545.3999999997808,1823.2759030968693
18771,39.864412873031704,545.4199999997808,1823.3028887146543
18772,39.864412873031704,545.4399999997808,1823.3298739414008
18773,39.864412873031704,545.4599999997807,1823.356858777056
18774,39.864412873031704,545.4799999997807,1823.3838432215668
18775,39.864412873031704,545.4999999997807,1823.4108272749459
18776,39.864412873031704,545.5199999997807,1823.4378109386248
18777,39.864412873031704,545.5399999997807,1823.4647942134459
18778,39.864412873031704,545.5599999997806,1823.491777099356
18779,39.864412873031704,545.5799999997806,1823.5187595963027
18780,39.864412873031704,545.5999999997806,1823.5457417042328
18781,39.864412873031704,545.6199999997806,1823.5727234230933
18782,39.864412873031704,545.6399999997806,1823.5997047528317
18783,39.864412873031704,545.6599999997806,1823.6266856933948
18784,39.864412873031704,545.6799999997805,1823.65366624473
18785,39.864412873031704,545.6999999997805,1823.6806464067843
18786,39.864412873031704,545.7199999997805,1823.7076261795048
18787,39.864412873031704,545.7399999997805,1823.7346055628386
18788,39.864412873031704,545.7599999997805,1823.761584556733
18789,39.864412873031704,545.7799999997804,1823.788563161135
18790,39.864412873031704,545.7999999997804,1823.8155413759916
18791,39.864412873031704,545.8199999997804,1823.8425192012503
18792,39.864412873031704,545.8399999997804,1823.869496636858
18793,39.864412873031704,545.8599999997804,1823.8964736827618
18794,39.864412873031704,545.8799999997804,1823.9234503389089
18795,39.864412873031704,545.8999999997803,1823.9504266052463
18796,39.864412873031704,545.9199999997803,1823.9774024817211
18797,39.864412873031704,545.9399999997803,1824.0043779682806
18798,39.864412873031704,545.9599999997803,1824.0313530648718
18799,39.864412873031704,545.9799999997803,1824.058327771442
18800,39.864412873031704,545.9999999997802,1824.085302087938
18801,39.864412873031704,546.0199999997802,1824.1122760143073
18802,39.864412873031704,546.0399999997802,1824.139249550497
18803,39.864412873031704,546.0599999997802,1824.1662226964538
18804,39.864412873031704,546.0799999997802,1824.1931954521253
18805,39.864412873031704,546.0999999997802,1824.2201678174583
18806,39.864412873031704,546.1199999997801,1824.2471397924003
18807,39.864412873031704,546.1399999997801,1824.274111376898
18808,39.864412873031704,546.1599999997801,1824.3010825708986
18809,39.864412873031704,546.1799999997801,1824.3280533743496
18810,39.864412873031704,546.1999999997801,1824.3550237871978
18811,39.864412873031704,546.21999999978,1824.3819938093902
18812,39.864412873031704,546.23999999978,1824.4089634408742
18813,39.864412873031704,546.25999999978,1824.4359326815968
18814,39.864412873031704,546.27999999978,1824.4629015315052
18815,39.864412873031704,546.29999999978,1824.4898699905464
18816,39.864412873031704,546.31999999978,1824.5168380586676
18817,39.864412873031704,546.3399999997799,1824.543805735816
18818,39.864412873031704,546.3599999997799,1824.5707730219385
18819,39.864412873031704,546.3799999997799,1824.5977399169824
18820,39.864412873031704,546.3999999997799,1824.6247064208949
18821,39.864412873031704,546.4199999997799,1824.6516725336228
18822,39.864412873031704,546.4399999997798,1824.6786382551136
18823,39.864412873031704,546.4599999997798,1824.705603585314
18824,39.864412873031704,546.4799999997798,1824.7325685241717
18825,39.864412873031704,546.4999999997798,1824.7595330716333
18826,39.864412873031704,546.5199999997798,1824.7864972277448
18827,39.864412873031704,546.5399999997798,1824.8134609941274
18828,39.864412873031704,546.5599999997797,1824.8404243715136
18829,39.864412873031704,546.5799999997797,1824.8673873598507
18830,39.864412873031704,546.5999999997797,1824.894349959086
18831,39.864412873031704,546.6199999997797,1824.9213121691666
18832,39.864412873031704,546.6399999997797,1824.94827399004
18833,39.864412873031704,546.6599999997796,1824.9752354216532
18834,39.864412873031704,546.6799999997796,1825.0021964639536
18835,39.864412873031704,546.6999999997796,1825.0291571168887
18836,39.864412873031704,546.7199999997796,1825.0561173804053
18837,39.864412873031704,546.7399999997796,1825.0830772544512
18838,39.864412873031704,546.7599999997796,1825.1100367389733
18839,39.864412873031704,546.7799999997795,1825.1369958339192
18840,39.864412873031704,546.7999999997795,1825.1639545392356
18841,39.864412873031704,546.8199999997795,1825.1909128548702
18842,39.864412873031704,546.8399999997795,1825.2178707807705
18843,39.864412873031704,546.8599999997795,1825.2448283168833
18844,39.864412873031704,546.8799999997794,1825.271785463156
18845,39.864412873031704,546.8999999997794,1825.298742219536
18846,39.864412873031704,546.9199999997794,1825.3256985859705
18847,39.864412873031704,546.9399999997794,1825.3526545624068
18848,39.864412873031704,546.9599999997794,1825.379610148792
18849,39.864412873031704,546.9799999997794,1825.4065653450734
18850,39.864412873031704,546.9999999997793,1825.4335201511985
18851,39.864412873031704,547.0199999997793,1825.4604745671145
18852,39.864412873031704,547.0399999997793,1825.4874285927685
18853,39.864412873031704,547.0599999997793,1825.514382228108
18854,39.864412873031704,547.0799999997793,1825.54133547308
18855,39.864412873031704,547.0999999997792,1825.568288327632
18856,39.864412873031704,547.1199999997792,1825.5952407917111
18857,39.864412873031704,547.1399999997792,1825.6221928652647
18858,39.864412873031704,547.1599999997792,1825.64914454824
18859,39.864412873031704,547.1799999997792,1825.6760958405844
18860,39.864412873031704,547.1999999997792,1825.7030467422449
18861,39.864412873031704,547.2199999997791,1825.729997253169
18862,39.864412873031704,547.2399999997791,1825.7569473733038
18863,39.864412873031704,547.2599999997791,1825.7838971025967
18864,39.864412873031704,547.2799999997791,1825.810846440995
18865,39.864412873031704,547.2999999997791,1825.8377953884458
18866,39.864412873031704,547.319999999779,1825.8647439448964
18867,39.864412873031704,547.339999999779,1825.8916921102943
18868,39.864412873031704,547.359999999779,1825.9186398845866
18869,39.864412873031704,547.379999999779,1825.9455872677204
18870,39.864412873031704,547.399999999779,1825.9725342596432
18871,39.864412873031704,547.419999999779,1825.9994808603024
18872,39.864412873031704,547.4399999997789,1826.0264270696448
18873,39.864412873031704,547.4599999997789,1826.053372887618
18874,39.864412873031704,547.4799999997789,1826.0803183141693
18875,39.864412873031704,547.4999999997789,1826.1072633492458
18876,39.864412873031704,547.5199999997789,1826.134207992795
18877,39.864412873031704,547.5399999997788,1826.1611522448943
18878,39.864412873031704,547.5599999997788,1826.1880961073102
18879,39.864412873031704,547.5799999997788,1826.2150395806327
18880,39.864412873031704,547.5999999997788,1826.2419826648088
18881,39.864412873031704,547.6199999997788,1826.2689253597857
18882,39.864412873031704,547.6399999997788,1826.2958676655105
18883,39.864412873031704,547.6599999997787,1826.3228095819304
18884,39.864412873031704,547.6799999997787,1826.3497511089925
18885,39.864412873031704,547.6999999997787,1826.3766922466439
18886,39.864412873031704,547.7199999997787,1826.4036329948317
18887,39.864412873031704,547.7399999997787,1826.430573353503
18888,39.864412873031704,547.7599999997786,1826.4575133226049
18889,39.864412873031704,547.7799999997786,1826.4844529020847
18890,39.864412873031704,547.7999999997786,1826.5113920918895
18891,39.864412873031704,547.8199999997786,1826.5383308919663
18892,39.864412873031704,547.8399999997786,1826.5652693022623
18893,39.864412873031704,547.8599999997786,1826.5922073227248
18894,39.864412873031704,547.8799999997785,1826.6191449533005
18895,39.864412873031704,547.8999999997785,1826.646082193937
18896,39.864412873031704,547.9199999997785,1826.673019044581
18897,39.864412873031704,547.9399999997785,1826.6999555051798
18898,39.864412873031704,547.9599999997785,1826.7268915756806
18899,39.864412873031704,547.9799999997784,1826.7538272560305
18900,39.864412873031704,547.9999999997784,1826.7807625461767
18901,39.864412873031704,548.0199999997784,1826.8076974460662
18902,39.864412873031704,548.0399999997784,1826.834631955646
18903,39.864412873031704,548.0599999997784,1826.8615660748635
18904,39.864412873031704,548.0799999997784,1826.8884998036656
18905,39.864412873031704,548.0999999997783,1826.9154331419995
18906,39.864412873031704,548.1199999997783,1826.9423660898124
18907,39.864412873031704,548.1399999997783,1826.9692986470513
18908,39.864412873031704,548.1599999997783,1826.9962308136635
18909,39.864412873031704,548.1799999997783,1827.0231625895958
18910,39.864412873031704,548.1999999997782,1827.0500939747956
18911,39.864412873031704,548.2199999997782,1827.07702496921
18912,39.864412873031704,548.2399999997782,1827.1039555727862
18913,39.864412873031704,548.2599999997782,1827.130885785471
18914,39.864412873031704,548.2799999997782,1827.157815607212
18915,39.864412873031704,548.2999999997782,1827.1847450379557
18916,39.864412873031704,548.3199999997781,1827.2116740776496
18917,39.864412873031704,548.3399999997781,1827.2386027262407
18918,39.864412873031704,548.3599999997781,1827.2655309836764
18919,39.864412873031704,548.3799999997781,1827.2924588499036
18920,39.864412873031704,548.3999999997781,1827.3193863248694
18921,39.864412873031704,548.419999999778,1827.346313408521
18922,39.864412873031704,548.439999999778,1827.3732401008053
18923,39.864412873031704,548.459999999778,1827.4001664016698
18924,39.864412873031704,548.479999999778,1827.4270923110614
18925,39.864412873031704,548.499999999778,1827.4540178289274
18926,39.864412873031704,548.519999999778,1827.4809429552147
18927,39.864412873031704,548.5399999997779,1827.5078676898704
18928,39.80075846817517,548.5599999997779,1827.5347920330066
18929,39.80075846817517,548.5799999997779,1827.561715986557
18930,39.80075846817517,548.5999999997779,1827.5886395509704
18931,39.80075846817517,548.6199999997779,1827.615562726195
18932,39.80075846817517,548.6399999997778,1827.642485512179
18933,39.80075846817517,548.6599999997778,1827.66940790887
18934,39.80075846817517,548.6799999997778,1827.696329916216
18935,39.80075846817517,548.6999999997778,1827.7232515341648
18936,39.80075846817517,548.7199999997778,1827.7501727626645
18937,39.80075846817517,548.7399999997778,1827.7770936016632
18938,39.80075846817517,548.7599999997777,1827.8040140511084
18939,39.80075846817517,548.7799999997777,1827.8309341109484
18940,39.80075846817517,548.7999999997777,1827.8578537811309
18941,39.80075846817517,548.8199999997777,1827.884773061604
18942,39.80075846817517,548.8399999997777,1827.9116919523153
18943,39.80075846817517,548.8599999997776,1827.9386104532132
18944,39.80075846817517,548.8799999997776,1827.9655285642452
18945,39.80075846817517,548.8999999997776,1827.9924462853594
18946,39.80075846817517,548.9199999997776,1828.0193636165038
18947,39.80075846817517,548.9399999997776,1828.0462805576262
18948,39.80075846817517,548.9599999997776,1828.0731971086748
18949,39.80075846817517,548.9799999997775,1828.1001132695972
18950,39.80075846817517,548.9999999997775,1828.1270290403413
18951,39.80075846817517,549.0199999997775,1828.1539444208554
18952,39.80075846817517,549.0399999997775,1828.180859411087
18953,39.80075846817517,549.0599999997775,1828.2077740109844
18954,39.80075846817517,549.0799999997774,1828.2346882204954
18955,39.80075846817517,549.0999999997774,1828.2616020395678
18956,39.80075846817517,549.1199999997774,1828.2885154681496
18957,39.80075846817517,549.1399999997774,1828.3154285061887
18958,39.80075846817517,549.1599999997774,1828.342341153633
18959,39.80075846817517,549.1799999997774,1828.3692534104305
18960,39.80075846817517,549.1999999997773,1828.396165276529
18961,39.80075846817517,549.2199999997773,1828.4230767518768
18962,39.80075846817517,549.2399999997773,1828.4499878364215
18963,39.80075846817517,549.2599999997773,1828.4768985301112
18964,39.80075846817517,549.2799999997773,1828.5038088328934
18965,39.80075846817517,549.2999999997772,1828.5307187447163
18966,39.80075846817517,549.3199999997772,1828.557628265528
18967,39.80075846817517,549.3399999997772,1828.5845373952761
18968,39.80075846817517,549.3599999997772,1828.6114461339089
18969,39.80075846817517,549.3799999997772,1828.638354481374
18970,39.80075846817517,549.3999999997772,1828.6652624376197
18971,39.80075846817517,549.4199999997771,1828.6921700025935
18972,39.80075846817517,549.4399999997771,1828.7190771762434
18973,39.80075846817517,549.4599999997771,1828.7459839585176
18974,39.80075846817517,549.4799999997771,1828.7728903493637
18975,39.80075846817517,549.4999999997771,1828.7997963487298
18976,39.80075846817517,549.519999999777,1828.8267019565637
18977,39.80075846817517,549.539999999777,1828.8536071728136
18978,39.80075846817517,549.559999999777,1828.880511997427
18979,39.80075846817517,549.579999999777,1828.9074164305318
18980,39.80075846817517,549.599999999777,1828.9343204740076
18981,39.80075846817517,549.619999999777,1828.961224128118
18982,39.80075846817517,549.6399999997769,1828.9881273928108
18983,39.80075846817517,549.6599999997769,1829.0150302680338
18984,39.80075846817517,549.6799999997769,1829.0419327537347
18985,39.80075846817517,549.6999999997769,1829.0688348498613
18986,39.80075846817517,549.7199999997769,1829.0957365563615
18987,39.80075846817517,549.7399999997768,1829.122637873183
18988,39.80075846817517,549.7599999997768,1829.1495388002736
18989,39.80075846817517,549.7799999997768,1829.1764393375809
18990,39.80075846817517,549.7999999997768,1829.2033394850528
18991,39.80075846817517,549.8199999997768,1829.2302392426368
18992,39.80075846817517,549.8399999997768,1829.2571386102811
18993,39.80075846817517,549.8599999997767,1829.2840375879332
18994,39.80075846817517,549.8799999997767,1829.310936175541
18995,39.80075846817517,549.8999999997767,1829.3378343730521
18996,39.80075846817517,549.9199999997767,1829.3647321804144
18997,39.80075846817517,549.9399999997767,1829.3916295975755
18998,39.80075846817517,549.9599999997766,1829.4185266244833
18999,39.80075846817517,549.9799999997766,1829.4454232610856
19000,39.80075846817517,549.9999999997766,1829.4723195073302
19001,39.80075846817517,550.0199999997766,1829.4992153631647
19002,39.80075846817517,550.0399999997766,1829.526110828537
19003,39.80075846817517,550.0599999997766,1829.5530059033947
19004,39.80075846817517,550.0799999997765,1829.5799005876859
19005,39.80075846817517,550.0999999997765,1829.6067948813582
19006,39.80075846817517,550.1199999997765,1829.6336887843593
19007,39.80075846817517,550.1399999997765,1829.660582296637
19008,39.80075846817517,550.1599999997765,1829.6874754181388
19009,39.80075846817517,550.1799999997764,1829.7143681488128
19010,39.80075846817517,550.1999999997764,1829.7412604886067
19011,39.80075846817517,550.2199999997764,1829.7681524374684
19012,39.80075846817517,550.2399999997764,1829.7950439953454
19013,39.80075846817517,550.2599999997764,1829.8219351621856
19014,39.80075846817517,550.2799999997764,1829.8488259379367
19015,39.80075846817517,550.2999999997763,1829.8757163225466
19016,39.80075846817517,550.3199999997763,1829.9026063159629
19017,39.80075846817517,550.3399999997763,1829.9294959181334
19018,39.80075846817517,550.3599999997763,1829.9563851290059
19019,39.80075846817517,550.3799999997763,1829.9832739485282
19020,39.80075846817517,550.3999999997762,1830.0101623757646
19021,39.80075846817517,550.4199999997762,1830.0370504001164
19022,39.80075846817517,550.4399999997762,1830.0639380189361
19023,39.80075846817517,550.4599999997762,1830.0908252321722
19024,39.80075846817517,550.4799999997762,1830.1177120397724
19025,39.80075846817517,550.4999999997762,1830.1445984416848
19026,39.80075846817517,550.5199999997761,1830.1714844378575
19027,39.80075846817517,550.5399999997761,1830.1983700282387
19028,39.80075846817517,550.5599999997761,1830.2252552127763
19029,39.80075846817517,550.5799999997761,1830.2521399914183
19030,39.80075846817517,550.5999999997761,1830.2790243643553
19031,39.80075846817517,550.619999999776,1830.305908333625
19032,39.80075846817517,550.639999999776,1830.3327918993807
19033,39.80075846817517,550.659999999776,1830.359675061571
19034,39.80075846817517,550.679999999776,1830.3865578201435
19035,39.80075846817517,550.699999999776,1830.4134401750468
19036,39.80075846817517,550.719999999776,1830.440322126229
19037,39.80075846817517,550.7399999997759,1830.467203673638
19038,39.80075846817517,550.7599999997759,1830.4940848172225
19039,39.80075846817517,550.7799999997759,1830.5209655569304
19040,39.80075846817517,550.7999999997759,1830.5478458927098
19041,39.80075846817517,550.8199999997759,1830.574725824509
19042,39.80075846817517,550.8399999997758,1830.601605352276
19043,39.80075846817517,550.8599999997758,1830.628484475959
19044,39.80075846817517,550.8799999997758,1830.6553631955064
19045,39.80075846817517,550.8999999997758,1830.6822415108663
19046,39.80075846817517,550.9199999997758,1830.7091194219868
19047,39.80075846817517,550.9399999997758,1830.735996928816
19048,39.80075846817517,550.9599999997757,1830.762874031302
19049,39.80075846817517,550.9799999997757,1830.7897507293935
19050,39.80075846817517,550.9999999997757,1830.816627023038
19051,39.80075846817517,551.0199999997757,1830.8435029121842
19052,39.80075846817517,551.0399999997757,1830.87037839678
19053,39.80075846817517,551.0599999997756,1830.8972534767738
19054,39.80075846817517,551.0799999997756,1830.9241281521136
19055,39.80075846817517,551.0999999997756,1830.9510024227475
19056,39.80075846817517,551.1199999997756,1830.9778762886237
19057,39.80075846817517,551.1399999997756,1831.0047497496905
19058,39.80075846817517,551.1599999997756,1831.031622805896
19059,39.80075846817517,551.1799999997755,1831.0584954571884
19060,39.80075846817517,551.1999999997755,1831.0853677035159
19061,39.80075846817517,551.2199999997755,1831.1122395448265
19062,39.80075846817517,551.2399999997755,1831.1391109810686
19063,39.80075846817517,551.2599999997755,1831.1659820121904
19064,39.80075846817517,551.2799999997754,1831.1928526381398
19065,39.80075846817517,551.2999999997754,1831.2197228588652
19066,39.80075846817517,551.3199999997754,1831.2465926743148
19067,39.80075846817517,551.3399999997754,1831.2734620844367
19068,39.80075846817517,551.3599999997754,1831.300331089179
19069,39.80075846817517,551.3799999997754,1831.32719968849
19070,39.80075846817517,551.3999999997753,1831.3540678823178
19071,39.80075846817517,551.4199999997753,1831.3809356706106
19072,39.80075846817517,551.4399999997753,1831.4078030533165
19073,39.80075846817517,551.4599999997753,1831.4346700303836
19074,39.80075846817517,551.4799999997753,1831.4615366017604
19075,39.80075846817517,551.4999999997752,1831.4884027673947
19076,39.80075846817517,551.5199999997752,1831.5152685272349
19077,39.80075846817517,551.5399999997752,1831.5421338812291
19078,39.80075846817517,551.5599999997752,1831.5689988293254
19079,39.80075846817517,551.5799999997752,1831.5958633714722
19080,39.80075846817517,551.5999999997752,1831.6227275076176
19081,39.80075846817517,551.6199999997751,1831.6495912381172
19082,39.80075846817517,551.6399999997751,1831.6764545649667
19083,39.80075846817517,551.6599999997751,1831.7033174882968
19084,39.80075846817517,551.6799999997751,1831.7301800080559
19085,39.80075846817517,551.6999999997751,1831.7570421241926
19086,39.80075846817517,551.719999999775,1831.783903836655
19087,39.80075846817517,551.739999999775,1831.8107651453918
19088,39.80075846817517,551.759999999775,1831.837626050351
19089,39.80075846817517,551.779999999775,1831.8644865514814
19090,39.80075846817517,551.799999999775,1831.891346648731
19091,39.80075846817517,551.819999999775,1831.9182063420485
19092,39.80075846817517,551.8399999997749,1831.9450656313822
19093,39.80075846817517,551.8599999997749,1831.9719245166805
19094,39.80075846817517,551.8799999997749,1831.9987829978918
19095,39.80075846817517,551.8999999997749,1832.0256410749644
19096,39.80075846817517,551.9199999997749,1832.0524987478468
19097,39.80075846817517,551.9399999997748,1832.0793560164873
19098,39.80075846817517,551.9599999997748,1832.1062128808344
19099,39.80075846817517,551.9799999997748,1832.1330693408365
19100,39.80075846817517,551.9999999997748,1832.1599253964418
19101,39.73727328586037,552.0199999997748,1832.186781047599
19102,39.73727328586037,552.0399999997747,1832.2136362942563
19103,39.73727328586037,552.0599999997747,1832.2404911363622
19104,39.73727328586037,552.0799999997747,1832.267345573865
19105,39.73727328586037,552.0999999997747,1832.2941996067132
19106,39.73727328586037,552.1199999997747,1832.321053234855
19107,39.73727328586037,552.1399999997747,1832.347906458239
19108,39.73727328586037,552.1599999997746,1832.3747592768136
19109,39.73727328586037,552.1799999997746,1832.401611690527
19110,39.73727328586037,552.1999999997746,1832.4284636993277
19111,39.73727328586037,552.2199999997746,1832.455315303164
19112,39.73727328586037,552.2399999997746,1832.4821665019845
19113,39.73727328586037,552.2599999997745,1832.5090172957373
19114,39.73727328586037,552.2799999997745,1832.535867684371
19115,39.73727328586037,552.2999999997745,1832.562717667834
19116,39.73727328586037,552.3199999997745,1832.5895672460747
19117,39.73727328586037,552.3399999997745,1832.6164164190413
19118,39.73727328586037,552.3599999997745,1832.6432651866824
19119,39.73727328586037,552.3799999997744,1832.6701135489463
19120,39.73727328586037,552.3999999997744,1832.6969615057815
19121,39.73727328586037,552.4199999997744,1832.7238090571364
19122,39.73727328586037,552.4399999997744,1832.7506562029591
19123,39.73727328586037,552.4599999997744,1832.7775029431984
19124,39.73727328586037,552.4799999997743,1832.8043492778024
19125,39.73727328586037,552.4999999997743,1832.8311952067197
19126,39.73727328586037,552.5199999997743,1832.8580407298984
19127,39.73727328586037,552.5399999997743,1832.8848858472873
19128,39.73727328586037,552.5599999997743,1832.9117305588343
19129,39.73727328586037,552.5799999997743,1832.9385748644881
19130,39.73727328586037,552.5999999997742,1832.9654187641972
19131,39.73727328586037,552.6199999997742,1832.9922622579097
19132,39.73727328586037,552.6399999997742,1833.0191053460842
19133,39.73727328586037,552.6599999997742,1833.0459480304116
19134,39.73727328586037,552.6799999997742,1833.0727903109776
19135,39.73727328586037,552.6999999997741,1833.0996321877303
19136,39.73727328586037,552.7199999997741,1833.1264736606188
19137,39.73727328586037,552.7399999997741,1833.1533147295913
19138,39.73727328586037,552.7599999997741,1833.1801553945966
19139,39.73727328586037,552.7799999997741,1833.2069956555833
19140,39.73727328586037,552.7999999997741,1833.2338355125
19141,39.73727328586037,552.819999999774,1833.260674965295
19142,39.73727328586037,552.839999999774,1833.2875140139172
19143,39.73727328586037,552.859999999774,1833.314352658315
19144,39.73727328586037,552.879999999774,1833.3411908984372
19145,39.73727328586037,552.899999999774,1833.368028734232
19146,39.73727328586037,552.919999999774,1833.3948661656484
19147,39.73727328586037,552.9399999997739,1833.4217031926348
19148,39.73727328586037,552.9599999997739,1833.4485398151398
19149,39.73727328586037,552.9799999997739,1833.475376033112
19150,39.73727328586037,552.9999999997739,1833.5022118465
19151,39.73727328586037,553.0199999997739,1833.5290472552522
19152,39.73727328586037,553.0399999997738,1833.5558822593173
19153,39.73727328586037,553.0599999997738,1833.582716858644
19154,39.73727328586037,553.0799999997738,1833.609551053181
19155,39.73727328586037,553.0999999997738,1833.6363848428764
19156,39.73727328586037,553.1199999997738,1833.6632182276792
19157,39.73727328586037,553.1399999997737,1833.6900512075376
19158,39.73727328586037,553.1599999997737,1833.7168837824006
19159,39.73727328586037,553.1799999997737,1833.7437159522167
19160,39.73727328586037,553.1999999997737,1833.7705477169343
19161,39.73727328586037,553.2199999997737,1833.797379076502
19162,39.73727328586037,553.2399999997737,1833.8242100308685
19163,39.73727328586037,553.2599999997736,1833.8510405799823
19164,39.73727328586037,553.2799999997736,1833.877870723792
19165,39.73727328586037,553.2999999997736,1833.9047004622464
19166,39.73727328586037,553.3199999997736,1833.931529795294
19167,39.73727328586037,553.3399999997736,1833.958358722883
19168,39.73727328586037,553.3599999997735,1833.9851872449624
19169,39.73727328586037,553.3799999997735,1834.0120153614807
19170,39.73727328586037,553.3999999997735,1834.0388430723865
19171,39.73727328586037,553.4199999997735,1834.065670377628
19172,39.73727328586037,553.4399999997735,1834.0924972771543
19173,39.73727328586037,553.4599999997735,1834.1193237709138
19174,39.73727328586037,553.4799999997734,1834.1461498588549
19175,39.73727328586037,553.4999999997734,1834.1729755409265
19176,39.73727328586037,553.5199999997734,1834.199800817077
19177,39.73727328586037,553.5399999997734,1834.226625687255
19178,39.73727328586037,553.5599999997734,1834.253450151409
19179,39.73727328586037,553.5799999997733,1834.2802742094877
19180,39.73727328586037,553.5999999997733,1834.3070978614396
19181,39.73727328586037,553.6199999997733,1834.3339211072134
19182,39.73727328586037,553.6399999997733,1834.3607439467576
19183,39.73727328586037,553.6599999997733,1834.3875663807037
19184,39.73727328586037,553.6799999997733,1834.41438841071
19185,39.73727328586037,553.6999999997732,1834.441210036839
19186,39.73727328586037,553.7199999997732,1834.46803125904
19187,39.73727328586037,553.7399999997732,1834.494852077261
19188,39.73727328586037,553.7599999997732,1834.521672491451
19189,39.73727328586037,553.7799999997732,1834.548492501559
19190,39.73727328586037,553.7999999997731,1834.5753121075334
19191,39.73727328586037,553.8199999997731,1834.6021313093229
19192,39.73727328586037,553.8399999997731,1834.6289501068763
19193,39.73727328586037,553.8599999997731,1834.6557685001426
19194,39.73727328586037,553.8799999997731,1834.6825864890702
19195,39.73727328586037,553.8999999997731,1834.7094040736079
19196,39.73727328586037,553.919999999773,1834.7362212537043
19197,39.73727328586037,553.939999999773,1834.7630380293083
19198,39.73727328586037,553.959999999773,1834.7898544003685
19199,39.73727328586037,553.979999999773,1834.8166703668337
19200,39.73727328586037,553.999999999773,1834.8434859286526
19201,39.73727328586037,554.019999999773,1834.870301085774
19202,39.73727328586037,554.0399999997729,1834.8971158381464
19203,39.73727328586037,554.0599999997729,1834.9239301857187
19204,39.73727328586037,554.0799999997729,1834.9507441284397
19205,39.73727328586037,554.0999999997729,1834.977557666258
19206,39.73727328586037,554.1199999997729,1835.0043707991222
19207,39.73727328586037,554.1399999997728,1835.0311835269813
19208,39.73727328586037,554.1599999997728,1835.0579958497838
19209,39.73727328586037,554.1799999997728,1835.0848077674784
19210,39.73727328586037,554.1999999997728,1835.1116192800139
19211,39.73727328586037,554.2199999997728,1835.138430387339
19212,39.73727328586037,554.2399999997727,1835.1652410894026
19213,39.73727328586037,554.2599999997727,1835.192051386153
19214,39.73727328586037,554.2799999997727,1835.2188612775394
19215,39.73727328586037,554.2999999997727,1835.2456707635101
19216,39.73727328586037,554.3199999997727,1835.2724798440142
19217,39.73727328586037,554.3399999997727,1835.2992885190001
19218,39.73727328586037,554.3599999997726,1835.3260967884166
19219,39.73727328586037,554.3799999997726,1835.3529046522126
19220,39.73727328586037,554.3999999997726,1835.3797121103366
19221,39.73727328586037,554.4199999997726,1835.4065191627376
19222,39.73727328586037,554.4399999997726,1835.433325809364
19223,39.73727328586037,554.4599999997725,1835.4601320501647
19224,39.73727328586037,554.4799999997725,1835.4869378850883
19225,39.73727328586037,554.4999999997725,1835.5137433140835
19226,39.73727328586037,554.5199999997725,1835.5405483370992
19227,39.73727328586037,554.5399999997725,1835.5673529540838
19228,39.73727328586037,554.5599999997725,1835.5941571649864
19229,39.73727328586037,554.5799999997724,1835.6209609697555
19230,39.73727328586037,554.5999999997724,1835.64776436834
19231,39.73727328586037,554.6199999997724,1835.6745673606883
19232,39.73727328586037,554.6399999997724,1835.7013699467495
19233,39.73727328586037,554.6599999997724,1835.7281721264721
19234,39.73727328586037,554.6799999997723,1835.754973900675
19235,39.73727328586037,554.6999999997723,1835.7817752709739
19236,39.73727328586037,554.7199999997723,1835.8085762374062
19237,39.73727328586037,554.7399999997723,1835.8353767999208
19238,39.73727328586037,554.7599999997723,1835.8621769584665
19239,39.73727328586037,554.7799999997723,1835.8889767129922
19240,39.73727328586037,554.7999999997722,1835.9157760634466
19241,39.73727328586037,554.8199999997722,1835.9425750097787
19242,39.73727328586037,554.8399999997722,1835.9693735519372
19243,39.73727328586037,554.8599999997722,1835.996171689871
19244,39.73727328586037,554.8799999997722,1836.022969423529
19245,39.73727328586037,554.8999999997721,1836.0497667528603
19246,39.73727328586037,554.9199999997721,1836.0765636778133
19247,39.73727328586037,554.9399999997721,1836.103360198337
19248,39.73727328586037,554.9599999997721,1836.1301563143802
19249,39.73727328586037,554.9799999997721,1836.1569520258918
19250,39.73727328586037,554.9999999997721,1836.1837473328205
19251,39.73727328586037,555.019999999772,1836.2105422351156
19252,39.73727328586037,555.039999999772,1836.2373367327255
19253,39.73727328586037,555.059999999772,1836.264130825599
19254,39.73727328586037,555.079999999772,1836.2909245136852
19255,39.73727328586037,555.099999999772,1836.3177177969328
19256,39.73727328586037,555.119999999772,1836.3445106752908
19257,39.73727328586037,555.1399999997719,1836.371303148708
19258,39.73727328586037,555.1599999997719,1836.398095217133
19259,39.73727328586037,555.1799999997719,1836.424886880515
19260,39.73727328586037,555.1999999997719,1836.4516781388027
19261,39.73727328586037,555.2199999997719,1836.4784689919447
19262,39.73727328586037,555.2399999997718,1836.5052594398903
19263,39.73727328586037,555.2599999997718,1836.532049482588
19264,39.73727328586037,555.2799999997718,1836.5588391199867
19265,39.73727328586037,555.2999999997718,1836.5856283520352
19266,39.73727328586037,555.3199999997718,1836.6124171786826
19267,39.73727328586037,555.3399999997717,1836.6392055998774
19268,39.73727328586037,555.3599999997717,1836.6659936155688
19269,39.73727328586037,555.3799999997717,1836.6927812257054
19270,39.67395669693701,555.3999999997717,1836.719568430236
19271,39.67395669693701,555.4199999997717,1836.7463552291097
19272,39.67395669693701,555.4399999997717,1836.773141622275
19273,39.67395669693701,555.4599999997716,1836.799927609681
19274,39.67395669693701,555.4799999997716,1836.8267131912764
19275,39.67395669693701,555.4999999997716,1836.8534983670102
19276,39.67395669693701,555.5199999997716,1836.8802831368312
19277,39.67395669693701,555.5399999997716,1836.907067500688
19278,39.67395669693701,555.5599999997715,1836.9338514585297
19279,39.67395669693701,555.5799999997715,1836.9606350103052
19280,39.67395669693701,555.5999999997715,1836.987418155963
19281,39.67395669693701,555.6199999997715,1837.0142008954524
19282,39.67395669693701,555.6399999997715,1837.0409832287219
19283,39.67395669693701,555.6599999997715,1837.0677651557203
19284,39.67395669693701,555.6799999997714,1837.0945466763967
19285,39.67395669693701,555.6999999997714,1837.1213277916283
19286,39.67395669693701,555.7199999997714,1837.148108502762
19287,39.67395669693701,555.7399999997714,1837.1748888097984
19288,39.67395669693701,555.7599999997714,1837.2016687126868
19289,39.67395669693701,555.7799999997713,1837.2284482113762
19290,39.67395669693701,555.7999999997713,1837.2552273058154
19291,39.67395669693701,555.8199999997713,1837.2820059959533
19292,39.67395669693701,555.8399999997713,1837.308784281739
19293,39.67395669693701,555.8599999997713,1837.3355621631215
19294,39.67395669693701,555.8799999997713,1837.3623396400496
19295,39.67395669693701,555.8999999997712,1837.3891167124725
19296,39.67395669693701,555.9199999997712,1837.415893380339
19297,39.67395669693701,555.9399999997712,1837.4426696435978
19298,39.67395669693701,555.9599999997712,1837.4694455021984
19299,39.67395669693701,555.9799999997712,1837.4962209560892
19300,39.67395669693701,555.9999999997711,1837.5229960052195
19301,39.67395669693701,556.0199999997711,1837.5497706495382
19302,39.67395669693701,556.0399999997711,1837.5765448889942
19303,39.67395669693701,556.0599999997711,1837.6033187235366
19304,39.67395669693701,556.0799999997711,1837.6300921531142
19305,39.67395669693701,556.0999999997711,1837.656865177676
19306,39.67395669693701,556.119999999771,1837.683637797171
19307,39.67395669693701,556.139999999771,1837.7104100115482
19308,39.67395669693701,556.159999999771,1837.7371818207564
19309,39.67395669693701,556.179999999771,1837.7639532247447
19310,39.67395669693701,556.199999999771,1837.790724223462
19311,39.67395669693701,556.219999999771,1837.817494816857
19312,39.67395669693701,556.2399999997709,1837.8442650048794
19313,39.67395669693701,556.2599999997709,1837.8710347874774
19314,39.67395669693701,556.2799999997709,1837.8978041646003
19315,39.67395669693701,556.2999999997709,1837.924573136197
19316,39.67395669693701,556.3199999997709,1837.9513417022165
19317,39.67395669693701,556.3399999997708,1837.9781098626077
19318,39.67395669693701,556.3599999997708,1838.0048776173194
19319,39.67395669693701,556.3799999997708,1838.0316449663007
19320,39.67395669693701,556.3999999997708,1838.0584119095008
19321,39.67395669693701,556.4199999997708,1838.0851784468682
19322,39.67395669693701,556.4399999997707,1838.1119445783522
19323,39.67395669693701,556.4599999997707,1838.1387103039017
19324,39.67395669693701,556.4799999997707,1838.1654756234655
19325,39.67395669693701,556.4999999997707,1838.1922405369926
19326,39.67395669693701,556.5199999997707,1838.2190050444322
19327,39.67395669693701,556.5399999997707,1838.245769145733
19328,39.67395669693701,556.5599999997706,1838.272532840844
19329,39.67395669693701,556.5799999997706,1838.299296129714
19330,39.67395669693701,556.5999999997706,1838.3260590122923
19331,39.67395669693701,556.6199999997706,1838.3528214885275
19332,39.67395669693701,556.6399999997706,1838.379583558369
19333,39.67395669693701,556.6599999997705,1838.4063452217654
19334,39.67395669693701,556.6799999997705,1838.4331064786656
19335,39.67395669693701,556.6999999997705,1838.4598673290188
19336,39.67395669693701,556.7199999997705,1838.4866277738863
19337,39.67395669693701,556.7399999997705,1838.5133878145555
19338,39.67395669693701,556.7599999997705,1838.5401474510002
19339,39.67395669693701,556.7799999997704,1838.5669066831697
19340,39.67395669693701,556.7999999997704,1838.5936655110131
19341,39.67395669693701,556.8199999997704,1838.6204239344793
19342,39.67395669693701,556.8399999997704,1838.6471819535175
19343,39.67395669693701,556.8599999997704,1838.6739395680765
19344,39.67395669693701,556.8799999997703,1838.7006967781058
19345,39.67395669693701,556.8999999997703,1838.7274535835543
19346,39.67395669693701,556.9199999997703,1838.7542099843708
19347,39.67395669693701,556.9399999997703,1838.7809659805048
19348,39.67395669693701,556.9599999997703,1838.807721571905
19349,39.67395669693701,556.9799999997703,1838.8344767585206
19350,39.67395669693701,556.9999999997702,1838.8612315403009
19351,39.67395669693701,557.0199999997702,1838.8879859171946
19352,39.67395669693701,557.0399999997702,1838.914739889151
19353,39.67395669693701,557.0599999997702,1838.9414934561191
19354,39.67395669693701,557.0799999997702,1838.968246618048
19355,39.67395669693701,557.0999999997701,1838.9949993748867
19356,39.67395669693701,557.1199999997701,1839.0217517265842
19357,39.67395669693701,557.1399999997701,1839.0485036730897
19358,39.67395669693701,557.1599999997701,1839.0752552143524
19359,39.67395669693701,557.1799999997701,1839.102006350321
19360,39.67395669693701,557.1999999997701,1839.128757080945
19361,39.67395669693701,557.21999999977,1839.155507406173
19362,39.67395669693701,557.23999999977,1839.1822573259544
19363,39.67395669693701,557.25999999977,1839.2090068402383
19364,39.67395669693701,557.27999999977,1839.2357559489735
19365,39.67395669693701,557.29999999977,1839.2625046521093
19366,39.67395669693701,557.31999999977,1839.2892529495946
19367,39.67395669693701,557.3399999997699,1839.3160008413786
19368,39.67395669693701,557.3599999997699,1839.3427483274104
19369,39.67395669693701,557.3799999997699,1839.3694954076389
19370,39.67395669693701,557.3999999997699,1839.3962420820133
19371,39.67395669693701,557.4199999997699,1839.4229883504825
19372,39.67395669693701,557.4399999997698,1839.4497342129957
19373,39.67395669693701,557.4599999997698,1839.476479669502
19374,39.67395669693701,557.4799999997698,1839.5032247199504
19375,39.67395669693701,557.4999999997698,1839.5299693642899
19376,39.67395669693701,557.5199999997698,1839.5567136024697
19377,39.67395669693701,557.5399999997697,1839.5834574344387
19378,39.67395669693701,557.5599999997697,1839.6102008601463
19379,39.67395669693701,557.5799999997697,1839.6369438795411
19380,39.67395669693701,557.5999999997697,1839.6636864925727
19381,39.67395669693701,557.6199999997697,1839.6904286991896
19382,39.67395669693701,557.6399999997697,1839.7171704993414
19383,39.67395669693701,557.6599999997696,1839.7439118929767
19384,39.67395669693701,557.6799999997696,1839.770652880045
19385,39.67395669693701,557.6999999997696,1839.797393460495
19386,39.67395669693701,557.7199999997696,1839.82413363428
19387,39.67395669693701,557.7399999997696,1839.8508734026082
19388,39.67395669693701,557.7599999997695,1839.87761276665
19389,39.67395669693701,557.7799999997695,1839.9043517263542
19390,39.67395669693701,557.7999999997695,1839.9310902816699
19391,39.67395669693701,557.8199999997695,1839.9578284325462
19392,39.67395669693701,557.8399999997695,1839.984566178932
19393,39.67395669693701,557.8599999997695,1840.011303519749
19394,39.67395669693701,557.8799999997694,1840.038040443548
19395,39.67395669693701,557.8999999997694,1840.0647769481252
19396,39.67395669693701,557.9199999997694,1840.0915130334306
19397,39.67395669693701,557.9399999997694,1840.1182486994137
19398,39.67395669693701,557.9599999997694,1840.1449839460245
19399,39.67395669693701,557.9799999997693,1840.1717187732124
19400,39.67395669693701,557.9999999997693,1840.1984531809271
19401,39.67395669693701,558.0199999997693,1840.2251871691185
19402,39.67395669693701,558.0399999997693,1840.251920737736
19403,39.67395669693701,558.0599999997693,1840.2786538867297
19404,39.67395669693701,558.0799999997693,1840.305386616049
19405,39.67395669693701,558.0999999997692,1840.3321189256437
19406,39.67395669693701,558.1199999997692,1840.3588508154637
19407,39.67395669693701,558.1399999997692,1840.3855822854584
19408,39.67395669693701,558.1599999997692,1840.4123133355777
19409,39.67395669693701,558.1799999997692,1840.4390439657711
19410,39.67395669693701,558.1999999997691,1840.4657741759884
19411,39.67395669693701,558.2199999997691,1840.4925039661794
19412,39.67395669693701,558.2399999997691,1840.5192333362936
19413,39.67395669693701,558.2599999997691,1840.5459622862809
19414,39.67395669693701,558.2799999997691,1840.572690816091
19415,39.67395669693701,558.299999999769,1840.5994189256735
19416,39.67395669693701,558.319999999769,1840.626146614978
19417,39.67395669693701,558.339999999769,1840.6528738839545
19418,39.67395669693701,558.359999999769,1840.6796007325524
19419,39.67395669693701,558.379999999769,1840.7063271607217
19420,39.67395669693701,558.399999999769,1840.7330531684117
19421,39.67395669693701,558.419999999769,1840.7597787555726
19422,39.67395669693701,558.4399999997689,1840.7865039221538
19423,39.67395669693701,558.4599999997689,1840.813228668105
19424,39.67395669693701,558.4799999997689,1840.8399529933758
19425,39.67395669693701,558.4999999997689,1840.8666768979162
19426,39.67395669693701,558.5199999997689,1840.8934003816757
19427,39.67395669693701,558.5399999997688,1840.920123444604
19428,39.67395669693701,558.5599999997688,1840.946846086651
19429,39.67395669693701,558.5799999997688,1840.9735683077663
19430,39.67395669693701,558.5999999997688,1841.0002901078994
19431,39.67395669693701,558.6199999997688,1841.0270114870002
19432,39.67395669693701,558.6399999997687,1841.0537324450183
19433,39.67395669693701,558.6599999997687,1841.0804529819036
19434,39.67395669693701,558.6799999997687,1841.1071730976057
19435,39.67395669693701,558.6999999997687,1841.1338927920742
19436,39.67395669693701,558.7199999997687,1841.1606120652589
19437,39.67395669693701,558.7399999997687,1841.1873309171442
19438,39.67395669693701,558.7599999997686,1841.214049349106
19439,39.67395669693701,558.7799999997686,1841.240767362209
19440,39.67395669693701,558.7999999997686,1841.2674849564028
19441,39.67395669693701,558.8199999997686,1841.2942021316373
19442,39.67395669693701,558.8399999997686,1841.3209188878627
19443,39.67395669693701,558.8599999997685,1841.3476352250286
19444,39.61080807525903,558.8799999997685,1841.3743511430848
19445,39.61080807525903,558.8999999997685,1841.4010666419815
19446,39.61080807525903,558.9199999997685,1841.4277817216685
19447,39.61080807525903,558.9399999997685,1841.4544963820954
19448,39.61080807525903,558.9599999997685,1841.4812106232123
19449,39.61080807525903,558.9799999997684,1841.5079244449691
19450,39.61080807525903,558.9999999997684,1841.5346378473157
19451,39.61080807525903,559.0199999997684,1841.561350830202
19452,39.61080807525903,559.0399999997684,1841.5880633935778
19453,39.61080807525903,559.0599999997684,1841.6147755373931
19454,39.61080807525903,559.0799999997683,1841.6414872615978
19455,39.61080807525903,559.0999999997683,1841.6681985661419
19456,39.61080807525903,559.1199999997683,1841.694909450975
19457,39.61080807525903,559.1399999997683,1841.7216199160473
19458,39.61080807525903,559.1599999997683,1841.7483299613084
19459,39.61080807525903,559.1799999997683,1841.7750395867083
19460,39.61080807525903,559.1999999997682,1841.8017487921968
19461,39.61080807525903,559.2199999997682,1841.828457577724
19462,39.61080807525903,559.2399999997682,1841.8551659432396
19463,39.61080807525903,559.2599999997682,1841.8818738886937
19464,39.61080807525903,559.2799999997682,1841.908581414036
19465,39.61080807525903,559.2999999997681,1841.9352885192166
19466,39.61080807525903,559.3199999997681,1841.961995204185
19467,39.61080807525903,559.3399999997681,1841.9887014688916
19468,39.61080807525903,559.3599999997681,1842.0154073132858
19469,39.61080807525903,559.3799999997681,1842.0421127373177
19470,39.61080807525903,559.399999999768,1842.0688177409372
19471,39.61080807525903,559.419999999768,1842.0955223240944
19472,39.61080807525903,559.439999999768,1842.122226486739
19473,39.61080807525903,559.459999999768,1842.1489302288207
19474,39.61080807525903,559.479999999768,1842.1756335502896
19475,39.61080807525903,559.499999999768,1842.2023364510956
19476,39.61080807525903,559.519999999768,1842.2290389311886
19477,39.61080807525903,559.5399999997679,1842.2557409905185
19478,39.61080807525903,559.5599999997679,1842.282442629035
19479,39.61080807525903,559.5799999997679,1842.3091438466881
19480,39.61080807525903,559.5999999997679,1842.335844643428
19481,39.61080807525903,559.6199999997679,1842.362545019204
19482,39.61080807525903,559.6399999997678,1842.3892449739662
19483,39.61080807525903,559.6599999997678,1842.4159445076648
19484,39.61080807525903,559.6799999997678,1842.4426436202496
19485,39.61080807525903,559.6999999997678,1842.4693423116703
19486,39.61080807525903,559.7199999997678,1842.4960405818767
19487,39.61080807525903,559.7399999997677,1842.522738430819
19488,39.61080807525903,559.7599999997677,1842.5494358585058
19489,39.61080807525903,559.7799999997677,1842.5761328662923
19490,39.61080807525903,559.7999999997677,1842.6028294550015
19491,39.61080807525903,559.8199999997677,1842.6295256245837
19492,39.61080807525903,559.8399999997677,1842.656221374989
19493,39.61080807525903,559.8599999997676,1842.6829167061671
19494,39.61080807525903,559.8799999997676,1842.7096116180683
19495,39.61080807525903,559.8999999997676,1842.7363061106425
19496,39.61080807525903,559.9199999997676,1842.76300018384
19497,39.61080807525903,559.9399999997676,1842.7896938376105
19498,39.61080807525903,559.9599999997675,1842.816387071904
19499,39.61080807525903,559.9799999997675,1842.8430798866707
19500,39.61080807525903,559.9999999997675,1842.8697722818606
19501,39.61080807525903,560.0199999997675,1842.8964642574238
19502,39.61080807525903,560.0399999997675,1842.9231558133101
19503,39.61080807525903,560.0599999997675,1842.94984694947
19504,39.61080807525903,560.0799999997674,1842.976537665853
19505,39.61080807525903,560.0999999997674,1843.0032279624093
19506,39.61080807525903,560.1199999997674,1843.029917839089
19507,39.61080807525903,560.1399999997674,1843.0566072958422
19508,39.61080807525903,560.1599999997674,1843.0832963326188
19509,39.61080807525903,560.1799999997673,1843.109984949369
19510,39.61080807525903,560.1999999997673,1843.1366731460425
19511,39.61080807525903,560.2199999997673,1843.1633609225896
19512,39.61080807525903,560.2399999997673,1843.1900482789604
19513,39.61080807525903,560.2599999997673,1843.2167352151046
19514,39.61080807525903,560.2799999997673,1843.2434217309724
19515,39.61080807525903,560.2999999997672,1843.2701078265138
19516,39.61080807525903,560.3199999997672,1843.296793501679
19517,39.61080807525903,560.3399999997672,1843.323478756418
19518,39.61080807525903,560.3599999997672,1843.3501635906805
19519,39.61080807525903,560.3799999997672,1843.3768480044168
19520,39.61080807525903,560.3999999997671,1843.403531997577
19521,39.61080807525903,560.4199999997671,1843.430215570111
19522,39.61080807525903,560.4399999997671,1843.4568987219686
19523,39.61080807525903,560.4599999997671,1843.4835814531002
19524,39.61080807525903,560.4799999997671,1843.5102637634557
19525,39.61080807525903,560.499999999767,1843.5369456529852
19526,39.61080807525903,560.519999999767,1843.5636271216385
19527,39.61080807525903,560.539999999767,1843.590308169366
19528,39.61080807525903,560.559999999767,1843.6169887961173
19529,39.61080807525903,560.579999999767,1843.6436690018427
19530,39.61080807525903,560.599999999767,1843.6703487864922
19531,39.61080807525903,560.619999999767,1843.697028150016
19532,39.61080807525903,560.6399999997669,1843.7237070923638
19533,39.61080807525903,560.6599999997669,1843.7503856134858
19534,39.61080807525903,560.6799999997669,1843.777063713332
19535,39.61080807525903,560.6999999997669,1843.8037413918523
19536,39.61080807525903,560.7199999997669,1843.830418648997
19537,39.61080807525903,560.7399999997668,1843.857095484716
19538,39.61080807525903,560.7599999997668,1843.8837718989591
19539,39.61080807525903,560.7799999997668,1843.9104478917677
19540,39.61080807525903,560.7999999997668,1843.9371234646835
19541,39.61080807525903,560.8199999997668,1843.96379861843
19542,39.61080807525903,560.8399999997667,1843.990473352957
19543,39.61080807525903,560.8599999997667,1844.0171476682149
19544,39.61080807525903,560.8799999997667,1844.0438215641539
19545,39.61080807525903,560.8999999997667,1844.070495040724
19546,39.61080807525903,560.9199999997667,1844.0971680978753
19547,39.61080807525903,560.9399999997667,1844.123840735558
19548,39.61080807525903,560.9599999997666,1844.1505129537222
19549,39.61080807525903,560.9799999997666,1844.1771847523182
19550,39.61080807525903,560.9999999997666,1844.203856131296
19551,39.61080807525903,561.0199999997666,1844.230527090606
19552,39.61080807525903,561.0399999997666,1844.257197630198
19553,39.61080807525903,561.0599999997665,1844.2838677500226
19554,39.61080807525903,561.0799999997665,1844.3105374500296
19555,39.61080807525903,561.0999999997665,1844.337206730169
19556,39.61080807525903,561.1199999997665,1844.3638755903914
19557,39.61080807525903,561.1399999997665,1844.3905440306467
19558,39.61080807525903,561.1599999997665,1844.417212050885
19559,39.61080807525903,561.1799999997664,1844.4438796510565
19560,39.61080807525903,561.1999999997664,1844.4705468311115
19561,39.61080807525903,561.2199999997664,1844.497213591
19562,39.61080807525903,561.2399999997664,1844.5238799306721
19563,39.61080807525903,561.2599999997664,1844.5505458500782
19564,39.61080807525903,561.2799999997663,1844.5772113491682
19565,39.61080807525903,561.2999999997663,1844.6038764278924
19566,39.61080807525903,561.3199999997663,1844.6305410862008
19567,39.61080807525903,561.3399999997663,1844.6572053240436
19568,39.61080807525903,561.3599999997663,1844.6838691413711
19569,39.61080807525903,561.3799999997663,1844.7105325381333
19570,39.61080807525903,561.3999999997662,1844.7371955142803
19571,39.61080807525903,561.4199999997662,1844.7638580697624
19572,39.61080807525903,561.4399999997662,1844.7905202045297
19573,39.61080807525903,561.4599999997662,1844.8171819185322
19574,39.61080807525903,561.4799999997662,1844.8438432117205
19575,39.61080807525903,561.4999999997661,1844.8705040840443
19576,39.61080807525903,561.5199999997661,1844.8971645354538
19577,39.61080807525903,561.5399999997661,1844.9238245658994
19578,39.61080807525903,561.5599999997661,1844.950484175331
19579,39.61080807525903,561.5799999997661,1844.9771433636988
19580,39.61080807525903,561.599999999766,1845.003802130953
19581,39.61080807525903,561.619999999766,1845.0304604770438
19582,39.61080807525903,561.639999999766,1845.0571184019213
19583,39.61080807525903,561.659999999766,1845.0837759055357
19584,39.61080807525903,561.679999999766,1845.1104329878372
19585,39.61080807525903,561.699999999766,1845.1370896487756
19586,39.61080807525903,561.719999999766,1845.1637458883013
19587,39.61080807525903,561.7399999997659,1845.1904017063646
19588,39.61080807525903,561.7599999997659,1845.2170571029153
19589,39.61080807525903,561.7799999997659,1845.2437120779039
19590,39.61080807525903,561.7999999997659,1845.2703666314058
19591,39.61080807525903,561.8199999997659,1845.2970207651576
19592,39.61080807525903,561.8399999997658,1845.3236744797669
19593,39.61080807525903,561.8599999997658,1845.3503277751836
19594,39.61080807525903,561.8799999997658,1845.376980651358
19595,39.61080807525903,561.8999999997658,1845.4036331082407
19596,39.61080807525903,561.9199999997658,1845.4302851457817
19597,39.61080807525903,561.9399999997657,1845.4569367639315
19598,39.61080807525903,561.9599999997657,1845.48358796264
19599,39.61080807525903,561.9799999997657,1845.5102387418578
19600,39.61080807525903,561.9999999997657,1845.5368891015353
19601,39.61080807525903,562.0199999997657,1845.5635390416223
19602,39.61080807525903,562.0399999997657,1845.5901885620694
19603,39.61080807525903,562.0599999997656,1845.616837662827
19604,39.61080807525903,562.0799999997656,1845.643486343845
19605,39.61080807525903,562.0999999997656,1845.670134605074
19606,39.61080807525903,562.1199999997656,1845.6967824464643
19607,39.61080807525903,562.1399999997656,1845.723429867966
19608,39.61080807525903,562.1599999997655,1845.7500768695293
19609,39.61080807525903,562.1799999997655,1845.7767234511048
19610,39.61080807525903,562.1999999997655,1845.8033696126424
19611,39.61080807525903,562.2199999997655,1845.8300153540927
19612,39.61080807525903,562.2399999997655,1845.8566606754057
19613,39.61080807525903,562.2599999997655,1845.883305576532
19614,39.547826797667085,562.2799999997654,1845.9099500574216
19615,39.547826797667085,562.2999999997654,1845.936594118025
19616,39.547826797667085,562.3199999997654,1845.9632377582923
19617,39.547826797667085,562.3399999997654,1845.9898809781737
19618,39.547826797667085,562.3599999997654,1846.0165237776198
19619,39.547826797667085,562.3799999997653,1846.0431661565806
19620,39.547826797667085,562.3999999997653,1846.0698081150065
19621,39.547826797667085,562.4199999997653,1846.0964496528477
19622,39.547826797667085,562.4399999997653,1846.1230907700544
19623,39.547826797667085,562.4599999997653,1846.1497314665771
19624,39.547826797667085,562.4799999997653,1846.176371742366
19625,39.547826797667085,562.4999999997652,1846.2030115973714
19626,39.547826797667085,562.5199999997652,1846.2296510315437
19627,39.547826797667085,562.5399999997652,1846.256290044833
19628,39.547826797667085,562.5599999997652,1846.2829286371893
19629,39.547826797667085,562.5799999997652,1846.3095668085634
19630,39.547826797667085,562.5999999997651,1846.3362045589054
19631,39.547826797667085,562.6199999997651,1846.3628418881653
19632,39.547826797667085,562.6399999997651,1846.3894787962938
19633,39.547826797667085,562.6599999997651,1846.416115283241
19634,39.547826797667085,562.6799999997651,1846.442751348957
19635,39.547826797667085,562.699999999765,1846.4693869933924
19636,39.547826797667085,562.719999999765,1846.4960222164973
19637,39.547826797667085,562.739999999765,1846.522657018222
19638,39.547826797667085,562.759999999765,1846.5492913985167
19639,39.547826797667085,562.779999999765,1846.575925357332
19640,39.547826797667085,562.799999999765,1846.6025588946177
19641,39.547826797667085,562.819999999765,1846.629192010465
19642,39.547826797667085,562.8399999997649,1846.6558247065473
19643,39.547826797667085,562.8599999997649,1846.6824569832713
19644,39.547826797667085,562.8799999997649,1846.7090888405876
19645,39.547826797667085,562.8999999997649,1846.7357202784465
19646,39.547826797667085,562.9199999997649,1846.7623512967982
19647,39.547826797667085,562.9399999997648,1846.7889818955935
19648,39.547826797667085,562.9599999997648,1846.8156120747824
19649,39.547826797667085,562.9799999997648,1846.8422418343155
19650,39.547826797667085,562.9999999997648,1846.8688711741431
19651,39.547826797667085,563.0199999997648,1846.8955000942155
19652,39.547826797667085,563.0399999997647,1846.9221285944834
19653,39.547826797667085,563.0599999997647,1846.948756674897
19654,39.547826797667085,563.0799999997647,1846.9753843354065
19655,39.547826797667085,563.0999999997647,1847.0020115759623
19656,39.547826797667085,563.1199999997647,1847.0286383965151
19657,39.547826797667085,563.1399999997647,1847.055264797015
19658,39.547826797667085,563.1599999997646,1847.0818907774128
19659,39.547826797667085,563.1799999997646,1847.1085163376586
19660,39.547826797667085,563.1999999997646,1847.1351414777025
19661,39.547826797667085,563.2199999997646,1847.1617661974954
19662,39.547826797667085,563.2399999997646,1847.1883904969873
19663,39.547826797667085,563.2599999997645,1847.2150143761287
19664,39.547826797667085,563.2799999997645,1847.24163783487
19665,39.547826797667085,563.2999999997645,1847.2682608731618
19666,39.547826797667085,563.3199999997645,1847.2948834909544
19667,39.547826797667085,563.3399999997645,1847.321505688198
19668,39.547826797667085,563.3599999997645,1847.348127464843
19669,39.547826797667085,563.3799999997644,1847.3747488208398
19670,39.547826797667085,563.3999999997644,1847.401369756139
19671,39.547826797667085,563.4199999997644,1847.4279902706908
19672,39.547826797667085,563.4399999997644,1847.4546103644454
19673,39.547826797667085,563.4599999997644,1847.4812300373537
19674,39.547826797667085,563.4799999997643,1847.5078492893656
19675,39.547826797667085,563.4999999997643,1847.5344681204317
19676,39.547826797667085,563.5199999997643,1847.5610865305025
19677,39.547826797667085,563.5399999997643,1847.5877045195282
19678,39.547826797667085,563.5599999997643,1847.6143220874592
19679,39.547826797667085,563.5799999997643,1847.640939234246
19680,39.547826797667085,563.5999999997642,1847.6675559598389
19681,39.547826797667085,563.6199999997642,1847.6941722641882
19682,39.547826797667085,563.6399999997642,1847.7207881472443
19683,39.547826797667085,563.6599999997642,1847.7474036089577
19684,39.547826797667085,563.6799999997642,1847.7740186492788
19685,39.547826797667085,563.6999999997641,1847.800633268158
19686,39.547826797667085,563.7199999997641,1847.8272474655455
19687,39.547826797667085,563.7399999997641,1847.853861241392
19688,39.547826797667085,563.7599999997641,1847.8804745956477
19689,39.547826797667085,563.7799999997641,1847.907087528263
19690,39.547826797667085,563.799999999764,1847.9337000391881
19691,39.547826797667085,563.819999999764,1847.9603121283737
19692,39.547826797667085,563.839999999764,1847.9869237959458
19693,39.547826797667085,563.859999999764,1848.0135350437702
19694,39.547826797667085,563.879999999764,1848.0401458721315
19695,39.547826797667085,563.899999999764,1848.0667562809804
19696,39.547826797667085,563.919999999764,1848.0933662702673
19697,39.547826797667085,563.9399999997639,1848.119975839943
19698,39.547826797667085,563.9599999997639,1848.1465849899575
19699,39.547826797667085,563.9799999997639,1848.1731937202617
19700,39.547826797667085,563.9999999997639,1848.1998020308058
19701,39.547826797667085,564.0199999997639,1848.2264099215406
19702,39.547826797667085,564.0399999997638,1848.2530173924165
19703,39.547826797667085,564.0599999997638,1848.279624443384
19704,39.547826797667085,564.0799999997638,1848.3062310743933
19705,39.547826797667085,564.0999999997638,1848.332837285395
19706,39.547826797667085,564.1199999997638,1848.3594430763399
19707,39.547826797667085,564.1399999997637,1848.3860484471782
19708,39.547826797667085,564.1599999997637,1848.4126533978604
19709,39.547826797667085,564.1799999997637,1848.4392579283372
19710,39.547826797667085,564.1999999997637,1848.465862038559
19711,39.547826797667085,564.2199999997637,1848.4924657284762
19712,39.547826797667085,564.2399999997637,1848.5190689980393
19713,39.547826797667085,564.2599999997636,1848.545671847199
19714,39.547826797667085,564.2799999997636,1848.5722742759053
19715,39.547826797667085,564.2999999997636,1848.5988762841093
19716,39.547826797667085,564.3199999997636,1848.6254778717612
19717,39.547826797667085,564.3399999997636,1848.6520790388115
19718,39.547826797667085,564.3599999997635,1848.6786797852105
19719,39.547826797667085,564.3799999997635,1848.7052801109091
19720,39.547826797667085,564.3999999997635,1848.7318800158575
19721,39.547826797667085,564.4199999997635,1848.7584795000064
19722,39.547826797667085,564.4399999997635,1848.7850785633061
19723,39.547826797667085,564.4599999997635,1848.8116772057072
19724,39.547826797667085,564.4799999997634,1848.83827542716
19725,39.547826797667085,564.4999999997634,1848.8648732276151
19726,39.547826797667085,564.5199999997634,1848.8914706070232
19727,39.547826797667085,564.5399999997634,1848.9180675653345
19728,39.547826797667085,564.5599999997634,1848.9446641024997
19729,39.547826797667085,564.5799999997633,1848.971260218469
19730,39.547826797667085,564.5999999997633,1848.9978559131932
19731,39.547826797667085,564.6199999997633,1849.0244511866229
19732,39.547826797667085,564.6399999997633,1849.0510460387081
19733,39.547826797667085,564.6599999997633,1849.0776404693997
19734,39.547826797667085,564.6799999997633,1849.104234478648
19735,39.547826797667085,564.6999999997632,1849.1308280664039
19736,39.547826797667085,564.7199999997632,1849.1574212326173
19737,39.547826797667085,564.7399999997632,1849.184013977239
19738,39.547826797667085,564.7599999997632,1849.2106063002193
19739,39.547826797667085,564.7799999997632,1849.2371982015088
19740,39.547826797667085,564.7999999997631,1849.2637896810581
19741,39.547826797667085,564.8199999997631,1849.2903807388177
19742,39.547826797667085,564.8399999997631,1849.316971374738
19743,39.547826797667085,564.8599999997631,1849.3435615889923
19744,39.547826797667085,564.8799999997631,1849.3701513836372
19745,39.547826797667085,564.899999999763,1849.3967407588325
19746,39.547826797667085,564.919999999763,1849.4233297145288
19747,39.547826797667085,564.939999999763,1849.4499182506765
19748,39.547826797667085,564.959999999763,1849.4765063672264
19749,39.547826797667085,564.979999999763,1849.503094064129
19750,39.547826797667085,564.999999999763,1849.5296813413352
19751,39.547826797667085,565.019999999763,1849.5562681987954
19752,39.547826797667085,565.0399999997629,1849.58285463646
19753,39.547826797667085,565.0599999997629,1849.60944065428
19754,39.547826797667085,565.0799999997629,1849.6360262522057
19755,39.547826797667085,565.0999999997629,1849.6626114301878
19756,39.547826797667085,565.1199999997629,1849.6891961881768
19757,39.547826797667085,565.1399999997628,1849.7157805261234
19758,39.547826797667085,565.1599999997628,1849.7423644439782
19759,39.547826797667085,565.1799999997628,1849.768947941692
19760,39.547826797667085,565.1999999997628,1849.795531019215
19761,39.547826797667085,565.2199999997628,1849.8221136764982
19762,39.547826797667085,565.2399999997627,1849.848695913492
19763,39.547826797667085,565.2599999997627,1849.875277730147
19764,39.547826797667085,565.2799999997627,1849.9018591264137
19765,39.547826797667085,565.2999999997627,1849.9284401022428
19766,39.547826797667085,565.3199999997627,1849.955020657585
19767,39.547826797667085,565.3399999997627,1849.9816007923907
19768,39.547826797667085,565.3599999997626,1850.0081805058362
19769,39.547826797667085,565.3799999997626,1850.0347597872237
19770,39.547826797667085,565.3999999997626,1850.0613386328268
19771,39.547826797667085,565.4199999997626,1850.0879170425965
19772,39.547826797667085,565.4399999997626,1850.1144950164835
19773,39.547826797667085,565.4599999997625,1850.1410725544388
19774,39.547826797667085,565.4799999997625,1850.1676496564132
19775,39.547826797667085,565.4999999997625,1850.1942263223577
19776,39.547826797667085,565.5199999997625,1850.2208025522234
19777,39.547826797667085,565.5399999997625,1850.247378345961
19778,39.547826797667085,565.5599999997625,1850.273953703521
19779,39.547826797667085,565.5799999997624,1850.3005286248551
19780,39.547826797667085,565.5999999997624,1850.3271031099137
19781,39.547826797667085,565.6199999997624,1850.3536771586478
19782,39.547826797667085,565.6399999997624,1850.3802507710081
19783,39.547826797667085,565.6599999997624,1850.4068239469457
19784,39.547826797667085,565.6799999997623,1850.4333966864115
19785,39.547826797667085,565.6999999997623,1850.4599689893564
19786,39.547826797667085,565.7199999997623,1850.4865408557312
19787,39.547826797667085,565.7399999997623,1850.5131122854868
19788,39.547826797667085,565.7599999997623,1850.539683278574
19789,39.48501224397116,565.7799999997623,1850.566253834944
19790,39.48501224397116,565.7999999997622,1850.5928239545476
19791,39.48501224397116,565.8199999997622,1850.6193936373356
19792,39.48501224397116,565.8399999997622,1850.645962883259
19793,39.48501224397116,565.8599999997622,1850.6725316922684
19794,39.48501224397116,565.8799999997622,1850.6991000646537
19795,39.48501224397116,565.8999999997621,1850.7256680021721
19796,39.48501224397116,565.9199999997621,1850.7522355049382
19797,39.48501224397116,565.9399999997621,1850.7788025729035
19798,39.48501224397116,565.9599999997621,1850.8053692060198
19799,39.48501224397116,565.9799999997621,1850.8319354042387
19800,39.48501224397116,565.999999999762,1850.8585011675118
19801,39.48501224397116,566.019999999762,1850.8850664957909
19802,39.48501224397116,566.039999999762,1850.9116313890274
19803,39.48501224397116,566.059999999762,1850.9381958471731
19804,39.48501224397116,566.079999999762,1850.9647598701795
19805,39.48501224397116,566.099999999762,1850.9913234579983
19806,39.48501224397116,566.119999999762,1851.0178866105812
19807,39.48501224397116,566.1399999997619,1851.0444493278799
19808,39.48501224397116,566.1599999997619,1851.071011609846
19809,39.48501224397116,566.1799999997619,1851.097573456431
19810,39.48501224397116,566.1999999997619,1851.124134867587
19811,39.48501224397116,566.2199999997619,1851.1506958432649
19812,39.48501224397116,566.2399999997618,1851.1772563834168
19813,39.48501224397116,566.2599999997618,1851.2038164879943
19814,39.48501224397116,566.2799999997618,1851.2303761569492
19815,39.48501224397116,566.2999999997618,1851.256935390233
19816,39.48501224397116,566.3199999997618,1851.283494187797
19817,39.48501224397116,566.3399999997617,1851.3100525495934
19818,39.48501224397116,566.3599999997617,1851.3366104755735
19819,39.48501224397116,566.3799999997617,1851.363167965689
19820,39.48501224397116,566.3999999997617,1851.3897250198916
19821,39.48501224397116,566.4199999997617,1851.416281638133
19822,39.48501224397116,566.4399999997617,1851.4428378203647
19823,39.48501224397116,566.4599999997616,1851.4693935665384
19824,39.48501224397116,566.4799999997616,1851.4959488766058
19825,39.48501224397116,566.4999999997616,1851.5225037505186
19826,39.48501224397116,566.5199999997616,1851.5490581882282
19827,39.48501224397116,566.5399999997616,1851.5756121896864
19828,39.48501224397116,566.5599999997615,1851.602165754845
19829,39.48501224397116,566.5799999997615,1851.6287188836552
19830,39.48501224397116,566.5999999997615,1851.655271576069
19831,39.48501224397116,566.6199999997615,1851.6818238320382
19832,39.48501224397116,566.6399999997615,1851.708375651514
19833,39.48501224397116,566.6599999997615,1851.7349270344482
19834,39.48501224397116,566.6799999997614,1851.7614779807925
19835,39.48501224397116,566.6999999997614,1851.7880284904986
19836,39.48501224397116,566.7199999997614,1851.8145785635181
19837,39.48501224397116,566.7399999997614,1851.8411281998026
19838,39.48501224397116,566.7599999997614,1851.8676773993038
19839,39.48501224397116,566.7799999997613,1851.8942261619734
19840,39.48501224397116,566.7999999997613,1851.9207744877629
19841,39.48501224397116,566.8199999997613,1851.947322376624
19842,39.48501224397116,566.8399999997613,1851.9738698285084
19843,39.48501224397116,566.8599999997613,1852.0004168433677
19844,39.48501224397116,566.8799999997613,1852.0269634211536
19845,39.48501224397116,566.8999999997612,1852.0535095623081
19846,39.48501224397116,566.9199999997612,1852.0800552685369
19847,39.48501224397116,566.9399999997612,1852.1066005399314
19848,39.48501224397116,566.9599999997612,1852.1331453764433
19849,39.48501224397116,566.9799999997612,1852.1596897780241
19850,39.48501224397116,566.9999999997611,1852.1862337446255
19851,39.48501224397116,567.0199999997611,1852.2127772761987
19852,39.48501224397116,567.0399999997611,1852.2393203726951
19853,39.48501224397116,567.0599999997611,1852.2658630340666
19854,39.48501224397116,567.0799999997611,1852.2924052602643
19855,39.48501224397116,567.099999999761,1852.31894705124
19856,39.48501224397116,567.119999999761,1852.345488406945
19857,39.48501224397116,567.139999999761,1852.3720293273307
19858,39.48501224397116,567.159999999761,1852.3985698123488
19859,39.48501224397116,567.179999999761,1852.4251098619507
19860,39.48501224397116,567.199999999761,1852.4516494760878
19861,39.48501224397116,567.219999999761,1852.4781886547119
19862,39.48501224397116,567.2399999997609,1852.504727397774
19863,39.48501224397116,567.2599999997609,1852.5312657052264
19864,39.48501224397116,567.2799999997609,1852.5578035770197
19865,39.48501224397116,567.2999999997609,1852.584341013106
19866,39.48501224397116,567.3199999997609,1852.6108780134366
19867,39.48501224397116,567.3399999997608,1852.6374145779628
19868,39.48501224397116,567.3599999997608,1852.6639507066363
19869,39.48501224397116,567.3799999997608,1852.6904863994087
19870,39.48501224397116,567.3999999997608,1852.7170216562313
19871,39.48501224397116,567.4199999997608,1852.7435564770556
19872,39.48501224397116,567.4399999997607,1852.770090861833
19873,39.48501224397116,567.4599999997607,1852.7966248105154
19874,39.48501224397116,567.4799999997607,1852.8231583230538
19875,39.48501224397116,567.4999999997607,1852.8496913994
19876,39.48501224397116,567.5199999997607,1852.8762240395054
19877,39.48501224397116,567.5399999997607,1852.9027562433214
19878,39.48501224397116,567.5599999997606,1852.9292880107998
19879,39.48501224397116,567.5799999997606,1852.9558193418918
19880,39.48501224397116,567.5999999997606,1852.982350236549
19881,39.48501224397116,567.6199999997606,1853.008880694723
19882,39.48501224397116,567.6399999997606,1853.0354107163653
19883,39.48501224397116,567.6599999997605,1853.061940301427
19884,39.48501224397116,567.6799999997605,1853.08846944986
19885,39.48501224397116,567.6999999997605,1853.1149981616156
19886,39.48501224397116,567.7199999997605,1853.1415264366453
19887,39.48501224397116,567.7399999997605,1853.168054274901
19888,39.48501224397116,567.7599999997605,1853.1945816763334
19889,39.48501224397116,567.7799999997604,1853.2211086408947
19890,39.48501224397116,567.7999999997604,1853.2476351685361
19891,39.48501224397116,567.8199999997604,1853.2741612592092
19892,39.48501224397116,567.8399999997604,1853.3006869128653
19893,39.48501224397116,567.8599999997604,1853.327212129456
19894,39.48501224397116,567.8799999997603,1853.353736908933
19895,39.48501224397116,567.8999999997603,1853.3802612512475
19896,39.48501224397116,567.9199999997603,1853.406785156988
19897,39.48501224397116,567.9399999997603,1853.4333086277618
19898,39.48501224397116,567.9599999997603,1853.4598316636336
19899,39.48501224397116,567.9799999997603,1853.486354264555
19900,39.48501224397116,567.9999999997602,1853.5128764304777
19901,39.48501224397116,568.0199999997602,1853.5393981613533
19902,39.48501224397116,568.0399999997602,1853.5659194571333
19903,39.48501224397116,568.0599999997602,1853.5924403177696
19904,39.48501224397116,568.0799999997602,1853.6189607432136
19905,39.48501224397116,568.0999999997601,1853.645480733417
19906,39.48501224397116,568.1199999997601,1853.6720002883312
19907,39.48501224397116,568.1399999997601,1853.6985194079082
19908,39.48501224397116,568.1599999997601,1853.7250380920993
19909,39.48501224397116,568.1799999997601,1853.7515563408565
19910,39.48501224397116,568.19999999976,1853.7780741541312
19911,39.48501224397116,568.21999999976,1853.804591531875
19912,39.48501224397116,568.23999999976,1853.8311084740396
19913,39.48501224397116,568.25999999976,1853.8576249805765
19914,39.48501224397116,568.27999999976,1853.8841410514374
19915,39.48501224397116,568.29999999976,1853.910656686574
19916,39.48501224397116,568.31999999976,1853.9371718859377
19917,39.48501224397116,568.3399999997599,1853.9636866494805
19918,39.48501224397116,568.3599999997599,1853.9902009771536
19919,39.48501224397116,568.3799999997599,1854.0167148689088
19920,39.48501224397116,568.3999999997599,1854.0432283246978
19921,39.48501224397116,568.4199999997599,1854.0697413444723
19922,39.48501224397116,568.4399999997598,1854.0962539281836
19923,39.48501224397116,568.4599999997598,1854.1227660757836
19924,39.48501224397116,568.4799999997598,1854.1492777872238
19925,39.48501224397116,568.4999999997598,1854.175789062456
19926,39.48501224397116,568.5199999997598,1854.2022999014316
19927,39.48501224397116,568.5399999997597,1854.2288103041024
19928,39.48501224397116,568.5599999997597,1854.2553202704198
19929,39.48501224397116,568.5799999997597,1854.2818298003356
19930,39.48501224397116,568.5999999997597,1854.3083388938014
19931,39.48501224397116,568.6199999997597,1854.334847550769
19932,39.48501224397116,568.6399999997597,1854.3613557711897
19933,39.48501224397116,568.6599999997596,1854.3878635550152
19934,39.48501224397116,568.6799999997596,1854.4143709021973
19935,39.48501224397116,568.6999999997596,1854.4408778126876
19936,39.48501224397116,568.7199999997596,1854.4673842864377
19937,39.48501224397116,568.7399999997596,1854.493890323399
19938,39.48501224397116,568.7599999997595,1854.5203959235232
19939,39.48501224397116,568.7799999997595,1854.546901086762
19940,39.48501224397116,568.7999999997595,1854.5734058130672
19941,39.48501224397116,568.8199999997595,1854.5999101023904
19942,39.48501224397116,568.8399999997595,1854.626413954683
19943,39.48501224397116,568.8599999997595,1854.6529173698966
19944,39.48501224397116,568.8799999997594,1854.679420347983
19945,39.48501224397116,568.8999999997594,1854.7059228888938
19946,39.48501224397116,568.9199999997594,1854.7324249925807
19947,39.48501224397116,568.9399999997594,1854.7589266598081
19948,39.48501224397116,568.9599999997594,1854.7854278921377
19949,39.48501224397116,568.9799999997593,1854.8119286896099
19950,39.48501224397116,568.9999999997593,1854.8384290521763
19951,39.48501224397116,569.0199999997593,1854.8649289797888
19952,39.48501224397116,569.0399999997593,1854.8914284723992
19953,39.48501224397116,569.0599999997593,1854.9179275299593
19954,39.48501224397116,569.0799999997593,1854.9444261524209
19955,39.48501224397116,569.0999999997592,1854.9709243397356
19956,39.48501224397116,569.1199999997592,1854.9974220918555
19957,39.48501224397116,569.1399999997592,1855.0239194087321
19958,39.48501224397116,569.1599999997592,1855.0504162903173
19959,39.48501224397116,569.1799999997592,1855.076912736563
19960,39.422363796933304,569.1999999997591,1855.1034087474206
19961,39.422363796933304,569.2199999997591,1855.1299043228423
19962,39.422363796933304,569.2399999997591,1855.1563994627795
19963,39.422363796933304,569.2599999997591,1855.1828941671843
19964,39.422363796933304,569.2799999997591,1855.2093884360083
19965,39.422363796933304,569.299999999759,1855.2358822692033
19966,39.422363796933304,569.319999999759,1855.2623756667213
19967,39.422363796933304,569.339999999759,1855.2888686285137
19968,39.422363796933304,569.359999999759,1855.3153611545326
19969,39.422363796933304,569.379999999759,1855.3418532447297
19970,39.422363796933304,569.399999999759,1855.3683448990566
19971,39.422363796933304,569.4199999997589,1855.3948361174655
19972,39.422363796933304,569.4399999997589,1855.4213268999079
19973,39.422363796933304,569.4599999997589,1855.4478172463355
19974,39.422363796933304,569.4799999997589,1855.4743071567002
19975,39.422363796933304,569.4999999997589,1855.5007966309538
19976,39.422363796933304,569.5199999997589,1855.527285669048
19977,39.422363796933304,569.5399999997588,1855.5537742709346
19978,39.422363796933304,569.5599999997588,1855.5802624365654
19979,39.422363796933304,569.5799999997588,1855.6067501658922
19980,39.422363796933304,569.5999999997588,1855.633237458867
19981,39.422363796933304,569.6199999997588,1855.659724315441
19982,39.422363796933304,569.6399999997587,1855.6862107355666
19983,39.422363796933304,569.6599999997587,1855.7126967191953
19984,39.422363796933304,569.6799999997587,1855.739182266279
19985,39.422363796933304,569.6999999997587,1855.7656673767692
19986,39.422363796933304,569.7199999997587,1855.792152050618
19987,39.422363796933304,569.7399999997587,1855.8186362877768
19988,39.422363796933304,569.7599999997586,1855.845120088198
19989,39.422363796933304,569.7799999997586,1855.871603451833
19990,39.422363796933304,569.7999999997586,1855.8980863786335
19991,39.422363796933304,569.8199999997586,1855.9245688685514
19992,39.422363796933304,569.8399999997586,1855.9510509215386
19993,39.422363796933304,569.8599999997585,1855.9775325375467
19994,39.422363796933304,569.8799999997585,1856.0040137165274
19995,39.422363796933304,569.8999999997585,1856.0304944584327
19996,39.422363796933304,569.9199999997585,1856.0569747632144
19997,39.422363796933304,569.9399999997585,1856.083454630824
19998,39.422363796933304,569.9599999997585,1856.1099340620804
19999,39.422363796933304,569.9799999997584,1856.1364130582801
20000,39.422363796933304,569.9999999997584,1856.1628916194284
20001,39.422363796933304,570.0199999997584,1856.189369745477
20002,39.422363796933304,570.0399999997584,1856.215847436378
20003,39.422363796933304,570.0599999997584,1856.2423246920832
20004,39.422363796933304,570.0799999997583,1856.2688015125445
20005,39.422363796933304,570.0999999997583,1856.295277897714
20006,39.422363796933304,570.1199999997583,1856.3217538475435
20007,39.422363796933304,570.1399999997583,1856.3482293619847
20008,39.422363796933304,570.1599999997583,1856.37470444099
20009,39.422363796933304,570.1799999997583,1856.4011790845109
20010,39.422363796933304,570.1999999997582,1856.4276532924994
20011,39.422363796933304,570.2199999997582,1856.4541270649074
20012,39.422363796933304,570.2399999997582,1856.4806004016868
20013,39.422363796933304,570.2599999997582,1856.5070733027896
20014,39.422363796933304,570.2799999997582,1856.5335457681676
20015,39.422363796933304,570.2999999997581,1856.5600177977728
20016,39.422363796933304,570.3199999997581,1856.5864893915573
20017,39.422363796933304,570.3399999997581,1856.6129605494725
20018,39.422363796933304,570.3599999997581,1856.6394312714708
20019,39.422363796933304,570.3799999997581,1856.665901557504
20020,39.422363796933304,570.399999999758,1856.6923714075238
20021,39.422363796933304,570.419999999758,1856.7188408214822
20022,39.422363796933304,570.439999999758,1856.7453097993312
20023,39.422363796933304,570.459999999758,1856.7717783410226
20024,39.422363796933304,570.479999999758,1856.7982464465085
20025,39.422363796933304,570.499999999758,1856.8247141157408
20026,39.422363796933304,570.5199999997579,1856.8511813486712
20027,39.422363796933304,570.5399999997579,1856.8776481452517
20028,39.422363796933304,570.5599999997579,1856.904114505434
20029,39.422363796933304,570.5799999997579,1856.9305804291705
20030,39.422363796933304,570.5999999997579,1856.9570459164129
20031,39.422363796933304,570.6199999997579,1856.983510967113
20032,39.422363796933304,570.6399999997578,1857.0099755812228
20033,39.422363796933304,570.6599999997578,1857.036439758694
20034,39.422363796933304,570.6799999997578,1857.062903499479
20035,39.422363796933304,570.6999999997578,1857.0893668035294
20036,39.422363796933304,570.7199999997578,1857.115829670797
20037,39.422363796933304,570.7399999997577,1857.1422921012338
20038,39.422363796933304,570.7599999997577,1857.168754094792
20039,39.422363796933304,570.7799999997577,1857.195215651423
20040,39.422363796933304,570.7999999997577,1857.221676771079
20041,39.422363796933304,570.8199999997577,1857.2481374537122
20042,39.422363796933304,570.8399999997577,1857.274597699274
20043,39.422363796933304,570.8599999997576,1857.3010575077165
20044,39.422363796933304,570.8799999997576,1857.3275168789917
20045,39.422363796933304,570.8999999997576,1857.3539758130514
20046,39.422363796933304,570.9199999997576,1857.3804343098477
20047,39.422363796933304,570.9399999997576,1857.4068923693324
20048,39.422363796933304,570.9599999997575,1857.4333499914574
20049,39.422363796933304,570.9799999997575,1857.4598071772234
20050,39.422363796933304,570.9999999997575,1857.486263927881
20051,39.422363796933304,571.0199999997575,1857.51272024341
20052,39.422363796933304,571.0399999997575,1857.5391761237624
20053,39.422363796933304,571.0599999997575,1857.5656315688902
20054,39.422363796933304,571.0799999997574,1857.5920865787455
20055,39.422363796933304,571.0999999997574,1857.6185411532801
20056,39.422363796933304,571.1199999997574,1857.6449952924463
20057,39.422363796933304,571.1399999997574,1857.671448996196
20058,39.422363796933304,571.1599999997574,1857.6979022644812
20059,39.422363796933304,571.1799999997573,1857.724355097254
20060,39.422363796933304,571.1999999997573,1857.7508074944662
20061,39.422363796933304,571.2199999997573,1857.7772594560702
20062,39.422363796933304,571.2399999997573,1857.8037109820177
20063,39.422363796933304,571.2599999997573,1857.830162072261
20064,39.422363796933304,571.2799999997573,1857.8566127267518
20065,39.422363796933304,571.2999999997572,1857.8830629454424
20066,39.422363796933304,571.3199999997572,1857.9095127282847
20067,39.422363796933304,571.3399999997572,1857.9359620752307
20068,39.422363796933304,571.3599999997572,1857.9624109862325
20069,39.422363796933304,571.3799999997572,1857.988859461242
20070,39.422363796933304,571.3999999997571,1858.0153075002115
20071,39.422363796933304,571.4199999997571,1858.0417551030926
20072,39.422363796933304,571.4399999997571,1858.0682022698375
20073,39.422363796933304,571.4599999997571,1858.0946490003982
20074,39.422363796933304,571.4799999997571,1858.121095294727
20075,39.422363796933304,571.499999999757,1858.1475411527756
20076,39.422363796933304,571.519999999757,1858.1739865744962
20077,39.422363796933304,571.539999999757,1858.2004315598408
20078,39.422363796933304,571.559999999757,1858.2268761087612
20079,39.422363796933304,571.579999999757,1858.2533202212096
20080,39.422363796933304,571.599999999757,1858.279763897138
20081,39.422363796933304,571.6199999997569,1858.3062071364986
20082,39.422363796933304,571.6399999997569,1858.3326499392433
20083,39.422363796933304,571.6599999997569,1858.3590923053239
20084,39.422363796933304,571.6799999997569,1858.3855342346926
20085,39.422363796933304,571.6999999997569,1858.4119757273015
20086,39.422363796933304,571.7199999997569,1858.4384167831026
20087,39.422363796933304,571.7399999997568,1858.464857402048
20088,39.422363796933304,571.7599999997568,1858.4912975840894
20089,39.422363796933304,571.7799999997568,1858.517737329179
20090,39.422363796933304,571.7999999997568,1858.544176637269
20091,39.422363796933304,571.8199999997568,1858.5706155083112
20092,39.422363796933304,571.8399999997567,1858.5970539422576
20093,39.422363796933304,571.8599999997567,1858.6234919390604
20094,39.422363796933304,571.8799999997567,1858.6499294986716
20095,39.422363796933304,571.8999999997567,1858.6763666210431
20096,39.422363796933304,571.9199999997567,1858.7028033061272
20097,39.422363796933304,571.9399999997567,1858.7292395538755
20098,39.422363796933304,571.9599999997566,1858.7556753642402
20099,39.422363796933304,571.9799999997566,1858.7821107371738
20100,39.422363796933304,571.9999999997566,1858.8085456738709
20101,39.422363796933304,572.0199999997566,1858.8349801755235
20102,39.422363796933304,572.0399999997566,1858.861414242084
20103,39.422363796933304,572.0599999997565,1858.8878478735044
20104,39.422363796933304,572.0799999997565,1858.9142810697367
20105,39.422363796933304,572.0999999997565,1858.940713830733
20106,39.422363796933304,572.1199999997565,1858.9671461564458
20107,39.422363796933304,572.1399999997565,1858.993578046827
20108,39.422363796933304,572.1599999997565,1859.0200095018286
20109,39.422363796933304,572.1799999997564,1859.0464405214027
20110,39.422363796933304,572.1999999997564,1859.0728711055017
20111,39.422363796933304,572.2199999997564,1859.0993012540775
20112,39.422363796933304,572.2399999997564,1859.1257309670825
20113,39.422363796933304,572.2599999997564,1859.1521602444686
20114,39.422363796933304,572.2799999997563,1859.178589086188
20115,39.422363796933304,572.2999999997563,1859.2050174921926
20116,39.422363796933304,572.3199999997563,1859.2314454624347
20117,39.422363796933304,572.3399999997563,1859.2578729968666
20118,39.422363796933304,572.3599999997563,1859.2843000954401
20119,39.422363796933304,572.3799999997563,1859.3107267581076
20120,39.422363796933304,572.3999999997562,1859.3371529848212
20121,39.422363796933304,572.4199999997562,1859.3635787755327
20122,39.422363796933304,572.4399999997562,1859.3900041301945
20123,39.422363796933304,572.4599999997562,1859.4164290487588
20124,39.422363796933304,572.4799999997562,1859.4428535311777
20125,39.422363796933304,572.4999999997561,1859.469277577403
20126,39.422363796933304,572.5199999997561,1859.4957011873873
20127,39.422363796933304,572.5399999997561,1859.5221243610824
20128,39.422363796933304,572.5599999997561,1859.5485470984404
20129,39.422363796933304,572.5799999997561,1859.5749693994137
20130,39.422363796933304,572.599999999756,1859.6013912639542
20131,39.422363796933304,572.619999999756,1859.627812692014
20132,39.35988084225044,572.639999999756,1859.6542336835455
20133,39.35988084225044,572.659999999756,1859.6806542385007
20134,39.35988084225044,572.679999999756,1859.7070743568315
20135,39.35988084225044,572.699999999756,1859.7334940384903
20136,39.35988084225044,572.7199999997559,1859.7599132834291
20137,39.35988084225044,572.7399999997559,1859.7863320916001
20138,39.35988084225044,572.7599999997559,1859.8127504629554
20139,39.35988084225044,572.7799999997559,1859.839168397447
20140,39.35988084225044,572.7999999997559,1859.8655858950274
20141,39.35988084225044,572.8199999997559,1859.8920029556482
20142,39.35988084225044,572.8399999997558,1859.9184195792618
20143,39.35988084225044,572.8599999997558,1859.9448357658205
20144,39.35988084225044,572.8799999997558,1859.9712515152762
20145,39.35988084225044,572.8999999997558,1859.997666827581
20146,39.35988084225044,572.9199999997558,1860.0240816960452
20147,39.35988084225044,572.9399999997557,1860.0504961119157
20148,39.35988084225044,572.9599999997557,1860.076910074916
20149,39.35988084225044,572.9799999997557,1860.1033235849989
20150,39.35988084225044,572.9999999997557,1860.1297366421438
20151,39.35988084225044,573.0199999997557,1860.1561492475312
20152,39.35988084225044,573.0399999997557,1860.1825614021013
20153,39.35988084225044,573.0599999997556,1860.208973105807
20154,39.35988084225044,573.0799999997556,1860.2353843586013
20155,39.35988084225044,573.0999999997556,1860.2617951604373
20156,39.35988084225044,573.1199999997556,1860.2882055112677
20157,39.35988084225044,573.1399999997556,1860.3146154110457
20158,39.35988084225044,573.1599999997555,1860.341024859724
20159,39.35988084225044,573.1799999997555,1860.3674338572557
20160,39.35988084225044,573.1999999997555,1860.3938424035937
20161,39.35988084225044,573.2199999997555,1860.4202504986908
20162,39.35988084225044,573.2399999997555,1860.4466581425004
20163,39.35988084225044,573.2599999997555,1860.473065334975
20164,39.35988084225044,573.2799999997554,1860.4994720760676
20165,39.35988084225044,573.2999999997554,1860.5258783657314
20166,39.35988084225044,573.3199999997554,1860.552284203919
20167,39.35988084225044,573.3399999997554,1860.5786895905837
20168,39.35988084225044,573.3599999997554,1860.6050945256784
20169,39.35988084225044,573.3799999997553,1860.6314990091557
20170,39.35988084225044,573.3999999997553,1860.657903040969
20171,39.35988084225044,573.4199999997553,1860.6843066210708
20172,39.35988084225044,573.4399999997553,1860.7107097494145
20173,39.35988084225044,573.4599999997553,1860.7371124259528
20174,39.35988084225044,573.4799999997553,1860.7635146506386
20175,39.35988084225044,573.4999999997552,1860.789916423425
20176,39.35988084225044,573.5199999997552,1860.8163177442648
20177,39.35988084225044,573.5399999997552,1860.8427186131112
20178,39.35988084225044,573.5599999997552,1860.8691190299169
20179,39.35988084225044,573.5799999997552,1860.8955189946348
20180,39.35988084225044,573.5999999997551,1860.9219185072182
20181,39.35988084225044,573.6199999997551,1860.9483175676196
20182,39.35988084225044,573.6399999997551,1860.9747161757923
20183,39.35988084225044,573.6599999997551,1861.0011143316892
20184,39.35988084225044,573.6799999997551,1861.0275120352633
20185,39.35988084225044,573.699999999755,1861.0539092864674
20186,39.35988084225044,573.719999999755,1861.0803060852545
20187,39.35988084225044,573.739999999755,1861.1067024315776
20188,39.35988084225044,573.759999999755,1861.1330983253895
20189,39.35988084225044,573.779999999755,1861.1594937666432
20190,39.35988084225044,573.799999999755,1861.1858887552917
20191,39.35988084225044,573.8199999997549,1861.212283291288
20192,39.35988084225044,573.8399999997549,1861.238677374585
20193,39.35988084225044,573.8599999997549,1861.2650710051357
20194,39.35988084225044,573.8799999997549,1861.291464182893
20195,39.35988084225044,573.8999999997549,1861.3178569078098
20196,39.35988084225044,573.9199999997549,1861.3442491798392
20197,39.35988084225044,573.9399999997548,1861.370640998934
20198,39.35988084225044,573.9599999997548,1861.3970323650474
20199,39.35988084225044,573.9799999997548,1861.423423278132
20200,39.35988084225044,573.9999999997548,1861.449813738141
20201,39.35988084225044,574.0199999997548,1861.476203745083
20202,39.35988084225044,574.0399999997547,1861.5025933003055
20203,39.35988084225044,574.0599999997547,1861.5289824046565
20204,39.35988084225044,574.0799999997547,1861.5553710580891
20205,39.35988084225044,574.0999999997547,1861.5817592605563
20206,39.35988084225044,574.1199999997547,1861.608147012011
20207,39.35988084225044,574.1399999997547,1861.6345343124062
20208,39.35988084225044,574.1599999997546,1861.6609211616953
20209,39.35988084225044,574.1799999997546,1861.6873075598314
20210,39.35988084225044,574.1999999997546,1861.7136935067674
20211,39.35988084225044,574.2199999997546,1861.7400790024565
20212,39.35988084225044,574.2399999997546,1861.7664640468515
20213,39.35988084225044,574.2599999997545,1861.7928486399057
20214,39.35988084225044,574.2799999997545,1861.8192327815723
20215,39.35988084225044,574.2999999997545,1861.845616471804
20216,39.35988084225044,574.3199999997545,1861.8719997105543
20217,39.35988084225044,574.3399999997545,1861.8983824977759
20218,39.35988084225044,574.3599999997545,1861.9247648334222
20219,39.35988084225044,574.3799999997544,1861.951146717446
20220,39.35988084225044,574.3999999997544,1861.9775281498005
20221,39.35988084225044,574.4199999997544,1862.0039091304388
20222,39.35988084225044,574.4399999997544,1862.0302896593141
20223,39.35988084225044,574.4599999997544,1862.0566697363793
20224,39.35988084225044,574.4799999997543,1862.0830493615874
20225,39.35988084225044,574.4999999997543,1862.1094285348915
20226,39.35988084225044,574.5199999997543,1862.135807256245
20227,39.35988084225044,574.5399999997543,1862.1621855256008
20228,39.35988084225044,574.5599999997543,1862.1885633429117
20229,39.35988084225044,574.5799999997542,1862.214940708131
20230,39.35988084225044,574.5999999997542,1862.241317621212
20231,39.35988084225044,574.6199999997542,1862.2676940821073
20232,39.35988084225044,574.6399999997542,1862.2940700907702
20233,39.35988084225044,574.6599999997542,1862.320445647154
20234,39.35988084225044,574.6799999997542,1862.3468207512115
20235,39.35988084225044,574.6999999997541,1862.3731954028958
20236,39.35988084225044,574.7199999997541,1862.3995696021602
20237,39.35988084225044,574.7399999997541,1862.4259433489576
20238,39.35988084225044,574.7599999997541,1862.4523166432411
20239,39.35988084225044,574.7799999997541,1862.478689484964
20240,39.35988084225044,574.799999999754,1862.505061874079
20241,39.35988084225044,574.819999999754,1862.5314338105395
20242,39.35988084225044,574.839999999754,1862.5578052942983
20243,39.35988084225044,574.859999999754,1862.5841763253088
20244,39.35988084225044,574.879999999754,1862.6105469035238
20245,39.35988084225044,574.899999999754,1862.6369170288965
20246,39.35988084225044,574.9199999997539,1862.66328670138
20247,39.35988084225044,574.9399999997539,1862.6896559209274
20248,39.35988084225044,574.9599999997539,1862.7160246874917
20249,39.35988084225044,574.9799999997539,1862.742393001026
20250,39.35988084225044,574.9999999997539,1862.7687608614833
20251,39.35988084225044,575.0199999997538,1862.7951282688168
20252,39.35988084225044,575.0399999997538,1862.8214952230633
20253,39.35988084225044,575.0599999997538,1862.8478617256874
20254,39.35988084225044,575.0799999997538,1862.8742277774018
20255,39.35988084225044,575.0999999997538,1862.9005933781598
20256,39.35988084225044,575.1199999997538,1862.9269585279144
20257,39.35988084225044,575.1399999997537,1862.953323226619
20258,39.35988084225044,575.1599999997537,1862.9796874742267
20259,39.35988084225044,575.1799999997537,1863.0060512706907
20260,39.35988084225044,575.1999999997537,1863.0324146159642
20261,39.35988084225044,575.2199999997537,1863.0587775100003
20262,39.35988084225044,575.2399999997536,1863.0851399527521
20263,39.35988084225044,575.2599999997536,1863.1115019441731
20264,39.35988084225044,575.2799999997536,1863.1378634842165
20265,39.35988084225044,575.2999999997536,1863.164224572835
20266,39.35988084225044,575.3199999997536,1863.1905852099824
20267,39.35988084225044,575.3399999997536,1863.2169453956117
20268,39.35988084225044,575.3599999997535,1863.243305129676
20269,39.35988084225044,575.3799999997535,1863.2696644121283
20270,39.35988084225044,575.3999999997535,1863.2960232429223
20271,39.35988084225044,575.4199999997535,1863.3223816220109
20272,39.35988084225044,575.4399999997535,1863.348739549347
20273,39.35988084225044,575.4599999997534,1863.3750970248846
20274,39.35988084225044,575.4799999997534,1863.4014540485762
20275,39.35988084225044,575.4999999997534,1863.427810620375
20276,39.35988084225044,575.5199999997534,1863.4541667402348
20277,39.35988084225044,575.5399999997534,1863.480522408108
20278,39.35988084225044,575.5599999997534,1863.5068776239484
20279,39.35988084225044,575.5799999997533,1863.533232387709
20280,39.35988084225044,575.5999999997533,1863.5595866993428
20281,39.35988084225044,575.6199999997533,1863.5859405588035
20282,39.35988084225044,575.6399999997533,1863.6122939660438
20283,39.35988084225044,575.6599999997533,1863.6386469210172
20284,39.35988084225044,575.6799999997532,1863.6649994236766
20285,39.35988084225044,575.6999999997532,1863.6913514739754
20286,39.35988084225044,575.7199999997532,1863.7177030718667
20287,39.35988084225044,575.7399999997532,1863.744054217304
20288,39.35988084225044,575.7599999997532,1863.7704049102401
20289,39.35988084225044,575.7799999997532,1863.7967551506285
20290,39.35988084225044,575.7999999997531,1863.8231049384221
20291,39.35988084225044,575.8199999997531,1863.8494542735743
20292,39.35988084225044,575.8399999997531,1863.8758031560385
20293,39.35988084225044,575.8599999997531,1863.9021515857676
20294,39.35988084225044,575.8799999997531,1863.9284995627147
20295,39.35988084225044,575.899999999753,1863.9548470868333
20296,39.35988084225044,575.919999999753,1863.9811941580765
20297,39.35988084225044,575.939999999753,1864.0075407763973
20298,39.35988084225044,575.959999999753,1864.0338869417492
20299,39.35988084225044,575.979999999753,1864.0602326540852
20300,39.35988084225044,575.999999999753,1864.0865779133585
20301,39.35988084225044,576.0199999997529,1864.1129227195224
20302,39.35988084225044,576.0399999997529,1864.1392670725302
20303,39.35988084225044,576.0599999997529,1864.1656109724506
20304,39.35988084225044,576.0799999997529,1864.1919544209256
20305,39.35988084225044,576.0999999997529,1864.218297418554
20306,39.35988084225044,576.1199999997528,1864.2446399652888
20307,39.35988084225044,576.1399999997528,1864.2709820610835
20308,39.35988084225044,576.1599999997528,1864.2973237058914
20309,39.29756276853739,576.1799999997528,1864.3236648996658
20310,39.29756276853739,576.1999999997528,1864.3500056423602
20311,39.29756276853739,576.2199999997528,1864.3763459339277
20312,39.29756276853739,576.2399999997527,1864.4026857743218
20313,39.29756276853739,576.2599999997527,1864.4290251634955
20314,39.29756276853739,576.2799999997527,1864.4553641014022
20315,39.29756276853739,576.2999999997527,1864.4817025879954
20316,39.29756276853739,576.3199999997527,1864.5080406232285
20317,39.29756276853739,576.3399999997526,1864.5343782070545
20318,39.29756276853739,576.3599999997526,1864.5607153394267
20319,39.29756276853739,576.3799999997526,1864.5870520202986
20320,39.29756276853739,576.3999999997526,1864.6133882496235
20321,39.29756276853739,576.4199999997526,1864.6397240273548
20322,39.29756276853739,576.4399999997526,1864.6660593534455
20323,39.29756276853739,576.4599999997525,1864.692394227849
20324,39.29756276853739,576.4799999997525,1864.7187286505189
20325,39.29756276853739,576.4999999997525,1864.7450626214084
20326,39.29756276853739,576.5199999997525,1864.7713961404706
20327,39.29756276853739,576.5399999997525,1864.7977292076591
20328,39.29756276853739,576.5599999997524,1864.824061822927
20329,39.29756276853739,576.5799999997524,1864.8503939862276
20330,39.29756276853739,576.5999999997524,1864.8767256975143
20331,39.29756276853739,576.6199999997524,1864.9030569567406
20332,39.29756276853739,576.6399999997524,1864.9293877638595
20333,39.29756276853739,576.6599999997524,1864.9557181188245
20334,39.29756276853739,576.6799999997523,1864.9820480215888
20335,39.29756276853739,576.6999999997523,1865.0083774721056
20336,39.29756276853739,576.7199999997523,1865.0347064703285
20337,39.29756276853739,576.7399999997523,1865.0610350162108
20338,39.29756276853739,576.7599999997523,1865.0873631097056
20339,39.29756276853739,576.7799999997522,1865.1136907507664
20340,39.29756276853739,576.7999999997522,1865.1400179393463
20341,39.29756276853739,576.8199999997522,1865.166344675399
20342,39.29756276853739,576.8399999997522,1865.1926709588774
20343,39.29756276853739,576.8599999997522,1865.218996789735
20344,39.29756276853739,576.8799999997522,1865.2453221679252
20345,39.29756276853739,576.8999999997521,1865.2716470934013
20346,39.29756276853739,576.9199999997521,1865.2979715661163
20347,39.29756276853739,576.9399999997521,1865.324295586024
20348,39.29756276853739,576.9599999997521,1865.3506191530773
20349,39.29756276853739,576.9799999997521,1865.3769422672297
20350,39.29756276853739,576.999999999752,1865.4032649284345
20351,39.29756276853739,577.019999999752,1865.429587136645
20352,39.29756276853739,577.039999999752,1865.4559088918147
20353,39.29756276853739,577.059999999752,1865.4822301938966
20354,39.29756276853739,577.079999999752,1865.5085510429751
20355,39.29756276853739,577.099999999752,1865.5348714406343
20356,39.29756276853739,577.1199999997519,1865.5611913872808
20357,39.29756276853739,577.1399999997519,1865.5875108828677
20358,39.29756276853739,577.1599999997519,1865.6138299273487
20359,39.29756276853739,577.1799999997519,1865.640148520677
20360,39.29756276853739,577.1999999997519,1865.6664666628062
20361,39.29756276853739,577.2199999997518,1865.6927843536896
20362,39.29756276853739,577.2399999997518,1865.7191015932808
20363,39.29756276853739,577.2599999997518,1865.745418381533
20364,39.29756276853739,577.2799999997518,1865.7717347183998
20365,39.29756276853739,577.2999999997518,1865.7980506038343
20366,39.29756276853739,577.3199999997518,1865.8243660377902
20367,39.29756276853739,577.3399999997517,1865.850681020221
20368,39.29756276853739,577.3599999997517,1865.8769955510797
20369,39.29756276853739,577.3799999997517,1865.90330963032
20370,39.29756276853739,577.3999999997517,1865.9296232578956
20371,39.29756276853739,577.4199999997517,1865.9559364337595
20372,39.29756276853739,577.4399999997516,1865.9822491578652
20373,39.29756276853739,577.4599999997516,1866.008561430166
20374,39.29756276853739,577.4799999997516,1866.0348732506156
20375,39.29756276853739,577.4999999997516,1866.0611846191673
20376,39.29756276853739,577.5199999997516,1866.0874955357745
20377,39.29756276853739,577.5399999997516,1866.1138060003905
20378,39.29756276853739,577.5599999997515,1866.140116012969
20379,39.29756276853739,577.5799999997515,1866.1664255734631
20380,39.29756276853739,577.5999999997515,1866.1927346818266
20381,39.29756276853739,577.6199999997515,1866.2190433380126
20382,39.29756276853739,577.6399999997515,1866.2453515419745
20383,39.29756276853739,577.6599999997514,1866.2716592936658
20384,39.29756276853739,577.6799999997514,1866.2979665930402
20385,39.29756276853739,577.6999999997514,1866.3242734400508
20386,39.29756276853739,577.7199999997514,1866.350579834651
20387,39.29756276853739,577.7399999997514,1866.3768857767943
20388,39.29756276853739,577.7599999997514,1866.403191266434
20389,39.29756276853739,577.7799999997513,1866.4294963035238
20390,39.29756276853739,577.7999999997513,1866.455800888017
20391,39.29756276853739,577.8199999997513,1866.4821050198668
20392,39.29756276853739,577.8399999997513,1866.508408699027
20393,39.29756276853739,577.8599999997513,1866.534711925451
20394,39.29756276853739,577.8799999997512,1866.5610146990919
20395,39.29756276853739,577.8999999997512,1866.5873170199031
20396,39.29756276853739,577.9199999997512,1866.6136188878384
20397,39.29756276853739,577.9399999997512,1866.639920302851
20398,39.29756276853739,577.9599999997512,1866.6662212648941
20399,39.29756276853739,577.9799999997512,1866.6925217739215
20400,39.29756276853739,577.9999999997511,1866.7188218298866
20401,39.29756276853739,578.0199999997511,1866.7451214327425
20402,39.29756276853739,578.0399999997511,1866.771420582443
20403,39.29756276853739,578.0599999997511,1866.7977192789413
20404,39.29756276853739,578.0799999997511,1866.8240175221908
20405,39.29756276853739,578.099999999751,1866.85031531231
20406,39.29756276853739,578.119999999751,1866.8766126510748
20407,39.29756276853739,578.139999999751,1866.9029095387775
20408,39.29756276853739,578.159999999751,1866.9292059753718
20409,39.29756276853739,578.179999999751,1866.955501960811
20410,39.29756276853739,578.199999999751,1866.9817974950488
20411,39.29756276853739,578.2199999997509,1867.0080925780387
20412,39.29756276853739,578.2399999997509,1867.0343872097342
20413,39.29756276853739,578.2599999997509,1867.0606813900886
20414,39.29756276853739,578.2799999997509,1867.0869751190558
20415,39.29756276853739,578.2999999997509,1867.1132683965889
20416,39.29756276853739,578.3199999997508,1867.1395612226418
20417,39.29756276853739,578.3399999997508,1867.1658535971678
20418,39.29756276853739,578.3599999997508,1867.1921455201204
20419,39.29756276853739,578.3799999997508,1867.2184369914532
20420,39.29756276853739,578.3999999997508,1867.2447280111198
20421,39.29756276853739,578.4199999997508,1867.2710185790738
20422,39.29756276853739,578.4399999997507,1867.2973086952686
20423,39.29756276853739,578.4599999997507,1867.3235983596576
20424,39.29756276853739,578.4799999997507,1867.3498875721943
20425,39.29756276853739,578.4999999997507,1867.3761763328325
20426,39.29756276853739,578.5199999997507,1867.4024646415255
20427,39.29756276853739,578.5399999997506,1867.428752498227
20428,39.29756276853739,578.5599999997506,1867.4550399028903
20429,39.29756276853739,578.5799999997506,1867.4813268554692
20430,39.29756276853739,578.5999999997506,1867.507613355917
20431,39.29756276853739,578.6199999997506,1867.5338994041874
20432,39.29756276853739,578.6399999997506,1867.5601850002338
20433,39.29756276853739,578.6599999997505,1867.5864701440098
20434,39.29756276853739,578.6799999997505,1867.6127548354689
20435,39.29756276853739,578.6999999997505,1867.6390390745646
20436,39.29756276853739,578.7199999997505,1867.6653228612504
20437,39.29756276853739,578.7399999997505,1867.6916061954798
20438,39.29756276853739,578.7599999997504,1867.7178890772063
20439,39.29756276853739,578.7799999997504,1867.7441715063837
20440,39.29756276853739,578.7999999997504,1867.7704534829652
20441,39.29756276853739,578.8199999997504,1867.7967350069046
20442,39.29756276853739,578.8399999997504,1867.8230160781552
20443,39.29756276853739,578.8599999997504,1867.8492966966705
20444,39.29756276853739,578.8799999997503,1867.8755768624044
20445,39.29756276853739,578.8999999997503,1867.90185657531
20446,39.29756276853739,578.9199999997503,1867.928135835341
20447,39.29756276853739,578.9399999997503,1867.954414642451
20448,39.29756276853739,578.9599999997503,1867.9806929965935
20449,39.29756276853739,578.9799999997502,1868.0069708977219
20450,39.29756276853739,578.9999999997502,1868.0332483457898
20451,39.29756276853739,579.0199999997502,1868.0595253407507
20452,39.29756276853739,579.0399999997502,1868.0858018825584
20453,39.29756276853739,579.0599999997502,1868.112077971166
20454,39.29756276853739,579.0799999997502,1868.1383536065273
20455,39.29756276853739,579.0999999997501,1868.1646287885958
20456,39.29756276853739,579.1199999997501,1868.190903517526
20457,39.29756276853739,579.1399999997501,1868.217177795294
20458,39.29756276853739,579.1599999997501,1868.243451622064
20459,39.29756276853739,579.1799999997501,1868.2697249977896
20460,39.29756276853739,579.19999999975,1868.2959979224245
20461,39.29756276853739,579.21999999975,1868.3222703959223
20462,39.29756276853739,579.23999999975,1868.3485424182365
20463,39.29756276853739,579.25999999975,1868.3748139893212
20464,39.29756276853739,579.27999999975,1868.4010851091296
20465,39.29756276853739,579.29999999975,1868.4273557776155
20466,39.29756276853739,579.3199999997499,1868.4536259947326
20467,39.29756276853739,579.3399999997499,1868.4798957604346
20468,39.29756276853739,579.3599999997499,1868.506165074675
20469,39.29756276853739,579.3799999997499,1868.5324339374074
20470,39.29756276853739,579.3999999997499,1868.5587023485857
20471,39.29756276853739,579.4199999997498,1868.5849703081633
20472,39.29756276853739,579.4399999997498,1868.611237816094
20473,39.29756276853739,579.4599999997498,1868.6375048723314
20474,39.29756276853739,579.4799999997498,1868.663771476829
20475,39.29756276853739,579.4999999997498,1868.6900376295407
20476,39.29756276853739,579.5199999997498,1868.71630333042
20477,39.29756276853739,579.5399999997497,1868.7425685794205
20478,39.29756276853739,579.5599999997497,1868.768833376496
20479,39.29756276853739,579.5799999997497,1868.7950977216
20480,39.29756276853739,579.5999999997497,1868.8213616146863
20481,39.29756276853739,579.6199999997497,1868.8476250557085
20482,39.23540896730984,579.6399999997496,1868.8738880446201
20483,39.23540896730984,579.6599999997496,1868.9001505813749
20484,39.23540896730984,579.6799999997496,1868.9264126659264
20485,39.23540896730984,579.6999999997496,1868.9526742982284
20486,39.23540896730984,579.7199999997496,1868.9789354782345
20487,39.23540896730984,579.7399999997496,1869.0051962058983
20488,39.23540896730984,579.7599999997495,1869.0314564811736
20489,39.23540896730984,579.7799999997495,1869.0577163040139
20490,39.23540896730984,579.7999999997495,1869.0839756743728
20491,39.23540896730984,579.8199999997495,1869.1102345922043
20492,39.23540896730984,579.8399999997495,1869.1364930574616
20493,39.23540896730984,579.8599999997494,1869.1627510700987
20494,39.23540896730984,579.8799999997494,1869.189008630069
20495,39.23540896730984,579.8999999997494,1869.2152657373265
20496,39.23540896730984,579.9199999997494,1869.2415223918244
20497,39.23540896730984,579.9399999997494,1869.2677785935166
20498,39.23540896730984,579.9599999997494,1869.2940343423566
20499,39.23540896730984,579.9799999997493,1869.3202896382982
20500,39.23540896730984,579.9999999997493,1869.346544481295
20501,39.23540896730984,580.0199999997493,1869.3727988713006
20502,39.23540896730984,580.0399999997493,1869.3990528082688
20503,39.23540896730984,580.0599999997493,1869.4253062921532
20504,39.23540896730984,580.0799999997492,1869.4515593229073
20505,39.23540896730984,580.0999999997492,1869.477811900485
20506,39.23540896730984,580.1199999997492,1869.5040640248396
20507,39.23540896730984,580.1399999997492,1869.5303156962302
20508,39.23540896730984,580.1599999997492,1869.5565669163418
20509,39.23540896730984,580.1799999997492,1869.5828176852865
20510,39.23540896730984,580.1999999997491,1869.609068003018
20511,39.23540896730984,580.2199999997491,1869.6353178694899
20512,39.23540896730984,580.2399999997491,1869.6615672846563
20513,39.23540896730984,580.2599999997491,1869.6878162484707
20514,39.23540896730984,580.2799999997491,1869.714064760887
20515,39.23540896730984,580.299999999749,1869.7403128218589
20516,39.23540896730984,580.319999999749,1869.7665604313402
20517,39.23540896730984,580.339999999749,1869.7928075892846
20518,39.23540896730984,580.359999999749,1869.8190542956459
20519,39.23540896730984,580.379999999749,1869.8453005503777
20520,39.23540896730984,580.399999999749,1869.871546353434
20521,39.23540896730984,580.4199999997489,1869.8977917047685
20522,39.23540896730984,580.4399999997489,1869.9240366043348
20523,39.23540896730984,580.4599999997489,1869.9502810520867
20524,39.23540896730984,580.4799999997489,1869.976525047978
20525,39.23540896730984,580.4999999997489,1870.002768591681
20526,39.23540896730984,580.5199999997488,1870.0290116740196
20527,39.23540896730984,580.5399999997488,1870.0552542883518
20528,39.23540896730984,580.5599999997488,1870.0814964346318
20529,39.23540896730984,580.5799999997488,1870.1077381128146
20530,39.23540896730984,580.5999999997488,1870.1339793228542
20531,39.23540896730984,580.6199999997488,1870.1602200647053
20532,39.23540896730984,580.6399999997487,1870.1864603383224
20533,39.23540896730984,580.6599999997487,1870.21270014366
20534,39.23540896730984,580.6799999997487,1870.2389394806726
20535,39.23540896730984,580.6999999997487,1870.2651783493147
20536,39.23540896730984,580.7199999997487,1870.291416749541
20537,39.23540896730984,580.7399999997486,1870.3176546813058
20538,39.23540896730984,580.7599999997486,1870.3438921445636
20539,39.23540896730984,580.7799999997486,1870.370129139269
20540,39.23540896730984,580.7999999997486,1870.3963656653766
20541,39.23540896730984,580.8199999997486,1870.4226017228407
20542,39.23540896730984,580.8399999997486,1870.448837311616
20543,39.23540896730984,580.8599999997485,1870.4750724316568
20544,39.23540896730984,580.8799999997485,1870.5013070829177
20545,39.23540896730984,580.8999999997485,1870.5275412653534
20546,39.23540896730984,580.9199999997485,1870.5537749789182
20547,39.23540896730984,580.9399999997485,1870.5800082235667
20548,39.23540896730984,580.9599999997484,1870.6062409992533
20549,39.23540896730984,580.9799999997484,1870.6324733059325
20550,39.23540896730984,580.9999999997484,1870.658705143559
20551,39.23540896730984,581.0199999997484,1870.6849365120872
20552,39.23540896730984,581.0399999997484,1870.7111674114717
20553,39.23540896730984,581.0599999997484,1870.737397841667
20554,39.23540896730984,581.0799999997483,1870.7636278026273
20555,39.23540896730984,581.0999999997483,1870.7898572943075
20556,39.23540896730984,581.1199999997483,1870.816086316662
20557,39.23540896730984,581.1399999997483,1870.8423148696452
20558,39.23540896730984,581.1599999997483,1870.8685429536667
20559,39.23540896730984,581.1799999997482,1870.8947705703854
20560,39.23540896730984,581.1999999997482,1870.9209977198946
20561,39.23540896730984,581.2199999997482,1870.947224402149
20562,39.23540896730984,581.2399999997482,1870.973450617103
20563,39.23540896730984,581.2599999997482,1870.9996763647114
20564,39.23540896730984,581.2799999997482,1871.0259016449288
20565,39.23540896730984,581.2999999997481,1871.0521264577098
20566,39.23540896730984,581.3199999997481,1871.0783508030092
20567,39.23540896730984,581.3399999997481,1871.1045746807813
20568,39.23540896730984,581.3599999997481,1871.130798090981
20569,39.23540896730984,581.3799999997481,1871.1570210335626
20570,39.23540896730984,581.399999999748,1871.183243508481
20571,39.23540896730984,581.419999999748,1871.2094655156907
20572,39.23540896730984,581.439999999748,1871.2356870551464
20573,39.23540896730984,581.459999999748,1871.2619081268026
20574,39.23540896730984,581.479999999748,1871.288128730614
20575,39.23540896730984,581.499999999748,1871.3143488665353
20576,39.23540896730984,581.5199999997479,1871.3405685345208
20577,39.23540896730984,581.5399999997479,1871.3667877345254
20578,39.23540896730984,581.5599999997479,1871.3930064665037
20579,39.23540896730984,581.5799999997479,1871.4192247304104
20580,39.23540896730984,581.5999999997479,1871.4454425262
20581,39.23540896730984,581.6199999997478,1871.471659853827
20582,39.23540896730984,581.6399999997478,1871.4978767132463
20583,39.23540896730984,581.6599999997478,1871.5240931044123
20584,39.23540896730984,581.6799999997478,1871.5503090272796
20585,39.23540896730984,581.6999999997478,1871.576524481803
20586,39.23540896730984,581.7199999997478,1871.6027394679372
20587,39.23540896730984,581.7399999997477,1871.6289539856366
20588,39.23540896730984,581.7599999997477,1871.655168034856
20589,39.23540896730984,581.7799999997477,1871.6813816155498
20590,39.23540896730984,581.7999999997477,1871.7075947276726
20591,39.23540896730984,581.8199999997477,1871.7338073711792
20592,39.23540896730984,581.8399999997476,1871.7600195460243
20593,39.23540896730984,581.8599999997476,1871.7862312521625
20594,39.23540896730984,581.8799999997476,1871.8124424895482
20595,39.23540896730984,581.8999999997476,1871.8386532581362
20596,39.23540896730984,581.9199999997476,1871.864863557881
20597,39.23540896730984,581.9399999997476,1871.8910733887376
20598,39.23540896730984,581.9599999997475,1871.9172827506602
20599,39.23540896730984,581.9799999997475,1871.9434916436035
20600,39.23540896730984,581.9999999997475,1871.9697000675221
20601,39.23540896730984,582.0199999997475,1871.995908022371
20602,39.23540896730984,582.0399999997475,1872.0221155081042
20603,39.23540896730984,582.0599999997474,1872.048322524677
20604,39.23540896730984,582.0799999997474,1872.0745290720433
20605,39.23540896730984,582.0999999997474,1872.1007351501585
20606,39.23540896730984,582.1199999997474,1872.1269407589766
20607,39.23540896730984,582.1399999997474,1872.1531458984525
20608,39.23540896730984,582.1599999997474,1872.179350568541
20609,39.23540896730984,582.1799999997473,1872.2055547697967
20610,39.23540896730984,582.1999999997473,1872.231758503797
20611,39.23540896730984,582.2199999997473,1872.2579617706097
20612,39.23540896730984,582.2399999997473,1872.2841645701894
20613,39.23540896730984,582.2599999997473,1872.3103669024908
20614,39.23540896730984,582.2799999997472,1872.3365687674682
20615,39.23540896730984,582.2999999997472,1872.3627701650762
20616,39.23540896730984,582.3199999997472,1872.3889710952694
20617,39.23540896730984,582.3399999997472,1872.4151715580024
20618,39.23540896730984,582.3599999997472,1872.4413715532294
20619,39.23540896730984,582.3799999997472,1872.4675710809051
20620,39.23540896730984,582.3999999997471,1872.4937701409842
20621,39.23540896730984,582.4199999997471,1872.5199687334211
20622,39.23540896730984,582.4399999997471,1872.5461668581704
20623,39.23540896730984,582.4599999997471,1872.5723645151866
20624,39.23540896730984,582.4799999997471,1872.5985617044241
20625,39.23540896730984,582.499999999747,1872.6247584258376
20626,39.23540896730984,582.519999999747,1872.6509546793816
20627,39.23540896730984,582.539999999747,1872.6771504650105
20628,39.23540896730984,582.559999999747,1872.7033457826792
20629,39.23540896730984,582.579999999747,1872.729540632342
20630,39.23540896730984,582.599999999747,1872.7557350139532
20631,39.23540896730984,582.6199999997469,1872.7819289274676
20632,39.23540896730984,582.6399999997469,1872.8081223728398
20633,39.23540896730984,582.6599999997469,1872.834315350024
20634,39.23540896730984,582.6799999997469,1872.8605078589753
20635,39.23540896730984,582.6999999997469,1872.8866998996477
20636,39.23540896730984,582.7199999997468,1872.912891471996
20637,39.23540896730984,582.7399999997468,1872.9390825759747
20638,39.23540896730984,582.7599999997468,1872.9652732115383
20639,39.23540896730984,582.7799999997468,1872.9914633786411
20640,39.23540896730984,582.7999999997468,1873.017653077238
20641,39.23540896730984,582.8199999997468,1873.0438423072835
20642,39.23540896730984,582.8399999997467,1873.070031068732
20643,39.23540896730984,582.8599999997467,1873.0962193615383
20644,39.23540896730984,582.8799999997467,1873.1224071856566
20645,39.23540896730984,582.8999999997467,1873.1485945410416
20646,39.23540896730984,582.9199999997467,1873.1747814276478
20647,39.23540896730984,582.9399999997466,1873.2009678454297
20648,39.23540896730984,582.9599999997466,1873.2271537943418
20649,39.23540896730984,582.9799999997466,1873.2533392743387
20650,39.23540896730984,582.9999999997466,1873.2795242853751
20651,39.23540896730984,583.0199999997466,1873.3057088274054
20652,39.23540896730984,583.0399999997466,1873.331892900384
20653,39.23540896730984,583.0599999997465,1873.3580765042657
20654,39.23540896730984,583.0799999997465,1873.3842596390048
20655,39.23540896730984,583.0999999997465,1873.410442304556
20656,39.23540896730984,583.1199999997465,1873.436624500874
20657,39.23540896730984,583.1399999997465,1873.4628062279128
20658,39.23540896730984,583.1599999997464,1873.4889874856274
20659,39.23540896730984,583.1799999997464,1873.5151682739722
20660,39.23540896730984,583.1999999997464,1873.5413485936433
20661,39.17341883296768,583.2199999997464,1873.5675284461147
20662,39.17341883296768,583.2399999997464,1873.5937078314278
20663,39.17341883296768,583.2599999997464,1873.6198867495377
20664,39.17341883296768,583.2799999997463,1873.6460652003993
20665,39.17341883296768,583.2999999997463,1873.6722431839678
20666,39.17341883296768,583.3199999997463,1873.6984207001983
20667,39.17341883296768,583.3399999997463,1873.7245977490456
20668,39.17341883296768,583.3599999997463,1873.750774330465
20669,39.17341883296768,583.3799999997462,1873.7769504444116
20670,39.17341883296768,583.3999999997462,1873.8031260908401
20671,39.17341883296768,583.4199999997462,1873.8293012697059
20672,39.17341883296768,583.4399999997462,1873.8554759809638
20673,39.17341883296768,583.4599999997462,1873.881650224569
20674,39.17341883296768,583.4799999997462,1873.9078240004767
20675,39.17341883296768,583.4999999997461,1873.9339973086417
20676,39.17341883296768,583.5199999997461,1873.9601701490192
20677,39.17341883296768,583.5399999997461,1873.9863425215642
20678,39.17341883296768,583.5599999997461,1874.0125144262317
20679,39.17341883296768,583.5799999997461,1874.038685862977
20680,39.17341883296768,583.599999999746,1874.064856831755
20681,39.17341883296768,583.619999999746,1874.0910273325205
20682,39.17341883296768,583.639999999746,1874.1171973652288
20683,39.17341883296768,583.659999999746,1874.1433669298349
20684,39.17341883296768,583.679999999746,1874.169536026294
20685,39.17341883296768,583.699999999746,1874.195704654561
20686,39.17341883296768,583.7199999997459,1874.221872814591
20687,39.17341883296768,583.7399999997459,1874.248040506339
20688,39.17341883296768,583.7599999997459,1874.2742077297603
20689,39.17341883296768,583.7799999997459,1874.3003744848097
20690,39.17341883296768,583.7999999997459,1874.3265407714423
20691,39.17341883296768,583.8199999997458,1874.3527065896133
20692,39.17341883296768,583.8399999997458,1874.3788719392776
20693,39.17341883296768,583.8599999997458,1874.4050368203903
20694,39.17341883296768,583.8799999997458,1874.4312012329065
20695,39.17341883296768,583.8999999997458,1874.4573651767812
20696,39.17341883296768,583.9199999997458,1874.4835286519694
20697,39.17341883296768,583.9399999997457,1874.5096916584264
20698,39.17341883296768,583.9599999997457,1874.535854196107
20699,39.17341883296768,583.9799999997457,1874.5620162649666
20700,39.17341883296768,583.9999999997457,1874.5881778649598
20701,39.17341883296768,584.0199999997457,1874.6143389960419
20702,39.17341883296768,584.0399999997456,1874.640499658168
20703,39.17341883296768,584.0599999997456,1874.6666598512932
20704,39.17341883296768,584.0799999997456,1874.6928195753724
20705,39.17341883296768,584.0999999997456,1874.7189788303608
20706,39.17341883296768,584.1199999997456,1874.7451376162135
20707,39.17341883296768,584.1399999997456,1874.7712959328853
20708,39.17341883296768,584.1599999997455,1874.7974537803314
20709,39.17341883296768,584.1799999997455,1874.8236111585068
20710,39.17341883296768,584.1999999997455,1874.8497680673668
20711,39.17341883296768,584.2199999997455,1874.8759245076865
20712,39.17341883296768,584.2399999997455,1874.9020804807337
20713,39.17341883296768,584.2599999997454,1874.9282359865183
20714,39.17341883296768,584.2799999997454,1874.954391024995
20715,39.17341883296768,584.2999999997454,1874.9805455961186
20716,39.17341883296768,584.3199999997454,1875.0066996998446
20717,39.17341883296768,584.3399999997454,1875.0328533361276
20718,39.17341883296768,584.3599999997454,1875.0590065049225
20719,39.17341883296768,584.3799999997453,1875.0851592061845
20720,39.17341883296768,584.3999999997453,1875.1113114398684
20721,39.17341883296768,584.4199999997453,1875.1374632059292
20722,39.17341883296768,584.4399999997453,1875.1636145043217
20723,39.17341883296768,584.4599999997453,1875.189765335001
20724,39.17341883296768,584.4799999997452,1875.2159156979224
20725,39.17341883296768,584.4999999997452,1875.2420655930403
20726,39.17341883296768,584.5199999997452,1875.2682150203098
20727,39.17341883296768,584.5399999997452,1875.294363979686
20728,39.17341883296768,584.5599999997452,1875.320512471124
20729,39.17341883296768,584.5799999997452,1875.3466604945784
20730,39.17341883296768,584.5999999997451,1875.3728080500043
20731,39.17341883296768,584.6199999997451,1875.3989551373568
20732,39.17341883296768,584.6399999997451,1875.4251017565905
20733,39.17341883296768,584.6599999997451,1875.4512479076607
20734,39.17341883296768,584.6799999997451,1875.4773935905223
20735,39.17341883296768,584.699999999745,1875.5035388051301
20736,39.17341883296768,584.719999999745,1875.5296835514393
20737,39.17341883296768,584.739999999745,1875.5558278294047
20738,39.17341883296768,584.759999999745,1875.5819716389815
20739,39.17341883296768,584.779999999745,1875.6081149801244
20740,39.17341883296768,584.799999999745,1875.6342578527883
20741,39.17341883296768,584.8199999997449,1875.6604002569284
20742,39.17341883296768,584.8399999997449,1875.6865421924995
20743,39.17341883296768,584.8599999997449,1875.7126836594566
20744,39.17341883296768,584.8799999997449,1875.7388246577548
20745,39.17341883296768,584.8999999997449,1875.764965187349
20746,39.17341883296768,584.9199999997448,1875.7911052481938
20747,39.17341883296768,584.9399999997448,1875.8172448402447
20748,39.17341883296768,584.9599999997448,1875.8433839634563
20749,39.17341883296768,584.9799999997448,1875.8695226177838
20750,39.17341883296768,584.9999999997448,1875.895660803182
20751,39.17341883296768,585.0199999997448,1875.921798519606
20752,39.17341883296768,585.0399999997447,1875.9479357670107
20753,39.17341883296768,585.0599999997447,1875.974072545351
20754,39.17341883296768,585.0799999997447,1876.0002088545818
20755,39.17341883296768,585.0999999997447,1876.0263446946585
20756,39.17341883296768,585.1199999997447,1876.0524800655357
20757,39.17341883296768,585.1399999997446,1876.0786149671685
20758,39.17341883296768,585.1599999997446,1876.1047493995118
20759,39.17341883296768,585.1799999997446,1876.1308833625203
20760,39.17341883296768,585.1999999997446,1876.1570168561493
20761,39.17341883296768,585.2199999997446,1876.1831498803538
20762,39.17341883296768,585.2399999997446,1876.209282436077
20763,39.17341883296768,585.2599999997445,1876.2354145245342
20764,39.17341883296768,585.2799999997445,1876.2615461457103
20765,39.17341883296768,585.2999999997445,1876.2876772995603
20766,39.17341883296768,585.3199999997445,1876.3138079860394
20767,39.17341883296768,585.3399999997445,1876.3399382051025
20768,39.17341883296768,585.3599999997444,1876.366067956705
20769,39.17341883296768,585.3799999997444,1876.3921972408016
20770,39.17341883296768,585.3999999997444,1876.4183260573477
20771,39.17341883296768,585.4199999997444,1876.4444544062983
20772,39.17341883296768,585.4399999997444,1876.4705822876083
20773,39.17341883296768,585.4599999997444,1876.496709701233
20774,39.17341883296768,585.4799999997443,1876.5228366471272
20775,39.17341883296768,585.4999999997443,1876.5489631252462
20776,39.17341883296768,585.5199999997443,1876.575089135545
20777,39.17341883296768,585.5399999997443,1876.6012146779788
20778,39.17341883296768,585.5599999997443,1876.6273397525024
20779,39.17341883296768,585.5799999997442,1876.653464359071
20780,39.17341883296768,585.5999999997442,1876.6795884976398
20781,39.17341883296768,585.6199999997442,1876.7057121681637
20782,39.17341883296768,585.6399999997442,1876.7318353705978
20783,39.17341883296768,585.6599999997442,1876.7579581048972
20784,39.17341883296768,585.6799999997442,1876.784080371017
20785,39.17341883296768,585.6999999997441,1876.8102021689122
20786,39.17341883296768,585.7199999997441,1876.836323498538
20787,39.17341883296768,585.7399999997441,1876.8624443598494
20788,39.17341883296768,585.7599999997441,1876.8885647528016
20789,39.17341883296768,585.7799999997441,1876.9146846773494
20790,39.17341883296768,585.799999999744,1876.9408041334482
20791,39.17341883296768,585.819999999744,1876.9669231210528
20792,39.17341883296768,585.839999999744,1876.9930416401185
20793,39.17341883296768,585.859999999744,1877.0191596906002
20794,39.17341883296768,585.879999999744,1877.0452772724532
20795,39.17341883296768,585.899999999744,1877.0713943856324
20796,39.17341883296768,585.9199999997439,1877.0975110300928
20797,39.17341883296768,585.9399999997439,1877.1236272057897
20798,39.17341883296768,585.9599999997439,1877.149742912678
20799,39.17341883296768,585.9799999997439,1877.1758581507129
20800,39.17341883296768,585.9999999997439,1877.2019729198494
20801,39.17341883296768,586.0199999997438,1877.2280872200427
20802,39.17341883296768,586.0399999997438,1877.2542010512477
20803,39.17341883296768,586.0599999997438,1877.2803144134195
20804,39.17341883296768,586.0799999997438,1877.3064273065133
20805,39.17341883296768,586.0999999997438,1877.3325397304843
20806,39.17341883296768,586.1199999997438,1877.3586516852874
20807,39.17341883296768,586.1399999997437,1877.3847631708777
20808,39.17341883296768,586.1599999997437,1877.41087418721
20809,39.17341883296768,586.1799999997437,1877.43698473424
20810,39.17341883296768,586.1999999997437,1877.4630948119222
20811,39.17341883296768,586.2199999997437,1877.489204420212
20812,39.17341883296768,586.2399999997436,1877.5153135590645
20813,39.17341883296768,586.2599999997436,1877.5414222296095
20814,39.17341883296768,586.2799999997436,1877.5675304330075
20815,39.17341883296768,586.2999999997436,1877.5936381692175
20816,39.17341883296768,586.3199999997436,1877.6197454381945
20817,39.17341883296768,586.3399999997436,1877.6458522398937
20818,39.17341883296768,586.3599999997435,1877.6719585742703
20819,39.17341883296768,586.3799999997435,1877.6980644412797
20820,39.17341883296768,586.3999999997435,1877.724169840877
20821,39.17341883296768,586.4199999997435,1877.7502747730175
20822,39.17341883296768,586.4399999997435,1877.776379237656
20823,39.17341883296768,586.4599999997434,1877.8024832347483
20824,39.17341883296768,586.4799999997434,1877.8285867642492
20825,39.17341883296768,586.4999999997434,1877.854689826114
20826,39.17341883296768,586.5199999997434,1877.8807924202981
20827,39.17341883296768,586.5399999997434,1877.9068945467566
20828,39.17341883296768,586.5599999997434,1877.9329962054446
20829,39.17341883296768,586.5799999997433,1877.9590973963175
20830,39.17341883296768,586.5999999997433,1877.9851981193306
20831,39.17341883296768,586.6199999997433,1878.0112983744389
20832,39.17341883296768,586.6399999997433,1878.0373981615976
20833,39.17341883296768,586.6599999997433,1878.063497480762
20834,39.17341883296768,586.6799999997432,1878.0895963318872
20835,39.1115917627782,586.6999999997432,1878.1156947149286
20836,39.1115917627782,586.7199999997432,1878.1417926298413
20837,39.1115917627782,586.7399999997432,1878.1678900765805
20838,39.1115917627782,586.7599999997432,1878.1939870551016
20839,39.1115917627782,586.7799999997432,1878.2200835653596
20840,39.1115917627782,586.7999999997431,1878.2461796073098
20841,39.1115917627782,586.8199999997431,1878.2722751809074
20842,39.1115917627782,586.8399999997431,1878.2983702861077
20843,39.1115917627782,586.8599999997431,1878.324464922866
20844,39.1115917627782,586.8799999997431,1878.3505590911373
20845,39.1115917627782,586.899999999743,1878.3766527908767
20846,39.1115917627782,586.919999999743,1878.4027460220398
20847,39.1115917627782,586.939999999743,1878.4288387845816
20848,39.1115917627782,586.959999999743,1878.4549310784573
20849,39.1115917627782,586.979999999743,1878.4810229036223
20850,39.1115917627782,586.999999999743,1878.5071142600316
20851,39.1115917627782,587.0199999997429,1878.5332051476405
20852,39.1115917627782,587.0399999997429,1878.5592955664042
20853,39.1115917627782,587.0599999997429,1878.585385516278
20854,39.1115917627782,587.0799999997429,1878.611474997217
20855,39.1115917627782,587.0999999997429,1878.6375640091767
20856,39.1115917627782,587.1199999997428,1878.6636525521121
20857,39.1115917627782,587.1399999997428,1878.6897406259784
20858,39.1115917627782,587.1599999997428,1878.715828230731
20859,39.1115917627782,587.1799999997428,1878.7419153663247
20860,39.1115917627782,587.1999999997428,1878.7680020327152
20861,39.1115917627782,587.2199999997428,1878.7940882298574
20862,39.1115917627782,587.2399999997427,1878.8201739577066
20863,39.1115917627782,587.2599999997427,1878.8462592162405
20864,39.1115917627782,587.2799999997427,1878.8723440065774
20865,39.1115917627782,587.2999999997427,1878.8984283296356
20866,39.1115917627782,587.3199999997427,1878.9245121853705
20867,39.1115917627782,587.3399999997426,1878.9505955737375
20868,39.1115917627782,587.3599999997426,1878.9766784946917
20869,39.1115917627782,587.3799999997426,1879.0027609481886
20870,39.1115917627782,587.3999999997426,1879.0288429341836
20871,39.1115917627782,587.4199999997426,1879.054924452632
20872,39.1115917627782,587.4399999997426,1879.081005503489
20873,39.1115917627782,587.4599999997425,1879.10708608671
20874,39.1115917627782,587.4799999997425,1879.1331662022508
20875,39.1115917627782,587.4999999997425,1879.159245850066
20876,39.1115917627782,587.5199999997425,1879.1853250301117
20877,39.1115917627782,587.5399999997425,1879.2114037423428
20878,39.1115917627782,587.5599999997424,1879.2374819867148
20879,39.1115917627782,587.5799999997424,1879.263559763183
20880,39.1115917627782,587.5999999997424,1879.2896370717026
20881,39.1115917627782,587.6199999997424,1879.3157139122293
20882,39.1115917627782,587.6399999997424,1879.3417902847182
20883,39.1115917627782,587.6599999997424,1879.3678661891247
20884,39.1115917627782,587.6799999997423,1879.393941625404
20885,39.1115917627782,587.6999999997423,1879.420016593512
20886,39.1115917627782,587.7199999997423,1879.4460910934033
20887,39.1115917627782,587.7399999997423,1879.4721651250338
20888,39.1115917627782,587.7599999997423,1879.4982386883587
20889,39.1115917627782,587.7799999997422,1879.5243117833334
20890,39.1115917627782,587.7999999997422,1879.550384409913
20891,39.1115917627782,587.8199999997422,1879.5764565680531
20892,39.1115917627782,587.8399999997422,1879.602528257709
20893,39.1115917627782,587.8599999997422,1879.6285994788361
20894,39.1115917627782,587.8799999997422,1879.6546702313897
20895,39.1115917627782,587.8999999997421,1879.6807405153252
20896,39.1115917627782,587.9199999997421,1879.7068103305978
20897,39.1115917627782,587.9399999997421,1879.732879677163
20898,39.1115917627782,587.9599999997421,1879.7589485549763
20899,39.1115917627782,587.9799999997421,1879.7850169639928
20900,39.1115917627782,587.999999999742,1879.811084904168
20901,39.1115917627782,588.019999999742,1879.8371523754572
20902,39.1115917627782,588.039999999742,1879.8632193778158
20903,39.1115917627782,588.059999999742,1879.889285911199
20904,39.1115917627782,588.079999999742,1879.9153519755625
20905,39.1115917627782,588.099999999742,1879.9414175708614
20906,39.1115917627782,588.1199999997419,1879.967482697051
20907,39.1115917627782,588.1399999997419,1879.993547354087
20908,39.1115917627782,588.1599999997419,1880.0196115371066
20909,39.1115917627782,588.1799999997419,1880.0456752351568
20910,39.1115917627782,588.1999999997419,1880.0717384475167
20911,39.1115917627782,588.2199999997418,1880.0978011741427
20912,39.1115917627782,588.2399999997418,1880.1238634149906
20913,39.1115917627782,588.2599999997418,1880.149925170017
20914,39.1115917627782,588.2799999997418,1880.1759864392277
20915,39.1115917627782,588.2999999997418,1880.2020472239037
20916,39.1115917627782,588.3199999997418,1880.2281075248768
20917,39.1115917627782,588.3399999997417,1880.2541673421035
20918,39.1115917627782,588.3599999997417,1880.28022667554
20919,39.1115917627782,588.3799999997417,1880.3062855251426
20920,39.1115917627782,588.3999999997417,1880.3323438908676
20921,39.1115917627782,588.4199999997417,1880.3584017726714
20922,39.1115917627782,588.4399999997416,1880.3844591705101
20923,39.1115917627782,588.4599999997416,1880.41051608434
20924,39.1115917627782,588.4799999997416,1880.4365725141176
20925,39.1115917627782,588.4999999997416,1880.4626284597991
20926,39.1115917627782,588.5199999997416,1880.4886839213407
20927,39.1115917627782,588.5399999997416,1880.5147388986989
20928,39.1115917627782,588.5599999997415,1880.5407933918298
20929,39.1115917627782,588.5799999997415,1880.5668474006895
20930,39.1115917627782,588.5999999997415,1880.5929009252347
20931,39.1115917627782,588.6199999997415,1880.6189539654215
20932,39.1115917627782,588.6399999997415,1880.6450065212061
20933,39.1115917627782,588.6599999997414,1880.671058592545
20934,39.1115917627782,588.6799999997414,1880.6971101793945
20935,39.1115917627782,588.6999999997414,1880.7231612817109
20936,39.1115917627782,588.7199999997414,1880.7492118994503
20937,39.1115917627782,588.7399999997414,1880.7752620325691
20938,39.1115917627782,588.7599999997414,1880.8013116810237
20939,39.1115917627782,588.7799999997413,1880.82736084477
20940,39.1115917627782,588.7999999997413,1880.8534095237649
20941,39.1115917627782,588.8199999997413,1880.8794577179642
20942,39.1115917627782,588.8399999997413,1880.9055054273244
20943,39.1115917627782,588.8599999997413,1880.931552651802
20944,39.1115917627782,588.8799999997412,1880.957599391353
20945,39.1115917627782,588.8999999997412,1880.9836456459336
20946,39.1115917627782,588.9199999997412,1881.0096914155004
20947,39.1115917627782,588.9399999997412,1881.0357367000095
20948,39.1115917627782,588.9599999997412,1881.0617814994173
20949,39.1115917627782,588.9799999997412,1881.0878258136802
20950,39.1115917627782,588.9999999997411,1881.1138696427543
20951,39.1115917627782,589.0199999997411,1881.1399129865958
20952,39.1115917627782,589.0399999997411,1881.1659558451615
20953,39.1115917627782,589.0599999997411,1881.1919982184072
20954,39.1115917627782,589.0799999997411,1881.2180401062894
20955,39.1115917627782,589.099999999741,1881.2440815087646
20956,39.1115917627782,589.119999999741,1881.2701224257887
20957,39.1115917627782,589.139999999741,1881.2961628573182
20958,39.1115917627782,589.159999999741,1881.3222028033094
20959,39.1115917627782,589.179999999741,1881.3482422637187
20960,39.1115917627782,589.199999999741,1881.3742812385021
20961,39.1115917627782,589.2199999997409,1881.4003197276163
20962,39.1115917627782,589.2399999997409,1881.4263577310173
20963,39.1115917627782,589.2599999997409,1881.4523952486616
20964,39.1115917627782,589.2799999997409,1881.4784322805053
20965,39.1115917627782,589.2999999997409,1881.5044688265832
20966,39.1115917627782,589.3199999997408,1881.5305048883197
20967,39.1115917627782,589.3399999997408,1881.5565404664333
20968,39.1115917627782,589.3599999997408,1881.58257556088
20969,39.1115917627782,589.3799999997408,1881.6086101716164
20970,39.1115917627782,589.3999999997408,1881.6346442985985
20971,39.1115917627782,589.4199999997408,1881.660677941782
20972,39.1115917627782,589.4399999997407,1881.6867111011236
20973,39.1115917627782,589.4599999997407,1881.7127437765791
20974,39.1115917627782,589.4799999997407,1881.738775968105
20975,39.1115917627782,589.4999999997407,1881.7648076756573
20976,39.1115917627782,589.5199999997407,1881.790838899192
20977,39.1115917627782,589.5399999997406,1881.8168696386654
20978,39.1115917627782,589.5599999997406,1881.8428998940335
20979,39.1115917627782,589.5799999997406,1881.8689296652526
20980,39.1115917627782,589.5999999997406,1881.8949589522788
20981,39.1115917627782,589.6199999997406,1881.9209877550682
20982,39.1115917627782,589.6399999997406,1881.947016073577
20983,39.1115917627782,589.6599999997405,1881.9730439077614
20984,39.1115917627782,589.6799999997405,1881.9990712575775
20985,39.1115917627782,589.6999999997405,1882.0250981229815
20986,39.1115917627782,589.7199999997405,1882.0511245039295
20987,39.1115917627782,589.7399999997405,1882.0771504003776
20988,39.1115917627782,589.7599999997404,1882.103175812282
20989,39.1115917627782,589.7799999997404,1882.129200739599
20990,39.1115917627782,589.7999999997404,1882.1552251822843
20991,39.1115917627782,589.8199999997404,1882.1812491402945
20992,39.1115917627782,589.8399999997404,1882.2072726135857
20993,39.1115917627782,589.8599999997404,1882.233295602114
20994,39.1115917627782,589.8799999997403,1882.2593181058353
20995,39.1115917627782,589.8999999997403,1882.2853401247062
20996,39.1115917627782,589.9199999997403,1882.3113616586825
20997,39.1115917627782,589.9399999997403,1882.3373827077205
20998,39.1115917627782,589.9599999997403,1882.3634032717764
20999,39.1115917627782,589.9799999997402,1882.3894233508063
21000,39.1115917627782,589.9999999997402,1882.4154429447665
21001,39.1115917627782,590.0199999997402,1882.441462053613
21002,39.1115917627782,590.0399999997402,1882.4674806773019
21003,39.1115917627782,590.0599999997402,1882.4934988157893
21004,39.1115917627782,590.0799999997402,1882.5195164690315
21005,39.1115917627782,590.0999999997401,1882.5455336369848
21006,39.1115917627782,590.1199999997401,1882.5715503196052
21007,39.1115917627782,590.1399999997401,1882.5975665168487
21008,39.1115917627782,590.1599999997401,1882.6235822286717
21009,39.1115917627782,590.1799999997401,1882.6495974550303
21010,39.1115917627782,590.19999999974,1882.6756121958806
21011,39.1115917627782,590.21999999974,1882.7016264511788
21012,39.1115917627782,590.23999999974,1882.727640220881
21013,39.1115917627782,590.25999999974,1882.7536535049437
21014,39.1115917627782,590.27999999974,1882.7796663033225
21015,39.04992715685957,590.29999999974,1882.8056786159739
21016,39.04992715685957,590.3199999997399,1882.8316904429569
21017,39.04992715685957,590.3399999997399,1882.8577017857642
21018,39.04992715685957,590.3599999997399,1882.8837126449628
21019,39.04992715685957,590.3799999997399,1882.9097230205093
21020,39.04992715685957,590.3999999997399,1882.9357329123607
21021,39.04992715685957,590.4199999997398,1882.9617423204736
21022,39.04992715685957,590.4399999997398,1882.9877512448047
21023,39.04992715685957,590.4599999997398,1883.013759685311
21024,39.04992715685957,590.4799999997398,1883.0397676419493
21025,39.04992715685957,590.4999999997398,1883.0657751146764
21026,39.04992715685957,590.5199999997398,1883.091782103449
21027,39.04992715685957,590.5399999997397,1883.117788608224
21028,39.04992715685957,590.5599999997397,1883.143794628958
21029,39.04992715685957,590.5799999997397,1883.1698001656077
21030,39.04992715685957,590.5999999997397,1883.1958052181303
21031,39.04992715685957,590.6199999997397,1883.2218097864825
21032,39.04992715685957,590.6399999997396,1883.2478138706208
21033,39.04992715685957,590.6599999997396,1883.2738174705023
21034,39.04992715685957,590.6799999997396,1883.2998205860836
21035,39.04992715685957,590.6999999997396,1883.3258232173216
21036,39.04992715685957,590.7199999997396,1883.351825364173
21037,39.04992715685957,590.7399999997396,1883.3778270265946
21038,39.04992715685957,590.7599999997395,1883.4038282045433
21039,39.04992715685957,590.7799999997395,1883.4298288979758
21040,39.04992715685957,590.7999999997395,1883.455829106849
21041,39.04992715685957,590.8199999997395,1883.4818288311196
21042,39.04992715685957,590.8399999997395,1883.5078280707444
21043,39.04992715685957,590.8599999997394,1883.5338268256803
21044,39.04992715685957,590.8799999997394,1883.559825095884
21045,39.04992715685957,590.8999999997394,1883.5858228813122
21046,39.04992715685957,590.9199999997394,1883.611820181922
21047,39.04992715685957,590.9399999997394,1883.63781699767
21048,39.04992715685957,590.9599999997394,1883.6638133285128
21049,39.04992715685957,590.9799999997393,1883.6898091744074
21050,39.04992715685957,590.9999999997393,1883.7158045353108
21051,39.04992715685957,591.0199999997393,1883.7417994111795
21052,39.04992715685957,591.0399999997393,1883.7677938019704
21053,39.04992715685957,591.0599999997393,1883.7937877076401
21054,39.04992715685957,591.0799999997392,1883.819781128146
21055,39.04992715685957,591.0999999997392,1883.8457740634442
21056,39.04992715685957,591.1199999997392,1883.8717665134918
21057,39.04992715685957,591.1399999997392,1883.8977584782456
21058,39.04992715685957,591.1599999997392,1883.9237499576625
21059,39.04992715685957,591.1799999997392,1883.9497409516991
21060,39.04992715685957,591.1999999997391,1883.9757314603123
21061,39.04992715685957,591.2199999997391,1884.001721483459
21062,39.04992715685957,591.2399999997391,1884.027711021096
21063,39.04992715685957,591.2599999997391,1884.0537000731797
21064,39.04992715685957,591.2799999997391,1884.0796886396674
21065,39.04992715685957,591.299999999739,1884.1056767205157
21066,39.04992715685957,591.319999999739,1884.1316643156813
21067,39.04992715685957,591.339999999739,1884.1576514252454
21068,39.04992715685957,591.359999999739,1884.1836380507414
21069,39.04992715685957,591.379999999739,1884.2096241925842
21070,39.04992715685957,591.399999999739,1884.2356098507305
21071,39.04992715685957,591.4199999997389,1884.2615950251368
21072,39.04992715685957,591.4399999997389,1884.2875797157599
21073,39.04992715685957,591.4599999997389,1884.3135639225563
21074,39.04992715685957,591.4799999997389,1884.3395476454828
21075,39.04992715685957,591.4999999997389,1884.3655308844957
21076,39.04992715685957,591.5199999997388,1884.391513639552
21077,39.04992715685957,591.5399999997388,1884.417495910608
21078,39.04992715685957,591.5599999997388,1884.4434776976207
21079,39.04992715685957,591.5799999997388,1884.4694590005465
21080,39.04992715685957,591.5999999997388,1884.495439819342
21081,39.04992715685957,591.6199999997388,1884.5214201539638
21082,39.04992715685957,591.6399999997387,1884.547400004369
21083,39.04992715685957,591.6599999997387,1884.5733793705135
21084,39.04992715685957,591.6799999997387,1884.5993582523545
21085,39.04992715685957,591.6999999997387,1884.6253366498484
21086,39.04992715685957,591.7199999997387,1884.651314562952
21087,39.04992715685957,591.7399999997386,1884.6772919916216
21088,39.04992715685957,591.7599999997386,1884.703268935814
21089,39.04992715685957,591.7799999997386,1884.729245395486
21090,39.04992715685957,591.7999999997386,1884.7552213705942
21091,39.04992715685957,591.8199999997386,1884.781196861095
21092,39.04992715685957,591.8399999997386,1884.807171866945
21093,39.04992715685957,591.8599999997385,1884.8331463881013
21094,39.04992715685957,591.8799999997385,1884.8591204245201
21095,39.04992715685957,591.8999999997385,1884.8850939761583
21096,39.04992715685957,591.9199999997385,1884.9110670429723
21097,39.04992715685957,591.9399999997385,1884.937039624919
21098,39.04992715685957,591.9599999997384,1884.9630117219547
21099,39.04992715685957,591.9799999997384,1884.9889833340362
21100,39.04992715685957,591.9999999997384,1885.0149544611204
21101,39.04992715685957,592.0199999997384,1885.0409251031635
21102,39.04992715685957,592.0399999997384,1885.0668952601225
21103,39.04992715685957,592.0599999997384,1885.0928649319537
21104,39.04992715685957,592.0799999997383,1885.1188341186141
21105,39.04992715685957,592.0999999997383,1885.14480282006
21106,39.04992715685957,592.1199999997383,1885.1707710362482
21107,39.04992715685957,592.1399999997383,1885.1967387671355
21108,39.04992715685957,592.1599999997383,1885.2227060126781
21109,39.04992715685957,592.1799999997382,1885.248672772833
21110,39.04992715685957,592.1999999997382,1885.274639047557
21111,39.04992715685957,592.2199999997382,1885.3006048368063
21112,39.04992715685957,592.2399999997382,1885.3265701405378
21113,39.04992715685957,592.2599999997382,1885.352534958708
21114,39.04992715685957,592.2799999997382,1885.3784992912738
21115,39.04992715685957,592.2999999997381,1885.4044631381914
21116,39.04992715685957,592.3199999997381,1885.430426499418
21117,39.04992715685957,592.3399999997381,1885.4563893749098
21118,39.04992715685957,592.3599999997381,1885.4823517647783
21119,39.04992715685957,592.3799999997381,1885.5083136707137
21120,39.04992715685957,592.399999999738,1885.5342750930147
21121,39.04992715685957,592.419999999738,1885.5602360316382
21122,39.04992715685957,592.439999999738,1885.5861964865408
21123,39.04992715685957,592.459999999738,1885.612156457679
21124,39.04992715685957,592.479999999738,1885.63811594501
21125,39.04992715685957,592.499999999738,1885.6640749484902
21126,39.04992715685957,592.5199999997379,1885.6900334680765
21127,39.04992715685957,592.5399999997379,1885.7159915037257
21128,39.04992715685957,592.5599999997379,1885.7419490553943
21129,39.04992715685957,592.5799999997379,1885.7679061230392
21130,39.04992715685957,592.5999999997379,1885.7938627066171
21131,39.04992715685957,592.6199999997378,1885.8198188060846
21132,39.04992715685957,592.6399999997378,1885.8457744213988
21133,39.04992715685957,592.6599999997378,1885.8717295525162
21134,39.04992715685957,592.6799999997378,1885.8976841993936
21135,39.04992715685957,592.6999999997378,1885.9236383619875
21136,39.04992715685957,592.7199999997378,1885.949592040255
21137,39.04992715685957,592.7399999997377,1885.9755452341528
21138,39.04992715685957,592.7599999997377,1886.0014979436373
21139,39.04992715685957,592.7799999997377,1886.0274501686656
21140,39.04992715685957,592.7999999997377,1886.0534019091942
21141,39.04992715685957,592.8199999997377,1886.07935316518
21142,39.04992715685957,592.8399999997376,1886.1053039365797
21143,39.04992715685957,592.8599999997376,1886.1312542233502
21144,39.04992715685957,592.8799999997376,1886.157204025448
21145,39.04992715685957,592.8999999997376,1886.1831533428299
21146,39.04992715685957,592.9199999997376,1886.2091021754527
21147,39.04992715685957,592.9399999997376,1886.235050523273
21148,39.04992715685957,592.9599999997375,1886.2609983862478
21149,39.04992715685957,592.9799999997375,1886.2869457643337
21150,39.04992715685957,592.9999999997375,1886.3128926574875
21151,39.04992715685957,593.0199999997375,1886.3388390656658
21152,39.04992715685957,593.0399999997375,1886.3647849888255
21153,39.04992715685957,593.0599999997374,1886.3907304269233
21154,39.04992715685957,593.0799999997374,1886.416675379916
21155,39.04992715685957,593.0999999997374,1886.44261984776
21156,39.04992715685957,593.1199999997374,1886.4685638304124
21157,39.04992715685957,593.1399999997374,1886.49450732783
21158,39.04992715685957,593.1599999997374,1886.5204503399693
21159,39.04992715685957,593.1799999997373,1886.5463928667873
21160,39.04992715685957,593.1999999997373,1886.5723349082405
21161,39.04992715685957,593.2199999997373,1886.5982764642858
21162,39.04992715685957,593.2399999997373,1886.62421753488
21163,39.04992715685957,593.2599999997373,1886.6501581199798
21164,39.04992715685957,593.2799999997372,1886.6760982195417
21165,39.04992715685957,593.2999999997372,1886.7020378335228
21166,39.04992715685957,593.3199999997372,1886.7279769618797
21167,39.04992715685957,593.3399999997372,1886.753915604569
21168,39.04992715685957,593.3599999997372,1886.7798537615479
21169,39.04992715685957,593.3799999997372,1886.805791432962
21170,39.04992715685957,593.3999999997371,1886.8317286206923
21171,39.04992715685957,593.4199999997371,1886.8576653249156
21172,39.04992715685957,593.4399999997371,1886.8836015455888
21173,39.04992715685957,593.4599999997371,1886.909537282669
21174,39.04992715685957,593.4799999997371,1886.9354725361127
21175,39.04992715685957,593.499999999737,1886.9614073058772
21176,39.04992715685957,593.519999999737,1886.987341591919
21177,39.04992715685957,593.539999999737,1887.013275394195
21178,39.04992715685957,593.559999999737,1887.0392087126622
21179,39.04992715685957,593.579999999737,1887.0651415472776
21180,39.04992715685957,593.599999999737,1887.0910738979978
21181,39.04992715685957,593.6199999997369,1887.1170057647798
21182,39.04992715685957,593.6399999997369,1887.1429371475806
21183,39.04992715685957,593.6599999997369,1887.1688680463567
21184,39.04992715685957,593.6799999997369,1887.1947984610651
21185,39.04992715685957,593.6999999997369,1887.220728391663
21186,39.04992715685957,593.7199999997368,1887.246657838107
21187,39.04992715685957,593.7399999997368,1887.272586800354
21188,39.04992715685957,593.7599999997368,1887.2985152783608
21189,39.04992715685957,593.7799999997368,1887.3244432720844
21190,39.04992715685957,593.7999999997368,1887.3503707814816
21191,38.988424418164335,593.8199999997368,1887.3762978065092
21192,38.988424418164335,593.8399999997367,1887.402224347124
21193,38.988424418164335,593.8599999997367,1887.428150403283
21194,38.988424418164335,593.8799999997367,1887.4540759749434
21195,38.988424418164335,593.8999999997367,1887.4800010620615
21196,38.988424418164335,593.9199999997367,1887.5059256645945
21197,38.988424418164335,593.9399999997366,1887.5318497824992
21198,38.988424418164335,593.9599999997366,1887.5577734157325
21199,38.988424418164335,593.9799999997366,1887.5836965642513
21200,38.988424418164335,593.9999999997366,1887.6096192280124
21201,38.988424418164335,594.0199999997366,1887.6355414069728
21202,38.988424418164335,594.0399999997366,1887.6614631010893
21203,38.988424418164335,594.0599999997365,1887.6873843103187
21204,38.988424418164335,594.0799999997365,1887.7133050346179
21205,38.988424418164335,594.0999999997365,1887.7392252739437
21206,38.988424418164335,594.1199999997365,1887.765145028253
21207,38.988424418164335,594.1399999997365,1887.791064297503
21208,38.988424418164335,594.1599999997364,1887.8169830816503
21209,38.988424418164335,594.1799999997364,1887.8429013806517
21210,38.988424418164335,594.1999999997364,1887.8688191944643
21211,38.988424418164335,594.2199999997364,1887.894736523045
21212,38.988424418164335,594.2399999997364,1887.9206533663503
21213,38.988424418164335,594.2599999997364,1887.9465697243375
21214,38.988424418164335,594.2799999997363,1887.9724855969632
21215,38.988424418164335,594.2999999997363,1887.9984009841844
21216,38.988424418164335,594.3199999997363,1888.024315885958
21217,38.988424418164335,594.3399999997363,1888.0502303022408
21218,38.988424418164335,594.3599999997363,1888.0761442329897
21219,38.988424418164335,594.3799999997362,1888.1020576781616
21220,38.988424418164335,594.3999999997362,1888.1279706379896
21221,38.988424418164335,594.4199999997362,1888.1538831141029
21222,38.988424418164335,594.4399999997362,1888.1797951066135
21223,38.988424418164335,594.4599999997362,1888.2057066154784
21224,38.988424418164335,594.4799999997362,1888.231617640655
21225,38.988424418164335,594.4999999997361,1888.2575281820998
21226,38.988424418164335,594.5199999997361,1888.28343823977
21227,38.988424418164335,594.5399999997361,1888.3093478136227
21228,38.988424418164335,594.5599999997361,1888.3352569036147
21229,38.988424418164335,594.5799999997361,1888.361165509703
21230,38.988424418164335,594.599999999736,1888.3870736318445
21231,38.988424418164335,594.619999999736,1888.4129812699964
21232,38.988424418164335,594.639999999736,1888.4388884241157
21233,38.988424418164335,594.659999999736,1888.4647950941594
21234,38.988424418164335,594.679999999736,1888.4907012800843
21235,38.988424418164335,594.699999999736,1888.5166069818474
21236,38.988424418164335,594.7199999997359,1888.5425121994058
21237,38.988424418164335,594.7399999997359,1888.5684169327164
21238,38.988424418164335,594.7599999997359,1888.5943211817364
21239,38.988424418164335,594.7799999997359,1888.6202249464227
21240,38.988424418164335,594.7999999997359,1888.6461282267323
21241,38.988424418164335,594.8199999997358,1888.6720310226221
21242,38.988424418164335,594.8399999997358,1888.6979333340491
21243,38.988424418164335,594.8599999997358,1888.7238351609703
21244,38.988424418164335,594.8799999997358,1888.7497365033428
21245,38.988424418164335,594.8999999997358,1888.7756373611235
21246,38.988424418164335,594.9199999997358,1888.8015377342695
21247,38.988424418164335,594.9399999997357,1888.8274376227375
21248,38.988424418164335,594.9599999997357,1888.853337026485
21249,38.988424418164335,594.9799999997357,1888.8792359454685
21250,38.988424418164335,594.9999999997357,1888.9051343796452
21251,38.988424418164335,595.0199999997357,1888.9310323289722
21252,38.988424418164335,595.0399999997356,1888.9569297934063
21253,38.988424418164335,595.0599999997356,1888.9828267729047
21254,38.988424418164335,595.0799999997356,1889.008723267424
21255,38.988424418164335,595.0999999997356,1889.0346192769218
21256,38.988424418164335,595.1199999997356,1889.0605148013547
21257,38.988424418164335,595.1399999997356,1889.0864098406796
21258,38.988424418164335,595.1599999997355,1889.112304394854
21259,38.988424418164335,595.1799999997355,1889.1381984638344
21260,38.988424418164335,595.1999999997355,1889.164092047578
21261,38.988424418164335,595.2199999997355,1889.1899851460416
21262,38.988424418164335,595.2399999997355,1889.2158777591826
21263,38.988424418164335,595.2599999997354,1889.2417698869576
21264,38.988424418164335,595.2799999997354,1889.267661529324
21265,38.988424418164335,595.2999999997354,1889.2935526862384
21266,38.988424418164335,595.3199999997354,1889.319443357658
21267,38.988424418164335,595.3399999997354,1889.3453335435397
21268,38.988424418164335,595.3599999997354,1889.3712232438406
21269,38.988424418164335,595.3799999997353,1889.3971124585178
21270,38.988424418164335,595.3999999997353,1889.4230011875281
21271,38.988424418164335,595.4199999997353,1889.4488894312478
21272,38.988424418164335,595.4399999997353,1889.4747771912812
21273,38.988424418164335,595.4599999997353,1889.5006644677217
21274,38.988424418164335,595.4799999997352,1889.5265512605265
21275,38.988424418164335,595.4999999997352,1889.5524375696527
21276,38.988424418164335,595.5199999997352,1889.5783233950574
21277,38.988424418164335,595.5399999997352,1889.6042087366977
21278,38.988424418164335,595.5599999997352,1889.6300935945308
21279,38.988424418164335,595.5799999997352,1889.6559779685135
21280,38.988424418164335,595.5999999997351,1889.6818618586033
21281,38.988424418164335,595.6199999997351,1889.707745264757
21282,38.988424418164335,595.6399999997351,1889.7336281869318
21283,38.988424418164335,595.6599999997351,1889.7595106250847
21284,38.988424418164335,595.6799999997351,1889.7853925791728
21285,38.988424418164335,595.699999999735,1889.8112740491533
21286,38.988424418164335,595.719999999735,1889.8371550349832
21287,38.988424418164335,595.739999999735,1889.8630355366197
21288,38.988424418164335,595.759999999735,1889.8889155540198
21289,38.988424418164335,595.779999999735,1889.9147950871406
21290,38.988424418164335,595.799999999735,1889.9406741359394
21291,38.988424418164335,595.8199999997349,1889.966552700373
21292,38.988424418164335,595.8399999997349,1889.9924307803988
21293,38.988424418164335,595.8599999997349,1890.0183083716804
21294,38.988424418164335,595.8799999997349,1890.0441854625324
21295,38.988424418164335,595.8999999997349,1890.0700620520959
21296,38.988424418164335,595.9199999997348,1890.0959381403288
21297,38.988424418164335,595.9399999997348,1890.1218137271892
21298,38.988424418164335,595.9599999997348,1890.147688812635
21299,38.988424418164335,595.9799999997348,1890.1735633966239
21300,38.988424418164335,595.9999999997348,1890.1994374791143
21301,38.988424418164335,596.0199999997348,1890.225311060064
21302,38.988424418164335,596.0399999997347,1890.251184139431
21303,38.988424418164335,596.0599999997347,1890.277056717173
21304,38.988424418164335,596.0799999997347,1890.3029287932484
21305,38.988424418164335,596.0999999997347,1890.328800367615
21306,38.988424418164335,596.1199999997347,1890.3546714402307
21307,38.988424418164335,596.1399999997346,1890.3805420110536
21308,38.988424418164335,596.1599999997346,1890.4064120800415
21309,38.988424418164335,596.1799999997346,1890.4322816471524
21310,38.988424418164335,596.1999999997346,1890.4581507123444
21311,38.988424418164335,596.2199999997346,1890.4840192755755
21312,38.988424418164335,596.2399999997346,1890.5098873368036
21313,38.988424418164335,596.2599999997345,1890.5357548959867
21314,38.988424418164335,596.2799999997345,1890.5616219530825
21315,38.988424418164335,596.2999999997345,1890.5874885080493
21316,38.988424418164335,596.3199999997345,1890.613354560845
21317,38.988424418164335,596.3399999997345,1890.6392201114277
21318,38.988424418164335,596.3599999997344,1890.665085159755
21319,38.988424418164335,596.3799999997344,1890.6909497057854
21320,38.988424418164335,596.3999999997344,1890.7168137494764
21321,38.988424418164335,596.4199999997344,1890.742677290786
21322,38.988424418164335,596.4399999997344,1890.768540330236
21323,38.988424418164335,596.4599999997344,1890.7944028693669
21324,38.988424418164335,596.4799999997343,1890.82026490825
21325,38.988424418164335,596.4999999997343,1890.8461264468433
21326,38.988424418164335,596.5199999997343,1890.8719874851045
21327,38.988424418164335,596.5399999997343,1890.8978480229914
21328,38.988424418164335,596.5599999997343,1890.9237080604619
21329,38.988424418164335,596.5799999997342,1890.9495675974738
21330,38.988424418164335,596.5999999997342,1890.9754266339849
21331,38.988424418164335,596.6199999997342,1891.001285169953
21332,38.988424418164335,596.6399999997342,1891.027143205336
21333,38.988424418164335,596.6599999997342,1891.0530007400916
21334,38.988424418164335,596.6799999997342,1891.0788577741778
21335,38.988424418164335,596.6999999997341,1891.1047143075523
21336,38.988424418164335,596.7199999997341,1891.130570340173
21337,38.988424418164335,596.7399999997341,1891.1564258719977
21338,38.988424418164335,596.7599999997341,1891.1822809029843
21339,38.988424418164335,596.7799999997341,1891.2081354330903
21340,38.988424418164335,596.799999999734,1891.233989462274
21341,38.988424418164335,596.819999999734,1891.2598429904929
21342,38.988424418164335,596.839999999734,1891.2856960177048
21343,38.988424418164335,596.859999999734,1891.3115485438677
21344,38.988424418164335,596.879999999734,1891.3374005689393
21345,38.988424418164335,596.899999999734,1891.3632520928775
21346,38.988424418164335,596.9199999997339,1891.3891031156402
21347,38.988424418164335,596.9399999997339,1891.4149536371851
21348,38.988424418164335,596.9599999997339,1891.44080365747
21349,38.988424418164335,596.9799999997339,1891.4666531764528
21350,38.988424418164335,596.9999999997339,1891.4925021940915
21351,38.988424418164335,597.0199999997338,1891.5183507103436
21352,38.988424418164335,597.0399999997338,1891.5441987251672
21353,38.988424418164335,597.0599999997338,1891.57004623852
21354,38.988424418164335,597.0799999997338,1891.59589325036
21355,38.988424418164335,597.0999999997338,1891.6217397606447
21356,38.988424418164335,597.1199999997337,1891.6475857693322
21357,38.988424418164335,597.1399999997337,1891.6734312763801
21358,38.988424418164335,597.1599999997337,1891.6992762817465
21359,38.988424418164335,597.1799999997337,1891.725120785389
21360,38.988424418164335,597.1999999997337,1891.7509647872655
21361,38.988424418164335,597.2199999997337,1891.776808287334
21362,38.988424418164335,597.2399999997336,1891.8026512855522
21363,38.988424418164335,597.2599999997336,1891.828493781878
21364,38.988424418164335,597.2799999997336,1891.8543357762692
21365,38.988424418164335,597.2999999997336,1891.8801772686836
21366,38.988424418164335,597.3199999997336,1891.906018259079
21367,38.988424418164335,597.3399999997335,1891.9318587474133
21368,38.988424418164335,597.3599999997335,1891.9576987336443
21369,38.988424418164335,597.3799999997335,1891.9835382177298
21370,38.988424418164335,597.3999999997335,1892.0093771996278
21371,38.988424418164335,597.4199999997335,1892.035215679296
21372,38.92708295246312,597.4399999997335,1892.0610536566921
21373,38.92708295246312,597.4599999997334,1892.0868911324533
21374,38.92708295246312,597.4799999997334,1892.1127281079775
21375,38.92708295246312,597.4999999997334,1892.138564583308
21376,38.92708295246312,597.5199999997334,1892.1644005584028
21377,38.92708295246312,597.5399999997334,1892.1902360332208
21378,38.92708295246312,597.5599999997333,1892.2160710077203
21379,38.92708295246312,597.5799999997333,1892.2419054818597
21380,38.92708295246312,597.5999999997333,1892.2677394555976
21381,38.92708295246312,597.6199999997333,1892.2935729288924
21382,38.92708295246312,597.6399999997333,1892.3194059017028
21383,38.92708295246312,597.6599999997333,1892.345238373987
21384,38.92708295246312,597.6799999997332,1892.3710703457036
21385,38.92708295246312,597.6999999997332,1892.3969018168111
21386,38.92708295246312,597.7199999997332,1892.422732787268
21387,38.92708295246312,597.7399999997332,1892.4485632570327
21388,38.92708295246312,597.7599999997332,1892.4743932260637
21389,38.92708295246312,597.7799999997331,1892.5002226943195
21390,38.92708295246312,597.7999999997331,1892.5260516617586
21391,38.92708295246312,597.8199999997331,1892.5518801283395
21392,38.92708295246312,597.8399999997331,1892.5777080940206
21393,38.92708295246312,597.8599999997331,1892.6035355587605
21394,38.92708295246312,597.8799999997331,1892.6293625225178
21395,38.92708295246312,597.899999999733,1892.6551889852506
21396,38.92708295246312,597.919999999733,1892.6810149469177
21397,38.92708295246312,597.939999999733,1892.7068404074773
21398,38.92708295246312,597.959999999733,1892.7326653668883
21399,38.92708295246312,597.979999999733,1892.7584898251089
21400,38.92708295246312,597.999999999733,1892.7843137820976
21401,38.92708295246312,598.0199999997329,1892.810137237813
21402,38.92708295246312,598.0399999997329,1892.8359601922134
21403,38.92708295246312,598.0599999997329,1892.8617826452576
21404,38.92708295246312,598.0799999997329,1892.8876045969037
21405,38.92708295246312,598.0999999997329,1892.9134260471103
21406,38.92708295246312,598.1199999997328,1892.9392469958361
21407,38.92708295246312,598.1399999997328,1892.9650674430395
21408,38.92708295246312,598.1599999997328,1892.9908873886789
21409,38.92708295246312,598.1799999997328,1893.0167068327128
21410,38.92708295246312,598.1999999997328,1893.0425257750999
21411,38.92708295246312,598.2199999997327,1893.0683442157983
21412,38.92708295246312,598.2399999997327,1893.0941621547668
21413,38.92708295246312,598.2599999997327,1893.1199795919638
21414,38.92708295246312,598.2799999997327,1893.1457965273478
21415,38.92708295246312,598.2999999997327,1893.1716129608774
21416,38.92708295246312,598.3199999997327,1893.197428892511
21417,38.92708295246312,598.3399999997326,1893.223244322207
21418,38.92708295246312,598.3599999997326,1893.249059249924
21419,38.92708295246312,598.3799999997326,1893.2748736756203
21420,38.92708295246312,598.3999999997326,1893.3006875992546
21421,38.92708295246312,598.4199999997326,1893.3265010207854
21422,38.92708295246312,598.4399999997325,1893.3523139401711
21423,38.92708295246312,598.4599999997325,1893.3781263573703
21424,38.92708295246312,598.4799999997325,1893.4039382731166
21425,38.92708295246312,598.4999999997325,1893.4297496886488
21426,38.92708295246312,598.5199999997325,1893.4555606039812
21427,38.92708295246312,598.5399999997325,1893.4813710190722
21428,38.92708295246312,598.5599999997324,1893.5071809338801
21429,38.92708295246312,598.5799999997324,1893.5329903483632
21430,38.92708295246312,598.5999999997324,1893.5587992624799
21431,38.92708295246312,598.6199999997324,1893.5846076761884
21432,38.92708295246312,598.6399999997324,1893.610415589447
21433,38.92708295246312,598.6599999997323,1893.6362230022144
21434,38.92708295246312,598.6799999997323,1893.6620299144483
21435,38.92708295246312,598.6999999997323,1893.6878363261076
21436,38.92708295246312,598.7199999997323,1893.7136422371502
21437,38.92708295246312,598.7399999997323,1893.7394476475347
21438,38.92708295246312,598.7599999997323,1893.7652525572194
21439,38.92708295246312,598.7799999997322,1893.7910569661624
21440,38.92708295246312,598.7999999997322,1893.8168608743224
21441,38.92708295246312,598.8199999997322,1893.8426642816573
21442,38.92708295246312,598.8399999997322,1893.8684671881258
21443,38.92708295246312,598.8599999997322,1893.894269593686
21444,38.92708295246312,598.8799999997321,1893.9200714982962
21445,38.92708295246312,598.8999999997321,1893.945872901915
21446,38.92708295246312,598.9199999997321,1893.9716738045006
21447,38.92708295246312,598.9399999997321,1893.9974742060112
21448,38.92708295246312,598.9599999997321,1894.0232741064053
21449,38.92708295246312,598.9799999997321,1894.0490735056412
21450,38.92708295246312,598.999999999732,1894.074872403677
21451,38.92708295246312,599.019999999732,1894.1006708004713
21452,38.92708295246312,599.039999999732,1894.1264686959823
21453,38.92708295246312,599.059999999732,1894.1522660901685
21454,38.92708295246312,599.079999999732,1894.178062982988
21455,38.92708295246312,599.099999999732,1894.2038593743991
21456,38.92708295246312,599.1199999997319,1894.2296552643604
21457,38.92708295246312,599.1399999997319,1894.2554506528302
21458,38.92708295246312,599.1599999997319,1894.2812455397666
21459,38.92708295246312,599.1799999997319,1894.307039925128
21460,38.92708295246312,599.1999999997319,1894.332833808873
21461,38.92708295246312,599.2199999997318,1894.3586271909596
21462,38.92708295246312,599.2399999997318,1894.3844200713463
21463,38.92708295246312,599.2599999997318,1894.4102124499914
21464,38.92708295246312,599.2799999997318,1894.4360043268532
21465,38.92708295246312,599.2999999997318,1894.4617957018902
21466,38.92708295246312,599.3199999997317,1894.4875865750605
21467,38.92708295246312,599.3399999997317,1894.5133769463228
21468,38.92708295246312,599.3599999997317,1894.539166815635
21469,38.92708295246312,599.3799999997317,1894.5649561829557
21470,38.92708295246312,599.3999999997317,1894.5907450482432
21471,38.92708295246312,599.4199999997317,1894.6165334114557
21472,38.92708295246312,599.4399999997316,1894.6423212725517
21473,38.92708295246312,599.4599999997316,1894.6681086314895
21474,38.92708295246312,599.4799999997316,1894.6938954882273
21475,38.92708295246312,599.4999999997316,1894.7196818436541
21476,38.92708295246312,599.5199999997316,1894.7454676989494
21477,38.92708295246312,599.5399999997315,1894.7712530541035
21478,38.92708295246312,599.5599999997315,1894.797037909075
21479,38.92708295246312,599.5799999997315,1894.8228222638222
21480,38.92708295246312,599.5999999997315,1894.8486061183037
21481,38.92708295246312,599.6199999997315,1894.8743894724778
21482,38.92708295246312,599.6399999997315,1894.900172326303
21483,38.92708295246312,599.6599999997314,1894.9259546797377
21484,38.92708295246312,599.6799999997314,1894.9517365327404
21485,38.92708295246312,599.6999999997314,1894.9775178852694
21486,38.92708295246312,599.7199999997314,1895.003298737283
21487,38.92708295246312,599.7399999997314,1895.02907908874
21488,38.92708295246312,599.7599999997313,1895.0548589395985
21489,38.92708295246312,599.7799999997313,1895.0806382898172
21490,38.92708295246312,599.7999999997313,1895.1064171393543
21491,38.92708295246312,599.8199999997313,1895.1321954881685
21492,38.92708295246312,599.8399999997313,1895.1579733362178
21493,38.92708295246312,599.8599999997313,1895.1837506834609
21494,38.92708295246312,599.8799999997312,1895.2095275298564
21495,38.92708295246312,599.8999999997312,1895.2353038753624
21496,38.92708295246312,599.9199999997312,1895.2610797199375
21497,38.92708295246312,599.9399999997312,1895.28685506354
21498,38.92708295246312,599.9599999997312,1895.3126299061287
21499,38.92708295246312,599.9799999997311,1895.3384042476616
21500,38.92708295246312,599.9999999997311,1895.3641780880973
21501,38.92708295246312,600.0199999997311,1895.3899514273942
21502,38.92708295246312,600.0399999997311,1895.4157242655108
21503,38.92708295246312,600.0599999997311,1895.4414966024056
21504,38.92708295246312,600.0799999997311,1895.4672684380369
21505,38.92708295246312,600.099999999731,1895.493039772363
21506,38.92708295246312,600.119999999731,1895.5188106053427
21507,38.92708295246312,600.139999999731,1895.5445809369342
21508,38.92708295246312,600.159999999731,1895.5703507670958
21509,38.92708295246312,600.179999999731,1895.596120095786
21510,38.92708295246312,600.199999999731,1895.6218889229635
21511,38.92708295246312,600.2199999997309,1895.6476572485867
21512,38.92708295246312,600.2399999997309,1895.6734250726138
21513,38.92708295246312,600.2599999997309,1895.6991923950034
21514,38.92708295246312,600.2799999997309,1895.7249592157139
21515,38.92708295246312,600.2999999997309,1895.7507255347036
21516,38.92708295246312,600.3199999997308,1895.776491351931
21517,38.92708295246312,600.3399999997308,1895.8022566673549
21518,38.92708295246312,600.3599999997308,1895.828021480933
21519,38.92708295246312,600.3799999997308,1895.8537857926244
21520,38.92708295246312,600.3999999997308,1895.8795496023874
21521,38.92708295246312,600.4199999997307,1895.9053129101803
21522,38.92708295246312,600.4399999997307,1895.9310757159617
21523,38.92708295246312,600.4599999997307,1895.9568380196897
21524,38.92708295246312,600.4799999997307,1895.982599821323
21525,38.92708295246312,600.4999999997307,1896.0083611208202
21526,38.92708295246312,600.5199999997307,1896.0341219192483
21527,38.92708295246312,600.5399999997306,1896.059882217736
21528,38.92708295246312,600.5599999997306,1896.0856420162488
21529,38.92708295246312,600.5799999997306,1896.111401314745
21530,38.92708295246312,600.5999999997306,1896.1371601131832
21531,38.92708295246312,600.6199999997306,1896.162918411522
21532,38.92708295246312,600.6399999997305,1896.18867620972
21533,38.92708295246312,600.6599999997305,1896.2144335077353
21534,38.92708295246312,600.6799999997305,1896.2401903055268
21535,38.92708295246312,600.6999999997305,1896.265946603053
21536,38.92708295246312,600.7199999997305,1896.2917024002722
21537,38.92708295246312,600.7399999997305,1896.3174576971433
21538,38.92708295246312,600.7599999997304,1896.3432124936246
21539,38.92708295246312,600.7799999997304,1896.3689667896747
21540,38.92708295246312,600.7999999997304,1896.3947205852521
21541,38.92708295246312,600.8199999997304,1896.4204738803153
21542,38.92708295246312,600.8399999997304,1896.4462266748228
21543,38.92708295246312,600.8599999997303,1896.4719789687333
21544,38.92708295246312,600.8799999997303,1896.4977307620052
21545,38.92708295246312,600.8999999997303,1896.523482054597
21546,38.92708295246312,600.9199999997303,1896.5492328464672
21547,38.92708295246312,600.9399999997303,1896.5749831375745
21548,38.92708295246312,600.9599999997303,1896.6007329278773
21549,38.865902168328354,600.9799999997302,1896.6264822173341
21550,38.865902168328354,600.9999999997302,1896.6522310059036
21551,38.865902168328354,601.0199999997302,1896.6779792935442
21552,38.865902168328354,601.0399999997302,1896.7037270802145
21553,38.865902168328354,601.0599999997302,1896.729474365873
21554,38.865902168328354,601.0799999997301,1896.7552211504783
21555,38.865902168328354,601.0999999997301,1896.7809674339887
21556,38.865902168328354,601.1199999997301,1896.806713216363
21557,38.865902168328354,601.1399999997301,1896.8324584975599
21558,38.865902168328354,601.1599999997301,1896.8582032775375
21559,38.865902168328354,601.1799999997301,1896.8839475562545
21560,38.865902168328354,601.19999999973,1896.9096913336693
21561,38.865902168328354,601.21999999973,1896.9354346097407
21562,38.865902168328354,601.23999999973,1896.9611773844272
21563,38.865902168328354,601.25999999973,1896.9869196576872
21564,38.865902168328354,601.27999999973,1897.0126614294793
21565,38.865902168328354,601.29999999973,1897.0384026997622
21566,38.865902168328354,601.3199999997299,1897.0641434684942
21567,38.865902168328354,601.3399999997299,1897.0898837356337
21568,38.865902168328354,601.3599999997299,1897.1156235011397
21569,38.865902168328354,601.3799999997299,1897.1413627649704
21570,38.865902168328354,601.3999999997299,1897.1671015270845
21571,38.865902168328354,601.4199999997298,1897.1928397874403
21572,38.865902168328354,601.4399999997298,1897.2185775459966
21573,38.865902168328354,601.4599999997298,1897.2443148027119
21574,38.865902168328354,601.4799999997298,1897.2700515575448
21575,38.865902168328354,601.4999999997298,1897.2957878104537
21576,38.865902168328354,601.5199999997297,1897.3215235614152
21577,38.865902168328354,601.5399999997297,1897.3472588114907
21578,38.865902168328354,601.5599999997297,1897.372993561578
21579,38.865902168328354,601.5799999997297,1897.3987278116356
21580,38.865902168328354,601.5999999997297,1897.4244615616221
21581,38.865902168328354,601.6199999997297,1897.4501948114962
21582,38.865902168328354,601.6399999997296,1897.4759275612164
21583,38.865902168328354,601.6599999997296,1897.5016598107416
21584,38.865902168328354,601.6799999997296,1897.52739156003
21585,38.865902168328354,601.6999999997296,1897.5531228090406
21586,38.865902168328354,601.7199999997296,1897.5788535577317
21587,38.865902168328354,601.7399999997295,1897.6045838060622
21588,38.865902168328354,601.7599999997295,1897.6303135539906
21589,38.865902168328354,601.7799999997295,1897.6560428014755
21590,38.865902168328354,601.7999999997295,1897.6817715484756
21591,38.865902168328354,601.8199999997295,1897.7074997949494
21592,38.865902168328354,601.8399999997295,1897.7332275408558
21593,38.865902168328354,601.8599999997294,1897.758954786153
21594,38.865902168328354,601.8799999997294,1897.7846815307998
21595,38.865902168328354,601.8999999997294,1897.810407774755
21596,38.865902168328354,601.9199999997294,1897.836133517977
21597,38.865902168328354,601.9399999997294,1897.8618587604246
21598,38.865902168328354,601.9599999997293,1897.8875835020565
21599,38.865902168328354,601.9799999997293,1897.913307742831
21600,38.865902168328354,601.9999999997293,1897.939031482707
21601,38.865902168328354,602.0199999997293,1897.9647547216427
21602,38.865902168328354,602.0399999997293,1897.9904774595973
21603,38.865902168328354,602.0599999997293,1898.0161996965292
21604,38.865902168328354,602.0799999997292,1898.041921432397
21605,38.865902168328354,602.0999999997292,1898.0676426671591
21606,38.865902168328354,602.1199999997292,1898.0933634007745
21607,38.865902168328354,602.1399999997292,1898.1190836332016
21608,38.865902168328354,602.1599999997292,1898.1448033643992
21609,38.865902168328354,602.1799999997291,1898.1705225943258
21610,38.865902168328354,602.1999999997291,1898.19624132294
21611,38.865902168328354,602.2199999997291,1898.2219595502006
21612,38.865902168328354,602.2399999997291,1898.247677276066
21613,38.865902168328354,602.2599999997291,1898.2733945004952
21614,38.865902168328354,602.2799999997291,1898.2991112234465
21615,38.865902168328354,602.299999999729,1898.3248274448786
21616,38.865902168328354,602.319999999729,1898.35054316475
21617,38.865902168328354,602.339999999729,1898.3762583830196
21618,38.865902168328354,602.359999999729,1898.4019730996458
21619,38.865902168328354,602.379999999729,1898.4276873145875
21620,38.865902168328354,602.399999999729,1898.4534010278032
21621,38.865902168328354,602.4199999997289,1898.4791142392514
21622,38.865902168328354,602.4399999997289,1898.504826948891
21623,38.865902168328354,602.4599999997289,1898.5305391566803
21624,38.865902168328354,602.4799999997289,1898.5562508625783
21625,38.865902168328354,602.4999999997289,1898.5819620665434
21626,38.865902168328354,602.5199999997288,1898.6076727685343
21627,38.865902168328354,602.5399999997288,1898.6333829685539
21628,38.865902168328354,602.5599999997288,1898.6590926678177
21629,38.865902168328354,602.5799999997288,1898.684801867141
21630,38.865902168328354,602.5999999997288,1898.7105105664823
21631,38.865902168328354,602.6199999997287,1898.7362187658005
21632,38.865902168328354,602.6399999997287,1898.761926465054
21633,38.865902168328354,602.6599999997287,1898.787633664202
21634,38.865902168328354,602.6799999997287,1898.813340363203
21635,38.865902168328354,602.6999999997287,1898.8390465620157
21636,38.865902168328354,602.7199999997287,1898.8647522605988
21637,38.865902168328354,602.7399999997286,1898.8904574589112
21638,38.865902168328354,602.7599999997286,1898.9161621569115
21639,38.865902168328354,602.7799999997286,1898.9418663545582
21640,38.865902168328354,602.7999999997286,1898.9675700518105
21641,38.865902168328354,602.8199999997286,1898.9932732486268
21642,38.865902168328354,602.8399999997285,1899.0189759449659
21643,38.865902168328354,602.8599999997285,1899.0446781407866
21644,38.865902168328354,602.8799999997285,1899.0703798360476
21645,38.865902168328354,602.8999999997285,1899.0960810307074
21646,38.865902168328354,602.9199999997285,1899.121781724725
21647,38.865902168328354,602.9399999997285,1899.1474819180592
21648,38.865902168328354,602.9599999997284,1899.1731816106685
21649,38.865902168328354,602.9799999997284,1899.1988808025117
21650,38.865902168328354,602.9999999997284,1899.2245794935475
21651,38.865902168328354,603.0199999997284,1899.2502776837348
21652,38.865902168328354,603.0399999997284,1899.2759753730322
21653,38.865902168328354,603.0599999997283,1899.3016725613984
21654,38.865902168328354,603.0799999997283,1899.3273692487921
21655,38.865902168328354,603.0999999997283,1899.3530654351723
21656,38.865902168328354,603.1199999997283,1899.3787611204975
21657,38.865902168328354,603.1399999997283,1899.4044563047264
21658,38.865902168328354,603.1599999997283,1899.4301509878178
21659,38.865902168328354,603.1799999997282,1899.4558451697305
21660,38.865902168328354,603.1999999997282,1899.4815388504232
21661,38.865902168328354,603.2199999997282,1899.5072320298548
21662,38.865902168328354,603.2399999997282,1899.5329247079837
21663,38.865902168328354,603.2599999997282,1899.5586168847688
21664,38.865902168328354,603.2799999997281,1899.584308560169
21665,38.865902168328354,603.2999999997281,1899.6099997341425
21666,38.865902168328354,603.3199999997281,1899.6356904066486
21667,38.865902168328354,603.3399999997281,1899.6613805776458
21668,38.865902168328354,603.3599999997281,1899.6870702470928
21669,38.865902168328354,603.379999999728,1899.7127594149486
21670,38.865902168328354,603.399999999728,1899.7384480811718
21671,38.865902168328354,603.419999999728,1899.764136245721
21672,38.865902168328354,603.439999999728,1899.789823908555
21673,38.865902168328354,603.459999999728,1899.8155110696327
21674,38.865902168328354,603.479999999728,1899.8411977289127
21675,38.865902168328354,603.499999999728,1899.8668838863537
21676,38.865902168328354,603.5199999997279,1899.8925695419146
21677,38.865902168328354,603.5399999997279,1899.918254695554
21678,38.865902168328354,603.5599999997279,1899.9439393473015
21679,38.865902168328354,603.5799999997279,1899.9696234984929
21680,38.865902168328354,603.5999999997279,1899.995307149826
21681,38.865902168328354,603.6199999997278,1900.0209902953336
21682,38.865902168328354,603.6399999997278,1900.0466729243783
21683,38.865902168328354,603.6599999997278,1900.0723550364007
21684,38.865902168328354,603.6799999997278,1900.0980366313606
21685,38.865902168328354,603.6999999997278,1900.1237177092175
21686,38.865902168328354,603.7199999997277,1900.1493982699315
21687,38.865902168328354,603.7399999997277,1900.1750783134619
21688,38.865902168328354,603.7599999997277,1900.2007578397686
21689,38.865902168328354,603.7799999997277,1900.226436848811
21690,38.865902168328354,603.7999999997277,1900.2521153405494
21691,38.865902168328354,603.8199999997277,1900.277793314943
21692,38.865902168328354,603.8399999997276,1900.3034707719514
21693,38.865902168328354,603.8599999997276,1900.3291477115347
21694,38.865902168328354,603.8799999997276,1900.3548241336523
21695,38.865902168328354,603.8999999997276,1900.380500038264
21696,38.865902168328354,603.9199999997276,1900.4061754253296
21697,38.865902168328354,603.9399999997275,1900.4318502948086
21698,38.865902168328354,603.9599999997275,1900.4575246466607
21699,38.865902168328354,603.9799999997275,1900.4831984808457
21700,38.865902168328354,603.9999999997275,1900.5088717973233
21701,38.865902168328354,604.0199999997275,1900.5345445960531
21702,38.865902168328354,604.0399999997275,1900.5602168769951
21703,38.865902168328354,604.0599999997274,1900.5858886401088
21704,38.865902168328354,604.0799999997274,1900.6115598853537
21705,38.865902168328354,604.0999999997274,1900.6372306126898
21706,38.865902168328354,604.1199999997274,1900.6629008220766
21707,38.865902168328354,604.1399999997274,1900.688570513474
21708,38.865902168328354,604.1599999997273,1900.7142396868414
21709,38.865902168328354,604.1799999997273,1900.7399083421387
21710,38.865902168328354,604.1999999997273,1900.7655764793255
21711,38.865902168328354,604.2199999997273,1900.7912440983616
21712,38.865902168328354,604.2399999997273,1900.8169111992067
21713,38.865902168328354,604.2599999997273,1900.8425777818206
21714,38.865902168328354,604.2799999997272,1900.8682438461628
21715,38.865902168328354,604.2999999997272,1900.893909392193
21716,38.865902168328354,604.3199999997272,1900.9195744198712
21717,38.865902168328354,604.3399999997272,1900.9452389291569
21718,38.865902168328354,604.3599999997272,1900.9709029200096
21719,38.865902168328354,604.3799999997271,1900.9965663923895
21720,38.865902168328354,604.3999999997271,1901.022229346256
21721,38.865902168328354,604.4199999997271,1901.0478917815688
21722,38.865902168328354,604.4399999997271,1901.0735536982875
21723,38.865902168328354,604.4599999997271,1901.099215096372
21724,38.865902168328354,604.479999999727,1901.124875975782
21725,38.865902168328354,604.499999999727,1901.1505363364772
21726,38.865902168328354,604.519999999727,1901.176196178417
21727,38.865902168328354,604.539999999727,1901.2018555015616
21728,38.865902168328354,604.559999999727,1901.2275143058703
21729,38.865902168328354,604.579999999727,1901.253172591401
21730,38.865902168328354,604.599999999727,1901.2788303596105
21731,38.865902168328354,604.6199999997269,1901.3044876110764
21732,38.80488147711813,604.6399999997269,1901.3301443457588
21733,38.80488147711813,604.6599999997269,1901.3558005636175
21734,38.80488147711813,604.6799999997269,1901.3814562646128
21735,38.80488147711813,604.6999999997269,1901.4071114487047
21736,38.80488147711813,604.7199999997268,1901.432766115853
21737,38.80488147711813,604.7399999997268,1901.4584202660178
21738,38.80488147711813,604.7599999997268,1901.4840738991593
21739,38.80488147711813,604.7799999997268,1901.5097270152373
21740,38.80488147711813,604.7999999997268,1901.5353796142122
21741,38.80488147711813,604.8199999997267,1901.5610316960435
21742,38.80488147711813,604.8399999997267,1901.5866832606916
21743,38.80488147711813,604.8599999997267,1901.6123343081167
21744,38.80488147711813,604.8799999997267,1901.6379848382785
21745,38.80488147711813,604.8999999997267,1901.6636348511372
21746,38.80488147711813,604.9199999997267,1901.6892843466528
21747,38.80488147711813,604.9399999997266,1901.7149333247853
21748,38.80488147711813,604.9599999997266,1901.740581785495
21749,38.80488147711813,604.9799999997266,1901.7662297287413
21750,38.80488147711813,604.9999999997266,1901.7918771544848
21751,38.80488147711813,605.0199999997266,1901.8175240626856
21752,38.80488147711813,605.0399999997265,1901.8431704533034
21753,38.80488147711813,605.0599999997265,1901.8688163262984
21754,38.80488147711813,605.0799999997265,1901.8944616816307
21755,38.80488147711813,605.0999999997265,1901.9201065192601
21756,38.80488147711813,605.1199999997265,1901.945750839147
21757,38.80488147711813,605.1399999997265,1901.9713946412512
21758,38.80488147711813,605.1599999997264,1901.9970379255328
21759,38.80488147711813,605.1799999997264,1902.0226806919518
21760,38.80488147711813,605.1999999997264,1902.0483229404683
21761,38.80488147711813,605.2199999997264,1902.0739646710424
21762,38.80488147711813,605.2399999997264,1902.099605883634
21763,38.80488147711813,605.2599999997263,1902.1252465782034
21764,38.80488147711813,605.2799999997263,1902.1508867547102
21765,38.80488147711813,605.2999999997263,1902.1765264131147
21766,38.80488147711813,605.3199999997263,1902.2021655533772
21767,38.80488147711813,605.3399999997263,1902.2278041754573
21768,38.80488147711813,605.3599999997263,1902.2534422793153
21769,38.80488147711813,605.3799999997262,1902.2790798649114
21770,38.80488147711813,605.3999999997262,1902.3047169322053
21771,38.80488147711813,605.4199999997262,1902.3303534811573
21772,38.80488147711813,605.4399999997262,1902.3559895117273
21773,38.80488147711813,605.4599999997262,1902.3816250238754
21774,38.80488147711813,605.4799999997261,1902.4072600175616
21775,38.80488147711813,605.4999999997261,1902.432894492746
21776,38.80488147711813,605.5199999997261,1902.4585284493887
21777,38.80488147711813,605.5399999997261,1902.4841618874498
21778,38.80488147711813,605.5599999997261,1902.5097948068892
21779,38.80488147711813,605.579999999726,1902.535427207667
21780,38.80488147711813,605.599999999726,1902.561059089858
21781,38.80488147711813,605.619999999726,1902.5866904549066
21782,38.80488147711813,605.639999999726,1902.6123213032238
21783,38.80488147711813,605.659999999726,1902.6379516347697
21784,38.80488147711813,605.679999999726,1902.6635814495044
21785,38.80488147711813,605.699999999726,1902.689210747388
21786,38.80488147711813,605.7199999997259,1902.7148395283803
21787,38.80488147711813,605.7399999997259,1902.7404677924412
21788,38.80488147711813,605.7599999997259,1902.766095539531
21789,38.80488147711813,605.7799999997259,1902.7917227696098
21790,38.80488147711813,605.7999999997259,1902.8173494826374
21791,38.80488147711813,605.8199999997258,1902.8429756785738
21792,38.80488147711813,605.8399999997258,1902.8686013573792
21793,38.80488147711813,605.8599999997258,1902.8942265190135
21794,38.80488147711813,605.8799999997258,1902.9198511634368
21795,38.80488147711813,605.8999999997258,1902.945475290609
21796,38.80488147711813,605.9199999997257,1902.9710989004902
21797,38.80488147711813,605.9399999997257,1902.9967219930404
21798,38.80488147711813,605.9599999997257,1903.0223445682198
21799,38.80488147711813,605.9799999997257,1903.0479666259882
21800,38.80488147711813,605.9999999997257,1903.0735881663059
21801,38.80488147711813,606.0199999997257,1903.0992091891326
21802,38.80488147711813,606.0399999997256,1903.1248296944284
21803,38.80488147711813,606.0599999997256,1903.1504496821535
21804,38.80488147711813,606.0799999997256,1903.1760691522677
21805,38.80488147711813,606.0999999997256,1903.2016881047311
21806,38.80488147711813,606.1199999997256,1903.2273065395038
21807,38.80488147711813,606.1399999997255,1903.252924456546
21808,38.80488147711813,606.1599999997255,1903.2785418558174
21809,38.80488147711813,606.1799999997255,1903.3041587372782
21810,38.80488147711813,606.1999999997255,1903.3297751008884
21811,38.80488147711813,606.2199999997255,1903.355390946608
21812,38.80488147711813,606.2399999997255,1903.3810062743971
21813,38.80488147711813,606.2599999997254,1903.4066210842157
21814,38.80488147711813,606.2799999997254,1903.4322353760238
21815,38.80488147711813,606.2999999997254,1903.4578491497814
21816,38.80488147711813,606.3199999997254,1903.4834624054488
21817,38.80488147711813,606.3399999997254,1903.5090751429857
21818,38.80488147711813,606.3599999997253,1903.5346873623523
21819,38.80488147711813,606.3799999997253,1903.5602990635086
21820,38.80488147711813,606.3999999997253,1903.5859102464146
21821,38.80488147711813,606.4199999997253,1903.6115209110305
21822,38.80488147711813,606.4399999997253,1903.637131057316
21823,38.80488147711813,606.4599999997253,1903.6627406852315
21824,38.80488147711813,606.4799999997252,1903.6883497947367
21825,38.80488147711813,606.4999999997252,1903.713958385792
21826,38.80488147711813,606.5199999997252,1903.739566458357
21827,38.80488147711813,606.5399999997252,1903.7651740123922
21828,38.80488147711813,606.5599999997252,1903.7907810478575
21829,38.80488147711813,606.5799999997251,1903.8163875647128
21830,38.80488147711813,606.5999999997251,1903.8419935629183
21831,38.80488147711813,606.6199999997251,1903.8675990425788
21832,38.80488147711813,606.6399999997251,1903.8932040053044
21833,38.80488147711813,606.6599999997251,1903.9188084513996
21834,38.80488147711813,606.679999999725,1903.9444123808246
21835,38.80488147711813,606.699999999725,1903.9700157935395
21836,38.80488147711813,606.719999999725,1903.9956186895045
21837,38.80488147711813,606.739999999725,1904.0212210686798
21838,38.80488147711813,606.759999999725,1904.0468229310252
21839,38.80488147711813,606.779999999725,1904.0724242765011
21840,38.80488147711813,606.799999999725,1904.0980251050676
21841,38.80488147711813,606.8199999997249,1904.1236254166847
21842,38.80488147711813,606.8399999997249,1904.1492252113128
21843,38.80488147711813,606.8599999997249,1904.1748244889118
21844,38.80488147711813,606.8799999997249,1904.2004232494419
21845,38.80488147711813,606.8999999997249,1904.226021492863
21846,38.80488147711813,606.9199999997248,1904.2516192191356
21847,38.80488147711813,606.9399999997248,1904.2772164282196
21848,38.80488147711813,606.9599999997248,1904.3028131200751
21849,38.80488147711813,606.9799999997248,1904.3284092946624
21850,38.80488147711813,606.9999999997248,1904.3540049519415
21851,38.80488147711813,607.0199999997247,1904.3796000918726
21852,38.80488147711813,607.0399999997247,1904.4051947144158
21853,38.80488147711813,607.0599999997247,1904.4307888195312
21854,38.80488147711813,607.0799999997247,1904.456382407179
21855,38.80488147711813,607.0999999997247,1904.4819754773193
21856,38.80488147711813,607.1199999997247,1904.5075680299121
21857,38.80488147711813,607.1399999997246,1904.5331600649179
21858,38.80488147711813,607.1599999997246,1904.5587515822963
21859,38.80488147711813,607.1799999997246,1904.5843425820078
21860,38.80488147711813,607.1999999997246,1904.6099330640125
21861,38.80488147711813,607.2199999997246,1904.6355230282704
21862,38.80488147711813,607.2399999997245,1904.661112474742
21863,38.80488147711813,607.2599999997245,1904.686701403387
21864,38.80488147711813,607.2799999997245,1904.7122898141656
21865,38.80488147711813,607.2999999997245,1904.737877707038
21866,38.80488147711813,607.3199999997245,1904.7634650819646
21867,38.80488147711813,607.3399999997245,1904.7890519389052
21868,38.80488147711813,607.3599999997244,1904.81463827782
21869,38.80488147711813,607.3799999997244,1904.8402240986693
21870,38.80488147711813,607.3999999997244,1904.8658094014131
21871,38.80488147711813,607.4199999997244,1904.8913941860114
21872,38.80488147711813,607.4399999997244,1904.9169784524247
21873,38.80488147711813,607.4599999997243,1904.9425622006129
21874,38.80488147711813,607.4799999997243,1904.968145430536
21875,38.80488147711813,607.4999999997243,1904.9937281421544
21876,38.80488147711813,607.5199999997243,1905.0193103354281
21877,38.80488147711813,607.5399999997243,1905.0448920103174
21878,38.80488147711813,607.5599999997243,1905.0704731667822
21879,38.80488147711813,607.5799999997242,1905.096053804783
21880,38.80488147711813,607.5999999997242,1905.1216339242796
21881,38.80488147711813,607.6199999997242,1905.1472135252322
21882,38.80488147711813,607.6399999997242,1905.1727926077795
21883,38.80488147711813,607.6599999997242,1905.1983711737162
21884,38.80488147711813,607.6799999997241,1905.2239492232313
21885,38.80488147711813,607.6999999997241,1905.2495267562851
21886,38.80488147711813,607.7199999997241,1905.2751037728378
21887,38.80488147711813,607.7399999997241,1905.3006802728498
21888,38.80488147711813,607.7599999997241,1905.3262562562813
21889,38.80488147711813,607.779999999724,1905.3518317230923
21890,38.80488147711813,607.799999999724,1905.3774066732433
21891,38.80488147711813,607.819999999724,1905.4029811066944
21892,38.80488147711813,607.839999999724,1905.428555023406
21893,38.80488147711813,607.859999999724,1905.4541284233383
21894,38.80488147711813,607.879999999724,1905.4797013064515
21895,38.80488147711813,607.899999999724,1905.5052736727057
21896,38.80488147711813,607.9199999997239,1905.5308455220613
21897,38.80488147711813,607.9399999997239,1905.5564168544786
21898,38.80488147711813,607.9599999997239,1905.5819876699177
21899,38.80488147711813,607.9799999997239,1905.607557968339
21900,38.80488147711813,607.9999999997239,1905.6331277497027
21901,38.80488147711813,608.0199999997238,1905.658697013969
21902,38.80488147711813,608.0399999997238,1905.6842657610982
21903,38.80488147711813,608.0599999997238,1905.7098339910506
21904,38.80488147711813,608.0799999997238,1905.7354017037862
21905,38.80488147711813,608.0999999997238,1905.7609688992654
21906,38.80488147711813,608.1199999997237,1905.7865355774486
21907,38.80488147711813,608.1399999997237,1905.812101738296
21908,38.80488147711813,608.1599999997237,1905.8376673817677
21909,38.80488147711813,608.1799999997237,1905.863232507824
21910,38.7440202929602,608.1999999997237,1905.8887971164252
21911,38.7440202929602,608.2199999997237,1905.9143612075313
21912,38.7440202929602,608.2399999997236,1905.939924781103
21913,38.7440202929602,608.2599999997236,1905.9654878371002
21914,38.7440202929602,608.2799999997236,1905.9910503754834
21915,38.7440202929602,608.2999999997236,1906.0166123962126
21916,38.7440202929602,608.3199999997236,1906.0421738992482
21917,38.7440202929602,608.3399999997235,1906.0677348845504
21918,38.7440202929602,608.3599999997235,1906.0932953520796
21919,38.7440202929602,608.3799999997235,1906.118855301796
21920,38.7440202929602,608.3999999997235,1906.1444147336597
21921,38.7440202929602,608.4199999997235,1906.169973647631
21922,38.7440202929602,608.4399999997235,1906.1955320436703
21923,38.7440202929602,608.4599999997234,1906.2210899217378
21924,38.7440202929602,608.4799999997234,1906.2466472817937
21925,38.7440202929602,608.4999999997234,1906.2722041237982
21926,38.7440202929602,608.5199999997234,1906.2977604477117
21927,38.7440202929602,608.5399999997234,1906.3233162534943
21928,38.7440202929602,608.5599999997233,1906.3488715411065
21929,38.7440202929602,608.5799999997233,1906.3744263105084
21930,38.7440202929602,608.5999999997233,1906.3999805616602
21931,38.7440202929602,608.6199999997233,1906.4255342945223
21932,38.7440202929602,608.6399999997233,1906.451087509055
21933,38.7440202929602,608.6599999997233,1906.476640205468
21934,38.7440202929602,608.6799999997232,1906.502192385339
21935,38.7440202929602,608.6999999997232,1906.5277440487805
21936,38.7440202929602,608.7199999997232,1906.553295195753
21937,38.7440202929602,608.7399999997232,1906.5788458262168
21938,38.7440202929602,608.7599999997232,1906.6043959401322
21939,38.7440202929602,608.7799999997231,1906.6299455374597
21940,38.7440202929602,608.7999999997231,1906.6554946181593
21941,38.7440202929602,608.8199999997231,1906.6810431821918
21942,38.7440202929602,608.8399999997231,1906.7065912295172
21943,38.7440202929602,608.8599999997231,1906.7321387600962
21944,38.7440202929602,608.879999999723,1906.7576857738889
21945,38.7440202929602,608.899999999723,1906.7832322708557
21946,38.7440202929602,608.919999999723,1906.8087782509572
21947,38.7440202929602,608.939999999723,1906.8343237141535
21948,38.7440202929602,608.959999999723,1906.859868660405
21949,38.7440202929602,608.979999999723,1906.885413089672
21950,38.7440202929602,608.999999999723,1906.9109570019152
21951,38.7440202929602,609.0199999997229,1906.9365003970945
21952,38.7440202929602,609.0399999997229,1906.9620432751706
21953,38.7440202929602,609.0599999997229,1906.9875856361036
21954,38.7440202929602,609.0799999997229,1907.0131274798541
21955,38.7440202929602,609.0999999997229,1907.0386688063825
21956,38.7440202929602,609.1199999997228,1907.064209615649
21957,38.7440202929602,609.1399999997228,1907.0897499076139
21958,38.7440202929602,609.1599999997228,1907.1152896822377
21959,38.7440202929602,609.1799999997228,1907.1408289394808
21960,38.7440202929602,609.1999999997228,1907.1663676793034
21961,38.7440202929602,609.2199999997227,1907.1919059016661
21962,38.7440202929602,609.2399999997227,1907.217443606529
21963,38.7440202929602,609.2599999997227,1907.2429807938527
21964,38.7440202929602,609.2799999997227,1907.2685174635974
21965,38.7440202929602,609.2999999997227,1907.2940536157237
21966,38.7440202929602,609.3199999997227,1907.3195892501917
21967,38.7440202929602,609.3399999997226,1907.345124366962
21968,38.7440202929602,609.3599999997226,1907.3706589659948
21969,38.7440202929602,609.3799999997226,1907.3961930472506
21970,38.7440202929602,609.3999999997226,1907.4217266106896
21971,38.7440202929602,609.4199999997226,1907.4472596562723
21972,38.7440202929602,609.4399999997225,1907.472792183959
21973,38.7440202929602,609.4599999997225,1907.49832419371
21974,38.7440202929602,609.4799999997225,1907.5238556854858
21975,38.7440202929602,609.4999999997225,1907.549386659247
21976,38.7440202929602,609.5199999997225,1907.5749171149535
21977,38.7440202929602,609.5399999997225,1907.6004470525659
21978,38.7440202929602,609.5599999997224,1907.6259764720446
21979,38.7440202929602,609.5799999997224,1907.6515053733501
21980,38.7440202929602,609.5999999997224,1907.6770337564426
21981,38.7440202929602,609.6199999997224,1907.7025616212825
21982,38.7440202929602,609.6399999997224,1907.7280889678302
21983,38.7440202929602,609.6599999997223,1907.753615796046
21984,38.7440202929602,609.6799999997223,1907.779142106276
21985,38.7440202929602,609.6999999997223,1907.804667900073
21986,38.7440202929602,609.7199999997223,1907.8301931775316
21987,38.7440202929602,609.7399999997223,1907.8557179386123
21988,38.7440202929602,609.7599999997223,1907.8812421832756
21989,38.7440202929602,609.7799999997222,1907.9067659114821
21990,38.7440202929602,609.7999999997222,1907.932289123192
21991,38.7440202929602,609.8199999997222,1907.957811818366
21992,38.7440202929602,609.8399999997222,1907.9833339969646
21993,38.7440202929602,609.8599999997222,1908.008855658948
21994,38.7440202929602,609.8799999997221,1908.034376804277
21995,38.7440202929602,609.8999999997221,1908.0598974329116
21996,38.7440202929602,609.9199999997221,1908.0854175448126
21997,38.7440202929602,609.9399999997221,1908.1109371399402
21998,38.7440202929602,609.9599999997221,1908.1364562182553
21999,38.7440202929602,609.979999999722,1908.161974779718
22000,38.7440202929602,609.999999999722,1908.1874928242892
22001,38.7440202929602,610.019999999722,1908.213010351929
22002,38.7440202929602,610.039999999722,1908.2385273625978
22003,38.7440202929602,610.059999999722,1908.2640438562562
22004,38.7440202929602,610.079999999722,1908.2895598328646
22005,38.7440202929602,610.099999999722,1908.3150752923837
22006,38.7440202929602,610.1199999997219,1908.3405902347738
22007,38.7440202929602,610.1399999997219,1908.3661046599952
22008,38.7440202929602,610.1599999997219,1908.3916185680087
22009,38.7440202929602,610.1799999997219,1908.4171319587747
22010,38.7440202929602,610.1999999997219,1908.4426448322536
22011,38.7440202929602,610.2199999997218,1908.468157188406
22012,38.7440202929602,610.2399999997218,1908.493669027192
22013,38.7440202929602,610.2599999997218,1908.5191803485725
22014,38.7440202929602,610.2799999997218,1908.5446911525078
22015,38.7440202929602,610.2999999997218,1908.5702014389583
22016,38.7440202929602,610.3199999997217,1908.5957112078845
22017,38.7440202929602,610.3399999997217,1908.621220459247
22018,38.7440202929602,610.3599999997217,1908.6467291930064
22019,38.7440202929602,610.3799999997217,1908.672237409123
22020,38.7440202929602,610.3999999997217,1908.6977451075572
22021,38.7440202929602,610.4199999997217,1908.7232522882696
22022,38.7440202929602,610.4399999997216,1908.7487589512205
22023,38.7440202929602,610.4599999997216,1908.7742650963705
22024,38.7440202929602,610.4799999997216,1908.79977072368
22025,38.7440202929602,610.4999999997216,1908.8252758331096
22026,38.7440202929602,610.5199999997216,1908.8507804246196
22027,38.7440202929602,610.5399999997215,1908.876284498171
22028,38.7440202929602,610.5599999997215,1908.9017880537235
22029,38.7440202929602,610.5799999997215,1908.9272910912382
22030,38.7440202929602,610.5999999997215,1908.9527936106754
22031,38.7440202929602,610.6199999997215,1908.9782956119955
22032,38.7440202929602,610.6399999997215,1909.003797095159
22033,38.7440202929602,610.6599999997214,1909.0292980601264
22034,38.7440202929602,610.6799999997214,1909.054798506858
22035,38.7440202929602,610.6999999997214,1909.0802984358268
22036,38.7440202929602,610.7199999997214,1909.105797848491
22037,38.7440202929602,610.7399999997214,1909.1312967449207
22038,38.7440202929602,610.7599999997213,1909.1567951250765
22039,38.7440202929602,610.7799999997213,1909.182292988919
22040,38.7440202929602,610.7999999997213,1909.2077903364088
22041,38.7440202929602,610.8199999997213,1909.2332871675062
22042,38.7440202929602,610.8399999997213,1909.2587834821718
22043,38.7440202929602,610.8599999997213,1909.284279280366
22044,38.7440202929602,610.8799999997212,1909.3097745620496
22045,38.7440202929602,610.8999999997212,1909.3352693271827
22046,38.7440202929602,610.9199999997212,1909.360763575726
22047,38.7440202929602,610.9399999997212,1909.38625730764
22048,38.7440202929602,610.9599999997212,1909.4117505228855
22049,38.7440202929602,610.9799999997211,1909.4372432214227
22050,38.7440202929602,610.9999999997211,1909.462735403212
22051,38.7440202929602,611.0199999997211,1909.4882270682142
22052,38.7440202929602,611.0399999997211,1909.5137182163896
22053,38.7440202929602,611.0599999997211,1909.5392088476988
22054,38.7440202929602,611.079999999721,1909.5646989621023
22055,38.7440202929602,611.099999999721,1909.5901885595606
22056,38.7440202929602,611.119999999721,1909.6156776400342
22057,38.7440202929602,611.139999999721,1909.6411662034836
22058,38.7440202929602,611.159999999721,1909.6666542498695
22059,38.7440202929602,611.179999999721,1909.6921417791523
22060,38.7440202929602,611.199999999721,1909.7176287912923
22061,38.7440202929602,611.2199999997209,1909.7431152862503
22062,38.7440202929602,611.2399999997209,1909.7686012639867
22063,38.7440202929602,611.2599999997209,1909.7940867244622
22064,38.7440202929602,611.2799999997209,1909.819571667637
22065,38.7440202929602,611.2999999997209,1909.8450560934718
22066,38.7440202929602,611.3199999997208,1909.870540001927
22067,38.7440202929602,611.3399999997208,1909.8960233929636
22068,38.7440202929602,611.3599999997208,1909.9215062665414
22069,38.7440202929602,611.3799999997208,1909.9469886226213
22070,38.7440202929602,611.3999999997208,1909.9724704611638
22071,38.7440202929602,611.4199999997207,1909.9979517821293
22072,38.7440202929602,611.4399999997207,1910.0234325779893
22073,38.7440202929602,611.4599999997207,1910.0489128391305
22074,38.7440202929602,611.4799999997207,1910.0743925652826
22075,38.7440202929602,611.4999999997207,1910.099871756407
22076,38.7440202929602,611.5199999997207,1910.1253504124657
22077,38.7440202929602,611.5399999997206,1910.1508285334198
22078,38.7440202929602,611.5599999997206,1910.1763061192312
22079,38.7440202929602,611.5799999997206,1910.201783169861
22080,38.7440202929602,611.5999999997206,1910.2272596852713
22081,38.7440202929602,611.6199999997206,1910.2527356654232
22082,38.7440202929602,611.6399999997205,1910.2782111102783
22083,38.7440202929602,611.6599999997205,1910.3036860197983
22084,38.7440202929602,611.6799999997205,1910.3291603939447
22085,38.7440202929602,611.6999999997205,1910.3546342326788
22086,38.7440202929602,611.7199999997205,1910.3801075366246
22087,38.7440202929602,611.7399999997205,1910.405580307197
22088,38.7440202929602,611.7599999997204,1910.4310525444455
22089,38.7440202929602,611.7799999997204,1910.4565242483318
22090,38.7440202929602,611.7999999997204,1910.4819954188176
22091,38.7440202929602,611.8199999997204,1910.5074660558648
22092,38.7440202929602,611.8399999997204,1910.5329361594347
22093,38.7440202929602,611.8599999997203,1910.5584057294893
22094,38.683318032736075,611.8799999997203,1910.58387476599
22095,38.683318032736075,611.8999999997203,1910.6093432688986
22096,38.683318032736075,611.9199999997203,1910.6348112381768
22097,38.683318032736075,611.9399999997203,1910.6602786737863
22098,38.683318032736075,611.9599999997203,1910.6857455756885
22099,38.683318032736075,611.9799999997202,1910.7112119438455
22100,38.683318032736075,611.9999999997202,1910.7366777782186
22101,38.683318032736075,612.0199999997202,1910.7621430787697
22102,38.683318032736075,612.0399999997202,1910.7876078454603
22103,38.683318032736075,612.0599999997202,1910.8130720782522
22104,38.683318032736075,612.0799999997201,1910.838535777107
22105,38.683318032736075,612.0999999997201,1910.8639989419864
22106,38.683318032736075,612.1199999997201,1910.8894615728523
22107,38.683318032736075,612.1399999997201,1910.914923669666
22108,38.683318032736075,612.1599999997201,1910.9403852323894
22109,38.683318032736075,612.17999999972,1910.965846260984
22110,38.683318032736075,612.19999999972,1910.9913067554116
22111,38.683318032736075,612.21999999972,1911.0167667156338
22112,38.683318032736075,612.23999999972,1911.0422261416124
22113,38.683318032736075,612.25999999972,1911.067685033309
22114,38.683318032736075,612.27999999972,1911.0931433906853
22115,38.683318032736075,612.29999999972,1911.118601213703
22116,38.683318032736075,612.3199999997199,1911.1440585023238
22117,38.683318032736075,612.3399999997199,1911.1695152565094
22118,38.683318032736075,612.3599999997199,1911.1949714762213
22119,38.683318032736075,612.3799999997199,1911.2204271614214
22120,38.683318032736075,612.3999999997199,1911.2458823120712
22121,38.683318032736075,612.4199999997198,1911.2713369281325
22122,38.683318032736075,612.4399999997198,1911.296791009567
22123,38.683318032736075,612.4599999997198,1911.322244556336
22124,38.683318032736075,612.4799999997198,1911.3476975684018
22125,38.683318032736075,612.4999999997198,1911.3731500457257
22126,38.683318032736075,612.5199999997197,1911.3986019882693
22127,38.683318032736075,612.5399999997197,1911.4240533959946
22128,38.683318032736075,612.5599999997197,1911.4495042688632
22129,38.683318032736075,612.5799999997197,1911.4749546068367
22130,38.683318032736075,612.5999999997197,1911.5004044098769
22131,38.683318032736075,612.6199999997197,1911.5258536779452
22132,38.683318032736075,612.6399999997196,1911.5513024110035
22133,38.683318032736075,612.6599999997196,1911.5767506090135
22134,38.683318032736075,612.6799999997196,1911.602198271937
22135,38.683318032736075,612.6999999997196,1911.6276453997355
22136,38.683318032736075,612.7199999997196,1911.6530919923707
22137,38.683318032736075,612.7399999997195,1911.6785380505198
22138,38.683318032736075,612.7599999997195,1911.7039835753642
22139,38.683318032736075,612.7799999997195,1911.7294285669213
22140,38.683318032736075,612.7999999997195,1911.754873025153
22141,38.683318032736075,612.8199999997195,1911.7803169500212
22142,38.683318032736075,612.8399999997195,1911.8057603414875
22143,38.683318032736075,612.8599999997194,1911.8312031995138
22144,38.683318032736075,612.8799999997194,1911.8566455240618
22145,38.683318032736075,612.8999999997194,1911.8820873150935
22146,38.683318032736075,612.9199999997194,1911.9075285725703
22147,38.683318032736075,612.9399999997194,1911.9329692964543
22148,38.683318032736075,612.9599999997193,1911.958409486707
22149,38.683318032736075,612.9799999997193,1911.9838491432906
22150,38.683318032736075,612.9999999997193,1912.0092882661665
22151,38.683318032736075,613.0199999997193,1912.0347268552969
22152,38.683318032736075,613.0399999997193,1912.0601649106432
22153,38.683318032736075,613.0599999997193,1912.0856024321672
22154,38.683318032736075,613.0799999997192,1912.1110394198308
22155,38.683318032736075,613.0999999997192,1912.1364758735958
22156,38.683318032736075,613.1199999997192,1912.161911793424
22157,38.683318032736075,613.1399999997192,1912.1873471792771
22158,38.683318032736075,613.1599999997192,1912.212782031117
22159,38.683318032736075,613.1799999997191,1912.2382163489053
22160,38.683318032736075,613.1999999997191,1912.263650132604
22161,38.683318032736075,613.2199999997191,1912.2890833821748
22162,38.683318032736075,613.2399999997191,1912.3145160975796
22163,38.683318032736075,613.2599999997191,1912.33994827878
22164,38.683318032736075,613.279999999719,1912.365379925738
22165,38.683318032736075,613.299999999719,1912.390811038415
22166,38.683318032736075,613.319999999719,1912.4162416167733
22167,38.683318032736075,613.339999999719,1912.4416716607743
22168,38.683318032736075,613.359999999719,1912.46710117038
22169,38.683318032736075,613.379999999719,1912.492530145552
22170,38.683318032736075,613.399999999719,1912.5179585862525
22171,38.683318032736075,613.4199999997189,1912.5433864924428
22172,38.683318032736075,613.4399999997189,1912.568813864085
22173,38.683318032736075,613.4599999997189,1912.594240701141
22174,38.683318032736075,613.4799999997189,1912.6196670035722
22175,38.683318032736075,613.4999999997189,1912.6450927713406
22176,38.683318032736075,613.5199999997188,1912.670518004408
22177,38.683318032736075,613.5399999997188,1912.6959427027361
22178,38.683318032736075,613.5599999997188,1912.721366866287
22179,38.683318032736075,613.5799999997188,1912.7467904950224
22180,38.683318032736075,613.5999999997188,1912.772213588904
22181,38.683318032736075,613.6199999997187,1912.7976361478934
22182,38.683318032736075,613.6399999997187,1912.8230581719527
22183,38.683318032736075,613.6599999997187,1912.8484796610435
22184,38.683318032736075,613.6799999997187,1912.8739006151277
22185,38.683318032736075,613.6999999997187,1912.899321034167
22186,38.683318032736075,613.7199999997187,1912.9247409181235
22187,38.683318032736075,613.7399999997186,1912.9501602669586
22188,38.683318032736075,613.7599999997186,1912.9755790815102
22189,38.683318032736075,613.7799999997186,1913.000997362923
22190,38.683318032736075,613.7999999997186,1913.0264151111935
22191,38.683318032736075,613.8199999997186,1913.0518323262831
22192,38.683318032736075,613.8399999997185,1913.077249008154
22193,38.683318032736075,613.8599999997185,1913.1026651567681
22194,38.683318032736075,613.8799999997185,1913.1280807720873
22195,38.683318032736075,613.8999999997185,1913.1534958540733
22196,38.683318032736075,613.9199999997185,1913.1789104026882
22197,38.683318032736075,613.9399999997185,1913.2043244178938
22198,38.683318032736075,613.9599999997184,1913.2297378996518
22199,38.683318032736075,613.9799999997184,1913.2551508479244
22200,38.683318032736075,613.9999999997184,1913.2805632626735
22201,38.683318032736075,614.0199999997184,1913.3059751438607
22202,38.683318032736075,614.0399999997184,1913.331386491448
22203,38.683318032736075,614.0599999997183,1913.3567973053975
22204,38.683318032736075,614.0799999997183,1913.382207585671
22205,38.683318032736075,614.0999999997183,1913.4076173322303
22206,38.683318032736075,614.1199999997183,1913.4330265450374
22207,38.683318032736075,614.1399999997183,1913.4584352240543
22208,38.683318032736075,614.1599999997183,1913.4838433692425
22209,38.683318032736075,614.1799999997182,1913.5092509805643
22210,38.683318032736075,614.1999999997182,1913.5346580579815
22211,38.683318032736075,614.2199999997182,1913.560064601456
22212,38.683318032736075,614.2399999997182,1913.5854706109494
22213,38.683318032736075,614.2599999997182,1913.610876086424
22214,38.683318032736075,614.2799999997181,1913.6362810278417
22215,38.683318032736075,614.2999999997181,1913.6616854351641
22216,38.683318032736075,614.3199999997181,1913.6870893083535
22217,38.683318032736075,614.3399999997181,1913.7124926473714
22218,38.683318032736075,614.3599999997181,1913.73789545218
22219,38.683318032736075,614.379999999718,1913.763297722741
22220,38.683318032736075,614.399999999718,1913.7886994590165
22221,38.683318032736075,614.419999999718,1913.8141006609683
22222,38.683318032736075,614.439999999718,1913.8395013285583
22223,38.683318032736075,614.459999999718,1913.8649014617483
22224,38.683318032736075,614.479999999718,1913.8903010605004
22225,38.683318032736075,614.4999999997179,1913.9157001247763
22226,38.683318032736075,614.5199999997179,1913.941098654538
22227,38.683318032736075,614.5399999997179,1913.9664966497476
22228,38.683318032736075,614.5599999997179,1913.9918941103667
22229,38.683318032736075,614.5799999997179,1914.0172910363574
22230,38.683318032736075,614.5999999997179,1914.0426874276816
22231,38.683318032736075,614.6199999997178,1914.068083284301
22232,38.683318032736075,614.6399999997178,1914.093478606178
22233,38.683318032736075,614.6599999997178,1914.118873393274
22234,38.683318032736075,614.6799999997178,1914.1442676455513
22235,38.683318032736075,614.6999999997178,1914.1696613629715
22236,38.683318032736075,614.7199999997177,1914.1950545454965
22237,38.683318032736075,614.7399999997177,1914.2204471930884
22238,38.683318032736075,614.7599999997177,1914.245839305709
22239,38.683318032736075,614.7799999997177,1914.2712308843684
22240,38.683318032736075,614.7999999997177,1914.2966219301657
22241,38.683318032736075,614.8199999997177,1914.322012443073
22242,38.683318032736075,614.8399999997176,1914.3474024230522
22243,38.683318032736075,614.8599999997176,1914.3727918700654
22244,38.683318032736075,614.8799999997176,1914.3981807840746
22245,38.683318032736075,614.8999999997176,1914.4235691650417
22246,38.683318032736075,614.9199999997176,1914.448957012929
22247,38.683318032736075,614.9399999997175,1914.4743443276982
22248,38.683318032736075,614.9599999997175,1914.4997311093114
22249,38.683318032736075,614.9799999997175,1914.5251173577306
22250,38.683318032736075,614.9999999997175,1914.550503072918
22251,38.683318032736075,615.0199999997175,1914.5758882548355
22252,38.683318032736075,615.0399999997175,1914.601272903445
22253,38.683318032736075,615.0599999997174,1914.6266570187088
22254,38.683318032736075,615.0799999997174,1914.6520406005886
22255,38.683318032736075,615.0999999997174,1914.6774236490464
22256,38.683318032736075,615.1199999997174,1914.7028061640444
22257,38.683318032736075,615.1399999997174,1914.7281881455447
22258,38.683318032736075,615.1599999997173,1914.7535695935092
22259,38.683318032736075,615.1799999997173,1914.7789505079
22260,38.683318032736075,615.1999999997173,1914.8043308886788
22261,38.683318032736075,615.2199999997173,1914.829710735808
22262,38.683318032736075,615.2399999997173,1914.8550900492494
22263,38.683318032736075,615.2599999997173,1914.8804688289651
22264,38.683318032736075,615.2799999997172,1914.9058470749171
22265,38.683318032736075,615.2999999997172,1914.9312247870675
22266,38.683318032736075,615.3199999997172,1914.9566019653782
22267,38.683318032736075,615.3399999997172,1914.9819786098114
22268,38.683318032736075,615.3599999997172,1915.007354720329
22269,38.683318032736075,615.3799999997171,1915.032730296893
22270,38.683318032736075,615.3999999997171,1915.0581053394656
22271,38.683318032736075,615.4199999997171,1915.0834798480084
22272,38.683318032736075,615.4399999997171,1915.108853822484
22273,38.683318032736075,615.4599999997171,1915.134227262854
22274,38.62277411606522,615.479999999717,1915.1596001690805
22275,38.62277411606522,615.499999999717,1915.1849725411257
22276,38.62277411606522,615.519999999717,1915.2103443789515
22277,38.62277411606522,615.539999999717,1915.2357156825199
22278,38.62277411606522,615.559999999717,1915.2610864517928
22279,38.62277411606522,615.579999999717,1915.2864566867327
22280,38.62277411606522,615.5999999997169,1915.3118263873012
22281,38.62277411606522,615.6199999997169,1915.3371955534603
22282,38.62277411606522,615.6399999997169,1915.3625641851722
22283,38.62277411606522,615.6599999997169,1915.387932282399
22284,38.62277411606522,615.6799999997169,1915.4132998451028
22285,38.62277411606522,615.6999999997169,1915.4386668732452
22286,38.62277411606522,615.7199999997168,1915.4640333667887
22287,38.62277411606522,615.7399999997168,1915.489399325695
22288,38.62277411606522,615.7599999997168,1915.5147647499264
22289,38.62277411606522,615.7799999997168,1915.540129639459
22290,38.62277411606522,615.7999999997168,1915.5654939953024
22291,38.62277411606522,615.8199999997167,1915.5908578183357
22292,38.62277411606522,615.8399999997167,1915.6162211085214
22293,38.62277411606522,615.8599999997167,1915.6415838658215
22294,38.62277411606522,615.8799999997167,1915.6669460901983
22295,38.62277411606522,615.8999999997167,1915.6923077816139
22296,38.62277411606522,615.9199999997167,1915.7176689400303
22297,38.62277411606522,615.9399999997166,1915.7430295654099
22298,38.62277411606522,615.9599999997166,1915.7683896577146
22299,38.62277411606522,615.9799999997166,1915.7937492169065
22300,38.62277411606522,615.9999999997166,1915.8191082429478
22301,38.62277411606522,616.0199999997166,1915.8444667358008
22302,38.62277411606522,616.0399999997165,1915.8698246954275
22303,38.62277411606522,616.0599999997165,1915.89518212179
22304,38.62277411606522,616.0799999997165,1915.9205390148504
22305,38.62277411606522,616.0999999997165,1915.9458953745711
22306,38.62277411606522,616.1199999997165,1915.9712512009141
22307,38.62277411606522,616.1399999997165,1915.9966064938417
22308,38.62277411606522,616.1599999997164,1916.0219612533158
22309,38.62277411606522,616.1799999997164,1916.0473154792985
22310,38.62277411606522,616.1999999997164,1916.072669171752
22311,38.62277411606522,616.2199999997164,1916.0980223306387
22312,38.62277411606522,616.2399999997164,1916.1233749559206
22313,38.62277411606522,616.2599999997163,1916.1487270475598
22314,38.62277411606522,616.2799999997163,1916.1740786055184
22315,38.62277411606522,616.2999999997163,1916.1994296297587
22316,38.62277411606522,616.3199999997163,1916.2247801202427
22317,38.62277411606522,616.3399999997163,1916.2501300769327
22318,38.62277411606522,616.3599999997163,1916.2754794997907
22319,38.62277411606522,616.3799999997162,1916.3008283887789
22320,38.62277411606522,616.3999999997162,1916.3261767438594
22321,38.62277411606522,616.4199999997162,1916.3515245649944
22322,38.62277411606522,616.4399999997162,1916.3768718521462
22323,38.62277411606522,616.4599999997162,1916.4022186052769
22324,38.62277411606522,616.4799999997161,1916.4275648243483
22325,38.62277411606522,616.4999999997161,1916.452910509323
22326,38.62277411606522,616.5199999997161,1916.4782556601629
22327,38.62277411606522,616.5399999997161,1916.5036002768302
22328,38.62277411606522,616.5599999997161,1916.5289443592872
22329,38.62277411606522,616.579999999716,1916.5542879074958
22330,38.62277411606522,616.599999999716,1916.5796309214184
22331,38.62277411606522,616.619999999716,1916.6049734010169
22332,38.62277411606522,616.639999999716,1916.6303153462536
22333,38.62277411606522,616.659999999716,1916.6556567570906
22334,38.62277411606522,616.679999999716,1916.68099763349
22335,38.62277411606522,616.6999999997159,1916.7063379754143
22336,38.62277411606522,616.7199999997159,1916.7316777828253
22337,38.62277411606522,616.7399999997159,1916.7570170556853
22338,38.62277411606522,616.7599999997159,1916.7823557939564
22339,38.62277411606522,616.7799999997159,1916.8076939976008
22340,38.62277411606522,616.7999999997159,1916.8330316666202
22341,38.62277411606522,616.8199999997158,1916.858368802168
22342,38.62277411606522,616.8399999997158,1916.8837054050427
22343,38.62277411606522,616.8599999997158,1916.9090414752072
22344,38.62277411606522,616.8799999997158,1916.9343770126234
22345,38.62277411606522,616.8999999997158,1916.9597120172537
22346,38.62277411606522,616.9199999997157,1916.98504648906
22347,38.62277411606522,616.9399999997157,1917.010380428005
22348,38.62277411606522,616.9599999997157,1917.0357138340505
22349,38.62277411606522,616.9799999997157,1917.0610467071592
22350,38.62277411606522,616.9999999997157,1917.0863790472931
22351,38.62277411606522,617.0199999997157,1917.1117108544145
22352,38.62277411606522,617.0399999997156,1917.1370421284855
22353,38.62277411606522,617.0599999997156,1917.1623728694685
22354,38.62277411606522,617.0799999997156,1917.1877030773258
22355,38.62277411606522,617.0999999997156,1917.2130327520197
22356,38.62277411606522,617.1199999997156,1917.2383618935123
22357,38.62277411606522,617.1399999997155,1917.263690501766
22358,38.62277411606522,617.1599999997155,1917.2890185767428
22359,38.62277411606522,617.1799999997155,1917.3143461184052
22360,38.62277411606522,617.1999999997155,1917.3396731267153
22361,38.62277411606522,617.2199999997155,1917.3649996016354
22362,38.62277411606522,617.2399999997155,1917.3903255431276
22363,38.62277411606522,617.2599999997154,1917.4156509511542
22364,38.62277411606522,617.2799999997154,1917.4409758256777
22365,38.62277411606522,617.2999999997154,1917.4663001666602
22366,38.62277411606522,617.3199999997154,1917.491623974064
22367,38.62277411606522,617.3399999997154,1917.5169472478512
22368,38.62277411606522,617.3599999997153,1917.5422699879844
22369,38.62277411606522,617.3799999997153,1917.5675921944255
22370,38.62277411606522,617.3999999997153,1917.592913867137
22371,38.62277411606522,617.4199999997153,1917.618235006081
22372,38.62277411606522,617.4399999997153,1917.6435556112199
22373,38.62277411606522,617.4599999997153,1917.6688756825158
22374,38.62277411606522,617.4799999997152,1917.694195219931
22375,38.62277411606522,617.4999999997152,1917.719514223428
22376,38.62277411606522,617.5199999997152,1917.7448326929687
22377,38.62277411606522,617.5399999997152,1917.7701506285155
22378,38.62277411606522,617.5599999997152,1917.7954680300306
22379,38.62277411606522,617.5799999997151,1917.8207848974764
22380,38.62277411606522,617.5999999997151,1917.846101230815
22381,38.62277411606522,617.6199999997151,1917.871417030009
22382,38.62277411606522,617.6399999997151,1917.8967322950205
22383,38.62277411606522,617.6599999997151,1917.9220470258115
22384,38.62277411606522,617.679999999715,1917.9473612223444
22385,38.62277411606522,617.699999999715,1917.9726748845817
22386,38.62277411606522,617.719999999715,1917.9979880124854
22387,38.62277411606522,617.739999999715,1918.0233006060178
22388,38.62277411606522,617.759999999715,1918.0486126651413
22389,38.62277411606522,617.779999999715,1918.073924189818
22390,38.62277411606522,617.7999999997149,1918.0992351800103
22391,38.62277411606522,617.8199999997149,1918.1245456357444
22392,38.62277411606522,617.8399999997149,1918.1498555582755
22393,38.62277411606522,617.8599999997149,1918.1751649482826
22394,38.62277411606522,617.8799999997149,1918.2004738057283
22395,38.62277411606522,617.8999999997149,1918.2257821305748
22396,38.62277411606522,617.9199999997148,1918.2510899227846
22397,38.62277411606522,617.9399999997148,1918.27639718232
22398,38.62277411606522,617.9599999997148,1918.3017039091433
22399,38.62277411606522,617.9799999997148,1918.327010103217
22400,38.62277411606522,617.9999999997148,1918.3523157645031
22401,38.62277411606522,618.0199999997147,1918.3776208929644
22402,38.62277411606522,618.0399999997147,1918.402925488563
22403,38.62277411606522,618.0599999997147,1918.4282295512612
22404,38.62277411606522,618.0799999997147,1918.4535330810215
22405,38.62277411606522,618.0999999997147,1918.4788360778064
22406,38.62277411606522,618.1199999997147,1918.504138541578
22407,38.62277411606522,618.1399999997146,1918.5294404722986
22408,38.62277411606522,618.1599999997146,1918.5547418699307
22409,38.62277411606522,618.1799999997146,1918.5800427344368
22410,38.62277411606522,618.1999999997146,1918.605343065779
22411,38.62277411606522,618.2199999997146,1918.6306428639198
22412,38.62277411606522,618.2399999997145,1918.6559421288216
22413,38.62277411606522,618.2599999997145,1918.6812408604467
22414,38.62277411606522,618.2799999997145,1918.7065390587572
22415,38.62277411606522,618.2999999997145,1918.731836723716
22416,38.62277411606522,618.3199999997145,1918.757133855285
22417,38.62277411606522,618.3399999997145,1918.7824304534267
22418,38.62277411606522,618.3599999997144,1918.8077265181037
22419,38.62277411606522,618.3799999997144,1918.833022049278
22420,38.62277411606522,618.3999999997144,1918.8583170469124
22421,38.62277411606522,618.4199999997144,1918.8836115109689
22422,38.62277411606522,618.4399999997144,1918.9089054414098
22423,38.62277411606522,618.4599999997143,1918.9341988381977
22424,38.62277411606522,618.4799999997143,1918.9594917012948
22425,38.62277411606522,618.4999999997143,1918.9847840306636
22426,38.62277411606522,618.5199999997143,1919.0100758262665
22427,38.62277411606522,618.5399999997143,1919.0353670880659
22428,38.62277411606522,618.5599999997143,1919.0606578160239
22429,38.62277411606522,618.5799999997142,1919.085948010103
22430,38.62277411606522,618.5999999997142,1919.1112376702656
22431,38.62277411606522,618.6199999997142,1919.136526796474
22432,38.62277411606522,618.6399999997142,1919.1618153886907
22433,38.62277411606522,618.6599999997142,1919.187103446878
22434,38.62277411606522,618.6799999997141,1919.2123909709983
22435,38.62277411606522,618.6999999997141,1919.237677961014
22436,38.62277411606522,618.7199999997141,1919.2629644168874
22437,38.62277411606522,618.7399999997141,1919.2882503385808
22438,38.62277411606522,618.7599999997141,1919.3135357260567
22439,38.62277411606522,618.779999999714,1919.3388205792774
22440,38.62277411606522,618.799999999714,1919.3641048982054
22441,38.62277411606522,618.819999999714,1919.389388682803
22442,38.62277411606522,618.839999999714,1919.4146719331247
22443,38.62277411606522,618.859999999714,1919.4399546505833
22444,38.62277411606522,618.879999999714,1919.4652368357617
22445,38.62277411606522,618.8999999997139,1919.4905184886222
22446,38.62277411606522,618.9199999997139,1919.5157996091273
22447,38.62277411606522,618.9399999997139,1919.5410801972394
22448,38.62277411606522,618.9599999997139,1919.566360252921
22449,38.62277411606522,618.9799999997139,1919.5916397761346
22450,38.62277411606522,618.9999999997139,1919.6169187668427
22451,38.62277411606522,619.0199999997138,1919.6421972250077
22452,38.62277411606522,619.0399999997138,1919.667475150592
22453,38.62277411606522,619.0599999997138,1919.6927525435583
22454,38.56238796528933,619.0799999997138,1919.718029403869
22455,38.56238796528933,619.0999999997138,1919.7433057314863
22456,38.56238796528933,619.1199999997137,1919.768581526373
22457,38.56238796528933,619.1399999997137,1919.7938567884917
22458,38.56238796528933,619.1599999997137,1919.8191315178044
22459,38.56238796528933,619.1799999997137,1919.844405714274
22460,38.56238796528933,619.1999999997137,1919.8696793778627
22461,38.56238796528933,619.2199999997137,1919.894952508533
22462,38.56238796528933,619.2399999997136,1919.9202251062475
22463,38.56238796528933,619.2599999997136,1919.9454971709686
22464,38.56238796528933,619.2799999997136,1919.9707687026587
22465,38.56238796528933,619.2999999997136,1919.9960397012806
22466,38.56238796528933,619.3199999997136,1920.0213101603333
22467,38.56238796528933,619.3399999997135,1920.0465800692048
22468,38.56238796528933,619.3599999997135,1920.0718494274013
22469,38.56238796528933,619.3799999997135,1920.0971182348862
22470,38.56238796528933,619.3999999997135,1920.1223864916233
22471,38.56238796528933,619.4199999997135,1920.147654197576
22472,38.56238796528933,619.4399999997135,1920.1729213527078
22473,38.56238796528933,619.4599999997134,1920.198187956982
22474,38.56238796528933,619.4799999997134,1920.2234540103625
22475,38.56238796528933,619.4999999997134,1920.2487195128126
22476,38.56238796528933,619.5199999997134,1920.2739844642958
22477,38.56238796528933,619.5399999997134,1920.2992488647758
22478,38.56238796528933,619.5599999997133,1920.3245127142159
22479,38.56238796528933,619.5799999997133,1920.3497760125797
22480,38.56238796528933,619.5999999997133,1920.3750387598309
22481,38.56238796528933,619.6199999997133,1920.4003009559328
22482,38.56238796528933,619.6399999997133,1920.425562600849
22483,38.56238796528933,619.6599999997132,1920.4508236945428
22484,38.56238796528933,619.6799999997132,1920.476084236978
22485,38.56238796528933,619.6999999997132,1920.5013442281181
22486,38.56238796528933,619.7199999997132,1920.5266036679266
22487,38.56238796528933,619.7399999997132,1920.551862556367
22488,38.56238796528933,619.7599999997132,1920.577120893403
22489,38.56238796528933,619.7799999997131,1920.6023786789976
22490,38.56238796528933,619.7999999997131,1920.6276359131148
22491,38.56238796528933,619.8199999997131,1920.652892595718
22492,38.56238796528933,619.8399999997131,1920.6781487267706
22493,38.56238796528933,619.8599999997131,1920.7034043063425
22494,38.56238796528933,619.879999999713,1920.7286593357958
22495,38.56238796528933,619.899999999713,1920.753913815538
22496,38.56238796528933,619.919999999713,1920.7791677455327
22497,38.56238796528933,619.939999999713,1920.8044211257438
22498,38.56238796528933,619.959999999713,1920.8296739561347
22499,38.56238796528933,619.979999999713,1920.8549262366691
22500,38.56238796528933,619.9999999997129,1920.8801779673106
22501,38.56238796528933,620.0199999997129,1920.905429148023
22502,38.56238796528933,620.0399999997129,1920.9306797787697
22503,38.56238796528933,620.0599999997129,1920.9559298595143
22504,38.56238796528933,620.0799999997129,1920.9811793902206
22505,38.56238796528933,620.0999999997128,1921.0064283708523
22506,38.56238796528933,620.1199999997128,1921.031676801373
22507,38.56238796528933,620.1399999997128,1921.0569246817463
22508,38.56238796528933,620.1599999997128,1921.0821720119359
22509,38.56238796528933,620.1799999997128,1921.1074187919053
22510,38.56238796528933,620.1999999997128,1921.132665021618
22511,38.56238796528933,620.2199999997127,1921.1579107010382
22512,38.56238796528933,620.2399999997127,1921.1831558301292
22513,38.56238796528933,620.2599999997127,1921.2084004088545
22514,38.56238796528933,620.2799999997127,1921.2336444371779
22515,38.56238796528933,620.2999999997127,1921.258887915063
22516,38.56238796528933,620.3199999997126,1921.2841308424736
22517,38.56238796528933,620.3399999997126,1921.3093732193731
22518,38.56238796528933,620.3599999997126,1921.3346150457253
22519,38.56238796528933,620.3799999997126,1921.359856321494
22520,38.56238796528933,620.3999999997126,1921.3850970466424
22521,38.56238796528933,620.4199999997126,1921.4103372211346
22522,38.56238796528933,620.4399999997125,1921.4355768449338
22523,38.56238796528933,620.4599999997125,1921.460815918004
22524,38.56238796528933,620.4799999997125,1921.4860544403089
22525,38.56238796528933,620.4999999997125,1921.5112924118118
22526,38.56238796528933,620.5199999997125,1921.5365298324766
22527,38.56238796528933,620.5399999997124,1921.561766702267
22528,38.56238796528933,620.5599999997124,1921.5870030211465
22529,38.56238796528933,620.5799999997124,1921.612238789079
22530,38.56238796528933,620.5999999997124,1921.6374740060276
22531,38.56238796528933,620.6199999997124,1921.6627086719564
22532,38.56238796528933,620.6399999997124,1921.687942786829
22533,38.56238796528933,620.6599999997123,1921.7131763506088
22534,38.56238796528933,620.6799999997123,1921.73840936326
22535,38.56238796528933,620.6999999997123,1921.7636418247457
22536,38.56238796528933,620.7199999997123,1921.78887373503
22537,38.56238796528933,620.7399999997123,1921.814105094076
22538,38.56238796528933,620.7599999997122,1921.8393359018478
22539,38.56238796528933,620.7799999997122,1921.864566158309
22540,38.56238796528933,620.7999999997122,1921.8897958634232
22541,38.56238796528933,620.8199999997122,1921.915025017154
22542,38.56238796528933,620.8399999997122,1921.940253619465
22543,38.56238796528933,620.8599999997122,1921.96548167032
22544,38.56238796528933,620.8799999997121,1921.9907091698185
22545,38.56238796528933,620.8999999997121,1922.015936119492
22546,38.56238796528933,620.9199999997121,1922.04116251965
22547,38.56238796528933,620.9399999997121,1922.0663883702564
22548,38.56238796528933,620.9599999997121,1922.091613671275
22549,38.56238796528933,620.979999999712,1922.1168384226694
22550,38.56238796528933,620.999999999712,1922.1420626244035
22551,38.56238796528933,621.019999999712,1922.1672862764408
22552,38.56238796528933,621.039999999712,1922.1925093787452
22553,38.56238796528933,621.059999999712,1922.2177319312805
22554,38.56238796528933,621.079999999712,1922.2429539340103
22555,38.56238796528933,621.0999999997119,1922.2681753868985
22556,38.56238796528933,621.1199999997119,1922.2933962899087
22557,38.56238796528933,621.1399999997119,1922.3186166430048
22558,38.56238796528933,621.1599999997119,1922.3438364461506
22559,38.56238796528933,621.1799999997119,1922.3690556993097
22560,38.56238796528933,621.1999999997118,1922.3942744024457
22561,38.56238796528933,621.2199999997118,1922.4194925555228
22562,38.56238796528933,621.2399999997118,1922.4447101585042
22563,38.56238796528933,621.2599999997118,1922.4699272113542
22564,38.56238796528933,621.2799999997118,1922.495143714036
22565,38.56238796528933,621.2999999997118,1922.5203596665137
22566,38.56238796528933,621.3199999997117,1922.545575068751
22567,38.56238796528933,621.3399999997117,1922.5707899207116
22568,38.56238796528933,621.3599999997117,1922.5960042223594
22569,38.56238796528933,621.3799999997117,1922.6212179736578
22570,38.56238796528933,621.3999999997117,1922.646431174571
22571,38.56238796528933,621.4199999997116,1922.6716438250626
22572,38.56238796528933,621.4399999997116,1922.696855925096
22573,38.56238796528933,621.4599999997116,1922.7220674746354
22574,38.56238796528933,621.4799999997116,1922.7472784736444
22575,38.56238796528933,621.4999999997116,1922.7724889220867
22576,38.56238796528933,621.5199999997116,1922.7976988199262
22577,38.56238796528933,621.5399999997115,1922.8229081671266
22578,38.56238796528933,621.5599999997115,1922.8481169636516
22579,38.56238796528933,621.5799999997115,1922.8733252094648
22580,38.56238796528933,621.5999999997115,1922.8985329045304
22581,38.56238796528933,621.6199999997115,1922.9237400488119
22582,38.56238796528933,621.6399999997114,1922.9489466422729
22583,38.56238796528933,621.6599999997114,1922.9741526848773
22584,38.56238796528933,621.6799999997114,1922.9993581765889
22585,38.56238796528933,621.6999999997114,1923.0245631173714
22586,38.56238796528933,621.7199999997114,1923.0497675071886
22587,38.56238796528933,621.7399999997114,1923.0749713460043
22588,38.56238796528933,621.7599999997113,1923.1001746337822
22589,38.56238796528933,621.7799999997113,1923.1253773704861
22590,38.56238796528933,621.7999999997113,1923.15057955608
22591,38.56238796528933,621.8199999997113,1923.1757811905272
22592,38.56238796528933,621.8399999997113,1923.2009822737919
22593,38.56238796528933,621.8599999997112,1923.2261828058374
22594,38.56238796528933,621.8799999997112,1923.2513827866278
22595,38.56238796528933,621.8999999997112,1923.2765822162935
22596,38.56238796528933,621.9199999997112,1923.3017810965348
22597,38.56238796528933,621.9399999997112,1923.3269794275502
22598,38.56238796528933,621.9599999997112,1923.3521772093034
22599,38.56238796528933,621.9799999997111,1923.3773744417579
22600,38.56238796528933,621.9999999997111,1923.4025711248773
22601,38.56238796528933,622.0199999997111,1923.4277672586254
22602,38.56238796528933,622.0399999997111,1923.4529628429657
22603,38.56238796528933,622.0599999997111,1923.4781578778618
22604,38.56238796528933,622.079999999711,1923.5033523632776
22605,38.56238796528933,622.099999999711,1923.5285462991765
22606,38.56238796528933,622.119999999711,1923.5537396855223
22607,38.56238796528933,622.139999999711,1923.5789325222786
22608,38.56238796528933,622.159999999711,1923.604124809409
22609,38.56238796528933,622.179999999711,1923.6293165468774
22610,38.56238796528933,622.1999999997109,1923.654507734647
22611,38.56238796528933,622.2199999997109,1923.6796983726817
22612,38.56238796528933,622.2399999997109,1923.7048884609453
22613,38.56238796528933,622.2599999997109,1923.7300779994011
22614,38.56238796528933,622.2799999997109,1923.755266988013
22615,38.56238796528933,622.2999999997108,1923.7804554267448
22616,38.56238796528933,622.3199999997108,1923.8056433155598
22617,38.56238796528933,622.3399999997108,1923.8308306544218
22618,38.56238796528933,622.3599999997108,1923.8560174432944
22619,38.56238796528933,622.3799999997108,1923.8812036821412
22620,38.56238796528933,622.3999999997108,1923.906389370926
22621,38.56238796528933,622.4199999997107,1923.9315745096126
22622,38.56238796528933,622.4399999997107,1923.9567590981642
22623,38.56238796528933,622.4599999997107,1923.9819431365447
22624,38.56238796528933,622.4799999997107,1924.0071266247178
22625,38.56238796528933,622.4999999997107,1924.0323095626472
22626,38.56238796528933,622.5199999997106,1924.0574919502965
22627,38.56238796528933,622.5399999997106,1924.0826737876293
22628,38.56238796528933,622.5599999997106,1924.1078550746092
22629,38.56238796528933,622.5799999997106,1924.1330358112
22630,38.56238796528933,622.5999999997106,1924.1582159973652
22631,38.56238796528933,622.6199999997106,1924.1833956330688
22632,38.56238796528933,622.6399999997105,1924.2085747182741
22633,38.56238796528933,622.6599999997105,1924.233753252945
22634,38.56238796528933,622.6799999997105,1924.2589312370449
22635,38.56238796528933,622.6999999997105,1924.2841086705375
22636,38.56238796528933,622.7199999997105,1924.3092855533866
22637,38.56238796528933,622.7399999997104,1924.334461885556
22638,38.56238796528933,622.7599999997104,1924.359637667009
22639,38.56238796528933,622.7799999997104,1924.3848128977097
22640,38.502159005456775,622.7999999997104,1924.4099875776215
22641,38.502159005456775,622.8199999997104,1924.435161706708
22642,38.502159005456775,622.8399999997104,1924.4603352849329
22643,38.502159005456775,622.8599999997103,1924.48550831226
22644,38.502159005456775,622.8799999997103,1924.5106807886527
22645,38.502159005456775,622.8999999997103,1924.535852714075
22646,38.502159005456775,622.9199999997103,1924.56102408872
22647,38.502159005456775,622.9399999997103,1924.586194914153
22648,38.502159005456775,622.9599999997102,1924.6113651904911
22649,38.502159005456775,622.9799999997102,1924.636534917698
22650,38.502159005456775,622.9999999997102,1924.661704095738
22651,38.502159005456775,623.0199999997102,1924.686872724575
22652,38.502159005456775,623.0399999997102,1924.7120408041735
22653,38.502159005456775,623.0599999997102,1924.7372083344974
22654,38.502159005456775,623.0799999997101,1924.7623753155108
22655,38.502159005456775,623.0999999997101,1924.7875417471778
22656,38.502159005456775,623.1199999997101,1924.8127076294627
22657,38.502159005456775,623.1399999997101,1924.8378729623296
22658,38.502159005456775,623.1599999997101,1924.8630377457428
22659,38.502159005456775,623.17999999971,1924.8882019796663
22660,38.502159005456775,623.19999999971,1924.9133656640643
22661,38.502159005456775,623.21999999971,1924.9385287989007
22662,38.502159005456775,623.23999999971,1924.96369138414
22663,38.502159005456775,623.25999999971,1924.9888534197462
22664,38.502159005456775,623.27999999971,1925.0140149056833
22665,38.502159005456775,623.2999999997099,1925.0391758419157
22666,38.502159005456775,623.3199999997099,1925.0643362284075
22667,38.502159005456775,623.3399999997099,1925.0894960651226
22668,38.502159005456775,623.3599999997099,1925.1146553520255
22669,38.502159005456775,623.3799999997099,1925.1398140890801
22670,38.502159005456775,623.3999999997098,1925.1649722762506
22671,38.502159005456775,623.4199999997098,1925.1901299135013
22672,38.502159005456775,623.4399999997098,1925.2152870007963
22673,38.502159005456775,623.4599999997098,1925.2404435380995
22674,38.502159005456775,623.4799999997098,1925.2655995253754
22675,38.502159005456775,623.4999999997098,1925.290754962588
22676,38.502159005456775,623.5199999997097,1925.3159098497013
22677,38.502159005456775,623.5399999997097,1925.3410641866797
22678,38.502159005456775,623.5599999997097,1925.3662179734872
22679,38.502159005456775,623.5799999997097,1925.391371210088
22680,38.502159005456775,623.5999999997097,1925.4165238964463
22681,38.502159005456775,623.6199999997096,1925.4416760325262
22682,38.502159005456775,623.6399999997096,1925.466827618292
22683,38.502159005456775,623.6599999997096,1925.4919786537077
22684,38.502159005456775,623.6799999997096,1925.5171291387376
22685,38.502159005456775,623.6999999997096,1925.5422790733455
22686,38.502159005456775,623.7199999997096,1925.567428457496
22687,38.502159005456775,623.7399999997095,1925.592577291153
22688,38.502159005456775,623.7599999997095,1925.6177255742807
22689,38.502159005456775,623.7799999997095,1925.6428733068433
22690,38.502159005456775,623.7999999997095,1925.668020488805
22691,38.502159005456775,623.8199999997095,1925.69316712013
22692,38.502159005456775,623.8399999997094,1925.7183132007824
22693,38.502159005456775,623.8599999997094,1925.7434587307262
22694,38.502159005456775,623.8799999997094,1925.7686037099256
22695,38.502159005456775,623.8999999997094,1925.793748138345
22696,38.502159005456775,623.9199999997094,1925.8188920159484
22697,38.502159005456775,623.9399999997094,1925.8440353430499
22698,38.502159005456775,623.9599999997093,1925.8691781211348
22699,38.502159005456775,623.9799999997093,1925.8943203502974
22700,38.502159005456775,623.9999999997093,1925.9194620305018
22701,38.502159005456775,624.0199999997093,1925.944603161712
22702,38.502159005456775,624.0399999997093,1925.9697437438917
22703,38.502159005456775,624.0599999997092,1925.9948837770055
22704,38.502159005456775,624.0799999997092,1926.020023261017
22705,38.502159005456775,624.0999999997092,1926.0451621958907
22706,38.502159005456775,624.1199999997092,1926.0703005815903
22707,38.502159005456775,624.1399999997092,1926.09543841808
22708,38.502159005456775,624.1599999997092,1926.1205757053235
22709,38.502159005456775,624.1799999997091,1926.1457124432852
22710,38.502159005456775,624.1999999997091,1926.1708486319292
22711,38.502159005456775,624.2199999997091,1926.1959842712192
22712,38.502159005456775,624.2399999997091,1926.2211193611195
22713,38.502159005456775,624.2599999997091,1926.246253901594
22714,38.502159005456775,624.279999999709,1926.2713878926068
22715,38.502159005456775,624.299999999709,1926.296521334122
22716,38.502159005456775,624.319999999709,1926.3216542261036
22717,38.502159005456775,624.339999999709,1926.3467865685157
22718,38.502159005456775,624.359999999709,1926.3719183613223
22719,38.502159005456775,624.379999999709,1926.3970496044874
22720,38.502159005456775,624.3999999997089,1926.422180297975
22721,38.502159005456775,624.4199999997089,1926.4473104417496
22722,38.502159005456775,624.4399999997089,1926.4724400357748
22723,38.502159005456775,624.4599999997089,1926.4975690800145
22724,38.502159005456775,624.4799999997089,1926.522697574433
22725,38.502159005456775,624.4999999997088,1926.5478255189946
22726,38.502159005456775,624.5199999997088,1926.572952913663
22727,38.502159005456775,624.5399999997088,1926.5980797584023
22728,38.502159005456775,624.5599999997088,1926.6232060531765
22729,38.502159005456775,624.5799999997088,1926.6483317979498
22730,38.502159005456775,624.5999999997088,1926.6734569926864
22731,38.502159005456775,624.6199999997087,1926.6985816373501
22732,38.502159005456775,624.6399999997087,1926.723705731905
22733,38.502159005456775,624.6599999997087,1926.748829276315
22734,38.502159005456775,624.6799999997087,1926.7739522705444
22735,38.502159005456775,624.6999999997087,1926.7990747145573
22736,38.502159005456775,624.7199999997086,1926.8241966083174
22737,38.502159005456775,624.7399999997086,1926.849317951789
22738,38.502159005456775,624.7599999997086,1926.8744387449362
22739,38.502159005456775,624.7799999997086,1926.8995589877231
22740,38.502159005456775,624.7999999997086,1926.9246786801136
22741,38.502159005456775,624.8199999997086,1926.9497978220718
22742,38.502159005456775,624.8399999997085,1926.9749164135617
22743,38.502159005456775,624.8599999997085,1927.0000344545474
22744,38.502159005456775,624.8799999997085,1927.025151944993
22745,38.502159005456775,624.8999999997085,1927.0502688848626
22746,38.502159005456775,624.9199999997085,1927.0753852741202
22747,38.502159005456775,624.9399999997084,1927.10050111273
22748,38.502159005456775,624.9599999997084,1927.1256164011304
22749,38.502159005456775,624.9799999997084,1927.1507311407331
22750,38.502159005456775,624.9999999997084,1927.1758453316104
22751,38.502159005456775,625.0199999997084,1927.2009589737263
22752,38.502159005456775,625.0399999997084,1927.226072067045
22753,38.502159005456775,625.0599999997083,1927.2511846115306
22754,38.502159005456775,625.0799999997083,1927.2762966071473
22755,38.502159005456775,625.0999999997083,1927.3014080538592
22756,38.502159005456775,625.1199999997083,1927.3265189516305
22757,38.502159005456775,625.1399999997083,1927.3516293004254
22758,38.502159005456775,625.1599999997082,1927.376739100208
22759,38.502159005456775,625.1799999997082,1927.4018483509424
22760,38.502159005456775,625.1999999997082,1927.4269570525926
22761,38.502159005456775,625.2199999997082,1927.4520652051228
22762,38.502159005456775,625.2399999997082,1927.4771728084975
22763,38.502159005456775,625.2599999997082,1927.5022798626806
22764,38.502159005456775,625.2799999997081,1927.5273863676362
22765,38.502159005456775,625.2999999997081,1927.5524923233284
22766,38.502159005456775,625.3199999997081,1927.5775977297214
22767,38.502159005456775,625.3399999997081,1927.6027025867795
22768,38.502159005456775,625.3599999997081,1927.6278068944666
22769,38.502159005456775,625.379999999708,1927.6529106527469
22770,38.502159005456775,625.399999999708,1927.6780138615845
22771,38.502159005456775,625.419999999708,1927.703116520944
22772,38.502159005456775,625.439999999708,1927.728218630789
22773,38.502159005456775,625.459999999708,1927.7533201910837
22774,38.502159005456775,625.479999999708,1927.7784212017925
22775,38.502159005456775,625.4999999997079,1927.8035216628796
22776,38.502159005456775,625.5199999997079,1927.828621574309
22777,38.502159005456775,625.5399999997079,1927.8537209360447
22778,38.502159005456775,625.5599999997079,1927.8788197480512
22779,38.502159005456775,625.5799999997079,1927.9039180102925
22780,38.502159005456775,625.5999999997078,1927.9290157227326
22781,38.502159005456775,625.6199999997078,1927.954112885336
22782,38.502159005456775,625.6399999997078,1927.9792094980664
22783,38.502159005456775,625.6599999997078,1928.0043055608883
22784,38.502159005456775,625.6799999997078,1928.0294010737657
22785,38.502159005456775,625.6999999997078,1928.0544960366628
22786,38.502159005456775,625.7199999997077,1928.0795904495437
22787,38.502159005456775,625.7399999997077,1928.1046843123727
22788,38.502159005456775,625.7599999997077,1928.1297776251138
22789,38.502159005456775,625.7799999997077,1928.154870387731
22790,38.502159005456775,625.7999999997077,1928.179962600189
22791,38.502159005456775,625.8199999997076,1928.2050542624515
22792,38.502159005456775,625.8399999997076,1928.2301453744828
22793,38.502159005456775,625.8599999997076,1928.2552359362471
22794,38.502159005456775,625.8799999997076,1928.2803259477087
22795,38.502159005456775,625.8999999997076,1928.3054154088313
22796,38.502159005456775,625.9199999997076,1928.3305043195794
22797,38.502159005456775,625.9399999997075,1928.3555926799172
22798,38.502159005456775,625.9599999997075,1928.3806804898088
22799,38.502159005456775,625.9799999997075,1928.40576774984
22800,38.502159005456775,625.9999999997075,1928.4308544613887
22801,38.502159005456775,626.0199999997075,1928.4559406245073
22802,38.502159005456775,626.0399999997074,1928.48102623916
22803,38.502159005456775,626.0599999997074,1928.5061113053112
22804,38.502159005456775,626.0799999997074,1928.531195822925
22805,38.502159005456775,626.0999999997074,1928.5562797919656
22806,38.502159005456775,626.1199999997074,1928.5813632123975
22807,38.502159005456775,626.1399999997074,1928.6064460841849
22808,38.502159005456775,626.1599999997073,1928.631528407292
22809,38.502159005456775,626.1799999997073,1928.6566101816834
22810,38.502159005456775,626.1999999997073,1928.681691407323
22811,38.502159005456775,626.2199999997073,1928.706772084175
22812,38.502159005456775,626.2399999997073,1928.731852212204
22813,38.502159005456775,626.2599999997072,1928.7569317913742
22814,38.502159005456775,626.2799999997072,1928.7820108216497
22815,38.502159005456775,626.2999999997072,1928.8070893029949
22816,38.502159005456775,626.3199999997072,1928.8321672353738
22817,38.502159005456775,626.3399999997072,1928.857244618751
22818,38.502159005456775,626.3599999997072,1928.8823214530908
22819,38.502159005456775,626.3799999997071,1928.9073977383573
22820,38.502159005456775,626.3999999997071,1928.9324734745148
22821,38.502159005456775,626.4199999997071,1928.9575486615277
22822,38.44208666430707,626.4399999997071,1928.98262329936
22823,38.44208666430707,626.4599999997071,1929.0076973879761
22824,38.44208666430707,626.479999999707,1929.0327709273404
22825,38.44208666430707,626.499999999707,1929.0578439174171
22826,38.44208666430707,626.519999999707,1929.0829163581705
22827,38.44208666430707,626.539999999707,1929.1079882495649
22828,38.44208666430707,626.559999999707,1929.1330595915645
22829,38.44208666430707,626.579999999707,1929.1581303841335
22830,38.44208666430707,626.5999999997069,1929.1832006272364
22831,38.44208666430707,626.6199999997069,1929.2082703208373
22832,38.44208666430707,626.6399999997069,1929.2333394649006
22833,38.44208666430707,626.6599999997069,1929.2584080593906
22834,38.44208666430707,626.6799999997069,1929.2834761042714
22835,38.44208666430707,626.6999999997068,1929.3085435995074
22836,38.44208666430707,626.7199999997068,1929.3336105450628
22837,38.44208666430707,626.7399999997068,1929.3586769409021
22838,38.44208666430707,626.7599999997068,1929.3837427869894
22839,38.44208666430707,626.7799999997068,1929.408808083289
22840,38.44208666430707,626.7999999997068,1929.4338728297653
22841,38.44208666430707,626.8199999997067,1929.4589370263825
22842,38.44208666430707,626.8399999997067,1929.484000673105
22843,38.44208666430707,626.8599999997067,1929.5090637698968
22844,38.44208666430707,626.8799999997067,1929.5341263167224
22845,38.44208666430707,626.8999999997067,1929.559188313546
22846,38.44208666430707,626.9199999997066,1929.5842497603319
22847,38.44208666430707,626.9399999997066,1929.6093106570445
22848,38.44208666430707,626.9599999997066,1929.634371003648
22849,38.44208666430707,626.9799999997066,1929.6594308001067
22850,38.44208666430707,626.9999999997066,1929.6844900470567
22851,38.44208666430707,627.0199999997066,1929.7095487456443
22852,38.44208666430707,627.0399999997065,1929.7346068958902
22853,38.44208666430707,627.0599999997065,1929.759664497759
22854,38.44208666430707,627.0799999997065,1929.7847215512154
22855,38.44208666430707,627.0999999997065,1929.8097780562234
22856,38.44208666430707,627.1199999997065,1929.8348340127475
22857,38.44208666430707,627.1399999997064,1929.8598894207519
22858,38.44208666430707,627.1599999997064,1929.8849442802011
22859,38.44208666430707,627.1799999997064,1929.9099985910595
22860,38.44208666430707,627.1999999997064,1929.9350523532914
22861,38.44208666430707,627.2199999997064,1929.9601055668613
22862,38.44208666430707,627.2399999997064,1929.9851582317335
22863,38.44208666430707,627.2599999997063,1930.010210346674
22864,38.44208666430707,627.2799999997063,1930.0352618980335
22865,38.44208666430707,627.2999999997063,1930.0603128829478
22866,38.44208666430707,627.3199999997063,1930.0853633013826
22867,38.44208666430707,627.3399999997063,1930.1104131533034
22868,38.44208666430707,627.3599999997062,1930.1354624386759
22869,38.44208666430707,627.3799999997062,1930.1605111574652
22870,38.44208666430707,627.3999999997062,1930.1855593096368
22871,38.44208666430707,627.4199999997062,1930.2106068951564
22872,38.44208666430707,627.4399999997062,1930.2356539139894
22873,38.44208666430707,627.4599999997062,1930.2607003661012
22874,38.44208666430707,627.4799999997061,1930.2857462514573
22875,38.44208666430707,627.4999999997061,1930.3107915700232
22876,38.44208666430707,627.5199999997061,1930.3358363217642
22877,38.44208666430707,627.5399999997061,1930.360880506646
22878,38.44208666430707,627.5599999997061,1930.385924124634
22879,38.44208666430707,627.579999999706,1930.4109671756935
22880,38.44208666430707,627.599999999706,1930.4360096597902
22881,38.44208666430707,627.619999999706,1930.4610515768895
22882,38.44208666430707,627.639999999706,1930.486092926957
22883,38.44208666430707,627.659999999706,1930.5111337099581
22884,38.44208666430707,627.679999999706,1930.5361739258583
22885,38.44208666430707,627.6999999997059,1930.561213574623
22886,38.44208666430707,627.7199999997059,1930.5862526562178
22887,38.44208666430707,627.7399999997059,1930.611291170608
22888,38.44208666430707,627.7599999997059,1930.636329117759
22889,38.44208666430707,627.7799999997059,1930.6613664976367
22890,38.44208666430707,627.7999999997058,1930.6864033102063
22891,38.44208666430707,627.8199999997058,1930.7114395554333
22892,38.44208666430707,627.8399999997058,1930.7364752332833
22893,38.44208666430707,627.8599999997058,1930.7615103437215
22894,38.44208666430707,627.8799999997058,1930.7865448867137
22895,38.44208666430707,627.8999999997058,1930.8115788622251
22896,38.44208666430707,627.9199999997057,1930.8366122702214
22897,38.44208666430707,627.9399999997057,1930.861645110668
22898,38.44208666430707,627.9599999997057,1930.8866773835305
22899,38.44208666430707,627.9799999997057,1930.9117090887742
22900,38.44208666430707,627.9999999997057,1930.9367402263647
22901,38.44208666430707,628.0199999997056,1930.9617707970908
22902,38.44208666430707,628.0399999997056,1930.9868008020642
22903,38.44208666430707,628.0599999997056,1931.011830241286
22904,38.44208666430707,628.0799999997056,1931.0368591147217
22905,38.44208666430707,628.0999999997056,1931.0618874223371
22906,38.44208666430707,628.1199999997056,1931.0869151640977
22907,38.44208666430707,628.1399999997055,1931.1119423399691
22908,38.44208666430707,628.1599999997055,1931.1369689499168
22909,38.44208666430707,628.1799999997055,1931.1619949939063
22910,38.44208666430707,628.1999999997055,1931.1870204719035
22911,38.44208666430707,628.2199999997055,1931.2120453838736
22912,38.44208666430707,628.2399999997054,1931.2370697297824
22913,38.44208666430707,628.2599999997054,1931.2620935095954
22914,38.44208666430707,628.2799999997054,1931.287116723278
22915,38.44208666430707,628.2999999997054,1931.3121393707959
22916,38.44208666430707,628.3199999997054,1931.3371614521147
22917,38.44208666430707,628.3399999997054,1931.3621829672
22918,38.44208666430707,628.3599999997053,1931.3872039160171
22919,38.44208666430707,628.3799999997053,1931.412224298532
22920,38.44208666430707,628.3999999997053,1931.43724411471
22921,38.44208666430707,628.4199999997053,1931.4622633645167
22922,38.44208666430707,628.4399999997053,1931.487282047918
22923,38.44208666430707,628.4599999997052,1931.512300164879
22924,38.44208666430707,628.4799999997052,1931.5373177153654
22925,38.44208666430707,628.4999999997052,1931.562334699343
22926,38.44208666430707,628.5199999997052,1931.587351116777
22927,38.44208666430707,628.5399999997052,1931.6123669676333
22928,38.44208666430707,628.5599999997052,1931.6373822518774
22929,38.44208666430707,628.5799999997051,1931.662396969475
22930,38.44208666430707,628.5999999997051,1931.6874111203913
22931,38.44208666430707,628.6199999997051,1931.7124247045922
22932,38.44208666430707,628.6399999997051,1931.737437722043
22933,38.44208666430707,628.6599999997051,1931.7624501727096
22934,38.44208666430707,628.679999999705,1931.7874620565574
22935,38.44208666430707,628.699999999705,1931.8124733735522
22936,38.44208666430707,628.719999999705,1931.8374841236594
22937,38.44208666430707,628.739999999705,1931.8624943068444
22938,38.44208666430707,628.759999999705,1931.8875039230732
22939,38.44208666430707,628.779999999705,1931.9125129723109
22940,38.44208666430707,628.7999999997049,1931.9375214545234
22941,38.44208666430707,628.8199999997049,1931.9625293696763
22942,38.44208666430707,628.8399999997049,1931.987536717735
22943,38.44208666430707,628.8599999997049,1932.0125434986653
22944,38.44208666430707,628.8799999997049,1932.0375497124328
22945,38.44208666430707,628.8999999997048,1932.0625553590028
22946,38.44208666430707,628.9199999997048,1932.0875604383411
22947,38.44208666430707,628.9399999997048,1932.1125649504133
22948,38.44208666430707,628.9599999997048,1932.137568895185
22949,38.44208666430707,628.9799999997048,1932.1625722726217
22950,38.44208666430707,628.9999999997048,1932.187575082689
22951,38.44208666430707,629.0199999997047,1932.2125773253524
22952,38.44208666430707,629.0399999997047,1932.2375790015224
22953,38.44208666430707,629.0599999997047,1932.2625801122194
22954,38.44208666430707,629.0799999997047,1932.2875806574214
22955,38.44208666430707,629.0999999997047,1932.3125806370938
22956,38.44208666430707,629.1199999997046,1932.3375800512024
22957,38.44208666430707,629.1399999997046,1932.3625788997128
22958,38.44208666430707,629.1599999997046,1932.3875771825906
22959,38.44208666430707,629.1799999997046,1932.4125748998015
22960,38.44208666430707,629.1999999997046,1932.4375720513112
22961,38.44208666430707,629.2199999997046,1932.4625686370855
22962,38.44208666430707,629.2399999997045,1932.48756465709
22963,38.44208666430707,629.2599999997045,1932.5125601112902
22964,38.44208666430707,629.2799999997045,1932.537554999652
22965,38.44208666430707,629.2999999997045,1932.562549322141
22966,38.44208666430707,629.3199999997045,1932.5875430787228
22967,38.44208666430707,629.3399999997044,1932.612536269363
22968,38.44208666430707,629.3599999997044,1932.6375288940276
22969,38.44208666430707,629.3799999997044,1932.662520952682
22970,38.44208666430707,629.3999999997044,1932.6875124452918
22971,38.44208666430707,629.4199999997044,1932.7125033718228
22972,38.44208666430707,629.4399999997044,1932.7374937322406
22973,38.44208666430707,629.4599999997043,1932.762483526511
22974,38.44208666430707,629.4799999997043,1932.7874727545995
22975,38.44208666430707,629.4999999997043,1932.812461416472
22976,38.44208666430707,629.5199999997043,1932.8374495120938
22977,38.44208666430707,629.5399999997043,1932.8624370414311
22978,38.44208666430707,629.5599999997042,1932.8874240044493
22979,38.44208666430707,629.5799999997042,1932.912410401114
22980,38.44208666430707,629.5999999997042,1932.9373962313907
22981,38.44208666430707,629.6199999997042,1932.9623814952456
22982,38.44208666430707,629.6399999997042,1932.987366192644
22983,38.44208666430707,629.6599999997042,1933.0123503235518
22984,38.44208666430707,629.6799999997041,1933.0373338879344
22985,38.44208666430707,629.6999999997041,1933.0623168857578
22986,38.44208666430707,629.7199999997041,1933.0872993169874
22987,38.44208666430707,629.7399999997041,1933.112281181589
22988,38.44208666430707,629.7599999997041,1933.1372624795283
22989,38.44208666430707,629.779999999704,1933.1622432107708
22990,38.44208666430707,629.799999999704,1933.1872233752824
22991,38.44208666430707,629.819999999704,1933.2122029730288
22992,38.44208666430707,629.839999999704,1933.2371820039755
22993,38.44208666430707,629.859999999704,1933.2621604680883
22994,38.44208666430707,629.879999999704,1933.2871383653328
22995,38.44208666430707,629.8999999997039,1933.312115695675
22996,38.44208666430707,629.9199999997039,1933.3370924590802
22997,38.44208666430707,629.9399999997039,1933.3620686555141
22998,38.44208666430707,629.9599999997039,1933.3870442849427
22999,38.44208666430707,629.9799999997039,1933.4120193473314
23000,38.44208666430707,629.9999999997038,1933.436993842646
23001,38.44208666430707,630.0199999997038,1933.4619677708522
23002,38.44208666430707,630.0399999997038,1933.4869411319276
23003,38.44208666430707,630.0599999997038,1933.511913926934
23004,38.44208666430707,630.0799999997038,1933.5368861568256
23005,38.44208666430707,630.0999999997038,1933.5618578215679
23006,38.44208666430707,630.1199999997037,1933.5868289211267
23007,38.44208666430707,630.1399999997037,1933.6117994554677
23008,38.44208666430707,630.1599999997037,1933.6367694245569
23009,38.38217037225559,630.1799999997037,1933.6617388283598
23010,38.38217037225559,630.1999999997037,1933.6867076668423
23011,38.38217037225559,630.2199999997036,1933.71167593997
23012,38.38217037225559,630.2399999997036,1933.736643647709
23013,38.38217037225559,630.2599999997036,1933.7616107900246
23014,38.38217037225559,630.2799999997036,1933.786577366883
23015,38.38217037225559,630.2999999997036,1933.8115433782496
23016,38.38217037225559,630.3199999997036,1933.8365088240903
23017,38.38217037225559,630.3399999997035,1933.8614737043708
23018,38.38217037225559,630.3599999997035,1933.8864380190569
23019,38.38217037225559,630.3799999997035,1933.9114017681143
23020,38.38217037225559,630.3999999997035,1933.936364951509
23021,38.38217037225559,630.4199999997035,1933.9613275692063
23022,38.38217037225559,630.4399999997034,1933.9862896211723
23023,38.38217037225559,630.4599999997034,1934.0112511073728
23024,38.38217037225559,630.4799999997034,1934.0362120277734
23025,38.38217037225559,630.4999999997034,1934.06117238234
23026,38.38217037225559,630.5199999997034,1934.0861321710381
23027,38.38217037225559,630.5399999997034,1934.1110913938337
23028,38.38217037225559,630.5599999997033,1934.1360500506926
23029,38.38217037225559,630.5799999997033,1934.1610081415804
23030,38.38217037225559,630.5999999997033,1934.185965666463
23031,38.38217037225559,630.6199999997033,1934.2109226253062
23032,38.38217037225559,630.6399999997033,1934.2358790180756
23033,38.38217037225559,630.6599999997032,1934.260834844737
23034,38.38217037225559,630.6799999997032,1934.2857901052562
23035,38.38217037225559,630.6999999997032,1934.310744799599
23036,38.38217037225559,630.7199999997032,1934.335698927731
23037,38.38217037225559,630.7399999997032,1934.3606524896184
23038,38.38217037225559,630.7599999997032,1934.3856054852265
23039,38.38217037225559,630.7799999997031,1934.4105579145212
23040,38.38217037225559,630.7999999997031,1934.4355097774683
23041,38.38217037225559,630.8199999997031,1934.4604610740337
23042,38.38217037225559,630.8399999997031,1934.4854118041828
23043,38.38217037225559,630.8599999997031,1934.5103619678819
23044,38.38217037225559,630.879999999703,1934.5353115650964
23045,38.38217037225559,630.899999999703,1934.5602605957922
23046,38.38217037225559,630.919999999703,1934.585209059935
23047,38.38217037225559,630.939999999703,1934.6101569574907
23048,38.38217037225559,630.959999999703,1934.6351042884248
23049,38.38217037225559,630.979999999703,1934.6600510527035
23050,38.38217037225559,630.9999999997029,1934.684997250292
23051,38.38217037225559,631.0199999997029,1934.7099428811566
23052,38.38217037225559,631.0399999997029,1934.734887945263
23053,38.38217037225559,631.0599999997029,1934.7598324426099
23054,38.38217037225559,631.0799999997029,1934.7847763742398
23055,38.38217037225559,631.0999999997028,1934.8097197408977
23056,38.38217037225559,631.1199999997028,1934.8346625425495
23057,38.38217037225559,631.1399999997028,1934.859604779161
23058,38.38217037225559,631.1599999997028,1934.8845464506978
23059,38.38217037225559,631.1799999997028,1934.909487557126
23060,38.38217037225559,631.1999999997028,1934.9344280984117
23061,38.38217037225559,631.2199999997027,1934.9593680745204
23062,38.38217037225559,631.2399999997027,1934.984307485418
23063,38.38217037225559,631.2599999997027,1935.0092463310702
23064,38.38217037225559,631.2799999997027,1935.0341846114432
23065,38.38217037225559,631.2999999997027,1935.0591223265026
23066,38.38217037225559,631.3199999997026,1935.0840594762142
23067,38.38217037225559,631.3399999997026,1935.108996060544
23068,38.38217037225559,631.3599999997026,1935.133932079458
23069,38.38217037225559,631.3799999997026,1935.1588675329217
23070,38.38217037225559,631.3999999997026,1935.183802420901
23071,38.38217037225559,631.4199999997026,1935.208736743362
23072,38.38217037225559,631.4399999997025,1935.2336705002701
23073,38.38217037225559,631.4599999997025,1935.2586036915916
23074,38.38217037225559,631.4799999997025,1935.2835363172921
23075,38.38217037225559,631.4999999997025,1935.3084683773377
23076,38.38217037225559,631.5199999997025,1935.3333998716942
23077,38.38217037225559,631.5399999997024,1935.3583308003272
23078,38.38217037225559,631.5599999997024,1935.3832611632029
23079,38.38217037225559,631.5799999997024,1935.408190960287
23080,38.38217037225559,631.5999999997024,1935.4331201915452
23081,38.38217037225559,631.6199999997024,1935.4580488569434
23082,38.38217037225559,631.6399999997024,1935.4829769564476
23083,38.38217037225559,631.6599999997023,1935.5079044900235
23084,38.38217037225559,631.6799999997023,1935.5328314576373
23085,38.38217037225559,631.6999999997023,1935.5577578592545
23086,38.38217037225559,631.7199999997023,1935.582683694841
23087,38.38217037225559,631.7399999997023,1935.607608964363
23088,38.38217037225559,631.7599999997022,1935.6325336677858
23089,38.38217037225559,631.7799999997022,1935.6574578050756
23090,38.38217037225559,631.7999999997022,1935.6823813761982
23091,38.38217037225559,631.8199999997022,1935.7073043811197
23092,38.38217037225559,631.8399999997022,1935.7322268198056
23093,38.38217037225559,631.8599999997022,1935.757148692222
23094,38.38217037225559,631.8799999997021,1935.7820699983347
23095,38.38217037225559,631.8999999997021,1935.8069907381093
23096,38.38217037225559,631.9199999997021,1935.831910911512
23097,38.38217037225559,631.9399999997021,1935.8568305185086
23098,38.38217037225559,631.9599999997021,1935.881749559065
23099,38.38217037225559,631.979999999702,1935.9066680331468
23100,38.38217037225559,631.999999999702,1935.9315859407202
23101,38.38217037225559,632.019999999702,1935.9565032817509
23102,38.38217037225559,632.039999999702,1935.9814200562048
23103,38.38217037225559,632.059999999702,1936.0063362640476
23104,38.38217037225559,632.079999999702,1936.0312519053036
23105,38.38217037225559,632.0999999997019,1936.0561669811655
23106,38.38217037225559,632.1199999997019,1936.0810814923018
23107,38.38217037225559,632.1399999997019,1936.1059954386783
23108,38.38217037225559,632.1599999997019,1936.130908820261
23109,38.38217037225559,632.1799999997019,1936.155821637016
23110,38.38217037225559,632.1999999997018,1936.1807338889091
23111,38.38217037225559,632.2199999997018,1936.2056455759061
23112,38.38217037225559,632.2399999997018,1936.2305566979733
23113,38.38217037225559,632.2599999997018,1936.2554672550764
23114,38.38217037225559,632.2799999997018,1936.2803772471814
23115,38.38217037225559,632.2999999997018,1936.3052866742544
23116,38.38217037225559,632.3199999997017,1936.330195536261
23117,38.38217037225559,632.3399999997017,1936.3551038331675
23118,38.38217037225559,632.3599999997017,1936.3800115649399
23119,38.38217037225559,632.3799999997017,1936.4049187315438
23120,38.38217037225559,632.3999999997017,1936.4298253329455
23121,38.38217037225559,632.4199999997016,1936.4547313691107
23122,38.38217037225559,632.4399999997016,1936.4796368400057
23123,38.38217037225559,632.4599999997016,1936.5045417455963
23124,38.38217037225559,632.4799999997016,1936.5294460858483
23125,38.38217037225559,632.4999999997016,1936.5543498607278
23126,38.38217037225559,632.5199999997016,1936.5792530702006
23127,38.38217037225559,632.5399999997015,1936.6041557142328
23128,38.38217037225559,632.5599999997015,1936.6290577927905
23129,38.38217037225559,632.5799999997015,1936.6539593058394
23130,38.38217037225559,632.5999999997015,1936.6788602533456
23131,38.38217037225559,632.6199999997015,1936.703760635275
23132,38.38217037225559,632.6399999997014,1936.7286604515937
23133,38.38217037225559,632.6599999997014,1936.7535597022675
23134,38.38217037225559,632.6799999997014,1936.7784583872624
23135,38.38217037225559,632.6999999997014,1936.8033565065443
23136,38.38217037225559,632.7199999997014,1936.8282540600794
23137,38.38217037225559,632.7399999997014,1936.8531510478335
23138,38.38217037225559,632.7599999997013,1936.8780474697726
23139,38.38217037225559,632.7799999997013,1936.9029433258627
23140,38.38217037225559,632.7999999997013,1936.9278386160697
23141,38.38217037225559,632.8199999997013,1936.9527333403596
23142,38.38217037225559,632.8399999997013,1936.9776274986984
23143,38.38217037225559,632.8599999997012,1937.0025210910521
23144,38.38217037225559,632.8799999997012,1937.0274141173866
23145,38.38217037225559,632.8999999997012,1937.0523065776679
23146,38.38217037225559,632.9199999997012,1937.077198471862
23147,38.38217037225559,632.9399999997012,1937.1020897999347
23148,38.38217037225559,632.9599999997012,1937.1269805618522
23149,38.38217037225559,632.9799999997011,1937.1518707575804
23150,38.38217037225559,632.9999999997011,1937.176760387085
23151,38.38217037225559,633.0199999997011,1937.2016494503325
23152,38.38217037225559,633.0399999997011,1937.2265379472885
23153,38.38217037225559,633.0599999997011,1937.2514258779192
23154,38.38217037225559,633.079999999701,1937.2763132421903
23155,38.38217037225559,633.099999999701,1937.3012000401538
23156,38.38217037225559,633.119999999701,1937.3260862731618
23157,38.38217037225559,633.139999999701,1937.3509719417946
23158,38.38217037225559,633.159999999701,1937.3758570460182
23159,38.38217037225559,633.179999999701,1937.4007415857989
23160,38.38217037225559,633.1999999997009,1937.4256255611028
23161,38.38217037225559,633.2199999997009,1937.450508971896
23162,38.38217037225559,633.2399999997009,1937.4753918181443
23163,38.38217037225559,633.2599999997009,1937.500274099814
23164,38.38217037225559,633.2799999997009,1937.5251558168713
23165,38.38217037225559,633.2999999997008,1937.5500369692822
23166,38.38217037225559,633.3199999997008,1937.5749175570127
23167,38.38217037225559,633.3399999997008,1937.599797580029
23168,38.38217037225559,633.3599999997008,1937.624677038297
23169,38.38217037225559,633.3799999997008,1937.649555931783
23170,38.38217037225559,633.3999999997008,1937.674434260453
23171,38.38217037225559,633.4199999997007,1937.699312024273
23172,38.38217037225559,633.4399999997007,1937.7241892232094
23173,38.38217037225559,633.4599999997007,1937.749065857228
23174,38.38217037225559,633.4799999997007,1937.773941926295
23175,38.38217037225559,633.4999999997007,1937.7988174303766
23176,38.38217037225559,633.5199999997006,1937.8236923694387
23177,38.38217037225559,633.5399999997006,1937.8485667434475
23178,38.38217037225559,633.5599999997006,1937.873440552369
23179,38.38217037225559,633.5799999997006,1937.8983137961693
23180,38.38217037225559,633.5999999997006,1937.9231864748147
23181,38.38217037225559,633.6199999997006,1937.9480585882711
23182,38.38217037225559,633.6399999997005,1937.9729301365048
23183,38.38217037225559,633.6599999997005,1937.9978011194817
23184,38.38217037225559,633.6799999997005,1938.022671537168
23185,38.38217037225559,633.6999999997005,1938.0475413895297
23186,38.38217037225559,633.7199999997005,1938.0724106765329
23187,38.38217037225559,633.7399999997004,1938.0972793981439
23188,38.38217037225559,633.7599999997004,1938.1221475543286
23189,38.38217037225559,633.7799999997004,1938.1470151450533
23190,38.38217037225559,633.7999999997004,1938.1718821702839
23191,38.38217037225559,633.8199999997004,1938.1967486299864
23192,38.32240956237816,633.8399999997004,1938.221614524127
23193,38.32240956237816,633.8599999997003,1938.246479852672
23194,38.32240956237816,633.8799999997003,1938.2713446155874
23195,38.32240956237816,633.8999999997003,1938.2962088128393
23196,38.32240956237816,633.9199999997003,1938.3210724443936
23197,38.32240956237816,633.9399999997003,1938.3459355102168
23198,38.32240956237816,633.9599999997002,1938.3707980102747
23199,38.32240956237816,633.9799999997002,1938.3956599445335
23200,38.32240956237816,633.9999999997002,1938.4205213129594
23201,38.32240956237816,634.0199999997002,1938.4453821155184
23202,38.32240956237816,634.0399999997002,1938.4702423521767
23203,38.32240956237816,634.0599999997002,1938.4951020229003
23204,38.32240956237816,634.0799999997001,1938.5199611276553
23205,38.32240956237816,634.0999999997001,1938.5448196664079
23206,38.32240956237816,634.1199999997001,1938.5696776392238
23207,38.32240956237816,634.1399999997001,1938.5945350474103
23208,38.32240956237816,634.1599999997001,1938.6193918913777
23209,38.32240956237816,634.1799999997,1938.6442481710924
23210,38.32240956237816,634.1999999997,1938.6691038865204
23211,38.32240956237816,634.2199999997,1938.6939590376278
23212,38.32240956237816,634.2399999997,1938.7188136243813
23213,38.32240956237816,634.2599999997,1938.7436676467469
23214,38.32240956237816,634.2799999997,1938.7685211046908
23215,38.32240956237816,634.2999999996999,1938.7933739981793
23216,38.32240956237816,634.3199999996999,1938.8182263271788
23217,38.32240956237816,634.3399999996999,1938.8430780916553
23218,38.32240956237816,634.3599999996999,1938.8679292915754
23219,38.32240956237816,634.3799999996999,1938.892779926905
23220,38.32240956237816,634.3999999996998,1938.9176299976104
23221,38.32240956237816,634.4199999996998,1938.9424795036582
23222,38.32240956237816,634.4399999996998,1938.9673284450143
23223,38.32240956237816,634.4599999996998,1938.9921768216452
23224,38.32240956237816,634.4799999996998,1939.0170246335172
23225,38.32240956237816,634.4999999996998,1939.0418718805963
23226,38.32240956237816,634.5199999996997,1939.066718562849
23227,38.32240956237816,634.5399999996997,1939.0915646802414
23228,38.32240956237816,634.5599999996997,1939.1164102327398
23229,38.32240956237816,634.5799999996997,1939.1412552203105
23230,38.32240956237816,634.5999999996997,1939.1660996429198
23231,38.32240956237816,634.6199999996996,1939.1909435005339
23232,38.32240956237816,634.6399999996996,1939.2157867931192
23233,38.32240956237816,634.6599999996996,1939.2406295206417
23234,38.32240956237816,634.6799999996996,1939.265471683068
23235,38.32240956237816,634.6999999996996,1939.290313280364
23236,38.32240956237816,634.7199999996996,1939.3151543124964
23237,38.32240956237816,634.7399999996995,1939.339994779431
23238,38.32240956237816,634.7599999996995,1939.3648346811344
23239,38.32240956237816,634.7799999996995,1939.3896740175728
23240,38.32240956237816,634.7999999996995,1939.4145127887125
23241,38.32240956237816,634.8199999996995,1939.4393509945196
23242,38.32240956237816,634.8399999996994,1939.4641886349605
23243,38.32240956237816,634.8599999996994,1939.4890257100014
23244,38.32240956237816,634.8799999996994,1939.5138622196089
23245,38.32240956237816,634.8999999996994,1939.538698163749
23246,38.32240956237816,634.9199999996994,1939.5635335423879
23247,38.32240956237816,634.9399999996994,1939.5883683554919
23248,38.32240956237816,634.9599999996993,1939.6132026030273
23249,38.32240956237816,634.9799999996993,1939.6380362849604
23250,38.32240956237816,634.9999999996993,1939.6628694012577
23251,38.32240956237816,635.0199999996993,1939.6877019518852
23252,38.32240956237816,635.0399999996993,1939.7125339368092
23253,38.32240956237816,635.0599999996992,1939.737365355996
23254,38.32240956237816,635.0799999996992,1939.7621962094117
23255,38.32240956237816,635.0999999996992,1939.787026497023
23256,38.32240956237816,635.1199999996992,1939.8118562187958
23257,38.32240956237816,635.1399999996992,1939.8366853748237
23258,38.32240956237816,635.1599999996992,1939.8615139665635
23259,38.32240956237816,635.1799999996991,1939.8863419943286
23260,38.32240956237816,635.1999999996991,1939.9111694580854
23261,38.32240956237816,635.2199999996991,1939.9359963578001
23262,38.32240956237816,635.2399999996991,1939.9608226934392
23263,38.32240956237816,635.2599999996991,1939.985648464969
23264,38.32240956237816,635.279999999699,1940.010473671109
23265,38.32240956237816,635.299999999699,1940.0352982979734
23266,38.32240956237816,635.319999999699,1940.0601223428985
23267,38.32240956237816,635.339999999699,1940.0849458058512
23268,38.32240956237816,635.359999999699,1940.1097686867993
23269,38.32240956237816,635.379999999699,1940.13459098571
23270,38.32240956237816,635.3999999996989,1940.1594127025508
23271,38.32240956237816,635.4199999996989,1940.1842338372892
23272,38.32240956237816,635.4399999996989,1940.2090543898926
23273,38.32240956237816,635.4599999996989,1940.2338743603284
23274,38.32240956237816,635.4799999996989,1940.258693748564
23275,38.32240956237816,635.4999999996988,1940.2835125545669
23276,38.32240956237816,635.5199999996988,1940.3083307783045
23277,38.32240956237816,635.5399999996988,1940.3331484197442
23278,38.32240956237816,635.5599999996988,1940.3579654788534
23279,38.32240956237816,635.5799999996988,1940.3827819555997
23280,38.32240956237816,635.5999999996988,1940.4075978499504
23281,38.32240956237816,635.6199999996987,1940.432413161873
23282,38.32240956237816,635.6399999996987,1940.457227891335
23283,38.32240956237816,635.6599999996987,1940.4820420383035
23284,38.32240956237816,635.6799999996987,1940.5068556027463
23285,38.32240956237816,635.6999999996987,1940.5316685846308
23286,38.32240956237816,635.7199999996986,1940.5564809839243
23287,38.32240956237816,635.7399999996986,1940.5812928005944
23288,38.32240956237816,635.7599999996986,1940.6061040346083
23289,38.32240956237816,635.7799999996986,1940.6309146859337
23290,38.32240956237816,635.7999999996986,1940.655724754538
23291,38.32240956237816,635.8199999996986,1940.6805342403884
23292,38.32240956237816,635.8399999996985,1940.7053431434526
23293,38.32240956237816,635.8599999996985,1940.730151463698
23294,38.32240956237816,635.8799999996985,1940.7549592010919
23295,38.32240956237816,635.8999999996985,1940.7797663556019
23296,38.32240956237816,635.9199999996985,1940.8045729271953
23297,38.32240956237816,635.9399999996984,1940.8293789158397
23298,38.32240956237816,635.9599999996984,1940.8541843215023
23299,38.32240956237816,635.9799999996984,1940.8789891441509
23300,38.32240956237816,635.9999999996984,1940.9037933837526
23301,38.32240956237816,636.0199999996984,1940.928597040275
23302,38.32240956237816,636.0399999996984,1940.9534001136856
23303,38.32240956237816,636.0599999996983,1940.9782026039518
23304,38.32240956237816,636.0799999996983,1941.0030045110411
23305,38.32240956237816,636.0999999996983,1941.027805834921
23306,38.32240956237816,636.1199999996983,1941.052606575559
23307,38.32240956237816,636.1399999996983,1941.077406732922
23308,38.32240956237816,636.1599999996982,1941.1022063071289
23309,38.32240956237816,636.1799999996982,1941.1270052997334
23310,38.32240956237816,636.1999999996982,1941.1518037109347
23311,38.32240956237816,636.2199999996982,1941.1766015407004
23312,38.32240956237816,636.2399999996982,1941.201398788998
23313,38.32240956237816,636.2599999996982,1941.2261954557948
23314,38.32240956237816,636.2799999996981,1941.2509915410587
23315,38.32240956237816,636.2999999996981,1941.275787044757
23316,38.32240956237816,636.3199999996981,1941.300581966857
23317,38.32240956237816,636.3399999996981,1941.3253763073265
23318,38.32240956237816,636.3599999996981,1941.350170066133
23319,38.32240956237816,636.379999999698,1941.3749632432437
23320,38.32240956237816,636.399999999698,1941.3997558386263
23321,38.32240956237816,636.419999999698,1941.4245478522485
23322,38.32240956237816,636.439999999698,1941.4493392840777
23323,38.32240956237816,636.459999999698,1941.4741301340814
23324,38.32240956237816,636.479999999698,1941.498920402227
23325,38.32240956237816,636.4999999996979,1941.5237100884822
23326,38.32240956237816,636.5199999996979,1941.5484991928142
23327,38.32240956237816,636.5399999996979,1941.5732877151909
23328,38.32240956237816,636.5599999996979,1941.5980756555796
23329,38.32240956237816,636.5799999996979,1941.6228630139478
23330,38.32240956237816,636.5999999996978,1941.6476497902631
23331,38.32240956237816,636.6199999996978,1941.6724359844932
23332,38.32240956237816,636.6399999996978,1941.6972215966052
23333,38.32240956237816,636.6599999996978,1941.722006626567
23334,38.32240956237816,636.6799999996978,1941.746791074346
23335,38.32240956237816,636.6999999996978,1941.7715749399094
23336,38.32240956237816,636.7199999996977,1941.7963582232253
23337,38.32240956237816,636.7399999996977,1941.8211409242608
23338,38.32240956237816,636.7599999996977,1941.8459230429835
23339,38.32240956237816,636.7799999996977,1941.870704579361
23340,38.32240956237816,636.7999999996977,1941.8954855333607
23341,38.32240956237816,636.8199999996976,1941.9202659049502
23342,38.32240956237816,636.8399999996976,1941.945045694097
23343,38.32240956237816,636.8599999996976,1941.9698249007688
23344,38.32240956237816,636.8799999996976,1941.994603524933
23345,38.32240956237816,636.8999999996976,1942.019381566557
23346,38.32240956237816,636.9199999996976,1942.0441590256085
23347,38.32240956237816,636.9399999996975,1942.0689359020548
23348,38.32240956237816,636.9599999996975,1942.0937121958636
23349,38.32240956237816,636.9799999996975,1942.1184879070026
23350,38.32240956237816,636.9999999996975,1942.143263035439
23351,38.32240956237816,637.0199999996975,1942.1680375811407
23352,38.32240956237816,637.0399999996974,1942.1928115440749
23353,38.32240956237816,637.0599999996974,1942.2175849242092
23354,38.32240956237816,637.0799999996974,1942.242357721511
23355,38.32240956237816,637.0999999996974,1942.2671299359483
23356,38.32240956237816,637.1199999996974,1942.2919015674881
23357,38.32240956237816,637.1399999996974,1942.3166726160982
23358,38.32240956237816,637.1599999996973,1942.341443081746
23359,38.32240956237816,637.1799999996973,1942.3662129646216
23360,38.32240956237816,637.1999999996973,1942.3909822663654
23361,38.32240956237816,637.2199999996973,1942.4157509871065
23362,38.32240956237816,637.2399999996973,1942.4405191268124
23363,38.32240956237816,637.2599999996972,1942.4652866854508
23364,38.32240956237816,637.2799999996972,1942.490053662989
23365,38.32240956237816,637.2999999996972,1942.5148200593949
23366,38.32240956237816,637.3199999996972,1942.5395858746358
23367,38.32240956237816,637.3399999996972,1942.5643511086796
23368,38.32240956237816,637.3599999996972,1942.5891157614935
23369,38.32240956237816,637.3799999996971,1942.6138798330455
23370,38.32240956237816,637.3999999996971,1942.6386433233029
23371,38.32240956237816,637.4199999996971,1942.6634062322332
23372,38.32240956237816,637.4399999996971,1942.6881685598044
23373,38.32240956237816,637.4599999996971,1942.7129303059837
23374,38.32240956237816,637.479999999697,1942.737691470739
23375,38.32240956237816,637.499999999697,1942.7624520540378
23376,38.32240956237816,637.519999999697,1942.7872120558475
23377,38.32240956237816,637.539999999697,1942.8119714761358
23378,38.32240956237816,637.559999999697,1942.8367303148705
23379,38.32240956237816,637.579999999697,1942.8614885720187
23380,38.32240956237816,637.5999999996969,1942.8862462475486
23381,38.26280367039598,637.6199999996969,1942.9110033414274
23382,38.26280367039598,637.6399999996969,1942.9357598536228
23383,38.26280367039598,637.6599999996969,1942.9605157841024
23384,38.26280367039598,637.6799999996969,1942.9852711328338
23385,38.26280367039598,637.6999999996968,1943.0100258997845
23386,38.26280367039598,637.7199999996968,1943.0347800849222
23387,38.26280367039598,637.7399999996968,1943.0595336882145
23388,38.26280367039598,637.7599999996968,1943.084286709629
23389,38.26280367039598,637.7799999996968,1943.1090391491332
23390,38.26280367039598,637.7999999996968,1943.133791006695
23391,38.26280367039598,637.8199999996967,1943.1585422822816
23392,38.26280367039598,637.8399999996967,1943.183292975861
23393,38.26280367039598,637.8599999996967,1943.2080430874005
23394,38.26280367039598,637.8799999996967,1943.2327926168678
23395,38.26280367039598,637.8999999996967,1943.2575415642305
23396,38.26280367039598,637.9199999996966,1943.282289929456
23397,38.26280367039598,637.9399999996966,1943.3070377125123
23398,38.26280367039598,637.9599999996966,1943.3317849133668
23399,38.26280367039598,637.9799999996966,1943.3565315319872
23400,38.26280367039598,637.9999999996966,1943.381277568341
23401,38.26280367039598,638.0199999996966,1943.4060230223956
23402,38.26280367039598,638.0399999996965,1943.430767894119
23403,38.26280367039598,638.0599999996965,1943.4555121834787
23404,38.26280367039598,638.0799999996965,1943.480255890442
23405,38.26280367039598,638.0999999996965,1943.504999014977
23406,38.26280367039598,638.1199999996965,1943.529741557051
23407,38.26280367039598,638.1399999996964,1943.5544835166318
23408,38.26280367039598,638.1599999996964,1943.5792248936868
23409,38.26280367039598,638.1799999996964,1943.6039656881837
23410,38.26280367039598,638.1999999996964,1943.6287059003987
23411,38.26280367039598,638.2199999996964,1943.653445531716
23412,38.26280367039598,638.2399999996964,1943.6781845822263
23413,38.26280367039598,638.2599999996963,1943.7029230518972
23414,38.26280367039598,638.2799999996963,1943.7276609406963
23415,38.26280367039598,638.2999999996963,1943.7523982485914
23416,38.26280367039598,638.3199999996963,1943.7771349755499
23417,38.26280367039598,638.3399999996963,1943.8018711215398
23418,38.26280367039598,638.3599999996962,1943.8266066865285
23419,38.26280367039598,638.3799999996962,1943.8513416704839
23420,38.26280367039598,638.3999999996962,1943.8760760733735
23421,38.26280367039598,638.4199999996962,1943.900809895165
23422,38.26280367039598,638.4399999996962,1943.9255431358258
23423,38.26280367039598,638.4599999996962,1943.950275795324
23424,38.26280367039598,638.4799999996961,1943.975007873627
23425,38.26280367039598,638.4999999996961,1943.9997393707026
23426,38.26280367039598,638.5199999996961,1944.0244702865184
23427,38.26280367039598,638.5399999996961,1944.049200621042
23428,38.26280367039598,638.5599999996961,1944.0739303742412
23429,38.26280367039598,638.579999999696,1944.0986595460836
23430,38.26280367039598,638.599999999696,1944.1233881365367
23431,38.26280367039598,638.619999999696,1944.1481161455686
23432,38.26280367039598,638.639999999696,1944.1728435731466
23433,38.26280367039598,638.659999999696,1944.1975704192384
23434,38.26280367039598,638.679999999696,1944.2222966838117
23435,38.26280367039598,638.6999999996959,1944.2470223668342
23436,38.26280367039598,638.7199999996959,1944.2717474682736
23437,38.26280367039598,638.7399999996959,1944.2964719880977
23438,38.26280367039598,638.7599999996959,1944.321195926274
23439,38.26280367039598,638.7799999996959,1944.34591928277
23440,38.26280367039598,638.7999999996958,1944.3706420575536
23441,38.26280367039598,638.8199999996958,1944.3953642505924
23442,38.26280367039598,638.8399999996958,1944.4200858618542
23443,38.26280367039598,638.8599999996958,1944.4448068913066
23444,38.26280367039598,638.8799999996958,1944.4695273389173
23445,38.26280367039598,638.8999999996958,1944.494247204654
23446,38.26280367039598,638.9199999996957,1944.518966488484
23447,38.26280367039598,638.9399999996957,1944.5436851903755
23448,38.26280367039598,638.9599999996957,1944.568403310296
23449,38.26280367039598,638.9799999996957,1944.593120848213
23450,38.26280367039598,638.9999999996957,1944.6178378040943
23451,38.26280367039598,639.0199999996956,1944.6425541779076
23452,38.26280367039598,639.0399999996956,1944.6672699696207
23453,38.26280367039598,639.0599999996956,1944.691985179201
23454,38.26280367039598,639.0799999996956,1944.7166998066166
23455,38.26280367039598,639.0999999996956,1944.7414138518347
23456,38.26280367039598,639.1199999996956,1944.7661273148233
23457,38.26280367039598,639.1399999996955,1944.79084019555
23458,38.26280367039598,639.1599999996955,1944.8155524939823
23459,38.26280367039598,639.1799999996955,1944.8402642100882
23460,38.26280367039598,639.1999999996955,1944.864975343835
23461,38.26280367039598,639.2199999996955,1944.88968589563
23462,38.26280367039598,639.2399999996954,1944.9143958668378
23463,38.26280367039598,639.2599999996954,1944.9391052575327
23464,38.26280367039598,639.2799999996954,1944.9638140676825
23465,38.26280367039598,639.2999999996954,1944.988522297255
23466,38.26280367039598,639.3199999996954,1945.013229946218
23467,38.26280367039598,639.3399999996954,1945.037937014539
23468,38.26280367039598,639.3599999996953,1945.062643502186
23469,38.26280367039598,639.3799999996953,1945.0873494091265
23470,38.26280367039598,639.3999999996953,1945.1120547353287
23471,38.26280367039598,639.4199999996953,1945.13675948076
23472,38.26280367039598,639.4399999996953,1945.1614636453885
23473,38.26280367039598,639.4599999996952,1945.1861672291816
23474,38.26280367039598,639.4799999996952,1945.2108702321073
23475,38.26280367039598,639.4999999996952,1945.2355726541332
23476,38.26280367039598,639.5199999996952,1945.2602744952271
23477,38.26280367039598,639.5399999996952,1945.284975755357
23478,38.26280367039598,639.5599999996952,1945.3096764344905
23479,38.26280367039598,639.5799999996951,1945.3343765325953
23480,38.26280367039598,639.5999999996951,1945.3590760496393
23481,38.26280367039598,639.6199999996951,1945.3837749855902
23482,38.26280367039598,639.6399999996951,1945.4084733404156
23483,38.26280367039598,639.6599999996951,1945.4331711140835
23484,38.26280367039598,639.679999999695,1945.4578683065617
23485,38.26280367039598,639.699999999695,1945.4825649178179
23486,38.26280367039598,639.719999999695,1945.5072609478198
23487,38.26280367039598,639.739999999695,1945.5319563965352
23488,38.26280367039598,639.759999999695,1945.5566512639318
23489,38.26280367039598,639.779999999695,1945.5813455499776
23490,38.26280367039598,639.7999999996949,1945.6060392546403
23491,38.26280367039598,639.8199999996949,1945.6307323778876
23492,38.26280367039598,639.8399999996949,1945.6554249196874
23493,38.26280367039598,639.8599999996949,1945.6801168800073
23494,38.26280367039598,639.8799999996949,1945.704808258815
23495,38.26280367039598,639.8999999996948,1945.7294990560788
23496,38.26280367039598,639.9199999996948,1945.7541892717659
23497,38.26280367039598,639.9399999996948,1945.7788789058443
23498,38.26280367039598,639.9599999996948,1945.8035679582817
23499,38.26280367039598,639.9799999996948,1945.8282564290462
23500,38.26280367039598,639.9999999996948,1945.852944318105
23501,38.26280367039598,640.0199999996947,1945.8776316254264
23502,38.26280367039598,640.0399999996947,1945.902318350978
23503,38.26280367039598,640.0599999996947,1945.9270044947275
23504,38.26280367039598,640.0799999996947,1945.9516900566427
23505,38.26280367039598,640.0999999996947,1945.9763750366917
23506,38.26280367039598,640.1199999996946,1946.0010594348419
23507,38.26280367039598,640.1399999996946,1946.0257432510612
23508,38.26280367039598,640.1599999996946,1946.0504264853173
23509,38.26280367039598,640.1799999996946,1946.0751091375782
23510,38.26280367039598,640.1999999996946,1946.0997912078117
23511,38.26280367039598,640.2199999996946,1946.1244726959853
23512,38.26280367039598,640.2399999996945,1946.1491536026251
23513,38.26280367039598,640.2599999996945,1946.173833929015
23514,38.26280367039598,640.2799999996945,1946.198513675207
23515,38.26280367039598,640.2999999996945,1946.223192841169
23516,38.26280367039598,640.3199999996945,1946.2478714268689
23517,38.26280367039598,640.3399999996944,1946.272549432274
23518,38.26280367039598,640.3599999996944,1946.2972268573524
23519,38.26280367039598,640.3799999996944,1946.3219037020717
23520,38.26280367039598,640.3999999996944,1946.3465799664
23521,38.26280367039598,640.4199999996944,1946.3712556503046
23522,38.26280367039598,640.4399999996944,1946.3959307537536
23523,38.26280367039598,640.4599999996943,1946.4206052767147
23524,38.26280367039598,640.4799999996943,1946.4452792191557
23525,38.26280367039598,640.4999999996943,1946.4699525810445
23526,38.26280367039598,640.5199999996943,1946.4946253623486
23527,38.26280367039598,640.5399999996943,1946.519297563036
23528,38.26280367039598,640.5599999996942,1946.5439691830743
23529,38.26280367039598,640.5799999996942,1946.5686402224314
23530,38.26280367039598,640.5999999996942,1946.593310681075
23531,38.26280367039598,640.6199999996942,1946.617980558973
23532,38.26280367039598,640.6399999996942,1946.642649856093
23533,38.26280367039598,640.6599999996942,1946.6673185724028
23534,38.26280367039598,640.6799999996941,1946.6919867078705
23535,38.26280367039598,640.6999999996941,1946.7166542624636
23536,38.26280367039598,640.7199999996941,1946.74132123615
23537,38.26280367039598,640.7399999996941,1946.7659876288974
23538,38.26280367039598,640.7599999996941,1946.7906534406736
23539,38.26280367039598,640.779999999694,1946.8153186714464
23540,38.26280367039598,640.799999999694,1946.8399833211836
23541,38.26280367039598,640.819999999694,1946.864647389853
23542,38.26280367039598,640.839999999694,1946.8893108774223
23543,38.26280367039598,640.859999999694,1946.9139737838593
23544,38.26280367039598,640.879999999694,1946.938636109132
23545,38.26280367039598,640.8999999996939,1946.963297853208
23546,38.26280367039598,640.9199999996939,1946.987959016055
23547,38.26280367039598,640.9399999996939,1947.0126195976409
23548,38.26280367039598,640.9599999996939,1947.0372795979335
23549,38.26280367039598,640.9799999996939,1947.0619390169006
23550,38.26280367039598,640.9999999996938,1947.08659785451
23551,38.26280367039598,641.0199999996938,1947.1112561107295
23552,38.26280367039598,641.0399999996938,1947.1359137855268
23553,38.26280367039598,641.0599999996938,1947.1605708788697
23554,38.26280367039598,641.0799999996938,1947.1852273907261
23555,38.26280367039598,641.0999999996938,1947.2098833210637
23556,38.26280367039598,641.1199999996937,1947.2345386698503
23557,38.26280367039598,641.1399999996937,1947.2591934370537
23558,38.26280367039598,641.1599999996937,1947.2838476226418
23559,38.26280367039598,641.1799999996937,1947.3085012265824
23560,38.26280367039598,641.1999999996937,1947.3331542488431
23561,38.26280367039598,641.2199999996936,1947.3578066893917
23562,38.26280367039598,641.2399999996936,1947.3824585481962
23563,38.26280367039598,641.2599999996936,1947.4071098259203
23564,38.26280367039598,641.2799999996936,1947.4317605237968
23565,38.20335213466054,641.2999999996936,1947.456410641857
23566,38.20335213466054,641.3199999996936,1947.481060180069
23567,38.20335213466054,641.3399999996935,1947.5057091384012
23568,38.20335213466054,641.3599999996935,1947.5303575168216
23569,38.20335213466054,641.3799999996935,1947.5550053152983
23570,38.20335213466054,641.3999999996935,1947.5796525337998
23571,38.20335213466054,641.4199999996935,1947.604299172294
23572,38.20335213466054,641.4399999996934,1947.6289452307494
23573,38.20335213466054,641.4599999996934,1947.653590709134
23574,38.20335213466054,641.4799999996934,1947.6782356074161
23575,38.20335213466054,641.4999999996934,1947.7028799255638
23576,38.20335213466054,641.5199999996934,1947.7275236635455
23577,38.20335213466054,641.5399999996934,1947.7521668213292
23578,38.20335213466054,641.5599999996933,1947.7768093988832
23579,38.20335213466054,641.5799999996933,1947.8014513961757
23580,38.20335213466054,641.5999999996933,1947.826092813175
23581,38.20335213466054,641.6199999996933,1947.850733649849
23582,38.20335213466054,641.6399999996933,1947.875373906166
23583,38.20335213466054,641.6599999996932,1947.9000135820945
23584,38.20335213466054,641.6799999996932,1947.9246526776026
23585,38.20335213466054,641.6999999996932,1947.9492911926582
23586,38.20335213466054,641.7199999996932,1947.9739291272297
23587,38.20335213466054,641.7399999996932,1947.9985664812855
23588,38.20335213466054,641.7599999996932,1948.0232032547935
23589,38.20335213466054,641.7799999996931,1948.0478394477223
23590,38.20335213466054,641.7999999996931,1948.0724750600396
23591,38.20335213466054,641.8199999996931,1948.0971100917138
23592,38.20335213466054,641.8399999996931,1948.1217445427135
23593,38.20335213466054,641.8599999996931,1948.1463784130065
23594,38.20335213466054,641.879999999693,1948.1710117025611
23595,38.20335213466054,641.899999999693,1948.1956444113455
23596,38.20335213466054,641.919999999693,1948.2202765393279
23597,38.20335213466054,641.939999999693,1948.2449080864767
23598,38.20335213466054,641.959999999693,1948.26953905276
23599,38.20335213466054,641.979999999693,1948.294169438146
23600,38.20335213466054,641.9999999996929,1948.3187992426026
23601,38.20335213466054,642.0199999996929,1948.3434284660984
23602,38.20335213466054,642.0399999996929,1948.3680571086018
23603,38.20335213466054,642.0599999996929,1948.3926851700805
23604,38.20335213466054,642.0799999996929,1948.4173126505032
23605,38.20335213466054,642.0999999996928,1948.4419395498378
23606,38.20335213466054,642.1199999996928,1948.4665658680526
23607,38.20335213466054,642.1399999996928,1948.4911916051158
23608,38.20335213466054,642.1599999996928,1948.5158167609957
23609,38.20335213466054,642.1799999996928,1948.5404413356605
23610,38.20335213466054,642.1999999996927,1948.5650653290784
23611,38.20335213466054,642.2199999996927,1948.5896887412175
23612,38.20335213466054,642.2399999996927,1948.6143115720463
23613,38.20335213466054,642.2599999996927,1948.6389338215329
23614,38.20335213466054,642.2799999996927,1948.663555490386
23615,38.20335213466054,642.2999999996927,1948.6881765796356
23616,38.20335213466054,642.3199999996926,1948.7127970892857
23617,38.20335213466054,642.3399999996926,1948.7374170193043
23618,38.20335213466054,642.3599999996926,1948.7620363696597
23619,38.20335213466054,642.3799999996926,1948.7866551403201
23620,38.20335213466054,642.3999999996926,1948.811273331254
23621,38.20335213466054,642.4199999996925,1948.8358909424292
23622,38.20335213466054,642.4399999996925,1948.860507973814
23623,38.20335213466054,642.4599999996925,1948.885124425377
23624,38.20335213466054,642.4799999996925,1948.909740297086
23625,38.20335213466054,642.4999999996925,1948.9343555889095
23626,38.20335213466054,642.5199999996925,1948.9589703008155
23627,38.20335213466054,642.5399999996924,1948.9835844327724
23628,38.20335213466054,642.5599999996924,1949.0081979847484
23629,38.20335213466054,642.5799999996924,1949.0328109567117
23630,38.20335213466054,642.5999999996924,1949.0574233486307
23631,38.20335213466054,642.6199999996924,1949.0820351604732
23632,38.20335213466054,642.6399999996923,1949.1066463922077
23633,38.20335213466054,642.6599999996923,1949.1312570438026
23634,38.20335213466054,642.6799999996923,1949.1558671152259
23635,38.20335213466054,642.6999999996923,1949.1804766064458
23636,38.20335213466054,642.7199999996923,1949.2050855174307
23637,38.20335213466054,642.7399999996923,1949.2296938481486
23638,38.20335213466054,642.7599999996922,1949.254301598568
23639,38.20335213466054,642.7799999996922,1949.278908768657
23640,38.20335213466054,642.7999999996922,1949.3035153583837
23641,38.20335213466054,642.8199999996922,1949.3281213677167
23642,38.20335213466054,642.8399999996922,1949.352726796624
23643,38.20335213466054,642.8599999996921,1949.3773316450738
23644,38.20335213466054,642.8799999996921,1949.4019359130343
23645,38.20335213466054,642.8999999996921,1949.426539600474
23646,38.20335213466054,642.9199999996921,1949.4511427073608
23647,38.20335213466054,642.9399999996921,1949.475745233663
23648,38.20335213466054,642.9599999996921,1949.500347179349
23649,38.20335213466054,642.979999999692,1949.5249485443871
23650,38.20335213466054,642.999999999692,1949.5495493287453
23651,38.20335213466054,643.019999999692,1949.574149532392
23652,38.20335213466054,643.039999999692,1949.5987491552955
23653,38.20335213466054,643.059999999692,1949.6233481974239
23654,38.20335213466054,643.079999999692,1949.6479466587452
23655,38.20335213466054,643.0999999996919,1949.672544539228
23656,38.20335213466054,643.1199999996919,1949.6971418388405
23657,38.20335213466054,643.1399999996919,1949.721738557551
23658,38.20335213466054,643.1599999996919,1949.7463346953275
23659,38.20335213466054,643.1799999996919,1949.7709302521384
23660,38.20335213466054,643.1999999996918,1949.795525227952
23661,38.20335213466054,643.2199999996918,1949.8201196227367
23662,38.20335213466054,643.2399999996918,1949.8447134364603
23663,38.20335213466054,643.2599999996918,1949.8693066690912
23664,38.20335213466054,643.2799999996918,1949.8938993205977
23665,38.20335213466054,643.2999999996917,1949.9184913918396
23666,38.20335213466054,643.3199999996917,1949.9430828838085
23667,38.20335213466054,643.3399999996917,1949.9676737964878
23668,38.20335213466054,643.3599999996917,1949.9922641298458
23669,38.20335213466054,643.3799999996917,1950.0168538796243
23670,38.20335213466054,643.3999999996917,1950.041443033179
23671,38.20335213466054,643.4199999996916,1950.0660315895477
23672,38.20335213466054,643.4399999996916,1950.0906195487
23673,38.20335213466054,643.4599999996916,1950.1152069106056
23674,38.20335213466054,643.4799999996916,1950.1397936752337
23675,38.20335213466054,643.4999999996916,1950.164379842554
23676,38.20335213466054,643.5199999996915,1950.188965412536
23677,38.20335213466054,643.5399999996915,1950.2135503851491
23678,38.20335213466054,643.5599999996915,1950.238134760363
23679,38.20335213466054,643.5799999996915,1950.262718538147
23680,38.20335213466054,643.5999999996915,1950.2873017184709
23681,38.20335213466054,643.6199999996915,1950.3118843013037
23682,38.20335213466054,643.6399999996914,1950.3364662866154
23683,38.20335213466054,643.6599999996914,1950.3610476743754
23684,38.20335213466054,643.6799999996914,1950.3856284645533
23685,38.20335213466054,643.6999999996914,1950.4102086571183
23686,38.20335213466054,643.7199999996914,1950.4347882520403
23687,38.20335213466054,643.7399999996913,1950.4593672492886
23688,38.20335213466054,643.7599999996913,1950.4839456488328
23689,38.20335213466054,643.7799999996913,1950.5085234506423
23690,38.20335213466054,643.7999999996913,1950.533100654687
23691,38.20335213466054,643.8199999996913,1950.5576772609359
23692,38.20335213466054,643.8399999996913,1950.5822532693587
23693,38.20335213466054,643.8599999996912,1950.6068286799252
23694,38.20335213466054,643.8799999996912,1950.6314034926047
23695,38.20335213466054,643.8999999996912,1950.6559777073667
23696,38.20335213466054,643.9199999996912,1950.6805513241807
23697,38.20335213466054,643.9399999996912,1950.7051243430162
23698,38.20335213466054,643.9599999996911,1950.729696763843
23699,38.20335213466054,643.9799999996911,1950.7542685866306
23700,38.20335213466054,643.9999999996911,1950.7788398113482
23701,38.20335213466054,644.0199999996911,1950.8034104379656
23702,38.20335213466054,644.0399999996911,1950.8279804664521
23703,38.20335213466054,644.0599999996911,1950.8525498967774
23704,38.20335213466054,644.079999999691,1950.877118728911
23705,38.20335213466054,644.099999999691,1950.9016869628224
23706,38.20335213466054,644.119999999691,1950.9262545984811
23707,38.20335213466054,644.139999999691,1950.950821635857
23708,38.20335213466054,644.159999999691,1950.9753880749192
23709,38.20335213466054,644.179999999691,1950.9999539156374
23710,38.20335213466054,644.1999999996909,1951.024519157981
23711,38.20335213466054,644.2199999996909,1951.0490838019198
23712,38.20335213466054,644.2399999996909,1951.073647847423
23713,38.20335213466054,644.2599999996909,1951.0982112944603
23714,38.20335213466054,644.2799999996909,1951.1227741430014
23715,38.20335213466054,644.2999999996908,1951.147336393024
23716,38.20335213466054,644.3199999996908,1951.1718980455432
23717,38.20335213466054,644.3399999996908,1951.1964591014978
23718,38.20335213466054,644.3599999996908,1951.2210195608573
23719,38.20335213466054,644.3799999996908,1951.2455794235914
23720,38.20335213466054,644.3999999996907,1951.2701386896697
23721,38.20335213466054,644.4199999996907,1951.2946973590617
23722,38.20335213466054,644.4399999996907,1951.319255431737
23723,38.20335213466054,644.4599999996907,1951.3438129076653
23724,38.20335213466054,644.4799999996907,1951.368369786816
23725,38.20335213466054,644.4999999996907,1951.3929260691586
23726,38.20335213466054,644.5199999996906,1951.417481754663
23727,38.20335213466054,644.5399999996906,1951.4420368432984
23728,38.20335213466054,644.5599999996906,1951.4665913350348
23729,38.20335213466054,644.5799999996906,1951.4911452298413
23730,38.20335213466054,644.5999999996906,1951.5156985276878
23731,38.20335213466054,644.6199999996905,1951.5402512285439
23732,38.20335213466054,644.6399999996905,1951.5648033323791
23733,38.20335213466054,644.6599999996905,1951.589354839163
23734,38.20335213466054,644.6799999996905,1951.6139057488651
23735,38.20335213466054,644.6999999996905,1951.6384560614551
23736,38.20335213466054,644.7199999996905,1951.6630057769025
23737,38.20335213466054,644.7399999996904,1951.6875548951768
23738,38.20335213466054,644.7599999996904,1951.7121034162478
23739,38.20335213466054,644.7799999996904,1951.736651340085
23740,38.20335213466054,644.7999999996904,1951.761198666658
23741,38.20335213466054,644.8199999996904,1951.7857453959364
23742,38.20335213466054,644.8399999996903,1951.8102915278896
23743,38.20335213466054,644.8599999996903,1951.8348370624874
23744,38.20335213466054,644.8799999996903,1951.8593819996993
23745,38.20335213466054,644.8999999996903,1951.883926339495
23746,38.20335213466054,644.9199999996903,1951.9084700818441
23747,38.20335213466054,644.9399999996903,1951.9330132267162
23748,38.20335213466054,644.9599999996902,1951.9575557740807
23749,38.20335213466054,644.9799999996902,1951.9820977239071
23750,38.20335213466054,644.9999999996902,1952.0066390761654
23751,38.20335213466054,645.0199999996902,1952.0311798308248
23752,38.20335213466054,645.0399999996902,1952.0557199878551
23753,38.20335213466054,645.0599999996901,1952.080259547226
23754,38.20335213466054,645.0799999996901,1952.104798508907
23755,38.14405439613861,645.0999999996901,1952.1293368728675
23756,38.14405439613861,645.1199999996901,1952.1538746390772
23757,38.14405439613861,645.1399999996901,1952.1784118075059
23758,38.14405439613861,645.1599999996901,1952.202948378123
23759,38.14405439613861,645.17999999969,1952.227484350898
23760,38.14405439613861,645.19999999969,1952.252019725801
23761,38.14405439613861,645.21999999969,1952.276554502801
23762,38.14405439613861,645.23999999969,1952.301088681868
23763,38.14405439613861,645.25999999969,1952.3256222629711
23764,38.14405439613861,645.27999999969,1952.3501552460805
23765,38.14405439613861,645.2999999996899,1952.3746876311654
23766,38.14405439613861,645.3199999996899,1952.3992194182247
23767,38.14405439613861,645.3399999996899,1952.4237506082543
23768,38.14405439613861,645.3599999996899,1952.448281201989
23769,38.14405439613861,645.3799999996899,1952.4728111993982
23770,38.14405439613861,645.3999999996898,1952.4973406004515
23771,38.14405439613861,645.4199999996898,1952.5218694051187
23772,38.14405439613861,645.4399999996898,1952.5463976133692
23773,38.14405439613861,645.4599999996898,1952.5709252251727
23774,38.14405439613861,645.4799999996898,1952.5954522404986
23775,38.14405439613861,645.4999999996897,1952.6199786593168
23776,38.14405439613861,645.5199999996897,1952.6445044815966
23777,38.14405439613861,645.5399999996897,1952.6690297073078
23778,38.14405439613861,645.5599999996897,1952.69355433642
23779,38.14405439613861,645.5799999996897,1952.7180783689028
23780,38.14405439613861,645.5999999996897,1952.7426018047256
23781,38.14405439613861,645.6199999996896,1952.7671246438583
23782,38.14405439613861,645.6399999996896,1952.7916468862704
23783,38.14405439613861,645.6599999996896,1952.8161685319315
23784,38.14405439613861,645.6799999996896,1952.8406895808112
23785,38.14405439613861,645.6999999996896,1952.865210032879
23786,38.14405439613861,645.7199999996895,1952.8897298881047
23787,38.14405439613861,645.7399999996895,1952.9142491464577
23788,38.14405439613861,645.7599999996895,1952.9387678079077
23789,38.14405439613861,645.7799999996895,1952.9632858724244
23790,38.14405439613861,645.7999999996895,1952.9878033399773
23791,38.14405439613861,645.8199999996895,1953.012320210536
23792,38.14405439613861,645.8399999996894,1953.0368364840701
23793,38.14405439613861,645.8599999996894,1953.0613521605494
23794,38.14405439613861,645.8799999996894,1953.0858672399434
23795,38.14405439613861,645.8999999996894,1953.1103817222215
23796,38.14405439613861,645.9199999996894,1953.1348956073537
23797,38.14405439613861,645.9399999996893,1953.1594088953093
23798,38.14405439613861,645.9599999996893,1953.183921586058
23799,38.14405439613861,645.9799999996893,1953.2084336795695
23800,38.14405439613861,645.9999999996893,1953.2329451758133
23801,38.14405439613861,646.0199999996893,1953.2574560747591
23802,38.14405439613861,646.0399999996893,1953.2819663763767
23803,38.14405439613861,646.0599999996892,1953.3064760806353
23804,38.14405439613861,646.0799999996892,1953.330985187505
23805,38.14405439613861,646.0999999996892,1953.355493696955
23806,38.14405439613861,646.1199999996892,1953.380001608955
23807,38.14405439613861,646.1399999996892,1953.4045089234746
23808,38.14405439613861,646.1599999996891,1953.4290156404836
23809,38.14405439613861,646.1799999996891,1953.4535217599516
23810,38.14405439613861,646.1999999996891,1953.4780272818482
23811,38.14405439613861,646.2199999996891,1953.5025322061429
23812,38.14405439613861,646.2399999996891,1953.5270365328054
23813,38.14405439613861,646.2599999996891,1953.5515402618053
23814,38.14405439613861,646.279999999689,1953.576043393112
23815,38.14405439613861,646.299999999689,1953.6005459266955
23816,38.14405439613861,646.319999999689,1953.6250478625254
23817,38.14405439613861,646.339999999689,1953.649549200624
23818,38.14405439613861,646.359999999689,1953.6740499421232
23819,38.14405439613861,646.379999999689,1953.6985500876797
23820,38.14405439613861,646.3999999996889,1953.723049637263
23821,38.14405439613861,646.4199999996889,1953.747548590843
23822,38.14405439613861,646.4399999996889,1953.7720469483895
23823,38.14405439613861,646.4599999996889,1953.7965447098718
23824,38.14405439613861,646.4799999996889,1953.8210418752599
23825,38.14405439613861,646.4999999996888,1953.8455384445233
23826,38.14405439613861,646.5199999996888,1953.8700344176316
23827,38.14405439613861,646.5399999996888,1953.8945297945545
23828,38.14405439613861,646.5599999996888,1953.9190245752618
23829,38.14405439613861,646.5799999996888,1953.9435187597232
23830,38.14405439613861,646.5999999996887,1953.9680123479084
23831,38.14405439613861,646.6199999996887,1953.992505339787
23832,38.14405439613861,646.6399999996887,1954.0169977353285
23833,38.14405439613861,646.6599999996887,1954.0414895345027
23834,38.14405439613861,646.6799999996887,1954.0659807372795
23835,38.14405439613861,646.6999999996887,1954.0904713436282
23836,38.14405439613861,646.7199999996886,1954.1149613535188
23837,38.14405439613861,646.7399999996886,1954.1394507669208
23838,38.14405439613861,646.7599999996886,1954.163939583804
23839,38.14405439613861,646.7799999996886,1954.188427804138
23840,38.14405439613861,646.7999999996886,1954.2129154278923
23841,38.14405439613861,646.8199999996885,1954.237402455037
23842,38.14405439613861,646.8399999996885,1954.2618888855416
23843,38.14405439613861,646.8599999996885,1954.2863747193755
23844,38.14405439613861,646.8799999996885,1954.3108599565087
23845,38.14405439613861,646.8999999996885,1954.3353445969108
23846,38.14405439613861,646.9199999996885,1954.3598286405515
23847,38.14405439613861,646.9399999996884,1954.3843120874005
23848,38.14405439613861,646.9599999996884,1954.4087949374275
23849,38.14405439613861,646.9799999996884,1954.4332771906022
23850,38.14405439613861,646.9999999996884,1954.4577588468942
23851,38.14405439613861,647.0199999996884,1954.4822399062732
23852,38.14405439613861,647.0399999996883,1954.506720368709
23853,38.14405439613861,647.0599999996883,1954.5312002341714
23854,38.14405439613861,647.0799999996883,1954.5556795026298
23855,38.14405439613861,647.0999999996883,1954.580158174054
23856,38.14405439613861,647.1199999996883,1954.6046362484137
23857,38.14405439613861,647.1399999996883,1954.6291137256785
23858,38.14405439613861,647.1599999996882,1954.6535906058182
23859,38.14405439613861,647.1799999996882,1954.6780668888025
23860,38.14405439613861,647.1999999996882,1954.7025425746012
23861,38.14405439613861,647.2199999996882,1954.727017663184
23862,38.14405439613861,647.2399999996882,1954.75149215452
23863,38.14405439613861,647.2599999996881,1954.7759660485797
23864,38.14405439613861,647.2799999996881,1954.8004393453323
23865,38.14405439613861,647.2999999996881,1954.8249120447476
23866,38.14405439613861,647.3199999996881,1954.8493841467955
23867,38.14405439613861,647.3399999996881,1954.8738556514456
23868,38.14405439613861,647.3599999996881,1954.898326558743
23869,38.14405439613861,647.379999999688,1954.9227968699129
23870,38.14405439613861,647.399999999688,1954.9472665855012
23871,38.14405439613861,647.419999999688,1954.971735705478
23872,38.14405439613861,647.439999999688,1954.996204229813
23873,38.14405439613861,647.459999999688,1955.020672158476
23874,38.14405439613861,647.479999999688,1955.0451394914367
23875,38.14405439613861,647.4999999996879,1955.0696062286647
23876,38.14405439613861,647.5199999996879,1955.09407237013
23877,38.14405439613861,647.5399999996879,1955.1185379158023
23878,38.14405439613861,647.5599999996879,1955.1430028656514
23879,38.14405439613861,647.5799999996879,1955.167467219647
23880,38.14405439613861,647.5999999996878,1955.1919309777588
23881,38.14405439613861,647.6199999996878,1955.2163941399567
23882,38.14405439613861,647.6399999996878,1955.2408567062105
23883,38.14405439613861,647.6599999996878,1955.2653186764896
23884,38.14405439613861,647.6799999996878,1955.2897800507642
23885,38.14405439613861,647.6999999996877,1955.314240829004
23886,38.14405439613861,647.7199999996877,1955.3387010111785
23887,38.14405439613861,647.7399999996877,1955.3631605972578
23888,38.14405439613861,647.7599999996877,1955.3876195872115
23889,38.14405439613861,647.7799999996877,1955.4120779810094
23890,38.14405439613861,647.7999999996877,1955.4365357786212
23891,38.14405439613861,647.8199999996876,1955.4609929800167
23892,38.14405439613861,647.8399999996876,1955.4854495851657
23893,38.14405439613861,647.8599999996876,1955.5099055940382
23894,38.14405439613861,647.8799999996876,1955.5343610066036
23895,38.14405439613861,647.8999999996876,1955.5588158228318
23896,38.14405439613861,647.9199999996875,1955.5832700426927
23897,38.14405439613861,647.9399999996875,1955.6077236661558
23898,38.14405439613861,647.9599999996875,1955.6321766931912
23899,38.14405439613861,647.9799999996875,1955.6566291237684
23900,38.14405439613861,647.9999999996875,1955.6810809578574
23901,38.14405439613861,648.0199999996875,1955.7055321954278
23902,38.14405439613861,648.0399999996874,1955.7299828364496
23903,38.14405439613861,648.0599999996874,1955.7544328808924
23904,38.14405439613861,648.0799999996874,1955.778882328726
23905,38.14405439613861,648.0999999996874,1955.8033311799202
23906,38.14405439613861,648.1199999996874,1955.8277794344447
23907,38.14405439613861,648.1399999996873,1955.8522270922695
23908,38.14405439613861,648.1599999996873,1955.876674153364
23909,38.14405439613861,648.1799999996873,1955.9011206176986
23910,38.14405439613861,648.1999999996873,1955.9255664852424
23911,38.14405439613861,648.2199999996873,1955.9500117559655
23912,38.14405439613861,648.2399999996873,1955.9744564298378
23913,38.14405439613861,648.2599999996872,1955.998900506829
23914,38.14405439613861,648.2799999996872,1956.0233439869087
23915,38.14405439613861,648.2999999996872,1956.0477868700468
23916,38.14405439613861,648.3199999996872,1956.0722291562133
23917,38.14405439613861,648.3399999996872,1956.0966708453777
23918,38.14405439613861,648.3599999996871,1956.12111193751
23919,38.14405439613861,648.3799999996871,1956.1455524326823
23920,38.14405439613861,648.3999999996871,1956.1699923322733
23921,38.14405439613861,648.4199999996871,1956.1944316367387
23922,38.14405439613861,648.4399999996871,1956.2188703460486
23923,38.14405439613861,648.459999999687,1956.2433084601726
23924,38.14405439613861,648.479999999687,1956.2677459790807
23925,38.14405439613861,648.499999999687,1956.2921829027428
23926,38.14405439613861,648.519999999687,1956.3166192311287
23927,38.14405439613861,648.539999999687,1956.3410549642085
23928,38.14405439613861,648.559999999687,1956.365490101952
23929,38.14405439613861,648.579999999687,1956.389924644329
23930,38.14405439613861,648.5999999996869,1956.4143585913096
23931,38.14405439613861,648.6199999996869,1956.4387919428636
23932,38.14405439613861,648.6399999996869,1956.4632246989609
23933,38.14405439613861,648.6599999996869,1956.4876568595714
23934,38.14405439613861,648.6799999996869,1956.512088424665
23935,38.14405439613861,648.6999999996868,1956.5365193942116
23936,38.14405439613861,648.7199999996868,1956.560949768181
23937,38.14405439613861,648.7399999996868,1956.5853795465432
23938,38.14405439613861,648.7599999996868,1956.6098087292683
23939,38.14405439613861,648.7799999996868,1956.6342373163259
23940,38.14405439613861,648.7999999996867,1956.658665307686
23941,38.08490989839739,648.8199999996867,1956.6830927033186
23942,38.08490989839739,648.8399999996867,1956.7075195031935
23943,38.08490989839739,648.8599999996867,1956.7319457072806
23944,38.08490989839739,648.8799999996867,1956.7563713155498
23945,38.08490989839739,648.8999999996867,1956.7807963279713
23946,38.08490989839739,648.9199999996866,1956.8052207445146
23947,38.08490989839739,648.9399999996866,1956.82964456515
23948,38.08490989839739,648.9599999996866,1956.854067789847
23949,38.08490989839739,648.9799999996866,1956.8784904185757
23950,38.08490989839739,648.9999999996866,1956.902912451306
23951,38.08490989839739,649.0199999996865,1956.927333888008
23952,38.08490989839739,649.0399999996865,1956.9517547286514
23953,38.08490989839739,649.0599999996865,1956.976174973206
23954,38.08490989839739,649.0799999996865,1957.000594621642
23955,38.08490989839739,649.0999999996865,1957.0250136739292
23956,38.08490989839739,649.1199999996865,1957.0494321300373
23957,38.08490989839739,649.1399999996864,1957.0738499899367
23958,38.08490989839739,649.1599999996864,1957.0982672535968
23959,38.08490989839739,649.1799999996864,1957.1226839209878
23960,38.08490989839739,649.1999999996864,1957.1470999920796
23961,38.08490989839739,649.2199999996864,1957.171515466842
23962,38.08490989839739,649.2399999996863,1957.1959303452452
23963,38.08490989839739,649.2599999996863,1957.2203446272588
23964,38.08490989839739,649.2799999996863,1957.2447583128528
23965,38.08490989839739,649.2999999996863,1957.2691714019973
23966,38.08490989839739,649.3199999996863,1957.2935838946619
23967,38.08490989839739,649.3399999996863,1957.317995790817
23968,38.08490989839739,649.3599999996862,1957.342407090432
23969,38.08490989839739,649.3799999996862,1957.3668177934771
23970,38.08490989839739,649.3999999996862,1957.3912279000358
23971,38.08490989839739,649.4199999996862,1957.4156374114311
23972,38.08490989839739,649.4399999996862,1957.4400463279644
23973,38.08490989839739,649.4599999996861,1957.4644546496058
23974,38.08490989839739,649.4799999996861,1957.4888623763252
23975,38.08490989839739,649.4999999996861,1957.5132695080927
23976,38.08490989839739,649.5199999996861,1957.5376760448785
23977,38.08490989839739,649.5399999996861,1957.5620819866524
23978,38.08490989839739,649.559999999686,1957.5864873333846
23979,38.08490989839739,649.579999999686,1957.6108920850452
23980,38.08490989839739,649.599999999686,1957.635296241604
23981,38.08490989839739,649.619999999686,1957.6596998030311
23982,38.08490989839739,649.639999999686,1957.6841027692967
23983,38.08490989839739,649.659999999686,1957.7085051403708
23984,38.08490989839739,649.679999999686,1957.7329069162233
23985,38.08490989839739,649.6999999996859,1957.7573080968243
23986,38.08490989839739,649.7199999996859,1957.781708682144
23987,38.08490989839739,649.7399999996859,1957.8061086721523
23988,38.08490989839739,649.7599999996859,1957.8305080668192
23989,38.08490989839739,649.7799999996859,1957.8549068661148
23990,38.08490989839739,649.7999999996858,1957.8793050700092
23991,38.08490989839739,649.8199999996858,1957.9037026784722
23992,38.08490989839739,649.8399999996858,1957.9280996914742
23993,38.08490989839739,649.8599999996858,1957.952496108985
23994,38.08490989839739,649.8799999996858,1957.976891930975
23995,38.08490989839739,649.8999999996857,1958.0012871574138
23996,38.08490989839739,649.9199999996857,1958.0256817882716
23997,38.08490989839739,649.9399999996857,1958.0500758235185
23998,38.08490989839739,649.9599999996857,1958.0744692631245
23999,38.08490989839739,649.9799999996857,1958.0988621070596
24000,38.08490989839739,649.9999999996857,1958.123254355294
24001,38.08490989839739,650.0199999996856,1958.1476460077977
24002,38.08490989839739,650.0399999996856,1958.1720370645407
24003,38.08490989839739,650.0599999996856,1958.1964275254932
24004,38.08490989839739,650.0799999996856,1958.220817390625
24005,38.08490989839739,650.0999999996856,1958.2452066599062
24006,38.08490989839739,650.1199999996855,1958.269595333307
24007,38.08490989839739,650.1399999996855,1958.2939834107976
24008,38.08490989839739,650.1599999996855,1958.3183708923477
24009,38.08490989839739,650.1799999996855,1958.3427577779275
24010,38.08490989839739,650.1999999996855,1958.367144067507
24011,38.08490989839739,650.2199999996855,1958.3915297610565
24012,38.08490989839739,650.2399999996854,1958.4159148585459
24013,38.08490989839739,650.2599999996854,1958.4402993599451
24014,38.08490989839739,650.2799999996854,1958.4646832652245
24015,38.08490989839739,650.2999999996854,1958.489066574354
24016,38.08490989839739,650.3199999996854,1958.5134492873035
24017,38.08490989839739,650.3399999996853,1958.5378314040431
24018,38.08490989839739,650.3599999996853,1958.562212924543
24019,38.08490989839739,650.3799999996853,1958.5865938487732
24020,38.08490989839739,650.3999999996853,1958.6109741767038
24021,38.08490989839739,650.4199999996853,1958.6353539084462
24022,38.08490989839739,650.4399999996853,1958.6597330454786
24023,38.08490989839739,650.4599999996852,1958.6841115880072
24024,38.08490989839739,650.4799999996852,1958.7084895360026
24025,38.08490989839739,650.4999999996852,1958.7328668894347
24026,38.08490989839739,650.5199999996852,1958.7572436482737
24027,38.08490989839739,650.5399999996852,1958.7816198124897
24028,38.08490989839739,650.5599999996851,1958.8059953820527
24029,38.08490989839739,650.5799999996851,1958.8303703569331
24030,38.08490989839739,650.5999999996851,1958.854744737101
24031,38.08490989839739,650.6199999996851,1958.8791185225266
24032,38.08490989839739,650.6399999996851,1958.9034917131798
24033,38.08490989839739,650.659999999685,1958.927864309031
24034,38.08490989839739,650.679999999685,1958.9522363100502
24035,38.08490989839739,650.699999999685,1958.9766077162078
24036,38.08490989839739,650.719999999685,1959.0009785274735
24037,38.08490989839739,650.739999999685,1959.0253487438179
24038,38.08490989839739,650.759999999685,1959.0497183652108
24039,38.08490989839739,650.779999999685,1959.0740873916225
24040,38.08490989839739,650.7999999996849,1959.0984558230232
24041,38.08490989839739,650.8199999996849,1959.1228236593831
24042,38.08490989839739,650.8399999996849,1959.1471909006723
24043,38.08490989839739,650.8599999996849,1959.1715575468609
24044,38.08490989839739,650.8799999996849,1959.195923597919
24045,38.08490989839739,650.8999999996848,1959.220289053817
24046,38.08490989839739,650.9199999996848,1959.2446539145246
24047,38.08490989839739,650.9399999996848,1959.2690181800124
24048,38.08490989839739,650.9599999996848,1959.2933818502504
24049,38.08490989839739,650.9799999996848,1959.3177449252087
24050,38.08490989839739,650.9999999996847,1959.3421074048574
24051,38.08490989839739,651.0199999996847,1959.3664692891668
24052,38.08490989839739,651.0399999996847,1959.3908305781072
24053,38.08490989839739,651.0599999996847,1959.4151912716486
24054,38.08490989839739,651.0799999996847,1959.4395513697611
24055,38.08490989839739,651.0999999996847,1959.463910872415
24056,38.08490989839739,651.1199999996846,1959.4882697795804
24057,38.08490989839739,651.1399999996846,1959.5126280912273
24058,38.08490989839739,651.1599999996846,1959.5369858073261
24059,38.08490989839739,651.1799999996846,1959.561342927847
24060,38.08490989839739,651.1999999996846,1959.5856994527599
24061,38.08490989839739,651.2199999996845,1959.610055382035
24062,38.08490989839739,651.2399999996845,1959.6344107156426
24063,38.08490989839739,651.2599999996845,1959.6587654535529
24064,38.08490989839739,651.2799999996845,1959.683119595736
24065,38.08490989839739,651.2999999996845,1959.707473142162
24066,38.08490989839739,651.3199999996845,1959.731826092801
24067,38.08490989839739,651.3399999996844,1959.7561784476234
24068,38.08490989839739,651.3599999996844,1959.7805302065992
24069,38.08490989839739,651.3799999996844,1959.8048813696987
24070,38.08490989839739,651.3999999996844,1959.829231936892
24071,38.08490989839739,651.4199999996844,1959.8535819081494
24072,38.08490989839739,651.4399999996843,1959.8779312836307
24073,38.08490989839739,651.4599999996843,1959.9022800648565
24074,38.08490989839739,651.4799999996843,1959.9266282519484
24075,38.08490989839739,651.4999999996843,1959.9509758448764
24076,38.08490989839739,651.5199999996843,1959.9753228436111
24077,38.08490989839739,651.5399999996843,1959.9996692481225
24078,38.08490989839739,651.5599999996842,1960.024015049701
24079,38.08490989839739,651.5799999996842,1960.0483602392753
24080,38.08490989839739,651.5999999996842,1960.0727048167773
24081,38.08490989839739,651.6199999996842,1960.0970487821783
24082,38.08490989839739,651.6399999996842,1960.1213921354495
24083,38.08490989839739,651.6599999996841,1960.1457348765628
24084,38.08490989839739,651.6799999996841,1960.1700770054892
24085,38.08490989839739,651.6999999996841,1960.1944185222007
24086,38.08490989839739,651.7199999996841,1960.2187594266686
24087,38.08490989839739,651.7399999996841,1960.2430997188644
24088,38.08490989839739,651.759999999684,1960.2674393987595
24089,38.08490989839739,651.779999999684,1960.2917784663255
24090,38.08490989839739,651.799999999684,1960.3161169215336
24091,38.08490989839739,651.819999999684,1960.3404547643559
24092,38.08490989839739,651.839999999684,1960.3647919947632
24093,38.08490989839739,651.859999999684,1960.3891286127275
24094,38.08490989839739,651.879999999684,1960.4134646182201
24095,38.08490989839739,651.8999999996839,1960.4378000112126
24096,38.08490989839739,651.9199999996839,1960.4621347916764
24097,38.08490989839739,651.9399999996839,1960.486468959583
24098,38.08490989839739,651.9599999996839,1960.5108025149038
24099,38.08490989839739,651.9799999996839,1960.5351354576105
24100,38.08490989839739,651.9999999996838,1960.5594677876745
24101,38.08490989839739,652.0199999996838,1960.5837995050674
24102,38.08490989839739,652.0399999996838,1960.6081306097606
24103,38.08490989839739,652.0599999996838,1960.6324611017255
24104,38.08490989839739,652.0799999996838,1960.6567909809337
24105,38.08490989839739,652.0999999996837,1960.6811202473568
24106,38.08490989839739,652.1199999996837,1960.7054489009663
24107,38.08490989839739,652.1399999996837,1960.7297769417335
24108,38.08490989839739,652.1599999996837,1960.7541043696299
24109,38.08490989839739,652.1799999996837,1960.7784311846272
24110,38.08490989839739,652.1999999996837,1960.8027573866968
24111,38.08490989839739,652.2199999996836,1960.8270829758103
24112,38.08490989839739,652.2399999996836,1960.851407951939
24113,38.08490989839739,652.2599999996836,1960.8757323150548
24114,38.08490989839739,652.2799999996836,1960.9000560651289
24115,38.08490989839739,652.2999999996836,1960.9243792021327
24116,38.08490989839739,652.3199999996835,1960.948701726038
24117,38.08490989839739,652.3399999996835,1960.9730236368164
24118,38.08490989839739,652.3599999996835,1960.997344934439
24119,38.08490989839739,652.3799999996835,1961.0216656188777
24120,38.08490989839739,652.3999999996835,1961.0459856901036
24121,38.08490989839739,652.4199999996835,1961.0703051480887
24122,38.08490989839739,652.4399999996834,1961.0946239928041
24123,38.08490989839739,652.4599999996834,1961.1189422245357
24124,38.08490989839739,652.4799999996834,1961.1432598447789
24125,38.08490989839739,652.4999999996834,1961.1675768536397
24126,38.08490989839739,652.5199999996834,1961.1918932510896
24127,38.08490989839739,652.5399999996833,1961.2162090371003
24128,38.08490989839739,652.5599999996833,1961.2405242116433
24129,38.08490989839739,652.5799999996833,1961.2648387746904
24130,38.08490989839739,652.5999999996833,1961.2891527262127
24131,38.08490989839739,652.6199999996833,1961.3134660661822
24132,38.02591808758981,652.6399999996833,1961.3377787945703
24133,38.02591808758981,652.6599999996832,1961.3620909113486
24134,38.02591808758981,652.6799999996832,1961.3864024164886
24135,38.02591808758981,652.6999999996832,1961.4107133099621
24136,38.02591808758981,652.7199999996832,1961.4350235917404
24137,38.02591808758981,652.7399999996832,1961.4593332617953
24138,38.02591808758981,652.7599999996831,1961.4836423200984
24139,38.02591808758981,652.7799999996831,1961.507950766621
24140,38.02591808758981,652.7999999996831,1961.532258601335
24141,38.02591808758981,652.8199999996831,1961.5565658242117
24142,38.02591808758981,652.8399999996831,1961.5808724352228
24143,38.02591808758981,652.859999999683,1961.60517843434
24144,38.02591808758981,652.879999999683,1961.6294838215347
24145,38.02591808758981,652.899999999683,1961.6537885967787
24146,38.02591808758981,652.919999999683,1961.6780927600432
24147,38.02591808758981,652.939999999683,1961.7023963113002
24148,38.02591808758981,652.959999999683,1961.726699250521
24149,38.02591808758981,652.979999999683,1961.7510015776775
24150,38.02591808758981,652.9999999996829,1961.775303292741
24151,38.02591808758981,653.0199999996829,1961.7996043956832
24152,38.02591808758981,653.0399999996829,1961.8239048864757
24153,38.02591808758981,653.0599999996829,1961.84820476509
24154,38.02591808758981,653.0799999996829,1961.8725040314978
24155,38.02591808758981,653.0999999996828,1961.8968026856705
24156,38.02591808758981,653.1199999996828,1961.9211007275799
24157,38.02591808758981,653.1399999996828,1961.9453981571974
24158,38.02591808758981,653.1599999996828,1961.9696949744948
24159,38.02591808758981,653.1799999996828,1961.9939911794436
24160,38.02591808758981,653.1999999996827,1962.0182867720152
24161,38.02591808758981,653.2199999996827,1962.0425817521816
24162,38.02591808758981,653.2399999996827,1962.066876119914
24163,38.02591808758981,653.2599999996827,1962.0911698751843
24164,38.02591808758981,653.2799999996827,1962.115463017964
24165,38.02591808758981,653.2999999996827,1962.1397555482247
24166,38.02591808758981,653.3199999996826,1962.1640474659378
24167,38.02591808758981,653.3399999996826,1962.188338771075
24168,38.02591808758981,653.3599999996826,1962.212629463608
24169,38.02591808758981,653.3799999996826,1962.2369195435083
24170,38.02591808758981,653.3999999996826,1962.2612090107477
24171,38.02591808758981,653.4199999996825,1962.2854978652977
24172,38.02591808758981,653.4399999996825,1962.3097861071296
24173,38.02591808758981,653.4599999996825,1962.3340737362155
24174,38.02591808758981,653.4799999996825,1962.3583607529138
24175,38.02591808758981,653.4999999996825,1962.382647158483
24176,38.02591808758981,653.5199999996825,1962.4069329529948
24177,38.02591808758981,653.5399999996824,1962.4312181364207
24178,38.02591808758981,653.5599999996824,1962.4555027087326
24179,38.02591808758981,653.5799999996824,1962.479786669902
24180,38.02591808758981,653.5999999996824,1962.5040700199008
24181,38.02591808758981,653.6199999996824,1962.5283527587003
24182,38.02591808758981,653.6399999996823,1962.5526348862722
24183,38.02591808758981,653.6599999996823,1962.5769164025885
24184,38.02591808758981,653.6799999996823,1962.6011973076206
24185,38.02591808758981,653.6999999996823,1962.6254776013402
24186,38.02591808758981,653.7199999996823,1962.649757283719
24187,38.02591808758981,653.7399999996823,1962.6740363547287
24188,38.02591808758981,653.7599999996822,1962.6983148143408
24189,38.02591808758981,653.7799999996822,1962.7225926625272
24190,38.02591808758981,653.7999999996822,1962.7468698992593
24191,38.02591808758981,653.8199999996822,1962.7711465245088
24192,38.02591808758981,653.8399999996822,1962.7954225382475
24193,38.02591808758981,653.8599999996821,1962.8196979404472
24194,38.02591808758981,653.8799999996821,1962.8439727310792
24195,38.02591808758981,653.8999999996821,1962.8682469101154
24196,38.02591808758981,653.9199999996821,1962.8925204775276
24197,38.02591808758981,653.9399999996821,1962.9167934332872
24198,38.02591808758981,653.959999999682,1962.941065777366
24199,38.02591808758981,653.979999999682,1962.9653375097357
24200,38.02591808758981,653.999999999682,1962.989608630368
24201,38.02591808758981,654.019999999682,1963.0138791392344
24202,38.02591808758981,654.039999999682,1963.0381490363068
24203,38.02591808758981,654.059999999682,1963.0624183215566
24204,38.02591808758981,654.079999999682,1963.0866869949557
24205,38.02591808758981,654.0999999996819,1963.1109550564756
24206,38.02591808758981,654.1199999996819,1963.1352225060882
24207,38.02591808758981,654.1399999996819,1963.159489343765
24208,38.02591808758981,654.1599999996819,1963.1837555694779
24209,38.02591808758981,654.1799999996819,1963.208021183198
24210,38.02591808758981,654.1999999996818,1963.2322861848977
24211,38.02591808758981,654.2199999996818,1963.2565505745483
24212,38.02591808758981,654.2399999996818,1963.2808143521215
24213,38.02591808758981,654.2599999996818,1963.305077517589
24214,38.02591808758981,654.2799999996818,1963.3293400709226
24215,38.02591808758981,654.2999999996817,1963.353602012094
24216,38.02591808758981,654.3199999996817,1963.3778633410745
24217,38.02591808758981,654.3399999996817,1963.402124057836
24218,38.02591808758981,654.3599999996817,1963.4263841623504
24219,38.02591808758981,654.3799999996817,1963.4506436545892
24220,38.02591808758981,654.3999999996817,1963.474902534524
24221,38.02591808758981,654.4199999996816,1963.4991608021267
24222,38.02591808758981,654.4399999996816,1963.5234184573687
24223,38.02591808758981,654.4599999996816,1963.547675500222
24224,38.02591808758981,654.4799999996816,1963.5719319306584
24225,38.02591808758981,654.4999999996816,1963.5961877491668
24226,38.02591808758981,654.5199999996815,1963.6204429569857
24227,38.02591808758981,654.5399999996815,1963.6446975541699
24228,38.02591808758981,654.5599999996815,1963.6689515406913
24229,38.02591808758981,654.5799999996815,1963.6932049165216
24230,38.02591808758981,654.5999999996815,1963.7174576816326
24231,38.02591808758981,654.6199999996815,1963.741709835996
24232,38.02591808758981,654.6399999996814,1963.7659613795836
24233,38.02591808758981,654.6599999996814,1963.7902123123672
24234,38.02591808758981,654.6799999996814,1963.8144626343185
24235,38.02591808758981,654.6999999996814,1963.8387123454092
24236,38.02591808758981,654.7199999996814,1963.862961445611
24237,38.02591808758981,654.7399999996813,1963.887209934896
24238,38.02591808758981,654.7599999996813,1963.9114578132355
24239,38.02591808758981,654.7799999996813,1963.9357050806016
24240,38.02591808758981,654.7999999996813,1963.9599517369659
24241,38.02591808758981,654.8199999996813,1963.9841977823003
24242,38.02591808758981,654.8399999996813,1964.0084432165763
24243,38.02591808758981,654.8599999996812,1964.032688039766
24244,38.02591808758981,654.8799999996812,1964.056932251841
24245,38.02591808758981,654.8999999996812,1964.0811758527732
24246,38.02591808758981,654.9199999996812,1964.1054188425342
24247,38.02591808758981,654.9399999996812,1964.1296612210956
24248,38.02591808758981,654.9599999996811,1964.1539029884295
24249,38.02591808758981,654.9799999996811,1964.1781441445075
24250,38.02591808758981,654.9999999996811,1964.2023846893014
24251,38.02591808758981,655.0199999996811,1964.226624622783
24252,38.02591808758981,655.0399999996811,1964.250863944924
24253,38.02591808758981,655.059999999681,1964.2751026556962
24254,38.02591808758981,655.079999999681,1964.2993407550714
24255,38.02591808758981,655.099999999681,1964.3235782430213
24256,38.02591808758981,655.119999999681,1964.3478151195177
24257,38.02591808758981,655.139999999681,1964.3720513845324
24258,38.02591808758981,655.159999999681,1964.3962870380371
24259,38.02591808758981,655.179999999681,1964.4205220800038
24260,38.02591808758981,655.1999999996809,1964.444756510404
24261,38.02591808758981,655.2199999996809,1964.4689903292096
24262,38.02591808758981,655.2399999996809,1964.4932235363924
24263,38.02591808758981,655.2599999996809,1964.517456131924
24264,38.02591808758981,655.2799999996809,1964.5416881157764
24265,38.02591808758981,655.2999999996808,1964.5659194879213
24266,38.02591808758981,655.3199999996808,1964.5901502483305
24267,38.02591808758981,655.3399999996808,1964.6143803969755
24268,38.02591808758981,655.3599999996808,1964.6386099338285
24269,38.02591808758981,655.3799999996808,1964.662838858861
24270,38.02591808758981,655.3999999996807,1964.6870671720449
24271,38.02591808758981,655.4199999996807,1964.711294873352
24272,38.02591808758981,655.4399999996807,1964.735521962754
24273,38.02591808758981,655.4599999996807,1964.7597484402227
24274,38.02591808758981,655.4799999996807,1964.7839743057298
24275,38.02591808758981,655.4999999996807,1964.8081995592472
24276,38.02591808758981,655.5199999996806,1964.8324242014019
24277,38.02591808758981,655.5399999996806,1964.8566482333952
24278,38.02591808758981,655.5599999996806,1964.8808716552626
24279,38.02591808758981,655.5799999996806,1964.905094466976
24280,38.02591808758981,655.5999999996806,1964.929316668507
24281,38.02591808758981,655.6199999996805,1964.9535382598276
24282,38.02591808758981,655.6399999996805,1964.9777592409093
24283,38.02591808758981,655.6599999996805,1965.001979611724
24284,38.02591808758981,655.6799999996805,1965.0261993722434
24285,38.02591808758981,655.6999999996805,1965.0504185224393
24286,38.02591808758981,655.7199999996805,1965.0746370622833
24287,38.02591808758981,655.7399999996804,1965.0988549917474
24288,38.02591808758981,655.7599999996804,1965.1230723108033
24289,38.02591808758981,655.7799999996804,1965.1472890194225
24290,38.02591808758981,655.7999999996804,1965.171505117577
24291,38.02591808758981,655.8199999996804,1965.1957206052386
24292,38.02591808758981,655.8399999996803,1965.219935482379
24293,38.02591808758981,655.8599999996803,1965.24414974897
24294,38.02591808758981,655.8799999996803,1965.268363404983
24295,38.02591808758981,655.8999999996803,1965.29257645039
24296,38.02591808758981,655.9199999996803,1965.3167888851629
24297,38.02591808758981,655.9399999996803,1965.3410007092734
24298,38.02591808758981,655.9599999996802,1965.3652119226933
24299,38.02591808758981,655.9799999996802,1965.3894225253941
24300,38.02591808758981,655.9999999996802,1965.4136325173479
24301,38.02591808758981,656.0199999996802,1965.4378418985264
24302,38.02591808758981,656.0399999996802,1965.4620506689012
24303,38.02591808758981,656.0599999996801,1965.486258828444
24304,38.02591808758981,656.0799999996801,1965.510466377127
24305,38.02591808758981,656.0999999996801,1965.5346733149215
24306,38.02591808758981,656.1199999996801,1965.5588796417994
24307,38.02591808758981,656.1399999996801,1965.5830853577327
24308,38.02591808758981,656.15999999968,1965.6072904626928
24309,38.02591808758981,656.17999999968,1965.6314949566517
24310,38.02591808758981,656.19999999968,1965.6556988395812
24311,38.02591808758981,656.21999999968,1965.679902111453
24312,38.02591808758981,656.23999999968,1965.7041047722387
24313,38.02591808758981,656.25999999968,1965.7283068219103
24314,38.02591808758981,656.27999999968,1965.7525082604395
24315,38.02591808758981,656.2999999996799,1965.776709087798
24316,38.02591808758981,656.3199999996799,1965.8009093039577
24317,38.02591808758981,656.3399999996799,1965.8251089088903
24318,38.02591808758981,656.3599999996799,1965.8493079025677
24319,37.967078412439726,656.3799999996799,1965.8735062849614
24320,37.967078412439726,656.3999999996798,1965.8977040560435
24321,37.967078412439726,656.4199999996798,1965.9219012157855
24322,37.967078412439726,656.4399999996798,1965.9460977641593
24323,37.967078412439726,656.4599999996798,1965.9702937011368
24324,37.967078412439726,656.4799999996798,1965.9944890266897
24325,37.967078412439726,656.4999999996797,1966.0186837407896
24326,37.967078412439726,656.5199999996797,1966.0428778434084
24327,37.967078412439726,656.5399999996797,1966.067071335229
24328,37.967078412439726,656.5599999996797,1966.0912642172739
24329,37.967078412439726,656.5799999996797,1966.1154564895528
24330,37.967078412439726,656.5999999996797,1966.139648152038
24331,37.967078412439726,656.6199999996796,1966.1638392047018
24332,37.967078412439726,656.6399999996796,1966.188029647516
24333,37.967078412439726,656.6599999996796,1966.2122194804529
24334,37.967078412439726,656.6799999996796,1966.2364087034846
24335,37.967078412439726,656.6999999996796,1966.2605973165832
24336,37.967078412439726,656.7199999996795,1966.2847853197209
24337,37.967078412439726,656.7399999996795,1966.3089727128697
24338,37.967078412439726,656.7599999996795,1966.333159496002
24339,37.967078412439726,656.7799999996795,1966.3573456690897
24340,37.967078412439726,656.7999999996795,1966.381531232105
24341,37.967078412439726,656.8199999996795,1966.40571618502
24342,37.967078412439726,656.8399999996794,1966.429900527807
24343,37.967078412439726,656.8599999996794,1966.4540842604379
24344,37.967078412439726,656.8799999996794,1966.478267382885
24345,37.967078412439726,656.8999999996794,1966.5024498951202
24346,37.967078412439726,656.9199999996794,1966.526631797116
24347,37.967078412439726,656.9399999996793,1966.5508130888443
24348,37.967078412439726,656.9599999996793,1966.5749937702772
24349,37.967078412439726,656.9799999996793,1966.599173841387
24350,37.967078412439726,656.9999999996793,1966.623353302146
24351,37.967078412439726,657.0199999996793,1966.6475321525259
24352,37.967078412439726,657.0399999996793,1966.671710392499
24353,37.967078412439726,657.0599999996792,1966.6958880220377
24354,37.967078412439726,657.0799999996792,1966.7200650411137
24355,37.967078412439726,657.0999999996792,1966.7442414496995
24356,37.967078412439726,657.1199999996792,1966.768417247767
24357,37.967078412439726,657.1399999996792,1966.7925924352887
24358,37.967078412439726,657.1599999996791,1966.8167670122364
24359,37.967078412439726,657.1799999996791,1966.8409409785822
24360,37.967078412439726,657.1999999996791,1966.8651143342986
24361,37.967078412439726,657.2199999996791,1966.8892870793575
24362,37.967078412439726,657.2399999996791,1966.9134592137311
24363,37.967078412439726,657.259999999679,1966.9376307373916
24364,37.967078412439726,657.279999999679,1966.9618016503111
24365,37.967078412439726,657.299999999679,1966.9859719524618
24366,37.967078412439726,657.319999999679,1967.0101416438158
24367,37.967078412439726,657.339999999679,1967.0343107243452
24368,37.967078412439726,657.359999999679,1967.0584791940223
24369,37.967078412439726,657.379999999679,1967.082647052819
24370,37.967078412439726,657.3999999996789,1967.1068143007078
24371,37.967078412439726,657.4199999996789,1967.1309809376605
24372,37.967078412439726,657.4399999996789,1967.1551469636495
24373,37.967078412439726,657.4599999996789,1967.1793123786467
24374,37.967078412439726,657.4799999996789,1967.2034771826245
24375,37.967078412439726,657.4999999996788,1967.227641375555
24376,37.967078412439726,657.5199999996788,1967.2518049574105
24377,37.967078412439726,657.5399999996788,1967.2759679281628
24378,37.967078412439726,657.5599999996788,1967.300130288615
24379,37.967078412439726,657.5799999996788,1967.324292039721
24380,37.967078412439726,657.5999999996787,1967.3484531814697
24381,37.967078412439726,657.6199999996787,1967.372613713833
24382,37.967078412439726,657.6399999996787,1967.3967736367833
24383,37.967078412439726,657.6599999996787,1967.4209329502926
24384,37.967078412439726,657.6799999996787,1967.445091654333
24385,37.967078412439726,657.6999999996787,1967.4692497488768
24386,37.967078412439726,657.7199999996786,1967.4934072338958
24387,37.967078412439726,657.7399999996786,1967.5175641093622
24388,37.967078412439726,657.7599999996786,1967.5417203752481
24389,37.967078412439726,657.7799999996786,1967.565876031526
24390,37.967078412439726,657.7999999996786,1967.5900310781674
24391,37.967078412439726,657.8199999996785,1967.6141855151448
24392,37.967078412439726,657.8399999996785,1967.6383393424303
24393,37.967078412439726,657.8599999996785,1967.6624925599958
24394,37.967078412439726,657.8799999996785,1967.6866451678138
24395,37.967078412439726,657.8999999996785,1967.710797165856
24396,37.967078412439726,657.9199999996785,1967.734948554095
24397,37.967078412439726,657.9399999996784,1967.7590993325025
24398,37.967078412439726,657.9599999996784,1967.7832495010507
24399,37.967078412439726,657.9799999996784,1967.8073990597118
24400,37.967078412439726,657.9999999996784,1967.831548008458
24401,37.967078412439726,658.0199999996784,1967.8556963472613
24402,37.967078412439726,658.0399999996783,1967.8798440760938
24403,37.967078412439726,658.0599999996783,1967.9039911949278
24404,37.967078412439726,658.0799999996783,1967.9281377037353
24405,37.967078412439726,658.0999999996783,1967.9522836024885
24406,37.967078412439726,658.1199999996783,1967.9764288911595
24407,37.967078412439726,658.1399999996783,1968.0005735697202
24408,37.967078412439726,658.1599999996782,1968.024717638143
24409,37.967078412439726,658.1799999996782,1968.0488610964
24410,37.967078412439726,658.1999999996782,1968.0730039444634
24411,37.967078412439726,658.2199999996782,1968.097146182305
24412,37.967078412439726,658.2399999996782,1968.1212878098975
24413,37.967078412439726,658.2599999996781,1968.1454288272125
24414,37.967078412439726,658.2799999996781,1968.1695692342223
24415,37.967078412439726,658.2999999996781,1968.193709030899
24416,37.967078412439726,658.3199999996781,1968.2178482172149
24417,37.967078412439726,658.3399999996781,1968.241986793142
24418,37.967078412439726,658.359999999678,1968.2661247586523
24419,37.967078412439726,658.379999999678,1968.2902621137182
24420,37.967078412439726,658.399999999678,1968.3143988583117
24421,37.967078412439726,658.419999999678,1968.3385349924051
24422,37.967078412439726,658.439999999678,1968.3626705159704
24423,37.967078412439726,658.459999999678,1968.3868054289796
24424,37.967078412439726,658.479999999678,1968.410939731405
24425,37.967078412439726,658.4999999996779,1968.435073423219
24426,37.967078412439726,658.5199999996779,1968.459206504393
24427,37.967078412439726,658.5399999996779,1968.4833389748999
24428,37.967078412439726,658.5599999996779,1968.5074708347163
24429,37.967078412439726,658.5799999996779,1968.531602084759
24430,37.967078412439726,658.5999999996778,1968.5557327259014
24431,37.967078412439726,658.6199999996778,1968.5798627581155
24432,37.967078412439726,658.6399999996778,1968.6039921813735
24433,37.967078412439726,658.6599999996778,1968.6281209956478
24434,37.967078412439726,658.6799999996778,1968.6522492009103
24435,37.967078412439726,658.6999999996777,1968.6763767971333
24436,37.967078412439726,658.7199999996777,1968.7005037842891
24437,37.967078412439726,658.7399999996777,1968.7246301623497
24438,37.967078412439726,658.7599999996777,1968.7487559312876
24439,37.967078412439726,658.7799999996777,1968.7728810910749
24440,37.967078412439726,658.7999999996777,1968.7970056416834
24441,37.967078412439726,658.8199999996776,1968.8211295830858
24442,37.967078412439726,658.8399999996776,1968.8452529152542
24443,37.967078412439726,658.8599999996776,1968.8693756381606
24444,37.967078412439726,658.8799999996776,1968.8934977517774
24445,37.967078412439726,658.8999999996776,1968.9176192560767
24446,37.967078412439726,658.9199999996775,1968.941740151031
24447,37.967078412439726,658.9399999996775,1968.965860436612
24448,37.967078412439726,658.9599999996775,1968.9899801127922
24449,37.967078412439726,658.9799999996775,1969.0140991795438
24450,37.967078412439726,658.9999999996775,1969.038217636839
24451,37.967078412439726,659.0199999996775,1969.0623354846498
24452,37.967078412439726,659.0399999996774,1969.0864527229487
24453,37.967078412439726,659.0599999996774,1969.1105693517077
24454,37.967078412439726,659.0799999996774,1969.1346853708992
24455,37.967078412439726,659.0999999996774,1969.1588007804953
24456,37.967078412439726,659.1199999996774,1969.1829155804683
24457,37.967078412439726,659.1399999996773,1969.20702977079
24458,37.967078412439726,659.1599999996773,1969.2311433514333
24459,37.967078412439726,659.1799999996773,1969.2552563223699
24460,37.967078412439726,659.1999999996773,1969.279368683572
24461,37.967078412439726,659.2199999996773,1969.3034804350123
24462,37.967078412439726,659.2399999996773,1969.3275915766624
24463,37.967078412439726,659.2599999996772,1969.351702108495
24464,37.967078412439726,659.2799999996772,1969.375812030482
24465,37.967078412439726,659.2999999996772,1969.3999213425957
24466,37.967078412439726,659.3199999996772,1969.4240300448084
24467,37.967078412439726,659.3399999996772,1969.4481381370924
24468,37.967078412439726,659.3599999996771,1969.4722456194197
24469,37.967078412439726,659.3799999996771,1969.4963524917625
24470,37.967078412439726,659.3999999996771,1969.5204587540932
24471,37.967078412439726,659.4199999996771,1969.5445644063839
24472,37.967078412439726,659.4399999996771,1969.568669448607
24473,37.967078412439726,659.459999999677,1969.5927738807343
24474,37.967078412439726,659.479999999677,1969.6168777027385
24475,37.967078412439726,659.499999999677,1969.6409809145916
24476,37.967078412439726,659.519999999677,1969.665083516266
24477,37.967078412439726,659.539999999677,1969.6891855077336
24478,37.967078412439726,659.559999999677,1969.7132868889666
24479,37.967078412439726,659.5799999996769,1969.7373876599656
24480,37.967078412439726,659.5999999996769,1969.7614878217832
24481,37.967078412439726,659.6199999996769,1969.7855873752214
24482,37.967078412439726,659.6399999996769,1969.8096863202522
24483,37.967078412439726,659.6599999996769,1969.833784656848
24484,37.967078412439726,659.6799999996769,1969.8578823849807
24485,37.967078412439726,659.6999999996768,1969.881979504623
24486,37.967078412439726,659.7199999996768,1969.9060760157467
24487,37.967078412439726,659.7399999996768,1969.9301719183245
24488,37.967078412439726,659.7599999996768,1969.9542672123284
24489,37.967078412439726,659.7799999996768,1969.9783618977308
24490,37.967078412439726,659.7999999996767,1970.002455974203
24491,37.967078412439726,659.8199999996767,1970.0265494316627
24492,37.967078412439726,659.8399999996767,1970.0506422627348
24493,37.967078412439726,659.8599999996767,1970.0747344673925
24494,37.967078412439726,659.8799999996767,1970.09882604561
24495,37.967078412439726,659.8999999996767,1970.12291699736
24496,37.967078412439726,659.9199999996766,1970.1470073226167
24497,37.967078412439726,659.9399999996766,1970.171097021353
24498,37.967078412439726,659.9599999996766,1970.1951860935428
24499,37.967078412439726,659.9799999996766,1970.2192745391594
24500,37.967078412439726,659.9999999996766,1970.2433623581765
24501,37.967078412439726,660.0199999996765,1970.2674495505673
24502,37.967078412439726,660.0399999996765,1970.2915361163057
24503,37.967078412439726,660.0599999996765,1970.3156220553649
24504,37.967078412439726,660.0799999996765,1970.3397073677183
24505,37.967078412439726,660.0999999996765,1970.3637920533397
24506,37.967078412439726,660.1199999996765,1970.3878761122023
24507,37.967078412439726,660.1399999996764,1970.4119595442799
24508,37.967078412439726,660.1599999996764,1970.4360423495457
24509,37.967078412439726,660.1799999996764,1970.4601245279734
24510,37.967078412439726,660.1999999996764,1970.4842060795365
24511,37.967078412439726,660.2199999996764,1970.5082870042086
24512,37.90839032422744,660.2399999996763,1970.532367301963
24513,37.90839032422744,660.2599999996763,1970.556446972773
24514,37.90839032422744,660.2799999996763,1970.5805260166126
24515,37.90839032422744,660.2999999996763,1970.604604433455
24516,37.90839032422744,660.3199999996763,1970.628682223274
24517,37.90839032422744,660.3399999996763,1970.6527593860426
24518,37.90839032422744,660.3599999996762,1970.6768359217347
24519,37.90839032422744,660.3799999996762,1970.7009118303238
24520,37.90839032422744,660.3999999996762,1970.7249871117833
24521,37.90839032422744,660.4199999996762,1970.7490617660867
24522,37.90839032422744,660.4399999996762,1970.7731357932075
24523,37.90839032422744,660.4599999996761,1970.7972091931192
24524,37.90839032422744,660.4799999996761,1970.8212819657954
24525,37.90839032422744,660.4999999996761,1970.8453541112096
24526,37.90839032422744,660.5199999996761,1970.8694256293354
24527,37.90839032422744,660.5399999996761,1970.893496520146
24528,37.90839032422744,660.559999999676,1970.9175667836153
24529,37.90839032422744,660.579999999676,1970.9416364197164
24530,37.90839032422744,660.599999999676,1970.9657054284687
24531,37.90839032422744,660.619999999676,1970.9897738108996
24532,37.90839032422744,660.639999999676,1971.013841567625
24533,37.90839032422744,660.659999999676,1971.0379086986186
24534,37.90839032422744,660.6799999996759,1971.061975203854
24535,37.90839032422744,660.6999999996759,1971.0860410833045
24536,37.90839032422744,660.7199999996759,1971.110106336944
24537,37.90839032422744,660.7399999996759,1971.1341709647459
24538,37.90839032422744,660.7599999996759,1971.1582349666837
24539,37.90839032422744,660.7799999996759,1971.182298342731
24540,37.90839032422744,660.7999999996758,1971.2063610928615
24541,37.90839032422744,660.8199999996758,1971.2304232170486
24542,37.90839032422744,660.8399999996758,1971.2544847152658
24543,37.90839032422744,660.8599999996758,1971.2785455874866
24544,37.90839032422744,660.8799999996758,1971.302605833685
24545,37.90839032422744,660.8999999996757,1971.326665453834
24546,37.90839032422744,660.9199999996757,1971.3507244479076
24547,37.90839032422744,660.9399999996757,1971.3747828158791
24548,37.90839032422744,660.9599999996757,1971.3988405577222
24549,37.90839032422744,660.9799999996757,1971.4228976734105
24550,37.90839032422744,660.9999999996757,1971.4469541629173
24551,37.90839032422744,661.0199999996756,1971.4710100262164
24552,37.90839032422744,661.0399999996756,1971.4950652632813
24553,37.90839032422744,661.0599999996756,1971.5191198740854
24554,37.90839032422744,661.0799999996756,1971.5431738586026
24555,37.90839032422744,661.0999999996756,1971.5672272168063
24556,37.90839032422744,661.1199999996755,1971.59127994867
24557,37.90839032422744,661.1399999996755,1971.6153320541673
24558,37.90839032422744,661.1599999996755,1971.6393835332717
24559,37.90839032422744,661.1799999996755,1971.6634343859569
24560,37.90839032422744,661.1999999996755,1971.6874846121964
24561,37.90839032422744,661.2199999996755,1971.711534211964
24562,37.90839032422744,661.2399999996754,1971.7355831852328
24563,37.90839032422744,661.2599999996754,1971.7596315319768
24564,37.90839032422744,661.2799999996754,1971.7836792521693
24565,37.90839032422744,661.2999999996754,1971.8077263457842
24566,37.90839032422744,661.3199999996754,1971.8317728127947
24567,37.90839032422744,661.3399999996753,1971.8558186531745
24568,37.90839032422744,661.3599999996753,1971.8798638668973
24569,37.90839032422744,661.3799999996753,1971.9039084539365
24570,37.90839032422744,661.3999999996753,1971.9279524142657
24571,37.90839032422744,661.4199999996753,1971.9519957478587
24572,37.90839032422744,661.4399999996753,1971.976038454689
24573,37.90839032422744,661.4599999996752,1972.00008053473
24574,37.90839032422744,661.4799999996752,1972.0241219879551
24575,37.90839032422744,661.4999999996752,1972.0481628143384
24576,37.90839032422744,661.5199999996752,1972.0722030138531
24577,37.90839032422744,661.5399999996752,1972.096242586473
24578,37.90839032422744,661.5599999996751,1972.1202815321715
24579,37.90839032422744,661.5799999996751,1972.144319850922
24580,37.90839032422744,661.5999999996751,1972.1683575426987
24581,37.90839032422744,661.6199999996751,1972.192394607544
24582,37.90839032422744,661.6399999996751,1972.2164310466214
24583,37.90839032422744,661.659999999675,1972.2404668604706
24584,37.90839032422744,661.679999999675,1972.264502049065
24585,37.90839032422744,661.699999999675,1972.288536612378
24586,37.90839032422744,661.719999999675,1972.3125705503837
24587,37.90839032422744,661.739999999675,1972.3366038630554
24588,37.90839032422744,661.759999999675,1972.360636550367
24589,37.90839032422744,661.7799999996749,1972.384668612292
24590,37.90839032422744,661.7999999996749,1972.4087000488041
24591,37.90839032422744,661.8199999996749,1972.432730859877
24592,37.90839032422744,661.8399999996749,1972.4567610454842
24593,37.90839032422744,661.8599999996749,1972.4807906055994
24594,37.90839032422744,661.8799999996749,1972.5048195401962
24595,37.90839032422744,661.8999999996748,1972.5288478492482
24596,37.90839032422744,661.9199999996748,1972.5528755327293
24597,37.90839032422744,661.9399999996748,1972.576902590613
24598,37.90839032422744,661.9599999996748,1972.6009290228728
24599,37.90839032422744,661.9799999996748,1972.6249548294827
24600,37.90839032422744,661.9999999996747,1972.6489800104162
24601,37.90839032422744,662.0199999996747,1972.6730045656468
24602,37.90839032422744,662.0399999996747,1972.6970284951483
24603,37.90839032422744,662.0599999996747,1972.7210517988942
24604,37.90839032422744,662.0799999996747,1972.7450744768582
24605,37.90839032422744,662.0999999996747,1972.7690965290142
24606,37.90839032422744,662.1199999996746,1972.7931179553357
24607,37.90839032422744,662.1399999996746,1972.8171387557961
24608,37.90839032422744,662.1599999996746,1972.8411589303694
24609,37.90839032422744,662.1799999996746,1972.8651784790293
24610,37.90839032422744,662.1999999996746,1972.8891974017492
24611,37.90839032422744,662.2199999996745,1972.9132156985029
24612,37.90839032422744,662.2399999996745,1972.937233369264
24613,37.90839032422744,662.2599999996745,1972.9612504140061
24614,37.90839032422744,662.2799999996745,1972.985266832703
24615,37.90839032422744,662.2999999996745,1973.0092826253283
24616,37.90839032422744,662.3199999996745,1973.0332977918556
24617,37.90839032422744,662.3399999996744,1973.0573123322588
24618,37.90839032422744,662.3599999996744,1973.0813262465113
24619,37.90839032422744,662.3799999996744,1973.1053395345868
24620,37.90839032422744,662.3999999996744,1973.1293521964592
24621,37.90839032422744,662.4199999996744,1973.153364232102
24622,37.90839032422744,662.4399999996743,1973.1773756414887
24623,37.90839032422744,662.4599999996743,1973.2013864245932
24624,37.90839032422744,662.4799999996743,1973.225396581389
24625,37.90839032422744,662.4999999996743,1973.24940611185
24626,37.90839032422744,662.5199999996743,1973.2734150159497
24627,37.90839032422744,662.5399999996743,1973.2974232936617
24628,37.90839032422744,662.5599999996742,1973.32143094496
24629,37.90839032422744,662.5799999996742,1973.3454379698178
24630,37.90839032422744,662.5999999996742,1973.369444368209
24631,37.90839032422744,662.6199999996742,1973.3934501401075
24632,37.90839032422744,662.6399999996742,1973.4174552855777
24633,37.90839032422744,662.6599999996741,1973.441459805873
24634,37.90839032422744,662.6799999996741,1973.4654637014262
24635,37.90839032422744,662.6999999996741,1973.4894669722114
24636,37.90839032422744,662.7199999996741,1973.5134696182022
24637,37.90839032422744,662.7399999996741,1973.5374716393721
24638,37.90839032422744,662.759999999674,1973.5614730356951
24639,37.90839032422744,662.779999999674,1973.585473807145
24640,37.90839032422744,662.799999999674,1973.6094739536954
24641,37.90839032422744,662.819999999674,1973.6334734753202
24642,37.90839032422744,662.839999999674,1973.657472371993
24643,37.90839032422744,662.859999999674,1973.6814706436876
24644,37.90839032422744,662.8799999996739,1973.7054682903777
24645,37.90839032422744,662.8999999996739,1973.729465312037
24646,37.90839032422744,662.9199999996739,1973.7534617086396
24647,37.90839032422744,662.9399999996739,1973.777457480159
24648,37.90839032422744,662.9599999996739,1973.8014526265688
24649,37.90839032422744,662.9799999996739,1973.8254471478429
24650,37.90839032422744,662.9999999996738,1973.849441043955
24651,37.90839032422744,663.0199999996738,1973.873434314879
24652,37.90839032422744,663.0399999996738,1973.8974269605885
24653,37.90839032422744,663.0599999996738,1973.9214189810575
24654,37.90839032422744,663.0799999996738,1973.9454103762594
24655,37.90839032422744,663.0999999996737,1973.9694011461681
24656,37.90839032422744,663.1199999996737,1973.9933912907575
24657,37.90839032422744,663.1399999996737,1974.0173808100012
24658,37.90839032422744,663.1599999996737,1974.041369703873
24659,37.90839032422744,663.1799999996737,1974.0653579723466
24660,37.90839032422744,663.1999999996737,1974.0893456153958
24661,37.90839032422744,663.2199999996736,1974.1133326329943
24662,37.90839032422744,663.2399999996736,1974.137319025116
24663,37.90839032422744,663.2599999996736,1974.1613047917347
24664,37.90839032422744,663.2799999996736,1974.185289932824
24665,37.90839032422744,663.2999999996736,1974.2092744483575
24666,37.90839032422744,663.3199999996735,1974.2332583383093
24667,37.90839032422744,663.3399999996735,1974.257241602653
24668,37.90839032422744,663.3599999996735,1974.2812242413625
24669,37.90839032422744,663.3799999996735,1974.3052062544114
24670,37.90839032422744,663.3999999996735,1974.3291876417736
24671,37.90839032422744,663.4199999996735,1974.3531684034228
24672,37.90839032422744,663.4399999996734,1974.3771485393327
24673,37.90839032422744,663.4599999996734,1974.4011280494772
24674,37.90839032422744,663.4799999996734,1974.42510693383
24675,37.90839032422744,663.4999999996734,1974.4490851923647
24676,37.90839032422744,663.5199999996734,1974.4730628250554
24677,37.90839032422744,663.5399999996733,1974.4970398318758
24678,37.90839032422744,663.5599999996733,1974.5210162127994
24679,37.90839032422744,663.5799999996733,1974.5449919678001
24680,37.90839032422744,663.5999999996733,1974.5689670968518
24681,37.90839032422744,663.6199999996733,1974.592941599928
24682,37.90839032422744,663.6399999996733,1974.6169154770027
24683,37.90839032422744,663.6599999996732,1974.6408887281675
24684,37.90839032422744,663.6799999996732,1974.664861354824
24685,37.90839032422744,663.6999999996732,1974.6888333573138
24686,37.90839032422744,663.7199999996732,1974.7128047356105
24687,37.90839032422744,663.7399999996732,1974.7367754896882
24688,37.90839032422744,663.7599999996731,1974.7607456195205
24689,37.90839032422744,663.7799999996731,1974.7847151250817
24690,37.90839032422744,663.7999999996731,1974.8086840063454
24691,37.90839032422744,663.8199999996731,1974.8326522632856
24692,37.90839032422744,663.8399999996731,1974.856619895876
24693,37.90839032422744,663.859999999673,1974.880586904091
24694,37.90839032422744,663.879999999673,1974.904553287904
24695,37.90839032422744,663.899999999673,1974.9285190472892
24696,37.90839032422744,663.919999999673,1974.9524841822204
24697,37.90839032422744,663.939999999673,1974.9764486926713
24698,37.90839032422744,663.959999999673,1975.000412578616
24699,37.90839032422744,663.9799999996729,1975.0243758400286
24700,37.84985327677522,663.9999999996729,1975.0483384768827
24701,37.84985327677522,664.0199999996729,1975.0723004891522
24702,37.84985327677522,664.0399999996729,1975.0962618768112
24703,37.84985327677522,664.0599999996729,1975.1202226398336
24704,37.84985327677522,664.0799999996729,1975.1441827781932
24705,37.84985327677522,664.0999999996728,1975.168142291864
24706,37.84985327677522,664.1199999996728,1975.1921011808195
24707,37.84985327677522,664.1399999996728,1975.216059445034
24708,37.84985327677522,664.1599999996728,1975.2400170844815
24709,37.84985327677522,664.1799999996728,1975.2639740991356
24710,37.84985327677522,664.1999999996727,1975.2879304889705
24711,37.84985327677522,664.2199999996727,1975.31188625396
24712,37.84985327677522,664.2399999996727,1975.335841394078
24713,37.84985327677522,664.2599999996727,1975.3597959092983
24714,37.84985327677522,664.2799999996727,1975.383749799595
24715,37.84985327677522,664.2999999996727,1975.4077030649419
24716,37.84985327677522,664.3199999996726,1975.431655705313
24717,37.84985327677522,664.3399999996726,1975.455607720682
24718,37.84985327677522,664.3599999996726,1975.4795591110233
24719,37.84985327677522,664.3799999996726,1975.5035098763103
24720,37.84985327677522,664.3999999996726,1975.5274600165171
24721,37.84985327677522,664.4199999996725,1975.5514095316175
24722,37.84985327677522,664.4399999996725,1975.5753584215856
24723,37.84985327677522,664.4599999996725,1975.5993066863953
24724,37.84985327677522,664.4799999996725,1975.6232543260205
24725,37.84985327677522,664.4999999996725,1975.647201340435
24726,37.84985327677522,664.5199999996725,1975.6711477296128
24727,37.84985327677522,664.5399999996724,1975.695093493528
24728,37.84985327677522,664.5599999996724,1975.7190386321543
24729,37.84985327677522,664.5799999996724,1975.7429831454656
24730,37.84985327677522,664.5999999996724,1975.7669270334359
24731,37.84985327677522,664.6199999996724,1975.7908702960392
24732,37.84985327677522,664.6399999996723,1975.8148129332494
24733,37.84985327677522,664.6599999996723,1975.8387549450404
24734,37.84985327677522,664.6799999996723,1975.8626963315123
24735,37.84985327677522,664.6999999996723,1975.8866370940048
24736,37.84985327677522,664.7199999996723,1975.910577232721
24737,37.84985327677522,664.7399999996722,1975.9345167476347
24738,37.84985327677522,664.7599999996722,1975.9584556387201
24739,37.84985327677522,664.7799999996722,1975.982393905951
24740,37.84985327677522,664.7999999996722,1976.0063315493019
24741,37.84985327677522,664.8199999996722,1976.0302685687464
24742,37.84985327677522,664.8399999996722,1976.0542049642586
24743,37.84985327677522,664.8599999996721,1976.0781407358127
24744,37.84985327677522,664.8799999996721,1976.1020758833824
24745,37.84985327677522,664.8999999996721,1976.1260104069422
24746,37.84985327677522,664.9199999996721,1976.1499443064658
24747,37.84985327677522,664.9399999996721,1976.1738775819274
24748,37.84985327677522,664.959999999672,1976.197810233301
24749,37.84985327677522,664.979999999672,1976.2217422605604
24750,37.84985327677522,664.999999999672,1976.24567366368
24751,37.84985327677522,665.019999999672,1976.2696044426336
24752,37.84985327677522,665.039999999672,1976.2935345973954
24753,37.84985327677522,665.059999999672,1976.3174641279393
24754,37.84985327677522,665.0799999996719,1976.3413930342394
24755,37.84985327677522,665.0999999996719,1976.3653213162697
24756,37.84985327677522,665.1199999996719,1976.3892489740044
24757,37.84985327677522,665.1399999996719,1976.4131760074174
24758,37.84985327677522,665.1599999996719,1976.4371024164827
24759,37.84985327677522,665.1799999996718,1976.4610282011745
24760,37.84985327677522,665.1999999996718,1976.4849533614665
24761,37.84985327677522,665.2199999996718,1976.5088778973332
24762,37.84985327677522,665.2399999996718,1976.5328018087482
24763,37.84985327677522,665.2599999996718,1976.5567250956858
24764,37.84985327677522,665.2799999996718,1976.5806477581202
24765,37.84985327677522,665.2999999996717,1976.604569796025
24766,37.84985327677522,665.3199999996717,1976.6284912093747
24767,37.84985327677522,665.3399999996717,1976.6524119981432
24768,37.84985327677522,665.3599999996717,1976.6763321623043
24769,37.84985327677522,665.3799999996717,1976.7002517018325
24770,37.84985327677522,665.3999999996716,1976.7241706167015
24771,37.84985327677522,665.4199999996716,1976.7480889068854
24772,37.84985327677522,665.4399999996716,1976.7720065723584
24773,37.84985327677522,665.4599999996716,1976.7959236130944
24774,37.84985327677522,665.4799999996716,1976.8198400290673
24775,37.84985327677522,665.4999999996716,1976.8437558202515
24776,37.84985327677522,665.5199999996715,1976.8676709866209
24777,37.84985327677522,665.5399999996715,1976.8915855281496
24778,37.84985327677522,665.5599999996715,1976.9154994448115
24779,37.84985327677522,665.5799999996715,1976.9394127365808
24780,37.84985327677522,665.5999999996715,1976.9633254034316
24781,37.84985327677522,665.6199999996714,1976.9872374453378
24782,37.84985327677522,665.6399999996714,1977.0111488622736
24783,37.84985327677522,665.6599999996714,1977.035059654213
24784,37.84985327677522,665.6799999996714,1977.05896982113
24785,37.84985327677522,665.6999999996714,1977.0828793631663
24786,37.84985327677522,665.7199999996714,1977.1067882817913
24787,37.84985327677522,665.7399999996713,1977.1306965771269
24788,37.84985327677522,665.7599999996713,1977.154604249147
24789,37.84985327677522,665.7799999996713,1977.178511297826
24790,37.84985327677522,665.7999999996713,1977.2024177231376
24791,37.84985327677522,665.8199999996713,1977.2263235250564
24792,37.84985327677522,665.8399999996712,1977.2502287035563
24793,37.84985327677522,665.8599999996712,1977.2741332586115
24794,37.84985327677522,665.8799999996712,1977.298037190196
24795,37.84985327677522,665.8999999996712,1977.321940498284
24796,37.84985327677522,665.9199999996712,1977.3458431828496
24797,37.84985327677522,665.9399999996712,1977.369745243867
24798,37.84985327677522,665.9599999996711,1977.3936466813104
24799,37.84985327677522,665.9799999996711,1977.417547495154
24800,37.84985327677522,665.9999999996711,1977.4414476853715
24801,37.84985327677522,666.0199999996711,1977.4653472519374
24802,37.84985327677522,666.0399999996711,1977.489246194826
24803,37.84985327677522,666.059999999671,1977.513144514011
24804,37.84985327677522,666.079999999671,1977.5370422094668
24805,37.84985327677522,666.099999999671,1977.5609392811675
24806,37.84985327677522,666.119999999671,1977.5848357290872
24807,37.84985327677522,666.139999999671,1977.6087315532
24808,37.84985327677522,666.159999999671,1977.63262675348
24809,37.84985327677522,666.1799999996709,1977.6565213299016
24810,37.84985327677522,666.1999999996709,1977.6804152824388
24811,37.84985327677522,666.2199999996709,1977.7043086110657
24812,37.84985327677522,666.2399999996709,1977.7282013157565
24813,37.84985327677522,666.2599999996709,1977.7520933964852
24814,37.84985327677522,666.2799999996708,1977.7759848532262
24815,37.84985327677522,666.2999999996708,1977.7998756859533
24816,37.84985327677522,666.3199999996708,1977.823765894641
24817,37.84985327677522,666.3399999996708,1977.8476554792633
24818,37.84985327677522,666.3599999996708,1977.8715444397942
24819,37.84985327677522,666.3799999996708,1977.895432776208
24820,37.84985327677522,666.3999999996707,1977.9193204884791
24821,37.84985327677522,666.4199999996707,1977.9432075765812
24822,37.84985327677522,666.4399999996707,1977.9670940404887
24823,37.84985327677522,666.4599999996707,1977.9909798801757
24824,37.84985327677522,666.4799999996707,1978.0148650956164
24825,37.84985327677522,666.4999999996706,1978.0387496867847
24826,37.84985327677522,666.5199999996706,1978.0626336536552
24827,37.84985327677522,666.5399999996706,1978.0865169962017
24828,37.84985327677522,666.5599999996706,1978.1103997143985
24829,37.84985327677522,666.5799999996706,1978.1342818082196
24830,37.84985327677522,666.5999999996706,1978.1581632776392
24831,37.84985327677522,666.6199999996705,1978.1820441226316
24832,37.84985327677522,666.6399999996705,1978.2059243431709
24833,37.84985327677522,666.6599999996705,1978.229803939231
24834,37.84985327677522,666.6799999996705,1978.2536829107864
24835,37.84985327677522,666.6999999996705,1978.2775612578112
24836,37.84985327677522,666.7199999996704,1978.301438980555
24837,37.84985327677522,666.7399999996704,1978.3253160804095
24838,37.84985327677522,666.7599999996704,1978.3491925574754
24839,37.84985327677522,666.7799999996704,1978.3730684117265
24840,37.84985327677522,666.7999999996704,1978.3969436431373
24841,37.84985327677522,666.8199999996704,1978.4208182516818
24842,37.84985327677522,666.8399999996703,1978.4446922373343
24843,37.84985327677522,666.8599999996703,1978.4685656000686
24844,37.84985327677522,666.8799999996703,1978.492438339859
24845,37.84985327677522,666.8999999996703,1978.5163104566798
24846,37.84985327677522,666.9199999996703,1978.540181950505
24847,37.84985327677522,666.9399999996702,1978.5640528213087
24848,37.84985327677522,666.9599999996702,1978.587923069065
24849,37.84985327677522,666.9799999996702,1978.6117926937482
24850,37.84985327677522,666.9999999996702,1978.6356616953324
24851,37.84985327677522,667.0199999996702,1978.6595300737915
24852,37.84985327677522,667.0399999996702,1978.6833978291
24853,37.84985327677522,667.0599999996701,1978.7072649612317
24854,37.84985327677522,667.0799999996701,1978.731131470161
24855,37.84985327677522,667.0999999996701,1978.7549973558619
24856,37.84985327677522,667.1199999996701,1978.7788626183085
24857,37.84985327677522,667.1399999996701,1978.802727257475
24858,37.84985327677522,667.15999999967,1978.8265912733357
24859,37.84985327677522,667.17999999967,1978.8504546658644
24860,37.84985327677522,667.19999999967,1978.8743174350354
24861,37.84985327677522,667.21999999967,1978.8981795808231
24862,37.84985327677522,667.23999999967,1978.9220411032013
24863,37.84985327677522,667.25999999967,1978.9459020021443
24864,37.84985327677522,667.2799999996699,1978.9697622776262
24865,37.84985327677522,667.2999999996699,1978.9936219296212
24866,37.84985327677522,667.3199999996699,1979.0174809581033
24867,37.84985327677522,667.3399999996699,1979.0413393630467
24868,37.84985327677522,667.3599999996699,1979.0651971444258
24869,37.84985327677522,667.3799999996698,1979.0890543022144
24870,37.84985327677522,667.3999999996698,1979.1129108363868
24871,37.84985327677522,667.4199999996698,1979.1367667469174
24872,37.84985327677522,667.4399999996698,1979.1606220337799
24873,37.84985327677522,667.4599999996698,1979.1844766969486
24874,37.84985327677522,667.4799999996698,1979.2083307363978
24875,37.84985327677522,667.4999999996697,1979.2321841521016
24876,37.84985327677522,667.5199999996697,1979.2560369440341
24877,37.84985327677522,667.5399999996697,1979.2798891121695
24878,37.84985327677522,667.5599999996697,1979.3037406564818
24879,37.84985327677522,667.5799999996697,1979.3275915769452
24880,37.84985327677522,667.5999999996696,1979.351441873534
24881,37.84985327677522,667.6199999996696,1979.3752915462223
24882,37.84985327677522,667.6399999996696,1979.3991405949841
24883,37.84985327677522,667.6599999996696,1979.422989019794
24884,37.84985327677522,667.6799999996696,1979.4468368206255
24885,37.84985327677522,667.6999999996696,1979.4706839974533
24886,37.84985327677522,667.7199999996695,1979.4945305502513
24887,37.84985327677522,667.7399999996695,1979.5183764793926
24888,37.84985327677522,667.7599999996695,1979.5422217862372
24889,37.84985327677522,667.7799999996695,1979.5660664708694
24890,37.7914667264329,667.7999999996695,1979.5899105332635
24891,37.7914667264329,667.8199999996694,1979.6137539733938
24892,37.7914667264329,667.8399999996694,1979.637596791235
24893,37.7914667264329,667.8599999996694,1979.6614389867611
24894,37.7914667264329,667.8799999996694,1979.685280559947
24895,37.7914667264329,667.8999999996694,1979.7091215107666
24896,37.7914667264329,667.9199999996694,1979.7329618391946
24897,37.7914667264329,667.9399999996693,1979.7568015452052
24898,37.7914667264329,667.9599999996693,1979.780640628773
24899,37.7914667264329,667.9799999996693,1979.8044790898723
24900,37.7914667264329,667.9999999996693,1979.8283169284775
24901,37.7914667264329,668.0199999996693,1979.8521541445632
24902,37.7914667264329,668.0399999996692,1979.8759907381036
24903,37.7914667264329,668.0599999996692,1979.899826709073
24904,37.7914667264329,668.0799999996692,1979.923662057446
24905,37.7914667264329,668.0999999996692,1979.947496783197
24906,37.7914667264329,668.1199999996692,1979.9713308863002
24907,37.7914667264329,668.1399999996692,1979.9951643667303
24908,37.7914667264329,668.1599999996691,1980.0189972156543
24909,37.7914667264329,668.1799999996691,1980.0428294161406
24910,37.7914667264329,668.1999999996691,1980.0666609672655
24911,37.7914667264329,668.2199999996691,1980.0904918690055
24912,37.7914667264329,668.2399999996691,1980.1143221213367
24913,37.7914667264329,668.259999999669,1980.1381517242355
24914,37.7914667264329,668.279999999669,1980.1619806776782
24915,37.7914667264329,668.299999999669,1980.185808981641
24916,37.7914667264329,668.319999999669,1980.2096366361004
24917,37.7914667264329,668.339999999669,1980.2334636410326
24918,37.7914667264329,668.359999999669,1980.2572899964139
24919,37.7914667264329,668.3799999996689,1980.2811157022206
24920,37.7914667264329,668.3999999996689,1980.3049407584292
24921,37.7914667264329,668.4199999996689,1980.328765165016
24922,37.7914667264329,668.4399999996689,1980.352588921957
24923,37.7914667264329,668.4599999996689,1980.376412029229
24924,37.7914667264329,668.4799999996688,1980.400234486808
24925,37.7914667264329,668.4999999996688,1980.4240562946702
24926,37.7914667264329,668.5199999996688,1980.4478774527922
24927,37.7914667264329,668.5399999996688,1980.47169796115
24928,37.7914667264329,668.5599999996688,1980.4955178197204
24929,37.7914667264329,668.5799999996688,1980.5193370284792
24930,37.7914667264329,668.5999999996687,1980.5431555874031
24931,37.7914667264329,668.6199999996687,1980.5669734964683
24932,37.7914667264329,668.6399999996687,1980.5907907556511
24933,37.7914667264329,668.6599999996687,1980.614607364928
24934,37.7914667264329,668.6799999996687,1980.6384233242748
24935,37.7914667264329,668.6999999996686,1980.6622386336683
24936,37.7914667264329,668.7199999996686,1980.6860532930848
24937,37.7914667264329,668.7399999996686,1980.7098673025005
24938,37.7914667264329,668.7599999996686,1980.733680662351
24939,37.7914667264329,668.7799999996686,1980.7574933737794
24940,37.7914667264329,668.7999999996686,1980.7813054368407
24941,37.7914667264329,668.8199999996685,1980.805116851511
24942,37.7914667264329,668.8399999996685,1980.8289276177668
24943,37.7914667264329,668.8599999996685,1980.8527377355845
24944,37.7914667264329,668.8799999996685,1980.8765472049406
24945,37.7914667264329,668.8999999996685,1980.9003560258113
24946,37.7914667264329,668.9199999996684,1980.924164198173
24947,37.7914667264329,668.9399999996684,1980.947971722002
24948,37.7914667264329,668.9599999996684,1980.9717785972746
24949,37.7914667264329,668.9799999996684,1980.9955848239674
24950,37.7914667264329,668.9999999996684,1981.0193904020566
24951,37.7914667264329,669.0199999996684,1981.0431953315187
24952,37.7914667264329,669.0399999996683,1981.06699961233
24953,37.7914667264329,669.0599999996683,1981.0908032444668
24954,37.7914667264329,669.0799999996683,1981.1146062279054
24955,37.7914667264329,669.0999999996683,1981.1384085626223
24956,37.7914667264329,669.1199999996683,1981.162210248594
24957,37.7914667264329,669.1399999996682,1981.1860112857967
24958,37.7914667264329,669.1599999996682,1981.2098116742068
24959,37.7914667264329,669.1799999996682,1981.2336114138006
24960,37.7914667264329,669.1999999996682,1981.2574105045546
24961,37.7914667264329,669.2199999996682,1981.2812089464453
24962,37.7914667264329,669.2399999996682,1981.3050067394488
24963,37.7914667264329,669.2599999996681,1981.3288038835415
24964,37.7914667264329,669.2799999996681,1981.3526003787
24965,37.7914667264329,669.2999999996681,1981.3763962249004
24966,37.7914667264329,669.3199999996681,1981.4001914221192
24967,37.7914667264329,669.3399999996681,1981.4239859703328
24968,37.7914667264329,669.359999999668,1981.4477798695175
24969,37.7914667264329,669.379999999668,1981.47157311965
24970,37.7914667264329,669.399999999668,1981.4953657207063
24971,37.7914667264329,669.419999999668,1981.519157672663
24972,37.7914667264329,669.439999999668,1981.5429489754963
24973,37.7914667264329,669.459999999668,1981.5667396291826
24974,37.7914667264329,669.4799999996679,1981.5905296336985
24975,37.7914667264329,669.4999999996679,1981.6143189890201
24976,37.7914667264329,669.5199999996679,1981.638107695124
24977,37.7914667264329,669.5399999996679,1981.6618957519865
24978,37.7914667264329,669.5599999996679,1981.6856831595842
24979,37.7914667264329,669.5799999996678,1981.709469917893
24980,37.7914667264329,669.5999999996678,1981.7332560268899
24981,37.7914667264329,669.6199999996678,1981.7570414865509
24982,37.7914667264329,669.6399999996678,1981.7808262968522
24983,37.7914667264329,669.6599999996678,1981.8046104577707
24984,37.7914667264329,669.6799999996678,1981.8283939692824
24985,37.7914667264329,669.6999999996677,1981.8521768313637
24986,37.7914667264329,669.7199999996677,1981.8759590439913
24987,37.7914667264329,669.7399999996677,1981.8997406071412
24988,37.7914667264329,669.7599999996677,1981.92352152079
24989,37.7914667264329,669.7799999996677,1981.9473017855028
24990,37.7914667264329,669.7999999996676,1981.9710814023977
24991,37.7914667264329,669.8199999996676,1981.9948603715127
24992,37.7914667264329,669.8399999996676,1982.0186386928242
24993,37.7914667264329,669.8599999996676,1982.0424163663085
24994,37.7914667264329,669.8799999996676,1982.0661933919423
24995,37.7914667264329,669.8999999996676,1982.0899697697018
24996,37.7914667264329,669.9199999996675,1982.1137454995637
24997,37.7914667264329,669.9399999996675,1982.1375205815043
24998,37.7914667264329,669.9599999996675,1982.1612950155
24999,37.7914667264329,669.9799999996675,1982.1850688015272
25000,37.7914667264329,669.9999999996675,1982.2088419395627
25001,37.7914667264329,670.0199999996674,1982.2326144295826
25002,37.7914667264329,670.0399999996674,1982.2563862715633
25003,37.7914667264329,670.0599999996674,1982.2801574654816
25004,37.7914667264329,670.0799999996674,1982.3039280113137
25005,37.7914667264329,670.0999999996674,1982.327697909036
25006,37.7914667264329,670.1199999996674,1982.3514671586252
25007,37.7914667264329,670.1399999996673,1982.3752357600574
25008,37.7914667264329,670.1599999996673,1982.3990037133094
25009,37.7914667264329,670.1799999996673,1982.4227710183575
25010,37.7914667264329,670.1999999996673,1982.4465376751782
25011,37.7914667264329,670.2199999996673,1982.470303683748
25012,37.7914667264329,670.2399999996672,1982.494069044043
25013,37.7914667264329,670.2599999996672,1982.51783375604
25014,37.7914667264329,670.2799999996672,1982.5415978197154
25015,37.7914667264329,670.2999999996672,1982.5653612350457
25016,37.7914667264329,670.3199999996672,1982.589124002007
25017,37.7914667264329,670.3399999996672,1982.6128861205764
25018,37.7914667264329,670.3599999996671,1982.6366475907298
25019,37.7914667264329,670.3799999996671,1982.660408412444
25020,37.7914667264329,670.3999999996671,1982.6841685856953
25021,37.7914667264329,670.4199999996671,1982.70792811046
25022,37.7914667264329,670.4399999996671,1982.7316869867147
25023,37.7914667264329,670.459999999667,1982.7554452144361
25024,37.7914667264329,670.479999999667,1982.7792027936005
25025,37.7914667264329,670.499999999667,1982.8029597241841
25026,37.7914667264329,670.519999999667,1982.8267160061637
25027,37.7914667264329,670.539999999667,1982.8504716395157
25028,37.7914667264329,670.559999999667,1982.8742266242166
25029,37.7914667264329,670.5799999996669,1982.8979809602426
25030,37.7914667264329,670.5999999996669,1982.9217346475705
25031,37.7914667264329,670.6199999996669,1982.9454876861764
25032,37.7914667264329,670.6399999996669,1982.969240076037
25033,37.7914667264329,670.6599999996669,1982.992991817129
25034,37.7914667264329,670.6799999996668,1983.0167429094286
25035,37.7914667264329,670.6999999996668,1983.040493352912
25036,37.7914667264329,670.7199999996668,1983.0642431475562
25037,37.7914667264329,670.7399999996668,1983.0879922933373
25038,37.7914667264329,670.7599999996668,1983.1117407902318
25039,37.7914667264329,670.7799999996668,1983.1354886382164
25040,37.7914667264329,670.7999999996667,1983.1592358379917
25041,37.7914667264329,670.8199999996667,1983.1829823906373
25042,37.7914667264329,670.8399999996667,1983.2067282961718
25043,37.7914667264329,670.8599999996667,1983.2304735545717
25044,37.7914667264329,670.8799999996667,1983.2542181658132
25045,37.7914667264329,670.8999999996666,1983.2779621298728
25046,37.7914667264329,670.9199999996666,1983.3017054467266
25047,37.7914667264329,670.9399999996666,1983.3254481163513
25048,37.7914667264329,670.9599999996666,1983.349190138723
25049,37.7914667264329,670.9799999996666,1983.3729315138187
25050,37.7914667264329,670.9999999996666,1983.3966722416142
25051,37.7914667264329,671.0199999996665,1983.4204123220861
25052,37.7914667264329,671.0399999996665,1983.4441517552107
25053,37.7914667264329,671.0599999996665,1983.4678905409644
25054,37.7914667264329,671.0799999996665,1983.4916286793239
25055,37.7914667264329,671.0999999996665,1983.5153661702652
25056,37.7914667264329,671.1199999996664,1983.5391030137648
25057,37.7914667264329,671.1399999996664,1983.5628392097992
25058,37.7914667264329,671.1599999996664,1983.5865747583448
25059,37.7914667264329,671.1799999996664,1983.610309659378
25060,37.7914667264329,671.1999999996664,1983.6340439128749
25061,37.7914667264329,671.2199999996664,1983.6577775188123
25062,37.7914667264329,671.2399999996663,1983.6815104771665
25063,37.7914667264329,671.2599999996663,1983.705242787914
25064,37.7914667264329,671.2799999996663,1983.7289744510308
25065,37.7914667264329,671.2999999996663,1983.7527054664936
25066,37.7914667264329,671.3199999996663,1983.7764358342788
25067,37.7914667264329,671.3399999996662,1983.8001655543628
25068,37.7914667264329,671.3599999996662,1983.823894626722
25069,37.7914667264329,671.3799999996662,1983.8476230513327
25070,37.7914667264329,671.3999999996662,1983.8713508281712
25071,37.7914667264329,671.4199999996662,1983.8950779572142
25072,37.7914667264329,671.4399999996662,1983.918804438438
25073,37.7914667264329,671.4599999996661,1983.942530271819
25074,37.7914667264329,671.4799999996661,1983.9662554573335
25075,37.7914667264329,671.4999999996661,1983.989979994958
25076,37.7914667264329,671.5199999996661,1984.013703884669
25077,37.7914667264329,671.5399999996661,1984.0374271264427
25078,37.7914667264329,671.559999999666,1984.0611497202558
25079,37.7914667264329,671.579999999666,1984.0848716660844
25080,37.7914667264329,671.599999999666,1984.108592963905
25081,37.7914667264329,671.619999999666,1984.1323136136941
25082,37.7914667264329,671.639999999666,1984.1560336154282
25083,37.7914667264329,671.659999999666,1984.1797529690837
25084,37.73323013206361,671.6799999996659,1984.2034716746368
25085,37.73323013206361,671.6999999996659,1984.227189732064
25086,37.73323013206361,671.7199999996659,1984.2509071413417
25087,37.73323013206361,671.7399999996659,1984.2746239024464
25088,37.73323013206361,671.7599999996659,1984.2983400153544
25089,37.73323013206361,671.7799999996658,1984.3220554800423
25090,37.73323013206361,671.7999999996658,1984.3457702964863
25091,37.73323013206361,671.8199999996658,1984.3694844654317
25092,37.73323013206361,671.8399999996658,1984.3931979877896
25093,37.73323013206361,671.8599999996658,1984.4169108635554
25094,37.73323013206361,671.8799999996658,1984.440623092706
25095,37.73323013206361,671.8999999996657,1984.4643346752182
25096,37.73323013206361,671.9199999996657,1984.4880456110689
25097,37.73323013206361,671.9399999996657,1984.5117559002347
25098,37.73323013206361,671.9599999996657,1984.5354655426927
25099,37.73323013206361,671.9799999996657,1984.5591745384195
25100,37.73323013206361,671.9999999996656,1984.582882887392
25101,37.73323013206361,672.0199999996656,1984.606590589587
25102,37.73323013206361,672.0399999996656,1984.6302976449815
25103,37.73323013206361,672.0599999996656,1984.6540040535522
25104,37.73323013206361,672.0799999996656,1984.6777098152759
25105,37.73323013206361,672.0999999996656,1984.7014149301294
25106,37.73323013206361,672.1199999996655,1984.7251193980899
25107,37.73323013206361,672.1399999996655,1984.7488232191338
25108,37.73323013206361,672.1599999996655,1984.772526393238
25109,37.73323013206361,672.1799999996655,1984.7962289203795
25110,37.73323013206361,672.1999999996655,1984.819930800535
25111,37.73323013206361,672.2199999996654,1984.8436320336814
25112,37.73323013206361,672.2399999996654,1984.8673326197954
25113,37.73323013206361,672.2599999996654,1984.891032558854
25114,37.73323013206361,672.2799999996654,1984.9147318508342
25115,37.73323013206361,672.2999999996654,1984.9384304957125
25116,37.73323013206361,672.3199999996654,1984.9621284934658
25117,37.73323013206361,672.3399999996653,1984.985825844071
25118,37.73323013206361,672.3599999996653,1985.0095225475052
25119,37.73323013206361,672.3799999996653,1985.033218603745
25120,37.73323013206361,672.3999999996653,1985.056914012767
25121,37.73323013206361,672.4199999996653,1985.0806087745484
25122,37.73323013206361,672.4399999996652,1985.1043028890658
25123,37.73323013206361,672.4599999996652,1985.1279963562963
25124,37.73323013206361,672.4799999996652,1985.1516891762165
25125,37.73323013206361,672.4999999996652,1985.1753813488033
25126,37.73323013206361,672.5199999996652,1985.1990728740336
25127,37.73323013206361,672.5399999996652,1985.2227637518843
25128,37.73323013206361,672.5599999996651,1985.246453982332
25129,37.73323013206361,672.5799999996651,1985.270143565354
25130,37.73323013206361,672.5999999996651,1985.2938325009268
25131,37.73323013206361,672.6199999996651,1985.3175207890272
25132,37.73323013206361,672.6399999996651,1985.3412084296322
25133,37.73323013206361,672.659999999665,1985.3648954227187
25134,37.73323013206361,672.679999999665,1985.3885817682635
25135,37.73323013206361,672.699999999665,1985.4122674662433
25136,37.73323013206361,672.719999999665,1985.435952516635
25137,37.73323013206361,672.739999999665,1985.4596369194157
25138,37.73323013206361,672.759999999665,1985.483320674562
25139,37.73323013206361,672.7799999996649,1985.507003782051
25140,37.73323013206361,672.7999999996649,1985.5306862418593
25141,37.73323013206361,672.8199999996649,1985.5543680539656
25142,37.73323013206361,672.8399999996649,1985.5780492192307
25143,37.73323013206361,672.8599999996649,1985.6017297384979
25144,37.73323013206361,672.8799999996648,1985.625409611744
25145,37.73323013206361,672.8999999996648,1985.649088838946
25146,37.73323013206361,672.9199999996648,1985.6727674200804
25147,37.73323013206361,672.9399999996648,1985.696445355124
25148,37.73323013206361,672.9599999996648,1985.7201226440536
25149,37.73323013206361,672.9799999996648,1985.743799286846
25150,37.73323013206361,672.9999999996647,1985.767475283478
25151,37.73323013206361,673.0199999996647,1985.7911506339265
25152,37.73323013206361,673.0399999996647,1985.814825338168
25153,37.73323013206361,673.0599999996647,1985.8384993961795
25154,37.73323013206361,673.0799999996647,1985.8621728079374
25155,37.73323013206361,673.0999999996646,1985.885845573419
25156,37.73323013206361,673.1199999996646,1985.9095176926007
25157,37.73323013206361,673.1399999996646,1985.9331891654595
25158,37.73323013206361,673.1599999996646,1985.956859991972
25159,37.73323013206361,673.1799999996646,1985.9805301721149
25160,37.73323013206361,673.1999999996646,1986.0041997058652
25161,37.73323013206361,673.2199999996645,1986.0278685931996
25162,37.73323013206361,673.2399999996645,1986.051536834095
25163,37.73323013206361,673.2599999996645,1986.075204428528
25164,37.73323013206361,673.2799999996645,1986.0988713764755
25165,37.73323013206361,673.2999999996645,1986.1225376779141
25166,37.73323013206361,673.3199999996644,1986.1462033328207
25167,37.73323013206361,673.3399999996644,1986.169868341172
25168,37.73323013206361,673.3599999996644,1986.193532702945
25169,37.73323013206361,673.3799999996644,1986.2171964181164
25170,37.73323013206361,673.3999999996644,1986.2408594866629
25171,37.73323013206361,673.4199999996644,1986.2645219085614
25172,37.73323013206361,673.4399999996643,1986.2881836837887
25173,37.73323013206361,673.4599999996643,1986.3118448123214
25174,37.73323013206361,673.4799999996643,1986.3355052941363
25175,37.73323013206361,673.4999999996643,1986.3591651292104
25176,37.73323013206361,673.5199999996643,1986.3828243175203
25177,37.73323013206361,673.5399999996642,1986.4064828590429
25178,37.73323013206361,673.5599999996642,1986.4301407537548
25179,37.73323013206361,673.5799999996642,1986.453798001633
25180,37.73323013206361,673.5999999996642,1986.4774546026542
25181,37.73323013206361,673.6199999996642,1986.5011105567953
25182,37.73323013206361,673.6399999996642,1986.524765864033
25183,37.73323013206361,673.6599999996641,1986.5484205243442
25184,37.73323013206361,673.6799999996641,1986.5720745377055
25185,37.73323013206361,673.6999999996641,1986.5957279040938
25186,37.73323013206361,673.7199999996641,1986.6193806234858
25187,37.73323013206361,673.7399999996641,1986.6430326958584
25188,37.73323013206361,673.759999999664,1986.6666841211884
25189,37.73323013206361,673.779999999664,1986.6903348994526
25190,37.73323013206361,673.799999999664,1986.7139850306278
25191,37.73323013206361,673.819999999664,1986.7376345146906
25192,37.73323013206361,673.839999999664,1986.761283351641
25193,37.73323013206361,673.859999999664,1986.7849315424342
25194,37.73323013206361,673.8799999996639,1986.8085790878201
25195,37.73323013206361,673.8999999996639,1986.832225987776
25196,37.73323013206361,673.9199999996639,1986.8558722422783
25197,37.73323013206361,673.9399999996639,1986.8795178513042
25198,37.73323013206361,673.9599999996639,1986.9031628148302
25199,37.73323013206361,673.9799999996638,1986.9268071328336
25200,37.73323013206361,673.9999999996638,1986.9504508052908
25201,37.73323013206361,674.0199999996638,1986.9740938321788
25202,37.73323013206361,674.0399999996638,1986.9977362134746
25203,37.73323013206361,674.0599999996638,1987.021377949155
25204,37.73323013206361,674.0799999996638,1987.0450190391969
25205,37.73323013206361,674.0999999996637,1987.068659483577
25206,37.73323013206361,674.1199999996637,1987.0922992822723
25207,37.73323013206361,674.1399999996637,1987.1159384352597
25208,37.73323013206361,674.1599999996637,1987.139576942516
25209,37.73323013206361,674.1799999996637,1987.163214804018
25210,37.73323013206361,674.1999999996636,1987.1868520197427
25211,37.73323013206361,674.2199999996636,1987.210488589667
25212,37.73323013206361,674.2399999996636,1987.2341245137675
25213,37.73323013206361,674.2599999996636,1987.2577597920213
25214,37.73323013206361,674.2799999996636,1987.281394424405
25215,37.73323013206361,674.2999999996636,1987.305028410896
25216,37.73323013206361,674.3199999996635,1987.3286617514707
25217,37.73323013206361,674.3399999996635,1987.352294446106
25218,37.73323013206361,674.3599999996635,1987.375926494779
25219,37.73323013206361,674.3799999996635,1987.3995578974664
25220,37.73323013206361,674.3999999996635,1987.423188654145
25221,37.73323013206361,674.4199999996634,1987.4468187647917
25222,37.73323013206361,674.4399999996634,1987.4704482293837
25223,37.73323013206361,674.4599999996634,1987.4940770478975
25224,37.73323013206361,674.4799999996634,1987.51770522031
25225,37.73323013206361,674.4999999996634,1987.5413327465983
25226,37.73323013206361,674.5199999996634,1987.5649596267392
25227,37.73323013206361,674.5399999996633,1987.5885858607096
25228,37.73323013206361,674.5599999996633,1987.6122114484863
25229,37.73323013206361,674.5799999996633,1987.635836390046
25230,37.73323013206361,674.5999999996633,1987.659460685366
25231,37.73323013206361,674.6199999996633,1987.6830843344228
25232,37.73323013206361,674.6399999996632,1987.7067073371934
25233,37.73323013206361,674.6599999996632,1987.7303296936545
25234,37.73323013206361,674.6799999996632,1987.7539514037833
25235,37.73323013206361,674.6999999996632,1987.7775724675564
25236,37.73323013206361,674.7199999996632,1987.801192884951
25237,37.73323013206361,674.7399999996632,1987.8248126559438
25238,37.73323013206361,674.7599999996631,1987.8484317805116
25239,37.73323013206361,674.7799999996631,1987.8720502586316
25240,37.73323013206361,674.7999999996631,1987.8956680902802
25241,37.73323013206361,674.8199999996631,1987.9192852754347
25242,37.73323013206361,674.8399999996631,1987.9429018140718
25243,37.73323013206361,674.859999999663,1987.9665177062143
25244,37.73323013206361,674.879999999663,1987.9901329529532
25245,37.73323013206361,674.899999999663,1988.0137475549666
25246,37.73323013206361,674.919999999663,1988.0373615122314
25247,37.73323013206361,674.939999999663,1988.0609748247246
25248,37.73323013206361,674.959999999663,1988.0845874924228
25249,37.73323013206361,674.9799999996629,1988.1081995153033
25250,37.73323013206361,674.9999999996629,1988.131810893343
25251,37.73323013206361,675.0199999996629,1988.1554216265188
25252,37.73323013206361,675.0399999996629,1988.1790317148075
25253,37.73323013206361,675.0599999996629,1988.2026411581862
25254,37.73323013206361,675.0799999996628,1988.2262499566318
25255,37.73323013206361,675.0999999996628,1988.2498581101213
25256,37.73323013206361,675.1199999996628,1988.2734656186315
25257,37.73323013206361,675.1399999996628,1988.2970724821396
25258,37.73323013206361,675.1599999996628,1988.3206787006222
25259,37.73323013206361,675.1799999996628,1988.3442842740565
25260,37.73323013206361,675.1999999996627,1988.3678892024193
25261,37.73323013206361,675.2199999996627,1988.3914934856878
25262,37.73323013206361,675.2399999996627,1988.4150971238387
25263,37.73323013206361,675.2599999996627,1988.438700116849
25264,37.73323013206361,675.2799999996627,1988.4623024646958
25265,37.73323013206361,675.2999999996626,1988.4859041673558
25266,37.73323013206361,675.3199999996626,1988.509505224806
25267,37.73323013206361,675.3399999996626,1988.5331056370233
25268,37.73323013206361,675.3599999996626,1988.5567054039848
25269,37.73323013206361,675.3799999996626,1988.5803045256675
25270,37.73323013206361,675.3999999996626,1988.6039030020484
25271,37.73323013206361,675.4199999996625,1988.6275008331042
25272,37.73323013206361,675.4399999996625,1988.651098018812
25273,37.73323013206361,675.4599999996625,1988.6746945591487
25274,37.73323013206361,675.4799999996625,1988.6982904540914
25275,37.67514295502958,675.4999999996625,1988.7218857036169
25276,37.67514295502958,675.5199999996624,1988.745480307702
25277,37.67514295502958,675.5399999996624,1988.769074266324
25278,37.67514295502958,675.5599999996624,1988.7926675794597
25279,37.67514295502958,675.5799999996624,1988.8162602470861
25280,37.67514295502958,675.5999999996624,1988.83985226918
25281,37.67514295502958,675.6199999996624,1988.8634436457185
25282,37.67514295502958,675.6399999996623,1988.8870343766785
25283,37.67514295502958,675.6599999996623,1988.910624462037
25284,37.67514295502958,675.6799999996623,1988.934213901771
25285,37.67514295502958,675.6999999996623,1988.9578026958575
25286,37.67514295502958,675.7199999996623,1988.9813908442734
25287,37.67514295502958,675.7399999996622,1989.0049783469956
25288,37.67514295502958,675.7599999996622,1989.028565204001
25289,37.67514295502958,675.7799999996622,1989.052151415267
25290,37.67514295502958,675.7999999996622,1989.07573698077
25291,37.67514295502958,675.8199999996622,1989.0993219004872
25292,37.67514295502958,675.8399999996622,1989.1229061743957
25293,37.67514295502958,675.8599999996621,1989.1464898024722
25294,37.67514295502958,675.8799999996621,1989.170072784755
25295,37.67514295502958,675.8999999996621,1989.1936551223014
25296,37.67514295502958,675.9199999996621,1989.2172368156205
25297,37.67514295502958,675.9399999996621,1989.240817864689
25298,37.67514295502958,675.959999999662,1989.2643982694842
25299,37.67514295502958,675.979999999662,1989.287978029983
25300,37.67514295502958,675.999999999662,1989.3115571461622
25301,37.67514295502958,676.019999999662,1989.3351356179992
25302,37.67514295502958,676.039999999662,1989.3587134454708
25303,37.67514295502958,676.059999999662,1989.382290628554
25304,37.67514295502958,676.0799999996619,1989.405867167226
25305,37.67514295502958,676.0999999996619,1989.4294430614636
25306,37.67514295502958,676.1199999996619,1989.453018311244
25307,37.67514295502958,676.1399999996619,1989.476592916544
25308,37.67514295502958,676.1599999996619,1989.5001668773407
25309,37.67514295502958,676.1799999996618,1989.5237401936113
25310,37.67514295502958,676.1999999996618,1989.5473128653325
25311,37.67514295502958,676.2199999996618,1989.5708848924817
25312,37.67514295502958,676.2399999996618,1989.5944562750356
25313,37.67514295502958,676.2599999996618,1989.6180270129714
25314,37.67514295502958,676.2799999996618,1989.641597106266
25315,37.67514295502958,676.2999999996617,1989.6651665548966
25316,37.67514295502958,676.3199999996617,1989.6887353588402
25317,37.67514295502958,676.3399999996617,1989.7123035180737
25318,37.67514295502958,676.3599999996617,1989.735871032574
25319,37.67514295502958,676.3799999996617,1989.7594379023185
25320,37.67514295502958,676.3999999996616,1989.783004127284
25321,37.67514295502958,676.4199999996616,1989.8065697074474
25322,37.67514295502958,676.4399999996616,1989.8301346427859
25323,37.67514295502958,676.4599999996616,1989.8536989332765
25324,37.67514295502958,676.4799999996616,1989.8772625788963
25325,37.67514295502958,676.4999999996616,1989.9008255796223
25326,37.67514295502958,676.5199999996615,1989.9243879354315
25327,37.67514295502958,676.5399999996615,1989.947949646301
25328,37.67514295502958,676.5599999996615,1989.9715107122076
25329,37.67514295502958,676.5799999996615,1989.9950711331287
25330,37.67514295502958,676.5999999996615,1990.018630886378
25331,37.67514295502958,676.6199999996614,1990.0421899274359
25332,37.67514295502958,676.6399999996614,1990.0657482538584
25333,37.67514295502958,676.6599999996614,1990.089305865629
25334,37.67514295502958,676.6799999996614,1990.1128627627309
25335,37.67514295502958,676.6999999996614,1990.136418945147
25336,37.67514295502958,676.7199999996614,1990.1599744128607
25337,37.67514295502958,676.7399999996613,1990.1835291658551
25338,37.67514295502958,676.7599999996613,1990.2070832041134
25339,37.67514295502958,676.7799999996613,1990.2306365276186
25340,37.67514295502958,676.7999999996613,1990.254189136354
25341,37.67514295502958,676.8199999996613,1990.2777410303026
25342,37.67514295502958,676.8399999996612,1990.3012922094479
25343,37.67514295502958,676.8599999996612,1990.3248426737728
25344,37.67514295502958,676.8799999996612,1990.3483924232605
25345,37.67514295502958,676.8999999996612,1990.371941457979
25346,37.67514295502958,676.9199999996612,1990.3954897791261
25347,37.67514295502958,676.9399999996612,1990.4190373871388
25348,37.67514295502958,676.9599999996611,1990.4425842820003
25349,37.67514295502958,676.9799999996611,1990.4661304636938
25350,37.67514295502958,676.9999999996611,1990.4896759322025
25351,37.67514295502958,677.0199999996611,1990.5132206875096
25352,37.67514295502958,677.0399999996611,1990.5367647295984
25353,37.67514295502958,677.059999999661,1990.5603080584522
25354,37.67514295502958,677.079999999661,1990.583850674054
25355,37.67514295502958,677.099999999661,1990.6073925763872
25356,37.67514295502958,677.119999999661,1990.6309337654347
25357,37.67514295502958,677.139999999661,1990.6544742411802
25358,37.67514295502958,677.159999999661,1990.6780140036067
25359,37.67514295502958,677.1799999996609,1990.7015530526974
25360,37.67514295502958,677.1999999996609,1990.7250913884354
25361,37.67514295502958,677.2199999996609,1990.748629010804
25362,37.67514295502958,677.2399999996609,1990.7721659197866
25363,37.67514295502958,677.2599999996609,1990.7957021153663
25364,37.67514295502958,677.2799999996608,1990.8192375975264
25365,37.67514295502958,677.2999999996608,1990.84277236625
25366,37.67514295502958,677.3199999996608,1990.8663064215204
25367,37.67514295502958,677.3399999996608,1990.8898397633209
25368,37.67514295502958,677.3599999996608,1990.9133723916345
25369,37.67514295502958,677.3799999996608,1990.9369043064446
25370,37.67514295502958,677.3999999996607,1990.9604355077345
25371,37.67514295502958,677.4199999996607,1990.9839659954873
25372,37.67514295502958,677.4399999996607,1991.0074957696863
25373,37.67514295502958,677.4599999996607,1991.0310248303147
25374,37.67514295502958,677.4799999996607,1991.0545531773557
25375,37.67514295502958,677.4999999996606,1991.0780808107927
25376,37.67514295502958,677.5199999996606,1991.1016077306087
25377,37.67514295502958,677.5399999996606,1991.125133936787
25378,37.67514295502958,677.5599999996606,1991.148659429311
25379,37.67514295502958,677.5799999996606,1991.1721842081638
25380,37.67514295502958,677.5999999996606,1991.1957082733286
25381,37.67514295502958,677.6199999996605,1991.2192316247886
25382,37.67514295502958,677.6399999996605,1991.2427542625271
25383,37.67514295502958,677.6599999996605,1991.2662761865274
25384,37.67514295502958,677.6799999996605,1991.2897973967729
25385,37.67514295502958,677.6999999996605,1991.3133178932464
25386,37.67514295502958,677.7199999996604,1991.3368376759315
25387,37.67514295502958,677.7399999996604,1991.3603567448113
25388,37.67514295502958,677.7599999996604,1991.383875099869
25389,37.67514295502958,677.7799999996604,1991.407392741088
25390,37.67514295502958,677.7999999996604,1991.4309096684512
25391,37.67514295502958,677.8199999996604,1991.4544258819424
25392,37.67514295502958,677.8399999996603,1991.4779413815443
25393,37.67514295502958,677.8599999996603,1991.5014561672403
25394,37.67514295502958,677.8799999996603,1991.524970239014
25395,37.67514295502958,677.8999999996603,1991.5484835968482
25396,37.67514295502958,677.9199999996603,1991.5719962408318
25397,37.67514295502958,677.9399999996602,1991.5955081722495
25398,37.67514295502958,677.9599999996602,1991.6190193914356
25399,37.67514295502958,677.9799999996602,1991.6425298983736
25400,37.67514295502958,677.9999999996602,1991.6660396930465
25401,37.67514295502958,678.0199999996602,1991.689548775438
25402,37.67514295502958,678.0399999996602,1991.713057145531
25403,37.67514295502958,678.0599999996601,1991.736564803309
25404,37.67514295502958,678.0799999996601,1991.760071748755
25405,37.67514295502958,678.0999999996601,1991.7835779818529
25406,37.67514295502958,678.1199999996601,1991.8070835025856
25407,37.67514295502958,678.1399999996601,1991.8305883109363
25408,37.67514295502958,678.15999999966,1991.8540924068884
25409,37.67514295502958,678.17999999966,1991.8775957904252
25410,37.67514295502958,678.19999999966,1991.90109846153
25411,37.67514295502958,678.21999999966,1991.9246004201862
25412,37.67514295502958,678.23999999966,1991.948101666377
25413,37.67514295502958,678.25999999966,1991.9716022000857
25414,37.67514295502958,678.2799999996599,1991.9951020212957
25415,37.67514295502958,678.2999999996599,1992.0186011299902
25416,37.67514295502958,678.3199999996599,1992.0420995261525
25417,37.67514295502958,678.3399999996599,1992.0655972097659
25418,37.67514295502958,678.3599999996599,1992.0890941808138
25419,37.67514295502958,678.3799999996598,1992.1125904392795
25420,37.67514295502958,678.3999999996598,1992.1360859851463
25421,37.67514295502958,678.4199999996598,1992.1595808183974
25422,37.67514295502958,678.4399999996598,1992.1830749390163
25423,37.67514295502958,678.4599999996598,1992.206568346986
25424,37.67514295502958,678.4799999996598,1992.23006104229
25425,37.67514295502958,678.4999999996597,1992.2535530249115
25426,37.67514295502958,678.5199999996597,1992.277044294834
25427,37.67514295502958,678.5399999996597,1992.3005348520408
25428,37.67514295502958,678.5599999996597,1992.324024696515
25429,37.67514295502958,678.5799999996597,1992.34751382824
25430,37.67514295502958,678.5999999996596,1992.3710022471992
25431,37.67514295502958,678.6199999996596,1992.3944899533758
25432,37.67514295502958,678.6399999996596,1992.4179769467532
25433,37.67514295502958,678.6599999996596,1992.4414632273147
25434,37.67514295502958,678.6799999996596,1992.4649487950435
25435,37.67514295502958,678.6999999996596,1992.488433649923
25436,37.67514295502958,678.7199999996595,1992.5119177919366
25437,37.67514295502958,678.7399999996595,1992.5354012210676
25438,37.67514295502958,678.7599999996595,1992.5588839372992
25439,37.67514295502958,678.7799999996595,1992.5823659406149
25440,37.67514295502958,678.7999999996595,1992.6058472309976
25441,37.67514295502958,678.8199999996594,1992.629327808431
25442,37.67514295502958,678.8399999996594,1992.6528076728985
25443,37.67514295502958,678.8599999996594,1992.676286824383
25444,37.67514295502958,678.8799999996594,1992.6997652628681
25445,37.67514295502958,678.8999999996594,1992.7232429883372
25446,37.67514295502958,678.9199999996594,1992.7467200007734
25447,37.67514295502958,678.9399999996593,1992.7701963002924
25448,37.67514295502958,678.9599999996593,1992.7936718883273
25449,37.67514295502958,678.9799999996593,1992.817146765121
25450,37.67514295502958,678.9999999996593,1992.8406209306568
25451,37.67514295502958,679.0199999996593,1992.864094384918
25452,37.67514295502958,679.0399999996592,1992.887567127888
25453,37.67514295502958,679.0599999996592,1992.91103915955
25454,37.67514295502958,679.0799999996592,1992.9345104798876
25455,37.67514295502958,679.0999999996592,1992.9579810888843
25456,37.67514295502958,679.1199999996592,1992.9814509865232
25457,37.67514295502958,679.1399999996592,1993.004920172788
25458,37.67514295502958,679.1599999996591,1993.0283886476616
25459,37.67514295502958,679.1799999996591,1993.0518564111276
25460,37.67514295502958,679.1999999996591,1993.0753234631695
25461,37.67514295502958,679.2199999996591,1993.0987898037706
25462,37.67514295502958,679.2399999996591,1993.1222554329142
25463,37.67514295502958,679.259999999659,1993.1457203505838
25464,37.67514295502958,679.279999999659,1993.1691845567627
25465,37.67514295502958,679.299999999659,1993.1926480514344
25466,37.67514295502958,679.319999999659,1993.216110834582
25467,37.67514295502958,679.339999999659,1993.239572906189
25468,37.67514295502958,679.359999999659,1993.263034266239
25469,37.67514295502958,679.3799999996589,1993.2864949147151
25470,37.67514295502958,679.3999999996589,1993.3099548516009
25471,37.61720465917804,679.4199999996589,1993.3334140768795
25472,37.61720465917804,679.4399999996589,1993.3568725905347
25473,37.61720465917804,679.4599999996589,1993.3803303925497
25474,37.61720465917804,679.4799999996588,1993.4037874829078
25475,37.61720465917804,679.4999999996588,1993.4272438615924
25476,37.61720465917804,679.5199999996588,1993.450699528587
25477,37.61720465917804,679.5399999996588,1993.4741544838748
25478,37.61720465917804,679.5599999996588,1993.4976087274392
25479,37.61720465917804,679.5799999996588,1993.5210622592638
25480,37.61720465917804,679.5999999996587,1993.5445150793319
25481,37.61720465917804,679.6199999996587,1993.5679671876267
25482,37.61720465917804,679.6399999996587,1993.5914185841318
25483,37.61720465917804,679.6599999996587,1993.6148692688305
25484,37.61720465917804,679.6799999996587,1993.6383192417063
25485,37.61720465917804,679.6999999996586,1993.6617685027425
25486,37.61720465917804,679.7199999996586,1993.6852170519226
25487,37.61720465917804,679.7399999996586,1993.7086648892298
25488,37.61720465917804,679.7599999996586,1993.7321120146476
25489,37.61720465917804,679.7799999996586,1993.7555584281592
25490,37.61720465917804,679.7999999996586,1993.7790041297485
25491,37.61720465917804,679.8199999996585,1993.8024491193985
25492,37.61720465917804,679.8399999996585,1993.8258933970926
25493,37.61720465917804,679.8599999996585,1993.8493369628143
25494,37.61720465917804,679.8799999996585,1993.8727798165469
25495,37.61720465917804,679.8999999996585,1993.8962219582738
25496,37.61720465917804,679.9199999996584,1993.9196633879787
25497,37.61720465917804,679.9399999996584,1993.9431041056448
25498,37.61720465917804,679.9599999996584,1993.9665441113957
25499,37.61720465917804,679.9799999996584,1993.9899834065916
25500,37.61720465917804,679.9999999996584,1994.0134219913534
25501,37.61720465917804,680.0199999996584,1994.0368598656648
25502,37.61720465917804,680.0399999996583,1994.060297029509
25503,37.61720465917804,680.0599999996583,1994.0837334828693
25504,37.61720465917804,680.0799999996583,1994.1071692257294
25505,37.61720465917804,680.0999999996583,1994.1306042580727
25506,37.61720465917804,680.1199999996583,1994.1540385798826
25507,37.61720465917804,680.1399999996582,1994.1774721911427
25508,37.61720465917804,680.1599999996582,1994.2009050918361
25509,37.61720465917804,680.1799999996582,1994.2243372819466
25510,37.61720465917804,680.1999999996582,1994.2477687614576
25511,37.61720465917804,680.2199999996582,1994.2711995303523
25512,37.61720465917804,680.2399999996582,1994.2946295886145
25513,37.61720465917804,680.2599999996581,1994.3180589362273
25514,37.61720465917804,680.2799999996581,1994.3414875731744
25515,37.61720465917804,680.2999999996581,1994.3649154994393
25516,37.61720465917804,680.3199999996581,1994.3883427150054
25517,37.61720465917804,680.3399999996581,1994.411769219856
25518,37.61720465917804,680.359999999658,1994.4351950139746
25519,37.61720465917804,680.379999999658,1994.458620097345
25520,37.61720465917804,680.399999999658,1994.48204446995
25521,37.61720465917804,680.419999999658,1994.5054681317738
25522,37.61720465917804,680.439999999658,1994.5288910827992
25523,37.61720465917804,680.459999999658,1994.5523133230101
25524,37.61720465917804,680.4799999996579,1994.5757348523898
25525,37.61720465917804,680.4999999996579,1994.5991556709216
25526,37.61720465917804,680.5199999996579,1994.6225757785892
25527,37.61720465917804,680.5399999996579,1994.6459951753761
25528,37.61720465917804,680.5599999996579,1994.6694138612656
25529,37.61720465917804,680.5799999996578,1994.6928318362413
25530,37.61720465917804,680.5999999996578,1994.7162491002866
25531,37.61720465917804,680.6199999996578,1994.739665653385
25532,37.61720465917804,680.6399999996578,1994.7630814955196
25533,37.61720465917804,680.6599999996578,1994.7864966266743
25534,37.61720465917804,680.6799999996578,1994.8099110468324
25535,37.61720465917804,680.6999999996577,1994.8333247559774
25536,37.61720465917804,680.7199999996577,1994.8567377540928
25537,37.61720465917804,680.7399999996577,1994.880150041162
25538,37.61720465917804,680.7599999996577,1994.9035616171686
25539,37.61720465917804,680.7799999996577,1994.926972482096
25540,37.61720465917804,680.7999999996576,1994.9503826359278
25541,37.61720465917804,680.8199999996576,1994.9737920786472
25542,37.61720465917804,680.8399999996576,1994.9972008102377
25543,37.61720465917804,680.8599999996576,1995.020608830683
25544,37.61720465917804,680.8799999996576,1995.0440161399663
25545,37.61720465917804,680.8999999996576,1995.0674227380712
25546,37.61720465917804,680.9199999996575,1995.0908286249812
25547,37.61720465917804,680.9399999996575,1995.1142338006798
25548,37.61720465917804,680.9599999996575,1995.1376382651504
25549,37.61720465917804,680.9799999996575,1995.1610420186262
25550,37.61720465917804,680.9999999996575,1995.1844450624535
25551,37.61720465917804,681.0199999996574,1995.2078473967397
25552,37.61720465917804,681.0399999996574,1995.2312490214683
25553,37.61720465917804,681.0599999996574,1995.2546499366229
25554,37.61720465917804,681.0799999996574,1995.2780501421869
25555,37.61720465917804,681.0999999996574,1995.3014496381438
25556,37.61720465917804,681.1199999996574,1995.3248484244773
25557,37.61720465917804,681.1399999996573,1995.3482465011707
25558,37.61720465917804,681.1599999996573,1995.3716438682077
25559,37.61720465917804,681.1799999996573,1995.3950405255716
25560,37.61720465917804,681.1999999996573,1995.4184364732462
25561,37.61720465917804,681.2199999996573,1995.4418317112147
25562,37.61720465917804,681.2399999996572,1995.465226239461
25563,37.61720465917804,681.2599999996572,1995.488620057968
25564,37.61720465917804,681.2799999996572,1995.51201316672
25565,37.61720465917804,681.2999999996572,1995.5354055657
25566,37.61720465917804,681.3199999996572,1995.558797254892
25567,37.61720465917804,681.3399999996572,1995.582188234279
25568,37.61720465917804,681.3599999996571,1995.605578503845
25569,37.61720465917804,681.3799999996571,1995.6289680635732
25570,37.61720465917804,681.3999999996571,1995.6523569134472
25571,37.61720465917804,681.4199999996571,1995.6757450534506
25572,37.61720465917804,681.4399999996571,1995.6991324835667
25573,37.61720465917804,681.459999999657,1995.7225192037793
25574,37.61720465917804,681.479999999657,1995.7459052140719
25575,37.61720465917804,681.499999999657,1995.769290514428
25576,37.61720465917804,681.519999999657,1995.7926751048308
25577,37.61720465917804,681.539999999657,1995.8160589852644
25578,37.61720465917804,681.559999999657,1995.839442155712
25579,37.61720465917804,681.5799999996569,1995.8628246161572
25580,37.61720465917804,681.5999999996569,1995.8862063665836
25581,37.61720465917804,681.6199999996569,1995.9095874069747
25582,37.61720465917804,681.6399999996569,1995.932967737314
25583,37.61720465917804,681.6599999996569,1995.9563473575847
25584,37.61720465917804,681.6799999996568,1995.979726267771
25585,37.61720465917804,681.6999999996568,1996.003104467856
25586,37.61720465917804,681.7199999996568,1996.0264819578233
25587,37.61720465917804,681.7399999996568,1996.0498587376567
25588,37.61720465917804,681.7599999996568,1996.0732348073393
25589,37.61720465917804,681.7799999996568,1996.096610166855
25590,37.61720465917804,681.7999999996567,1996.1199848161873
25591,37.61720465917804,681.8199999996567,1996.1433587553195
25592,37.61720465917804,681.8399999996567,1996.1667319842352
25593,37.61720465917804,681.8599999996567,1996.190104502918
25594,37.61720465917804,681.8799999996567,1996.2134763113518
25595,37.61720465917804,681.8999999996566,1996.2368474095197
25596,37.61720465917804,681.9199999996566,1996.2602177974052
25597,37.61720465917804,681.9399999996566,1996.2835874749921
25598,37.61720465917804,681.9599999996566,1996.306956442264
25599,37.61720465917804,681.9799999996566,1996.330324699204
25600,37.61720465917804,681.9999999996566,1996.3536922461492
25601,37.61720465917804,682.0199999996565,1996.377059084367
25602,37.61720465917804,682.0399999996565,1996.4004252139443
25603,37.61720465917804,682.0599999996565,1996.423790634865
25604,37.61720465917804,682.0799999996565,1996.4471553471128
25605,37.61720465917804,682.0999999996565,1996.470519350671
25606,37.61720465917804,682.1199999996564,1996.4938826455234
25607,37.61720465917804,682.1399999996564,1996.5172452316535
25608,37.61720465917804,682.1599999996564,1996.540607109045
25609,37.61720465917804,682.1799999996564,1996.5639682776812
25610,37.61720465917804,682.1999999996564,1996.587328737546
25611,37.61720465917804,682.2199999996564,1996.6106884886228
25612,37.61720465917804,682.2399999996563,1996.6340475308953
25613,37.61720465917804,682.2599999996563,1996.657405864347
25614,37.61720465917804,682.2799999996563,1996.6807634889617
25615,37.61720465917804,682.2999999996563,1996.7041204047227
25616,37.61720465917804,682.3199999996563,1996.7274766116138
25617,37.61720465917804,682.3399999996562,1996.7508321096186
25618,37.61720465917804,682.3599999996562,1996.7741868987207
25619,37.61720465917804,682.3799999996562,1996.7975409789037
25620,37.61720465917804,682.3999999996562,1996.820894350151
25621,37.61720465917804,682.4199999996562,1996.8442470124467
25622,37.61720465917804,682.4399999996562,1996.8675989657738
25623,37.61720465917804,682.4599999996561,1996.8909502101162
25624,37.61720465917804,682.4799999996561,1996.9143007454575
25625,37.61720465917804,682.4999999996561,1996.9376505717812
25626,37.61720465917804,682.5199999996561,1996.960999689071
25627,37.61720465917804,682.5399999996561,1996.9843480973107
25628,37.61720465917804,682.559999999656,1997.0076957964834
25629,37.61720465917804,682.579999999656,1997.0310427865732
25630,37.61720465917804,682.599999999656,1997.0543890675633
25631,37.61720465917804,682.619999999656,1997.0777346394375
25632,37.61720465917804,682.639999999656,1997.1010795021796
25633,37.61720465917804,682.659999999656,1997.124423655773
25634,37.61720465917804,682.6799999996559,1997.1477671002012
25635,37.61720465917804,682.6999999996559,1997.171109835448
25636,37.61720465917804,682.7199999996559,1997.194451861497
25637,37.61720465917804,682.7399999996559,1997.2177931783317
25638,37.61720465917804,682.7599999996559,1997.2411337859357
25639,37.61720465917804,682.7799999996558,1997.2644736842929
25640,37.61720465917804,682.7999999996558,1997.2878128733864
25641,37.61720465917804,682.8199999996558,1997.3111513532003
25642,37.61720465917804,682.8399999996558,1997.334489123718
25643,37.61720465917804,682.8599999996558,1997.357826184923
25644,37.61720465917804,682.8799999996558,1997.381162536799
25645,37.61720465917804,682.8999999996557,1997.4044981793297
25646,37.61720465917804,682.9199999996557,1997.4278331124988
25647,37.61720465917804,682.9399999996557,1997.4511673362897
25648,37.61720465917804,682.9599999996557,1997.4745008506861
25649,37.61720465917804,682.9799999996557,1997.4978336556717
25650,37.61720465917804,682.9999999996556,1997.52116575123
25651,37.61720465917804,683.0199999996556,1997.5444971378204
25652,37.61720465917804,683.0399999996556,1997.5678278166815
25653,37.61720465917804,683.0599999996556,1997.5911577878837
25654,37.61720465917804,683.0799999996556,1997.6144870514108
25655,37.61720465917804,683.0999999996556,1997.6378156072465
25656,37.61720465917804,683.1199999996555,1997.6611434553743
25657,37.61720465917804,683.1399999996555,1997.6844705957778
25658,37.61720465917804,683.1599999996555,1997.7077970284408
25659,37.61720465917804,683.1799999996555,1997.7311227533469
25660,37.61720465917804,683.1999999996555,1997.7544477704798
25661,37.61720465917804,683.2199999996554,1997.7777720798233
25662,37.61720465917804,683.2399999996554,1997.801095681361
25663,37.55941471082726,683.2599999996554,1997.8244185750764
25664,37.55941471082726,683.2799999996554,1997.8477407609532
25665,37.55941471082726,683.2999999996554,1997.8710622389754
25666,37.55941471082726,683.3199999996554,1997.8943830091262
25667,37.55941471082726,683.3399999996553,1997.9177030713895
25668,37.55941471082726,683.3599999996553,1997.941022425749
25669,37.55941471082726,683.3799999996553,1997.9643410721883
25670,37.55941471082726,683.3999999996553,1997.9876590106912
25671,37.55941471082726,683.4199999996553,1998.0109762412412
25672,37.55941471082726,683.4399999996552,1998.0342927638221
25673,37.55941471082726,683.4599999996552,1998.0576085784176
25674,37.55941471082726,683.4799999996552,1998.0809236850114
25675,37.55941471082726,683.4999999996552,1998.104238083587
25676,37.55941471082726,683.5199999996552,1998.1275517741283
25677,37.55941471082726,683.5399999996552,1998.1508647566188
25678,37.55941471082726,683.5599999996551,1998.1741770310423
25679,37.55941471082726,683.5799999996551,1998.1974885973823
25680,37.55941471082726,683.5999999996551,1998.2207994556227
25681,37.55941471082726,683.6199999996551,1998.2441096057469
25682,37.55941471082726,683.6399999996551,1998.2674190477387
25683,37.55941471082726,683.659999999655,1998.290727781582
25684,37.55941471082726,683.679999999655,1998.3140358072603
25685,37.55941471082726,683.699999999655,1998.3373431247574
25686,37.55941471082726,683.719999999655,1998.3606497340568
25687,37.55941471082726,683.739999999655,1998.3839556351422
25688,37.55941471082726,683.759999999655,1998.4072608279973
25689,37.55941471082726,683.7799999996549,1998.430565312606
25690,37.55941471082726,683.7999999996549,1998.4538690889517
25691,37.55941471082726,683.8199999996549,1998.4771721570182
25692,37.55941471082726,683.8399999996549,1998.5004745167892
25693,37.55941471082726,683.8599999996549,1998.5237761682483
25694,37.55941471082726,683.8799999996548,1998.5470771113794
25695,37.55941471082726,683.8999999996548,1998.570377346166
25696,37.55941471082726,683.9199999996548,1998.593676872592
25697,37.55941471082726,683.9399999996548,1998.6169756906406
25698,37.55941471082726,683.9599999996548,1998.640273800296
25699,37.55941471082726,683.9799999996548,1998.6635712015418
25700,37.55941471082726,683.9999999996547,1998.6868678943615
25701,37.55941471082726,684.0199999996547,1998.710163878739
25702,37.55941471082726,684.0399999996547,1998.7334591551821
25703,37.55941471082726,684.0599999996547,1998.7567537247262
25704,37.55941471082726,684.0799999996547,1998.7800475874137
25705,37.55941471082726,684.0999999996546,1998.8033407432285
25706,37.55941471082726,684.1199999996546,1998.8266331921543
25707,37.55941471082726,684.1399999996546,1998.8499249341749
25708,37.55941471082726,684.1599999996546,1998.8732159692738
25709,37.55941471082726,684.1799999996546,1998.8965062974348
25710,37.55941471082726,684.1999999996546,1998.9197959186417
25711,37.55941471082726,684.2199999996545,1998.9430848328784
25712,37.55941471082726,684.2399999996545,1998.9663730401285
25713,37.55941471082726,684.2599999996545,1998.9896605403756
25714,37.55941471082726,684.2799999996545,1999.0129473336035
25715,37.55941471082726,684.2999999996545,1999.0362334197962
25716,37.55941471082726,684.3199999996544,1999.0595187989372
25717,37.55941471082726,684.3399999996544,1999.0828034710103
25718,37.55941471082726,684.3599999996544,1999.1060874359991
25719,37.55941471082726,684.3799999996544,1999.1293706938877
25720,37.55941471082726,684.3999999996544,1999.1526532446596
25721,37.55941471082726,684.4199999996544,1999.1759350882987
25722,37.55941471082726,684.4399999996543,1999.1992162247886
25723,37.55941471082726,684.4599999996543,1999.222496654113
25724,37.55941471082726,684.4799999996543,1999.245776376256
25725,37.55941471082726,684.4999999996543,1999.2690553912007
25726,37.55941471082726,684.5199999996543,1999.2923336989315
25727,37.55941471082726,684.5399999996542,1999.3156112994318
25728,37.55941471082726,684.5599999996542,1999.3388881926855
25729,37.55941471082726,684.5799999996542,1999.3621643786764
25730,37.55941471082726,684.5999999996542,1999.385439857388
25731,37.55941471082726,684.6199999996542,1999.4087146288043
25732,37.55941471082726,684.6399999996542,1999.4319886929088
25733,37.55941471082726,684.6599999996541,1999.4552620496856
25734,37.55941471082726,684.6799999996541,1999.4785346991182
25735,37.55941471082726,684.6999999996541,1999.5018066411903
25736,37.55941471082726,684.7199999996541,1999.525077875886
25737,37.55941471082726,684.7399999996541,1999.5483484031886
25738,37.55941471082726,684.759999999654,1999.5716182230822
25739,37.55941471082726,684.779999999654,1999.5948873355505
25740,37.55941471082726,684.799999999654,1999.6181557405773
25741,37.55941471082726,684.819999999654,1999.6414234381461
25742,37.55941471082726,684.839999999654,1999.664690428241
25743,37.55941471082726,684.859999999654,1999.6879567108456
25744,37.55941471082726,684.8799999996539,1999.7112222859437
25745,37.55941471082726,684.8999999996539,1999.734487153519
25746,37.55941471082726,684.9199999996539,1999.7577513135552
25747,37.55941471082726,684.9399999996539,1999.7810147660362
25748,37.55941471082726,684.9599999996539,1999.8042775109457
25749,37.55941471082726,684.9799999996538,1999.8275395482674
25750,37.55941471082726,684.9999999996538,1999.8508008779852
25751,37.55941471082726,685.0199999996538,1999.8740615000827
25752,37.55941471082726,685.0399999996538,1999.8973214145437
25753,37.55941471082726,685.0599999996538,1999.9205806220057
25754,37.55941471082726,685.0799999996538,1999.9438391234783
25755,37.55941471082726,685.0999999996537,1999.9670969189867
25756,37.55941471082726,685.1199999996537,1999.9903540085152
25757,37.55941471082726,685.1399999996537,2000.0136103770285
25758,37.55941471082726,685.1599999996537,2000.0368659489657
25759,37.55941471082726,685.1799999996537,2000.0601207175941
25760,37.55941471082726,685.1999999996536,2000.0833746829078
25761,37.55941471082726,685.2199999996536,2000.1066278449
25762,37.55941471082726,685.2399999996536,2000.1298802035647
25763,37.55941471082726,685.2599999996536,2000.1531317588954
25764,37.55941471082726,685.2799999996536,2000.1763825108858
25765,37.55941471082726,685.2999999996536,2000.1996324595295
25766,37.55941471082726,685.3199999996535,2000.22288160482
25767,37.55941471082726,685.3399999996535,2000.2461299467511
25768,37.55941471082726,685.3599999996535,2000.2693774853165
25769,37.55941471082726,685.3799999996535,2000.2926242205099
25770,37.55941471082726,685.3999999996535,2000.3158701523248
25771,37.55941471082726,685.4199999996534,2000.3391152807549
25772,37.55941471082726,685.4399999996534,2000.3623596057937
25773,37.55941471082726,685.4599999996534,2000.3856031274352
25774,37.55941471082726,685.4799999996534,2000.4088458456727
25775,37.55941471082726,685.4999999996534,2000.4320877605
25776,37.55941471082726,685.5199999996534,2000.4553288719108
25777,37.55941471082726,685.5399999996533,2000.4785691798986
25778,37.55941471082726,685.5599999996533,2000.5018086844573
25779,37.55941471082726,685.5799999996533,2000.5250473855804
25780,37.55941471082726,685.5999999996533,2000.5482852832613
25781,37.55941471082726,685.6199999996533,2000.571522377494
25782,37.55941471082726,685.6399999996532,2000.594758668272
25783,37.55941471082726,685.6599999996532,2000.6179941555893
25784,37.55941471082726,685.6799999996532,2000.641228839439
25785,37.55941471082726,685.6999999996532,2000.664462719815
25786,37.55941471082726,685.7199999996532,2000.687695796711
25787,37.55941471082726,685.7399999996532,2000.7109280701206
25788,37.55941471082726,685.7599999996531,2000.7341595400376
25789,37.55941471082726,685.7799999996531,2000.7573902064555
25790,37.55941471082726,685.7999999996531,2000.780620069368
25791,37.55941471082726,685.8199999996531,2000.8038491287687
25792,37.55941471082726,685.8399999996531,2000.8270773846511
25793,37.55941471082726,685.859999999653,2000.8503048370094
25794,37.55941471082726,685.879999999653,2000.8735314858368
25795,37.55941471082726,685.899999999653,2000.896757331127
25796,37.55941471082726,685.919999999653,2000.9199823728738
25797,37.55941471082726,685.939999999653,2000.9432066110708
25798,37.55941471082726,685.959999999653,2000.9664300457116
25799,37.55941471082726,685.9799999996529,2000.98965267679
25800,37.55941471082726,685.9999999996529,2001.0128745042996
25801,37.55941471082726,686.0199999996529,2001.036095528234
25802,37.55941471082726,686.0399999996529,2001.0593157485869
25803,37.55941471082726,686.0599999996529,2001.0825351653518
25804,37.55941471082726,686.0799999996528,2001.1057537792801
25805,37.55941471082726,686.0999999996528,2001.1289715913135
25806,37.55941471082726,686.1199999996528,2001.152188601467
25807,37.55941471082726,686.1399999996528,2001.1754048097346
25808,37.55941471082726,686.1599999996528,2001.1986202161095
25809,37.55941471082726,686.1799999996528,2001.2218348205856
25810,37.55941471082726,686.1999999996527,2001.245048623157
25811,37.55941471082726,686.2199999996527,2001.268261623817
25812,37.55941471082726,686.2399999996527,2001.2914738225593
25813,37.55941471082726,686.2599999996527,2001.3146852193777
25814,37.55941471082726,686.2799999996527,2001.337895814266
25815,37.55941471082726,686.2999999996526,2001.361105607218
25816,37.55941471082726,686.3199999996526,2001.384314598227
25817,37.55941471082726,686.3399999996526,2001.4075227872872
25818,37.55941471082726,686.3599999996526,2001.4307301743922
25819,37.55941471082726,686.3799999996526,2001.4539367595355
25820,37.55941471082726,686.3999999996526,2001.477142542711
25821,37.55941471082726,686.4199999996525,2001.5003475239123
25822,37.55941471082726,686.4399999996525,2001.5235517031333
25823,37.55941471082726,686.4599999996525,2001.5467550803676
25824,37.55941471082726,686.4799999996525,2001.569957655609
25825,37.55941471082726,686.4999999996525,2001.593159428851
25826,37.55941471082726,686.5199999996524,2001.6163604000876
25827,37.55941471082726,686.5399999996524,2001.6395605693124
25828,37.55941471082726,686.5599999996524,2001.662759936519
25829,37.55941471082726,686.5799999996524,2001.6859585017014
25830,37.55941471082726,686.5999999996524,2001.7091562648532
25831,37.55941471082726,686.6199999996524,2001.732353225968
25832,37.55941471082726,686.6399999996523,2001.7555493850396
25833,37.55941471082726,686.6599999996523,2001.7787447420617
25834,37.55941471082726,686.6799999996523,2001.8019392970282
25835,37.55941471082726,686.6999999996523,2001.8251330499327
25836,37.55941471082726,686.7199999996523,2001.8483260007688
25837,37.55941471082726,686.7399999996522,2001.8715181495304
25838,37.55941471082726,686.7599999996522,2001.8947094962111
25839,37.55941471082726,686.7799999996522,2001.9179000408049
25840,37.55941471082726,686.7999999996522,2001.9410897833052
25841,37.55941471082726,686.8199999996522,2001.9642787237058
25842,37.55941471082726,686.8399999996522,2001.9874668620005
25843,37.55941471082726,686.8599999996521,2002.010654198183
25844,37.55941471082726,686.8799999996521,2002.033840732247
25845,37.55941471082726,686.8999999996521,2002.0570264641863
25846,37.55941471082726,686.9199999996521,2002.0802113939944
25847,37.55941471082726,686.9399999996521,2002.1033955216653
25848,37.55941471082726,686.959999999652,2002.1265788471928
25849,37.55941471082726,686.979999999652,2002.1497613705703
25850,37.55941471082726,686.999999999652,2002.1729430917917
25851,37.55941471082726,687.019999999652,2002.1961240108508
25852,37.55941471082726,687.039999999652,2002.2193041277412
25853,37.55941471082726,687.059999999652,2002.242483442457
25854,37.55941471082726,687.0799999996519,2002.2656619549912
25855,37.55941471082726,687.0999999996519,2002.2888396662358
25856,37.55941471082726,687.1199999996519,2002.3120165770902
25857,37.55941471082726,687.1399999996519,2002.3351926875487
25858,37.55941471082726,687.1599999996519,2002.3583679976052
25859,37.55941471082726,687.1799999996518,2002.3815425072535
25860,37.50177257875262,687.1999999996518,2002.4047162164873
25861,37.50177257875262,687.2199999996518,2002.4278891253005
25862,37.50177257875262,687.2399999996518,2002.451061233687
25863,37.50177257875262,687.2599999996518,2002.4742325416403
25864,37.50177257875262,687.2799999996517,2002.4974030491544
25865,37.50177257875262,687.2999999996517,2002.5205727562231
25866,37.50177257875262,687.3199999996517,2002.5437416628401
25867,37.50177257875262,687.3399999996517,2002.5669097689993
25868,37.50177257875262,687.3599999996517,2002.5900770746944
25869,37.50177257875262,687.3799999996517,2002.6132435799193
25870,37.50177257875262,687.3999999996516,2002.6364092846677
25871,37.50177257875262,687.4199999996516,2002.6595741889334
25872,37.50177257875262,687.4399999996516,2002.6827382927102
25873,37.50177257875262,687.4599999996516,2002.705901595992
25874,37.50177257875262,687.4799999996516,2002.7290640987724
25875,37.50177257875262,687.4999999996515,2002.7522258010451
25876,37.50177257875262,687.5199999996515,2002.7753867028043
25877,37.50177257875262,687.5399999996515,2002.7985468040436
25878,37.50177257875262,687.5599999996515,2002.8217061047567
25879,37.50177257875262,687.5799999996515,2002.8448646049376
25880,37.50177257875262,687.5999999996515,2002.8680223045799
25881,37.50177257875262,687.6199999996514,2002.8911792036774
25882,37.50177257875262,687.6399999996514,2002.9143353022241
25883,37.50177257875262,687.6599999996514,2002.9374906002136
25884,37.50177257875262,687.6799999996514,2002.9606450976398
25885,37.50177257875262,687.6999999996514,2002.9837987944966
25886,37.50177257875262,687.7199999996513,2003.0069516907774
25887,37.50177257875262,687.7399999996513,2003.0301037864765
25888,37.50177257875262,687.7599999996513,2003.0532550815874
25889,37.50177257875262,687.7799999996513,2003.076405576104
25890,37.50177257875262,687.7999999996513,2003.09955527002
25891,37.50177257875262,687.8199999996513,2003.1227041633292
25892,37.50177257875262,687.8399999996512,2003.1458522560256
25893,37.50177257875262,687.8599999996512,2003.1689995481029
25894,37.50177257875262,687.8799999996512,2003.1921460395547
25895,37.50177257875262,687.8999999996512,2003.2152917303752
25896,37.50177257875262,687.9199999996512,2003.2384366205579
25897,37.50177257875262,687.9399999996511,2003.2615807100967
25898,37.50177257875262,687.9599999996511,2003.2847239989853
25899,37.50177257875262,687.9799999996511,2003.3078664872178
25900,37.50177257875262,687.9999999996511,2003.3310081747877
25901,37.50177257875262,688.0199999996511,2003.354149061689
25902,37.50177257875262,688.0399999996511,2003.3772891479152
25903,37.50177257875262,688.059999999651,2003.4004284334605
25904,37.50177257875262,688.079999999651,2003.4235669183186
25905,37.50177257875262,688.099999999651,2003.4467046025015
25906,37.50177257875262,688.119999999651,2003.4698414868885
25907,37.50177257875262,688.139999999651,2003.492977572193
25908,37.50177257875262,688.159999999651,2003.516112858409
25909,37.50177257875262,688.1799999996509,2003.5392473455306
25910,37.50177257875262,688.1999999996509,2003.5623810335512
25911,37.50177257875262,688.2199999996509,2003.585513922465
25912,37.50177257875262,688.2399999996509,2003.6086460122658
25913,37.50177257875262,688.2599999996509,2003.6317773029473
25914,37.50177257875262,688.2799999996508,2003.6549077945035
25915,37.50177257875262,688.2999999996508,2003.6780374869281
25916,37.50177257875262,688.3199999996508,2003.701166380215
25917,37.50177257875262,688.3399999996508,2003.7242944743582
25918,37.50177257875262,688.3599999996508,2003.7474217693514
25919,37.50177257875262,688.3799999996507,2003.7705482651886
25920,37.50177257875262,688.3999999996507,2003.7936739618635
25921,37.50177257875262,688.4199999996507,2003.81679885937
25922,37.50177257875262,688.4399999996507,2003.8399229577021
25923,37.50177257875262,688.4599999996507,2003.8630462568535
25924,37.50177257875262,688.4799999996507,2003.886168756818
25925,37.50177257875262,688.4999999996506,2003.9092904575896
25926,37.50177257875262,688.5199999996506,2003.9324113591622
25927,37.50177257875262,688.5399999996506,2003.9555314615295
25928,37.50177257875262,688.5599999996506,2003.9786507646854
25929,37.50177257875262,688.5799999996506,2004.0017692686238
25930,37.50177257875262,688.5999999996505,2004.0248869733387
25931,37.50177257875262,688.6199999996505,2004.0480038788237
25932,37.50177257875262,688.6399999996505,2004.0711199850728
25933,37.50177257875262,688.6599999996505,2004.0942352920797
25934,37.50177257875262,688.6799999996505,2004.1173497998384
25935,37.50177257875262,688.6999999996505,2004.1404635083427
25936,37.50177257875262,688.7199999996504,2004.1635764175867
25937,37.50177257875262,688.7399999996504,2004.186688527564
25938,37.50177257875262,688.7599999996504,2004.2097998382685
25939,37.50177257875262,688.7799999996504,2004.232910349694
25940,37.50177257875262,688.7999999996504,2004.2560200618345
25941,37.50177257875262,688.8199999996503,2004.279128974684
25942,37.50177257875262,688.8399999996503,2004.302237088236
25943,37.50177257875262,688.8599999996503,2004.3253444024847
25944,37.50177257875262,688.8799999996503,2004.3484509174236
25945,37.50177257875262,688.8999999996503,2004.371556633047
25946,37.50177257875262,688.9199999996503,2004.3946615493485
25947,37.50177257875262,688.9399999996502,2004.4177656663219
25948,37.50177257875262,688.9599999996502,2004.4408689839613
25949,37.50177257875262,688.9799999996502,2004.4639715022604
25950,37.50177257875262,688.9999999996502,2004.487073221213
25951,37.50177257875262,689.0199999996502,2004.5101741408132
25952,37.50177257875262,689.0399999996501,2004.5332742610547
25953,37.50177257875262,689.0599999996501,2004.5563735819314
25954,37.50177257875262,689.0799999996501,2004.5794721034372
25955,37.50177257875262,689.0999999996501,2004.602569825566
25956,37.50177257875262,689.1199999996501,2004.625666748351
25957,37.50177257875262,689.1399999996501,2004.6487628727969
25958,37.50177257875262,689.15999999965,2004.6718581995533
25959,37.50177257875262,689.17999999965,2004.6949527286142
25960,37.50177257875262,689.19999999965,2004.7180464599737
25961,37.50177257875262,689.21999999965,2004.7411393936254
25962,37.50177257875262,689.23999999965,2004.7642315295634
25963,37.50177257875262,689.25999999965,2004.7873228677815
25964,37.50177257875262,689.2799999996499,2004.810413408274
25965,37.50177257875262,689.2999999996499,2004.8335031510342
25966,37.50177257875262,689.3199999996499,2004.8565920960564
25967,37.50177257875262,689.3399999996499,2004.8796802433344
25968,37.50177257875262,689.3599999996499,2004.9027675928621
25969,37.50177257875262,689.3799999996498,2004.9258541446336
25970,37.50177257875262,689.3999999996498,2004.9489398986425
25971,37.50177257875262,689.4199999996498,2004.9720248548829
25972,37.50177257875262,689.4399999996498,2004.9951090133486
25973,37.50177257875262,689.4599999996498,2005.0181923740338
25974,37.50177257875262,689.4799999996497,2005.041274936932
25975,37.50177257875262,689.4999999996497,2005.0643567020375
25976,37.50177257875262,689.5199999996497,2005.087437669344
25977,37.50177257875262,689.5399999996497,2005.1105178388455
25978,37.50177257875262,689.5599999996497,2005.1335972105358
25979,37.50177257875262,689.5799999996497,2005.156675784409
25980,37.50177257875262,689.5999999996496,2005.1797535604587
25981,37.50177257875262,689.6199999996496,2005.2028305386793
25982,37.50177257875262,689.6399999996496,2005.2259067190644
25983,37.50177257875262,689.6599999996496,2005.248982101608
25984,37.50177257875262,689.6799999996496,2005.2720566863038
25985,37.50177257875262,689.6999999996495,2005.2951304731462
25986,37.50177257875262,689.7199999996495,2005.3182034621286
25987,37.50177257875262,689.7399999996495,2005.3412756532452
25988,37.50177257875262,689.7599999996495,2005.36434704649
25989,37.50177257875262,689.7799999996495,2005.3874176418565
25990,37.50177257875262,689.7999999996495,2005.410487439339
25991,37.50177257875262,689.8199999996494,2005.4335564389314
25992,37.50177257875262,689.8399999996494,2005.4566246406275
25993,37.50177257875262,689.8599999996494,2005.4796920444214
25994,37.50177257875262,689.8799999996494,2005.5027586503068
25995,37.50177257875262,689.8999999996494,2005.5258244582776
25996,37.50177257875262,689.9199999996493,2005.548889468328
25997,37.50177257875262,689.9399999996493,2005.5719536804518
25998,37.50177257875262,689.9599999996493,2005.5950170946428
25999,37.50177257875262,689.9799999996493,2005.618079710895
26000,37.50177257875262,689.9999999996493,2005.6411415292023
26001,37.50177257875262,690.0199999996493,2005.6642025495587
26002,37.50177257875262,690.0399999996492,2005.687262771958
26003,37.50177257875262,690.0599999996492,2005.7103221963944
26004,37.50177257875262,690.0799999996492,2005.7333808228616
26005,37.50177257875262,690.0999999996492,2005.7564386513534
26006,37.50177257875262,690.1199999996492,2005.7794956818639
26007,37.50177257875262,690.1399999996491,2005.8025519144485
26008,37.50177257875262,690.1599999996491,2005.8256073502293
26009,37.50177257875262,690.1799999996491,2005.8486619897742
26010,37.50177257875262,690.1999999996491,2005.8717158330767
26011,37.50177257875262,690.2199999996491,2005.8947688801306
26012,37.50177257875262,690.2399999996491,2005.9178211309297
26013,37.50177257875262,690.259999999649,2005.940872585468
26014,37.50177257875262,690.279999999649,2005.963923243739
26015,37.50177257875262,690.299999999649,2005.9869731057365
26016,37.50177257875262,690.319999999649,2006.0100221714545
26017,37.50177257875262,690.339999999649,2006.0330704408866
26018,37.50177257875262,690.359999999649,2006.0561179140266
26019,37.50177257875262,690.3799999996489,2006.0791645908682
26020,37.50177257875262,690.3999999996489,2006.1022104714054
26021,37.50177257875262,690.4199999996489,2006.125255555632
26022,37.50177257875262,690.4399999996489,2006.1482998435417
26023,37.50177257875262,690.4599999996489,2006.171343335128
26024,37.50177257875262,690.4799999996488,2006.1943860303852
26025,37.50177257875262,690.4999999996488,2006.2174279293067
26026,37.50177257875262,690.5199999996488,2006.2404690318863
26027,37.50177257875262,690.5399999996488,2006.263509338118
26028,37.50177257875262,690.5599999996488,2006.2865488479954
26029,37.50177257875262,690.5799999996487,2006.3095875615122
26030,37.50177257875262,690.5999999996487,2006.3326254786625
26031,37.50177257875262,690.6199999996487,2006.35566259944
26032,37.50177257875262,690.6399999996487,2006.378698923838
26033,37.50177257875262,690.6599999996487,2006.401734451851
26034,37.50177257875262,690.6799999996487,2006.4247691834726
26035,37.50177257875262,690.6999999996486,2006.4478031186961
26036,37.50177257875262,690.7199999996486,2006.4708362575159
26037,37.50177257875262,690.7399999996486,2006.4938685999255
26038,37.50177257875262,690.7599999996486,2006.5169001459187
26039,37.50177257875262,690.7799999996486,2006.5399308954893
26040,37.50177257875262,690.7999999996485,2006.562960848631
26041,37.50177257875262,690.8199999996485,2006.5859900053379
26042,37.50177257875262,690.8399999996485,2006.6090183656033
26043,37.50177257875262,690.8599999996485,2006.6320459294213
26044,37.50177257875262,690.8799999996485,2006.6550726967857
26045,37.50177257875262,690.8999999996485,2006.6780986676904
26046,37.50177257875262,690.9199999996484,2006.701123842129
26047,37.50177257875262,690.9399999996484,2006.7241482200952
26048,37.50177257875262,690.9599999996484,2006.7471718015831
26049,37.50177257875262,690.9799999996484,2006.7701945865863
26050,37.50177257875262,690.9999999996484,2006.7932165750985
26051,37.50177257875262,691.0199999996483,2006.8162377671138
26052,37.50177257875262,691.0399999996483,2006.8392581626256
26053,37.50177257875262,691.0599999996483,2006.8622777616279
26054,37.44427773417278,691.0799999996483,2006.8852965641145
26055,37.44427773417278,691.0999999996483,2006.908314570079
26056,37.44427773417278,691.1199999996483,2006.9313317795156
26057,37.44427773417278,691.1399999996482,2006.954348192418
26058,37.44427773417278,691.1599999996482,2006.9773638088577
26059,37.44427773417278,691.1799999996482,2007.0003786299776
26060,37.44427773417278,691.1999999996482,2007.0233926562175
26061,37.44427773417278,691.2199999996482,2007.0464058875718
26062,37.44427773417278,691.2399999996481,2007.0694183240346
26063,37.44427773417278,691.2599999996481,2007.0924299655999
26064,37.44427773417278,691.2799999996481,2007.115440812262
26065,37.44427773417278,691.2999999996481,2007.1384508640153
26066,37.44427773417278,691.3199999996481,2007.161460120854
26067,37.44427773417278,691.3399999996481,2007.184468582772
26068,37.44427773417278,691.359999999648,2007.2074762497639
26069,37.44427773417278,691.379999999648,2007.2304831218235
26070,37.44427773417278,691.399999999648,2007.253489198945
26071,37.44427773417278,691.419999999648,2007.276494481123
26072,37.44427773417278,691.439999999648,2007.2994989683516
26073,37.44427773417278,691.459999999648,2007.3225026606249
26074,37.44427773417278,691.4799999996479,2007.345505557937
26075,37.44427773417278,691.4999999996479,2007.3685076602821
26076,37.44427773417278,691.5199999996479,2007.3915089676548
26077,37.44427773417278,691.5399999996479,2007.4145094800488
26078,37.44427773417278,691.5599999996479,2007.4375091974587
26079,37.44427773417278,691.5799999996478,2007.4605081198783
26080,37.44427773417278,691.5999999996478,2007.4835062473023
26081,37.44427773417278,691.6199999996478,2007.5065035797245
26082,37.44427773417278,691.6399999996478,2007.5295001171394
26083,37.44427773417278,691.6599999996478,2007.552495859541
26084,37.44427773417278,691.6799999996477,2007.5754908069237
26085,37.44427773417278,691.6999999996477,2007.5984849592814
26086,37.44427773417278,691.7199999996477,2007.6214783166085
26087,37.44427773417278,691.7399999996477,2007.6444708788993
26088,37.44427773417278,691.7599999996477,2007.667462646148
26089,37.44427773417278,691.7799999996477,2007.6904536183486
26090,37.44427773417278,691.7999999996476,2007.7134437954956
26091,37.44427773417278,691.8199999996476,2007.736433177583
26092,37.44427773417278,691.8399999996476,2007.759421764605
26093,37.44427773417278,691.8599999996476,2007.7824095565559
26094,37.44427773417278,691.8799999996476,2007.8053965534298
26095,37.44427773417278,691.8999999996475,2007.8283827552211
26096,37.44427773417278,691.9199999996475,2007.851368161924
26097,37.44427773417278,691.9399999996475,2007.8743527735326
26098,37.44427773417278,691.9599999996475,2007.897336590041
26099,37.44427773417278,691.9799999996475,2007.9203196114438
26100,37.44427773417278,691.9999999996475,2007.943301837735
26101,37.44427773417278,692.0199999996474,2007.9662832689085
26102,37.44427773417278,692.0399999996474,2007.989263904959
26103,37.44427773417278,692.0599999996474,2008.0122437458804
26104,37.44427773417278,692.0799999996474,2008.0352227916671
26105,37.44427773417278,692.0999999996474,2008.0582010423134
26106,37.44427773417278,692.1199999996473,2008.0811784978132
26107,37.44427773417278,692.1399999996473,2008.104155158161
26108,37.44427773417278,692.1599999996473,2008.1271310233508
26109,37.44427773417278,692.1799999996473,2008.1501060934734
26110,37.44427773417278,692.1999999996473,2008.1730803697321
26111,37.44427773417278,692.2199999996473,2008.1960538524631
26112,37.44427773417278,692.2399999996472,2008.2190265416605
26113,37.44427773417278,692.2599999996472,2008.2419984373182
26114,37.44427773417278,692.2799999996472,2008.2649695394305
26115,37.44427773417278,692.2999999996472,2008.2879398479913
26116,37.44427773417278,692.3199999996472,2008.3109093629946
26117,37.44427773417278,692.3399999996471,2008.3338780844347
26118,37.44427773417278,692.3599999996471,2008.3568460123056
26119,37.44427773417278,692.3799999996471,2008.3798131466012
26120,37.44427773417278,692.3999999996471,2008.402779487316
26121,37.44427773417278,692.4199999996471,2008.4257450344435
26122,37.44427773417278,692.4399999996471,2008.448709787978
26123,37.44427773417278,692.459999999647,2008.4716737479139
26124,37.44427773417278,692.479999999647,2008.494636914245
26125,37.44427773417278,692.499999999647,2008.5175992869652
26126,37.44427773417278,692.519999999647,2008.5405608660687
26127,37.44427773417278,692.539999999647,2008.5635216515498
26128,37.44427773417278,692.559999999647,2008.5864816434023
26129,37.44427773417278,692.5799999996469,2008.6094408416204
26130,37.44427773417278,692.5999999996469,2008.6323992461982
26131,37.44427773417278,692.6199999996469,2008.6553568571298
26132,37.44427773417278,692.6399999996469,2008.6783136744093
26133,37.44427773417278,692.6599999996469,2008.7012696980307
26134,37.44427773417278,692.6799999996468,2008.724224927988
26135,37.44427773417278,692.6999999996468,2008.7471793642753
26136,37.44427773417278,692.7199999996468,2008.770133006887
26137,37.44427773417278,692.7399999996468,2008.7930858558166
26138,37.44427773417278,692.7599999996468,2008.8160379110586
26139,37.44427773417278,692.7799999996467,2008.838989172607
26140,37.44427773417278,692.7999999996467,2008.8619396404558
26141,37.44427773417278,692.8199999996467,2008.8848893145991
26142,37.44427773417278,692.8399999996467,2008.9078381950312
26143,37.44427773417278,692.8599999996467,2008.930786281746
26144,37.44427773417278,692.8799999996467,2008.9537335747375
26145,37.44427773417278,692.8999999996466,2008.976680074
26146,37.44427773417278,692.9199999996466,2008.9996257795272
26147,37.44427773417278,692.9399999996466,2009.0225706913134
26148,37.44427773417278,692.9599999996466,2009.0455148093529
26149,37.44427773417278,692.9799999996466,2009.0684581336395
26150,37.44427773417278,692.9999999996465,2009.0914006641674
26151,37.44427773417278,693.0199999996465,2009.1143424009306
26152,37.44427773417278,693.0399999996465,2009.1372833439234
26153,37.44427773417278,693.0599999996465,2009.1602234931397
26154,37.44427773417278,693.0799999996465,2009.1831628485736
26155,37.44427773417278,693.0999999996465,2009.2061014102192
26156,37.44427773417278,693.1199999996464,2009.2290391780705
26157,37.44427773417278,693.1399999996464,2009.2519761521219
26158,37.44427773417278,693.1599999996464,2009.2749123323672
26159,37.44427773417278,693.1799999996464,2009.2978477188005
26160,37.44427773417278,693.1999999996464,2009.3207823115347
26161,37.44427773417278,693.2199999996463,2009.3437161118825
26162,37.44427773417278,693.2399999996463,2009.3666491200886
26163,37.44427773417278,693.2599999996463,2009.3895813361473
26164,37.44427773417278,693.2799999996463,2009.412512760053
26165,37.44427773417278,693.2999999996463,2009.4354433917995
26166,37.44427773417278,693.3199999996463,2009.458373231381
26167,37.44427773417278,693.3399999996462,2009.4813022787916
26168,37.44427773417278,693.3599999996462,2009.5042305340257
26169,37.44427773417278,693.3799999996462,2009.5271579970772
26170,37.44427773417278,693.3999999996462,2009.5500846679402
26171,37.44427773417278,693.4199999996462,2009.5730105466089
26172,37.44427773417278,693.4399999996461,2009.5959356330773
26173,37.44427773417278,693.4599999996461,2009.6188599273396
26174,37.44427773417278,693.4799999996461,2009.6417834293902
26175,37.44427773417278,693.4999999996461,2009.664706139223
26176,37.44427773417278,693.5199999996461,2009.6876280568322
26177,37.44427773417278,693.539999999646,2009.710549182212
26178,37.44427773417278,693.559999999646,2009.7334695153563
26179,37.44427773417278,693.579999999646,2009.7563890562594
26180,37.44427773417278,693.599999999646,2009.7793078049153
26181,37.44427773417278,693.619999999646,2009.8022257613184
26182,37.44427773417278,693.639999999646,2009.8251429254626
26183,37.44427773417278,693.659999999646,2009.8480592973422
26184,37.44427773417278,693.6799999996459,2009.870974876951
26185,37.44427773417278,693.6999999996459,2009.8938896642837
26186,37.44427773417278,693.7199999996459,2009.916803659334
26187,37.44427773417278,693.7399999996459,2009.939716862096
26188,37.44427773417278,693.7599999996459,2009.9626292725643
26189,37.44427773417278,693.7799999996458,2009.9855408907326
26190,37.44427773417278,693.7999999996458,2010.0084517133323
26191,37.44427773417278,693.8199999996458,2010.0313617007723
26192,37.44427773417278,693.8399999996458,2010.0542708428322
26193,37.44427773417278,693.8599999996458,2010.077179139512
26194,37.44427773417278,693.8799999996457,2010.100086590812
26195,37.44427773417278,693.8999999996457,2010.1229931967323
26196,37.44427773417278,693.9199999996457,2010.1458989572734
26197,37.44427773417278,693.9399999996457,2010.1688038724353
26198,37.44427773417278,693.9599999996457,2010.1917079422183
26199,37.44427773417278,693.9799999996457,2010.2146111666225
26200,37.44427773417278,693.9999999996456,2010.2375135456482
26201,37.44427773417278,694.0199999996456,2010.2604150792956
26202,37.44427773417278,694.0399999996456,2010.283315767565
26203,37.44427773417278,694.0599999996456,2010.3062156104565
26204,37.44427773417278,694.0799999996456,2010.3291146079707
26205,37.44427773417278,694.0999999996455,2010.3520127601075
26206,37.44427773417278,694.1199999996455,2010.3749100668672
26207,37.44427773417278,694.1399999996455,2010.39780652825
26208,37.44427773417278,694.1599999996455,2010.420702144256
26209,37.44427773417278,694.1799999996455,2010.4435969148856
26210,37.44427773417278,694.1999999996455,2010.466490840139
26211,37.44427773417278,694.2199999996454,2010.4893839201616
26212,37.44427773417278,694.2399999996454,2010.5122761564207
26213,37.44427773417278,694.2599999996454,2010.5351675490756
26214,37.44427773417278,694.2799999996454,2010.5580580981261
26215,37.44427773417278,694.2999999996454,2010.5809478035728
26216,37.44427773417278,694.3199999996453,2010.6038366654157
26217,37.44427773417278,694.3399999996453,2010.626724683655
26218,37.44427773417278,694.3599999996453,2010.6496118582913
26219,37.44427773417278,694.3799999996453,2010.6724981893249
26220,37.44427773417278,694.3999999996453,2010.6953836767557
26221,37.44427773417278,694.4199999996453,2010.7182683205842
26222,37.44427773417278,694.4399999996452,2010.7411521208107
26223,37.44427773417278,694.4599999996452,2010.7640350774354
26224,37.44427773417278,694.4799999996452,2010.7869171904588
26225,37.44427773417278,694.4999999996452,2010.8097984598808
26226,37.44427773417278,694.5199999996452,2010.8326788857019
26227,37.44427773417278,694.5399999996451,2010.8555584679223
26228,37.44427773417278,694.5599999996451,2010.8784372065422
26229,37.44427773417278,694.5799999996451,2010.901315101562
26230,37.44427773417278,694.5999999996451,2010.924192152982
26231,37.44427773417278,694.6199999996451,2010.9470683608024
26232,37.44427773417278,694.639999999645,2010.9699437250235
26233,37.44427773417278,694.659999999645,2010.9928182456456
26234,37.44427773417278,694.679999999645,2011.0156919226688
26235,37.44427773417278,694.699999999645,2011.0385647560936
26236,37.44427773417278,694.719999999645,2011.06143674592
26237,37.44427773417278,694.739999999645,2011.0843078921484
26238,37.44427773417278,694.759999999645,2011.1071781947792
26239,37.44427773417278,694.7799999996449,2011.1300476538127
26240,37.44427773417278,694.7999999996449,2011.1529162692489
26241,37.44427773417278,694.8199999996449,2011.1757840410883
26242,37.44427773417278,694.8399999996449,2011.198650969331
26243,37.44427773417278,694.8599999996449,2011.2215170539775
26244,37.44427773417278,694.8799999996448,2011.2443822950281
26245,37.44427773417278,694.8999999996448,2011.2672466924828
26246,37.44427773417278,694.9199999996448,2011.290110246342
26247,37.44427773417278,694.9399999996448,2011.312972956606
26248,37.44427773417278,694.9599999996448,2011.335834823275
26249,37.44427773417278,694.9799999996447,2011.3586958463495
26250,37.44427773417278,694.9999999996447,2011.3815560258297
26251,37.44427773417278,695.0199999996447,2011.4044153617156
26252,37.386929650735986,695.0399999996447,2011.4272738540076
26253,37.386929650735986,695.0599999996447,2011.4501315027062
26254,37.386929650735986,695.0799999996447,2011.4729883078114
26255,37.386929650735986,695.0999999996446,2011.4958442693237
26256,37.386929650735986,695.1199999996446,2011.5186993872433
26257,37.386929650735986,695.1399999996446,2011.5415536615703
26258,37.386929650735986,695.1599999996446,2011.5644070923051
26259,37.386929650735986,695.1799999996446,2011.5872596794482
26260,37.386929650735986,695.1999999996445,2011.6101114229996
26261,37.386929650735986,695.2199999996445,2011.6329623229597
26262,37.386929650735986,695.2399999996445,2011.6558123795462
26263,37.386929650735986,695.2599999996445,2011.6786615940257
26264,37.386929650735986,695.2799999996445,2011.7015099665148
26265,37.386929650735986,695.2999999996445,2011.724357497014
26266,37.386929650735986,695.3199999996444,2011.7472041855233
26267,37.386929650735986,695.3399999996444,2011.7700500320436
26268,37.386929650735986,695.3599999996444,2011.792895036575
26269,37.386929650735986,695.3799999996444,2011.8157391991178
26270,37.386929650735986,695.3999999996444,2011.8385825196726
26271,37.386929650735986,695.4199999996443,2011.8614249982395
26272,37.386929650735986,695.4399999996443,2011.8842666348191
26273,37.386929650735986,695.4599999996443,2011.9071074294118
26274,37.386929650735986,695.4799999996443,2011.9299473820176
26275,37.386929650735986,695.4999999996443,2011.9527864926372
26276,37.386929650735986,695.5199999996443,2011.9756247612709
26277,37.386929650735986,695.5399999996442,2011.9984621879191
26278,37.386929650735986,695.5599999996442,2012.0212987725822
26279,37.386929650735986,695.5799999996442,2012.0441345152606
26280,37.386929650735986,695.5999999996442,2012.0669694159544
26281,37.386929650735986,695.6199999996442,2012.0898034746642
26282,37.386929650735986,695.6399999996441,2012.1126366913904
26283,37.386929650735986,695.6599999996441,2012.1354690661333
26284,37.386929650735986,695.6799999996441,2012.1583005988932
26285,37.386929650735986,695.6999999996441,2012.1811312896707
26286,37.386929650735986,695.7199999996441,2012.203961138466
26287,37.386929650735986,695.739999999644,2012.2267901452794
26288,37.386929650735986,695.759999999644,2012.2496183101116
26289,37.386929650735986,695.779999999644,2012.2724456329627
26290,37.386929650735986,695.799999999644,2012.295272113833
26291,37.386929650735986,695.819999999644,2012.3180977527234
26292,37.386929650735986,695.839999999644,2012.3409225496337
26293,37.386929650735986,695.859999999644,2012.3637465045645
26294,37.386929650735986,695.8799999996439,2012.386569617516
26295,37.386929650735986,695.8999999996439,2012.4093918884887
26296,37.386929650735986,695.9199999996439,2012.432213317483
26297,37.386929650735986,695.9399999996439,2012.4550339044993
26298,37.386929650735986,695.9599999996439,2012.4778536495378
26299,37.386929650735986,695.9799999996438,2012.500672552599
26300,37.386929650735986,695.9999999996438,2012.5234906136836
26301,37.386929650735986,696.0199999996438,2012.5463078327916
26302,37.386929650735986,696.0399999996438,2012.5691242099233
26303,37.386929650735986,696.0599999996438,2012.5919397450793
26304,37.386929650735986,696.0799999996437,2012.61475443826
26305,37.386929650735986,696.0999999996437,2012.6375682894654
26306,37.386929650735986,696.1199999996437,2012.6603812986964
26307,37.386929650735986,696.1399999996437,2012.683193465953
26308,37.386929650735986,696.1599999996437,2012.7060047912357
26309,37.386929650735986,696.1799999996437,2012.728815274545
26310,37.386929650735986,696.1999999996436,2012.7516249158812
26311,37.386929650735986,696.2199999996436,2012.7744337152444
26312,37.386929650735986,696.2399999996436,2012.7972416726354
26313,37.386929650735986,696.2599999996436,2012.82004878838
26314,37.386929650735986,696.2799999996436,2012.842855063722
26315,37.386929650735986,696.2999999996435,2012.8656604987634
26316,37.386929650735986,696.3199999996435,2012.8884650935047
26317,37.386929650735986,696.3399999996435,2012.9112688479463
26318,37.386929650735986,696.3599999996435,2012.9340717620887
26319,37.386929650735986,696.3799999996435,2012.9568738359324
26320,37.386929650735986,696.3999999996435,2012.9796750694775
26321,37.386929650735986,696.4199999996434,2013.0024754627245
26322,37.386929650735986,696.4399999996434,2013.025275015674
26323,37.386929650735986,696.4599999996434,2013.0480737283262
26324,37.386929650735986,696.4799999996434,2013.0708716006818
26325,37.386929650735986,696.4999999996434,2013.0936686327411
26326,37.386929650735986,696.5199999996433,2013.1164648245044
26327,37.386929650735986,696.5399999996433,2013.1392601759721
26328,37.386929650735986,696.5599999996433,2013.1620546871447
26329,37.386929650735986,696.5799999996433,2013.1848483580227
26330,37.386929650735986,696.5999999996433,2013.2076411886064
26331,37.386929650735986,696.6199999996433,2013.2304331788962
26332,37.386929650735986,696.6399999996432,2013.2532243288927
26333,37.386929650735986,696.6599999996432,2013.276014638596
26334,37.386929650735986,696.6799999996432,2013.2988041080068
26335,37.386929650735986,696.6999999996432,2013.3215927371255
26336,37.386929650735986,696.7199999996432,2013.3443805259524
26337,37.386929650735986,696.7399999996431,2013.3671674744878
26338,37.386929650735986,696.7599999996431,2013.3899535827322
26339,37.386929650735986,696.7799999996431,2013.4127388506863
26340,37.386929650735986,696.7999999996431,2013.4355232783503
26341,37.386929650735986,696.8199999996431,2013.4583068657246
26342,37.386929650735986,696.839999999643,2013.4810896128095
26343,37.386929650735986,696.859999999643,2013.5038715196056
26344,37.386929650735986,696.879999999643,2013.5266525861132
26345,37.386929650735986,696.899999999643,2013.5494328123327
26346,37.386929650735986,696.919999999643,2013.5722121982649
26347,37.386929650735986,696.939999999643,2013.5949907439096
26348,37.386929650735986,696.959999999643,2013.6177684492677
26349,37.386929650735986,696.9799999996429,2013.6405453143395
26350,37.386929650735986,696.9999999996429,2013.6633213391253
26351,37.386929650735986,697.0199999996429,2013.6860965236258
26352,37.386929650735986,697.0399999996429,2013.7088708678411
26353,37.386929650735986,697.0599999996429,2013.7316443717718
26354,37.386929650735986,697.0799999996428,2013.754417035418
26355,37.386929650735986,697.0999999996428,2013.7771888587806
26356,37.386929650735986,697.1199999996428,2013.7999598418598
26357,37.386929650735986,697.1399999996428,2013.822729984656
26358,37.386929650735986,697.1599999996428,2013.8454992871696
26359,37.386929650735986,697.1799999996427,2013.868267749401
26360,37.386929650735986,697.1999999996427,2013.8910353713507
26361,37.386929650735986,697.2199999996427,2013.913802153019
26362,37.386929650735986,697.2399999996427,2013.9365680944065
26363,37.386929650735986,697.2599999996427,2013.9593331955136
26364,37.386929650735986,697.2799999996427,2013.9820974567665
26365,37.386929650735986,697.2999999996426,2014.0048608793343
26366,37.386929650735986,697.3199999996426,2014.0276234632997
26367,37.386929650735986,697.3399999996426,2014.0503852086636
26368,37.386929650735986,697.3599999996426,2014.0731461154262
26369,37.386929650735986,697.3799999996426,2014.095906183588
26370,37.386929650735986,697.3999999996425,2014.1186654131495
26371,37.386929650735986,697.4199999996425,2014.1414238041111
26372,37.386929650735986,697.4399999996425,2014.1641813564734
26373,37.386929650735986,697.4599999996425,2014.186938070237
26374,37.386929650735986,697.4799999996425,2014.209693945402
26375,37.386929650735986,697.4999999996425,2014.2324489819691
26376,37.386929650735986,697.5199999996424,2014.2552031799387
26377,37.386929650735986,697.5399999996424,2014.2779565393114
26378,37.386929650735986,697.5599999996424,2014.3007090600875
26379,37.386929650735986,697.5799999996424,2014.3234607422676
26380,37.386929650735986,697.5999999996424,2014.346211585852
26381,37.386929650735986,697.6199999996423,2014.3689615908413
26382,37.386929650735986,697.6399999996423,2014.391710757236
26383,37.386929650735986,697.6599999996423,2014.4144590850367
26384,37.386929650735986,697.6799999996423,2014.4372065742436
26385,37.386929650735986,697.6999999996423,2014.4599532248574
26386,37.386929650735986,697.7199999996423,2014.4826990368783
26387,37.386929650735986,697.7399999996422,2014.505444010307
26388,37.386929650735986,697.7599999996422,2014.5281881451438
26389,37.386929650735986,697.7799999996422,2014.5509314413894
26390,37.386929650735986,697.7999999996422,2014.573673899044
26391,37.386929650735986,697.8199999996422,2014.5964155181084
26392,37.386929650735986,697.8399999996421,2014.6191562985828
26393,37.386929650735986,697.8599999996421,2014.6418962404678
26394,37.386929650735986,697.8799999996421,2014.6646353437638
26395,37.386929650735986,697.8999999996421,2014.6873736084715
26396,37.386929650735986,697.9199999996421,2014.7101110345911
26397,37.386929650735986,697.939999999642,2014.7328476221232
26398,37.386929650735986,697.959999999642,2014.7555833710683
26399,37.386929650735986,697.979999999642,2014.7783182814267
26400,37.386929650735986,697.999999999642,2014.801052353199
26401,37.386929650735986,698.019999999642,2014.8237855863858
26402,37.386929650735986,698.039999999642,2014.8465179809873
26403,37.386929650735986,698.059999999642,2014.8692495370042
26404,37.386929650735986,698.0799999996419,2014.891980254437
26405,37.386929650735986,698.0999999996419,2014.914710133286
26406,37.386929650735986,698.1199999996419,2014.9374391735516
26407,37.386929650735986,698.1399999996419,2014.9601673752345
26408,37.386929650735986,698.1599999996419,2014.982894738335
26409,37.386929650735986,698.1799999996418,2015.005621262854
26410,37.386929650735986,698.1999999996418,2015.0283469487915
26411,37.386929650735986,698.2199999996418,2015.051071796148
26412,37.386929650735986,698.2399999996418,2015.0737958049244
26413,37.386929650735986,698.2599999996418,2015.0965189751207
26414,37.386929650735986,698.2799999996417,2015.1192413067376
26415,37.386929650735986,698.2999999996417,2015.1419628003264
26416,37.386929650735986,698.3199999996417,2015.164683457031
26417,37.386929650735986,698.3399999996417,2015.1874032769178
26418,37.386929650735986,698.3599999996417,2015.2101222599874
26419,37.386929650735986,698.3799999996417,2015.2328404062403
26420,37.386929650735986,698.3999999996416,2015.2555577156768
26421,37.386929650735986,698.4199999996416,2015.2782741882977
26422,37.386929650735986,698.4399999996416,2015.3009898241035
26423,37.386929650735986,698.4599999996416,2015.3237046230945
26424,37.386929650735986,698.4799999996416,2015.3464185852715
26425,37.386929650735986,698.4999999996415,2015.369131710635
26426,37.386929650735986,698.5199999996415,2015.3918439991853
26427,37.386929650735986,698.5399999996415,2015.4145554509232
26428,37.386929650735986,698.5599999996415,2015.4372660658491
26429,37.386929650735986,698.5799999996415,2015.4599758439635
26430,37.386929650735986,698.5999999996415,2015.4826847852669
26431,37.386929650735986,698.6199999996414,2015.5053928897598
26432,37.386929650735986,698.6399999996414,2015.528100157443
26433,37.386929650735986,698.6599999996414,2015.5508065883168
26434,37.386929650735986,698.6799999996414,2015.5735121823818
26435,37.386929650735986,698.6999999996414,2015.5962169396387
26436,37.386929650735986,698.7199999996413,2015.6189208600877
26437,37.386929650735986,698.7399999996413,2015.6416239437294
26438,37.386929650735986,698.7599999996413,2015.6643261905645
26439,37.386929650735986,698.7799999996413,2015.6870276005934
26440,37.386929650735986,698.7999999996413,2015.7097281738168
26441,37.386929650735986,698.8199999996413,2015.732427910235
26442,37.386929650735986,698.8399999996412,2015.7551268098487
26443,37.386929650735986,698.8599999996412,2015.7778248726584
26444,37.386929650735986,698.8799999996412,2015.8005220986645
26445,37.386929650735986,698.8999999996412,2015.8232184878677
26446,37.386929650735986,698.9199999996412,2015.8459140402686
26447,37.32972780450644,698.9399999996411,2015.8686087558674
26448,37.32972780450644,698.9599999996411,2015.891302634665
26449,37.32972780450644,698.9799999996411,2015.9139956766617
26450,37.32972780450644,698.9999999996411,2015.936687881858
26451,37.32972780450644,699.0199999996411,2015.9593792502546
26452,37.32972780450644,699.039999999641,2015.982069781852
26453,37.32972780450644,699.059999999641,2016.0047594766506
26454,37.32972780450644,699.079999999641,2016.0274483346511
26455,37.32972780450644,699.099999999641,2016.050136355854
26456,37.32972780450644,699.119999999641,2016.0728235402596
26457,37.32972780450644,699.139999999641,2016.0955098878687
26458,37.32972780450644,699.159999999641,2016.1181953986818
26459,37.32972780450644,699.1799999996409,2016.1408800726995
26460,37.32972780450644,699.1999999996409,2016.163563909922
26461,37.32972780450644,699.2199999996409,2016.1862469103503
26462,37.32972780450644,699.2399999996409,2016.2089290739846
26463,37.32972780450644,699.2599999996409,2016.2316104008255
26464,37.32972780450644,699.2799999996408,2016.2542908908736
26465,37.32972780450644,699.2999999996408,2016.2769705441292
26466,37.32972780450644,699.3199999996408,2016.2996493611838
26467,37.32972780450644,699.3399999996408,2016.3223273429944
26468,37.32972780450644,699.3599999996408,2016.3450044896024
26469,37.32972780450644,699.3799999996407,2016.3676808010082
26470,37.32972780450644,699.3999999996407,2016.3903562772125
26471,37.32972780450644,699.4199999996407,2016.413030918216
26472,37.32972780450644,699.4399999996407,2016.4357047240192
26473,37.32972780450644,699.4599999996407,2016.4583776946226
26474,37.32972780450644,699.4799999996407,2016.481049830027
26475,37.32972780450644,699.4999999996406,2016.5037211302329
26476,37.32972780450644,699.5199999996406,2016.5263915952407
26477,37.32972780450644,699.5399999996406,2016.5490612250514
26478,37.32972780450644,699.5599999996406,2016.5717300196654
26479,37.32972780450644,699.5799999996406,2016.5943979790834
26480,37.32972780450644,699.5999999996405,2016.6170651033058
26481,37.32972780450644,699.6199999996405,2016.6397313923333
26482,37.32972780450644,699.6399999996405,2016.6623968461665
26483,37.32972780450644,699.6599999996405,2016.685061464806
26484,37.32972780450644,699.6799999996405,2016.7077252482525
26485,37.32972780450644,699.6999999996405,2016.7303881965063
26486,37.32972780450644,699.7199999996404,2016.7530503095682
26487,37.32972780450644,699.7399999996404,2016.7757115874388
26488,37.32972780450644,699.7599999996404,2016.7983720301188
26489,37.32972780450644,699.7799999996404,2016.8210316376087
26490,37.32972780450644,699.7999999996404,2016.8436904099092
26491,37.32972780450644,699.8199999996403,2016.8663483470207
26492,37.32972780450644,699.8399999996403,2016.8890054489439
26493,37.32972780450644,699.8599999996403,2016.9116617156794
26494,37.32972780450644,699.8799999996403,2016.9343171472278
26495,37.32972780450644,699.8999999996403,2016.9569717435897
26496,37.32972780450644,699.9199999996403,2016.9796255047659
26497,37.32972780450644,699.9399999996402,2017.0022784307566
26498,37.32972780450644,699.9599999996402,2017.0249305215627
26499,37.32972780450644,699.9799999996402,2017.0475817771846
26500,37.32972780450644,699.9999999996402,2017.070232197623
26501,37.32972780450644,700.0199999996402,2017.0928817828785
26502,37.32972780450644,700.0399999996401,2017.1155305329519
26503,37.32972780450644,700.0599999996401,2017.1381784478435
26504,37.32972780450644,700.0799999996401,2017.1608255275542
26505,37.32972780450644,700.0999999996401,2017.1834717720842
26506,37.32972780450644,700.1199999996401,2017.2061171814344
26507,37.32972780450644,700.13999999964,2017.2287617556053
26508,37.32972780450644,700.15999999964,2017.2514054945975
26509,37.32972780450644,700.17999999964,2017.2740483984117
26510,37.32972780450644,700.19999999964,2017.2966904670484
26511,37.32972780450644,700.21999999964,2017.3193317005082
26512,37.32972780450644,700.23999999964,2017.341972098792
26513,37.32972780450644,700.25999999964,2017.3646116619
26514,37.32972780450644,700.2799999996399,2017.3872503898328
26515,37.32972780450644,700.2999999996399,2017.4098882825913
26516,37.32972780450644,700.3199999996399,2017.432525340176
26517,37.32972780450644,700.3399999996399,2017.4551615633015
26518,37.32972780450644,700.3599999996399,2017.477796952889
26519,37.32972780450644,700.3799999996398,2017.5004315089623
26520,37.32972780450644,700.3999999996398,2017.5230652315215
26521,37.32972780450644,700.4199999996398,2017.5456981205675
26522,37.32972780450644,700.4399999996398,2017.568330176101
26523,37.32972780450644,700.4599999996398,2017.5909613981225
26524,37.32972780450644,700.4799999996397,2017.613591786633
26525,37.32972780450644,700.4999999996397,2017.6362213416328
26526,37.32972780450644,700.5199999996397,2017.6588500631226
26527,37.32972780450644,700.5399999996397,2017.681477951103
26528,37.32972780450644,700.5599999996397,2017.7041050055748
26529,37.32972780450644,700.5799999996397,2017.7267312265385
26530,37.32972780450644,700.5999999996396,2017.749356613995
26531,37.32972780450644,700.6199999996396,2017.7719811679447
26532,37.32972780450644,700.6399999996396,2017.7946048883882
26533,37.32972780450644,700.6599999996396,2017.8172277753265
26534,37.32972780450644,700.6799999996396,2017.83984982876
26535,37.32972780450644,700.6999999996395,2017.8624710486893
26536,37.32972780450644,700.7199999996395,2017.885091435115
26537,37.32972780450644,700.7399999996395,2017.9077109880382
26538,37.32972780450644,700.7599999996395,2017.9303297074591
26539,37.32972780450644,700.7799999996395,2017.9529475933784
26540,37.32972780450644,700.7999999996395,2017.9755646457968
26541,37.32972780450644,700.8199999996394,2017.998180864715
26542,37.32972780450644,700.8399999996394,2018.0207962501338
26543,37.32972780450644,700.8599999996394,2018.0434108020536
26544,37.32972780450644,700.8799999996394,2018.0660245204751
26545,37.32972780450644,700.8999999996394,2018.088637405399
26546,37.32972780450644,700.9199999996393,2018.1112494568258
26547,37.32972780450644,700.9399999996393,2018.1338606747563
26548,37.32972780450644,700.9599999996393,2018.156471059191
26549,37.32972780450644,700.9799999996393,2018.179080610131
26550,37.32972780450644,700.9999999996393,2018.2016893275763
26551,37.32972780450644,701.0199999996393,2018.224297211528
26552,37.32972780450644,701.0399999996392,2018.2469042619866
26553,37.32972780450644,701.0599999996392,2018.269510478953
26554,37.32972780450644,701.0799999996392,2018.2921158624274
26555,37.32972780450644,701.0999999996392,2018.3147204124107
26556,37.32972780450644,701.1199999996392,2018.3373241289034
26557,37.32972780450644,701.1399999996391,2018.3599270119064
26558,37.32972780450644,701.1599999996391,2018.3825290614202
26559,37.32972780450644,701.1799999996391,2018.4051302774456
26560,37.32972780450644,701.1999999996391,2018.4277306599831
26561,37.32972780450644,701.2199999996391,2018.4503302090334
26562,37.32972780450644,701.239999999639,2018.472928924597
26563,37.32972780450644,701.259999999639,2018.495526806675
26564,37.32972780450644,701.279999999639,2018.5181238552675
26565,37.32972780450644,701.299999999639,2018.5407200703755
26566,37.32972780450644,701.319999999639,2018.5633154519996
26567,37.32972780450644,701.339999999639,2018.5859100001403
26568,37.32972780450644,701.359999999639,2018.6085037156115
26569,37.32972780450644,701.3799999996389,2018.6310965992575
26570,37.32972780450644,701.3999999996389,2018.6536886510823
26571,37.32972780450644,701.4199999996389,2018.6762798710868
26572,37.32972780450644,701.4399999996389,2018.6988702592714
26573,37.32972780450644,701.4599999996389,2018.721459815637
26574,37.32972780450644,701.4799999996388,2018.7440485401842
26575,37.32972780450644,701.4999999996388,2018.7666364329136
26576,37.32972780450644,701.5199999996388,2018.789223493826
26577,37.32972780450644,701.5399999996388,2018.8118097229221
26578,37.32972780450644,701.5599999996388,2018.8343951202025
26579,37.32972780450644,701.5799999996387,2018.856979685668
26580,37.32972780450644,701.5999999996387,2018.879563419319
26581,37.32972780450644,701.6199999996387,2018.9021463211568
26582,37.32972780450644,701.6399999996387,2018.9247283911816
26583,37.32972780450644,701.6599999996387,2018.947309629394
26584,37.32972780450644,701.6799999996387,2018.9698900357953
26585,37.32972780450644,701.6999999996386,2018.9924696103856
26586,37.32972780450644,701.7199999996386,2019.0150483531659
26587,37.32972780450644,701.7399999996386,2019.0376262641366
26588,37.32972780450644,701.7599999996386,2019.0602033432988
26589,37.32972780450644,701.7799999996386,2019.082779590653
26590,37.32972780450644,701.7999999996385,2019.1053550061997
26591,37.32972780450644,701.8199999996385,2019.1279295899399
26592,37.32972780450644,701.8399999996385,2019.1505033418741
26593,37.32972780450644,701.8599999996385,2019.1730762620032
26594,37.32972780450644,701.8799999996385,2019.1956483503277
26595,37.32972780450644,701.8999999996385,2019.2182196068484
26596,37.32972780450644,701.9199999996384,2019.240790031566
26597,37.32972780450644,701.9399999996384,2019.263359624481
26598,37.32972780450644,701.9599999996384,2019.2859283855942
26599,37.32972780450644,701.9799999996384,2019.3084963149065
26600,37.32972780450644,701.9999999996384,2019.3310634124184
26601,37.32972780450644,702.0199999996383,2019.3536296781306
26602,37.32972780450644,702.0399999996383,2019.376195112044
26603,37.32972780450644,702.0599999996383,2019.3987597141588
26604,37.32972780450644,702.0799999996383,2019.4213234844763
26605,37.32972780450644,702.0999999996383,2019.4438864229967
26606,37.32972780450644,702.1199999996383,2019.466448529721
26607,37.32972780450644,702.1399999996382,2019.4890098046496
26608,37.32972780450644,702.1599999996382,2019.5115702477835
26609,37.32972780450644,702.1799999996382,2019.5341298591234
26610,37.32972780450644,702.1999999996382,2019.5566886386698
26611,37.32972780450644,702.2199999996382,2019.5792465864236
26612,37.32972780450644,702.2399999996381,2019.6018037023853
26613,37.32972780450644,702.2599999996381,2019.6243599865556
26614,37.32972780450644,702.2799999996381,2019.6469154389354
26615,37.32972780450644,702.2999999996381,2019.669470059525
26616,37.32972780450644,702.3199999996381,2019.6920238483256
26617,37.32972780450644,702.339999999638,2019.7145768053376
26618,37.32972780450644,702.359999999638,2019.7371289305788
26619,37.32972780450644,702.379999999638,2019.7596802249852
26620,37.32972780450644,702.399999999638,2019.7822306893406
26621,37.32972780450644,702.419999999638,2019.8047803236457
26622,37.32972780450644,702.439999999638,2019.827329127901
26623,37.32972780450644,702.459999999638,2019.8498771021075
26624,37.32972780450644,702.4799999996379,2019.8724242462658
26625,37.32972780450644,702.4999999996379,2019.8949705603766
26626,37.32972780450644,702.5199999996379,2019.9175160444406
26627,37.32972780450644,702.5399999996379,2019.9400606984586
26628,37.32972780450644,702.5599999996379,2019.9626045224315
26629,37.32972780450644,702.5799999996378,2019.9851475163598
26630,37.32972780450644,702.5999999996378,2020.007689679863
26631,37.32972780450644,702.6199999996378,2020.0302310080629
26632,37.32972780450644,702.6399999996378,2020.0527714995142
26633,37.32972780450644,702.6599999996378,2020.0753111542188
26634,37.32972780450644,702.6799999996377,2020.0978499721787
26635,37.32972780450644,702.6999999996377,2020.1203879533955
26636,37.32972780450644,702.7199999996377,2020.1429250978713
26637,37.32972780450644,702.7399999996377,2020.1654614056079
26638,37.32972780450644,702.7599999996377,2020.1879968766068
26639,37.32972780450644,702.7799999996377,2020.2105315108702
26640,37.32972780450644,702.7999999996376,2020.2330653083998
26641,37.32972780450644,702.8199999996376,2020.2555982691974
26642,37.32972780450644,702.8399999996376,2020.2781303932652
26643,37.32972780450644,702.8599999996376,2020.3006616806047
26644,37.32972780450644,702.8799999996376,2020.3231921312176
26645,37.32972780450644,702.8999999996375,2020.3457217451062
26646,37.32972780450644,702.9199999996375,2020.368250522272
26647,37.27267167395074,702.9399999996375,2020.390778462717
26648,37.27267167395074,702.9599999996375,2020.413305566443
26649,37.27267167395074,702.9799999996375,2020.4358318334516
26650,37.27267167395074,702.9999999996375,2020.458357263745
26651,37.27267167395074,703.0199999996374,2020.480881857325
26652,37.27267167395074,703.0399999996374,2020.503405614193
26653,37.27267167395074,703.0599999996374,2020.5259285343516
26654,37.27267167395074,703.0799999996374,2020.548450617802
26655,37.27267167395074,703.0999999996374,2020.5709718645464
26656,37.27267167395074,703.1199999996373,2020.5934922745867
26657,37.27267167395074,703.1399999996373,2020.6160118479243
26658,37.27267167395074,703.1599999996373,2020.6385305845613
26659,37.27267167395074,703.1799999996373,2020.6610484844996
26660,37.27267167395074,703.1999999996373,2020.683565547741
26661,37.27267167395074,703.2199999996373,2020.7060817742872
26662,37.27267167395074,703.2399999996372,2020.7285971641404
26663,37.27267167395074,703.2599999996372,2020.7511117173021
26664,37.27267167395074,703.2799999996372,2020.7736254337744
26665,37.27267167395074,703.2999999996372,2020.796138313559
26666,37.27267167395074,703.3199999996372,2020.8186503566576
26667,37.27267167395074,703.3399999996371,2020.8411615630723
26668,37.27267167395074,703.3599999996371,2020.863671932805
26669,37.27267167395074,703.3799999996371,2020.8861814658908
26670,37.27267167395074,703.3999999996371,2020.9086901632459
26671,37.27267167395074,703.4199999996371,2020.9311980254836
26672,37.27267167395074,703.439999999637,2020.9537050526058
26673,37.27267167395074,703.459999999637,2020.9762112446142
26674,37.27267167395074,703.479999999637,2020.998716601511
26675,37.27267167395074,703.499999999637,2021.0212211232981
26676,37.27267167395074,703.519999999637,2021.0437248099774
26677,37.27267167395074,703.539999999637,2021.0662276615508
26678,37.27267167395074,703.559999999637,2021.0887296780202
26679,37.27267167395074,703.5799999996369,2021.1112308593877
26680,37.27267167395074,703.5999999996369,2021.1337312056548
26681,37.27267167395074,703.6199999996369,2021.156230716824
26682,37.27267167395074,703.6399999996369,2021.1787293928967
26683,37.27267167395074,703.6599999996369,2021.2012272338752
26684,37.27267167395074,703.6799999996368,2021.2237242397612
26685,37.27267167395074,703.6999999996368,2021.2462204105566
26686,37.27267167395074,703.7199999996368,2021.2687157462635
26687,37.27267167395074,703.7399999996368,2021.2912102468838
26688,37.27267167395074,703.7599999996368,2021.3137039124194
26689,37.27267167395074,703.7799999996367,2021.3361967428723
26690,37.27267167395074,703.7999999996367,2021.3586887382442
26691,37.27267167395074,703.8199999996367,2021.381179898537
26692,37.27267167395074,703.8399999996367,2021.403670223753
26693,37.27267167395074,703.8599999996367,2021.4261597138936
26694,37.27267167395074,703.8799999996367,2021.4486483689611
26695,37.27267167395074,703.8999999996366,2021.4711361889574
26696,37.27267167395074,703.9199999996366,2021.4936231738843
26697,37.27267167395074,703.9399999996366,2021.5161093237439
26698,37.27267167395074,703.9599999996366,2021.538594638538
26699,37.27267167395074,703.9799999996366,2021.5610791182683
26700,37.27267167395074,703.9999999996365,2021.5835627629372
26701,37.27267167395074,704.0199999996365,2021.6060455725462
26702,37.27267167395074,704.0399999996365,2021.6285275470975
26703,37.27267167395074,704.0599999996365,2021.6510086865928
26704,37.27267167395074,704.0799999996365,2021.6734889910342
26705,37.27267167395074,704.0999999996365,2021.6959684604237
26706,37.27267167395074,704.1199999996364,2021.718447094763
26707,37.27267167395074,704.1399999996364,2021.7409248940542
26708,37.27267167395074,704.1599999996364,2021.763401858299
26709,37.27267167395074,704.1799999996364,2021.7858779874996
26710,37.27267167395074,704.1999999996364,2021.8083532816577
26711,37.27267167395074,704.2199999996363,2021.8308277407752
26712,37.27267167395074,704.2399999996363,2021.8533013648544
26713,37.27267167395074,704.2599999996363,2021.8757741538968
26714,37.27267167395074,704.2799999996363,2021.8982461079047
26715,37.27267167395074,704.2999999996363,2021.9207172268798
26716,37.27267167395074,704.3199999996363,2021.943187510824
26717,37.27267167395074,704.3399999996362,2021.9656569597391
26718,37.27267167395074,704.3599999996362,2021.9881255736273
26719,37.27267167395074,704.3799999996362,2022.0105933524903
26720,37.27267167395074,704.3999999996362,2022.033060296385
26721,37.27267167395074,704.4199999996362,2022.0555264063519
26722,37.27267167395074,704.4399999996361,2022.0779916829392
26723,37.27267167395074,704.4599999996361,2022.100456126149
26724,37.27267167395074,704.4799999996361,2022.1229197359835
26725,37.27267167395074,704.4999999996361,2022.1453825124445
26726,37.27267167395074,704.5199999996361,2022.1678444555341
26727,37.27267167395074,704.539999999636,2022.1903055652542
26728,37.27267167395074,704.559999999636,2022.2127658416068
26729,37.27267167395074,704.579999999636,2022.2352252845938
26730,37.27267167395074,704.599999999636,2022.2576838942173
26731,37.27267167395074,704.619999999636,2022.2801416704792
26732,37.27267167395074,704.639999999636,2022.3025986133816
26733,37.27267167395074,704.6599999996359,2022.3250547229263
26734,37.27267167395074,704.6799999996359,2022.3475099991156
26735,37.27267167395074,704.6999999996359,2022.3699644419512
26736,37.27267167395074,704.7199999996359,2022.3924180514352
26737,37.27267167395074,704.7399999996359,2022.4148708275695
26738,37.27267167395074,704.7599999996359,2022.437322770356
26739,37.27267167395074,704.7799999996358,2022.459773879797
26740,37.27267167395074,704.7999999996358,2022.4822241558943
26741,37.27267167395074,704.8199999996358,2022.50467359865
26742,37.27267167395074,704.8399999996358,2022.527122208066
26743,37.27267167395074,704.8599999996358,2022.5495699841442
26744,37.27267167395074,704.8799999996357,2022.5720169268868
26745,37.27267167395074,704.8999999996357,2022.5944630362956
26746,37.27267167395074,704.9199999996357,2022.6169083123727
26747,37.27267167395074,704.9399999996357,2022.6393527551202
26748,37.27267167395074,704.9599999996357,2022.6617963645397
26749,37.27267167395074,704.9799999996357,2022.6842391406335
26750,37.27267167395074,704.9999999996356,2022.7066810834035
26751,37.27267167395074,705.0199999996356,2022.7291221928517
26752,37.27267167395074,705.0399999996356,2022.7515624689802
26753,37.27267167395074,705.0599999996356,2022.7740019117907
26754,37.27267167395074,705.0799999996356,2022.7964405212854
26755,37.27267167395074,705.0999999996355,2022.8188782974662
26756,37.27267167395074,705.1199999996355,2022.8413152403352
26757,37.27267167395074,705.1399999996355,2022.8637513498945
26758,37.27267167395074,705.1599999996355,2022.886186626146
26759,37.27267167395074,705.1799999996355,2022.9086210690914
26760,37.27267167395074,705.1999999996355,2022.9310546787328
26761,37.27267167395074,705.2199999996354,2022.9534874550725
26762,37.27267167395074,705.2399999996354,2022.9759193981122
26763,37.27267167395074,705.2599999996354,2022.998350507854
26764,37.27267167395074,705.2799999996354,2023.0207807842996
26765,37.27267167395074,705.2999999996354,2023.0432102274515
26766,37.27267167395074,705.3199999996353,2023.0656388373113
26767,37.27267167395074,705.3399999996353,2023.0880666138812
26768,37.27267167395074,705.3599999996353,2023.1104935571632
26769,37.27267167395074,705.3799999996353,2023.132919667159
26770,37.27267167395074,705.3999999996353,2023.155344943871
26771,37.27267167395074,705.4199999996353,2023.177769387375
26772,37.27267167395074,705.4399999996352,2023.200192998793
26773,37.27267167395074,705.4599999996352,2023.222615778578
26774,37.27267167395074,705.4799999996352,2023.245037726732
26775,37.27267167395074,705.4999999996352,2023.2674588432574
26776,37.27267167395074,705.5199999996352,2023.289879128156
26777,37.27267167395074,705.5399999996351,2023.3122985814296
26778,37.27267167395074,705.5599999996351,2023.3347172030806
26779,37.27267167395074,705.5799999996351,2023.357134993111
26780,37.27267167395074,705.5999999996351,2023.379551951523
26781,37.27267167395074,705.6199999996351,2023.401968078318
26782,37.27267167395074,705.639999999635,2023.4243833734988
26783,37.27267167395074,705.659999999635,2023.4467978370672
26784,37.27267167395074,705.679999999635,2023.4692114690251
26785,37.27267167395074,705.699999999635,2023.4916242693748
26786,37.27267167395074,705.719999999635,2023.5140362381183
26787,37.27267167395074,705.739999999635,2023.5364473752575
26788,37.27267167395074,705.7599999996349,2023.5588576807945
26789,37.27267167395074,705.7799999996349,2023.5812671547314
26790,37.27267167395074,705.7999999996349,2023.6036757970703
26791,37.27267167395074,705.8199999996349,2023.6260836078131
26792,37.27267167395074,705.8399999996349,2023.648490586962
26793,37.27267167395074,705.8599999996349,2023.670896734519
26794,37.27267167395074,705.8799999996348,2023.693302050486
26795,37.27267167395074,705.8999999996348,2023.7157065348651
26796,37.27267167395074,705.9199999996348,2023.7381101876585
26797,37.27267167395074,705.9399999996348,2023.7605130088682
26798,37.27267167395074,705.9599999996348,2023.7829149984964
26799,37.27267167395074,705.9799999996347,2023.805316156545
26800,37.27267167395074,705.9999999996347,2023.8277164830158
26801,37.27267167395074,706.0199999996347,2023.8501159779112
26802,37.27267167395074,706.0399999996347,2023.8725146412332
26803,37.27267167395074,706.0599999996347,2023.8949124729838
26804,37.27267167395074,706.0799999996347,2023.917309473165
26805,37.27267167395074,706.0999999996346,2023.939705641779
26806,37.27267167395074,706.1199999996346,2023.9621009788277
26807,37.27267167395074,706.1399999996346,2023.9844954843134
26808,37.27267167395074,706.1599999996346,2024.0068891582378
26809,37.27267167395074,706.1799999996346,2024.0292820006032
26810,37.27267167395074,706.1999999996345,2024.0516740114115
26811,37.27267167395074,706.2199999996345,2024.074065190665
26812,37.27267167395074,706.2399999996345,2024.0964555383653
26813,37.27267167395074,706.2599999996345,2024.1188450545148
26814,37.27267167395074,706.2799999996345,2024.1412337391157
26815,37.27267167395074,706.2999999996345,2024.1636215921696
26816,37.27267167395074,706.3199999996344,2024.186008613679
26817,37.27267167395074,706.3399999996344,2024.2083948036457
26818,37.27267167395074,706.3599999996344,2024.2307801620718
26819,37.27267167395074,706.3799999996344,2024.2531646889593
26820,37.27267167395074,706.3999999996344,2024.2755483843102
26821,37.27267167395074,706.4199999996343,2024.2979312481268
26822,37.27267167395074,706.4399999996343,2024.320313280509
26823,37.27267167395074,706.4599999996343,2024.342694482713
26824,37.27267167395074,706.4799999996343,2024.3650748551113
26825,37.27267167395074,706.4999999996343,2024.3874543977063
26826,37.27267167395074,706.5199999996343,2024.4098331105
26827,37.27267167395074,706.5399999996342,2024.4322109934944
26828,37.27267167395074,706.5599999996342,2024.4545880466922
26829,37.27267167395074,706.5799999996342,2024.476964270095
26830,37.27267167395074,706.5999999996342,2024.4993396637053
26831,37.27267167395074,706.6199999996342,2024.5217142275249
26832,37.27267167395074,706.6399999996341,2024.544087961556
26833,37.27267167395074,706.6599999996341,2024.566460865801
26834,37.27267167395074,706.6799999996341,2024.5888329402617
26835,37.27267167395074,706.6999999996341,2024.6112041849403
26836,37.27267167395074,706.7199999996341,2024.6335745998392
26837,37.27267167395074,706.739999999634,2024.6559441849604
26838,37.27267167395074,706.759999999634,2024.678312940306
26839,37.27267167395074,706.779999999634,2024.700680865878
26840,37.27267167395074,706.799999999634,2024.7230479616787
26841,37.27267167395074,706.819999999634,2024.7454142277104
26842,37.27267167395074,706.839999999634,2024.7677796639748
26843,37.215760739924455,706.8599999996339,2024.7901442704745
26844,37.215760739924455,706.8799999996339,2024.8125080472114
26845,37.215760739924455,706.8999999996339,2024.8348709941877
26846,37.215760739924455,706.9199999996339,2024.8572331114053
26847,37.215760739924455,706.9399999996339,2024.8795943988666
26848,37.215760739924455,706.9599999996339,2024.9019548565736
26849,37.215760739924455,706.9799999996338,2024.9243144845286
26850,37.215760739924455,706.9999999996338,2024.9466732827336
26851,37.215760739924455,707.0199999996338,2024.969031251191
26852,37.215760739924455,707.0399999996338,2024.9913883899023
26853,37.215760739924455,707.0599999996338,2025.0137446988704
26854,37.215760739924455,707.0799999996337,2025.0361001780968
26855,37.215760739924455,707.0999999996337,2025.058454827584
26856,37.215760739924455,707.1199999996337,2025.0808086473342
26857,37.215760739924455,707.1399999996337,2025.1031616373493
26858,37.215760739924455,707.1599999996337,2025.1255137976316
26859,37.215760739924455,707.1799999996337,2025.1478651281832
26860,37.215760739924455,707.1999999996336,2025.1702156290062
26861,37.215760739924455,707.2199999996336,2025.1925653001026
26862,37.215760739924455,707.2399999996336,2025.2149141414748
26863,37.215760739924455,707.2599999996336,2025.2372621531247
26864,37.215760739924455,707.2799999996336,2025.2596093350546
26865,37.215760739924455,707.2999999996335,2025.2819556872666
26866,37.215760739924455,707.3199999996335,2025.304301209763
26867,37.215760739924455,707.3399999996335,2025.3266459025456
26868,37.215760739924455,707.3599999996335,2025.3489897656168
26869,37.215760739924455,707.3799999996335,2025.3713327989785
26870,37.215760739924455,707.3999999996335,2025.393675002633
26871,37.215760739924455,707.4199999996334,2025.4160163765825
26872,37.215760739924455,707.4399999996334,2025.4383569208292
26873,37.215760739924455,707.4599999996334,2025.4606966354818
26874,37.215760739924455,707.4799999996334,2025.483035521747
26875,37.215760739924455,707.4999999996334,2025.5053735798704
26876,37.215760739924455,707.5199999996333,2025.5277108098537
26877,37.215760739924455,707.5399999996333,2025.5500472116996
26878,37.215760739924455,707.5599999996333,2025.57238278541
26879,37.215760739924455,707.5799999996333,2025.594717530987
26880,37.215760739924455,707.5999999996333,2025.6170514484334
26881,37.215760739924455,707.6199999996333,2025.6393845377509
26882,37.215760739924455,707.6399999996332,2025.6617167989418
26883,37.215760739924455,707.6599999996332,2025.6840482320085
26884,37.215760739924455,707.6799999996332,2025.706378836953
26885,37.215760739924455,707.6999999996332,2025.7287086137776
26886,37.215760739924455,707.7199999996332,2025.7510375624845
26887,37.215760739924455,707.7399999996331,2025.773365683076
26888,37.215760739924455,707.7599999996331,2025.7956929755544
26889,37.215760739924455,707.7799999996331,2025.8180194399217
26890,37.215760739924455,707.7999999996331,2025.8403450761803
26891,37.215760739924455,707.8199999996331,2025.8626698843323
26892,37.215760739924455,707.839999999633,2025.8849938643798
26893,37.215760739924455,707.859999999633,2025.9073170163254
26894,37.215760739924455,707.879999999633,2025.929639340171
26895,37.215760739924455,707.899999999633,2025.951960835919
26896,37.215760739924455,707.919999999633,2025.9742815035713
26897,37.215760739924455,707.939999999633,2025.9966013431306
26898,37.215760739924455,707.9599999996329,2026.0189203545988
26899,37.215760739924455,707.9799999996329,2026.0412385379782
26900,37.215760739924455,707.9999999996329,2026.063555893271
26901,37.215760739924455,708.0199999996329,2026.0858724204795
26902,37.215760739924455,708.0399999996329,2026.1081881196058
26903,37.215760739924455,708.0599999996329,2026.130502990652
26904,37.215760739924455,708.0799999996328,2026.1528170336207
26905,37.215760739924455,708.0999999996328,2026.175130248514
26906,37.215760739924455,708.1199999996328,2026.197442635334
26907,37.215760739924455,708.1399999996328,2026.219754194083
26908,37.215760739924455,708.1599999996328,2026.242064924763
26909,37.215760739924455,708.1799999996327,2026.2643748273765
26910,37.215760739924455,708.1999999996327,2026.2866839019257
26911,37.215760739924455,708.2199999996327,2026.3089921484127
26912,37.215760739924455,708.2399999996327,2026.3312995668398
26913,37.215760739924455,708.2599999996327,2026.353606157209
26914,37.215760739924455,708.2799999996327,2026.3759119195229
26915,37.215760739924455,708.2999999996326,2026.3982168537834
26916,37.215760739924455,708.3199999996326,2026.420520959993
26917,37.215760739924455,708.3399999996326,2026.4428242381537
26918,37.215760739924455,708.3599999996326,2026.4651266882677
26919,37.215760739924455,708.3799999996326,2026.4874283103372
26920,37.215760739924455,708.3999999996325,2026.5097291043646
26921,37.215760739924455,708.4199999996325,2026.532029070352
26922,37.215760739924455,708.4399999996325,2026.554328208302
26923,37.215760739924455,708.4599999996325,2026.5766265182162
26924,37.215760739924455,708.4799999996325,2026.5989240002282
26925,37.215760739924455,708.4999999996325,2026.6212206556784
26926,37.215760739924455,708.5199999996324,2026.6435164847276
26927,37.215760739924455,708.5399999996324,2026.665811487378
26928,37.215760739924455,708.5599999996324,2026.6881056636319
26929,37.215760739924455,708.5799999996324,2026.7103990134915
26930,37.215760739924455,708.5999999996324,2026.732691536959
26931,37.215760739924455,708.6199999996323,2026.754983234037
26932,37.215760739924455,708.6399999996323,2026.7772741047272
26933,37.215760739924455,708.6599999996323,2026.7995641490322
26934,37.215760739924455,708.6799999996323,2026.8218533669544
26935,37.215760739924455,708.6999999996323,2026.8441417584959
26936,37.215760739924455,708.7199999996323,2026.8664293236588
26937,37.215760739924455,708.7399999996322,2026.8887160624458
26938,37.215760739924455,708.7599999996322,2026.911001974859
26939,37.215760739924455,708.7799999996322,2026.9332870609003
26940,37.215760739924455,708.7999999996322,2026.9555713205723
26941,37.215760739924455,708.8199999996322,2026.9778547538772
26942,37.215760739924455,708.8399999996321,2027.0001373608175
26943,37.215760739924455,708.8599999996321,2027.0224191413952
26944,37.215760739924455,708.8799999996321,2027.0447000956126
26945,37.215760739924455,708.8999999996321,2027.066980223472
26946,37.215760739924455,708.9199999996321,2027.0892595249757
26947,37.215760739924455,708.939999999632,2027.1115380001258
26948,37.215760739924455,708.959999999632,2027.1338156489248
26949,37.215760739924455,708.979999999632,2027.156092471375
26950,37.215760739924455,708.999999999632,2027.178368467478
26951,37.215760739924455,709.019999999632,2027.200643637237
26952,37.215760739924455,709.039999999632,2027.2229179806536
26953,37.215760739924455,709.0599999996319,2027.2451914977305
26954,37.215760739924455,709.0799999996319,2027.2674641884698
26955,37.215760739924455,709.0999999996319,2027.2897360528736
26956,37.215760739924455,709.1199999996319,2027.3120070909445
26957,37.215760739924455,709.1399999996319,2027.3342773026845
26958,37.215760739924455,709.1599999996319,2027.3565466880962
26959,37.215760739924455,709.1799999996318,2027.3788152471814
26960,37.215760739924455,709.1999999996318,2027.4010829799427
26961,37.215760739924455,709.2199999996318,2027.423349886382
26962,37.215760739924455,709.2399999996318,2027.4456159665021
26963,37.215760739924455,709.2599999996318,2027.467881220305
26964,37.215760739924455,709.2799999996317,2027.4901456477928
26965,37.215760739924455,709.2999999996317,2027.512409248968
26966,37.215760739924455,709.3199999996317,2027.5346720238329
26967,37.215760739924455,709.3399999996317,2027.5569339723895
26968,37.215760739924455,709.3599999996317,2027.5791950946405
26969,37.215760739924455,709.3799999996317,2027.6014553905877
26970,37.215760739924455,709.3999999996316,2027.6237148602336
26971,37.215760739924455,709.4199999996316,2027.6459735035805
26972,37.215760739924455,709.4399999996316,2027.6682313206306
26973,37.215760739924455,709.4599999996316,2027.6904883113862
26974,37.215760739924455,709.4799999996316,2027.7127444758494
26975,37.215760739924455,709.4999999996315,2027.734999814232
26976,37.215760739924455,709.5199999996315,2027.757254327836
26977,37.215760739924455,709.5399999996315,2027.7795080167853
26978,37.215760739924455,709.5599999996315,2027.8017608810817
26979,37.215760739924455,709.5799999996315,2027.8240129207277
26980,37.215760739924455,709.5999999996315,2027.8462641357257
26981,37.215760739924455,709.6199999996314,2027.868514526078
26982,37.215760739924455,709.6399999996314,2027.8907640917867
26983,37.215760739924455,709.6599999996314,2027.9130128328543
26984,37.215760739924455,709.6799999996314,2027.935260749283
26985,37.215760739924455,709.6999999996314,2027.9575078410753
26986,37.215760739924455,709.7199999996313,2027.9797541082332
26987,37.215760739924455,709.7399999996313,2028.0019995507591
26988,37.215760739924455,709.7599999996313,2028.0242441686555
26989,37.215760739924455,709.7799999996313,2028.0464879619244
26990,37.215760739924455,709.7999999996313,2028.0687309305683
26991,37.215760739924455,709.8199999996312,2028.0909730745896
26992,37.215760739924455,709.8399999996312,2028.1132143939903
26993,37.215760739924455,709.8599999996312,2028.135454888773
26994,37.215760739924455,709.8799999996312,2028.1576945589397
26995,37.215760739924455,709.8999999996312,2028.1799334044929
26996,37.215760739924455,709.9199999996312,2028.202171425435
26997,37.215760739924455,709.9399999996311,2028.224408621768
26998,37.215760739924455,709.9599999996311,2028.2466449934943
26999,37.215760739924455,709.9799999996311,2028.2688805406165
27000,37.215760739924455,709.9999999996311,2028.2911152631366
27001,37.215760739924455,710.0199999996311,2028.313349161057
27002,37.215760739924455,710.039999999631,2028.33558223438
27003,37.215760739924455,710.059999999631,2028.3578144831076
27004,37.215760739924455,710.079999999631,2028.3800459072427
27005,37.215760739924455,710.099999999631,2028.402276506787
27006,37.215760739924455,710.119999999631,2028.4245062817433
27007,37.215760739924455,710.139999999631,2028.4467352321137
27008,37.215760739924455,710.1599999996309,2028.4689633579005
27009,37.215760739924455,710.1799999996309,2028.491190659106
27010,37.215760739924455,710.1999999996309,2028.5134171357324
27011,37.215760739924455,710.2199999996309,2028.535642787782
27012,37.215760739924455,710.2399999996309,2028.5578676152575
27013,37.215760739924455,710.2599999996308,2028.5800916181606
27014,37.215760739924455,710.2799999996308,2028.602314796494
27015,37.215760739924455,710.2999999996308,2028.62453715026
27016,37.215760739924455,710.3199999996308,2028.6467586794608
27017,37.215760739924455,710.3399999996308,2028.6689793840987
27018,37.215760739924455,710.3599999996308,2028.691199264176
27019,37.215760739924455,710.3799999996307,2028.7134183196952
27020,37.215760739924455,710.3999999996307,2028.7356365506582
27021,37.215760739924455,710.4199999996307,2028.7578539570677
27022,37.215760739924455,710.4399999996307,2028.7800705389257
27023,37.215760739924455,710.4599999996307,2028.8022862962346
27024,37.215760739924455,710.4799999996306,2028.8245012289967
27025,37.215760739924455,710.4999999996306,2028.8467153372144
27026,37.215760739924455,710.5199999996306,2028.8689286212082
27027,37.215760739924455,710.5399999996306,2028.8911410822548
27028,37.215760739924455,710.5599999996306,2028.9133527204629
27029,37.215760739924455,710.5799999996306,2028.9355635358347
27030,37.215760739924455,710.5999999996305,2028.9577735283726
27031,37.215760739924455,710.6199999996305,2028.979982698079
27032,37.215760739924455,710.6399999996305,2029.0021910449561
27033,37.215760739924455,710.6599999996305,2029.0243985690063
27034,37.215760739924455,710.6799999996305,2029.0466052702316
27035,37.215760739924455,710.6999999996304,2029.0688111486345
27036,37.215760739924455,710.7199999996304,2029.0910162042173
27037,37.215760739924455,710.7399999996304,2029.1132204369824
27038,37.215760739924455,710.7599999996304,2029.1354238469319
27039,37.215760739924455,710.7799999996304,2029.157626434068
27040,37.158994485658724,710.7999999996304,2029.1798281983936
27041,37.158994485658724,710.8199999996303,2029.2020291399103
27042,37.158994485658724,710.8399999996303,2029.2242292586209
27043,37.158994485658724,710.8599999996303,2029.2464285545273
27044,37.158994485658724,710.8799999996303,2029.268627027632
27045,37.158994485658724,710.8999999996303,2029.2908246779373
27046,37.158994485658724,710.9199999996302,2029.3130215054455
27047,37.158994485658724,710.9399999996302,2029.3352175101588
27048,37.158994485658724,710.9599999996302,2029.3574126920798
27049,37.158994485658724,710.9799999996302,2029.3796070512105
27050,37.158994485658724,710.9999999996302,2029.4018005875535
27051,37.158994485658724,711.0199999996302,2029.4239933011106
27052,37.158994485658724,711.0399999996301,2029.4461851918845
27053,37.158994485658724,711.0599999996301,2029.4683762598775
27054,37.158994485658724,711.0799999996301,2029.4905665050917
27055,37.158994485658724,711.0999999996301,2029.5127559275295
27056,37.158994485658724,711.1199999996301,2029.5349445271934
27057,37.158994485658724,711.13999999963,2029.5571323040854
27058,37.158994485658724,711.15999999963,2029.579319258208
27059,37.158994485658724,711.17999999963,2029.6015053895633
27060,37.158994485658724,711.19999999963,2029.6236906981537
27061,37.158994485658724,711.21999999963,2029.6458751839816
27062,37.158994485658724,711.23999999963,2029.6680588470492
27063,37.158994485658724,711.2599999996299,2029.6902416873588
27064,37.158994485658724,711.2799999996299,2029.7124237049127
27065,37.158994485658724,711.2999999996299,2029.7346048997133
27066,37.158994485658724,711.3199999996299,2029.7567852717627
27067,37.158994485658724,711.3399999996299,2029.7789648210635
27068,37.158994485658724,711.3599999996298,2029.8011435476178
27069,37.158994485658724,711.3799999996298,2029.8233214514278
27070,37.158994485658724,711.3999999996298,2029.8454985324959
27071,37.158994485658724,711.4199999996298,2029.8676747908246
27072,37.158994485658724,711.4399999996298,2029.889850226416
27073,37.158994485658724,711.4599999996298,2029.9120248392724
27074,37.158994485658724,711.4799999996297,2029.9341986293962
27075,37.158994485658724,711.4999999996297,2029.9563715967895
27076,37.158994485658724,711.5199999996297,2029.9785437414548
27077,37.158994485658724,711.5399999996297,2030.0007150637814
27078,37.158994485658724,711.5599999996297,2030.0228855658897
27079,37.158994485658724,711.5799999996296,2030.0450552488064
27080,37.158994485658724,711.5999999996296,2030.067224112534
27081,37.158994485658724,711.6199999996296,2030.089392157075
27082,37.158994485658724,711.6399999996296,2030.111559382432
27083,37.158994485658724,711.6599999996296,2030.1337257886075
27084,37.158994485658724,711.6799999996296,2030.1558913756041
27085,37.158994485658724,711.6999999996295,2030.1780561434243
27086,37.158994485658724,711.7199999996295,2030.2002200920706
27087,37.158994485658724,711.7399999996295,2030.2223832215454
27088,37.158994485658724,711.7599999996295,2030.2445455318514
27089,37.158994485658724,711.7799999996295,2030.266707022991
27090,37.158994485658724,711.7999999996294,2030.288867694967
27091,37.158994485658724,711.8199999996294,2030.3110275477816
27092,37.158994485658724,711.8399999996294,2030.3331865814373
27093,37.158994485658724,711.8599999996294,2030.3553447959368
27094,37.158994485658724,711.8799999996294,2030.3775021912827
27095,37.158994485658724,711.8999999996294,2030.3996587674774
27096,37.158994485658724,711.9199999996293,2030.4218145245234
27097,37.158994485658724,711.9399999996293,2030.4439694624232
27098,37.158994485658724,711.9599999996293,2030.4661235811793
27099,37.158994485658724,711.9799999996293,2030.4882768807945
27100,37.158994485658724,711.9999999996293,2030.510429361271
27101,37.158994485658724,712.0199999996292,2030.5325810226116
27102,37.158994485658724,712.0399999996292,2030.5547318648185
27103,37.158994485658724,712.0599999996292,2030.5768818878944
27104,37.158994485658724,712.0799999996292,2030.5990310918419
27105,37.158994485658724,712.0999999996292,2030.6211794766634
27106,37.158994485658724,712.1199999996292,2030.6433270423615
27107,37.158994485658724,712.1399999996291,2030.6654737889387
27108,37.158994485658724,712.1599999996291,2030.6876197163974
27109,37.158994485658724,712.1799999996291,2030.7097648247404
27110,37.158994485658724,712.1999999996291,2030.73190911397
27111,37.158994485658724,712.2199999996291,2030.7540525840889
27112,37.158994485658724,712.239999999629,2030.7761952350993
27113,37.158994485658724,712.259999999629,2030.798337067004
27114,37.158994485658724,712.279999999629,2030.8204780798055
27115,37.158994485658724,712.299999999629,2030.8426182735063
27116,37.158994485658724,712.319999999629,2030.864757648109
27117,37.158994485658724,712.339999999629,2030.8868962036158
27118,37.158994485658724,712.3599999996289,2030.9090339400298
27119,37.158994485658724,712.3799999996289,2030.931170857353
27120,37.158994485658724,712.3999999996289,2030.953306955588
27121,37.158994485658724,712.4199999996289,2030.9754422347376
27122,37.158994485658724,712.4399999996289,2030.9975766948041
27123,37.158994485658724,712.4599999996288,2031.0197103357903
27124,37.158994485658724,712.4799999996288,2031.0418431576982
27125,37.158994485658724,712.4999999996288,2031.0639751605306
27126,37.158994485658724,712.5199999996288,2031.0861063442903
27127,37.158994485658724,712.5399999996288,2031.1082367089796
27128,37.158994485658724,712.5599999996288,2031.1303662550924
27129,37.158994485658724,712.5799999996287,2031.1524949836878
27130,37.158994485658724,712.5999999996287,2031.1746228948311
27131,37.158994485658724,712.6199999996287,2031.196749988525
27132,37.158994485658724,712.6399999996287,2031.2188762647718
27133,37.158994485658724,712.6599999996287,2031.2410017235743
27134,37.158994485658724,712.6799999996286,2031.263126364935
27135,37.158994485658724,712.6999999996286,2031.2852501888565
27136,37.158994485658724,712.7199999996286,2031.3073731953411
27137,37.158994485658724,712.7399999996286,2031.3294953843917
27138,37.158994485658724,712.7599999996286,2031.3516167560108
27139,37.158994485658724,712.7799999996286,2031.373737310201
27140,37.158994485658724,712.7999999996285,2031.395857046965
27141,37.158994485658724,712.8199999996285,2031.417975966305
27142,37.158994485658724,712.8399999996285,2031.4400940682237
27143,37.158994485658724,712.8599999996285,2031.462211352724
27144,37.158994485658724,712.8799999996285,2031.484327819808
27145,37.158994485658724,712.8999999996284,2031.5064434694787
27146,37.158994485658724,712.9199999996284,2031.5285583017385
27147,37.158994485658724,712.9399999996284,2031.55067231659
27148,37.158994485658724,712.9599999996284,2031.5727855140356
27149,37.158994485658724,712.9799999996284,2031.594897894078
27150,37.158994485658724,712.9999999996284,2031.6170094567199
27151,37.158994485658724,713.0199999996283,2031.6391202019636
27152,37.158994485658724,713.0399999996283,2031.6612301298119
27153,37.158994485658724,713.0599999996283,2031.6833392402673
27154,37.158994485658724,713.0799999996283,2031.7054475333323
27155,37.158994485658724,713.0999999996283,2031.7275550090096
27156,37.158994485658724,713.1199999996282,2031.7496616673018
27157,37.158994485658724,713.1399999996282,2031.7717675082113
27158,37.158994485658724,713.1599999996282,2031.7938725317408
27159,37.158994485658724,713.1799999996282,2031.815976737893
27160,37.158994485658724,713.1999999996282,2031.83808012667
27161,37.158994485658724,713.2199999996282,2031.860182698075
27162,37.158994485658724,713.2399999996281,2031.8822844521103
27163,37.158994485658724,713.2599999996281,2031.9043853887783
27164,37.158994485658724,713.2799999996281,2031.926485508082
27165,37.158994485658724,713.2999999996281,2031.9485848100235
27166,37.158994485658724,713.3199999996281,2031.9706832946056
27167,37.158994485658724,713.339999999628,2031.992780961831
27168,37.158994485658724,713.359999999628,2032.014877811702
27169,37.158994485658724,713.379999999628,2032.0369738442214
27170,37.158994485658724,713.399999999628,2032.0590690593915
27171,37.158994485658724,713.419999999628,2032.081163457215
27172,37.158994485658724,713.439999999628,2032.1032570376947
27173,37.158994485658724,713.4599999996279,2032.125349800833
27174,37.158994485658724,713.4799999996279,2032.1474417466325
27175,37.158994485658724,713.4999999996279,2032.1695328750957
27176,37.158994485658724,713.5199999996279,2032.1916231862253
27177,37.158994485658724,713.5399999996279,2032.2137126800237
27178,37.158994485658724,713.5599999996278,2032.2358013564938
27179,37.158994485658724,713.5799999996278,2032.2578892162262
27180,37.158994485658724,713.5999999996278,2032.2799762602071
27181,37.158994485658724,713.6199999996278,2032.302062488483
27182,37.158994485658724,713.6399999996278,2032.3241479010564
27183,37.158994485658724,713.6599999996278,2032.3462324979303
27184,37.158994485658724,713.6799999996277,2032.368316279107
27185,37.158994485658724,713.6999999996277,2032.390399244589
27186,37.158994485658724,713.7199999996277,2032.412481394379
27187,37.158994485658724,713.7399999996277,2032.43456272848
27188,37.158994485658724,713.7599999996277,2032.4566432468941
27189,37.158994485658724,713.7799999996276,2032.4787229496244
27190,37.158994485658724,713.7999999996276,2032.5008018366732
27191,37.158994485658724,713.8199999996276,2032.5228799080433
27192,37.158994485658724,713.8399999996276,2032.544957163737
27193,37.158994485658724,713.8599999996276,2032.5670336037572
27194,37.158994485658724,713.8799999996276,2032.5891092281065
27195,37.158994485658724,713.8999999996275,2032.6111840367873
27196,37.158994485658724,713.9199999996275,2032.6332580298026
27197,37.158994485658724,713.9399999996275,2032.6553312071549
27198,37.158994485658724,713.9599999996275,2032.6774035688466
27199,37.158994485658724,713.9799999996275,2032.6994751148804
27200,37.158994485658724,713.9999999996274,2032.721545845259
27201,37.158994485658724,714.0199999996274,2032.743615759985
27202,37.158994485658724,714.0399999996274,2032.765684859061
27203,37.158994485658724,714.0599999996274,2032.7877531424895
27204,37.158994485658724,714.0799999996274,2032.8098206102734
27205,37.158994485658724,714.0999999996274,2032.8318872624152
27206,37.158994485658724,714.1199999996273,2032.8539530989174
27207,37.158994485658724,714.1399999996273,2032.8760181197827
27208,37.158994485658724,714.1599999996273,2032.8980823250138
27209,37.158994485658724,714.1799999996273,2032.9201457146132
27210,37.158994485658724,714.1999999996273,2032.9422082885837
27211,37.158994485658724,714.2199999996272,2032.9642700469278
27212,37.158994485658724,714.2399999996272,2032.9863309896482
27213,37.158994485658724,714.2599999996272,2033.0083911167474
27214,37.158994485658724,714.2799999996272,2033.0304504282278
27215,37.158994485658724,714.2999999996272,2033.0525089240925
27216,37.158994485658724,714.3199999996272,2033.0745666043438
27217,37.158994485658724,714.3399999996271,2033.0966234689845
27218,37.158994485658724,714.3599999996271,2033.118679518017
27219,37.158994485658724,714.3799999996271,2033.1407347514441
27220,37.158994485658724,714.3999999996271,2033.1627891692685
27221,37.158994485658724,714.4199999996271,2033.1848427714926
27222,37.158994485658724,714.439999999627,2033.2068955581192
27223,37.158994485658724,714.459999999627,2033.2289475291507
27224,37.158994485658724,714.479999999627,2033.2509986845898
27225,37.158994485658724,714.499999999627,2033.2730490244394
27226,37.158994485658724,714.519999999627,2033.2950985487018
27227,37.158994485658724,714.539999999627,2033.3171472573797
27228,37.158994485658724,714.5599999996269,2033.3391951504757
27229,37.158994485658724,714.5799999996269,2033.3612422279925
27230,37.158994485658724,714.5999999996269,2033.3832884906478
27231,37.158994485658724,714.6199999996269,2033.4053339393934
27232,37.158994485658724,714.6399999996269,2033.4273785742575
27233,37.158994485658724,714.6599999996268,2033.4494223952433
27234,37.158994485658724,714.6799999996268,2033.471465402353
27235,37.158994485658724,714.6999999996268,2033.4935075955896
27236,37.158994485658724,714.7199999996268,2033.5155489749554
27237,37.158994485658724,714.7399999996268,2033.5375895404534
27238,37.158994485658724,714.7599999996268,2033.5596292920861
27239,37.158994485658724,714.7799999996267,2033.5816682298564
27240,37.158994485658724,714.7999999996267,2033.6037063537667
27241,37.158994485658724,714.8199999996267,2033.6257436638198
27242,37.158994485658724,714.8399999996267,2033.647780160018
27243,37.10237239674705,714.8599999996267,2033.6698158423644
27244,37.10237239674705,714.8799999996266,2033.6918507108614
27245,37.10237239674705,714.8999999996266,2033.713884765512
27246,37.10237239674705,714.9199999996266,2033.7359180063183
27247,37.10237239674705,714.9399999996266,2033.7579504332834
27248,37.10237239674705,714.9599999996266,2033.77998204641
27249,37.10237239674705,714.9799999996266,2033.8020128457006
27250,37.10237239674705,714.9999999996265,2033.8240428311578
27251,37.10237239674705,715.0199999996265,2033.8460720027845
27252,37.10237239674705,715.0399999996265,2033.868100360583
27253,37.10237239674705,715.0599999996265,2033.8901279045563
27254,37.10237239674705,715.0799999996265,2033.912154634707
27255,37.10237239674705,715.0999999996264,2033.9341805510373
27256,37.10237239674705,715.1199999996264,2033.9562056535506
27257,37.10237239674705,715.1399999996264,2033.978229942249
27258,37.10237239674705,715.1599999996264,2034.0002534171356
27259,37.10237239674705,715.1799999996264,2034.0222760782126
27260,37.10237239674705,715.1999999996264,2034.044297925483
27261,37.10237239674705,715.2199999996263,2034.0663189589495
27262,37.10237239674705,715.2399999996263,2034.0883391786144
27263,37.10237239674705,715.2599999996263,2034.1103585844808
27264,37.10237239674705,715.2799999996263,2034.132377176551
27265,37.10237239674705,715.2999999996263,2034.1543949548277
27266,37.10237239674705,715.3199999996262,2034.1764119193138
27267,37.10237239674705,715.3399999996262,2034.1984280700117
27268,37.10237239674705,715.3599999996262,2034.2204434069242
27269,37.10237239674705,715.3799999996262,2034.2424579300541
27270,37.10237239674705,715.3999999996262,2034.2644716394038
27271,37.10237239674705,715.4199999996262,2034.2864845349761
27272,37.10237239674705,715.4399999996261,2034.3084966167737
27273,37.10237239674705,715.4599999996261,2034.330507884799
27274,37.10237239674705,715.4799999996261,2034.352518339055
27275,37.10237239674705,715.4999999996261,2034.3745279795442
27276,37.10237239674705,715.5199999996261,2034.396536806269
27277,37.10237239674705,715.539999999626,2034.4185448192327
27278,37.10237239674705,715.559999999626,2034.4405520184375
27279,37.10237239674705,715.579999999626,2034.462558403886
27280,37.10237239674705,715.599999999626,2034.484563975581
27281,37.10237239674705,715.619999999626,2034.5065687342592
27282,37.10237239674705,715.639999999626,2034.528572680706
27283,37.10237239674705,715.6599999996259,2034.5505758149297
27284,37.10237239674705,715.6799999996259,2034.572578136933
27285,37.10237239674705,715.6999999996259,2034.5945796467186
27286,37.10237239674705,715.7199999996259,2034.616580344289
27287,37.10237239674705,715.7399999996259,2034.6385802296472
27288,37.10237239674705,715.7599999996258,2034.6605793027957
27289,37.10237239674705,715.7799999996258,2034.6825775637371
27290,37.10237239674705,715.7999999996258,2034.7045750124744
27291,37.10237239674705,715.8199999996258,2034.72657164901
27292,37.10237239674705,715.8399999996258,2034.748567473347
27293,37.10237239674705,715.8599999996258,2034.770562485488
27294,37.10237239674705,715.8799999996257,2034.7925566854353
27295,37.10237239674705,715.8999999996257,2034.814550073192
27296,37.10237239674705,715.9199999996257,2034.8365426487608
27297,37.10237239674705,715.9399999996257,2034.858534412144
27298,37.10237239674705,715.9599999996257,2034.8805253633448
27299,37.10237239674705,715.9799999996256,2034.9025155023655
27300,37.10237239674705,715.9999999996256,2034.9245048292091
27301,37.10237239674705,716.0199999996256,2034.9464933438783
27302,37.10237239674705,716.0399999996256,2034.9684810463755
27303,37.10237239674705,716.0599999996256,2034.9904679367037
27304,37.10237239674705,716.0799999996256,2035.0124540148654
27305,37.10237239674705,716.0999999996255,2035.0344392808634
27306,37.10237239674705,716.1199999996255,2035.0564237347003
27307,37.10237239674705,716.1399999996255,2035.078407376379
27308,37.10237239674705,716.1599999996255,2035.100390205902
27309,37.10237239674705,716.1799999996255,2035.1223722232721
27310,37.10237239674705,716.1999999996254,2035.1443534284922
27311,37.10237239674705,716.2199999996254,2035.1663338215646
27312,37.10237239674705,716.2399999996254,2035.1883134024924
27313,37.10237239674705,716.2599999996254,2035.210292171278
27314,37.10237239674705,716.2799999996254,2035.2322701279243
27315,37.10237239674705,716.2999999996254,2035.2542472724338
27316,37.10237239674705,716.3199999996253,2035.2762236048093
27317,37.10237239674705,716.3399999996253,2035.2981991250535
27318,37.10237239674705,716.3599999996253,2035.3201738331693
27319,37.10237239674705,716.3799999996253,2035.342147729159
27320,37.10237239674705,716.3999999996253,2035.3641208130257
27321,37.10237239674705,716.4199999996252,2035.3860930847718
27322,37.10237239674705,716.4399999996252,2035.4080645444
27323,37.10237239674705,716.4599999996252,2035.4300351919135
27324,37.10237239674705,716.4799999996252,2035.4520050273145
27325,37.10237239674705,716.4999999996252,2035.4739740506059
27326,37.10237239674705,716.5199999996252,2035.49594226179
27327,37.10237239674705,716.5399999996251,2035.5179096608701
27328,37.10237239674705,716.5599999996251,2035.5398762478487
27329,37.10237239674705,716.5799999996251,2035.5618420227283
27330,37.10237239674705,716.5999999996251,2035.5838069855117
27331,37.10237239674705,716.6199999996251,2035.6057711362148
27332,37.10237239674705,716.639999999625,2035.6277344756916
27333,37.10237239674705,716.659999999625,2035.6496970046778
27334,37.10237239674705,716.679999999625,2035.6716587231763
27335,37.10237239674705,716.699999999625,2035.6936196311897
27336,37.10237239674705,716.719999999625,2035.7155797287207
27337,37.10237239674705,716.739999999625,2035.7375390157722
27338,37.10237239674705,716.7599999996249,2035.7594974923468
27339,37.10237239674705,716.7799999996249,2035.7814551584472
27340,37.10237239674705,716.7999999996249,2035.8034120140762
27341,37.10237239674705,716.8199999996249,2035.8253680592368
27342,37.10237239674705,716.8399999996249,2035.8473232939314
27343,37.10237239674705,716.8599999996248,2035.8692777181627
27344,37.10237239674705,716.8799999996248,2035.8912313319336
27345,37.10237239674705,716.8999999996248,2035.9131841352469
27346,37.10237239674705,716.9199999996248,2035.9351361281051
27347,37.10237239674705,716.9399999996248,2035.9570873105113
27348,37.10237239674705,716.9599999996248,2035.9790376824678
27349,37.10237239674705,716.9799999996247,2036.0009872439778
27350,37.10237239674705,716.9999999996247,2036.0229359950436
27351,37.10237239674705,717.0199999996247,2036.0448839356682
27352,37.10237239674705,717.0399999996247,2036.066831065854
27353,37.10237239674705,717.0599999996247,2036.0887773856043
27354,37.10237239674705,717.0799999996246,2036.1107228949215
27355,37.10237239674705,717.0999999996246,2036.1326675938085
27356,37.10237239674705,717.1199999996246,2036.1546114822677
27357,37.10237239674705,717.1399999996246,2036.176554560302
27358,37.10237239674705,717.1599999996246,2036.1984968279144
27359,37.10237239674705,717.1799999996246,2036.2204382851073
27360,37.10237239674705,717.1999999996245,2036.2423789318836
27361,37.10237239674705,717.2199999996245,2036.264318768246
27362,37.10237239674705,717.2399999996245,2036.2862577941974
27363,37.10237239674705,717.2599999996245,2036.3081960097402
27364,37.10237239674705,717.2799999996245,2036.3301334148773
27365,37.10237239674705,717.2999999996244,2036.3520700096115
27366,37.10237239674705,717.3199999996244,2036.3740057939453
27367,37.10237239674705,717.3399999996244,2036.395940767882
27368,37.10237239674705,717.3599999996244,2036.4178749314237
27369,37.10237239674705,717.3799999996244,2036.4398082845735
27370,37.10237239674705,717.3999999996244,2036.4617408273339
27371,37.10237239674705,717.4199999996243,2036.4836725597079
27372,37.10237239674705,717.4399999996243,2036.505603481698
27373,37.10237239674705,717.4599999996243,2036.5275335933072
27374,37.10237239674705,717.4799999996243,2036.549462894538
27375,37.10237239674705,717.4999999996243,2036.5713913853933
27376,37.10237239674705,717.5199999996242,2036.5933190658757
27377,37.10237239674705,717.5399999996242,2036.615245935988
27378,37.10237239674705,717.5599999996242,2036.6371719957328
27379,37.10237239674705,717.5799999996242,2036.6590972451131
27380,37.10237239674705,717.5999999996242,2036.6810216841316
27381,37.10237239674705,717.6199999996242,2036.702945312791
27382,37.10237239674705,717.6399999996241,2036.7248681311257
27383,37.10237239674705,717.6599999996241,2036.7467901400673
27384,37.10237239674705,717.6799999996241,2036.7687113402585
27385,37.10237239674705,717.6999999996241,2036.790631731702
27386,37.10237239674705,717.7199999996241,2036.8125513144005
27387,37.10237239674705,717.739999999624,2036.8344700883567
27388,37.10237239674705,717.759999999624,2036.8563880535737
27389,37.10237239674705,717.779999999624,2036.878305210054
27390,37.10237239674705,717.799999999624,2036.9002215578003
27391,37.10237239674705,717.819999999624,2036.9221370968155
27392,37.10237239674705,717.839999999624,2036.9440518271024
27393,37.10237239674705,717.8599999996239,2036.9659657486638
27394,37.10237239674705,717.8799999996239,2036.9878788615026
27395,37.10237239674705,717.8999999996239,2037.0097911656212
27396,37.10237239674705,717.9199999996239,2037.0317026610226
27397,37.10237239674705,717.9399999996239,2037.0536133477096
27398,37.10237239674705,717.9599999996238,2037.075523225685
27399,37.10237239674705,717.9799999996238,2037.0974322949512
27400,37.10237239674705,717.9999999996238,2037.1193405555114
27401,37.10237239674705,718.0199999996238,2037.1412480073682
27402,37.10237239674705,718.0399999996238,2037.1631546505243
27403,37.10237239674705,718.0599999996238,2037.1850604849826
27404,37.10237239674705,718.0799999996237,2037.206965510746
27405,37.10237239674705,718.0999999996237,2037.228869727817
27406,37.10237239674705,718.1199999996237,2037.2507731361984
27407,37.10237239674705,718.1399999996237,2037.272675735893
27408,37.10237239674705,718.1599999996237,2037.2945775269038
27409,37.10237239674705,718.1799999996236,2037.3164785092333
27410,37.10237239674705,718.1999999996236,2037.3383786828845
27411,37.10237239674705,718.2199999996236,2037.3602780478598
27412,37.10237239674705,718.2399999996236,2037.3821766041622
27413,37.10237239674705,718.2599999996236,2037.4040743517944
27414,37.10237239674705,718.2799999996236,2037.4259712907594
27415,37.10237239674705,718.2999999996235,2037.4478674210598
27416,37.10237239674705,718.3199999996235,2037.4697627426983
27417,37.10237239674705,718.3399999996235,2037.4916572556779
27418,37.10237239674705,718.3599999996235,2037.513550960001
27419,37.10237239674705,718.3799999996235,2037.5354438556708
27420,37.10237239674705,718.3999999996234,2037.5573359426896
27421,37.10237239674705,718.4199999996234,2037.5792272210606
27422,37.10237239674705,718.4399999996234,2037.6011176907864
27423,37.10237239674705,718.4599999996234,2037.6230073518698
27424,37.10237239674705,718.4799999996234,2037.6448962043135
27425,37.10237239674705,718.4999999996234,2037.6667842481202
27426,37.10237239674705,718.5199999996233,2037.6886714832929
27427,37.10237239674705,718.5399999996233,2037.710557909834
27428,37.10237239674705,718.5599999996233,2037.7324435277467
27429,37.10237239674705,718.5799999996233,2037.7543283370335
27430,37.10237239674705,718.5999999996233,2037.7762123376974
27431,37.10237239674705,718.6199999996232,2037.798095529741
27432,37.10237239674705,718.6399999996232,2037.8199779131671
27433,37.10237239674705,718.6599999996232,2037.8418594880316
27434,37.10237239674705,718.6799999996232,2037.8637402553825
27435,37.10237239674705,718.6999999996232,2037.8856202157908
27436,37.10237239674705,718.7199999996232,2037.9074993692598
27437,37.10237239674705,718.7399999996231,2037.9293777157918
27438,37.10237239674705,718.7599999996231,2037.95125525539
27439,37.10237239674705,718.7799999996231,2037.9731319880568
27440,37.10237239674705,718.7999999996231,2037.9950079137952
27441,37.04589396113203,718.8199999996231,2038.0168830326081
27442,37.04589396113203,718.839999999623,2038.0387573444982
27443,37.04589396113203,718.859999999623,2038.0606308494685
27444,37.04589396113203,718.879999999623,2038.0825035475216
27445,37.04589396113203,718.899999999623,2038.1043754386603
27446,37.04589396113203,718.919999999623,2038.1262465228874
27447,37.04589396113203,718.939999999623,2038.1481168002058
27448,37.04589396113203,718.9599999996229,2038.1699862706182
27449,37.04589396113203,718.9799999996229,2038.1918549341276
27450,37.04589396113203,718.9999999996229,2038.2137227907367
27451,37.04589396113203,719.0199999996229,2038.2355898404483
27452,37.04589396113203,719.0399999996229,2038.257456083265
27453,37.04589396113203,719.0599999996228,2038.2793215191898
27454,37.04589396113203,719.0799999996228,2038.3011861482257
27455,37.04589396113203,719.0999999996228,2038.3230499703752
27456,37.04589396113203,719.1199999996228,2038.3449129856413
27457,37.04589396113203,719.1399999996228,2038.3667751940266
27458,37.04589396113203,719.1599999996228,2038.388636595534
27459,37.04589396113203,719.1799999996227,2038.4104971901666
27460,37.04589396113203,719.1999999996227,2038.4323569779267
27461,37.04589396113203,719.2199999996227,2038.4542159588175
27462,37.04589396113203,719.2399999996227,2038.4760741328416
27463,37.04589396113203,719.2599999996227,2038.4979315000019
27464,37.04589396113203,719.2799999996226,2038.5197880603012
27465,37.04589396113203,719.2999999996226,2038.5416438137422
27466,37.04589396113203,719.3199999996226,2038.5634987603278
27467,37.04589396113203,719.3399999996226,2038.5853529000606
27468,37.04589396113203,719.3599999996226,2038.6072062329436
27469,37.04589396113203,719.3799999996226,2038.6290587589797
27470,37.04589396113203,719.3999999996225,2038.6509104781715
27471,37.04589396113203,719.4199999996225,2038.6727613905218
27472,37.04589396113203,719.4399999996225,2038.6946114960338
27473,37.04589396113203,719.4599999996225,2038.7164607947097
27474,37.04589396113203,719.4799999996225,2038.7383092865527
27475,37.04589396113203,719.4999999996224,2038.7601569715657
27476,37.04589396113203,719.5199999996224,2038.7820038497514
27477,37.04589396113203,719.5399999996224,2038.8038499211125
27478,37.04589396113203,719.5599999996224,2038.8256951856517
27479,37.04589396113203,719.5799999996224,2038.847539643372
27480,37.04589396113203,719.5999999996224,2038.8693832942763
27481,37.04589396113203,719.6199999996223,2038.891226138367
27482,37.04589396113203,719.6399999996223,2038.9130681756474
27483,37.04589396113203,719.6599999996223,2038.93490940612
27484,37.04589396113203,719.6799999996223,2038.9567498298532
27485,37.04589396113203,719.6999999996223,2038.978589447864
27486,37.04589396113203,719.7199999996222,2039.0004282605794
27487,37.04589396113203,719.7399999996222,2039.0222662680023
27488,37.04589396113203,719.7599999996222,2039.0441034701355
27489,37.04589396113203,719.7799999996222,2039.0659398669818
27490,37.04589396113203,719.7999999996222,2039.087775458544
27491,37.04589396113203,719.8199999996222,2039.109610244825
27492,37.04589396113203,719.8399999996221,2039.1314442258276
27493,37.04589396113203,719.8599999996221,2039.1532774015548
27494,37.04589396113203,719.8799999996221,2039.1751097720091
27495,37.04589396113203,719.8999999996221,2039.1969413371937
27496,37.04589396113203,719.9199999996221,2039.2187720971112
27497,37.04589396113203,719.939999999622,2039.2406020517647
27498,37.04589396113203,719.959999999622,2039.2624312011567
27499,37.04589396113203,719.979999999622,2039.28425954529
27500,37.04589396113203,719.999999999622,2039.3060870841678
27501,37.04589396113203,720.019999999622,2039.3279138177927
27502,37.04589396113203,720.039999999622,2039.3497397461676
27503,37.04589396113203,720.0599999996219,2039.3715648692953
27504,37.04589396113203,720.0799999996219,2039.3933891871786
27505,37.04589396113203,720.0999999996219,2039.4152126998206
27506,37.04589396113203,720.1199999996219,2039.4370354072237
27507,37.04589396113203,720.1399999996219,2039.458857309391
27508,37.04589396113203,720.1599999996218,2039.4806784063255
27509,37.04589396113203,720.1799999996218,2039.5024986980297
27510,37.04589396113203,720.1999999996218,2039.5243181845067
27511,37.04589396113203,720.2199999996218,2039.546136865759
27512,37.04589396113203,720.2399999996218,2039.5679547417897
27513,37.04589396113203,720.2599999996218,2039.5897718126016
27514,37.04589396113203,720.2799999996217,2039.6115880781974
27515,37.04589396113203,720.2999999996217,2039.63340353858
27516,37.04589396113203,720.3199999996217,2039.6552181937525
27517,37.04589396113203,720.3399999996217,2039.6770320437174
27518,37.04589396113203,720.3599999996217,2039.6988450884776
27519,37.04589396113203,720.3799999996216,2039.720657328036
27520,37.04589396113203,720.3999999996216,2039.7424687623954
27521,37.04589396113203,720.4199999996216,2039.7642793915588
27522,37.04589396113203,720.4399999996216,2039.7860892155288
27523,37.04589396113203,720.4599999996216,2039.8078982343084
27524,37.04589396113203,720.4799999996216,2039.8297064479002
27525,37.04589396113203,720.4999999996215,2039.8515138563073
27526,37.04589396113203,720.5199999996215,2039.8733204595324
27527,37.04589396113203,720.5399999996215,2039.8951262575783
27528,37.04589396113203,720.5599999996215,2039.916931250448
27529,37.04589396113203,720.5799999996215,2039.9387354381442
27530,37.04589396113203,720.5999999996214,2039.9605388206699
27531,37.04589396113203,720.6199999996214,2039.9823413980278
27532,37.04589396113203,720.6399999996214,2040.0041431702837
27533,37.04589396113203,720.6599999996214,2040.025944138689
27534,37.04589396113203,720.6799999996214,2040.0477443039274
27535,37.04589396113203,720.6999999996214,2040.0695436660892
27536,37.04589396113203,720.7199999996213,2040.0913422263186
27537,37.04589396113203,720.7399999996213,2040.1131399849712
27538,37.04589396113203,720.7599999996213,2040.1349369420502
27539,37.04589396113203,720.7799999996213,2040.1567330975583
27540,37.04589396113203,720.7999999996213,2040.1785284514988
27541,37.04589396113203,720.8199999996212,2040.2003230038747
27542,37.04589396113203,720.8399999996212,2040.2221167546888
27543,37.04589396113203,720.8599999996212,2040.2439097039444
27544,37.04589396113203,720.8799999996212,2040.2657018516443
27545,37.04589396113203,720.8999999996212,2040.2874931977917
27546,37.04589396113203,720.9199999996212,2040.3092837423894
27547,37.04589396113203,720.9399999996211,2040.3310734854406
27548,37.04589396113203,720.9599999996211,2040.3528624269481
27549,37.04589396113203,720.9799999996211,2040.3746505669153
27550,37.04589396113203,720.9999999996211,2040.396437905345
27551,37.04589396113203,721.0199999996211,2040.4182244422402
27552,37.04589396113203,721.039999999621,2040.4400101776039
27553,37.04589396113203,721.059999999621,2040.461795111439
27554,37.04589396113203,721.079999999621,2040.4835792437486
27555,37.04589396113203,721.099999999621,2040.5053625745359
27556,37.04589396113203,721.119999999621,2040.5271451038038
27557,37.04589396113203,721.139999999621,2040.5489268315553
27558,37.04589396113203,721.1599999996209,2040.5707077577933
27559,37.04589396113203,721.1799999996209,2040.592487882521
27560,37.04589396113203,721.1999999996209,2040.6142672057415
27561,37.04589396113203,721.2199999996209,2040.6360457274577
27562,37.04589396113203,721.2399999996209,2040.6578234476726
27563,37.04589396113203,721.2599999996208,2040.6796003663892
27564,37.04589396113203,721.2799999996208,2040.7013764836104
27565,37.04589396113203,721.2999999996208,2040.7231517993393
27566,37.04589396113203,721.3199999996208,2040.744926313579
27567,37.04589396113203,721.3399999996208,2040.7667000263327
27568,37.04589396113203,721.3599999996208,2040.788472937603
27569,37.04589396113203,721.3799999996207,2040.8102450473932
27570,37.04589396113203,721.3999999996207,2040.8320163557062
27571,37.04589396113203,721.4199999996207,2040.853786862545
27572,37.04589396113203,721.4399999996207,2040.8755565679126
27573,37.04589396113203,721.4599999996207,2040.897325471812
27574,37.04589396113203,721.4799999996206,2040.9190935742465
27575,37.04589396113203,721.4999999996206,2040.940860875219
27576,37.04589396113203,721.5199999996206,2040.9626273747322
27577,37.04589396113203,721.5399999996206,2040.9843930727893
27578,37.04589396113203,721.5599999996206,2041.0061579693936
27579,37.04589396113203,721.5799999996206,2041.0279220645477
27580,37.04589396113203,721.5999999996205,2041.049685358255
27581,37.04589396113203,721.6199999996205,2041.071447850518
27582,37.04589396113203,721.6399999996205,2041.0932095413402
27583,37.04589396113203,721.6599999996205,2041.1149704307245
27584,37.04589396113203,721.6799999996205,2041.1367305186739
27585,37.04589396113203,721.6999999996204,2041.1584898051913
27586,37.04589396113203,721.7199999996204,2041.1802482903863
27587,37.04589396113203,721.7399999996204,2041.202005975481
27588,37.04589396113203,721.7599999996204,2041.2237628607384
27589,37.04589396113203,721.7799999996204,2041.2455189461616
27590,37.04589396113203,721.7999999996204,2041.2672742317538
27591,37.04589396113203,721.8199999996203,2041.289028717518
27592,37.04589396113203,721.8399999996203,2041.310782403457
27593,37.04589396113203,721.8599999996203,2041.3325352895743
27594,37.04589396113203,721.8799999996203,2041.3542873758727
27595,37.04589396113203,721.8999999996203,2041.3760386623553
27596,37.04589396113203,721.9199999996202,2041.3977891490251
27597,37.04589396113203,721.9399999996202,2041.4195388358853
27598,37.04589396113203,721.9599999996202,2041.441287722939
27599,37.04589396113203,721.9799999996202,2041.4630358101892
27600,37.04589396113203,721.9999999996202,2041.484783097639
27601,37.04589396113203,722.0199999996202,2041.5065295852912
27602,37.04589396113203,722.0399999996201,2041.5282752731491
27603,37.04589396113203,722.0599999996201,2041.5500201612158
27604,37.04589396113203,722.0799999996201,2041.5717642494944
27605,37.04589396113203,722.0999999996201,2041.5935075379878
27606,37.04589396113203,722.1199999996201,2041.6152500266992
27607,37.04589396113203,722.13999999962,2041.6369917156314
27608,37.04589396113203,722.15999999962,2041.658732604788
27609,37.04589396113203,722.17999999962,2041.6804726941714
27610,37.04589396113203,722.19999999962,2041.702211983785
27611,37.04589396113203,722.21999999962,2041.723950473632
27612,37.04589396113203,722.23999999962,2041.7456881637152
27613,37.04589396113203,722.2599999996199,2041.7674250540379
27614,37.04589396113203,722.2799999996199,2041.789161144603
27615,37.04589396113203,722.2999999996199,2041.8108964354135
27616,37.04589396113203,722.3199999996199,2041.8326309264726
27617,37.04589396113203,722.3399999996199,2041.8543646177834
27618,37.04589396113203,722.3599999996198,2041.876097509349
27619,37.04589396113203,722.3799999996198,2041.8978296011721
27620,37.04589396113203,722.3999999996198,2041.9195608932562
27621,37.04589396113203,722.4199999996198,2041.941291385604
27622,37.04589396113203,722.4399999996198,2041.9630210782188
27623,37.04589396113203,722.4599999996198,2041.9847499711038
27624,37.04589396113203,722.4799999996197,2042.0064780642617
27625,37.04589396113203,722.4999999996197,2042.028205357696
27626,37.04589396113203,722.5199999996197,2042.0499318514092
27627,37.04589396113203,722.5399999996197,2042.0716575454048
27628,37.04589396113203,722.5599999996197,2042.0933824396857
27629,37.04589396113203,722.5799999996196,2042.115106534255
27630,37.04589396113203,722.5999999996196,2042.1368298291156
27631,37.04589396113203,722.6199999996196,2042.1585523242709
27632,37.04589396113203,722.6399999996196,2042.1802740197238
27633,37.04589396113203,722.6599999996196,2042.2019949154774
27634,37.04589396113203,722.6799999996196,2042.2237150115345
27635,37.04589396113203,722.6999999996195,2042.2454343078984
27636,37.04589396113203,722.7199999996195,2042.2671528045723
27637,37.04589396113203,722.7399999996195,2042.2888705016896
27638,37.04589396113203,722.7599999996195,2042.3105874006037
27639,37.04589396113203,722.7799999996195,2042.3323035014914
27640,37.04589396113203,722.7999999996194,2042.354018804356
27641,37.04589396113203,722.8199999996194,2042.3757333092005
27642,37.04589396113203,722.8399999996194,2042.397447016028
27643,37.04589396113203,722.8599999996194,2042.4191599248418
27644,37.04589396113203,722.8799999996194,2042.4408720356448
27645,36.989558669092354,722.8999999996194,2042.4625833484404
27646,36.989558669092354,722.9199999996193,2042.4842938632316
27647,36.989558669092354,722.9399999996193,2042.5060035800218
27648,36.989558669092354,722.9599999996193,2042.5277124988138
27649,36.989558669092354,722.9799999996193,2042.5494206196108
27650,36.989558669092354,722.9999999996193,2042.571127942416
27651,36.989558669092354,723.0199999996192,2042.5928344672327
27652,36.989558669092354,723.0399999996192,2042.6145401940637
27653,36.989558669092354,723.0599999996192,2042.6362451229122
27654,36.989558669092354,723.0799999996192,2042.6579492537815
27655,36.989558669092354,723.0999999996192,2042.6796525866746
27656,36.989558669092354,723.1199999996192,2042.7013551215948
27657,36.989558669092354,723.1399999996191,2042.7230568585453
27658,36.989558669092354,723.1599999996191,2042.744757797529
27659,36.989558669092354,723.1799999996191,2042.7664579385491
27660,36.989558669092354,723.1999999996191,2042.7881572816088
27661,36.989558669092354,723.2199999996191,2042.8098558267113
27662,36.989558669092354,723.239999999619,2042.8315535738595
27663,36.989558669092354,723.259999999619,2042.8532505230569
27664,36.989558669092354,723.279999999619,2042.8749466743063
27665,36.989558669092354,723.299999999619,2042.896642027611
27666,36.989558669092354,723.319999999619,2042.918336582974
27667,36.989558669092354,723.339999999619,2042.9400303403986
27668,36.989558669092354,723.3599999996189,2042.9617232998878
27669,36.989558669092354,723.3799999996189,2042.983415461445
27670,36.989558669092354,723.3999999996189,2043.005106825073
27671,36.989558669092354,723.4199999996189,2043.026797390775
27672,36.989558669092354,723.4399999996189,2043.0484871585545
27673,36.989558669092354,723.4599999996188,2043.0701761284142
27674,36.989558669092354,723.4799999996188,2043.0918643003574
27675,36.989558669092354,723.4999999996188,2043.1135516743873
27676,36.989558669092354,723.5199999996188,2043.135238250507
27677,36.989558669092354,723.5399999996188,2043.1569240287197
27678,36.989558669092354,723.5599999996188,2043.1786090090284
27679,36.989558669092354,723.5799999996187,2043.2002931914362
27680,36.989558669092354,723.5999999996187,2043.2219765759464
27681,36.989558669092354,723.6199999996187,2043.2436591625622
27682,36.989558669092354,723.6399999996187,2043.2653409512864
27683,36.989558669092354,723.6599999996187,2043.2870219421225
27684,36.989558669092354,723.6799999996186,2043.3087021350734
27685,36.989558669092354,723.6999999996186,2043.3303815301424
27686,36.989558669092354,723.7199999996186,2043.3520601273324
27687,36.989558669092354,723.7399999996186,2043.3737379266468
27688,36.989558669092354,723.7599999996186,2043.3954149282686
27689,36.989558669092354,723.7799999996186,2043.4170911334006
27690,36.989558669092354,723.7999999996185,2043.4387665421596
27691,36.989558669092354,723.8199999996185,2043.4604411545486
27692,36.989558669092354,723.8399999996185,2043.4821149705708
27693,36.989558669092354,723.8599999996185,2043.5037879902295
27694,36.989558669092354,723.8799999996185,2043.5254602135278
27695,36.989558669092354,723.8999999996184,2043.547131640469
27696,36.989558669092354,723.9199999996184,2043.568802271056
27697,36.989558669092354,723.9399999996184,2043.5904721052925
27698,36.989558669092354,723.9599999996184,2043.6121411431814
27699,36.989558669092354,723.9799999996184,2043.6338093847257
27700,36.989558669092354,723.9999999996184,2043.655476829929
27701,36.989558669092354,724.0199999996183,2043.6771434787943
27702,36.989558669092354,724.0399999996183,2043.6988093313248
27703,36.989558669092354,724.0599999996183,2043.7204743875236
27704,36.989558669092354,724.0799999996183,2043.742138647394
27705,36.989558669092354,724.0999999996183,2043.7638021109394
27706,36.989558669092354,724.1199999996182,2043.7854647781626
27707,36.989558669092354,724.1399999996182,2043.807126649067
27708,36.989558669092354,724.1599999996182,2043.8287877236558
27709,36.989558669092354,724.1799999996182,2043.8504480019321
27710,36.989558669092354,724.1999999996182,2043.8721074838993
27711,36.989558669092354,724.2199999996182,2043.8937661695604
27712,36.989558669092354,724.2399999996181,2043.9154240589187
27713,36.989558669092354,724.2599999996181,2043.9370811519775
27714,36.989558669092354,724.2799999996181,2043.9587374487398
27715,36.989558669092354,724.2999999996181,2043.9803929492089
27716,36.989558669092354,724.3199999996181,2044.0020476533878
27717,36.989558669092354,724.339999999618,2044.02370156128
27718,36.989558669092354,724.359999999618,2044.0453546728884
27719,36.989558669092354,724.379999999618,2044.0670069882165
27720,36.989558669092354,724.399999999618,2044.0886585072672
27721,36.989558669092354,724.419999999618,2044.1103092300439
27722,36.989558669092354,724.439999999618,2044.1319591565498
27723,36.989558669092354,724.4599999996179,2044.1536082867879
27724,36.989558669092354,724.4799999996179,2044.1752566207615
27725,36.989558669092354,724.4999999996179,2044.196904158474
27726,36.989558669092354,724.5199999996179,2044.2185508999282
27727,36.989558669092354,724.5399999996179,2044.2401968451277
27728,36.989558669092354,724.5599999996178,2044.2618419940754
27729,36.989558669092354,724.5799999996178,2044.2834863467747
27730,36.989558669092354,724.5999999996178,2044.3051299032286
27731,36.989558669092354,724.6199999996178,2044.3267726634404
27732,36.989558669092354,724.6399999996178,2044.3484146274134
27733,36.989558669092354,724.6599999996178,2044.3700557951506
27734,36.989558669092354,724.6799999996177,2044.3916961666553
27735,36.989558669092354,724.6999999996177,2044.4133357419307
27736,36.989558669092354,724.7199999996177,2044.43497452098
27737,36.989558669092354,724.7399999996177,2044.4566125038064
27738,36.989558669092354,724.7599999996177,2044.478249690413
27739,36.989558669092354,724.7799999996176,2044.4998860810847
27740,36.989558669092354,724.7999999996176,2044.5215216770114
27741,36.989558669092354,724.8199999996176,2044.5431564782969
27742,36.989558669092354,724.8399999996176,2044.5647904849443
27743,36.989558669092354,724.8599999996176,2044.5864236969571
27744,36.989558669092354,724.8799999996176,2044.6080561143383
27745,36.989558669092354,724.8999999996175,2044.6296877370912
27746,36.989558669092354,724.9199999996175,2044.651318565219
27747,36.989558669092354,724.9399999996175,2044.6729485987253
27748,36.989558669092354,724.9599999996175,2044.6945778376128
27749,36.989558669092354,724.9799999996175,2044.716206281885
27750,36.989558669092354,724.9999999996174,2044.737833931545
27751,36.989558669092354,725.0199999996174,2044.7594607865965
27752,36.989558669092354,725.0399999996174,2044.7810868470422
27753,36.989558669092354,725.0599999996174,2044.8027121128855
27754,36.989558669092354,725.0799999996174,2044.82433658413
27755,36.989558669092354,725.0999999996174,2044.8459602607784
27756,36.989558669092354,725.1199999996173,2044.8675831428343
27757,36.989558669092354,725.1399999996173,2044.8892052303008
27758,36.989558669092354,725.1599999996173,2044.9108265231812
27759,36.989558669092354,725.1799999996173,2044.9324470214785
27760,36.989558669092354,725.1999999996173,2044.9540667251963
27761,36.989558669092354,725.2199999996172,2044.9756856343377
27762,36.989558669092354,725.2399999996172,2044.9973037489058
27763,36.989558669092354,725.2599999996172,2045.0189210689039
27764,36.989558669092354,725.2799999996172,2045.0405375943353
27765,36.989558669092354,725.2999999996172,2045.0621533252033
27766,36.989558669092354,725.3199999996172,2045.083768261511
27767,36.989558669092354,725.3399999996171,2045.105382403262
27768,36.989558669092354,725.3599999996171,2045.126995750459
27769,36.989558669092354,725.3799999996171,2045.1486083031054
27770,36.989558669092354,725.3999999996171,2045.1702200612046
27771,36.989558669092354,725.4199999996171,2045.19183102476
27772,36.989558669092354,725.439999999617,2045.2134411937743
27773,36.989558669092354,725.459999999617,2045.2350505682512
27774,36.989558669092354,725.479999999617,2045.2566591481936
27775,36.989558669092354,725.499999999617,2045.2782669336052
27776,36.989558669092354,725.519999999617,2045.2998739244888
27777,36.989558669092354,725.539999999617,2045.3214801208478
27778,36.989558669092354,725.5599999996169,2045.3430855226857
27779,36.989558669092354,725.5799999996169,2045.3646901300053
27780,36.989558669092354,725.5999999996169,2045.3862939428102
27781,36.989558669092354,725.6199999996169,2045.4078969611032
27782,36.989558669092354,725.6399999996169,2045.429499184888
27783,36.989558669092354,725.6599999996168,2045.4511006141677
27784,36.989558669092354,725.6799999996168,2045.4727012489454
27785,36.989558669092354,725.6999999996168,2045.4943010892243
27786,36.989558669092354,725.7199999996168,2045.515900135008
27787,36.989558669092354,725.7399999996168,2045.5374983862994
27788,36.989558669092354,725.7599999996168,2045.5590958431017
27789,36.989558669092354,725.7799999996167,2045.5806925054183
27790,36.989558669092354,725.7999999996167,2045.6022883736287
27791,36.989558669092354,725.8199999996167,2045.6238834488547
27792,36.989558669092354,725.8399999996167,2045.645477731182
27793,36.989558669092354,725.8599999996167,2045.6670712206137
27794,36.989558669092354,725.8799999996166,2045.6886639171535
27795,36.989558669092354,725.8999999996166,2045.7102558208042
27796,36.989558669092354,725.9199999996166,2045.731846931569
27797,36.989558669092354,725.9399999996166,2045.7534372494513
27798,36.989558669092354,725.9599999996166,2045.7750267744543
27799,36.989558669092354,725.9799999996166,2045.7966155065812
27800,36.989558669092354,725.9999999996165,2045.8182034458355
27801,36.989558669092354,726.0199999996165,2045.83979059222
27802,36.989558669092354,726.0399999996165,2045.8613769457381
27803,36.989558669092354,726.0599999996165,2045.8829625063931
27804,36.989558669092354,726.0799999996165,2045.9045472741882
27805,36.989558669092354,726.0999999996164,2045.9261312491267
27806,36.989558669092354,726.1199999996164,2045.9477144312116
27807,36.989558669092354,726.1399999996164,2045.9692968204463
27808,36.989558669092354,726.1599999996164,2045.990878416834
27809,36.989558669092354,726.1799999996164,2046.0124592203779
27810,36.989558669092354,726.1999999996164,2046.0340392310811
27811,36.989558669092354,726.2199999996163,2046.0556184489471
27812,36.989558669092354,726.2399999996163,2046.0771968739791
27813,36.989558669092354,726.2599999996163,2046.0987745061802
27814,36.989558669092354,726.2799999996163,2046.1203513455537
27815,36.989558669092354,726.2999999996163,2046.1419273921026
27816,36.989558669092354,726.3199999996162,2046.1635026458305
27817,36.989558669092354,726.3399999996162,2046.1850771067404
27818,36.989558669092354,726.3599999996162,2046.2066507748357
27819,36.989558669092354,726.3799999996162,2046.2282236501194
27820,36.989558669092354,726.3999999996162,2046.2497957325947
27821,36.989558669092354,726.4199999996162,2046.2713670222652
27822,36.989558669092354,726.4399999996161,2046.2929375191336
27823,36.989558669092354,726.4599999996161,2046.3145072232035
27824,36.989558669092354,726.4799999996161,2046.3360761344782
27825,36.989558669092354,726.4999999996161,2046.3576442529607
27826,36.989558669092354,726.5199999996161,2046.3792115786541
27827,36.989558669092354,726.539999999616,2046.400778111562
27828,36.989558669092354,726.559999999616,2046.4223438516874
27829,36.989558669092354,726.579999999616,2046.4439087990336
27830,36.989558669092354,726.599999999616,2046.465472953604
27831,36.989558669092354,726.619999999616,2046.4870363154014
27832,36.989558669092354,726.639999999616,2046.5085988844294
27833,36.989558669092354,726.6599999996159,2046.530160660691
27834,36.989558669092354,726.6799999996159,2046.5517216441897
27835,36.989558669092354,726.6999999996159,2046.5732818349284
27836,36.989558669092354,726.7199999996159,2046.5948412329105
27837,36.989558669092354,726.7399999996159,2046.6163998381392
27838,36.989558669092354,726.7599999996158,2046.6379576506176
27839,36.989558669092354,726.7799999996158,2046.6595146703492
27840,36.989558669092354,726.7999999996158,2046.6810708973371
27841,36.989558669092354,726.8199999996158,2046.7026263320695
27842,36.989558669092354,726.8399999996158,2046.7241809756292
27843,36.989558669092354,726.8599999996158,2046.7457348280855
27844,36.933366013229694,726.8799999996157,2046.7672878894416
27845,36.933366013229694,726.8999999996157,2046.7888401597013
27846,36.933366013229694,726.9199999996157,2046.8103916388677
27847,36.933366013229694,726.9399999996157,2046.831942326944
27848,36.933366013229694,726.9599999996157,2046.853492223934
27849,36.933366013229694,726.9799999996156,2046.8750413298405
27850,36.933366013229694,726.9999999996156,2046.8965896446675
27851,36.933366013229694,727.0199999996156,2046.918137168418
27852,36.933366013229694,727.0399999996156,2046.9396839010956
27853,36.933366013229694,727.0599999996156,2046.9612298427035
27854,36.933366013229694,727.0799999996156,2046.982774993245
27855,36.933366013229694,727.0999999996155,2047.0043193527233
27856,36.933366013229694,727.1199999996155,2047.0258629211423
27857,36.933366013229694,727.1399999996155,2047.0474056985051
27858,36.933366013229694,727.1599999996155,2047.0689476848152
27859,36.933366013229694,727.1799999996155,2047.0904888800756
27860,36.933366013229694,727.1999999996154,2047.11202928429
27861,36.933366013229694,727.2199999996154,2047.1335688974616
27862,36.933366013229694,727.2399999996154,2047.1551077195938
27863,36.933366013229694,727.2599999996154,2047.17664575069
27864,36.933366013229694,727.2799999996154,2047.1981829907538
27865,36.933366013229694,727.2999999996154,2047.2197194397882
27866,36.933366013229694,727.3199999996153,2047.2412550977967
27867,36.933366013229694,727.3399999996153,2047.2627899647828
27868,36.933366013229694,727.3599999996153,2047.2843240407497
27869,36.933366013229694,727.3799999996153,2047.3058573257008
27870,36.933366013229694,727.3999999996153,2047.3273898196396
27871,36.933366013229694,727.4199999996152,2047.3489215225693
27872,36.933366013229694,727.4399999996152,2047.3704524344932
27873,36.933366013229694,727.4599999996152,2047.391982555415
27874,36.933366013229694,727.4799999996152,2047.413511885338
27875,36.933366013229694,727.4999999996152,2047.4350404242653
27876,36.933366013229694,727.5199999996152,2047.4565681722004
27877,36.933366013229694,727.5399999996151,2047.4780951291466
27878,36.933366013229694,727.5599999996151,2047.4996212951075
27879,36.933366013229694,727.5799999996151,2047.5211466700864
27880,36.933366013229694,727.5999999996151,2047.5426712540864
27881,36.933366013229694,727.6199999996151,2047.564195047111
27882,36.933366013229694,727.639999999615,2047.585718049164
27883,36.933366013229694,727.659999999615,2047.607240260248
27884,36.933366013229694,727.679999999615,2047.628761680367
27885,36.933366013229694,727.699999999615,2047.650282309524
27886,36.933366013229694,727.719999999615,2047.6718021477227
27887,36.933366013229694,727.739999999615,2047.693321194966
27888,36.933366013229694,727.7599999996149,2047.7148394512576
27889,36.933366013229694,727.7799999996149,2047.736356916601
27890,36.933366013229694,727.7999999996149,2047.7578735909992
27891,36.933366013229694,727.8199999996149,2047.7793894744557
27892,36.933366013229694,727.8399999996149,2047.8009045675017
27893,36.933366013229694,727.8599999996148,2047.8224188710506
27894,36.933366013229694,727.8799999996148,2047.8439323851483
27895,36.933366013229694,727.8999999996148,2047.8654451097982
27896,36.933366013229694,727.9199999996148,2047.8869570450036
27897,36.933366013229694,727.9399999996148,2047.908468190768
27898,36.933366013229694,727.9599999996148,2047.9299785470946
27899,36.933366013229694,727.9799999996147,2047.9514881139867
27900,36.933366013229694,727.9999999996147,2047.9729968914478
27901,36.933366013229694,728.0199999996147,2047.9945048794812
27902,36.933366013229694,728.0399999996147,2048.01601207809
27903,36.933366013229694,728.0599999996147,2048.0375184872782
27904,36.933366013229694,728.0799999996146,2048.0590241070486
27905,36.933366013229694,728.0999999996146,2048.080528937405
27906,36.933366013229694,728.1199999996146,2048.1020329783496
27907,36.933366013229694,728.1399999996146,2048.123536229887
27908,36.933366013229694,728.1599999996146,2048.14503869202
27909,36.933366013229694,728.1799999996146,2048.1665403647526
27910,36.933366013229694,728.1999999996145,2048.1880412480873
27911,36.933366013229694,728.2199999996145,2048.209541342028
27912,36.933366013229694,728.2399999996145,2048.2310406465776
27913,36.933366013229694,728.2599999996145,2048.2525391617396
27914,36.933366013229694,728.2799999996145,2048.2740368875175
27915,36.933366013229694,728.2999999996144,2048.295533823915
27916,36.933366013229694,728.3199999996144,2048.3170299709345
27917,36.933366013229694,728.3399999996144,2048.33852532858
27918,36.933366013229694,728.3599999996144,2048.360019896855
27919,36.933366013229694,728.3799999996144,2048.3815136757626
27920,36.933366013229694,728.3999999996144,2048.403006665306
27921,36.933366013229694,728.4199999996143,2048.4244988654887
27922,36.933366013229694,728.4399999996143,2048.445990276314
27923,36.933366013229694,728.4599999996143,2048.4674808977857
27924,36.933366013229694,728.4799999996143,2048.4889707299067
27925,36.933366013229694,728.4999999996143,2048.51045977268
27926,36.933366013229694,728.5199999996142,2048.5319480261096
27927,36.933366013229694,728.5399999996142,2048.5534354901984
27928,36.933366013229694,728.5599999996142,2048.5749221649503
27929,36.933366013229694,728.5799999996142,2048.596408050368
27930,36.933366013229694,728.5999999996142,2048.6178931464556
27931,36.933366013229694,728.6199999996142,2048.6393774532157
27932,36.933366013229694,728.6399999996141,2048.660860970652
27933,36.933366013229694,728.6599999996141,2048.6823436987675
27934,36.933366013229694,728.6799999996141,2048.7038256375663
27935,36.933366013229694,728.6999999996141,2048.725306787051
27936,36.933366013229694,728.7199999996141,2048.7467871472254
27937,36.933366013229694,728.739999999614,2048.7682667180925
27938,36.933366013229694,728.759999999614,2048.789745499656
27939,36.933366013229694,728.779999999614,2048.811223491919
27940,36.933366013229694,728.799999999614,2048.8327006948853
27941,36.933366013229694,728.819999999614,2048.854177108558
27942,36.933366013229694,728.839999999614,2048.87565273294
27943,36.933366013229694,728.8599999996139,2048.89712756868
27944,36.933366013229694,728.8799999996139,2048.918601616662
27945,36.933366013229694,728.8999999996139,2048.9400748769153
27946,36.933366013229694,728.9199999996139,2048.961547349444
27947,36.933366013229694,728.9399999996139,2048.9830190342514
27948,36.933366013229694,728.9599999996138,2049.0044899313402
27949,36.933366013229694,728.9799999996138,2049.0259600407144
27950,36.933366013229694,728.9999999996138,2049.047429362377
27951,36.933366013229694,729.0199999996138,2049.0688978963317
27952,36.933366013229694,729.0399999996138,2049.0903656425817
27953,36.933366013229694,729.0599999996138,2049.1118326011306
27954,36.933366013229694,729.0799999996137,2049.1332987719816
27955,36.933366013229694,729.0999999996137,2049.154764155138
27956,36.933366013229694,729.1199999996137,2049.176228750603
27957,36.933366013229694,729.1399999996137,2049.1976925583804
27958,36.933366013229694,729.1599999996137,2049.2191555784734
27959,36.933366013229694,729.1799999996136,2049.2406178108854
27960,36.933366013229694,729.1999999996136,2049.26207925562
27961,36.933366013229694,729.2199999996136,2049.28353991268
27962,36.933366013229694,729.2399999996136,2049.3049997820694
27963,36.933366013229694,729.2599999996136,2049.3264588637912
27964,36.933366013229694,729.2799999996136,2049.3479171578488
27965,36.933366013229694,729.2999999996135,2049.3693746642457
27966,36.933366013229694,729.3199999996135,2049.390831382985
27967,36.933366013229694,729.3399999996135,2049.412287314071
27968,36.933366013229694,729.3599999996135,2049.433742457506
27969,36.933366013229694,729.3799999996135,2049.4551968132937
27970,36.933366013229694,729.3999999996134,2049.4766503814376
27971,36.933366013229694,729.4199999996134,2049.4981031619413
27972,36.933366013229694,729.4399999996134,2049.5195551548077
27973,36.933366013229694,729.4599999996134,2049.5410063600407
27974,36.933366013229694,729.4799999996134,2049.562456777643
27975,36.933366013229694,729.4999999996134,2049.5839064076185
27976,36.933366013229694,729.5199999996133,2049.6053552499707
27977,36.933366013229694,729.5399999996133,2049.6268033047027
27978,36.933366013229694,729.5599999996133,2049.6482505718177
27979,36.933366013229694,729.5799999996133,2049.6696970513194
27980,36.933366013229694,729.5999999996133,2049.691142743211
27981,36.933366013229694,729.6199999996132,2049.712587647496
27982,36.933366013229694,729.6399999996132,2049.734031764178
27983,36.933366013229694,729.6599999996132,2049.7554750932595
27984,36.933366013229694,729.6799999996132,2049.7769176347447
27985,36.933366013229694,729.6999999996132,2049.7983593886365
27986,36.933366013229694,729.7199999996132,2049.8198003549387
27987,36.933366013229694,729.7399999996131,2049.8412405336544
27988,36.933366013229694,729.7599999996131,2049.8626799247872
27989,36.933366013229694,729.7799999996131,2049.8841185283404
27990,36.933366013229694,729.7999999996131,2049.905556344317
27991,36.933366013229694,729.8199999996131,2049.926993372721
27992,36.933366013229694,729.839999999613,2049.9484296135556
27993,36.933366013229694,729.859999999613,2049.969865066824
27994,36.933366013229694,729.879999999613,2049.991299733267
27995,36.933366013229694,729.899999999613,2050.012733614018
27996,36.933366013229694,729.919999999613,2050.0341667106145
27997,36.933366013229694,729.939999999613,2050.0555990231937
27998,36.933366013229694,729.9599999996129,2050.077030551759
27999,36.933366013229694,729.9799999996129,2050.098461296314
28000,36.933366013229694,729.9999999996129,2050.119891256862
28001,36.933366013229694,730.0199999996129,2050.1413204334067
28002,36.933366013229694,730.0399999996129,2050.1627488259514
28003,36.933366013229694,730.0599999996128,2050.1841764345
28004,36.933366013229694,730.0799999996128,2050.2056032590554
28005,36.933366013229694,730.0999999996128,2050.2270292996213
28006,36.933366013229694,730.1199999996128,2050.2484545562015
28007,36.933366013229694,730.1399999996128,2050.269879028799
28008,36.933366013229694,730.1599999996128,2050.2913027174177
28009,36.933366013229694,730.1799999996127,2050.3127256220605
28010,36.933366013229694,730.1999999996127,2050.3341477427316
28011,36.933366013229694,730.2199999996127,2050.3555690794337
28012,36.933366013229694,730.2399999996127,2050.376989632171
28013,36.933366013229694,730.2599999996127,2050.3984094009465
28014,36.933366013229694,730.2799999996126,2050.419828385764
28015,36.933366013229694,730.2999999996126,2050.4412465866267
28016,36.933366013229694,730.3199999996126,2050.4626640035385
28017,36.933366013229694,730.3399999996126,2050.4840806365023
28018,36.933366013229694,730.3599999996126,2050.505496485522
28019,36.933366013229694,730.3799999996126,2050.526911550601
28020,36.933366013229694,730.3999999996125,2050.548325831743
28021,36.933366013229694,730.4199999996125,2050.569739328951
28022,36.933366013229694,730.4399999996125,2050.5911520422287
28023,36.933366013229694,730.4599999996125,2050.6125639715797
28024,36.933366013229694,730.4799999996125,2050.633975117007
28025,36.933366013229694,730.4999999996124,2050.6553854785147
28026,36.933366013229694,730.5199999996124,2050.676795056106
28027,36.933366013229694,730.5399999996124,2050.6982038497845
28028,36.933366013229694,730.5599999996124,2050.7196118595534
28029,36.933366013229694,730.5799999996124,2050.7410190854166
28030,36.933366013229694,730.5999999996124,2050.762425527377
28031,36.933366013229694,730.6199999996123,2050.783831185439
28032,36.933366013229694,730.6399999996123,2050.805236059605
28033,36.933366013229694,730.6599999996123,2050.826640149879
28034,36.933366013229694,730.6799999996123,2050.8480434562643
28035,36.933366013229694,730.6999999996123,2050.869445978765
28036,36.933366013229694,730.7199999996122,2050.8908477173836
28037,36.933366013229694,730.7399999996122,2050.9122486721244
28038,36.933366013229694,730.7599999996122,2050.9336488429904
28039,36.933366013229694,730.7799999996122,2050.955048229985
28040,36.933366013229694,730.7999999996122,2050.9764468331123
28041,36.933366013229694,730.8199999996122,2050.997844652375
28042,36.933366013229694,730.8399999996121,2051.019241687777
28043,36.933366013229694,730.8599999996121,2051.040637939322
28044,36.933366013229694,730.8799999996121,2051.062033407024
28045,36.933366013229694,730.8999999996121,2051.0834280917356
28046,36.933366013229694,730.9199999996121,2051.1048219942127
28047,36.933366013229694,730.939999999612,2051.126215114459
28048,36.933366013229694,730.959999999612,2051.1476074524776
28049,36.87731548845584,730.979999999612,2051.1689990082723
28050,36.87731548845584,730.999999999612,2051.190389781847
28051,36.87731548845584,731.019999999612,2051.211779773205
28052,36.87731548845584,731.039999999612,2051.2331689823495
28053,36.87731548845584,731.0599999996119,2051.2545574092846
28054,36.87731548845584,731.0799999996119,2051.275945054014
28055,36.87731548845584,731.0999999996119,2051.2973319165408
28056,36.87731548845584,731.1199999996119,2051.3187179968686
28057,36.87731548845584,731.1399999996119,2051.3401032950014
28058,36.87731548845584,731.1599999996118,2051.3614878109424
28059,36.87731548845584,731.1799999996118,2051.3828715446953
28060,36.87731548845584,731.1999999996118,2051.4042544962635
28061,36.87731548845584,731.2199999996118,2051.425636665651
28062,36.87731548845584,731.2399999996118,2051.447018052861
28063,36.87731548845584,731.2599999996118,2051.468398657897
28064,36.87731548845584,731.2799999996117,2051.489778480763
28065,36.87731548845584,731.2999999996117,2051.5111575214623
28066,36.87731548845584,731.3199999996117,2051.5325357799984
28067,36.87731548845584,731.3399999996117,2051.553913256375
28068,36.87731548845584,731.3599999996117,2051.5752899505956
28069,36.87731548845584,731.3799999996116,2051.596665862664
28070,36.87731548845584,731.3999999996116,2051.6180409925832
28071,36.87731548845584,731.4199999996116,2051.6394153403576
28072,36.87731548845584,731.4399999996116,2051.66078890599
28073,36.87731548845584,731.4599999996116,2051.6821616894845
28074,36.87731548845584,731.4799999996116,2051.7035336908443
28075,36.87731548845584,731.4999999996115,2051.7249049100733
28076,36.87731548845584,731.5199999996115,2051.7462753471746
28077,36.87731548845584,731.5399999996115,2051.767645002152
28078,36.87731548845584,731.5599999996115,2051.7890138750095
28079,36.87731548845584,731.5799999996115,2051.81038196575
28080,36.87731548845584,731.5999999996114,2051.8317492743777
28081,36.87731548845584,731.6199999996114,2051.8531158008955
28082,36.87731548845584,731.6399999996114,2051.8744815453074
28083,36.87731548845584,731.6599999996114,2051.895846507617
28084,36.87731548845584,731.6799999996114,2051.9172106878277
28085,36.87731548845584,731.6999999996114,2051.9385740859434
28086,36.87731548845584,731.7199999996113,2051.9599367019673
28087,36.87731548845584,731.7399999996113,2051.981298535903
28088,36.87731548845584,731.7599999996113,2052.0026595877544
28089,36.87731548845584,731.7799999996113,2052.0240198575243
28090,36.87731548845584,731.7999999996113,2052.045379345217
28091,36.87731548845584,731.8199999996112,2052.0667380508357
28092,36.87731548845584,731.8399999996112,2052.088095974384
28093,36.87731548845584,731.8599999996112,2052.109453115866
28094,36.87731548845584,731.8799999996112,2052.130809475285
28095,36.87731548845584,731.8999999996112,2052.152165052671
28096,36.87731548845584,731.9199999996112,2052.1735198488673
28097,36.87731548845584,731.9399999996111,2052.1948738644733
28098,36.87731548845584,731.9599999996111,2052.216227099493
28099,36.87731548845584,731.9799999996111,2052.23757955393
28100,36.87731548845584,731.9999999996111,2052.258931227788
28101,36.87731548845584,732.0199999996111,2052.28028212107
28102,36.87731548845584,732.039999999611,2052.30163223378
28103,36.87731548845584,732.059999999611,2052.3229815659215
28104,36.87731548845584,732.079999999611,2052.3443301174984
28105,36.87731548845584,732.099999999611,2052.3656778885143
28106,36.87731548845584,732.119999999611,2052.3870248789726
28107,36.87731548845584,732.139999999611,2052.4083710888767
28108,36.87731548845584,732.1599999996109,2052.4297165182306
28109,36.87731548845584,732.1799999996109,2052.451061167038
28110,36.87731548845584,732.1999999996109,2052.4724050353025
28111,36.87731548845584,732.2199999996109,2052.493748123027
28112,36.87731548845584,732.2399999996109,2052.5150904302163
28113,36.87731548845584,732.2599999996108,2052.536431956873
28114,36.87731548845584,732.2799999996108,2052.5577727030013
28115,36.87731548845584,732.2999999996108,2052.5791126686045
28116,36.87731548845584,732.3199999996108,2052.600451853686
28117,36.87731548845584,732.3399999996108,2052.6217902582503
28118,36.87731548845584,732.3599999996107,2052.6431278823
28119,36.87731548845584,732.3799999996107,2052.6644647258395
28120,36.87731548845584,732.3999999996107,2052.685800788872
28121,36.87731548845584,732.4199999996107,2052.7071360714012
28122,36.87731548845584,732.4399999996107,2052.728470573431
28123,36.87731548845584,732.4599999996107,2052.7498042949646
28124,36.87731548845584,732.4799999996106,2052.771137236006
28125,36.87731548845584,732.4999999996106,2052.7924693965583
28126,36.87731548845584,732.5199999996106,2052.8138007766256
28127,36.87731548845584,732.5399999996106,2052.835131376211
28128,36.87731548845584,732.5599999996106,2052.8564611953184
28129,36.87731548845584,732.5799999996105,2052.8777902339516
28130,36.87731548845584,732.5999999996105,2052.899118492114
28131,36.87731548845584,732.6199999996105,2052.9204459698094
28132,36.87731548845584,732.6399999996105,2052.9417726670413
28133,36.87731548845584,732.6599999996105,2052.963098583813
28134,36.87731548845584,732.6799999996105,2052.9844237201287
28135,36.87731548845584,732.6999999996104,2053.0057480759915
28136,36.87731548845584,732.7199999996104,2053.0270716514055
28137,36.87731548845584,732.7399999996104,2053.048394446374
28138,36.87731548845584,732.7599999996104,2053.0697164609005
28139,36.87731548845584,732.7799999996104,2053.0910376949887
28140,36.87731548845584,732.7999999996103,2053.1123581486427
28141,36.87731548845584,732.8199999996103,2053.1336778218656
28142,36.87731548845584,732.8399999996103,2053.154996714661
28143,36.87731548845584,732.8599999996103,2053.176314827033
28144,36.87731548845584,732.8799999996103,2053.1976321589846
28145,36.87731548845584,732.8999999996103,2053.2189487105197
28146,36.87731548845584,732.9199999996102,2053.2402644816884
28147,36.87731548845584,732.9399999996102,2053.261579473449
28148,36.87731548845584,732.9599999996102,2053.2828936863407
28149,36.87731548845584,732.9799999996102,2053.3042071203677
28150,36.87731548845584,732.9999999996102,2053.3255197755334
28151,36.87731548845584,733.0199999996101,2053.3468316518415
28152,36.87731548845584,733.0399999996101,2053.3681427492957
28153,36.87731548845584,733.0599999996101,2053.3894530678995
28154,36.87731548845584,733.0799999996101,2053.4107626076566
28155,36.87731548845584,733.0999999996101,2053.4320713685706
28156,36.87731548845584,733.1199999996101,2053.4533793506457
28157,36.87731548845584,733.13999999961,2053.474686553885
28158,36.87731548845584,733.15999999961,2053.495992978292
28159,36.87731548845584,733.17999999961,2053.517298623871
28160,36.87731548845584,733.19999999961,2053.538603490625
28161,36.87731548845584,733.21999999961,2053.559907578558
28162,36.87731548845584,733.23999999961,2053.581210887674
28163,36.87731548845584,733.2599999996099,2053.602513417976
28164,36.87731548845584,733.2799999996099,2053.623815169468
28165,36.87731548845584,733.2999999996099,2053.6451161421533
28166,36.87731548845584,733.3199999996099,2053.666416336036
28167,36.87731548845584,733.3399999996099,2053.6877157511194
28168,36.87731548845584,733.3599999996098,2053.7090143874075
28169,36.87731548845584,733.3799999996098,2053.7303122449034
28170,36.87731548845584,733.3999999996098,2053.7516093236113
28171,36.87731548845584,733.4199999996098,2053.772905623535
28172,36.87731548845584,733.4399999996098,2053.7942011446776
28173,36.87731548845584,733.4599999996097,2053.8154958870427
28174,36.87731548845584,733.4799999996097,2053.8367898506344
28175,36.87731548845584,733.4999999996097,2053.8580830354563
28176,36.87731548845584,733.5199999996097,2053.879375441512
28177,36.87731548845584,733.5399999996097,2053.900667068805
28178,36.87731548845584,733.5599999996097,2053.921957917339
28179,36.87731548845584,733.5799999996096,2053.943247987118
28180,36.87731548845584,733.5999999996096,2053.964537278145
28181,36.87731548845584,733.6199999996096,2053.9858257904243
28182,36.87731548845584,733.6399999996096,2054.007113523959
28183,36.87731548845584,733.6599999996096,2054.028400478753
28184,36.87731548845584,733.6799999996095,2054.04968665481
28185,36.87731548845584,733.6999999996095,2054.0709720521336
28186,36.87731548845584,733.7199999996095,2054.0922566707272
28187,36.87731548845584,733.7399999996095,2054.1135405105947
28188,36.87731548845584,733.7599999996095,2054.13482357174
28189,36.87731548845584,733.7799999996095,2054.1561058541665
28190,36.87731548845584,733.7999999996094,2054.1773873578777
28191,36.87731548845584,733.8199999996094,2054.1986680828772
28192,36.87731548845584,733.8399999996094,2054.2199480291692
28193,36.87731548845584,733.8599999996094,2054.241227196757
28194,36.87731548845584,733.8799999996094,2054.2625055856442
28195,36.87731548845584,733.8999999996093,2054.2837831958345
28196,36.87731548845584,733.9199999996093,2054.3050600273314
28197,36.87731548845584,733.9399999996093,2054.326336080204
28198,36.87731548845584,733.9599999996093,2054.3476113554934
28199,36.87731548845584,733.9799999996093,2054.368885853653
28200,36.87731548845584,733.9999999996093,2054.390159574686
28201,36.87731548845584,734.0199999996092,2054.4114325185965
28202,36.87731548845584,734.0399999996092,2054.4327046853878
28203,36.87731548845584,734.0599999996092,2054.4539760750636
28204,36.87731548845584,734.0799999996092,2054.4752466876275
28205,36.87731548845584,734.0999999996092,2054.496516523083
28206,36.87731548845584,734.1199999996091,2054.5177855814336
28207,36.87731548845584,734.1399999996091,2054.539053862683
28208,36.87731548845584,734.1599999996091,2054.560321366835
28209,36.87731548845584,734.1799999996091,2054.581588093893
28210,36.87731548845584,734.1999999996091,2054.6028540438606
28211,36.87731548845584,734.2199999996091,2054.6241192167413
28212,36.87731548845584,734.239999999609,2054.6453836125393
28213,36.87731548845584,734.259999999609,2054.6666472312572
28214,36.87731548845584,734.279999999609,2054.6879100728993
28215,36.87731548845584,734.299999999609,2054.709172137469
28216,36.87731548845584,734.319999999609,2054.73043342497
28217,36.87731548845584,734.339999999609,2054.751693935406
28218,36.87731548845584,734.3599999996089,2054.7729536687802
28219,36.87731548845584,734.3799999996089,2054.7942126250964
28220,36.87731548845584,734.3999999996089,2054.8154708043585
28221,36.87731548845584,734.4199999996089,2054.8367282065697
28222,36.87731548845584,734.4399999996089,2054.8579848317336
28223,36.87731548845584,734.4599999996088,2054.879240679854
28224,36.87731548845584,734.4799999996088,2054.900495750934
28225,36.87731548845584,734.4999999996088,2054.921750044978
28226,36.87731548845584,734.5199999996088,2054.9430035619894
28227,36.87731548845584,734.5399999996088,2054.964256301971
28228,36.87731548845584,734.5599999996087,2054.9855082649274
28229,36.87731548845584,734.5799999996087,2055.0067594508614
28230,36.87731548845584,734.5999999996087,2055.0280098597773
28231,36.87731548845584,734.6199999996087,2055.049259491678
28232,36.87731548845584,734.6399999996087,2055.0705083465677
28233,36.87731548845584,734.6599999996087,2055.09175642445
28234,36.87731548845584,734.6799999996086,2055.1130037253283
28235,36.87731548845584,734.6999999996086,2055.134250249206
28236,36.87731548845584,734.7199999996086,2055.1554959960868
28237,36.87731548845584,734.7399999996086,2055.176740965974
28238,36.87731548845584,734.7599999996086,2055.197985158872
28239,36.87731548845584,734.7799999996085,2055.2192285747838
28240,36.87731548845584,734.7999999996085,2055.240471213713
28241,36.87731548845584,734.8199999996085,2055.2617130756635
28242,36.87731548845584,734.8399999996085,2055.2829541606384
28243,36.87731548845584,734.8599999996085,2055.304194468642
28244,36.87731548845584,734.8799999996085,2055.3254339996774
28245,36.87731548845584,734.8999999996084,2055.3466727537484
28246,36.87731548845584,734.9199999996084,2055.3679107308585
28247,36.87731548845584,734.9399999996084,2055.389147931011
28248,36.87731548845584,734.9599999996084,2055.4103843542953
28249,36.87731548845584,734.9799999996084,2055.4316200018493
28250,36.821406591979844,734.9999999996083,2055.4528548740427
28251,36.821406591979844,735.0199999996083,2055.4740889708796
28252,36.821406591979844,735.0399999996083,2055.495322292363
28253,36.821406591979844,735.0599999996083,2055.516554838498
28254,36.821406591979844,735.0799999996083,2055.537786609287
28255,36.821406591979844,735.0999999996083,2055.559017604735
28256,36.821406591979844,735.1199999996082,2055.5802478248447
28257,36.821406591979844,735.1399999996082,2055.6014772696203
28258,36.821406591979844,735.1599999996082,2055.622705939066
28259,36.821406591979844,735.1799999996082,2055.6439338331847
28260,36.821406591979844,735.1999999996082,2055.6651609519813
28261,36.821406591979844,735.2199999996081,2055.6863872954586
28262,36.821406591979844,735.2399999996081,2055.707612863621
28263,36.821406591979844,735.2599999996081,2055.728837656472
28264,36.821406591979844,735.2799999996081,2055.750061674016
28265,36.821406591979844,735.2999999996081,2055.771284916256
28266,36.821406591979844,735.3199999996081,2055.7925073831957
28267,36.821406591979844,735.339999999608,2055.8137290748396
28268,36.821406591979844,735.359999999608,2055.834949991191
28269,36.821406591979844,735.379999999608,2055.8561701322537
28270,36.821406591979844,735.399999999608,2055.877389498032
28271,36.821406591979844,735.419999999608,2055.898608088529
28272,36.821406591979844,735.439999999608,2055.9198259037485
28273,36.821406591979844,735.4599999996079,2055.941042943695
28274,36.821406591979844,735.4799999996079,2055.9622592083715
28275,36.821406591979844,735.4999999996079,2055.983474697782
28276,36.821406591979844,735.5199999996079,2056.004689411931
28277,36.821406591979844,735.5399999996079,2056.0259033508214
28278,36.821406591979844,735.5599999996078,2056.0471165144572
28279,36.821406591979844,735.5799999996078,2056.0683289028425
28280,36.821406591979844,735.5999999996078,2056.089540515981
28281,36.821406591979844,735.6199999996078,2056.110751353876
28282,36.821406591979844,735.6399999996078,2056.131961416532
28283,36.821406591979844,735.6599999996077,2056.1531707039517
28284,36.821406591979844,735.6799999996077,2056.17437921614
28285,36.821406591979844,735.6999999996077,2056.1955869531002
28286,36.821406591979844,735.7199999996077,2056.216793914836
28287,36.821406591979844,735.7399999996077,2056.2380001013516
28288,36.821406591979844,735.7599999996077,2056.2592055126506
28289,36.821406591979844,735.7799999996076,2056.280410148737
28290,36.821406591979844,735.7999999996076,2056.301614009614
28291,36.821406591979844,735.8199999996076,2056.3228170952857
28292,36.821406591979844,735.8399999996076,2056.3440194057557
28293,36.821406591979844,735.8599999996076,2056.3652209410284
28294,36.821406591979844,735.8799999996075,2056.386421701107
28295,36.821406591979844,735.8999999996075,2056.4076216859953
28296,36.821406591979844,735.9199999996075,2056.4288208956973
28297,36.821406591979844,735.9399999996075,2056.4500193302165
28298,36.821406591979844,735.9599999996075,2056.471216989557
28299,36.821406591979844,735.9799999996075,2056.4924138738184
28300,36.821406591979844,735.9999999996074,2056.5136099841147
28301,36.821406591979844,736.0199999996074,2056.534805320701
28302,36.821406591979844,736.0399999996074,2056.55599988358
28303,36.821406591979844,736.0599999996074,2056.577193672756
28304,36.821406591979844,736.0799999996074,2056.598386688233
28305,36.821406591979844,736.0999999996073,2056.619578930014
28306,36.821406591979844,736.1199999996073,2056.640770398103
28307,36.821406591979844,736.1399999996073,2056.661961092504
28308,36.821406591979844,736.1599999996073,2056.6831510132206
28309,36.821406591979844,736.1799999996073,2056.7043401602564
28310,36.821406591979844,736.1999999996073,2056.725528533615
28311,36.821406591979844,736.2199999996072,2056.7467161333007
28312,36.821406591979844,736.2399999996072,2056.7679029593164
28313,36.821406591979844,736.2599999996072,2056.7890890116664
28314,36.821406591979844,736.2799999996072,2056.8102742903543
28315,36.821406591979844,736.2999999996072,2056.8314587953837
28316,36.821406591979844,736.3199999996071,2056.8526425267587
28317,36.821406591979844,736.3399999996071,2056.8738254844825
28318,36.821406591979844,736.3599999996071,2056.895007668559
28319,36.821406591979844,736.3799999996071,2056.9161890789924
28320,36.821406591979844,736.3999999996071,2056.9373697157857
28321,36.821406591979844,736.4199999996071,2056.9585495789433
28322,36.821406591979844,736.439999999607,2056.9797286684684
28323,36.821406591979844,736.459999999607,2057.000906984365
28324,36.821406591979844,736.479999999607,2057.0220845266367
28325,36.821406591979844,736.499999999607,2057.0432612952873
28326,36.821406591979844,736.519999999607,2057.0644372903207
28327,36.821406591979844,736.539999999607,2057.0856125117402
28328,36.821406591979844,736.5599999996069,2057.10678695955
28329,36.821406591979844,736.5799999996069,2057.1279606337534
28330,36.821406591979844,736.5999999996069,2057.1491335343544
28331,36.821406591979844,736.6199999996069,2057.170305661357
28332,36.821406591979844,736.6399999996069,2057.191477014764
28333,36.821406591979844,736.6599999996068,2057.21264759458
28334,36.821406591979844,736.6799999996068,2057.2338174008087
28335,36.821406591979844,736.6999999996068,2057.2549864334533
28336,36.821406591979844,736.7199999996068,2057.2761546925176
28337,36.821406591979844,736.7399999996068,2057.2973221780057
28338,36.821406591979844,736.7599999996067,2057.318488889921
28339,36.821406591979844,736.7799999996067,2057.339654828267
28340,36.821406591979844,736.7999999996067,2057.360819993048
28341,36.821406591979844,736.8199999996067,2057.381984384268
28342,36.821406591979844,736.8399999996067,2057.40314800193
28343,36.821406591979844,736.8599999996067,2057.4243108460378
28344,36.821406591979844,736.8799999996066,2057.4454729165955
28345,36.821406591979844,736.8999999996066,2057.4666342136065
28346,36.821406591979844,736.9199999996066,2057.4877947370746
28347,36.821406591979844,736.9399999996066,2057.5089544870034
28348,36.821406591979844,736.9599999996066,2057.530113463397
28349,36.821406591979844,736.9799999996065,2057.551271666259
28350,36.821406591979844,736.9999999996065,2057.5724290957105
28351,36.821406591979844,737.0199999996065,2057.593585752989
28352,36.821406591979844,737.0399999996065,2057.61474163827
28353,36.821406591979844,737.0599999996065,2057.6358967515575
28354,36.821406591979844,737.0799999996065,2057.657051092855
28355,36.821406591979844,737.0999999996064,2057.678204662166
28356,36.821406591979844,737.1199999996064,2057.6993574594944
28357,36.821406591979844,737.1399999996064,2057.720509484844
28358,36.821406591979844,737.1599999996064,2057.741660738219
28359,36.821406591979844,737.1799999996064,2057.7628112196226
28360,36.821406591979844,737.1999999996063,2057.7839609290586
28361,36.821406591979844,737.2199999996063,2057.805109866531
28362,36.821406591979844,737.2399999996063,2057.8262580320434
28363,36.821406591979844,737.2599999996063,2057.8474054256
28364,36.821406591979844,737.2799999996063,2057.8685520472036
28365,36.821406591979844,737.2999999996063,2057.8896978968587
28366,36.821406591979844,737.3199999996062,2057.910842974569
28367,36.821406591979844,737.3399999996062,2057.931987280338
28368,36.821406591979844,737.3599999996062,2057.95313081417
28369,36.821406591979844,737.3799999996062,2057.9742735760683
28370,36.821406591979844,737.3999999996062,2057.9954155660366
28371,36.821406591979844,737.4199999996061,2058.0165567840786
28372,36.821406591979844,737.4399999996061,2058.0376972301983
28373,36.821406591979844,737.4599999996061,2058.0588369043994
28374,36.821406591979844,737.4799999996061,2058.079975806686
28375,36.821406591979844,737.4999999996061,2058.101113937061
28376,36.821406591979844,737.5199999996061,2058.122251295529
28377,36.821406591979844,737.539999999606,2058.1433878820935
28378,36.821406591979844,737.559999999606,2058.1645236967584
28379,36.821406591979844,737.579999999606,2058.185658739527
28380,36.821406591979844,737.599999999606,2058.206793010403
28381,36.821406591979844,737.619999999606,2058.2279265093907
28382,36.821406591979844,737.639999999606,2058.249059236494
28383,36.821406591979844,737.6599999996059,2058.2701911917156
28384,36.821406591979844,737.6799999996059,2058.29132237506
28385,36.821406591979844,737.6999999996059,2058.312452786531
28386,36.821406591979844,737.7199999996059,2058.3335824261326
28387,36.821406591979844,737.7399999996059,2058.354711293868
28388,36.821406591979844,737.7599999996058,2058.3758393897415
28389,36.821406591979844,737.7799999996058,2058.3969667137562
28390,36.821406591979844,737.7999999996058,2058.418093265916
28391,36.821406591979844,737.8199999996058,2058.439219046225
28392,36.821406591979844,737.8399999996058,2058.4603440546866
28393,36.821406591979844,737.8599999996057,2058.481468291305
28394,36.821406591979844,737.8799999996057,2058.502591756084
28395,36.821406591979844,737.8999999996057,2058.5237144490266
28396,36.821406591979844,737.9199999996057,2058.544836370137
28397,36.821406591979844,737.9399999996057,2058.565957519419
28398,36.821406591979844,737.9599999996057,2058.5870778968765
28399,36.821406591979844,737.9799999996056,2058.608197502513
28400,36.821406591979844,737.9999999996056,2058.6293163363325
28401,36.821406591979844,738.0199999996056,2058.650434398511
28402,36.821406591979844,738.0399999996056,2058.6715516902923
28403,36.821406591979844,738.0599999996056,2058.6926682117983
28404,36.821406591979844,738.0799999996055,2058.7137839630327
28405,36.821406591979844,738.0999999996055,2058.7348989439993
28406,36.821406591979844,738.1199999996055,2058.7560131547016
28407,36.821406591979844,738.1399999996055,2058.7771265951433
28408,36.821406591979844,738.1599999996055,2058.798239265328
28409,36.821406591979844,738.1799999996055,2058.81935116526
28410,36.821406591979844,738.1999999996054,2058.840462294942
28411,36.821406591979844,738.2199999996054,2058.861572654378
28412,36.821406591979844,738.2399999996054,2058.8826822435717
28413,36.821406591979844,738.2599999996054,2058.9037910625266
28414,36.821406591979844,738.2799999996054,2058.9248991112463
28415,36.821406591979844,738.2999999996053,2058.9460063897345
28416,36.821406591979844,738.3199999996053,2058.9671128979953
28417,36.821406591979844,738.3399999996053,2058.988218636032
28418,36.821406591979844,738.3599999996053,2059.009323603848
28419,36.821406591979844,738.3799999996053,2059.030427801447
28420,36.821406591979844,738.3999999996053,2059.051531228833
28421,36.821406591979844,738.4199999996052,2059.0726338860095
28422,36.821406591979844,738.4399999996052,2059.09373577298
28423,36.821406591979844,738.4599999996052,2059.114836889748
28424,36.821406591979844,738.4799999996052,2059.1359372363177
28425,36.821406591979844,738.4999999996052,2059.1570368126922
28426,36.821406591979844,738.5199999996051,2059.1781356188753
28427,36.821406591979844,738.5399999996051,2059.199233654871
28428,36.821406591979844,738.5599999996051,2059.2203309206825
28429,36.821406591979844,738.5799999996051,2059.241427416314
28430,36.821406591979844,738.5999999996051,2059.2625231417683
28431,36.821406591979844,738.619999999605,2059.2836180970494
28432,36.821406591979844,738.639999999605,2059.3047122821613
28433,36.821406591979844,738.659999999605,2059.325805697107
28434,36.821406591979844,738.679999999605,2059.346898341891
28435,36.821406591979844,738.699999999605,2059.3679902165163
28436,36.821406591979844,738.719999999605,2059.389081320987
28437,36.821406591979844,738.739999999605,2059.410171655306
28438,36.821406591979844,738.7599999996049,2059.4312612194776
28439,36.821406591979844,738.7799999996049,2059.452350013505
28440,36.821406591979844,738.7999999996049,2059.4734380373925
28441,36.821406591979844,738.8199999996049,2059.494525291143
28442,36.821406591979844,738.8399999996049,2059.5156117747606
28443,36.821406591979844,738.8599999996048,2059.5366974882486
28444,36.821406591979844,738.8799999996048,2059.557782431611
28445,36.821406591979844,738.8999999996048,2059.5788666048516
28446,36.821406591979844,738.9199999996048,2059.5999500079733
28447,36.821406591979844,738.9399999996048,2059.6210326409805
28448,36.821406591979844,738.9599999996047,2059.6421145038767
28449,36.821406591979844,738.9799999996047,2059.663195596665
28450,36.821406591979844,738.9999999996047,2059.6842759193496
28451,36.821406591979844,739.0199999996047,2059.705355471934
28452,36.76563882329524,739.0399999996047,2059.7264342546946
28453,36.76563882329524,739.0599999996047,2059.747512268845
28454,36.76563882329524,739.0799999996046,2059.768589514494
28455,36.76563882329524,739.0999999996046,2059.7896659916455
28456,36.76563882329524,739.1199999996046,2059.8107417003034
28457,36.76563882329524,739.1399999996046,2059.8318166404715
28458,36.76563882329524,739.1599999996046,2059.8528908121543
28459,36.76563882329524,739.1799999996045,2059.8739642153555
28460,36.76563882329524,739.1999999996045,2059.895036850079
28461,36.76563882329524,739.2199999996045,2059.9161087163293
28462,36.76563882329524,739.2399999996045,2059.9371798141096
28463,36.76563882329524,739.2599999996045,2059.9582501434247
28464,36.76563882329524,739.2799999996045,2059.979319704278
28465,36.76563882329524,739.2999999996044,2060.00038849668
28466,36.76563882329524,739.3199999996044,2060.021456521646
28467,36.76563882329524,739.3399999996044,2060.042523780138
28468,36.76563882329524,739.3599999996044,2060.0635902721588
28469,36.76563882329524,739.3799999996044,2060.084655997713
28470,36.76563882329524,739.3999999996043,2060.1057209568044
28471,36.76563882329524,739.4199999996043,2060.126785149437
28472,36.76563882329524,739.4399999996043,2060.147848575615
28473,36.76563882329524,739.4599999996043,2060.1689112353424
28474,36.76563882329524,739.4799999996043,2060.189973128623
28475,36.76563882329524,739.4999999996043,2060.2110342554606
28476,36.76563882329524,739.5199999996042,2060.2320946158598
28477,36.76563882329524,739.5399999996042,2060.253154209824
28478,36.76563882329524,739.5599999996042,2060.2742130373576
28479,36.76563882329524,739.5799999996042,2060.295271098464
28480,36.76563882329524,739.5999999996042,2060.3163283931476
28481,36.76563882329524,739.6199999996041,2060.337384921412
28482,36.76563882329524,739.6399999996041,2060.358440683262
28483,36.76563882329524,739.6599999996041,2060.379495678701
28484,36.76563882329524,739.6799999996041,2060.400549907733
28485,36.76563882329524,739.6999999996041,2060.421603370362
28486,36.76563882329524,739.719999999604,2060.442656066592
28487,36.76563882329524,739.739999999604,2060.4637079964273
28488,36.76563882329524,739.759999999604,2060.4847591598714
28489,36.76563882329524,739.779999999604,2060.5058095569284
28490,36.76563882329524,739.799999999604,2060.5268591876024
28491,36.76563882329524,739.819999999604,2060.547908051897
28492,36.76563882329524,739.839999999604,2060.568956149817
28493,36.76563882329524,739.8599999996039,2060.590003481366
28494,36.76563882329524,739.8799999996039,2060.6110500465475
28495,36.76563882329524,739.8999999996039,2060.6320958453657
28496,36.76563882329524,739.9199999996039,2060.653140877825
28497,36.76563882329524,739.9399999996039,2060.674185143929
28498,36.76563882329524,739.9599999996038,2060.6952286436817
28499,36.76563882329524,739.9799999996038,2060.716271377087
28500,36.76563882329524,739.9999999996038,2060.7373133441492
28501,36.76563882329524,740.0199999996038,2060.758354544872
28502,36.76563882329524,740.0399999996038,2060.7793949792595
28503,36.76563882329524,740.0599999996037,2060.8004346476473
28504,36.76563882329524,740.0799999996037,2060.8214735510664
28505,36.76563882329524,740.0999999996037,2060.8425116895983
28506,36.76563882329524,740.1199999996037,2060.863549063247
28507,36.76563882329524,740.1399999996037,2060.8845856720163
28508,36.76563882329524,740.1599999996037,2060.9056215159103
28509,36.76563882329524,740.1799999996036,2060.9266565949333
28510,36.76563882329524,740.1999999996036,2060.947690909089
28511,36.76563882329524,740.2199999996036,2060.9687244583815
28512,36.76563882329524,740.2399999996036,2060.989757242815
28513,36.76563882329524,740.2599999996036,2061.0107892623932
28514,36.76563882329524,740.2799999996035,2061.0318205171207
28515,36.76563882329524,740.2999999996035,2061.052851007001
28516,36.76563882329524,740.3199999996035,2061.0738807320386
28517,36.76563882329524,740.3399999996035,2061.094909692237
28518,36.76563882329524,740.3599999996035,2061.1159378876
28519,36.76563882329524,740.3799999996035,2061.1369653181323
28520,36.76563882329524,740.3999999996034,2061.1579919838377
28521,36.76563882329524,740.4199999996034,2061.1790178847205
28522,36.76563882329524,740.4399999996034,2061.200043020784
28523,36.76563882329524,740.4599999996034,2061.221067392033
28524,36.76563882329524,740.4799999996034,2061.242090998471
28525,36.76563882329524,740.4999999996033,2061.2631138401025
28526,36.76563882329524,740.5199999996033,2061.284135916931
28527,36.76563882329524,740.5399999996033,2061.3051572289605
28528,36.76563882329524,740.5599999996033,2061.3261777761954
28529,36.76563882329524,740.5799999996033,2061.3471975586394
28530,36.76563882329524,740.5999999996033,2061.368216576297
28531,36.76563882329524,740.6199999996032,2061.389234829172
28532,36.76563882329524,740.6399999996032,2061.4102523172683
28533,36.76563882329524,740.6599999996032,2061.4312690405895
28534,36.76563882329524,740.6799999996032,2061.4522849991404
28535,36.76563882329524,740.6999999996032,2061.4733001929244
28536,36.76563882329524,740.7199999996031,2061.494314621946
28537,36.76563882329524,740.7399999996031,2061.5153282862093
28538,36.76563882329524,740.7599999996031,2061.536341185718
28539,36.76563882329524,740.7799999996031,2061.5573533204756
28540,36.76563882329524,740.7999999996031,2061.578364690487
28541,36.76563882329524,740.819999999603,2061.5993752957556
28542,36.76563882329524,740.839999999603,2061.620385136286
28543,36.76563882329524,740.859999999603,2061.641394212082
28544,36.76563882329524,740.879999999603,2061.6624025231476
28545,36.76563882329524,740.899999999603,2061.683410069487
28546,36.76563882329524,740.919999999603,2061.7044168511034
28547,36.76563882329524,740.939999999603,2061.7254228680017
28548,36.76563882329524,740.9599999996029,2061.7464281201856
28549,36.76563882329524,740.9799999996029,2061.767432607659
28550,36.76563882329524,740.9999999996029,2061.788436330426
28551,36.76563882329524,741.0199999996029,2061.809439288491
28552,36.76563882329524,741.0399999996029,2061.8304414818576
28553,36.76563882329524,741.0599999996028,2061.85144291053
28554,36.76563882329524,741.0799999996028,2061.872443574949
28555,36.76563882329524,741.0999999996028,2061.8934434761277
28556,36.76563882329524,741.1199999996028,2061.914442614133
28557,36.76563882329524,741.1399999996028,2061.9354409889684
28558,36.76563882329524,741.1599999996027,2061.9564386006386
28559,36.76563882329524,741.1799999996027,2061.977435449148
28560,36.76563882329524,741.1999999996027,2061.9984315344996
28561,36.76563882329524,741.2199999996027,2062.0194268566984
28562,36.76563882329524,741.2399999996027,2062.040421415748
28563,36.76563882329524,741.2599999996027,2062.0614152116527
28564,36.76563882329524,741.2799999996026,2062.0824082444165
28565,36.76563882329524,741.2999999996026,2062.103400514043
28566,36.76563882329524,741.3199999996026,2062.124392020537
28567,36.76563882329524,741.3399999996026,2062.145382763902
28568,36.76563882329524,741.3599999996026,2062.1663727441423
28569,36.76563882329524,741.3799999996025,2062.187361961262
28570,36.76563882329524,741.3999999996025,2062.2083504152647
28571,36.76563882329524,741.4199999996025,2062.229338106155
28572,36.76563882329524,741.4399999996025,2062.2503250339364
28573,36.76563882329524,741.4599999996025,2062.2713111986136
28574,36.76563882329524,741.4799999996025,2062.29229660019
28575,36.76563882329524,741.4999999996024,2062.3132812386702
28576,36.76563882329524,741.5199999996024,2062.334265114058
28577,36.76563882329524,741.5399999996024,2062.355248226357
28578,36.76563882329524,741.5599999996024,2062.376230575572
28579,36.76563882329524,741.5799999996024,2062.397212161707
28580,36.76563882329524,741.5999999996023,2062.418192984766
28581,36.76563882329524,741.6199999996023,2062.4391730447524
28582,36.76563882329524,741.6399999996023,2062.460152341671
28583,36.76563882329524,741.6599999996023,2062.481130875525
28584,36.76563882329524,741.6799999996023,2062.5021086463194
28585,36.76563882329524,741.6999999996023,2062.523085654058
28586,36.76563882329524,741.7199999996022,2062.5440618987445
28587,36.76563882329524,741.7399999996022,2062.5650373803833
28588,36.76563882329524,741.7599999996022,2062.5860120989782
28589,36.76563882329524,741.7799999996022,2062.6069860545335
28590,36.76563882329524,741.7999999996022,2062.627959247053
28591,36.76563882329524,741.8199999996021,2062.6489316765405
28592,36.76563882329524,741.8399999996021,2062.6699033430004
28593,36.76563882329524,741.8599999996021,2062.690874246437
28594,36.76563882329524,741.8799999996021,2062.711844386854
28595,36.76563882329524,741.8999999996021,2062.7328137642553
28596,36.76563882329524,741.919999999602,2062.7537823786456
28597,36.76563882329524,741.939999999602,2062.7747502300285
28598,36.76563882329524,741.959999999602,2062.7957173184077
28599,36.76563882329524,741.979999999602,2062.8166836437877
28600,36.76563882329524,741.999999999602,2062.8376492061725
28601,36.76563882329524,742.019999999602,2062.8586140055663
28602,36.76563882329524,742.039999999602,2062.8795780419728
28603,36.76563882329524,742.0599999996019,2062.9005413153964
28604,36.76563882329524,742.0799999996019,2062.921503825841
28605,36.76563882329524,742.0999999996019,2062.9424655738394
28606,36.76563882329524,742.1199999996019,2062.963426560339
28607,36.76563882329524,742.1399999996019,2062.9843867853897
28608,36.76563882329524,742.1599999996018,2063.0053462489955
28609,36.76563882329524,742.1799999996018,2063.02630495116
28610,36.76563882329524,742.1999999996018,2063.047262891888
28611,36.76563882329524,742.2199999996018,2063.0682200711826
28612,36.76563882329524,742.2399999996018,2063.0891764890484
28613,36.76563882329524,742.2599999996017,2063.1101321454894
28614,36.76563882329524,742.2799999996017,2063.1310870405096
28615,36.76563882329524,742.2999999996017,2063.152041174113
28616,36.76563882329524,742.3199999996017,2063.172994546304
28617,36.76563882329524,742.3399999996017,2063.1939471570863
28618,36.76563882329524,742.3599999996017,2063.214899006464
28619,36.76563882329524,742.3799999996016,2063.235850094441
28620,36.76563882329524,742.3999999996016,2063.2568004210216
28621,36.76563882329524,742.4199999996016,2063.2777499862095
28622,36.76563882329524,742.4399999996016,2063.298698790009
28623,36.76563882329524,742.4599999996016,2063.319646832424
28624,36.76563882329524,742.4799999996015,2063.340594113459
28625,36.76563882329524,742.4999999996015,2063.361540633117
28626,36.76563882329524,742.5199999996015,2063.382486391403
28627,36.76563882329524,742.5399999996015,2063.4034313883203
28628,36.76563882329524,742.5599999996015,2063.4243756238734
28629,36.76563882329524,742.5799999996015,2063.445319098066
28630,36.76563882329524,742.5999999996014,2063.466261810903
28631,36.76563882329524,742.6199999996014,2063.4872037623873
28632,36.76563882329524,742.6399999996014,2063.5081449525237
28633,36.76563882329524,742.6599999996014,2063.529085381316
28634,36.76563882329524,742.6799999996014,2063.550025048768
28635,36.76563882329524,742.6999999996013,2063.570963954884
28636,36.76563882329524,742.7199999996013,2063.5919020996685
28637,36.76563882329524,742.7399999996013,2063.612839483125
28638,36.76563882329524,742.7599999996013,2063.6337761052573
28639,36.76563882329524,742.7799999996013,2063.6547119660695
28640,36.76563882329524,742.7999999996013,2063.675647065566
28641,36.76563882329524,742.8199999996012,2063.6965814037508
28642,36.76563882329524,742.8399999996012,2063.7175149806276
28643,36.76563882329524,742.8599999996012,2063.7384477962005
28644,36.76563882329524,742.8799999996012,2063.7593798504736
28645,36.76563882329524,742.8999999996012,2063.7803111434514
28646,36.76563882329524,742.9199999996011,2063.801241675137
28647,36.76563882329524,742.9399999996011,2063.8221714455353
28648,36.76563882329524,742.9599999996011,2063.84310045465
28649,36.76563882329524,742.9799999996011,2063.864028702485
28650,36.76563882329524,742.9999999996011,2063.8849561890447
28651,36.76563882329524,743.019999999601,2063.905882914333
28652,36.76563882329524,743.039999999601,2063.9268088783533
28653,36.76563882329524,743.059999999601,2063.9477340811104
28654,36.76563882329524,743.079999999601,2063.968658522608
28655,36.76563882329524,743.099999999601,2063.9895822028507
28656,36.76563882329524,743.119999999601,2064.0105051224787
28657,36.76563882329524,743.139999999601,2064.0314272823935
28658,36.76563882329524,743.1599999996009,2064.052348682628
28659,36.71001168416744,743.1799999996009,2064.0732693231857
28660,36.71001168416744,743.1999999996009,2064.0941892040714
28661,36.71001168416744,743.2199999996009,2064.115108325289
28662,36.71001168416744,743.2399999996009,2064.1360266868423
28663,36.71001168416744,743.2599999996008,2064.156944288736
28664,36.71001168416744,743.2799999996008,2064.177861130974
28665,36.71001168416744,743.2999999996008,2064.198777213561
28666,36.71001168416744,743.3199999996008,2064.2196925364997
28667,36.71001168416744,743.3399999996008,2064.2406070997954
28668,36.71001168416744,743.3599999996007,2064.261520903452
28669,36.71001168416744,743.3799999996007,2064.2824339474737
28670,36.71001168416744,743.3999999996007,2064.3033462318645
28671,36.71001168416744,743.4199999996007,2064.3242577566284
28672,36.71001168416744,743.4399999996007,2064.3451685217697
28673,36.71001168416744,743.4599999996007,2064.3660785272923
28674,36.71001168416744,743.4799999996006,2064.3869877732004
28675,36.71001168416744,743.4999999996006,2064.4078962594986
28676,36.71001168416744,743.5199999996006,2064.4288039861904
28677,36.71001168416744,743.5399999996006,2064.44971095328
28678,36.71001168416744,743.5599999996006,2064.470617160772
28679,36.71001168416744,743.5799999996005,2064.4915226086696
28680,36.71001168416744,743.5999999996005,2064.512427296978
28681,36.71001168416744,743.6199999996005,2064.5333312257007
28682,36.71001168416744,743.6399999996005,2064.5542343948423
28683,36.71001168416744,743.6599999996005,2064.5751368044066
28684,36.71001168416744,743.6799999996005,2064.596038454398
28685,36.71001168416744,743.6999999996004,2064.61693934482
28686,36.71001168416744,743.7199999996004,2064.637839475677
28687,36.71001168416744,743.7399999996004,2064.6587388469734
28688,36.71001168416744,743.7599999996004,2064.679637458713
28689,36.71001168416744,743.7799999996004,2064.7005353109002
28690,36.71001168416744,743.7999999996003,2064.721432403539
28691,36.71001168416744,743.8199999996003,2064.742328736633
28692,36.71001168416744,743.8399999996003,2064.7632243101875
28693,36.71001168416744,743.8599999996003,2064.784119124206
28694,36.71001168416744,743.8799999996003,2064.805013178692
28695,36.71001168416744,743.8999999996003,2064.825906473651
28696,36.71001168416744,743.9199999996002,2064.8467990090858
28697,36.71001168416744,743.9399999996002,2064.8676907850013
28698,36.71001168416744,743.9599999996002,2064.8885818014014
28699,36.71001168416744,743.9799999996002,2064.9094720582902
28700,36.71001168416744,743.9999999996002,2064.930361555672
28701,36.71001168416744,744.0199999996001,2064.9512502935504
28702,36.71001168416744,744.0399999996001,2064.97213827193
28703,36.71001168416744,744.0599999996001,2064.9930254908145
28704,36.71001168416744,744.0799999996001,2065.0139119502087
28705,36.71001168416744,744.0999999996001,2065.034797650116
28706,36.71001168416744,744.1199999996,2065.0556825905414
28707,36.71001168416744,744.1399999996,2065.076566772154
28708,36.71001168416744,744.1599999996,2065.0974501957085
28709,36.71001168416744,744.1799999996,2065.1183328612187
28710,36.71001168416744,744.1999999996,2065.1392147686893
28711,36.71001168416744,744.2199999996,2065.1600959181237
28712,36.71001168416744,744.2399999996,2065.1809763095266
28713,36.71001168416744,744.2599999995999,2065.2018559429016
28714,36.71001168416744,744.2799999995999,2065.2227348182532
28715,36.71001168416744,744.2999999995999,2065.2436129355856
28716,36.71001168416744,744.3199999995999,2065.2644902949023
28717,36.71001168416744,744.3399999995999,2065.285366896208
28718,36.71001168416744,744.3599999995998,2065.3062427395066
28719,36.71001168416744,744.3799999995998,2065.3271178248024
28720,36.71001168416744,744.3999999995998,2065.3479921520993
28721,36.71001168416744,744.4199999995998,2065.3688657214016
28722,36.71001168416744,744.4399999995998,2065.3897385327127
28723,36.71001168416744,744.4599999995997,2065.4106105860374
28724,36.71001168416744,744.4799999995997,2065.4314818813796
28725,36.71001168416744,744.4999999995997,2065.4523524187434
28726,36.71001168416744,744.5199999995997,2065.473222198133
28727,36.71001168416744,744.5399999995997,2065.494091219553
28728,36.71001168416744,744.5599999995997,2065.514959483007
28729,36.71001168416744,744.5799999995996,2065.5358269884987
28730,36.71001168416744,744.5999999995996,2065.5566937360327
28731,36.71001168416744,744.6199999995996,2065.577559725613
28732,36.71001168416744,744.6399999995996,2065.598424957244
28733,36.71001168416744,744.6599999995996,2065.6192894309293
28734,36.71001168416744,744.6799999995995,2065.640153146673
28735,36.71001168416744,744.6999999995995,2065.66101610448
28736,36.71001168416744,744.7199999995995,2065.6818783043536
28737,36.71001168416744,744.7399999995995,2065.7027397462984
28738,36.71001168416744,744.7599999995995,2065.723600430318
28739,36.71001168416744,744.7799999995995,2065.744460356417
28740,36.71001168416744,744.7999999995994,2065.7653195245994
28741,36.71001168416744,744.8199999995994,2065.786177934869
28742,36.71001168416744,744.8399999995994,2065.80703558723
28743,36.71001168416744,744.8599999995994,2065.827892481687
28744,36.71001168416744,744.8799999995994,2065.8487486182435
28745,36.71001168416744,744.8999999995993,2065.8696039969036
28746,36.71001168416744,744.9199999995993,2065.890458617672
28747,36.71001168416744,744.9399999995993,2065.911312480552
28748,36.71001168416744,744.9599999995993,2065.932165585549
28749,36.71001168416744,744.9799999995993,2065.9530179326657
28750,36.71001168416744,744.9999999995993,2065.973869521907
28751,36.71001168416744,745.0199999995992,2065.9947203532765
28752,36.71001168416744,745.0399999995992,2066.0155704267786
28753,36.71001168416744,745.0599999995992,2066.0364197424174
28754,36.71001168416744,745.0799999995992,2066.057268300197
28755,36.71001168416744,745.0999999995992,2066.0781161001214
28756,36.71001168416744,745.1199999995991,2066.098963142195
28757,36.71001168416744,745.1399999995991,2066.119809426429
28758,36.71001168416744,745.1599999995991,2066.140654953605
28759,36.71001168416744,745.1799999995991,2066.161499724434
28760,36.71001168416744,745.1999999995991,2066.1823437389203
28761,36.71001168416744,745.219999999599,2066.203186997068
28762,36.71001168416744,745.239999999599,2066.224029498881
28763,36.71001168416744,745.259999999599,2066.2448712443643
28764,36.71001168416744,745.279999999599,2066.2657122335213
28765,36.71001168416744,745.299999999599,2066.286552466356
28766,36.71001168416744,745.319999999599,2066.307391942873
28767,36.71001168416744,745.339999999599,2066.3282306630763
28768,36.71001168416744,745.3599999995989,2066.3490686269697
28769,36.71001168416744,745.3799999995989,2066.369905834558
28770,36.71001168416744,745.3999999995989,2066.3907422858447
28771,36.71001168416744,745.4199999995989,2066.4115779808344
28772,36.71001168416744,745.4399999995989,2066.432412919531
28773,36.71001168416744,745.4599999995988,2066.453247101939
28774,36.71001168416744,745.4799999995988,2066.4740805280617
28775,36.71001168416744,745.4999999995988,2066.4949131979038
28776,36.71001168416744,745.5199999995988,2066.515745111469
28777,36.71001168416744,745.5399999995988,2066.5365762687625
28778,36.71001168416744,745.5599999995987,2066.5574066697873
28779,36.71001168416744,745.5799999995987,2066.578236314548
28780,36.71001168416744,745.5999999995987,2066.5990652030487
28781,36.71001168416744,745.6199999995987,2066.6198933352935
28782,36.71001168416744,745.6399999995987,2066.6407207112866
28783,36.71001168416744,745.6599999995987,2066.661547331032
28784,36.71001168416744,745.6799999995986,2066.682373194534
28785,36.71001168416744,745.6999999995986,2066.703198301797
28786,36.71001168416744,745.7199999995986,2066.7240226528243
28787,36.71001168416744,745.7399999995986,2066.7448462476204
28788,36.71001168416744,745.7599999995986,2066.7656690861895
28789,36.71001168416744,745.7799999995985,2066.786491168536
28790,36.71001168416744,745.7999999995985,2066.8073124946636
28791,36.71001168416744,745.8199999995985,2066.828133064577
28792,36.71001168416744,745.8399999995985,2066.8489528782793
28793,36.71001168416744,745.8599999995985,2066.8697719357756
28794,36.71001168416744,745.8799999995985,2066.89059023707
28795,36.71001168416744,745.8999999995984,2066.911407782166
28796,36.71001168416744,745.9199999995984,2066.932224571068
28797,36.71001168416744,745.9399999995984,2066.9530406037807
28798,36.71001168416744,745.9599999995984,2066.9738558803074
28799,36.71001168416744,745.9799999995984,2066.9946704006525
28800,36.71001168416744,745.9999999995983,2067.01548416482
28801,36.71001168416744,746.0199999995983,2067.0362971728146
28802,36.71001168416744,746.0399999995983,2067.0571094246397
28803,36.71001168416744,746.0599999995983,2067.0779209203
28804,36.71001168416744,746.0799999995983,2067.0987316597993
28805,36.71001168416744,746.0999999995983,2067.119541643142
28806,36.71001168416744,746.1199999995982,2067.140350870332
28807,36.71001168416744,746.1399999995982,2067.1611593413736
28808,36.71001168416744,746.1599999995982,2067.181967056296
28809,36.71001168416744,746.1799999995982,2067.2027740159533
28810,36.71001168416744,746.1999999995982,2067.2235802209725
28811,36.71001168416744,746.2199999995981,2067.244385671357
28812,36.71001168416744,746.2399999995981,2067.2651903671117
28813,36.71001168416744,746.2599999995981,2067.28599430824
28814,36.71001168416744,746.2799999995981,2067.3067974947458
28815,36.71001168416744,746.2999999995981,2067.327599926634
28816,36.71001168416744,746.319999999598,2067.348401603908
28817,36.71001168416744,746.339999999598,2067.3692025265723
28818,36.71001168416744,746.359999999598,2067.3900026946308
28819,36.71001168416744,746.379999999598,2067.410802108088
28820,36.71001168416744,746.399999999598,2067.4316007669477
28821,36.71001168416744,746.419999999598,2067.452398671214
28822,36.71001168416744,746.439999999598,2067.473195820891
28823,36.71001168416744,746.4599999995979,2067.4939922159824
28824,36.71001168416744,746.4799999995979,2067.514787856493
28825,36.71001168416744,746.4999999995979,2067.535582742427
28826,36.71001168416744,746.5199999995979,2067.556376873788
28827,36.71001168416744,746.5399999995979,2067.57717025058
28828,36.71001168416744,746.5599999995978,2067.5979628728073
28829,36.71001168416744,746.5799999995978,2067.6187547404743
28830,36.71001168416744,746.5999999995978,2067.639545853585
28831,36.71001168416744,746.6199999995978,2067.6603362121427
28832,36.71001168416744,746.6399999995978,2067.6811258161524
28833,36.71001168416744,746.6599999995977,2067.701914665618
28834,36.71001168416744,746.6799999995977,2067.7227027605436
28835,36.71001168416744,746.6999999995977,2067.7434901009333
28836,36.71001168416744,746.7199999995977,2067.764276686791
28837,36.71001168416744,746.7399999995977,2067.7850625181213
28838,36.71001168416744,746.7599999995977,2067.8058475949274
28839,36.71001168416744,746.7799999995976,2067.826631917214
28840,36.71001168416744,746.7999999995976,2067.847415484985
28841,36.71001168416744,746.8199999995976,2067.868198298245
28842,36.71001168416744,746.8399999995976,2067.8889803569973
28843,36.71001168416744,746.8599999995976,2067.9097616612466
28844,36.71001168416744,746.8799999995975,2067.930542210997
28845,36.71001168416744,746.8999999995975,2067.951322006252
28846,36.71001168416744,746.9199999995975,2067.9721010470166
28847,36.71001168416744,746.9399999995975,2067.9928793332947
28848,36.71001168416744,746.9599999995975,2068.01365686509
28849,36.71001168416744,746.9799999995975,2068.034433642407
28850,36.71001168416744,746.9999999995974,2068.055209665249
28851,36.71001168416744,747.0199999995974,2068.075984933621
28852,36.71001168416744,747.0399999995974,2068.0967594475264
28853,36.71001168416744,747.0599999995974,2068.1175332069697
28854,36.71001168416744,747.0799999995974,2068.138306211955
28855,36.71001168416744,747.0999999995973,2068.1590784624864
28856,36.71001168416744,747.1199999995973,2068.179849958568
28857,36.71001168416744,747.1399999995973,2068.2006207002037
28858,36.71001168416744,747.1599999995973,2068.2213906873976
28859,36.71001168416744,747.1799999995973,2068.2421599201984
28860,36.71001168416744,747.1999999995973,2068.262928399562
28861,36.71001168416744,747.2199999995972,2068.2836961260446
28862,36.65452467862104,747.2399999995972,2068.30446309965
28863,36.65452467862104,747.2599999995972,2068.325229320383
28864,36.65452467862104,747.2799999995972,2068.345994788248
28865,36.65452467862104,747.2999999995972,2068.3667595032484
28866,36.65452467862104,747.3199999995971,2068.3875234653888
28867,36.65452467862104,747.3399999995971,2068.4082866746735
28868,36.65452467862104,747.3599999995971,2068.429049131107
28869,36.65452467862104,747.3799999995971,2068.4498108346934
28870,36.65452467862104,747.3999999995971,2068.4705717854367
28871,36.65452467862104,747.419999999597,2068.4913319833418
28872,36.65452467862104,747.439999999597,2068.512091428412
28873,36.65452467862104,747.459999999597,2068.5328501206523
28874,36.65452467862104,747.479999999597,2068.553608060067
28875,36.65452467862104,747.499999999597,2068.57436524666
28876,36.65452467862104,747.519999999597,2068.5951216804356
28877,36.65452467862104,747.539999999597,2068.615877361398
28878,36.65452467862104,747.5599999995969,2068.6366322895515
28879,36.65452467862104,747.5799999995969,2068.6573864649004
28880,36.65452467862104,747.5999999995969,2068.678139887449
28881,36.65452467862104,747.6199999995969,2068.698892557202
28882,36.65452467862104,747.6399999995969,2068.7196444741626
28883,36.65452467862104,747.6599999995968,2068.7403956383355
28884,36.65452467862104,747.6799999995968,2068.761146049725
28885,36.65452467862104,747.6999999995968,2068.781895708336
28886,36.65452467862104,747.7199999995968,2068.8026446141716
28887,36.65452467862104,747.7399999995968,2068.823392767237
28888,36.65452467862104,747.7599999995967,2068.844140167536
28889,36.65452467862104,747.7799999995967,2068.8648868150726
28890,36.65452467862104,747.7999999995967,2068.8856327098515
28891,36.65452467862104,747.8199999995967,2068.906377851877
28892,36.65452467862104,747.8399999995967,2068.927122241153
28893,36.65452467862104,747.8599999995967,2068.947865877684
28894,36.65452467862104,747.8799999995966,2068.968608761474
28895,36.65452467862104,747.8999999995966,2068.989350892528
28896,36.65452467862104,747.9199999995966,2069.0100922708493
28897,36.65452467862104,747.9399999995966,2069.0308328964425
28898,36.65452467862104,747.9599999995966,2069.051572769312
28899,36.65452467862104,747.9799999995965,2069.0723118894616
28900,36.65452467862104,747.9999999995965,2069.0930502568963
28901,36.65452467862104,748.0199999995965,2069.11378787162
28902,36.65452467862104,748.0399999995965,2069.1345247336367
28903,36.65452467862104,748.0599999995965,2069.1552608429506
28904,36.65452467862104,748.0799999995965,2069.1759961995663
28905,36.65452467862104,748.0999999995964,2069.196730803488
28906,36.65452467862104,748.1199999995964,2069.21746465472
28907,36.65452467862104,748.1399999995964,2069.2381977532664
28908,36.65452467862104,748.1599999995964,2069.2589300991312
28909,36.65452467862104,748.1799999995964,2069.279661692319
28910,36.65452467862104,748.1999999995963,2069.3003925328912
28911,36.65452467862104,748.2199999995963,2069.3211226217823
28912,36.65452467862104,748.2399999995963,2069.3418519594147
28913,36.65452467862104,748.2599999995963,2069.362580545793
28914,36.65452467862104,748.2799999995963,2069.3833083809213
28915,36.65452467862104,748.2999999995963,2069.4040354648037
28916,36.65452467862104,748.3199999995962,2069.4247617974447
28917,36.65452467862104,748.3399999995962,2069.445487378848
28918,36.65452467862104,748.3599999995962,2069.4662122090185
28919,36.65452467862104,748.3799999995962,2069.48693628796
28920,36.65452467862104,748.3999999995962,2069.507659615677
28921,36.65452467862104,748.4199999995961,2069.528382192173
28922,36.65452467862104,748.4399999995961,2069.549104017453
28923,36.65452467862104,748.4599999995961,2069.569825091521
28924,36.65452467862104,748.4799999995961,2069.5905454143813
28925,36.65452467862104,748.4999999995961,2069.611264986038
28926,36.65452467862104,748.519999999596,2069.631983806495
28927,36.65452467862104,748.539999999596,2069.6527018757574
28928,36.65452467862104,748.559999999596,2069.673419193829
28929,36.65452467862104,748.579999999596,2069.694135760714
28930,36.65452467862104,748.599999999596,2069.714851576416
28931,36.65452467862104,748.619999999596,2069.7355666409403
28932,36.65452467862104,748.639999999596,2069.7562809542906
28933,36.65452467862104,748.6599999995959,2069.776994516471
28934,36.65452467862104,748.6799999995959,2069.7977073274856
28935,36.65452467862104,748.6999999995959,2069.818419387339
28936,36.65452467862104,748.7199999995959,2069.839130696035
28937,36.65452467862104,748.7399999995959,2069.859841253579
28938,36.65452467862104,748.7599999995958,2069.8805510599736
28939,36.65452467862104,748.7799999995958,2069.901260115224
28940,36.65452467862104,748.7999999995958,2069.9219684193345
28941,36.65452467862104,748.8199999995958,2069.9426759723087
28942,36.65452467862104,748.8399999995958,2069.9633827741513
28943,36.65452467862104,748.8599999995957,2069.9840888248664
28944,36.65452467862104,748.8799999995957,2070.0047941245334
28945,36.65452467862104,748.8999999995957,2070.025498674438
28946,36.65452467862104,748.9199999995957,2070.046202475185
28947,36.65452467862104,748.9399999995957,2070.066905526779
28948,36.65452467862104,748.9599999995957,2070.087607829224
28949,36.65452467862104,748.9799999995956,2070.108309382525
28950,36.65452467862104,748.9999999995956,2070.1290101866857
28951,36.65452467862104,749.0199999995956,2070.1497102417106
28952,36.65452467862104,749.0399999995956,2070.1704095476043
28953,36.65452467862104,749.0599999995956,2070.1911081043713
28954,36.65452467862104,749.0799999995955,2070.2118059120157
28955,36.65452467862104,749.0999999995955,2070.232502970542
28956,36.65452467862104,749.1199999995955,2070.2531992799545
28957,36.65452467862104,749.1399999995955,2070.2738948402575
28958,36.65452467862104,749.1599999995955,2070.294589651455
28959,36.65452467862104,749.1799999995955,2070.315283713552
28960,36.65452467862104,749.1999999995954,2070.335977026553
28961,36.65452467862104,749.2199999995954,2070.356669590539
28962,36.65452467862104,749.2399999995954,2070.3773614065612
28963,36.65452467862104,749.2599999995954,2070.3980524749772
28964,36.65452467862104,749.2799999995954,2070.4187427957913
28965,36.65452467862104,749.2999999995953,2070.4394323690076
28966,36.65452467862104,749.3199999995953,2070.4601211946306
28967,36.65452467862104,749.3399999995953,2070.4808092726644
28968,36.65452467862104,749.3599999995953,2070.501496603114
28969,36.65452467862104,749.3799999995953,2070.5221831859835
28970,36.65452467862104,749.3999999995953,2070.542869021277
28971,36.65452467862104,749.4199999995952,2070.563554108999
28972,36.65452467862104,749.4399999995952,2070.5842384491543
28973,36.65452467862104,749.4599999995952,2070.604922041747
28974,36.65452467862104,749.4799999995952,2070.6256048867817
28975,36.65452467862104,749.4999999995952,2070.6462869842626
28976,36.65452467862104,749.5199999995951,2070.6669683341943
28977,36.65452467862104,749.5399999995951,2070.687648936581
28978,36.65452467862104,749.5599999995951,2070.708328791427
28979,36.65452467862104,749.5799999995951,2070.729007898737
28980,36.65452467862104,749.5999999995951,2070.7496862585153
28981,36.65452467862104,749.619999999595,2070.7703638707662
28982,36.65452467862104,749.639999999595,2070.791040735494
28983,36.65452467862104,749.659999999595,2070.8117168527033
28984,36.65452467862104,749.679999999595,2070.8323922223985
28985,36.65452467862104,749.699999999595,2070.8530668445837
28986,36.65452467862104,749.719999999595,2070.873740719264
28987,36.65452467862104,749.7399999995949,2070.894413846443
28988,36.65452467862104,749.7599999995949,2070.9150862261254
28989,36.65452467862104,749.7799999995949,2070.935757858316
28990,36.65452467862104,749.7999999995949,2070.9564287430185
28991,36.65452467862104,749.8199999995949,2070.9770988802375
28992,36.65452467862104,749.8399999995949,2070.9977682699778
28993,36.65452467862104,749.8599999995948,2071.0184369122435
28994,36.65452467862104,749.8799999995948,2071.0391048070387
28995,36.65452467862104,749.8999999995948,2071.059771954368
28996,36.65452467862104,749.9199999995948,2071.080438354236
28997,36.65452467862104,749.9399999995948,2071.101104006647
28998,36.65452467862104,749.9599999995947,2071.121768911605
28999,36.65452467862104,749.9799999995947,2071.142433069115
29000,36.65452467862104,749.9999999995947,2071.1630964791816
29001,36.65452467862104,750.0199999995947,2071.1837591418084
29002,36.65452467862104,750.0399999995947,2071.204421057
29003,36.65452467862104,750.0599999995947,2071.2250822247615
29004,36.65452467862104,750.0799999995946,2071.2457426450965
29005,36.65452467862104,750.0999999995946,2071.2664023180096
29006,36.65452467862104,750.1199999995946,2071.2870612435054
29007,36.65452467862104,750.1399999995946,2071.307719421588
29008,36.65452467862104,750.1599999995946,2071.328376852262
29009,36.65452467862104,750.1799999995945,2071.349033535532
29010,36.65452467862104,750.1999999995945,2071.3696894714017
29011,36.65452467862104,750.2199999995945,2071.390344659876
29012,36.65452467862104,750.2399999995945,2071.410999101054
29013,36.65452467862104,750.2599999995945,2071.43165279606
29014,36.65452467862104,750.2799999995945,2071.452305745164
29015,36.65452467862104,750.2999999995944,2071.4729579483696
29016,36.65452467862104,750.3199999995944,2071.4936094056825
29017,36.65452467862104,750.3399999995944,2071.5142601171065
29018,36.65452467862104,750.3599999995944,2071.534910082646
29019,36.65452467862104,750.3799999995944,2071.5555593023055
29020,36.65452467862104,750.3999999995943,2071.576207776089
29021,36.65452467862104,750.4199999995943,2071.596855504002
29022,36.65452467862104,750.4399999995943,2071.617502486048
29023,36.65452467862104,750.4599999995943,2071.638148722232
29024,36.65452467862104,750.4799999995943,2071.658794212558
29025,36.65452467862104,750.4999999995943,2071.6794389570305
29026,36.65452467862104,750.5199999995942,2071.700082955654
29027,36.65452467862104,750.5399999995942,2071.7207262084335
29028,36.65452467862104,750.5599999995942,2071.7413687153726
29029,36.65452467862104,750.5799999995942,2071.762010476476
29030,36.65452467862104,750.5999999995942,2071.7826514917483
29031,36.65452467862104,750.6199999995941,2071.8032917611936
29032,36.65452467862104,750.6399999995941,2071.8239312848164
29033,36.65452467862104,750.6599999995941,2071.844570062621
29034,36.65452467862104,750.6799999995941,2071.8652080946126
29035,36.65452467862104,750.6999999995941,2071.8858453807948
29036,36.65452467862104,750.719999999594,2071.9064819211726
29037,36.65452467862104,750.739999999594,2071.92711771575
29038,36.65452467862104,750.759999999594,2071.9477527645313
29039,36.65452467862104,750.779999999594,2071.9683870675212
29040,36.65452467862104,750.799999999594,2071.9890206247246
29041,36.65452467862104,750.819999999594,2072.009653436145
29042,36.65452467862104,750.8399999995939,2072.0302855017876
29043,36.65452467862104,750.8599999995939,2072.0509168216563
29044,36.65452467862104,750.8799999995939,2072.0715473957557
29045,36.65452467862104,750.8999999995939,2072.0921772240904
29046,36.65452467862104,750.9199999995939,2072.112806306665
29047,36.65452467862104,750.9399999995939,2072.1334346434833
29048,36.65452467862104,750.9599999995938,2072.15406223455
29049,36.65452467862104,750.9799999995938,2072.17468907987
29050,36.65452467862104,750.9999999995938,2072.195315179447
29051,36.65452467862104,751.0199999995938,2072.2159405332854
29052,36.65452467862104,751.0399999995938,2072.23656514139
29053,36.65452467862104,751.0599999995937,2072.2571890037657
29054,36.65452467862104,751.0799999995937,2072.277812120416
29055,36.65452467862104,751.0999999995937,2072.2984344913457
29056,36.65452467862104,751.1199999995937,2072.3190561165593
29057,36.65452467862104,751.1399999995937,2072.3396769960614
29058,36.65452467862104,751.1599999995937,2072.360297129856
29059,36.65452467862104,751.1799999995936,2072.3809165179478
29060,36.65452467862104,751.1999999995936,2072.401535160341
29061,36.65452467862104,751.2199999995936,2072.4221530570408
29062,36.65452467862104,751.2399999995936,2072.4427702080507
29063,36.65452467862104,751.2599999995936,2072.4633866134923
29064,36.65452467862104,751.2799999995935,2072.4840022746107
29065,36.65452467862104,751.2999999995935,2072.5046171915965
29066,36.65452467862104,751.3199999995935,2072.525231364454
29067,36.65452467862104,751.3399999995935,2072.545844793188
29068,36.65452467862104,751.3599999995935,2072.566457477802
29069,36.65452467862104,751.3799999995935,2072.5870694183013
29070,36.65452467862104,751.3999999995934,2072.6076806146903
29071,36.59917731292739,751.4199999995934,2072.6282910669734
29072,36.59917731292739,751.4399999995934,2072.648900775155
29073,36.59917731292739,751.4599999995934,2072.66950973924
29074,36.59917731292739,751.4799999995934,2072.6901179592323
29075,36.59917731292739,751.4999999995933,2072.7107254351367
29076,36.59917731292739,751.5199999995933,2072.7313321669576
29077,36.59917731292739,751.5399999995933,2072.7519381546995
29078,36.59917731292739,751.5599999995933,2072.7725433983665
29079,36.59917731292739,751.5799999995933,2072.7931478979635
29080,36.59917731292739,751.5999999995933,2072.813751653495
29081,36.59917731292739,751.6199999995932,2072.834354664965
29082,36.59917731292739,751.6399999995932,2072.854956932378
29083,36.59917731292739,751.6599999995932,2072.8755584557393
29084,36.59917731292739,751.6799999995932,2072.896159235053
29085,36.59917731292739,751.6999999995932,2072.916759270323
29086,36.59917731292739,751.7199999995931,2072.9373585615544
29087,36.59917731292739,751.7399999995931,2072.9579571087515
29088,36.59917731292739,751.7599999995931,2072.9785549119188
29089,36.59917731292739,751.7799999995931,2072.9991519710607
29090,36.59917731292739,751.7999999995931,2073.0197482861813
29091,36.59917731292739,751.819999999593,2073.0403438572857
29092,36.59917731292739,751.839999999593,2073.060938684378
29093,36.59917731292739,751.859999999593,2073.0815327674627
29094,36.59917731292739,751.879999999593,2073.1021261065443
29095,36.59917731292739,751.899999999593,2073.1227187016275
29096,36.59917731292739,751.919999999593,2073.1433105527167
29097,36.59917731292739,751.9399999995929,2073.163901659816
29098,36.59917731292739,751.9599999995929,2073.1844920229305
29099,36.59917731292739,751.9799999995929,2073.205081642064
29100,36.59917731292739,751.9999999995929,2073.2256705172217
29101,36.59917731292739,752.0199999995929,2073.2462586484075
29102,36.59917731292739,752.0399999995929,2073.266846035626
29103,36.59917731292739,752.0599999995928,2073.2874326788815
29104,36.59917731292739,752.0799999995928,2073.3080185781787
29105,36.59917731292739,752.0999999995928,2073.328603733522
29106,36.59917731292739,752.1199999995928,2073.349188144916
29107,36.59917731292739,752.1399999995928,2073.369771812365
29108,36.59917731292739,752.1599999995927,2073.390354735873
29109,36.59917731292739,752.1799999995927,2073.4109369154457
29110,36.59917731292739,752.1999999995927,2073.4315183510867
29111,36.59917731292739,752.2199999995927,2073.4520990428005
29112,36.59917731292739,752.2399999995927,2073.4726789905917
29113,36.59917731292739,752.2599999995927,2073.493258194465
29114,36.59917731292739,752.2799999995926,2073.5138366545707
29115,36.59917731292739,752.2999999995926,2073.5344143720513
29116,36.59917731292739,752.3199999995926,2073.5549913470213
29117,36.59917731292739,752.3399999995926,2073.5755675794853
29118,36.59917731292739,752.3599999995926,2073.596143069448
29119,36.59917731292739,752.3799999995925,2073.6167178169135
29120,36.59917731292739,752.3999999995925,2073.6372918218867
29121,36.59917731292739,752.4199999995925,2073.6578650843717
29122,36.59917731292739,752.4399999995925,2073.6784376043734
29123,36.59917731292739,752.4599999995925,2073.699009381896
29124,36.59917731292739,752.4799999995925,2073.719580416944
29125,36.59917731292739,752.4999999995924,2073.7401507095224
29126,36.59917731292739,752.5199999995924,2073.760720259635
29127,36.59917731292739,752.5399999995924,2073.7812890672867
29128,36.59917731292739,752.5599999995924,2073.801857132482
29129,36.59917731292739,752.5799999995924,2073.8224244552252
29130,36.59917731292739,752.5999999995923,2073.842991035521
29131,36.59917731292739,752.6199999995923,2073.8635568733744
29132,36.59917731292739,752.6399999995923,2073.884121968789
29133,36.59917731292739,752.6599999995923,2073.9046863217695
29134,36.59917731292739,752.6799999995923,2073.9252499323206
29135,36.59917731292739,752.6999999995923,2073.9458128004467
29136,36.59917731292739,752.7199999995922,2073.966374926152
29137,36.59917731292739,752.7399999995922,2073.986936309442
29138,36.59917731292739,752.7599999995922,2074.0074969503207
29139,36.59917731292739,752.7799999995922,2074.0280568487924
29140,36.59917731292739,752.7999999995922,2074.0486160048613
29141,36.59917731292739,752.8199999995921,2074.0691744185324
29142,36.59917731292739,752.8399999995921,2074.0897320898102
29143,36.59917731292739,752.8599999995921,2074.110289018699
29144,36.59917731292739,752.8799999995921,2074.1308452052035
29145,36.59917731292739,752.8999999995921,2074.151400649328
29146,36.59917731292739,752.919999999592,2074.171955351077
29147,36.59917731292739,752.939999999592,2074.192509310455
29148,36.59917731292739,752.959999999592,2074.2130625274667
29149,36.59917731292739,752.979999999592,2074.2336150021165
29150,36.59917731292739,752.999999999592,2074.254166734409
29151,36.59917731292739,753.019999999592,2074.2747177243486
29152,36.59917731292739,753.0399999995919,2074.2952679719397
29153,36.59917731292739,753.0599999995919,2074.315817477187
29154,36.59917731292739,753.0799999995919,2074.336366240095
29155,36.59917731292739,753.0999999995919,2074.356914260668
29156,36.59917731292739,753.1199999995919,2074.3774615389107
29157,36.59917731292739,753.1399999995919,2074.3980080748274
29158,36.59917731292739,753.1599999995918,2074.418553868423
29159,36.59917731292739,753.1799999995918,2074.4390989197013
29160,36.59917731292739,753.1999999995918,2074.459643228667
29161,36.59917731292739,753.2199999995918,2074.480186795325
29162,36.59917731292739,753.2399999995918,2074.50072961968
29163,36.59917731292739,753.2599999995917,2074.5212717017357
29164,36.59917731292739,753.2799999995917,2074.5418130414973
29165,36.59917731292739,753.2999999995917,2074.562353639209
29166,36.59917731292739,753.3199999995917,2074.582893496001
29167,36.59917731292739,753.3399999995917,2074.603432611975
29168,36.59917731292739,753.3599999995917,2074.623970987137
29169,36.59917731292739,753.3799999995916,2074.644508621491
29170,36.59917731292739,753.3999999995916,2074.665045515041
29171,36.59917731292739,753.4199999995916,2074.6855816677926
29172,36.59917731292739,753.4399999995916,2074.706117079749
29173,36.59917731292739,753.4599999995916,2074.726651750916
29174,36.59917731292739,753.4799999995915,2074.7471856812977
29175,36.59917731292739,753.4999999995915,2074.767718870898
29176,36.59917731292739,753.5199999995915,2074.7882513197223
29177,36.59917731292739,753.5399999995915,2074.8087830277746
29178,36.59917731292739,753.5599999995915,2074.8293139950597
29179,36.59917731292739,753.5799999995915,2074.849844221582
29180,36.59917731292739,753.5999999995914,2074.870373707346
29181,36.59917731292739,753.6199999995914,2074.8909024523564
29182,36.59917731292739,753.6399999995914,2074.9114304566174
29183,36.59917731292739,753.6599999995914,2074.9319577201336
29184,36.59917731292739,753.6799999995914,2074.9524842429096
29185,36.59917731292739,753.6999999995913,2074.9730100249503
29186,36.59917731292739,753.7199999995913,2074.99353506626
29187,36.59917731292739,753.7399999995913,2075.014059366843
29188,36.59917731292739,753.7599999995913,2075.034582926704
29189,36.59917731292739,753.7799999995913,2075.055105745847
29190,36.59917731292739,753.7999999995913,2075.075627824277
29191,36.59917731292739,753.8199999995912,2075.0961491619987
29192,36.59917731292739,753.8399999995912,2075.1166697590165
29193,36.59917731292739,753.8599999995912,2075.137189615335
29194,36.59917731292739,753.8799999995912,2075.1577087309583
29195,36.59917731292739,753.8999999995912,2075.1782271058914
29196,36.59917731292739,753.9199999995911,2075.198744740139
29197,36.59917731292739,753.9399999995911,2075.2192616337047
29198,36.59917731292739,753.9599999995911,2075.2397777865935
29199,36.59917731292739,753.9799999995911,2075.2602931988104
29200,36.59917731292739,753.9999999995911,2075.2808078703592
29201,36.59917731292739,754.019999999591,2075.301321801245
29202,36.59917731292739,754.039999999591,2075.3218349914723
29203,36.59917731292739,754.059999999591,2075.342347441045
29204,36.59917731292739,754.079999999591,2075.3628591499682
29205,36.59917731292739,754.099999999591,2075.383370118246
29206,36.59917731292739,754.119999999591,2075.4038803458834
29207,36.59917731292739,754.1399999995909,2075.4243898328846
29208,36.59917731292739,754.1599999995909,2075.444898579254
29209,36.59917731292739,754.1799999995909,2075.465406584997
29210,36.59917731292739,754.1999999995909,2075.485913850117
29211,36.59917731292739,754.2199999995909,2075.506420374619
29212,36.59917731292739,754.2399999995909,2075.5269261585076
29213,36.59917731292739,754.2599999995908,2075.5474312017873
29214,36.59917731292739,754.2799999995908,2075.5679355044626
29215,36.59917731292739,754.2999999995908,2075.588439066538
29216,36.59917731292739,754.3199999995908,2075.608941888345
29217,36.59917731292739,754.3399999995908,2075.6294439709454
29218,36.59917731292739,754.3599999995907,2075.649945314426
29219,36.59917731292739,754.3799999995907,2075.6704459187913
29220,36.59917731292739,754.3999999995907,2075.690945784045
29221,36.59917731292739,754.4199999995907,2075.7114449101928
29222,36.59917731292739,754.4399999995907,2075.731943297238
29223,36.59917731292739,754.4599999995907,2075.752440945186
29224,36.59917731292739,754.4799999995906,2075.772937854041
29225,36.59917731292739,754.4999999995906,2075.793434023808
29226,36.59917731292739,754.5199999995906,2075.813929454491
29227,36.59917731292739,754.5399999995906,2075.8344241460945
29228,36.59917731292739,754.5599999995906,2075.8549180986233
29229,36.59917731292739,754.5799999995905,2075.8754113120817
29230,36.59917731292739,754.5999999995905,2075.8959037864747
29231,36.59917731292739,754.6199999995905,2075.9163955218064
29232,36.59917731292739,754.6399999995905,2075.936886518082
29233,36.59917731292739,754.6599999995905,2075.957376775305
29234,36.59917731292739,754.6799999995904,2075.977866293481
29235,36.59917731292739,754.6999999995904,2075.998355072614
29236,36.59917731292739,754.7199999995904,2076.018843112708
29237,36.59917731292739,754.7399999995904,2076.0393304137688
29238,36.59917731292739,754.7599999995904,2076.0598169758
29239,36.59917731292739,754.7799999995904,2076.0803027988068
29240,36.59917731292739,754.7999999995903,2076.100787882793
29241,36.59917731292739,754.8199999995903,2076.1212722277637
29242,36.59917731292739,754.8399999995903,2076.1417558337234
29243,36.59917731292739,754.8599999995903,2076.1622387006764
29244,36.59917731292739,754.8799999995903,2076.182720828627
29245,36.59917731292739,754.8999999995902,2076.203202217581
29246,36.59917731292739,754.9199999995902,2076.2236828675414
29247,36.59917731292739,754.9399999995902,2076.2441627785133
29248,36.59917731292739,754.9599999995902,2076.2646419505018
29249,36.59917731292739,754.9799999995902,2076.2851203835107
29250,36.59917731292739,754.9999999995902,2076.305598077545
29251,36.59917731292739,755.0199999995901,2076.3260750326085
29252,36.59917731292739,755.0399999995901,2076.3465512487064
29253,36.59917731292739,755.0599999995901,2076.3670267258435
29254,36.59917731292739,755.0799999995901,2076.387501464024
29255,36.59917731292739,755.0999999995901,2076.407975463252
29256,36.59917731292739,755.11999999959,2076.4284487235327
29257,36.59917731292739,755.13999999959,2076.4489212448702
29258,36.59917731292739,755.15999999959,2076.4693930272692
29259,36.59917731292739,755.17999999959,2076.4898640707347
29260,36.59917731292739,755.19999999959,2076.5103343752708
29261,36.59917731292739,755.21999999959,2076.530803940882
29262,36.59917731292739,755.2399999995899,2076.5512727675728
29263,36.59917731292739,755.2599999995899,2076.571740855348
29264,36.59917731292739,755.2799999995899,2076.5922082042116
29265,36.59917731292739,755.2999999995899,2076.6126748141687
29266,36.59917731292739,755.3199999995899,2076.6331406852237
29267,36.59917731292739,755.3399999995898,2076.6536058178117
29268,36.59917731292739,755.3599999995898,2076.674070212968
29269,36.59917731292739,755.3799999995898,2076.6945338707646
29270,36.59917731292739,755.3999999995898,2076.714996791205
29271,36.59917731292739,755.4199999995898,2076.7354589742945
29272,36.59917731292739,755.4399999995898,2076.7559204200375
29273,36.59917731292739,755.4599999995897,2076.776381128438
29274,36.59917731292739,755.4799999995897,2076.7968410995013
29275,36.59917731292739,755.4999999995897,2076.8173003332313
29276,36.54396909559213,755.5199999995897,2076.837758829633
29277,36.54396909559213,755.5399999995897,2076.858216588711
29278,36.54396909559213,755.5599999995896,2076.8786736104694
29279,36.54396909559213,755.5799999995896,2076.899129894913
29280,36.54396909559213,755.5999999995896,2076.919585442047
29281,36.54396909559213,755.6199999995896,2076.9400402518745
29282,36.54396909559213,755.6399999995896,2076.960494324401
29283,36.54396909559213,755.6599999995896,2076.9809476596315
29284,36.54396909559213,755.6799999995895,2077.0014002575695
29285,36.54396909559213,755.6999999995895,2077.02185211822
29286,36.54396909559213,755.7199999995895,2077.042303241588
29287,36.54396909559213,755.7399999995895,2077.0627536276775
29288,36.54396909559213,755.7599999995895,2077.083203276493
29289,36.54396909559213,755.7799999995894,2077.103652188039
29290,36.54396909559213,755.7999999995894,2077.124100362321
29291,36.54396909559213,755.8199999995894,2077.1445477993425
29292,36.54396909559213,755.8399999995894,2077.1649944991086
29293,36.54396909559213,755.8599999995894,2077.185440461624
29294,36.54396909559213,755.8799999995894,2077.205885686892
29295,36.54396909559213,755.8999999995893,2077.2263301749185
29296,36.54396909559213,755.9199999995893,2077.2467739257077
29297,36.54396909559213,755.9399999995893,2077.267216939264
29298,36.54396909559213,755.9599999995893,2077.287659215592
29299,36.54396909559213,755.9799999995893,2077.3081007546966
29300,36.54396909559213,755.9999999995892,2077.328541556582
29301,36.54396909559213,756.0199999995892,2077.3489816212527
29302,36.54396909559213,756.0399999995892,2077.3694209487135
29303,36.54396909559213,756.0599999995892,2077.3898595389683
29304,36.54396909559213,756.0799999995892,2077.410297392022
29305,36.54396909559213,756.0999999995892,2077.4307345078796
29306,36.54396909559213,756.1199999995891,2077.4511708865452
29307,36.54396909559213,756.1399999995891,2077.4716065280236
29308,36.54396909559213,756.1599999995891,2077.492041432319
29309,36.54396909559213,756.1799999995891,2077.5124755994366
29310,36.54396909559213,756.1999999995891,2077.5329090293803
29311,36.54396909559213,756.219999999589,2077.553341722155
29312,36.54396909559213,756.239999999589,2077.573773677765
29313,36.54396909559213,756.259999999589,2077.594204896215
29314,36.54396909559213,756.279999999589,2077.61463537751
29315,36.54396909559213,756.299999999589,2077.6350651216535
29316,36.54396909559213,756.319999999589,2077.655494128651
29317,36.54396909559213,756.3399999995889,2077.6759223985064
29318,36.54396909559213,756.3599999995889,2077.6963499316953
29319,36.54396909559213,756.3799999995889,2077.716776729088
29320,36.54396909559213,756.3999999995889,2077.7372027907327
29321,36.54396909559213,756.4199999995889,2077.757628116634
29322,36.54396909559213,756.4399999995888,2077.7780527067966
29323,36.54396909559213,756.4599999995888,2077.798476561225
29324,36.54396909559213,756.4799999995888,2077.818899679924
29325,36.54396909559213,756.4999999995888,2077.839322062898
29326,36.54396909559213,756.5199999995888,2077.8597437101516
29327,36.54396909559213,756.5399999995888,2077.8801646216893
29328,36.54396909559213,756.5599999995887,2077.900584797516
29329,36.54396909559213,756.5799999995887,2077.9210042376353
29330,36.54396909559213,756.5999999995887,2077.9414229420527
29331,36.54396909559213,756.6199999995887,2077.9618409107725
29332,36.54396909559213,756.6399999995887,2077.9822581437993
29333,36.54396909559213,756.6599999995886,2078.0026746411377
29334,36.54396909559213,756.6799999995886,2078.023090402792
29335,36.54396909559213,756.6999999995886,2078.0435054287673
29336,36.54396909559213,756.7199999995886,2078.0639197190676
29337,36.54396909559213,756.7399999995886,2078.0843332736977
29338,36.54396909559213,756.7599999995886,2078.104746092662
29339,36.54396909559213,756.7799999995885,2078.1251581759657
29340,36.54396909559213,756.7999999995885,2078.1455695236127
29341,36.54396909559213,756.8199999995885,2078.1659801356077
29342,36.54396909559213,756.8399999995885,2078.1863900119556
29343,36.54396909559213,756.8599999995885,2078.2067991526606
29344,36.54396909559213,756.8799999995884,2078.227207557727
29345,36.54396909559213,756.8999999995884,2078.24761522716
29346,36.54396909559213,756.9199999995884,2078.268022160964
29347,36.54396909559213,756.9399999995884,2078.2884283591434
29348,36.54396909559213,756.9599999995884,2078.3088338217026
29349,36.54396909559213,756.9799999995884,2078.3292385486466
29350,36.54396909559213,756.9999999995883,2078.34964253998
29351,36.54396909559213,757.0199999995883,2078.3700457957066
29352,36.54396909559213,757.0399999995883,2078.3904483158317
29353,36.54396909559213,757.0599999995883,2078.4108501003598
29354,36.54396909559213,757.0799999995883,2078.4312511492953
29355,36.54396909559213,757.0999999995882,2078.451651462643
29356,36.54396909559213,757.1199999995882,2078.4720510404068
29357,36.54396909559213,757.1399999995882,2078.4924498825917
29358,36.54396909559213,757.1599999995882,2078.5128479892023
29359,36.54396909559213,757.1799999995882,2078.533245360243
29360,36.54396909559213,757.1999999995882,2078.553641995719
29361,36.54396909559213,757.2199999995881,2078.574037895634
29362,36.54396909559213,757.2399999995881,2078.5944330599928
29363,36.54396909559213,757.2599999995881,2078.6148274888005
29364,36.54396909559213,757.2799999995881,2078.6352211820613
29365,36.54396909559213,757.2999999995881,2078.6556141397796
29366,36.54396909559213,757.319999999588,2078.67600636196
29367,36.54396909559213,757.339999999588,2078.696397848607
29368,36.54396909559213,757.359999999588,2078.7167885997255
29369,36.54396909559213,757.379999999588,2078.7371786158988
29370,36.54396909559213,757.399999999588,2078.7575678979706
29371,36.54396909559213,757.419999999588,2078.7779564459747
29372,36.54396909559213,757.4399999995879,2078.7983442599157
29373,36.54396909559213,757.4599999995879,2078.8187313397984
29374,36.54396909559213,757.4799999995879,2078.839117685627
29375,36.54396909559213,757.4999999995879,2078.8595032974063
29376,36.54396909559213,757.5199999995879,2078.879888175141
29377,36.54396909559213,757.5399999995878,2078.900272318835
29378,36.54396909559213,757.5599999995878,2078.920655728494
29379,36.54396909559213,757.5799999995878,2078.9410384041216
29380,36.54396909559213,757.5999999995878,2078.9614203457227
29381,36.54396909559213,757.6199999995878,2078.981801553302
29382,36.54396909559213,757.6399999995878,2079.002182026864
29383,36.54396909559213,757.6599999995877,2079.022561766413
29384,36.54396909559213,757.6799999995877,2079.0429407719544
29385,36.54396909559213,757.6999999995877,2079.063319043492
29386,36.54396909559213,757.7199999995877,2079.0836965810304
29387,36.54396909559213,757.7399999995877,2079.104073384575
29388,36.54396909559213,757.7599999995876,2079.1244494541293
29389,36.54396909559213,757.7799999995876,2079.1448247896983
29390,36.54396909559213,757.7999999995876,2079.165199391287
29391,36.54396909559213,757.8199999995876,2079.1855732588992
29392,36.54396909559213,757.8399999995876,2079.20594639254
29393,36.54396909559213,757.8599999995876,2079.2263187922144
29394,36.54396909559213,757.8799999995875,2079.2466904579264
29395,36.54396909559213,757.8999999995875,2079.2670613896803
29396,36.54396909559213,757.9199999995875,2079.287431587481
29397,36.54396909559213,757.9399999995875,2079.307801051333
29398,36.54396909559213,757.9599999995875,2079.3281697812413
29399,36.54396909559213,757.9799999995874,2079.34853777721
29400,36.54396909559213,757.9999999995874,2079.368905039244
29401,36.54396909559213,758.0199999995874,2079.389271567348
29402,36.54396909559213,758.0399999995874,2079.4096373615257
29403,36.54396909559213,758.0599999995874,2079.430002421783
29404,36.54396909559213,758.0799999995874,2079.450366748123
29405,36.54396909559213,758.0999999995873,2079.4707303405517
29406,36.54396909559213,758.1199999995873,2079.4910931990726
29407,36.54396909559213,758.1399999995873,2079.511455323691
29408,36.54396909559213,758.1599999995873,2079.531816714411
29409,36.54396909559213,758.1799999995873,2079.552177371237
29410,36.54396909559213,758.1999999995872,2079.5725372941743
29411,36.54396909559213,758.2199999995872,2079.592896483227
29412,36.54396909559213,758.2399999995872,2079.6132549383997
29413,36.54396909559213,758.2599999995872,2079.633612659697
29414,36.54396909559213,758.2799999995872,2079.6539696471236
29415,36.54396909559213,758.2999999995872,2079.674325900684
29416,36.54396909559213,758.3199999995871,2079.694681420383
29417,36.54396909559213,758.3399999995871,2079.715036206225
29418,36.54396909559213,758.3599999995871,2079.735390258214
29419,36.54396909559213,758.3799999995871,2079.7557435763556
29420,36.54396909559213,758.3999999995871,2079.7760961613185
29421,36.54396909559213,758.419999999587,2079.79644801388
29422,36.54396909559213,758.439999999587,2079.816799134056
29423,36.54396909559213,758.459999999587,2079.837149521852
29424,36.54396909559213,758.479999999587,2079.857499177272
29425,36.54396909559213,758.499999999587,2079.877848100321
29426,36.54396909559213,758.519999999587,2079.898196291003
29427,36.54396909559213,758.5399999995869,2079.918543749323
29428,36.54396909559213,758.5599999995869,2079.9388904752855
29429,36.54396909559213,758.5799999995869,2079.959236468895
29430,36.54396909559213,758.5999999995869,2079.9795817301565
29431,36.54396909559213,758.6199999995869,2079.999926259074
29432,36.54396909559213,758.6399999995868,2080.0202700566165
29433,36.54396909559213,758.6599999995868,2080.0406131237633
29434,36.54396909559213,758.6799999995868,2080.0609554605203
29435,36.54396909559213,758.6999999995868,2080.081297066892
29436,36.54396909559213,758.7199999995868,2080.1016379428834
29437,36.54396909559213,758.7399999995868,2080.121978088499
29438,36.54396909559213,758.7599999995867,2080.1423175037435
29439,36.54396909559213,758.7799999995867,2080.162656188622
29440,36.54396909559213,758.7999999995867,2080.182994143139
29441,36.54396909559213,758.8199999995867,2080.2033313672987
29442,36.54396909559213,758.8399999995867,2080.2236678611066
29443,36.54396909559213,758.8599999995866,2080.244003624567
29444,36.54396909559213,758.8799999995866,2080.264338657685
29445,36.54396909559213,758.8999999995866,2080.2846729604653
29446,36.54396909559213,758.9199999995866,2080.305006532912
29447,36.54396909559213,758.9399999995866,2080.32533937503
29448,36.54396909559213,758.9599999995866,2080.3456714868244
29449,36.54396909559213,758.9799999995865,2080.3660028683
29450,36.54396909559213,758.9999999995865,2080.3863335194605
29451,36.54396909559213,759.0199999995865,2080.4066634403116
29452,36.54396909559213,759.0399999995865,2080.426992630858
29453,36.54396909559213,759.0599999995865,2080.447321091104
29454,36.54396909559213,759.0799999995864,2080.467648821055
29455,36.54396909559213,759.0999999995864,2080.4879758207144
29456,36.54396909559213,759.1199999995864,2080.508302090088
29457,36.54396909559213,759.1399999995864,2080.52862762918
29458,36.54396909559213,759.1599999995864,2080.5489524379955
29459,36.54396909559213,759.1799999995864,2080.569276516539
29460,36.54396909559213,759.1999999995863,2080.589599864815
29461,36.54396909559213,759.2199999995863,2080.609922482829
29462,36.54396909559213,759.2399999995863,2080.630244370585
29463,36.54396909559213,759.2599999995863,2080.6505655280876
29464,36.54396909559213,759.2799999995863,2080.670885955342
29465,36.54396909559213,759.2999999995862,2080.6912056523524
29466,36.54396909559213,759.3199999995862,2080.7115246191242
29467,36.54396909559213,759.3399999995862,2080.7318428556614
29468,36.54396909559213,759.3599999995862,2080.7521603619693
29469,36.54396909559213,759.3799999995862,2080.772477138052
29470,36.54396909559213,759.3999999995862,2080.7927931839204
29471,36.54396909559213,759.4199999995861,2080.813108500355
29472,36.54396909559213,759.4399999995861,2080.8334230880887
29473,36.54396909559213,759.4599999995861,2080.853736947126
29474,36.54396909559213,759.4799999995861,2080.874050077472
29475,36.54396909559213,759.4999999995861,2080.8943624791314
29476,36.54396909559213,759.519999999586,2080.9146741521085
29477,36.54396909559213,759.539999999586,2080.9349850964086
29478,36.54396909559213,759.559999999586,2080.955295312036
29479,36.54396909559213,759.579999999586,2080.975604798996
29480,36.54396909559213,759.599999999586,2080.9959135572926
29481,36.54396909559213,759.619999999586,2081.0162215869314
29482,36.54396909559213,759.6399999995859,2081.0365288879166
29483,36.54396909559213,759.6599999995859,2081.0568354602533
29484,36.54396909559213,759.6799999995859,2081.077141303946
29485,36.54396909559213,759.6999999995859,2081.097446419
29486,36.48889953734288,759.7199999995859,2081.1177508054193
29487,36.48889953734288,759.7399999995858,2081.138054463209
29488,36.48889953734288,759.7599999995858,2081.1583573923735
29489,36.48889953734288,759.7799999995858,2081.178659592918
29490,36.48889953734288,759.7999999995858,2081.198961064847
29491,36.48889953734288,759.8199999995858,2081.2192618081654
29492,36.48889953734288,759.8399999995858,2081.239561822878
29493,36.48889953734288,759.8599999995857,2081.2598611089893
29494,36.48889953734288,759.8799999995857,2081.2801596665045
29495,36.48889953734288,759.8999999995857,2081.300457495428
29496,36.48889953734288,759.9199999995857,2081.320754595765
29497,36.48889953734288,759.9399999995857,2081.3410509675195
29498,36.48889953734288,759.9599999995856,2081.3613466106967
29499,36.48889953734288,759.9799999995856,2081.3816415253013
29500,36.48889953734288,759.9999999995856,2081.401935711338
29501,36.48889953734288,760.0199999995856,2081.4222291688116
29502,36.48889953734288,760.0399999995856,2081.4425218977267
29503,36.48889953734288,760.0599999995856,2081.4628138980884
29504,36.48889953734288,760.0799999995855,2081.483105169901
29505,36.48889953734288,760.0999999995855,2081.50339571317
29506,36.48889953734288,760.1199999995855,2081.5236855278995
29507,36.48889953734288,760.1399999995855,2081.543974614094
29508,36.48889953734288,760.1599999995855,2081.564262971759
29509,36.48889953734288,760.1799999995854,2081.5845506008986
29510,36.48889953734288,760.1999999995854,2081.604837501518
29511,36.48889953734288,760.2199999995854,2081.6251236736216
29512,36.48889953734288,760.2399999995854,2081.6454091172145
29513,36.48889953734288,760.2599999995854,2081.6656938323013
29514,36.48889953734288,760.2799999995854,2081.685977818887
29515,36.48889953734288,760.2999999995853,2081.706261076976
29516,36.48889953734288,760.3199999995853,2081.7265436065727
29517,36.48889953734288,760.3399999995853,2081.7468254076825
29518,36.48889953734288,760.3599999995853,2081.76710648031
29519,36.48889953734288,760.3799999995853,2081.7873868244596
29520,36.48889953734288,760.3999999995852,2081.807666440137
29521,36.48889953734288,760.4199999995852,2081.8279453273667
29522,36.48889953734288,760.4399999995852,2081.84822348692
29523,36.48889953734288,760.4599999995852,2081.8685009193778
29524,36.48889953734288,760.4799999995852,2081.888777624745
29525,36.48889953734288,760.4999999995852,2081.909053603027
29526,36.48889953734288,760.5199999995851,2081.9293288542285
29527,36.48889953734288,760.5399999995851,2081.949603378354
29528,36.48889953734288,760.5599999995851,2081.969877175408
29529,36.48889953734288,760.5799999995851,2081.9901502453954
29530,36.48889953734288,760.5999999995851,2082.0104225883215
29531,36.48889953734288,760.619999999585,2082.0306942041907
29532,36.48889953734288,760.639999999585,2082.0509650930076
29533,36.48889953734288,760.659999999585,2082.0712352547775
29534,36.48889953734288,760.679999999585,2082.0915046895047
29535,36.48889953734288,760.699999999585,2082.111773397194
29536,36.48889953734288,760.719999999585,2082.132041377851
29537,36.48889953734288,760.7399999995849,2082.152308631479
29538,36.48889953734288,760.7599999995849,2082.1725751580843
29539,36.48889953734288,760.7799999995849,2082.192840957671
29540,36.48889953734288,760.7999999995849,2082.2131060302436
29541,36.48889953734288,760.8199999995849,2082.2333703758077
29542,36.48889953734288,760.8399999995848,2082.253633994367
29543,36.48889953734288,760.8599999995848,2082.2738968859276
29544,36.48889953734288,760.8799999995848,2082.2941590504934
29545,36.48889953734288,760.8999999995848,2082.314420488069
29546,36.48889953734288,760.9199999995848,2082.33468119866
29547,36.48889953734288,760.9399999995848,2082.35494118227
29548,36.48889953734288,760.9599999995847,2082.375200438905
29549,36.48889953734288,760.9799999995847,2082.395458968569
29550,36.48889953734288,760.9999999995847,2082.4157167712674
29551,36.48889953734288,761.0199999995847,2082.4359738470043
29552,36.48889953734288,761.0399999995847,2082.456230195785
29553,36.48889953734288,761.0599999995846,2082.476485817614
29554,36.48889953734288,761.0799999995846,2082.4967407124964
29555,36.48889953734288,761.0999999995846,2082.5169948804364
29556,36.48889953734288,761.1199999995846,2082.537248321439
29557,36.48889953734288,761.1399999995846,2082.5575010355096
29558,36.48889953734288,761.1599999995846,2082.5777530226524
29559,36.48889953734288,761.1799999995845,2082.5980042828724
29560,36.48889953734288,761.1999999995845,2082.618254816174
29561,36.48889953734288,761.2199999995845,2082.6385046225623
29562,36.48889953734288,761.2399999995845,2082.6587537020423
29563,36.48889953734288,761.2599999995845,2082.679002054618
29564,36.48889953734288,761.2799999995844,2082.699249680295
29565,36.48889953734288,761.2999999995844,2082.7194965790777
29566,36.48889953734288,761.3199999995844,2082.739742750971
29567,36.48889953734288,761.3399999995844,2082.7599881959795
29568,36.48889953734288,761.3599999995844,2082.780232914108
29569,36.48889953734288,761.3799999995844,2082.800476905362
29570,36.48889953734288,761.3999999995843,2082.820720169745
29571,36.48889953734288,761.4199999995843,2082.840962707263
29572,36.48889953734288,761.4399999995843,2082.861204517959
29573,36.48889953734288,761.4599999995843,2082.88144560271
29574,36.48889953734288,761.4799999995843,2082.901685962042
29575,36.48889953734288,761.4999999995842,2082.92192559596
29576,36.48889953734288,761.5199999995842,2082.9421645044695
29577,36.48889953734288,761.5399999995842,2082.9624026875745
29578,36.48889953734288,761.5599999995842,2082.98264014528
29579,36.48889953734288,761.5799999995842,2083.002876877591
29580,36.48889953734288,761.5999999995842,2083.023112884512
29581,36.48889953734288,761.6199999995841,2083.0433481660484
29582,36.48889953734288,761.6399999995841,2083.0635827222045
29583,36.48889953734288,761.6599999995841,2083.0838165529854
29584,36.48889953734288,761.6799999995841,2083.1040496583955
29585,36.48889953734288,761.6999999995841,2083.12428203844
29586,36.48889953734288,761.719999999584,2083.1445136931234
29587,36.48889953734288,761.739999999584,2083.1647446224506
29588,36.48889953734288,761.759999999584,2083.1849748264267
29589,36.48889953734288,761.779999999584,2083.205204305056
29590,36.48889953734288,761.799999999584,2083.225433058344
29591,36.48889953734288,761.819999999584,2083.245661086295
29592,36.48889953734288,761.8399999995839,2083.265888388914
29593,36.48889953734288,761.8599999995839,2083.2861149662053
29594,36.48889953734288,761.8799999995839,2083.3063408181742
29595,36.48889953734288,761.8999999995839,2083.3265659448257
29596,36.48889953734288,761.9199999995839,2083.346790346164
29597,36.48889953734288,761.9399999995838,2083.367014022195
29598,36.48889953734288,761.9599999995838,2083.387236972922
29599,36.48889953734288,761.9799999995838,2083.407459198351
29600,36.48889953734288,761.9999999995838,2083.427680698486
29601,36.48889953734288,762.0199999995838,2083.447901473332
29602,36.48889953734288,762.0399999995838,2083.4681215228943
29603,36.48889953734288,762.0599999995837,2083.4883408471774
29604,36.48889953734288,762.0799999995837,2083.5085594461857
29605,36.48889953734288,762.0999999995837,2083.5287773199248
29606,36.48889953734288,762.1199999995837,2083.5489944683986
29607,36.48889953734288,762.1399999995837,2083.569210891613
29608,36.48889953734288,762.1599999995836,2083.5894265895718
29609,36.48889953734288,762.1799999995836,2083.60964156228
29610,36.48889953734288,762.1999999995836,2083.629855809743
29611,36.48889953734288,762.2199999995836,2083.650069331965
29612,36.48889953734288,762.2399999995836,2083.670282128951
29613,36.48889953734288,762.2599999995836,2083.690494200706
29614,36.48889953734288,762.2799999995835,2083.7107055472343
29615,36.48889953734288,762.2999999995835,2083.730916168541
29616,36.48889953734288,762.3199999995835,2083.751126064631
29617,36.48889953734288,762.3399999995835,2083.771335235509
29618,36.48889953734288,762.3599999995835,2083.79154368118
29619,36.48889953734288,762.3799999995834,2083.8117514016485
29620,36.48889953734288,762.3999999995834,2083.8319583969196
29621,36.48889953734288,762.4199999995834,2083.852164666998
29622,36.48889953734288,762.4399999995834,2083.872370211888
29623,36.48889953734288,762.4599999995834,2083.892575031651
29624,36.48889953734288,762.4799999995834,2083.912779127233
29625,36.48889953734288,762.4999999995833,2083.9329824990773
29626,36.48889953734288,762.5199999995833,2083.9531851471884
29627,36.48889953734288,762.5399999995833,2083.973387071571
29628,36.48889953734288,762.5599999995833,2083.99358827223
29629,36.48889953734288,762.5799999995833,2084.013788749171
29630,36.48889953734288,762.5999999995832,2084.0339885023977
29631,36.48889953734288,762.6199999995832,2084.0541875319154
29632,36.48889953734288,762.6399999995832,2084.074385837729
29633,36.48889953734288,762.6599999995832,2084.0945834198433
29634,36.48889953734288,762.6799999995832,2084.114780278263
29635,36.48889953734288,762.6999999995832,2084.134976412993
29636,36.48889953734288,762.7199999995831,2084.1551718240385
29637,36.48889953734288,762.7399999995831,2084.175366511404
29638,36.48889953734288,762.7599999995831,2084.1955604750938
29639,36.48889953734288,762.7799999995831,2084.2157537151134
29640,36.48889953734288,762.7999999995831,2084.2359462314676
29641,36.48889953734288,762.819999999583,2084.256138024161
29642,36.48889953734288,762.839999999583,2084.2763290931985
29643,36.48889953734288,762.859999999583,2084.296519438585
29644,36.48889953734288,762.879999999583,2084.3167090603256
29645,36.48889953734288,762.899999999583,2084.3368979584243
29646,36.48889953734288,762.919999999583,2084.3570861328867
29647,36.48889953734288,762.9399999995829,2084.3772735837174
29648,36.48889953734288,762.9599999995829,2084.397460310921
29649,36.48889953734288,762.9799999995829,2084.4176463145027
29650,36.48889953734288,762.9999999995829,2084.4378315944673
29651,36.48889953734288,763.0199999995829,2084.4580161508193
29652,36.48889953734288,763.0399999995828,2084.4781999835636
29653,36.48889953734288,763.0599999995828,2084.4983830927054
29654,36.48889953734288,763.0799999995828,2084.518565478249
29655,36.48889953734288,763.0999999995828,2084.5387471401996
29656,36.48889953734288,763.1199999995828,2084.5589280785616
29657,36.48889953734288,763.1399999995828,2084.5791082933406
29658,36.48889953734288,763.1599999995827,2084.5992877845406
29659,36.48889953734288,763.1799999995827,2084.619466552167
29660,36.48889953734288,763.1999999995827,2084.6396445962246
29661,36.48889953734288,763.2199999995827,2084.6598219167176
29662,36.48889953734288,763.2399999995827,2084.6799985136513
29663,36.48889953734288,763.2599999995826,2084.7001743870305
29664,36.48889953734288,763.2799999995826,2084.7203495368603
29665,36.48889953734288,763.2999999995826,2084.7405239631453
29666,36.48889953734288,763.3199999995826,2084.76069766589
29667,36.48889953734288,763.3399999995826,2084.780870645099
29668,36.48889953734288,763.3599999995826,2084.801042900778
29669,36.48889953734288,763.3799999995825,2084.821214432932
29670,36.48889953734288,763.3999999995825,2084.8413852415647
29671,36.48889953734288,763.4199999995825,2084.8615553266814
29672,36.48889953734288,763.4399999995825,2084.8817246882872
29673,36.48889953734288,763.4599999995825,2084.901893326387
29674,36.48889953734288,763.4799999995824,2084.9220612410613
29675,36.48889953734288,763.4999999995824,2084.9422284333705
29676,36.48889953734288,763.5199999995824,2084.962394903689
29677,36.48889953734288,763.5399999995824,2084.982560652022
29678,36.48889953734288,763.5599999995824,2085.0027256783746
29679,36.48889953734288,763.5799999995824,2085.022889982751
29680,36.48889953734288,763.5999999995823,2085.0430535651567
29681,36.48889953734288,763.6199999995823,2085.063216425596
29682,36.48889953734288,763.6399999995823,2085.0833785640734
29683,36.48889953734288,763.6599999995823,2085.1035399805946
29684,36.48889953734288,763.6799999995823,2085.1237006751644
29685,36.48889953734288,763.6999999995822,2085.1438606477873
29686,36.48889953734288,763.7199999995822,2085.1640198984683
29687,36.48889953734288,763.7399999995822,2085.184178427212
29688,36.48889953734288,763.7599999995822,2085.2043362340237
29689,36.48889953734288,763.7799999995822,2085.2244933189077
29690,36.48889953734288,763.7999999995822,2085.2446496818693
29691,36.48889953734288,763.8199999995821,2085.264805322913
29692,36.43396815111693,763.8399999995821,2085.2849602420442
29693,36.43396815111693,763.8599999995821,2085.3051144392675
29694,36.43396815111693,763.8799999995821,2085.3252679145876
29695,36.43396815111693,763.8999999995821,2085.3454206680094
29696,36.43396815111693,763.919999999582,2085.3655726995376
29697,36.43396815111693,763.939999999582,2085.385724009177
29698,36.43396815111693,763.959999999582,2085.405874596933
29699,36.43396815111693,763.979999999582,2085.42602446281
29700,36.43396815111693,763.999999999582,2085.446173606813
29701,36.43396815111693,764.019999999582,2085.4663220289467
29702,36.43396815111693,764.0399999995819,2085.486469729216
29703,36.43396815111693,764.0599999995819,2085.506616707626
29704,36.43396815111693,764.0799999995819,2085.526762964181
29705,36.43396815111693,764.0999999995819,2085.5469084988868
29706,36.43396815111693,764.1199999995819,2085.5670533117473
29707,36.43396815111693,764.1399999995818,2085.5871974027677
29708,36.43396815111693,764.1599999995818,2085.6073407719527
29709,36.43396815111693,764.1799999995818,2085.6274834193073
29710,36.43396815111693,764.1999999995818,2085.6476253448363
29711,36.43396815111693,764.2199999995818,2085.667766548545
29712,36.43396815111693,764.2399999995818,2085.6879070304376
29713,36.43396815111693,764.2599999995817,2085.7080467905193
29714,36.43396815111693,764.2799999995817,2085.7281858287947
29715,36.43396815111693,764.2999999995817,2085.7483241452687
29716,36.43396815111693,764.3199999995817,2085.7684617399464
29717,36.43396815111693,764.3399999995817,2085.788598612832
29718,36.43396815111693,764.3599999995816,2085.808734763931
29719,36.43396815111693,764.3799999995816,2085.8288701932483
29720,36.43396815111693,764.3999999995816,2085.8490049007883
29721,36.43396815111693,764.4199999995816,2085.8691388865564
29722,36.43396815111693,764.4399999995816,2085.8892721505567
29723,36.43396815111693,764.4599999995816,2085.909404692795
29724,36.43396815111693,764.4799999995815,2085.9295365132753
29725,36.43396815111693,764.4999999995815,2085.949667612087
29726,36.43396815111693,764.5199999995815,2085.969797990252
29727,36.43396815111693,764.5399999995815,2085.9899276480282
29728,36.43396815111693,764.5599999995815,2086.010056585421
29729,36.43396815111693,764.5799999995814,2086.0301848024346
29730,36.43396815111693,764.5999999995814,2086.050312299074
29731,36.43396815111693,764.6199999995814,2086.0704390753444
29732,36.43396815111693,764.6399999995814,2086.0905651312505
29733,36.43396815111693,764.6599999995814,2086.110690466797
29734,36.43396815111693,764.6799999995814,2086.1308150819896
29735,36.43396815111693,764.6999999995813,2086.150938976832
29736,36.43396815111693,764.7199999995813,2086.17106215133
29737,36.43396815111693,764.7399999995813,2086.1911846054877
29738,36.43396815111693,764.7599999995813,2086.211306339311
29739,36.43396815111693,764.7799999995813,2086.2314273528036
29740,36.43396815111693,764.7999999995812,2086.251547645971
29741,36.43396815111693,764.8199999995812,2086.271667218818
29742,36.43396815111693,764.8399999995812,2086.2917860713496
29743,36.43396815111693,764.8599999995812,2086.3119042035705
29744,36.43396815111693,764.8799999995812,2086.3320216154857
29745,36.43396815111693,764.8999999995812,2086.3521383070997
29746,36.43396815111693,764.9199999995811,2086.372254278418
29747,36.43396815111693,764.9399999995811,2086.392369529445
29748,36.43396815111693,764.9599999995811,2086.4124840601858
29749,36.43396815111693,764.9799999995811,2086.432597870645
29750,36.43396815111693,764.9999999995811,2086.452710960828
29751,36.43396815111693,765.019999999581,2086.472823330739
29752,36.43396815111693,765.039999999581,2086.4929349803833
29753,36.43396815111693,765.059999999581,2086.513045909766
29754,36.43396815111693,765.079999999581,2086.5331561188914
29755,36.43396815111693,765.099999999581,2086.5532656077644
29756,36.43396815111693,765.119999999581,2086.5733743763903
29757,36.43396815111693,765.1399999995809,2086.593482424774
29758,36.43396815111693,765.1599999995809,2086.61358975292
29759,36.43396815111693,765.1799999995809,2086.633696360833
29760,36.43396815111693,765.1999999995809,2086.653802248518
29761,36.43396815111693,765.2199999995809,2086.67390741598
29762,36.43396815111693,765.2399999995808,2086.694011863224
29763,36.43396815111693,765.2599999995808,2086.714115590255
29764,36.43396815111693,765.2799999995808,2086.734218597078
29765,36.43396815111693,765.2999999995808,2086.754320883697
29766,36.43396815111693,765.3199999995808,2086.7744224501175
29767,36.43396815111693,765.3399999995808,2086.7945232963443
29768,36.43396815111693,765.3599999995807,2086.8146234223823
29769,36.43396815111693,765.3799999995807,2086.8347228282364
29770,36.43396815111693,765.3999999995807,2086.8548215139112
29771,36.43396815111693,765.4199999995807,2086.874919479412
29772,36.43396815111693,765.4399999995807,2086.895016724743
29773,36.43396815111693,765.4599999995806,2086.9151132499096
29774,36.43396815111693,765.4799999995806,2086.9352090549164
29775,36.43396815111693,765.4999999995806,2086.9553041397685
29776,36.43396815111693,765.5199999995806,2086.9753985045763
29777,36.43396815111693,765.5399999995806,2086.9954921504755
29778,36.43396815111693,765.5599999995806,2087.015585077653
29779,36.43396815111693,765.5799999995805,2087.035677286114
29780,36.43396815111693,765.5999999995805,2087.0557687758633
29781,36.43396815111693,765.6199999995805,2087.0758595469056
29782,36.43396815111693,765.6399999995805,2087.0959495992456
29783,36.43396815111693,765.6599999995805,2087.116038932889
29784,36.43396815111693,765.6799999995804,2087.13612754784
29785,36.43396815111693,765.6999999995804,2087.156215444103
29786,36.43396815111693,765.7199999995804,2087.176302621684
29787,36.43396815111693,765.7399999995804,2087.1963890805873
29788,36.43396815111693,765.7599999995804,2087.216474820818
29789,36.43396815111693,765.7799999995804,2087.2365598423808
29790,36.43396815111693,765.7999999995803,2087.256644145281
29791,36.43396815111693,765.8199999995803,2087.276727729523
29792,36.43396815111693,765.8399999995803,2087.2968105951118
29793,36.43396815111693,765.8599999995803,2087.3168927420525
29794,36.43396815111693,765.8799999995803,2087.33697417035
29795,36.43396815111693,765.8999999995802,2087.357054880009
29796,36.43396815111693,765.9199999995802,2087.3771348710343
29797,36.43396815111693,765.9399999995802,2087.397214143431
29798,36.43396815111693,765.9599999995802,2087.417292697204
29799,36.43396815111693,765.9799999995802,2087.4373705323583
29800,36.43396815111693,765.9999999995802,2087.4574476488983
29801,36.43396815111693,766.0199999995801,2087.4775240468293
29802,36.43396815111693,766.0399999995801,2087.4975997261563
29803,36.43396815111693,766.0599999995801,2087.5176746868838
29804,36.43396815111693,766.0799999995801,2087.537748929017
29805,36.43396815111693,766.0999999995801,2087.557822452561
29806,36.43396815111693,766.11999999958,2087.57789525752
29807,36.43396815111693,766.13999999958,2087.5979673438997
29808,36.43396815111693,766.15999999958,2087.6180387117042
29809,36.43396815111693,766.17999999958,2087.638109360939
29810,36.43396815111693,766.19999999958,2087.6581792916086
29811,36.43396815111693,766.21999999958,2087.678248503718
29812,36.43396815111693,766.2399999995799,2087.698316997272
29813,36.43396815111693,766.2599999995799,2087.7183847722754
29814,36.43396815111693,766.2799999995799,2087.7384518287336
29815,36.43396815111693,766.2999999995799,2087.758518166651
29816,36.43396815111693,766.3199999995799,2087.778583786033
29817,36.43396815111693,766.3399999995798,2087.798648686884
29818,36.43396815111693,766.3599999995798,2087.818712869209
29819,36.43396815111693,766.3799999995798,2087.838776333013
29820,36.43396815111693,766.3999999995798,2087.8588390783007
29821,36.43396815111693,766.4199999995798,2087.878901105077
29822,36.43396815111693,766.4399999995798,2087.898962413347
29823,36.43396815111693,766.4599999995797,2087.9190230031154
29824,36.43396815111693,766.4799999995797,2087.939082874387
29825,36.43396815111693,766.4999999995797,2087.959142027167
29826,36.43396815111693,766.5199999995797,2087.9792004614606
29827,36.43396815111693,766.5399999995797,2087.99925817741
29828,36.43396815111693,766.5599999995796,2088.0193151761882
29829,36.43396815111693,766.5799999995796,2088.0393714579145
29830,36.43396815111693,766.5999999995796,2088.059427022594
29831,36.43396815111693,766.6199999995796,2088.079481870231
29832,36.43396815111693,766.6399999995796,2088.0995360008314
29833,36.43396815111693,766.6599999995796,2088.1195894143993
29834,36.43396815111693,766.6799999995795,2088.13964211094
29835,36.43396815111693,766.6999999995795,2088.159694090458
29836,36.43396815111693,766.7199999995795,2088.1797453529584
29837,36.43396815111693,766.7399999995795,2088.1997958984466
29838,36.43396815111693,766.7599999995795,2088.219845726927
29839,36.43396815111693,766.7799999995794,2088.239894838405
29840,36.43396815111693,766.7999999995794,2088.259943232885
29841,36.43396815111693,766.8199999995794,2088.2799909103715
29842,36.43396815111693,766.8399999995794,2088.3000378708703
29843,36.43396815111693,766.8599999995794,2088.3200841143857
29844,36.43396815111693,766.8799999995794,2088.3401296409234
29845,36.43396815111693,766.8999999995793,2088.3601744504876
29846,36.43396815111693,766.9199999995793,2088.380218543083
29847,36.43396815111693,766.9399999995793,2088.4002619187154
29848,36.43396815111693,766.9599999995793,2088.420304577389
29849,36.43396815111693,766.9799999995793,2088.440346519109
29850,36.43396815111693,766.9999999995792,2088.4603877438803
29851,36.43396815111693,767.0199999995792,2088.4804282517075
29852,36.43396815111693,767.0399999995792,2088.500468042596
29853,36.43396815111693,767.0599999995792,2088.52050711655
29854,36.43396815111693,767.0799999995792,2088.5405454735755
29855,36.43396815111693,767.0999999995792,2088.560583113677
29856,36.43396815111693,767.1199999995791,2088.5806200368584
29857,36.43396815111693,767.1399999995791,2088.6006562431257
29858,36.43396815111693,767.1599999995791,2088.6206917324835
29859,36.43396815111693,767.1799999995791,2088.6407265049365
29860,36.43396815111693,767.1999999995791,2088.66076056049
29861,36.43396815111693,767.219999999579,2088.6807938991487
29862,36.43396815111693,767.239999999579,2088.7008265209174
29863,36.43396815111693,767.259999999579,2088.7208584258015
29864,36.43396815111693,767.279999999579,2088.7408896138054
29865,36.43396815111693,767.299999999579,2088.7609200849342
29866,36.43396815111693,767.319999999579,2088.7809498391925
29867,36.43396815111693,767.3399999995789,2088.8009788765858
29868,36.43396815111693,767.3599999995789,2088.8210071971184
29869,36.43396815111693,767.3799999995789,2088.8410348007956
29870,36.43396815111693,767.3999999995789,2088.861061687622
29871,36.43396815111693,767.4199999995789,2088.881087857603
29872,36.43396815111693,767.4399999995788,2088.901113310743
29873,36.43396815111693,767.4599999995788,2088.921138047047
29874,36.43396815111693,767.4799999995788,2088.94116206652
29875,36.43396815111693,767.4999999995788,2088.961185369167
29876,36.43396815111693,767.5199999995788,2088.981207954993
29877,36.43396815111693,767.5399999995788,2089.001229824002
29878,36.43396815111693,767.5599999995787,2089.021250976432
29879,36.43396815111693,767.5799999995787,2089.041271413436
29880,36.43396815111693,767.5999999995787,2089.0612911351204
29881,36.43396815111693,767.6199999995787,2089.081310141491
29882,36.43396815111693,767.6399999995787,2089.1013284325522
29883,36.43396815111693,767.6599999995786,2089.121346008309
29884,36.43396815111693,767.6799999995786,2089.1413628687665
29885,36.43396815111693,767.6999999995786,2089.1613790139295
29886,36.43396815111693,767.7199999995786,2089.181394443803
29887,36.43396815111693,767.7399999995786,2089.201409158392
29888,36.43396815111693,767.7599999995786,2089.2214231577013
29889,36.43396815111693,767.7799999995785,2089.241436441736
29890,36.43396815111693,767.7999999995785,2089.2614490105007
29891,36.43396815111693,767.8199999995785,2089.2814608640006
29892,36.43396815111693,767.8399999995785,2089.3014720022406
29893,36.43396815111693,767.8599999995785,2089.321482425226
29894,36.43396815111693,767.8799999995784,2089.341492132961
29895,36.43396815111693,767.8999999995784,2089.361501125451
29896,36.43396815111693,767.9199999995784,2089.381509402701
29897,36.43396815111693,767.9399999995784,2089.4015169647155
29898,36.37917445204907,767.9599999995784,2089.4215238115
29899,36.37917445204907,767.9799999995784,2089.4415299430584
29900,36.37917445204907,767.9999999995783,2089.4615353593967
29901,36.37917445204907,768.0199999995783,2089.48154006052
29902,36.37917445204907,768.0399999995783,2089.501544046432
29903,36.37917445204907,768.0599999995783,2089.521547317139
29904,36.37917445204907,768.0799999995783,2089.5415498726447
29905,36.37917445204907,768.0999999995782,2089.561551712955
29906,36.37917445204907,768.1199999995782,2089.5815528380745
29907,36.37917445204907,768.1399999995782,2089.601553248008
29908,36.37917445204907,768.1599999995782,2089.62155294276
29909,36.37917445204907,768.1799999995782,2089.6415519223365
29910,36.37917445204907,768.1999999995782,2089.661550186742
29911,36.37917445204907,768.2199999995781,2089.681547735981
29912,36.37917445204907,768.2399999995781,2089.7015445700586
29913,36.37917445204907,768.2599999995781,2089.72154068898
29914,36.37917445204907,768.2799999995781,2089.74153609275
29915,36.37917445204907,768.2999999995781,2089.7615307813735
29916,36.37917445204907,768.319999999578,2089.7815247548556
29917,36.37917445204907,768.339999999578,2089.801518013201
29918,36.37917445204907,768.359999999578,2089.821510556415
29919,36.37917445204907,768.379999999578,2089.841502384502
29920,36.37917445204907,768.399999999578,2089.861493497467
29921,36.37917445204907,768.419999999578,2089.8814838953153
29922,36.37917445204907,768.4399999995779,2089.9014735780515
29923,36.37917445204907,768.4599999995779,2089.9214625456807
29924,36.37917445204907,768.4799999995779,2089.941450798208
29925,36.37917445204907,768.4999999995779,2089.961438335638
29926,36.37917445204907,768.5199999995779,2089.9814251579755
29927,36.37917445204907,768.5399999995778,2090.0014112652484
29928,36.37917445204907,768.5599999995778,2090.0213966585175
29929,36.37917445204907,768.5799999995778,2090.0413813389277
29930,36.37917445204907,768.5999999995778,2090.061365307459
29931,36.37917445204907,768.6199999995778,2090.081348564192
29932,36.37917445204907,768.6399999995778,2090.1013311091324
29933,36.37917445204907,768.6599999995777,2090.121312942285
29934,36.37917445204907,768.6799999995777,2090.1412940636546
29935,36.37917445204907,768.6999999995777,2090.161274473247
29936,36.37917445204907,768.7199999995777,2090.1812541710665
29937,36.37917445204907,768.7399999995777,2090.201233157118
29938,36.37917445204907,768.7599999995776,2090.221211431407
29939,36.37917445204907,768.7799999995776,2090.2411889939385
29940,36.37917445204907,768.7999999995776,2090.261165844717
29941,36.37917445204907,768.8199999995776,2090.281141983748
29942,36.37917445204907,768.8399999995776,2090.3011174110366
29943,36.37917445204907,768.8599999995776,2090.3210921265872
29944,36.37917445204907,768.8799999995775,2090.3410661304056
29945,36.37917445204907,768.8999999995775,2090.3610394224966
29946,36.37917445204907,768.9199999995775,2090.3810120028647
29947,36.37917445204907,768.9399999995775,2090.4009838715156
29948,36.37917445204907,768.9599999995775,2090.420955028454
29949,36.37917445204907,768.9799999995774,2090.4409254736847
29950,36.37917445204907,768.9999999995774,2090.460895207213
29951,36.37917445204907,769.0199999995774,2090.480864229044
29952,36.37917445204907,769.0399999995774,2090.5008325391827
29953,36.37917445204907,769.0599999995774,2090.520800137634
29954,36.37917445204907,769.0799999995774,2090.540767024403
29955,36.37917445204907,769.0999999995773,2090.5607331994947
29956,36.37917445204907,769.1199999995773,2090.580698662914
29957,36.37917445204907,769.1399999995773,2090.600663414666
29958,36.37917445204907,769.1599999995773,2090.620627454756
29959,36.37917445204907,769.1799999995773,2090.640590783188
29960,36.37917445204907,769.1999999995772,2090.6605533999686
29961,36.37917445204907,769.2199999995772,2090.680515305102
29962,36.37917445204907,769.2399999995772,2090.7004764985927
29963,36.37917445204907,769.2599999995772,2090.7204369804463
29964,36.37917445204907,769.2799999995772,2090.740396750668
29965,36.37917445204907,769.2999999995772,2090.7603558092624
29966,36.37917445204907,769.3199999995771,2090.780314156235
29967,36.37917445204907,769.3399999995771,2090.80027179159
29968,36.37917445204907,769.3599999995771,2090.8202287153335
29969,36.37917445204907,769.3799999995771,2090.8401849274696
29970,36.37917445204907,769.3999999995771,2090.860140428004
29971,36.37917445204907,769.419999999577,2090.880095216941
29972,36.37917445204907,769.439999999577,2090.900049294286
29973,36.37917445204907,769.459999999577,2090.9200026600442
29974,36.37917445204907,769.479999999577,2090.9399553142202
29975,36.37917445204907,769.499999999577,2090.9599072568194
29976,36.37917445204907,769.519999999577,2090.9798584878467
29977,36.37917445204907,769.5399999995769,2090.9998090073072
29978,36.37917445204907,769.5599999995769,2091.0197588152055
29979,36.37917445204907,769.5799999995769,2091.039707911547
29980,36.37917445204907,769.5999999995769,2091.059656296721
29981,36.37917445204907,769.6199999995769,2091.079603971688
29982,36.37917445204907,769.6399999995768,2091.0995509365152
29983,36.37917445204907,769.6599999995768,2091.119497191208
29984,36.37917445204907,769.6799999995768,2091.1394427357723
29985,36.37917445204907,769.6999999995768,2091.159387570212
29986,36.37917445204907,769.7199999995768,2091.1793316945327
29987,36.37917445204907,769.7399999995768,2091.1992751087396
29988,36.37917445204907,769.7599999995767,2091.219217812837
29989,36.37917445204907,769.7799999995767,2091.2391598068307
29990,36.37917445204907,769.7999999995767,2091.2591010907254
29991,36.37917445204907,769.8199999995767,2091.279041664526
29992,36.37917445204907,769.8399999995767,2091.298981528238
29993,36.37917445204907,769.8599999995766,2091.318920681866
29994,36.37917445204907,769.8799999995766,2091.3388591254156
29995,36.37917445204907,769.8999999995766,2091.3587968588913
29996,36.37917445204907,769.9199999995766,2091.378733882298
29997,36.37917445204907,769.9399999995766,2091.3986701956414
29998,36.37917445204907,769.9599999995766,2091.418605798926
29999,36.37917445204907,769.9799999995765,2091.438540692157
30000,36.37917445204907,769.9999999995765,2091.4584748753396
30001,36.37917445204907,770.0199999995765,2091.4784083484783
30002,36.37917445204907,770.0399999995765,2091.4983411115786
30003,36.37917445204907,770.0599999995765,2091.5182731646455
30004,36.37917445204907,770.0799999995764,2091.538204507684
30005,36.37917445204907,770.0999999995764,2091.558135140699
30006,36.37917445204907,770.1199999995764,2091.5780650636957
30007,36.37917445204907,770.1399999995764,2091.597994276679
30008,36.37917445204907,770.1599999995764,2091.6179227796542
30009,36.37917445204907,770.1799999995764,2091.637850572626
30010,36.37917445204907,770.1999999995763,2091.6577776555996
30011,36.37917445204907,770.2199999995763,2091.67770402858
30012,36.37917445204907,770.2399999995763,2091.6976296915723
30013,36.37917445204907,770.2599999995763,2091.7175546445815
30014,36.37917445204907,770.2799999995763,2091.7374788876127
30015,36.37917445204907,770.2999999995762,2091.757402420671
30016,36.37917445204907,770.3199999995762,2091.777325243761
30017,36.37917445204907,770.3399999995762,2091.797247356888
30018,36.37917445204907,770.3599999995762,2091.817168760057
30019,36.37917445204907,770.3799999995762,2091.837089453273
30020,36.37917445204907,770.3999999995762,2091.8570094365414
30021,36.37917445204907,770.4199999995761,2091.8769287098667
30022,36.37917445204907,770.4399999995761,2091.8968472732545
30023,36.37917445204907,770.4599999995761,2091.9167651267094
30024,36.37917445204907,770.4799999995761,2091.9366822702364
30025,36.37917445204907,770.4999999995761,2091.956598703841
30026,36.37917445204907,770.519999999576,2091.9765144275275
30027,36.37917445204907,770.539999999576,2091.9964294413016
30028,36.37917445204907,770.559999999576,2092.016343745168
30029,36.37917445204907,770.579999999576,2092.0362573391317
30030,36.37917445204907,770.599999999576,2092.056170223198
30031,36.37917445204907,770.619999999576,2092.07608239784
30032,36.37917445204907,770.6399999995759,2092.095993863952
30033,36.37917445204907,770.6599999995759,2092.115904621586
30034,36.37917445204907,770.6799999995759,2092.1358146707475
30035,36.37917445204907,770.6999999995759,2092.155724011441
30036,36.37917445204907,770.7199999995759,2092.1756326436725
30037,36.37917445204907,770.7399999995758,2092.195540567446
30038,36.37917445204907,770.7599999995758,2092.215447782767
30039,36.37917445204907,770.7799999995758,2092.235354289641
30040,36.37917445204907,770.7999999995758,2092.255260088072
30041,36.37917445204907,770.8199999995758,2092.2751651780663
30042,36.37917445204907,770.8399999995758,2092.295069559628
30043,36.37917445204907,770.8599999995757,2092.3149732327624
30044,36.37917445204907,770.8799999995757,2092.334876197475
30045,36.37917445204907,770.8999999995757,2092.35477845377
30046,36.37917445204907,770.9199999995757,2092.374680001653
30047,36.37917445204907,770.9399999995757,2092.394580841129
30048,36.37917445204907,770.9599999995756,2092.4144809722034
30049,36.37917445204907,770.9799999995756,2092.4343803948805
30050,36.37917445204907,770.9999999995756,2092.454279109166
30051,36.37917445204907,771.0199999995756,2092.4741771150643
30052,36.37917445204907,771.0399999995756,2092.494074412581
30053,36.37917445204907,771.0599999995756,2092.513971001721
30054,36.37917445204907,771.0799999995755,2092.5338668824897
30055,36.37917445204907,771.0999999995755,2092.5537620548916
30056,36.37917445204907,771.1199999995755,2092.5736565189322
30057,36.37917445204907,771.1399999995755,2092.593550274616
30058,36.37917445204907,771.1599999995755,2092.6134433219486
30059,36.37917445204907,771.1799999995754,2092.633335660935
30060,36.37917445204907,771.1999999995754,2092.6532272915797
30061,36.37917445204907,771.2199999995754,2092.6731182138883
30062,36.37917445204907,771.2399999995754,2092.6930084278656
30063,36.37917445204907,771.2599999995754,2092.712897933517
30064,36.37917445204907,771.2799999995754,2092.7327867308472
30065,36.37917445204907,771.2999999995753,2092.7526748198616
30066,36.37917445204907,771.3199999995753,2092.7725622005646
30067,36.37917445204907,771.3399999995753,2092.792448872962
30068,36.37917445204907,771.3599999995753,2092.812334837058
30069,36.37917445204907,771.3799999995753,2092.8322200928587
30070,36.37917445204907,771.3999999995752,2092.8521046403685
30071,36.37917445204907,771.4199999995752,2092.8719884795923
30072,36.37917445204907,771.4399999995752,2092.8918716105354
30073,36.37917445204907,771.4599999995752,2092.911754033203
30074,36.37917445204907,771.4799999995752,2092.9316357476
30075,36.37917445204907,771.4999999995752,2092.9515167537315
30076,36.37917445204907,771.5199999995751,2092.9713970516027
30077,36.37917445204907,771.5399999995751,2092.9912766412185
30078,36.37917445204907,771.5599999995751,2093.0111555225835
30079,36.37917445204907,771.5799999995751,2093.031033695703
30080,36.37917445204907,771.5999999995751,2093.050911160583
30081,36.37917445204907,771.619999999575,2093.0707879172273
30082,36.37917445204907,771.639999999575,2093.0906639662176
30083,36.37917445204907,771.659999999575,2093.1105393084204
30084,36.37917445204907,771.679999999575,2093.1304139438726
30085,36.37917445204907,771.699999999575,2093.150287872579
30086,36.37917445204907,771.719999999575,2093.170161094545
30087,36.37917445204907,771.7399999995749,2093.190033609776
30088,36.37917445204907,771.7599999995749,2093.2099054182763
30089,36.37917445204907,771.7799999995749,2093.2297765200515
30090,36.37917445204907,771.7999999995749,2093.2496469151065
30091,36.37917445204907,771.8199999995749,2093.2695166034464
30092,36.37917445204907,771.8399999995748,2093.289385585076
30093,36.37917445204907,771.8599999995748,2093.3092538600013
30094,36.37917445204907,771.8799999995748,2093.3291214282262
30095,36.37917445204907,771.8999999995748,2093.3489882897566
30096,36.37917445204907,771.9199999995748,2093.368854444597
30097,36.37917445204907,771.9399999995748,2093.388719892753
30098,36.37917445204907,771.9599999995747,2093.4085846342296
30099,36.37917445204907,771.9799999995747,2093.4284486690317
30100,36.37917445204907,771.9999999995747,2093.448311997164
30101,36.37917445204907,772.0199999995747,2093.4681746186325
30102,36.37917445204907,772.0399999995747,2093.4880365334416
30103,36.37917445204907,772.0599999995746,2093.5078977415965
30104,36.37917445204907,772.0799999995746,2093.5277582431027
30105,36.37917445204907,772.0999999995746,2093.5476180379646
30106,36.37917445204907,772.1199999995746,2093.567477126188
30107,36.37917445204907,772.1399999995746,2093.587335507777
30108,36.37917445204907,772.1599999995746,2093.6071931827373
30109,36.37917445204907,772.1799999995745,2093.6270501510744
30110,36.37917445204907,772.1999999995745,2093.6469064127928
30111,36.32451795745953,772.2199999995745,2093.6667619678974
30112,36.32451795745953,772.2399999995745,2093.686616816394
30113,36.32451795745953,772.2599999995745,2093.706470958287
30114,36.32451795745953,772.2799999995744,2093.7263243935818
30115,36.32451795745953,772.2999999995744,2093.7461771222834
30116,36.32451795745953,772.3199999995744,2093.766029144397
30117,36.32451795745953,772.3399999995744,2093.7858804599277
30118,36.32451795745953,772.3599999995744,2093.8057310688805
30119,36.32451795745953,772.3799999995744,2093.8255809712605
30120,36.32451795745953,772.3999999995743,2093.8454301670727
30121,36.32451795745953,772.4199999995743,2093.865278656322
30122,36.32451795745953,772.4399999995743,2093.8851264390137
30123,36.32451795745953,772.4599999995743,2093.904973515153
30124,36.32451795745953,772.4799999995743,2093.9248198847445
30125,36.32451795745953,772.4999999995742,2093.9446655477936
30126,36.32451795745953,772.5199999995742,2093.9645105043055
30127,36.32451795745953,772.5399999995742,2093.984354754285
30128,36.32451795745953,772.5599999995742,2094.0041982977373
30129,36.32451795745953,772.5799999995742,2094.0240411346676
30130,36.32451795745953,772.5999999995742,2094.043883265081
30131,36.32451795745953,772.6199999995741,2094.0637246889823
30132,36.32451795745953,772.6399999995741,2094.0835654063767
30133,36.32451795745953,772.6599999995741,2094.1034054178676
30134,36.32451795745953,772.6799999995741,2094.1232447241755
30135,36.32451795745953,772.6999999995741,2094.143083325318
30136,36.32451795745953,772.719999999574,2094.1629212213006
30137,36.32451795745953,772.739999999574,2094.182758412128
30138,36.32451795745953,772.759999999574,2094.2025948978053
30139,36.32451795745953,772.779999999574,2094.2224306783382
30140,36.32451795745953,772.799999999574,2094.2422657537313
30141,36.32451795745953,772.819999999574,2094.26210012399
30142,36.32451795745953,772.8399999995739,2094.281933789119
30143,36.32451795745953,772.8599999995739,2094.301766749124
30144,36.32451795745953,772.8799999995739,2094.32159900401
30145,36.32451795745953,772.8999999995739,2094.3414305537817
30146,36.32451795745953,772.9199999995739,2094.3612613984446
30147,36.32451795745953,772.9399999995738,2094.3810915380036
30148,36.32451795745953,772.9599999995738,2094.400920972464
30149,36.32451795745953,772.9799999995738,2094.4207497018306
30150,36.32451795745953,772.9999999995738,2094.4405777261086
30151,36.32451795745953,773.0199999995738,2094.4604050453036
30152,36.32451795745953,773.0399999995738,2094.48023165942
30153,36.32451795745953,773.0599999995737,2094.5000575684635
30154,36.32451795745953,773.0799999995737,2094.519882772439
30155,36.32451795745953,773.0999999995737,2094.5397072713513
30156,36.32451795745953,773.1199999995737,2094.559531065206
30157,36.32451795745953,773.1399999995737,2094.5793541540083
30158,36.32451795745953,773.1599999995736,2094.599176537763
30159,36.32451795745953,773.1799999995736,2094.618998216475
30160,36.32451795745953,773.1999999995736,2094.6388191901497
30161,36.32451795745953,773.2199999995736,2094.658639458792
30162,36.32451795745953,773.2399999995736,2094.6784590224074
30163,36.32451795745953,773.2599999995736,2094.6982778810006
30164,36.32451795745953,773.2799999995735,2094.7180960345772
30165,36.32451795745953,773.2999999995735,2094.7379134831417
30166,36.32451795745953,773.3199999995735,2094.7577302266996
30167,36.32451795745953,773.3399999995735,2094.777546265256
30168,36.32451795745953,773.3599999995735,2094.797361598816
30169,36.32451795745953,773.3799999995734,2094.817176227385
30170,36.32451795745953,773.3999999995734,2094.8369901509677
30171,36.32451795745953,773.4199999995734,2094.856803369569
30172,36.32451795745953,773.4399999995734,2094.8766158831945
30173,36.32451795745953,773.4599999995734,2094.896427691849
30174,36.32451795745953,773.4799999995734,2094.916238795538
30175,36.32451795745953,773.4999999995733,2094.936049194266
30176,36.32451795745953,773.5199999995733,2094.9558588880386
30177,36.32451795745953,773.5399999995733,2094.975667876861
30178,36.32451795745953,773.5599999995733,2094.995476160738
30179,36.32451795745953,773.5799999995733,2095.0152837396745
30180,36.32451795745953,773.5999999995732,2095.035090613676
30181,36.32451795745953,773.6199999995732,2095.054896782747
30182,36.32451795745953,773.6399999995732,2095.0747022468936
30183,36.32451795745953,773.6599999995732,2095.094507006123
30184,36.32451795745953,773.6799999995732,2095.114311061146
30185,36.32451795745953,773.6999999995732,2095.134114412648
30186,36.32451795745953,773.7199999995731,2095.1539170606343
30187,36.32451795745953,773.7399999995731,2095.17371900511
30188,36.32451795745953,773.7599999995731,2095.19352024608
30189,36.32451795745953,773.7799999995731,2095.2133207835495
30190,36.32451795745953,773.7999999995731,2095.233120617524
30191,36.32451795745953,773.819999999573,2095.2529197480085
30192,36.32451795745953,773.839999999573,2095.272718175008
30193,36.32451795745953,773.859999999573,2095.292515898527
30194,36.32451795745953,773.879999999573,2095.312312918572
30195,36.32451795745953,773.899999999573,2095.332109235147
30196,36.32451795745953,773.919999999573,2095.3519048482576
30197,36.32451795745953,773.9399999995729,2095.371699757909
30198,36.32451795745953,773.9599999995729,2095.3914939641063
30199,36.32451795745953,773.9799999995729,2095.4112874668544
30200,36.32451795745953,773.9999999995729,2095.431080266159
30201,36.32451795745953,774.0199999995729,2095.4508723620247
30202,36.32451795745953,774.0399999995728,2095.470663754457
30203,36.32451795745953,774.0599999995728,2095.4904544434603
30204,36.32451795745953,774.0799999995728,2095.5102444290405
30205,36.32451795745953,774.0999999995728,2095.5300337112026
30206,36.32451795745953,774.1199999995728,2095.549822289952
30207,36.32451795745953,774.1399999995728,2095.569610165293
30208,36.32451795745953,774.1599999995727,2095.5893973372313
30209,36.32451795745953,774.1799999995727,2095.6091838057723
30210,36.32451795745953,774.1999999995727,2095.6289695709206
30211,36.32451795745953,774.2199999995727,2095.6487546326816
30212,36.32451795745953,774.2399999995727,2095.6685389910604
30213,36.32451795745953,774.2599999995726,2095.6883226460623
30214,36.32451795745953,774.2799999995726,2095.7081055976923
30215,36.32451795745953,774.2999999995726,2095.7278878459556
30216,36.32451795745953,774.3199999995726,2095.747669390857
30217,36.32451795745953,774.3399999995726,2095.767450232402
30218,36.32451795745953,774.3599999995726,2095.787230370596
30219,36.32451795745953,774.3799999995725,2095.807009805443
30220,36.32451795745953,774.3999999995725,2095.8267885369496
30221,36.32451795745953,774.4199999995725,2095.84656656512
30222,36.32451795745953,774.4399999995725,2095.86634388996
30223,36.32451795745953,774.4599999995725,2095.8861205114736
30224,36.32451795745953,774.4799999995724,2095.905896429667
30225,36.32451795745953,774.4999999995724,2095.9256716445448
30226,36.32451795745953,774.5199999995724,2095.9454461561127
30227,36.32451795745953,774.5399999995724,2095.965219964375
30228,36.32451795745953,774.5599999995724,2095.9849930693376
30229,36.32451795745953,774.5799999995724,2096.0047654710056
30230,36.32451795745953,774.5999999995723,2096.0245371693836
30231,36.32451795745953,774.6199999995723,2096.044308164477
30232,36.32451795745953,774.6399999995723,2096.064078456291
30233,36.32451795745953,774.6599999995723,2096.0838480448306
30234,36.32451795745953,774.6799999995723,2096.10361693012
30235,36.32451795745953,774.6999999995722,2096.1233851129373
30236,36.32451795745953,774.7199999995722,2096.143152593887
30237,36.32451795745953,774.7399999995722,2096.1629193729736
30238,36.32451795745953,774.7599999995722,2096.1826854502033
30239,36.32451795745953,774.7799999995722,2096.2024508255804
30240,36.32451795745953,774.7999999995722,2096.2222154991105
30241,36.32451795745953,774.8199999995721,2096.2419794707985
30242,36.32451795745953,774.8399999995721,2096.26174274065
30243,36.32451795745953,774.8599999995721,2096.2815053086697
30244,36.32451795745953,774.8799999995721,2096.301267174863
30245,36.32451795745953,774.8999999995721,2096.321028339235
30246,36.32451795745953,774.919999999572,2096.340788801791
30247,36.32451795745953,774.939999999572,2096.3605485625358
30248,36.32451795745953,774.959999999572,2096.380307621475
30249,36.32451795745953,774.979999999572,2096.4000659786134
30250,36.32451795745953,774.999999999572,2096.4198236339566
30251,36.32451795745953,775.019999999572,2096.439580587509
30252,36.32451795745953,775.0399999995719,2096.459336839277
30253,36.32451795745953,775.0599999995719,2096.4790923892647
30254,36.32451795745953,775.0799999995719,2096.4988472374775
30255,36.32451795745953,775.0999999995719,2096.518601383921
30256,36.32451795745953,775.1199999995719,2096.5383548286
30257,36.32451795745953,775.1399999995718,2096.5581075715195
30258,36.32451795745953,775.1599999995718,2096.577859612685
30259,36.32451795745953,775.1799999995718,2096.5976109521016
30260,36.32451795745953,775.1999999995718,2096.6173615897746
30261,36.32451795745953,775.2199999995718,2096.637111525709
30262,36.32451795745953,775.2399999995718,2096.6568607599097
30263,36.32451795745953,775.2599999995717,2096.676609292382
30264,36.32451795745953,775.2799999995717,2096.6963571231317
30265,36.32451795745953,775.2999999995717,2096.7161042521634
30266,36.32451795745953,775.3199999995717,2096.735850679482
30267,36.32451795745953,775.3399999995717,2096.7555964050935
30268,36.32451795745953,775.3599999995716,2096.7753414290023
30269,36.32451795745953,775.3799999995716,2096.7950857512137
30270,36.32451795745953,775.3999999995716,2096.814829371733
30271,36.32451795745953,775.4199999995716,2096.8345722905656
30272,36.32451795745953,775.4399999995716,2096.854314507716
30273,36.32451795745953,775.4599999995716,2096.87405602319
30274,36.32451795745953,775.4799999995715,2096.8937968369924
30275,36.32451795745953,775.4999999995715,2096.9135369491287
30276,36.32451795745953,775.5199999995715,2096.9332763596035
30277,36.32451795745953,775.5399999995715,2096.9530150684227
30278,36.32451795745953,775.5599999995715,2096.972753075591
30279,36.32451795745953,775.5799999995714,2096.9924903811134
30280,36.32451795745953,775.5999999995714,2097.0122269849953
30281,36.32451795745953,775.6199999995714,2097.031962887242
30282,36.32451795745953,775.6399999995714,2097.0516980878588
30283,36.32451795745953,775.6599999995714,2097.0714325868503
30284,36.32451795745953,775.6799999995714,2097.091166384222
30285,36.32451795745953,775.6999999995713,2097.1108994800165
30286,36.32451795745953,775.7199999995713,2097.1306318751163
30287,36.32451795745953,775.7399999995713,2097.1503635700683
30288,36.32451795745953,775.7599999995713,2097.1700945648777
30289,36.32451795745953,775.7799999995713,2097.18982485955
30290,36.32451795745953,775.7999999995712,2097.20955445409
30291,36.32451795745953,775.8199999995712,2097.229283348503
30292,36.32451795745953,775.8399999995712,2097.2490115427945
30293,36.32451795745953,775.8599999995712,2097.2687390369692
30294,36.32451795745953,775.8799999995712,2097.2884658310327
30295,36.32451795745953,775.8999999995712,2097.30819192499
30296,36.32451795745953,775.9199999995711,2097.327917318846
30297,36.32451795745953,775.9399999995711,2097.347642012607
30298,36.32451795745953,775.9599999995711,2097.3673660062773
30299,36.32451795745953,775.9799999995711,2097.3870892998625
30300,36.32451795745953,775.9999999995711,2097.4068118933674
30301,36.32451795745953,776.019999999571,2097.4265337867973
30302,36.32451795745953,776.039999999571,2097.446254980158
30303,36.32451795745953,776.059999999571,2097.465975473454
30304,36.32451795745953,776.079999999571,2097.4856952666905
30305,36.32451795745953,776.099999999571,2097.505414359873
30306,36.32451795745953,776.119999999571,2097.525132753007
30307,36.32451795745953,776.1399999995709,2097.544850446097
30308,36.32451795745953,776.1599999995709,2097.5645674391485
30309,36.32451795745953,776.1799999995709,2097.584283732167
30310,36.32451795745953,776.1999999995709,2097.6039993251575
30311,36.32451795745953,776.2199999995709,2097.6237142181253
30312,36.32451795745953,776.2399999995708,2097.6434284110755
30313,36.32451795745953,776.2599999995708,2097.663141904013
30314,36.32451795745953,776.2799999995708,2097.6828546969437
30315,36.32451795745953,776.2999999995708,2097.702566789872
30316,36.32451795745953,776.3199999995708,2097.7222781828036
30317,36.32451795745953,776.3399999995708,2097.7419888757436
30318,36.32451795745953,776.3599999995707,2097.7616988686973
30319,36.26999818684187,776.3799999995707,2097.78140816167
30320,36.26999818684187,776.3999999995707,2097.801116754666
30321,36.26999818684187,776.4199999995707,2097.8208246476916
30322,36.26999818684187,776.4399999995707,2097.8405318407517
30323,36.26999818684187,776.4599999995706,2097.860238333851
30324,36.26999818684187,776.4799999995706,2097.8799441269957
30325,36.26999818684187,776.4999999995706,2097.89964922019
30326,36.26999818684187,776.5199999995706,2097.9193536134394
30327,36.26999818684187,776.5399999995706,2097.9390573067494
30328,36.26999818684187,776.5599999995706,2097.958760300125
30329,36.26999818684187,776.5799999995705,2097.9784625935713
30330,36.26999818684187,776.5999999995705,2097.9981641870936
30331,36.26999818684187,776.6199999995705,2098.0178650806974
30332,36.26999818684187,776.6399999995705,2098.0375652743874
30333,36.26999818684187,776.6599999995705,2098.057264768169
30334,36.26999818684187,776.6799999995704,2098.0769635620472
30335,36.26999818684187,776.6999999995704,2098.0966616560277
30336,36.26999818684187,776.7199999995704,2098.1163590501646
30337,36.26999818684187,776.7399999995704,2098.136055745321
30338,36.26999818684187,776.7599999995704,2098.1557517419146
30339,36.26999818684187,776.7799999995704,2098.175447039951
30340,36.26999818684187,776.7999999995703,2098.1951416394354
30341,36.26999818684187,776.8199999995703,2098.214835540373
30342,36.26999818684187,776.8399999995703,2098.234528742769
30343,36.26999818684187,776.8599999995703,2098.2542212466287
30344,36.26999818684187,776.8799999995703,2098.2739130519576
30345,36.26999818684187,776.8999999995702,2098.2936041587604
30346,36.26999818684187,776.9199999995702,2098.313294567043
30347,36.26999818684187,776.9399999995702,2098.3329842768103
30348,36.26999818684187,776.9599999995702,2098.3526732880678
30349,36.26999818684187,776.9799999995702,2098.3723616008206
30350,36.26999818684187,776.9999999995702,2098.3920492150737
30351,36.26999818684187,777.0199999995701,2098.4117361308327
30352,36.26999818684187,777.0399999995701,2098.431422348103
30353,36.26999818684187,777.0599999995701,2098.4511078668893
30354,36.26999818684187,777.0799999995701,2098.4707926871974
30355,36.26999818684187,777.0999999995701,2098.4904768090323
30356,36.26999818684187,777.11999999957,2098.5101602323994
30357,36.26999818684187,777.13999999957,2098.529842957304
30358,36.26999818684187,777.15999999957,2098.5495249837513
30359,36.26999818684187,777.17999999957,2098.5692063117463
30360,36.26999818684187,777.19999999957,2098.5888869412947
30361,36.26999818684187,777.21999999957,2098.6085668724013
30362,36.26999818684187,777.2399999995699,2098.628246105072
30363,36.26999818684187,777.2599999995699,2098.6479246393114
30364,36.26999818684187,777.2799999995699,2098.667602475125
30365,36.26999818684187,777.2999999995699,2098.687279612518
30366,36.26999818684187,777.3199999995699,2098.706956051496
30367,36.26999818684187,777.3399999995698,2098.726631792064
30368,36.26999818684187,777.3599999995698,2098.7463068342267
30369,36.26999818684187,777.3799999995698,2098.7659811779904
30370,36.26999818684187,777.3999999995698,2098.7856548233594
30371,36.26999818684187,777.4199999995698,2098.8053277703398
30372,36.26999818684187,777.4399999995697,2098.8250000189364
30373,36.26999818684187,777.4599999995697,2098.8446715691543
30374,36.26999818684187,777.4799999995697,2098.864342420999
30375,36.26999818684187,777.4999999995697,2098.884012574476
30376,36.26999818684187,777.5199999995697,2098.90368202959
30377,36.26999818684187,777.5399999995697,2098.923350786347
30378,36.26999818684187,777.5599999995696,2098.9430188447514
30379,36.26999818684187,777.5799999995696,2098.962686204809
30380,36.26999818684187,777.5999999995696,2098.9823528665247
30381,36.26999818684187,777.6199999995696,2099.002018829904
30382,36.26999818684187,777.6399999995696,2099.021684094952
30383,36.26999818684187,777.6599999995695,2099.041348661674
30384,36.26999818684187,777.6799999995695,2099.0610125300755
30385,36.26999818684187,777.6999999995695,2099.0806757001615
30386,36.26999818684187,777.7199999995695,2099.1003381719374
30387,36.26999818684187,777.7399999995695,2099.119999945476
30388,36.26999818684187,777.7599999995695,2099.1396610217403
30389,36.26999818684187,777.7799999995694,2099.1593214010845
30390,36.26999818684187,777.7999999995694,2099.178981083514
30391,36.26999818684187,777.8199999995694,2099.198640069034
30392,36.26999818684187,777.8399999995694,2099.21829835765
30393,36.26999818684187,777.8599999995694,2099.237955949367
30394,36.26999818684187,777.8799999995693,2099.25761284419
30395,36.26999818684187,777.8999999995693,2099.277269042125
30396,36.26999818684187,777.9199999995693,2099.2969245431773
30397,36.26999818684187,777.9399999995693,2099.3165793473513
30398,36.26999818684187,777.9599999995693,2099.3362334546528
30399,36.26999818684187,777.9799999995693,2099.355886865087
30400,36.26999818684187,777.9999999995692,2099.3755395786593
30401,36.26999818684187,778.0199999995692,2099.395191595375
30402,36.26999818684187,778.0399999995692,2099.414842915239
30403,36.26999818684187,778.0599999995692,2099.4344935382574
30404,36.26999818684187,778.0799999995692,2099.4541434644348
30405,36.26999818684187,778.0999999995691,2099.4737926937764
30406,36.26999818684187,778.1199999995691,2099.493441226288
30407,36.26999818684187,778.1399999995691,2099.5130890619744
30408,36.26999818684187,778.1599999995691,2099.532736200841
30409,36.26999818684187,778.1799999995691,2099.5523826428935
30410,36.26999818684187,778.1999999995691,2099.572028388137
30411,36.26999818684187,778.219999999569,2099.5916734365765
30412,36.26999818684187,778.239999999569,2099.611317788217
30413,36.26999818684187,778.259999999569,2099.6309614430643
30414,36.26999818684187,778.279999999569,2099.6506044011235
30415,36.26999818684187,778.299999999569,2099.6702466624
30416,36.26999818684187,778.319999999569,2099.6898882268993
30417,36.26999818684187,778.3399999995689,2099.709529094626
30418,36.26999818684187,778.3599999995689,2099.729169265586
30419,36.26999818684187,778.3799999995689,2099.7488087397837
30420,36.26999818684187,778.3999999995689,2099.7684475172255
30421,36.26999818684187,778.4199999995689,2099.788085597916
30422,36.26999818684187,778.4399999995688,2099.8077229818605
30423,36.26999818684187,778.4599999995688,2099.8273596690647
30424,36.26999818684187,778.4799999995688,2099.8469956595336
30425,36.26999818684187,778.4999999995688,2099.8666309532723
30426,36.26999818684187,778.5199999995688,2099.886265550286
30427,36.26999818684187,778.5399999995687,2099.905899450581
30428,36.26999818684187,778.5599999995687,2099.925532654161
30429,36.26999818684187,778.5799999995687,2099.9451651610325
30430,36.26999818684187,778.5999999995687,2099.9647969712
30431,36.26999818684187,778.6199999995687,2099.984428084669
30432,36.26999818684187,778.6399999995687,2100.0040585015113
30433,36.26999818684187,778.6599999995686,2100.0236882229547
30434,36.26999818684187,778.6799999995686,2100.043317249633
30435,36.26999818684187,778.6999999995686,2100.062945581552
30436,36.26999818684187,778.7199999995686,2100.0825732187163
30437,36.26999818684187,778.7399999995686,2100.102200161132
30438,36.26999818684187,778.7599999995685,2100.1218264088875
30439,36.26999818684187,778.7799999995685,2100.141451963011
30440,36.26999818684187,778.7999999995685,2100.1610768237765
30441,36.26999818684187,778.8199999995685,2100.1807009911886
30442,36.26999818684187,778.8399999995685,2100.200324465253
30443,36.26999818684187,778.8599999995685,2100.2199472459747
30444,36.26999818684187,778.8799999995684,2100.239569333359
30445,36.26999818684187,778.8999999995684,2100.259190727412
30446,36.26999818684187,778.9199999995684,2100.278811428138
30447,36.26999818684187,778.9399999995684,2100.2984314355426
30448,36.26999818684187,778.9599999995684,2100.3180507496313
30449,36.26999818684187,778.9799999995683,2100.3376693704095
30450,36.26999818684187,778.9999999995683,2100.357287297882
30451,36.26999818684187,779.0199999995683,2100.3769045320546
30452,36.26999818684187,779.0399999995683,2100.396521072932
30453,36.26999818684187,779.0599999995683,2100.4161369205203
30454,36.26999818684187,779.0799999995683,2100.435752074824
30455,36.26999818684187,779.0999999995682,2100.455366535849
30456,36.26999818684187,779.1199999995682,2100.4749803036
30457,36.26999818684187,779.1399999995682,2100.494593378083
30458,36.26999818684187,779.1599999995682,2100.514205759303
30459,36.26999818684187,779.1799999995682,2100.533817447265
30460,36.26999818684187,779.1999999995681,2100.553428441974
30461,36.26999818684187,779.2199999995681,2100.5730387434364
30462,36.26999818684187,779.2399999995681,2100.592648351657
30463,36.26999818684187,779.2599999995681,2100.6122572666404
30464,36.26999818684187,779.2799999995681,2100.6318654883926
30465,36.26999818684187,779.2999999995681,2100.6514730169188
30466,36.26999818684187,779.319999999568,2100.6710798522245
30467,36.26999818684187,779.339999999568,2100.6906859943147
30468,36.26999818684187,779.359999999568,2100.7102914431944
30469,36.26999818684187,779.379999999568,2100.7298961988695
30470,36.26999818684187,779.399999999568,2100.749500261345
30471,36.26999818684187,779.419999999568,2100.769103630626
30472,36.26999818684187,779.4399999995679,2100.7887063067183
30473,36.26999818684187,779.4599999995679,2100.8083082896264
30474,36.26999818684187,779.4799999995679,2100.8279095793564
30475,36.26999818684187,779.4999999995679,2100.847510175913
30476,36.26999818684187,779.5199999995679,2100.867110079302
30477,36.26999818684187,779.5399999995678,2100.8867092895284
30478,36.26999818684187,779.5599999995678,2100.9063078065974
30479,36.26999818684187,779.5799999995678,2100.9259056305145
30480,36.26999818684187,779.5999999995678,2100.945502761285
30481,36.26999818684187,779.6199999995678,2100.965099198914
30482,36.26999818684187,779.6399999995677,2100.984694943407
30483,36.26999818684187,779.6599999995677,2101.004289994769
30484,36.26999818684187,779.6799999995677,2101.0238843530055
30485,36.26999818684187,779.6999999995677,2101.0434780181217
30486,36.26999818684187,779.7199999995677,2101.063070990123
30487,36.26999818684187,779.7399999995677,2101.0826632690146
30488,36.26999818684187,779.7599999995676,2101.1022548548017
30489,36.26999818684187,779.7799999995676,2101.1218457475943
30490,36.26999818684187,779.7999999995676,2101.1414359485325
30491,36.26999818684187,779.8199999995676,2101.161025457817
30492,36.26999818684187,779.8399999995676,2101.1806142754526
30493,36.26999818684187,779.8599999995675,2101.200202401445
30494,36.26999818684187,779.8799999995675,2101.2197898357995
30495,36.26999818684187,779.8999999995675,2101.239376578521
30496,36.26999818684187,779.9199999995675,2101.258962629615
30497,36.26999818684187,779.9399999995675,2101.2785479890863
30498,36.26999818684187,779.9599999995675,2101.2981326569407
30499,36.26999818684187,779.9799999995674,2101.3177166331834
30500,36.26999818684187,779.9999999995674,2101.3372999178196
30501,36.26999818684187,780.0199999995674,2101.356882510854
30502,36.26999818684187,780.0399999995674,2101.3764644122925
30503,36.26999818684187,780.0599999995674,2101.3960456221403
30504,36.26999818684187,780.0799999995673,2101.4156261404023
30505,36.26999818684187,780.0999999995673,2101.435205967084
30506,36.26999818684187,780.1199999995673,2101.4547851021907
30507,36.26999818684187,780.1399999995673,2101.4743635457276
30508,36.26999818684187,780.1599999995673,2101.4939412977
30509,36.26999818684187,780.1799999995673,2101.5135183581133
30510,36.26999818684187,780.1999999995672,2101.533094726972
30511,36.26999818684187,780.2199999995672,2101.5526704042827
30512,36.26999818684187,780.2399999995672,2101.5722453900494
30513,36.26999818684187,780.2599999995672,2101.5918196842777
30514,36.26999818684187,780.2799999995672,2101.611393286973
30515,36.26999818684187,780.2999999995671,2101.630966198141
30516,36.26999818684187,780.3199999995671,2101.650538417786
30517,36.26999818684187,780.3399999995671,2101.6701099459137
30518,36.26999818684187,780.3599999995671,2101.6896807825296
30519,36.26999818684187,780.3799999995671,2101.7092509276385
30520,36.26999818684187,780.3999999995671,2101.728820381246
30521,36.26999818684187,780.419999999567,2101.748389143357
30522,36.26999818684187,780.439999999567,2101.7679572139773
30523,36.26999818684187,780.459999999567,2101.787524593112
30524,36.26999818684187,780.479999999567,2101.8070912807657
30525,36.26999818684187,780.499999999567,2101.8266572769444
30526,36.26999818684187,780.519999999567,2101.846222581653
30527,36.26999818684187,780.5399999995669,2101.8657871948967
30528,36.26999818684187,780.5599999995669,2101.8853511166812
30529,36.26999818684187,780.5799999995669,2101.9049143470115
30530,36.26999818684187,780.5999999995669,2101.9244768858925
30531,36.26999818684187,780.6199999995669,2101.9440387333298
30532,36.26999818684187,780.6399999995668,2101.9635998893286
30533,36.21561466185109,780.6599999995668,2101.983160353894
30534,36.21561466185109,780.6799999995668,2102.002720127032
30535,36.21561466185109,780.6999999995668,2102.0222792087466
30536,36.21561466185109,780.7199999995668,2102.041837599044
30537,36.21561466185109,780.7399999995667,2102.061395297929
30538,36.21561466185109,780.7599999995667,2102.0809523054068
30539,36.21561466185109,780.7799999995667,2102.1005086214827
30540,36.21561466185109,780.7999999995667,2102.120064246279
30541,36.21561466185109,780.8199999995667,2102.139619180879
30542,36.21561466185109,780.8399999995667,2102.159173425395
30543,36.21561466185109,780.8599999995666,2102.1787269798324
30544,36.21561466185109,780.8799999995666,2102.198279844197
30545,36.21561466185109,780.8999999995666,2102.2178320184935
30546,36.21561466185109,780.9199999995666,2102.237383502728
30547,36.21561466185109,780.9399999995666,2102.256934296905
30548,36.21561466185109,780.9599999995665,2102.2764844010308
30549,36.21561466185109,780.9799999995665,2102.2960338151106
30550,36.21561466185109,780.9999999995665,2102.3155825391495
30551,36.21561466185109,781.0199999995665,2102.335130573153
30552,36.21561466185109,781.0399999995665,2102.354677917127
30553,36.21561466185109,781.0599999995665,2102.3742245710764
30554,36.21561466185109,781.0799999995664,2102.3937705350068
30555,36.21561466185109,781.0999999995664,2102.4133158089235
30556,36.21561466185109,781.1199999995664,2102.432860392832
30557,36.21561466185109,781.1399999995664,2102.4524042867374
30558,36.21561466185109,781.1599999995664,2102.4719474906456
30559,36.21561466185109,781.1799999995663,2102.491490004562
30560,36.21561466185109,781.1999999995663,2102.5110318284915
30561,36.21561466185109,781.2199999995663,2102.5305729624397
30562,36.21561466185109,781.2399999995663,2102.5501134064125
30563,36.21561466185109,781.2599999995663,2102.569653160415
30564,36.21561466185109,781.2799999995663,2102.5891922244523
30565,36.21561466185109,781.2999999995662,2102.60873059853
30566,36.21561466185109,781.3199999995662,2102.628268282654
30567,36.21561466185109,781.3399999995662,2102.647805276829
30568,36.21561466185109,781.3599999995662,2102.6673415810606
30569,36.21561466185109,781.3799999995662,2102.686877195354
30570,36.21561466185109,781.3999999995661,2102.7064121197154
30571,36.21561466185109,781.4199999995661,2102.7259463541495
30572,36.21561466185109,781.4399999995661,2102.745479898662
30573,36.21561466185109,781.4599999995661,2102.765012753258
30574,36.21561466185109,781.4799999995661,2102.784544917943
30575,36.21561466185109,781.4999999995661,2102.804076392723
30576,36.21561466185109,781.519999999566,2102.8236071776028
30577,36.21561466185109,781.539999999566,2102.8431372725877
30578,36.21561466185109,781.559999999566,2102.8626666776836
30579,36.21561466185109,781.579999999566,2102.8821953928955
30580,36.21561466185109,781.599999999566,2102.901723418229
30581,36.21561466185109,781.619999999566,2102.921250753689
30582,36.21561466185109,781.6399999995659,2102.9407773992816
30583,36.21561466185109,781.6599999995659,2102.960303355012
30584,36.21561466185109,781.6799999995659,2102.9798286208857
30585,36.21561466185109,781.6999999995659,2102.999353196908
30586,36.21561466185109,781.7199999995659,2103.018877083084
30587,36.21561466185109,781.7399999995658,2103.03840027942
30588,36.21561466185109,781.7599999995658,2103.0579227859203
30589,36.21561466185109,781.7799999995658,2103.0774446025907
30590,36.21561466185109,781.7999999995658,2103.0969657294368
30591,36.21561466185109,781.8199999995658,2103.116486166665
30592,36.21561466185109,781.8399999995657,2103.1360059153367
30593,36.21561466185109,781.8599999995657,2103.155524975553
30594,36.21561466185109,781.8799999995657,2103.1750433473185
30595,36.21561466185109,781.8999999995657,2103.1945610306393
30596,36.21561466185109,781.9199999995657,2103.2140780255204
30597,36.21561466185109,781.9399999995657,2103.233594331967
30598,36.21561466185109,781.9599999995656,2103.253109949985
30599,36.21561466185109,781.9799999995656,2103.27262487958
30600,36.21561466185109,781.9999999995656,2103.292139120756
30601,36.21561466185109,782.0199999995656,2103.3116526735193
30602,36.21561466185109,782.0399999995656,2103.3311655378757
30603,36.21561466185109,782.0599999995655,2103.3506777138296
30604,36.21561466185109,782.0799999995655,2103.370189201387
30605,36.21561466185109,782.0999999995655,2103.389700000553
30606,36.21561466185109,782.1199999995655,2103.4092101113333
30607,36.21561466185109,782.1399999995655,2103.428719533733
30608,36.21561466185109,782.1599999995655,2103.4482282677573
30609,36.21561466185109,782.1799999995654,2103.467736313412
30610,36.21561466185109,782.1999999995654,2103.4872436707024
30611,36.21561466185109,782.2199999995654,2103.5067503396335
30612,36.21561466185109,782.2399999995654,2103.526256320211
30613,36.21561466185109,782.2599999995654,2103.5457616124404
30614,36.21561466185109,782.2799999995653,2103.5652662163266
30615,36.21561466185109,782.2999999995653,2103.5847701318753
30616,36.21561466185109,782.3199999995653,2103.604273359092
30617,36.21561466185109,782.3399999995653,2103.623775897982
30618,36.21561466185109,782.3599999995653,2103.64327774855
30619,36.21561466185109,782.3799999995653,2103.6627789108024
30620,36.21561466185109,782.3999999995652,2103.682279384744
30621,36.21561466185109,782.4199999995652,2103.70177917038
30622,36.21561466185109,782.4399999995652,2103.721278267716
30623,36.21561466185109,782.4599999995652,2103.740776676758
30624,36.21561466185109,782.4799999995652,2103.7602743975103
30625,36.21561466185109,782.4999999995651,2103.7797714299786
30626,36.21561466185109,782.5199999995651,2103.7992677741686
30627,36.21561466185109,782.5399999995651,2103.8187634300853
30628,36.21561466185109,782.5599999995651,2103.838258397734
30629,36.21561466185109,782.5799999995651,2103.8577526771205
30630,36.21561466185109,782.5999999995651,2103.87724626825
30631,36.21561466185109,782.619999999565,2103.896739171128
30632,36.21561466185109,782.639999999565,2103.9162313857596
30633,36.21561466185109,782.659999999565,2103.93572291215
30634,36.21561466185109,782.679999999565,2103.955213750305
30635,36.21561466185109,782.699999999565,2103.97470390023
30636,36.21561466185109,782.719999999565,2103.99419336193
30637,36.21561466185109,782.7399999995649,2104.0136821354104
30638,36.21561466185109,782.7599999995649,2104.0331702206768
30639,36.21561466185109,782.7799999995649,2104.0526576177344
30640,36.21561466185109,782.7999999995649,2104.072144326589
30641,36.21561466185109,782.8199999995649,2104.091630347245
30642,36.21561466185109,782.8399999995648,2104.1111156799907
30643,36.21561466185109,782.8599999995648,2104.1306003258296
30644,36.21561466185109,782.8799999995648,2104.150084284847
30645,36.21561466185109,782.8999999995648,2104.1695675570472
30646,36.21561466185109,782.9199999995648,2104.189050142437
30647,36.21561466185109,782.9399999995647,2104.2085320410206
30648,36.21561466185109,782.9599999995647,2104.228013252804
30649,36.21561466185109,782.9799999995647,2104.2474937777924
30650,36.21561466185109,782.9999999995647,2104.2669736159914
30651,36.21561466185109,783.0199999995647,2104.286452767406
30652,36.21561466185109,783.0399999995647,2104.305931232042
30653,36.21561466185109,783.0599999995646,2104.3254090099044
30654,36.21561466185109,783.0799999995646,2104.344886100999
30655,36.21561466185109,783.0999999995646,2104.3643625053305
30656,36.21561466185109,783.1199999995646,2104.383838222905
30657,36.21561466185109,783.1399999995646,2104.403313253728
30658,36.21561466185109,783.1599999995645,2104.4227875978045
30659,36.21561466185109,783.1799999995645,2104.44226125514
30660,36.21561466185109,783.1999999995645,2104.4617342257397
30661,36.21561466185109,783.2199999995645,2104.4812065096094
30662,36.21561466185109,783.2399999995645,2104.500678106754
30663,36.21561466185109,783.2599999995645,2104.5201490171794
30664,36.21561466185109,783.2799999995644,2104.5396192408903
30665,36.21561466185109,783.2999999995644,2104.5590887778926
30666,36.21561466185109,783.3199999995644,2104.5785576281914
30667,36.21561466185109,783.3399999995644,2104.5980257917927
30668,36.21561466185109,783.3599999995644,2104.6174932687013
30669,36.21561466185109,783.3799999995643,2104.636960058923
30670,36.21561466185109,783.3999999995643,2104.6564261624626
30671,36.21561466185109,783.4199999995643,2104.6758915793257
30672,36.21561466185109,783.4399999995643,2104.695356309518
30673,36.21561466185109,783.4599999995643,2104.7148203530446
30674,36.21561466185109,783.4799999995643,2104.7342837099113
30675,36.21561466185109,783.4999999995642,2104.753746380123
30676,36.21561466185109,783.5199999995642,2104.7732083636856
30677,36.21561466185109,783.5399999995642,2104.7926696606037
30678,36.21561466185109,783.5599999995642,2104.8121302708832
30679,36.21561466185109,783.5799999995642,2104.8315901945293
30680,36.21561466185109,783.5999999995641,2104.851049431548
30681,36.21561466185109,783.6199999995641,2104.870507981944
30682,36.21561466185109,783.6399999995641,2104.8899658457226
30683,36.21561466185109,783.6599999995641,2104.9094230228898
30684,36.21561466185109,783.6799999995641,2104.9288795134503
30685,36.21561466185109,783.699999999564,2104.94833531741
30686,36.21561466185109,783.719999999564,2104.967790434774
30687,36.21561466185109,783.739999999564,2104.987244865548
30688,36.21561466185109,783.759999999564,2105.0066986097368
30689,36.21561466185109,783.779999999564,2105.0261516673463
30690,36.21561466185109,783.799999999564,2105.045604038382
30691,36.21561466185109,783.819999999564,2105.065055722849
30692,36.21561466185109,783.8399999995639,2105.084506720753
30693,36.21561466185109,783.8599999995639,2105.1039570324688
30694,36.21561466185109,783.8799999995639,2105.123406658955
30695,36.21561466185109,783.8999999995639,2105.1428556002816
30696,36.21561466185109,783.9199999995639,2105.162303856454
30697,36.21561466185109,783.9399999995638,2105.1817514274776
30698,36.21561466185109,783.9599999995638,2105.2011983133575
30699,36.21561466185109,783.9799999995638,2105.220644514099
30700,36.21561466185109,783.9999999995638,2105.2400900297075
30701,36.21561466185109,784.0199999995638,2105.259534860188
30702,36.21561466185109,784.0399999995637,2105.2789790055463
30703,36.21561466185109,784.0599999995637,2105.2984224657876
30704,36.21561466185109,784.0799999995637,2105.317865240917
30705,36.21561466185109,784.0999999995637,2105.3373073309394
30706,36.21561466185109,784.1199999995637,2105.356748735861
30707,36.21561466185109,784.1399999995637,2105.376189455686
30708,36.21561466185109,784.1599999995636,2105.3956294904206
30709,36.21561466185109,784.1799999995636,2105.4150688400696
30710,36.21561466185109,784.1999999995636,2105.4345075046385
30711,36.21561466185109,784.2199999995636,2105.4539454841324
30712,36.21561466185109,784.2399999995636,2105.473382778557
30713,36.21561466185109,784.2599999995635,2105.4928193879173
30714,36.21561466185109,784.2799999995635,2105.5122553122187
30715,36.21561466185109,784.2999999995635,2105.5316905514665
30716,36.21561466185109,784.3199999995635,2105.5511251056655
30717,36.21561466185109,784.3399999995635,2105.5705589748213
30718,36.21561466185109,784.3599999995635,2105.5899921589394
30719,36.21561466185109,784.3799999995634,2105.609424658025
30720,36.21561466185109,784.3999999995634,2105.6288564720835
30721,36.21561466185109,784.4199999995634,2105.6482876011196
30722,36.21561466185109,784.4399999995634,2105.6677180451393
30723,36.21561466185109,784.4599999995634,2105.6871478041476
30724,36.21561466185109,784.4799999995633,2105.7065768781495
30725,36.21561466185109,784.4999999995633,2105.7260052671504
30726,36.21561466185109,784.5199999995633,2105.745432971156
30727,36.21561466185109,784.5399999995633,2105.7648599901713
30728,36.21561466185109,784.5599999995633,2105.7842863242017
30729,36.21561466185109,784.5799999995633,2105.803711973252
30730,36.21561466185109,784.5999999995632,2105.8231369373284
30731,36.21561466185109,784.6199999995632,2105.8425612164356
30732,36.21561466185109,784.6399999995632,2105.8619848105786
30733,36.21561466185109,784.6599999995632,2105.881407719763
30734,36.21561466185109,784.6799999995632,2105.9008299439943
30735,36.21561466185109,784.6999999995631,2105.9202514832778
30736,36.21561466185109,784.7199999995631,2105.9396723376185
30737,36.21561466185109,784.7399999995631,2105.9590925070215
30738,36.21561466185109,784.7599999995631,2105.9785119914923
30739,36.21561466185109,784.7799999995631,2105.997930791036
30740,36.21561466185109,784.799999999563,2106.0173489056588
30741,36.21561466185109,784.819999999563,2106.036766335365
30742,36.161366906291775,784.839999999563,2106.0561830801603
30743,36.161366906291775,784.859999999563,2106.0755991400497
30744,36.161366906291775,784.879999999563,2106.095014515487
30745,36.161366906291775,784.899999999563,2106.1144292073586
30746,36.161366906291775,784.919999999563,2106.133843215718
30747,36.161366906291775,784.9399999995629,2106.153256540571
30748,36.161366906291775,784.9599999995629,2106.1726691819226
30749,36.161366906291775,784.9799999995629,2106.192081139779
30750,36.161366906291775,784.9999999995629,2106.2114924141456
30751,36.161366906291775,785.0199999995629,2106.230903005028
30752,36.161366906291775,785.0399999995628,2106.2503129124316
30753,36.161366906291775,785.0599999995628,2106.269722136362
30754,36.161366906291775,785.0799999995628,2106.2891306768247
30755,36.161366906291775,785.0999999995628,2106.3085385338254
30756,36.161366906291775,785.1199999995628,2106.32794570737
30757,36.161366906291775,785.1399999995627,2106.3473521974634
30758,36.161366906291775,785.1599999995627,2106.3667580041115
30759,36.161366906291775,785.1799999995627,2106.38616312732
30760,36.161366906291775,785.1999999995627,2106.4055675670943
30761,36.161366906291775,785.2199999995627,2106.42497132344
30762,36.161366906291775,785.2399999995627,2106.4443743963625
30763,36.161366906291775,785.2599999995626,2106.4637767858676
30764,36.161366906291775,785.2799999995626,2106.4831784919606
30765,36.161366906291775,785.2999999995626,2106.5025795146476
30766,36.161366906291775,785.3199999995626,2106.5219798539333
30767,36.161366906291775,785.3399999995626,2106.541379509824
30768,36.161366906291775,785.3599999995625,2106.5607784823246
30769,36.161366906291775,785.3799999995625,2106.5801767714415
30770,36.161366906291775,785.3999999995625,2106.5995743771796
30771,36.161366906291775,785.4199999995625,2106.6189712995447
30772,36.161366906291775,785.4399999995625,2106.6383675385423
30773,36.161366906291775,785.4599999995625,2106.6577630941783
30774,36.161366906291775,785.4799999995624,2106.677157966458
30775,36.161366906291775,785.4999999995624,2106.6965521553866
30776,36.161366906291775,785.5199999995624,2106.71594566097
30777,36.161366906291775,785.5399999995624,2106.735338483214
30778,36.161366906291775,785.5599999995624,2106.754730622124
30779,36.161366906291775,785.5799999995623,2106.7741220777057
30780,36.161366906291775,785.5999999995623,2106.793512849964
30781,36.161366906291775,785.6199999995623,2106.812902938905
30782,36.161366906291775,785.6399999995623,2106.8322923445344
30783,36.161366906291775,785.6599999995623,2106.8516810668575
30784,36.161366906291775,785.6799999995623,2106.8710691058795
30785,36.161366906291775,785.6999999995622,2106.8904564616064
30786,36.161366906291775,785.7199999995622,2106.909843134044
30787,36.161366906291775,785.7399999995622,2106.9292291231973
30788,36.161366906291775,785.7599999995622,2106.948614429072
30789,36.161366906291775,785.7799999995622,2106.9679990516743
30790,36.161366906291775,785.7999999995621,2106.987382991009
30791,36.161366906291775,785.8199999995621,2107.0067662470815
30792,36.161366906291775,785.8399999995621,2107.026148819898
30793,36.161366906291775,785.8599999995621,2107.045530709464
30794,36.161366906291775,785.8799999995621,2107.0649119157847
30795,36.161366906291775,785.899999999562,2107.0842924393664
30796,36.161366906291775,785.919999999562,2107.1036722809868
30797,36.161366906291775,785.939999999562,2107.1230514406816
30798,36.161366906291775,785.959999999562,2107.142429918456
30799,36.161366906291775,785.979999999562,2107.1618077143157
30800,36.161366906291775,785.999999999562,2107.181184828266
30801,36.161366906291775,786.019999999562,2107.2005612603125
30802,36.161366906291775,786.0399999995619,2107.2199370104604
30803,36.161366906291775,786.0599999995619,2107.239312078715
30804,36.161366906291775,786.0799999995619,2107.2586864650825
30805,36.161366906291775,786.0999999995619,2107.2780601695677
30806,36.161366906291775,786.1199999995619,2107.2974331921764
30807,36.161366906291775,786.1399999995618,2107.316805532914
30808,36.161366906291775,786.1599999995618,2107.3361771917857
30809,36.161366906291775,786.1799999995618,2107.355548168797
30810,36.161366906291775,786.1999999995618,2107.374918463954
30811,36.161366906291775,786.2199999995618,2107.394288077262
30812,36.161366906291775,786.2399999995617,2107.4136570087257
30813,36.161366906291775,786.2599999995617,2107.4330252583513
30814,36.161366906291775,786.2799999995617,2107.4523928261438
30815,36.161366906291775,786.2999999995617,2107.471759712109
30816,36.161366906291775,786.3199999995617,2107.491125916252
30817,36.161366906291775,786.3399999995617,2107.5104914385784
30818,36.161366906291775,786.3599999995616,2107.5298562790936
30819,36.161366906291775,786.3799999995616,2107.5492204378033
30820,36.161366906291775,786.3999999995616,2107.568583914713
30821,36.161366906291775,786.4199999995616,2107.587946709828
30822,36.161366906291775,786.4399999995616,2107.6073088231537
30823,36.161366906291775,786.4599999995615,2107.6266702546955
30824,36.161366906291775,786.4799999995615,2107.646031004459
30825,36.161366906291775,786.4999999995615,2107.66539107245
30826,36.161366906291775,786.5199999995615,2107.684750458673
30827,36.161366906291775,786.5399999995615,2107.7041091631345
30828,36.161366906291775,786.5599999995615,2107.723467185839
30829,36.161366906291775,786.5799999995614,2107.742824526793
30830,36.161366906291775,786.5999999995614,2107.762181186001
30831,36.161366906291775,786.6199999995614,2107.781537163469
30832,36.161366906291775,786.6399999995614,2107.8008924592023
30833,36.161366906291775,786.6599999995614,2107.8202470732062
30834,36.161366906291775,786.6799999995613,2107.8396010054867
30835,36.161366906291775,786.6999999995613,2107.8589542560485
30836,36.161366906291775,786.7199999995613,2107.8783068248977
30837,36.161366906291775,786.7399999995613,2107.897658712039
30838,36.161366906291775,786.7599999995613,2107.917009917479
30839,36.161366906291775,786.7799999995613,2107.936360441222
30840,36.161366906291775,786.7999999995612,2107.955710283274
30841,36.161366906291775,786.8199999995612,2107.975059443641
30842,36.161366906291775,786.8399999995612,2107.9944079223274
30843,36.161366906291775,786.8599999995612,2108.0137557193393
30844,36.161366906291775,786.8799999995612,2108.033102834682
30845,36.161366906291775,786.8999999995611,2108.0524492683608
30846,36.161366906291775,786.9199999995611,2108.0717950209782
30847,36.161366906291775,786.9399999995611,2108.0911400932737
30848,36.161366906291775,786.9599999995611,2108.110484485268
30849,36.161366906291775,786.9799999995611,2108.1298281969666
30850,36.161366906291775,786.999999999561,2108.149171228375
30851,36.161366906291775,787.019999999561,2108.1685135794987
30852,36.161366906291775,787.039999999561,2108.187855250343
30853,36.161366906291775,787.059999999561,2108.2071962409136
30854,36.161366906291775,787.079999999561,2108.2265365512158
30855,36.161366906291775,787.099999999561,2108.245876181255
30856,36.161366906291775,787.119999999561,2108.2652151310367
30857,36.161366906291775,787.1399999995609,2108.284553400567
30858,36.161366906291775,787.1599999995609,2108.3038909898505
30859,36.161366906291775,787.1799999995609,2108.323227898893
30860,36.161366906291775,787.1999999995609,2108.3425641277
30861,36.161366906291775,787.2199999995609,2108.361899676277
30862,36.161366906291775,787.2399999995608,2108.3812345446295
30863,36.161366906291775,787.2599999995608,2108.4005687327626
30864,36.161366906291775,787.2799999995608,2108.4199022406824
30865,36.161366906291775,787.2999999995608,2108.439235068394
30866,36.161366906291775,787.3199999995608,2108.4585672159023
30867,36.161366906291775,787.3399999995607,2108.477898683214
30868,36.161366906291775,787.3599999995607,2108.4972294703334
30869,36.161366906291775,787.3799999995607,2108.516559577267
30870,36.161366906291775,787.3999999995607,2108.5358890040193
30871,36.161366906291775,787.4199999995607,2108.5552177505965
30872,36.161366906291775,787.4399999995607,2108.5745458170036
30873,36.161366906291775,787.4599999995606,2108.5938732032464
30874,36.161366906291775,787.4799999995606,2108.6131999093304
30875,36.161366906291775,787.4999999995606,2108.6325259352607
30876,36.161366906291775,787.5199999995606,2108.651851281043
30877,36.161366906291775,787.5399999995606,2108.671175946683
30878,36.161366906291775,787.5599999995605,2108.6904999321855
30879,36.161366906291775,787.5799999995605,2108.7098232375565
30880,36.161366906291775,787.5999999995605,2108.7291458628015
30881,36.161366906291775,787.6199999995605,2108.7484678079254
30882,36.161366906291775,787.6399999995605,2108.767789072934
30883,36.161366906291775,787.6599999995605,2108.7871096578333
30884,36.161366906291775,787.6799999995604,2108.806429562628
30885,36.161366906291775,787.6999999995604,2108.8257487873243
30886,36.161366906291775,787.7199999995604,2108.8450673319267
30887,36.161366906291775,787.7399999995604,2108.864385196441
30888,36.161366906291775,787.7599999995604,2108.8837023808733
30889,36.161366906291775,787.7799999995603,2108.9030188852284
30890,36.161366906291775,787.7999999995603,2108.922334709512
30891,36.161366906291775,787.8199999995603,2108.94164985373
30892,36.161366906291775,787.8399999995603,2108.960964317887
30893,36.161366906291775,787.8599999995603,2108.980278101989
30894,36.161366906291775,787.8799999995603,2108.9995912060413
30895,36.161366906291775,787.8999999995602,2109.018903630049
30896,36.161366906291775,787.9199999995602,2109.038215374019
30897,36.161366906291775,787.9399999995602,2109.057526438632
30898,36.161366906291775,787.9599999995602,2109.0768368245645
30899,36.161366906291775,787.9799999995602,2109.0961465318214
30900,36.161366906291775,787.9999999995601,2109.1154555604085
30901,36.161366906291775,788.0199999995601,2109.134763910331
30902,36.161366906291775,788.0399999995601,2109.1540715815945
30903,36.161366906291775,788.0599999995601,2109.1733785742044
30904,36.161366906291775,788.0799999995601,2109.1926848881662
30905,36.161366906291775,788.09999999956,2109.2119905234854
30906,36.161366906291775,788.11999999956,2109.231295480168
30907,36.161366906291775,788.13999999956,2109.2505997582184
30908,36.161366906291775,788.15999999956,2109.2699033576428
30909,36.161366906291775,788.17999999956,2109.2892062784467
30910,36.161366906291775,788.19999999956,2109.3085085206353
30911,36.161366906291775,788.21999999956,2109.327810084214
30912,36.161366906291775,788.2399999995599,2109.3471109691886
30913,36.161366906291775,788.2599999995599,2109.3664111755643
30914,36.161366906291775,788.2799999995599,2109.385710703347
30915,36.161366906291775,788.2999999995599,2109.4050095525417
30916,36.161366906291775,788.3199999995599,2109.424307723154
30917,36.161366906291775,788.3399999995598,2109.4436052151896
30918,36.161366906291775,788.3599999995598,2109.462902028654
30919,36.161366906291775,788.3799999995598,2109.482198163552
30920,36.161366906291775,788.3999999995598,2109.5014936198895
30921,36.161366906291775,788.4199999995598,2109.5207883976723
30922,36.161366906291775,788.4399999995597,2109.5400824969056
30923,36.161366906291775,788.4599999995597,2109.5593759175945
30924,36.161366906291775,788.4799999995597,2109.578668659745
30925,36.161366906291775,788.4999999995597,2109.597960723362
30926,36.161366906291775,788.5199999995597,2109.617252108452
30927,36.161366906291775,788.5399999995597,2109.6365428150193
30928,36.161366906291775,788.5599999995596,2109.65583284307
30929,36.161366906291775,788.5799999995596,2109.6751221926097
30930,36.161366906291775,788.5999999995596,2109.6944108636435
30931,36.161366906291775,788.6199999995596,2109.713698856177
30932,36.161366906291775,788.6399999995596,2109.7329861702156
30933,36.161366906291775,788.6599999995595,2109.752272805765
30934,36.161366906291775,788.6799999995595,2109.771558762831
30935,36.161366906291775,788.6999999995595,2109.790844041418
30936,36.161366906291775,788.7199999995595,2109.810128641532
30937,36.161366906291775,788.7399999995595,2109.8294125631787
30938,36.161366906291775,788.7599999995595,2109.8486958063636
30939,36.161366906291775,788.7799999995594,2109.867978371092
30940,36.161366906291775,788.7999999995594,2109.887260257369
30941,36.161366906291775,788.8199999995594,2109.9065414652005
30942,36.161366906291775,788.8399999995594,2109.925821994592
30943,36.161366906291775,788.8599999995594,2109.9451018455484
30944,36.161366906291775,788.8799999995593,2109.964381018076
30945,36.161366906291775,788.8999999995593,2109.9836595121797
30946,36.161366906291775,788.9199999995593,2110.0029373279135
30947,36.161366906291775,788.9399999995593,2110.0222144664417
30948,36.161366906291775,788.9599999995593,2110.0414909292463
30949,36.161366906291775,788.9799999995593,2110.060766716946
30950,36.161366906291775,788.9999999995592,2110.0800418295466
30951,36.161366906291775,789.0199999995592,2110.0993162670534
30952,36.161366906291775,789.0399999995592,2110.1185900294718
30953,36.161366906291775,789.0599999995592,2110.1378631168077
30954,36.161366906291775,789.0799999995592,2110.1571355290666
30955,36.161366906291775,789.0999999995591,2110.176407266254
30956,36.161366906291775,789.1199999995591,2110.1956783283754
30957,36.107254446106204,789.1399999995591,2110.2149487154365
30958,36.107254446106204,789.1599999995591,2110.234218427443
30959,36.107254446106204,789.1799999995591,2110.2534874644
30960,36.107254446106204,789.199999999559,2110.272755826314
30961,36.107254446106204,789.219999999559,2110.2920235131896
30962,36.107254446106204,789.239999999559,2110.3112905250327
30963,36.107254446106204,789.259999999559,2110.3305568618493
30964,36.107254446106204,789.279999999559,2110.3498225236444
30965,36.107254446106204,789.299999999559,2110.369087510424
30966,36.107254446106204,789.319999999559,2110.3883518221933
30967,36.107254446106204,789.3399999995589,2110.407615458958
30968,36.107254446106204,789.3599999995589,2110.426878420724
30969,36.107254446106204,789.3799999995589,2110.446140707496
30970,36.107254446106204,789.3999999995589,2110.46540231928
30971,36.107254446106204,789.4199999995589,2110.4846632560825
30972,36.107254446106204,789.4399999995588,2110.503923517908
30973,36.107254446106204,789.4599999995588,2110.523183104762
30974,36.107254446106204,789.4799999995588,2110.542442016651
30975,36.107254446106204,789.4999999995588,2110.5617002535796
30976,36.107254446106204,789.5199999995588,2110.5809578155536
30977,36.107254446106204,789.5399999995587,2110.600214702579
30978,36.107254446106204,789.5599999995587,2110.6194709146607
30979,36.107254446106204,789.5799999995587,2110.638726451805
30980,36.107254446106204,789.5999999995587,2110.657981314017
30981,36.107254446106204,789.6199999995587,2110.677235501302
30982,36.107254446106204,789.6399999995587,2110.6964890136665
30983,36.107254446106204,789.6599999995586,2110.7157418511156
30984,36.107254446106204,789.6799999995586,2110.7349940136546
30985,36.107254446106204,789.6999999995586,2110.7542455012895
30986,36.107254446106204,789.7199999995586,2110.773496314025
30987,36.107254446106204,789.7399999995586,2110.792746451868
30988,36.107254446106204,789.7599999995585,2110.811995914823
30989,36.107254446106204,789.7799999995585,2110.831244702896
30990,36.107254446106204,789.7999999995585,2110.8504928160924
30991,36.107254446106204,789.8199999995585,2110.869740254418
30992,36.107254446106204,789.8399999995585,2110.888987017878
30993,36.107254446106204,789.8599999995585,2110.9082331064787
30994,36.107254446106204,789.8799999995584,2110.9274785202247
30995,36.107254446106204,789.8999999995584,2110.946723259122
30996,36.107254446106204,789.9199999995584,2110.9659673231763
30997,36.107254446106204,789.9399999995584,2110.985210712393
30998,36.107254446106204,789.9599999995584,2111.004453426808
30999,36.107254446106204,789.9799999995583,2111.023695467182
31000,36.107254446106204,789.9999999995583,2111.0429368339996
31001,36.107254446106204,790.0199999995583,2111.0621775272675
31002,36.107254446106204,790.0399999995583,2111.081417546991
31003,36.107254446106204,790.0599999995583,2111.1006568931753
31004,36.107254446106204,790.0799999995583,2111.1198955658265
31005,36.107254446106204,790.0999999995582,2111.13913356495
31006,36.107254446106204,790.1199999995582,2111.1583708905514
31007,36.107254446106204,790.1399999995582,2111.1776075426365
31008,36.107254446106204,790.1599999995582,2111.19684352121
31009,36.107254446106204,790.1799999995582,2111.2160788262786
31010,36.107254446106204,790.1999999995581,2111.2353134578475
31011,36.107254446106204,790.2199999995581,2111.254547415922
31012,36.107254446106204,790.2399999995581,2111.273780700508
31013,36.107254446106204,790.2599999995581,2111.2930133116106
31014,36.107254446106204,790.2799999995581,2111.312245249236
31015,36.107254446106204,790.299999999558,2111.3314765133896
31016,36.107254446106204,790.319999999558,2111.3507071040767
31017,36.107254446106204,790.339999999558,2111.369937021303
31018,36.107254446106204,790.359999999558,2111.3891662650744
31019,36.107254446106204,790.379999999558,2111.4083948353964
31020,36.107254446106204,790.399999999558,2111.4276227322744
31021,36.107254446106204,790.419999999558,2111.446849955714
31022,36.107254446106204,790.4399999995579,2111.4660765057206
31023,36.107254446106204,790.4599999995579,2111.4853023823002
31024,36.107254446106204,790.4799999995579,2111.504527585458
31025,36.107254446106204,790.4999999995579,2111.5237521152
31026,36.107254446106204,790.5199999995579,2111.542975971531
31027,36.107254446106204,790.5399999995578,2111.5621991544576
31028,36.107254446106204,790.5599999995578,2111.5814216639847
31029,36.107254446106204,790.5799999995578,2111.600643500118
31030,36.107254446106204,790.5999999995578,2111.619864662863
31031,36.107254446106204,790.6199999995578,2111.6390851522256
31032,36.107254446106204,790.6399999995577,2111.6583049682113
31033,36.107254446106204,790.6599999995577,2111.6775241108253
31034,36.107254446106204,790.6799999995577,2111.6967425800735
31035,36.107254446106204,790.6999999995577,2111.7159603759615
31036,36.107254446106204,790.7199999995577,2111.735177498495
31037,36.107254446106204,790.7399999995577,2111.754393947679
31038,36.107254446106204,790.7599999995576,2111.7736097235197
31039,36.107254446106204,790.7799999995576,2111.7928248260223
31040,36.107254446106204,790.7999999995576,2111.8120392551928
31041,36.107254446106204,790.8199999995576,2111.831253011036
31042,36.107254446106204,790.8399999995576,2111.850466093558
31043,36.107254446106204,790.8599999995575,2111.869678502765
31044,36.107254446106204,790.8799999995575,2111.8888902386616
31045,36.107254446106204,790.8999999995575,2111.9081013012537
31046,36.107254446106204,790.9199999995575,2111.927311690547
31047,36.107254446106204,790.9399999995575,2111.9465214065467
31048,36.107254446106204,790.9599999995575,2111.965730449259
31049,36.107254446106204,790.9799999995574,2111.9849388187363
31050,36.107254446106204,790.9999999995574,2112.004146515841
31051,36.107254446106204,791.0199999995574,2112.023353541005
31052,36.107254446106204,791.0399999995574,2112.042559894234
31053,36.107254446106204,791.0599999995574,2112.061765575533
31054,36.107254446106204,791.0799999995573,2112.0809705849088
31055,36.107254446106204,791.0999999995573,2112.100174922366
31056,36.107254446106204,791.1199999995573,2112.1193785879104
31057,36.107254446106204,791.1399999995573,2112.138581581548
31058,36.107254446106204,791.1599999995573,2112.157783903284
31059,36.107254446106204,791.1799999995573,2112.176985553124
31060,36.107254446106204,791.1999999995572,2112.1961865310736
31061,36.107254446106204,791.2199999995572,2112.215386837139
31062,36.107254446106204,791.2399999995572,2112.2345864713247
31063,36.107254446106204,791.2599999995572,2112.253785433637
31064,36.107254446106204,791.2799999995572,2112.2729837240813
31065,36.107254446106204,791.2999999995571,2112.2921813426633
31066,36.107254446106204,791.3199999995571,2112.311378289389
31067,36.107254446106204,791.3399999995571,2112.330574564263
31068,36.107254446106204,791.3599999995571,2112.3497701672914
31069,36.107254446106204,791.3799999995571,2112.3689650984797
31070,36.107254446106204,791.399999999557,2112.388159357834
31071,36.107254446106204,791.419999999557,2112.4073529453594
31072,36.107254446106204,791.439999999557,2112.4265458610616
31073,36.107254446106204,791.459999999557,2112.445738104946
31074,36.107254446106204,791.479999999557,2112.4649296770185
31075,36.107254446106204,791.499999999557,2112.4841205772846
31076,36.107254446106204,791.519999999557,2112.50331080575
31077,36.107254446106204,791.5399999995569,2112.52250036242
31078,36.107254446106204,791.5599999995569,2112.5416892473004
31079,36.107254446106204,791.5799999995569,2112.5608774603966
31080,36.107254446106204,791.5999999995569,2112.5800650017145
31081,36.107254446106204,791.6199999995569,2112.5992518712596
31082,36.107254446106204,791.6399999995568,2112.6184380690374
31083,36.107254446106204,791.6599999995568,2112.6376235950534
31084,36.107254446106204,791.6799999995568,2112.6568084493133
31085,36.107254446106204,791.6999999995568,2112.6759926318227
31086,36.107254446106204,791.7199999995568,2112.695176142587
31087,36.107254446106204,791.7399999995567,2112.714358981612
31088,36.107254446106204,791.7599999995567,2112.733541148903
31089,36.107254446106204,791.7799999995567,2112.752722644466
31090,36.107254446106204,791.7999999995567,2112.7719034683064
31091,36.107254446106204,791.8199999995567,2112.7910836204296
31092,36.107254446106204,791.8399999995567,2112.8102631008414
31093,36.107254446106204,791.8599999995566,2112.8294419095473
31094,36.107254446106204,791.8799999995566,2112.848620046553
31095,36.107254446106204,791.8999999995566,2112.8677975118644
31096,36.107254446106204,791.9199999995566,2112.8869743054865
31097,36.107254446106204,791.9399999995566,2112.906150427425
31098,36.107254446106204,791.9599999995565,2112.9253258776857
31099,36.107254446106204,791.9799999995565,2112.944500656274
31100,36.107254446106204,791.9999999995565,2112.9636747632594
31101,36.107254446106204,792.0199999995565,2112.9828481995673
31102,36.107254446106204,792.0399999995565,2113.0020209655527
31103,36.107254446106204,792.0599999995565,2113.021193061221
31104,36.107254446106204,792.0799999995564,2113.040364486578
31105,36.107254446106204,792.0999999995564,2113.059535241629
31106,36.107254446106204,792.1199999995564,2113.07870532638
31107,36.107254446106204,792.1399999995564,2113.0978747408362
31108,36.107254446106204,792.1599999995564,2113.1170434850037
31109,36.107254446106204,792.1799999995563,2113.1362115588877
31110,36.107254446106204,792.1999999995563,2113.155378962494
31111,36.107254446106204,792.2199999995563,2113.1745456958283
31112,36.107254446106204,792.2399999995563,2113.193711758896
31113,36.107254446106204,792.2599999995563,2113.2128771517023
31114,36.107254446106204,792.2799999995563,2113.2320418742534
31115,36.107254446106204,792.2999999995562,2113.2512059265546
31116,36.107254446106204,792.3199999995562,2113.270369308612
31117,36.107254446106204,792.3399999995562,2113.2895320204307
31118,36.107254446106204,792.3599999995562,2113.3086940620165
31119,36.107254446106204,792.3799999995562,2113.3278554333747
31120,36.107254446106204,792.3999999995561,2113.3470161345113
31121,36.107254446106204,792.4199999995561,2113.3661761654316
31122,36.107254446106204,792.4399999995561,2113.3853355261417
31123,36.107254446106204,792.4599999995561,2113.404494216647
31124,36.107254446106204,792.4799999995561,2113.423652236953
31125,36.107254446106204,792.499999999556,2113.442809587065
31126,36.107254446106204,792.519999999556,2113.461966266989
31127,36.107254446106204,792.539999999556,2113.4811222767303
31128,36.107254446106204,792.559999999556,2113.5002776162946
31129,36.107254446106204,792.579999999556,2113.519432285688
31130,36.107254446106204,792.599999999556,2113.5385862849153
31131,36.107254446106204,792.619999999556,2113.5577396139824
31132,36.107254446106204,792.6399999995559,2113.5768922728953
31133,36.107254446106204,792.6599999995559,2113.596044261659
31134,36.107254446106204,792.6799999995559,2113.6151955802793
31135,36.107254446106204,792.6999999995559,2113.634346228762
31136,36.107254446106204,792.7199999995559,2113.6534962071123
31137,36.107254446106204,792.7399999995558,2113.672645515336
31138,36.107254446106204,792.7599999995558,2113.6917941534393
31139,36.107254446106204,792.7799999995558,2113.710942121427
31140,36.107254446106204,792.7999999995558,2113.7300894193045
31141,36.107254446106204,792.8199999995558,2113.7492360470783
31142,36.107254446106204,792.8399999995557,2113.7683820047537
31143,36.107254446106204,792.8599999995557,2113.787527292336
31144,36.107254446106204,792.8799999995557,2113.806671909831
31145,36.107254446106204,792.8999999995557,2113.8258158572444
31146,36.107254446106204,792.9199999995557,2113.844959134581
31147,36.107254446106204,792.9399999995557,2113.8641017418477
31148,36.107254446106204,792.9599999995556,2113.883243679049
31149,36.107254446106204,792.9799999995556,2113.902384946191
31150,36.107254446106204,792.9999999995556,2113.921525543279
31151,36.107254446106204,793.0199999995556,2113.940665470402
31152,36.107254446106204,793.0399999995556,2113.959804728593
31153,36.107254446106204,793.0599999995555,2113.9789433181404
31154,36.107254446106204,793.0799999995555,2113.9980812390495
31155,36.107254446106204,793.0999999995555,2114.017218491326
31156,36.107254446106204,793.1199999995555,2114.0363550749753
31157,36.107254446106204,793.1399999995555,2114.0554909900034
31158,36.107254446106204,793.1599999995555,2114.074626236416
31159,36.107254446106204,793.1799999995554,2114.0937608142185
31160,36.107254446106204,793.1999999995554,2114.1128947234165
31161,36.107254446106204,793.2199999995554,2114.132027964016
31162,36.107254446106204,793.2399999995554,2114.151160536022
31163,36.107254446106204,793.2599999995554,2114.1702924394403
31164,36.107254446106204,793.2799999995553,2114.189423674277
31165,36.107254446106204,793.2999999995553,2114.208554240537
31166,36.107254446106204,793.3199999995553,2114.2276841382263
31167,36.107254446106204,793.3399999995553,2114.2468133673506
31168,36.053276809362764,793.3599999995553,2114.2659419279153
31169,36.053276809362764,793.3799999995553,2114.2850698199263
31170,36.053276809362764,793.3999999995552,2114.304197043389
31171,36.053276809362764,793.4199999995552,2114.3233235983093
31172,36.053276809362764,793.4399999995552,2114.342449484692
31173,36.053276809362764,793.4599999995552,2114.3615747025437
31174,36.053276809362764,793.4799999995552,2114.38069925187
31175,36.053276809362764,793.4999999995551,2114.3998231326755
31176,36.053276809362764,793.5199999995551,2114.4189463449666
31177,36.053276809362764,793.5399999995551,2114.438068888749
31178,36.053276809362764,793.5599999995551,2114.4571907640284
31179,36.053276809362764,793.5799999995551,2114.47631197081
31180,36.053276809362764,793.599999999555,2114.4954325090994
31181,36.053276809362764,793.619999999555,2114.5145523789024
31182,36.053276809362764,793.639999999555,2114.5336715802246
31183,36.053276809362764,793.659999999555,2114.5527901130718
31184,36.053276809362764,793.679999999555,2114.5719079774494
31185,36.053276809362764,793.699999999555,2114.591025173363
31186,36.053276809362764,793.719999999555,2114.610141700818
31187,36.053276809362764,793.7399999995549,2114.6292575598204
31188,36.053276809362764,793.7599999995549,2114.648372750376
31189,36.053276809362764,793.7799999995549,2114.66748727249
31190,36.053276809362764,793.7999999995549,2114.6866011261677
31191,36.053276809362764,793.8199999995549,2114.7057143114157
31192,36.053276809362764,793.8399999995548,2114.7248268282387
31193,36.053276809362764,793.8599999995548,2114.7439386766428
31194,36.053276809362764,793.8799999995548,2114.7630498566336
31195,36.053276809362764,793.8999999995548,2114.782160368217
31196,36.053276809362764,793.9199999995548,2114.801270211398
31197,36.053276809362764,793.9399999995547,2114.820379386182
31198,36.053276809362764,793.9599999995547,2114.8394878925756
31199,36.053276809362764,793.9799999995547,2114.8585957305836
31200,36.053276809362764,793.9999999995547,2114.8777029002117
31201,36.053276809362764,794.0199999995547,2114.896809401466
31202,36.053276809362764,794.0399999995547,2114.9159152344414
31203,36.053276809362764,794.0599999995546,2114.9350204001335
31204,36.053276809362764,794.0799999995546,2114.9541248987293
31205,36.053276809362764,794.0999999995546,2114.9732287302345
31206,36.053276809362764,794.1199999995546,2114.9923318946544
31207,36.053276809362764,794.1399999995546,2115.011434391995
31208,36.053276809362764,794.1599999995545,2115.0305362222616
31209,36.053276809362764,794.1799999995545,2115.0496373854603
31210,36.053276809362764,794.1999999995545,2115.0687378815965
31211,36.053276809362764,794.2199999995545,2115.0878377106756
31212,36.053276809362764,794.2399999995545,2115.1069368727035
31213,36.053276809362764,794.2599999995545,2115.1260353676857
31214,36.053276809362764,794.2799999995544,2115.145133195628
31215,36.053276809362764,794.2999999995544,2115.1642303565363
31216,36.053276809362764,794.3199999995544,2115.1833268504156
31217,36.053276809362764,794.3399999995544,2115.202422677272
31218,36.053276809362764,794.3599999995544,2115.2215178371107
31219,36.053276809362764,794.3799999995543,2115.240612329938
31220,36.053276809362764,794.3999999995543,2115.259706155759
31221,36.053276809362764,794.4199999995543,2115.2787993145794
31222,36.053276809362764,794.4399999995543,2115.297891806405
31223,36.053276809362764,794.4599999995543,2115.3169836312413
31224,36.053276809362764,794.4799999995543,2115.3360747890943
31225,36.053276809362764,794.4999999995542,2115.3551652799692
31226,36.053276809362764,794.5199999995542,2115.3742551038717
31227,36.053276809362764,794.5399999995542,2115.3933442608077
31228,36.053276809362764,794.5599999995542,2115.4124327507825
31229,36.053276809362764,794.5799999995542,2115.431520573802
31230,36.053276809362764,794.5999999995541,2115.450607729872
31231,36.053276809362764,794.6199999995541,2115.4696942189976
31232,36.053276809362764,794.6399999995541,2115.488780041185
31233,36.053276809362764,794.6599999995541,2115.507865196439
31234,36.053276809362764,794.6799999995541,2115.526949684766
31235,36.053276809362764,794.699999999554,2115.546033506171
31236,36.053276809362764,794.719999999554,2115.565116660661
31237,36.053276809362764,794.739999999554,2115.58419914824
31238,36.053276809362764,794.759999999554,2115.6032809689145
31239,36.053276809362764,794.779999999554,2115.62236212269
31240,36.053276809362764,794.799999999554,2115.641442609572
31241,36.053276809362764,794.8199999995539,2115.6605224295663
31242,36.053276809362764,794.8399999995539,2115.6796015826785
31243,36.053276809362764,794.8599999995539,2115.698680068914
31244,36.053276809362764,794.8799999995539,2115.717757888279
31245,36.053276809362764,794.8999999995539,2115.7368350407783
31246,36.053276809362764,794.9199999995539,2115.7559115264185
31247,36.053276809362764,794.9399999995538,2115.7749873452044
31248,36.053276809362764,794.9599999995538,2115.794062497142
31249,36.053276809362764,794.9799999995538,2115.813136982237
31250,36.053276809362764,794.9999999995538,2115.832210800495
31251,36.053276809362764,795.0199999995538,2115.8512839519212
31252,36.053276809362764,795.0399999995537,2115.870356436522
31253,36.053276809362764,795.0599999995537,2115.889428254412
31254,36.053276809362764,795.0799999995537,2115.9084994066934
31255,36.053276809362764,795.0999999995537,2115.9275698934835
31256,36.053276809362764,795.1199999995537,2115.946639714788
31257,36.053276809362764,795.1399999995537,2115.965708870613
31258,36.053276809362764,795.1599999995536,2115.984777360964
31259,36.053276809362764,795.1799999995536,2116.0038451858463
31260,36.053276809362764,795.1999999995536,2116.022912345266
31261,36.053276809362764,795.2199999995536,2116.0419788392282
31262,36.053276809362764,795.2399999995536,2116.0610446677388
31263,36.053276809362764,795.2599999995535,2116.0801098308034
31264,36.053276809362764,795.2799999995535,2116.099174328428
31265,36.053276809362764,795.2999999995535,2116.1182381606177
31266,36.053276809362764,795.3199999995535,2116.1373013273787
31267,36.053276809362764,795.3399999995535,2116.156363828716
31268,36.053276809362764,795.3599999995535,2116.175425664636
31269,36.053276809362764,795.3799999995534,2116.194486835144
31270,36.053276809362764,795.3999999995534,2116.2135473402454
31271,36.053276809362764,795.4199999995534,2116.232607179946
31272,36.053276809362764,795.4399999995534,2116.251666354252
31273,36.053276809362764,795.4599999995534,2116.270724863168
31274,36.053276809362764,795.4799999995533,2116.2897827067004
31275,36.053276809362764,795.4999999995533,2116.3088398848545
31276,36.053276809362764,795.5199999995533,2116.3278963976363
31277,36.053276809362764,795.5399999995533,2116.3469522450514
31278,36.053276809362764,795.5599999995533,2116.366007427105
31279,36.053276809362764,795.5799999995533,2116.3850619438035
31280,36.053276809362764,795.5999999995532,2116.404115795152
31281,36.053276809362764,795.6199999995532,2116.423168981156
31282,36.053276809362764,795.6399999995532,2116.442221501821
31283,36.053276809362764,795.6599999995532,2116.4612733571535
31284,36.053276809362764,795.6799999995532,2116.4803245471585
31285,36.053276809362764,795.6999999995531,2116.4993750718418
31286,36.053276809362764,795.7199999995531,2116.518424931209
31287,36.053276809362764,795.7399999995531,2116.5374741252663
31288,36.053276809362764,795.7599999995531,2116.5565226540184
31289,36.053276809362764,795.7799999995531,2116.5755705174715
31290,36.053276809362764,795.799999999553,2116.594617715631
31291,36.053276809362764,795.819999999553,2116.6136642485026
31292,36.053276809362764,795.839999999553,2116.632710116092
31293,36.053276809362764,795.859999999553,2116.651755318405
31294,36.053276809362764,795.879999999553,2116.670799855447
31295,36.053276809362764,795.899999999553,2116.689843727224
31296,36.053276809362764,795.9199999995529,2116.708886933741
31297,36.053276809362764,795.9399999995529,2116.727929475004
31298,36.053276809362764,795.9599999995529,2116.746971351019
31299,36.053276809362764,795.9799999995529,2116.7660125617913
31300,36.053276809362764,795.9999999995529,2116.7850531073263
31301,36.053276809362764,796.0199999995529,2116.80409298763
31302,36.053276809362764,796.0399999995528,2116.823132202708
31303,36.053276809362764,796.0599999995528,2116.842170752566
31304,36.053276809362764,796.0799999995528,2116.8612086373946
31305,36.053276809362764,796.0999999995528,2116.8802458582386
31306,36.053276809362764,796.1199999995528,2116.8992824151983
31307,36.053276809362764,796.1399999995527,2116.918318308279
31308,36.053276809362764,796.1599999995527,2116.937353537487
31309,36.053276809362764,796.1799999995527,2116.9563881028275
31310,36.053276809362764,796.1999999995527,2116.975422004306
31311,36.053276809362764,796.2199999995527,2116.9944552419283
31312,36.053276809362764,796.2399999995527,2117.0134878157
31313,36.053276809362764,796.2599999995526,2117.032519725627
31314,36.053276809362764,796.2799999995526,2117.0515509717147
31315,36.053276809362764,796.2999999995526,2117.070581553969
31316,36.053276809362764,796.3199999995526,2117.0896114723955
31317,36.053276809362764,796.3399999995526,2117.108640727
31318,36.053276809362764,796.3599999995525,2117.1276693177874
31319,36.053276809362764,796.3799999995525,2117.1466972447643
31320,36.053276809362764,796.3999999995525,2117.165724507936
31321,36.053276809362764,796.4199999995525,2117.184751107308
31322,36.053276809362764,796.4399999995525,2117.203777042886
31323,36.053276809362764,796.4599999995525,2117.222802314676
31324,36.053276809362764,796.4799999995524,2117.241826922683
31325,36.053276809362764,796.4999999995524,2117.2608508669127
31326,36.053276809362764,796.5199999995524,2117.2798741473716
31327,36.053276809362764,796.5399999995524,2117.2988967640645
31328,36.053276809362764,796.5599999995524,2117.3179187169976
31329,36.053276809362764,796.5799999995523,2117.336940006176
31330,36.053276809362764,796.5999999995523,2117.3559606316057
31331,36.053276809362764,796.6199999995523,2117.3749805932925
31332,36.053276809362764,796.6399999995523,2117.393999891242
31333,36.053276809362764,796.6599999995523,2117.4130185254594
31334,36.053276809362764,796.6799999995523,2117.432036495951
31335,36.053276809362764,796.6999999995522,2117.451053802722
31336,36.053276809362764,796.7199999995522,2117.470070445778
31337,36.053276809362764,796.7399999995522,2117.489086425125
31338,36.053276809362764,796.7599999995522,2117.508101740769
31339,36.053276809362764,796.7799999995522,2117.5271163927146
31340,36.053276809362764,796.7999999995521,2117.546130380968
31341,36.053276809362764,796.8199999995521,2117.565143705535
31342,36.053276809362764,796.8399999995521,2117.5841563664208
31343,36.053276809362764,796.8599999995521,2117.6031683636315
31344,36.053276809362764,796.8799999995521,2117.6221796971727
31345,36.053276809362764,796.899999999552,2117.6411903670496
31346,36.053276809362764,796.919999999552,2117.6602003732683
31347,36.053276809362764,796.939999999552,2117.6792097158345
31348,36.053276809362764,796.959999999552,2117.6982183947534
31349,36.053276809362764,796.979999999552,2117.7172264100313
31350,36.053276809362764,796.999999999552,2117.7362337616732
31351,36.053276809362764,797.0199999995519,2117.755240449685
31352,36.053276809362764,797.0399999995519,2117.7742464740727
31353,36.053276809362764,797.0599999995519,2117.7932518348416
31354,36.053276809362764,797.0799999995519,2117.8122565319973
31355,36.053276809362764,797.0999999995519,2117.8312605658202
31356,36.053276809362764,797.1199999995519,2117.8502639373355
31357,36.053276809362764,797.1399999995518,2117.8692666466313
31358,36.053276809362764,797.1599999995518,2117.888268693713
31359,36.053276809362764,797.1799999995518,2117.907270078587
31360,36.053276809362764,797.1999999995518,2117.926270801258
31361,36.053276809362764,797.2199999995518,2117.9452708617323
31362,36.053276809362764,797.2399999995517,2117.9642702600154
31363,36.053276809362764,797.2599999995517,2117.9832689961127
31364,36.053276809362764,797.2799999995517,2118.00226707003
31365,36.053276809362764,797.2999999995517,2118.0212644817734
31366,36.053276809362764,797.3199999995517,2118.0402612313483
31367,36.053276809362764,797.3399999995517,2118.05925731876
31368,36.053276809362764,797.3599999995516,2118.0782527440147
31369,36.053276809362764,797.3799999995516,2118.0972475071176
31370,36.053276809362764,797.3999999995516,2118.1162416080742
31371,36.053276809362764,797.4199999995516,2118.1352350468906
31372,36.053276809362764,797.4399999995516,2118.1542278235725
31373,36.053276809362764,797.4599999995515,2118.1732199381254
31374,36.053276809362764,797.4799999995515,2118.192211390555
31375,36.053276809362764,797.4999999995515,2118.2112021808666
31376,36.053276809362764,797.5199999995515,2118.2301923090663
31377,36.053276809362764,797.5399999995515,2118.2491817751593
31378,36.053276809362764,797.5599999995515,2118.268170579152
31379,36.053276809362764,797.5799999995514,2118.2871587210493
31380,35.999433526244204,797.5999999995514,2118.3061462008573
31381,35.999433526244204,797.6199999995514,2118.3251330185813
31382,35.999433526244204,797.6399999995514,2118.344119174227
31383,35.999433526244204,797.6599999995514,2118.3631046678006
31384,35.999433526244204,797.6799999995513,2118.3820894993073
31385,35.999433526244204,797.6999999995513,2118.401073668753
31386,35.999433526244204,797.7199999995513,2118.4200571761426
31387,35.999433526244204,797.7399999995513,2118.4390400214825
31388,35.999433526244204,797.7599999995513,2118.458022204778
31389,35.999433526244204,797.7799999995513,2118.477003726035
31390,35.999433526244204,797.7999999995512,2118.495984585259
31391,35.999433526244204,797.8199999995512,2118.514964782456
31392,35.999433526244204,797.8399999995512,2118.5339443176313
31393,35.999433526244204,797.8599999995512,2118.5529231907904
31394,35.999433526244204,797.8799999995512,2118.571901401939
31395,35.999433526244204,797.8999999995511,2118.5908789510836
31396,35.999433526244204,797.9199999995511,2118.6098558382287
31397,35.999433526244204,797.9399999995511,2118.6288320633803
31398,35.999433526244204,797.9599999995511,2118.6478076265444
31399,35.999433526244204,797.9799999995511,2118.6667825277264
31400,35.999433526244204,797.999999999551,2118.6857567669317
31401,35.999433526244204,798.019999999551,2118.7047303441664
31402,35.999433526244204,798.039999999551,2118.7237032594358
31403,35.999433526244204,798.059999999551,2118.742675512746
31404,35.999433526244204,798.079999999551,2118.761647104102
31405,35.999433526244204,798.099999999551,2118.78061803351
31406,35.999433526244204,798.1199999995509,2118.799588301297
31407,35.999433526244204,798.1399999995509,2118.8185579083292
31408,35.999433526244204,798.1599999995509,2118.8375268546733
31409,35.999433526244204,798.1799999995509,2118.856495140334
31410,35.999433526244204,798.1999999995509,2118.8754627653175
31411,35.999433526244204,798.2199999995509,2118.8944297296293
31412,35.999433526244204,798.2399999995508,2118.913396033275
31413,35.999433526244204,798.2599999995508,2118.932361676261
31414,35.999433526244204,798.2799999995508,2118.951326658592
31415,35.999433526244204,798.2999999995508,2118.9702909802736
31416,35.999433526244204,798.3199999995508,2118.989254641312
31417,35.999433526244204,798.3399999995507,2119.0082176417127
31418,35.999433526244204,798.3599999995507,2119.0271799814814
31419,35.999433526244204,798.3799999995507,2119.0461416606236
31420,35.999433526244204,798.3999999995507,2119.065102679145
31421,35.999433526244204,798.4199999995507,2119.0840630370517
31422,35.999433526244204,798.4399999995507,2119.1030227343485
31423,35.999433526244204,798.4599999995506,2119.1219817710416
31424,35.999433526244204,798.4799999995506,2119.140940147137
31425,35.999433526244204,798.4999999995506,2119.1598978626394
31426,35.999433526244204,798.5199999995506,2119.1788549175553
31427,35.999433526244204,798.5399999995506,2119.19781131189
31428,35.999433526244204,798.5599999995505,2119.2167670456492
31429,35.999433526244204,798.5799999995505,2119.2357221188386
31430,35.999433526244204,798.5999999995505,2119.2546765314637
31431,35.999433526244204,798.6199999995505,2119.2736302835306
31432,35.999433526244204,798.6399999995505,2119.2925833750446
31433,35.999433526244204,798.6599999995505,2119.3115358060113
31434,35.999433526244204,798.6799999995504,2119.3304875764366
31435,35.999433526244204,798.6999999995504,2119.349438686326
31436,35.999433526244204,798.7199999995504,2119.368389135685
31437,35.999433526244204,798.7399999995504,2119.3873389245196
31438,35.999433526244204,798.7599999995504,2119.406288052835
31439,35.999433526244204,798.7799999995503,2119.425236520637
31440,35.999433526244204,798.7999999995503,2119.444184327932
31441,35.999433526244204,798.8199999995503,2119.463131474725
31442,35.999433526244204,798.8399999995503,2119.4820779610213
31443,35.999433526244204,798.8599999995503,2119.5010237868273
31444,35.999433526244204,798.8799999995503,2119.5199689521482
31445,35.999433526244204,798.8999999995502,2119.53891345699
31446,35.999433526244204,798.9199999995502,2119.557857301358
31447,35.999433526244204,798.9399999995502,2119.576800485258
31448,35.999433526244204,798.9599999995502,2119.5957430086955
31449,35.999433526244204,798.9799999995502,2119.614684871676
31450,35.999433526244204,798.9999999995501,2119.633626074206
31451,35.999433526244204,799.0199999995501,2119.65256661629
31452,35.999433526244204,799.0399999995501,2119.671506497935
31453,35.999433526244204,799.0599999995501,2119.6904457191454
31454,35.999433526244204,799.0799999995501,2119.7093842799272
31455,35.999433526244204,799.09999999955,2119.7283221802863
31456,35.999433526244204,799.11999999955,2119.7472594202286
31457,35.999433526244204,799.13999999955,2119.766196000173
31458,35.999433526244204,799.15999999955,2119.785131920966
31459,35.999433526244204,799.17999999955,2119.80406718266
31460,35.999433526244204,799.19999999955,2119.823001785262
31461,35.999433526244204,799.2199999995499,2119.8419357287767
31462,35.999433526244204,799.2399999995499,2119.86086901321
31463,35.999433526244204,799.2599999995499,2119.879801638568
31464,35.999433526244204,799.2799999995499,2119.898733604856
31465,35.999433526244204,799.2999999995499,2119.9176649120795
31466,35.999433526244204,799.3199999995499,2119.9365955602443
31467,35.999433526244204,799.3399999995498,2119.955525549356
31468,35.999433526244204,799.3599999995498,2119.9744548794206
31469,35.999433526244204,799.3799999995498,2119.9933835504435
31470,35.999433526244204,799.3999999995498,2120.0123115628244
31471,35.999433526244204,799.4199999995498,2120.0312389179526
31472,35.999433526244204,799.4399999995497,2120.050165615944
31473,35.999433526244204,799.4599999995497,2120.069091656804
31474,35.999433526244204,799.4799999995497,2120.088017040539
31475,35.999433526244204,799.4999999995497,2120.1069417671542
31476,35.999433526244204,799.5199999995497,2120.1258658366555
31477,35.999433526244204,799.5399999995497,2120.1447892490487
31478,35.999433526244204,799.5599999995496,2120.1637120043397
31479,35.999433526244204,799.5799999995496,2120.1826341025344
31480,35.999433526244204,799.5999999995496,2120.2015555436383
31481,35.999433526244204,799.6199999995496,2120.2204763276577
31482,35.999433526244204,799.6399999995496,2120.239396454598
31483,35.999433526244204,799.6599999995495,2120.258315924465
31484,35.999433526244204,799.6799999995495,2120.2772347372647
31485,35.999433526244204,799.6999999995495,2120.2961528930027
31486,35.999433526244204,799.7199999995495,2120.315070391685
31487,35.999433526244204,799.7399999995495,2120.3339872333167
31488,35.999433526244204,799.7599999995494,2120.3529034179046
31489,35.999433526244204,799.7799999995494,2120.371818945454
31490,35.999433526244204,799.7999999995494,2120.39073381597
31491,35.999433526244204,799.8199999995494,2120.4096480294597
31492,35.999433526244204,799.8399999995494,2120.428561585928
31493,35.999433526244204,799.8599999995494,2120.447474485381
31494,35.999433526244204,799.8799999995493,2120.4663867278246
31495,35.999433526244204,799.8999999995493,2120.485298313264
31496,35.999433526244204,799.9199999995493,2120.504209241706
31497,35.999433526244204,799.9399999995493,2120.5231195131555
31498,35.999433526244204,799.9599999995493,2120.5420291276187
31499,35.999433526244204,799.9799999995492,2120.560938085101
31500,35.999433526244204,799.9999999995492,2120.579846385609
31501,35.999433526244204,800.0199999995492,2120.5987540291476
31502,35.999433526244204,800.0399999995492,2120.617661015723
31503,35.999433526244204,800.0599999995492,2120.636567345341
31504,35.999433526244204,800.0799999995492,2120.6554730180073
31505,35.999433526244204,800.0999999995491,2120.674378033728
31506,35.999433526244204,800.1199999995491,2120.693282392508
31507,35.999433526244204,800.1399999995491,2120.7121860943544
31508,35.999433526244204,800.1599999995491,2120.731089139763
31509,35.999433526244204,800.1799999995491,2120.7499915295202
31510,35.999433526244204,800.199999999549,2120.7688932636643
31511,35.999433526244204,800.219999999549,2120.7877943422004
31512,35.999433526244204,800.239999999549,2120.806694765135
31513,35.999433526244204,800.259999999549,2120.8255945324736
31514,35.999433526244204,800.279999999549,2120.844493644222
31515,35.999433526244204,800.299999999549,2120.863392100386
31516,35.999433526244204,800.3199999995489,2120.8822899009715
31517,35.999433526244204,800.3399999995489,2120.9011870459844
31518,35.999433526244204,800.3599999995489,2120.9200835354304
31519,35.999433526244204,800.3799999995489,2120.938979369315
31520,35.999433526244204,800.3999999995489,2120.957874547644
31521,35.999433526244204,800.4199999995488,2120.976769070424
31522,35.999433526244204,800.4399999995488,2120.9956629376597
31523,35.999433526244204,800.4599999995488,2121.0145561493578
31524,35.999433526244204,800.4799999995488,2121.033448705524
31525,35.999433526244204,800.4999999995488,2121.0523406061634
31526,35.999433526244204,800.5199999995488,2121.0712318512824
31527,35.999433526244204,800.5399999995487,2121.0901224408867
31528,35.999433526244204,800.5599999995487,2121.109012374982
31529,35.999433526244204,800.5799999995487,2121.1279016535736
31530,35.999433526244204,800.5999999995487,2121.146790276668
31531,35.999433526244204,800.6199999995487,2121.165678244271
31532,35.999433526244204,800.6399999995486,2121.184565556388
31533,35.999433526244204,800.6599999995486,2121.2034522130252
31534,35.999433526244204,800.6799999995486,2121.2223382141883
31535,35.999433526244204,800.6999999995486,2121.2412235598827
31536,35.999433526244204,800.7199999995486,2121.2601082501146
31537,35.999433526244204,800.7399999995486,2121.2789922848897
31538,35.999433526244204,800.7599999995485,2121.2978756642137
31539,35.999433526244204,800.7799999995485,2121.3167583880927
31540,35.999433526244204,800.7999999995485,2121.335640456532
31541,35.999433526244204,800.8199999995485,2121.3545218695376
31542,35.999433526244204,800.8399999995485,2121.3734026271154
31543,35.999433526244204,800.8599999995484,2121.3922827292713
31544,35.999433526244204,800.8799999995484,2121.4111621760107
31545,35.999433526244204,800.8999999995484,2121.4300409673397
31546,35.999433526244204,800.9199999995484,2121.448919103264
31547,35.999433526244204,800.9399999995484,2121.4677965837895
31548,35.999433526244204,800.9599999995484,2121.486673408922
31549,35.999433526244204,800.9799999995483,2121.505549578667
31550,35.999433526244204,800.9999999995483,2121.5244250930305
31551,35.999433526244204,801.0199999995483,2121.5432999520185
31552,35.999433526244204,801.0399999995483,2121.5621741556365
31553,35.999433526244204,801.0599999995483,2121.5810477038904
31554,35.999433526244204,801.0799999995482,2121.599920596786
31555,35.999433526244204,801.0999999995482,2121.618792834329
31556,35.999433526244204,801.1199999995482,2121.637664416525
31557,35.999433526244204,801.1399999995482,2121.65653534338
31558,35.999433526244204,801.1599999995482,2121.6754056149
31559,35.999433526244204,801.1799999995482,2121.694275231685
31560,35.999433526244204,801.1999999995481,2121.7131441944935
31561,35.999433526244204,801.2199999995481,2121.732012503349
31562,35.999433526244204,801.2399999995481,2121.7508801582567
31563,35.999433526244204,801.2599999995481,2121.769747159223
31564,35.999433526244204,801.2799999995481,2121.788613506253
31565,35.999433526244204,801.299999999548,2121.8074791993536
31566,35.999433526244204,801.319999999548,2121.8263442385296
31567,35.999433526244204,801.339999999548,2121.845208623787
31568,35.999433526244204,801.359999999548,2121.864072355132
31569,35.999433526244204,801.379999999548,2121.8829354325703
31570,35.999433526244204,801.399999999548,2121.9017978561074
31571,35.999433526244204,801.4199999995479,2121.9206596257495
31572,35.999433526244204,801.4399999995479,2121.939520741502
31573,35.999433526244204,801.4599999995479,2121.9583812033707
31574,35.999433526244204,801.4799999995479,2121.977241011362
31575,35.999433526244204,801.4999999995479,2121.996100165481
31576,35.999433526244204,801.5199999995478,2122.014958665734
31577,35.999433526244204,801.5399999995478,2122.033816512126
31578,35.999433526244204,801.5599999995478,2122.052673704664
31579,35.999433526244204,801.5799999995478,2122.0715302433528
31580,35.999433526244204,801.5999999995478,2122.0903861281986
31581,35.999433526244204,801.6199999995478,2122.1092413592073
31582,35.999433526244204,801.6399999995477,2122.1280959363844
31583,35.999433526244204,801.6599999995477,2122.1469498597357
31584,35.999433526244204,801.6799999995477,2122.1658031292673
31585,35.999433526244204,801.6999999995477,2122.184655744985
31586,35.999433526244204,801.7199999995477,2122.203507706894
31587,35.999433526244204,801.7399999995476,2122.2223590150006
31588,35.999433526244204,801.7599999995476,2122.2412096693106
31589,35.999433526244204,801.7799999995476,2122.26005966983
31590,35.999433526244204,801.7999999995476,2122.278909016564
31591,35.999433526244204,801.8199999995476,2122.2977577095185
31592,35.999433526244204,801.8399999995476,2122.3166057486997
31593,35.999433526244204,801.8599999995475,2122.3354531341133
31594,35.999433526244204,801.8799999995475,2122.354299865765
31595,35.999433526244204,801.8999999995475,2122.3731459436603
31596,35.999433526244204,801.9199999995475,2122.3919913678055
31597,35.999433526244204,801.9399999995475,2122.4108361382064
31598,35.945724129036115,801.9599999995474,2122.4296802548683
31599,35.945724129036115,801.9799999995474,2122.4485237177973
31600,35.945724129036115,801.9999999995474,2122.4673665269993
31601,35.945724129036115,802.0199999995474,2122.4862086824796
31602,35.945724129036115,802.0399999995474,2122.5050501842447
31603,35.945724129036115,802.0599999995474,2122.5238910323
31604,35.945724129036115,802.0799999995473,2122.542731226651
31605,35.945724129036115,802.0999999995473,2122.561570767304
31606,35.945724129036115,802.1199999995473,2122.5804096542647
31607,35.945724129036115,802.1399999995473,2122.5992478875387
31608,35.945724129036115,802.1599999995473,2122.6180854671316
31609,35.945724129036115,802.1799999995472,2122.6369223930496
31610,35.945724129036115,802.1999999995472,2122.6557586659087
31611,35.945724129036115,802.2199999995472,2122.6745942863367
31612,35.945724129036115,802.2399999995472,2122.693429254341
31613,35.945724129036115,802.2599999995472,2122.712263569927
31614,35.945724129036115,802.2799999995472,2122.731097233101
31615,35.945724129036115,802.2999999995471,2122.7499302438687
31616,35.945724129036115,802.3199999995471,2122.7687626022357
31617,35.945724129036115,802.3399999995471,2122.7875943082076
31618,35.945724129036115,802.3599999995471,2122.806425361791
31619,35.945724129036115,802.3799999995471,2122.8252557629908
31620,35.945724129036115,802.399999999547,2122.8440855118133
31621,35.945724129036115,802.419999999547,2122.8629146082644
31622,35.945724129036115,802.439999999547,2122.8817430523495
31623,35.945724129036115,802.459999999547,2122.9005708440745
31624,35.945724129036115,802.479999999547,2122.9193979834454
31625,35.945724129036115,802.499999999547,2122.938224470468
31626,35.945724129036115,802.5199999995469,2122.9570503051477
31627,35.945724129036115,802.5399999995469,2122.975875487491
31628,35.945724129036115,802.5599999995469,2122.9947000175034
31629,35.945724129036115,802.5799999995469,2123.0135238951902
31630,35.945724129036115,802.5999999995469,2123.032347120558
31631,35.945724129036115,802.6199999995468,2123.051169693612
31632,35.945724129036115,802.6399999995468,2123.069991614358
31633,35.945724129036115,802.6599999995468,2123.0888128828024
31634,35.945724129036115,802.6799999995468,2123.1076334989507
31635,35.945724129036115,802.6999999995468,2123.1264534628085
31636,35.945724129036115,802.7199999995468,2123.1452727743817
31637,35.945724129036115,802.7399999995467,2123.1640914336763
31638,35.945724129036115,802.7599999995467,2123.1829094406976
31639,35.945724129036115,802.7799999995467,2123.201726795452
31640,35.945724129036115,802.7999999995467,2123.220543497945
31641,35.945724129036115,802.8199999995467,2123.239359548182
31642,35.945724129036115,802.8399999995466,2123.2581749461697
31643,35.945724129036115,802.8599999995466,2123.276989691913
31644,35.945724129036115,802.8799999995466,2123.2958037854182
31645,35.945724129036115,802.8999999995466,2123.314617226691
31646,35.945724129036115,802.9199999995466,2123.3334300157376
31647,35.945724129036115,802.9399999995466,2123.352242152563
31648,35.945724129036115,802.9599999995465,2123.3710536371736
31649,35.945724129036115,802.9799999995465,2123.389864469575
31650,35.945724129036115,802.9999999995465,2123.4086746497733
31651,35.945724129036115,803.0199999995465,2123.4274841777737
31652,35.945724129036115,803.0399999995465,2123.4462930535824
31653,35.945724129036115,803.0599999995464,2123.465101277205
31654,35.945724129036115,803.0799999995464,2123.4839088486474
31655,35.945724129036115,803.0999999995464,2123.5027157679156
31656,35.945724129036115,803.1199999995464,2123.521522035015
31657,35.945724129036115,803.1399999995464,2123.5403276499515
31658,35.945724129036115,803.1599999995464,2123.559132612731
31659,35.945724129036115,803.1799999995463,2123.577936923359
31660,35.945724129036115,803.1999999995463,2123.5967405818556
31661,35.945724129036115,803.2199999995463,2123.6155435889254
31662,35.945724129036115,803.2399999995463,2123.634345945149
31663,35.945724129036115,803.2599999995463,2123.653147650532
31664,35.945724129036115,803.2799999995462,2123.6719487050805
31665,35.945724129036115,803.2999999995462,2123.6907491088
31666,35.945724129036115,803.3199999995462,2123.7095488616965
31667,35.945724129036115,803.3399999995462,2123.7283479637754
31668,35.945724129036115,803.3599999995462,2123.747146415043
31669,35.945724129036115,803.3799999995462,2123.765944215505
31670,35.945724129036115,803.3999999995461,2123.784741365167
31671,35.945724129036115,803.4199999995461,2123.803537864035
31672,35.945724129036115,803.4399999995461,2123.822333712115
31673,35.945724129036115,803.4599999995461,2123.8411289094124
31674,35.945724129036115,803.4799999995461,2123.8599234559333
31675,35.945724129036115,803.499999999546,2123.8787173516835
31676,35.945724129036115,803.519999999546,2123.8975105966683
31677,35.945724129036115,803.539999999546,2123.9163031908943
31678,35.945724129036115,803.559999999546,2123.9350951343667
31679,35.945724129036115,803.579999999546,2123.9538864270917
31680,35.945724129036115,803.599999999546,2123.972677069075
31681,35.945724129036115,803.6199999995459,2123.991467060322
31682,35.945724129036115,803.6399999995459,2124.010256400839
31683,35.945724129036115,803.6599999995459,2124.0290450906314
31684,35.945724129036115,803.6799999995459,2124.0478331297054
31685,35.945724129036115,803.6999999995459,2124.066620518067
31686,35.945724129036115,803.7199999995458,2124.0854072557213
31687,35.945724129036115,803.7399999995458,2124.1041933426745
31688,35.945724129036115,803.7599999995458,2124.1229787789325
31689,35.945724129036115,803.7799999995458,2124.1417635645007
31690,35.945724129036115,803.7999999995458,2124.1605476993855
31691,35.945724129036115,803.8199999995458,2124.1793311835922
31692,35.945724129036115,803.8399999995457,2124.198114017127
31693,35.945724129036115,803.8599999995457,2124.216896199995
31694,35.945724129036115,803.8799999995457,2124.235677732203
31695,35.945724129036115,803.8999999995457,2124.254458613756
31696,35.945724129036115,803.9199999995457,2124.27323884466
31697,35.945724129036115,803.9399999995456,2124.292018424921
31698,35.945724129036115,803.9599999995456,2124.310797354545
31699,35.945724129036115,803.9799999995456,2124.329575633537
31700,35.945724129036115,803.9999999995456,2124.3483532619034
31701,35.945724129036115,804.0199999995456,2124.3671302396497
31702,35.945724129036115,804.0399999995456,2124.385906566782
31703,35.945724129036115,804.0599999995455,2124.404682243306
31704,35.945724129036115,804.0799999995455,2124.4234572692276
31705,35.945724129036115,804.0999999995455,2124.442231644552
31706,35.945724129036115,804.1199999995455,2124.461005369286
31707,35.945724129036115,804.1399999995455,2124.4797784434345
31708,35.945724129036115,804.1599999995454,2124.498550867004
31709,35.945724129036115,804.1799999995454,2124.5173226399997
31710,35.945724129036115,804.1999999995454,2124.5360937624278
31711,35.945724129036115,804.2199999995454,2124.554864234323
31712,35.945724129036115,804.2399999995454,2124.5736340564513
31713,35.945724129036115,804.2599999995454,2124.5924032293183
31714,35.945724129036115,804.2799999995453,2124.6111717529297
31715,35.945724129036115,804.2999999995453,2124.6299396272916
31716,35.945724129036115,804.3199999995453,2124.6487068524093
31717,35.945724129036115,804.3399999995453,2124.6674734282888
31718,35.945724129036115,804.3599999995453,2124.686239354936
31719,35.945724129036115,804.3799999995452,2124.7050046323566
31720,35.945724129036115,804.3999999995452,2124.7237692605563
31721,35.945724129036115,804.4199999995452,2124.742533239541
31722,35.945724129036115,804.4399999995452,2124.761296569317
31723,35.945724129036115,804.4599999995452,2124.7800592498893
31724,35.945724129036115,804.4799999995452,2124.7988212812643
31725,35.945724129036115,804.4999999995451,2124.8175826634474
31726,35.945724129036115,804.5199999995451,2124.836343396445
31727,35.945724129036115,804.5399999995451,2124.8551034802626
31728,35.945724129036115,804.5599999995451,2124.8738629149057
31729,35.945724129036115,804.5799999995451,2124.8926217003805
31730,35.945724129036115,804.599999999545,2124.9113798366925
31731,35.945724129036115,804.619999999545,2124.9301373238477
31732,35.945724129036115,804.639999999545,2124.948894161852
31733,35.945724129036115,804.659999999545,2124.967650350711
31734,35.945724129036115,804.679999999545,2124.986405890431
31735,35.945724129036115,804.699999999545,2125.005160781017
31736,35.945724129036115,804.7199999995449,2125.023915022475
31737,35.945724129036115,804.7399999995449,2125.0426686148116
31738,35.945724129036115,804.7599999995449,2125.0614215580317
31739,35.945724129036115,804.7799999995449,2125.0801738521413
31740,35.945724129036115,804.7999999995449,2125.0989254971464
31741,35.945724129036115,804.8199999995448,2125.117676493053
31742,35.945724129036115,804.8399999995448,2125.1364268398665
31743,35.945724129036115,804.8599999995448,2125.155176537593
31744,35.945724129036115,804.8799999995448,2125.173925586238
31745,35.945724129036115,804.8999999995448,2125.1926739858077
31746,35.945724129036115,804.9199999995448,2125.211421736308
31747,35.945724129036115,804.9399999995447,2125.230168837744
31748,35.945724129036115,804.9599999995447,2125.2489152901217
31749,35.945724129036115,804.9799999995447,2125.2676610934473
31750,35.945724129036115,804.9999999995447,2125.2864062477265
31751,35.945724129036115,805.0199999995447,2125.305150752965
31752,35.945724129036115,805.0399999995446,2125.3238946091683
31753,35.945724129036115,805.0599999995446,2125.3426378163426
31754,35.945724129036115,805.0799999995446,2125.361380374494
31755,35.945724129036115,805.0999999995446,2125.3801222836278
31756,35.945724129036115,805.1199999995446,2125.39886354375
31757,35.945724129036115,805.1399999995446,2125.4176041548662
31758,35.945724129036115,805.1599999995445,2125.4363441169826
31759,35.945724129036115,805.1799999995445,2125.4550834301044
31760,35.945724129036115,805.1999999995445,2125.4738220942377
31761,35.945724129036115,805.2199999995445,2125.4925601093887
31762,35.945724129036115,805.2399999995445,2125.511297475608
31763,35.945724129036115,805.2599999995444,2125.530034193741
31764,35.945724129036115,805.2799999995444,2125.5487702642267
31765,35.945724129036115,805.2999999995444,2125.5675056870705
31766,35.945724129036115,805.3199999995444,2125.5862404622785
31767,35.945724129036115,805.3399999995444,2125.604974589856
31768,35.945724129036115,805.3599999995444,2125.623708069809
31769,35.945724129036115,805.3799999995443,2125.642440902143
31770,35.945724129036115,805.3999999995443,2125.6611730868635
31771,35.945724129036115,805.4199999995443,2125.6799046239767
31772,35.945724129036115,805.4399999995443,2125.698635513488
31773,35.945724129036115,805.4599999995443,2125.7173657554035
31774,35.945724129036115,805.4799999995442,2125.7360953497287
31775,35.945724129036115,805.4999999995442,2125.754824296469
31776,35.945724129036115,805.5199999995442,2125.7735525956305
31777,35.945724129036115,805.5399999995442,2125.7922802472185
31778,35.945724129036115,805.5599999995442,2125.811007251239
31779,35.945724129036115,805.5799999995442,2125.829733607698
31780,35.945724129036115,805.5999999995441,2125.848459316601
31781,35.945724129036115,805.6199999995441,2125.867184377953
31782,35.945724129036115,805.6399999995441,2125.8859087917604
31783,35.945724129036115,805.6599999995441,2125.904632558029
31784,35.945724129036115,805.6799999995441,2125.923355676764
31785,35.945724129036115,805.699999999544,2125.9420781479716
31786,35.945724129036115,805.719999999544,2125.9607999716573
31787,35.945724129036115,805.739999999544,2125.9795211478267
31788,35.945724129036115,805.759999999544,2125.998241676486
31789,35.945724129036115,805.779999999544,2126.0169615576406
31790,35.945724129036115,805.799999999544,2126.035680791296
31791,35.945724129036115,805.8199999995439,2126.0543993774577
31792,35.945724129036115,805.8399999995439,2126.073117316132
31793,35.945724129036115,805.8599999995439,2126.0918346073245
31794,35.945724129036115,805.8799999995439,2126.1105512510408
31795,35.945724129036115,805.8999999995439,2126.1292672472864
31796,35.945724129036115,805.9199999995438,2126.147982596067
31797,35.945724129036115,805.9399999995438,2126.1666972973885
31798,35.945724129036115,805.9599999995438,2126.185411351257
31799,35.945724129036115,805.9799999995438,2126.204124757677
31800,35.945724129036115,805.9999999995438,2126.2228375166555
31801,35.945724129036115,806.0199999995438,2126.2415496281974
31802,35.945724129036115,806.0399999995437,2126.2602610923086
31803,35.945724129036115,806.0599999995437,2126.278971908995
31804,35.945724129036115,806.0799999995437,2126.2976820782624
31805,35.945724129036115,806.0999999995437,2126.3163916001163
31806,35.945724129036115,806.1199999995437,2126.3351004745623
31807,35.945724129036115,806.1399999995436,2126.353808701606
31808,35.945724129036115,806.1599999995436,2126.3725162812534
31809,35.945724129036115,806.1799999995436,2126.39122321351
31810,35.945724129036115,806.1999999995436,2126.4099294983816
31811,35.89214815211544,806.2199999995436,2126.428635135874
31812,35.89214815211544,806.2399999995436,2126.447340125993
31813,35.89214815211544,806.2599999995435,2126.4660444688034
31814,35.89214815211544,806.2799999995435,2126.484748165195
31815,35.89214815211544,806.2999999995435,2126.5034512155216
31816,35.89214815211544,806.3199999995435,2126.5221536197887
31817,35.89214815211544,806.3399999995435,2126.540855378003
31818,35.89214815211544,806.3599999995434,2126.55955649017
31819,35.89214815211544,806.3799999995434,2126.5782569562957
31820,35.89214815211544,806.3999999995434,2126.596956776386
31821,35.89214815211544,806.4199999995434,2126.6156559504466
31822,35.89214815211544,806.4399999995434,2126.634354478484
31823,35.89214815211544,806.4599999995434,2126.653052360504
31824,35.89214815211544,806.4799999995433,2126.671749596512
31825,35.89214815211544,806.4999999995433,2126.6904461865147
31826,35.89214815211544,806.5199999995433,2126.7091421305176
31827,35.89214815211544,806.5399999995433,2126.727837428527
31828,35.89214815211544,806.5599999995433,2126.746532080548
31829,35.89214815211544,806.5799999995432,2126.7652260865875
31830,35.89214815211544,806.5999999995432,2126.783919446651
31831,35.89214815211544,806.6199999995432,2126.8026121607445
31832,35.89214815211544,806.6399999995432,2126.821304228874
31833,35.89214815211544,806.6599999995432,2126.8399956510452
31834,35.89214815211544,806.6799999995432,2126.8586864272643
31835,35.89214815211544,806.6999999995431,2126.877376557537
31836,35.89214815211544,806.7199999995431,2126.8960660418693
31837,35.89214815211544,806.7399999995431,2126.914754880267
31838,35.89214815211544,806.7599999995431,2126.9334430727367
31839,35.89214815211544,806.7799999995431,2126.9521306192837
31840,35.89214815211544,806.799999999543,2126.970817519914
31841,35.89214815211544,806.819999999543,2126.9895037746337
31842,35.89214815211544,806.839999999543,2127.0081893834486
31843,35.89214815211544,806.859999999543,2127.026874346365
31844,35.89214815211544,806.879999999543,2127.045558663388
31845,35.89214815211544,806.899999999543,2127.0642423345244
31846,35.89214815211544,806.9199999995429,2127.08292535978
31847,35.89214815211544,806.9399999995429,2127.10160773916
31848,35.89214815211544,806.9599999995429,2127.120289472671
31849,35.89214815211544,806.9799999995429,2127.138970560319
31850,35.89214815211544,806.9999999995429,2127.15765100211
31851,35.89214815211544,807.0199999995428,2127.1763307980495
31852,35.89214815211544,807.0399999995428,2127.1950099481437
31853,35.89214815211544,807.0599999995428,2127.2136884523984
31854,35.89214815211544,807.0799999995428,2127.2323663108195
31855,35.89214815211544,807.0999999995428,2127.251043523413
31856,35.89214815211544,807.1199999995428,2127.269720090185
31857,35.89214815211544,807.1399999995427,2127.288396011141
31858,35.89214815211544,807.1599999995427,2127.307071286287
31859,35.89214815211544,807.1799999995427,2127.325745915629
31860,35.89214815211544,807.1999999995427,2127.3444198991733
31861,35.89214815211544,807.2199999995427,2127.3630932369256
31862,35.89214815211544,807.2399999995426,2127.3817659288916
31863,35.89214815211544,807.2599999995426,2127.4004379750777
31864,35.89214815211544,807.2799999995426,2127.419109375561
31865,35.89214815211544,807.2999999995426,2127.4377801312535
31866,35.89214815211544,807.3199999995426,2127.4564502424214
31867,35.89214815211544,807.3399999995426,2127.4751197090704
31868,35.89214815211544,807.3599999995425,2127.4937885312065
31869,35.89214815211544,807.3799999995425,2127.512456708835
31870,35.89214815211544,807.3999999995425,2127.5311242419625
31871,35.89214815211544,807.4199999995425,2127.5497911305943
31872,35.89214815211544,807.4399999995425,2127.5684573747367
31873,35.89214815211544,807.4599999995424,2127.5871229743952
31874,35.89214815211544,807.4799999995424,2127.605787929576
31875,35.89214815211544,807.4999999995424,2127.6244522402844
31876,35.89214815211544,807.5199999995424,2127.6431159065264
31877,35.89214815211544,807.5399999995424,2127.661778928308
31878,35.89214815211544,807.5599999995424,2127.680441305635
31879,35.89214815211544,807.5799999995423,2127.699103038514
31880,35.89214815211544,807.5999999995423,2127.7177641269495
31881,35.89214815211544,807.6199999995423,2127.7364245709477
31882,35.89214815211544,807.6399999995423,2127.755084370515
31883,35.89214815211544,807.6599999995423,2127.7737435256568
31884,35.89214815211544,807.6799999995422,2127.792402036379
31885,35.89214815211544,807.6999999995422,2127.8110599026872
31886,35.89214815211544,807.7199999995422,2127.8297171245877
31887,35.89214815211544,807.7399999995422,2127.848373702086
31888,35.89214815211544,807.7599999995422,2127.8670296351884
31889,35.89214815211544,807.7799999995422,2127.8856849239005
31890,35.89214815211544,807.7999999995421,2127.904339568228
31891,35.89214815211544,807.8199999995421,2127.9229935681765
31892,35.89214815211544,807.8399999995421,2127.941646923752
31893,35.89214815211544,807.8599999995421,2127.960299634961
31894,35.89214815211544,807.8799999995421,2127.9789517018085
31895,35.89214815211544,807.899999999542,2127.9976031243004
31896,35.89214815211544,807.919999999542,2128.016253902443
31897,35.89214815211544,807.939999999542,2128.034904036242
31898,35.89214815211544,807.959999999542,2128.053553525703
31899,35.89214815211544,807.979999999542,2128.072202370832
31900,35.89214815211544,807.999999999542,2128.090850571635
31901,35.89214815211544,808.0199999995419,2128.1094981281176
31902,35.89214815211544,808.0399999995419,2128.1281450402857
31903,35.89214815211544,808.0599999995419,2128.146791308145
31904,35.89214815211544,808.0799999995419,2128.1654369317016
31905,35.89214815211544,808.0999999995419,2128.184081910961
31906,35.89214815211544,808.1199999995418,2128.202726245929
31907,35.89214815211544,808.1399999995418,2128.221369936612
31908,35.89214815211544,808.1599999995418,2128.2400129830153
31909,35.89214815211544,808.1799999995418,2128.2586553851447
31910,35.89214815211544,808.1999999995418,2128.2772971430063
31911,35.89214815211544,808.2199999995418,2128.295938256606
31912,35.89214815211544,808.2399999995417,2128.314578725949
31913,35.89214815211544,808.2599999995417,2128.333218551042
31914,35.89214815211544,808.2799999995417,2128.3518577318905
31915,35.89214815211544,808.2999999995417,2128.3704962685892
31916,35.89214815211544,808.3199999995417,2128.3891341621365
31917,35.89214815211544,808.3399999995416,2128.4077714127316
31918,35.89214815211544,808.3599999995416,2128.4264080203798
31919,35.89214815211544,808.3799999995416,2128.4450439850875
31920,35.89214815211544,808.3999999995416,2128.4636793068603
31921,35.89214815211544,808.4199999995416,2128.482313985704
31922,35.89214815211544,808.4399999995416,2128.500948021625
31923,35.89214815211544,808.4599999995415,2128.5195814146286
31924,35.89214815211544,808.4799999995415,2128.5382141647206
31925,35.89214815211544,808.4999999995415,2128.556846271907
31926,35.89214815211544,808.5199999995415,2128.575477736194
31927,35.89214815211544,808.5399999995415,2128.594108557587
31928,35.89214815211544,808.5599999995414,2128.6127387360916
31929,35.89214815211544,808.5799999995414,2128.6313682717146
31930,35.89214815211544,808.5999999995414,2128.649997164461
31931,35.89214815211544,808.6199999995414,2128.668625414337
31932,35.89214815211544,808.6399999995414,2128.687253021348
31933,35.89214815211544,808.6599999995414,2128.705879985501
31934,35.89214815211544,808.6799999995413,2128.7245063068003
31935,35.89214815211544,808.6999999995413,2128.7431319852526
31936,35.89214815211544,808.7199999995413,2128.761757020864
31937,35.89214815211544,808.7399999995413,2128.78038141364
31938,35.89214815211544,808.7599999995413,2128.7990051635866
31939,35.89214815211544,808.7799999995412,2128.817628270709
31940,35.89214815211544,808.7999999995412,2128.836250735014
31941,35.89214815211544,808.8199999995412,2128.8548725565065
31942,35.89214815211544,808.8399999995412,2128.8734937351933
31943,35.89214815211544,808.8599999995412,2128.8921142710797
31944,35.89214815211544,808.8799999995412,2128.9107341641716
31945,35.89214815211544,808.8999999995411,2128.9293534144745
31946,35.89214815211544,808.9199999995411,2128.9479720219947
31947,35.89214815211544,808.9399999995411,2128.966589986738
31948,35.89214815211544,808.9599999995411,2128.9852073087104
31949,35.89214815211544,808.9799999995411,2129.0038239879173
31950,35.89214815211544,808.999999999541,2129.0224400243646
31951,35.89214815211544,809.019999999541,2129.0410554180585
31952,35.89214815211544,809.039999999541,2129.0596701690047
31953,35.89214815211544,809.059999999541,2129.078284277209
31954,35.89214815211544,809.079999999541,2129.0968977426774
31955,35.89214815211544,809.099999999541,2129.115510565415
31956,35.89214815211544,809.1199999995409,2129.134122745429
31957,35.89214815211544,809.1399999995409,2129.1527342827244
31958,35.89214815211544,809.1599999995409,2129.1713451773066
31959,35.89214815211544,809.1799999995409,2129.189955429182
31960,35.89214815211544,809.1999999995409,2129.208565038357
31961,35.89214815211544,809.2199999995408,2129.2271740048363
31962,35.89214815211544,809.2399999995408,2129.2457823286263
31963,35.89214815211544,809.2599999995408,2129.264390009733
31964,35.89214815211544,809.2799999995408,2129.2829970481616
31965,35.89214815211544,809.2999999995408,2129.301603443919
31966,35.89214815211544,809.3199999995408,2129.320209197114
31967,35.89214815211544,809.3399999995407,2129.338814308807
31968,35.89214815211544,809.3599999995407,2129.3574187791214
31969,35.89214815211544,809.3799999995407,2129.3760226080635
31970,35.89214815211544,809.3999999995407,2129.3946257956395
31971,35.89214815211544,809.4199999995407,2129.413228341855
31972,35.89214815211544,809.4399999995406,2129.431830246715
31973,35.89214815211544,809.4599999995406,2129.4504315102263
31974,35.89214815211544,809.4799999995406,2129.4690321323947
31975,35.89214815211544,809.4999999995406,2129.4876321132256
31976,35.89214815211544,809.5199999995406,2129.5062314527254
31977,35.89214815211544,809.5399999995406,2129.5248301508996
31978,35.89214815211544,809.5599999995405,2129.543428207754
31979,35.89214815211544,809.5799999995405,2129.5620256232946
31980,35.89214815211544,809.5999999995405,2129.5806223975273
31981,35.89214815211544,809.6199999995405,2129.599218530458
31982,35.89214815211544,809.6399999995405,2129.6178140220927
31983,35.89214815211544,809.6599999995404,2129.6364088724367
31984,35.89214815211544,809.6799999995404,2129.6550030814965
31985,35.89214815211544,809.6999999995404,2129.6735966492774
31986,35.89214815211544,809.7199999995404,2129.6921895757855
31987,35.89214815211544,809.7399999995404,2129.710781861027
31988,35.89214815211544,809.7599999995404,2129.7293735050075
31989,35.89214815211544,809.7799999995403,2129.7479645077324
31990,35.89214815211544,809.7999999995403,2129.766554869208
31991,35.89214815211544,809.8199999995403,2129.7851445894403
31992,35.89214815211544,809.8399999995403,2129.8037336684347
31993,35.89214815211544,809.8599999995403,2129.8223221061976
31994,35.89214815211544,809.8799999995402,2129.8409099027344
31995,35.89214815211544,809.8999999995402,2129.859497058051
31996,35.89214815211544,809.9199999995402,2129.8780835721536
31997,35.89214815211544,809.9399999995402,2129.896669445048
31998,35.89214815211544,809.9599999995402,2129.915254676739
31999,35.89214815211544,809.9799999995402,2129.933839267234
32000,35.89214815211544,809.9999999995401,2129.9524232165377
32001,35.89214815211544,810.0199999995401,2129.971006524657
32002,35.89214815211544,810.0399999995401,2129.9895891915967
32003,35.89214815211544,810.0599999995401,2130.0081712175006
32004,35.89214815211544,810.0799999995401,2130.026752603861
32005,35.89214815211544,810.09999999954,2130.045333350934
32006,35.89214815211544,810.11999999954,2130.0639134587254
32007,35.89214815211544,810.13999999954,2130.082492927241
32008,35.89214815211544,810.15999999954,2130.1010717564873
32009,35.89214815211544,810.17999999954,2130.11964994647
32010,35.89214815211544,810.19999999954,2130.1382274971947
32011,35.89214815211544,810.2199999995399,2130.156804408668
32012,35.89214815211544,810.2399999995399,2130.175380680895
32013,35.89214815211544,810.2599999995399,2130.1939563138826
32014,35.89214815211544,810.2799999995399,2130.2125313076363
32015,35.89214815211544,810.2999999995399,2130.231105662162
32016,35.89214815211544,810.3199999995398,2130.249679377466
32017,35.89214815211544,810.3399999995398,2130.268252453731
32018,35.89214815211544,810.3599999995398,2130.2868248920186
32019,35.89214815211544,810.3799999995398,2130.305396692433
32020,35.89214815211544,810.3999999995398,2130.3239678549803
32021,35.89214815211544,810.4199999995398,2130.342538379666
32022,35.89214815211544,810.4399999995397,2130.3611082664966
32023,35.89214815211544,810.4599999995397,2130.3796775154774
32024,35.89214815211544,810.4799999995397,2130.3982461266146
32025,35.89214815211544,810.4999999995397,2130.4168140999145
32026,35.89214815211544,810.5199999995397,2130.4353814353826
32027,35.89214815211544,810.5399999995396,2130.4539481330253
32028,35.89214815211544,810.5599999995396,2130.4725141928484
32029,35.89214815211544,810.5799999995396,2130.491079614858
32030,35.838705131939015,810.5999999995396,2130.5096443990597
32031,35.838705131939015,810.6199999995396,2130.5282085454596
32032,35.838705131939015,810.6399999995396,2130.546772054064
32033,35.838705131939015,810.6599999995395,2130.5653349248787
32034,35.838705131939015,810.6799999995395,2130.5838971579096
32035,35.838705131939015,810.6999999995395,2130.602458753163
32036,35.838705131939015,810.7199999995395,2130.621019710644
32037,35.838705131939015,810.7399999995395,2130.639580030359
32038,35.838705131939015,810.7599999995394,2130.6581397123146
32039,35.838705131939015,810.7799999995394,2130.676698756516
32040,35.838705131939015,810.7999999995394,2130.6952571629695
32041,35.838705131939015,810.8199999995394,2130.713814931681
32042,35.838705131939015,810.8399999995394,2130.7323720626564
32043,35.838705131939015,810.8599999995394,2130.7509285559017
32044,35.838705131939015,810.8799999995393,2130.769484411423
32045,35.838705131939015,810.8999999995393,2130.788039629226
32046,35.838705131939015,810.9199999995393,2130.806594209317
32047,35.838705131939015,810.9399999995393,2130.8251481517023
32048,35.838705131939015,810.9599999995393,2130.843701456387
32049,35.838705131939015,810.9799999995392,2130.862254123377
32050,35.838705131939015,810.9999999995392,2130.8808061526793
32051,35.838705131939015,811.0199999995392,2130.899357544299
32052,35.838705131939015,811.0399999995392,2130.9179082982428
32053,35.838705131939015,811.0599999995392,2130.936458414516
32054,35.838705131939015,811.0799999995392,2130.9550078931247
32055,35.838705131939015,811.0999999995391,2130.973556734075
32056,35.838705131939015,811.1199999995391,2130.9921049373725
32057,35.838705131939015,811.1399999995391,2131.0106525030237
32058,35.838705131939015,811.1599999995391,2131.029199431034
32059,35.838705131939015,811.1799999995391,2131.04774572141
32060,35.838705131939015,811.199999999539,2131.0662913741576
32061,35.838705131939015,811.219999999539,2131.0848363892824
32062,35.838705131939015,811.239999999539,2131.1033807667905
32063,35.838705131939015,811.259999999539,2131.1219245066877
32064,35.838705131939015,811.279999999539,2131.14046760898
32065,35.838705131939015,811.299999999539,2131.1590100736735
32066,35.838705131939015,811.3199999995389,2131.1775519007742
32067,35.838705131939015,811.3399999995389,2131.196093090288
32068,35.838705131939015,811.3599999995389,2131.214633642451
32069,35.838705131939015,811.3799999995389,2131.233173558167
32070,35.838705131939015,811.3999999995389,2131.2517128375152
32071,35.838705131939015,811.4199999995388,2131.270251480502
32072,35.838705131939015,811.4399999995388,2131.288789487133
32073,35.838705131939015,811.4599999995388,2131.307326857414
32074,35.838705131939015,811.4799999995388,2131.325863591351
32075,35.838705131939015,811.4999999995388,2131.3443996889505
32076,35.838705131939015,811.5199999995388,2131.362935150218
32077,35.838705131939015,811.5399999995387,2131.3814699751597
32078,35.838705131939015,811.5599999995387,2131.4000041637814
32079,35.838705131939015,811.5799999995387,2131.4185377160893
32080,35.838705131939015,811.5999999995387,2131.437070632089
32081,35.838705131939015,811.6199999995387,2131.4556029117875
32082,35.838705131939015,811.6399999995386,2131.4741345551897
32083,35.838705131939015,811.6599999995386,2131.492665562302
32084,35.838705131939015,811.6799999995386,2131.5111959331302
32085,35.838705131939015,811.6999999995386,2131.5297256676804
32086,35.838705131939015,811.7199999995386,2131.5482547659585
32087,35.838705131939015,811.7399999995386,2131.5667832279705
32088,35.838705131939015,811.7599999995385,2131.5853110537228
32089,35.838705131939015,811.7799999995385,2131.6038382432207
32090,35.838705131939015,811.7999999995385,2131.6223647964707
32091,35.838705131939015,811.8199999995385,2131.6408907134787
32092,35.838705131939015,811.8399999995385,2131.65941599425
32093,35.838705131939015,811.8599999995384,2131.6779406387914
32094,35.838705131939015,811.8799999995384,2131.6964646471088
32095,35.838705131939015,811.8999999995384,2131.714988019208
32096,35.838705131939015,811.9199999995384,2131.7335107550944
32097,35.838705131939015,811.9399999995384,2131.752032854775
32098,35.838705131939015,811.9599999995384,2131.770554318255
32099,35.838705131939015,811.9799999995383,2131.789075145541
32100,35.838705131939015,811.9999999995383,2131.8075953366383
32101,35.838705131939015,812.0199999995383,2131.8261148915535
32102,35.838705131939015,812.0399999995383,2131.844633810292
32103,35.838705131939015,812.0599999995383,2131.86315209286
32104,35.838705131939015,812.0799999995382,2131.881669739264
32105,35.838705131939015,812.0999999995382,2131.900186749509
32106,35.838705131939015,812.1199999995382,2131.9187031236015
32107,35.838705131939015,812.1399999995382,2131.9372188615475
32108,35.838705131939015,812.1599999995382,2131.955733963353
32109,35.838705131939015,812.1799999995382,2131.9742484290236
32110,35.838705131939015,812.1999999995381,2131.992762258566
32111,35.838705131939015,812.2199999995381,2132.0112754519855
32112,35.838705131939015,812.2399999995381,2132.0297880092885
32113,35.838705131939015,812.2599999995381,2132.048299930481
32114,35.838705131939015,812.2799999995381,2132.066811215568
32115,35.838705131939015,812.299999999538,2132.0853218645566
32116,35.838705131939015,812.319999999538,2132.1038318774526
32117,35.838705131939015,812.339999999538,2132.1223412542618
32118,35.838705131939015,812.359999999538,2132.14084999499
32119,35.838705131939015,812.379999999538,2132.1593580999593
32120,35.838705131939015,812.399999999538,2132.177865570057
32121,35.838705131939015,812.4199999995379,2132.196372405351
32122,35.838705131939015,812.4399999995379,2132.2148786058488
32123,35.838705131939015,812.4599999995379,2132.233384171555
32124,35.838705131939015,812.4799999995379,2132.251889102476
32125,35.838705131939015,812.4999999995379,2132.2703933986177
32126,35.838705131939015,812.5199999995378,2132.288897059986
32127,35.838705131939015,812.5399999995378,2132.307400086587
32128,35.838705131939015,812.5599999995378,2132.3259024784275
32129,35.838705131939015,812.5799999995378,2132.3444042355122
32130,35.838705131939015,812.5999999995378,2132.362905357848
32131,35.838705131939015,812.6199999995378,2132.3814058454404
32132,35.838705131939015,812.6399999995377,2132.3999056982957
32133,35.838705131939015,812.6599999995377,2132.4184049164196
32134,35.838705131939015,812.6799999995377,2132.436903499818
32135,35.838705131939015,812.6999999995377,2132.455401448497
32136,35.838705131939015,812.7199999995377,2132.473898762463
32137,35.838705131939015,812.7399999995376,2132.492395441721
32138,35.838705131939015,812.7599999995376,2132.5108914862776
32139,35.838705131939015,812.7799999995376,2132.529386896139
32140,35.838705131939015,812.7999999995376,2132.547881671311
32141,35.838705131939015,812.8199999995376,2132.5663758118
32142,35.838705131939015,812.8399999995376,2132.584869317611
32143,35.838705131939015,812.8599999995375,2132.6033621887505
32144,35.838705131939015,812.8799999995375,2132.6218544252247
32145,35.838705131939015,812.8999999995375,2132.6403460270394
32146,35.838705131939015,812.9199999995375,2132.6588369942006
32147,35.838705131939015,812.9399999995375,2132.677327326714
32148,35.838705131939015,812.9599999995374,2132.6958170245857
32149,35.838705131939015,812.9799999995374,2132.714306087822
32150,35.838705131939015,812.9999999995374,2132.732794516429
32151,35.838705131939015,813.0199999995374,2132.751282310412
32152,35.838705131939015,813.0399999995374,2132.7697694697777
32153,35.838705131939015,813.0599999995374,2132.7882559945315
32154,35.838705131939015,813.0799999995373,2132.8067418846795
32155,35.838705131939015,813.0999999995373,2132.8252271402275
32156,35.838705131939015,813.1199999995373,2132.843711761182
32157,35.838705131939015,813.1399999995373,2132.862195747549
32158,35.838705131939015,813.1599999995373,2132.880679099334
32159,35.838705131939015,813.1799999995372,2132.8991618165433
32160,35.838705131939015,813.1999999995372,2132.9176438991826
32161,35.838705131939015,813.2199999995372,2132.936125347258
32162,35.838705131939015,813.2399999995372,2132.9546061607753
32163,35.838705131939015,813.2599999995372,2132.973086339741
32164,35.838705131939015,813.2799999995372,2132.9915658841605
32165,35.838705131939015,813.2999999995371,2133.0100447940404
32166,35.838705131939015,813.3199999995371,2133.028523069386
32167,35.838705131939015,813.3399999995371,2133.047000710204
32168,35.838705131939015,813.3599999995371,2133.0654777164996
32169,35.838705131939015,813.3799999995371,2133.083954088279
32170,35.838705131939015,813.399999999537,2133.1024298259395
32171,35.838705131939015,813.419999999537,2133.120904930309
32172,35.838705131939015,813.439999999537,2133.1393794014407
32173,35.838705131939015,813.459999999537,2133.1578532393414
32174,35.838705131939015,813.479999999537,2133.176326444017
32175,35.838705131939015,813.499999999537,2133.194799015473
32176,35.838705131939015,813.5199999995369,2133.213270953716
32177,35.838705131939015,813.5399999995369,2133.231742258751
32178,35.838705131939015,813.5599999995369,2133.2502129305853
32179,35.838705131939015,813.5799999995369,2133.2686829692243
32180,35.838705131939015,813.5999999995369,2133.287152374674
32181,35.838705131939015,813.6199999995368,2133.30562114694
32182,35.838705131939015,813.6399999995368,2133.324089286029
32183,35.838705131939015,813.6599999995368,2133.3425567919467
32184,35.838705131939015,813.6799999995368,2133.3610236646987
32185,35.838705131939015,813.6999999995368,2133.3794899042914
32186,35.838705131939015,813.7199999995368,2133.3979555107308
32187,35.838705131939015,813.7399999995367,2133.4164204840226
32188,35.838705131939015,813.7599999995367,2133.4348848241734
32189,35.838705131939015,813.7799999995367,2133.4533485311886
32190,35.838705131939015,813.7999999995367,2133.4718116050744
32191,35.838705131939015,813.8199999995367,2133.4902740458365
32192,35.838705131939015,813.8399999995366,2133.508735853481
32193,35.838705131939015,813.8599999995366,2133.5271970280146
32194,35.838705131939015,813.8799999995366,2133.5456575694425
32195,35.838705131939015,813.8999999995366,2133.5641174777707
32196,35.838705131939015,813.9199999995366,2133.5825767530055
32197,35.838705131939015,813.9399999995366,2133.601035395153
32198,35.838705131939015,813.9599999995365,2133.6194934042187
32199,35.838705131939015,813.9799999995365,2133.637950780209
32200,35.838705131939015,813.9999999995365,2133.6564075231295
32201,35.838705131939015,814.0199999995365,2133.674863632986
32202,35.838705131939015,814.0399999995365,2133.6933191097855
32203,35.838705131939015,814.0599999995364,2133.7117739535333
32204,35.838705131939015,814.0799999995364,2133.7302281642355
32205,35.838705131939015,814.0999999995364,2133.748681741898
32206,35.838705131939015,814.1199999995364,2133.767134686527
32207,35.838705131939015,814.1399999995364,2133.7855869981277
32208,35.838705131939015,814.1599999995364,2133.804038676707
32209,35.838705131939015,814.1799999995363,2133.822489722271
32210,35.838705131939015,814.1999999995363,2133.8409401348245
32211,35.838705131939015,814.2199999995363,2133.8593899143743
32212,35.838705131939015,814.2399999995363,2133.877839060927
32213,35.838705131939015,814.2599999995363,2133.8962875744874
32214,35.838705131939015,814.2799999995362,2133.914735455062
32215,35.838705131939015,814.2999999995362,2133.9331827026567
32216,35.838705131939015,814.3199999995362,2133.951629317278
32217,35.838705131939015,814.3399999995362,2133.970075298931
32218,35.838705131939015,814.3599999995362,2133.9885206476224
32219,35.838705131939015,814.3799999995362,2134.0069653633577
32220,35.838705131939015,814.3999999995361,2134.025409446143
32221,35.838705131939015,814.4199999995361,2134.0438528964696
32222,35.838705131939015,814.4399999995361,2134.062295715139
32223,35.838705131939015,814.4599999995361,2134.0807379021917
32224,35.838705131939015,814.4799999995361,2134.0991794576335
32225,35.838705131939015,814.499999999536,2134.1176203814703
32226,35.838705131939015,814.519999999536,2134.1360606737085
32227,35.838705131939015,814.539999999536,2134.154500334354
32228,35.838705131939015,814.559999999536,2134.1729393634128
32229,35.838705131939015,814.579999999536,2134.1913777608906
32230,35.838705131939015,814.599999999536,2134.2098155267936
32231,35.838705131939015,814.6199999995359,2134.228252661128
32232,35.838705131939015,814.6399999995359,2134.246689163899
32233,35.838705131939015,814.6599999995359,2134.2651250351137
32234,35.838705131939015,814.6799999995359,2134.2835602747773
32235,35.838705131939015,814.6999999995359,2134.3019948828965
32236,35.838705131939015,814.7199999995358,2134.3204288594766
32237,35.838705131939015,814.7399999995358,2134.338862204524
32238,35.838705131939015,814.7599999995358,2134.3572949180448
32239,35.838705131939015,814.7799999995358,2134.3757270000447
32240,35.838705131939015,814.7999999995358,2134.3941584505296
32241,35.838705131939015,814.8199999995358,2134.4125892695056
32242,35.838705131939015,814.8399999995357,2134.431019456979
32243,35.838705131939015,814.8599999995357,2134.4494490129555
32244,35.78539460703228,814.8799999995357,2134.4678779374412
32245,35.78539460703228,814.8999999995357,2134.486306230442
32246,35.78539460703228,814.9199999995357,2134.504733891964
32247,35.78539460703228,814.9399999995356,2134.523160922013
32248,35.78539460703228,814.9599999995356,2134.5415873205957
32249,35.78539460703228,814.9799999995356,2134.5600130877174
32250,35.78539460703228,814.9999999995356,2134.578438223384
32251,35.78539460703228,815.0199999995356,2134.596862727602
32252,35.78539460703228,815.0399999995356,2134.6152866003767
32253,35.78539460703228,815.0599999995355,2134.633709841715
32254,35.78539460703228,815.0799999995355,2134.652132451622
32255,35.78539460703228,815.0999999995355,2134.6705544301044
32256,35.78539460703228,815.1199999995355,2134.688975777168
32257,35.78539460703228,815.1399999995355,2134.707396492818
32258,35.78539460703228,815.1599999995354,2134.725816577062
32259,35.78539460703228,815.1799999995354,2134.7442360299046
32260,35.78539460703228,815.1999999995354,2134.7626548513526
32261,35.78539460703228,815.2199999995354,2134.7810730414117
32262,35.78539460703228,815.2399999995354,2134.7994906000877
32263,35.78539460703228,815.2599999995354,2134.8179075273865
32264,35.78539460703228,815.2799999995353,2134.8363238233146
32265,35.78539460703228,815.2999999995353,2134.854739487878
32266,35.78539460703228,815.3199999995353,2134.873154521082
32267,35.78539460703228,815.3399999995353,2134.8915689229334
32268,35.78539460703228,815.3599999995353,2134.9099826934375
32269,35.78539460703228,815.3799999995352,2134.928395832601
32270,35.78539460703228,815.3999999995352,2134.9468083404295
32271,35.78539460703228,815.4199999995352,2134.9652202169286
32272,35.78539460703228,815.4399999995352,2134.983631462614
32273,35.78539460703228,815.4599999995352,2135.002042078155
32274,35.78539460703228,815.4799999995352,2135.0204520635743
32275,35.78539460703228,815.4999999995351,2135.0388614188782
32276,35.78539460703228,815.5199999995351,2135.057270144073
32277,35.78539460703228,815.5399999995351,2135.075678239164
32278,35.78539460703228,815.5599999995351,2135.0940857041583
32279,35.78539460703228,815.5799999995351,2135.112492539061
32280,35.78539460703228,815.599999999535,2135.1308987438783
32281,35.78539460703228,815.619999999535,2135.1493043186165
32282,35.78539460703228,815.639999999535,2135.1677092632813
32283,35.78539460703228,815.659999999535,2135.1861135778786
32284,35.78539460703228,815.679999999535,2135.204517262415
32285,35.78539460703228,815.699999999535,2135.222920316896
32286,35.78539460703228,815.7199999995349,2135.2413227413276
32287,35.78539460703228,815.7399999995349,2135.259724535716
32288,35.78539460703228,815.7599999995349,2135.278125700067
32289,35.78539460703228,815.7799999995349,2135.296526234387
32290,35.78539460703228,815.7999999995349,2135.3149261386816
32291,35.78539460703228,815.8199999995348,2135.333325412957
32292,35.78539460703228,815.8399999995348,2135.351724057219
32293,35.78539460703228,815.8599999995348,2135.370122071474
32294,35.78539460703228,815.8799999995348,2135.3885194557274
32295,35.78539460703228,815.8999999995348,2135.406916209986
32296,35.78539460703228,815.9199999995348,2135.425312334255
32297,35.78539460703228,815.9399999995347,2135.443707828541
32298,35.78539460703228,815.9599999995347,2135.46210269285
32299,35.78539460703228,815.9799999995347,2135.4804969271877
32300,35.78539460703228,815.9999999995347,2135.49889053156
32301,35.78539460703228,816.0199999995347,2135.5172835059734
32302,35.78539460703228,816.0399999995346,2135.5356758504336
32303,35.78539460703228,816.0599999995346,2135.5540675649463
32304,35.78539460703228,816.0799999995346,2135.572458649518
32305,35.78539460703228,816.0999999995346,2135.5908491041546
32306,35.78539460703228,816.1199999995346,2135.609238928862
32307,35.78539460703228,816.1399999995346,2135.627628123646
32308,35.78539460703228,816.1599999995345,2135.646016688513
32309,35.78539460703228,816.1799999995345,2135.664404623469
32310,35.78539460703228,816.1999999995345,2135.68279192852
32311,35.78539460703228,816.2199999995345,2135.701178603672
32312,35.78539460703228,816.2399999995345,2135.7195646489304
32313,35.78539460703228,816.2599999995344,2135.737950064302
32314,35.78539460703228,816.2799999995344,2135.756334849792
32315,35.78539460703228,816.2999999995344,2135.774719005407
32316,35.78539460703228,816.3199999995344,2135.7931025311527
32317,35.78539460703228,816.3399999995344,2135.8114854270357
32318,35.78539460703228,816.3599999995344,2135.8298676930613
32319,35.78539460703228,816.3799999995343,2135.848249329236
32320,35.78539460703228,816.3999999995343,2135.8666303355653
32321,35.78539460703228,816.4199999995343,2135.8850107120556
32322,35.78539460703228,816.4399999995343,2135.9033904587127
32323,35.78539460703228,816.4599999995343,2135.921769576149
32324,35.78539460703228,816.4799999995342,2135.9401480650067
32325,35.78539460703228,816.4999999995342,2135.958525925295
32326,35.78539460703228,816.5199999995342,2135.97690315702
32327,35.78539460703228,816.5399999995342,2135.9952797601877
32328,35.78539460703228,816.5599999995342,2136.013655734804
32329,35.78539460703228,816.5799999995342,2136.032031080875
32330,35.78539460703228,816.5999999995341,2136.0504057984067
32331,35.78539460703228,816.6199999995341,2136.068779887405
32332,35.78539460703228,816.6399999995341,2136.087153347876
32333,35.78539460703228,816.6599999995341,2136.105526179826
32334,35.78539460703228,816.6799999995341,2136.1238983832604
32335,35.78539460703228,816.699999999534,2136.142269958186
32336,35.78539460703228,816.719999999534,2136.1606409046076
32337,35.78539460703228,816.739999999534,2136.179011222532
32338,35.78539460703228,816.759999999534,2136.1973809119654
32339,35.78539460703228,816.779999999534,2136.2157499729137
32340,35.78539460703228,816.799999999534,2136.2341184053826
32341,35.78539460703228,816.8199999995339,2136.2524862093783
32342,35.78539460703228,816.8399999995339,2136.270853384907
32343,35.78539460703228,816.8599999995339,2136.2892199319745
32344,35.78539460703228,816.8799999995339,2136.3075858505867
32345,35.78539460703228,816.8999999995339,2136.32595114075
32346,35.78539460703228,816.9199999995338,2136.34431580247
32347,35.78539460703228,816.9399999995338,2136.362679835753
32348,35.78539460703228,816.9599999995338,2136.381043240605
32349,35.78539460703228,816.9799999995338,2136.3994060170317
32350,35.78539460703228,816.9999999995338,2136.417768165039
32351,35.78539460703228,817.0199999995338,2136.436129684633
32352,35.78539460703228,817.0399999995337,2136.4544905758203
32353,35.78539460703228,817.0599999995337,2136.4728508386065
32354,35.78539460703228,817.0799999995337,2136.4912104729974
32355,35.78539460703228,817.0999999995337,2136.5095694789993
32356,35.78539460703228,817.1199999995337,2136.527927856618
32357,35.78539460703228,817.1399999995336,2136.54628560586
32358,35.78539460703228,817.1599999995336,2136.5646427267307
32359,35.78539460703228,817.1799999995336,2136.582999219236
32360,35.78539460703228,817.1999999995336,2136.6013550833827
32361,35.78539460703228,817.2199999995336,2136.619710319176
32362,35.78539460703228,817.2399999995336,2136.6380649266225
32363,35.78539460703228,817.2599999995335,2136.656418905728
32364,35.78539460703228,817.2799999995335,2136.6747722564983
32365,35.78539460703228,817.2999999995335,2136.6931249789395
32366,35.78539460703228,817.3199999995335,2136.7114770730577
32367,35.78539460703228,817.3399999995335,2136.7298285388592
32368,35.78539460703228,817.3599999995334,2136.7481793763495
32369,35.78539460703228,817.3799999995334,2136.766529585535
32370,35.78539460703228,817.3999999995334,2136.784879166421
32371,35.78539460703228,817.4199999995334,2136.803228119014
32372,35.78539460703228,817.4399999995334,2136.8215764433203
32373,35.78539460703228,817.4599999995334,2136.8399241393568
32374,35.78539460703228,817.4799999995333,2136.858271207799
32375,35.78539460703228,817.4999999995333,2136.8766176492195
32376,35.78539460703228,817.5199999995333,2136.894963463624
32377,35.78539460703228,817.5399999995333,2136.913308651019
32378,35.78539460703228,817.5599999995333,2136.9316532114103
32379,35.78539460703228,817.5799999995332,2136.949997144804
32380,35.78539460703228,817.5999999995332,2136.9683404512057
32381,35.78539460703228,817.6199999995332,2136.9866831306217
32382,35.78539460703228,817.6399999995332,2137.005025183058
32383,35.78539460703228,817.6599999995332,2137.0233666085205
32384,35.78539460703228,817.6799999995332,2137.0417074070156
32385,35.78539460703228,817.6999999995331,2137.0600475785486
32386,35.78539460703228,817.7199999995331,2137.078387123126
32387,35.78539460703228,817.7399999995331,2137.0967260407538
32388,35.78539460703228,817.7599999995331,2137.115064331438
32389,35.78539460703228,817.7799999995331,2137.1334019951846
32390,35.78539460703228,817.799999999533,2137.1517390319996
32391,35.78539460703228,817.819999999533,2137.170075441889
32392,35.78539460703228,817.839999999533,2137.1884112248586
32393,35.78539460703228,817.859999999533,2137.206746380915
32394,35.78539460703228,817.879999999533,2137.2250809100638
32395,35.78539460703228,817.899999999533,2137.243414812311
32396,35.78539460703228,817.9199999995329,2137.261748087663
32397,35.78539460703228,817.9399999995329,2137.280080736125
32398,35.78539460703228,817.9599999995329,2137.2984127577038
32399,35.78539460703228,817.9799999995329,2137.3167441524047
32400,35.78539460703228,817.9999999995329,2137.335074920234
32401,35.78539460703228,818.0199999995328,2137.353405061198
32402,35.78539460703228,818.0399999995328,2137.3717345753025
32403,35.78539460703228,818.0599999995328,2137.3900634625534
32404,35.78539460703228,818.0799999995328,2137.408391722957
32405,35.78539460703228,818.0999999995328,2137.426719356519
32406,35.78539460703228,818.1199999995328,2137.4450463632456
32407,35.78539460703228,818.1399999995327,2137.463372743143
32408,35.78539460703228,818.1599999995327,2137.4816984962167
32409,35.78539460703228,818.1799999995327,2137.5000236224732
32410,35.78539460703228,818.1999999995327,2137.5183481219183
32411,35.78539460703228,818.2199999995327,2137.5366719945578
32412,35.78539460703228,818.2399999995326,2137.5549952403976
32413,35.78539460703228,818.2599999995326,2137.573317859444
32414,35.78539460703228,818.2799999995326,2137.5916398517033
32415,35.78539460703228,818.2999999995326,2137.609961217181
32416,35.78539460703228,818.3199999995326,2137.6282819558837
32417,35.78539460703228,818.3399999995326,2137.6466020678167
32418,35.78539460703228,818.3599999995325,2137.6649215529865
32419,35.78539460703228,818.3799999995325,2137.683240411399
32420,35.78539460703228,818.3999999995325,2137.70155864306
32421,35.78539460703228,818.4199999995325,2137.719876247975
32422,35.78539460703228,818.4399999995325,2137.7381932261515
32423,35.78539460703228,818.4599999995324,2137.756509577594
32424,35.78539460703228,818.4799999995324,2137.774825302337
32425,35.78539460703228,818.4999999995324,2137.7931404011474
32426,35.78539460703228,818.5199999995324,2137.811454874547
32427,35.78539460703228,818.5399999995324,2137.829768722542
32428,35.78539460703228,818.5599999995324,2137.848081945139
32429,35.78539460703228,818.5799999995323,2137.8663945423427
32430,35.78539460703228,818.5999999995323,2137.88470651416
32431,35.78539460703228,818.6199999995323,2137.9030178605963
32432,35.78539460703228,818.6399999995323,2137.921328581658
32433,35.78539460703228,818.6599999995323,2137.9396386773515
32434,35.78539460703228,818.6799999995322,2137.957948147682
32435,35.78539460703228,818.6999999995322,2137.9762569926565
32436,35.78539460703228,818.7199999995322,2137.99456521228
32437,35.78539460703228,818.7399999995322,2138.0128728065592
32438,35.78539460703228,818.7599999995322,2138.0311797755
32439,35.78539460703228,818.7799999995322,2138.0494861191078
32440,35.78539460703228,818.7999999995321,2138.0677918373894
32441,35.78539460703228,818.8199999995321,2138.0860969303503
32442,35.78539460703228,818.8399999995321,2138.1044013979968
32443,35.78539460703228,818.8599999995321,2138.1227052403347
32444,35.78539460703228,818.8799999995321,2138.1410084573704
32445,35.78539460703228,818.899999999532,2138.1593110491094
32446,35.78539460703228,818.919999999532,2138.177613015558
32447,35.78539460703228,818.939999999532,2138.1959143567224
32448,35.78539460703228,818.959999999532,2138.214215072608
32449,35.78539460703228,818.979999999532,2138.2325151632217
32450,35.78539460703228,818.999999999532,2138.2508146285686
32451,35.78539460703228,819.0199999995319,2138.269113468655
32452,35.78539460703228,819.0399999995319,2138.2874116834873
32453,35.78539460703228,819.0599999995319,2138.305709273071
32454,35.78539460703228,819.0799999995319,2138.3240062374125
32455,35.78539460703228,819.0999999995319,2138.342302576518
32456,35.78539460703228,819.1199999995318,2138.3605982903923
32457,35.78539460703228,819.1399999995318,2138.378893379043
32458,35.78539460703228,819.1599999995318,2138.397187842475
32459,35.78539460703228,819.1799999995318,2138.4154816806945
32460,35.73221611797799,819.1999999995318,2138.433774893708
32461,35.73221611797799,819.2199999995318,2138.4520674815208
32462,35.73221611797799,819.2399999995317,2138.4703594441394
32463,35.73221611797799,819.2599999995317,2138.48865078157
32464,35.73221611797799,819.2799999995317,2138.506941493818
32465,35.73221611797799,819.2999999995317,2138.52523158089
32466,35.73221611797799,819.3199999995317,2138.5435210427913
32467,35.73221611797799,819.3399999995316,2138.5618098795285
32468,35.73221611797799,819.3599999995316,2138.580098091107
32469,35.73221611797799,819.3799999995316,2138.5983856775338
32470,35.73221611797799,819.3999999995316,2138.616672638814
32471,35.73221611797799,819.4199999995316,2138.6349589749543
32472,35.73221611797799,819.4399999995316,2138.65324468596
32473,35.73221611797799,819.4599999995315,2138.6715297718374
32474,35.73221611797799,819.4799999995315,2138.6898142325927
32475,35.73221611797799,819.4999999995315,2138.7080980682704
32476,35.73221611797799,819.5199999995315,2138.7263812796223
32477,35.73221611797799,819.5399999995315,2138.7446638670517
32478,35.73221611797799,819.5599999995314,2138.7629458305646
32479,35.73221611797799,819.5799999995314,2138.7812271701673
32480,35.73221611797799,819.5999999995314,2138.7995078858658
32481,35.73221611797799,819.6199999995314,2138.817787977666
32482,35.73221611797799,819.6399999995314,2138.8360674455735
32483,35.73221611797799,819.6599999995314,2138.8543462895946
32484,35.73221611797799,819.6799999995313,2138.8726245097355
32485,35.73221611797799,819.6999999995313,2138.890902106002
32486,35.73221611797799,819.7199999995313,2138.9091790784005
32487,35.73221611797799,819.7399999995313,2138.927455426937
32488,35.73221611797799,819.7599999995313,2138.9457311516167
32489,35.73221611797799,819.7799999995312,2138.9640062524463
32490,35.73221611797799,819.7999999995312,2138.9822807294317
32491,35.73221611797799,819.8199999995312,2139.0005545825793
32492,35.73221611797799,819.8399999995312,2139.0188278118944
32493,35.73221611797799,819.8599999995312,2139.0371004173835
32494,35.73221611797799,819.8799999995312,2139.0553723990524
32495,35.73221611797799,819.8999999995311,2139.073643756907
32496,35.73221611797799,819.9199999995311,2139.091914490954
32497,35.73221611797799,819.9399999995311,2139.1101846011984
32498,35.73221611797799,819.9599999995311,2139.128454087647
32499,35.73221611797799,819.9799999995311,2139.146722950305
32500,35.73221611797799,819.999999999531,2139.1649911891795
32501,35.73221611797799,820.019999999531,2139.1832588042757
32502,35.73221611797799,820.039999999531,2139.2015257956
32503,35.73221611797799,820.059999999531,2139.219792163158
32504,35.73221611797799,820.079999999531,2139.2380579069563
32505,35.73221611797799,820.099999999531,2139.2563230270007
32506,35.73221611797799,820.1199999995309,2139.2745875232968
32507,35.73221611797799,820.1399999995309,2139.292851395851
32508,35.73221611797799,820.1599999995309,2139.311114644669
32509,35.73221611797799,820.1799999995309,2139.3293772697575
32510,35.73221611797799,820.1999999995309,2139.347639271122
32511,35.73221611797799,820.2199999995308,2139.3659006487683
32512,35.73221611797799,820.2399999995308,2139.384161402703
32513,35.73221611797799,820.2599999995308,2139.4024215329314
32514,35.73221611797799,820.2799999995308,2139.42068103946
32515,35.73221611797799,820.2999999995308,2139.4389399222946
32516,35.73221611797799,820.3199999995308,2139.4571981814415
32517,35.73221611797799,820.3399999995307,2139.4754558169066
32518,35.73221611797799,820.3599999995307,2139.4937128286956
32519,35.73221611797799,820.3799999995307,2139.5119692168146
32520,35.73221611797799,820.3999999995307,2139.53022498127
32521,35.73221611797799,820.4199999995307,2139.5484801220673
32522,35.73221611797799,820.4399999995306,2139.566734639213
32523,35.73221611797799,820.4599999995306,2139.5849885327125
32524,35.73221611797799,820.4799999995306,2139.603241802572
32525,35.73221611797799,820.4999999995306,2139.621494448798
32526,35.73221611797799,820.5199999995306,2139.639746471451
32527,35.73221611797799,820.5399999995306,2139.6579978713726
32528,35.73221611797799,820.5599999995305,2139.6762486489097
32529,35.73221611797799,820.5799999995305,2139.694498804069
32530,35.73221611797799,820.5999999995305,2139.7127483368563
32531,35.73221611797799,820.6199999995305,2139.7309972472776
32532,35.73221611797799,820.6399999995305,2139.7492455353386
32533,35.73221611797799,820.6599999995304,2139.7674932010455
32534,35.73221611797799,820.6799999995304,2139.7857402444047
32535,35.73221611797799,820.6999999995304,2139.8039866654217
32536,35.73221611797799,820.7199999995304,2139.822232464103
32537,35.73221611797799,820.7399999995304,2139.840477640454
32538,35.73221611797799,820.7599999995304,2139.8587221944813
32539,35.73221611797799,820.7799999995303,2139.8769661261904
32540,35.73221611797799,820.7999999995303,2139.8952094355877
32541,35.73221611797799,820.8199999995303,2139.9134521226792
32542,35.73221611797799,820.8399999995303,2139.931694187471
32543,35.73221611797799,820.8599999995303,2139.9499356299684
32544,35.73221611797799,820.8799999995302,2139.9681764501784
32545,35.73221611797799,820.8999999995302,2139.9864166481066
32546,35.73221611797799,820.9199999995302,2140.0046562238376
32547,35.73221611797799,820.9399999995302,2140.022895178622
32548,35.73221611797799,820.9599999995302,2140.0411335129993
32549,35.73221611797799,820.9799999995302,2140.059371226975
32550,35.73221611797799,820.9999999995301,2140.0776083205556
32551,35.73221611797799,821.0199999995301,2140.095844793747
32552,35.73221611797799,821.0399999995301,2140.1140806465555
32553,35.73221611797799,821.0599999995301,2140.1323158789874
32554,35.73221611797799,821.0799999995301,2140.1505504910483
32555,35.73221611797799,821.09999999953,2140.1687844827447
32556,35.73221611797799,821.11999999953,2140.1870178540826
32557,35.73221611797799,821.13999999953,2140.2052506050677
32558,35.73221611797799,821.15999999953,2140.2234827357065
32559,35.73221611797799,821.17999999953,2140.2417142460054
32560,35.73221611797799,821.19999999953,2140.2599451359697
32561,35.73221611797799,821.2199999995299,2140.2781754056064
32562,35.73221611797799,821.2399999995299,2140.296405054921
32563,35.73221611797799,821.2599999995299,2140.3146340839194
32564,35.73221611797799,821.2799999995299,2140.3328624926085
32565,35.73221611797799,821.2999999995299,2140.351090280994
32566,35.73221611797799,821.3199999995298,2140.369317449082
32567,35.73221611797799,821.3399999995298,2140.3875439968783
32568,35.73221611797799,821.3599999995298,2140.4057699243895
32569,35.73221611797799,821.3799999995298,2140.4239952316216
32570,35.73221611797799,821.3999999995298,2140.4422199185806
32571,35.73221611797799,821.4199999995298,2140.4604439852724
32572,35.73221611797799,821.4399999995297,2140.4786674317033
32573,35.73221611797799,821.4599999995297,2140.4968902578794
32574,35.73221611797799,821.4799999995297,2140.515112463807
32575,35.73221611797799,821.4999999995297,2140.5333340494917
32576,35.73221611797799,821.5199999995297,2140.55155501494
32577,35.73221611797799,821.5399999995296,2140.569775360227
32578,35.73221611797799,821.5599999995296,2140.5879950862536
32579,35.73221611797799,821.5799999995296,2140.606214193295
32580,35.73221611797799,821.5999999995296,2140.624432681356
32581,35.73221611797799,821.6199999995296,2140.642650550444
32582,35.73221611797799,821.6399999995296,2140.660867800565
32583,35.73221611797799,821.6599999995295,2140.6790844317247
32584,35.73221611797799,821.6799999995295,2140.6973004439296
32585,35.73221611797799,821.6999999995295,2140.7155158371856
32586,35.73221611797799,821.7199999995295,2140.7337306114987
32587,35.73221611797799,821.7399999995295,2140.751944766875
32588,35.73221611797799,821.7599999995294,2140.770158303321
32589,35.73221611797799,821.7799999995294,2140.7883712208422
32590,35.73221611797799,821.7999999995294,2140.806583519445
32591,35.73221611797799,821.8199999995294,2140.824795199136
32592,35.73221611797799,821.8399999995294,2140.843006259921
32593,35.73221611797799,821.8599999995294,2140.8612167018055
32594,35.73221611797799,821.8799999995293,2140.8794265247966
32595,35.73221611797799,821.8999999995293,2140.8976357289
32596,35.73221611797799,821.9199999995293,2140.9158443141214
32597,35.73221611797799,821.9399999995293,2140.9340522804673
32598,35.73221611797799,821.9599999995293,2140.952259627944
32599,35.73221611797799,821.9799999995292,2140.970466356557
32600,35.73221611797799,821.9999999995292,2140.9886724663133
32601,35.73221611797799,822.0199999995292,2141.0068779572184
32602,35.73221611797799,822.0399999995292,2141.0250828292787
32603,35.73221611797799,822.0599999995292,2141.0432870825002
32604,35.73221611797799,822.0799999995292,2141.061490716889
32605,35.73221611797799,822.0999999995291,2141.079693732451
32606,35.73221611797799,822.1199999995291,2141.097896129192
32607,35.73221611797799,822.1399999995291,2141.116097907119
32608,35.73221611797799,822.1599999995291,2141.134299066238
32609,35.73221611797799,822.1799999995291,2141.1524996065546
32610,35.73221611797799,822.199999999529,2141.170699528075
32611,35.73221611797799,822.219999999529,2141.188898830806
32612,35.73221611797799,822.239999999529,2141.207097514753
32613,35.73221611797799,822.259999999529,2141.225295579922
32614,35.73221611797799,822.279999999529,2141.24349302632
32615,35.73221611797799,822.299999999529,2141.261689853952
32616,35.73221611797799,822.3199999995289,2141.2798860628245
32617,35.73221611797799,822.3399999995289,2141.298081652944
32618,35.73221611797799,822.3599999995289,2141.3162766243163
32619,35.73221611797799,822.3799999995289,2141.3344709769476
32620,35.73221611797799,822.3999999995289,2141.352664710844
32621,35.73221611797799,822.4199999995288,2141.370857826011
32622,35.73221611797799,822.4399999995288,2141.389050322456
32623,35.73221611797799,822.4599999995288,2141.407242200184
32624,35.73221611797799,822.4799999995288,2141.4254334592015
32625,35.73221611797799,822.4999999995288,2141.4436240995146
32626,35.73221611797799,822.5199999995287,2141.4618141211295
32627,35.73221611797799,822.5399999995287,2141.4800035240523
32628,35.73221611797799,822.5599999995287,2141.498192308374
32629,35.73221611797799,822.5799999995287,2141.516380475066
32630,35.73221611797799,822.5999999995287,2141.534568024332
32631,35.73221611797799,822.6199999995287,2141.5527549561793
32632,35.73221611797799,822.6399999995286,2141.5709412706133
32633,35.73221611797799,822.6599999995286,2141.5891269676404
32634,35.73221611797799,822.6799999995286,2141.6073120472665
32635,35.73221611797799,822.6999999995286,2141.6254965094977
32636,35.73221611797799,822.7199999995286,2141.64368035434
32637,35.73221611797799,822.7399999995285,2141.6618635818
32638,35.73221611797799,822.7599999995285,2141.680046191883
32639,35.73221611797799,822.7799999995285,2141.6982281845953
32640,35.73221611797799,822.7999999995285,2141.7164095599433
32641,35.73221611797799,822.8199999995285,2141.7345903179325
32642,35.73221611797799,822.8399999995285,2141.7527704585696
32643,35.73221611797799,822.8599999995284,2141.7709499818598
32644,35.73221611797799,822.8799999995284,2141.78912888781
32645,35.73221611797799,822.8999999995284,2141.8073071764256
32646,35.73221611797799,822.9199999995284,2141.825484847713
32647,35.73221611797799,822.9399999995284,2141.8436619016784
32648,35.73221611797799,822.9599999995283,2141.8618383383277
32649,35.73221611797799,822.9799999995283,2141.880014157667
32650,35.73221611797799,822.9999999995283,2141.8981893597024
32651,35.73221611797799,823.0199999995283,2141.9163639444396
32652,35.73221611797799,823.0399999995283,2141.934537911885
32653,35.73221611797799,823.0599999995283,2141.9527112620444
32654,35.73221611797799,823.0799999995282,2141.970883994924
32655,35.73221611797799,823.0999999995282,2141.98905611053
32656,35.73221611797799,823.1199999995282,2142.007227608868
32657,35.73221611797799,823.1399999995282,2142.025398489945
32658,35.73221611797799,823.1599999995282,2142.043568753766
32659,35.73221611797799,823.1799999995281,2142.0617384003376
32660,35.73221611797799,823.1999999995281,2142.0799074296656
32661,35.73221611797799,823.2199999995281,2142.0980758417563
32662,35.73221611797799,823.2399999995281,2142.1162436366158
32663,35.73221611797799,823.2599999995281,2142.13441081425
32664,35.73221611797799,823.2799999995281,2142.152577374665
32665,35.73221611797799,823.299999999528,2142.1707433178667
32666,35.73221611797799,823.319999999528,2142.1889086438614
32667,35.73221611797799,823.339999999528,2142.207073352655
32668,35.73221611797799,823.359999999528,2142.2252374442533
32669,35.73221611797799,823.379999999528,2142.2434009186627
32670,35.73221611797799,823.399999999528,2142.2615637758895
32671,35.73221611797799,823.4199999995279,2142.279726015939
32672,35.73221611797799,823.4399999995279,2142.297887638818
32673,35.73221611797799,823.4599999995279,2142.316048644532
32674,35.73221611797799,823.4799999995279,2142.3342090330875
32675,35.73221611797799,823.4999999995279,2142.35236880449
32676,35.73221611797799,823.5199999995278,2142.3705279587466
32677,35.73221611797799,823.5399999995278,2142.388686495862
32678,35.73221611797799,823.5599999995278,2142.4068444158434
32679,35.73221611797799,823.5799999995278,2142.4250017187965
32680,35.73221611797799,823.5999999995278,2142.4431584057556
32681,35.67916920740499,823.6199999995277,2142.4613144768527
32682,35.67916920740499,823.6399999995277,2142.479469932094
32683,35.67916920740499,823.6599999995277,2142.4976247714862
32684,35.67916920740499,823.6799999995277,2142.515778995035
32685,35.67916920740499,823.6999999995277,2142.5339326027465
32686,35.67916920740499,823.7199999995277,2142.5520855946274
32687,35.67916920740499,823.7399999995276,2142.5702379706836
32688,35.67916920740499,823.7599999995276,2142.5883897309213
32689,35.67916920740499,823.7799999995276,2142.606540875347
32690,35.67916920740499,823.7999999995276,2142.6246914039666
32691,35.67916920740499,823.8199999995276,2142.6428413167864
32692,35.67916920740499,823.8399999995275,2142.660990613813
32693,35.67916920740499,823.8599999995275,2142.6791392950518
32694,35.67916920740499,823.8799999995275,2142.6972873605096
32695,35.67916920740499,823.8999999995275,2142.7154348101926
32696,35.67916920740499,823.9199999995275,2142.7335816441073
32697,35.67916920740499,823.9399999995275,2142.7517278622595
32698,35.67916920740499,823.9599999995274,2142.769873464655
32699,35.67916920740499,823.9799999995274,2142.788018451301
32700,35.67916920740499,823.9999999995274,2142.806162822203
32701,35.67916920740499,824.0199999995274,2142.824306577367
32702,35.67916920740499,824.0399999995274,2142.8424497168003
32703,35.67916920740499,824.0599999995273,2142.860592240508
32704,35.67916920740499,824.0799999995273,2142.8787341484967
32705,35.67916920740499,824.0999999995273,2142.896875440773
32706,35.67916920740499,824.1199999995273,2142.9150161173425
32707,35.67916920740499,824.1399999995273,2142.9331561782114
32708,35.67916920740499,824.1599999995273,2142.9512956233866
32709,35.67916920740499,824.1799999995272,2142.969434452874
32710,35.67916920740499,824.1999999995272,2142.987572666679
32711,35.67916920740499,824.2199999995272,2143.0057102648093
32712,35.67916920740499,824.2399999995272,2143.0238472472697
32713,35.67916920740499,824.2599999995272,2143.0419836140672
32714,35.67916920740499,824.2799999995271,2143.060119365208
32715,35.67916920740499,824.2999999995271,2143.0782545006978
32716,35.67916920740499,824.3199999995271,2143.0963890205435
32717,35.67916920740499,824.3399999995271,2143.114522924751
32718,35.67916920740499,824.3599999995271,2143.1326562133263
32719,35.67916920740499,824.3799999995271,2143.1507888862757
32720,35.67916920740499,824.399999999527,2143.1689209436054
32721,35.67916920740499,824.419999999527,2143.1870523853217
32722,35.67916920740499,824.439999999527,2143.205183211431
32723,35.67916920740499,824.459999999527,2143.2233134219396
32724,35.67916920740499,824.479999999527,2143.241443016853
32725,35.67916920740499,824.499999999527,2143.259571996178
32726,35.67916920740499,824.5199999995269,2143.2777003599203
32727,35.67916920740499,824.5399999995269,2143.295828108087
32728,35.67916920740499,824.5599999995269,2143.3139552406833
32729,35.67916920740499,824.5799999995269,2143.332081757716
32730,35.67916920740499,824.5999999995269,2143.350207659338
32731,35.67916920740499,824.6199999995268,2143.3683329464934
32732,35.67916920740499,824.6399999995268,2143.3864576192764
32733,35.67916920740499,824.6599999995268,2143.404581677693
32734,35.67916920740499,824.6799999995268,2143.4227051217495
32735,35.67916920740499,824.6999999995268,2143.440827951452
32736,35.67916920740499,824.7199999995267,2143.4589501668065
32737,35.67916920740499,824.7399999995267,2143.4770717678193
32738,35.67916920740499,824.7599999995267,2143.4951927544967
32739,35.67916920740499,824.7799999995267,2143.5133131268444
32740,35.67916920740499,824.7999999995267,2143.531432884869
32741,35.67916920740499,824.8199999995267,2143.5495520285767
32742,35.67916920740499,824.8399999995266,2143.5676705579735
32743,35.67916920740499,824.8599999995266,2143.5857884730653
32744,35.67916920740499,824.8799999995266,2143.603905773859
32745,35.67916920740499,824.8999999995266,2143.62202246036
32746,35.67916920740499,824.9199999995266,2143.6401385325744
32747,35.67916920740499,824.9399999995265,2143.658253990509
32748,35.67916920740499,824.9599999995265,2143.6763688341694
32749,35.67916920740499,824.9799999995265,2143.694483063562
32750,35.67916920740499,824.9999999995265,2143.7125966786934
32751,35.67916920740499,825.0199999995265,2143.730709679569
32752,35.67916920740499,825.0399999995265,2143.7488220661953
32753,35.67916920740499,825.0599999995264,2143.7669338385786
32754,35.67916920740499,825.0799999995264,2143.7850449967245
32755,35.67916920740499,825.0999999995264,2143.8031555406396
32756,35.67916920740499,825.1199999995264,2143.82126547033
32757,35.67916920740499,825.1399999995264,2143.839374785802
32758,35.67916920740499,825.1599999995263,2143.857483487062
32759,35.67916920740499,825.1799999995263,2143.8755915741153
32760,35.67916920740499,825.1999999995263,2143.8936990469683
32761,35.67916920740499,825.2199999995263,2143.9118059056277
32762,35.67916920740499,825.2399999995263,2143.929912150099
32763,35.67916920740499,825.2599999995263,2143.948017780389
32764,35.67916920740499,825.2799999995262,2143.9661227965034
32765,35.67916920740499,825.2999999995262,2143.9842271984485
32766,35.67916920740499,825.3199999995262,2144.0023309862304
32767,35.67916920740499,825.3399999995262,2144.020434159855
32768,35.67916920740499,825.3599999995262,2144.038536719329
32769,35.67916920740499,825.3799999995261,2144.056638664658
32770,35.67916920740499,825.3999999995261,2144.074739995848
32771,35.67916920740499,825.4199999995261,2144.0928407129063
32772,35.67916920740499,825.4399999995261,2144.110940815838
32773,35.67916920740499,825.4599999995261,2144.1290403046496
32774,35.67916920740499,825.4799999995261,2144.1471391793475
32775,35.67916920740499,825.499999999526,2144.1652374399373
32776,35.67916920740499,825.519999999526,2144.1833350864254
32777,35.67916920740499,825.539999999526,2144.201432118818
32778,35.67916920740499,825.559999999526,2144.2195285371213
32779,35.67916920740499,825.579999999526,2144.2376243413414
32780,35.67916920740499,825.599999999526,2144.2557195314844
32781,35.67916920740499,825.6199999995259,2144.2738141077807
32782,35.67916920740499,825.6399999995259,2144.291908071154
32783,35.67916920740499,825.6599999995259,2144.3100014216875
32784,35.67916920740499,825.6799999995259,2144.328094159387
32785,35.67916920740499,825.6999999995259,2144.3461862842587
32786,35.67916920740499,825.7199999995258,2144.3642777963087
32787,35.67916920740499,825.7399999995258,2144.3823686955434
32788,35.67916920740499,825.7599999995258,2144.4004589819688
32789,35.67916920740499,825.7799999995258,2144.418548655591
32790,35.67916920740499,825.7999999995258,2144.4366377164165
32791,35.67916920740499,825.8199999995257,2144.454726164451
32792,35.67916920740499,825.8399999995257,2144.4728139997014
32793,35.67916920740499,825.8599999995257,2144.4909012221733
32794,35.67916920740499,825.8799999995257,2144.5089878318727
32795,35.67916920740499,825.8999999995257,2144.527073828806
32796,35.67916920740499,825.9199999995257,2144.5451592129793
32797,35.67916920740499,825.9399999995256,2144.563243984399
32798,35.67916920740499,825.9599999995256,2144.581328143071
32799,35.67916920740499,825.9799999995256,2144.5994116890015
32800,35.67916920740499,825.9999999995256,2144.617494622197
32801,35.67916920740499,826.0199999995256,2144.6355769426627
32802,35.67916920740499,826.0399999995255,2144.6536586504058
32803,35.67916920740499,826.0599999995255,2144.6717397454318
32804,35.67916920740499,826.0799999995255,2144.689820227747
32805,35.67916920740499,826.0999999995255,2144.707900097358
32806,35.67916920740499,826.1199999995255,2144.7259793542707
32807,35.67916920740499,826.1399999995255,2144.744057998491
32808,35.67916920740499,826.1599999995254,2144.762136030025
32809,35.67916920740499,826.1799999995254,2144.7802134488793
32810,35.67916920740499,826.1999999995254,2144.79829025506
32811,35.67916920740499,826.2199999995254,2144.816366448573
32812,35.67916920740499,826.2399999995254,2144.8344420294243
32813,35.67916920740499,826.2599999995253,2144.8525169976206
32814,35.67916920740499,826.2799999995253,2144.8705913531676
32815,35.67916920740499,826.2999999995253,2144.8886650960717
32816,35.67916920740499,826.3199999995253,2144.906738226339
32817,35.67916920740499,826.3399999995253,2144.9248107439753
32818,35.67916920740499,826.3599999995253,2144.942882648987
32819,35.67916920740499,826.3799999995252,2144.9609539413805
32820,35.67916920740499,826.3999999995252,2144.979024621162
32821,35.67916920740499,826.4199999995252,2144.9970946883373
32822,35.67916920740499,826.4399999995252,2145.015164142913
32823,35.67916920740499,826.4599999995252,2145.0332329848948
32824,35.67916920740499,826.4799999995251,2145.0513012142887
32825,35.67916920740499,826.4999999995251,2145.069368831101
32826,35.67916920740499,826.5199999995251,2145.0874358353385
32827,35.67916920740499,826.5399999995251,2145.1055022270066
32828,35.67916920740499,826.5599999995251,2145.123568006112
32829,35.67916920740499,826.5799999995251,2145.14163317266
32830,35.67916920740499,826.599999999525,2145.1596977266577
32831,35.67916920740499,826.619999999525,2145.1777616681106
32832,35.67916920740499,826.639999999525,2145.195824997322
32833,35.67916920740499,826.659999999525,2145.213887715158
32834,35.67916920740499,826.679999999525,2145.2319498216875
32835,35.67916920740499,826.699999999525,2145.250011316917
32836,35.67916920740499,826.7199999995249,2145.2680722008527
32837,35.67916920740499,826.7399999995249,2145.2861324735004
32838,35.67916920740499,826.7599999995249,2145.3041921348663
32839,35.67916920740499,826.7799999995249,2145.3222511849567
32840,35.67916920740499,826.7999999995249,2145.3403096237776
32841,35.67916920740499,826.8199999995248,2145.358367451335
32842,35.67916920740499,826.8399999995248,2145.3764246676355
32843,35.67916920740499,826.8599999995248,2145.394481272685
32844,35.67916920740499,826.8799999995248,2145.41253726649
32845,35.67916920740499,826.8999999995248,2145.430592649056
32846,35.67916920740499,826.9199999995247,2145.4486474203895
32847,35.67916920740499,826.9399999995247,2145.4667015804966
32848,35.67916920740499,826.9599999995247,2145.4847551293838
32849,35.67916920740499,826.9799999995247,2145.502808067057
32850,35.67916920740499,826.9999999995247,2145.520860393522
32851,35.67916920740499,827.0199999995247,2145.5389121087856
32852,35.67916920740499,827.0399999995246,2145.5569632128536
32853,35.67916920740499,827.0599999995246,2145.5750137057325
32854,35.67916920740499,827.0799999995246,2145.593063587428
32855,35.67916920740499,827.0999999995246,2145.6111128579464
32856,35.67916920740499,827.1199999995246,2145.629161517294
32857,35.67916920740499,827.1399999995245,2145.6472095654767
32858,35.67916920740499,827.1599999995245,2145.6652570025008
32859,35.67916920740499,827.1799999995245,2145.6833038283726
32860,35.67916920740499,827.1999999995245,2145.701350043098
32861,35.67916920740499,827.2199999995245,2145.7193956466836
32862,35.67916920740499,827.2399999995245,2145.737440639135
32863,35.67916920740499,827.2599999995244,2145.7554850204588
32864,35.67916920740499,827.2799999995244,2145.7735287906607
32865,35.67916920740499,827.2999999995244,2145.7915719497473
32866,35.67916920740499,827.3199999995244,2145.8096144977244
32867,35.67916920740499,827.3399999995244,2145.8276564345983
32868,35.67916920740499,827.3599999995243,2145.845697760375
32869,35.67916920740499,827.3799999995243,2145.863738475061
32870,35.67916920740499,827.3999999995243,2145.881778578662
32871,35.67916920740499,827.4199999995243,2145.899818071184
32872,35.67916920740499,827.4399999995243,2145.9178569526343
32873,35.67916920740499,827.4599999995243,2145.935895223018
32874,35.67916920740499,827.4799999995242,2145.9539328823416
32875,35.67916920740499,827.4999999995242,2145.971969930611
32876,35.67916920740499,827.5199999995242,2145.990006367833
32877,35.67916920740499,827.5399999995242,2146.008042194013
32878,35.67916920740499,827.5599999995242,2146.026077409157
32879,35.67916920740499,827.5799999995241,2146.0441120132723
32880,35.67916920740499,827.5999999995241,2146.062146006364
32881,35.67916920740499,827.6199999995241,2146.0801793884384
32882,35.67916920740499,827.6399999995241,2146.098212159502
32883,35.67916920740499,827.6599999995241,2146.116244319945
32884,35.67916920740499,827.6799999995241,2146.134275870611
32885,35.67916920740499,827.699999999524,2146.152306811556
32886,35.67916920740499,827.719999999524,2146.1703371427866
32887,35.67916920740499,827.739999999524,2146.1883668643086
32888,35.67916920740499,827.759999999524,2146.206395976128
32889,35.67916920740499,827.779999999524,2146.2244244782514
32890,35.67916920740499,827.799999999524,2146.2424523706845
32891,35.67916920740499,827.8199999995239,2146.260479653434
32892,35.67916920740499,827.8399999995239,2146.278506326505
32893,35.67916920740499,827.8599999995239,2146.2965323899048
32894,35.67916920740499,827.8799999995239,2146.314557843639
32895,35.67916920740499,827.8999999995239,2146.3325826877135
32896,35.67916920740499,827.9199999995238,2146.3506069221353
32897,35.67916920740499,827.9399999995238,2146.36863054691
32898,35.6262534199771,827.9599999995238,2146.3866535620436
32899,35.6262534199771,827.9799999995238,2146.4046759675425
32900,35.6262534199771,827.9999999995238,2146.422697763413
32901,35.6262534199771,828.0199999995237,2146.440718949661
32902,35.6262534199771,828.0399999995237,2146.4587395262924
32903,35.6262534199771,828.0599999995237,2146.4767594933137
32904,35.6262534199771,828.0799999995237,2146.494778850731
32905,35.6262534199771,828.0999999995237,2146.5127975985506
32906,35.6262534199771,828.1199999995237,2146.530815736778
32907,35.6262534199771,828.1399999995236,2146.5488332654204
32908,35.6262534199771,828.1599999995236,2146.566850184483
32909,35.6262534199771,828.1799999995236,2146.584866493972
32910,35.6262534199771,828.1999999995236,2146.6028821938944
32911,35.6262534199771,828.2199999995236,2146.6208972842555
32912,35.6262534199771,828.2399999995235,2146.638911765062
32913,35.6262534199771,828.2599999995235,2146.6569256363196
32914,35.6262534199771,828.2799999995235,2146.6749388980347
32915,35.6262534199771,828.2999999995235,2146.6929515502134
32916,35.6262534199771,828.3199999995235,2146.7109635928614
32917,35.6262534199771,828.3399999995235,2146.7289750259856
32918,35.6262534199771,828.3599999995234,2146.7469858495915
32919,35.6262534199771,828.3799999995234,2146.7649960636854
32920,35.6262534199771,828.3999999995234,2146.7830056682737
32921,35.6262534199771,828.4199999995234,2146.8010146633624
32922,35.6262534199771,828.4399999995234,2146.8190230489577
32923,35.6262534199771,828.4599999995233,2146.8370308250655
32924,35.6262534199771,828.4799999995233,2146.8550379916924
32925,35.6262534199771,828.4999999995233,2146.873044548844
32926,35.6262534199771,828.5199999995233,2146.891050496527
32927,35.6262534199771,828.5399999995233,2146.909055834747
32928,35.6262534199771,828.5599999995233,2146.9270605635106
32929,35.6262534199771,828.5799999995232,2146.9450646828236
32930,35.6262534199771,828.5999999995232,2146.9630681926924
32931,35.6262534199771,828.6199999995232,2146.981071093123
32932,35.6262534199771,828.6399999995232,2146.9990733841214
32933,35.6262534199771,828.6599999995232,2147.017075065694
32934,35.6262534199771,828.6799999995231,2147.035076138262
32935,35.6262534199771,828.6999999995231,2147.0530766025345
32936,35.6262534199771,828.7199999995231,2147.0710764585497
32937,35.6262534199771,828.7399999995231,2147.0890757063135
32938,35.6262534199771,828.7599999995231,2147.107074345832
32939,35.6262534199771,828.779999999523,2147.125072377112
32940,35.6262534199771,828.799999999523,2147.1430698001586
32941,35.6262534199771,828.819999999523,2147.1610666149786
32942,35.6262534199771,828.839999999523,2147.179062821578
32943,35.6262534199771,828.859999999523,2147.197058419963
32944,35.6262534199771,828.879999999523,2147.2150534101397
32945,35.6262534199771,828.899999999523,2147.233047792114
32946,35.6262534199771,828.9199999995229,2147.2510415658926
32947,35.6262534199771,828.9399999995229,2147.269034731481
32948,35.6262534199771,828.9599999995229,2147.2870272888854
32949,35.6262534199771,828.9799999995229,2147.3050192381124
32950,35.6262534199771,828.9999999995229,2147.3230105791677
32951,35.6262534199771,829.0199999995228,2147.3410013120574
32952,35.6262534199771,829.0399999995228,2147.358991436788
32953,35.6262534199771,829.0599999995228,2147.3769809533655
32954,35.6262534199771,829.0799999995228,2147.394969861796
32955,35.6262534199771,829.0999999995228,2147.412958162086
32956,35.6262534199771,829.1199999995227,2147.430945854241
32957,35.6262534199771,829.1399999995227,2147.4489329382677
32958,35.6262534199771,829.1599999995227,2147.466919414172
32959,35.6262534199771,829.1799999995227,2147.48490528196
32960,35.6262534199771,829.1999999995227,2147.5028905416375
32961,35.6262534199771,829.2199999995227,2147.520875193211
32962,35.6262534199771,829.2399999995226,2147.5388592366867
32963,35.6262534199771,829.2599999995226,2147.5568426720706
32964,35.6262534199771,829.2799999995226,2147.574825499369
32965,35.6262534199771,829.2999999995226,2147.592807718588
32966,35.6262534199771,829.3199999995226,2147.6107893297335
32967,35.6262534199771,829.3399999995225,2147.6287703328117
32968,35.6262534199771,829.3599999995225,2147.646750727829
32969,35.6262534199771,829.3799999995225,2147.6647305147912
32970,35.6262534199771,829.3999999995225,2147.6827096937045
32971,35.6262534199771,829.4199999995225,2147.700688264575
32972,35.6262534199771,829.4399999995225,2147.7186662274094
32973,35.6262534199771,829.4599999995224,2147.736643582213
32974,35.6262534199771,829.4799999995224,2147.7546203289926
32975,35.6262534199771,829.4999999995224,2147.772596467754
32976,35.6262534199771,829.5199999995224,2147.790571998503
32977,35.6262534199771,829.5399999995224,2147.808546921246
32978,35.6262534199771,829.5599999995223,2147.8265212359897
32979,35.6262534199771,829.5799999995223,2147.8444949427394
32980,35.6262534199771,829.5999999995223,2147.862468041502
32981,35.6262534199771,829.6199999995223,2147.8804405322826
32982,35.6262534199771,829.6399999995223,2147.8984124150884
32983,35.6262534199771,829.6599999995223,2147.9163836899247
32984,35.6262534199771,829.6799999995222,2147.9343543567984
32985,35.6262534199771,829.6999999995222,2147.952324416221
32986,35.6262534199771,829.7199999995222,2147.970293868878
32987,35.6262534199771,829.7399999995222,2147.9882627147945
32988,35.6262534199771,829.7599999995222,2148.0062309539767
32989,35.6262534199771,829.7799999995221,2148.024198586431
32990,35.6262534199771,829.7999999995221,2148.042165612163
32991,35.6262534199771,829.8199999995221,2148.0601320311794
32992,35.6262534199771,829.8399999995221,2148.078097843486
32993,35.6262534199771,829.8599999995221,2148.096063049089
32994,35.6262534199771,829.879999999522,2148.114027647995
32995,35.6262534199771,829.899999999522,2148.1319916402094
32996,35.6262534199771,829.919999999522,2148.149955025739
32997,35.6262534199771,829.939999999522,2148.1679178045893
32998,35.6262534199771,829.959999999522,2148.185879976767
32999,35.6262534199771,829.979999999522,2148.2038415422776
33000,35.6262534199771,829.999999999522,2148.221802501128
33001,35.6262534199771,830.0199999995219,2148.2397628533236
33002,35.6262534199771,830.0399999995219,2148.2577225988707
33003,35.6262534199771,830.0599999995219,2148.275681737776
33004,35.6262534199771,830.0799999995219,2148.2936402700448
33005,35.6262534199771,830.0999999995219,2148.311598195684
33006,35.6262534199771,830.1199999995218,2148.329555514699
33007,35.6262534199771,830.1399999995218,2148.347512227097
33008,35.6262534199771,830.1599999995218,2148.365468332883
33009,35.6262534199771,830.1799999995218,2148.3834238320637
33010,35.6262534199771,830.1999999995218,2148.401378724645
33011,35.6262534199771,830.2199999995217,2148.419333010633
33012,35.6262534199771,830.2399999995217,2148.4372866900344
33013,35.6262534199771,830.2599999995217,2148.455239762855
33014,35.6262534199771,830.2799999995217,2148.4731922291007
33015,35.6262534199771,830.2999999995217,2148.4911440887777
33016,35.6262534199771,830.3199999995217,2148.509095341892
33017,35.6262534199771,830.3399999995216,2148.52704598845
33018,35.6262534199771,830.3599999995216,2148.5449960284577
33019,35.6262534199771,830.3799999995216,2148.5629454619216
33020,35.6262534199771,830.3999999995216,2148.5808942888475
33021,35.6262534199771,830.4199999995216,2148.5988425092414
33022,35.6262534199771,830.4399999995215,2148.6167901231097
33023,35.6262534199771,830.4599999995215,2148.6347371304582
33024,35.6262534199771,830.4799999995215,2148.6526835312934
33025,35.6262534199771,830.4999999995215,2148.670629325621
33026,35.6262534199771,830.5199999995215,2148.6885745134477
33027,35.6262534199771,830.5399999995215,2148.706519094779
33028,35.6262534199771,830.5599999995214,2148.724463069622
33029,35.6262534199771,830.5799999995214,2148.7424064379816
33030,35.6262534199771,830.5999999995214,2148.7603491998643
33031,35.6262534199771,830.6199999995214,2148.7782913552765
33032,35.6262534199771,830.6399999995214,2148.7962329042243
33033,35.6262534199771,830.6599999995213,2148.814173846714
33034,35.6262534199771,830.6799999995213,2148.832114182751
33035,35.6262534199771,830.6999999995213,2148.850053912342
33036,35.6262534199771,830.7199999995213,2148.867993036071
33037,35.6262534199771,830.7399999995213,2148.885931554566
33038,35.6262534199771,830.7599999995213,2148.9038694678384
33039,35.6262534199771,830.7799999995212,2148.9218067758943
33040,35.6262534199771,830.7999999995212,2148.93974347874
33041,35.6262534199771,830.8199999995212,2148.957679576382
33042,35.6262534199771,830.8399999995212,2148.9756150688254
33043,35.6262534199771,830.8599999995212,2148.993549956077
33044,35.6262534199771,830.8799999995211,2149.011484238143
33045,35.6262534199771,830.8999999995211,2149.0294179150296
33046,35.6262534199771,830.9199999995211,2149.0473509867425
33047,35.6262534199771,830.9399999995211,2149.065283453288
33048,35.6262534199771,830.9599999995211,2149.0832153146725
33049,35.6262534199771,830.979999999521,2149.101146570902
33050,35.6262534199771,830.999999999521,2149.1190772219825
33051,35.6262534199771,831.019999999521,2149.13700726792
33052,35.6262534199771,831.039999999521,2149.154936708721
33053,35.6262534199771,831.059999999521,2149.1728655443912
33054,35.6262534199771,831.079999999521,2149.1907937749374
33055,35.6262534199771,831.099999999521,2149.208721400365
33056,35.6262534199771,831.1199999995209,2149.2266484206807
33057,35.6262534199771,831.1399999995209,2149.2445748358905
33058,35.6262534199771,831.1599999995209,2149.2625006460003
33059,35.6262534199771,831.1799999995209,2149.2804258510164
33060,35.6262534199771,831.1999999995209,2149.298350450945
33061,35.6262534199771,831.2199999995208,2149.3162744457914
33062,35.6262534199771,831.2399999995208,2149.334197835563
33063,35.6262534199771,831.2599999995208,2149.352120620265
33064,35.6262534199771,831.2799999995208,2149.370042799904
33065,35.6262534199771,831.2999999995208,2149.387964374486
33066,35.6262534199771,831.3199999995207,2149.405885344017
33067,35.6262534199771,831.3399999995207,2149.4238057085036
33068,35.6262534199771,831.3599999995207,2149.4417254679515
33069,35.6262534199771,831.3799999995207,2149.459644622367
33070,35.6262534199771,831.3999999995207,2149.4775631717557
33071,35.6262534199771,831.4199999995207,2149.4954811161247
33072,35.6262534199771,831.4399999995206,2149.5133984554795
33073,35.6262534199771,831.4599999995206,2149.5313151898263
33074,35.6262534199771,831.4799999995206,2149.549231319171
33075,35.6262534199771,831.4999999995206,2149.5671468435203
33076,35.6262534199771,831.5199999995206,2149.58506176288
33077,35.6262534199771,831.5399999995205,2149.602976077256
33078,35.6262534199771,831.5599999995205,2149.6208897866545
33079,35.6262534199771,831.5799999995205,2149.638802891082
33080,35.6262534199771,831.5999999995205,2149.6567153905444
33081,35.6262534199771,831.6199999995205,2149.674627285048
33082,35.6262534199771,831.6399999995205,2149.6925385745985
33083,35.6262534199771,831.6599999995204,2149.7104492592025
33084,35.6262534199771,831.6799999995204,2149.7283593388656
33085,35.6262534199771,831.6999999995204,2149.7462688135943
33086,35.6262534199771,831.7199999995204,2149.7641776834043
33087,35.6262534199771,831.7399999995204,2149.7820859489702
33088,35.6262534199771,831.7599999995203,2149.7999936108795
33089,35.6262534199771,831.7799999995203,2149.8179006691385
33090,35.6262534199771,831.7999999995203,2149.8358071237535
33091,35.6262534199771,831.8199999995203,2149.8537129747306
33092,35.6262534199771,831.8399999995203,2149.8716182220755
33093,35.6262534199771,831.8599999995203,2149.889522865795
33094,35.6262534199771,831.8799999995202,2149.9074269058947
33095,35.6262534199771,831.8999999995202,2149.925330342381
33096,35.6262534199771,831.9199999995202,2149.94323317526
33097,35.6262534199771,831.9399999995202,2149.961135404538
33098,35.6262534199771,831.9599999995202,2149.9790370302203
33099,35.6262534199771,831.9799999995201,2149.996938052314
33100,35.6262534199771,831.9999999995201,2150.0148384714844
33101,35.6262534199771,832.0199999995201,2150.0327382888704
33102,35.6262534199771,832.0399999995201,2150.0506375045306
33103,35.6262534199771,832.0599999995201,2150.0685361184715
33104,35.6262534199771,832.07999999952,2150.0864341306988
33105,35.6262534199771,832.09999999952,2150.1043315412194
33106,35.6262534199771,832.11999999952,2150.122228350039
33107,35.6262534199771,832.13999999952,2150.1401245571647
33108,35.6262534199771,832.15999999952,2150.158020162602
33109,35.6262534199771,832.17999999952,2150.1759151663573
33110,35.6262534199771,832.19999999952,2150.1938095684372
33111,35.6262534199771,832.2199999995199,2150.211703368848
33112,35.6262534199771,832.2399999995199,2150.229596567595
33113,35.6262534199771,832.2599999995199,2150.2474891646852
33114,35.6262534199771,832.2799999995199,2150.265381160125
33115,35.6262534199771,832.2999999995199,2150.2832725539206
33116,35.6262534199771,832.3199999995198,2150.301163346078
33117,35.6262534199771,832.3399999995198,2150.3190535366034
33118,35.6262534199771,832.3599999995198,2150.3369431255037
33119,35.6262534199771,832.3799999995198,2150.3548321127846
33120,35.57346830238208,832.3999999995198,2150.3727204984525
33121,35.57346830238208,832.4199999995197,2150.3906082825133
33122,35.57346830238208,832.4399999995197,2150.408495464974
33123,35.57346830238208,832.4599999995197,2150.42638204584
33124,35.57346830238208,832.4799999995197,2150.444268025118
33125,35.57346830238208,832.4999999995197,2150.4621534028147
33126,35.57346830238208,832.5199999995197,2150.4800381789355
33127,35.57346830238208,832.5399999995196,2150.4979223534874
33128,35.57346830238208,832.5599999995196,2150.5158059264763
33129,35.57346830238208,832.5799999995196,2150.533688897908
33130,35.57346830238208,832.5999999995196,2150.5515712677898
33131,35.57346830238208,832.6199999995196,2150.569453036127
33132,35.57346830238208,832.6399999995195,2150.5873342029263
33133,35.57346830238208,832.6599999995195,2150.605214768194
33134,35.57346830238208,832.6799999995195,2150.6230947319364
33135,35.57346830238208,832.6999999995195,2150.6409740941594
33136,35.57346830238208,832.7199999995195,2150.6588528548696
33137,35.57346830238208,832.7399999995195,2150.676731014095
33138,35.57346830238208,832.7599999995194,2150.6946085724994
33139,35.57346830238208,832.7799999995194,2150.712485530548
33140,35.57346830238208,832.7999999995194,2150.730361888246
33141,35.57346830238208,832.8199999995194,2150.748237645601
33142,35.57346830238208,832.8399999995194,2150.7661128026184
33143,35.57346830238208,832.8599999995193,2150.783987359305
33144,35.57346830238208,832.8799999995193,2150.8018613156664
33145,35.57346830238208,832.8999999995193,2150.8197346717093
33146,35.57346830238208,832.9199999995193,2150.83760742744
33147,35.57346830238208,832.9399999995193,2150.855479582865
33148,35.57346830238208,832.9599999995193,2150.87335113799
33149,35.57346830238208,832.9799999995192,2150.891222092822
33150,35.57346830238208,832.9999999995192,2150.909092447366
33151,35.57346830238208,833.0199999995192,2150.92696220163
33152,35.57346830238208,833.0399999995192,2150.944831355619
33153,35.57346830238208,833.0599999995192,2150.96269990934
33154,35.57346830238208,833.0799999995191,2150.9805678627986
33155,35.57346830238208,833.0999999995191,2150.9984352160013
33156,35.57346830238208,833.1199999995191,2151.016301968955
33157,35.57346830238208,833.1399999995191,2151.034168121665
33158,35.57346830238208,833.1599999995191,2151.0520336741383
33159,35.57346830238208,833.179999999519,2151.069898626381
33160,35.57346830238208,833.199999999519,2151.087762978399
33161,35.57346830238208,833.219999999519,2151.105626730199
33162,35.57346830238208,833.239999999519,2151.1234898817875
33163,35.57346830238208,833.259999999519,2151.14135243317
33164,35.57346830238208,833.279999999519,2151.1592143843536
33165,35.57346830238208,833.299999999519,2151.177075735344
33166,35.57346830238208,833.3199999995189,2151.1949364861475
33167,35.57346830238208,833.3399999995189,2151.2127966367707
33168,35.57346830238208,833.3599999995189,2151.2306561872197
33169,35.57346830238208,833.3799999995189,2151.248515137501
33170,35.57346830238208,833.3999999995189,2151.26637348762
33171,35.57346830238208,833.4199999995188,2151.284231237584
33172,35.57346830238208,833.4399999995188,2151.302088387399
33173,35.57346830238208,833.4599999995188,2151.3199449370713
33174,35.57346830238208,833.4799999995188,2151.3378008866066
33175,35.57346830238208,833.4999999995188,2151.355656236012
33176,35.57346830238208,833.5199999995187,2151.373510985293
33177,35.57346830238208,833.5399999995187,2151.391365134456
33178,35.57346830238208,833.5599999995187,2151.409218683508
33179,35.57346830238208,833.5799999995187,2151.4270716324545
33180,35.57346830238208,833.5999999995187,2151.444923981302
33181,35.57346830238208,833.6199999995187,2151.4627757300573
33182,35.57346830238208,833.6399999995186,2151.480626878726
33183,35.57346830238208,833.6599999995186,2151.4984774273144
33184,35.57346830238208,833.6799999995186,2151.516327375829
33185,35.57346830238208,833.6999999995186,2151.5341767242758
33186,35.57346830238208,833.7199999995186,2151.5520254726616
33187,35.57346830238208,833.7399999995185,2151.569873620992
33188,35.57346830238208,833.7599999995185,2151.587721169311
33189,35.57346830238208,833.7799999995185,2151.6055681183684
33190,35.57346830238208,833.7999999995185,2151.6234144685804
33191,35.57346830238208,833.8199999995185,2151.641260219953
33192,35.57346830238208,833.8399999995185,2151.659105372493
33193,35.57346830238208,833.8599999995184,2151.676949926206
33194,35.57346830238208,833.8799999995184,2151.6947938810986
33195,35.57346830238208,833.8999999995184,2151.712637237177
33196,35.57346830238208,833.9199999995184,2151.7304799944477
33197,35.57346830238208,833.9399999995184,2151.748322152917
33198,35.57346830238208,833.9599999995183,2151.7661637125907
33199,35.57346830238208,833.9799999995183,2151.7840046734755
33200,35.57346830238208,833.9999999995183,2151.801845035577
33201,35.57346830238208,834.0199999995183,2151.8196847989025
33202,35.57346830238208,834.0399999995183,2151.8375239634574
33203,35.57346830238208,834.0599999995183,2151.8553625292484
33204,35.57346830238208,834.0799999995182,2151.8732004962817
33205,35.57346830238208,834.0999999995182,2151.8910378645637
33206,35.57346830238208,834.1199999995182,2151.908874634101
33207,35.57346830238208,834.1399999995182,2151.926710804899
33208,35.57346830238208,834.1599999995182,2151.9445463769644
33209,35.57346830238208,834.1799999995181,2151.9623813503035
33210,35.57346830238208,834.1999999995181,2151.980215724923
33211,35.57346830238208,834.2199999995181,2151.998049500828
33212,35.57346830238208,834.2399999995181,2152.015882678026
33213,35.57346830238208,834.2599999995181,2152.033715256523
33214,35.57346830238208,834.279999999518,2152.051547236325
33215,35.57346830238208,834.299999999518,2152.069378617438
33216,35.57346830238208,834.319999999518,2152.0872093998687
33217,35.57346830238208,834.339999999518,2152.1050395836232
33218,35.57346830238208,834.359999999518,2152.122869168708
33219,35.57346830238208,834.379999999518,2152.140698155129
33220,35.57346830238208,834.399999999518,2152.158526542893
33221,35.57346830238208,834.4199999995179,2152.1763543320058
33222,35.57346830238208,834.4399999995179,2152.1941815224736
33223,35.57346830238208,834.4599999995179,2152.212008114303
33224,35.57346830238208,834.4799999995179,2152.2298341075
33225,35.57346830238208,834.4999999995179,2152.2476595020717
33226,35.57346830238208,834.5199999995178,2152.2654842980232
33227,35.57346830238208,834.5399999995178,2152.2833084953613
33228,35.57346830238208,834.5599999995178,2152.3011320940923
33229,35.57346830238208,834.5799999995178,2152.3189550942225
33230,35.57346830238208,834.5999999995178,2152.336777495758
33231,35.57346830238208,834.6199999995177,2152.354599298705
33232,35.57346830238208,834.6399999995177,2152.3724205030703
33233,35.57346830238208,834.6599999995177,2152.3902411088593
33234,35.57346830238208,834.6799999995177,2152.408061116079
33235,35.57346830238208,834.6999999995177,2152.425880524735
33236,35.57346830238208,834.7199999995177,2152.4436993348345
33237,35.57346830238208,834.7399999995176,2152.461517546383
33238,35.57346830238208,834.7599999995176,2152.479335159387
33239,35.57346830238208,834.7799999995176,2152.497152173904
33240,35.57346830238208,834.7999999995176,2152.5149685907413
33241,35.57346830238208,834.8199999995176,2152.532784410245
33242,35.57346830238208,834.8399999995175,2152.5505996324205
33243,35.57346830238208,834.8599999995175,2152.568414257275
33244,35.57346830238208,834.8799999995175,2152.5862282848143
33245,35.57346830238208,834.8999999995175,2152.604041715045
33246,35.57346830238208,834.9199999995175,2152.621854547973
33247,35.57346830238208,834.9399999995175,2152.6396667836043
33248,35.57346830238208,834.9599999995174,2152.657478421946
33249,35.57346830238208,834.9799999995174,2152.675289463004
33250,35.57346830238208,834.9999999995174,2152.6930999067845
33251,35.57346830238208,835.0199999995174,2152.7109097532934
33252,35.57346830238208,835.0399999995174,2152.7287190025377
33253,35.57346830238208,835.0599999995173,2152.746527654523
33254,35.57346830238208,835.0799999995173,2152.764335709256
33255,35.57346830238208,835.0999999995173,2152.782143166743
33256,35.57346830238208,835.1199999995173,2152.7999500269902
33257,35.57346830238208,835.1399999995173,2152.8177562900037
33258,35.57346830238208,835.1599999995173,2152.8355619557897
33259,35.57346830238208,835.1799999995172,2152.8533670243546
33260,35.57346830238208,835.1999999995172,2152.871171495705
33261,35.57346830238208,835.2199999995172,2152.888975369847
33262,35.57346830238208,835.2399999995172,2152.9067786467863
33263,35.57346830238208,835.2599999995172,2152.9245813265297
33264,35.57346830238208,835.2799999995171,2152.9423834090835
33265,35.57346830238208,835.2999999995171,2152.960184894454
33266,35.57346830238208,835.3199999995171,2152.977985782647
33267,35.57346830238208,835.3399999995171,2152.995786073669
33268,35.57346830238208,835.3599999995171,2153.0135857675264
33269,35.57346830238208,835.379999999517,2153.0313848642254
33270,35.57346830238208,835.399999999517,2153.0491833637725
33271,35.57346830238208,835.419999999517,2153.0669812661736
33272,35.57346830238208,835.439999999517,2153.084778571435
33273,35.57346830238208,835.459999999517,2153.102575279563
33274,35.57346830238208,835.479999999517,2153.120371390564
33275,35.57346830238208,835.499999999517,2153.138166904444
33276,35.57346830238208,835.5199999995169,2153.1559618212095
33277,35.57346830238208,835.5399999995169,2153.1737561408668
33278,35.57346830238208,835.5599999995169,2153.191549863422
33279,35.57346830238208,835.5799999995169,2153.2093429888814
33280,35.57346830238208,835.5999999995169,2153.227135517251
33281,35.57346830238208,835.6199999995168,2153.2449274485375
33282,35.57346830238208,835.6399999995168,2153.262718782747
33283,35.57346830238208,835.6599999995168,2153.280509519886
33284,35.57346830238208,835.6799999995168,2153.2982996599603
33285,35.57346830238208,835.6999999995168,2153.3160892029764
33286,35.57346830238208,835.7199999995167,2153.3338781489406
33287,35.57346830238208,835.7399999995167,2153.3516664978592
33288,35.57346830238208,835.7599999995167,2153.3694542497383
33289,35.57346830238208,835.7799999995167,2153.387241404584
33290,35.57346830238208,835.7999999995167,2153.4050279624703
33291,35.57346830238208,835.8199999995167,2153.422813924283
33292,35.57346830238208,835.8399999995166,2153.4405992903057
33293,35.57346830238208,835.8599999995166,2153.458384060544
33294,35.57346830238208,835.8799999995166,2153.4761682350045
33295,35.57346830238208,835.8999999995166,2153.493951813693
33296,35.57346830238208,835.9199999995166,2153.5117347966157
33297,35.57346830238208,835.9399999995165,2153.529517183779
33298,35.57346830238208,835.9599999995165,2153.547298975189
33299,35.57346830238208,835.9799999995165,2153.5650801708516
33300,35.57346830238208,835.9999999995165,2153.582860770773
33301,35.57346830238208,836.0199999995165,2153.6006407749596
33302,35.57346830238208,836.0399999995165,2153.6184201834176
33303,35.57346830238208,836.0599999995164,2153.636198996153
33304,35.57346830238208,836.0799999995164,2153.653977213172
33305,35.57346830238208,836.0999999995164,2153.671754834481
33306,35.57346830238208,836.1199999995164,2153.6895318600855
33307,35.57346830238208,836.1399999995164,2153.7073082899924
33308,35.57346830238208,836.1599999995163,2153.7250841242076
33309,35.57346830238208,836.1799999995163,2153.742859362737
33310,35.57346830238208,836.1999999995163,2153.760634005587
33311,35.57346830238208,836.2199999995163,2153.7784080527636
33312,35.57346830238208,836.2399999995163,2153.796181504273
33313,35.57346830238208,836.2599999995163,2153.813954360122
33314,35.57346830238208,836.2799999995162,2153.8317266203157
33315,35.57346830238208,836.2999999995162,2153.849498284861
33316,35.57346830238208,836.3199999995162,2153.8672693537637
33317,35.57346830238208,836.3399999995162,2153.88503982703
33318,35.57346830238208,836.3599999995162,2153.902809704666
33319,35.57346830238208,836.3799999995161,2153.9205789866783
33320,35.57346830238208,836.3999999995161,2153.9383476730727
33321,35.57346830238208,836.4199999995161,2153.9561157638555
33322,35.57346830238208,836.4399999995161,2153.9738832590324
33323,35.57346830238208,836.4599999995161,2153.99165015861
33324,35.57346830238208,836.479999999516,2154.0094164625943
33325,35.57346830238208,836.499999999516,2154.0271821709916
33326,35.57346830238208,836.519999999516,2154.044947283808
33327,35.57346830238208,836.539999999516,2154.0627118010498
33328,35.57346830238208,836.559999999516,2154.080475722723
33329,35.57346830238208,836.579999999516,2154.0982390488334
33330,35.57346830238208,836.599999999516,2154.1160017793877
33331,35.57346830238208,836.6199999995159,2154.1337639143917
33332,35.57346830238208,836.6399999995159,2154.1515254538517
33333,35.57346830238208,836.6599999995159,2154.1692863977737
33334,35.57346830238208,836.6799999995159,2154.187046746164
33335,35.57346830238208,836.6999999995159,2154.204806499029
33336,35.57346830238208,836.7199999995158,2154.2225656563746
33337,35.57346830238208,836.7399999995158,2154.2403242182068
33338,35.57346830238208,836.7599999995158,2154.2580821845318
33339,35.52081340332063,836.7799999995158,2154.275839555356
33340,35.52081340332063,836.7999999995158,2154.2935963306854
33341,35.52081340332063,836.8199999995157,2154.3113525106046
33342,35.52081340332063,836.8399999995157,2154.3291080960244
33343,35.52081340332063,836.8599999995157,2154.346863087148
33344,35.52081340332063,836.8799999995157,2154.364617483982
33345,35.52081340332063,836.8999999995157,2154.382371286532
33346,35.52081340332063,836.9199999995157,2154.400124494805
33347,35.52081340332063,836.9399999995156,2154.417877108807
33348,35.52081340332063,836.9599999995156,2154.435629128544
33349,35.52081340332063,836.9799999995156,2154.4533805540227
33350,35.52081340332063,836.9999999995156,2154.47113138525
33351,35.52081340332063,837.0199999995156,2154.488881622231
33352,35.52081340332063,837.0399999995155,2154.506631264973
33353,35.52081340332063,837.0599999995155,2154.5243803134817
33354,35.52081340332063,837.0799999995155,2154.5421287677636
33355,35.52081340332063,837.0999999995155,2154.5598766278254
33356,35.52081340332063,837.1199999995155,2154.577623893673
33357,35.52081340332063,837.1399999995155,2154.5953705653124
33358,35.52081340332063,837.1599999995154,2154.613116642751
33359,35.52081340332063,837.1799999995154,2154.6308621259936
33360,35.52081340332063,837.1999999995154,2154.6486070150477
33361,35.52081340332063,837.2199999995154,2154.6663513099193
33362,35.52081340332063,837.2399999995154,2154.684095010615
33363,35.52081340332063,837.2599999995153,2154.70183811714
33364,35.52081340332063,837.2799999995153,2154.7195806295017
33365,35.52081340332063,837.2999999995153,2154.7373225477063
33366,35.52081340332063,837.3199999995153,2154.75506387176
33367,35.52081340332063,837.3399999995153,2154.7728046016687
33368,35.52081340332063,837.3599999995153,2154.7905447374387
33369,35.52081340332063,837.3799999995152,2154.808284279077
33370,35.52081340332063,837.3999999995152,2154.8260232265893
33371,35.52081340332063,837.4199999995152,2154.843761579982
33372,35.52081340332063,837.4399999995152,2154.8614993392616
33373,35.52081340332063,837.4599999995152,2154.879236504434
33374,35.52081340332063,837.4799999995151,2154.8969730755066
33375,35.52081340332063,837.4999999995151,2154.9147090524843
33376,35.52081340332063,837.5199999995151,2154.9324444353742
33377,35.52081340332063,837.5399999995151,2154.9501792241826
33378,35.52081340332063,837.5599999995151,2154.9679134189155
33379,35.52081340332063,837.579999999515,2154.9856470195796
33380,35.52081340332063,837.599999999515,2155.003380026181
33381,35.52081340332063,837.619999999515,2155.0211124387256
33382,35.52081340332063,837.639999999515,2155.0388442572203
33383,35.52081340332063,837.659999999515,2155.056575481671
33384,35.52081340332063,837.679999999515,2155.0743061120843
33385,35.52081340332063,837.699999999515,2155.0920361484664
33386,35.52081340332063,837.7199999995149,2155.1097655908234
33387,35.52081340332063,837.7399999995149,2155.127494439162
33388,35.52081340332063,837.7599999995149,2155.1452226934884
33389,35.52081340332063,837.7799999995149,2155.162950353809
33390,35.52081340332063,837.7999999995149,2155.1806774201295
33391,35.52081340332063,837.8199999995148,2155.1984038924566
33392,35.52081340332063,837.8399999995148,2155.2161297708867
33393,35.52081340332063,837.8599999995148,2155.233855056361
33394,35.52081340332063,837.8799999995148,2155.25157974901
33395,35.52081340332063,837.8999999995148,2155.26930384884
33396,35.52081340332063,837.9199999995147,2155.2870273558574
33397,35.52081340332063,837.9399999995147,2155.304750270068
33398,35.52081340332063,837.9599999995147,2155.322472591478
33399,35.52081340332063,837.9799999995147,2155.3401943200934
33400,35.52081340332063,837.9999999995147,2155.357915455921
33401,35.52081340332063,838.0199999995147,2155.375635998967
33402,35.52081340332063,838.0399999995146,2155.393355949237
33403,35.52081340332063,838.0599999995146,2155.4110753067375
33404,35.52081340332063,838.0799999995146,2155.428794071475
33405,35.52081340332063,838.0999999995146,2155.4465122434553
33406,35.52081340332063,838.1199999995146,2155.464229822685
33407,35.52081340332063,838.1399999995145,2155.48194680917
33408,35.52081340332063,838.1599999995145,2155.4996632029165
33409,35.52081340332063,838.1799999995145,2155.5173790039307
33410,35.52081340332063,838.1999999995145,2155.535094212219
33411,35.52081340332063,838.2199999995145,2155.5528088277874
33412,35.52081340332063,838.2399999995145,2155.5705228506426
33413,35.52081340332063,838.2599999995144,2155.58823628079
33414,35.52081340332063,838.2799999995144,2155.6059491182364
33415,35.52081340332063,838.2999999995144,2155.6236613629876
33416,35.52081340332063,838.3199999995144,2155.6413730150502
33417,35.52081340332063,838.3399999995144,2155.65908407443
33418,35.52081340332063,838.3599999995143,2155.676794541134
33419,35.52081340332063,838.3799999995143,2155.6945044151676
33420,35.52081340332063,838.3999999995143,2155.712213696537
33421,35.52081340332063,838.4199999995143,2155.729922385249
33422,35.52081340332063,838.4399999995143,2155.7476304813094
33423,35.52081340332063,838.4599999995143,2155.7653379847243
33424,35.52081340332063,838.4799999995142,2155.7830448955
33425,35.52081340332063,838.4999999995142,2155.800751213643
33426,35.52081340332063,838.5199999995142,2155.8184569391588
33427,35.52081340332063,838.5399999995142,2155.8361620720543
33428,35.52081340332063,838.5599999995142,2155.8538666123354
33429,35.52081340332063,838.5799999995141,2155.8715705600084
33430,35.52081340332063,838.5999999995141,2155.8892739150792
33431,35.52081340332063,838.6199999995141,2155.906976677554
33432,35.52081340332063,838.6399999995141,2155.9246788474397
33433,35.52081340332063,838.6599999995141,2155.942380424742
33434,35.52081340332063,838.679999999514,2155.9600814094674
33435,35.52081340332063,838.699999999514,2155.9777818016214
33436,35.52081340332063,838.719999999514,2155.995481601211
33437,35.52081340332063,838.739999999514,2156.0131808082415
33438,35.52081340332063,838.759999999514,2156.03087942272
33439,35.52081340332063,838.779999999514,2156.048577444652
33440,35.52081340332063,838.799999999514,2156.066274874044
33441,35.52081340332063,838.8199999995139,2156.0839717109025
33442,35.52081340332063,838.8399999995139,2156.101667955233
33443,35.52081340332063,838.8599999995139,2156.1193636071807
33444,35.52081340332063,838.8799999995139,2156.1370586677003
33445,35.52081340332063,838.8999999995139,2156.1547531368883
33446,35.52081340332063,838.9199999995138,2156.1724470147506
33447,35.52081340332063,838.9399999995138,2156.1901403012935
33448,35.52081340332063,838.9599999995138,2156.2078329965234
33449,35.52081340332063,838.9799999995138,2156.2255251004462
33450,35.52081340332063,838.9999999995138,2156.2432166130684
33451,35.52081340332063,839.0199999995137,2156.260907534396
33452,35.52081340332063,839.0399999995137,2156.2785978644356
33453,35.52081340332063,839.0599999995137,2156.296287603193
33454,35.52081340332063,839.0799999995137,2156.313976750674
33455,35.52081340332063,839.0999999995137,2156.3316653068855
33456,35.52081340332063,839.1199999995137,2156.3493532718335
33457,35.52081340332063,839.1399999995136,2156.367040645524
33458,35.52081340332063,839.1599999995136,2156.3847274279633
33459,35.52081340332063,839.1799999995136,2156.402413619158
33460,35.52081340332063,839.1999999995136,2156.4200992191136
33461,35.52081340332063,839.2199999995136,2156.437784227837
33462,35.52081340332063,839.2399999995135,2156.455468645334
33463,35.52081340332063,839.2599999995135,2156.473152471611
33464,35.52081340332063,839.2799999995135,2156.490835706674
33465,35.52081340332063,839.2999999995135,2156.508518350529
33466,35.52081340332063,839.3199999995135,2156.5262004031824
33467,35.52081340332063,839.3399999995135,2156.5438818646408
33468,35.52081340332063,839.3599999995134,2156.5615627349102
33469,35.52081340332063,839.3799999995134,2156.579243013997
33470,35.52081340332063,839.3999999995134,2156.5969227019064
33471,35.52081340332063,839.4199999995134,2156.6146017986453
33472,35.52081340332063,839.4399999995134,2156.63228030422
33473,35.52081340332063,839.4599999995133,2156.6499582186366
33474,35.52081340332063,839.4799999995133,2156.6676355419013
33475,35.52081340332063,839.4999999995133,2156.6853122740204
33476,35.52081340332063,839.5199999995133,2156.7029884149997
33477,35.52081340332063,839.5399999995133,2156.7206639648457
33478,35.52081340332063,839.5599999995133,2156.7383389235647
33479,35.52081340332063,839.5799999995132,2156.7560132911626
33480,35.52081340332063,839.5999999995132,2156.773687067646
33481,35.52081340332063,839.6199999995132,2156.7913602530202
33482,35.52081340332063,839.6399999995132,2156.8090328472927
33483,35.52081340332063,839.6599999995132,2156.8267048504686
33484,35.52081340332063,839.6799999995131,2156.8443762625548
33485,35.52081340332063,839.6999999995131,2156.862047083557
33486,35.52081340332063,839.7199999995131,2156.8797173134817
33487,35.52081340332063,839.7399999995131,2156.897386952335
33488,35.52081340332063,839.7599999995131,2156.9150560001235
33489,35.52081340332063,839.779999999513,2156.9327244568526
33490,35.52081340332063,839.799999999513,2156.950392322529
33491,35.52081340332063,839.819999999513,2156.9680595971586
33492,35.52081340332063,839.839999999513,2156.9857262807477
33493,35.52081340332063,839.859999999513,2157.0033923733026
33494,35.52081340332063,839.879999999513,2157.0210578750375
33495,35.52081340332063,839.8999999995129,2157.0387227868528
33496,35.52081340332063,839.9199999995129,2157.056387108831
33497,35.52081340332063,839.9399999995129,2157.074050840978
33498,35.52081340332063,839.9599999995129,2157.0917139833005
33499,35.52081340332063,839.9799999995129,2157.109376535804
33500,35.52081340332063,839.9999999995129,2157.1270384984955
33501,35.52081340332063,840.0199999995128,2157.144699871381
33502,35.52081340332063,840.0399999995128,2157.1623606544663
33503,35.52081340332063,840.0599999995128,2157.180020847758
33504,35.52081340332063,840.0799999995128,2157.197680451262
33505,35.52081340332063,840.0999999995128,2157.2153394649845
33506,35.52081340332063,840.1199999995127,2157.232997888932
33507,35.52081340332063,840.1399999995127,2157.2506557231104
33508,35.52081340332063,840.1599999995127,2157.268312967526
33509,35.52081340332063,840.1799999995127,2157.2859696221853
33510,35.52081340332063,840.1999999995127,2157.303625687094
33511,35.52081340332063,840.2199999995127,2157.321281162259
33512,35.52081340332063,840.2399999995126,2157.338936047686
33513,35.52081340332063,840.2599999995126,2157.356590343381
33514,35.52081340332063,840.2799999995126,2157.3742440493506
33515,35.52081340332063,840.2999999995126,2157.3918971656008
33516,35.52081340332063,840.3199999995126,2157.4095496921377
33517,35.52081340332063,840.3399999995125,2157.427201628968
33518,35.52081340332063,840.3599999995125,2157.4448529760975
33519,35.52081340332063,840.3799999995125,2157.4625037335327
33520,35.52081340332063,840.3999999995125,2157.480153901279
33521,35.52081340332063,840.4199999995125,2157.497803479344
33522,35.52081340332063,840.4399999995125,2157.5154524677328
33523,35.52081340332063,840.4599999995124,2157.5331008664516
33524,35.52081340332063,840.4799999995124,2157.5507486755073
33525,35.52081340332063,840.4999999995124,2157.5683958949053
33526,35.52081340332063,840.5199999995124,2157.5860425246524
33527,35.52081340332063,840.5399999995124,2157.6036885647545
33528,35.52081340332063,840.5599999995123,2157.621334015218
33529,35.52081340332063,840.5799999995123,2157.638978876049
33530,35.52081340332063,840.5999999995123,2157.6566231472534
33531,35.52081340332063,840.6199999995123,2157.674266828838
33532,35.52081340332063,840.6399999995123,2157.6919099208085
33533,35.52081340332063,840.6599999995123,2157.7095524231713
33534,35.52081340332063,840.6799999995122,2157.727194335933
33535,35.52081340332063,840.6999999995122,2157.744835659099
33536,35.52081340332063,840.7199999995122,2157.762476392676
33537,35.52081340332063,840.7399999995122,2157.78011653667
33538,35.52081340332063,840.7599999995122,2157.797756091087
33539,35.52081340332063,840.7799999995121,2157.815395055934
33540,35.52081340332063,840.7999999995121,2157.8330334312163
33541,35.52081340332063,840.8199999995121,2157.8506712169406
33542,35.52081340332063,840.8399999995121,2157.868308413113
33543,35.52081340332063,840.8599999995121,2157.8859450197397
33544,35.52081340332063,840.879999999512,2157.903581036827
33545,35.52081340332063,840.899999999512,2157.92121646467
33546,35.52081340332063,840.919999999512,2157.9388513041513
33547,35.52081340332063,840.939999999512,2157.9564855553417
33548,35.52081340332063,840.959999999512,2157.974119218248
33549,35.52081340332063,840.979999999512,2157.9917522928754
33550,35.52081340332063,840.9999999995119,2158.0093847792314
33551,35.52081340332063,841.0199999995119,2158.027016677321
33552,35.52081340332063,841.0399999995119,2158.0446479871516
33553,35.52081340332063,841.0599999995119,2158.0622787087286
33554,35.52081340332063,841.0799999995119,2158.0799088420586
33555,35.52081340332063,841.0999999995119,2158.097538387148
33556,35.52081340332063,841.1199999995118,2158.115167344002
33557,35.52081340332063,841.1399999995118,2158.132795712628
33558,35.46828827349549,841.1599999995118,2158.150423493032
33559,35.46828827349549,841.1799999995118,2158.1680506852204
33560,35.46828827349549,841.1999999995118,2158.185677289199
33561,35.46828827349549,841.2199999995117,2158.203303304974
33562,35.46828827349549,841.2399999995117,2158.220928732552
33563,35.46828827349549,841.2599999995117,2158.2385535719386
33564,35.46828827349549,841.2799999995117,2158.2561778231407
33565,35.46828827349549,841.2999999995117,2158.2738014861643
33566,35.46828827349549,841.3199999995117,2158.2914245610154
33567,35.46828827349549,841.3399999995116,2158.309047047701
33568,35.46828827349549,841.3599999995116,2158.3266689462266
33569,35.46828827349549,841.3799999995116,2158.3442902565985
33570,35.46828827349549,841.3999999995116,2158.361910978823
33571,35.46828827349549,841.4199999995116,2158.379531112906
33572,35.46828827349549,841.4399999995115,2158.3971506588546
33573,35.46828827349549,841.4599999995115,2158.4147696166747
33574,35.46828827349549,841.4799999995115,2158.4323879863723
33575,35.46828827349549,841.4999999995115,2158.4500057679534
33576,35.46828827349549,841.5199999995115,2158.4676229614247
33577,35.46828827349549,841.5399999995115,2158.485239566792
33578,35.46828827349549,841.5599999995114,2158.502855584062
33579,35.46828827349549,841.5799999995114,2158.520471013241
33580,35.46828827349549,841.5999999995114,2158.538085854335
33581,35.46828827349549,841.6199999995114,2158.55570010735
33582,35.46828827349549,841.6399999995114,2158.5733137722923
33583,35.46828827349549,841.6599999995113,2158.590926849168
33584,35.46828827349549,841.6799999995113,2158.608539337984
33585,35.46828827349549,841.6999999995113,2158.626151238746
33586,35.46828827349549,841.7199999995113,2158.64376255146
33587,35.46828827349549,841.7399999995113,2158.6613732761325
33588,35.46828827349549,841.7599999995113,2158.67898341277
33589,35.46828827349549,841.7799999995112,2158.6965929613784
33590,35.46828827349549,841.7999999995112,2158.714201921964
33591,35.46828827349549,841.8199999995112,2158.7318102945333
33592,35.46828827349549,841.8399999995112,2158.749418079092
33593,35.46828827349549,841.8599999995112,2158.7670252756466
33594,35.46828827349549,841.8799999995111,2158.7846318842035
33595,35.46828827349549,841.8999999995111,2158.8022379047684
33596,35.46828827349549,841.9199999995111,2158.819843337676
33597,35.46828827349549,841.9399999995111,2158.8374481836718
33598,35.46828827349549,841.9599999995111,2158.8550524428074
33599,35.46828827349549,841.979999999511,2158.8726561150893
33600,35.46828827349549,841.999999999511,2158.890259200524
33601,35.46828827349549,842.019999999511,2158.9078616991173
33602,35.46828827349549,842.039999999511,2158.925463610876
33603,35.46828827349549,842.059999999511,2158.943064935806
33604,35.46828827349549,842.079999999511,2158.960665673914
33605,35.46828827349549,842.0999999995109,2158.978265825205
33606,35.46828827349549,842.1199999995109,2158.995865389687
33607,35.46828827349549,842.1399999995109,2159.013464367365
33608,35.46828827349549,842.1599999995109,2159.0310627582458
33609,35.46828827349549,842.1799999995109,2159.0486605623355
33610,35.46828827349549,842.1999999995109,2159.06625777964
33611,35.46828827349549,842.2199999995108,2159.083854410166
33612,35.46828827349549,842.2399999995108,2159.10145045392
33613,35.46828827349549,842.2599999995108,2159.1190459109075
33614,35.46828827349549,842.2799999995108,2159.136640781135
33615,35.46828827349549,842.2999999995108,2159.1542350646096
33616,35.46828827349549,842.3199999995107,2159.1718287613367
33617,35.46828827349549,842.3399999995107,2159.1894218713223
33618,35.46828827349549,842.3599999995107,2159.2070143945734
33619,35.46828827349549,842.3799999995107,2159.224606331096
33620,35.46828827349549,842.3999999995107,2159.242197680896
33621,35.46828827349549,842.4199999995107,2159.25978844398
33622,35.46828827349549,842.4399999995106,2159.2773786203543
33623,35.46828827349549,842.4599999995106,2159.2949682100248
33624,35.46828827349549,842.4799999995106,2159.312557212998
33625,35.46828827349549,842.4999999995106,2159.33014562928
33626,35.46828827349549,842.5199999995106,2159.3477334588774
33627,35.46828827349549,842.5399999995105,2159.365320701796
33628,35.46828827349549,842.5599999995105,2159.3829073580423
33629,35.46828827349549,842.5799999995105,2159.4004934276227
33630,35.46828827349549,842.5999999995105,2159.418078910543
33631,35.46828827349549,842.6199999995105,2159.4356638068098
33632,35.46828827349549,842.6399999995105,2159.453248116429
33633,35.46828827349549,842.6599999995104,2159.4708318394078
33634,35.46828827349549,842.6799999995104,2159.4884149757513
33635,35.46828827349549,842.6999999995104,2159.5059975254662
33636,35.46828827349549,842.7199999995104,2159.523579488559
33637,35.46828827349549,842.7399999995104,2159.541160865035
33638,35.46828827349549,842.7599999995103,2159.5587416549015
33639,35.46828827349549,842.7799999995103,2159.576321858164
33640,35.46828827349549,842.7999999995103,2159.5939014748296
33641,35.46828827349549,842.8199999995103,2159.6114805049037
33642,35.46828827349549,842.8399999995103,2159.6290589483933
33643,35.46828827349549,842.8599999995103,2159.646636805304
33644,35.46828827349549,842.8799999995102,2159.664214075642
33645,35.46828827349549,842.8999999995102,2159.681790759414
33646,35.46828827349549,842.9199999995102,2159.6993668566265
33647,35.46828827349549,842.9399999995102,2159.716942367697
33648,35.46828827349549,842.9599999995102,2159.734517293351
33649,35.46828827349549,842.9799999995101,2159.752091633629
33650,35.46828827349549,842.9999999995101,2159.7696653885373
33651,35.46828827349549,843.0199999995101,2159.787238558082
33652,35.46828827349549,843.0399999995101,2159.80481114227
33653,35.46828827349549,843.0599999995101,2159.8223831411065
33654,35.46828827349549,843.07999999951,2159.8399545545985
33655,35.46828827349549,843.09999999951,2159.857525382752
33656,35.46828827349549,843.11999999951,2159.8750956255735
33657,35.46828827349549,843.13999999951,2159.892665283069
33658,35.46828827349549,843.15999999951,2159.910234355245
33659,35.46828827349549,843.17999999951,2159.927802842107
33660,35.46828827349549,843.1999999995099,2159.9453707436624
33661,35.46828827349549,843.2199999995099,2159.9629380599167
33662,35.46828827349549,843.2399999995099,2159.9805047908767
33663,35.46828827349549,843.2599999995099,2159.998070936548
33664,35.46828827349549,843.2799999995099,2160.015636497687
33665,35.46828827349549,843.2999999995099,2160.033201475351
33666,35.46828827349549,843.3199999995098,2160.050765869579
33667,35.46828827349549,843.3399999995098,2160.0683296803786
33668,35.46828827349549,843.3599999995098,2160.085892907756
33669,35.46828827349549,843.3799999995098,2160.1034555517167
33670,35.46828827349549,843.3999999995098,2160.1210176122677
33671,35.46828827349549,843.4199999995097,2160.138579089415
33672,35.46828827349549,843.4399999995097,2160.1561399831653
33673,35.46828827349549,843.4599999995097,2160.1737002935247
33674,35.46828827349549,843.4799999995097,2160.1912600204996
33675,35.46828827349549,843.4999999995097,2160.2088191640964
33676,35.46828827349549,843.5199999995097,2160.2263777243215
33677,35.46828827349549,843.5399999995096,2160.243935701181
33678,35.46828827349549,843.5599999995096,2160.261493094681
33679,35.46828827349549,843.5799999995096,2160.2790499048283
33680,35.46828827349549,843.5999999995096,2160.2966061316292
33681,35.46828827349549,843.6199999995096,2160.31416177509
33682,35.46828827349549,843.6399999995095,2160.3317168352164
33683,35.46828827349549,843.6599999995095,2160.3492713120154
33684,35.46828827349549,843.6799999995095,2160.366825205493
33685,35.46828827349549,843.6999999995095,2160.384378515656
33686,35.46828827349549,843.7199999995095,2160.4019312425103
33687,35.46828827349549,843.7399999995095,2160.4194833860624
33688,35.46828827349549,843.7599999995094,2160.4370349463184
33689,35.46828827349549,843.7799999995094,2160.454585923285
33690,35.46828827349549,843.7999999995094,2160.472136316968
33691,35.46828827349549,843.8199999995094,2160.4896861273737
33692,35.46828827349549,843.8399999995094,2160.5072353545092
33693,35.46828827349549,843.8599999995093,2160.5247839983804
33694,35.46828827349549,843.8799999995093,2160.5423320589935
33695,35.46828827349549,843.8999999995093,2160.559879536355
33696,35.46828827349549,843.9199999995093,2160.577426430471
33697,35.46828827349549,843.9399999995093,2160.594972741348
33698,35.46828827349549,843.9599999995093,2160.6125184694733
33699,35.46828827349549,843.9799999995092,2160.6300636155174
33700,35.46828827349549,843.9999999995092,2160.6476081795076
33701,35.46828827349549,844.0199999995092,2160.66515216145
33702,35.46828827349549,844.0399999995092,2160.682695561351
33703,35.46828827349549,844.0599999995092,2160.700238379217
33704,35.46828827349549,844.0799999995091,2160.717780615054
33705,35.46828827349549,844.0999999995091,2160.735322268869
33706,35.46828827349549,844.1199999995091,2160.752863340668
33707,35.46828827349549,844.1399999995091,2160.770403830457
33708,35.46828827349549,844.1599999995091,2160.7879437382426
33709,35.46828827349549,844.179999999509,2160.805483064031
33710,35.46828827349549,844.199999999509,2160.8230218078284
33711,35.46828827349549,844.219999999509,2160.8405599696416
33712,35.46828827349549,844.239999999509,2160.858097549477
33713,35.46828827349549,844.259999999509,2160.8756345473403
33714,35.46828827349549,844.279999999509,2160.8931709632384
33715,35.46828827349549,844.2999999995089,2160.910706797177
33716,35.46828827349549,844.3199999995089,2160.928242049163
33717,35.46828827349549,844.3399999995089,2160.9457767192025
33718,35.46828827349549,844.3599999995089,2160.963310807302
33719,35.46828827349549,844.3799999995089,2160.980844313468
33720,35.46828827349549,844.3999999995089,2160.9983772377063
33721,35.46828827349549,844.4199999995088,2161.015909580023
33722,35.46828827349549,844.4399999995088,2161.0334413404253
33723,35.46828827349549,844.4599999995088,2161.050972518919
33724,35.46828827349549,844.4799999995088,2161.068503115511
33725,35.46828827349549,844.4999999995088,2161.0860331302065
33726,35.46828827349549,844.5199999995087,2161.103562563013
33727,35.46828827349549,844.5399999995087,2161.121091413936
33728,35.46828827349549,844.5599999995087,2161.138619682982
33729,35.46828827349549,844.5799999995087,2161.1561473701577
33730,35.46828827349549,844.5999999995087,2161.1736744754694
33731,35.46828827349549,844.6199999995087,2161.1912009989233
33732,35.46828827349549,844.6399999995086,2161.208726940525
33733,35.46828827349549,844.6599999995086,2161.226252300282
33734,35.46828827349549,844.6799999995086,2161.2437770782
33735,35.46828827349549,844.6999999995086,2161.2613012742854
33736,35.46828827349549,844.7199999995086,2161.2788248885445
33737,35.46828827349549,844.7399999995085,2161.296347920984
33738,35.46828827349549,844.7599999995085,2161.3138703716095
33739,35.46828827349549,844.7799999995085,2161.3313922404277
33740,35.46828827349549,844.7999999995085,2161.348913527445
33741,35.46828827349549,844.8199999995085,2161.366434232668
33742,35.46828827349549,844.8399999995084,2161.3839543561025
33743,35.46828827349549,844.8599999995084,2161.401473897755
33744,35.46828827349549,844.8799999995084,2161.4189928576316
33745,35.46828827349549,844.8999999995084,2161.436511235739
33746,35.46828827349549,844.9199999995084,2161.4540290320833
33747,35.46828827349549,844.9399999995084,2161.471546246671
33748,35.46828827349549,844.9599999995083,2161.4890628795083
33749,35.46828827349549,844.9799999995083,2161.5065789311766
33750,35.46828827349549,844.9999999995083,2161.52409440232
33751,35.46828827349549,845.0199999995083,2161.5416092929513
33752,35.46828827349549,845.0399999995083,2161.559123603077
33753,35.46828827349549,845.0599999995082,2161.5766373327033
33754,35.46828827349549,845.0799999995082,2161.594150481837
33755,35.46828827349549,845.0999999995082,2161.6116630504844
33756,35.46828827349549,845.1199999995082,2161.6291750386513
33757,35.46828827349549,845.1399999995082,2161.6466864463446
33758,35.46828827349549,845.1599999995082,2161.66419727357
33759,35.46828827349549,845.1799999995081,2161.681707520335
33760,35.46828827349549,845.1999999995081,2161.6992171866445
33761,35.46828827349549,845.2199999995081,2161.7167262725056
33762,35.46828827349549,845.2399999995081,2161.734234777925
33763,35.46828827349549,845.2599999995081,2161.7517427029084
33764,35.46828827349549,845.279999999508,2161.7692500474623
33765,35.46828827349549,845.299999999508,2161.786756811593
33766,35.46828827349549,845.319999999508,2161.804262995307
33767,35.46828827349549,845.339999999508,2161.82176859861
33768,35.46828827349549,845.359999999508,2161.839273621509
33769,35.46828827349549,845.379999999508,2161.8567780640105
33770,35.46828827349549,845.3999999995079,2161.87428192612
33771,35.46828827349549,845.4199999995079,2161.891785207845
33772,35.46828827349549,845.4399999995079,2161.9092879091904
33773,35.46828827349549,845.4599999995079,2161.9267900301634
33774,35.46828827349549,845.4799999995079,2161.94429157077
33775,35.46828827349549,845.4999999995078,2161.961792531017
33776,35.46828827349549,845.5199999995078,2161.9792929109108
33777,35.46828827349549,845.5399999995078,2161.9967927104567
33778,35.46828827349549,845.5599999995078,2162.014291929662
33779,35.46828827349549,845.5799999995078,2162.0317905685324
33780,35.46828827349549,845.5999999995078,2162.049288627075
33781,35.46828827349549,845.6199999995077,2162.0667861052953
33782,35.46828827349549,845.6399999995077,2162.0842830032
33783,35.41589246560056,845.6599999995077,2162.1017793207957
33784,35.41589246560056,845.6799999995077,2162.1192750580885
33785,35.41589246560056,845.6999999995077,2162.1367702150847
33786,35.41589246560056,845.7199999995076,2162.1542647917904
33787,35.41589246560056,845.7399999995076,2162.171758788212
33788,35.41589246560056,845.7599999995076,2162.1892522043563
33789,35.41589246560056,845.7799999995076,2162.206745040229
33790,35.41589246560056,845.7999999995076,2162.224237295837
33791,35.41589246560056,845.8199999995076,2162.241728971186
33792,35.41589246560056,845.8399999995075,2162.259220066283
33793,35.41589246560056,845.8599999995075,2162.2767105811336
33794,35.41589246560056,845.8799999995075,2162.2942005157447
33795,35.41589246560056,845.8999999995075,2162.3116898701223
33796,35.41589246560056,845.9199999995075,2162.329178644273
33797,35.41589246560056,845.9399999995074,2162.3466668382025
33798,35.41589246560056,845.9599999995074,2162.364154451918
33799,35.41589246560056,845.9799999995074,2162.381641485432
33800,35.41589246560056,845.9999999995074,2162.399127939328
33801,35.41589246560056,846.0199999995074,2162.416613814131
33802,35.41589246560056,846.0399999995074,2162.4340991098466
33803,35.41589246560056,846.0599999995073,2162.451583826481
33804,35.41589246560056,846.0799999995073,2162.4690679640407
33805,35.41589246560056,846.0999999995073,2162.4865515225324
33806,35.41589246560056,846.1199999995073,2162.504034501962
33807,35.41589246560056,846.1399999995073,2162.521516902336
33808,35.41589246560056,846.1599999995072,2162.538998723661
33809,35.41589246560056,846.1799999995072,2162.556479965943
33810,35.41589246560056,846.1999999995072,2162.573960629188
33811,35.41589246560056,846.2199999995072,2162.5914407134032
33812,35.41589246560056,846.2399999995072,2162.6089202185944
33813,35.41589246560056,846.2599999995072,2162.626399144768
33814,35.41589246560056,846.2799999995071,2162.6438774919307
33815,35.41589246560056,846.2999999995071,2162.6613552600884
33816,35.41589246560056,846.3199999995071,2162.6788324492477
33817,35.41589246560056,846.3399999995071,2162.6963090594145
33818,35.41589246560056,846.3599999995071,2162.7137850905956
33819,35.41589246560056,846.379999999507,2162.7312605427974
33820,35.41589246560056,846.399999999507,2162.7487354160257
33821,35.41589246560056,846.419999999507,2162.7662097102875
33822,35.41589246560056,846.439999999507,2162.7836834255886
33823,35.41589246560056,846.459999999507,2162.8011565619354
33824,35.41589246560056,846.479999999507,2162.8186291193347
33825,35.41589246560056,846.4999999995069,2162.8361010977924
33826,35.41589246560056,846.5199999995069,2162.853572497315
33827,35.41589246560056,846.5399999995069,2162.8710433179085
33828,35.41589246560056,846.5599999995069,2162.88851355958
33829,35.41589246560056,846.5799999995069,2162.9059832223356
33830,35.41589246560056,846.5999999995068,2162.9234523061814
33831,35.41589246560056,846.6199999995068,2162.9409208111233
33832,35.41589246560056,846.6399999995068,2162.958388737168
33833,35.41589246560056,846.6599999995068,2162.9758560843225
33834,35.41589246560056,846.6799999995068,2162.9933228525924
33835,35.41589246560056,846.6999999995068,2163.010789041984
33836,35.41589246560056,846.7199999995067,2163.028254652504
33837,35.41589246560056,846.7399999995067,2163.0457196841585
33838,35.41589246560056,846.7599999995067,2163.063184136954
33839,35.41589246560056,846.7799999995067,2163.0806480108968
33840,35.41589246560056,846.7999999995067,2163.098111305993
33841,35.41589246560056,846.8199999995066,2163.1155740222493
33842,35.41589246560056,846.8399999995066,2163.133036159672
33843,35.41589246560056,846.8599999995066,2163.150497718267
33844,35.41589246560056,846.8799999995066,2163.1679586980413
33845,35.41589246560056,846.8999999995066,2163.1854190990007
33846,35.41589246560056,846.9199999995066,2163.2028789211518
33847,35.41589246560056,846.9399999995065,2163.2203381645004
33848,35.41589246560056,846.9599999995065,2163.2377968290534
33849,35.41589246560056,846.9799999995065,2163.255254914817
33850,35.41589246560056,846.9999999995065,2163.272712421818
33851,35.41589246560056,847.0199999995065,2163.2901693507206
33852,35.41589246560056,847.0399999995064,2163.307625702004
33853,35.41589246560056,847.0599999995064,2163.325081475674
33854,35.41589246560056,847.0799999995064,2163.342536671737
33855,35.41589246560056,847.0999999995064,2163.3599912901996
33856,35.41589246560056,847.1199999995064,2163.377445331068
33857,35.41589246560056,847.1399999995064,2163.3948987943486
33858,35.41589246560056,847.1599999995063,2163.412351680048
33859,35.41589246560056,847.1799999995063,2163.429803988172
33860,35.41589246560056,847.1999999995063,2163.4472557187273
33861,35.41589246560056,847.2199999995063,2163.4647068717204
33862,35.41589246560056,847.2399999995063,2163.4821574471575
33863,35.41589246560056,847.2599999995062,2163.4996074450446
33864,35.41589246560056,847.2799999995062,2163.5170568653884
33865,35.41589246560056,847.2999999995062,2163.5345057081954
33866,35.41589246560056,847.3199999995062,2163.5519539734714
33867,35.41589246560056,847.3399999995062,2163.5694016612233
33868,35.41589246560056,847.3599999995062,2163.586848771457
33869,35.41589246560056,847.3799999995061,2163.6042953041792
33870,35.41589246560056,847.3999999995061,2163.621741259396
33871,35.41589246560056,847.4199999995061,2163.6391866371137
33872,35.41589246560056,847.4399999995061,2163.6566314373385
33873,35.41589246560056,847.4599999995061,2163.6740756600775
33874,35.41589246560056,847.479999999506,2163.6915193053364
33875,35.41589246560056,847.499999999506,2163.7089623731217
33876,35.41589246560056,847.519999999506,2163.7264048634397
33877,35.41589246560056,847.539999999506,2163.743846776297
33878,35.41589246560056,847.559999999506,2163.7612881116993
33879,35.41589246560056,847.579999999506,2163.778728869653
33880,35.41589246560056,847.5999999995059,2163.796169050165
33881,35.41589246560056,847.6199999995059,2163.8136086532418
33882,35.41589246560056,847.6399999995059,2163.831047678889
33883,35.41589246560056,847.6599999995059,2163.848486127113
33884,35.41589246560056,847.6799999995059,2163.8659239979206
33885,35.41589246560056,847.6999999995058,2163.883361291318
33886,35.41589246560056,847.7199999995058,2163.9007980073116
33887,35.41589246560056,847.7399999995058,2163.9182341459073
33888,35.41589246560056,847.7599999995058,2163.935669707112
33889,35.41589246560056,847.7799999995058,2163.953104690932
33890,35.41589246560056,847.7999999995058,2163.970539097373
33891,35.41589246560056,847.8199999995057,2163.987972926442
33892,35.41589246560056,847.8399999995057,2164.005406178145
33893,35.41589246560056,847.8599999995057,2164.0228388524883
33894,35.41589246560056,847.8799999995057,2164.0402709494783
33895,35.41589246560056,847.8999999995057,2164.0577024691215
33896,35.41589246560056,847.9199999995056,2164.0751334114243
33897,35.41589246560056,847.9399999995056,2164.0925637763926
33898,35.41589246560056,847.9599999995056,2164.109993564033
33899,35.41589246560056,847.9799999995056,2164.127422774352
33900,35.41589246560056,847.9999999995056,2164.1448514073554
33901,35.41589246560056,848.0199999995056,2164.1622794630844
33902,35.41589246560056,848.0399999995055,2164.179706942257
33903,35.41589246560056,848.0599999995055,2164.1971338452845
33904,35.41589246560056,848.0799999995055,2164.2145601721736
33905,35.41589246560056,848.0999999995055,2164.2319859229306
33906,35.41589246560056,848.1199999995055,2164.2494110975617
33907,35.41589246560056,848.1399999995054,2164.2668356960735
33908,35.41589246560056,848.1599999995054,2164.284259718472
33909,35.41589246560056,848.1799999995054,2164.301683164764
33910,35.41589246560056,848.1999999995054,2164.319106034956
33911,35.41589246560056,848.2199999995054,2164.336528329053
33912,35.41589246560056,848.2399999995054,2164.353950047063
33913,35.41589246560056,848.2599999995053,2164.371371188991
33914,35.41589246560056,848.2799999995053,2164.388791754844
33915,35.41589246560056,848.2999999995053,2164.4062117446283
33916,35.41589246560056,848.3199999995053,2164.4236311583504
33917,35.41589246560056,848.3399999995053,2164.4410499960163
33918,35.41589246560056,848.3599999995052,2164.4584682576324
33919,35.41589246560056,848.3799999995052,2164.4758859432054
33920,35.41589246560056,848.3999999995052,2164.4933030527413
33921,35.41589246560056,848.4199999995052,2164.5107195862465
33922,35.41589246560056,848.4399999995052,2164.5281355437273
33923,35.41589246560056,848.4599999995052,2164.54555092519
33924,35.41589246560056,848.4799999995051,2164.5629657306413
33925,35.41589246560056,848.4999999995051,2164.580379960087
33926,35.41589246560056,848.5199999995051,2164.597793613534
33927,35.41589246560056,848.5399999995051,2164.615206690988
33928,35.41589246560056,848.5599999995051,2164.632619192456
33929,35.41589246560056,848.579999999505,2164.650031117944
33930,35.41589246560056,848.599999999505,2164.667442467458
33931,35.41589246560056,848.619999999505,2164.684853241005
33932,35.41589246560056,848.639999999505,2164.7022634385908
33933,35.41589246560056,848.659999999505,2164.719673060222
33934,35.41589246560056,848.679999999505,2164.737082105905
33935,35.41589246560056,848.6999999995049,2164.754490575646
33936,35.41589246560056,848.7199999995049,2164.771898469451
33937,35.41589246560056,848.7399999995049,2164.789305787327
33938,35.41589246560056,848.7599999995049,2164.80671252928
33939,35.41589246560056,848.7799999995049,2164.8241186953164
33940,35.41589246560056,848.7999999995048,2164.8415242854426
33941,35.41589246560056,848.8199999995048,2164.858929299665
33942,35.41589246560056,848.8399999995048,2164.876333737989
33943,35.41589246560056,848.8599999995048,2164.8937376004224
33944,35.41589246560056,848.8799999995048,2164.9111408869708
33945,35.41589246560056,848.8999999995048,2164.9285435976403
33946,35.41589246560056,848.9199999995047,2164.945945732438
33947,35.41589246560056,848.9399999995047,2164.9633472913692
33948,35.41589246560056,848.9599999995047,2164.980748274441
33949,35.41589246560056,848.9799999995047,2164.998148681659
33950,35.41589246560056,848.9999999995047,2165.015548513031
33951,35.41589246560056,849.0199999995046,2165.032947768562
33952,35.41589246560056,849.0399999995046,2165.0503464483068
33953,35.41589246560056,849.0599999995046,2165.0677445530473
33954,35.41589246560056,849.0799999995046,2165.085142083131
33955,35.41589246560056,849.0999999995046,2165.1025390385635
33956,35.41589246560056,849.1199999995046,2165.1199354193513
33957,35.41589246560056,849.1399999995045,2165.137331225501
33958,35.41589246560056,849.1599999995045,2165.1547264570186
33959,35.41589246560056,849.1799999995045,2165.17212111391
33960,35.41589246560056,849.1999999995045,2165.189515196182
33961,35.41589246560056,849.2199999995045,2165.206908703841
33962,35.41589246560056,849.2399999995044,2165.2243016368925
33963,35.41589246560056,849.2599999995044,2165.241693995343
33964,35.41589246560056,849.2799999995044,2165.2590857791993
33965,35.41589246560056,849.2999999995044,2165.276476988467
33966,35.41589246560056,849.3199999995044,2165.293867623153
33967,35.41589246560056,849.3399999995044,2165.3112576832627
33968,35.41589246560056,849.3599999995043,2165.328647168803
33969,35.41589246560056,849.3799999995043,2165.34603607978
33970,35.41589246560056,849.3999999995043,2165.3634244162
33971,35.41589246560056,849.4199999995043,2165.380812178069
33972,35.41589246560056,849.4399999995043,2165.3981993653933
33973,35.41589246560056,849.4599999995042,2165.4155859781795
33974,35.41589246560056,849.4799999995042,2165.4329720164333
33975,35.41589246560056,849.4999999995042,2165.4503574801615
33976,35.41589246560056,849.5199999995042,2165.46774236937
33977,35.41589246560056,849.5399999995042,2165.4851266840656
33978,35.41589246560056,849.5599999995042,2165.5025104242536
33979,35.41589246560056,849.5799999995041,2165.5198935899407
33980,35.41589246560056,849.5999999995041,2165.537276181133
33981,35.41589246560056,849.6199999995041,2165.5546581978374
33982,35.41589246560056,849.6399999995041,2165.5720396400598
33983,35.41589246560056,849.6599999995041,2165.589420507806
33984,35.41589246560056,849.679999999504,2165.606800801083
33985,35.41589246560056,849.699999999504,2165.624180519896
33986,35.41589246560056,849.719999999504,2165.6415596642523
33987,35.41589246560056,849.739999999504,2165.6589382341576
33988,35.41589246560056,849.759999999504,2165.6763162296184
33989,35.41589246560056,849.779999999504,2165.6936936506404
33990,35.41589246560056,849.7999999995039,2165.7110704972306
33991,35.41589246560056,849.8199999995039,2165.728446769395
33992,35.41589246560056,849.8399999995039,2165.745822467139
33993,35.41589246560056,849.8599999995039,2165.76319759047
33994,35.41589246560056,849.8799999995039,2165.780572139394
33995,35.41589246560056,849.8999999995038,2165.7979461139166
33996,35.41589246560056,849.9199999995038,2165.815319514045
33997,35.41589246560056,849.9399999995038,2165.8326923397844
33998,35.41589246560056,849.9599999995038,2165.8500645911417
33999,35.41589246560056,849.9799999995038,2165.867436268123
34000,35.41589246560056,849.9999999995038,2165.884807370735
34001,35.41589246560056,850.0199999995037,2165.902177898983
34002,35.41589246560056,850.0399999995037,2165.919547852874
34003,35.36362553431015,850.0599999995037,2165.936917232477
34004,35.36362553431015,850.0799999995037,2165.954286038635
34005,35.36362553431015,850.0999999995037,2165.97165427163
34006,35.36362553431015,850.1199999995036,2165.989021931468
34007,35.36362553431015,850.1399999995036,2166.0063890181555
34008,35.36362553431015,850.1599999995036,2166.023755531699
34009,35.36362553431015,850.1799999995036,2166.041121472105
34010,35.36362553431015,850.1999999995036,2166.0584868393794
34011,35.36362553431015,850.2199999995036,2166.0758516335295
34012,35.36362553431015,850.2399999995035,2166.093215854561
34013,35.36362553431015,850.2599999995035,2166.110579502481
34014,35.36362553431015,850.2799999995035,2166.1279425772955
34015,35.36362553431015,850.2999999995035,2166.145305079011
34016,35.36362553431015,850.3199999995035,2166.162667007634
34017,35.36362553431015,850.3399999995034,2166.1800283631705
34018,35.36362553431015,850.3599999995034,2166.1973891456278
34019,35.36362553431015,850.3799999995034,2166.2147493550115
34020,35.36362553431015,850.3999999995034,2166.2321089913285
34021,35.36362553431015,850.4199999995034,2166.249468054585
34022,35.36362553431015,850.4399999995034,2166.266826544788
34023,35.36362553431015,850.4599999995033,2166.284184461943
34024,35.36362553431015,850.4799999995033,2166.301541806057
34025,35.36362553431015,850.4999999995033,2166.318898577136
34026,35.36362553431015,850.5199999995033,2166.336254775187
34027,35.36362553431015,850.5399999995033,2166.3536104002164
34028,35.36362553431015,850.5599999995032,2166.3709654522304
34029,35.36362553431015,850.5799999995032,2166.3883199312354
34030,35.36362553431015,850.5999999995032,2166.405673837238
34031,35.36362553431015,850.6199999995032,2166.423027170244
34032,35.36362553431015,850.6399999995032,2166.440379930261
34033,35.36362553431015,850.6599999995032,2166.457732117294
34034,35.36362553431015,850.6799999995031,2166.475083731351
34035,35.36362553431015,850.6999999995031,2166.4924347724373
34036,35.36362553431015,850.7199999995031,2166.5097852405597
34037,35.36362553431015,850.7399999995031,2166.5271351357246
34038,35.36362553431015,850.7599999995031,2166.5444844579383
34039,35.36362553431015,850.779999999503,2166.561833207207
34040,35.36362553431015,850.799999999503,2166.579181383538
34041,35.36362553431015,850.819999999503,2166.596528986937
34042,35.36362553431015,850.839999999503,2166.6138760174103
34043,35.36362553431015,850.859999999503,2166.631222474965
34044,35.36362553431015,850.879999999503,2166.648568359607
34045,35.36362553431015,850.8999999995029,2166.665913671343
34046,35.36362553431015,850.9199999995029,2166.683258410179
34047,35.36362553431015,850.9399999995029,2166.7006025761216
34048,35.36362553431015,850.9599999995029,2166.7179461691776
34049,35.36362553431015,850.9799999995029,2166.735289189353
34050,35.36362553431015,850.9999999995028,2166.7526316366543
34051,35.36362553431015,851.0199999995028,2166.769973511088
34052,35.36362553431015,851.0399999995028,2166.787314812661
34053,35.36362553431015,851.0599999995028,2166.804655541379
34054,35.36362553431015,851.0799999995028,2166.82199569732
34055,35.36362553431015,851.0999999995028,2166.8393352813205
34056,35.36362553431015,851.1199999995027,2166.8566742935786
34057,35.36362553431015,851.1399999995027,2166.8740127341007
34058,35.36362553431015,851.1599999995027,2166.891350602893
34059,35.36362553431015,851.1799999995027,2166.908687899962
34060,35.36362553431015,851.1999999995027,2166.926024625314
34061,35.36362553431015,851.2199999995026,2166.943360778955
34062,35.36362553431015,851.2399999995026,2166.9606963608917
34063,35.36362553431015,851.2599999995026,2166.9780313711303
34064,35.36362553431015,851.2799999995026,2166.995365809677
34065,35.36362553431015,851.2999999995026,2167.0126996765384
34066,35.36362553431015,851.3199999995026,2167.0300329717206
34067,35.36362553431015,851.3399999995025,2167.0473656952304
34068,35.36362553431015,851.3599999995025,2167.0646978470736
34069,35.36362553431015,851.3799999995025,2167.0820294272567
34070,35.36362553431015,851.3999999995025,2167.099360435786
34071,35.36362553431015,851.4199999995025,2167.116690872668
34072,35.36362553431015,851.4399999995024,2167.1340207379094
34073,35.36362553431015,851.4599999995024,2167.151350031516
34074,35.36362553431015,851.4799999995024,2167.168678753494
34075,35.36362553431015,851.4999999995024,2167.18600690385
34076,35.36362553431015,851.5199999995024,2167.20333448259
34077,35.36362553431015,851.5399999995024,2167.220661489721
34078,35.36362553431015,851.5599999995023,2167.237987925249
34079,35.36362553431015,851.5799999995023,2167.25531378918
34080,35.36362553431015,851.5999999995023,2167.272639081521
34081,35.36362553431015,851.6199999995023,2167.2899638022777
34082,35.36362553431015,851.6399999995023,2167.307287951457
34083,35.36362553431015,851.6599999995022,2167.324611529065
34084,35.36362553431015,851.6799999995022,2167.341934535108
34085,35.36362553431015,851.6999999995022,2167.3592569695925
34086,35.36362553431015,851.7199999995022,2167.3765788325245
34087,35.36362553431015,851.7399999995022,2167.3939001239105
34088,35.36362553431015,851.7599999995022,2167.411220843757
34089,35.36362553431015,851.7799999995021,2167.42854099207
34090,35.36362553431015,851.7999999995021,2167.445860568856
34091,35.36362553431015,851.8199999995021,2167.4631795741216
34092,35.36362553431015,851.8399999995021,2167.4804980078725
34093,35.36362553431015,851.8599999995021,2167.4978158701156
34094,35.36362553431015,851.879999999502,2167.515133160857
34095,35.36362553431015,851.899999999502,2167.5324498801033
34096,35.36362553431015,851.919999999502,2167.54976602786
34097,35.36362553431015,851.939999999502,2167.5670816041347
34098,35.36362553431015,851.959999999502,2167.584396608933
34099,35.36362553431015,851.979999999502,2167.601711042261
34100,35.36362553431015,851.9999999995019,2167.619024904125
34101,35.36362553431015,852.0199999995019,2167.636338194532
34102,35.36362553431015,852.0399999995019,2167.653650913488
34103,35.36362553431015,852.0599999995019,2167.6709630609994
34104,35.36362553431015,852.0799999995019,2167.6882746370725
34105,35.36362553431015,852.0999999995018,2167.705585641801
34106,35.36362553431015,852.1199999995018,2167.722896076109
34107,35.36362553431015,852.1399999995018,2167.7402059401347
34108,35.36362553431015,852.1599999995018,2167.7575152338845
34109,35.36362553431015,852.1799999995018,2167.774823957365
34110,35.36362553431015,852.1999999995018,2167.7921321105814
34111,35.36362553431015,852.2199999995017,2167.809439693541
34112,35.36362553431015,852.2399999995017,2167.82674670625
34113,35.36362553431015,852.2599999995017,2167.844053148715
34114,35.36362553431015,852.2799999995017,2167.8613590209416
34115,35.36362553431015,852.2999999995017,2167.878664322937
34116,35.36362553431015,852.3199999995016,2167.8959690547067
34117,35.36362553431015,852.3399999995016,2167.9132732162575
34118,35.36362553431015,852.3599999995016,2167.9305768075956
34119,35.36362553431015,852.3799999995016,2167.9478798287273
34120,35.36362553431015,852.3999999995016,2167.965182279659
34121,35.36362553431015,852.4199999995016,2167.9824841603972
34122,35.36362553431015,852.4399999995015,2167.999785470948
34123,35.36362553431015,852.4599999995015,2168.017086211318
34124,35.36362553431015,852.4799999995015,2168.0343863815137
34125,35.36362553431015,852.4999999995015,2168.051685981541
34126,35.36362553431015,852.5199999995015,2168.0689850114063
34127,35.36362553431015,852.5399999995014,2168.086283471116
34128,35.36362553431015,852.5599999995014,2168.1035813606763
34129,35.36362553431015,852.5799999995014,2168.120878680094
34130,35.36362553431015,852.5999999995014,2168.1381754293748
34131,35.36362553431015,852.6199999995014,2168.155471608525
34132,35.36362553431015,852.6399999995014,2168.1727672175516
34133,35.36362553431015,852.6599999995013,2168.1900622564604
34134,35.36362553431015,852.6799999995013,2168.207356725258
34135,35.36362553431015,852.6999999995013,2168.2246506239503
34136,35.36362553431015,852.7199999995013,2168.2419439525443
34137,35.36362553431015,852.7399999995013,2168.259236711046
34138,35.36362553431015,852.7599999995012,2168.276528899462
34139,35.36362553431015,852.7799999995012,2168.293820517798
34140,35.36362553431015,852.7999999995012,2168.311111566061
34141,35.36362553431015,852.8199999995012,2168.3284020442566
34142,35.36362553431015,852.8399999995012,2168.345691952392
34143,35.36362553431015,852.8599999995012,2168.362981290473
34144,35.36362553431015,852.8799999995011,2168.3802700585056
34145,35.36362553431015,852.8999999995011,2168.3975582564967
34146,35.36362553431015,852.9199999995011,2168.4148458844525
34147,35.36362553431015,852.9399999995011,2168.432132942379
34148,35.36362553431015,852.9599999995011,2168.4494194302833
34149,35.36362553431015,852.979999999501,2168.466705348171
34150,35.36362553431015,852.999999999501,2168.483990696049
34151,35.36362553431015,853.019999999501,2168.501275473923
34152,35.36362553431015,853.039999999501,2168.5185596818
34153,35.36362553431015,853.059999999501,2168.5358433196857
34154,35.36362553431015,853.079999999501,2168.5531263875864
34155,35.36362553431015,853.0999999995009,2168.570408885509
34156,35.36362553431015,853.1199999995009,2168.5876908135847
34157,35.36362553431015,853.1399999995009,2168.604972172743
34158,35.36362553431015,853.1599999995009,2168.6222529630795
34159,35.36362553431015,853.1799999995009,2168.6395331846006
34160,35.36362553431015,853.1999999995008,2168.6568128373124
34161,35.36362553431015,853.2199999995008,2168.674091921221
34162,35.36362553431015,853.2399999995008,2168.6913704363337
34163,35.36362553431015,853.2599999995008,2168.708648382656
34164,35.36362553431015,853.2799999995008,2168.7259257601945
34165,35.36362553431015,853.2999999995008,2168.7432025689554
34166,35.36362553431015,853.3199999995007,2168.760478808945
34167,35.36362553431015,853.3399999995007,2168.77775448017
34168,35.36362553431015,853.3599999995007,2168.7950295826363
34169,35.36362553431015,853.3799999995007,2168.8123041163503
34170,35.36362553431015,853.3999999995007,2168.8295780813187
34171,35.36362553431015,853.4199999995006,2168.8468514775473
34172,35.36362553431015,853.4399999995006,2168.8641243050424
34173,35.36362553431015,853.4599999995006,2168.881396563811
34174,35.36362553431015,853.4799999995006,2168.898668253859
34175,35.36362553431015,853.4999999995006,2168.9159393751925
34176,35.36362553431015,853.5199999995006,2168.933209927818
34177,35.36362553431015,853.5399999995005,2168.950479911742
34178,35.36362553431015,853.5599999995005,2168.967749326971
34179,35.36362553431015,853.5799999995005,2168.985018173511
34180,35.36362553431015,853.5999999995005,2169.0022864513685
34181,35.36362553431015,853.6199999995005,2169.01955416055
34182,35.36362553431015,853.6399999995004,2169.036821301061
34183,35.36362553431015,853.6599999995004,2169.054087872909
34184,35.36362553431015,853.6799999995004,2169.0713538760992
34185,35.36362553431015,853.6999999995004,2169.088619310639
34186,35.36362553431015,853.7199999995004,2169.105884176534
34187,35.36362553431015,853.7399999995004,2169.1231484737905
34188,35.36362553431015,853.7599999995003,2169.140412202415
34189,35.36362553431015,853.7799999995003,2169.157675362414
34190,35.36362553431015,853.7999999995003,2169.1749379537937
34191,35.36362553431015,853.8199999995003,2169.1921999765605
34192,35.36362553431015,853.8399999995003,2169.2094614307207
34193,35.36362553431015,853.8599999995002,2169.2267223162803
34194,35.36362553431015,853.8799999995002,2169.243982633246
34195,35.36362553431015,853.8999999995002,2169.261242381624
34196,35.36362553431015,853.9199999995002,2169.278501561421
34197,35.36362553431015,853.9399999995002,2169.2957601726425
34198,35.36362553431015,853.9599999995002,2169.3130182152954
34199,35.36362553431015,853.9799999995001,2169.330275689386
34200,35.36362553431015,853.9999999995001,2169.3475325949203
34201,35.36362553431015,854.0199999995001,2169.364788931905
34202,35.36362553431015,854.0399999995001,2169.3820447003463
34203,35.36362553431015,854.0599999995001,2169.3992999002508
34204,35.36362553431015,854.0799999995,2169.416554531624
34205,35.36362553431015,854.0999999995,2169.4338085944732
34206,35.36362553431015,854.1199999995,2169.451062088804
34207,35.36362553431015,854.1399999995,2169.4683150148235
34208,35.36362553431015,854.1599999995,2169.4855673734455
34209,35.36362553431015,854.1799999995,2169.5028191647552
34210,35.36362553431015,854.1999999994999,2169.520070388759
34211,35.36362553431015,854.2199999994999,2169.537321045463
34212,35.36362553431015,854.2399999994999,2169.5545711348736
34213,35.36362553431015,854.2599999994999,2169.5718206569973
34214,35.36362553431015,854.2799999994999,2169.5890696118404
34215,35.36362553431015,854.2999999994998,2169.606317999409
34216,35.36362553431015,854.3199999994998,2169.6235658197093
34217,35.36362553431015,854.3399999994998,2169.640813072748
34218,35.36362553431015,854.3599999994998,2169.6580597585316
34219,35.36362553431015,854.3799999994998,2169.675305877066
34220,35.36362553431015,854.3999999994998,2169.6925514283575
34221,35.36362553431015,854.4199999994997,2169.7097964124127
34222,35.36362553431015,854.4399999994997,2169.727040829238
34223,35.36362553431015,854.4599999994997,2169.744284678839
34224,35.36362553431015,854.4799999994997,2169.761527961223
34225,35.3114870362683,854.4999999994997,2169.7787706763957
34226,35.3114870362683,854.5199999994996,2169.7960128243635
34227,35.3114870362683,854.5399999994996,2169.8132544051327
34228,35.3114870362683,854.5599999994996,2169.83049541871
34229,35.3114870362683,854.5799999994996,2169.8477358651016
34230,35.3114870362683,854.5999999994996,2169.8649757443136
34231,35.3114870362683,854.6199999994996,2169.8822150563524
34232,35.3114870362683,854.6399999994995,2169.8994538012244
34233,35.3114870362683,854.6599999994995,2169.916691978936
34234,35.3114870362683,854.6799999994995,2169.933929589493
34235,35.3114870362683,854.6999999994995,2169.951166632902
34236,35.3114870362683,854.7199999994995,2169.9684031091697
34237,35.3114870362683,854.7399999994994,2169.985639018302
34238,35.3114870362683,854.7599999994994,2170.002874360356
34239,35.3114870362683,854.7799999994994,2170.0201091364484
34240,35.3114870362683,854.7999999994994,2170.037343347241
34241,35.3114870362683,854.8199999994994,2170.0545769927403
34242,35.3114870362683,854.8399999994994,2170.0718100729528
34243,35.3114870362683,854.8599999994993,2170.0890425878847
34244,35.3114870362683,854.8799999994993,2170.106274537543
34245,35.3114870362683,854.8999999994993,2170.1235059219334
34246,35.3114870362683,854.9199999994993,2170.1407367410625
34247,35.3114870362683,854.9399999994993,2170.157966994937
34248,35.3114870362683,854.9599999994992,2170.1751966835627
34249,35.3114870362683,854.9799999994992,2170.1924258069466
34250,35.3114870362683,854.9999999994992,2170.209654365095
34251,35.3114870362683,855.0199999994992,2170.2268823580143
34252,35.3114870362683,855.0399999994992,2170.244109785711
34253,35.3114870362683,855.0599999994992,2170.261336648191
34254,35.3114870362683,855.0799999994991,2170.278562945461
34255,35.3114870362683,855.0999999994991,2170.2957886775275
34256,35.3114870362683,855.1199999994991,2170.3130138443967
34257,35.3114870362683,855.1399999994991,2170.330238446075
34258,35.3114870362683,855.1599999994991,2170.3474624828127
34259,35.3114870362683,855.179999999499,2170.364685955386
34260,35.3114870362683,855.199999999499,2170.3819088638597
34261,35.3114870362683,855.219999999499,2170.39913120824
34262,35.3114870362683,855.239999999499,2170.416352988533
34263,35.3114870362683,855.259999999499,2170.4335742047456
34264,35.3114870362683,855.279999999499,2170.450794856884
34265,35.3114870362683,855.2999999994989,2170.4680149449546
34266,35.3114870362683,855.3199999994989,2170.4852344689643
34267,35.3114870362683,855.3399999994989,2170.502453428919
34268,35.3114870362683,855.3599999994989,2170.5196718248253
34269,35.3114870362683,855.3799999994989,2170.5368896566897
34270,35.3114870362683,855.3999999994988,2170.5541069245187
34271,35.3114870362683,855.4199999994988,2170.571323628318
34272,35.3114870362683,855.4399999994988,2170.588539768095
34273,35.3114870362683,855.4599999994988,2170.6057553438554
34274,35.3114870362683,855.4799999994988,2170.6229703556064
34275,35.3114870362683,855.4999999994988,2170.640184803354
34276,35.3114870362683,855.5199999994987,2170.657398687104
34277,35.3114870362683,855.5399999994987,2170.6746120068638
34278,35.3114870362683,855.5599999994987,2170.6918247626395
34279,35.3114870362683,855.5799999994987,2170.7090369544376
34280,35.3114870362683,855.5999999994987,2170.726248582264
34281,35.3114870362683,855.6199999994986,2170.7434596461258
34282,35.3114870362683,855.6399999994986,2170.760670146029
34283,35.3114870362683,855.6599999994986,2170.77788008198
34284,35.3114870362683,855.6799999994986,2170.7950894539854
34285,35.3114870362683,855.6999999994986,2170.8122982620516
34286,35.3114870362683,855.7199999994986,2170.829506506185
34287,35.3114870362683,855.7399999994985,2170.846714186392
34288,35.3114870362683,855.7599999994985,2170.863921302679
34289,35.3114870362683,855.7799999994985,2170.8811278550525
34290,35.3114870362683,855.7999999994985,2170.898333843519
34291,35.3114870362683,855.8199999994985,2170.915539268085
34292,35.3114870362683,855.8399999994984,2170.9327441287564
34293,35.3114870362683,855.8599999994984,2170.9499484255402
34294,35.3114870362683,855.8799999994984,2170.9671521584423
34295,35.3114870362683,855.8999999994984,2170.9843553274695
34296,35.3114870362683,855.9199999994984,2171.001557932628
34297,35.3114870362683,855.9399999994984,2171.0187599739247
34298,35.3114870362683,855.9599999994983,2171.0359614513654
34299,35.3114870362683,855.9799999994983,2171.0531623649567
34300,35.3114870362683,855.9999999994983,2171.070362714705
34301,35.3114870362683,856.0199999994983,2171.087562500617
34302,35.3114870362683,856.0399999994983,2171.1047617226986
34303,35.3114870362683,856.0599999994982,2171.121960380957
34304,35.3114870362683,856.0799999994982,2171.1391584753974
34305,35.3114870362683,856.0999999994982,2171.156356006027
34306,35.3114870362683,856.1199999994982,2171.1735529728526
34307,35.3114870362683,856.1399999994982,2171.19074937588
34308,35.3114870362683,856.1599999994982,2171.2079452151156
34309,35.3114870362683,856.1799999994981,2171.2251404908884
34310,35.3114870362683,856.1999999994981,2171.2423352039577
34311,35.3114870362683,856.2199999994981,2171.259529354378
34312,35.3114870362683,856.2399999994981,2171.276722942156
34313,35.3114870362683,856.2599999994981,2171.293915967298
34314,35.3114870362683,856.279999999498,2171.31110842981
34315,35.3114870362683,856.299999999498,2171.328300329699
34316,35.3114870362683,856.319999999498,2171.3454916669707
34317,35.3114870362683,856.339999999498,2171.3626824416324
34318,35.3114870362683,856.359999999498,2171.3798726536897
34319,35.3114870362683,856.379999999498,2171.3970623031496
34320,35.3114870362683,856.3999999994979,2171.4142513900183
34321,35.3114870362683,856.4199999994979,2171.4314399143027
34322,35.3114870362683,856.4399999994979,2171.4486278760087
34323,35.3114870362683,856.4599999994979,2171.4658152751426
34324,35.3114870362683,856.4799999994979,2171.4830021117114
34325,35.3114870362683,856.4999999994978,2171.5001883857212
34326,35.3114870362683,856.5199999994978,2171.517374097178
34327,35.3114870362683,856.5399999994978,2171.534559246089
34328,35.3114870362683,856.5599999994978,2171.55174383246
34329,35.3114870362683,856.5799999994978,2171.568927856298
34330,35.3114870362683,856.5999999994978,2171.5861113176093
34331,35.3114870362683,856.6199999994977,2171.6032942164
34332,35.3114870362683,856.6399999994977,2171.620476552677
34333,35.3114870362683,856.6599999994977,2171.637658326446
34334,35.3114870362683,856.6799999994977,2171.654839537714
34335,35.3114870362683,856.6999999994977,2171.6720201864873
34336,35.3114870362683,856.7199999994976,2171.6892002727723
34337,35.3114870362683,856.7399999994976,2171.706379796575
34338,35.3114870362683,856.7599999994976,2171.723558757903
34339,35.3114870362683,856.7799999994976,2171.7407371567615
34340,35.3114870362683,856.7999999994976,2171.7579149931576
34341,35.3114870362683,856.8199999994976,2171.775092267097
34342,35.3114870362683,856.8399999994975,2171.792268978587
34343,35.3114870362683,856.8599999994975,2171.8094451276334
34344,35.3114870362683,856.8799999994975,2171.826620714243
34345,35.3114870362683,856.8999999994975,2171.843795738422
34346,35.3114870362683,856.9199999994975,2171.8609702001772
34347,35.3114870362683,856.9399999994974,2171.8781440995144
34348,35.3114870362683,856.9599999994974,2171.8953174364406
34349,35.3114870362683,856.9799999994974,2171.912490210962
34350,35.3114870362683,856.9999999994974,2171.929662423085
34351,35.3114870362683,857.0199999994974,2171.946834072816
34352,35.3114870362683,857.0399999994974,2171.9640051601614
34353,35.3114870362683,857.0599999994973,2171.9811756851277
34354,35.3114870362683,857.0799999994973,2171.998345647721
34355,35.3114870362683,857.0999999994973,2172.015515047948
34356,35.3114870362683,857.1199999994973,2172.0326838858155
34357,35.3114870362683,857.1399999994973,2172.0498521613295
34358,35.3114870362683,857.1599999994972,2172.067019874496
34359,35.3114870362683,857.1799999994972,2172.084187025322
34360,35.3114870362683,857.1999999994972,2172.1013536142027
34361,35.3114870362683,857.2199999994972,2172.118519641845
34362,35.3114870362683,857.2399999994972,2172.13568510829
34363,35.3114870362683,857.2599999994972,2172.1528500135446
34364,35.3114870362683,857.2799999994971,2172.170014357615
34365,35.3114870362683,857.2999999994971,2172.1871781405075
34366,35.3114870362683,857.3199999994971,2172.2043413622287
34367,35.3114870362683,857.3399999994971,2172.2215040227848
34368,35.3114870362683,857.3599999994971,2172.2386661221826
34369,35.3114870362683,857.379999999497,2172.255827660428
34370,35.3114870362683,857.399999999497,2172.272988637528
34371,35.3114870362683,857.419999999497,2172.2901490534887
34372,35.3114870362683,857.439999999497,2172.3073089083164
34373,35.3114870362683,857.459999999497,2172.3244682020177
34374,35.3114870362683,857.479999999497,2172.3416269345994
34375,35.3114870362683,857.4999999994969,2172.3587851060674
34376,35.3114870362683,857.5199999994969,2172.375942716428
34377,35.3114870362683,857.5399999994969,2172.3930997656885
34378,35.3114870362683,857.5599999994969,2172.4102562538546
34379,35.3114870362683,857.5799999994969,2172.427412180933
34380,35.3114870362683,857.5999999994968,2172.44456754693
34381,35.3114870362683,857.6199999994968,2172.461722351852
34382,35.3114870362683,857.6399999994968,2172.4788765957055
34383,35.3114870362683,857.6599999994968,2172.496030278497
34384,35.3114870362683,857.6799999994968,2172.5131834002327
34385,35.3114870362683,857.6999999994968,2172.5303359609193
34386,35.3114870362683,857.7199999994967,2172.547487960563
34387,35.3114870362683,857.7399999994967,2172.56463939917
34388,35.3114870362683,857.7599999994967,2172.581790276747
34389,35.3114870362683,857.7799999994967,2172.598940593301
34390,35.3114870362683,857.7999999994967,2172.6160903488376
34391,35.3114870362683,857.8199999994966,2172.6332395433633
34392,35.3114870362683,857.8399999994966,2172.650388176885
34393,35.3114870362683,857.8599999994966,2172.667536249409
34394,35.3114870362683,857.8799999994966,2172.684683760941
34395,35.3114870362683,857.8999999994966,2172.701830711488
34396,35.3114870362683,857.9199999994966,2172.7189771010567
34397,35.3114870362683,857.9399999994965,2172.7361229296534
34398,35.3114870362683,857.9599999994965,2172.7532681972843
34399,35.3114870362683,857.9799999994965,2172.7704129039557
34400,35.3114870362683,857.9999999994965,2172.7875570496744
34401,35.3114870362683,858.0199999994965,2172.8047006344464
34402,35.3114870362683,858.0399999994964,2172.8218436582783
34403,35.3114870362683,858.0599999994964,2172.8389861211767
34404,35.3114870362683,858.0799999994964,2172.856128023148
34405,35.3114870362683,858.0999999994964,2172.873269364198
34406,35.3114870362683,858.1199999994964,2172.890410144334
34407,35.3114870362683,858.1399999994964,2172.907550363562
34408,35.3114870362683,858.1599999994963,2172.9246900218886
34409,35.3114870362683,858.1799999994963,2172.94182911932
34410,35.3114870362683,858.1999999994963,2172.958967655863
34411,35.3114870362683,858.2199999994963,2172.9761056319994
34412,35.3114870362683,858.2399999994963,2172.9932430484137
34413,35.3114870362683,858.2599999994962,2173.0103799051344
34414,35.3114870362683,858.2799999994962,2173.027516202168
34415,35.3114870362683,858.2999999994962,2173.044651939521
34416,35.3114870362683,858.3199999994962,2173.0617871172
34417,35.3114870362683,858.3399999994962,2173.078921735211
34418,35.3114870362683,858.3599999994962,2173.096055793561
34419,35.3114870362683,858.3799999994961,2173.113189292256
34420,35.3114870362683,858.3999999994961,2173.1303222313027
34421,35.3114870362683,858.4199999994961,2173.1474546107074
34422,35.3114870362683,858.4399999994961,2173.1645864304764
34423,35.3114870362683,858.4599999994961,2173.1817176906166
34424,35.3114870362683,858.479999999496,2173.198848391134
34425,35.3114870362683,858.499999999496,2173.215978532035
34426,35.3114870362683,858.519999999496,2173.233108113326
34427,35.3114870362683,858.539999999496,2173.2502371350142
34428,35.3114870362683,858.559999999496,2173.2673655971053
34429,35.3114870362683,858.579999999496,2173.2844934996056
34430,35.3114870362683,858.5999999994959,2173.301620842522
34431,35.3114870362683,858.6199999994959,2173.318747625861
34432,35.3114870362683,858.6399999994959,2173.335873849628
34433,35.3114870362683,858.6599999994959,2173.3529995138306
34434,35.3114870362683,858.6799999994959,2173.3701246184746
34435,35.3114870362683,858.6999999994958,2173.387249163567
34436,35.3114870362683,858.7199999994958,2173.404373149114
34437,35.3114870362683,858.7399999994958,2173.4214965751216
34438,35.3114870362683,858.7599999994958,2173.4386194415965
34439,35.3114870362683,858.7799999994958,2173.4557417485453
34440,35.3114870362683,858.7999999994958,2173.4728634959743
34441,35.3114870362683,858.8199999994957,2173.48998468389
34442,35.3114870362683,858.8399999994957,2173.5071053122983
34443,35.3114870362683,858.8599999994957,2173.5242253812066
34444,35.3114870362683,858.8799999994957,2173.5413448906206
34445,35.3114870362683,858.8999999994957,2173.558463840547
34446,35.3114870362683,858.9199999994956,2173.575582230992
34447,35.3114870362683,858.9399999994956,2173.592700061962
34448,35.3114870362683,858.9599999994956,2173.609817333464
34449,35.3114870362683,858.9799999994956,2173.6269340455037
34450,35.3114870362683,858.9999999994956,2173.644050198088
34451,35.3114870362683,859.0199999994956,2173.661165791223
34452,35.25947653007809,859.0399999994955,2173.6782808249154
34453,35.25947653007809,859.0599999994955,2173.6953952991717
34454,35.25947653007809,859.0799999994955,2173.712509213998
34455,35.25947653007809,859.0999999994955,2173.729622569401
34456,35.25947653007809,859.1199999994955,2173.7467353653865
34457,35.25947653007809,859.1399999994954,2173.7638476019615
34458,35.25947653007809,859.1599999994954,2173.7809592791327
34459,35.25947653007809,859.1799999994954,2173.798070396906
34460,35.25947653007809,859.1999999994954,2173.815180955288
34461,35.25947653007809,859.2199999994954,2173.832290954285
34462,35.25947653007809,859.2399999994954,2173.8494003943965
34463,35.25947653007809,859.2599999994953,2173.866509276192
34464,35.25947653007809,859.2799999994953,2173.8836175996857
34465,35.25947653007809,859.2999999994953,2173.900725364884
34466,35.25947653007809,859.3199999994953,2173.9178325717926
34467,35.25947653007809,859.3399999994953,2173.9349392204185
34468,35.25947653007809,859.3599999994952,2173.9520453107684
34469,35.25947653007809,859.3799999994952,2173.969150842848
34470,35.25947653007809,859.3999999994952,2173.9862558166647
34471,35.25947653007809,859.4199999994952,2174.003360232224
34472,35.25947653007809,859.4399999994952,2174.020464089533
34473,35.25947653007809,859.4599999994952,2174.037567388598
34474,35.25947653007809,859.4799999994951,2174.0546701294247
34475,35.25947653007809,859.4999999994951,2174.07177231202
34476,35.25947653007809,859.5199999994951,2174.088873936391
34477,35.25947653007809,859.5399999994951,2174.1059750025433
34478,35.25947653007809,859.5599999994951,2174.1230755104834
34479,35.25947653007809,859.579999999495,2174.140175460218
34480,35.25947653007809,859.599999999495,2174.1572748517533
34481,35.25947653007809,859.619999999495,2174.1743736850963
34482,35.25947653007809,859.639999999495,2174.191471960253
34483,35.25947653007809,859.659999999495,2174.208569677229
34484,35.25947653007809,859.679999999495,2174.2256668360324
34485,35.25947653007809,859.6999999994949,2174.2427634366686
34486,35.25947653007809,859.7199999994949,2174.2598594791443
34487,35.25947653007809,859.7399999994949,2174.276954963466
34488,35.25947653007809,859.7599999994949,2174.2940498896396
34489,35.25947653007809,859.7799999994949,2174.311144257672
34490,35.25947653007809,859.7999999994948,2174.328238067569
34491,35.25947653007809,859.8199999994948,2174.345331319338
34492,35.25947653007809,859.8399999994948,2174.3624240129852
34493,35.25947653007809,859.8599999994948,2174.3795161485164
34494,35.25947653007809,859.8799999994948,2174.3966077259383
34495,35.25947653007809,859.8999999994948,2174.4136987452575
34496,35.25947653007809,859.9199999994947,2174.4307892064808
34497,35.25947653007809,859.9399999994947,2174.447879109614
34498,35.25947653007809,859.9599999994947,2174.4649684546634
34499,35.25947653007809,859.9799999994947,2174.482057241636
34500,35.25947653007809,859.9999999994947,2174.4991454705378
34501,35.25947653007809,860.0199999994946,2174.5162331413753
34502,35.25947653007809,860.0399999994946,2174.533320254155
34503,35.25947653007809,860.0599999994946,2174.5504068088835
34504,35.25947653007809,860.0799999994946,2174.567492805567
34505,35.25947653007809,860.0999999994946,2174.584578244212
34506,35.25947653007809,860.1199999994946,2174.601663124825
34507,35.25947653007809,860.1399999994945,2174.618747447412
34508,35.25947653007809,860.1599999994945,2174.6358312119796
34509,35.25947653007809,860.1799999994945,2174.6529144185347
34510,35.25947653007809,860.1999999994945,2174.6699970670834
34511,35.25947653007809,860.2199999994945,2174.687079157632
34512,35.25947653007809,860.2399999994944,2174.704160690192
34513,35.25947653007809,860.2599999994944,2174.721241665345
34514,35.25947653007809,860.2799999994944,2174.738322083628
34515,35.25947653007809,860.2999999994944,2174.755401945047
34516,35.25947653007809,860.3199999994944,2174.772481249609
34517,35.25947653007809,860.3399999994944,2174.78955999732
34518,35.25947653007809,860.3599999994943,2174.8066381881863
34519,35.25947653007809,860.3799999994943,2174.8237158222146
34520,35.25947653007809,860.3999999994943,2174.8407928994116
34521,35.25947653007809,860.4199999994943,2174.857869419783
34522,35.25947653007809,860.4399999994943,2174.874945383336
34523,35.25947653007809,860.4599999994942,2174.8920207900765
34524,35.25947653007809,860.4799999994942,2174.909095640011
34525,35.25947653007809,860.4999999994942,2174.926169933146
34526,35.25947653007809,860.5199999994942,2174.943243669488
34527,35.25947653007809,860.5399999994942,2174.9603168490435
34528,35.25947653007809,860.5599999994942,2174.9773894718187
34529,35.25947653007809,860.5799999994941,2174.99446153782
34530,35.25947653007809,860.5999999994941,2175.011533047054
34531,35.25947653007809,860.6199999994941,2175.028603999527
34532,35.25947653007809,860.6399999994941,2175.045674395246
34533,35.25947653007809,860.6599999994941,2175.0627442342166
34534,35.25947653007809,860.679999999494,2175.0798135164455
34535,35.25947653007809,860.699999999494,2175.096882241939
34536,35.25947653007809,860.719999999494,2175.1139504107036
34537,35.25947653007809,860.739999999494,2175.131018022746
34538,35.25947653007809,860.759999999494,2175.148085078072
34539,35.25947653007809,860.779999999494,2175.165151576689
34540,35.25947653007809,860.7999999994939,2175.1822175186026
34541,35.25947653007809,860.8199999994939,2175.1992829038195
34542,35.25947653007809,860.8399999994939,2175.216347732346
34543,35.25947653007809,860.8599999994939,2175.2334120041887
34544,35.25947653007809,860.8799999994939,2175.2504757193537
34545,35.25947653007809,860.8999999994938,2175.267538877848
34546,35.25947653007809,860.9199999994938,2175.2846014796773
34547,35.25947653007809,860.9399999994938,2175.3016635248487
34548,35.25947653007809,860.9599999994938,2175.3187250133683
34549,35.25947653007809,860.9799999994938,2175.3357859452426
34550,35.25947653007809,860.9999999994938,2175.352846320478
34551,35.25947653007809,861.0199999994937,2175.3699061390807
34552,35.25947653007809,861.0399999994937,2175.3869654010573
34553,35.25947653007809,861.0599999994937,2175.404024106414
34554,35.25947653007809,861.0799999994937,2175.4210822551577
34555,35.25947653007809,861.0999999994937,2175.438139847294
34556,35.25947653007809,861.1199999994936,2175.4551968828305
34557,35.25947653007809,861.1399999994936,2175.472253361773
34558,35.25947653007809,861.1599999994936,2175.489309284127
34559,35.25947653007809,861.1799999994936,2175.5063646499
34560,35.25947653007809,861.1999999994936,2175.523419459099
34561,35.25947653007809,861.2199999994936,2175.540473711729
34562,35.25947653007809,861.2399999994935,2175.5575274077974
34563,35.25947653007809,861.2599999994935,2175.574580547328
34564,35.25947653007809,861.2799999994935,2175.591633130956
34565,35.25947653007809,861.2999999994935,2175.6086851591526
34566,35.25947653007809,861.3199999994935,2175.625736631924
34567,35.25947653007809,861.3399999994934,2175.6427875492773
34568,35.25947653007809,861.3599999994934,2175.6598379112183
34569,35.25947653007809,861.3799999994934,2175.6768877177537
34570,35.25947653007809,861.3999999994934,2175.69393696889
34571,35.25947653007809,861.4199999994934,2175.7109856646334
34572,35.25947653007809,861.4399999994934,2175.7280338049904
34573,35.25947653007809,861.4599999994933,2175.7450813899673
34574,35.25947653007809,861.4799999994933,2175.7621284195707
34575,35.25947653007809,861.4999999994933,2175.779174893807
34576,35.25947653007809,861.5199999994933,2175.796220812683
34577,35.25947653007809,861.5399999994933,2175.8132661762043
34578,35.25947653007809,861.5599999994932,2175.830310984378
34579,35.25947653007809,861.5799999994932,2175.8473552372097
34580,35.25947653007809,861.5999999994932,2175.8643989347065
34581,35.25947653007809,861.6199999994932,2175.881442076875
34582,35.25947653007809,861.6399999994932,2175.898484663721
34583,35.25947653007809,861.6599999994932,2175.915526695251
34584,35.25947653007809,861.6799999994931,2175.932568171472
34585,35.25947653007809,861.6999999994931,2175.94960909239
34586,35.25947653007809,861.7199999994931,2175.966649458011
34587,35.25947653007809,861.7399999994931,2175.983689268342
34588,35.25947653007809,861.7599999994931,2176.0007285233896
34589,35.25947653007809,861.779999999493,2176.01776722316
34590,35.25947653007809,861.799999999493,2176.034805367659
34591,35.25947653007809,861.819999999493,2176.051842956894
34592,35.25947653007809,861.839999999493,2176.0688799908708
34593,35.25947653007809,861.859999999493,2176.0859164695958
34594,35.25947653007809,861.879999999493,2176.1029523930756
34595,35.25947653007809,861.8999999994929,2176.1199877613167
34596,35.25947653007809,861.9199999994929,2176.1370225743253
34597,35.25947653007809,861.9399999994929,2176.154056832108
34598,35.25947653007809,861.9599999994929,2176.171090534671
34599,35.25947653007809,861.9799999994929,2176.188123682021
34600,35.25947653007809,861.9999999994928,2176.205156274164
34601,35.25947653007809,862.0199999994928,2176.222188311107
34602,35.25947653007809,862.0399999994928,2176.2392197928557
34603,35.25947653007809,862.0599999994928,2176.256250719417
34604,35.25947653007809,862.0799999994928,2176.2732810907974
34605,35.25947653007809,862.0999999994928,2176.290310907003
34606,35.25947653007809,862.1199999994927,2176.3073401680404
34607,35.25947653007809,862.1399999994927,2176.324368873916
34608,35.25947653007809,862.1599999994927,2176.3413970246356
34609,35.25947653007809,862.1799999994927,2176.3584246202067
34610,35.25947653007809,862.1999999994927,2176.375451660635
34611,35.25947653007809,862.2199999994926,2176.3924781459273
34612,35.25947653007809,862.2399999994926,2176.4095040760894
34613,35.25947653007809,862.2599999994926,2176.4265294511283
34614,35.25947653007809,862.2799999994926,2176.443554271081
34615,35.25947653007809,862.2999999994926,2176.460578536636
34616,35.25947653007809,862.3199999994926,2176.4776022481988
34617,35.25947653007809,862.3399999994925,2176.494625405776
34618,35.25947653007809,862.3599999994925,2176.5116480093734
34619,35.25947653007809,862.3799999994925,2176.528670058998
34620,35.25947653007809,862.3999999994925,2176.5456915546565
34621,35.25947653007809,862.4199999994925,2176.562712496355
34622,35.25947653007809,862.4399999994924,2176.5797328840995
34623,35.25947653007809,862.4599999994924,2176.596752717897
34624,35.25947653007809,862.4799999994924,2176.6137719977537
34625,35.25947653007809,862.4999999994924,2176.630790723676
34626,35.25947653007809,862.5199999994924,2176.6478088956706
34627,35.25947653007809,862.5399999994924,2176.6648265137433
34628,35.25947653007809,862.5599999994923,2176.681843577901
34629,35.25947653007809,862.5799999994923,2176.69886008815
34630,35.25947653007809,862.5999999994923,2176.7158760444963
34631,35.25947653007809,862.6199999994923,2176.7328914469467
34632,35.25947653007809,862.6399999994923,2176.749906295508
34633,35.25947653007809,862.6599999994922,2176.766920590186
34634,35.25947653007809,862.6799999994922,2176.7839343309874
34635,35.25947653007809,862.6999999994922,2176.8009475179183
34636,35.25947653007809,862.7199999994922,2176.8179601509855
34637,35.25947653007809,862.7399999994922,2176.834972230195
34638,35.25947653007809,862.7599999994922,2176.8519837555536
34639,35.25947653007809,862.7799999994921,2176.8689947270677
34640,35.25947653007809,862.7999999994921,2176.8860051447436
34641,35.25947653007809,862.8199999994921,2176.9030150085873
34642,35.25947653007809,862.8399999994921,2176.9200243186056
34643,35.25947653007809,862.8599999994921,2176.937033074805
34644,35.25947653007809,862.879999999492,2176.954041277192
34645,35.25947653007809,862.899999999492,2176.9710489257727
34646,35.25947653007809,862.919999999492,2176.9880560205534
34647,35.25947653007809,862.939999999492,2177.005062561541
34648,35.25947653007809,862.959999999492,2177.022068548741
34649,35.25947653007809,862.979999999492,2177.039073982161
34650,35.25947653007809,862.9999999994919,2177.056078861807
34651,35.25947653007809,863.0199999994919,2177.0730831876845
34652,35.25947653007809,863.0399999994919,2177.090086959801
34653,35.25947653007809,863.0599999994919,2177.1070901781623
34654,35.25947653007809,863.0799999994919,2177.124092842775
34655,35.25947653007809,863.0999999994918,2177.1410949536457
34656,35.25947653007809,863.1199999994918,2177.158096510781
34657,35.25947653007809,863.1399999994918,2177.1750975141867
34658,35.25947653007809,863.1599999994918,2177.1920979638694
34659,35.25947653007809,863.1799999994918,2177.2090978598358
34660,35.25947653007809,863.1999999994918,2177.2260972020918
34661,35.25947653007809,863.2199999994917,2177.243095990644
34662,35.25947653007809,863.2399999994917,2177.260094225499
34663,35.25947653007809,863.2599999994917,2177.277091906663
34664,35.25947653007809,863.2799999994917,2177.2940890341424
34665,35.25947653007809,863.2999999994917,2177.31108560799
34666,35.25947653007809,863.3199999994916,2177.328081628977
34667,35.25947653007809,863.3399999994916,2177.345077097458
34668,35.25947653007809,863.3599999994916,2177.36207201344
34669,35.25947653007809,863.3799999994916,2177.3790663769287
34670,35.25947653007809,863.3999999994916,2177.3960601879307
34671,35.25947653007809,863.4199999994916,2177.413053446453
34672,35.25947653007809,863.4399999994915,2177.4300461525013
34673,35.25947653007809,863.4599999994915,2177.447038306082
34674,35.2075935762911,863.4799999994915,2177.464029907202
34675,35.2075935762911,863.4999999994915,2177.4810209558673
34676,35.2075935762911,863.5199999994915,2177.4980114520845
34677,35.2075935762911,863.5399999994914,2177.5150013958596
34678,35.2075935762911,863.5599999994914,2177.5319907871994
34679,35.2075935762911,863.5799999994914,2177.5489796261104
34680,35.2075935762911,863.5999999994914,2177.565967912599
34681,35.2075935762911,863.6199999994914,2177.5829556466706
34682,35.2075935762911,863.6399999994914,2177.5999428283326
34683,35.2075935762911,863.6599999994913,2177.616929457591
34684,35.2075935762911,863.6799999994913,2177.633915534453
34685,35.2075935762911,863.6999999994913,2177.6509010589243
34686,35.2075935762911,863.7199999994913,2177.667886031011
34687,35.2075935762911,863.7399999994913,2177.68487045072
34688,35.2075935762911,863.7599999994912,2177.701854318058
34689,35.2075935762911,863.7799999994912,2177.7188376330305
34690,35.2075935762911,863.7999999994912,2177.7358203956446
34691,35.2075935762911,863.8199999994912,2177.7528026059063
34692,35.2075935762911,863.8399999994912,2177.769784263822
34693,35.2075935762911,863.8599999994912,2177.786765369399
34694,35.2075935762911,863.8799999994911,2177.8037459226425
34695,35.2075935762911,863.8999999994911,2177.820725923559
34696,35.2075935762911,863.9199999994911,2177.8377053721556
34697,35.2075935762911,863.9399999994911,2177.854684268438
34698,35.2075935762911,863.9599999994911,2177.8716626124133
34699,35.2075935762911,863.979999999491,2177.8886404040873
34700,35.2075935762911,863.999999999491,2177.905617643467
34701,35.2075935762911,864.019999999491,2177.9225943305582
34702,35.2075935762911,864.039999999491,2177.9395704653675
34703,35.2075935762911,864.059999999491,2177.956546047901
34704,35.2075935762911,864.079999999491,2177.973521078166
34705,35.2075935762911,864.0999999994909,2177.990495556168
34706,35.2075935762911,864.1199999994909,2178.0074694819136
34707,35.2075935762911,864.1399999994909,2178.0244428554092
34708,35.2075935762911,864.1599999994909,2178.0414156766615
34709,35.2075935762911,864.1799999994909,2178.0583879456763
34710,35.2075935762911,864.1999999994908,2178.0753596624604
34711,35.2075935762911,864.2199999994908,2178.0923308270203
34712,35.2075935762911,864.2399999994908,2178.1093014393623
34713,35.2075935762911,864.2599999994908,2178.1262714994923
34714,35.2075935762911,864.2799999994908,2178.143241007417
34715,35.2075935762911,864.2999999994908,2178.160209963143
34716,35.2075935762911,864.3199999994907,2178.1771783667314
34717,35.2075935762911,864.3399999994907,2178.1941462189284
34718,35.2075935762911,864.3599999994907,2178.2111135199943
34719,35.2075935762911,864.3799999994907,2178.228080269935
34720,35.2075935762911,864.3999999994907,2178.2450464687577
34721,35.2075935762911,864.4199999994906,2178.2620121164678
34722,35.2075935762911,864.4399999994906,2178.2789772130723
34723,35.2075935762911,864.4599999994906,2178.2959417585776
34724,35.2075935762911,864.4799999994906,2178.3129057529895
34725,35.2075935762911,864.4999999994906,2178.329869196315
34726,35.2075935762911,864.5199999994906,2178.3468320885604
34727,35.2075935762911,864.5399999994905,2178.363794429732
34728,35.2075935762911,864.5599999994905,2178.3807562198363
34729,35.2075935762911,864.5799999994905,2178.3977174588795
34730,35.2075935762911,864.5999999994905,2178.414678146868
34731,35.2075935762911,864.6199999994905,2178.4316382838088
34732,35.2075935762911,864.6399999994904,2178.4485978697076
34733,35.2075935762911,864.6599999994904,2178.465556904571
34734,35.2075935762911,864.6799999994904,2178.4825153884053
34735,35.2075935762911,864.6999999994904,2178.499473321217
34736,35.2075935762911,864.7199999994904,2178.5164307030127
34737,35.2075935762911,864.7399999994904,2178.5333875337983
34738,35.2075935762911,864.7599999994903,2178.5503438135806
34739,35.2075935762911,864.7799999994903,2178.567299542366
34740,35.2075935762911,864.7999999994903,2178.5842547201605
34741,35.2075935762911,864.8199999994903,2178.601209346971
34742,35.2075935762911,864.8399999994903,2178.6181634228033
34743,35.2075935762911,864.8599999994902,2178.6351169476643
34744,35.2075935762911,864.8799999994902,2178.6520699215603
34745,35.2075935762911,864.8999999994902,2178.6690223444975
34746,35.2075935762911,864.9199999994902,2178.6859742164825
34747,35.2075935762911,864.9399999994902,2178.7029255375214
34748,35.2075935762911,864.9599999994902,2178.719876307621
34749,35.2075935762911,864.9799999994901,2178.736826526787
34750,35.2075935762911,864.9999999994901,2178.7537761950266
34751,35.2075935762911,865.0199999994901,2178.770725312346
34752,35.2075935762911,865.0399999994901,2178.787673878751
34753,35.2075935762911,865.0599999994901,2178.8046218942486
34754,35.2075935762911,865.07999999949,2178.821569358845
34755,35.2075935762911,865.09999999949,2178.8385162725467
34756,35.2075935762911,865.11999999949,2178.85546263536
34757,35.2075935762911,865.13999999949,2178.872408447291
34758,35.2075935762911,865.15999999949,2178.8893537083463
34759,35.2075935762911,865.17999999949,2178.9062984185325
34760,35.2075935762911,865.1999999994899,2178.923242577856
34761,35.2075935762911,865.2199999994899,2178.9401861863225
34762,35.2075935762911,865.2399999994899,2178.957129243939
34763,35.2075935762911,865.2599999994899,2178.974071750712
34764,35.2075935762911,865.2799999994899,2178.9910137066477
34765,35.2075935762911,865.2999999994898,2179.0079551117524
34766,35.2075935762911,865.3199999994898,2179.0248959660325
34767,35.2075935762911,865.3399999994898,2179.041836269564
34768,35.2075935762911,865.3599999994898,2179.058776023181
34769,35.2075935762911,865.3799999994898,2179.0757152270903
34770,35.2075935762911,865.3999999994898,2179.092653881298
34771,35.2075935762911,865.4199999994897,2179.1095919858103
34772,35.2075935762911,865.4399999994897,2179.126529540634
34773,35.2075935762911,865.4599999994897,2179.143466545775
34774,35.2075935762911,865.4799999994897,2179.1604030012404
34775,35.2075935762911,865.4999999994897,2179.1773389070363
34776,35.2075935762911,865.5199999994896,2179.194274263169
34777,35.2075935762911,865.5399999994896,2179.2112090696446
34778,35.2075935762911,865.5599999994896,2179.2281433264698
34779,35.2075935762911,865.5799999994896,2179.245077033651
34780,35.2075935762911,865.5999999994896,2179.2620101911943
34781,35.2075935762911,865.6199999994896,2179.278942799107
34782,35.2075935762911,865.6399999994895,2179.2958748573947
34783,35.2075935762911,865.6599999994895,2179.312806366064
34784,35.2075935762911,865.6799999994895,2179.3297373251207
34785,35.2075935762911,865.6999999994895,2179.346667734572
34786,35.2075935762911,865.7199999994895,2179.363597594424
34787,35.2075935762911,865.7399999994894,2179.380526904683
34788,35.2075935762911,865.7599999994894,2179.397455665355
34789,35.2075935762911,865.7799999994894,2179.4143838764476
34790,35.2075935762911,865.7999999994894,2179.431311537966
34791,35.2075935762911,865.8199999994894,2179.448238649917
34792,35.2075935762911,865.8399999994894,2179.465165212307
34793,35.2075935762911,865.8599999994893,2179.4820912251425
34794,35.2075935762911,865.8799999994893,2179.4990166884295
34795,35.2075935762911,865.8999999994893,2179.5159416021747
34796,35.2075935762911,865.9199999994893,2179.5328659663846
34797,35.2075935762911,865.9399999994893,2179.549789781065
34798,35.2075935762911,865.9599999994892,2179.566713046223
34799,35.2075935762911,865.9799999994892,2179.5836357618646
34800,35.2075935762911,865.9999999994892,2179.6005579279963
34801,35.2075935762911,866.0199999994892,2179.6174795446245
34802,35.2075935762911,866.0399999994892,2179.634400611755
34803,35.2075935762911,866.0599999994892,2179.651321129395
34804,35.2075935762911,866.0799999994891,2179.6682410975504
34805,35.2075935762911,866.0999999994891,2179.685160516228
34806,35.2075935762911,866.1199999994891,2179.7020793854335
34807,35.2075935762911,866.1399999994891,2179.718997705174
34808,35.2075935762911,866.1599999994891,2179.7359154754554
34809,35.2075935762911,866.179999999489,2179.7528326962843
34810,35.2075935762911,866.199999999489,2179.7697493676674
34811,35.2075935762911,866.219999999489,2179.7866654896106
34812,35.2075935762911,866.239999999489,2179.8035810621204
34813,35.2075935762911,866.259999999489,2179.820496085203
34814,35.2075935762911,866.279999999489,2179.837410558865
34815,35.2075935762911,866.2999999994889,2179.8543244831126
34816,35.2075935762911,866.3199999994889,2179.8712378579526
34817,35.2075935762911,866.3399999994889,2179.888150683391
34818,35.2075935762911,866.3599999994889,2179.9050629595167
34819,35.2075935762911,866.3799999994889,2179.921974687216
34820,35.2075935762911,866.3999999994888,2179.9388858666302
34821,35.2075935762911,866.4199999994888,2179.955796497766
34822,35.2075935762911,866.4399999994888,2179.97270658063
34823,35.2075935762911,866.4599999994888,2179.9896161152287
34824,35.2075935762911,866.4799999994888,2180.0065251016845
34825,35.2075935762911,866.4999999994888,2180.023433541372
34826,35.2075935762911,866.5199999994887,2180.0403414346206
34827,35.2075935762911,866.5399999994887,2180.057248781437
34828,35.2075935762911,866.5599999994887,2180.074155581827
34829,35.2075935762911,866.5799999994887,2180.091061835798
34830,35.2075935762911,866.5999999994887,2180.1079675433557
34831,35.2075935762911,866.6199999994886,2180.1248727045067
34832,35.2075935762911,866.6399999994886,2180.1417773192575
34833,35.2075935762911,866.6599999994886,2180.1586813876147
34834,35.2075935762911,866.6799999994886,2180.175584909585
34835,35.2075935762911,866.6999999994886,2180.192487885174
34836,35.2075935762911,866.7199999994886,2180.209390314389
34837,35.2075935762911,866.7399999994885,2180.2262921972365
34838,35.2075935762911,866.7599999994885,2180.2431935337227
34839,35.2075935762911,866.7799999994885,2180.260094323854
34840,35.2075935762911,866.7999999994885,2180.276994567637
34841,35.2075935762911,866.8199999994885,2180.293894265078
34842,35.2075935762911,866.8399999994884,2180.3107934161835
34843,35.2075935762911,866.8599999994884,2180.32769202096
34844,35.2075935762911,866.8799999994884,2180.344590079414
34845,35.2075935762911,866.8999999994884,2180.3614875915523
34846,35.2075935762911,866.9199999994884,2180.378384557381
34847,35.2075935762911,866.9399999994884,2180.3952809769066
34848,35.2075935762911,866.9599999994883,2180.4121768501354
34849,35.2075935762911,866.9799999994883,2180.4290721770744
34850,35.2075935762911,866.9999999994883,2180.4459669577295
34851,35.2075935762911,867.0199999994883,2180.4628611921075
34852,35.2075935762911,867.0399999994883,2180.479754880215
34853,35.2075935762911,867.0599999994882,2180.496648022058
34854,35.2075935762911,867.0799999994882,2180.513540617643
34855,35.2075935762911,867.0999999994882,2180.5304326669766
34856,35.2075935762911,867.1199999994882,2180.5473241700656
34857,35.2075935762911,867.1399999994882,2180.564215126916
34858,35.2075935762911,867.1599999994882,2180.5811055375348
34859,35.2075935762911,867.1799999994881,2180.597995401928
34860,35.2075935762911,867.1999999994881,2180.614884720102
34861,35.2075935762911,867.2199999994881,2180.6317734920635
34862,35.2075935762911,867.2399999994881,2180.648661717819
34863,35.2075935762911,867.2599999994881,2180.665549397375
34864,35.2075935762911,867.279999999488,2180.6824365307375
34865,35.2075935762911,867.299999999488,2180.6993231179135
34866,35.2075935762911,867.319999999488,2180.7162091589094
34867,35.2075935762911,867.339999999488,2180.7330946537313
34868,35.2075935762911,867.359999999488,2180.7499796023862
34869,35.2075935762911,867.379999999488,2180.766864004997
34870,35.2075935762911,867.3999999994879,2180.7837478625074
34871,35.2075935762911,867.4199999994879,2180.800631175015
34872,35.2075935762911,867.4399999994879,2180.8175139425266
34873,35.2075935762911,867.4599999994879,2180.8343961650485
34874,35.2075935762911,867.4799999994879,2180.851277842587
34875,35.2075935762911,867.4999999994878,2180.8681589751486
34876,35.2075935762911,867.5199999994878,2180.88503956274
34877,35.2075935762911,867.5399999994878,2180.9019196053673
34878,35.2075935762911,867.5599999994878,2180.918799103037
34879,35.2075935762911,867.5799999994878,2180.9356780557564
34880,35.2075935762911,867.5999999994877,2180.952556463531
34881,35.2075935762911,867.6199999994877,2180.9694343263677
34882,35.2075935762911,867.6399999994877,2180.986311644273
34883,35.2075935762911,867.6599999994877,2181.003188417253
34884,35.2075935762911,867.6799999994877,2181.0200646453145
34885,35.2075935762911,867.6999999994877,2181.036940328464
34886,35.2075935762911,867.7199999994876,2181.053815466708
34887,35.2075935762911,867.7399999994876,2181.0706900600526
34888,35.2075935762911,867.7599999994876,2181.0875641085045
34889,35.2075935762911,867.7799999994876,2181.1044376120703
34890,35.2075935762911,867.7999999994876,2181.121310570756
34891,35.2075935762911,867.8199999994875,2181.1381829845686
34892,35.2075935762911,867.8399999994875,2181.1550548535147
34893,35.2075935762911,867.8599999994875,2181.1719261776
34894,35.2075935762911,867.8799999994875,2181.188796956832
34895,35.2075935762911,867.8999999994875,2181.2056671912164
34896,35.2075935762911,867.9199999994875,2181.22253688076
34897,35.2075935762911,867.9399999994874,2181.2394060254687
34898,35.2075935762911,867.9599999994874,2181.2562746253498
34899,35.2075935762911,867.9799999994874,2181.273142680409
34900,35.2075935762911,867.9999999994874,2181.290010190653
34901,35.2075935762911,868.0199999994874,2181.3068771560884
34902,35.2075935762911,868.0399999994873,2181.323743576722
34903,35.15583773739691,868.0599999994873,2181.34060945256
34904,35.15583773739691,868.0799999994873,2181.3574747836083
34905,35.15583773739691,868.0999999994873,2181.374339569874
34906,35.15583773739691,868.1199999994873,2181.3912038113635
34907,35.15583773739691,868.1399999994873,2181.408067508083
34908,35.15583773739691,868.1599999994872,2181.4249306600395
34909,35.15583773739691,868.1799999994872,2181.441793267239
34910,35.15583773739691,868.1999999994872,2181.458655329688
34911,35.15583773739691,868.2199999994872,2181.475516847393
34912,35.15583773739691,868.2399999994872,2181.4923778203606
34913,35.15583773739691,868.2599999994871,2181.5092382485973
34914,35.15583773739691,868.2799999994871,2181.5260981321094
34915,35.15583773739691,868.2999999994871,2181.5429574709033
34916,35.15583773739691,868.3199999994871,2181.5598162649853
34917,35.15583773739691,868.3399999994871,2181.5766745143624
34918,35.15583773739691,868.3599999994871,2181.5935322190408
34919,35.15583773739691,868.379999999487,2181.610389379027
34920,35.15583773739691,868.399999999487,2181.627245994494
34921,35.15583773739691,868.419999999487,2181.644102066247
34922,35.15583773739691,868.439999999487,2181.6609575943626
34923,35.15583773739691,868.459999999487,2181.6778125788474
34924,35.15583773739691,868.479999999487,2181.694667019708
34925,35.15583773739691,868.4999999994869,2181.711520916951
34926,35.15583773739691,868.5199999994869,2181.7283742705827
34927,35.15583773739691,868.5399999994869,2181.7452270806093
34928,35.15583773739691,868.5599999994869,2181.7620793470373
34929,35.15583773739691,868.5799999994869,2181.7789310698736
34930,35.15583773739691,868.5999999994868,2181.7957822491244
34931,35.15583773739691,868.6199999994868,2181.812632884796
34932,35.15583773739691,868.6399999994868,2181.829482976895
34933,35.15583773739691,868.6599999994868,2181.8463325254284
34934,35.15583773739691,868.6799999994868,2181.863181530402
34935,35.15583773739691,868.6999999994867,2181.8800299918225
34936,35.15583773739691,868.7199999994867,2181.8968779096963
34937,35.15583773739691,868.7399999994867,2181.9137252840296
34938,35.15583773739691,868.7599999994867,2181.9305721148294
34939,35.15583773739691,868.7799999994867,2181.947418402102
34940,35.15583773739691,868.7999999994867,2181.9642641458536
34941,35.15583773739691,868.8199999994866,2181.981109346091
34942,35.15583773739691,868.8399999994866,2181.9979540028207
34943,35.15583773739691,868.8599999994866,2182.014798116049
34944,35.15583773739691,868.8799999994866,2182.0316416857822
34945,35.15583773739691,868.8999999994866,2182.048484712027
34946,35.15583773739691,868.9199999994865,2182.06532719479
34947,35.15583773739691,868.9399999994865,2182.0821691340775
34948,35.15583773739691,868.9599999994865,2182.099010529896
34949,35.15583773739691,868.9799999994865,2182.115851382252
34950,35.15583773739691,868.9999999994865,2182.1326916911516
34951,35.15583773739691,869.0199999994865,2182.149531456602
34952,35.15583773739691,869.0399999994864,2182.166370678609
34953,35.15583773739691,869.0599999994864,2182.1832093571793
34954,35.15583773739691,869.0799999994864,2182.2000474923193
34955,35.15583773739691,869.0999999994864,2182.2168850840358
34956,35.15583773739691,869.1199999994864,2182.2337221323346
34957,35.15583773739691,869.1399999994863,2182.2505586372226
34958,35.15583773739691,869.1599999994863,2182.2673945987062
34959,35.15583773739691,869.1799999994863,2182.284230016792
34960,35.15583773739691,869.1999999994863,2182.3010648914865
34961,35.15583773739691,869.2199999994863,2182.317899222796
34962,35.15583773739691,869.2399999994863,2182.3347330107267
34963,35.15583773739691,869.2599999994862,2182.3515662552854
34964,35.15583773739691,869.2799999994862,2182.368398956479
34965,35.15583773739691,869.2999999994862,2182.385231114313
34966,35.15583773739691,869.3199999994862,2182.402062728794
34967,35.15583773739691,869.3399999994862,2182.4188937999293
34968,35.15583773739691,869.3599999994861,2182.4357243277245
34969,35.15583773739691,869.3799999994861,2182.4525543121867
34970,35.15583773739691,869.3999999994861,2182.469383753322
34971,35.15583773739691,869.4199999994861,2182.4862126513754
34972,35.15583773739691,869.4399999994861,2182.503041007139
34973,35.15583773739691,869.4599999994861,2182.5198688206797
34974,35.15583773739691,869.479999999486,2182.536696092004
34975,35.15583773739691,869.499999999486,2182.553522821119
34976,35.15583773739691,869.519999999486,2182.57034900803
34977,35.15583773739691,869.539999999486,2182.587174652744
34978,35.15583773739691,869.559999999486,2182.603999755268
34979,35.15583773739691,869.579999999486,2182.620824315608
34980,35.15583773739691,869.5999999994859,2182.6376483337704
34981,35.15583773739691,869.6199999994859,2182.6544718097616
34982,35.15583773739691,869.6399999994859,2182.671294743588
34983,35.15583773739691,869.6599999994859,2182.6881171352566
34984,35.15583773739691,869.6799999994859,2182.7049389847734
34985,35.15583773739691,869.6999999994858,2182.721760292145
34986,35.15583773739691,869.7199999994858,2182.7385810573783
34987,35.15583773739691,869.7399999994858,2182.755401280479
34988,35.15583773739691,869.7599999994858,2182.772220961454
34989,35.15583773739691,869.7799999994858,2182.7890401003096
34990,35.15583773739691,869.7999999994857,2182.8058586970524
34991,35.15583773739691,869.8199999994857,2182.822676751689
34992,35.15583773739691,869.8399999994857,2182.8394942642253
34993,35.15583773739691,869.8599999994857,2182.8563112346683
34994,35.15583773739691,869.8799999994857,2182.873127663024
34995,35.15583773739691,869.8999999994857,2182.8899435493
34996,35.15583773739691,869.9199999994856,2182.9067588935013
34997,35.15583773739691,869.9399999994856,2182.9235736956352
34998,35.15583773739691,869.9599999994856,2182.940387955708
34999,35.15583773739691,869.9799999994856,2182.957201673726
35000,35.15583773739691,869.9999999994856,2182.974014849696
35001,35.15583773739691,870.0199999994855,2182.990827483624
35002,35.15583773739691,870.0399999994855,2183.007639575517
35003,35.15583773739691,870.0599999994855,2183.024451125381
35004,35.15583773739691,870.0799999994855,2183.0412621332225
35005,35.15583773739691,870.0999999994855,2183.058072599048
35006,35.15583773739691,870.1199999994855,2183.0748825228643
35007,35.15583773739691,870.1399999994854,2183.0916919046776
35008,35.15583773739691,870.1599999994854,2183.1085007444944
35009,35.15583773739691,870.1799999994854,2183.125309042321
35010,35.15583773739691,870.1999999994854,2183.1421167981644
35011,35.15583773739691,870.2199999994854,2183.15892401203
35012,35.15583773739691,870.2399999994853,2183.1757306839254
35013,35.15583773739691,870.2599999994853,2183.1925368138563
35014,35.15583773739691,870.2799999994853,2183.2093424018294
35015,35.15583773739691,870.2999999994853,2183.2261474478514
35016,35.15583773739691,870.3199999994853,2183.2429519519287
35017,35.15583773739691,870.3399999994853,2183.2597559140672
35018,35.15583773739691,870.3599999994852,2183.2765593342738
35019,35.15583773739691,870.3799999994852,2183.293362212555
35020,35.15583773739691,870.3999999994852,2183.3101645489173
35021,35.15583773739691,870.4199999994852,2183.326966343367
35022,35.15583773739691,870.4399999994852,2183.3437675962136
35023,35.15583773739691,870.4599999994851,2183.3605683081983
35024,35.15583773739691,870.4799999994851,2183.377368479376
35025,35.15583773739691,870.4999999994851,2183.3941681097526
35026,35.15583773739691,870.5199999994851,2183.410967199335
35027,35.15583773739691,870.5399999994851,2183.42776574813
35028,35.15583773739691,870.5599999994851,2183.444563756143
35029,35.15583773739691,870.579999999485,2183.461361223381
35030,35.15583773739691,870.599999999485,2183.478158149851
35031,35.15583773739691,870.619999999485,2183.4949545355585
35032,35.15583773739691,870.639999999485,2183.5117503805104
35033,35.15583773739691,870.659999999485,2183.528545684713
35034,35.15583773739691,870.679999999485,2183.5453404481736
35035,35.15583773739691,870.6999999994849,2183.5621346708976
35036,35.15583773739691,870.7199999994849,2183.578928352892
35037,35.15583773739691,870.7399999994849,2183.595721494163
35038,35.15583773739691,870.7599999994849,2183.6125140947174
35039,35.15583773739691,870.7799999994849,2183.6293061545616
35040,35.15583773739691,870.7999999994848,2183.6460976737017
35041,35.15583773739691,870.8199999994848,2183.6628886521444
35042,35.15583773739691,870.8399999994848,2183.679679089896
35043,35.15583773739691,870.8599999994848,2183.6964689869633
35044,35.15583773739691,870.8799999994848,2183.7132583433527
35045,35.15583773739691,870.8999999994847,2183.7300471590706
35046,35.15583773739691,870.9199999994847,2183.746835434123
35047,35.15583773739691,870.9399999994847,2183.763623168517
35048,35.15583773739691,870.9599999994847,2183.780410362259
35049,35.15583773739691,870.9799999994847,2183.797197015355
35050,35.15583773739691,870.9999999994847,2183.8139831278118
35051,35.15583773739691,871.0199999994846,2183.830768699636
35052,35.15583773739691,871.0399999994846,2183.8475537308336
35053,35.15583773739691,871.0599999994846,2183.8643382214113
35054,35.15583773739691,871.0799999994846,2183.881122171376
35055,35.15583773739691,871.0999999994846,2183.897905580733
35056,35.15583773739691,871.1199999994845,2183.91468844949
35057,35.15583773739691,871.1399999994845,2183.9314707776525
35058,35.15583773739691,871.1599999994845,2183.9482525652274
35059,35.15583773739691,871.1799999994845,2183.9650338122215
35060,35.15583773739691,871.1999999994845,2183.981814518641
35061,35.15583773739691,871.2199999994845,2183.9985946844918
35062,35.15583773739691,871.2399999994844,2184.015374309781
35063,35.15583773739691,871.2599999994844,2184.032153394515
35064,35.15583773739691,871.2799999994844,2184.0489319386998
35065,35.15583773739691,871.2999999994844,2184.0657099423424
35066,35.15583773739691,871.3199999994844,2184.0824874054492
35067,35.15583773739691,871.3399999994843,2184.0992643280265
35068,35.15583773739691,871.3599999994843,2184.1160407100806
35069,35.15583773739691,871.3799999994843,2184.132816551618
35070,35.15583773739691,871.3999999994843,2184.1495918526452
35071,35.15583773739691,871.4199999994843,2184.166366613169
35072,35.15583773739691,871.4399999994843,2184.183140833195
35073,35.15583773739691,871.4599999994842,2184.199914513099
35074,35.15583773739691,871.4799999994842,2184.216687653574
35075,35.15583773739691,871.4999999994842,2184.233460254661
35076,35.15583773739691,871.5199999994842,2184.2502323163676
35077,35.15583773739691,871.5399999994842,2184.267003838699
35078,35.15583773739691,871.5599999994841,2184.2837748216625
35079,35.15583773739691,871.5799999994841,2184.3005452652646
35080,35.15583773739691,871.5999999994841,2184.3173151695114
35081,35.15583773739691,871.6199999994841,2184.334084534409
35082,35.15583773739691,871.6399999994841,2184.3508533599647
35083,35.15583773739691,871.6599999994841,2184.3676216461845
35084,35.15583773739691,871.679999999484,2184.3843893930743
35085,35.15583773739691,871.699999999484,2184.4011566006416
35086,35.15583773739691,871.719999999484,2184.417923268892
35087,35.15583773739691,871.739999999484,2184.4346893978322
35088,35.15583773739691,871.759999999484,2184.451454987469
35089,35.15583773739691,871.779999999484,2184.468220037808
35090,35.15583773739691,871.7999999994839,2184.484984548856
35091,35.15583773739691,871.8199999994839,2184.50174852062
35092,35.15583773739691,871.8399999994839,2184.5185119531056
35093,35.15583773739691,871.8599999994839,2184.53527484632
35094,35.15583773739691,871.8799999994839,2184.5520372002693
35095,35.15583773739691,871.8999999994838,2184.56879901496
35096,35.15583773739691,871.9199999994838,2184.5855602903985
35097,35.15583773739691,871.9399999994838,2184.602321026591
35098,35.15583773739691,871.9599999994838,2184.6190812235445
35099,35.15583773739691,871.9799999994838,2184.635840881265
35100,35.15583773739691,871.9999999994837,2184.6525999997584
35101,35.15583773739691,872.0199999994837,2184.669358579032
35102,35.15583773739691,872.0399999994837,2184.686116619092
35103,35.15583773739691,872.0599999994837,2184.7028741199447
35104,35.15583773739691,872.0799999994837,2184.7196310815966
35105,35.15583773739691,872.0999999994837,2184.736387504054
35106,35.15583773739691,872.1199999994836,2184.753143387324
35107,35.15583773739691,872.1399999994836,2184.7698987314125
35108,35.15583773739691,872.1599999994836,2184.786653536326
35109,35.15583773739691,872.1799999994836,2184.8034078020705
35110,35.15583773739691,872.1999999994836,2184.820161528653
35111,35.15583773739691,872.2199999994835,2184.8369147160797
35112,35.15583773739691,872.2399999994835,2184.853667364357
35113,35.15583773739691,872.2599999994835,2184.8704194734914
35114,35.15583773739691,872.2799999994835,2184.8871710434896
35115,35.15583773739691,872.2999999994835,2184.9039220743575
35116,35.15583773739691,872.3199999994835,2184.920672566102
35117,35.15583773739691,872.3399999994834,2184.9374225187294
35118,35.15583773739691,872.3599999994834,2184.954171932246
35119,35.15583773739691,872.3799999994834,2184.9709208066583
35120,35.15583773739691,872.3999999994834,2184.9876691419727
35121,35.15583773739691,872.4199999994834,2185.004416938196
35122,35.15583773739691,872.4399999994833,2185.0211641953338
35123,35.15583773739691,872.4599999994833,2185.0379109133933
35124,35.15583773739691,872.4799999994833,2185.0546570928295
35125,35.15583773739691,872.4999999994833,2185.071402734308
35126,35.15583773739691,872.5199999994833,2185.088147837858
35127,35.104208577812635,872.5399999994833,2185.1048924034862
35128,35.104208577812635,872.5599999994832,2185.1216364311995
35129,35.104208577812635,872.5799999994832,2185.138379921004
35130,35.104208577812635,872.5999999994832,2185.1551228729063
35131,35.104208577812635,872.6199999994832,2185.171865286913
35132,35.104208577812635,872.6399999994832,2185.18860716303
35133,35.104208577812635,872.6599999994831,2185.205348501265
35134,35.104208577812635,872.6799999994831,2185.222089301623
35135,35.104208577812635,872.6999999994831,2185.2388295641113
35136,35.104208577812635,872.7199999994831,2185.255569288736
35137,35.104208577812635,872.7399999994831,2185.272308475504
35138,35.104208577812635,872.7599999994831,2185.2890471244214
35139,35.104208577812635,872.779999999483,2185.3057852354946
35140,35.104208577812635,872.799999999483,2185.3225228087304
35141,35.104208577812635,872.819999999483,2185.339259844135
35142,35.104208577812635,872.839999999483,2185.355996341715
35143,35.104208577812635,872.859999999483,2185.3727323014773
35144,35.104208577812635,872.879999999483,2185.3894677234275
35145,35.104208577812635,872.8999999994829,2185.4062026075726
35146,35.104208577812635,872.9199999994829,2185.4229369539194
35147,35.104208577812635,872.9399999994829,2185.4396707624737
35148,35.104208577812635,872.9599999994829,2185.456404033242
35149,35.104208577812635,872.9799999994829,2185.473136766231
35150,35.104208577812635,872.9999999994828,2185.4898689614474
35151,35.104208577812635,873.0199999994828,2185.506600618897
35152,35.104208577812635,873.0399999994828,2185.5233317385873
35153,35.104208577812635,873.0599999994828,2185.540062320524
35154,35.104208577812635,873.0799999994828,2185.5567923647136
35155,35.104208577812635,873.0999999994827,2185.573521871163
35156,35.104208577812635,873.1199999994827,2185.590250839878
35157,35.104208577812635,873.1399999994827,2185.6069792708654
35158,35.104208577812635,873.1599999994827,2185.6237071641317
35159,35.104208577812635,873.1799999994827,2185.6404345196834
35160,35.104208577812635,873.1999999994827,2185.6571613375268
35161,35.104208577812635,873.2199999994826,2185.6738876176687
35162,35.104208577812635,873.2399999994826,2185.690613360115
35163,35.104208577812635,873.2599999994826,2185.7073385648728
35164,35.104208577812635,873.2799999994826,2185.724063231948
35165,35.104208577812635,873.2999999994826,2185.740787361348
35166,35.104208577812635,873.3199999994825,2185.757510953078
35167,35.104208577812635,873.3399999994825,2185.7742340071454
35168,35.104208577812635,873.3599999994825,2185.7909565235564
35169,35.104208577812635,873.3799999994825,2185.8076785023172
35170,35.104208577812635,873.3999999994825,2185.8243999434344
35171,35.104208577812635,873.4199999994825,2185.8411208469147
35172,35.104208577812635,873.4399999994824,2185.857841212764
35173,35.104208577812635,873.4599999994824,2185.874561040989
35174,35.104208577812635,873.4799999994824,2185.8912803315966
35175,35.104208577812635,873.4999999994824,2185.9079990850605
35176,35.104208577812635,873.5199999994824,2185.9247173019357
35177,35.104208577812635,873.5399999994823,2185.9414349822378
35178,35.104208577812635,873.5599999994823,2185.9581521259734
35179,35.104208577812635,873.5799999994823,2185.974868733149
35180,35.104208577812635,873.5999999994823,2185.9915848037704
35181,35.104208577812635,873.6199999994823,2186.008300337845
35182,35.104208577812635,873.6399999994823,2186.0250153353786
35183,35.104208577812635,873.6599999994822,2186.0417297963777
35184,35.104208577812635,873.6799999994822,2186.058443720849
35185,35.104208577812635,873.6999999994822,2186.075157108799
35186,35.104208577812635,873.7199999994822,2186.091869960234
35187,35.104208577812635,873.7399999994822,2186.10858227516
35188,35.104208577812635,873.7599999994821,2186.125294053584
35189,35.104208577812635,873.7799999994821,2186.1420052955127
35190,35.104208577812635,873.7999999994821,2186.158716000952
35191,35.104208577812635,873.8199999994821,2186.175426169909
35192,35.104208577812635,873.8399999994821,2186.192135802389
35193,35.104208577812635,873.859999999482,2186.2088448983995
35194,35.104208577812635,873.879999999482,2186.2255534579467
35195,35.104208577812635,873.899999999482,2186.2422614810366
35196,35.104208577812635,873.919999999482,2186.258968967676
35197,35.104208577812635,873.939999999482,2186.2756759178715
35198,35.104208577812635,873.959999999482,2186.2923823316296
35199,35.104208577812635,873.979999999482,2186.3090882089564
35200,35.104208577812635,873.9999999994819,2186.325793549858
35201,35.104208577812635,874.0199999994819,2186.342498354342
35202,35.104208577812635,874.0399999994819,2186.3592026224137
35203,35.104208577812635,874.0599999994819,2186.37590635408
35204,35.104208577812635,874.0799999994819,2186.3926095493475
35205,35.104208577812635,874.0999999994818,2186.4093122082227
35206,35.104208577812635,874.1199999994818,2186.426014330712
35207,35.104208577812635,874.1399999994818,2186.4427159168213
35208,35.104208577812635,874.1599999994818,2186.4594169665575
35209,35.104208577812635,874.1799999994818,2186.476117479927
35210,35.104208577812635,874.1999999994817,2186.4928174569363
35211,35.104208577812635,874.2199999994817,2186.5095168975918
35212,35.104208577812635,874.2399999994817,2186.5262158019
35213,35.104208577812635,874.2599999994817,2186.5429141698673
35214,35.104208577812635,874.2799999994817,2186.5596120015
35215,35.104208577812635,874.2999999994817,2186.576309296805
35216,35.104208577812635,874.3199999994816,2186.593006055788
35217,35.104208577812635,874.3399999994816,2186.6097022784556
35218,35.104208577812635,874.3599999994816,2186.6263979648147
35219,35.104208577812635,874.3799999994816,2186.6430931148716
35220,35.104208577812635,874.3999999994816,2186.6597877286326
35221,35.104208577812635,874.4199999994815,2186.676481806104
35222,35.104208577812635,874.4399999994815,2186.6931753472927
35223,35.104208577812635,874.4599999994815,2186.709868352205
35224,35.104208577812635,874.4799999994815,2186.7265608208468
35225,35.104208577812635,874.4999999994815,2186.7432527532283
35226,35.104208577812635,874.5199999994815,2186.759944149905
35227,35.104208577812635,874.5399999994814,2186.776635011404
35228,35.104208577812635,874.5599999994814,2186.793325337731
35229,35.104208577812635,874.5799999994814,2186.8100151288927
35230,35.104208577812635,874.5999999994814,2186.8267043848955
35231,35.104208577812635,874.6199999994814,2186.843393105746
35232,35.104208577812635,874.6399999994813,2186.860081291451
35233,35.104208577812635,874.6599999994813,2186.8767689420165
35234,35.104208577812635,874.6799999994813,2186.893456057449
35235,35.104208577812635,874.6999999994813,2186.9101426377547
35236,35.104208577812635,874.7199999994813,2186.9268286829406
35237,35.104208577812635,874.7399999994813,2186.943514193013
35238,35.104208577812635,874.7599999994812,2186.9601991679783
35239,35.104208577812635,874.7799999994812,2186.976883607843
35240,35.104208577812635,874.7999999994812,2186.993567512613
35241,35.104208577812635,874.8199999994812,2187.010250882295
35242,35.104208577812635,874.8399999994812,2187.026933716896
35243,35.104208577812635,874.8599999994811,2187.043616016422
35244,35.104208577812635,874.8799999994811,2187.06029778088
35245,35.104208577812635,874.8999999994811,2187.0769790102754
35246,35.104208577812635,874.9199999994811,2187.093659704615
35247,35.104208577812635,874.9399999994811,2187.110339863906
35248,35.104208577812635,874.959999999481,2187.127019488154
35249,35.104208577812635,874.979999999481,2187.1436985773657
35250,35.104208577812635,874.999999999481,2187.1603771315476
35251,35.104208577812635,875.019999999481,2187.177055150706
35252,35.104208577812635,875.039999999481,2187.1937326348475
35253,35.104208577812635,875.059999999481,2187.2104095839786
35254,35.104208577812635,875.079999999481,2187.2270859981054
35255,35.104208577812635,875.0999999994809,2187.2437618772346
35256,35.104208577812635,875.1199999994809,2187.2604372213727
35257,35.104208577812635,875.1399999994809,2187.277112030526
35258,35.104208577812635,875.1599999994809,2187.2937863047014
35259,35.104208577812635,875.1799999994809,2187.3104600439046
35260,35.104208577812635,875.1999999994808,2187.3271332481427
35261,35.104208577812635,875.2199999994808,2187.343805917422
35262,35.104208577812635,875.2399999994808,2187.360478051748
35263,35.104208577812635,875.2599999994808,2187.3771496511285
35264,35.104208577812635,875.2799999994808,2187.3938207155693
35265,35.104208577812635,875.2999999994807,2187.4104912450766
35266,35.104208577812635,875.3199999994807,2187.4271612396574
35267,35.104208577812635,875.3399999994807,2187.443830699318
35268,35.104208577812635,875.3599999994807,2187.460499624064
35269,35.104208577812635,875.3799999994807,2187.477168013903
35270,35.104208577812635,875.3999999994807,2187.493835868841
35271,35.104208577812635,875.4199999994806,2187.5105031888843
35272,35.104208577812635,875.4399999994806,2187.5271699740397
35273,35.104208577812635,875.4599999994806,2187.543836224313
35274,35.104208577812635,875.4799999994806,2187.5605019397112
35275,35.104208577812635,875.4999999994806,2187.5771671202406
35276,35.104208577812635,875.5199999994805,2187.5938317659234
35277,35.104208577812635,875.5399999994805,2187.610495877366
35278,35.104208577812635,875.5599999994805,2187.6271594550312
35279,35.104208577812635,875.5799999994805,2187.643822498926
35280,35.104208577812635,875.5999999994805,2187.6604850090566
35281,35.104208577812635,875.6199999994805,2187.6771469854298
35282,35.104208577812635,875.6399999994804,2187.693808428052
35283,35.104208577812635,875.6599999994804,2187.7104693369292
35284,35.104208577812635,875.6799999994804,2187.7271297120683
35285,35.104208577812635,875.6999999994804,2187.7437895534754
35286,35.104208577812635,875.7199999994804,2187.760448861157
35287,35.104208577812635,875.7399999994803,2187.7771076351196
35288,35.104208577812635,875.7599999994803,2187.79376587537
35289,35.104208577812635,875.7799999994803,2187.810423581914
35290,35.104208577812635,875.7999999994803,2187.8270807547588
35291,35.104208577812635,875.8199999994803,2187.84373739391
35292,35.104208577812635,875.8399999994803,2187.8603934993744
35293,35.104208577812635,875.8599999994802,2187.8770490711586
35294,35.104208577812635,875.8799999994802,2187.893704109269
35295,35.104208577812635,875.8999999994802,2187.910358613712
35296,35.104208577812635,875.9199999994802,2187.927012584494
35297,35.104208577812635,875.9399999994802,2187.9436660216215
35298,35.104208577812635,875.9599999994801,2187.9603189251006
35299,35.104208577812635,875.9799999994801,2187.9769712949383
35300,35.104208577812635,875.9999999994801,2187.993623131141
35301,35.104208577812635,876.0199999994801,2188.010274433714
35302,35.104208577812635,876.0399999994801,2188.026925202665
35303,35.104208577812635,876.05999999948,2188.0435754380005
35304,35.104208577812635,876.07999999948,2188.0602251397263
35305,35.104208577812635,876.09999999948,2188.0768743078493
35306,35.104208577812635,876.11999999948,2188.0935229423753
35307,35.104208577812635,876.13999999948,2188.1101710433113
35308,35.104208577812635,876.15999999948,2188.1268186106636
35309,35.104208577812635,876.17999999948,2188.1434656444385
35310,35.104208577812635,876.1999999994799,2188.1601121446424
35311,35.104208577812635,876.2199999994799,2188.176758111282
35312,35.104208577812635,876.2399999994799,2188.193403544364
35313,35.104208577812635,876.2599999994799,2188.2100484438943
35314,35.104208577812635,876.2799999994799,2188.2266928098793
35315,35.104208577812635,876.2999999994798,2188.2433366423256
35316,35.104208577812635,876.3199999994798,2188.2599799412396
35317,35.104208577812635,876.3399999994798,2188.276622706628
35318,35.104208577812635,876.3599999994798,2188.293264938497
35319,35.104208577812635,876.3799999994798,2188.309906636853
35320,35.104208577812635,876.3999999994797,2188.326547801703
35321,35.104208577812635,876.4199999994797,2188.3431884330525
35322,35.104208577812635,876.4399999994797,2188.3598285309085
35323,35.104208577812635,876.4599999994797,2188.3764680952772
35324,35.104208577812635,876.4799999994797,2188.3931071261654
35325,35.104208577812635,876.4999999994797,2188.409745623579
35326,35.104208577812635,876.5199999994796,2188.426383587525
35327,35.104208577812635,876.5399999994796,2188.443021018039
35328,35.104208577812635,876.5599999994796,2188.459657915806
35329,35.104208577812635,876.5799999994796,2188.4762942812426
35330,35.104208577812635,876.5999999994796,2188.492930114356
35331,35.104208577812635,876.6199999994795,2188.5095654151523
35332,35.104208577812635,876.6399999994795,2188.5262001836377
35333,35.104208577812635,876.6599999994795,2188.542834419819
35334,35.104208577812635,876.6799999994795,2188.5594681237026
35335,35.104208577812635,876.6999999994795,2188.576101295295
35336,35.104208577812635,876.7199999994795,2188.592733934602
35337,35.104208577812635,876.7399999994794,2188.609366041631
35338,35.104208577812635,876.7599999994794,2188.6259976163874
35339,35.104208577812635,876.7799999994794,2188.6426286588785
35340,35.104208577812635,876.7999999994794,2188.6592591691106
35341,35.104208577812635,876.8199999994794,2188.67588914709
35342,35.104208577812635,876.8399999994793,2188.692518592823
35343,35.104208577812635,876.8599999994793,2188.7091475063166
35344,35.104208577812635,876.8799999994793,2188.7257758875767
35345,35.104208577812635,876.8999999994793,2188.74240373661
35346,35.104208577812635,876.9199999994793,2188.759031053423
35347,35.104208577812635,876.9399999994793,2188.7756578380217
35348,35.104208577812635,876.9599999994792,2188.792284090413
35349,35.104208577812635,876.9799999994792,2188.808909810603
35350,35.104208577812635,876.9999999994792,2188.8255349985984
35351,35.104208577812635,877.0199999994792,2188.8421596544054
35352,35.05270566387262,877.0399999994792,2188.8587837780306
35353,35.05270566387262,877.0599999994791,2188.8754073694804
35354,35.05270566387262,877.0799999994791,2188.8920304287617
35355,35.05270566387262,877.0999999994791,2188.9086529558804
35356,35.05270566387262,877.1199999994791,2188.925274950843
35357,35.05270566387262,877.1399999994791,2188.9418964136557
35358,35.05270566387262,877.159999999479,2188.9585173443256
35359,35.05270566387262,877.179999999479,2188.975137742859
35360,35.05270566387262,877.199999999479,2188.9917576092616
35361,35.05270566387262,877.219999999479,2189.008376943541
35362,35.05270566387262,877.239999999479,2189.0249957457027
35363,35.05270566387262,877.259999999479,2189.0416140157536
35364,35.05270566387262,877.279999999479,2189.0582317537
35365,35.05270566387262,877.2999999994789,2189.0748489595485
35366,35.05270566387262,877.3199999994789,2189.0914656333052
35367,35.05270566387262,877.3399999994789,2189.1080817749767
35368,35.05270566387262,877.3599999994789,2189.124697384569
35369,35.05270566387262,877.3799999994789,2189.1413124620894
35370,35.05270566387262,877.3999999994788,2189.157927007544
35371,35.05270566387262,877.4199999994788,2189.174541020939
35372,35.05270566387262,877.4399999994788,2189.1911545022813
35373,35.05270566387262,877.4599999994788,2189.2077674515767
35374,35.05270566387262,877.4799999994788,2189.224379868832
35375,35.05270566387262,877.4999999994787,2189.2409917540535
35376,35.05270566387262,877.5199999994787,2189.257603107248
35377,35.05270566387262,877.5399999994787,2189.2742139284214
35378,35.05270566387262,877.5599999994787,2189.2908242176195
35379,35.05270566387262,877.5799999994787,2189.307433975508
35380,35.05270566387262,877.5999999994787,2189.3240432024054
35381,35.05270566387262,877.6199999994786,2189.340651898318
35382,35.05270566387262,877.6399999994786,2189.357260063252
35383,35.05270566387262,877.6599999994786,2189.373867697214
35384,35.05270566387262,877.6799999994786,2189.39047480021
35385,35.05270566387262,877.6999999994786,2189.4070813722474
35386,35.05270566387262,877.7199999994785,2189.423687413332
35387,35.05270566387262,877.7399999994785,2189.44029292347
35388,35.05270566387262,877.7599999994785,2189.4568979026685
35389,35.05270566387262,877.7799999994785,2189.473502350934
35390,35.05270566387262,877.7999999994785,2189.490106268272
35391,35.05270566387262,877.8199999994785,2189.50670965469
35392,35.05270566387262,877.8399999994784,2189.5233125101936
35393,35.05270566387262,877.8599999994784,2189.5399148347897
35394,35.05270566387262,877.8799999994784,2189.5565166284846
35395,35.05270566387262,877.8999999994784,2189.5731178912847
35396,35.05270566387262,877.9199999994784,2189.589718623197
35397,35.05270566387262,877.9399999994783,2189.606318824227
35398,35.05270566387262,877.9599999994783,2189.622918494382
35399,35.05270566387262,877.9799999994783,2189.6395176336678
35400,35.05270566387262,877.9999999994783,2189.6561162420912
35401,35.05270566387262,878.0199999994783,2189.6727143196586
35402,35.05270566387262,878.0399999994783,2189.689311866376
35403,35.05270566387262,878.0599999994782,2189.7059088822507
35404,35.05270566387262,878.0799999994782,2189.7225053672882
35405,35.05270566387262,878.0999999994782,2189.7391013214956
35406,35.05270566387262,878.1199999994782,2189.755696744879
35407,35.05270566387262,878.1399999994782,2189.772291637445
35408,35.05270566387262,878.1599999994781,2189.7888859992004
35409,35.05270566387262,878.1799999994781,2189.805479830151
35410,35.05270566387262,878.1999999994781,2189.8220731303036
35411,35.05270566387262,878.2199999994781,2189.838665899664
35412,35.05270566387262,878.2399999994781,2189.8552581382396
35413,35.05270566387262,878.259999999478,2189.871849846036
35414,35.05270566387262,878.279999999478,2189.8884410230608
35415,35.05270566387262,878.299999999478,2189.905031669319
35416,35.05270566387262,878.319999999478,2189.921621784818
35417,35.05270566387262,878.339999999478,2189.9382113695638
35418,35.05270566387262,878.359999999478,2189.954800423563
35419,35.05270566387262,878.379999999478,2189.971388946822
35420,35.05270566387262,878.3999999994779,2189.9879769393474
35421,35.05270566387262,878.4199999994779,2190.004564401228
35422,35.05270566387262,878.4399999994779,2190.0211513336976
35423,35.05270566387262,878.4599999994779,2190.0377377372497
35424,35.05270566387262,878.4799999994779,2190.0543236118906
35425,35.05270566387262,878.4999999994778,2190.0709089576267
35426,35.05270566387262,878.5199999994778,2190.0874937744647
35427,35.05270566387262,878.5399999994778,2190.104078062411
35428,35.05270566387262,878.5599999994778,2190.1206618214724
35429,35.05270566387262,878.5799999994778,2190.137245051708
35430,35.05270566387262,878.5999999994777,2190.1538277538657
35431,35.05270566387262,878.6199999994777,2190.1704099282165
35432,35.05270566387262,878.6399999994777,2190.186991574767
35433,35.05270566387262,878.6599999994777,2190.2035726935233
35434,35.05270566387262,878.6799999994777,2190.220153284492
35435,35.05270566387262,878.6999999994777,2190.2367333476795
35436,35.05270566387262,878.7199999994776,2190.253312883093
35437,35.05270566387262,878.7399999994776,2190.269891890738
35438,35.05270566387262,878.7599999994776,2190.286470370622
35439,35.05270566387262,878.7799999994776,2190.3030483227503
35440,35.05270566387262,878.7999999994776,2190.3196257471304
35441,35.05270566387262,878.8199999994775,2190.3362026437685
35442,35.05270566387262,878.8399999994775,2190.352779012671
35443,35.05270566387262,878.8599999994775,2190.3693548538445
35444,35.05270566387262,878.8799999994775,2190.3859301672956
35445,35.05270566387262,878.8999999994775,2190.4025049530305
35446,35.05270566387262,878.9199999994775,2190.419079211056
35447,35.05270566387262,878.9399999994774,2190.435652941379
35448,35.05270566387262,878.9599999994774,2190.452226144005
35449,35.05270566387262,878.9799999994774,2190.468798818941
35450,35.05270566387262,878.9999999994774,2190.485370966194
35451,35.05270566387262,879.0199999994774,2190.5019425857695
35452,35.05270566387262,879.0399999994773,2190.5185136776745
35453,35.05270566387262,879.0599999994773,2190.5350842419157
35454,35.05270566387262,879.0799999994773,2190.5516542784994
35455,35.05270566387262,879.0999999994773,2190.568223787432
35456,35.05270566387262,879.1199999994773,2190.58479276872
35457,35.05270566387262,879.1399999994773,2190.60136122237
35458,35.05270566387262,879.1599999994772,2190.6179291483886
35459,35.05270566387262,879.1799999994772,2190.634496546782
35460,35.05270566387262,879.1999999994772,2190.651063417557
35461,35.05270566387262,879.2199999994772,2190.66762976072
35462,35.05270566387262,879.2399999994772,2190.6841955762775
35463,35.05270566387262,879.2599999994771,2190.700760864236
35464,35.05270566387262,879.2799999994771,2190.717325624602
35465,35.05270566387262,879.2999999994771,2190.733889857382
35466,35.05270566387262,879.3199999994771,2190.7504535625826
35467,35.05270566387262,879.3399999994771,2190.7670167402102
35468,35.05270566387262,879.359999999477,2190.783579390271
35469,35.05270566387262,879.379999999477,2190.800141512772
35470,35.05270566387262,879.399999999477,2190.816703107719
35471,35.05270566387262,879.419999999477,2190.8332641751194
35472,35.05270566387262,879.439999999477,2190.849824714979
35473,35.05270566387262,879.459999999477,2190.8663847273046
35474,35.05270566387262,879.479999999477,2190.8829442121028
35475,35.05270566387262,879.4999999994769,2190.89950316938
35476,35.05270566387262,879.5199999994769,2190.9160615991423
35477,35.05270566387262,879.5399999994769,2190.9326195013964
35478,35.05270566387262,879.5599999994769,2190.949176876149
35479,35.05270566387262,879.5799999994769,2190.9657337234066
35480,35.05270566387262,879.5999999994768,2190.9822900432414
35481,35.05270566387262,879.6199999994768,2190.998845836452
35482,35.05270566387262,879.6399999994768,2191.015401103246
35483,35.05270566387262,879.6599999994768,2191.0319558436304
35484,35.05270566387262,879.6799999994768,2191.0485100576116
35485,35.05270566387262,879.6999999994767,2191.0650637451963
35486,35.05270566387262,879.7199999994767,2191.0816169063905
35487,35.05270566387262,879.7399999994767,2191.098169541201
35488,35.05270566387262,879.7599999994767,2191.1147216496347
35489,35.05270566387262,879.7799999994767,2191.1312732316974
35490,35.05270566387262,879.7999999994767,2191.147824287396
35491,35.05270566387262,879.8199999994766,2191.1643748167367
35492,35.05270566387262,879.8399999994766,2191.1809248197264
35493,35.05270566387262,879.8599999994766,2191.197474296371
35494,35.05270566387262,879.8799999994766,2191.2140232466777
35495,35.05270566387262,879.8999999994766,2191.230571670653
35496,35.05270566387262,879.9199999994765,2191.2471195683024
35497,35.05270566387262,879.9399999994765,2191.2636669396334
35498,35.05270566387262,879.9599999994765,2191.280213784652
35499,35.05270566387262,879.9799999994765,2191.296760103365
35500,35.05270566387262,879.9999999994765,2191.313305895779
35501,35.05270566387262,880.0199999994765,2191.3298511619005
35502,35.05270566387262,880.0399999994764,2191.3463959017354
35503,35.05270566387262,880.0599999994764,2191.3629401152907
35504,35.05270566387262,880.0799999994764,2191.379483802573
35505,35.05270566387262,880.0999999994764,2191.396026963588
35506,35.05270566387262,880.1199999994764,2191.412569598343
35507,35.05270566387262,880.1399999994763,2191.429111706844
35508,35.05270566387262,880.1599999994763,2191.445653289098
35509,35.05270566387262,880.1799999994763,2191.462194345111
35510,35.05270566387262,880.1999999994763,2191.47873487489
35511,35.05270566387262,880.2199999994763,2191.4952748784413
35512,35.05270566387262,880.2399999994763,2191.511814355771
35513,35.05270566387262,880.2599999994762,2191.528353306886
35514,35.05270566387262,880.2799999994762,2191.5448917317926
35515,35.05270566387262,880.2999999994762,2191.5614296304975
35516,35.05270566387262,880.3199999994762,2191.577967003007
35517,35.05270566387262,880.3399999994762,2191.594503849328
35518,35.05270566387262,880.3599999994761,2191.611040169466
35519,35.05270566387262,880.3799999994761,2191.627575963428
35520,35.05270566387262,880.3999999994761,2191.6441112312214
35521,35.05270566387262,880.4199999994761,2191.6606459728514
35522,35.05270566387262,880.4399999994761,2191.677180188325
35523,35.05270566387262,880.459999999476,2191.693713877649
35524,35.05270566387262,880.479999999476,2191.7102470408295
35525,35.05270566387262,880.499999999476,2191.726779677873
35526,35.05270566387262,880.519999999476,2191.743311788786
35527,35.05270566387262,880.539999999476,2191.759843373575
35528,35.05270566387262,880.559999999476,2191.776374432247
35529,35.05270566387262,880.579999999476,2191.792904964808
35530,35.05270566387262,880.5999999994759,2191.809434971264
35531,35.05270566387262,880.6199999994759,2191.8259644517016
35532,35.05270566387262,880.6399999994759,2191.8424934069812
35533,35.05270566387262,880.6599999994759,2191.8590218372506
35534,35.05270566387262,880.6799999994759,2191.875549742516
35535,35.05270566387262,880.6999999994758,2191.8920771227836
35536,35.05270566387262,880.7199999994758,2191.9086039780605
35537,35.05270566387262,880.7399999994758,2191.9251303083524
35538,35.05270566387262,880.7599999994758,2191.9416561136663
35539,35.05270566387262,880.7799999994758,2191.9581813940085
35540,35.05270566387262,880.7999999994757,2191.9747061493854
35541,35.05270566387262,880.8199999994757,2191.9912303798033
35542,35.05270566387262,880.8399999994757,2192.007754085269
35543,35.05270566387262,880.8599999994757,2192.0242772657884
35544,35.05270566387262,880.8799999994757,2192.0407999213685
35545,35.05270566387262,880.8999999994757,2192.0573220520155
35546,35.05270566387262,880.9199999994756,2192.073843657736
35547,35.05270566387262,880.9399999994756,2192.0903647385358
35548,35.05270566387262,880.9599999994756,2192.1068852944218
35549,35.05270566387262,880.9799999994756,2192.1234053254
35550,35.05270566387262,880.9999999994756,2192.139924831478
35551,35.05270566387262,881.0199999994755,2192.156443812661
35552,35.05270566387262,881.0399999994755,2192.1729622689563
35553,35.05270566387262,881.0599999994755,2192.18948020037
35554,35.05270566387262,881.0799999994755,2192.205997606908
35555,35.05270566387262,881.0999999994755,2192.2225144885774
35556,35.05270566387262,881.1199999994755,2192.239030845384
35557,35.05270566387262,881.1399999994754,2192.255546677335
35558,35.05270566387262,881.1599999994754,2192.2720619844367
35559,35.05270566387262,881.1799999994754,2192.2885767666953
35560,35.05270566387262,881.1999999994754,2192.3050910241172
35561,35.05270566387262,881.2199999994754,2192.321604756709
35562,35.05270566387262,881.2399999994753,2192.3381179644766
35563,35.05270566387262,881.2599999994753,2192.3546306474273
35564,35.05270566387262,881.2799999994753,2192.3711428055667
35565,35.05270566387262,881.2999999994753,2192.387654438902
35566,35.05270566387262,881.3199999994753,2192.404165547439
35567,35.05270566387262,881.3399999994753,2192.4206761311843
35568,35.05270566387262,881.3599999994752,2192.4371861901445
35569,35.05270566387262,881.3799999994752,2192.453695724326
35570,35.05270566387262,881.3999999994752,2192.470204733735
35571,35.05270566387262,881.4199999994752,2192.486713218378
35572,35.05270566387262,881.4399999994752,2192.503221178262
35573,35.05270566387262,881.4599999994751,2192.5197286133925
35574,35.05270566387262,881.4799999994751,2192.5362355237767
35575,35.05270566387262,881.4999999994751,2192.5527419094205
35576,35.05270566387262,881.5199999994751,2192.5692477703305
35577,35.05270566387262,881.5399999994751,2192.585753106513
35578,35.05270566387262,881.559999999475,2192.602257917975
35579,35.05270566387262,881.579999999475,2192.618762204722
35580,35.05270566387262,881.599999999475,2192.635265966761
35581,35.05270566387262,881.619999999475,2192.6517692040984
35582,35.05270566387262,881.639999999475,2192.6682719168425
35583,35.001328563818056,881.659999999475,2192.684774105888
35584,35.001328563818056,881.679999999475,2192.7012757713296
35585,35.001328563818056,881.6999999994749,2192.717776913173
35586,35.001328563818056,881.7199999994749,2192.7342775314255
35587,35.001328563818056,881.7399999994749,2192.750777626093
35588,35.001328563818056,881.7599999994749,2192.767277197183
35589,35.001328563818056,881.7799999994749,2192.783776244701
35590,35.001328563818056,881.7999999994748,2192.800274768654
35591,35.001328563818056,881.8199999994748,2192.816772769049
35592,35.001328563818056,881.8399999994748,2192.833270245892
35593,35.001328563818056,881.8599999994748,2192.8497671991895
35594,35.001328563818056,881.8799999994748,2192.8662636289487
35595,35.001328563818056,881.8999999994747,2192.8827595351754
35596,35.001328563818056,881.9199999994747,2192.8992549178765
35597,35.001328563818056,881.9399999994747,2192.915749777059
35598,35.001328563818056,881.9599999994747,2192.9322441127288
35599,35.001328563818056,881.9799999994747,2192.9487379248926
35600,35.001328563818056,881.9999999994747,2192.965231213557
35601,35.001328563818056,882.0199999994746,2192.981723978729
35602,35.001328563818056,882.0399999994746,2192.998216220414
35603,35.001328563818056,882.0599999994746,2193.0147079386197
35604,35.001328563818056,882.0799999994746,2193.0311991333524
35605,35.001328563818056,882.0999999994746,2193.0476898046186
35606,35.001328563818056,882.1199999994745,2193.0641799524246
35607,35.001328563818056,882.1399999994745,2193.080669576777
35608,35.001328563818056,882.1599999994745,2193.0971586776827
35609,35.001328563818056,882.1799999994745,2193.113647255148
35610,35.001328563818056,882.1999999994745,2193.1301353091794
35611,35.001328563818056,882.2199999994745,2193.1466228397835
35612,35.001328563818056,882.2399999994744,2193.163109846967
35613,35.001328563818056,882.2599999994744,2193.1795963307363
35614,35.001328563818056,882.2799999994744,2193.1960822910983
35615,35.001328563818056,882.2999999994744,2193.212567728059
35616,35.001328563818056,882.3199999994744,2193.2290526416255
35617,35.001328563818056,882.3399999994743,2193.245537031804
35618,35.001328563818056,882.3599999994743,2193.262020898601
35619,35.001328563818056,882.3799999994743,2193.2785042420232
35620,35.001328563818056,882.3999999994743,2193.2949870620773
35621,35.001328563818056,882.4199999994743,2193.3114693587695
35622,35.001328563818056,882.4399999994743,2193.3279511321066
35623,35.001328563818056,882.4599999994742,2193.344432382095
35624,35.001328563818056,882.4799999994742,2193.3609131087414
35625,35.001328563818056,882.4999999994742,2193.3773933120524
35626,35.001328563818056,882.5199999994742,2193.393872992034
35627,35.001328563818056,882.5399999994742,2193.4103521486936
35628,35.001328563818056,882.5599999994741,2193.4268307820375
35629,35.001328563818056,882.5799999994741,2193.443308892072
35630,35.001328563818056,882.5999999994741,2193.4597864788034
35631,35.001328563818056,882.6199999994741,2193.476263542239
35632,35.001328563818056,882.6399999994741,2193.492740082385
35633,35.001328563818056,882.659999999474,2193.5092160994027
35634,35.001328563818056,882.679999999474,2193.525691594085
35635,35.001328563818056,882.699999999474,2193.5421665665085
35636,35.001328563818056,882.719999999474,2193.5586410166798
35637,35.001328563818056,882.739999999474,2193.5751149446055
35638,35.001328563818056,882.759999999474,2193.591588350292
35639,35.001328563818056,882.779999999474,2193.608061233746
35640,35.001328563818056,882.7999999994739,2193.6245335949734
35641,35.001328563818056,882.8199999994739,2193.6410054339813
35642,35.001328563818056,882.8399999994739,2193.657476750776
35643,35.001328563818056,882.8599999994739,2193.6739475453637
35644,35.001328563818056,882.8799999994739,2193.6904178177515
35645,35.001328563818056,882.8999999994738,2193.706887567945
35646,35.001328563818056,882.9199999994738,2193.723356795952
35647,35.001328563818056,882.9399999994738,2193.739825501778
35648,35.001328563818056,882.9599999994738,2193.7562936854297
35649,35.001328563818056,882.9799999994738,2193.7727613469137
35650,35.001328563818056,882.9999999994737,2193.7892284862364
35651,35.001328563818056,883.0199999994737,2193.8056951034046
35652,35.001328563818056,883.0399999994737,2193.822161198424
35653,35.001328563818056,883.0599999994737,2193.838626771302
35654,35.001328563818056,883.0799999994737,2193.855091822045
35655,35.001328563818056,883.0999999994737,2193.871556350659
35656,35.001328563818056,883.1199999994736,2193.8880203571507
35657,35.001328563818056,883.1399999994736,2193.9044838415266
35658,35.001328563818056,883.1599999994736,2193.9209468037934
35659,35.001328563818056,883.1799999994736,2193.9374092439575
35660,35.001328563818056,883.1999999994736,2193.9538711620253
35661,35.001328563818056,883.2199999994735,2193.970332558003
35662,35.001328563818056,883.2399999994735,2193.9867934318977
35663,35.001328563818056,883.2599999994735,2194.0032537837155
35664,35.001328563818056,883.2799999994735,2194.019713613463
35665,35.001328563818056,883.2999999994735,2194.0361729211468
35666,35.001328563818056,883.3199999994735,2194.052631706773
35667,35.001328563818056,883.3399999994734,2194.0690899703486
35668,35.001328563818056,883.3599999994734,2194.08554771188
35669,35.001328563818056,883.3799999994734,2194.1020049313734
35670,35.001328563818056,883.3999999994734,2194.1184616288356
35671,35.001328563818056,883.4199999994734,2194.134917804273
35672,35.001328563818056,883.4399999994733,2194.1513734576915
35673,35.001328563818056,883.4599999994733,2194.1678285890985
35674,35.001328563818056,883.4799999994733,2194.1842831985
35675,35.001328563818056,883.4999999994733,2194.2007372859025
35676,35.001328563818056,883.5199999994733,2194.217190851313
35677,35.001328563818056,883.5399999994733,2194.2336438947373
35678,35.001328563818056,883.5599999994732,2194.2500964161823
35679,35.001328563818056,883.5799999994732,2194.266548415654
35680,35.001328563818056,883.5999999994732,2194.2829998931597
35681,35.001328563818056,883.6199999994732,2194.2994508487054
35682,35.001328563818056,883.6399999994732,2194.3159012822975
35683,35.001328563818056,883.6599999994731,2194.332351193943
35684,35.001328563818056,883.6799999994731,2194.34880058387
35685,35.001328563818056,883.6999999994731,2194.36524945285
35686,35.001328563818056,883.7199999994731,2194.38169780095
35687,35.001328563818056,883.7399999994731,2194.398145628176
35688,35.001328563818056,883.759999999473,2194.4145929345345
35689,35.001328563818056,883.779999999473,2194.4310397200325
35690,35.001328563818056,883.799999999473,2194.4474859846764
35691,35.001328563818056,883.819999999473,2194.4639317284723
35692,35.001328563818056,883.839999999473,2194.480376951427
35693,35.001328563818056,883.859999999473,2194.4968216535467
35694,35.001328563818056,883.879999999473,2194.5132658348384
35695,35.001328563818056,883.8999999994729,2194.5297094953085
35696,35.001328563818056,883.9199999994729,2194.546152634963
35697,35.001328563818056,883.9399999994729,2194.562595253809
35698,35.001328563818056,883.9599999994729,2194.5790373518525
35699,35.001328563818056,883.9799999994729,2194.5954789291004
35700,35.001328563818056,883.9999999994728,2194.611919985559
35701,35.001328563818056,884.0199999994728,2194.6283605212343
35702,35.001328563818056,884.0399999994728,2194.6448005361335
35703,35.001328563818056,884.0599999994728,2194.661240030263
35704,35.001328563818056,884.0799999994728,2194.6776790036292
35705,35.001328563818056,884.0999999994727,2194.6941174562385
35706,35.001328563818056,884.1199999994727,2194.7105553880974
35707,35.001328563818056,884.1399999994727,2194.7269927992124
35708,35.001328563818056,884.1599999994727,2194.7434296895904
35709,35.001328563818056,884.1799999994727,2194.759866059237
35710,35.001328563818056,884.1999999994727,2194.7763019081594
35711,35.001328563818056,884.2199999994726,2194.7927372363642
35712,35.001328563818056,884.2399999994726,2194.8091720438574
35713,35.001328563818056,884.2599999994726,2194.8256063306458
35714,35.001328563818056,884.2799999994726,2194.8420400967357
35715,35.001328563818056,884.2999999994726,2194.8584733421335
35716,35.001328563818056,884.3199999994725,2194.874906066846
35717,35.001328563818056,884.3399999994725,2194.8913382708797
35718,35.001328563818056,884.3599999994725,2194.907769954241
35719,35.001328563818056,884.3799999994725,2194.924201116936
35720,35.001328563818056,884.3999999994725,2194.9406317589714
35721,35.001328563818056,884.4199999994725,2194.957061880354
35722,35.001328563818056,884.4399999994724,2194.97349148109
35723,35.001328563818056,884.4599999994724,2194.9899205611864
35724,35.001328563818056,884.4799999994724,2195.006349120649
35725,35.001328563818056,884.4999999994724,2195.022777159484
35726,35.001328563818056,884.5199999994724,2195.039204677699
35727,35.001328563818056,884.5399999994723,2195.0556316753
35728,35.001328563818056,884.5599999994723,2195.0720581522933
35729,35.001328563818056,884.5799999994723,2195.0884841086854
35730,35.001328563818056,884.5999999994723,2195.104909544483
35731,35.001328563818056,884.6199999994723,2195.121334459692
35732,35.001328563818056,884.6399999994723,2195.13775885432
35733,35.001328563818056,884.6599999994722,2195.1541827283727
35734,35.001328563818056,884.6799999994722,2195.1706060818565
35735,35.001328563818056,884.6999999994722,2195.1870289150625
35736,35.001328563818056,884.7199999994722,2195.2034512287123
35737,35.001328563818056,884.7399999994722,2195.21987302286
35738,35.001328563818056,884.7599999994721,2195.236294297513
35739,35.001328563818056,884.7799999994721,2195.2527150526766
35740,35.001328563818056,884.7999999994721,2195.269135288358
35741,35.001328563818056,884.8199999994721,2195.285555004564
35742,35.001328563818056,884.8399999994721,2195.3019742013003
35743,35.001328563818056,884.859999999472,2195.318392878574
35744,35.001328563818056,884.879999999472,2195.334811036391
35745,35.001328563818056,884.899999999472,2195.351228674758
35746,35.001328563818056,884.919999999472,2195.367645793682
35747,35.001328563818056,884.939999999472,2195.384062393169
35748,35.001328563818056,884.959999999472,2195.4004784732256
35749,35.001328563818056,884.9799999994719,2195.416894033858
35750,35.001328563818056,884.9999999994719,2195.4333090750733
35751,35.001328563818056,885.0199999994719,2195.449723596878
35752,35.001328563818056,885.0399999994719,2195.4661375992778
35753,35.001328563818056,885.0599999994719,2195.4825510822798
35754,35.001328563818056,885.0799999994719,2195.4989640458903
35755,35.001328563818056,885.0999999994718,2195.5153764901156
35756,35.001328563818056,885.1199999994718,2195.5317884149626
35757,35.001328563818056,885.1399999994718,2195.5481998204377
35758,35.001328563818056,885.1599999994718,2195.5646107065472
35759,35.001328563818056,885.1799999994718,2195.581021073298
35760,35.001328563818056,885.1999999994717,2195.597430920696
35761,35.001328563818056,885.2199999994717,2195.6138402487477
35762,35.001328563818056,885.2399999994717,2195.6302490574603
35763,35.001328563818056,885.2599999994717,2195.6466573468397
35764,35.001328563818056,885.2799999994717,2195.6630651168925
35765,35.001328563818056,885.2999999994717,2195.6794723676253
35766,35.001328563818056,885.3199999994716,2195.6958790990443
35767,35.001328563818056,885.3399999994716,2195.7122853111564
35768,35.001328563818056,885.3599999994716,2195.7286910039675
35769,35.001328563818056,885.3799999994716,2195.7450961774844
35770,35.001328563818056,885.3999999994716,2195.761500831714
35771,35.001328563818056,885.4199999994715,2195.777904966662
35772,35.001328563818056,885.4399999994715,2195.7943085823354
35773,35.001328563818056,885.4599999994715,2195.8107116787405
35774,35.001328563818056,885.4799999994715,2195.8271142558838
35775,35.001328563818056,885.4999999994715,2195.843516313772
35776,35.001328563818056,885.5199999994715,2195.8599178524114
35777,35.001328563818056,885.5399999994714,2195.8763188718085
35778,35.001328563818056,885.5599999994714,2195.8927193719696
35779,35.001328563818056,885.5799999994714,2195.9091193529016
35780,35.001328563818056,885.5999999994714,2195.9255188146108
35781,35.001328563818056,885.6199999994714,2195.9419177571035
35782,35.001328563818056,885.6399999994713,2195.958316180386
35783,35.001328563818056,885.6599999994713,2195.9747140844656
35784,35.001328563818056,885.6799999994713,2195.991111469348
35785,35.001328563818056,885.6999999994713,2196.0075083350403
35786,35.001328563818056,885.7199999994713,2196.0239046819092
35787,35.001328563818056,885.7399999994713,2196.0403005106573
35788,35.001328563818056,885.7599999994712,2196.0566958213285
35789,35.001328563818056,885.7799999994712,2196.073090613929
35790,35.001328563818056,885.7999999994712,2196.0894848884645
35791,35.001328563818056,885.8199999994712,2196.1058786449425
35792,35.001328563818056,885.8399999994712,2196.122271883369
35793,35.001328563818056,885.8599999994711,2196.1386646037513
35794,35.001328563818056,885.8799999994711,2196.1550568060948
35795,35.001328563818056,885.8999999994711,2196.1714484904064
35796,35.001328563818056,885.9199999994711,2196.187839656693
35797,35.001328563818056,885.9399999994711,2196.2042303049607
35798,35.001328563818056,885.959999999471,2196.220620435216
35799,35.001328563818056,885.979999999471,2196.237010047465
35800,35.001328563818056,885.999999999471,2196.253399141715
35801,35.001328563818056,886.019999999471,2196.2697877179717
35802,35.001328563818056,886.039999999471,2196.286175776242
35803,35.001328563818056,886.059999999471,2196.3025633165325
35804,35.001328563818056,886.0799999994709,2196.3189503388494
35805,35.001328563818056,886.0999999994709,2196.335336843199
35806,35.001328563818056,886.1199999994709,2196.351722829588
35807,35.001328563818056,886.1399999994709,2196.3681082980233
35808,35.001328563818056,886.1599999994709,2196.384493248511
35809,35.001328563818056,886.1799999994709,2196.4008776810574
35810,34.95007684778678,886.1999999994708,2196.417261595669
35811,34.95007684778678,886.2199999994708,2196.4336449923526
35812,34.95007684778678,886.2399999994708,2196.4500278711143
35813,34.95007684778678,886.2599999994708,2196.466410231961
35814,34.95007684778678,886.2799999994708,2196.482792074899
35815,34.95007684778678,886.2999999994707,2196.4991733999345
35816,34.95007684778678,886.3199999994707,2196.5155542070747
35817,34.95007684778678,886.3399999994707,2196.5319344963254
35818,34.95007684778678,886.3599999994707,2196.5483142676935
35819,34.95007684778678,886.3799999994707,2196.564693521185
35820,34.95007684778678,886.3999999994707,2196.5810722568067
35821,34.95007684778678,886.4199999994706,2196.597450474565
35822,34.95007684778678,886.4399999994706,2196.6138281744666
35823,34.95007684778678,886.4599999994706,2196.6302053565173
35824,34.95007684778678,886.4799999994706,2196.646582020724
35825,34.95007684778678,886.4999999994706,2196.6629581670936
35826,34.95007684778678,886.5199999994705,2196.679333795632
35827,34.95007684778678,886.5399999994705,2196.6957089063458
35828,34.95007684778678,886.5599999994705,2196.7120834992415
35829,34.95007684778678,886.5799999994705,2196.728457574326
35830,34.95007684778678,886.5999999994705,2196.744831131605
35831,34.95007684778678,886.6199999994705,2196.761204171086
35832,34.95007684778678,886.6399999994704,2196.7775766927743
35833,34.95007684778678,886.6599999994704,2196.793948696677
35834,34.95007684778678,886.6799999994704,2196.8103201828003
35835,34.95007684778678,886.6999999994704,2196.826691151151
35836,34.95007684778678,886.7199999994704,2196.8430616017354
35837,34.95007684778678,886.7399999994703,2196.859431534944
35838,34.95007684778678,886.7599999994703,2196.8758009513645
35839,34.95007684778678,886.7799999994703,2196.892169851025
35840,34.95007684778678,886.7999999994703,2196.908538233932
35841,34.95007684778678,886.8199999994703,2196.9249061000924
35842,34.95007684778678,886.8399999994703,2196.941273449512
35843,34.95007684778678,886.8599999994702,2196.957640282198
35844,34.95007684778678,886.8799999994702,2196.9740065981564
35845,34.95007684778678,886.8999999994702,2196.9903723973935
35846,34.95007684778678,886.9199999994702,2197.006737679916
35847,34.95007684778678,886.9399999994702,2197.0231024457307
35848,34.95007684778678,886.9599999994701,2197.0394666948437
35849,34.95007684778678,886.9799999994701,2197.0558304272613
35850,34.95007684778678,886.9999999994701,2197.0721936429904
35851,34.95007684778678,887.0199999994701,2197.0885563420375
35852,34.95007684778678,887.0399999994701,2197.1049185244087
35853,34.95007684778678,887.05999999947,2197.1212801901106
35854,34.95007684778678,887.07999999947,2197.13764133915
35855,34.95007684778678,887.09999999947,2197.154001971533
35856,34.95007684778678,887.11999999947,2197.1703620872663
35857,34.95007684778678,887.13999999947,2197.186721686356
35858,34.95007684778678,887.15999999947,2197.2030807688093
35859,34.95007684778678,887.1799999994699,2197.2194393346317
35860,34.95007684778678,887.1999999994699,2197.2357973838302
35861,34.95007684778678,887.2199999994699,2197.2521549164117
35862,34.95007684778678,887.2399999994699,2197.268511932382
35863,34.95007684778678,887.2599999994699,2197.284868431748
35864,34.95007684778678,887.2799999994699,2197.3012244145157
35865,34.95007684778678,887.2999999994698,2197.317579880692
35866,34.95007684778678,887.3199999994698,2197.333934830283
35867,34.95007684778678,887.3399999994698,2197.3502892632955
35868,34.95007684778678,887.3599999994698,2197.366643179736
35869,34.95007684778678,887.3799999994698,2197.382996579611
35870,34.95007684778678,887.3999999994697,2197.3993494629262
35871,34.95007684778678,887.4199999994697,2197.415701829689
35872,34.95007684778678,887.4399999994697,2197.432053679906
35873,34.95007684778678,887.4599999994697,2197.448405013583
35874,34.95007684778678,887.4799999994697,2197.4647558307265
35875,34.95007684778678,887.4999999994697,2197.4811061313435
35876,34.95007684778678,887.5199999994696,2197.49745591544
35877,34.95007684778678,887.5399999994696,2197.513805183022
35878,34.95007684778678,887.5599999994696,2197.530153934097
35879,34.95007684778678,887.5799999994696,2197.5465021686714
35880,34.95007684778678,887.5999999994696,2197.562849886751
35881,34.95007684778678,887.6199999994695,2197.5791970883424
35882,34.95007684778678,887.6399999994695,2197.5955437734524
35883,34.95007684778678,887.6599999994695,2197.6118899420876
35884,34.95007684778678,887.6799999994695,2197.628235594254
35885,34.95007684778678,887.6999999994695,2197.6445807299583
35886,34.95007684778678,887.7199999994695,2197.660925349207
35887,34.95007684778678,887.7399999994694,2197.6772694520064
35888,34.95007684778678,887.7599999994694,2197.6936130388262
35889,34.95007684778678,887.7799999994694,2197.7099561102327
35890,34.95007684778678,887.7999999994694,2197.726298666243
35891,34.95007684778678,887.8199999994694,2197.7426407068638
35892,34.95007684778678,887.8399999994693,2197.758982232101
35893,34.95007684778678,887.8599999994693,2197.7753232419614
35894,34.95007684778678,887.8799999994693,2197.7916637364515
35895,34.95007684778678,887.8999999994693,2197.808003715578
35896,34.95007684778678,887.9199999994693,2197.8243431793467
35897,34.95007684778678,887.9399999994693,2197.840682127765
35898,34.95007684778678,887.9599999994692,2197.857020560839
35899,34.95007684778678,887.9799999994692,2197.8733584785746
35900,34.95007684778678,887.9999999994692,2197.889695880979
35901,34.95007684778678,888.0199999994692,2197.9060327680586
35902,34.95007684778678,888.0399999994692,2197.9223691398197
35903,34.95007684778678,888.0599999994691,2197.9387049962684
35904,34.95007684778678,888.0799999994691,2197.9550403374114
35905,34.95007684778678,888.0999999994691,2197.9713751632557
35906,34.95007684778678,888.1199999994691,2197.987709473807
35907,34.95007684778678,888.1399999994691,2198.0040432690726
35908,34.95007684778678,888.159999999469,2198.0203765490583
35909,34.95007684778678,888.179999999469,2198.0367093137706
35910,34.95007684778678,888.199999999469,2198.0530415632165
35911,34.95007684778678,888.219999999469,2198.069373297402
35912,34.95007684778678,888.239999999469,2198.0857045163334
35913,34.95007684778678,888.259999999469,2198.1020352200176
35914,34.95007684778678,888.2799999994689,2198.118365408461
35915,34.95007684778678,888.2999999994689,2198.13469508167
35916,34.95007684778678,888.3199999994689,2198.151024239651
35917,34.95007684778678,888.3399999994689,2198.167352882411
35918,34.95007684778678,888.3599999994689,2198.1836810099553
35919,34.95007684778678,888.3799999994689,2198.2000086222915
35920,34.95007684778678,888.3999999994688,2198.2163357194254
35921,34.95007684778678,888.4199999994688,2198.2326623013637
35922,34.95007684778678,888.4399999994688,2198.248988368113
35923,34.95007684778678,888.4599999994688,2198.2653139196796
35924,34.95007684778678,888.4799999994688,2198.28163895607
35925,34.95007684778678,888.4999999994687,2198.2979634772905
35926,34.95007684778678,888.5199999994687,2198.314287483348
35927,34.95007684778678,888.5399999994687,2198.3306109742484
35928,34.95007684778678,888.5599999994687,2198.3469339499984
35929,34.95007684778678,888.5799999994687,2198.3632564106047
35930,34.95007684778678,888.5999999994687,2198.3795783560736
35931,34.95007684778678,888.6199999994686,2198.3958997864115
35932,34.95007684778678,888.6399999994686,2198.412220701625
35933,34.95007684778678,888.6599999994686,2198.4285411017204
35934,34.95007684778678,888.6799999994686,2198.444860986704
35935,34.95007684778678,888.6999999994686,2198.4611803565826
35936,34.95007684778678,888.7199999994685,2198.4774992113626
35937,34.95007684778678,888.7399999994685,2198.4938175510506
35938,34.95007684778678,888.7599999994685,2198.510135375654
35939,34.95007684778678,888.7799999994685,2198.5264526857027
35940,34.95007684778678,888.7999999994685,2198.5427694817126
35941,34.95007684778678,888.8199999994685,2198.5590857636903
35942,34.95007684778678,888.8399999994684,2198.575401531642
35943,34.95007684778678,888.8599999994684,2198.5917167855746
35944,34.95007684778678,888.8799999994684,2198.608031525494
35945,34.95007684778678,888.8999999994684,2198.624345751407
35946,34.95007684778678,888.9199999994684,2198.6406594633204
35947,34.95007684778678,888.9399999994683,2198.65697266124
35948,34.95007684778678,888.9599999994683,2198.673285345173
35949,34.95007684778678,888.9799999994683,2198.689597515125
35950,34.95007684778678,888.9999999994683,2198.705909171103
35951,34.95007684778678,889.0199999994683,2198.7222203131137
35952,34.95007684778678,889.0399999994683,2198.738530941163
35953,34.95007684778678,889.0599999994682,2198.7548410552577
35954,34.95007684778678,889.0799999994682,2198.771150655404
35955,34.95007684778678,889.0999999994682,2198.787459741609
35956,34.95007684778678,889.1199999994682,2198.803768313878
35957,34.95007684778678,889.1399999994682,2198.820076372219
35958,34.95007684778678,889.1599999994681,2198.8363839166373
35959,34.95007684778678,889.1799999994681,2198.8526909471398
35960,34.95007684778678,889.1999999994681,2198.8689974637327
35961,34.95007684778678,889.2199999994681,2198.885303466423
35962,34.95007684778678,889.2399999994681,2198.9016089552165
35963,34.95007684778678,889.259999999468,2198.91791393012
35964,34.95007684778678,889.279999999468,2198.9342183911403
35965,34.95007684778678,889.299999999468,2198.9505223382835
35966,34.95007684778678,889.319999999468,2198.9668257715557
35967,34.95007684778678,889.339999999468,2198.983128690964
35968,34.95007684778678,889.359999999468,2198.9994310965144
35969,34.95007684778678,889.3799999994679,2199.0157329882136
35970,34.95007684778678,889.3999999994679,2199.0320343660683
35971,34.95007684778678,889.4199999994679,2199.0483352300844
35972,34.95007684778678,889.4399999994679,2199.0646355802687
35973,34.95007684778678,889.4599999994679,2199.0809354166277
35974,34.95007684778678,889.4799999994679,2199.097234739168
35975,34.95007684778678,889.4999999994678,2199.1135335478957
35976,34.95007684778678,889.5199999994678,2199.1298318428176
35977,34.95007684778678,889.5399999994678,2199.14612962394
35978,34.95007684778678,889.5599999994678,2199.162426891269
35979,34.95007684778678,889.5799999994678,2199.1787236448117
35980,34.95007684778678,889.5999999994677,2199.1950198845743
35981,34.95007684778678,889.6199999994677,2199.211315610563
35982,34.95007684778678,889.6399999994677,2199.2276108227843
35983,34.95007684778678,889.6599999994677,2199.243905521245
35984,34.95007684778678,889.6799999994677,2199.2601997059514
35985,34.95007684778678,889.6999999994677,2199.27649337691
35986,34.95007684778678,889.7199999994676,2199.292786534127
35987,34.95007684778678,889.7399999994676,2199.3090791776094
35988,34.95007684778678,889.7599999994676,2199.325371307363
35989,34.95007684778678,889.7799999994676,2199.341662923409
35990,34.95007684778678,889.7999999994676,2199.357954026334
35991,34.95007684778678,889.8199999994675,2199.374244616601
35992,34.95007684778678,889.8399999994675,2199.3905346942165
35993,34.95007684778678,889.8599999994675,2199.4068242591866
35994,34.95007684778678,889.8799999994675,2199.4231133115177
35995,34.95007684778678,889.8999999994675,2199.4394018512166
35996,34.95007684778678,889.9199999994674,2199.4556898782894
35997,34.95007684778678,889.9399999994674,2199.4719773927422
35998,34.95007684778678,889.9599999994674,2199.488264394582
35999,34.95007684778678,889.9799999994674,2199.5045508838148
36000,34.95007684778678,889.9999999994674,2199.520836860447
36001,34.95007684778678,890.0199999994674,2199.537122324485
36002,34.95007684778678,890.0399999994673,2199.5534072759356
36003,34.95007684778678,890.0599999994673,2199.569691714805
36004,34.95007684778678,890.0799999994673,2199.5859756410987
36005,34.95007684778678,890.0999999994673,2199.602259054824
36006,34.95007684778678,890.1199999994673,2199.6185419559874
36007,34.95007684778678,890.1399999994672,2199.634824344595
36008,34.95007684778678,890.1599999994672,2199.651106220653
36009,34.95007684778678,890.1799999994672,2199.6673875841684
36010,34.95007684778678,890.1999999994672,2199.683668435147
36011,34.95007684778678,890.2199999994672,2199.699948773595
36012,34.95007684778678,890.2399999994672,2199.7162285995196
36013,34.95007684778678,890.2599999994671,2199.7325079129264
36014,34.95007684778678,890.2799999994671,2199.748786713822
36015,34.95007684778678,890.2999999994671,2199.765065002213
36016,34.95007684778678,890.3199999994671,2199.7813427781057
36017,34.95007684778678,890.3399999994671,2199.7976200415064
36018,34.95007684778678,890.359999999467,2199.8138967924215
36019,34.95007684778678,890.379999999467,2199.8301730308576
36020,34.95007684778678,890.399999999467,2199.846448756821
36021,34.95007684778678,890.419999999467,2199.862723970318
36022,34.95007684778678,890.439999999467,2199.8789986713546
36023,34.95007684778678,890.459999999467,2199.895272859938
36024,34.95007684778678,890.4799999994669,2199.9115465360737
36025,34.95007684778678,890.4999999994669,2199.927819699769
36026,34.95007684778678,890.5199999994669,2199.944092351029
36027,34.95007684778678,890.5399999994669,2199.9603644898616
36028,34.95007684778678,890.5599999994669,2199.9766361162724
36029,34.95007684778678,890.5799999994668,2199.9929072302675
36030,34.95007684778678,890.5999999994668,2200.0091778320984
36031,34.95007684778678,890.6199999994668,2200.025447923186
36032,34.95007684778678,890.6399999994668,2200.0417175036673
36033,34.95007684778678,890.6599999994668,2200.057986573548
36034,34.95007684778678,890.6799999994668,2200.074255132835
36035,34.95007684778678,890.6999999994667,2200.0905231815345
36036,34.95007684778678,890.7199999994667,2200.1067907196534
36037,34.95007684778678,890.7399999994667,2200.123057747198
36038,34.95007684778678,890.7599999994667,2200.139324264175
36039,34.95007684778678,890.7799999994667,2200.1555902705904
36040,34.95007684778678,890.7999999994666,2200.171855766477
36041,34.95007684778678,890.8199999994666,2200.1881207524693
36042,34.89895008780314,890.8399999994666,2200.2043852289657
36043,34.89895008780314,890.8599999994666,2200.2206491959732
36044,34.89895008780314,890.8799999994666,2200.236912653498
36045,34.89895008780314,890.8999999994666,2200.2531756015474
36046,34.89895008780314,890.9199999994665,2200.269438040127
36047,34.89895008780314,890.9399999994665,2200.2856999692444
36048,34.89895008780314,890.9599999994665,2200.3019613889055
36049,34.89895008780314,890.9799999994665,2200.318222299117
36050,34.89895008780314,890.9999999994665,2200.334482699886
36051,34.89895008780314,891.0199999994664,2200.3507425912185
36052,34.89895008780314,891.0399999994664,2200.367001973121
36053,34.89895008780314,891.0599999994664,2200.383260845601
36054,34.89895008780314,891.0799999994664,2200.399519208664
36055,34.89895008780314,891.0999999994664,2200.4157770623174
36056,34.89895008780314,891.1199999994664,2200.4320344065677
36057,34.89895008780314,891.1399999994663,2200.4482912414214
36058,34.89895008780314,891.1599999994663,2200.464547566885
36059,34.89895008780314,891.1799999994663,2200.480803382965
36060,34.89895008780314,891.1999999994663,2200.4970586896684
36061,34.89895008780314,891.2199999994663,2200.5133134870016
36062,34.89895008780314,891.2399999994662,2200.529567774971
36063,34.89895008780314,891.2599999994662,2200.5458215535837
36064,34.89895008780314,891.2799999994662,2200.5620748228457
36065,34.89895008780314,891.2999999994662,2200.578327582764
36066,34.89895008780314,891.3199999994662,2200.594579833345
36067,34.89895008780314,891.3399999994662,2200.6108315745955
36068,34.89895008780314,891.3599999994661,2200.627082806522
36069,34.89895008780314,891.3799999994661,2200.6433335291313
36070,34.89895008780314,891.3999999994661,2200.6595837424297
36071,34.89895008780314,891.4199999994661,2200.675833446424
36072,34.89895008780314,891.4399999994661,2200.6920826411206
36073,34.89895008780314,891.459999999466,2200.708331326526
36074,34.89895008780314,891.479999999466,2200.7245795026474
36075,34.89895008780314,891.499999999466,2200.740827169491
36076,34.89895008780314,891.519999999466,2200.757074327063
36077,34.89895008780314,891.539999999466,2200.7733209753706
36078,34.89895008780314,891.559999999466,2200.78956711442
36079,34.89895008780314,891.5799999994659,2200.805812744218
36080,34.89895008780314,891.5999999994659,2200.8220578647715
36081,34.89895008780314,891.6199999994659,2200.8383024760865
36082,34.89895008780314,891.6399999994659,2200.85454657817
36083,34.89895008780314,891.6599999994659,2200.8707901710286
36084,34.89895008780314,891.6799999994658,2200.887033254669
36085,34.89895008780314,891.6999999994658,2200.9032758290973
36086,34.89895008780314,891.7199999994658,2200.9195178943205
36087,34.89895008780314,891.7399999994658,2200.935759450345
36088,34.89895008780314,891.7599999994658,2200.9520004971773
36089,34.89895008780314,891.7799999994658,2200.968241034824
36090,34.89895008780314,891.7999999994657,2200.984481063292
36091,34.89895008780314,891.8199999994657,2201.0007205826246
36092,34.89895008780314,891.8399999994657,2201.0169595934663
36093,34.89895008780314,891.8599999994657,2201.033198096136
36094,34.89895008780314,891.8799999994657,2201.0494360906405
36095,34.89895008780314,891.8999999994656,2201.065673576986
36096,34.89895008780314,891.9199999994656,2201.081910555179
36097,34.89895008780314,891.9399999994656,2201.0981470252264
36098,34.89895008780314,891.9599999994656,2201.1143829871344
36099,34.89895008780314,891.9799999994656,2201.13061844091
36100,34.89895008780314,891.9999999994656,2201.1468533865595
36101,34.89895008780314,892.0199999994655,2201.1630878240894
36102,34.89895008780314,892.0399999994655,2201.1793217535064
36103,34.89895008780314,892.0599999994655,2201.195555174817
36104,34.89895008780314,892.0799999994655,2201.211788088028
36105,34.89895008780314,892.0999999994655,2201.2280204931453
36106,34.89895008780314,892.1199999994654,2201.244252390176
36107,34.89895008780314,892.1399999994654,2201.2604837791264
36108,34.89895008780314,892.1599999994654,2201.276714660003
36109,34.89895008780314,892.1799999994654,2201.292945032813
36110,34.89895008780314,892.1999999994654,2201.309174897562
36111,34.89895008780314,892.2199999994654,2201.325404254257
36112,34.89895008780314,892.2399999994653,2201.341633102905
36113,34.89895008780314,892.2599999994653,2201.3578614435114
36114,34.89895008780314,892.2799999994653,2201.374089276084
36115,34.89895008780314,892.2999999994653,2201.3903166006285
36116,34.89895008780314,892.3199999994653,2201.4065434171516
36117,34.89895008780314,892.3399999994652,2201.42276972566
36118,34.89895008780314,892.3599999994652,2201.4389955261604
36119,34.89895008780314,892.3799999994652,2201.455220818659
36120,34.89895008780314,892.3999999994652,2201.471445603163
36121,34.89895008780314,892.4199999994652,2201.4876698796784
36122,34.89895008780314,892.4399999994652,2201.503893648212
36123,34.89895008780314,892.4599999994651,2201.52011690877
36124,34.89895008780314,892.4799999994651,2201.5363396613593
36125,34.89895008780314,892.4999999994651,2201.5525619059863
36126,34.89895008780314,892.5199999994651,2201.5687836426573
36127,34.89895008780314,892.5399999994651,2201.585004871379
36128,34.89895008780314,892.559999999465,2201.6012255921582
36129,34.89895008780314,892.579999999465,2201.6174458050014
36130,34.89895008780314,892.599999999465,2201.633665509915
36131,34.89895008780314,892.619999999465,2201.649884706905
36132,34.89895008780314,892.639999999465,2201.666103395979
36133,34.89895008780314,892.659999999465,2201.6823215771433
36134,34.89895008780314,892.6799999994649,2201.698539250404
36135,34.89895008780314,892.6999999994649,2201.7147564157676
36136,34.89895008780314,892.7199999994649,2201.7309730732413
36137,34.89895008780314,892.7399999994649,2201.747189222831
36138,34.89895008780314,892.7599999994649,2201.7634048645436
36139,34.89895008780314,892.7799999994648,2201.7796199983854
36140,34.89895008780314,892.7999999994648,2201.795834624363
36141,34.89895008780314,892.8199999994648,2201.8120487424835
36142,34.89895008780314,892.8399999994648,2201.8282623528025
36143,34.89895008780314,892.8599999994648,2201.844475456036
36144,34.89895008780314,892.8799999994648,2201.860688052453
36145,34.89895008780314,892.8999999994647,2201.8769001420605
36146,34.89895008780314,892.9199999994647,2201.893111724865
36147,34.89895008780314,892.9399999994647,2201.9093228008724
36148,34.89895008780314,892.9599999994647,2201.92553337009
36149,34.89895008780314,892.9799999994647,2201.941743432524
36150,34.89895008780314,892.9999999994646,2201.957952988181
36151,34.89895008780314,893.0199999994646,2201.974162037068
36152,34.89895008780314,893.0399999994646,2201.9903705791908
36153,34.89895008780314,893.0599999994646,2202.0065786145565
36154,34.89895008780314,893.0799999994646,2202.0227861431713
36155,34.89895008780314,893.0999999994646,2202.0389931650416
36156,34.89895008780314,893.1199999994645,2202.0551996801746
36157,34.89895008780314,893.1399999994645,2202.0714056885763
36158,34.89895008780314,893.1599999994645,2202.0876111902535
36159,34.89895008780314,893.1799999994645,2202.1038161852125
36160,34.89895008780314,893.1999999994645,2202.12002067346
36161,34.89895008780314,893.2199999994644,2202.136224655003
36162,34.89895008780314,893.2399999994644,2202.152428129847
36163,34.89895008780314,893.2599999994644,2202.1686310979994
36164,34.89895008780314,893.2799999994644,2202.1848335594664
36165,34.89895008780314,893.2999999994644,2202.2010355142547
36166,34.89895008780314,893.3199999994644,2202.217236962371
36167,34.89895008780314,893.3399999994643,2202.233437903821
36168,34.89895008780314,893.3599999994643,2202.2496383386124
36169,34.89895008780314,893.3799999994643,2202.265838266751
36170,34.89895008780314,893.3999999994643,2202.2820376882432
36171,34.89895008780314,893.4199999994643,2202.298236603096
36172,34.89895008780314,893.4399999994642,2202.314435011316
36173,34.89895008780314,893.4599999994642,2202.3306329129096
36174,34.89895008780314,893.4799999994642,2202.346830307883
36175,34.89895008780314,893.4999999994642,2202.3630271962434
36176,34.89895008780314,893.5199999994642,2202.379223577997
36177,34.89895008780314,893.5399999994642,2202.39541945315
36178,34.89895008780314,893.5599999994641,2202.4116148217095
36179,34.89895008780314,893.5799999994641,2202.4278096836815
36180,34.89895008780314,893.5999999994641,2202.444004039073
36181,34.89895008780314,893.6199999994641,2202.4601978878904
36182,34.89895008780314,893.6399999994641,2202.47639123014
36183,34.89895008780314,893.659999999464,2202.492584065829
36184,34.89895008780314,893.679999999464,2202.508776394963
36185,34.89895008780314,893.699999999464,2202.5249682175495
36186,34.89895008780314,893.719999999464,2202.5411595335945
36187,34.89895008780314,893.739999999464,2202.5573503431046
36188,34.89895008780314,893.759999999464,2202.5735406460863
36189,34.89895008780314,893.7799999994639,2202.589730442546
36190,34.89895008780314,893.7999999994639,2202.6059197324907
36191,34.89895008780314,893.8199999994639,2202.6221085159264
36192,34.89895008780314,893.8399999994639,2202.63829679286
36193,34.89895008780314,893.8599999994639,2202.6544845633593
36194,34.89895008780314,893.8799999994638,2202.6706718281894
36195,34.89895008780314,893.8999999994638,2202.686858587559
36196,34.89895008780314,893.9199999994638,2202.7030448414744
36197,34.89895008780314,893.9399999994638,2202.719230589942
36198,34.89895008780314,893.9599999994638,2202.735415832969
36199,34.89895008780314,893.9799999994638,2202.7516005705615
36200,34.89895008780314,893.9999999994637,2202.767784802726
36201,34.89895008780314,894.0199999994637,2202.7839685294693
36202,34.89895008780314,894.0399999994637,2202.800151750798
36203,34.89895008780314,894.0599999994637,2202.8163344667178
36204,34.89895008780314,894.0799999994637,2202.832516677236
36205,34.89895008780314,894.0999999994636,2202.848698382359
36206,34.89895008780314,894.1199999994636,2202.864879582093
36207,34.89895008780314,894.1399999994636,2202.881060276445
36208,34.89895008780314,894.1599999994636,2202.897240465422
36209,34.89895008780314,894.1799999994636,2202.913420149029
36210,34.89895008780314,894.1999999994636,2202.929599327274
36211,34.89895008780314,894.2199999994635,2202.945778000163
36212,34.89895008780314,894.2399999994635,2202.9619561677023
36213,34.89895008780314,894.2599999994635,2202.9781338298985
36214,34.89895008780314,894.2799999994635,2202.9943109867586
36215,34.89895008780314,894.2999999994635,2203.010487638289
36216,34.89895008780314,894.3199999994634,2203.0266637844957
36217,34.89895008780314,894.3399999994634,2203.0428394253854
36218,34.89895008780314,894.3599999994634,2203.059014560965
36219,34.89895008780314,894.3799999994634,2203.075189191241
36220,34.89895008780314,894.3999999994634,2203.0913633162195
36221,34.89895008780314,894.4199999994634,2203.1075369359073
36222,34.89895008780314,894.4399999994633,2203.1237100503113
36223,34.89895008780314,894.4599999994633,2203.1398826594377
36224,34.89895008780314,894.4799999994633,2203.156054763293
36225,34.89895008780314,894.4999999994633,2203.1722263618835
36226,34.89895008780314,894.5199999994633,2203.188397455216
36227,34.89895008780314,894.5399999994632,2203.204568043297
36228,34.89895008780314,894.5599999994632,2203.2207381261333
36229,34.89895008780314,894.5799999994632,2203.236907703731
36230,34.89895008780314,894.5999999994632,2203.253076776097
36231,34.89895008780314,894.6199999994632,2203.2692453432373
36232,34.89895008780314,894.6399999994632,2203.285413405159
36233,34.89895008780314,894.6599999994631,2203.3015809618682
36234,34.89895008780314,894.6799999994631,2203.317748013372
36235,34.89895008780314,894.6999999994631,2203.333914559676
36236,34.89895008780314,894.7199999994631,2203.3500806007874
36237,34.89895008780314,894.7399999994631,2203.3662461367126
36238,34.89895008780314,894.759999999463,2203.382411167458
36239,34.89895008780314,894.779999999463,2203.3985756930306
36240,34.89895008780314,894.799999999463,2203.414739713436
36241,34.89895008780314,894.819999999463,2203.430903228682
36242,34.89895008780314,894.839999999463,2203.447066238774
36243,34.89895008780314,894.859999999463,2203.463228743719
36244,34.89895008780314,894.8799999994629,2203.4793907436006
36245,34.89895008780314,894.8999999994629,2203.4955522392665
36246,34.89895008780314,894.9199999994629,2203.5117132308715
36247,34.89895008780314,894.9399999994629,2203.527873718422
36248,34.89895008780314,894.9599999994629,2203.5440337019254
36249,34.89895008780314,894.9799999994628,2203.560193181387
36250,34.89895008780314,894.9999999994628,2203.576352156814
36251,34.89895008780314,895.0199999994628,2203.592510628213
36252,34.89895008780314,895.0399999994628,2203.60866859559
36253,34.89895008780314,895.0599999994628,2203.6248260589523
36254,34.89895008780314,895.0799999994628,2203.6409830183056
36255,34.89895008780314,895.0999999994627,2203.657139473657
36256,34.89895008780314,895.1199999994627,2203.673295425013
36257,34.89895008780314,895.1399999994627,2203.6894508723794
36258,34.89895008780314,895.1599999994627,2203.7056058157636
36259,34.89895008780314,895.1799999994627,2203.721760255172
36260,34.89895008780314,895.1999999994626,2203.7379141906104
36261,34.89895008780314,895.2199999994626,2203.754067622086
36262,34.89895008780314,895.2399999994626,2203.7702205496053
36263,34.89895008780314,895.2599999994626,2203.7863729731744
36264,34.89895008780314,895.2799999994626,2203.8025248927997
36265,34.89895008780314,895.2999999994626,2203.818676308488
36266,34.89895008780314,895.3199999994625,2203.8348272202466
36267,34.89895008780314,895.3399999994625,2203.8509776280807
36268,34.89895008780314,895.3599999994625,2203.8671275319975
36269,34.89895008780314,895.3799999994625,2203.883276932004
36270,34.8479478577678,895.3999999994625,2203.8994258281054
36271,34.8479478577678,895.4199999994624,2203.9155742203093
36272,34.8479478577678,895.4399999994624,2203.9317221086217
36273,34.8479478577678,895.4599999994624,2203.9478694930494
36274,34.8479478577678,895.4799999994624,2203.964016373599
36275,34.8479478577678,895.4999999994624,2203.9801627502766
36276,34.8479478577678,895.5199999994624,2203.996308623089
36277,34.8479478577678,895.5399999994623,2204.0124539920425
36278,34.8479478577678,895.5599999994623,2204.028598857144
36279,34.8479478577678,895.5799999994623,2204.0447432183996
36280,34.8479478577678,895.5999999994623,2204.060887075816
36281,34.8479478577678,895.6199999994623,2204.0770304293997
36282,34.8479478577678,895.6399999994622,2204.0931732791573
36283,34.8479478577678,895.6599999994622,2204.109315625095
36284,34.8479478577678,895.6799999994622,2204.12545746722
36285,34.8479478577678,895.6999999994622,2204.141598805538
36286,34.8479478577678,895.7199999994622,2204.1577396400558
36287,34.8479478577678,895.7399999994622,2204.17387997078
36288,34.8479478577678,895.7599999994621,2204.190019797717
36289,34.8479478577678,895.7799999994621,2204.2061591208735
36290,34.8479478577678,895.7999999994621,2204.222297940256
36291,34.8479478577678,895.8199999994621,2204.2384362558705
36292,34.8479478577678,895.8399999994621,2204.254574067724
36293,34.8479478577678,895.859999999462,2204.2707113758233
36294,34.8479478577678,895.879999999462,2204.2868481801743
36295,34.8479478577678,895.899999999462,2204.302984480867
36296,34.8479478577678,895.919999999462,2204.319120278709
36297,34.8479478577678,895.939999999462,2204.3352555737856
36298,34.8479478577678,895.959999999462,2204.3513903661037
36299,34.8479478577678,895.9799999994619,2204.36752465567
36300,34.8479478577678,895.9999999994619,2204.3836584424907
36301,34.8479478577678,896.0199999994619,2204.3997917265724
36302,34.8479478577678,896.0399999994619,2204.4159245079218
36303,34.8479478577678,896.0599999994619,2204.4320567865448
36304,34.8479478577678,896.0799999994618,2204.448188562448
36305,34.8479478577678,896.0999999994618,2204.464319835639
36306,34.8479478577678,896.1199999994618,2204.480450606123
36307,34.8479478577678,896.1399999994618,2204.496580873907
36308,34.8479478577678,896.1599999994618,2204.5127106389978
36309,34.8479478577678,896.1799999994618,2204.528839901401
36310,34.8479478577678,896.1999999994617,2204.544968661124
36311,34.8479478577678,896.2199999994617,2204.561096918173
36312,34.8479478577678,896.2399999994617,2204.577224672554
36313,34.8479478577678,896.2599999994617,2204.5933519242744
36314,34.8479478577678,896.2799999994617,2204.60947867334
36315,34.8479478577678,896.2999999994616,2204.6256049197577
36316,34.8479478577678,896.3199999994616,2204.641730663534
36317,34.8479478577678,896.3399999994616,2204.657855904675
36318,34.8479478577678,896.3599999994616,2204.673980643188
36319,34.8479478577678,896.3799999994616,2204.6901048790783
36320,34.8479478577678,896.3999999994616,2204.706228612353
36321,34.8479478577678,896.4199999994615,2204.7223518430183
36322,34.8479478577678,896.4399999994615,2204.738474571081
36323,34.8479478577678,896.4599999994615,2204.754596796548
36324,34.8479478577678,896.4799999994615,2204.7707185194254
36325,34.8479478577678,896.4999999994615,2204.7868397397197
36326,34.8479478577678,896.5199999994614,2204.802960457437
36327,34.8479478577678,896.5399999994614,2204.8190806725843
36328,34.8479478577678,896.5599999994614,2204.835200385168
36329,34.8479478577678,896.5799999994614,2204.851319595194
36330,34.8479478577678,896.5999999994614,2204.8674383026696
36331,34.8479478577678,896.6199999994614,2204.883556507601
36332,34.8479478577678,896.6399999994613,2204.899674209995
36333,34.8479478577678,896.6599999994613,2204.9157914098573
36334,34.8479478577678,896.6799999994613,2204.931908107195
36335,34.8479478577678,896.6999999994613,2204.9480243020143
36336,34.8479478577678,896.7199999994613,2204.964139994322
36337,34.8479478577678,896.7399999994612,2204.9802551841244
36338,34.8479478577678,896.7599999994612,2204.9963698714278
36339,34.8479478577678,896.7799999994612,2205.012484056239
36340,34.8479478577678,896.7999999994612,2205.0285977385643
36341,34.8479478577678,896.8199999994612,2205.04471091841
36342,34.8479478577678,896.8399999994612,2205.0608235957834
36343,34.8479478577678,896.8599999994611,2205.0769357706904
36344,34.8479478577678,896.8799999994611,2205.0930474431375
36345,34.8479478577678,896.8999999994611,2205.109158613131
36346,34.8479478577678,896.9199999994611,2205.1252692808243
36347,34.8479478577678,896.9399999994611,2205.141379447015
36348,34.8479478577678,896.959999999461,2205.1574891117807
36349,34.8479478577678,896.979999999461,2205.173598275128
36350,34.8479478577678,896.999999999461,2205.189706937063
36351,34.8479478577678,897.019999999461,2205.2058150975927
36352,34.8479478577678,897.039999999461,2205.221922756723
36353,34.8479478577678,897.059999999461,2205.238029914461
36354,34.8479478577678,897.0799999994609,2205.254136570813
36355,34.8479478577678,897.0999999994609,2205.2702427257855
36356,34.8479478577678,897.1199999994609,2205.2863483793844
36357,34.8479478577678,897.1399999994609,2205.302453531617
36358,34.8479478577678,897.1599999994609,2205.3185581824896
36359,34.8479478577678,897.1799999994608,2205.3346623320085
36360,34.8479478577678,897.1999999994608,2205.3507659801803
36361,34.8479478577678,897.2199999994608,2205.3668691270113
36362,34.8479478577678,897.2399999994608,2205.382971772508
36363,34.8479478577678,897.2599999994608,2205.399073916677
36364,34.8479478577678,897.2799999994608,2205.415175559525
36365,34.8479478577678,897.2999999994607,2205.431276701058
36366,34.8479478577678,897.3199999994607,2205.447377341283
36367,34.8479478577678,897.3399999994607,2205.4634774802057
36368,34.8479478577678,897.3599999994607,2205.4795771178333
36369,34.8479478577678,897.3799999994607,2205.4956762541724
36370,34.8479478577678,897.3999999994606,2205.511774889229
36371,34.8479478577678,897.4199999994606,2205.5278730230098
36372,34.8479478577678,897.4399999994606,2205.543970655521
36373,34.8479478577678,897.4599999994606,2205.5600677867697
36374,34.8479478577678,897.4799999994606,2205.576164416762
36375,34.8479478577678,897.4999999994606,2205.592260545504
36376,34.8479478577678,897.5199999994605,2205.6083561730024
36377,34.8479478577678,897.5399999994605,2205.6244512992644
36378,34.8479478577678,897.5599999994605,2205.6405459242956
36379,34.8479478577678,897.5799999994605,2205.656640048103
36380,34.8479478577678,897.5999999994605,2205.6727336706927
36381,34.8479478577678,897.6199999994604,2205.6888267920713
36382,34.8479478577678,897.6399999994604,2205.7049194122455
36383,34.8479478577678,897.6599999994604,2205.7210115312214
36384,34.8479478577678,897.6799999994604,2205.7371031490056
36385,34.8479478577678,897.6999999994604,2205.7531942656046
36386,34.8479478577678,897.7199999994604,2205.769284881025
36387,34.8479478577678,897.7399999994603,2205.7853749952733
36388,34.8479478577678,897.7599999994603,2205.8014646083557
36389,34.8479478577678,897.7799999994603,2205.817553720279
36390,34.8479478577678,897.7999999994603,2205.8336423310498
36391,34.8479478577678,897.8199999994603,2205.849730440674
36392,34.8479478577678,897.8399999994602,2205.8658180491584
36393,34.8479478577678,897.8599999994602,2205.8819051565097
36394,34.8479478577678,897.8799999994602,2205.897991762734
36395,34.8479478577678,897.8999999994602,2205.9140778678375
36396,34.8479478577678,897.9199999994602,2205.930163471827
36397,34.8479478577678,897.9399999994602,2205.946248574916
36398,34.8479478577678,897.9599999994601,2205.962333177854
36399,34.8479478577678,897.9799999994601,2205.9784172807067
36400,34.8479478577678,897.9999999994601,2205.994500883481
36401,34.8479478577678,898.0199999994601,2206.0105839861835
36402,34.8479478577678,898.0399999994601,2206.0266665888203
36403,34.8479478577678,898.05999999946,2206.042748691398
36404,34.8479478577678,898.07999999946,2206.0588302939236
36405,34.8479478577678,898.09999999946,2206.074911396403
36406,34.8479478577678,898.11999999946,2206.0909919988426
36407,34.8479478577678,898.13999999946,2206.1070721012493
36408,34.8479478577678,898.15999999946,2206.1231517036294
36409,34.8479478577678,898.1799999994599,2206.1392308059894
36410,34.8479478577678,898.1999999994599,2206.1553094083356
36411,34.8479478577678,898.2199999994599,2206.1713875106743
36412,34.8479478577678,898.2399999994599,2206.1874651130124
36413,34.8479478577678,898.2599999994599,2206.2035422153563
36414,34.8479478577678,898.2799999994598,2206.219618817712
36415,34.8479478577678,898.2999999994598,2206.235694920087
36416,34.8479478577678,898.3199999994598,2206.2517705224873
36417,34.8479478577678,898.3399999994598,2206.267845624919
36418,34.8479478577678,898.3599999994598,2206.283920227389
36419,34.8479478577678,898.3799999994598,2206.2999943299033
36420,34.8479478577678,898.3999999994597,2206.3160679324687
36421,34.8479478577678,898.4199999994597,2206.332141035092
36422,34.8479478577678,898.4399999994597,2206.348213637779
36423,34.8479478577678,898.4599999994597,2206.364285740536
36424,34.8479478577678,898.4799999994597,2206.3803573433706
36425,34.8479478577678,898.4999999994596,2206.3964284462886
36426,34.8479478577678,898.5199999994596,2206.4124990492965
36427,34.8479478577678,898.5399999994596,2206.4285691524005
36428,34.8479478577678,898.5599999994596,2206.4446387556072
36429,34.8479478577678,898.5799999994596,2206.4607078589233
36430,34.8479478577678,898.5999999994596,2206.4767764623552
36431,34.8479478577678,898.6199999994595,2206.4928445659093
36432,34.8479478577678,898.6399999994595,2206.5089121695923
36433,34.8479478577678,898.6599999994595,2206.5249792734103
36434,34.8479478577678,898.6799999994595,2206.54104587737
36435,34.8479478577678,898.6999999994595,2206.5571119814776
36436,34.8479478577678,898.7199999994594,2206.5731775857403
36437,34.8479478577678,898.7399999994594,2206.5892426901637
36438,34.8479478577678,898.7599999994594,2206.6053072947548
36439,34.8479478577678,898.7799999994594,2206.62137139952
36440,34.8479478577678,898.7999999994594,2206.6374350044653
36441,34.8479478577678,898.8199999994594,2206.6534981095974
36442,34.8479478577678,898.8399999994593,2206.669560714923
36443,34.8479478577678,898.8599999994593,2206.6856228204488
36444,34.8479478577678,898.8799999994593,2206.7016844261807
36445,34.8479478577678,898.8999999994593,2206.7177455321253
36446,34.8479478577678,898.9199999994593,2206.7338061382893
36447,34.8479478577678,898.9399999994592,2206.749866244679
36448,34.8479478577678,898.9599999994592,2206.765925851569
36449,34.8479478577678,898.9799999994592,2206.7819849596663
36450,34.8479478577678,898.9999999994592,2206.7980435690256
36451,34.8479478577678,899.0199999994592,2206.814101679653
36452,34.8479478577678,899.0399999994592,2206.8301592915554
36453,34.8479478577678,899.0599999994591,2206.8462164047387
36454,34.8479478577678,899.0799999994591,2206.8622730192096
36455,34.8479478577678,899.0999999994591,2206.8783291349746
36456,34.8479478577678,899.1199999994591,2206.89438475204
36457,34.8479478577678,899.1399999994591,2206.910439870412
36458,34.8479478577678,899.159999999459,2206.9264944900974
36459,34.8479478577678,899.179999999459,2206.942548611102
36460,34.8479478577678,899.199999999459,2206.958602233433
36461,34.8479478577678,899.219999999459,2206.9746553570963
36462,34.8479478577678,899.239999999459,2206.9907079820982
36463,34.8479478577678,899.259999999459,2207.0067601084456
36464,34.8479478577678,899.2799999994589,2207.0228117361444
36465,34.8479478577678,899.2999999994589,2207.0388628652013
36466,34.8479478577678,899.3199999994589,2207.0549134956227
36467,34.8479478577678,899.3399999994589,2207.0709636274146
36468,34.8479478577678,899.3599999994589,2207.0870132605837
36469,34.8479478577678,899.3799999994588,2207.1030623951365
36470,34.8479478577678,899.3999999994588,2207.1191110310792
36471,34.8479478577678,899.4199999994588,2207.1351591684183
36472,34.8479478577678,899.4399999994588,2207.1512068071606
36473,34.8479478577678,899.4599999994588,2207.167253947312
36474,34.8479478577678,899.4799999994588,2207.183300588879
36475,34.8479478577678,899.4999999994587,2207.199346731868
36476,34.8479478577678,899.5199999994587,2207.2153923762853
36477,34.8479478577678,899.5399999994587,2207.2314375221376
36478,34.8479478577678,899.5599999994587,2207.2474821694314
36479,34.8479478577678,899.5799999994587,2207.2635263181724
36480,34.8479478577678,899.5999999994586,2207.2795699683675
36481,34.8479478577678,899.6199999994586,2207.295613120023
36482,34.8479478577678,899.6399999994586,2207.3116557731455
36483,34.8479478577678,899.6599999994586,2207.327697927741
36484,34.8479478577678,899.6799999994586,2207.3437395838164
36485,34.8479478577678,899.6999999994586,2207.3597807413776
36486,34.8479478577678,899.7199999994585,2207.3758214004315
36487,34.8479478577678,899.7399999994585,2207.391861560984
36488,34.8479478577678,899.7599999994585,2207.407901223042
36489,34.8479478577678,899.7799999994585,2207.4239403866113
36490,34.8479478577678,899.7999999994585,2207.4399790516986
36491,34.8479478577678,899.8199999994584,2207.4560172183105
36492,34.8479478577678,899.8399999994584,2207.472054886453
36493,34.8479478577678,899.8599999994584,2207.4880920561327
36494,34.8479478577678,899.8799999994584,2207.504128727356
36495,34.8479478577678,899.8999999994584,2207.5201649001297
36496,34.8479478577678,899.9199999994584,2207.5362005744596
36497,34.8479478577678,899.9399999994583,2207.5522357503523
36498,34.8479478577678,899.9599999994583,2207.5682704278142
36499,34.79706973344777,899.9799999994583,2207.584304607188
36500,34.79706973344777,899.9999999994583,2207.600338289151
36501,34.79706973344777,900.0199999994583,2207.616371473746
36502,34.79706973344777,900.0399999994582,2207.63240416098
36503,34.79706973344777,900.0599999994582,2207.64843635086
36504,34.79706973344777,900.0799999994582,2207.6644680433915
36505,34.79706973344777,900.0999999994582,2207.6804992385814
36506,34.79706973344777,900.1199999994582,2207.696529936437
36507,34.79706973344777,900.1399999994582,2207.712560136964
36508,34.79706973344777,900.1599999994581,2207.728589840169
36509,34.79706973344777,900.1799999994581,2207.744619046059
36510,34.79706973344777,900.1999999994581,2207.7606477546406
36511,34.79706973344777,900.2199999994581,2207.77667596592
36512,34.79706973344777,900.2399999994581,2207.7927036799033
36513,34.79706973344777,900.259999999458,2207.808730896598
36514,34.79706973344777,900.279999999458,2207.8247576160097
36515,34.79706973344777,900.299999999458,2207.840783838146
36516,34.79706973344777,900.319999999458,2207.8568095630126
36517,34.79706973344777,900.339999999458,2207.8728347906163
36518,34.79706973344777,900.359999999458,2207.8888595209637
36519,34.79706973344777,900.3799999994579,2207.9048837540613
36520,34.79706973344777,900.3999999994579,2207.920907489916
36521,34.79706973344777,900.4199999994579,2207.9369307285333
36522,34.79706973344777,900.4399999994579,2207.952953469921
36523,34.79706973344777,900.4599999994579,2207.9689757140845
36524,34.79706973344777,900.4799999994578,2207.9849974610315
36525,34.79706973344777,900.4999999994578,2208.0010187107678
36526,34.79706973344777,900.5199999994578,2208.0170394633
36527,34.79706973344777,900.5399999994578,2208.033059718635
36528,34.79706973344777,900.5599999994578,2208.049079476779
36529,34.79706973344777,900.5799999994578,2208.0650987377385
36530,34.79706973344777,900.5999999994577,2208.08111750152
36531,34.79706973344777,900.6199999994577,2208.0971357681306
36532,34.79706973344777,900.6399999994577,2208.113153537576
36533,34.79706973344777,900.6599999994577,2208.1291708098634
36534,34.79706973344777,900.6799999994577,2208.145187584999
36535,34.79706973344777,900.6999999994576,2208.161203862989
36536,34.79706973344777,900.7199999994576,2208.177219643841
36537,34.79706973344777,900.7399999994576,2208.1932349275608
36538,34.79706973344777,900.7599999994576,2208.209249714155
36539,34.79706973344777,900.7799999994576,2208.22526400363
36540,34.79706973344777,900.7999999994576,2208.2412777959926
36541,34.79706973344777,900.8199999994575,2208.2572910912495
36542,34.79706973344777,900.8399999994575,2208.2733038894066
36543,34.79706973344777,900.8599999994575,2208.2893161904713
36544,34.79706973344777,900.8799999994575,2208.3053279944493
36545,34.79706973344777,900.8999999994575,2208.3213393013475
36546,34.79706973344777,900.9199999994574,2208.337350111173
36547,34.79706973344777,900.9399999994574,2208.353360423931
36548,34.79706973344777,900.9599999994574,2208.369370239629
36549,34.79706973344777,900.9799999994574,2208.3853795582736
36550,34.79706973344777,900.9999999994574,2208.4013883802354
36551,34.79706973344777,901.0199999994574,2208.417396706089
36552,34.79706973344777,901.0399999994573,2208.433404535864
36553,34.79706973344777,901.0599999994573,2208.449411869567
36554,34.79706973344777,901.0799999994573,2208.4654187072038
36555,34.79706973344777,901.0999999994573,2208.481425048781
36556,34.79706973344777,901.1199999994573,2208.4974308943056
36557,34.79706973344777,901.1399999994572,2208.513436243784
36558,34.79706973344777,901.1599999994572,2208.529441097222
36559,34.79706973344777,901.1799999994572,2208.5454454546266
36560,34.79706973344777,901.1999999994572,2208.561449316004
36561,34.79706973344777,901.2199999994572,2208.5774526813616
36562,34.79706973344777,901.2399999994572,2208.5934555507047
36563,34.79706973344777,901.2599999994571,2208.6094579240403
36564,34.79706973344777,901.2799999994571,2208.6254598013747
36565,34.79706973344777,901.2999999994571,2208.641461182715
36566,34.79706973344777,901.3199999994571,2208.6574620680667
36567,34.79706973344777,901.3399999994571,2208.673462457437
36568,34.79706973344777,901.359999999457,2208.689462350832
36569,34.79706973344777,901.379999999457,2208.7054617482586
36570,34.79706973344777,901.399999999457,2208.7214606497228
36571,34.79706973344777,901.419999999457,2208.7374590552313
36572,34.79706973344777,901.439999999457,2208.7534569647905
36573,34.79706973344777,901.459999999457,2208.769454378407
36574,34.79706973344777,901.4799999994569,2208.785451296087
36575,34.79706973344777,901.4999999994569,2208.8014477178376
36576,34.79706973344777,901.5199999994569,2208.817443643665
36577,34.79706973344777,901.5399999994569,2208.833439073575
36578,34.79706973344777,901.5599999994569,2208.849434007575
36579,34.79706973344777,901.5799999994568,2208.8654284456707
36580,34.79706973344777,901.5999999994568,2208.881422387869
36581,34.79706973344777,901.6199999994568,2208.897415834176
36582,34.79706973344777,901.6399999994568,2208.913408784599
36583,34.79706973344777,901.6599999994568,2208.929401239144
36584,34.79706973344777,901.6799999994568,2208.945393197818
36585,34.79706973344777,901.6999999994567,2208.961384660626
36586,34.79706973344777,901.7199999994567,2208.977375627576
36587,34.79706973344777,901.7399999994567,2208.9933660986735
36588,34.79706973344777,901.7599999994567,2209.009356073925
36589,34.79706973344777,901.7799999994567,2209.0253455533375
36590,34.79706973344777,901.7999999994566,2209.0413345369175
36591,34.79706973344777,901.8199999994566,2209.057323024671
36592,34.79706973344777,901.8399999994566,2209.0733110166047
36593,34.79706973344777,901.8599999994566,2209.0892985127252
36594,34.79706973344777,901.8799999994566,2209.105285513039
36595,34.79706973344777,901.8999999994566,2209.121272017552
36596,34.79706973344777,901.9199999994565,2209.1372580262714
36597,34.79706973344777,901.9399999994565,2209.1532435392032
36598,34.79706973344777,901.9599999994565,2209.169228556354
36599,34.79706973344777,901.9799999994565,2209.1852130777306
36600,34.79706973344777,901.9999999994565,2209.201197103339
36601,34.79706973344777,902.0199999994564,2209.2171806336255
36602,34.79706973344777,902.0399999994564,2209.233163669143
36603,34.79706973344777,902.0599999994564,2209.24914620991
36604,34.79706973344777,902.0799999994564,2209.265128255933
36605,34.79706973344777,902.0999999994564,2209.281109807219
36606,34.79706973344777,902.1199999994564,2209.2970908637735
36607,34.79706973344777,902.1399999994563,2209.3130714256035
36608,34.79706973344777,902.1599999994563,2209.3290514927153
36609,34.79706973344777,902.1799999994563,2209.3450310651156
36610,34.79706973344777,902.1999999994563,2209.3610101428108
36611,34.79706973344777,902.2199999994563,2209.376988725807
36612,34.79706973344777,902.2399999994562,2209.3929668141113
36613,34.79706973344777,902.2599999994562,2209.40894440773
36614,34.79706973344777,902.2799999994562,2209.4249215066693
36615,34.79706973344777,902.2999999994562,2209.440898110936
36616,34.79706973344777,902.3199999994562,2209.456874220536
36617,34.79706973344777,902.3399999994562,2209.4728498354766
36618,34.79706973344777,902.3599999994561,2209.4888249557634
36619,34.79706973344777,902.3799999994561,2209.504799581404
36620,34.79706973344777,902.3999999994561,2209.5207737124038
36621,34.79706973344777,902.4199999994561,2209.5367473487695
36622,34.79706973344777,902.4399999994561,2209.552720490508
36623,34.79706973344777,902.459999999456,2209.5686931376254
36624,34.79706973344777,902.479999999456,2209.584665290128
36625,34.79706973344777,902.499999999456,2209.6006369480233
36626,34.79706973344777,902.519999999456,2209.6166081113165
36627,34.79706973344777,902.539999999456,2209.6325787800147
36628,34.79706973344777,902.559999999456,2209.648548954124
36629,34.79706973344777,902.5799999994559,2209.664518633652
36630,34.79706973344777,902.5999999994559,2209.6804878186035
36631,34.79706973344777,902.6199999994559,2209.696456508986
36632,34.79706973344777,902.6399999994559,2209.712424704806
36633,34.79706973344777,902.6599999994559,2209.72839240607
36634,34.79706973344777,902.6799999994558,2209.7443596127837
36635,34.79706973344777,902.6999999994558,2209.7603263249543
36636,34.79706973344777,902.7199999994558,2209.776292542588
36637,34.79706973344777,902.7399999994558,2209.7922582656915
36638,34.79706973344777,902.7599999994558,2209.808223494271
36639,34.79706973344777,902.7799999994558,2209.824188228333
36640,34.79706973344777,902.7999999994557,2209.840152467884
36641,34.79706973344777,902.8199999994557,2209.8561162129304
36642,34.79706973344777,902.8399999994557,2209.8720794634787
36643,34.79706973344777,902.8599999994557,2209.8880422195357
36644,34.79706973344777,902.8799999994557,2209.9040044811077
36645,34.79706973344777,902.8999999994556,2209.919966248201
36646,34.79706973344777,902.9199999994556,2209.935927520822
36647,34.79706973344777,902.9399999994556,2209.9518882989773
36648,34.79706973344777,902.9599999994556,2209.9678485826735
36649,34.79706973344777,902.9799999994556,2209.983808371917
36650,34.79706973344777,902.9999999994556,2209.999767666714
36651,34.79706973344777,903.0199999994555,2210.015726467939
36652,34.79706973344777,903.0399999994555,2210.0316847770055
36653,34.79706973344777,903.0599999994555,2210.047642594423
36654,34.79706973344777,903.0799999994555,2210.0635999201986
36655,34.79706973344777,903.0999999994555,2210.0795567543387
36656,34.79706973344777,903.1199999994554,2210.09551309685
36657,34.79706973344777,903.1399999994554,2210.111468947739
36658,34.79706973344777,903.1599999994554,2210.127424307012
36659,34.79706973344777,903.1799999994554,2210.143379174676
36660,34.79706973344777,903.1999999994554,2210.159333550737
36661,34.79706973344777,903.2199999994554,2210.1752874352014
36662,34.79706973344777,903.2399999994553,2210.1912408280764
36663,34.79706973344777,903.2599999994553,2210.207193729368
36664,34.79706973344777,903.2799999994553,2210.2231461390834
36665,34.79706973344777,903.2999999994553,2210.239098057228
36666,34.79706973344777,903.3199999994553,2210.2550494838097
36667,34.79706973344777,903.3399999994552,2210.271000418834
36668,34.79706973344777,903.3599999994552,2210.2869508623075
36669,34.79706973344777,903.3799999994552,2210.302900814237
36670,34.79706973344777,903.3999999994552,2210.3188502746293
36671,34.79706973344777,903.4199999994552,2210.3347992434906
36672,34.79706973344777,903.4399999994552,2210.3507477208273
36673,34.79706973344777,903.4599999994551,2210.366695706646
36674,34.79706973344777,903.4799999994551,2210.3826432009537
36675,34.79706973344777,903.4999999994551,2210.398590203756
36676,34.79706973344777,903.5199999994551,2210.4145367150604
36677,34.79706973344777,903.5399999994551,2210.430482734873
36678,34.79706973344777,903.559999999455,2210.4464282632
36679,34.79706973344777,903.579999999455,2210.462373300048
36680,34.79706973344777,903.599999999455,2210.478317845424
36681,34.79706973344777,903.619999999455,2210.4942618993346
36682,34.79706973344777,903.639999999455,2210.510205461786
36683,34.79706973344777,903.659999999455,2210.5261485327846
36684,34.79706973344777,903.6799999994549,2210.542091112337
36685,34.79706973344777,903.6999999994549,2210.5580332004497
36686,34.79706973344777,903.7199999994549,2210.5739747971293
36687,34.79706973344777,903.7399999994549,2210.5899159023825
36688,34.79706973344777,903.7599999994549,2210.6058565162157
36689,34.79706973344777,903.7799999994548,2210.6217966386353
36690,34.79706973344777,903.7999999994548,2210.637736269648
36691,34.79706973344777,903.8199999994548,2210.65367540926
36692,34.79706973344777,903.8399999994548,2210.669614057478
36693,34.79706973344777,903.8599999994548,2210.6855522143087
36694,34.79706973344777,903.8799999994548,2210.7014898797584
36695,34.79706973344777,903.8999999994547,2210.7174270538335
36696,34.79706973344777,903.9199999994547,2210.733363736541
36697,34.79706973344777,903.9399999994547,2210.749299927887
36698,34.79706973344777,903.9599999994547,2210.765235627878
36699,34.79706973344777,903.9799999994547,2210.781170836521
36700,34.79706973344777,903.9999999994546,2210.7971055538223
36701,34.79706973344777,904.0199999994546,2210.813039779788
36702,34.79706973344777,904.0399999994546,2210.828973514437
36703,34.79706973344777,904.0599999994546,2210.844906758347
36704,34.79706973344777,904.0799999994546,2210.860839511985
36705,34.79706973344777,904.0999999994546,2210.8767717753576
36706,34.79706973344777,904.1199999994545,2210.8927035484717
36707,34.79706973344777,904.1399999994545,2210.9086348313335
36708,34.79706973344777,904.1599999994545,2210.9245656239495
36709,34.79706973344777,904.1799999994545,2210.9404959263265
36710,34.79706973344777,904.1999999994545,2210.956425738471
36711,34.79706973344777,904.2199999994544,2210.9723550603894
36712,34.79706973344777,904.2399999994544,2210.988283892088
36713,34.79706973344777,904.2599999994544,2211.0042122335735
36714,34.79706973344777,904.2799999994544,2211.0201400848528
36715,34.79706973344777,904.2999999994544,2211.036067445932
36716,34.79706973344777,904.3199999994544,2211.051994316818
36717,34.79706973344777,904.3399999994543,2211.0679206975165
36718,34.79706973344777,904.3599999994543,2211.0838465880347
36719,34.79706973344777,904.3799999994543,2211.099771988379
36720,34.79706973344777,904.3999999994543,2211.115696898556
36721,34.79706973344777,904.4199999994543,2211.131621318572
36722,34.79706973344777,904.4399999994542,2211.1475452484337
36723,34.79706973344777,904.4599999994542,2211.1634686881475
36724,34.79706973344777,904.4799999994542,2211.17939163772
36725,34.79706973344777,904.4999999994542,2211.1953140971577
36726,34.79706973344777,904.5199999994542,2211.2112360664673
36727,34.79706973344777,904.5399999994542,2211.227157545655
36728,34.79706973344777,904.5599999994541,2211.2430785347274
36729,34.79706973344777,904.5799999994541,2211.258999033691
36730,34.79706973344777,904.5999999994541,2211.2749190425525
36731,34.79706973344777,904.6199999994541,2211.290838561318
36732,34.79706973344777,904.6399999994541,2211.306757589995
36733,34.79706973344777,904.659999999454,2211.3226761285887
36734,34.7463152924664,904.679999999454,2211.3385941771066
36735,34.7463152924664,904.699999999454,2211.3545117355548
36736,34.7463152924664,904.719999999454,2211.37042880394
36737,34.7463152924664,904.739999999454,2211.3863453822682
36738,34.7463152924664,904.759999999454,2211.402261470547
36739,34.7463152924664,904.7799999994539,2211.4181770687815
36740,34.7463152924664,904.7999999994539,2211.4340921769794
36741,34.7463152924664,904.8199999994539,2211.4500067951467
36742,34.7463152924664,904.8399999994539,2211.46592092329
36743,34.7463152924664,904.8599999994539,2211.481834561416
36744,34.7463152924664,904.8799999994538,2211.4977477095304
36745,34.7463152924664,904.8999999994538,2211.5136603676406
36746,34.7463152924664,904.9199999994538,2211.529572535753
36747,34.7463152924664,904.9399999994538,2211.545484213874
36748,34.7463152924664,904.9599999994538,2211.5613954020096
36749,34.7463152924664,904.9799999994538,2211.577306100167
36750,34.7463152924664,904.9999999994537,2211.5932163083526
36751,34.7463152924664,905.0199999994537,2211.6091260265725
36752,34.7463152924664,905.0399999994537,2211.6250352548336
36753,34.7463152924664,905.0599999994537,2211.6409439931645
36754,34.7463152924664,905.0799999994537,2211.6568522421317
36755,34.7463152924664,905.0999999994536,2211.672760002102
36756,34.7463152924664,905.1199999994536,2211.688667273083
36757,34.7463152924664,905.1399999994536,2211.7045740550802
36758,34.7463152924664,905.1599999994536,2211.7204803481004
36759,34.7463152924664,905.1799999994536,2211.73638615215
36760,34.7463152924664,905.1999999994536,2211.7522914672354
36761,34.7463152924664,905.2199999994535,2211.768196293364
36762,34.7463152924664,905.2399999994535,2211.784100630541
36763,34.7463152924664,905.2599999994535,2211.800004478774
36764,34.7463152924664,905.2799999994535,2211.815907838069
36765,34.7463152924664,905.2999999994535,2211.831810708433
36766,34.7463152924664,905.3199999994534,2211.847713089872
36767,34.7463152924664,905.3399999994534,2211.8636149823924
36768,34.7463152924664,905.3599999994534,2211.8795163860013
36769,34.7463152924664,905.3799999994534,2211.895417300705
36770,34.7463152924664,905.3999999994534,2211.91131772651
36771,34.7463152924664,905.4199999994534,2211.927217663422
36772,34.7463152924664,905.4399999994533,2211.943117111449
36773,34.7463152924664,905.4599999994533,2211.9590160705966
36774,34.7463152924664,905.4799999994533,2211.9749145408714
36775,34.7463152924664,905.4999999994533,2211.99081252228
36776,34.7463152924664,905.5199999994533,2212.006710014829
36777,34.7463152924664,905.5399999994532,2212.022607018525
36778,34.7463152924664,905.5599999994532,2212.0385035333743
36779,34.7463152924664,905.5799999994532,2212.0543995593835
36780,34.7463152924664,905.5999999994532,2212.070295096559
36781,34.7463152924664,905.6199999994532,2212.0861901449075
36782,34.7463152924664,905.6399999994532,2212.1020847044356
36783,34.7463152924664,905.6599999994531,2212.1179787751494
36784,34.7463152924664,905.6799999994531,2212.1338723570557
36785,34.7463152924664,905.6999999994531,2212.149765450161
36786,34.7463152924664,905.7199999994531,2212.165658054472
36787,34.7463152924664,905.7399999994531,2212.1815501699944
36788,34.7463152924664,905.759999999453,2212.197441796736
36789,34.7463152924664,905.779999999453,2212.213332934702
36790,34.7463152924664,905.799999999453,2212.2292235839
36791,34.7463152924664,905.819999999453,2212.245113744336
36792,34.7463152924664,905.839999999453,2212.261003416016
36793,34.7463152924664,905.859999999453,2212.2768925989476
36794,34.7463152924664,905.8799999994529,2212.2927812931366
36795,34.7463152924664,905.8999999994529,2212.3086694985896
36796,34.7463152924664,905.9199999994529,2212.3245572153132
36797,34.7463152924664,905.9399999994529,2212.340444443314
36798,34.7463152924664,905.9599999994529,2212.3563311825983
36799,34.7463152924664,905.9799999994528,2212.372217433173
36800,34.7463152924664,905.9999999994528,2212.388103195044
36801,34.7463152924664,906.0199999994528,2212.4039884682184
36802,34.7463152924664,906.0399999994528,2212.4198732527025
36803,34.7463152924664,906.0599999994528,2212.435757548503
36804,34.7463152924664,906.0799999994528,2212.4516413556603
36805,34.7463152924664,906.0999999994527,2212.4675246748134
36806,34.7463152924664,906.1199999994527,2212.4834075062868
36807,34.7463152924664,906.1399999994527,2212.4992898500877
36808,34.7463152924664,906.1599999994527,2212.515171706222
36809,34.7463152924664,906.1799999994527,2212.531053074697
36810,34.7463152924664,906.1999999994526,2212.5469339555184
36811,34.7463152924664,906.2199999994526,2212.562814348693
36812,34.7463152924664,906.2399999994526,2212.5786942542272
36813,34.7463152924664,906.2599999994526,2212.594573672128
36814,34.7463152924664,906.2799999994526,2212.6104526024014
36815,34.7463152924664,906.2999999994526,2212.626331045054
36816,34.7463152924664,906.3199999994525,2212.6422090000924
36817,34.7463152924664,906.3399999994525,2212.6580864675234
36818,34.7463152924664,906.3599999994525,2212.6739634473533
36819,34.7463152924664,906.3799999994525,2212.6898399395886
36820,34.7463152924664,906.3999999994525,2212.7057159442356
36821,34.7463152924664,906.4199999994524,2212.721591461301
36822,34.7463152924664,906.4399999994524,2212.7374664907916
36823,34.7463152924664,906.4599999994524,2212.7533410327133
36824,34.7463152924664,906.4799999994524,2212.769215087073
36825,34.7463152924664,906.4999999994524,2212.785088653877
36826,34.7463152924664,906.5199999994524,2212.800961733132
36827,34.7463152924664,906.5399999994523,2212.8168343248444
36828,34.7463152924664,906.5599999994523,2212.8327064290206
36829,34.7463152924664,906.5799999994523,2212.8485780456676
36830,34.7463152924664,906.5999999994523,2212.8644491747914
36831,34.7463152924664,906.6199999994523,2212.8803198163987
36832,34.7463152924664,906.6399999994522,2212.896189970496
36833,34.7463152924664,906.6599999994522,2212.91205963709
36834,34.7463152924664,906.6799999994522,2212.927928816187
36835,34.7463152924664,906.6999999994522,2212.9437975077935
36836,34.7463152924664,906.7199999994522,2212.959665711916
36837,34.7463152924664,906.7399999994522,2212.975533428561
36838,34.7463152924664,906.7599999994521,2212.991400657735
36839,34.7463152924664,906.7799999994521,2213.0072673994446
36840,34.7463152924664,906.7999999994521,2213.0231336536963
36841,34.7463152924664,906.8199999994521,2213.0389994204966
36842,34.7463152924664,906.8399999994521,2213.054864699852
36843,34.7463152924664,906.859999999452,2213.070729491769
36844,34.7463152924664,906.879999999452,2213.086593796254
36845,34.7463152924664,906.899999999452,2213.1024576133136
36846,34.7463152924664,906.919999999452,2213.118320942954
36847,34.7463152924664,906.939999999452,2213.1341837851824
36848,34.7463152924664,906.959999999452,2213.1500461400046
36849,34.7463152924664,906.9799999994519,2213.165908007428
36850,34.7463152924664,906.9999999994519,2213.181769387458
36851,34.7463152924664,907.0199999994519,2213.197630280102
36852,34.7463152924664,907.0399999994519,2213.213490685366
36853,34.7463152924664,907.0599999994519,2213.229350603257
36854,34.7463152924664,907.0799999994518,2213.2452100337805
36855,34.7463152924664,907.0999999994518,2213.2610689769904
36856,34.7463152924664,907.1199999994518,2213.2769274335706
36857,34.7463152924664,907.1399999994518,2213.292785403788
36858,34.7463152924664,907.1599999994518,2213.30864288765
36859,34.7463152924664,907.1799999994518,2213.3244998851624
36860,34.7463152924664,907.1999999994517,2213.340356396332
36861,34.7463152924664,907.2199999994517,2213.3562124211653
36862,34.7463152924664,907.2399999994517,2213.3720679596686
36863,34.7463152924664,907.2599999994517,2213.3879230118487
36864,34.7463152924664,907.2799999994517,2213.403777577712
36865,34.7463152924664,907.2999999994516,2213.4196316572647
36866,34.7463152924664,907.3199999994516,2213.435485250514
36867,34.7463152924664,907.3399999994516,2213.451338357466
36868,34.7463152924664,907.3599999994516,2213.467190978127
36869,34.7463152924664,907.3799999994516,2213.4830431125038
36870,34.7463152924664,907.3999999994516,2213.498894760603
36871,34.7463152924664,907.4199999994515,2213.514745922431
36872,34.7463152924664,907.4399999994515,2213.5305965979937
36873,34.7463152924664,907.4599999994515,2213.5464467872985
36874,34.7463152924664,907.4799999994515,2213.5622964903514
36875,34.7463152924664,907.4999999994515,2213.5781457071594
36876,34.7463152924664,907.5199999994514,2213.5939944377287
36877,34.7463152924664,907.5399999994514,2213.609842682066
36878,34.7463152924664,907.5599999994514,2213.625690440177
36879,34.7463152924664,907.5799999994514,2213.6415377120693
36880,34.7463152924664,907.5999999994514,2213.657384497749
36881,34.7463152924664,907.6199999994514,2213.673230797222
36882,34.7463152924664,907.6399999994513,2213.6890766104957
36883,34.7463152924664,907.6599999994513,2213.7049219375763
36884,34.7463152924664,907.6799999994513,2213.72076677847
36885,34.7463152924664,907.6999999994513,2213.736611133184
36886,34.7463152924664,907.7199999994513,2213.7524550017242
36887,34.7463152924664,907.7399999994512,2213.7682983840973
36888,34.7463152924664,907.7599999994512,2213.7841412803095
36889,34.7463152924664,907.7799999994512,2213.7999836903678
36890,34.7463152924664,907.7999999994512,2213.8158256142783
36891,34.7463152924664,907.8199999994512,2213.8316670520476
36892,34.7463152924664,907.8399999994512,2213.8475080036824
36893,34.7463152924664,907.8599999994511,2213.863348469189
36894,34.7463152924664,907.8799999994511,2213.879188448574
36895,34.7463152924664,907.8999999994511,2213.895027941844
36896,34.7463152924664,907.9199999994511,2213.9108669490056
36897,34.7463152924664,907.9399999994511,2213.926705470065
36898,34.7463152924664,907.959999999451,2213.942543505029
36899,34.7463152924664,907.979999999451,2213.9583810539034
36900,34.7463152924664,907.999999999451,2213.9742181166953
36901,34.7463152924664,908.019999999451,2213.9900546934114
36902,34.7463152924664,908.039999999451,2214.0058907840576
36903,34.7463152924664,908.059999999451,2214.0217263886407
36904,34.7463152924664,908.0799999994509,2214.0375615071675
36905,34.7463152924664,908.0999999994509,2214.053396139644
36906,34.7463152924664,908.1199999994509,2214.0692302861353
36907,34.7463152924664,908.1399999994509,2214.0850639473715
36908,34.7463152924664,908.1599999994509,2214.1008971235624
36909,34.7463152924664,908.1799999994508,2214.116729814714
36910,34.7463152924664,908.1999999994508,2214.1325620208327
36911,34.7463152924664,908.2199999994508,2214.1483937419257
36912,34.7463152924664,908.2399999994508,2214.1642249779993
36913,34.7463152924664,908.2599999994508,2214.18005572906
36914,34.7463152924664,908.2799999994508,2214.1958859951137
36915,34.7463152924664,908.2999999994507,2214.2117157761677
36916,34.7463152924664,908.3199999994507,2214.227545072228
36917,34.7463152924664,908.3399999994507,2214.2433738833015
36918,34.7463152924664,908.3599999994507,2214.2592022093945
36919,34.7463152924664,908.3799999994507,2214.2750300505136
36920,34.7463152924664,908.3999999994506,2214.290857406665
36921,34.7463152924664,908.4199999994506,2214.3066842778553
36922,34.7463152924664,908.4399999994506,2214.322510664091
36923,34.7463152924664,908.4599999994506,2214.338336565379
36924,34.7463152924664,908.4799999994506,2214.3541619817256
36925,34.7463152924664,908.4999999994506,2214.3699869131374
36926,34.7463152924664,908.5199999994505,2214.3858113596207
36927,34.7463152924664,908.5399999994505,2214.401635321182
36928,34.7463152924664,908.5599999994505,2214.4174587978277
36929,34.7463152924664,908.5799999994505,2214.4332817895647
36930,34.7463152924664,908.5999999994505,2214.449104296399
36931,34.7463152924664,908.6199999994504,2214.464926318338
36932,34.7463152924664,908.6399999994504,2214.480747855387
36933,34.7463152924664,908.6599999994504,2214.4965689075534
36934,34.7463152924664,908.6799999994504,2214.5123894748435
36935,34.7463152924664,908.6999999994504,2214.528209557264
36936,34.7463152924664,908.7199999994504,2214.5440291548207
36937,34.7463152924664,908.7399999994503,2214.5598482675205
36938,34.7463152924664,908.7599999994503,2214.57566689537
36939,34.7463152924664,908.7799999994503,2214.5914850383756
36940,34.7463152924664,908.7999999994503,2214.6073026965437
36941,34.7463152924664,908.8199999994503,2214.623119869881
36942,34.7463152924664,908.8399999994502,2214.638936558394
36943,34.7463152924664,908.8599999994502,2214.654752762089
36944,34.7463152924664,908.8799999994502,2214.670568480973
36945,34.7463152924664,908.8999999994502,2214.686383715052
36946,34.7463152924664,908.9199999994502,2214.702198464333
36947,34.7463152924664,908.9399999994502,2214.7180127288216
36948,34.7463152924664,908.9599999994501,2214.733826508525
36949,34.7463152924664,908.9799999994501,2214.7496398034496
36950,34.7463152924664,908.9999999994501,2214.7654526136016
36951,34.7463152924664,909.0199999994501,2214.781264938988
36952,34.7463152924664,909.0399999994501,2214.797076779615
36953,34.7463152924664,909.05999999945,2214.812888135489
36954,34.7463152924664,909.07999999945,2214.828699006617
36955,34.7463152924664,909.09999999945,2214.844509393005
36956,34.7463152924664,909.11999999945,2214.8603192946593
36957,34.7463152924664,909.13999999945,2214.8761287116595
36958,34.7463152924664,909.15999999945,2214.8919376448134
36959,34.7463152924664,909.1799999994499,2214.9077460942785
36960,34.7463152924664,909.1999999994499,2214.9235540600607
36961,34.7463152924664,909.2199999994499,2214.939361542167
36962,34.7463152924664,909.2399999994499,2214.9551685406036
36963,34.7463152924664,909.2599999994499,2214.970975055377
36964,34.69568411429345,909.2799999994498,2214.986781086494
36965,34.69568411429345,909.2999999994498,2215.002586633961
36966,34.69568411429345,909.3199999994498,2215.0183916977844
36967,34.69568411429345,909.3399999994498,2215.0341962779708
36968,34.69568411429345,909.3599999994498,2215.050000374527
36969,34.69568411429345,909.3799999994498,2215.0658039874593
36970,34.69568411429345,909.3999999994497,2215.081607116774
36971,34.69568411429345,909.4199999994497,2215.097409762478
36972,34.69568411429345,909.4399999994497,2215.1132119245776
36973,34.69568411429345,909.4599999994497,2215.1290136030793
36974,34.69568411429345,909.4799999994497,2215.1448147979895
36975,34.69568411429345,909.4999999994496,2215.160615509315
36976,34.69568411429345,909.5199999994496,2215.176415737062
36977,34.69568411429345,909.5399999994496,2215.192215481238
36978,34.69568411429345,909.5599999994496,2215.208014741848
36979,34.69568411429345,909.5799999994496,2215.223813518899
36980,34.69568411429345,909.5999999994496,2215.2396118123984
36981,34.69568411429345,909.6199999994495,2215.255409622352
36982,34.69568411429345,909.6399999994495,2215.2712069487666
36983,34.69568411429345,909.6599999994495,2215.287003791648
36984,34.69568411429345,909.6799999994495,2215.302800151004
36985,34.69568411429345,909.6999999994495,2215.3185960268397
36986,34.69568411429345,909.7199999994494,2215.3343914191623
36987,34.69568411429345,909.7399999994494,2215.3501863279785
36988,34.69568411429345,909.7599999994494,2215.3659807532945
36989,34.69568411429345,909.7799999994494,2215.381774695117
36990,34.69568411429345,909.7999999994494,2215.3975681534525
36991,34.69568411429345,909.8199999994494,2215.4133611283073
36992,34.69568411429345,909.8399999994493,2215.4291536196883
36993,34.69568411429345,909.8599999994493,2215.4449456276016
36994,34.69568411429345,909.8799999994493,2215.4607371520538
36995,34.69568411429345,909.8999999994493,2215.4765281930518
36996,34.69568411429345,909.9199999994493,2215.4923187506015
36997,34.69568411429345,909.9399999994492,2215.50810882471
36998,34.69568411429345,909.9599999994492,2215.5238984153834
36999,34.69568411429345,909.9799999994492,2215.5396875226284
37000,34.69568411429345,909.9999999994492,2215.5554761464514
37001,34.69568411429345,910.0199999994492,2215.571264286859
37002,34.69568411429345,910.0399999994492,2215.5870519438577
37003,34.69568411429345,910.0599999994491,2215.602839117454
37004,34.69568411429345,910.0799999994491,2215.6186258076546
37005,34.69568411429345,910.0999999994491,2215.634412014466
37006,34.69568411429345,910.1199999994491,2215.650197737894
37007,34.69568411429345,910.1399999994491,2215.665982977946
37008,34.69568411429345,910.159999999449,2215.6817677347044
37009,34.69568411429345,910.179999999449,2215.6975520089463
37010,34.69568411429345,910.199999999449,2215.7133358007595
37011,34.69568411429345,910.219999999449,2215.729119110151
37012,34.69568411429345,910.239999999449,2215.744901937126
37013,34.69568411429345,910.259999999449,2215.7606842816926
37014,34.69568411429345,910.2799999994489,2215.7764661438564
37015,34.69568411429345,910.2999999994489,2215.792247523624
37016,34.69568411429345,910.3199999994489,2215.8080284210023
37017,34.69568411429345,910.3399999994489,2215.8238088359976
37018,34.69568411429345,910.3599999994489,2215.8395887686165
37019,34.69568411429345,910.3799999994488,2215.8553682188654
37020,34.69568411429345,910.3999999994488,2215.871147186751
37021,34.69568411429345,910.4199999994488,2215.8869256722796
37022,34.69568411429345,910.4399999994488,2215.902703675458
37023,34.69568411429345,910.4599999994488,2215.9184811962923
37024,34.69568411429345,910.4799999994488,2215.9342582347895
37025,34.69568411429345,910.4999999994487,2215.9500347909557
37026,34.69568411429345,910.5199999994487,2215.9658108647977
37027,34.69568411429345,910.5399999994487,2215.981586456322
37028,34.69568411429345,910.5599999994487,2215.997361565535
37029,34.69568411429345,910.5799999994487,2216.013136192443
37030,34.69568411429345,910.5999999994486,2216.0289103370533
37031,34.69568411429345,910.6199999994486,2216.0446839993715
37032,34.69568411429345,910.6399999994486,2216.0604571794047
37033,34.69568411429345,910.6599999994486,2216.076229877159
37034,34.69568411429345,910.6799999994486,2216.0920020926415
37035,34.69568411429345,910.6999999994486,2216.107773825858
37036,34.69568411429345,910.7199999994485,2216.123545076816
37037,34.69568411429345,910.7399999994485,2216.139315845521
37038,34.69568411429345,910.7599999994485,2216.15508613198
37039,34.69568411429345,910.7799999994485,2216.1708559361996
37040,34.69568411429345,910.7999999994485,2216.1866252581863
37041,34.69568411429345,910.8199999994484,2216.202394097946
37042,34.69568411429345,910.8399999994484,2216.218162455486
37043,34.69568411429345,910.8599999994484,2216.2339303308127
37044,34.69568411429345,910.8799999994484,2216.2496977239325
37045,34.69568411429345,910.8999999994484,2216.265464634852
37046,34.69568411429345,910.9199999994484,2216.2812310635773
37047,34.69568411429345,910.9399999994483,2216.2969970101153
37048,34.69568411429345,910.9599999994483,2216.3127624744725
37049,34.69568411429345,910.9799999994483,2216.328527456655
37050,34.69568411429345,910.9999999994483,2216.34429195667
37051,34.69568411429345,911.0199999994483,2216.3600559745237
37052,34.69568411429345,911.0399999994482,2216.3758195102223
37053,34.69568411429345,911.0599999994482,2216.3915825637728
37054,34.69568411429345,911.0799999994482,2216.4073451351815
37055,34.69568411429345,911.0999999994482,2216.4231072244547
37056,34.69568411429345,911.1199999994482,2216.4388688315994
37057,34.69568411429345,911.1399999994482,2216.4546299566214
37058,34.69568411429345,911.1599999994481,2216.470390599528
37059,34.69568411429345,911.1799999994481,2216.486150760459
37060,34.69568411429345,911.1999999994481,2216.50191044019
37061,34.69568411429345,911.2199999994481,2216.5176696387975
37062,34.69568411429345,911.2399999994481,2216.533428356288
37063,34.69568411429345,911.259999999448,2216.549186592668
37064,34.69568411429345,911.279999999448,2216.564944347944
37065,34.69568411429345,911.299999999448,2216.5807016221233
37066,34.69568411429345,911.319999999448,2216.5964584152116
37067,34.69568411429345,911.339999999448,2216.6122147272154
37068,34.69568411429345,911.359999999448,2216.6279705581414
37069,34.69568411429345,911.3799999994479,2216.643725907996
37070,34.69568411429345,911.3999999994479,2216.6594807767865
37071,34.69568411429345,911.4199999994479,2216.675235164518
37072,34.69568411429345,911.4399999994479,2216.6909890711986
37073,34.69568411429345,911.4599999994479,2216.7067424968336
37074,34.69568411429345,911.4799999994478,2216.72249544143
37075,34.69568411429345,911.4999999994478,2216.7382479049943
37076,34.69568411429345,911.5199999994478,2216.753999887533
37077,34.69568411429345,911.5399999994478,2216.7697513890525
37078,34.69568411429345,911.5599999994478,2216.7855024095597
37079,34.69568411429345,911.5799999994478,2216.8012529490607
37080,34.69568411429345,911.5999999994477,2216.817003007562
37081,34.69568411429345,911.6199999994477,2216.8327525850705
37082,34.69568411429345,911.6399999994477,2216.848501681592
37083,34.69568411429345,911.6599999994477,2216.864250297134
37084,34.69568411429345,911.6799999994477,2216.879998431702
37085,34.69568411429345,911.6999999994476,2216.8957460853035
37086,34.69568411429345,911.7199999994476,2216.9114932579446
37087,34.69568411429345,911.7399999994476,2216.9272399496317
37088,34.69568411429345,911.7599999994476,2216.942986160371
37089,34.69568411429345,911.7799999994476,2216.95873189017
37090,34.69568411429345,911.7999999994476,2216.974477139034
37091,34.69568411429345,911.8199999994475,2216.990221906971
37092,34.69568411429345,911.8399999994475,2217.005966193986
37093,34.69568411429345,911.8599999994475,2217.0217100000864
37094,34.69568411429345,911.8799999994475,2217.0374533252784
37095,34.69568411429345,911.8999999994475,2217.0531961695688
37096,34.69568411429345,911.9199999994474,2217.068938532964
37097,34.69568411429345,911.9399999994474,2217.08468041547
37098,34.69568411429345,911.9599999994474,2217.100421817094
37099,34.69568411429345,911.9799999994474,2217.116162737842
37100,34.69568411429345,911.9999999994474,2217.1319031777207
37101,34.69568411429345,912.0199999994474,2217.147643136737
37102,34.69568411429345,912.0399999994473,2217.163382614897
37103,34.69568411429345,912.0599999994473,2217.179121612207
37104,34.69568411429345,912.0799999994473,2217.194860128674
37105,34.69568411429345,912.0999999994473,2217.2105981643044
37106,34.69568411429345,912.1199999994473,2217.2263357191046
37107,34.69568411429345,912.1399999994472,2217.242072793081
37108,34.69568411429345,912.1599999994472,2217.2578093862403
37109,34.69568411429345,912.1799999994472,2217.273545498589
37110,34.69568411429345,912.1999999994472,2217.289281130325
37111,34.69568411429345,912.2199999994472,2217.3050162821773
37112,34.69568411429345,912.2399999994472,2217.3207509542117
37113,34.69568411429345,912.2599999994471,2217.3364851464344
37114,34.69568411429345,912.2799999994471,2217.3522188588518
37115,34.69568411429345,912.2999999994471,2217.3679520914707
37116,34.69568411429345,912.3199999994471,2217.3836848442975
37117,34.69568411429345,912.3399999994471,2217.399417117339
37118,34.69568411429345,912.359999999447,2217.415148910601
37119,34.69568411429345,912.379999999447,2217.430880224091
37120,34.69568411429345,912.399999999447,2217.446611057815
37121,34.69568411429345,912.419999999447,2217.4623414117796
37122,34.69568411429345,912.439999999447,2217.478071285991
37123,34.69568411429345,912.459999999447,2217.493800680456
37124,34.69568411429345,912.4799999994469,2217.509529595181
37125,34.69568411429345,912.4999999994469,2217.5252580301726
37126,34.69568411429345,912.5199999994469,2217.540985985437
37127,34.69568411429345,912.5399999994469,2217.5567134609814
37128,34.69568411429345,912.5599999994469,2217.572440456812
37129,34.69568411429345,912.5799999994468,2217.588166972935
37130,34.69568411429345,912.5999999994468,2217.6038930093573
37131,34.69568411429345,912.6199999994468,2217.619618566085
37132,34.69568411429345,912.6399999994468,2217.6353436431255
37133,34.69568411429345,912.6599999994468,2217.651068240484
37134,34.69568411429345,912.6799999994467,2217.666792358168
37135,34.69568411429345,912.6999999994467,2217.682515996184
37136,34.69568411429345,912.7199999994467,2217.698239154538
37137,34.69568411429345,912.7399999994467,2217.7139618332367
37138,34.69568411429345,912.7599999994467,2217.7296840322865
37139,34.69568411429345,912.7799999994467,2217.7454057516943
37140,34.69568411429345,912.7999999994466,2217.7611269914664
37141,34.69568411429345,912.8199999994466,2217.7768477516092
37142,34.69568411429345,912.8399999994466,2217.792568032129
37143,34.69568411429345,912.8599999994466,2217.808287833033
37144,34.69568411429345,912.8799999994466,2217.824007154327
37145,34.69568411429345,912.8999999994465,2217.839725996018
37146,34.69568411429345,912.9199999994465,2217.8554443581124
37147,34.69568411429345,912.9399999994465,2217.8711622406167
37148,34.69568411429345,912.9599999994465,2217.886879643537
37149,34.69568411429345,912.9799999994465,2217.9025965668807
37150,34.69568411429345,912.9999999994465,2217.9183130106535
37151,34.69568411429345,913.0199999994464,2217.934028974862
37152,34.69568411429345,913.0399999994464,2217.949744459513
37153,34.69568411429345,913.0599999994464,2217.965459464613
37154,34.69568411429345,913.0799999994464,2217.9811739901684
37155,34.69568411429345,913.0999999994464,2217.9968880361857
37156,34.69568411429345,913.1199999994463,2218.012601602671
37157,34.69568411429345,913.1399999994463,2218.0283146896318
37158,34.69568411429345,913.1599999994463,2218.0440272970736
37159,34.69568411429345,913.1799999994463,2218.0597394250035
37160,34.69568411429345,913.1999999994463,2218.0754510734278
37161,34.69568411429345,913.2199999994463,2218.0911622426133
37162,34.69568411429345,913.2399999994462,2218.1068729332737
37163,34.69568411429345,913.2599999994462,2218.122583145466
37164,34.69568411429345,913.2799999994462,2218.1382928791954
37165,34.69568411429345,913.2999999994462,2218.1540021344695
37166,34.69568411429345,913.3199999994462,2218.1697109112943
37167,34.69568411429345,913.3399999994461,2218.1854192096766
37168,34.69568411429345,913.3599999994461,2218.201127029623
37169,34.69568411429345,913.3799999994461,2218.2168343711396
37170,34.69568411429345,913.3999999994461,2218.232541234233
37171,34.69568411429345,913.4199999994461,2218.2482476189098
37172,34.69568411429345,913.4399999994461,2218.2639535251765
37173,34.69568411429345,913.459999999446,2218.27965895304
37174,34.69568411429345,913.479999999446,2218.2953639025063
37175,34.69568411429345,913.499999999446,2218.311068373582
37176,34.69568411429345,913.519999999446,2218.326772366274
37177,34.69568411429345,913.539999999446,2218.342475880588
37178,34.69568411429345,913.559999999446,2218.3581789165314
37179,34.69568411429345,913.5799999994459,2218.37388147411
37180,34.69568411429345,913.5999999994459,2218.389583553331
37181,34.69568411429345,913.6199999994459,2218.4052851542
37182,34.69568411429345,913.6399999994459,2218.4209862767243
37183,34.69568411429345,913.6599999994459,2218.4366869209102
37184,34.69568411429345,913.6799999994458,2218.4523870867642
37185,34.69568411429345,913.6999999994458,2218.4680867742927
37186,34.69568411429345,913.7199999994458,2218.483785983502
37187,34.69568411429345,913.7399999994458,2218.499484714399
37188,34.69568411429345,913.7599999994458,2218.51518296699
37189,34.69568411429345,913.7799999994457,2218.5308807412816
37190,34.69568411429345,913.7999999994457,2218.54657803728
37191,34.69568411429345,913.8199999994457,2218.562274854992
37192,34.69568411429345,913.8399999994457,2218.5779711944247
37193,34.69568411429345,913.8599999994457,2218.5936670555834
37194,34.69568411429345,913.8799999994457,2218.6093624384753
37195,34.69568411429345,913.8999999994456,2218.6250573431066
37196,34.64517578023525,913.9199999994456,2218.6407517694843
37197,34.64517578023525,913.9399999994456,2218.6564457176146
37198,34.64517578023525,913.9599999994456,2218.672139187504
37199,34.64517578023525,913.9799999994456,2218.6878321791587
37200,34.64517578023525,913.9999999994455,2218.7035246925857
37201,34.64517578023525,914.0199999994455,2218.7192167277913
37202,34.64517578023525,914.0399999994455,2218.734908284782
37203,34.64517578023525,914.0599999994455,2218.750599363564
37204,34.64517578023525,914.0799999994455,2218.7662899641446
37205,34.64517578023525,914.0999999994455,2218.7819800865295
37206,34.64517578023525,914.1199999994454,2218.797669730726
37207,34.64517578023525,914.1399999994454,2218.8133588967394
37208,34.64517578023525,914.1599999994454,2218.829047584577
37209,34.64517578023525,914.1799999994454,2218.8447357942455
37210,34.64517578023525,914.1999999994454,2218.860423525751
37211,34.64517578023525,914.2199999994453,2218.8761107790997
37212,34.64517578023525,914.2399999994453,2218.891797554588
37213,34.64517578023525,914.2599999994453,2218.9074838528168
37214,34.64517578023525,914.2799999994453,2218.9231696738275
37215,34.64517578023525,914.2999999994453,2218.938855017626
37216,34.64517578023525,914.3199999994453,2218.954539884219
37217,34.64517578023525,914.3399999994452,2218.9702242736125
37218,34.64517578023525,914.3599999994452,2218.985908185814
37219,34.64517578023525,914.3799999994452,2219.001591620829
37220,34.64517578023525,914.3999999994452,2219.017274578665
37221,34.64517578023525,914.4199999994452,2219.0329570593276
37222,34.64517578023525,914.4399999994451,2219.048639062824
37223,34.64517578023525,914.4599999994451,2219.06432058916
37224,34.64517578023525,914.4799999994451,2219.0800016383428
37225,34.64517578023525,914.4999999994451,2219.095682210378
37226,34.64517578023525,914.5199999994451,2219.111362305273
37227,34.64517578023525,914.5399999994451,2219.127041923034
37228,34.64517578023525,914.559999999445,2219.1427210636675
37229,34.64517578023525,914.579999999445,2219.15839972718
37230,34.64517578023525,914.599999999445,2219.174077913578
37231,34.64517578023525,914.619999999445,2219.189755622868
37232,34.64517578023525,914.639999999445,2219.205432855056
37233,34.64517578023525,914.659999999445,2219.2211096101496
37234,34.64517578023525,914.6799999994449,2219.2367858881544
37235,34.64517578023525,914.6999999994449,2219.2524616890773
37236,34.64517578023525,914.7199999994449,2219.268137012925
37237,34.64517578023525,914.7399999994449,2219.2838118597033
37238,34.64517578023525,914.7599999994449,2219.2994862294195
37239,34.64517578023525,914.7799999994448,2219.3151601220793
37240,34.64517578023525,914.7999999994448,2219.3308335376896
37241,34.64517578023525,914.8199999994448,2219.346506476257
37242,34.64517578023525,914.8399999994448,2219.362178937788
37243,34.64517578023525,914.8599999994448,2219.377850922289
37244,34.64517578023525,914.8799999994447,2219.3935224297666
37245,34.64517578023525,914.8999999994447,2219.409193460227
37246,34.64517578023525,914.9199999994447,2219.424864013677
37247,34.64517578023525,914.9399999994447,2219.440534090123
37248,34.64517578023525,914.9599999994447,2219.4562036895713
37249,34.64517578023525,914.9799999994447,2219.471872812029
37250,34.64517578023525,914.9999999994446,2219.4875414575017
37251,34.64517578023525,915.0199999994446,2219.5032096259965
37252,34.64517578023525,915.0399999994446,2219.51887731752
37253,34.64517578023525,915.0599999994446,2219.5345445320786
37254,34.64517578023525,915.0799999994446,2219.5502112696786
37255,34.64517578023525,915.0999999994445,2219.5658775303264
37256,34.64517578023525,915.1199999994445,2219.5815433140287
37257,34.64517578023525,915.1399999994445,2219.597208620792
37258,34.64517578023525,915.1599999994445,2219.612873450623
37259,34.64517578023525,915.1799999994445,2219.6285378035273
37260,34.64517578023525,915.1999999994445,2219.644201679512
37261,34.64517578023525,915.2199999994444,2219.659865078584
37262,34.64517578023525,915.2399999994444,2219.6755280007496
37263,34.64517578023525,915.2599999994444,2219.691190446374
37264,34.64517578023525,915.2799999994444,2219.706852416041
37265,34.64517578023525,915.2999999994444,2219.722513909781
37266,34.64517578023525,915.3199999994443,2219.738174927601
37267,34.64517578023525,915.3399999994443,2219.7538354695075
37268,34.64517578023525,915.3599999994443,2219.769495535507
37269,34.64517578023525,915.3799999994443,2219.7851551256053
37270,34.64517578023525,915.3999999994443,2219.80081423981
37271,34.64517578023525,915.4199999994443,2219.8164728781267
37272,34.64517578023525,915.4399999994442,2219.832131040562
37273,34.64517578023525,915.4599999994442,2219.847788727123
37274,34.64517578023525,915.4799999994442,2219.8634459378154
37275,34.64517578023525,915.4999999994442,2219.8791026726462
37276,34.64517578023525,915.5199999994442,2219.894758931622
37277,34.64517578023525,915.5399999994441,2219.910414714749
37278,34.64517578023525,915.5599999994441,2219.926070022034
37279,34.64517578023525,915.5799999994441,2219.941724853483
37280,34.64517578023525,915.5999999994441,2219.957379209103
37281,34.64517578023525,915.6199999994441,2219.9730330889
37282,34.64517578023525,915.6399999994441,2219.9886864928812
37283,34.64517578023525,915.659999999444,2220.0043394211343
37284,34.64517578023525,915.679999999444,2220.0199918748785
37285,34.64517578023525,915.699999999444,2220.0356438545964
37286,34.64517578023525,915.719999999444,2220.0512953602947
37287,34.64517578023525,915.739999999444,2220.06694639198
37288,34.64517578023525,915.759999999444,2220.0825969496586
37289,34.64517578023525,915.7799999994439,2220.0982470333374
37290,34.64517578023525,915.7999999994439,2220.113896643023
37291,34.64517578023525,915.8199999994439,2220.129545778722
37292,34.64517578023525,915.8399999994439,2220.1451944404403
37293,34.64517578023525,915.8599999994439,2220.160842628185
37294,34.64517578023525,915.8799999994438,2220.1764903419626
37295,34.64517578023525,915.8999999994438,2220.1921375817797
37296,34.64517578023525,915.9199999994438,2220.2077843476427
37297,34.64517578023525,915.9399999994438,2220.223430639558
37298,34.64517578023525,915.9599999994438,2220.2390764575325
37299,34.64517578023525,915.9799999994437,2220.2547218015725
37300,34.64517578023525,915.9999999994437,2220.2703666716848
37301,34.64517578023525,916.0199999994437,2220.2860110678757
37302,34.64517578023525,916.0399999994437,2220.301654990152
37303,34.64517578023525,916.0599999994437,2220.3172984385205
37304,34.64517578023525,916.0799999994437,2220.332941412987
37305,34.64517578023525,916.0999999994436,2220.3485839135587
37306,34.64517578023525,916.1199999994436,2220.364225940242
37307,34.64517578023525,916.1399999994436,2220.379867493043
37308,34.64517578023525,916.1599999994436,2220.395508571969
37309,34.64517578023525,916.1799999994436,2220.4111491770263
37310,34.64517578023525,916.1999999994435,2220.426789308221
37311,34.64517578023525,916.2199999994435,2220.4424289655603
37312,34.64517578023525,916.2399999994435,2220.45806814905
37313,34.64517578023525,916.2599999994435,2220.473706858698
37314,34.64517578023525,916.2799999994435,2220.489345094925
37315,34.64517578023525,916.2999999994435,2220.50498285827
37316,34.64517578023525,916.3199999994434,2220.520620148753
37317,34.64517578023525,916.3399999994434,2220.5362569663807
37318,34.64517578023525,916.3599999994434,2220.5518933111593
37319,34.64517578023525,916.3799999994434,2220.5675291830953
37320,34.64517578023525,916.3999999994434,2220.5831645821954
37321,34.64517578023525,916.4199999994433,2220.598799508466
37322,34.64517578023525,916.4399999994433,2220.6144339619136
37323,34.64517578023525,916.4599999994433,2220.630067942545
37324,34.64517578023525,916.4799999994433,2220.6457014503667
37325,34.64517578023525,916.4999999994433,2220.661334485385
37326,34.64517578023525,916.5199999994433,2220.676967047607
37327,34.64517578023525,916.5399999994432,2220.6925991370385
37328,34.64517578023525,916.5599999994432,2220.7082307536866
37329,34.64517578023525,916.5799999994432,2220.723861897558
37330,34.64517578023525,916.5999999994432,2220.739492568659
37331,34.64517578023525,916.6199999994432,2220.755122766996
37332,34.64517578023525,916.6399999994431,2220.770752492576
37333,34.64517578023525,916.6599999994431,2220.786381745405
37334,34.64517578023525,916.6799999994431,2220.8020105254895
37335,34.64517578023525,916.6999999994431,2220.8176388328366
37336,34.64517578023525,916.7199999994431,2220.833266667453
37337,34.64517578023525,916.7399999994431,2220.8488940293446
37338,34.64517578023525,916.759999999443,2220.8645209185183
37339,34.64517578023525,916.779999999443,2220.8801473349804
37340,34.64517578023525,916.799999999443,2220.8957732787376
37341,34.64517578023525,916.819999999443,2220.9113987497967
37342,34.64517578023525,916.839999999443,2220.927023748164
37343,34.64517578023525,916.859999999443,2220.9426482738463
37344,34.64517578023525,916.8799999994429,2220.95827232685
37345,34.64517578023525,916.8999999994429,2220.9738959071815
37346,34.64517578023525,916.9199999994429,2220.9895190148472
37347,34.64517578023525,916.9399999994429,2221.005141649854
37348,34.64517578023525,916.9599999994429,2221.0207638122083
37349,34.64517578023525,916.9799999994428,2221.036385501917
37350,34.64517578023525,916.9999999994428,2221.052006718986
37351,34.64517578023525,917.0199999994428,2221.0676274634225
37352,34.64517578023525,917.0399999994428,2221.083247735233
37353,34.64517578023525,917.0599999994428,2221.0988675344233
37354,34.64517578023525,917.0799999994427,2221.114486861001
37355,34.64517578023525,917.0999999994427,2221.1301057149717
37356,34.64517578023525,917.1199999994427,2221.1457240963423
37357,34.64517578023525,917.1399999994427,2221.1613420051194
37358,34.64517578023525,917.1599999994427,2221.17695944131
37359,34.64517578023525,917.1799999994427,2221.1925764049197
37360,34.64517578023525,917.1999999994426,2221.2081928959556
37361,34.64517578023525,917.2199999994426,2221.2238089144244
37362,34.64517578023525,917.2399999994426,2221.2394244603324
37363,34.64517578023525,917.2599999994426,2221.255039533686
37364,34.64517578023525,917.2799999994426,2221.2706541344924
37365,34.64517578023525,917.2999999994425,2221.28626826323
37366,34.64517578023525,917.3199999994425,2221.301881920392
37367,34.64517578023525,917.3399999994425,2221.3174951059873
37368,34.64517578023525,917.3599999994425,2221.333107820022
37369,34.64517578023525,917.3799999994425,2221.3487200625027
37370,34.64517578023525,917.3999999994425,2221.364331833436
37371,34.64517578023525,917.4199999994424,2221.3799431328284
37372,34.64517578023525,917.4399999994424,2221.3955539606864
37373,34.64517578023525,917.4599999994424,2221.4111643170168
37374,34.64517578023525,917.4799999994424,2221.426774201826
37375,34.64517578023525,917.4999999994424,2221.4423836151204
37376,34.64517578023525,917.5199999994423,2221.457992556907
37377,34.64517578023525,917.5399999994423,2221.4736010271918
37378,34.64517578023525,917.5599999994423,2221.4892090259814
37379,34.64517578023525,917.5799999994423,2221.5048165532826
37380,34.64517578023525,917.5999999994423,2221.520423609102
37381,34.64517578023525,917.6199999994423,2221.536030193446
37382,34.64517578023525,917.6399999994422,2221.5516363063216
37383,34.64517578023525,917.6599999994422,2221.5672419477346
37384,34.64517578023525,917.6799999994422,2221.582847117692
37385,34.64517578023525,917.6999999994422,2221.5984518162
37386,34.64517578023525,917.7199999994422,2221.6140560432655
37387,34.64517578023525,917.7399999994421,2221.629659798895
37388,34.64517578023525,917.7599999994421,2221.645263083095
37389,34.64517578023525,917.7799999994421,2221.6608658958717
37390,34.64517578023525,917.7999999994421,2221.6764682372323
37391,34.64517578023525,917.8199999994421,2221.6920701071826
37392,34.64517578023525,917.839999999442,2221.7076715057296
37393,34.64517578023525,917.859999999442,2221.72327243288
37394,34.64517578023525,917.879999999442,2221.7388728886403
37395,34.64517578023525,917.899999999442,2221.7544728730168
37396,34.64517578023525,917.919999999442,2221.770072386016
37397,34.64517578023525,917.939999999442,2221.785671427645
37398,34.64517578023525,917.959999999442,2221.8012699979095
37399,34.64517578023525,917.9799999994419,2221.8168680968165
37400,34.64517578023525,917.9999999994419,2221.8324657243725
37401,34.64517578023525,918.0199999994419,2221.848062880584
37402,34.64517578023525,918.0399999994419,2221.863659565458
37403,34.64517578023525,918.0599999994419,2221.8792557790002
37404,34.64517578023525,918.0799999994418,2221.894851521218
37405,34.64517578023525,918.0999999994418,2221.910446792117
37406,34.64517578023525,918.1199999994418,2221.9260415917042
37407,34.64517578023525,918.1399999994418,2221.9416359199863
37408,34.64517578023525,918.1599999994418,2221.95722977697
37409,34.64517578023525,918.1799999994417,2221.9728231626614
37410,34.64517578023525,918.1999999994417,2221.988416077067
37411,34.64517578023525,918.2199999994417,2222.004008520194
37412,34.64517578023525,918.2399999994417,2222.019600492048
37413,34.64517578023525,918.2599999994417,2222.0351919926366
37414,34.64517578023525,918.2799999994417,2222.0507830219653
37415,34.64517578023525,918.2999999994416,2222.0663735800513
37416,34.64517578023525,918.3199999994416,2222.0819636674432
37417,34.64517578023525,918.3399999994416,2222.0975532845982
37418,34.64517578023525,918.3599999994416,2222.1131424315226
37419,34.64517578023525,918.3799999994416,2222.1287311082233
37420,34.64517578023525,918.3999999994415,2222.1443193147065
37421,34.64517578023525,918.4199999994415,2222.159907050979
37422,34.64517578023525,918.4399999994415,2222.175494317047
37423,34.64517578023525,918.4599999994415,2222.191081112918
37424,34.64517578023525,918.4799999994415,2222.206667438597
37425,34.64517578023525,918.4999999994415,2222.2222532940914
37426,34.64517578023525,918.5199999994414,2222.2378386794076
37427,34.64517578023525,918.5399999994414,2222.2534235945523
37428,34.64517578023525,918.5599999994414,2222.269008039532
37429,34.64517578023525,918.5799999994414,2222.2845920143527
37430,34.64517578023525,918.5999999994414,2222.3001755190216
37431,34.64517578023525,918.6199999994413,2222.315758553545
37432,34.59478987342488,918.6399999994413,2222.3313411179297
37433,34.59478987342488,918.6599999994413,2222.346923212182
37434,34.59478987342488,918.6799999994413,2222.3625048363083
37435,34.59478987342488,918.6999999994413,2222.3780859903154
37436,34.59478987342488,918.7199999994413,2222.3936666742097
37437,34.59478987342488,918.7399999994412,2222.4092468879976
37438,34.59478987342488,918.7599999994412,2222.424826631686
37439,34.59478987342488,918.7799999994412,2222.440405905281
37440,34.59478987342488,918.7999999994412,2222.455984708789
37441,34.59478987342488,918.8199999994412,2222.471563042217
37442,34.59478987342488,918.8399999994411,2222.4871409055713
37443,34.59478987342488,918.8599999994411,2222.502718298859
37444,34.59478987342488,918.8799999994411,2222.5182952220857
37445,34.59478987342488,918.8999999994411,2222.5338716752585
37446,34.59478987342488,918.9199999994411,2222.549447658384
37447,34.59478987342488,918.939999999441,2222.5650231714685
37448,34.59478987342488,918.959999999441,2222.5805982145184
37449,34.59478987342488,918.979999999441,2222.5961727875406
37450,34.59478987342488,918.999999999441,2222.6117468905413
37451,34.59478987342488,919.019999999441,2222.627320523527
37452,34.59478987342488,919.039999999441,2222.6428936865045
37453,34.59478987342488,919.059999999441,2222.65846637948
37454,34.59478987342488,919.0799999994409,2222.6740386024603
37455,34.59478987342488,919.0999999994409,2222.689610355452
37456,34.59478987342488,919.1199999994409,2222.705181638461
37457,34.59478987342488,919.1399999994409,2222.7207524514947
37458,34.59478987342488,919.1599999994409,2222.7363227945593
37459,34.59478987342488,919.1799999994408,2222.751892667661
37460,34.59478987342488,919.1999999994408,2222.7674620708067
37461,34.59478987342488,919.2199999994408,2222.7830310040026
37462,34.59478987342488,919.2399999994408,2222.798599467256
37463,34.59478987342488,919.2599999994408,2222.814167460572
37464,34.59478987342488,919.2799999994407,2222.8297349839586
37465,34.59478987342488,919.2999999994407,2222.845302037422
37466,34.59478987342488,919.3199999994407,2222.8608686209877
37467,34.59478987342488,919.3399999994407,2222.8764347351944
37468,34.59478987342488,919.3599999994407,2222.892000380402
37469,34.59478987342488,919.3799999994407,2222.9075655566166
37470,34.59478987342488,919.3999999994406,2222.923130263845
37471,34.59478987342488,919.4199999994406,2222.9386945020938
37472,34.59478987342488,919.4399999994406,2222.9542582713693
37473,34.59478987342488,919.4599999994406,2222.969821571678
37474,34.59478987342488,919.4799999994406,2222.9853844030267
37475,34.59478987342488,919.4999999994405,2223.0009467654218
37476,34.59478987342488,919.5199999994405,2223.0165086588695
37477,34.59478987342488,919.5399999994405,2223.0320700833768
37478,34.59478987342488,919.5599999994405,2223.04763103895
37479,34.59478987342488,919.5799999994405,2223.063191525596
37480,34.59478987342488,919.5999999994405,2223.078751543321
37481,34.59478987342488,919.6199999994404,2223.094311092131
37482,34.59478987342488,919.6399999994404,2223.1098701720334
37483,34.59478987342488,919.6599999994404,2223.1254287830343
37484,34.59478987342488,919.6799999994404,2223.14098692514
37485,34.59478987342488,919.6999999994404,2223.156544598358
37486,34.59478987342488,919.7199999994403,2223.1721018026938
37487,34.59478987342488,919.7399999994403,2223.187658538154
37488,34.59478987342488,919.7599999994403,2223.2032148047456
37489,34.59478987342488,919.7799999994403,2223.2187706024747
37490,34.59478987342488,919.7999999994403,2223.2343259313484
37491,34.59478987342488,919.8199999994403,2223.2498807913726
37492,34.59478987342488,919.8399999994402,2223.265435182554
37493,34.59478987342488,919.8599999994402,2223.280989104899
37494,34.59478987342488,919.8799999994402,2223.296542558415
37495,34.59478987342488,919.8999999994402,2223.3120955431073
37496,34.59478987342488,919.9199999994402,2223.327648058983
37497,34.59478987342488,919.9399999994401,2223.3432001060487
37498,34.59478987342488,919.9599999994401,2223.358751684311
37499,34.59478987342488,919.9799999994401,2223.3743027937758
37500,34.59478987342488,919.9999999994401,2223.3898534344503
37501,34.59478987342488,920.0199999994401,2223.4054036063408
37502,34.59478987342488,920.03999999944,2223.4209533094536
37503,34.59478987342488,920.05999999944,2223.4365025437955
37504,34.59478987342488,920.07999999944,2223.452051309373
37505,34.59478987342488,920.09999999944,2223.4675996061924
37506,34.59478987342488,920.11999999944,2223.48314743426
37507,34.59478987342488,920.13999999944,2223.4986947935827
37508,34.59478987342488,920.15999999944,2223.5142416841672
37509,34.59478987342488,920.1799999994399,2223.5297881060196
37510,34.59478987342488,920.1999999994399,2223.5453340591466
37511,34.59478987342488,920.2199999994399,2223.5608795435546
37512,34.59478987342488,920.2399999994399,2223.5764245592504
37513,34.59478987342488,920.2599999994399,2223.5919691062404
37514,34.59478987342488,920.2799999994398,2223.607513184531
37515,34.59478987342488,920.2999999994398,2223.623056794129
37516,34.59478987342488,920.3199999994398,2223.6385999350405
37517,34.59478987342488,920.3399999994398,2223.654142607304
37518,34.59478987342488,920.3599999994398,2223.6696848115284
37519,34.59478987342488,920.3799999994397,2223.6852265480347
37520,34.59478987342488,920.3999999994397,2223.7007678168297
37521,34.59478987342488,920.4199999994397,2223.7163086179194
37522,34.59478987342488,920.4399999994397,2223.7318489513104
37523,34.59478987342488,920.4599999994397,2223.7473888170093
37524,34.59478987342488,920.4799999994397,2223.762928215023
37525,34.59478987342488,920.4999999994396,2223.7784671453574
37526,34.59478987342488,920.5199999994396,2223.7940056080192
37527,34.59478987342488,920.5399999994396,2223.809543603015
37528,34.59478987342488,920.5599999994396,2223.825081130351
37529,34.59478987342488,920.5799999994396,2223.8406181900345
37530,34.59478987342488,920.5999999994395,2223.8561547820714
37531,34.59478987342488,920.6199999994395,2223.8716909064683
37532,34.59478987342488,920.6399999994395,2223.8872265632317
37533,34.59478987342488,920.6599999994395,2223.9027617523684
37534,34.59478987342488,920.6799999994395,2223.9182964738848
37535,34.59478987342488,920.6999999994395,2223.933830727787
37536,34.59478987342488,920.7199999994394,2223.949364514082
37537,34.59478987342488,920.7399999994394,2223.964897832776
37538,34.59478987342488,920.7599999994394,2223.9804306838755
37539,34.59478987342488,920.7799999994394,2223.9959630673875
37540,34.59478987342488,920.7999999994394,2224.0114949833182
37541,34.59478987342488,920.8199999994393,2224.027026431674
37542,34.59478987342488,920.8399999994393,2224.0425574124615
37543,34.59478987342488,920.8599999994393,2224.0580879256872
37544,34.59478987342488,920.8799999994393,2224.0736179713576
37545,34.59478987342488,920.8999999994393,2224.0891475494795
37546,34.59478987342488,920.9199999994393,2224.104676660059
37547,34.59478987342488,920.9399999994392,2224.1202053031025
37548,34.59478987342488,920.9599999994392,2224.135733478617
37549,34.59478987342488,920.9799999994392,2224.1512611866087
37550,34.59478987342488,920.9999999994392,2224.166788427084
37551,34.59478987342488,921.0199999994392,2224.18231520005
37552,34.59478987342488,921.0399999994391,2224.1978415055128
37553,34.59478987342488,921.0599999994391,2224.2133673434787
37554,34.59478987342488,921.0799999994391,2224.228892713955
37555,34.59478987342488,921.0999999994391,2224.244417616947
37556,34.59478987342488,921.1199999994391,2224.259942052462
37557,34.59478987342488,921.139999999439,2224.2754660205064
37558,34.59478987342488,921.159999999439,2224.290989521087
37559,34.59478987342488,921.179999999439,2224.30651255421
37560,34.59478987342488,921.199999999439,2224.3220351198815
37561,34.59478987342488,921.219999999439,2224.3375572181085
37562,34.59478987342488,921.239999999439,2224.3530788488974
37563,34.59478987342488,921.259999999439,2224.368600012255
37564,34.59478987342488,921.2799999994389,2224.3841207081873
37565,34.59478987342488,921.2999999994389,2224.399640936701
37566,34.59478987342488,921.3199999994389,2224.4151606978025
37567,34.59478987342488,921.3399999994389,2224.430679991499
37568,34.59478987342488,921.3599999994389,2224.446198817839
37569,34.59478987342488,921.3799999994388,2224.461717177477
37570,34.59478987342488,921.3999999994388,2224.477235070678
37571,34.59478987342488,921.4199999994388,2224.4927524974482
37572,34.59478987342488,921.4399999994388,2224.508269457794
37573,34.59478987342488,921.4599999994388,2224.5237859517224
37574,34.59478987342488,921.4799999994387,2224.5393019792396
37575,34.59478987342488,921.4999999994387,2224.5548175403524
37576,34.59478987342488,921.5199999994387,2224.5703326350667
37577,34.59478987342488,921.5399999994387,2224.5858472633895
37578,34.59478987342488,921.5599999994387,2224.6013614253275
37579,34.59478987342488,921.5799999994387,2224.6168751208866
37580,34.59478987342488,921.5999999994386,2224.6323883500736
37581,34.59478987342488,921.6199999994386,2224.6479011128954
37582,34.59478987342488,921.6399999994386,2224.663413409358
37583,34.59478987342488,921.6599999994386,2224.678925239468
37584,34.59478987342488,921.6799999994386,2224.6944366032317
37585,34.59478987342488,921.6999999994385,2224.709947500656
37586,34.59478987342488,921.7199999994385,2224.7254579317478
37587,34.59478987342488,921.7399999994385,2224.7409678965128
37588,34.59478987342488,921.7599999994385,2224.7564773949575
37589,34.59478987342488,921.7799999994385,2224.771986427089
37590,34.59478987342488,921.7999999994385,2224.7874949929133
37591,34.59478987342488,921.8199999994384,2224.8030030924374
37592,34.59478987342488,921.8399999994384,2224.8185107256672
37593,34.59478987342488,921.8599999994384,2224.8340178926096
37594,34.59478987342488,921.8799999994384,2224.8495245932713
37595,34.59478987342488,921.8999999994384,2224.8650308276583
37596,34.59478987342488,921.9199999994383,2224.8805365957774
37597,34.59478987342488,921.9399999994383,2224.896041897635
37598,34.59478987342488,921.9599999994383,2224.9115467332376
37599,34.59478987342488,921.9799999994383,2224.927051102592
37600,34.59478987342488,921.9999999994383,2224.9425550057044
37601,34.59478987342488,922.0199999994383,2224.958058442581
37602,34.59478987342488,922.0399999994382,2224.973561413229
37603,34.59478987342488,922.0599999994382,2224.9890639176547
37604,34.59478987342488,922.0799999994382,2225.004565955864
37605,34.59478987342488,922.0999999994382,2225.0200675278643
37606,34.59478987342488,922.1199999994382,2225.0355686336616
37607,34.59478987342488,922.1399999994381,2225.0510692732623
37608,34.59478987342488,922.1599999994381,2225.066569446673
37609,34.59478987342488,922.1799999994381,2225.0820691539
37610,34.59478987342488,922.1999999994381,2225.0975683949505
37611,34.59478987342488,922.2199999994381,2225.1130671698306
37612,34.59478987342488,922.239999999438,2225.1285654785465
37613,34.59478987342488,922.259999999438,2225.144063321105
37614,34.59478987342488,922.279999999438,2225.159560697513
37615,34.59478987342488,922.299999999438,2225.175057607776
37616,34.59478987342488,922.319999999438,2225.1905540519015
37617,34.59478987342488,922.339999999438,2225.2060500298953
37618,34.59478987342488,922.359999999438,2225.2215455417645
37619,34.59478987342488,922.3799999994379,2225.2370405875713
37620,34.59478987342488,922.3999999994379,2225.2525351680383
37621,34.59478987342488,922.4199999994379,2225.2680292833816
37622,34.59478987342488,922.4399999994379,2225.2835229336074
37623,34.59478987342488,922.4599999994379,2225.2990161187226
37624,34.59478987342488,922.4799999994378,2225.314508838733
37625,34.59478987342488,922.4999999994378,2225.330001093646
37626,34.59478987342488,922.5199999994378,2225.345492883467
37627,34.59478987342488,922.5399999994378,2225.3609842082033
37628,34.59478987342488,922.5599999994378,2225.3764750678606
37629,34.59478987342488,922.5799999994377,2225.3919654624456
37630,34.59478987342488,922.5999999994377,2225.407455391965
37631,34.59478987342488,922.6199999994377,2225.4229448564247
37632,34.59478987342488,922.6399999994377,2225.4384338558316
37633,34.59478987342488,922.6599999994377,2225.453922390192
37634,34.59478987342488,922.6799999994377,2225.4694104595123
37635,34.59478987342488,922.6999999994376,2225.4848980637994
37636,34.59478987342488,922.7199999994376,2225.500385203059
37637,34.59478987342488,922.7399999994376,2225.515871877298
37638,34.59478987342488,922.7599999994376,2225.5313580865227
37639,34.59478987342488,922.7799999994376,2225.5468438307394
37640,34.59478987342488,922.7999999994375,2225.5623291099546
37641,34.59478987342488,922.8199999994375,2225.577813924175
37642,34.59478987342488,922.8399999994375,2225.593298273407
37643,34.59478987342488,922.8599999994375,2225.6087821576566
37644,34.59478987342488,922.8799999994375,2225.6242655769306
37645,34.59478987342488,922.8999999994375,2225.6397485312355
37646,34.59478987342488,922.9199999994374,2225.6552310205775
37647,34.59478987342488,922.9399999994374,2225.670713044963
37648,34.59478987342488,922.9599999994374,2225.6861946043987
37649,34.59478987342488,922.9799999994374,2225.701675698891
37650,34.59478987342488,922.9999999994374,2225.717156328446
37651,34.59478987342488,923.0199999994373,2225.7326364930705
37652,34.59478987342488,923.0399999994373,2225.748116192771
37653,34.59478987342488,923.0599999994373,2225.7635954275534
37654,34.59478987342488,923.0799999994373,2225.7790741974245
37655,34.59478987342488,923.0999999994373,2225.7945525023906
37656,34.59478987342488,923.1199999994373,2225.8100303424585
37657,34.59478987342488,923.1399999994372,2225.825507717634
37658,34.59478987342488,923.1599999994372,2225.840984627924
37659,34.59478987342488,923.1799999994372,2225.856461073335
37660,34.59478987342488,923.1999999994372,2225.8719370538734
37661,34.59478987342488,923.2199999994372,2225.887412569545
37662,34.59478987342488,923.2399999994371,2225.902887620357
37663,34.59478987342488,923.2599999994371,2225.9183622063156
37664,34.59478987342488,923.2799999994371,2225.933836327427
37665,34.544525978812494,923.2999999994371,2225.9493099836977
37666,34.544525978812494,923.3199999994371,2225.9647831751345
37667,34.544525978812494,923.339999999437,2225.9802559017435
37668,34.544525978812494,923.359999999437,2225.995728163531
37669,34.544525978812494,923.379999999437,2226.0111999605037
37670,34.544525978812494,923.399999999437,2226.026671292732
37671,34.544525978812494,923.419999999437,2226.04214216094
37672,34.544525978812494,923.439999999437,2226.057612565277
37673,34.544525978812494,923.459999999437,2226.07308250575
37674,34.544525978812494,923.4799999994369,2226.088551982365
37675,34.544525978812494,923.4999999994369,2226.104020995129
37676,34.544525978812494,923.5199999994369,2226.1194895440485
37677,34.544525978812494,923.5399999994369,2226.13495762913
37678,34.544525978812494,923.5599999994369,2226.15042525038
37679,34.544525978812494,923.5799999994368,2226.165892407805
37680,34.544525978812494,923.5999999994368,2226.181359101412
37681,34.544525978812494,923.6199999994368,2226.1968253312075
37682,34.544525978812494,923.6399999994368,2226.2122910971975
37683,34.544525978812494,923.6599999994368,2226.2277563993894
37684,34.544525978812494,923.6799999994367,2226.243221237789
37685,34.544525978812494,923.6999999994367,2226.258685612403
37686,34.544525978812494,923.7199999994367,2226.2741495232385
37687,34.544525978812494,923.7399999994367,2226.2896129703017
37688,34.544525978812494,923.7599999994367,2226.305075953599
37689,34.544525978812494,923.7799999994367,2226.3205384731373
37690,34.544525978812494,923.7999999994366,2226.3360005289233
37691,34.544525978812494,923.8199999994366,2226.351462120963
37692,34.544525978812494,923.8399999994366,2226.3669232492634
37693,34.544525978812494,923.8599999994366,2226.382383913831
37694,34.544525978812494,923.8799999994366,2226.397844114672
37695,34.544525978812494,923.8999999994365,2226.4133038517934
37696,34.544525978812494,923.9199999994365,2226.428763125202
37697,34.544525978812494,923.9399999994365,2226.4442219349035
37698,34.544525978812494,923.9599999994365,2226.459680280905
37699,34.544525978812494,923.9799999994365,2226.475138163213
37700,34.544525978812494,923.9999999994365,2226.4905955818344
37701,34.544525978812494,924.0199999994364,2226.5060525367753
37702,34.544525978812494,924.0399999994364,2226.5215090280426
37703,34.544525978812494,924.0599999994364,2226.5369650556427
37704,34.544525978812494,924.0799999994364,2226.552420619582
37705,34.544525978812494,924.0999999994364,2226.567875719867
37706,34.544525978812494,924.1199999994363,2226.583330356505
37707,34.544525978812494,924.1399999994363,2226.5987845295017
37708,34.544525978812494,924.1599999994363,2226.6142382388643
37709,34.544525978812494,924.1799999994363,2226.629691484599
37710,34.544525978812494,924.1999999994363,2226.645144266712
37711,34.544525978812494,924.2199999994363,2226.660596585211
37712,34.544525978812494,924.2399999994362,2226.6760484401016
37713,34.544525978812494,924.2599999994362,2226.6914998313905
37714,34.544525978812494,924.2799999994362,2226.7069507590845
37715,34.544525978812494,924.2999999994362,2226.72240122319
37716,34.544525978812494,924.3199999994362,2226.7378512237137
37717,34.544525978812494,924.3399999994361,2226.753300760662
37718,34.544525978812494,924.3599999994361,2226.7687498340415
37719,34.544525978812494,924.3799999994361,2226.7841984438587
37720,34.544525978812494,924.3999999994361,2226.7996465901206
37721,34.544525978812494,924.4199999994361,2226.815094272908
37722,34.544525978812494,924.439999999436,2226.8305414929873
37723,34.544525978812494,924.459999999436,2226.8459882504535
37724,34.544525978812494,924.479999999436,2226.861434545313
37725,34.544525978812494,924.499999999436,2226.8768803775724
37726,34.544525978812494,924.519999999436,2226.8923257472384
37727,34.544525978812494,924.539999999436,2226.907770654317
37728,34.544525978812494,924.559999999436,2226.923215098815
37729,34.544525978812494,924.5799999994359,2226.938659080739
37730,34.544525978812494,924.5999999994359,2226.954102600095
37731,34.544525978812494,924.6199999994359,2226.96954565689
37732,34.544525978812494,924.6399999994359,2226.9849882511307
37733,34.544525978812494,924.6599999994359,2227.0004303828227
37734,34.544525978812494,924.6799999994358,2227.0158720519735
37735,34.544525978812494,924.6999999994358,2227.031313258589
37736,34.544525978812494,924.7199999994358,2227.0467540026757
37737,34.544525978812494,924.7399999994358,2227.0621942842404
37738,34.544525978812494,924.7599999994358,2227.0776341032893
37739,34.544525978812494,924.7799999994357,2227.093073459829
37740,34.544525978812494,924.7999999994357,2227.108512353866
37741,34.544525978812494,924.8199999994357,2227.123950785407
37742,34.544525978812494,924.8399999994357,2227.139388754458
37743,34.544525978812494,924.8599999994357,2227.1548262610263
37744,34.544525978812494,924.8799999994357,2227.1702633051177
37745,34.544525978812494,924.8999999994356,2227.185699886739
37746,34.544525978812494,924.9199999994356,2227.201136005896
37747,34.544525978812494,924.9399999994356,2227.216571662596
37748,34.544525978812494,924.9599999994356,2227.232006856845
37749,34.544525978812494,924.9799999994356,2227.2474415886504
37750,34.544525978812494,924.9999999994355,2227.2628758580177
37751,34.544525978812494,925.0199999994355,2227.2783096649537
37752,34.544525978812494,925.0399999994355,2227.2937430094653
37753,34.544525978812494,925.0599999994355,2227.3091758915584
37754,34.544525978812494,925.0799999994355,2227.32460831124
37755,34.544525978812494,925.0999999994355,2227.340040268516
37756,34.544525978812494,925.1199999994354,2227.3554717633933
37757,34.544525978812494,925.1399999994354,2227.3709027958785
37758,34.544525978812494,925.1599999994354,2227.386333365978
37759,34.544525978812494,925.1799999994354,2227.401763473698
37760,34.544525978812494,925.1999999994354,2227.417193119045
37761,34.544525978812494,925.2199999994353,2227.4326223020257
37762,34.544525978812494,925.2399999994353,2227.4480510226467
37763,34.544525978812494,925.2599999994353,2227.4634792809143
37764,34.544525978812494,925.2799999994353,2227.478907076835
37765,34.544525978812494,925.2999999994353,2227.4943344104154
37766,34.544525978812494,925.3199999994353,2227.509761281662
37767,34.544525978812494,925.3399999994352,2227.5251876905813
37768,34.544525978812494,925.3599999994352,2227.5406136371794
37769,34.544525978812494,925.3799999994352,2227.556039121463
37770,34.544525978812494,925.3999999994352,2227.571464143439
37771,34.544525978812494,925.4199999994352,2227.5868887031133
37772,34.544525978812494,925.4399999994351,2227.602312800615
37773,34.544525978812494,925.4599999994351,2227.6177364366963
37774,34.544525978812494,925.4799999994351,2227.6331596114333
37775,34.544525978812494,925.4999999994351,2227.648582324832
37776,34.544525978812494,925.5199999994351,2227.6640045768995
37777,34.544525978812494,925.539999999435,2227.679426367642
37778,34.544525978812494,925.559999999435,2227.694847697066
37779,34.544525978812494,925.579999999435,2227.7102685651785
37780,34.544525978812494,925.599999999435,2227.725688971985
37781,34.544525978812494,925.619999999435,2227.741108917493
37782,34.544525978812494,925.639999999435,2227.7565284017082
37783,34.544525978812494,925.659999999435,2227.771947424638
37784,34.544525978812494,925.6799999994349,2227.7873659862876
37785,34.544525978812494,925.6999999994349,2227.8027840866644
37786,34.544525978812494,925.7199999994349,2227.818201725775
37787,34.544525978812494,925.7399999994349,2227.8336189036254
37788,34.544525978812494,925.7599999994349,2227.8490356202224
37789,34.544525978812494,925.7799999994348,2227.8644518755723
37790,34.544525978812494,925.7999999994348,2227.8798676696815
37791,34.544525978812494,925.8199999994348,2227.895283002557
37792,34.544525978812494,925.8399999994348,2227.9106978742047
37793,34.544525978812494,925.8599999994348,2227.9261122846315
37794,34.544525978812494,925.8799999994347,2227.9415262338434
37795,34.544525978812494,925.8999999994347,2227.9569397218474
37796,34.544525978812494,925.9199999994347,2227.97235274865
37797,34.544525978812494,925.9399999994347,2227.987765314257
37798,34.544525978812494,925.9599999994347,2228.003177418676
37799,34.544525978812494,925.9799999994347,2228.0185890619123
37800,34.544525978812494,925.9999999994346,2228.034000243973
37801,34.544525978812494,926.0199999994346,2228.049410964865
37802,34.544525978812494,926.0399999994346,2228.0648212245937
37803,34.544525978812494,926.0599999994346,2228.0802310231666
37804,34.544525978812494,926.0799999994346,2228.0956403605896
37805,34.544525978812494,926.0999999994345,2228.1110492368693
37806,34.544525978812494,926.1199999994345,2228.1264576520125
37807,34.544525978812494,926.1399999994345,2228.141865606025
37808,34.544525978812494,926.1599999994345,2228.157273098914
37809,34.544525978812494,926.1799999994345,2228.172680130686
37810,34.544525978812494,926.1999999994345,2228.1880867013465
37811,34.544525978812494,926.2199999994344,2228.203492810903
37812,34.544525978812494,926.2399999994344,2228.2188984593613
37813,34.544525978812494,926.2599999994344,2228.2343036467287
37814,34.544525978812494,926.2799999994344,2228.249708373011
37815,34.544525978812494,926.2999999994344,2228.2651126382148
37816,34.544525978812494,926.3199999994343,2228.2805164423467
37817,34.544525978812494,926.3399999994343,2228.2959197854134
37818,34.544525978812494,926.3599999994343,2228.311322667421
37819,34.544525978812494,926.3799999994343,2228.326725088376
37820,34.544525978812494,926.3999999994343,2228.342127048285
37821,34.544525978812494,926.4199999994343,2228.3575285471543
37822,34.544525978812494,926.4399999994342,2228.3729295849907
37823,34.544525978812494,926.4599999994342,2228.388330161978
37824,34.544525978812494,926.4799999994342,2228.4037302788247
37825,34.544525978812494,926.4999999994342,2228.4191299355957
37826,34.544525978812494,926.5199999994342,2228.4345291322975
37827,34.544525978812494,926.5399999994341,2228.4499278689364
37828,34.544525978812494,926.5599999994341,2228.4653261455187
37829,34.544525978812494,926.5799999994341,2228.4807239620513
37830,34.544525978812494,926.5999999994341,2228.4961213185406
37831,34.544525978812494,926.6199999994341,2228.511518214993
37832,34.544525978812494,926.639999999434,2228.526914651415
37833,34.544525978812494,926.659999999434,2228.542310627813
37834,34.544525978812494,926.679999999434,2228.5577061441936
37835,34.544525978812494,926.699999999434,2228.5731012005635
37836,34.544525978812494,926.719999999434,2228.588495796929
37837,34.544525978812494,926.739999999434,2228.603889933296
37838,34.544525978812494,926.759999999434,2228.619283609672
37839,34.544525978812494,926.7799999994339,2228.634676826063
37840,34.544525978812494,926.7999999994339,2228.650069582475
37841,34.544525978812494,926.8199999994339,2228.6654618789157
37842,34.544525978812494,926.8399999994339,2228.6808537153906
37843,34.544525978812494,926.8599999994339,2228.6962450919063
37844,34.544525978812494,926.8799999994338,2228.711636008469
37845,34.544525978812494,926.8999999994338,2228.727026465086
37846,34.544525978812494,926.9199999994338,2228.7424164617632
37847,34.544525978812494,926.9399999994338,2228.757805998507
37848,34.544525978812494,926.9599999994338,2228.7731950753246
37849,34.544525978812494,926.9799999994337,2228.788583692222
37850,34.544525978812494,926.9999999994337,2228.8039718492055
37851,34.544525978812494,927.0199999994337,2228.8193595462817
37852,34.544525978812494,927.0399999994337,2228.834746783457
37853,34.544525978812494,927.0599999994337,2228.850133560738
37854,34.544525978812494,927.0799999994337,2228.865519878131
37855,34.544525978812494,927.0999999994336,2228.880905735643
37856,34.544525978812494,927.1199999994336,2228.89629113328
37857,34.544525978812494,927.1399999994336,2228.9116760710485
37858,34.544525978812494,927.1599999994336,2228.927060548955
37859,34.544525978812494,927.1799999994336,2228.942444567006
37860,34.544525978812494,927.1999999994335,2228.9578281252084
37861,34.544525978812494,927.2199999994335,2228.973211223568
37862,34.544525978812494,927.2399999994335,2228.9885938620914
37863,34.544525978812494,927.2599999994335,2229.0039760407853
37864,34.544525978812494,927.2799999994335,2229.0193577596565
37865,34.544525978812494,927.2999999994335,2229.0347390187108
37866,34.544525978812494,927.3199999994334,2229.050119817955
37867,34.544525978812494,927.3399999994334,2229.0655001573955
37868,34.544525978812494,927.3599999994334,2229.080880037039
37869,34.544525978812494,927.3799999994334,2229.096259456892
37870,34.544525978812494,927.3999999994334,2229.1116384169604
37871,34.544525978812494,927.4199999994333,2229.1270169172512
37872,34.544525978812494,927.4399999994333,2229.1423949577706
37873,34.544525978812494,927.4599999994333,2229.157772538525
37874,34.544525978812494,927.4799999994333,2229.1731496597645
37875,34.544525978812494,927.4999999994333,2229.1885263221834
37876,34.544525978812494,927.5199999994333,2229.2039025258373
37877,34.544525978812494,927.5399999994332,2229.219278270733
37878,34.544525978812494,927.5599999994332,2229.2346535568768
37879,34.544525978812494,927.5799999994332,2229.250028384275
37880,34.544525978812494,927.5999999994332,2229.2654027529343
37881,34.544525978812494,927.6199999994332,2229.280776662861
37882,34.544525978812494,927.6399999994331,2229.296150114062
37883,34.544525978812494,927.6599999994331,2229.3115231065435
37884,34.544525978812494,927.6799999994331,2229.326895640312
37885,34.544525978812494,927.6999999994331,2229.342267715374
37886,34.544525978812494,927.7199999994331,2229.3576393317358
37887,34.544525978812494,927.739999999433,2229.373010489404
37888,34.544525978812494,927.759999999433,2229.3883811883848
37889,34.544525978812494,927.779999999433,2229.403751428685
37890,34.544525978812494,927.799999999433,2229.4191212103115
37891,34.544525978812494,927.819999999433,2229.43449053327
37892,34.544525978812494,927.839999999433,2229.4498593975673
37893,34.544525978812494,927.859999999433,2229.46522780321
37894,34.544525978812494,927.8799999994329,2229.480595750204
37895,34.544525978812494,927.8999999994329,2229.495963238556
37896,34.544525978812494,927.9199999994329,2229.511330268273
37897,34.544525978812494,927.9399999994329,2229.526696839361
37898,34.544525978812494,927.9599999994329,2229.5420629518267
37899,34.49438368315559,927.9799999994328,2229.5574286056763
37900,34.49438368315559,927.9999999994328,2229.5727938009163
37901,34.49438368315559,928.0199999994328,2229.5881585375537
37902,34.49438368315559,928.0399999994328,2229.6035228155943
37903,34.49438368315559,928.0599999994328,2229.618886635045
37904,34.49438368315559,928.0799999994327,2229.634249995912
37905,34.49438368315559,928.0999999994327,2229.6496128982017
37906,34.49438368315559,928.1199999994327,2229.6649753419206
37907,34.49438368315559,928.1399999994327,2229.6803373270754
37908,34.49438368315559,928.1599999994327,2229.6956988536726
37909,34.49438368315559,928.1799999994327,2229.7110599217185
37910,34.49438368315559,928.1999999994326,2229.7264205312194
37911,34.49438368315559,928.2199999994326,2229.7417806821823
37912,34.49438368315559,928.2399999994326,2229.7571403746133
37913,34.49438368315559,928.2599999994326,2229.7724996085185
37914,34.49438368315559,928.2799999994326,2229.787858383905
37915,34.49438368315559,928.2999999994325,2229.803216700779
37916,34.49438368315559,928.3199999994325,2229.8185745591472
37917,34.49438368315559,928.3399999994325,2229.8339319590154
37918,34.49438368315559,928.3599999994325,2229.8492889003905
37919,34.49438368315559,928.3799999994325,2229.8646453832794
37920,34.49438368315559,928.3999999994325,2229.880001407688
37921,34.49438368315559,928.4199999994324,2229.8953569736227
37922,34.49438368315559,928.4399999994324,2229.9107120810904
37923,34.49438368315559,928.4599999994324,2229.9260667300973
37924,34.49438368315559,928.4799999994324,2229.9414209206498
37925,34.49438368315559,928.4999999994324,2229.956774653026
37926,34.49438368315559,928.5199999994323,2229.972127927812
37927,34.49438368315559,928.5399999994323,2229.987480745048
37928,34.49438368315559,928.5599999994323,2230.0028331047947
37929,34.49438368315559,928.5799999994323,2230.018185008159
37930,34.49438368315559,928.5999999994323,2230.0335364557586
37931,34.49438368315559,928.6199999994323,2230.0488874476
37932,34.49438368315559,928.6399999994322,2230.06423798369
37933,34.49438368315559,928.6599999994322,2230.079588064035
37934,34.49438368315559,928.6799999994322,2230.094937688641
37935,34.49438368315559,928.6999999994322,2230.1102868575153
37936,34.49438368315559,928.7199999994322,2230.125635570664
37937,34.49438368315559,928.7399999994321,2230.1409838280942
37938,34.49438368315559,928.7599999994321,2230.156331629812
37939,34.49438368315559,928.7799999994321,2230.171678975824
37940,34.49438368315559,928.7999999994321,2230.1870258661365
37941,34.49438368315559,928.8199999994321,2230.2023723007565
37942,34.49438368315559,928.839999999432,2230.21771827969
37943,34.49438368315559,928.859999999432,2230.233063802944
37944,34.49438368315559,928.879999999432,2230.2484088705246
37945,34.49438368315559,928.899999999432,2230.263753482439
37946,34.49438368315559,928.919999999432,2230.279097638693
37947,34.49438368315559,928.939999999432,2230.2944413392943
37948,34.49438368315559,928.959999999432,2230.3097845842485
37949,34.49438368315559,928.9799999994319,2230.3251273735623
37950,34.49438368315559,928.9999999994319,2230.3404697072424
37951,34.49438368315559,929.0199999994319,2230.355811585295
37952,34.49438368315559,929.0399999994319,2230.371153007727
37953,34.49438368315559,929.0599999994319,2230.386493974545
37954,34.49438368315559,929.0799999994318,2230.401834485755
37955,34.49438368315559,929.0999999994318,2230.417174541364
37956,34.49438368315559,929.1199999994318,2230.4325141413788
37957,34.49438368315559,929.1399999994318,2230.447853285805
37958,34.49438368315559,929.1599999994318,2230.4631919746503
37959,34.49438368315559,929.1799999994317,2230.4785302079204
37960,34.49438368315559,929.1999999994317,2230.493867985622
37961,34.49438368315559,929.2199999994317,2230.5092053077615
37962,34.49438368315559,929.2399999994317,2230.524542174346
37963,34.49438368315559,929.2599999994317,2230.5398785853818
37964,34.49438368315559,929.2799999994317,2230.555214540875
37965,34.49438368315559,929.2999999994316,2230.570550040833
37966,34.49438368315559,929.3199999994316,2230.5858850852615
37967,34.49438368315559,929.3399999994316,2230.6012196741676
37968,34.49438368315559,929.3599999994316,2230.6165538075575
37969,34.49438368315559,929.3799999994316,2230.631887485438
37970,34.49438368315559,929.3999999994315,2230.647220707815
37971,34.49438368315559,929.4199999994315,2230.662553474696
37972,34.49438368315559,929.4399999994315,2230.677885786087
37973,34.49438368315559,929.4599999994315,2230.6932176419946
37974,34.49438368315559,929.4799999994315,2230.708549042425
37975,34.49438368315559,929.4999999994315,2230.7238799873858
37976,34.49438368315559,929.5199999994314,2230.739210477221
37977,34.49438368315559,929.5399999994314,2230.7545405125
37978,34.49438368315559,929.5599999994314,2230.769870093254
37979,34.49438368315559,929.5799999994314,2230.78519921949
37980,34.49438368315559,929.5999999994314,2230.8005278912137
37981,34.49438368315559,929.6199999994313,2230.815856108432
37982,34.49438368315559,929.6399999994313,2230.8311838711516
37983,34.49438368315559,929.6599999994313,2230.846511179379
37984,34.49438368315559,929.6799999994313,2230.8618380331204
37985,34.49438368315559,929.6999999994313,2230.877164432383
37986,34.49438368315559,929.7199999994313,2230.8924903771726
37987,34.49438368315559,929.7399999994312,2230.907815867496
37988,34.49438368315559,929.7599999994312,2230.92314090336
37989,34.49438368315559,929.7799999994312,2230.938465484771
37990,34.49438368315559,929.7999999994312,2230.953789611735
37991,34.49438368315559,929.8199999994312,2230.969113284259
37992,34.49438368315559,929.8399999994311,2230.9844365023496
37993,34.49438368315559,929.8599999994311,2230.9997592660134
37994,34.49438368315559,929.8799999994311,2231.0150815752568
37995,34.49438368315559,929.8999999994311,2231.030403430086
37996,34.49438368315559,929.9199999994311,2231.045724830508
37997,34.49438368315559,929.939999999431,2231.0610457765288
37998,34.49438368315559,929.959999999431,2231.0763662681557
37999,34.49438368315559,929.979999999431,2231.0916863053944
38000,34.49438368315559,929.999999999431,2231.1070058882524
38001,34.49438368315559,930.019999999431,2231.1223250167354
38002,34.49438368315559,930.039999999431,2231.1376436908504
38003,34.49438368315559,930.0599999994309,2231.1529619106036
38004,34.49438368315559,930.0799999994309,2231.1682796760015
38005,34.49438368315559,930.0999999994309,2231.183596987051
38006,34.49438368315559,930.1199999994309,2231.198913843758
38007,34.49438368315559,930.1399999994309,2231.21423024613
38008,34.49438368315559,930.1599999994309,2231.2295461941726
38009,34.49438368315559,930.1799999994308,2231.244861687893
38010,34.49438368315559,930.1999999994308,2231.260176727297
38011,34.49438368315559,930.2199999994308,2231.275491312392
38012,34.49438368315559,930.2399999994308,2231.290805443184
38013,34.49438368315559,930.2599999994308,2231.30611911968
38014,34.49438368315559,930.2799999994307,2231.3214323418856
38015,34.49438368315559,930.2999999994307,2231.336745109808
38016,34.49438368315559,930.3199999994307,2231.3520574234535
38017,34.49438368315559,930.3399999994307,2231.367369282829
38018,34.49438368315559,930.3599999994307,2231.3826806879406
38019,34.49438368315559,930.3799999994307,2231.397991638795
38020,34.49438368315559,930.3999999994306,2231.4133021353987
38021,34.49438368315559,930.4199999994306,2231.428612177758
38022,34.49438368315559,930.4399999994306,2231.44392176588
38023,34.49438368315559,930.4599999994306,2231.459230899771
38024,34.49438368315559,930.4799999994306,2231.474539579437
38025,34.49438368315559,930.4999999994305,2231.489847804885
38026,34.49438368315559,930.5199999994305,2231.5051555761215
38027,34.49438368315559,930.5399999994305,2231.520462893546
38028,34.49438368315559,930.5599999994305,2231.535769757684
38029,34.49438368315559,930.5799999994305,2231.551076168556
38030,34.49438368315559,930.5999999994305,2231.566382126168
38031,34.49438368315559,930.6199999994304,2231.581687630526
38032,34.49438368315559,930.6399999994304,2231.596992681638
38033,34.49438368315559,930.6599999994304,2231.612297279509
38034,34.49438368315559,930.6799999994304,2231.6276014241466
38035,34.49438368315559,930.6999999994304,2231.642905115557
38036,34.49438368315559,930.7199999994303,2231.6582083537464
38037,34.49438368315559,930.7399999994303,2231.673511138722
38038,34.49438368315559,930.7599999994303,2231.68881347049
38039,34.49438368315559,930.7799999994303,2231.704115349057
38040,34.49438368315559,930.7999999994303,2231.7194167744287
38041,34.49438368315559,930.8199999994303,2231.7347177466127
38042,34.49438368315559,930.8399999994302,2231.750018265615
38043,34.49438368315559,930.8599999994302,2231.7653183314424
38044,34.49438368315559,930.8799999994302,2231.7806179441013
38045,34.49438368315559,930.8999999994302,2231.795917103598
38046,34.49438368315559,930.9199999994302,2231.8112158099393
38047,34.49438368315559,930.9399999994301,2231.8265140631315
38048,34.49438368315559,930.9599999994301,2231.841811863181
38049,34.49438368315559,930.9799999994301,2231.857109210095
38050,34.49438368315559,930.9999999994301,2231.8724061038797
38051,34.49438368315559,931.0199999994301,2231.8877025445413
38052,34.49438368315559,931.03999999943,2231.9029985320863
38053,34.49438368315559,931.05999999943,2231.9182940665214
38054,34.49438368315559,931.07999999943,2231.933589147853
38055,34.49438368315559,931.09999999943,2231.948883776088
38056,34.49438368315559,931.11999999943,2231.964177951233
38057,34.49438368315559,931.13999999943,2231.979471673294
38058,34.49438368315559,931.1599999994299,2231.9947649422775
38059,34.49438368315559,931.1799999994299,2232.01005775819
38060,34.49438368315559,931.1999999994299,2232.0253501210386
38061,34.49438368315559,931.2199999994299,2232.0406420308295
38062,34.49438368315559,931.2399999994299,2232.055933487569
38063,34.49438368315559,931.2599999994299,2232.071224491264
38064,34.49438368315559,931.2799999994298,2232.0865150419204
38065,34.49438368315559,931.2999999994298,2232.1018051395454
38066,34.49438368315559,931.3199999994298,2232.117094784145
38067,34.49438368315559,931.3399999994298,2232.132383975726
38068,34.49438368315559,931.3599999994298,2232.147672714295
38069,34.49438368315559,931.3799999994297,2232.162960999858
38070,34.49438368315559,931.3999999994297,2232.178248832422
38071,34.49438368315559,931.4199999994297,2232.1935362119934
38072,34.49438368315559,931.4399999994297,2232.2088231385787
38073,34.49438368315559,931.4599999994297,2232.2241096121843
38074,34.49438368315559,931.4799999994297,2232.239395632817
38075,34.49438368315559,931.4999999994296,2232.254681200483
38076,34.49438368315559,931.5199999994296,2232.269966315189
38077,34.49438368315559,931.5399999994296,2232.2852509769414
38078,34.49438368315559,931.5599999994296,2232.300535186195
38079,34.49438368315559,931.5799999994296,2232.3158189434303
38080,34.49438368315559,931.5999999994295,2232.331102248657
38081,34.49438368315559,931.6199999994295,2232.346385101882
38082,34.49438368315559,931.6399999994295,2232.361667503111
38083,34.49438368315559,931.6599999994295,2232.3769494523517
38084,34.49438368315559,931.6799999994295,2232.3922309496097
38085,34.49438368315559,931.6999999994295,2232.4075119948916
38086,34.49438368315559,931.7199999994294,2232.422792588204
38087,34.49438368315559,931.7399999994294,2232.438072729554
38088,34.49438368315559,931.7599999994294,2232.4533524189474
38089,34.49438368315559,931.7799999994294,2232.4686316563907
38090,34.49438368315559,931.7999999994294,2232.4839104418907
38091,34.49438368315559,931.8199999994293,2232.499188775454
38092,34.49438368315559,931.8399999994293,2232.514466657087
38093,34.49438368315559,931.8599999994293,2232.5297440867957
38094,34.49438368315559,931.8799999994293,2232.545021064587
38095,34.49438368315559,931.8999999994293,2232.560297590468
38096,34.49438368315559,931.9199999994293,2232.5755736644446
38097,34.49438368315559,931.9399999994292,2232.5908492865233
38098,34.49438368315559,931.9599999994292,2232.6061244567104
38099,34.49438368315559,931.9799999994292,2232.621399175013
38100,34.49438368315559,931.9999999994292,2232.636673441437
38101,34.49438368315559,932.0199999994292,2232.6519472559894
38102,34.49438368315559,932.0399999994291,2232.6672206186763
38103,34.49438368315559,932.0599999994291,2232.6824935295044
38104,34.49438368315559,932.0799999994291,2232.6977659884806
38105,34.49438368315559,932.0999999994291,2232.7130379956106
38106,34.49438368315559,932.1199999994291,2232.7283095509015
38107,34.49438368315559,932.139999999429,2232.7435806543594
38108,34.49438368315559,932.159999999429,2232.7588513059914
38109,34.49438368315559,932.179999999429,2232.7741215058036
38110,34.49438368315559,932.199999999429,2232.7893912538025
38111,34.49438368315559,932.219999999429,2232.8046605499944
38112,34.49438368315559,932.239999999429,2232.8199293943862
38113,34.49438368315559,932.2599999994289,2232.8351977869843
38114,34.49438368315559,932.2799999994289,2232.850465727795
38115,34.49438368315559,932.2999999994289,2232.865733216825
38116,34.49438368315559,932.3199999994289,2232.881000254081
38117,34.49438368315559,932.3399999994289,2232.896266839569
38118,34.49438368315559,932.3599999994289,2232.911532973296
38119,34.49438368315559,932.3799999994288,2232.9267986552677
38120,34.49438368315559,932.3999999994288,2232.9420638854913
38121,34.49438368315559,932.4199999994288,2232.9573286639734
38122,34.49438368315559,932.4399999994288,2232.9725929907204
38123,34.49438368315559,932.4599999994288,2232.987856865738
38124,34.49438368315559,932.4799999994287,2233.003120289034
38125,34.49438368315559,932.4999999994287,2233.018383260614
38126,34.49438368315559,932.5199999994287,2233.0336457804847
38127,34.49438368315559,932.5399999994287,2233.0489078486526
38128,34.49438368315559,932.5599999994287,2233.0641694651326
38129,34.49438368315559,932.5799999994287,2233.0794306304465
38130,34.49438368315559,932.5999999994286,2233.094691345041
38131,34.49438368315559,932.6199999994286,2233.109951608923
38132,34.49438368315559,932.6399999994286,2233.125211422099
38133,34.49438368315559,932.6599999994286,2233.140470784575
38134,34.49438368315559,932.6799999994286,2233.1557296963583
38135,34.49438368315559,932.6999999994285,2233.1709881574548
38136,34.49438368315559,932.7199999994285,2233.186246167871
38137,34.49438368315559,932.7399999994285,2233.2015037276137
38138,34.444362575009436,932.7599999994285,2233.2167608366894
38139,34.444362575009436,932.7799999994285,2233.2320174951046
38140,34.444362575009436,932.7999999994285,2233.2472737028656
38141,34.444362575009436,932.8199999994284,2233.262529459979
38142,34.444362575009436,932.8399999994284,2233.277784766451
38143,34.444362575009436,932.8599999994284,2233.2930396222887
38144,34.444362575009436,932.8799999994284,2233.308294027498
38145,34.444362575009436,932.8999999994284,2233.323547982086
38146,34.444362575009436,932.9199999994283,2233.338801486059
38147,34.444362575009436,932.9399999994283,2233.354054539423
38148,34.444362575009436,932.9599999994283,2233.369307142185
38149,34.444362575009436,932.9799999994283,2233.384559294351
38150,34.444362575009436,932.9999999994283,2233.3998109959284
38151,34.444362575009436,933.0199999994283,2233.415062246923
38152,34.444362575009436,933.0399999994282,2233.430313047341
38153,34.444362575009436,933.0599999994282,2233.4455633971893
38154,34.444362575009436,933.0799999994282,2233.4608132964745
38155,34.444362575009436,933.0999999994282,2233.476062745203
38156,34.444362575009436,933.1199999994282,2233.491311743381
38157,34.444362575009436,933.1399999994281,2233.506560291016
38158,34.444362575009436,933.1599999994281,2233.521808388113
38159,34.444362575009436,933.1799999994281,2233.5370560346796
38160,34.444362575009436,933.1999999994281,2233.552303230722
38161,34.444362575009436,933.2199999994281,2233.5675499762465
38162,34.444362575009436,933.239999999428,2233.5827962712597
38163,34.444362575009436,933.259999999428,2233.5980421157683
38164,34.444362575009436,933.279999999428,2233.6132875097787
38165,34.444362575009436,933.299999999428,2233.6285324532973
38166,34.444362575009436,933.319999999428,2233.6437769463305
38167,34.444362575009436,933.339999999428,2233.659020988885
38168,34.444362575009436,933.3599999994279,2233.6742645809672
38169,34.444362575009436,933.3799999994279,2233.6895077225836
38170,34.444362575009436,933.3999999994279,2233.7047504137404
38171,34.444362575009436,933.4199999994279,2233.7199926544445
38172,34.444362575009436,933.4399999994279,2233.735234444702
38173,34.444362575009436,933.4599999994279,2233.75047578452
38174,34.444362575009436,933.4799999994278,2233.765716673904
38175,34.444362575009436,933.4999999994278,2233.7809571128614
38176,34.444362575009436,933.5199999994278,2233.7961971013983
38177,34.444362575009436,933.5399999994278,2233.811436639521
38178,34.444362575009436,933.5599999994278,2233.8266757272368
38179,34.444362575009436,933.5799999994277,2233.841914364569
38180,34.444362575009436,933.5999999994277,2233.8571525520315
38181,34.444362575009436,933.6199999994277,2233.872390289977
38182,34.444362575009436,933.6399999994277,2233.8876275784123
38183,34.444362575009436,933.6599999994277,2233.902864417344
38184,34.444362575009436,933.6799999994277,2233.9181008067785
38185,34.444362575009436,933.6999999994276,2233.9333367467225
38186,34.444362575009436,933.7199999994276,2233.948572237182
38187,34.444362575009436,933.7399999994276,2233.9638072781636
38188,34.444362575009436,933.7599999994276,2233.979041869674
38189,34.444362575009436,933.7799999994276,2233.9942760117196
38190,34.444362575009436,933.7999999994275,2234.009509704307
38191,34.444362575009436,933.8199999994275,2234.024742947443
38192,34.444362575009436,933.8399999994275,2234.0399757411333
38193,34.444362575009436,933.8599999994275,2234.0552080853845
38194,34.444362575009436,933.8799999994275,2234.0704399802034
38195,34.444362575009436,933.8999999994275,2234.0856714255965
38196,34.444362575009436,933.9199999994274,2234.1009024215705
38197,34.444362575009436,933.9399999994274,2234.1161329681313
38198,34.444362575009436,933.9599999994274,2234.1313630652858
38199,34.444362575009436,933.9799999994274,2234.1465927130403
38200,34.444362575009436,933.9999999994274,2234.161821911401
38201,34.444362575009436,934.0199999994273,2234.1770506603752
38202,34.444362575009436,934.0399999994273,2234.192278959969
38203,34.444362575009436,934.0599999994273,2234.2075068101885
38204,34.444362575009436,934.0799999994273,2234.2227342110405
38205,34.444362575009436,934.0999999994273,2234.2379611625315
38206,34.444362575009436,934.1199999994273,2234.2531876646676
38207,34.444362575009436,934.1399999994272,2234.268413717456
38208,34.444362575009436,934.1599999994272,2234.2836393209027
38209,34.444362575009436,934.1799999994272,2234.298864475014
38210,34.444362575009436,934.1999999994272,2234.3140891797966
38211,34.444362575009436,934.2199999994272,2234.329313435257
38212,34.444362575009436,934.2399999994271,2234.344537241402
38213,34.444362575009436,934.2599999994271,2234.3597605982377
38214,34.444362575009436,934.2799999994271,2234.3749835057706
38215,34.444362575009436,934.2999999994271,2234.3902059640072
38216,34.444362575009436,934.3199999994271,2234.405427972954
38217,34.444362575009436,934.339999999427,2234.4206495326175
38218,34.444362575009436,934.359999999427,2234.4358706430044
38219,34.444362575009436,934.379999999427,2234.451091304121
38220,34.444362575009436,934.399999999427,2234.4663115159733
38221,34.444362575009436,934.419999999427,2234.481531278568
38222,34.444362575009436,934.439999999427,2234.496750591912
38223,34.444362575009436,934.4599999994269,2234.5119694560117
38224,34.444362575009436,934.4799999994269,2234.527187870873
38225,34.444362575009436,934.4999999994269,2234.5424058365033
38226,34.444362575009436,934.5199999994269,2234.557623352908
38227,34.444362575009436,934.5399999994269,2234.5728404200945
38228,34.444362575009436,934.5599999994269,2234.5880570380687
38229,34.444362575009436,934.5799999994268,2234.6032732068375
38230,34.444362575009436,934.5999999994268,2234.6184889264364
38231,34.444362575009436,934.6199999994268,2234.6337041974466
38232,34.444362575009436,934.6399999994268,2234.648919020184
38233,34.444362575009436,934.6599999994268,2234.664133394656
38234,34.444362575009436,934.6799999994267,2234.679347320868
38235,34.444362575009436,934.6999999994267,2234.6945607988273
38236,34.444362575009436,934.7199999994267,2234.70977382854
38237,34.444362575009436,934.7399999994267,2234.7249864100127
38238,34.444362575009436,934.7599999994267,2234.7401985432516
38239,34.444362575009436,934.7799999994266,2234.7554102282634
38240,34.444362575009436,934.7999999994266,2234.770621465055
38241,34.444362575009436,934.8199999994266,2234.785832253632
38242,34.444362575009436,934.8399999994266,2234.8010425940015
38243,34.444362575009436,934.8599999994266,2234.81625248617
38244,34.444362575009436,934.8799999994266,2234.8314619301436
38245,34.444362575009436,934.8999999994265,2234.846670925929
38246,34.444362575009436,934.9199999994265,2234.861879473533
38247,34.444362575009436,934.9399999994265,2234.8770875729615
38248,34.444362575009436,934.9599999994265,2234.892295224221
38249,34.444362575009436,934.9799999994265,2234.9075024273184
38250,34.444362575009436,934.9999999994264,2234.9227091822595
38251,34.444362575009436,935.0199999994264,2234.9379154890516
38252,34.444362575009436,935.0399999994264,2234.9531213477007
38253,34.444362575009436,935.0599999994264,2234.968326758213
38254,34.444362575009436,935.0799999994264,2234.9835317205957
38255,34.444362575009436,935.0999999994264,2234.9987362348547
38256,34.444362575009436,935.1199999994263,2235.0139403009966
38257,34.444362575009436,935.1399999994263,2235.0291439190282
38258,34.444362575009436,935.1599999994263,2235.044347088956
38259,34.444362575009436,935.1799999994263,2235.0595498107855
38260,34.444362575009436,935.1999999994263,2235.0747520845243
38261,34.444362575009436,935.2199999994262,2235.0899539101783
38262,34.444362575009436,935.2399999994262,2235.1051552877543
38263,34.444362575009436,935.2599999994262,2235.1203562172586
38264,34.444362575009436,935.2799999994262,2235.1355566986977
38265,34.444362575009436,935.2999999994262,2235.1507567320778
38266,34.444362575009436,935.3199999994262,2235.1659563174053
38267,34.444362575009436,935.3399999994261,2235.181155454687
38268,34.444362575009436,935.3599999994261,2235.1963541439295
38269,34.444362575009436,935.3799999994261,2235.211552385139
38270,34.444362575009436,935.3999999994261,2235.226750178322
38271,34.444362575009436,935.4199999994261,2235.2419475234856
38272,34.444362575009436,935.439999999426,2235.257144420635
38273,34.444362575009436,935.459999999426,2235.272340869778
38274,34.444362575009436,935.479999999426,2235.28753687092
38275,34.444362575009436,935.499999999426,2235.302732424068
38276,34.444362575009436,935.519999999426,2235.317927529228
38277,34.444362575009436,935.539999999426,2235.3331221864073
38278,34.444362575009436,935.5599999994259,2235.3483163956116
38279,34.444362575009436,935.5799999994259,2235.363510156848
38280,34.444362575009436,935.5999999994259,2235.378703470122
38281,34.444362575009436,935.6199999994259,2235.3938963354817
38282,34.444362575009436,935.6399999994259,2235.4090887535503
38283,34.444362575009436,935.6599999994258,2235.4242807245905
38284,34.444362575009436,935.6799999994258,2235.4394722486086
38285,34.444362575009436,935.6999999994258,2235.4546633256114
38286,34.444362575009436,935.7199999994258,2235.4698539556052
38287,34.444362575009436,935.7399999994258,2235.485044138597
38288,34.444362575009436,935.7599999994258,2235.5002338745926
38289,34.444362575009436,935.7799999994257,2235.515423163599
38290,34.444362575009436,935.7999999994257,2235.530612005622
38291,34.444362575009436,935.8199999994257,2235.5458004006687
38292,34.444362575009436,935.8399999994257,2235.560988348745
38293,34.444362575009436,935.8599999994257,2235.576175849858
38294,34.444362575009436,935.8799999994256,2235.5913629040137
38295,34.444362575009436,935.8999999994256,2235.606549511219
38296,34.444362575009436,935.9199999994256,2235.62173567148
38297,34.444362575009436,935.9399999994256,2235.6369213848034
38298,34.444362575009436,935.9599999994256,2235.6521066511955
38299,34.444362575009436,935.9799999994256,2235.667291470663
38300,34.444362575009436,935.9999999994255,2235.6824758432117
38301,34.444362575009436,936.0199999994255,2235.697659768849
38302,34.444362575009436,936.0399999994255,2235.7128432475806
38303,34.444362575009436,936.0599999994255,2235.7280262794134
38304,34.444362575009436,936.0799999994255,2235.743208864354
38305,34.444362575009436,936.0999999994254,2235.7583910024086
38306,34.444362575009436,936.1199999994254,2235.7735726935834
38307,34.444362575009436,936.1399999994254,2235.7887539378853
38308,34.444362575009436,936.1599999994254,2235.8039347353206
38309,34.444362575009436,936.1799999994254,2235.819115085896
38310,34.444362575009436,936.1999999994254,2235.834294989618
38311,34.444362575009436,936.2199999994253,2235.8494744464924
38312,34.444362575009436,936.2399999994253,2235.8646534565264
38313,34.444362575009436,936.2599999994253,2235.879832019726
38314,34.444362575009436,936.2799999994253,2235.895010136098
38315,34.444362575009436,936.2999999994253,2235.9101878056485
38316,34.444362575009436,936.3199999994252,2235.9253650283845
38317,34.444362575009436,936.3399999994252,2235.940541804312
38318,34.444362575009436,936.3599999994252,2235.9557181334376
38319,34.444362575009436,936.3799999994252,2235.9708940157675
38320,34.444362575009436,936.3999999994252,2235.9860694513086
38321,34.444362575009436,936.4199999994252,2236.0012444400672
38322,34.444362575009436,936.4399999994251,2236.01641898205
38323,34.444362575009436,936.4599999994251,2236.0315930772626
38324,34.444362575009436,936.4799999994251,2236.0467667257126
38325,34.444362575009436,936.4999999994251,2236.0619399274055
38326,34.444362575009436,936.5199999994251,2236.0771126823483
38327,34.444362575009436,936.539999999425,2236.0922849905473
38328,34.444362575009436,936.559999999425,2236.1074568520094
38329,34.444362575009436,936.579999999425,2236.1226282667403
38330,34.444362575009436,936.599999999425,2236.137799234747
38331,34.444362575009436,936.619999999425,2236.152969756036
38332,34.444362575009436,936.639999999425,2236.1681398306664
38333,34.444362575009436,936.6599999994249,2236.183309459337
38334,34.444362575009436,936.6799999994249,2236.1984786422663
38335,34.444362575009436,936.6999999994249,2236.2136473794603
38336,34.444362575009436,936.7199999994249,2236.2288156709255
38337,34.444362575009436,936.7399999994249,2236.2439835166683
38338,34.444362575009436,936.7599999994248,2236.2591509166955
38339,34.444362575009436,936.7799999994248,2236.274317871013
38340,34.444362575009436,936.7999999994248,2236.2894843796275
38341,34.444362575009436,936.8199999994248,2236.304650442546
38342,34.444362575009436,936.8399999994248,2236.3198160597744
38343,34.444362575009436,936.8599999994248,2236.3349812313195
38344,34.444362575009436,936.8799999994247,2236.3501459571876
38345,34.444362575009436,936.8999999994247,2236.365310237385
38346,34.444362575009436,936.9199999994247,2236.3804740719183
38347,34.444362575009436,936.9399999994247,2236.395637460794
38348,34.444362575009436,936.9599999994247,2236.4108004040186
38349,34.444362575009436,936.9799999994246,2236.4259629015983
38350,34.444362575009436,936.9999999994246,2236.44112495354
38351,34.444362575009436,937.0199999994246,2236.45628655985
38352,34.444362575009436,937.0399999994246,2236.471447720535
38353,34.444362575009436,937.0599999994246,2236.486608435601
38354,34.444362575009436,937.0799999994246,2236.5017687050545
38355,34.444362575009436,937.0999999994245,2236.516928528902
38356,34.444362575009436,937.1199999994245,2236.53208790715
38357,34.444362575009436,937.1399999994245,2236.547246839805
38358,34.444362575009436,937.1599999994245,2236.562405326874
38359,34.444362575009436,937.1799999994245,2236.5775633683625
38360,34.444362575009436,937.1999999994244,2236.5927209642778
38361,34.444362575009436,937.2199999994244,2236.6078781146257
38362,34.444362575009436,937.2399999994244,2236.623034819413
38363,34.444362575009436,937.2599999994244,2236.6381910786463
38364,34.444362575009436,937.2799999994244,2236.6533468923317
38365,34.444362575009436,937.2999999994244,2236.668502260476
38366,34.444362575009436,937.3199999994243,2236.6836571830854
38367,34.444362575009436,937.3399999994243,2236.6988116601665
38368,34.444362575009436,937.3599999994243,2236.7139656917257
38369,34.444362575009436,937.3799999994243,2236.7291192777698
38370,34.444362575009436,937.3999999994243,2236.7442724183047
38371,34.444362575009436,937.4199999994242,2236.7594251133373
38372,34.444362575009436,937.4399999994242,2236.774577362874
38373,34.394462244717474,937.4599999994242,2236.789729166921
38374,34.394462244717474,937.4799999994242,2236.804880525485
38375,34.394462244717474,937.4999999994242,2236.820031438572
38376,34.394462244717474,937.5199999994242,2236.835181906189
38377,34.394462244717474,937.5399999994241,2236.8503319283423
38378,34.394462244717474,937.5599999994241,2236.865481505038
38379,34.394462244717474,937.5799999994241,2236.8806306362835
38380,34.394462244717474,937.5999999994241,2236.8957793220843
38381,34.394462244717474,937.6199999994241,2236.9109275624473
38382,34.394462244717474,937.639999999424,2236.926075357379
38383,34.394462244717474,937.659999999424,2236.9412227069442
38384,34.394462244717474,937.679999999424,2236.956369611816
38385,34.394462244717474,937.699999999424,2236.9715160721416
38386,34.394462244717474,937.719999999424,2236.986662087927
38387,34.394462244717474,937.739999999424,2237.001807659179
38388,34.394462244717474,937.7599999994239,2237.0169527859043
38389,34.394462244717474,937.7799999994239,2237.032097468109
38390,34.394462244717474,937.7999999994239,2237.0472417058
38391,34.394462244717474,937.8199999994239,2237.062385498983
38392,34.394462244717474,937.8399999994239,2237.0775288476652
38393,34.394462244717474,937.8599999994238,2237.0926717518532
38394,34.394462244717474,937.8799999994238,2237.107814211553
38395,34.394462244717474,937.8999999994238,2237.1229562267713
38396,34.394462244717474,937.9199999994238,2237.1380977975145
38397,34.394462244717474,937.9399999994238,2237.153238923789
38398,34.394462244717474,937.9599999994238,2237.168379605602
38399,34.394462244717474,937.9799999994237,2237.183519842959
38400,34.394462244717474,937.9999999994237,2237.198659635867
38401,34.394462244717474,938.0199999994237,2237.2137989843322
38402,34.394462244717474,938.0399999994237,2237.2289378883615
38403,34.394462244717474,938.0599999994237,2237.244076347961
38404,34.394462244717474,938.0799999994236,2237.2592143631373
38405,34.394462244717474,938.0999999994236,2237.274351933897
38406,34.394462244717474,938.1199999994236,2237.289489060246
38407,34.394462244717474,938.1399999994236,2237.3046257421915
38408,34.394462244717474,938.1599999994236,2237.3197619797397
38409,34.394462244717474,938.1799999994236,2237.3348977728974
38410,34.394462244717474,938.1999999994235,2237.3500331216705
38411,34.394462244717474,938.2199999994235,2237.365168026066
38412,34.394462244717474,938.2399999994235,2237.38030248609
38413,34.394462244717474,938.2599999994235,2237.3954365017494
38414,34.394462244717474,938.2799999994235,2237.41057007305
38415,34.394462244717474,938.2999999994234,2237.425703199999
38416,34.394462244717474,938.3199999994234,2237.4408358826026
38417,34.394462244717474,938.3399999994234,2237.4559681208675
38418,34.394462244717474,938.3599999994234,2237.4710999147997
38419,34.394462244717474,938.3799999994234,2237.486231264406
38420,34.394462244717474,938.3999999994234,2237.5013621696926
38421,34.394462244717474,938.4199999994233,2237.5164926306666
38422,34.394462244717474,938.4399999994233,2237.5316226473337
38423,34.394462244717474,938.4599999994233,2237.546752219701
38424,34.394462244717474,938.4799999994233,2237.5618813477745
38425,34.394462244717474,938.4999999994233,2237.577010031561
38426,34.394462244717474,938.5199999994232,2237.5921382710667
38427,34.394462244717474,938.5399999994232,2237.6072660662985
38428,34.394462244717474,938.5599999994232,2237.6223934172626
38429,34.394462244717474,938.5799999994232,2237.6375203239654
38430,34.394462244717474,938.5999999994232,2237.6526467864132
38431,34.394462244717474,938.6199999994232,2237.667772804613
38432,34.394462244717474,938.6399999994231,2237.682898378571
38433,34.394462244717474,938.6599999994231,2237.6980235082933
38434,34.394462244717474,938.6799999994231,2237.7131481938586
38435,34.394462244717474,938.6999999994231,2237.728272436012
38436,34.394462244717474,938.7199999994231,2237.743396234853
38437,34.394462244717474,938.739999999423,2237.7585195903885
38438,34.394462244717474,938.759999999423,2237.773642502624
38439,34.394462244717474,938.779999999423,2237.7887649715667
38440,34.394462244717474,938.799999999423,2237.803886997223
38441,34.394462244717474,938.819999999423,2237.819008579599
38442,34.394462244717474,938.839999999423,2237.834129718702
38443,34.394462244717474,938.8599999994229,2237.849250414538
38444,34.394462244717474,938.8799999994229,2237.8643706671132
38445,34.394462244717474,938.8999999994229,2237.8794904764345
38446,34.394462244717474,938.9199999994229,2237.8946098425085
38447,34.394462244717474,938.9399999994229,2237.9097287653412
38448,34.394462244717474,938.9599999994228,2237.9248472449394
38449,34.394462244717474,938.9799999994228,2237.9399652813095
38450,34.394462244717474,938.9999999994228,2237.955082874458
38451,34.394462244717474,939.0199999994228,2237.9702000243915
38452,34.394462244717474,939.0399999994228,2237.985316731116
38453,34.394462244717474,939.0599999994228,2238.0004329946387
38454,34.394462244717474,939.0799999994227,2238.0155488149658
38455,34.394462244717474,939.0999999994227,2238.0306641921034
38456,34.394462244717474,939.1199999994227,2238.0457791260583
38457,34.394462244717474,939.1399999994227,2238.060893616837
38458,34.394462244717474,939.1599999994227,2238.0760076644456
38459,34.394462244717474,939.1799999994226,2238.091121268891
38460,34.394462244717474,939.1999999994226,2238.10623443018
38461,34.394462244717474,939.2199999994226,2238.1213471483184
38462,34.394462244717474,939.2399999994226,2238.1364594233128
38463,34.394462244717474,939.2599999994226,2238.15157125517
38464,34.394462244717474,939.2799999994226,2238.1666826438964
38465,34.394462244717474,939.2999999994225,2238.1817935894983
38466,34.394462244717474,939.3199999994225,2238.196904091982
38467,34.394462244717474,939.3399999994225,2238.2120141513547
38468,34.394462244717474,939.3599999994225,2238.2271237676223
38469,34.394462244717474,939.3799999994225,2238.2422329407914
38470,34.394462244717474,939.3999999994224,2238.2573416708683
38471,34.394462244717474,939.4199999994224,2238.2724499578594
38472,34.394462244717474,939.4399999994224,2238.2875578017715
38473,34.394462244717474,939.4599999994224,2238.302665202611
38474,34.394462244717474,939.4799999994224,2238.3177721603843
38475,34.394462244717474,939.4999999994224,2238.332878675098
38476,34.394462244717474,939.5199999994223,2238.347984746759
38477,34.394462244717474,939.5399999994223,2238.3630903753724
38478,34.394462244717474,939.5599999994223,2238.378195560946
38479,34.394462244717474,939.5799999994223,2238.393300303486
38480,34.394462244717474,939.5999999994223,2238.4084046029984
38481,34.394462244717474,939.6199999994222,2238.42350845949
38482,34.394462244717474,939.6399999994222,2238.4386118729676
38483,34.394462244717474,939.6599999994222,2238.453714843437
38484,34.394462244717474,939.6799999994222,2238.468817370905
38485,34.394462244717474,939.6999999994222,2238.483919455489
38486,34.394462244717474,939.7199999994222,2238.4990210979195
38487,34.394462244717474,939.7399999994221,2238.514122298272
38488,34.394462244717474,939.7599999994221,2238.529223056553
38489,34.394462244717474,939.7799999994221,2238.5443233727683
38490,34.394462244717474,939.7999999994221,2238.5594232469252
38491,34.394462244717474,939.8199999994221,2238.57452267903
38492,34.394462244717474,939.839999999422,2238.589621669089
38493,34.394462244717474,939.859999999422,2238.6047202171085
38494,34.394462244717474,939.879999999422,2238.619818323095
38495,34.394462244717474,939.899999999422,2238.634915987055
38496,34.394462244717474,939.919999999422,2238.6500132089955
38497,34.394462244717474,939.939999999422,2238.6651099889227
38498,34.394462244717474,939.9599999994219,2238.680206326843
38499,34.394462244717474,939.9799999994219,2238.6953022227626
38500,34.394462244717474,939.9999999994219,2238.7103976766884
38501,34.394462244717474,940.0199999994219,2238.7254926886267
38502,34.394462244717474,940.0399999994219,2238.740587258584
38503,34.394462244717474,940.0599999994218,2238.7556813865667
38504,34.394462244717474,940.0799999994218,2238.7707750725813
38505,34.394462244717474,940.0999999994218,2238.7858683166346
38506,34.394462244717474,940.1199999994218,2238.8009611187326
38507,34.394462244717474,940.1399999994218,2238.816053478882
38508,34.394462244717474,940.1599999994218,2238.8311453970896
38509,34.394462244717474,940.1799999994217,2238.8462368733612
38510,34.394462244717474,940.1999999994217,2238.8613279077035
38511,34.394462244717474,940.2199999994217,2238.8764185001232
38512,34.394462244717474,940.2399999994217,2238.8915086506267
38513,34.394462244717474,940.2599999994217,2238.9065983592204
38514,34.394462244717474,940.2799999994216,2238.9216876259106
38515,34.394462244717474,940.2999999994216,2238.936776450704
38516,34.394462244717474,940.3199999994216,2238.9518648336075
38517,34.394462244717474,940.3399999994216,2238.966952774627
38518,34.394462244717474,940.3599999994216,2238.9820402737687
38519,34.394462244717474,940.3799999994216,2238.99712733104
38520,34.394462244717474,940.3999999994215,2239.012213946446
38521,34.394462244717474,940.4199999994215,2239.0273001199944
38522,34.394462244717474,940.4399999994215,2239.042385851691
38523,34.394462244717474,940.4599999994215,2239.057471141543
38524,34.394462244717474,940.4799999994215,2239.0725559895563
38525,34.394462244717474,940.4999999994214,2239.0876403957373
38526,34.394462244717474,940.5199999994214,2239.102724360093
38527,34.394462244717474,940.5399999994214,2239.117807882629
38528,34.394462244717474,940.5599999994214,2239.1328909633526
38529,34.394462244717474,940.5799999994214,2239.1479736022698
38530,34.394462244717474,940.5999999994214,2239.163055799387
38531,34.394462244717474,940.6199999994213,2239.178137554711
38532,34.394462244717474,940.6399999994213,2239.1932188682486
38533,34.394462244717474,940.6599999994213,2239.2082997400057
38534,34.394462244717474,940.6799999994213,2239.223380169989
38535,34.394462244717474,940.6999999994213,2239.238460158205
38536,34.394462244717474,940.7199999994212,2239.253539704823
38537,34.394462244717474,940.7399999994212,2239.2686188105336
38538,34.394462244717474,940.7599999994212,2239.2836974754
38539,34.394462244717474,940.7799999994212,2239.298775699429
38540,34.394462244717474,940.7999999994212,2239.313853482627
38541,34.394462244717474,940.8199999994212,2239.3289308250005
38542,34.394462244717474,940.8399999994211,2239.344007726556
38543,34.394462244717474,940.8599999994211,2239.3590841872997
38544,34.394462244717474,940.8799999994211,2239.374160207238
38545,34.394462244717474,940.8999999994211,2239.3892357863783
38546,34.394462244717474,940.9199999994211,2239.404310924726
38547,34.394462244717474,940.939999999421,2239.419385622288
38548,34.394462244717474,940.959999999421,2239.4344598790703
38549,34.394462244717474,940.979999999421,2239.4495336950804
38550,34.394462244717474,940.999999999421,2239.464607070324
38551,34.394462244717474,941.019999999421,2239.4796800048075
38552,34.394462244717474,941.039999999421,2239.4947524985378
38553,34.394462244717474,941.0599999994209,2239.5098245515214
38554,34.394462244717474,941.0799999994209,2239.5248961637644
38555,34.394462244717474,941.0999999994209,2239.5399673352736
38556,34.394462244717474,941.1199999994209,2239.555038066055
38557,34.394462244717474,941.1399999994209,2239.5701083561157
38558,34.394462244717474,941.1599999994208,2239.585178205462
38559,34.394462244717474,941.1799999994208,2239.6002476140998
38560,34.394462244717474,941.1999999994208,2239.615316582036
38561,34.394462244717474,941.2199999994208,2239.630385109277
38562,34.394462244717474,941.2399999994208,2239.6454531958298
38563,34.394462244717474,941.2599999994208,2239.6605208417
38564,34.394462244717474,941.2799999994207,2239.6755880468945
38565,34.394462244717474,941.2999999994207,2239.69065481142
38566,34.394462244717474,941.3199999994207,2239.705721135282
38567,34.394462244717474,941.3399999994207,2239.7207870184884
38568,34.394462244717474,941.3599999994207,2239.7358524610445
38569,34.394462244717474,941.3799999994206,2239.750917462957
38570,34.394462244717474,941.3999999994206,2239.765982024233
38571,34.394462244717474,941.4199999994206,2239.781046144878
38572,34.394462244717474,941.4399999994206,2239.7961098248993
38573,34.394462244717474,941.4599999994206,2239.811173064303
38574,34.394462244717474,941.4799999994206,2239.826235863096
38575,34.394462244717474,941.4999999994205,2239.841298221284
38576,34.394462244717474,941.5199999994205,2239.8563601388737
38577,34.394462244717474,941.5399999994205,2239.871421615872
38578,34.394462244717474,941.5599999994205,2239.8864826522845
38579,34.394462244717474,941.5799999994205,2239.9015432481183
38580,34.394462244717474,941.5999999994204,2239.91660340338
38581,34.394462244717474,941.6199999994204,2239.931663118076
38582,34.394462244717474,941.6399999994204,2239.9467223922125
38583,34.394462244717474,941.6599999994204,2239.961781225796
38584,34.394462244717474,941.6799999994204,2239.9768396188333
38585,34.394462244717474,941.6999999994204,2239.9918975713304
38586,34.394462244717474,941.7199999994203,2240.006955083429
38587,34.394462244717474,941.7399999994203,2240.022012156786
38588,34.394462244717474,941.7599999994203,2240.0370687922796
38589,34.394462244717474,941.7799999994203,2240.0521249899657
38590,34.394462244717474,941.7999999994203,2240.0671807498506
38591,34.394462244717474,941.8199999994202,2240.082236071941
38592,34.394462244717474,941.8399999994202,2240.097290956244
38593,34.394462244717474,941.8599999994202,2240.112345402765
38594,34.394462244717474,941.8799999994202,2240.1273994115118
38595,34.394462244717474,941.8999999994202,2240.14245298249
38596,34.394462244717474,941.9199999994202,2240.1575061157064
38597,34.394462244717474,941.9399999994201,2240.172558811167
38598,34.394462244717474,941.9599999994201,2240.1876110688795
38599,34.394462244717474,941.9799999994201,2240.2026628888493
38600,34.394462244717474,941.9999999994201,2240.2177142710834
38601,34.394462244717474,942.0199999994201,2240.2327652155886
38602,34.394462244717474,942.03999999942,2240.247815722371
38603,34.394462244717474,942.05999999942,2240.262865791437
38604,34.394462244717474,942.07999999942,2240.2779154227937
38605,34.394462244717474,942.09999999942,2240.2929646164475
38606,34.394462244717474,942.11999999942,2240.3080133724047
38607,34.394462244717474,942.13999999942,2240.3230616906717
38608,34.394462244717474,942.1599999994199,2240.3381095712552
38609,34.394462244717474,942.1799999994199,2240.3531570141618
38610,34.394462244717474,942.1999999994199,2240.368204019398
38611,34.394462244717474,942.2199999994199,2240.3832505869705
38612,34.394462244717474,942.2399999994199,2240.3982967168854
38613,34.394462244717474,942.2599999994198,2240.413342409149
38614,34.34468228440191,942.2799999994198,2240.4283876637687
38615,34.34468228440191,942.2999999994198,2240.4434324807503
38616,34.34468228440191,942.3199999994198,2240.4584768601007
38617,34.34468228440191,942.3399999994198,2240.4735208018265
38618,34.34468228440191,942.3599999994198,2240.488564305934
38619,34.34468228440191,942.3799999994197,2240.5036073724295
38620,34.34468228440191,942.3999999994197,2240.51865000132
38621,34.34468228440191,942.4199999994197,2240.533692192612
38622,34.34468228440191,942.4399999994197,2240.5487339463116
38623,34.34468228440191,942.4599999994197,2240.5637752624257
38624,34.34468228440191,942.4799999994196,2240.5788161409605
38625,34.34468228440191,942.4999999994196,2240.593856581923
38626,34.34468228440191,942.5199999994196,2240.608896585319
38627,34.34468228440191,942.5399999994196,2240.6239361511557
38628,34.34468228440191,942.5599999994196,2240.6389752794394
38629,34.34468228440191,942.5799999994196,2240.6540139701765
38630,34.34468228440191,942.5999999994195,2240.6690522233735
38631,34.34468228440191,942.6199999994195,2240.684090039037
38632,34.34468228440191,942.6399999994195,2240.6991274171737
38633,34.34468228440191,942.6599999994195,2240.7141643577897
38634,34.34468228440191,942.6799999994195,2240.729200860892
38635,34.34468228440191,942.6999999994194,2240.744236926487
38636,34.34468228440191,942.7199999994194,2240.7592725545805
38637,34.34468228440191,942.7399999994194,2240.77430774518
38638,34.34468228440191,942.7599999994194,2240.789342498547
38639,34.34468228440191,942.7799999994194,2240.8043768152506
38640,34.34468228440191,942.7999999994194,2240.8194106953324
38641,34.34468228440191,942.8199999994193,2240.8344441387985
38642,34.34468228440191,942.8399999994193,2240.8494771456553
38643,34.34468228440191,942.8599999994193,2240.8645097159097
38644,34.34468228440191,942.8799999994193,2240.879541849568
38645,34.34468228440191,942.8999999994193,2240.8945735466364
38646,34.34468228440191,942.9199999994192,2240.909604807122
38647,34.34468228440191,942.9399999994192,2240.924635631031
38648,34.34468228440191,942.9599999994192,2240.9396660183697
38649,34.34468228440191,942.9799999994192,2240.954695969145
38650,34.34468228440191,942.9999999994192,2240.9697254833636
38651,34.34468228440191,943.0199999994192,2240.9847545610314
38652,34.34468228440191,943.0399999994191,2240.9997832021554
38653,34.34468228440191,943.0599999994191,2241.014811406742
38654,34.34468228440191,943.0799999994191,2241.0298391747974
38655,34.34468228440191,943.0999999994191,2241.0448665063286
38656,34.34468228440191,943.1199999994191,2241.059893401342
38657,34.34468228440191,943.139999999419,2241.0749198598437
38658,34.34468228440191,943.159999999419,2241.089945881841
38659,34.34468228440191,943.179999999419,2241.1049714673395
38660,34.34468228440191,943.199999999419,2241.1199966163463
38661,34.34468228440191,943.219999999419,2241.135021328868
38662,34.34468228440191,943.239999999419,2241.1500456049107
38663,34.34468228440191,943.2599999994189,2241.165069444481
38664,34.34468228440191,943.2799999994189,2241.180092847586
38665,34.34468228440191,943.2999999994189,2241.1951158142315
38666,34.34468228440191,943.3199999994189,2241.210138344424
38667,34.34468228440191,943.3399999994189,2241.2251604381704
38668,34.34468228440191,943.3599999994188,2241.240182095477
38669,34.34468228440191,943.3799999994188,2241.2552033163506
38670,34.34468228440191,943.3999999994188,2241.2702241007973
38671,34.34468228440191,943.4199999994188,2241.285244448824
38672,34.34468228440191,943.4399999994188,2241.300264360437
38673,34.34468228440191,943.4599999994188,2241.3152838356427
38674,34.34468228440191,943.4799999994187,2241.3303028744476
38675,34.34468228440191,943.4999999994187,2241.3453214768588
38676,34.34468228440191,943.5199999994187,2241.360339642882
38677,34.34468228440191,943.5399999994187,2241.3753573725244
38678,34.34468228440191,943.5599999994187,2241.390374665792
38679,34.34468228440191,943.5799999994186,2241.4053915226914
38680,34.34468228440191,943.5999999994186,2241.4204079432293
38681,34.34468228440191,943.6199999994186,2241.435423927412
38682,34.34468228440191,943.6399999994186,2241.450439475246
38683,34.34468228440191,943.6599999994186,2241.4654545867384
38684,34.34468228440191,943.6799999994186,2241.480469261895
38685,34.34468228440191,943.6999999994185,2241.4954835007225
38686,34.34468228440191,943.7199999994185,2241.5104973032276
38687,34.34468228440191,943.7399999994185,2241.5255106694167
38688,34.34468228440191,943.7599999994185,2241.540523599296
38689,34.34468228440191,943.7799999994185,2241.555536093192
38690,34.34468228440191,943.7999999994184,2241.570548151658
38691,34.34468228440191,943.8199999994184,2241.585559774725
38692,34.34468228440191,943.8399999994184,2241.6005709624
38693,34.34468228440191,943.8599999994184,2241.6155817146896
38694,34.34468228440191,943.8799999994184,2241.6305920316004
38695,34.34468228440191,943.8999999994184,2241.6456019131388
38696,34.34468228440191,943.9199999994183,2241.660611359311
38697,34.34468228440191,943.9399999994183,2241.675620370124
38698,34.34468228440191,943.9599999994183,2241.6906289455837
38699,34.34468228440191,943.9799999994183,2241.705637085697
38700,34.34468228440191,943.9999999994183,2241.720644790471
38701,34.34468228440191,944.0199999994182,2241.735652059911
38702,34.34468228440191,944.0399999994182,2241.750658894024
38703,34.34468228440191,944.0599999994182,2241.765665292817
38704,34.34468228440191,944.0799999994182,2241.780671256296
38705,34.34468228440191,944.0999999994182,2241.7956767844676
38706,34.34468228440191,944.1199999994182,2241.8106818773385
38707,34.34468228440191,944.1399999994181,2241.825686534915
38708,34.34468228440191,944.1599999994181,2241.8406907572034
38709,34.34468228440191,944.1799999994181,2241.8556945442106
38710,34.34468228440191,944.1999999994181,2241.870697895943
38711,34.34468228440191,944.2199999994181,2241.885700812407
38712,34.34468228440191,944.239999999418,2241.9007032936092
38713,34.34468228440191,944.259999999418,2241.915705339556
38714,34.34468228440191,944.279999999418,2241.9307069502543
38715,34.34468228440191,944.299999999418,2241.94570812571
38716,34.34468228440191,944.319999999418,2241.96070886593
38717,34.34468228440191,944.339999999418,2241.9757091709203
38718,34.34468228440191,944.3599999994179,2241.9907090406878
38719,34.34468228440191,944.3799999994179,2242.005708475239
38720,34.34468228440191,944.3999999994179,2242.0207074745804
38721,34.34468228440191,944.4199999994179,2242.0357060387187
38722,34.34468228440191,944.4399999994179,2242.05070416766
38723,34.34468228440191,944.4599999994178,2242.065701861411
38724,34.34468228440191,944.4799999994178,2242.0806991199784
38725,34.34468228440191,944.4999999994178,2242.0956959433684
38726,34.34468228440191,944.5199999994178,2242.1106923315874
38727,34.34468228440191,944.5399999994178,2242.1256882846424
38728,34.34468228440191,944.5599999994178,2242.140683802539
38729,34.34468228440191,944.5799999994177,2242.155678885285
38730,34.34468228440191,944.5999999994177,2242.1706735328858
38731,34.34468228440191,944.6199999994177,2242.1856677453484
38732,34.34468228440191,944.6399999994177,2242.200661522679
38733,34.34468228440191,944.6599999994177,2242.2156548648845
38734,34.34468228440191,944.6799999994176,2242.2306477719712
38735,34.34468228440191,944.6999999994176,2242.245640243945
38736,34.34468228440191,944.7199999994176,2242.2606322808138
38737,34.34468228440191,944.7399999994176,2242.2756238825827
38738,34.34468228440191,944.7599999994176,2242.290615049259
38739,34.34468228440191,944.7799999994176,2242.305605780849
38740,34.34468228440191,944.7999999994175,2242.3205960777304
38741,34.34468228440191,944.8199999994175,2242.335585940415
38742,34.34468228440191,944.8399999994175,2242.3505753689237
38743,34.34468228440191,944.8599999994175,2242.365564363263
38744,34.34468228440191,944.8799999994175,2242.380552923439
38745,34.34468228440191,944.8999999994174,2242.395541049459
38746,34.34468228440191,944.9199999994174,2242.410528741329
38747,34.34468228440191,944.9399999994174,2242.4255159990553
38748,34.34468228440191,944.9599999994174,2242.4405028226447
38749,34.34468228440191,944.9799999994174,2242.4554892121037
38750,34.34468228440191,944.9999999994174,2242.470475167439
38751,34.34468228440191,945.0199999994173,2242.4854606886565
38752,34.34468228440191,945.0399999994173,2242.500445775763
38753,34.34468228440191,945.0599999994173,2242.5154304287657
38754,34.34468228440191,945.0799999994173,2242.53041464767
38755,34.34468228440191,945.0999999994173,2242.545398432483
38756,34.34468228440191,945.1199999994172,2242.560381783211
38757,34.34468228440191,945.1399999994172,2242.5753646998605
38758,34.34468228440191,945.1599999994172,2242.590347182438
38759,34.34468228440191,945.1799999994172,2242.6053292309502
38760,34.34468228440191,945.1999999994172,2242.6203108454033
38761,34.34468228440191,945.2199999994172,2242.635292025804
38762,34.34468228440191,945.2399999994171,2242.6502727721586
38763,34.34468228440191,945.2599999994171,2242.6652530844735
38764,34.34468228440191,945.2799999994171,2242.680232962756
38765,34.34468228440191,945.2999999994171,2242.6952124070112
38766,34.34468228440191,945.3199999994171,2242.7101914172467
38767,34.34468228440191,945.339999999417,2242.725169993469
38768,34.34468228440191,945.359999999417,2242.740148135684
38769,34.34468228440191,945.379999999417,2242.755125843899
38770,34.34468228440191,945.399999999417,2242.7701031181196
38771,34.34468228440191,945.419999999417,2242.7850799583525
38772,34.34468228440191,945.439999999417,2242.800056364604
38773,34.34468228440191,945.4599999994169,2242.8150323368814
38774,34.34468228440191,945.4799999994169,2242.8300078751904
38775,34.34468228440191,945.4999999994169,2242.844982979538
38776,34.34468228440191,945.5199999994169,2242.8599576499305
38777,34.34468228440191,945.5399999994169,2242.8749318863743
38778,34.34468228440191,945.5599999994168,2242.889905688876
38779,34.34468228440191,945.5799999994168,2242.904879057442
38780,34.34468228440191,945.5999999994168,2242.919851992079
38781,34.34468228440191,945.6199999994168,2242.9348244927937
38782,34.34468228440191,945.6399999994168,2242.949796559592
38783,34.34468228440191,945.6599999994168,2242.9647681924803
38784,34.34468228440191,945.6799999994167,2242.9797393914655
38785,34.34468228440191,945.6999999994167,2242.994710156554
38786,34.34468228440191,945.7199999994167,2243.009680487752
38787,34.34468228440191,945.7399999994167,2243.0246503850667
38788,34.34468228440191,945.7599999994167,2243.039619848504
38789,34.34468228440191,945.7799999994166,2243.0545888780707
38790,34.34468228440191,945.7999999994166,2243.069557473773
38791,34.34468228440191,945.8199999994166,2243.0845256360412
38792,34.34468228440191,945.8399999994166,2243.0994933653446
38793,34.34468228440191,945.8599999994166,2243.1144606616936
38794,34.34468228440191,945.8799999994166,2243.1294275250943
38795,34.34468228440191,945.8999999994165,2243.144393955554
38796,34.34468228440191,945.9199999994165,2243.1593599530784
38797,34.34468228440191,945.9399999994165,2243.1743255176743
38798,34.34468228440191,945.9599999994165,2243.1892906493485
38799,34.34468228440191,945.9799999994165,2243.204255348107
38800,34.34468228440191,945.9999999994164,2243.2192196139563
38801,34.34468228440191,946.0199999994164,2243.2341834469034
38802,34.34468228440191,946.0399999994164,2243.2491468469543
38803,34.34468228440191,946.0599999994164,2243.2641098141157
38804,34.34468228440191,946.0799999994164,2243.279072348394
38805,34.34468228440191,946.0999999994164,2243.2940344497956
38806,34.34468228440191,946.1199999994163,2243.3089961183273
38807,34.34468228440191,946.1399999994163,2243.3239573539954
38808,34.34468228440191,946.1599999994163,2243.3389181568064
38809,34.34468228440191,946.1799999994163,2243.3538785267665
38810,34.34468228440191,946.1999999994163,2243.3688384638826
38811,34.34468228440191,946.2199999994162,2243.383797968161
38812,34.34468228440191,946.2399999994162,2243.3987570396084
38813,34.34468228440191,946.2599999994162,2243.413715678231
38814,34.34468228440191,946.2799999994162,2243.428673884035
38815,34.34468228440191,946.2999999994162,2243.4436316570277
38816,34.34468228440191,946.3199999994162,2243.458588997215
38817,34.34468228440191,946.3399999994161,2243.4735459046033
38818,34.34468228440191,946.3599999994161,2243.4885023791994
38819,34.34468228440191,946.3799999994161,2243.50345842101
38820,34.34468228440191,946.3999999994161,2243.5184140300407
38821,34.34468228440191,946.4199999994161,2243.533369206299
38822,34.34468228440191,946.439999999416,2243.5483239497908
38823,34.34468228440191,946.459999999416,2243.5632782605226
38824,34.34468228440191,946.479999999416,2243.578232138501
38825,34.34468228440191,946.499999999416,2243.5931855837325
38826,34.34468228440191,946.519999999416,2243.608138596224
38827,34.34468228440191,946.539999999416,2243.623091175981
38828,34.34468228440191,946.5599999994159,2243.6380433230106
38829,34.34468228440191,946.5799999994159,2243.652995037319
38830,34.34468228440191,946.5999999994159,2243.6679463189134
38831,34.34468228440191,946.6199999994159,2243.6828971677996
38832,34.34468228440191,946.6399999994159,2243.697847583984
38833,34.34468228440191,946.6599999994158,2243.7127975674734
38834,34.34468228440191,946.6799999994158,2243.7277471182742
38835,34.34468228440191,946.6999999994158,2243.742696236393
38836,34.34468228440191,946.7199999994158,2243.757644921836
38837,34.34468228440191,946.7399999994158,2243.7725931746095
38838,34.34468228440191,946.7599999994158,2243.7875409947205
38839,34.34468228440191,946.7799999994157,2243.8024883821754
38840,34.34468228440191,946.7999999994157,2243.8174353369805
38841,34.34468228440191,946.8199999994157,2243.832381859149
38842,34.34468228440191,946.8399999994157,2243.847327949175
38843,34.34468228440191,946.8599999994157,2243.862273607496
38844,34.34468228440191,946.8799999994156,2243.8772188341172
38845,34.34468228440191,946.8999999994156,2243.892163629046
38846,34.34468228440191,946.9199999994156,2243.9071079922887
38847,34.34468228440191,946.9399999994156,2243.9220519238515
38848,34.34468228440191,946.9599999994156,2243.9369954237413
38849,34.34468228440191,946.9799999994156,2243.9519384919645
38850,34.29502228795421,946.9999999994155,2243.9668811285273
38851,34.29502228795421,947.0199999994155,2243.9818233334363
38852,34.29502228795421,947.0399999994155,2243.996765106698
38853,34.29502228795421,947.0599999994155,2244.011706448319
38854,34.29502228795421,947.0799999994155,2244.026647358305
38855,34.29502228795421,947.0999999994154,2244.041587836664
38856,34.29502228795421,947.1199999994154,2244.056527883401
38857,34.29502228795421,947.1399999994154,2244.0714674985234
38858,34.29502228795421,947.1599999994154,2244.0864066820372
38859,34.29502228795421,947.1799999994154,2244.101345433949
38860,34.29502228795421,947.1999999994154,2244.1162837542656
38861,34.29502228795421,947.2199999994153,2244.131221642993
38862,34.29502228795421,947.2399999994153,2244.1461591001375
38863,34.29502228795421,947.2599999994153,2244.1610961257065
38864,34.29502228795421,947.2799999994153,2244.1760327197057
38865,34.29502228795421,947.2999999994153,2244.190968882142
38866,34.29502228795421,947.3199999994152,2244.2059046130216
38867,34.29502228795421,947.3399999994152,2244.220839912351
38868,34.29502228795421,947.3599999994152,2244.2357747801366
38869,34.29502228795421,947.3799999994152,2244.250709216385
38870,34.29502228795421,947.3999999994152,2244.265643221103
38871,34.29502228795421,947.4199999994152,2244.2805767942964
38872,34.29502228795421,947.4399999994151,2244.295509935972
38873,34.29502228795421,947.4599999994151,2244.3104426461364
38874,34.29502228795421,947.4799999994151,2244.325374924796
38875,34.29502228795421,947.4999999994151,2244.3403067719573
38876,34.29502228795421,947.5199999994151,2244.3552381876266
38877,34.29502228795421,947.539999999415,2244.3701691718106
38878,34.29502228795421,947.559999999415,2244.385099724516
38879,34.29502228795421,947.579999999415,2244.4000298457486
38880,34.29502228795421,947.599999999415,2244.414959535515
38881,34.29502228795421,947.619999999415,2244.429888793822
38882,34.29502228795421,947.639999999415,2244.444817620676
38883,34.29502228795421,947.6599999994149,2244.4597460160835
38884,34.29502228795421,947.6799999994149,2244.4746739800507
38885,34.29502228795421,947.6999999994149,2244.489601512584
38886,34.29502228795421,947.7199999994149,2244.5045286136906
38887,34.29502228795421,947.7399999994149,2244.5194552833764
38888,34.29502228795421,947.7599999994148,2244.534381521648
38889,34.29502228795421,947.7799999994148,2244.5493073285115
38890,34.29502228795421,947.7999999994148,2244.564232703974
38891,34.29502228795421,947.8199999994148,2244.579157648042
38892,34.29502228795421,947.8399999994148,2244.594082160737
38893,34.29502228795421,947.8599999994148,2244.6090062425474
38894,34.29502228795421,947.8799999994147,2244.62392989382
38895,34.29502228795421,947.8999999994147,2244.638853114561
38896,34.29502228795421,947.9199999994147,2244.6537759047765
38897,34.29502228795421,947.9399999994147,2244.6686982644737
38898,34.29502228795421,947.9599999994147,2244.6836201936585
38899,34.29502228795421,947.9799999994146,2244.6985416923376
38900,34.29502228795421,947.9999999994146,2244.7134627605174
38901,34.29502228795421,948.0199999994146,2244.728383398204
38902,34.29502228795421,948.0399999994146,2244.743303605405
38903,34.29502228795421,948.0599999994146,2244.758223382126
38904,34.29502228795421,948.0799999994146,2244.7731427283734
38905,34.29502228795421,948.0999999994145,2244.788061644154
38906,34.29502228795421,948.1199999994145,2244.802980129474
38907,34.29502228795421,948.1399999994145,2244.81789818434
38908,34.29502228795421,948.1599999994145,2244.8328158087584
38909,34.29502228795421,948.1799999994145,2244.847733002736
38910,34.29502228795421,948.1999999994144,2244.8626497662785
38911,34.29502228795421,948.2199999994144,2244.8775660993933
38912,34.29502228795421,948.2399999994144,2244.8924820020866
38913,34.29502228795421,948.2599999994144,2244.9073974743646
38914,34.29502228795421,948.2799999994144,2244.922312516234
38915,34.29502228795421,948.2999999994144,2244.9372271277007
38916,34.29502228795421,948.3199999994143,2244.952141308772
38917,34.29502228795421,948.3399999994143,2244.9670550594537
38918,34.29502228795421,948.3599999994143,2244.9819683797527
38919,34.29502228795421,948.3799999994143,2244.996881269675
38920,34.29502228795421,948.3999999994143,2245.0117937292275
38921,34.29502228795421,948.4199999994142,2245.0267057584165
38922,34.29502228795421,948.4399999994142,2245.0416173572485
38923,34.29502228795421,948.4599999994142,2245.05652852573
38924,34.29502228795421,948.4799999994142,2245.071439263867
38925,34.29502228795421,948.4999999994142,2245.0863495716667
38926,34.29502228795421,948.5199999994142,2245.101259449135
38927,34.29502228795421,948.5399999994141,2245.1161688962784
38928,34.29502228795421,948.5599999994141,2245.131077913104
38929,34.29502228795421,948.5799999994141,2245.1459864996177
38930,34.29502228795421,948.5999999994141,2245.160894655826
38931,34.29502228795421,948.6199999994141,2245.175802381735
38932,34.29502228795421,948.639999999414,2245.190709677352
38933,34.29502228795421,948.659999999414,2245.205616542683
38934,34.29502228795421,948.679999999414,2245.2205229777346
38935,34.29502228795421,948.699999999414,2245.235428982513
38936,34.29502228795421,948.719999999414,2245.250334557025
38937,34.29502228795421,948.739999999414,2245.2652397012766
38938,34.29502228795421,948.7599999994139,2245.2801444152747
38939,34.29502228795421,948.7799999994139,2245.2950486990258
38940,34.29502228795421,948.7999999994139,2245.309952552536
38941,34.29502228795421,948.8199999994139,2245.3248559758117
38942,34.29502228795421,948.8399999994139,2245.3397589688598
38943,34.29502228795421,948.8599999994138,2245.354661531713
38944,34.29502228795421,948.8799999994138,2245.369563664926
38945,34.29502228795421,948.8999999994138,2245.3844653688093
38946,34.29502228795421,948.9199999994138,2245.3993666433703
38947,34.29502228795421,948.9399999994138,2245.4142674886148
38948,34.29502228795421,948.9599999994138,2245.4291679045496
38949,34.29502228795421,948.9799999994137,2245.4440678911806
38950,34.29502228795421,948.9999999994137,2245.4589674485146
38951,34.29502228795421,949.0199999994137,2245.4738665765585
38952,34.29502228795421,949.0399999994137,2245.488765275318
38953,34.29502228795421,949.0599999994137,2245.5036635448005
38954,34.29502228795421,949.0799999994136,2245.5185613850117
38955,34.29502228795421,949.0999999994136,2245.5334587959583
38956,34.29502228795421,949.1199999994136,2245.5483557776465
38957,34.29502228795421,949.1399999994136,2245.5632523300833
38958,34.29502228795421,949.1599999994136,2245.5781484532745
38959,34.29502228795421,949.1799999994136,2245.593044147227
38960,34.29502228795421,949.1999999994135,2245.607939411947
38961,34.29502228795421,949.2199999994135,2245.622834247441
38962,34.29502228795421,949.2399999994135,2245.637728653716
38963,34.29502228795421,949.2599999994135,2245.652622630778
38964,34.29502228795421,949.2799999994135,2245.6675161786334
38965,34.29502228795421,949.2999999994134,2245.682409297289
38966,34.29502228795421,949.3199999994134,2245.6973019867505
38967,34.29502228795421,949.3399999994134,2245.712194247025
38968,34.29502228795421,949.3599999994134,2245.7270860781186
38969,34.29502228795421,949.3799999994134,2245.7419774800383
38970,34.29502228795421,949.3999999994134,2245.75686845279
38971,34.29502228795421,949.4199999994133,2245.7717589963804
38972,34.29502228795421,949.4399999994133,2245.786649110816
38973,34.29502228795421,949.4599999994133,2245.801538796103
38974,34.29502228795421,949.4799999994133,2245.8164280522483
38975,34.29502228795421,949.4999999994133,2245.831316879258
38976,34.29502228795421,949.5199999994132,2245.8462052771383
38977,34.29502228795421,949.5399999994132,2245.8610932458964
38978,34.29502228795421,949.5599999994132,2245.8759807855386
38979,34.29502228795421,949.5799999994132,2245.8908678960706
38980,34.29502228795421,949.5999999994132,2245.9057545774995
38981,34.29502228795421,949.6199999994132,2245.9206408298314
38982,34.29502228795421,949.6399999994131,2245.9355266530733
38983,34.29502228795421,949.6599999994131,2245.950412047231
38984,34.29502228795421,949.6799999994131,2245.9652970123116
38985,34.29502228795421,949.6999999994131,2245.980181548321
38986,34.29502228795421,949.7199999994131,2245.995065655266
38987,34.29502228795421,949.739999999413,2246.0099493331527
38988,34.29502228795421,949.759999999413,2246.024832581988
38989,34.29502228795421,949.779999999413,2246.0397154017783
38990,34.29502228795421,949.799999999413,2246.0545977925294
38991,34.29502228795421,949.819999999413,2246.0694797542483
38992,34.29502228795421,949.839999999413,2246.0843612869417
38993,34.29502228795421,949.8599999994129,2246.0992423906155
38994,34.29502228795421,949.8799999994129,2246.114123065314
38995,34.29502228795421,949.8999999994129,2246.129003311632
38996,34.29502228795421,949.9199999994129,2246.1438831298296
38997,34.29502228795421,949.9399999994129,2246.1587625199136
38998,34.29502228795421,949.9599999994128,2246.17364148189
38999,34.29502228795421,949.9799999994128,2246.188520015766
39000,34.29502228795421,949.9999999994128,2246.2033981215473
39001,34.29502228795421,950.0199999994128,2246.2182757992405
39002,34.29502228795421,950.0399999994128,2246.2331530488523
39003,34.29502228795421,950.0599999994128,2246.248029870389
39004,34.29502228795421,950.0799999994127,2246.262906263857
39005,34.29502228795421,950.0999999994127,2246.277782229263
39006,34.29502228795421,950.1199999994127,2246.292657766613
39007,34.29502228795421,950.1399999994127,2246.3075328759137
39008,34.29502228795421,950.1599999994127,2246.3224075571716
39009,34.29502228795421,950.1799999994126,2246.337281810393
39010,34.29502228795421,950.1999999994126,2246.3521556355845
39011,34.29502228795421,950.2199999994126,2246.3670290327527
39012,34.29502228795421,950.2399999994126,2246.3819020019037
39013,34.29502228795421,950.2599999994126,2246.396774543044
39014,34.29502228795421,950.2799999994126,2246.4116466561804
39015,34.29502228795421,950.2999999994125,2246.426518341319
39016,34.29502228795421,950.3199999994125,2246.4413895984667
39017,34.29502228795421,950.3399999994125,2246.4562604276293
39018,34.29502228795421,950.3599999994125,2246.471130828814
39019,34.29502228795421,950.3799999994125,2246.4860008020264
39020,34.29502228795421,950.3999999994124,2246.5008703472736
39021,34.29502228795421,950.4199999994124,2246.5157394645616
39022,34.29502228795421,950.4399999994124,2246.530608153897
39023,34.29502228795421,950.4599999994124,2246.5454764152864
39024,34.29502228795421,950.4799999994124,2246.5603442487363
39025,34.29502228795421,950.4999999994124,2246.575211654253
39026,34.29502228795421,950.5199999994123,2246.590078631843
39027,34.29502228795421,950.5399999994123,2246.6049451815124
39028,34.29502228795421,950.5599999994123,2246.6198113032683
39029,34.29502228795421,950.5799999994123,2246.6346769971165
39030,34.29502228795421,950.5999999994123,2246.6495422630637
39031,34.29502228795421,950.6199999994122,2246.6644071011165
39032,34.29502228795421,950.6399999994122,2246.679271511281
39033,34.29502228795421,950.6599999994122,2246.6941354935643
39034,34.29502228795421,950.6799999994122,2246.708999047972
39035,34.29502228795421,950.6999999994122,2246.7238621745114
39036,34.29502228795421,950.7199999994122,2246.7387248731884
39037,34.29502228795421,950.7399999994121,2246.7535871440095
39038,34.29502228795421,950.7599999994121,2246.768448986981
39039,34.29502228795421,950.7799999994121,2246.7833104021097
39040,34.29502228795421,950.7999999994121,2246.798171389402
39041,34.29502228795421,950.8199999994121,2246.813031948864
39042,34.29502228795421,950.839999999412,2246.827892080503
39043,34.29502228795421,950.859999999412,2246.8427517843243
39044,34.29502228795421,950.879999999412,2246.857611060335
39045,34.29502228795421,950.899999999412,2246.872469908591
39046,34.29502228795421,950.919999999412,2246.8873283297576
39047,34.29502228795421,950.939999999412,2246.9021863240514
39048,34.29502228795421,950.9599999994119,2246.917043891479
39049,34.29502228795421,950.9799999994119,2246.9319010320464
39050,34.29502228795421,950.9999999994119,2246.9467577457604
39051,34.29502228795421,951.0199999994119,2246.9616140326275
39052,34.29502228795421,951.0399999994119,2246.9764698926538
39053,34.29502228795421,951.0599999994118,2246.991325325846
39054,34.29502228795421,951.0799999994118,2247.0061803322105
39055,34.29502228795421,951.0999999994118,2247.0210349117538
39056,34.29502228795421,951.1199999994118,2247.035889064482
39057,34.29502228795421,951.1399999994118,2247.050742790402
39058,34.29502228795421,951.1599999994118,2247.06559608952
39059,34.29502228795421,951.1799999994117,2247.0804489618426
39060,34.29502228795421,951.1999999994117,2247.095301407376
39061,34.29502228795421,951.2199999994117,2247.110153426127
39062,34.29502228795421,951.2399999994117,2247.1250050181015
39063,34.29502228795421,951.2599999994117,2247.139856183306
39064,34.29502228795421,951.2799999994116,2247.154706921747
39065,34.29502228795421,951.2999999994116,2247.1695572334315
39066,34.29502228795421,951.3199999994116,2247.1844071183655
39067,34.29502228795421,951.3399999994116,2247.199256576555
39068,34.29502228795421,951.3599999994116,2247.214105608007
39069,34.29502228795421,951.3799999994116,2247.2289542127273
39070,34.29502228795421,951.3999999994115,2247.2438023907234
39071,34.29502228795421,951.4199999994115,2247.258650142001
39072,34.29502228795421,951.4399999994115,2247.2734974665664
39073,34.29502228795421,951.4599999994115,2247.2883443644264
39074,34.29502228795421,951.4799999994115,2247.3031908355874
39075,34.29502228795421,951.4999999994114,2247.318036880056
39076,34.29502228795421,951.5199999994114,2247.332882497838
39077,34.29502228795421,951.5399999994114,2247.3477276889403
39078,34.29502228795421,951.5599999994114,2247.362572453369
39079,34.29502228795421,951.5799999994114,2247.377416791131
39080,34.29502228795421,951.5999999994114,2247.3922607022323
39081,34.29502228795421,951.6199999994113,2247.4071041866796
39082,34.29502228795421,951.6399999994113,2247.4219472444793
39083,34.29502228795421,951.6599999994113,2247.4367898756377
39084,34.29502228795421,951.6799999994113,2247.4516320801613
39085,34.29502228795421,951.6999999994113,2247.4664738580564
39086,34.29502228795421,951.7199999994112,2247.4813152093293
39087,34.29502228795421,951.7399999994112,2247.496156133987
39088,34.245481851025765,951.7599999994112,2247.510996632035
39089,34.245481851025765,951.7799999994112,2247.5258367034808
39090,34.245481851025765,951.7999999994112,2247.54067634833
39091,34.245481851025765,951.8199999994112,2247.5555155665897
39092,34.245481851025765,951.8399999994111,2247.570354358266
39093,34.245481851025765,951.8599999994111,2247.585192723365
39094,34.245481851025765,951.8799999994111,2247.600030661893
39095,34.245481851025765,951.8999999994111,2247.6148681738573
39096,34.245481851025765,951.9199999994111,2247.629705259319
39097,34.245481851025765,951.939999999411,2247.644541918928
39098,34.245481851025765,951.959999999411,2247.6593781528336
39099,34.245481851025765,951.979999999411,2247.674213961042
39100,34.245481851025765,951.999999999411,2247.68904934356
39101,34.245481851025765,952.019999999411,2247.703884300394
39102,34.245481851025765,952.039999999411,2247.71871883155
39103,34.245481851025765,952.0599999994109,2247.7335529370357
39104,34.245481851025765,952.0799999994109,2247.7483866168564
39105,34.245481851025765,952.0999999994109,2247.763219871019
39106,34.245481851025765,952.1199999994109,2247.77805269953
39107,34.245481851025765,952.1399999994109,2247.7928851023953
39108,34.245481851025765,952.1599999994108,2247.8077170796223
39109,34.245481851025765,952.1799999994108,2247.8225486312167
39110,34.245481851025765,952.1999999994108,2247.8373797571853
39111,34.245481851025765,952.2199999994108,2247.8522104575345
39112,34.245481851025765,952.2399999994108,2247.867040732271
39113,34.245481851025765,952.2599999994108,2247.881870581401
39114,34.245481851025765,952.2799999994107,2247.896700004931
39115,34.245481851025765,952.2999999994107,2247.9115290028676
39116,34.245481851025765,952.3199999994107,2247.926357575217
39117,34.245481851025765,952.3399999994107,2247.9411857219857
39118,34.245481851025765,952.3599999994107,2247.9560134431804
39119,34.245481851025765,952.3799999994106,2247.9708407388075
39120,34.245481851025765,952.3999999994106,2247.9856676088734
39121,34.245481851025765,952.4199999994106,2248.0004940533845
39122,34.245481851025765,952.4399999994106,2248.0153200723475
39123,34.245481851025765,952.4599999994106,2248.0301456657685
39124,34.245481851025765,952.4799999994106,2248.044970833654
39125,34.245481851025765,952.4999999994105,2248.059795576011
39126,34.245481851025765,952.5199999994105,2248.0746198928455
39127,34.245481851025765,952.5399999994105,2248.089443784164
39128,34.245481851025765,952.5599999994105,2248.104267249973
39129,34.245481851025765,952.5799999994105,2248.119090290279
39130,34.245481851025765,952.5999999994104,2248.1339129050884
39131,34.245481851025765,952.6199999994104,2248.1487350944076
39132,34.245481851025765,952.6399999994104,2248.1635568582433
39133,34.245481851025765,952.6599999994104,2248.1783781966014
39134,34.245481851025765,952.6799999994104,2248.193199109489
39135,34.245481851025765,952.6999999994104,2248.208019596912
39136,34.245481851025765,952.7199999994103,2248.2228396588775
39137,34.245481851025765,952.7399999994103,2248.2376592953915
39138,34.245481851025765,952.7599999994103,2248.2524785064606
39139,34.245481851025765,952.7799999994103,2248.2672972920914
39140,34.245481851025765,952.7999999994103,2248.28211565229
39141,34.245481851025765,952.8199999994102,2248.296933587063
39142,34.245481851025765,952.8399999994102,2248.311751096417
39143,34.245481851025765,952.8599999994102,2248.3265681803587
39144,34.245481851025765,952.8799999994102,2248.3413848388936
39145,34.245481851025765,952.8999999994102,2248.3562010720293
39146,34.245481851025765,952.9199999994102,2248.3710168797716
39147,34.245481851025765,952.9399999994101,2248.385832262194
39148,34.245481851025765,952.9599999994101,2248.400647220006
39149,34.245481851025765,952.9799999994101,2248.4154617533095
39150,34.245481851025765,952.9999999994101,2248.430275862111
39151,34.245481851025765,953.0199999994101,2248.4450895464174
39152,34.245481851025765,953.03999999941,2248.459902806235
39153,34.245481851025765,953.05999999941,2248.4747156415697
39154,34.245481851025765,953.07999999941,2248.489528052429
39155,34.245481851025765,953.09999999941,2248.504340038818
39156,34.245481851025765,953.11999999941,2248.5191516007444
39157,34.245481851025765,953.13999999941,2248.533962738214
39158,34.245481851025765,953.1599999994099,2248.5487734512335
39159,34.245481851025765,953.1799999994099,2248.563583739809
39160,34.245481851025765,953.1999999994099,2248.578393603947
39161,34.245481851025765,953.2199999994099,2248.5932030436543
39162,34.245481851025765,953.2399999994099,2248.608012058937
39163,34.245481851025765,953.2599999994098,2248.622820649802
39164,34.245481851025765,953.2799999994098,2248.6376288162555
39165,34.245481851025765,953.2999999994098,2248.6524365583036
39166,34.245481851025765,953.3199999994098,2248.667243875953
39167,34.245481851025765,953.3399999994098,2248.68205076921
39168,34.245481851025765,953.3599999994098,2248.6968572380815
39169,34.245481851025765,953.3799999994097,2248.7116632825737
39170,34.245481851025765,953.3999999994097,2248.726468902693
39171,34.245481851025765,953.4199999994097,2248.7412740984455
39172,34.245481851025765,953.4399999994097,2248.7560788698383
39173,34.245481851025765,953.4599999994097,2248.7708832168773
39174,34.245481851025765,953.4799999994096,2248.7856871395693
39175,34.245481851025765,953.4999999994096,2248.8004906379206
39176,34.245481851025765,953.5199999994096,2248.8152937119376
39177,34.245481851025765,953.5399999994096,2248.8300963616266
39178,34.245481851025765,953.5599999994096,2248.8448985869945
39179,34.245481851025765,953.5799999994096,2248.8597003880473
39180,34.245481851025765,953.5999999994095,2248.8745017647916
39181,34.245481851025765,953.6199999994095,2248.889302717234
39182,34.245481851025765,953.6399999994095,2248.9041032453806
39183,34.245481851025765,953.6599999994095,2248.918903349238
39184,34.245481851025765,953.6799999994095,2248.933703028813
39185,34.245481851025765,953.6999999994094,2248.9485022841113
39186,34.245481851025765,953.7199999994094,2248.96330111514
39187,34.245481851025765,953.7399999994094,2248.9780995219053
39188,34.245481851025765,953.7599999994094,2248.9928975044136
39189,34.245481851025765,953.7799999994094,2249.0076950626712
39190,34.245481851025765,953.7999999994094,2249.0224921966847
39191,34.245481851025765,953.8199999994093,2249.0372889064606
39192,34.245481851025765,953.8399999994093,2249.052085192005
39193,34.245481851025765,953.8599999994093,2249.066881053325
39194,34.245481851025765,953.8799999994093,2249.081676490426
39195,34.245481851025765,953.8999999994093,2249.0964715033156
39196,34.245481851025765,953.9199999994092,2249.111266092
39197,34.245481851025765,953.9399999994092,2249.126060256485
39198,34.245481851025765,953.9599999994092,2249.140853996877
39199,34.245481851025765,953.9799999994092,2249.1556473138858
39200,34.245481851025765,953.9999999994092,2249.170440207585
39201,34.245481851025765,954.0199999994092,2249.1852326779813
39202,34.245481851025765,954.0399999994091,2249.2000247250808
39203,34.245481851025765,954.0599999994091,2249.2148163488896
39204,34.245481851025765,954.0799999994091,2249.2296075494146
39205,34.245481851025765,954.0999999994091,2249.244398326662
39206,34.245481851025765,954.1199999994091,2249.259188680639
39207,34.245481851025765,954.139999999409,2249.273978611351
39208,34.245481851025765,954.159999999409,2249.2887681188054
39209,34.245481851025765,954.179999999409,2249.303557203008
39210,34.245481851025765,954.199999999409,2249.318345863965
39211,34.245481851025765,954.219999999409,2249.3331341016838
39212,34.245481851025765,954.239999999409,2249.34792191617
39213,34.245481851025765,954.2599999994089,2249.36270930743
39214,34.245481851025765,954.2799999994089,2249.377496275471
39215,34.245481851025765,954.2999999994089,2249.3922828202985
39216,34.245481851025765,954.3199999994089,2249.4070689419195
39217,34.245481851025765,954.3399999994089,2249.4218546403404
39218,34.245481851025765,954.3599999994088,2249.436639915568
39219,34.245481851025765,954.3799999994088,2249.451424767608
39220,34.245481851025765,954.3999999994088,2249.466209196467
39221,34.245481851025765,954.4199999994088,2249.4809932021517
39222,34.245481851025765,954.4399999994088,2249.4957767846686
39223,34.245481851025765,954.4599999994088,2249.510559944024
39224,34.245481851025765,954.4799999994087,2249.525342680224
39225,34.245481851025765,954.4999999994087,2249.5401249932756
39226,34.245481851025765,954.5199999994087,2249.554906883185
39227,34.245481851025765,954.5399999994087,2249.5696883499586
39228,34.245481851025765,954.5599999994087,2249.584469393603
39229,34.245481851025765,954.5799999994086,2249.599250014124
39230,34.245481851025765,954.5999999994086,2249.614030211529
39231,34.245481851025765,954.6199999994086,2249.628809985824
39232,34.245481851025765,954.6399999994086,2249.6435893370153
39233,34.245481851025765,954.6599999994086,2249.6583682651094
39234,34.245481851025765,954.6799999994086,2249.673146770113
39235,34.245481851025765,954.6999999994085,2249.6879248520318
39236,34.245481851025765,954.7199999994085,2249.7027025108728
39237,34.245481851025765,954.7399999994085,2249.7174797466423
39238,34.245481851025765,954.7599999994085,2249.732256559347
39239,34.245481851025765,954.7799999994085,2249.7470329489934
39240,34.245481851025765,954.7999999994084,2249.7618089155876
39241,34.245481851025765,954.8199999994084,2249.776584459136
39242,34.245481851025765,954.8399999994084,2249.791359579645
39243,34.245481851025765,954.8599999994084,2249.806134277121
39244,34.245481851025765,954.8799999994084,2249.820908551571
39245,34.245481851025765,954.8999999994084,2249.8356824030006
39246,34.245481851025765,954.9199999994083,2249.850455831417
39247,34.245481851025765,954.9399999994083,2249.865228836826
39248,34.245481851025765,954.9599999994083,2249.8800014192348
39249,34.245481851025765,954.9799999994083,2249.8947735788
39250,34.245481851025765,954.9999999994083,2249.9095453161913
39251,34.245481851025765,955.0199999994082,2249.9243166314714
39252,34.245481851025765,955.0399999994082,2249.9390875246468
39253,34.245481851025765,955.0599999994082,2249.953857995724
39254,34.245481851025765,955.0799999994082,2249.9686280447095
39255,34.245481851025765,955.0999999994082,2249.9833976716095
39256,34.245481851025765,955.1199999994082,2249.998166876431
39257,34.245481851025765,955.1399999994081,2250.0129356598763
39258,34.245481851025765,955.1599999994081,2250.027704022977
39259,34.245481851025765,955.1799999994081,2250.042471965776
39260,34.245481851025765,955.1999999994081,2250.057239488279
39261,34.245481851025765,955.2199999994081,2250.072006590493
39262,34.245481851025765,955.239999999408,2250.0867732724246
39263,34.245481851025765,955.259999999408,2250.10153953408
39264,34.245481851025765,955.279999999408,2250.1163053754663
39265,34.245481851025765,955.299999999408,2250.1310707965895
39266,34.245481851025765,955.319999999408,2250.145835797456
39267,34.245481851025765,955.339999999408,2250.1606003780726
39268,34.245481851025765,955.3599999994079,2250.1753645384456
39269,34.245481851025765,955.3799999994079,2250.190128278582
39270,34.245481851025765,955.3999999994079,2250.204891598488
39271,34.245481851025765,955.4199999994079,2250.21965449817
39272,34.245481851025765,955.4399999994079,2250.2344169776343
39273,34.245481851025765,955.4599999994078,2250.249179036888
39274,34.245481851025765,955.4799999994078,2250.263940675937
39275,34.245481851025765,955.4999999994078,2250.2787018947884
39276,34.245481851025765,955.5199999994078,2250.2934626934484
39277,34.245481851025765,955.5399999994078,2250.3082230719237
39278,34.245481851025765,955.5599999994078,2250.3229830302207
39279,34.245481851025765,955.5799999994077,2250.3377425683457
39280,34.245481851025765,955.5999999994077,2250.3525016863055
39281,34.245481851025765,955.6199999994077,2250.3672603841064
39282,34.245481851025765,955.6399999994077,2250.382018661755
39283,34.245481851025765,955.6599999994077,2250.396776519258
39284,34.245481851025765,955.6799999994076,2250.4115339566215
39285,34.245481851025765,955.6999999994076,2250.4262909738522
39286,34.245481851025765,955.7199999994076,2250.4410475709565
39287,34.245481851025765,955.7399999994076,2250.455803747941
39288,34.245481851025765,955.7599999994076,2250.4705595048126
39289,34.245481851025765,955.7799999994076,2250.4853148415773
39290,34.245481851025765,955.7999999994075,2250.500069758242
39291,34.245481851025765,955.8199999994075,2250.5148242548125
39292,34.245481851025765,955.8399999994075,2250.529578331296
39293,34.245481851025765,955.8599999994075,2250.5443319876986
39294,34.245481851025765,955.8799999994075,2250.559085224027
39295,34.245481851025765,955.8999999994074,2250.5738380402877
39296,34.245481851025765,955.9199999994074,2250.5885904364873
39297,34.245481851025765,955.9399999994074,2250.603342412632
39298,34.245481851025765,955.9599999994074,2250.6180939687288
39299,34.245481851025765,955.9799999994074,2250.632845104784
39300,34.245481851025765,955.9999999994074,2250.647595821016
39301,34.245481851025765,956.0199999994073,2250.662346118081
39302,34.245481851025765,956.0399999994073,2250.6770959960354
39303,34.245481851025765,956.0599999994073,2250.691845454885
39304,34.245481851025765,956.0799999994073,2250.706594494636
39305,34.245481851025765,956.0999999994073,2250.721343115296
39306,34.245481851025765,956.1199999994072,2250.7360913168704
39307,34.245481851025765,956.1399999994072,2250.750839099366
39308,34.245481851025765,956.1599999994072,2250.7655864627895
39309,34.245481851025765,956.1799999994072,2250.7803334071473
39310,34.245481851025765,956.1999999994072,2250.795079932446
39311,34.245481851025765,956.2199999994072,2250.809826038692
39312,34.245481851025765,956.2399999994071,2250.824571725892
39313,34.245481851025765,956.2599999994071,2250.8393169940523
39314,34.245481851025765,956.2799999994071,2250.8540618431794
39315,34.245481851025765,956.2999999994071,2250.86880627328
39316,34.245481851025765,956.3199999994071,2250.8835502843604
39317,34.245481851025765,956.339999999407,2250.898293876427
39318,34.245481851025765,956.359999999407,2250.9130370494863
39319,34.245481851025765,956.379999999407,2250.927779803545
39320,34.245481851025765,956.399999999407,2250.9425221386095
39321,34.245481851025765,956.419999999407,2250.9572640546867
39322,34.245481851025765,956.439999999407,2250.9720055517823
39323,34.245481851025765,956.4599999994069,2250.9867466299033
39324,34.245481851025765,956.4799999994069,2251.0014872890565
39325,34.245481851025765,956.4999999994069,2251.0162275292478
39326,34.245481851025765,956.5199999994069,2251.030967350484
39327,34.245481851025765,956.5399999994069,2251.0457067527714
39328,34.245481851025765,956.5599999994068,2251.060445736117
39329,34.245481851025765,956.5799999994068,2251.0751843005264
39330,34.245481851025765,956.5999999994068,2251.0899224460068
39331,34.19606057101858,956.6199999994068,2251.1046601725648
39332,34.19606057101858,956.6399999994068,2251.1193974802063
39333,34.19606057101858,956.6599999994068,2251.1341343689382
39334,34.19606057101858,956.6799999994067,2251.148870838767
39335,34.19606057101858,956.6999999994067,2251.163606889699
39336,34.19606057101858,956.7199999994067,2251.178342521741
39337,34.19606057101858,956.7399999994067,2251.193077734899
39338,34.19606057101858,956.7599999994067,2251.20781252918
39339,34.19606057101858,956.7799999994066,2251.22254690459
39340,34.19606057101858,956.7999999994066,2251.2372808611362
39341,34.19606057101858,956.8199999994066,2251.2520143988245
39342,34.19606057101858,956.8399999994066,2251.2667475176618
39343,34.19606057101858,956.8599999994066,2251.281480217654
39344,34.19606057101858,956.8799999994066,2251.296212498808
39345,34.19606057101858,956.8999999994065,2251.31094436113
39346,34.19606057101858,956.9199999994065,2251.3256758046273
39347,34.19606057101858,956.9399999994065,2251.3404068293057
39348,34.19606057101858,956.9599999994065,2251.355137435172
39349,34.19606057101858,956.9799999994065,2251.369867622232
39350,34.19606057101858,956.9999999994064,2251.384597390493
39351,34.19606057101858,957.0199999994064,2251.399326740201
39352,34.19606057101858,957.0399999994064,2251.4140556719112
39353,34.19606057101858,957.0599999994064,2251.4287841856644
39354,34.19606057101858,957.0799999994064,2251.4435122814666
39355,34.19606057101858,957.0999999994064,2251.458239959325
39356,34.19606057101858,957.1199999994063,2251.4729672192457
39357,34.19606057101858,957.1399999994063,2251.4876940612353
39358,34.19606057101858,957.1599999994063,2251.5024204853003
39359,34.19606057101858,957.1799999994063,2251.517146491447
39360,34.19606057101858,957.1999999994063,2251.531872079682
39361,34.19606057101858,957.2199999994062,2251.546597250012
39362,34.19606057101858,957.2399999994062,2251.561322002443
39363,34.19606057101858,957.2599999994062,2251.576046336982
39364,34.19606057101858,957.2799999994062,2251.590770253635
39365,34.19606057101858,957.2999999994062,2251.605493752409
39366,34.19606057101858,957.3199999994061,2251.62021683331
39367,34.19606057101858,957.3399999994061,2251.6349394963454
39368,34.19606057101858,957.3599999994061,2251.6496617415205
39369,34.19606057101858,957.3799999994061,2251.6643835688424
39370,34.19606057101858,957.3999999994061,2251.6791049783174
39371,34.19606057101858,957.4199999994061,2251.6938259699523
39372,34.19606057101858,957.439999999406,2251.708546543753
39373,34.19606057101858,957.459999999406,2251.7232666997265
39374,34.19606057101858,957.479999999406,2251.7379864378795
39375,34.19606057101858,957.499999999406,2251.752705758218
39376,34.19606057101858,957.519999999406,2251.7674246607485
39377,34.19606057101858,957.539999999406,2251.7821431454777
39378,34.19606057101858,957.5599999994059,2251.796861212412
39379,34.19606057101858,957.5799999994059,2251.811578861558
39380,34.19606057101858,957.5999999994059,2251.8262960929214
39381,34.19606057101858,957.6199999994059,2251.8410129065096
39382,34.19606057101858,957.6399999994059,2251.855729302329
39383,34.19606057101858,957.6599999994058,2251.870445280386
39384,34.19606057101858,957.6799999994058,2251.8851608406867
39385,34.19606057101858,957.6999999994058,2251.899875983238
39386,34.19606057101858,957.7199999994058,2251.914590708046
39387,34.19606057101858,957.7399999994058,2251.9293050151177
39388,34.19606057101858,957.7599999994057,2251.9440189044594
39389,34.19606057101858,957.7799999994057,2251.9587323760775
39390,34.19606057101858,957.7999999994057,2251.9734454299783
39391,34.19606057101858,957.8199999994057,2251.988158066168
39392,34.19606057101858,957.8399999994057,2252.002870284654
39393,34.19606057101858,957.8599999994057,2252.017582085442
39394,34.19606057101858,957.8799999994056,2252.032293468539
39395,34.19606057101858,957.8999999994056,2252.0470044339513
39396,34.19606057101858,957.9199999994056,2252.0617149816853
39397,34.19606057101858,957.9399999994056,2252.0764251117475
39398,34.19606057101858,957.9599999994056,2252.0911348241443
39399,34.19606057101858,957.9799999994055,2252.1058441188825
39400,34.19606057101858,957.9999999994055,2252.1205529959684
39401,34.19606057101858,958.0199999994055,2252.1352614554085
39402,34.19606057101858,958.0399999994055,2252.14996949751
39403,34.19606057101858,958.0599999994055,2252.1646771228116
39404,34.19606057101858,958.0799999994055,2252.1793843313453
39405,34.19606057101858,958.0999999994054,2252.1940911231177
39406,34.19606057101858,958.1199999994054,2252.2087974981355
39407,34.19606057101858,958.1399999994054,2252.2235034564046
39408,34.19606057101858,958.1599999994054,2252.238208997932
39409,34.19606057101858,958.1799999994054,2252.252914122724
39410,34.19606057101858,958.1999999994053,2252.2676188307873
39411,34.19606057101858,958.2199999994053,2252.282323122128
39412,34.19606057101858,958.2399999994053,2252.297026996753
39413,34.19606057101858,958.2599999994053,2252.3117304546686
39414,34.19606057101858,958.2799999994053,2252.326433495881
39415,34.19606057101858,958.2999999994053,2252.3411361203966
39416,34.19606057101858,958.3199999994052,2252.3558383282225
39417,34.19606057101858,958.3399999994052,2252.3705401193647
39418,34.19606057101858,958.3599999994052,2252.38524149383
39419,34.19606057101858,958.3799999994052,2252.3999424516246
39420,34.19606057101858,958.3999999994052,2252.414642992755
39421,34.19606057101858,958.4199999994051,2252.4293431172277
39422,34.19606057101858,958.4399999994051,2252.4440428250496
39423,34.19606057101858,958.4599999994051,2252.4587421162264
39424,34.19606057101858,958.4799999994051,2252.473440990765
39425,34.19606057101858,958.4999999994051,2252.488139448672
39426,34.19606057101858,958.5199999994051,2252.5028374899534
39427,34.19606057101858,958.539999999405,2252.5175351146163
39428,34.19606057101858,958.559999999405,2252.532232322667
39429,34.19606057101858,958.579999999405,2252.5469291141117
39430,34.19606057101858,958.599999999405,2252.561625488957
39431,34.19606057101858,958.619999999405,2252.5763214472095
39432,34.19606057101858,958.639999999405,2252.5910169888753
39433,34.19606057101858,958.6599999994049,2252.605712113961
39434,34.19606057101858,958.6799999994049,2252.6204068224733
39435,34.19606057101858,958.6999999994049,2252.635101114419
39436,34.19606057101858,958.7199999994049,2252.6497949898035
39437,34.19606057101858,958.7399999994049,2252.664488448634
39438,34.19606057101858,958.7599999994048,2252.679181490917
39439,34.19606057101858,958.7799999994048,2252.693874116659
39440,34.19606057101858,958.7999999994048,2252.7085663258663
39441,34.19606057101858,958.8199999994048,2252.7232581185453
39442,34.19606057101858,958.8399999994048,2252.7379494947027
39443,34.19606057101858,958.8599999994047,2252.7526404543446
39444,34.19606057101858,958.8799999994047,2252.767330997478
39445,34.19606057101858,958.8999999994047,2252.7820211241087
39446,34.19606057101858,958.9199999994047,2252.7967108342436
39447,34.19606057101858,958.9399999994047,2252.811400127889
39448,34.19606057101858,958.9599999994047,2252.826089005052
39449,34.19606057101858,958.9799999994046,2252.840777465738
39450,34.19606057101858,958.9999999994046,2252.8554655099542
39451,34.19606057101858,959.0199999994046,2252.870153137707
39452,34.19606057101858,959.0399999994046,2252.8848403490024
39453,34.19606057101858,959.0599999994046,2252.8995271441986
39454,34.19606057101858,959.0799999994045,2252.9142135237935
39455,34.19606057101858,959.0999999994045,2252.928899487809
39456,34.19606057101858,959.1199999994045,2252.943585036251
39457,34.19606057101858,959.1399999994045,2252.9582701691265
39458,34.19606057101858,959.1599999994045,2252.972954886442
39459,34.19606057101858,959.1799999994045,2252.9876391882035
39460,34.19606057101858,959.1999999994044,2253.0023230744177
39461,34.19606057101858,959.2199999994044,2253.017006545091
39462,34.19606057101858,959.2399999994044,2253.0316896002305
39463,34.19606057101858,959.2599999994044,2253.0463722398417
39464,34.19606057101858,959.2799999994044,2253.0610544639317
39465,34.19606057101858,959.2999999994043,2253.0757362725067
39466,34.19606057101858,959.3199999994043,2253.0904176655736
39467,34.19606057101858,959.3399999994043,2253.1050986431383
39468,34.19606057101858,959.3599999994043,2253.1197792052076
39469,34.19606057101858,959.3799999994043,2253.134459351788
39470,34.19606057101858,959.3999999994043,2253.1491390828855
39471,34.19606057101858,959.4199999994042,2253.163818398507
39472,34.19606057101858,959.4399999994042,2253.178497298659
39473,34.19606057101858,959.4599999994042,2253.1931757833477
39474,34.19606057101858,959.4799999994042,2253.20785385258
39475,34.19606057101858,959.4999999994042,2253.2225315063615
39476,34.19606057101858,959.5199999994041,2253.2372087446993
39477,34.19606057101858,959.5399999994041,2253.2518855676
39478,34.19606057101858,959.5599999994041,2253.2665619750696
39479,34.19606057101858,959.5799999994041,2253.281237967115
39480,34.19606057101858,959.5999999994041,2253.2959135437422
39481,34.19606057101858,959.6199999994041,2253.3105887049583
39482,34.19606057101858,959.639999999404,2253.325263450769
39483,34.19606057101858,959.659999999404,2253.339937781181
39484,34.19606057101858,959.679999999404,2253.3546116962016
39485,34.19606057101858,959.699999999404,2253.3692851958363
39486,34.19606057101858,959.719999999404,2253.3839582800915
39487,34.19606057101858,959.739999999404,2253.398630948974
39488,34.19606057101858,959.7599999994039,2253.4133032024906
39489,34.19606057101858,959.7799999994039,2253.427975040647
39490,34.19606057101858,959.7999999994039,2253.4426464634507
39491,34.19606057101858,959.8199999994039,2253.457317470907
39492,34.19606057101858,959.8399999994039,2253.471988063023
39493,34.19606057101858,959.8599999994038,2253.4866582398054
39494,34.19606057101858,959.8799999994038,2253.50132800126
39495,34.19606057101858,959.8999999994038,2253.5159973473937
39496,34.19606057101858,959.9199999994038,2253.5306662782127
39497,34.19606057101858,959.9399999994038,2253.5453347937237
39498,34.19606057101858,959.9599999994037,2253.560002893933
39499,34.19606057101858,959.9799999994037,2253.574670578847
39500,34.19606057101858,959.9999999994037,2253.5893378484725
39501,34.19606057101858,960.0199999994037,2253.6040047028155
39502,34.19606057101858,960.0399999994037,2253.6186711418827
39503,34.19606057101858,960.0599999994037,2253.6333371656806
39504,34.19606057101858,960.0799999994036,2253.648002774617
39505,34.19606057101858,960.0999999994036,2253.6626679691494
39506,34.19606057101858,960.1199999994036,2253.6773327492892
39507,34.19606057101858,960.1399999994036,2253.691997115043
39508,34.19606057101858,960.1599999994036,2253.706661066417
39509,34.19606057101858,960.1799999994035,2253.721324603418
39510,34.19606057101858,960.1999999994035,2253.7359877260524
39511,34.19606057101858,960.2199999994035,2253.7506504343264
39512,34.19606057101858,960.2399999994035,2253.765312728247
39513,34.19606057101858,960.2599999994035,2253.77997460782
39514,34.19606057101858,960.2799999994035,2253.794636073052
39515,34.19606057101858,960.2999999994034,2253.80929712395
39516,34.19606057101858,960.3199999994034,2253.82395776052
39517,34.19606057101858,960.3399999994034,2253.8386179827685
39518,34.19606057101858,960.3599999994034,2253.853277790702
39519,34.19606057101858,960.3799999994034,2253.8679371843273
39520,34.19606057101858,960.3999999994033,2253.8825961636503
39521,34.19606057101858,960.4199999994033,2253.8972547286776
39522,34.19606057101858,960.4399999994033,2253.911912879416
39523,34.19606057101858,960.4599999994033,2253.9265706158712
39524,34.19606057101858,960.4799999994033,2253.9412279380504
39525,34.19606057101858,960.4999999994033,2253.9558848459596
39526,34.19606057101858,960.5199999994032,2253.9705413396055
39527,34.19606057101858,960.5399999994032,2253.9851974189946
39528,34.19606057101858,960.5599999994032,2253.999853084133
39529,34.19606057101858,960.5799999994032,2254.0145083350276
39530,34.19606057101858,960.5999999994032,2254.0291631716846
39531,34.19606057101858,960.6199999994031,2254.043817594111
39532,34.19606057101858,960.6399999994031,2254.0584716023122
39533,34.19606057101858,960.6599999994031,2254.0731251962957
39534,34.19606057101858,960.6799999994031,2254.087778376067
39535,34.19606057101858,960.6999999994031,2254.102431141633
39536,34.19606057101858,960.7199999994031,2254.1170834930003
39537,34.19606057101858,960.739999999403,2254.1317354301755
39538,34.19606057101858,960.759999999403,2254.1463869531644
39539,34.19606057101858,960.779999999403,2254.161038061974
39540,34.19606057101858,960.799999999403,2254.1756887566107
39541,34.19606057101858,960.819999999403,2254.190339037081
39542,34.19606057101858,960.839999999403,2254.2049889033906
39543,34.19606057101858,960.8599999994029,2254.219638355547
39544,34.19606057101858,960.8799999994029,2254.234287393556
39545,34.19606057101858,960.8999999994029,2254.248936017424
39546,34.19606057101858,960.9199999994029,2254.263584227158
39547,34.19606057101858,960.9399999994029,2254.278232022764
39548,34.19606057101858,960.9599999994028,2254.2928794042487
39549,34.19606057101858,960.9799999994028,2254.307526371618
39550,34.19606057101858,960.9999999994028,2254.3221729248794
39551,34.19606057101858,961.0199999994028,2254.3368190640385
39552,34.19606057101858,961.0399999994028,2254.351464789102
39553,34.19606057101858,961.0599999994027,2254.366110100076
39554,34.19606057101858,961.0799999994027,2254.3807549969724
39555,34.19606057101858,961.0999999994027,2254.395399480263
39556,34.19606057101858,961.1199999994027,2254.4100435503774
39557,34.19606057101858,961.1399999994027,2254.4246872073213
39558,34.19606057101858,961.1599999994027,2254.4393304511013
39559,34.19606057101858,961.1799999994026,2254.453973281724
39560,34.19606057101858,961.1999999994026,2254.4686156991957
39561,34.19606057101858,961.2199999994026,2254.4832577035227
39562,34.19606057101858,961.2399999994026,2254.4978992947117
39563,34.19606057101858,961.2599999994026,2254.512540472769
39564,34.19606057101858,961.2799999994025,2254.5271812377014
39565,34.19606057101858,961.2999999994025,2254.5418215895147
39566,34.19606057101858,961.3199999994025,2254.556461528216
39567,34.19606057101858,961.3399999994025,2254.5711010538116
39568,34.19606057101858,961.3599999994025,2254.5857401663075
39569,34.19606057101858,961.3799999994025,2254.6003788657104
39570,34.146758047075984,961.3999999994024,2254.615017152027
39571,34.146758047075984,961.4199999994024,2254.6296550252637
39572,34.146758047075984,961.4399999994024,2254.644292485427
39573,34.146758047075984,961.4599999994024,2254.658929532523
39574,34.146758047075984,961.4799999994024,2254.6735661665584
39575,34.146758047075984,961.4999999994023,2254.6882023875396
39576,34.146758047075984,961.5199999994023,2254.702838195473
39577,34.146758047075984,961.5399999994023,2254.7174735903645
39578,34.146758047075984,961.5599999994023,2254.7321085722215
39579,34.146758047075984,961.5799999994023,2254.74674314105
39580,34.146758047075984,961.5999999994023,2254.7613772968566
39581,34.146758047075984,961.6199999994022,2254.7760110396475
39582,34.146758047075984,961.6399999994022,2254.7906443694296
39583,34.146758047075984,961.6599999994022,2254.805277286209
39584,34.146758047075984,961.6799999994022,2254.819909789992
39585,34.146758047075984,961.6999999994022,2254.8345418807853
39586,34.146758047075984,961.7199999994021,2254.8491735585953
39587,34.146758047075984,961.7399999994021,2254.8638048234284
39588,34.146758047075984,961.7599999994021,2254.878435675291
39589,34.146758047075984,961.7799999994021,2254.8930661141894
39590,34.146758047075984,961.7999999994021,2254.9076961401306
39591,34.146758047075984,961.8199999994021,2254.9223257531207
39592,34.146758047075984,961.839999999402,2254.936954953166
39593,34.146758047075984,961.859999999402,2254.9515837402732
39594,34.146758047075984,961.879999999402,2254.9662121144484
39595,34.146758047075984,961.899999999402,2254.9808400756983
39596,34.146758047075984,961.919999999402,2254.9954676240295
39597,34.146758047075984,961.939999999402,2255.0100947594483
39598,34.146758047075984,961.9599999994019,2255.024721481961
39599,34.146758047075984,961.9799999994019,2255.039347791574
39600,34.146758047075984,961.9999999994019,2255.053973688294
39601,34.146758047075984,962.0199999994019,2255.068599172127
39602,34.146758047075984,962.0399999994019,2255.08322424308
39603,34.146758047075984,962.0599999994018,2255.0978489011595
39604,34.146758047075984,962.0799999994018,2255.1124731463715
39605,34.146758047075984,962.0999999994018,2255.127096978736
39606,34.146758047075984,962.1199999994018,2255.141720398719
39607,34.146758047075984,962.1399999994018,2255.1563434066593
39608,34.146758047075984,962.1599999994017,2255.1709660025635
39609,34.146758047075984,962.1799999994017,2255.185588186438
39610,34.146758047075984,962.1999999994017,2255.2002099582896
39611,34.146758047075984,962.2199999994017,2255.214831318124
39612,34.146758047075984,962.2399999994017,2255.2294522659486
39613,34.146758047075984,962.2599999994017,2255.244072801769
39614,34.146758047075984,962.2799999994016,2255.2586929255926
39615,34.146758047075984,962.2999999994016,2255.273312637425
39616,34.146758047075984,962.3199999994016,2255.2879319372732
39617,34.146758047075984,962.3399999994016,2255.302550825143
39618,34.146758047075984,962.3599999994016,2255.3171693010413
39619,34.146758047075984,962.3799999994015,2255.3317873649744
39620,34.146758047075984,962.3999999994015,2255.346405016949
39621,34.146758047075984,962.4199999994015,2255.3610222569714
39622,34.146758047075984,962.4399999994015,2255.3756390850476
39623,34.146758047075984,962.4599999994015,2255.3902555011846
39624,34.146758047075984,962.4799999994015,2255.4048715053887
39625,34.146758047075984,962.4999999994014,2255.419487097666
39626,34.146758047075984,962.5199999994014,2255.4341022780236
39627,34.146758047075984,962.5399999994014,2255.4487170464677
39628,34.146758047075984,962.5599999994014,2255.4633314030043
39629,34.146758047075984,962.5799999994014,2255.4779453476403
39630,34.146758047075984,962.5999999994013,2255.492558880382
39631,34.146758047075984,962.6199999994013,2255.507172001236
39632,34.146758047075984,962.6399999994013,2255.5217847102085
39633,34.146758047075984,962.6599999994013,2255.536397007306
39634,34.146758047075984,962.6799999994013,2255.5510088925344
39635,34.146758047075984,962.6999999994013,2255.565620365901
39636,34.146758047075984,962.7199999994012,2255.580231427412
39637,34.146758047075984,962.7399999994012,2255.5948420770737
39638,34.146758047075984,962.7599999994012,2255.6094523148927
39639,34.146758047075984,962.7799999994012,2255.624062140875
39640,34.146758047075984,962.7999999994012,2255.6386715550275
39641,34.146758047075984,962.8199999994011,2255.6532805573565
39642,34.146758047075984,962.8399999994011,2255.667889147868
39643,34.146758047075984,962.8599999994011,2255.6824973265693
39644,34.146758047075984,962.8799999994011,2255.6971050934662
39645,34.146758047075984,962.8999999994011,2255.7117124485653
39646,34.146758047075984,962.919999999401,2255.726319391873
39647,34.146758047075984,962.939999999401,2255.740925923396
39648,34.146758047075984,962.959999999401,2255.75553204314
39649,34.146758047075984,962.979999999401,2255.7701377511125
39650,34.146758047075984,962.999999999401,2255.7847430473194
39651,34.146758047075984,963.019999999401,2255.799347931767
39652,34.146758047075984,963.039999999401,2255.813952404462
39653,34.146758047075984,963.0599999994009,2255.82855646541
39654,34.146758047075984,963.0799999994009,2255.843160114619
39655,34.146758047075984,963.0999999994009,2255.857763352094
39656,34.146758047075984,963.1199999994009,2255.8723661778668
39657,34.146758047075984,963.1399999994009,2255.886968592465
39658,34.146758047075984,963.1599999994008,2255.9015705961956
39659,34.146758047075984,963.1799999994008,2255.9161721890646
39660,34.146758047075984,963.1999999994008,2255.9307733710784
39661,34.146758047075984,963.2199999994008,2255.945374142244
39662,34.146758047075984,963.2399999994008,2255.9599745025675
39663,34.146758047075984,963.2599999994007,2255.974574452055
39664,34.146758047075984,963.2799999994007,2255.9891739907134
39665,34.146758047075984,963.2999999994007,2256.003773118549
39666,34.146758047075984,963.3199999994007,2256.0183718355684
39667,34.146758047075984,963.3399999994007,2256.0329701417777
39668,34.146758047075984,963.3599999994007,2256.0475680371837
39669,34.146758047075984,963.3799999994006,2256.0621655217924
39670,34.146758047075984,963.3999999994006,2256.0767625956105
39671,34.146758047075984,963.4199999994006,2256.0913592586444
39672,34.146758047075984,963.4399999994006,2256.1059555109005
39673,34.146758047075984,963.4599999994006,2256.1205513523855
39674,34.146758047075984,963.4799999994005,2256.1351467831055
39675,34.146758047075984,963.4999999994005,2256.1497418030667
39676,34.146758047075984,963.5199999994005,2256.164336412276
39677,34.146758047075984,963.5399999994005,2256.17893061074
39678,34.146758047075984,963.5599999994005,2256.1935243984644
39679,34.146758047075984,963.5799999994005,2256.2081177754562
39680,34.146758047075984,963.5999999994004,2256.2227107417216
39681,34.146758047075984,963.6199999994004,2256.2373032972673
39682,34.146758047075984,963.6399999994004,2256.2518954420993
39683,34.146758047075984,963.6599999994004,2256.2664871762245
39684,34.146758047075984,963.6799999994004,2256.281078499649
39685,34.146758047075984,963.6999999994003,2256.2956694123795
39686,34.146758047075984,963.7199999994003,2256.310259914422
39687,34.146758047075984,963.7399999994003,2256.3248500057834
39688,34.146758047075984,963.7599999994003,2256.33943968647
39689,34.146758047075984,963.7799999994003,2256.354028956488
39690,34.146758047075984,963.7999999994003,2256.368617815844
39691,34.146758047075984,963.8199999994002,2256.3832062645447
39692,34.146758047075984,963.8399999994002,2256.397794302596
39693,34.146758047075984,963.8599999994002,2256.412381930005
39694,34.146758047075984,963.8799999994002,2256.426969146777
39695,34.146758047075984,963.8999999994002,2256.4415559529193
39696,34.146758047075984,963.9199999994001,2256.4561423484383
39697,34.146758047075984,963.9399999994001,2256.47072833334
39698,34.146758047075984,963.9599999994001,2256.4853139076313
39699,34.146758047075984,963.9799999994001,2256.4998990713184
39700,34.146758047075984,963.9999999994001,2256.5144838244078
39701,34.146758047075984,964.0199999994,2256.5290681669057
39702,34.146758047075984,964.0399999994,2256.5436520988187
39703,34.146758047075984,964.0599999994,2256.558235620153
39704,34.146758047075984,964.0799999994,2256.5728187309155
39705,34.146758047075984,964.0999999994,2256.5874014311125
39706,34.146758047075984,964.1199999994,2256.60198372075
39707,34.146758047075984,964.1399999994,2256.6165655998693
39708,34.146758047075984,964.1599999993999,2256.631147069039
39709,34.146758047075984,964.1799999993999,2256.6457281285147
39710,34.146758047075984,964.1999999993999,2256.6603087783037
39711,34.146758047075984,964.2199999993999,2256.6748890184126
39712,34.146758047075984,964.2399999993999,2256.6894688488474
39713,34.146758047075984,964.2599999993998,2256.7040482696143
39714,34.146758047075984,964.2799999993998,2256.7186272807203
39715,34.146758047075984,964.2999999993998,2256.7332058821717
39716,34.146758047075984,964.3199999993998,2256.747784073975
39717,34.146758047075984,964.3399999993998,2256.762361856136
39718,34.146758047075984,964.3599999993997,2256.776939228662
39719,34.146758047075984,964.3799999993997,2256.7915161915585
39720,34.146758047075984,964.3999999993997,2256.8060927448323
39721,34.146758047075984,964.4199999993997,2256.82066888849
39722,34.146758047075984,964.4399999993997,2256.8352446225385
39723,34.146758047075984,964.4599999993997,2256.849819946983
39724,34.146758047075984,964.4799999993996,2256.864394861831
39725,34.146758047075984,964.4999999993996,2256.8789693670883
39726,34.146758047075984,964.5199999993996,2256.893543462762
39727,34.146758047075984,964.5399999993996,2256.908117148858
39728,34.146758047075984,964.5599999993996,2256.9226904253824
39729,34.146758047075984,964.5799999993995,2256.9372632923423
39730,34.146758047075984,964.5999999993995,2256.951835749744
39731,34.146758047075984,964.6199999993995,2256.9664077975935
39732,34.146758047075984,964.6399999993995,2256.9809794358976
39733,34.146758047075984,964.6599999993995,2256.9955506646625
39734,34.146758047075984,964.6799999993995,2257.010121483895
39735,34.146758047075984,964.6999999993994,2257.0246918936014
39736,34.146758047075984,964.7199999993994,2257.0392618937876
39737,34.146758047075984,964.7399999993994,2257.0538314844607
39738,34.146758047075984,964.7599999993994,2257.068400665627
39739,34.146758047075984,964.7799999993994,2257.0829694372924
39740,34.146758047075984,964.7999999993993,2257.0975377994637
39741,34.146758047075984,964.8199999993993,2257.1121057521473
39742,34.146758047075984,964.8399999993993,2257.12667329535
39743,34.146758047075984,964.8599999993993,2257.1412404290777
39744,34.146758047075984,964.8799999993993,2257.155807153337
39745,34.146758047075984,964.8999999993993,2257.170373468134
39746,34.146758047075984,964.9199999993992,2257.184939373476
39747,34.146758047075984,964.9399999993992,2257.1995048693684
39748,34.146758047075984,964.9599999993992,2257.214069955818
39749,34.146758047075984,964.9799999993992,2257.2286346328315
39750,34.146758047075984,964.9999999993992,2257.243198900415
39751,34.146758047075984,965.0199999993991,2257.257762758575
39752,34.146758047075984,965.0399999993991,2257.272326207318
39753,34.146758047075984,965.0599999993991,2257.2868892466504
39754,34.146758047075984,965.0799999993991,2257.3014518765785
39755,34.146758047075984,965.0999999993991,2257.316014097109
39756,34.146758047075984,965.119999999399,2257.330575908248
39757,34.146758047075984,965.139999999399,2257.345137310002
39758,34.146758047075984,965.159999999399,2257.359698302422
39759,34.146758047075984,965.179999999399,2257.37425888612
39760,34.146758047075984,965.199999999399,2257.388819061304
39761,34.146758047075984,965.219999999399,2257.40337882798
39762,34.146758047075984,965.239999999399,2257.417938186154
39763,34.146758047075984,965.2599999993989,2257.4324971358333
39764,34.146758047075984,965.2799999993989,2257.4470556770234
39765,34.146758047075984,965.2999999993989,2257.4616138097313
39766,34.146758047075984,965.3199999993989,2257.476171533963
39767,34.146758047075984,965.3399999993989,2257.4907288497257
39768,34.146758047075984,965.3599999993988,2257.5052857570245
39769,34.146758047075984,965.3799999993988,2257.5198422558665
39770,34.146758047075984,965.3999999993988,2257.534398346258
39771,34.146758047075984,965.4199999993988,2257.5489540282056
39772,34.146758047075984,965.4399999993988,2257.563509301715
39773,34.146758047075984,965.4599999993987,2257.578064166793
39774,34.146758047075984,965.4799999993987,2257.592618623446
39775,34.146758047075984,965.4999999993987,2257.6071726716805
39776,34.146758047075984,965.5199999993987,2257.6217263115027
39777,34.146758047075984,965.5399999993987,2257.6362795429186
39778,34.146758047075984,965.5599999993987,2257.650832365935
39779,34.146758047075984,965.5799999993986,2257.6653847805583
39780,34.146758047075984,965.5999999993986,2257.6799367867948
39781,34.146758047075984,965.6199999993986,2257.694488384651
39782,34.146758047075984,965.6399999993986,2257.709039574133
39783,34.146758047075984,965.6599999993986,2257.723590355247
39784,34.146758047075984,965.6799999993985,2257.7381407279995
39785,34.146758047075984,965.6999999993985,2257.752690692397
39786,34.146758047075984,965.7199999993985,2257.7672402484463
39787,34.146758047075984,965.7399999993985,2257.7817893961533
39788,34.146758047075984,965.7599999993985,2257.7963381355244
39789,34.146758047075984,965.7799999993985,2257.810886466566
39790,34.146758047075984,965.7999999993984,2257.8254343892845
39791,34.146758047075984,965.8199999993984,2257.839981903686
39792,34.146758047075984,965.8399999993984,2257.854529009777
39793,34.146758047075984,965.8599999993984,2257.8690757075638
39794,34.146758047075984,965.8799999993984,2257.883621997053
39795,34.146758047075984,965.8999999993983,2257.898167878251
39796,34.146758047075984,965.9199999993983,2257.9127133511643
39797,34.146758047075984,965.9399999993983,2257.927258415799
39798,34.146758047075984,965.9599999993983,2257.9418030721613
39799,34.146758047075984,965.9799999993983,2257.9563473202575
39800,34.146758047075984,965.9999999993983,2257.970891160094
39801,34.146758047075984,966.0199999993982,2257.985434591678
39802,34.146758047075984,966.0399999993982,2257.999977615015
39803,34.146758047075984,966.0599999993982,2258.0145202301114
39804,34.146758047075984,966.0799999993982,2258.029062436974
39805,34.146758047075984,966.0999999993982,2258.0436042356087
39806,34.146758047075984,966.1199999993981,2258.058145626022
39807,34.146758047075984,966.1399999993981,2258.0726866082205
39808,34.146758047075984,966.1599999993981,2258.0872271822104
39809,34.146758047075984,966.1799999993981,2258.1017673480546
39810,34.097573880073476,966.1999999993981,2258.1163071064248
39811,34.097573880073476,966.219999999398,2258.130846457483
39812,34.097573880073476,966.239999999398,2258.145385401236
39813,34.097573880073476,966.259999999398,2258.15992393769
39814,34.097573880073476,966.279999999398,2258.174462066852
39815,34.097573880073476,966.299999999398,2258.188999788728
39816,34.097573880073476,966.319999999398,2258.2035371033244
39817,34.097573880073476,966.339999999398,2258.2180740106483
39818,34.097573880073476,966.3599999993979,2258.2326105107054
39819,34.097573880073476,966.3799999993979,2258.2471466035026
39820,34.097573880073476,966.3999999993979,2258.2616822890463
39821,34.097573880073476,966.4199999993979,2258.2762175673433
39822,34.097573880073476,966.4399999993979,2258.2907524384
39823,34.097573880073476,966.4599999993978,2258.305286902222
39824,34.097573880073476,966.4799999993978,2258.319820958817
39825,34.097573880073476,966.4999999993978,2258.334354608191
39826,34.097573880073476,966.5199999993978,2258.3488878503504
39827,34.097573880073476,966.5399999993978,2258.3634206853017
39828,34.097573880073476,966.5599999993977,2258.3779531130513
39829,34.097573880073476,966.5799999993977,2258.3924851336055
39830,34.097573880073476,966.5999999993977,2258.4070167469713
39831,34.097573880073476,966.6199999993977,2258.421547953155
39832,34.097573880073476,966.6399999993977,2258.4360787521628
39833,34.097573880073476,966.6599999993977,2258.450609144001
39834,34.097573880073476,966.6799999993976,2258.465139128677
39835,34.097573880073476,966.6999999993976,2258.479668706196
39836,34.097573880073476,966.7199999993976,2258.4941978765655
39837,34.097573880073476,966.7399999993976,2258.508726639792
39838,34.097573880073476,966.7599999993976,2258.523254995881
39839,34.097573880073476,966.7799999993975,2258.53778294484
39840,34.097573880073476,966.7999999993975,2258.5523104866747
39841,34.097573880073476,966.8199999993975,2258.566837621392
39842,34.097573880073476,966.8399999993975,2258.5813643489987
39843,34.097573880073476,966.8599999993975,2258.5958906695005
39844,34.097573880073476,966.8799999993975,2258.6104165829042
39845,34.097573880073476,966.8999999993974,2258.6249420892163
39846,34.097573880073476,966.9199999993974,2258.6394671884436
39847,34.097573880073476,966.9399999993974,2258.653991880592
39848,34.097573880073476,966.9599999993974,2258.6685161656683
39849,34.097573880073476,966.9799999993974,2258.683040043679
39850,34.097573880073476,966.9999999993973,2258.69756351463
39851,34.097573880073476,967.0199999993973,2258.7120865785287
39852,34.097573880073476,967.0399999993973,2258.726609235381
39853,34.097573880073476,967.0599999993973,2258.741131485194
39854,34.097573880073476,967.0799999993973,2258.755653327973
39855,34.097573880073476,967.0999999993973,2258.770174763725
39856,34.097573880073476,967.1199999993972,2258.784695792457
39857,34.097573880073476,967.1399999993972,2258.799216414175
39858,34.097573880073476,967.1599999993972,2258.8137366288856
39859,34.097573880073476,967.1799999993972,2258.828256436595
39860,34.097573880073476,967.1999999993972,2258.8427758373705
39861,34.097573880073476,967.2199999993971,2258.857294831862
39862,34.097573880073476,967.2399999993971,2258.871813420171
39863,34.097573880073476,967.2599999993971,2258.886331602303
39864,34.097573880073476,967.2799999993971,2258.9008493782653
39865,34.097573880073476,967.2999999993971,2258.915366748064
39866,34.097573880073476,967.319999999397,2258.9298837117058
39867,34.097573880073476,967.339999999397,2258.9444002691966
39868,34.097573880073476,967.359999999397,2258.958916420543
39869,34.097573880073476,967.379999999397,2258.973432165752
39870,34.097573880073476,967.399999999397,2258.987947504829
39871,34.097573880073476,967.419999999397,2259.0024624377816
39872,34.097573880073476,967.439999999397,2259.0169769646154
39873,34.097573880073476,967.4599999993969,2259.031491085337
39874,34.097573880073476,967.4799999993969,2259.046004799953
39875,34.097573880073476,967.4999999993969,2259.0605181084698
39876,34.097573880073476,967.5199999993969,2259.0750310108933
39877,34.097573880073476,967.5399999993969,2259.0895435072302
39878,34.097573880073476,967.5599999993968,2259.1040555974873
39879,34.097573880073476,967.5799999993968,2259.1185672816705
39880,34.097573880073476,967.5999999993968,2259.1330785597866
39881,34.097573880073476,967.6199999993968,2259.147589431842
39882,34.097573880073476,967.6399999993968,2259.162099897843
39883,34.097573880073476,967.6599999993967,2259.176609957796
39884,34.097573880073476,967.6799999993967,2259.191119611707
39885,34.097573880073476,967.6999999993967,2259.2056288595836
39886,34.097573880073476,967.7199999993967,2259.220137701431
39887,34.097573880073476,967.7399999993967,2259.2346461372563
39888,34.097573880073476,967.7599999993967,2259.2491541670656
39889,34.097573880073476,967.7799999993966,2259.2636617908656
39890,34.097573880073476,967.7999999993966,2259.2781690086626
39891,34.097573880073476,967.8199999993966,2259.292675820463
39892,34.097573880073476,967.8399999993966,2259.307182226273
39893,34.097573880073476,967.8599999993966,2259.3216882260995
39894,34.097573880073476,967.8799999993965,2259.336193819948
39895,34.097573880073476,967.8999999993965,2259.3506990078263
39896,34.097573880073476,967.9199999993965,2259.3652037897396
39897,34.097573880073476,967.9399999993965,2259.379708165695
39898,34.097573880073476,967.9599999993965,2259.3942121356986
39899,34.097573880073476,967.9799999993965,2259.408715699757
39900,34.097573880073476,967.9999999993964,2259.4232188578767
39901,34.097573880073476,968.0199999993964,2259.437721610064
39902,34.097573880073476,968.0399999993964,2259.452223956325
39903,34.097573880073476,968.0599999993964,2259.466725896666
39904,34.097573880073476,968.0799999993964,2259.4812274310943
39905,34.097573880073476,968.0999999993963,2259.4957285596156
39906,34.097573880073476,968.1199999993963,2259.5102292822367
39907,34.097573880073476,968.1399999993963,2259.5247295989634
39908,34.097573880073476,968.1599999993963,2259.5392295098027
39909,34.097573880073476,968.1799999993963,2259.553729014761
39910,34.097573880073476,968.1999999993963,2259.5682281138443
39911,34.097573880073476,968.2199999993962,2259.582726807149
39912,34.097573880073476,968.2399999993962,2259.5972250953623
39913,34.097573880073476,968.2599999993962,2259.6117229785573
39914,34.097573880073476,968.2799999993962,2259.6262204567397
39915,34.097573880073476,968.2999999993962,2259.6407175299164
39916,34.097573880073476,968.3199999993961,2259.6552141980933
39917,34.097573880073476,968.3399999993961,2259.669710461277
39918,34.097573880073476,968.3599999993961,2259.6842063194745
39919,34.097573880073476,968.3799999993961,2259.6987017726915
39920,34.097573880073476,968.3999999993961,2259.7131968209346
39921,34.097573880073476,968.419999999396,2259.7276914642102
39922,34.097573880073476,968.439999999396,2259.742185702525
39923,34.097573880073476,968.459999999396,2259.7566795358853
39924,34.097573880073476,968.479999999396,2259.7711729642974
39925,34.097573880073476,968.499999999396,2259.7856659877675
39926,34.097573880073476,968.519999999396,2259.8001586063024
39927,34.097573880073476,968.539999999396,2259.8146508199084
39928,34.097573880073476,968.5599999993959,2259.829142628592
39929,34.097573880073476,968.5799999993959,2259.843634032359
39930,34.097573880073476,968.5999999993959,2259.858125031217
39931,34.097573880073476,968.6199999993959,2259.872615625171
39932,34.097573880073476,968.6399999993959,2259.887105814228
39933,34.097573880073476,968.6599999993958,2259.901595598395
39934,34.097573880073476,968.6799999993958,2259.9160849776777
39935,34.097573880073476,968.6999999993958,2259.930573952083
39936,34.097573880073476,968.7199999993958,2259.945062521617
39937,34.097573880073476,968.7399999993958,2259.959550686286
39938,34.097573880073476,968.7599999993957,2259.9740384460965
39939,34.097573880073476,968.7799999993957,2259.9885258010554
39940,34.097573880073476,968.7999999993957,2260.0030127512296
39941,34.097573880073476,968.8199999993957,2260.017499297747
39942,34.097573880073476,968.8399999993957,2260.0319854411878
39943,34.097573880073476,968.8599999993957,2260.0464711815594
39944,34.097573880073476,968.8799999993956,2260.0609565188674
39945,34.097573880073476,968.8999999993956,2260.075441453119
39946,34.097573880073476,968.9199999993956,2260.08992598432
39947,34.097573880073476,968.9399999993956,2260.104410112477
39948,34.097573880073476,968.9599999993956,2260.118893837597
39949,34.097573880073476,968.9799999993955,2260.1333771596865
39950,34.097573880073476,968.9999999993955,2260.1478600787514
39951,34.097573880073476,969.0199999993955,2260.1623425947982
39952,34.097573880073476,969.0399999993955,2260.176824707834
39953,34.097573880073476,969.0599999993955,2260.1913064178643
39954,34.097573880073476,969.0799999993955,2260.2057877248967
39955,34.097573880073476,969.0999999993954,2260.220268628937
39956,34.097573880073476,969.1199999993954,2260.234749129992
39957,34.097573880073476,969.1399999993954,2260.249229228068
39958,34.097573880073476,969.1599999993954,2260.2637089231716
39959,34.097573880073476,969.1799999993954,2260.278188215309
39960,34.097573880073476,969.1999999993953,2260.292667104487
39961,34.097573880073476,969.2199999993953,2260.307145590712
39962,34.097573880073476,969.2399999993953,2260.321623674129
39963,34.097573880073476,969.2599999993953,2260.3361013553867
39964,34.097573880073476,969.2799999993953,2260.3505786345477
39965,34.097573880073476,969.2999999993953,2260.365055511618
39966,34.097573880073476,969.3199999993952,2260.379531986604
39967,34.097573880073476,969.3399999993952,2260.394008059513
39968,34.097573880073476,969.3599999993952,2260.408483730351
39969,34.097573880073476,969.3799999993952,2260.422958999124
39970,34.097573880073476,969.3999999993952,2260.4374338658395
39971,34.097573880073476,969.4199999993951,2260.451908330503
39972,34.097573880073476,969.4399999993951,2260.4663823931214
39973,34.097573880073476,969.4599999993951,2260.4808560537012
39974,34.097573880073476,969.4799999993951,2260.495329312249
39975,34.097573880073476,969.4999999993951,2260.509802168771
39976,34.097573880073476,969.519999999395,2260.524274623274
39977,34.097573880073476,969.539999999395,2260.5387466757643
39978,34.097573880073476,969.559999999395,2260.5532183262485
39979,34.097573880073476,969.579999999395,2260.567689574733
39980,34.097573880073476,969.599999999395,2260.5821604212238
39981,34.097573880073476,969.619999999395,2260.596630865728
39982,34.097573880073476,969.639999999395,2260.611100908252
39983,34.097573880073476,969.6599999993949,2260.625570548802
39984,34.097573880073476,969.6799999993949,2260.640039787385
39985,34.097573880073476,969.6999999993949,2260.6545086240067
39986,34.097573880073476,969.7199999993949,2260.668977058674
39987,34.097573880073476,969.7399999993949,2260.6834450913934
39988,34.097573880073476,969.7599999993948,2260.6979127221716
39989,34.097573880073476,969.7799999993948,2260.712379951015
39990,34.097573880073476,969.7999999993948,2260.72684677793
39991,34.097573880073476,969.8199999993948,2260.741313202923
39992,34.097573880073476,969.8399999993948,2260.755779226
39993,34.097573880073476,969.8599999993947,2260.770244847168
39994,34.097573880073476,969.8799999993947,2260.784710066434
39995,34.097573880073476,969.8999999993947,2260.7991748838035
39996,34.097573880073476,969.9199999993947,2260.8136392992833
39997,34.097573880073476,969.9399999993947,2260.82810331288
39998,34.097573880073476,969.9599999993947,2260.8425669246003
39999,34.097573880073476,969.9799999993946,2260.8570301344503
40000,34.097573880073476,969.9999999993946,2260.8714929424364
40001,34.097573880073476,970.0199999993946,2260.885955348565
40002,34.097573880073476,970.0399999993946,2260.900417352843
40003,34.097573880073476,970.0599999993946,2260.9148789552764
40004,34.097573880073476,970.0799999993945,2260.9293401558725
40005,34.097573880073476,970.0999999993945,2260.943800954637
40006,34.097573880073476,970.1199999993945,2260.9582613515768
40007,34.097573880073476,970.1399999993945,2260.972721346698
40008,34.097573880073476,970.1599999993945,2260.9871809400074
40009,34.097573880073476,970.1799999993945,2261.001640131511
40010,34.097573880073476,970.1999999993944,2261.016098921216
40011,34.097573880073476,970.2199999993944,2261.030557309128
40012,34.097573880073476,970.2399999993944,2261.0450152952544
40013,34.097573880073476,970.2599999993944,2261.059472879798
40014,34.097573880073476,970.2799999993944,2261.0739300633945
40015,34.097573880073476,970.2999999993943,2261.0883868460996
40016,34.097573880073476,970.3199999993943,2261.1028432279195
40017,34.097573880073476,970.3399999993943,2261.1172992088605
40018,34.097573880073476,970.3599999993943,2261.1317547889294
40019,34.097573880073476,970.3799999993943,2261.146209968132
40020,34.097573880073476,970.3999999993943,2261.1606647464755
40021,34.097573880073476,970.4199999993942,2261.175119123966
40022,34.097573880073476,970.4399999993942,2261.18957310061
40023,34.097573880073476,970.4599999993942,2261.204026676414
40024,34.097573880073476,970.4799999993942,2261.218479851384
40025,34.097573880073476,970.4999999993942,2261.232932625527
40026,34.097573880073476,970.5199999993941,2261.2473849988496
40027,34.097573880073476,970.5399999993941,2261.2618369713578
40028,34.097573880073476,970.5599999993941,2261.2762885430584
40029,34.097573880073476,970.5799999993941,2261.290739713958
40030,34.097573880073476,970.5999999993941,2261.305190484062
40031,34.097573880073476,970.619999999394,2261.319640853378
40032,34.097573880073476,970.639999999394,2261.3340908219125
40033,34.097573880073476,970.659999999394,2261.348540389671
40034,34.097573880073476,970.679999999394,2261.362989556661
40035,34.097573880073476,970.699999999394,2261.3774383228883
40036,34.097573880073476,970.719999999394,2261.3918866883596
40037,34.097573880073476,970.739999999394,2261.406334653081
40038,34.097573880073476,970.7599999993939,2261.4207822170597
40039,34.097573880073476,970.7799999993939,2261.4352293803013
40040,34.097573880073476,970.7999999993939,2261.4496761428127
40041,34.097573880073476,970.8199999993939,2261.4641225046003
40042,34.097573880073476,970.8399999993939,2261.478568465671
40043,34.097573880073476,970.8599999993938,2261.4930140260303
40044,34.097573880073476,970.8799999993938,2261.5074591856855
40045,34.097573880073476,970.8999999993938,2261.521903944643
40046,34.097573880073476,970.9199999993938,2261.5363483029087
40047,34.097573880073476,970.9399999993938,2261.5507922604893
40048,34.097573880073476,970.9599999993937,2261.565235817391
40049,34.097573880073476,970.9799999993937,2261.579678973621
40050,34.097573880073476,970.9999999993937,2261.594121729185
40051,34.097573880073476,971.0199999993937,2261.60856408409
40052,34.097573880073476,971.0399999993937,2261.6230060383423
40053,34.097573880073476,971.0599999993937,2261.6374475919483
40054,34.097573880073476,971.0799999993936,2261.6518887449142
40055,34.048507672609574,971.0999999993936,2261.666329497247
40056,34.048507672609574,971.1199999993936,2261.6807698489524
40057,34.048507672609574,971.1399999993936,2261.6952098000374
40058,34.048507672609574,971.1599999993936,2261.7096493505082
40059,34.048507672609574,971.1799999993935,2261.7240885003716
40060,34.048507672609574,971.1999999993935,2261.738527249634
40061,34.048507672609574,971.2199999993935,2261.7529655983017
40062,34.048507672609574,971.2399999993935,2261.767403546381
40063,34.048507672609574,971.2599999993935,2261.7818410938785
40064,34.048507672609574,971.2799999993935,2261.796278241025
40065,34.048507672609574,971.2999999993934,2261.8107149883595
40066,34.048507672609574,971.3199999993934,2261.8251513359223
40067,34.048507672609574,971.3399999993934,2261.8395872837204
40068,34.048507672609574,971.3599999993934,2261.8540228317597
40069,34.048507672609574,971.3799999993934,2261.868457980047
40070,34.048507672609574,971.3999999993933,2261.8828927285886
40071,34.048507672609574,971.4199999993933,2261.8973270773913
40072,34.048507672609574,971.4399999993933,2261.911761026461
40073,34.048507672609574,971.4599999993933,2261.926194575805
40074,34.048507672609574,971.4799999993933,2261.940627725429
40075,34.048507672609574,971.4999999993933,2261.9550604753395
40076,34.048507672609574,971.5199999993932,2261.969492825543
40077,34.048507672609574,971.5399999993932,2261.9839247760465
40078,34.048507672609574,971.5599999993932,2261.9983563268556
40079,34.048507672609574,971.5799999993932,2262.0127874779773
40080,34.048507672609574,971.5999999993932,2262.027218229418
40081,34.048507672609574,971.6199999993931,2262.041648581184
40082,34.048507672609574,971.6399999993931,2262.056078533282
40083,34.048507672609574,971.6599999993931,2262.070508085718
40084,34.048507672609574,971.6799999993931,2262.0849372384987
40085,34.048507672609574,971.6999999993931,2262.0993659916307
40086,34.048507672609574,971.719999999393,2262.1137943451204
40087,34.048507672609574,971.739999999393,2262.1282222989744
40088,34.048507672609574,971.759999999393,2262.1426498531987
40089,34.048507672609574,971.779999999393,2262.1570770078
40090,34.048507672609574,971.799999999393,2262.171503762785
40091,34.048507672609574,971.819999999393,2262.18593011816
40092,34.048507672609574,971.839999999393,2262.200356073931
40093,34.048507672609574,971.8599999993929,2262.214781630105
40094,34.048507672609574,971.8799999993929,2262.229206786688
40095,34.048507672609574,971.8999999993929,2262.2436315436867
40096,34.048507672609574,971.9199999993929,2262.2580559011076
40097,34.048507672609574,971.9399999993929,2262.2724798589575
40098,34.048507672609574,971.9599999993928,2262.2869034172422
40099,34.048507672609574,971.9799999993928,2262.3013265759682
40100,34.048507672609574,971.9999999993928,2262.3157493351423
40101,34.048507672609574,972.0199999993928,2262.330171694771
40102,34.048507672609574,972.0399999993928,2262.34459365486
40103,34.048507672609574,972.0599999993927,2262.3590152154165
40104,34.048507672609574,972.0799999993927,2262.373436376447
40105,34.048507672609574,972.0999999993927,2262.3878571379573
40106,34.048507672609574,972.1199999993927,2262.4022774999544
40107,34.048507672609574,972.1399999993927,2262.4166974624445
40108,34.048507672609574,972.1599999993927,2262.431117025434
40109,34.048507672609574,972.1799999993926,2262.44553618893
40110,34.048507672609574,972.1999999993926,2262.459954952938
40111,34.048507672609574,972.2199999993926,2262.474373317465
40112,34.048507672609574,972.2399999993926,2262.4887912825175
40113,34.048507672609574,972.2599999993926,2262.5032088481016
40114,34.048507672609574,972.2799999993925,2262.517626014224
40115,34.048507672609574,972.2999999993925,2262.5320427811735
40116,34.048507672609574,972.3199999993925,2262.5464591494733
40117,34.048507672609574,972.3399999993925,2262.5608751191558
40118,34.048507672609574,972.3599999993925,2262.575290690227
40119,34.048507672609574,972.3799999993925,2262.589705862694
40120,34.048507672609574,972.3999999993924,2262.604120636562
40121,34.048507672609574,972.4199999993924,2262.618535011839
40122,34.048507672609574,972.4399999993924,2262.63294898853
40123,34.048507672609574,972.4599999993924,2262.6473625666426
40124,34.048507672609574,972.4799999993924,2262.6617757461827
40125,34.048507672609574,972.4999999993923,2262.6761885271567
40126,34.048507672609574,972.5199999993923,2262.690600909571
40127,34.048507672609574,972.5399999993923,2262.7050128934325
40128,34.048507672609574,972.5599999993923,2262.719424478747
40129,34.048507672609574,972.5799999993923,2262.7338356655214
40130,34.048507672609574,972.5999999993923,2262.748246453762
40131,34.048507672609574,972.6199999993922,2262.7626568434753
40132,34.048507672609574,972.6399999993922,2262.7770668346675
40133,34.048507672609574,972.6599999993922,2262.791476427345
40134,34.048507672609574,972.6799999993922,2262.805885621515
40135,34.048507672609574,972.6999999993922,2262.8202944171826
40136,34.048507672609574,972.7199999993921,2262.8347028143553
40137,34.048507672609574,972.7399999993921,2262.8491108130393
40138,34.048507672609574,972.7599999993921,2262.863518413241
40139,34.048507672609574,972.7799999993921,2262.8779256149664
40140,34.048507672609574,972.7999999993921,2262.8923324182224
40141,34.048507672609574,972.819999999392,2262.9067388230155
40142,34.048507672609574,972.839999999392,2262.921144829352
40143,34.048507672609574,972.859999999392,2262.9355504372384
40144,34.048507672609574,972.879999999392,2262.949955646681
40145,34.048507672609574,972.899999999392,2262.964360457686
40146,34.048507672609574,972.919999999392,2262.97876487026
40147,34.048507672609574,972.939999999392,2262.99316888441
40148,34.048507672609574,972.9599999993919,2263.0075725001416
40149,34.048507672609574,972.9799999993919,2263.021975717462
40150,34.048507672609574,972.9999999993919,2263.0363785363766
40151,34.048507672609574,973.0199999993919,2263.0507809568926
40152,34.048507672609574,973.0399999993919,2263.0651829790163
40153,34.048507672609574,973.0599999993918,2263.079584602754
40154,34.048507672609574,973.0799999993918,2263.093985828112
40155,34.048507672609574,973.0999999993918,2263.1083866550975
40156,34.048507672609574,973.1199999993918,2263.122787083716
40157,34.048507672609574,973.1399999993918,2263.1371871139745
40158,34.048507672609574,973.1599999993917,2263.1515867458793
40159,34.048507672609574,973.1799999993917,2263.1659859794368
40160,34.048507672609574,973.1999999993917,2263.1803848146533
40161,34.048507672609574,973.2199999993917,2263.1947832515352
40162,34.048507672609574,973.2399999993917,2263.209181290089
40163,34.048507672609574,973.2599999993917,2263.2235789303213
40164,34.048507672609574,973.2799999993916,2263.237976172238
40165,34.048507672609574,973.2999999993916,2263.2523730158464
40166,34.048507672609574,973.3199999993916,2263.266769461484
40167,34.048507672609574,973.3399999993916,2263.281165509635
40168,34.048507672609574,973.3599999993916,2263.2955611603215
40169,34.048507672609574,973.3799999993915,2263.309956413551
40170,34.048507672609574,973.3999999993915,2263.3243512693293
40171,34.048507672609574,973.4199999993915,2263.338745727663
40172,34.048507672609574,973.4399999993915,2263.3531397885586
40173,34.048507672609574,973.4599999993915,2263.367533452022
40174,34.048507672609574,973.4799999993915,2263.3819267180606
40175,34.048507672609574,973.4999999993914,2263.39631958668
40176,34.048507672609574,973.5199999993914,2263.410712057887
40177,34.048507672609574,973.5399999993914,2263.425104131688
40178,34.048507672609574,973.5599999993914,2263.4394958080893
40179,34.048507672609574,973.5799999993914,2263.4538870870974
40180,34.048507672609574,973.5999999993913,2263.4682779687187
40181,34.048507672609574,973.6199999993913,2263.4826684529594
40182,34.048507672609574,973.6399999993913,2263.497058539826
40183,34.048507672609574,973.6599999993913,2263.511448229325
40184,34.048507672609574,973.6799999993913,2263.5258375214635
40185,34.048507672609574,973.6999999993913,2263.5402264162467
40186,34.048507672609574,973.7199999993912,2263.5546149136817
40187,34.048507672609574,973.7399999993912,2263.569003013775
40188,34.048507672609574,973.7599999993912,2263.5833907165324
40189,34.048507672609574,973.7799999993912,2263.5977780219614
40190,34.048507672609574,973.7999999993912,2263.6121649300676
40191,34.048507672609574,973.8199999993911,2263.626551440858
40192,34.048507672609574,973.8399999993911,2263.640937554338
40193,34.048507672609574,973.8599999993911,2263.655323270515
40194,34.048507672609574,973.8799999993911,2263.669708589395
40195,34.048507672609574,973.8999999993911,2263.684093510985
40196,34.048507672609574,973.919999999391,2263.6984780352905
40197,34.048507672609574,973.939999999391,2263.7128621623183
40198,34.048507672609574,973.959999999391,2263.7272458920747
40199,34.048507672609574,973.979999999391,2263.7416292245666
40200,34.048507672609574,973.999999999391,2263.7560121598
40201,34.048507672609574,974.019999999391,2263.7703946977813
40202,34.048507672609574,974.039999999391,2263.7847768385172
40203,34.048507672609574,974.0599999993909,2263.799158582014
40204,34.048507672609574,974.0799999993909,2263.8135399282783
40205,34.048507672609574,974.0999999993909,2263.827920877316
40206,34.048507672609574,974.1199999993909,2263.842301429134
40207,34.048507672609574,974.1399999993909,2263.856681583738
40208,34.048507672609574,974.1599999993908,2263.8710613411354
40209,34.048507672609574,974.1799999993908,2263.885440701332
40210,34.048507672609574,974.1999999993908,2263.8998196643342
40211,34.048507672609574,974.2199999993908,2263.914198230149
40212,34.048507672609574,974.2399999993908,2263.928576398782
40213,34.048507672609574,974.2599999993907,2263.94295417024
40214,34.048507672609574,974.2799999993907,2263.957331544529
40215,34.048507672609574,974.2999999993907,2263.9717085216566
40216,34.048507672609574,974.3199999993907,2263.9860851016283
40217,34.048507672609574,974.3399999993907,2264.000461284831
40218,34.048507672609574,974.3599999993907,2264.01483707171
40219,34.048507672609574,974.3799999993906,2264.0292124622783
40220,34.048507672609574,974.3999999993906,2264.043587456542
40221,34.048507672609574,974.4199999993906,2264.0579620545077
40222,34.048507672609574,974.4399999993906,2264.0723362561816
40223,34.048507672609574,974.4599999993906,2264.0867100615706
40224,34.048507672609574,974.4799999993905,2264.101083470681
40225,34.048507672609574,974.4999999993905,2264.1154564835188
40226,34.048507672609574,974.5199999993905,2264.129829100091
40227,34.048507672609574,974.5399999993905,2264.144201320403
40228,34.048507672609574,974.5599999993905,2264.1585731444625
40229,34.048507672609574,974.5799999993905,2264.1729445722754
40230,34.048507672609574,974.5999999993904,2264.1873156038478
40231,34.048507672609574,974.6199999993904,2264.2016862391865
40232,34.048507672609574,974.6399999993904,2264.216056478298
40233,34.048507672609574,974.6599999993904,2264.230426321188
40234,34.048507672609574,974.6799999993904,2264.2447957678637
40235,34.048507672609574,974.6999999993903,2264.259164818331
40236,34.048507672609574,974.7199999993903,2264.2735334725967
40237,34.048507672609574,974.7399999993903,2264.2879017306673
40238,34.048507672609574,974.7599999993903,2264.302269592549
40239,34.048507672609574,974.7799999993903,2264.3166370582476
40240,34.048507672609574,974.7999999993903,2264.3310041277705
40241,34.048507672609574,974.8199999993902,2264.345370801124
40242,34.048507672609574,974.8399999993902,2264.3597370783136
40243,34.048507672609574,974.8599999993902,2264.3741029593466
40244,34.048507672609574,974.8799999993902,2264.388468444229
40245,34.048507672609574,974.8999999993902,2264.4028335329676
40246,34.048507672609574,974.9199999993901,2264.4171982255684
40247,34.048507672609574,974.9399999993901,2264.431562522038
40248,34.048507672609574,974.9599999993901,2264.445926422383
40249,34.048507672609574,974.9799999993901,2264.460289926609
40250,34.048507672609574,974.9999999993901,2264.4746530347234
40251,34.048507672609574,975.01999999939,2264.489015746732
40252,34.048507672609574,975.03999999939,2264.503378062642
40253,34.048507672609574,975.05999999939,2264.517739982459
40254,34.048507672609574,975.07999999939,2264.532101506189
40255,34.048507672609574,975.09999999939,2264.5464626338394
40256,34.048507672609574,975.11999999939,2264.560823365416
40257,34.048507672609574,975.1399999993899,2264.575183700926
40258,34.048507672609574,975.1599999993899,2264.5895436403753
40259,34.048507672609574,975.1799999993899,2264.60390318377
40260,34.048507672609574,975.1999999993899,2264.618262331117
40261,34.048507672609574,975.2199999993899,2264.6326210824222
40262,34.048507672609574,975.2399999993899,2264.6469794376926
40263,34.048507672609574,975.2599999993898,2264.661337396934
40264,34.048507672609574,975.2799999993898,2264.675694960153
40265,34.048507672609574,975.2999999993898,2264.6900521273565
40266,34.048507672609574,975.3199999993898,2264.7044088985504
40267,34.048507672609574,975.3399999993898,2264.7187652737443
40268,34.048507672609574,975.3599999993897,2264.7331212533913
40269,34.048507672609574,975.3799999993897,2264.7474768379125
40270,34.048507672609574,975.3999999993897,2264.7618320273145
40271,34.048507672609574,975.4199999993897,2264.776186821604
40272,34.048507672609574,975.4399999993897,2264.790541220787
40273,34.048507672609574,975.4599999993897,2264.80489522487
40274,34.048507672609574,975.4799999993896,2264.8192488338595
40275,34.048507672609574,975.4999999993896,2264.8336020477623
40276,34.048507672609574,975.5199999993896,2264.847954866584
40277,34.048507672609574,975.5399999993896,2264.862307290332
40278,34.048507672609574,975.5599999993896,2264.8766593190117
40279,34.048507672609574,975.5799999993895,2264.89101095263
40280,34.048507672609574,975.5999999993895,2264.9053621911935
40281,34.048507672609574,975.6199999993895,2264.9197130347084
40282,34.048507672609574,975.6399999993895,2264.934063483181
40283,34.048507672609574,975.6599999993895,2264.948413536618
40284,34.048507672609574,975.6799999993895,2264.962763195025
40285,34.048507672609574,975.6999999993894,2264.9771124584095
40286,34.048507672609574,975.7199999993894,2264.9914613267774
40287,34.048507672609574,975.7399999993894,2265.005809800135
40288,34.048507672609574,975.7599999993894,2265.020157878489
40289,34.048507672609574,975.7799999993894,2265.034505561846
40290,34.048507672609574,975.7999999993893,2265.0488528502115
40291,34.048507672609574,975.8199999993893,2265.0631997435926
40292,34.048507672609574,975.8399999993893,2265.0775462419956
40293,34.048507672609574,975.8599999993893,2265.091892345427
40294,34.048507672609574,975.8799999993893,2265.106238053893
40295,34.048507672609574,975.8999999993893,2265.1205833674
40296,34.048507672609574,975.9199999993892,2265.1349282859546
40297,33.9995590289967,975.9399999993892,2265.149272809563
40298,33.9995590289967,975.9599999993892,2265.1636169382323
40299,33.9995590289967,975.9799999993892,2265.177960671968
40300,33.9995590289967,975.9999999993892,2265.1923040107768
40301,33.9995590289967,976.0199999993891,2265.206646954665
40302,33.9995590289967,976.0399999993891,2265.220989503639
40303,33.9995590289967,976.0599999993891,2265.2353316577055
40304,33.9995590289967,976.0799999993891,2265.249673416871
40305,33.9995590289967,976.0999999993891,2265.264014781141
40306,33.9995590289967,976.119999999389,2265.278355750523
40307,33.9995590289967,976.139999999389,2265.292696325023
40308,33.9995590289967,976.159999999389,2265.3070365046474
40309,33.9995590289967,976.179999999389,2265.3213762894025
40310,33.9995590289967,976.199999999389,2265.335715679295
40311,33.9995590289967,976.219999999389,2265.3500546743307
40312,33.9995590289967,976.2399999993889,2265.3643932745167
40313,33.9995590289967,976.2599999993889,2265.3787314798587
40314,33.9995590289967,976.2799999993889,2265.3930692903637
40315,33.9995590289967,976.2999999993889,2265.407406706038
40316,33.9995590289967,976.3199999993889,2265.4217437268876
40317,33.9995590289967,976.3399999993889,2265.4360803529194
40318,33.9995590289967,976.3599999993888,2265.4504165841518
40319,33.9995590289967,976.3799999993888,2265.4647524210295
40320,33.9995590289967,976.3999999993888,2265.479087863887
40321,33.9995590289967,976.4199999993888,2265.4934229127307
40322,33.9995590289967,976.4399999993888,2265.5077575675673
40323,33.9995590289967,976.4599999993887,2265.522091828403
40324,33.9995590289967,976.4799999993887,2265.5364256952444
40325,33.9995590289967,976.4999999993887,2265.5507591680976
40326,33.9995590289967,976.5199999993887,2265.565092246969
40327,33.9995590289967,976.5399999993887,2265.579424931865
40328,33.9995590289967,976.5599999993887,2265.5937572227926
40329,33.9995590289967,976.5799999993886,2265.6080891197576
40330,33.9995590289967,976.5999999993886,2265.6224206227666
40331,33.9995590289967,976.6199999993886,2265.6367517318263
40332,33.9995590289967,976.6399999993886,2265.6510824469424
40333,33.9995590289967,976.6599999993886,2265.6654127681218
40334,33.9995590289967,976.6799999993885,2265.679742695371
40335,33.9995590289967,976.6999999993885,2265.694072228696
40336,33.9995590289967,976.7199999993885,2265.7084013681038
40337,33.9995590289967,976.7399999993885,2265.7227301136004
40338,33.9995590289967,976.7599999993885,2265.737058465192
40339,33.9995590289967,976.7799999993885,2265.751386422886
40340,33.9995590289967,976.7999999993884,2265.7657139866874
40341,33.9995590289967,976.8199999993884,2265.7800411566036
40342,33.9995590289967,976.8399999993884,2265.794367932641
40343,33.9995590289967,976.8599999993884,2265.808694314805
40344,33.9995590289967,976.8799999993884,2265.823020303103
40345,33.9995590289967,976.8999999993883,2265.837345897541
40346,33.9995590289967,976.9199999993883,2265.851671098126
40347,33.9995590289967,976.9399999993883,2265.865995904864
40348,33.9995590289967,976.9599999993883,2265.8803203177613
40349,33.9995590289967,976.9799999993883,2265.894644336824
40350,33.9995590289967,976.9999999993883,2265.9089679620593
40351,33.9995590289967,977.0199999993882,2265.923291193473
40352,33.9995590289967,977.0399999993882,2265.9376140310715
40353,33.9995590289967,977.0599999993882,2265.9519364748617
40354,33.9995590289967,977.0799999993882,2265.9662585248498
40355,33.9995590289967,977.0999999993882,2265.980580181042
40356,33.9995590289967,977.1199999993881,2265.9949014434446
40357,33.9995590289967,977.1399999993881,2266.0092223120646
40358,33.9995590289967,977.1599999993881,2266.023542786908
40359,33.9995590289967,977.1799999993881,2266.037862867981
40360,33.9995590289967,977.1999999993881,2266.05218255529
40361,33.9995590289967,977.219999999388,2266.066501848842
40362,33.9995590289967,977.239999999388,2266.080820748643
40363,33.9995590289967,977.259999999388,2266.0951392546995
40364,33.9995590289967,977.279999999388,2266.1094573670175
40365,33.9995590289967,977.299999999388,2266.123775085604
40366,33.9995590289967,977.319999999388,2266.138092410465
40367,33.9995590289967,977.3399999993879,2266.1524093416074
40368,33.9995590289967,977.3599999993879,2266.1667258790367
40369,33.9995590289967,977.3799999993879,2266.1810420227825
40370,33.9995590289967,977.3999999993879,2266.1953577733484
40371,33.9995590289967,977.4199999993879,2266.2096731310367
40372,33.9995590289967,977.4399999993879,2266.223988095853
40373,33.9995590289967,977.4599999993878,2266.238302667805
40374,33.9995590289967,977.4799999993878,2266.252616846898
40375,33.9995590289967,977.4999999993878,2266.2669306331386
40376,33.9995590289967,977.5199999993878,2266.2812440265334
40377,33.9995590289967,977.5399999993878,2266.2955570270888
40378,33.9995590289967,977.5599999993877,2266.309869634811
40379,33.9995590289967,977.5799999993877,2266.3241818497067
40380,33.9995590289967,977.5999999993877,2266.3384936717825
40381,33.9995590289967,977.6199999993877,2266.3528051010444
40382,33.9995590289967,977.6399999993877,2266.3671161374987
40383,33.9995590289967,977.6599999993877,2266.381426781152
40384,33.9995590289967,977.6799999993876,2266.3957370320113
40385,33.9995590289967,977.6999999993876,2266.410046890082
40386,33.9995590289967,977.7199999993876,2266.424356355371
40387,33.9995590289967,977.7399999993876,2266.4386654278846
40388,33.9995590289967,977.7599999993876,2266.4529741076294
40389,33.9995590289967,977.7799999993875,2266.4672823946116
40390,33.9995590289967,977.7999999993875,2266.4815902888377
40391,33.9995590289967,977.8199999993875,2266.495897790314
40392,33.9995590289967,977.8399999993875,2266.5102048990466
40393,33.9995590289967,977.8599999993875,2266.5245116150422
40394,33.9995590289967,977.8799999993875,2266.5388179383076
40395,33.9995590289967,977.8999999993874,2266.5531238688486
40396,33.9995590289967,977.9199999993874,2266.567429406672
40397,33.9995590289967,977.9399999993874,2266.581734551784
40398,33.9995590289967,977.9599999993874,2266.596039304191
40399,33.9995590289967,977.9799999993874,2266.6103436638996
40400,33.9995590289967,977.9999999993873,2266.6246476309157
40401,33.9995590289967,978.0199999993873,2266.638951205246
40402,33.9995590289967,978.0399999993873,2266.653254386897
40403,33.9995590289967,978.0599999993873,2266.667557175875
40404,33.9995590289967,978.0799999993873,2266.6818595721866
40405,33.9995590289967,978.0999999993873,2266.6961615758382
40406,33.9995590289967,978.1199999993872,2266.710463186836
40407,33.9995590289967,978.1399999993872,2266.7247644051863
40408,33.9995590289967,978.1599999993872,2266.739065230896
40409,33.9995590289967,978.1799999993872,2266.7533656639707
40410,33.9995590289967,978.1999999993872,2266.7676657044176
40411,33.9995590289967,978.2199999993871,2266.7819653522424
40412,33.9995590289967,978.2399999993871,2266.796264607452
40413,33.9995590289967,978.2599999993871,2266.810563470053
40414,33.9995590289967,978.2799999993871,2266.8248619400506
40415,33.9995590289967,978.2999999993871,2266.8391600174523
40416,33.9995590289967,978.319999999387,2266.853457702264
40417,33.9995590289967,978.339999999387,2266.8677549944928
40418,33.9995590289967,978.359999999387,2266.8820518941443
40419,33.9995590289967,978.379999999387,2266.896348401225
40420,33.9995590289967,978.399999999387,2266.910644515774
40421,33.9995590289967,978.419999999387,2266.924940238333
40422,33.9995590289967,978.4399999993869,2266.939235569156
40423,33.9995590289967,978.4599999993869,2266.95353050825
40424,33.9995590289967,978.4799999993869,2266.9678250556203
40425,33.9995590289967,978.4999999993869,2266.982119211274
40426,33.9995590289967,978.5199999993869,2266.9964129752175
40427,33.9995590289967,978.5399999993869,2267.010706347457
40428,33.9995590289967,978.5599999993868,2267.024999327999
40429,33.9995590289967,978.5799999993868,2267.03929191685
40430,33.9995590289967,978.5999999993868,2267.053584114016
40431,33.9995590289967,978.6199999993868,2267.0678759195034
40432,33.9995590289967,978.6399999993868,2267.0821673333194
40433,33.9995590289967,978.6599999993867,2267.0964583554696
40434,33.9995590289967,978.6799999993867,2267.110748985961
40435,33.9995590289967,978.6999999993867,2267.1250392247994
40436,33.9995590289967,978.7199999993867,2267.1393290719916
40437,33.9995590289967,978.7399999993867,2267.1536185275436
40438,33.9995590289967,978.7599999993867,2267.167907591462
40439,33.9995590289967,978.7799999993866,2267.1821962637537
40440,33.9995590289967,978.7999999993866,2267.1964845444245
40441,33.9995590289967,978.8199999993866,2267.210772433481
40442,33.9995590289967,978.8399999993866,2267.2250599309295
40443,33.9995590289967,978.8599999993866,2267.2393470367765
40444,33.9995590289967,978.8799999993865,2267.2536337510282
40445,33.9995590289967,978.8999999993865,2267.267920073691
40446,33.9995590289967,978.9199999993865,2267.2822060047715
40447,33.9995590289967,978.9399999993865,2267.2964915442763
40448,33.9995590289967,978.9599999993865,2267.310776692211
40449,33.9995590289967,978.9799999993865,2267.325061448583
40450,33.9995590289967,978.9999999993864,2267.339345813398
40451,33.9995590289967,979.0199999993864,2267.353629786662
40452,33.9995590289967,979.0399999993864,2267.3679133683827
40453,33.9995590289967,979.0599999993864,2267.3821965585657
40454,33.9995590289967,979.0799999993864,2267.3964793572172
40455,33.9995590289967,979.0999999993863,2267.410761764344
40456,33.9995590289967,979.1199999993863,2267.4250437799524
40457,33.9995590289967,979.1399999993863,2267.4393254040488
40458,33.9995590289967,979.1599999993863,2267.4536066366395
40459,33.9995590289967,979.1799999993863,2267.467887477731
40460,33.9995590289967,979.1999999993863,2267.4821679273296
40461,33.9995590289967,979.2199999993862,2267.4964479854416
40462,33.9995590289967,979.2399999993862,2267.5107276520735
40463,33.9995590289967,979.2599999993862,2267.5250069272315
40464,33.9995590289967,979.2799999993862,2267.5392858109226
40465,33.9995590289967,979.2999999993862,2267.5535643031526
40466,33.9995590289967,979.3199999993861,2267.567842403928
40467,33.9995590289967,979.3399999993861,2267.5821201132553
40468,33.9995590289967,979.3599999993861,2267.5963974311408
40469,33.9995590289967,979.3799999993861,2267.610674357591
40470,33.9995590289967,979.3999999993861,2267.624950892612
40471,33.9995590289967,979.419999999386,2267.639227036252
40472,33.9995590289967,979.439999999386,2267.6535027890923
40473,33.9995590289967,979.459999999386,2267.667778151338
40474,33.9995590289967,979.479999999386,2267.682053122996
40475,33.9995590289967,979.499999999386,2267.6963277040722
40476,33.9995590289967,979.519999999386,2267.7106018945733
40477,33.9995590289967,979.5399999993859,2267.7248756945055
40478,33.9995590289967,979.5599999993859,2267.7391491038757
40479,33.9995590289967,979.5799999993859,2267.7534221226897
40480,33.9995590289967,979.5999999993859,2267.767694750954
40481,33.9995590289967,979.6199999993859,2267.7819669886753
40482,33.9995590289967,979.6399999993859,2267.7962388358596
40483,33.9995590289967,979.6599999993858,2267.8105102925138
40484,33.9995590289967,979.6799999993858,2267.8247813586436
40485,33.9995590289967,979.6999999993858,2267.839052034256
40486,33.9995590289967,979.7199999993858,2267.853322319357
40487,33.9995590289967,979.7399999993858,2267.8675922139532
40488,33.9995590289967,979.7599999993857,2267.881861718051
40489,33.9995590289967,979.7799999993857,2267.8961308316566
40490,33.9995590289967,979.7999999993857,2267.9103995547766
40491,33.9995590289967,979.8199999993857,2267.9246678874174
40492,33.9995590289967,979.8399999993857,2267.9389358295853
40493,33.9995590289967,979.8599999993856,2267.9532033812866
40494,33.9995590289967,979.8799999993856,2267.9674705425277
40495,33.9995590289967,979.8999999993856,2267.981737313315
40496,33.9995590289967,979.9199999993856,2267.996003693655
40497,33.9995590289967,979.9399999993856,2268.0102696835543
40498,33.9995590289967,979.9599999993856,2268.024535283019
40499,33.9995590289967,979.9799999993855,2268.038800492055
40500,33.9995590289967,979.9999999993855,2268.05306531067
40501,33.9995590289967,980.0199999993855,2268.067329738869
40502,33.9995590289967,980.0399999993855,2268.0815937766592
40503,33.9995590289967,980.0599999993855,2268.0958574240467
40504,33.9995590289967,980.0799999993854,2268.110120681038
40505,33.9995590289967,980.0999999993854,2268.1243835476394
40506,33.9995590289967,980.1199999993854,2268.1386460238573
40507,33.9995590289967,980.1399999993854,2268.1529081096983
40508,33.9995590289967,980.1599999993854,2268.167169805168
40509,33.9995590289967,980.1799999993854,2268.181431110274
40510,33.9995590289967,980.1999999993853,2268.195692025022
40511,33.9995590289967,980.2199999993853,2268.209952549418
40512,33.9995590289967,980.2399999993853,2268.2242126834694
40513,33.9995590289967,980.2599999993853,2268.238472427182
40514,33.9995590289967,980.2799999993853,2268.252731780562
40515,33.9995590289967,980.2999999993852,2268.266990743616
40516,33.9995590289967,980.3199999993852,2268.2812493163506
40517,33.9995590289967,980.3399999993852,2268.2955074987717
40518,33.9995590289967,980.3599999993852,2268.309765290886
40519,33.9995590289967,980.3799999993852,2268.3240226926996
40520,33.9995590289967,980.3999999993852,2268.338279704219
40521,33.9995590289967,980.4199999993851,2268.3525363254507
40522,33.9995590289967,980.4399999993851,2268.3667925564546
40523,33.9995590289967,980.4599999993851,2268.3810483978777
40524,33.9995590289967,980.4799999993851,2268.395303849884
40525,33.9995590289967,980.4999999993851,2268.40955891248
40526,33.9995590289967,980.519999999385,2268.423813585672
40527,33.9995590289967,980.539999999385,2268.438067869467
40528,33.9995590289967,980.559999999385,2268.452321763871
40529,33.9995590289967,980.579999999385,2268.4665752688907
40530,33.9995590289967,980.599999999385,2268.480828384532
40531,33.9995590289967,980.619999999385,2268.495081110801
40532,33.9995590289967,980.6399999993849,2268.5093334477046
40533,33.9995590289967,980.6599999993849,2268.5235853952495
40534,33.9995590289967,980.6799999993849,2268.5378369534415
40535,33.9995590289967,980.6999999993849,2268.552088122287
40536,33.9995590289967,980.7199999993849,2268.5663389017927
40537,33.9995590289967,980.7399999993848,2268.5805892919648
40538,33.9995590289967,980.7599999993848,2268.59483929281
40539,33.950727555252215,980.7799999993848,2268.6090889043344
40540,33.950727555252215,980.7999999993848,2268.6233381265442
40541,33.950727555252215,980.8199999993848,2268.6375869594463
40542,33.950727555252215,980.8399999993848,2268.6518354030463
40543,33.950727555252215,980.8599999993847,2268.6660834573513
40544,33.950727555252215,980.8799999993847,2268.6803311223675
40545,33.950727555252215,980.8999999993847,2268.6945783981014
40546,33.950727555252215,980.9199999993847,2268.708825284559
40547,33.950727555252215,980.9399999993847,2268.723071781747
40548,33.950727555252215,980.9599999993846,2268.7373178896714
40549,33.950727555252215,980.9799999993846,2268.751563608339
40550,33.950727555252215,980.9999999993846,2268.765808937756
40551,33.950727555252215,981.0199999993846,2268.780053877929
40552,33.950727555252215,981.0399999993846,2268.794298428864
40553,33.950727555252215,981.0599999993846,2268.8085425905674
40554,33.950727555252215,981.0799999993845,2268.822786363046
40555,33.950727555252215,981.0999999993845,2268.8370297463057
40556,33.950727555252215,981.1199999993845,2268.8512727403536
40557,33.950727555252215,981.1399999993845,2268.8655153451955
40558,33.950727555252215,981.1599999993845,2268.879757560838
40559,33.950727555252215,981.1799999993844,2268.893999387287
40560,33.950727555252215,981.1999999993844,2268.908240824549
40561,33.950727555252215,981.2199999993844,2268.922481872631
40562,33.950727555252215,981.2399999993844,2268.936722531539
40563,33.950727555252215,981.2599999993844,2268.9509628012793
40564,33.950727555252215,981.2799999993844,2268.9652026818585
40565,33.950727555252215,981.2999999993843,2268.9794421732827
40566,33.950727555252215,981.3199999993843,2268.9936812755586
40567,33.950727555252215,981.3399999993843,2269.0079199886923
40568,33.950727555252215,981.3599999993843,2269.02215831269
40569,33.950727555252215,981.3799999993843,2269.0363962475585
40570,33.950727555252215,981.3999999993842,2269.050633793304
40571,33.950727555252215,981.4199999993842,2269.064870949933
40572,33.950727555252215,981.4399999993842,2269.0791077174513
40573,33.950727555252215,981.4599999993842,2269.0933440959234
40574,33.950727555252215,981.4799999993842,2269.107580085969
40575,33.950727555252215,981.4999999993842,2269.121815687691
40576,33.950727555252215,981.5199999993841,2269.136050901097
40577,33.950727555252215,981.5399999993841,2269.150285726192
40578,33.950727555252215,981.5599999993841,2269.1645201629835
40579,33.950727555252215,981.5799999993841,2269.178754211477
40580,33.950727555252215,981.5999999993841,2269.1929878716796
40581,33.950727555252215,981.619999999384,2269.207221143597
40582,33.950727555252215,981.639999999384,2269.221454027236
40583,33.950727555252215,981.659999999384,2269.235686522603
40584,33.950727555252215,981.679999999384,2269.249918629704
40585,33.950727555252215,981.699999999384,2269.264150348546
40586,33.950727555252215,981.719999999384,2269.278381679135
40587,33.950727555252215,981.7399999993839,2269.292612621477
40588,33.950727555252215,981.7599999993839,2269.306843175579
40589,33.950727555252215,981.7799999993839,2269.321073341447
40590,33.950727555252215,981.7999999993839,2269.3353031190877
40591,33.950727555252215,981.8199999993839,2269.3495325085073
40592,33.950727555252215,981.8399999993838,2269.3637615097123
40593,33.950727555252215,981.8599999993838,2269.377990122709
40594,33.950727555252215,981.8799999993838,2269.3922183475033
40595,33.950727555252215,981.8999999993838,2269.406446184102
40596,33.950727555252215,981.9199999993838,2269.420673632512
40597,33.950727555252215,981.9399999993838,2269.4349006927387
40598,33.950727555252215,981.9599999993837,2269.449127364789
40599,33.950727555252215,981.9799999993837,2269.4633536486695
40600,33.950727555252215,981.9999999993837,2269.477579544386
40601,33.950727555252215,982.0199999993837,2269.4918050519454
40602,33.950727555252215,982.0399999993837,2269.506030171354
40603,33.950727555252215,982.0599999993836,2269.5202549026176
40604,33.950727555252215,982.0799999993836,2269.534479245743
40605,33.950727555252215,982.0999999993836,2269.548703200737
40606,33.950727555252215,982.1199999993836,2269.562926767605
40607,33.950727555252215,982.1399999993836,2269.577149946354
40608,33.950727555252215,982.1599999993836,2269.5913727369903
40609,33.950727555252215,982.1799999993835,2269.60559513952
40610,33.950727555252215,982.1999999993835,2269.61981715395
40611,33.950727555252215,982.2199999993835,2269.634038780286
40612,33.950727555252215,982.2399999993835,2269.648260018535
40613,33.950727555252215,982.2599999993835,2269.6624808687034
40614,33.950727555252215,982.2799999993834,2269.676701330797
40615,33.950727555252215,982.2999999993834,2269.690921404823
40616,33.950727555252215,982.3199999993834,2269.7051410907866
40617,33.950727555252215,982.3399999993834,2269.719360388695
40618,33.950727555252215,982.3599999993834,2269.733579298554
40619,33.950727555252215,982.3799999993834,2269.7477978203706
40620,33.950727555252215,982.3999999993833,2269.762015954151
40621,33.950727555252215,982.4199999993833,2269.7762336999017
40622,33.950727555252215,982.4399999993833,2269.7904510576286
40623,33.950727555252215,982.4599999993833,2269.8046680273383
40624,33.950727555252215,982.4799999993833,2269.818884609117
40625,33.950727555252215,982.4999999993832,2269.833100803632
40626,33.950727555252215,982.5199999993832,2269.8473166109543
40627,33.950727555252215,982.5399999993832,2269.8615320310896
40628,33.950727555252215,982.5599999993832,2269.875747064045
40629,33.950727555252215,982.5799999993832,2269.8899617098264
40630,33.950727555252215,982.5999999993832,2269.9041759684405
40631,33.950727555252215,982.6199999993831,2269.9183898398937
40632,33.950727555252215,982.6399999993831,2269.9326033241923
40633,33.950727555252215,982.6599999993831,2269.9468164213426
40634,33.950727555252215,982.6799999993831,2269.961029131351
40635,33.950727555252215,982.6999999993831,2269.975241454224
40636,33.950727555252215,982.719999999383,2269.989453389968
40637,33.950727555252215,982.739999999383,2270.0036649386648
40638,33.950727555252215,982.759999999383,2270.0178761015013
40639,33.950727555252215,982.779999999383,2270.0320868789845
40640,33.950727555252215,982.799999999383,2270.046297271121
40641,33.950727555252215,982.819999999383,2270.060507277918
40642,33.950727555252215,982.8399999993829,2270.074716899381
40643,33.950727555252215,982.8599999993829,2270.088926135517
40644,33.950727555252215,982.8799999993829,2270.103134986332
40645,33.950727555252215,982.8999999993829,2270.1173434518328
40646,33.950727555252215,982.9199999993829,2270.1315515320257
40647,33.950727555252215,982.9399999993828,2270.145759226917
40648,33.950727555252215,982.9599999993828,2270.1599665365134
40649,33.950727555252215,982.9799999993828,2270.1741734608213
40650,33.950727555252215,982.9999999993828,2270.1883799998473
40651,33.950727555252215,983.0199999993828,2270.2025861535976
40652,33.950727555252215,983.0399999993828,2270.2167919220788
40653,33.950727555252215,983.0599999993827,2270.230997305297
40654,33.950727555252215,983.0799999993827,2270.245202303259
40655,33.950727555252215,983.0999999993827,2270.259406915971
40656,33.950727555252215,983.1199999993827,2270.2736111434397
40657,33.950727555252215,983.1399999993827,2270.287814985671
40658,33.950727555252215,983.1599999993826,2270.3020184426723
40659,33.950727555252215,983.1799999993826,2270.3162215144494
40660,33.950727555252215,983.1999999993826,2270.3304242010086
40661,33.950727555252215,983.2199999993826,2270.3446265023567
40662,33.950727555252215,983.2399999993826,2270.3588284185003
40663,33.950727555252215,983.2599999993826,2270.373029949445
40664,33.950727555252215,983.2799999993825,2270.387231095198
40665,33.950727555252215,983.2999999993825,2270.4014318557656
40666,33.950727555252215,983.3199999993825,2270.415632231154
40667,33.950727555252215,983.3399999993825,2270.4298322213704
40668,33.950727555252215,983.3599999993825,2270.44403182642
40669,33.950727555252215,983.3799999993824,2270.45823104631
40670,33.950727555252215,983.3999999993824,2270.472429881047
40671,33.950727555252215,983.4199999993824,2270.4866283306374
40672,33.950727555252215,983.4399999993824,2270.500826395087
40673,33.950727555252215,983.4599999993824,2270.515024074403
40674,33.950727555252215,983.4799999993824,2270.529221368591
40675,33.950727555252215,983.4999999993823,2270.543418277786
40676,33.950727555252215,983.5199999993823,2270.5576148026157
40677,33.950727555252215,983.5399999993823,2270.5718109431427
40678,33.950727555252215,983.5599999993823,2270.5860066993732
40679,33.950727555252215,983.5799999993823,2270.6002020713136
40680,33.950727555252215,983.5999999993822,2270.61439705897
40681,33.950727555252215,983.6199999993822,2270.628591662349
40682,33.950727555252215,983.6399999993822,2270.6427858814573
40683,33.950727555252215,983.6599999993822,2270.656979716301
40684,33.950727555252215,983.6799999993822,2270.671173166887
40685,33.950727555252215,983.6999999993822,2270.6853662332214
40686,33.950727555252215,983.7199999993821,2270.6995589153107
40687,33.950727555252215,983.7399999993821,2270.7137512131612
40688,33.950727555252215,983.7599999993821,2270.7279431267793
40689,33.950727555252215,983.7799999993821,2270.742134656172
40690,33.950727555252215,983.7999999993821,2270.756325801345
40691,33.950727555252215,983.819999999382,2270.7705165623056
40692,33.950727555252215,983.839999999382,2270.7847069390596
40693,33.950727555252215,983.859999999382,2270.7988969316134
40694,33.950727555252215,983.879999999382,2270.8130865399735
40695,33.950727555252215,983.899999999382,2270.8272757641466
40696,33.950727555252215,983.919999999382,2270.8414646041388
40697,33.950727555252215,983.9399999993819,2270.8556530599567
40698,33.950727555252215,983.9599999993819,2270.869841131607
40699,33.950727555252215,983.9799999993819,2270.8840288190954
40700,33.950727555252215,983.9999999993819,2270.898216122429
40701,33.950727555252215,984.0199999993819,2270.912403041614
40702,33.950727555252215,984.0399999993818,2270.926589576657
40703,33.950727555252215,984.0599999993818,2270.9407757275644
40704,33.950727555252215,984.0799999993818,2270.9549614943426
40705,33.950727555252215,984.0999999993818,2270.969146876998
40706,33.950727555252215,984.1199999993818,2270.983331875537
40707,33.950727555252215,984.1399999993818,2270.9975164899656
40708,33.950727555252215,984.1599999993817,2271.011700720291
40709,33.950727555252215,984.1799999993817,2271.0258845665194
40710,33.950727555252215,984.1999999993817,2271.040068028657
40711,33.950727555252215,984.2199999993817,2271.0542511067106
40712,33.950727555252215,984.2399999993817,2271.0684338006863
40713,33.950727555252215,984.2599999993816,2271.0826161105906
40714,33.950727555252215,984.2799999993816,2271.09679803643
40715,33.950727555252215,984.2999999993816,2271.110979578211
40716,33.950727555252215,984.3199999993816,2271.1251607359395
40717,33.950727555252215,984.3399999993816,2271.1393415096227
40718,33.950727555252215,984.3599999993816,2271.1535218992667
40719,33.950727555252215,984.3799999993815,2271.167701904878
40720,33.950727555252215,984.3999999993815,2271.181881526463
40721,33.950727555252215,984.4199999993815,2271.1960607640276
40722,33.950727555252215,984.4399999993815,2271.210239617579
40723,33.950727555252215,984.4599999993815,2271.2244180871235
40724,33.950727555252215,984.4799999993814,2271.2385961726673
40725,33.950727555252215,984.4999999993814,2271.252773874217
40726,33.950727555252215,984.5199999993814,2271.2669511919535
40727,33.950727555252215,984.5399999993814,2271.281128126468
40728,33.950727555252215,984.5599999993814,2271.295304677813
40729,33.950727555252215,984.5799999993814,2271.309480845994
40730,33.950727555252215,984.5999999993813,2271.3236566310184
40731,33.950727555252215,984.6199999993813,2271.337832032892
40732,33.950727555252215,984.6399999993813,2271.3520070516215
40733,33.950727555252215,984.6599999993813,2271.366181687213
40734,33.950727555252215,984.6799999993813,2271.380355939674
40735,33.950727555252215,984.6999999993812,2271.3945298090093
40736,33.950727555252215,984.7199999993812,2271.4087032952266
40737,33.950727555252215,984.7399999993812,2271.4228763983315
40738,33.950727555252215,984.7599999993812,2271.437049118331
40739,33.950727555252215,984.7799999993812,2271.451221455231
40740,33.950727555252215,984.7999999993812,2271.4653934090384
40741,33.950727555252215,984.8199999993811,2271.4795649797597
40742,33.950727555252215,984.8399999993811,2271.493736167401
40743,33.950727555252215,984.8599999993811,2271.507906971969
40744,33.950727555252215,984.8799999993811,2271.5220773934698
40745,33.950727555252215,984.8999999993811,2271.53624743191
40746,33.950727555252215,984.919999999381,2271.550417087296
40747,33.950727555252215,984.939999999381,2271.564586359634
40748,33.950727555252215,984.959999999381,2271.5787552489314
40749,33.950727555252215,984.979999999381,2271.5929237551936
40750,33.950727555252215,984.999999999381,2271.607091878427
40751,33.950727555252215,985.019999999381,2271.6212596186388
40752,33.950727555252215,985.0399999993809,2271.635426975835
40753,33.950727555252215,985.0599999993809,2271.649593950022
40754,33.950727555252215,985.0799999993809,2271.663760541206
40755,33.950727555252215,985.0999999993809,2271.677926749394
40756,33.950727555252215,985.1199999993809,2271.6920925745917
40757,33.950727555252215,985.1399999993808,2271.706258016806
40758,33.950727555252215,985.1599999993808,2271.720423076043
40759,33.950727555252215,985.1799999993808,2271.73458775231
40760,33.950727555252215,985.1999999993808,2271.748752045612
40761,33.950727555252215,985.2199999993808,2271.7629159559565
40762,33.950727555252215,985.2399999993808,2271.7770794833496
40763,33.950727555252215,985.2599999993807,2271.7912426277976
40764,33.950727555252215,985.2799999993807,2271.8054053893075
40765,33.950727555252215,985.2999999993807,2271.819567767885
40766,33.950727555252215,985.3199999993807,2271.8337297635367
40767,33.950727555252215,985.3399999993807,2271.847891376269
40768,33.950727555252215,985.3599999993806,2271.862052606089
40769,33.950727555252215,985.3799999993806,2271.8762134530025
40770,33.950727555252215,985.3999999993806,2271.890373917016
40771,33.950727555252215,985.4199999993806,2271.904533998136
40772,33.950727555252215,985.4399999993806,2271.9186936963683
40773,33.950727555252215,985.4599999993806,2271.93285301172
40774,33.950727555252215,985.4799999993805,2271.9470119441976
40775,33.950727555252215,985.4999999993805,2271.961170493807
40776,33.950727555252215,985.5199999993805,2271.975328660555
40777,33.950727555252215,985.5399999993805,2271.98948644468
40778,33.950727555252215,985.5599999993805,2272.003643846759
40779,33.950727555252215,985.5799999993804,2272.0178008668368
40780,33.950727555252215,985.5999999993804,2272.031957504919
40781,33.950727555252215,985.6199999993804,2272.0461137610123
40782,33.950727555252215,985.6399999993804,2272.0602696351234
40783,33.950727555252215,985.6599999993804,2272.0744251272586
40784,33.950727555252215,985.6799999993804,2272.088580237424
40785,33.950727555252215,985.6999999993803,2272.1027349656265
40786,33.90201285908938,985.7199999993803,2272.1168893118725
40787,33.90201285908938,985.7399999993803,2272.131043276168
40788,33.90201285908938,985.7599999993803,2272.1451968585197
40789,33.90201285908938,985.7799999993803,2272.159350058934
40790,33.90201285908938,985.7999999993802,2272.173502877417
40791,33.90201285908938,985.8199999993802,2272.1876553139755
40792,33.90201285908938,985.8399999993802,2272.201807368616
40793,33.90201285908938,985.8599999993802,2272.215959041345
40794,33.90201285908938,985.8799999993802,2272.2301103321684
40795,33.90201285908938,985.8999999993802,2272.2442612410928
40796,33.90201285908938,985.9199999993801,2272.258411768125
40797,33.90201285908938,985.9399999993801,2272.272561913271
40798,33.90201285908938,985.9599999993801,2272.286711676538
40799,33.90201285908938,985.9799999993801,2272.3008610579313
40800,33.90201285908938,985.9999999993801,2272.315010057458
40801,33.90201285908938,986.01999999938,2272.3291586751243
40802,33.90201285908938,986.03999999938,2272.3433069109365
40803,33.90201285908938,986.05999999938,2272.3574547649014
40804,33.90201285908938,986.07999999938,2272.371602237025
40805,33.90201285908938,986.09999999938,2272.385749327314
40806,33.90201285908938,986.11999999938,2272.3998960357744
40807,33.90201285908938,986.1399999993799,2272.414042362413
40808,33.90201285908938,986.1599999993799,2272.4281883072363
40809,33.90201285908938,986.1799999993799,2272.4423338702504
40810,33.90201285908938,986.1999999993799,2272.4564790514623
40811,33.90201285908938,986.2199999993799,2272.470623850878
40812,33.90201285908938,986.2399999993798,2272.4847682685036
40813,33.90201285908938,986.2599999993798,2272.498912304346
40814,33.90201285908938,986.2799999993798,2272.5130559584118
40815,33.90201285908938,986.2999999993798,2272.5271992307066
40816,33.90201285908938,986.3199999993798,2272.5413421212374
40817,33.90201285908938,986.3399999993798,2272.5554846300106
40818,33.90201285908938,986.3599999993797,2272.5696267570324
40819,33.90201285908938,986.3799999993797,2272.58376850231
40820,33.90201285908938,986.3999999993797,2272.5979098658486
40821,33.90201285908938,986.4199999993797,2272.612050847655
40822,33.90201285908938,986.4399999993797,2272.6261914477363
40823,33.90201285908938,986.4599999993796,2272.6403316660985
40824,33.90201285908938,986.4799999993796,2272.6544715027476
40825,33.90201285908938,986.4999999993796,2272.6686109576904
40826,33.90201285908938,986.5199999993796,2272.682750030933
40827,33.90201285908938,986.5399999993796,2272.6968887224825
40828,33.90201285908938,986.5599999993796,2272.7110270325984
40829,33.90201285908938,986.5799999993795,2272.725164961765
40830,33.90201285908938,986.5999999993795,2272.739302510014
40831,33.90201285908938,986.6199999993795,2272.753439677352
40832,33.90201285908938,986.6399999993795,2272.767576463785
40833,33.90201285908938,986.6599999993795,2272.78171286932
40834,33.90201285908938,986.6799999993794,2272.7958488939626
40835,33.90201285908938,986.6999999993794,2272.8099845377196
40836,33.90201285908938,986.7199999993794,2272.8241198005976
40837,33.90201285908938,986.7399999993794,2272.838254682603
40838,33.90201285908938,986.7599999993794,2272.8523891837417
40839,33.90201285908938,986.7799999993794,2272.8665233040206
40840,33.90201285908938,986.7999999993793,2272.8806570434463
40841,33.90201285908938,986.8199999993793,2272.8947904020247
40842,33.90201285908938,986.8399999993793,2272.9089233797627
40843,33.90201285908938,986.8599999993793,2272.923055976666
40844,33.90201285908938,986.8799999993793,2272.937188192742
40845,33.90201285908938,986.8999999993792,2272.951320027996
40846,33.90201285908938,986.9199999993792,2272.9654514824356
40847,33.90201285908938,986.9399999993792,2272.9795825560664
40848,33.90201285908938,986.9599999993792,2272.993713248895
40849,33.90201285908938,986.9799999993792,2273.007843560928
40850,33.90201285908938,986.9999999993792,2273.0219734921716
40851,33.90201285908938,987.0199999993791,2273.036103042632
40852,33.90201285908938,987.0399999993791,2273.050232212316
40853,33.90201285908938,987.0599999993791,2273.0643610012303
40854,33.90201285908938,987.0799999993791,2273.078489409381
40855,33.90201285908938,987.0999999993791,2273.0926174367737
40856,33.90201285908938,987.119999999379,2273.1067450834157
40857,33.90201285908938,987.139999999379,2273.1208723493137
40858,33.90201285908938,987.159999999379,2273.1349992344735
40859,33.90201285908938,987.179999999379,2273.1491257389016
40860,33.90201285908938,987.199999999379,2273.1632518626043
40861,33.90201285908938,987.219999999379,2273.1773776055884
40862,33.90201285908938,987.2399999993789,2273.1915029678603
40863,33.90201285908938,987.2599999993789,2273.205627949426
40864,33.90201285908938,987.2799999993789,2273.219752550292
40865,33.90201285908938,987.2999999993789,2273.233876770465
40866,33.90201285908938,987.3199999993789,2273.2480006099513
40867,33.90201285908938,987.3399999993788,2273.262124068757
40868,33.90201285908938,987.3599999993788,2273.276247146889
40869,33.90201285908938,987.3799999993788,2273.2903698443533
40870,33.90201285908938,987.3999999993788,2273.3044921611568
40871,33.90201285908938,987.4199999993788,2273.3186140973053
40872,33.90201285908938,987.4399999993788,2273.3327356528057
40873,33.90201285908938,987.4599999993787,2273.346856827664
40874,33.90201285908938,987.4799999993787,2273.360977621887
40875,33.90201285908938,987.4999999993787,2273.3750980354807
40876,33.90201285908938,987.5199999993787,2273.3892180684516
40877,33.90201285908938,987.5399999993787,2273.403337720806
40878,33.90201285908938,987.5599999993786,2273.417456992551
40879,33.90201285908938,987.5799999993786,2273.4315758840053
40880,33.90201285908938,987.5999999993786,2273.44569439564
40881,33.90201285908938,987.6199999993786,2273.4598125274792
40882,33.90201285908938,987.6399999993786,2273.4739302795283
40883,33.90201285908938,987.6599999993786,2273.488047651794
40884,33.90201285908938,987.6799999993785,2273.5021646442833
40885,33.90201285908938,987.6999999993785,2273.516281257002
40886,33.90201285908938,987.7199999993785,2273.5303974899566
40887,33.90201285908938,987.7399999993785,2273.5445133431535
40888,33.90201285908938,987.7599999993785,2273.558628816599
40889,33.90201285908938,987.7799999993784,2273.5727439103002
40890,33.90201285908938,987.7999999993784,2273.5868586242627
40891,33.90201285908938,987.8199999993784,2273.6009729584935
40892,33.90201285908938,987.8399999993784,2273.6150869129983
40893,33.90201285908938,987.8599999993784,2273.629200487784
40894,33.90201285908938,987.8799999993784,2273.6433136828573
40895,33.90201285908938,987.8999999993783,2273.6574264982237
40896,33.90201285908938,987.9199999993783,2273.67153893389
40897,33.90201285908938,987.9399999993783,2273.685650989863
40898,33.90201285908938,987.9599999993783,2273.6997626661487
40899,33.90201285908938,987.9799999993783,2273.713873962754
40900,33.90201285908938,987.9999999993782,2273.7279848796848
40901,33.90201285908938,988.0199999993782,2273.7420954169474
40902,33.90201285908938,988.0399999993782,2273.756205574549
40903,33.90201285908938,988.0599999993782,2273.770315352495
40904,33.90201285908938,988.0799999993782,2273.7844247507924
40905,33.90201285908938,988.0999999993782,2273.7985337694477
40906,33.90201285908938,988.1199999993781,2273.8126424084667
40907,33.90201285908938,988.1399999993781,2273.8267506678562
40908,33.90201285908938,988.1599999993781,2273.8408585476227
40909,33.90201285908938,988.1799999993781,2273.8549660477725
40910,33.90201285908938,988.1999999993781,2273.869073168312
40911,33.90201285908938,988.219999999378,2273.8831799092472
40912,33.90201285908938,988.239999999378,2273.8972862705855
40913,33.90201285908938,988.259999999378,2273.9113922523325
40914,33.90201285908938,988.279999999378,2273.9254978544946
40915,33.90201285908938,988.299999999378,2273.9396030770786
40916,33.90201285908938,988.319999999378,2273.9537079200904
40917,33.90201285908938,988.3399999993779,2273.967812383537
40918,33.90201285908938,988.3599999993779,2273.9819164674245
40919,33.90201285908938,988.3799999993779,2273.996020171759
40920,33.90201285908938,988.3999999993779,2274.0101234965473
40921,33.90201285908938,988.4199999993779,2274.0242264417957
40922,33.90201285908938,988.4399999993778,2274.0383290075106
40923,33.90201285908938,988.4599999993778,2274.0524311936983
40924,33.90201285908938,988.4799999993778,2274.0665330003653
40925,33.90201285908938,988.4999999993778,2274.0806344275184
40926,33.90201285908938,988.5199999993778,2274.0947354751634
40927,33.90201285908938,988.5399999993778,2274.1088361433067
40928,33.90201285908938,988.5599999993777,2274.122936431955
40929,33.90201285908938,988.5799999993777,2274.1370363411147
40930,33.90201285908938,988.5999999993777,2274.151135871152
40931,33.90201285908938,988.6199999993777,2274.1652350225
40932,33.90201285908938,988.6399999993777,2274.179333795173
40933,33.90201285908938,988.6599999993776,2274.1934321891777
40934,33.90201285908938,988.6799999993776,2274.2075302045196
40935,33.90201285908938,988.6999999993776,2274.2216278412056
40936,33.90201285908938,988.7199999993776,2274.2357250992422
40937,33.90201285908938,988.7399999993776,2274.2498219786357
40938,33.90201285908938,988.7599999993776,2274.2639184793925
40939,33.90201285908938,988.7799999993775,2274.2780146015193
40940,33.90201285908938,988.7999999993775,2274.292110345022
40941,33.90201285908938,988.8199999993775,2274.3062057099073
40942,33.90201285908938,988.8399999993775,2274.3203006961817
40943,33.90201285908938,988.8599999993775,2274.334395303851
40944,33.90201285908938,988.8799999993774,2274.3484895329225
40945,33.90201285908938,988.8999999993774,2274.3625833834017
40946,33.90201285908938,988.9199999993774,2274.3766768552955
40947,33.90201285908938,988.9399999993774,2274.3907699486103
40948,33.90201285908938,988.9599999993774,2274.404862663352
40949,33.90201285908938,988.9799999993774,2274.4189549995276
40950,33.90201285908938,988.9999999993773,2274.4330469571432
40951,33.90201285908938,989.0199999993773,2274.4471385362053
40952,33.90201285908938,989.0399999993773,2274.4612297367207
40953,33.90201285908938,989.0599999993773,2274.4753205586953
40954,33.90201285908938,989.0799999993773,2274.4894110021355
40955,33.90201285908938,989.0999999993772,2274.5035010670476
40956,33.90201285908938,989.1199999993772,2274.5175907534385
40957,33.90201285908938,989.1399999993772,2274.531680061314
40958,33.90201285908938,989.1599999993772,2274.545768990681
40959,33.90201285908938,989.1799999993772,2274.5598575415456
40960,33.90201285908938,989.1999999993772,2274.5739457139143
40961,33.90201285908938,989.2199999993771,2274.588033507793
40962,33.90201285908938,989.2399999993771,2274.602120923189
40963,33.90201285908938,989.2599999993771,2274.616207960108
40964,33.90201285908938,989.2799999993771,2274.630294618557
40965,33.90201285908938,989.2999999993771,2274.644380898542
40966,33.90201285908938,989.319999999377,2274.658466800069
40967,33.90201285908938,989.339999999377,2274.6725523231453
40968,33.90201285908938,989.359999999377,2274.6866374677766
40969,33.90201285908938,989.379999999377,2274.7007222339694
40970,33.90201285908938,989.399999999377,2274.71480662173
40971,33.90201285908938,989.419999999377,2274.7288906310655
40972,33.90201285908938,989.4399999993769,2274.7429742619815
40973,33.90201285908938,989.4599999993769,2274.7570575144846
40974,33.90201285908938,989.4799999993769,2274.7711403885814
40975,33.90201285908938,989.4999999993769,2274.785222884278
40976,33.90201285908938,989.5199999993769,2274.799305001581
40977,33.90201285908938,989.5399999993768,2274.8133867404968
40978,33.90201285908938,989.5599999993768,2274.8274681010316
40979,33.90201285908938,989.5799999993768,2274.841549083192
40980,33.90201285908938,989.5999999993768,2274.8556296869865
40981,33.90201285908938,989.6199999993768,2274.869709912833
40982,33.90201285908938,989.6399999993768,2274.883789761133
40983,33.90201285908938,989.6599999993767,2274.897869231893
40984,33.90201285908938,989.6799999993767,2274.911948325119
40985,33.90201285908938,989.6999999993767,2274.9260270408176
40986,33.90201285908938,989.7199999993767,2274.940105378995
40987,33.90201285908938,989.7399999993767,2274.954183339658
40988,33.90201285908938,989.7599999993766,2274.968260922812
40989,33.90201285908938,989.7799999993766,2274.9823381284646
40990,33.90201285908938,989.7999999993766,2274.9964149566213
40991,33.90201285908938,989.8199999993766,2275.0104914072886
40992,33.90201285908938,989.8399999993766,2275.024567480473
40993,33.90201285908938,989.8599999993766,2275.03864317618
40994,33.90201285908938,989.8799999993765,2275.0527184944167
40995,33.90201285908938,989.8999999993765,2275.0667934351895
40996,33.90201285908938,989.9199999993765,2275.080867998505
40997,33.90201285908938,989.9399999993765,2275.0949421843684
40998,33.90201285908938,989.9599999993765,2275.109015992787
40999,33.90201285908938,989.9799999993764,2275.123089423767
41000,33.90201285908938,989.9999999993764,2275.1371624773146
41001,33.90201285908938,990.0199999993764,2275.151235153436
41002,33.90201285908938,990.0399999993764,2275.165307452138
41003,33.90201285908938,990.0599999993764,2275.179379373427
41004,33.90201285908938,990.0799999993764,2275.1934509173084
41005,33.90201285908938,990.0999999993763,2275.207522083789
41006,33.90201285908938,990.1199999993763,2275.2215928728756
41007,33.90201285908938,990.1399999993763,2275.235663284574
41008,33.90201285908938,990.1599999993763,2275.249733318891
41009,33.90201285908938,990.1799999993763,2275.2638029758323
41010,33.90201285908938,990.1999999993762,2275.277872255405
41011,33.90201285908938,990.2199999993762,2275.291941157615
41012,33.90201285908938,990.2399999993762,2275.3060096824684
41013,33.90201285908938,990.2599999993762,2275.320077829972
41014,33.90201285908938,990.2799999993762,2275.3341456001317
41015,33.90201285908938,990.2999999993762,2275.3482129929544
41016,33.90201285908938,990.3199999993761,2275.362280008446
41017,33.90201285908938,990.3399999993761,2275.3763466466125
41018,33.90201285908938,990.3599999993761,2275.3904129074613
41019,33.90201285908938,990.3799999993761,2275.404478790998
41020,33.90201285908938,990.3999999993761,2275.418544297229
41021,33.90201285908938,990.419999999376,2275.4326094261605
41022,33.90201285908938,990.439999999376,2275.446674177799
41023,33.90201285908938,990.459999999376,2275.460738552151
41024,33.90201285908938,990.479999999376,2275.474802549222
41025,33.90201285908938,990.499999999376,2275.4888661690197
41026,33.90201285908938,990.519999999376,2275.5029294115493
41027,33.90201285908938,990.5399999993759,2275.5169922768177
41028,33.90201285908938,990.5599999993759,2275.531054764831
41029,33.90201285908938,990.5799999993759,2275.545116875596
41030,33.85341454990852,990.5999999993759,2275.559178609118
41031,33.85341454990852,990.6199999993759,2275.5732399654157
41032,33.85341454990852,990.6399999993758,2275.5873009449406
41033,33.85341454990852,990.6599999993758,2275.601361548043
41034,33.85341454990852,990.6799999993758,2275.6154217747285
41035,33.85341454990852,990.6999999993758,2275.6294816250042
41036,33.85341454990852,990.7199999993758,2275.6435410988765
41037,33.85341454990852,990.7399999993758,2275.657600196352
41038,33.85341454990852,990.7599999993757,2275.671658917437
41039,33.85341454990852,990.7799999993757,2275.685717262138
41040,33.85341454990852,990.7999999993757,2275.699775230461
41041,33.85341454990852,990.8199999993757,2275.7138328224128
41042,33.85341454990852,990.8399999993757,2275.7278900379997
41043,33.85341454990852,990.8599999993756,2275.7419468772287
41044,33.85341454990852,990.8799999993756,2275.7560033401055
41045,33.85341454990852,990.8999999993756,2275.7700594266366
41046,33.85341454990852,990.9199999993756,2275.784115136829
41047,33.85341454990852,990.9399999993756,2275.7981704706885
41048,33.85341454990852,990.9599999993756,2275.812225428222
41049,33.85341454990852,990.9799999993755,2275.826280009436
41050,33.85341454990852,990.9999999993755,2275.8403342143365
41051,33.85341454990852,991.0199999993755,2275.85438804293
41052,33.85341454990852,991.0399999993755,2275.8684414952236
41053,33.85341454990852,991.0599999993755,2275.882494571223
41054,33.85341454990852,991.0799999993754,2275.896547270935
41055,33.85341454990852,991.0999999993754,2275.910599594366
41056,33.85341454990852,991.1199999993754,2275.924651541522
41057,33.85341454990852,991.1399999993754,2275.93870311241
41058,33.85341454990852,991.1599999993754,2275.9527543070367
41059,33.85341454990852,991.1799999993754,2275.9668051254075
41060,33.85341454990852,991.1999999993753,2275.9808555675295
41061,33.85341454990852,991.2199999993753,2275.994905633409
41062,33.85341454990852,991.2399999993753,2276.0089553230528
41063,33.85341454990852,991.2599999993753,2276.023004636467
41064,33.85341454990852,991.2799999993753,2276.037053573658
41065,33.85341454990852,991.2999999993752,2276.051102134632
41066,33.85341454990852,991.3199999993752,2276.065150319396
41067,33.85341454990852,991.3399999993752,2276.079198127956
41068,33.85341454990852,991.3599999993752,2276.093245560319
41069,33.85341454990852,991.3799999993752,2276.1072926164907
41070,33.85341454990852,991.3999999993752,2276.121339296478
41071,33.85341454990852,991.4199999993751,2276.135385600287
41072,33.85341454990852,991.4399999993751,2276.1494315279247
41073,33.85341454990852,991.4599999993751,2276.163477079397
41074,33.85341454990852,991.4799999993751,2276.1775222547108
41075,33.85341454990852,991.4999999993751,2276.191567053872
41076,33.85341454990852,991.519999999375,2276.2056114768875
41077,33.85341454990852,991.539999999375,2276.2196555237633
41078,33.85341454990852,991.559999999375,2276.2336991945062
41079,33.85341454990852,991.579999999375,2276.2477424891226
41080,33.85341454990852,991.599999999375,2276.261785407619
41081,33.85341454990852,991.619999999375,2276.2758279500013
41082,33.85341454990852,991.6399999993749,2276.289870116296
41083,33.85341454990852,991.6599999993749,2276.303911906967
41084,33.85341454990852,991.6799999993749,2276.317953322303
41085,33.85341454990852,991.6999999993749,2276.331994362309
41086,33.85341454990852,991.7199999993749,2276.3460350269925
41087,33.85341454990852,991.7399999993748,2276.360075316359
41088,33.85341454990852,991.7599999993748,2276.374115230415
41089,33.85341454990852,991.7799999993748,2276.388154769167
41090,33.85341454990852,991.7999999993748,2276.4021939326217
41091,33.85341454990852,991.8199999993748,2276.416232720785
41092,33.85341454990852,991.8399999993748,2276.4302711336636
41093,33.85341454990852,991.8599999993747,2276.4443091712637
41094,33.85341454990852,991.8799999993747,2276.458346833592
41095,33.85341454990852,991.8999999993747,2276.472384120654
41096,33.85341454990852,991.9199999993747,2276.486421032457
41097,33.85341454990852,991.9399999993747,2276.5004575690077
41098,33.85341454990852,991.9599999993746,2276.5144937303116
41099,33.85341454990852,991.9799999993746,2276.5285295163753
41100,33.85341454990852,991.9999999993746,2276.542564927205
41101,33.85341454990852,992.0199999993746,2276.556599962808
41102,33.85341454990852,992.0399999993746,2276.5706346231896
41103,33.85341454990852,992.0599999993746,2276.5846689083564
41104,33.85341454990852,992.0799999993745,2276.5987028183154
41105,33.85341454990852,992.0999999993745,2276.6127363530723
41106,33.85341454990852,992.1199999993745,2276.6267695126335
41107,33.85341454990852,992.1399999993745,2276.640802297006
41108,33.85341454990852,992.1599999993745,2276.6548347061953
41109,33.85341454990852,992.1799999993744,2276.6688667402086
41110,33.85341454990852,992.1999999993744,2276.6828983990517
41111,33.85341454990852,992.2199999993744,2276.6969296827315
41112,33.85341454990852,992.2399999993744,2276.7109605912538
41113,33.85341454990852,992.2599999993744,2276.7249911246254
41114,33.85341454990852,992.2799999993744,2276.7390212828527
41115,33.85341454990852,992.2999999993743,2276.7530510659417
41116,33.85341454990852,992.3199999993743,2276.767080473899
41117,33.85341454990852,992.3399999993743,2276.7811095067314
41118,33.85341454990852,992.3599999993743,2276.7951381644443
41119,33.85341454990852,992.3799999993743,2276.809166447045
41120,33.85341454990852,992.3999999993742,2276.8231943545393
41121,33.85341454990852,992.4199999993742,2276.8372218869335
41122,33.85341454990852,992.4399999993742,2276.8512490442345
41123,33.85341454990852,992.4599999993742,2276.8652758264484
41124,33.85341454990852,992.4799999993742,2276.8793022335817
41125,33.85341454990852,992.4999999993742,2276.893328265641
41126,33.85341454990852,992.5199999993741,2276.9073539226315
41127,33.85341454990852,992.5399999993741,2276.9213792045607
41128,33.85341454990852,992.5599999993741,2276.9354041114348
41129,33.85341454990852,992.5799999993741,2276.94942864326
41130,33.85341454990852,992.5999999993741,2276.963452800043
41131,33.85341454990852,992.619999999374,2276.9774765817897
41132,33.85341454990852,992.639999999374,2276.991499988507
41133,33.85341454990852,992.659999999374,2277.00552302023
41134,33.85341454990852,992.679999999374,2277.019545677477
41135,33.85341454990852,992.699999999374,2277.033567960497
41136,33.85341454990852,992.719999999374,2277.047589869297
41137,33.85341454990852,992.7399999993739,2277.0616114038835
41138,33.85341454990852,992.7599999993739,2277.075632564263
41139,33.85341454990852,992.7799999993739,2277.089653350441
41140,33.85341454990852,992.7999999993739,2277.103673762425
41141,33.85341454990852,992.8199999993739,2277.117693800221
41142,33.85341454990852,992.8399999993738,2277.131713463835
41143,33.85341454990852,992.8599999993738,2277.1457327532735
41144,33.85341454990852,992.8799999993738,2277.1597516685433
41145,33.85341454990852,992.8999999993738,2277.1737702096502
41146,33.85341454990852,992.9199999993738,2277.187788376601
41147,33.85341454990852,992.9399999993738,2277.201806169402
41148,33.85341454990852,992.9599999993737,2277.2158235880593
41149,33.85341454990852,992.9799999993737,2277.2298406325795
41150,33.85341454990852,992.9999999993737,2277.243857302969
41151,33.85341454990852,993.0199999993737,2277.2578735992342
41152,33.85341454990852,993.0399999993737,2277.271889521381
41153,33.85341454990852,993.0599999993736,2277.2859050694165
41154,33.85341454990852,993.0799999993736,2277.2999202433466
41155,33.85341454990852,993.0999999993736,2277.313935043178
41156,33.85341454990852,993.1199999993736,2277.327949468917
41157,33.85341454990852,993.1399999993736,2277.3419635205696
41158,33.85341454990852,993.1599999993736,2277.355977198142
41159,33.85341454990852,993.1799999993735,2277.3699905016415
41160,33.85341454990852,993.1999999993735,2277.384003431074
41161,33.85341454990852,993.2199999993735,2277.3980159864454
41162,33.85341454990852,993.2399999993735,2277.412028167763
41163,33.85341454990852,993.2599999993735,2277.4260399750324
41164,33.85341454990852,993.2799999993734,2277.4400514082604
41165,33.85341454990852,993.2999999993734,2277.4540624674532
41166,33.85341454990852,993.3199999993734,2277.468073152617
41167,33.85341454990852,993.3399999993734,2277.482083463758
41168,33.85341454990852,993.3599999993734,2277.496093400883
41169,33.85341454990852,993.3799999993734,2277.5101029639986
41170,33.85341454990852,993.3999999993733,2277.5241121531108
41171,33.85341454990852,993.4199999993733,2277.538120968226
41172,33.85341454990852,993.4399999993733,2277.5521294093505
41173,33.85341454990852,993.4599999993733,2277.566137476491
41174,33.85341454990852,993.4799999993733,2277.5801451696534
41175,33.85341454990852,993.4999999993732,2277.5941524888444
41176,33.85341454990852,993.5199999993732,2277.60815943407
41177,33.85341454990852,993.5399999993732,2277.6221660053366
41178,33.85341454990852,993.5599999993732,2277.636172202651
41179,33.85341454990852,993.5799999993732,2277.650178026019
41180,33.85341454990852,993.5999999993732,2277.6641834754478
41181,33.85341454990852,993.6199999993731,2277.678188550943
41182,33.85341454990852,993.6399999993731,2277.6921932525115
41183,33.85341454990852,993.6599999993731,2277.7061975801594
41184,33.85341454990852,993.6799999993731,2277.7202015339317
41185,33.85341454990852,993.6999999993731,2277.7342051143823
41186,33.85341454990852,993.719999999373,2277.7482083217155
41187,33.85341454990852,993.739999999373,2277.762211155938
41188,33.85341454990852,993.759999999373,2277.776213617056
41189,33.85341454990852,993.779999999373,2277.7902157050753
41190,33.85341454990852,993.799999999373,2277.8042174200027
41191,33.85341454990852,993.819999999373,2277.818218761845
41192,33.85341454990852,993.8399999993729,2277.832219730608
41193,33.85341454990852,993.8599999993729,2277.846220326298
41194,33.85341454990852,993.8799999993729,2277.8602205489215
41195,33.85341454990852,993.8999999993729,2277.8742203984852
41196,33.85341454990852,993.9199999993729,2277.8882198749952
41197,33.85341454990852,993.9399999993728,2277.9022189784578
41198,33.85341454990852,993.9599999993728,2277.9162177088792
41199,33.85341454990852,993.9799999993728,2277.930216066266
41200,33.85341454990852,993.9999999993728,2277.944214050625
41201,33.85341454990852,994.0199999993728,2277.9582116619617
41202,33.85341454990852,994.0399999993728,2277.972208900283
41203,33.85341454990852,994.0599999993727,2277.986205765595
41204,33.85341454990852,994.0799999993727,2278.000202257904
41205,33.85341454990852,994.0999999993727,2278.0141983772173
41206,33.85341454990852,994.1199999993727,2278.0281941235403
41207,33.85341454990852,994.1399999993727,2278.0421894968795
41208,33.85341454990852,994.1599999993726,2278.0561844972412
41209,33.85341454990852,994.1799999993726,2278.070179124632
41210,33.85341454990852,994.1999999993726,2278.084173379058
41211,33.85341454990852,994.2199999993726,2278.0981672605258
41212,33.85341454990852,994.2399999993726,2278.112160769042
41213,33.85341454990852,994.2599999993726,2278.1261539046127
41214,33.85341454990852,994.2799999993725,2278.140146667244
41215,33.85341454990852,994.2999999993725,2278.1541390569428
41216,33.85341454990852,994.3199999993725,2278.168131073715
41217,33.85341454990852,994.3399999993725,2278.182122717567
41218,33.85341454990852,994.3599999993725,2278.196113988505
41219,33.85341454990852,994.3799999993724,2278.210104886536
41220,33.85341454990852,994.3999999993724,2278.224095411666
41221,33.85341454990852,994.4199999993724,2278.238085563901
41222,33.85341454990852,994.4399999993724,2278.252075343248
41223,33.85341454990852,994.4599999993724,2278.266064749713
41224,33.85341454990852,994.4799999993724,2278.2800537833027
41225,33.85341454990852,994.4999999993723,2278.294042444023
41226,33.85341454990852,994.5199999993723,2278.3080307318805
41227,33.85341454990852,994.5399999993723,2278.322018646881
41228,33.85341454990852,994.5599999993723,2278.3360061890317
41229,33.85341454990852,994.5799999993723,2278.3499933583385
41230,33.85341454990852,994.5999999993722,2278.363980154808
41231,33.85341454990852,994.6199999993722,2278.3779665784464
41232,33.85341454990852,994.6399999993722,2278.3919526292602
41233,33.85341454990852,994.6599999993722,2278.4059383072554
41234,33.85341454990852,994.6799999993722,2278.4199236124387
41235,33.85341454990852,994.6999999993722,2278.4339085448664
41236,33.85341454990852,994.7199999993721,2278.4478931051576
41237,33.85341454990852,994.7399999993721,2278.4618772934773
41238,33.85341454990852,994.7599999993721,2278.4758611098314
41239,33.85341454990852,994.7799999993721,2278.4898445542267
41240,33.85341454990852,994.7999999993721,2278.503827626669
41241,33.85341454990852,994.819999999372,2278.5178103271655
41242,33.85341454990852,994.839999999372,2278.531792655722
41243,33.85341454990852,994.859999999372,2278.5457746123448
41244,33.85341454990852,994.879999999372,2278.5597561970403
41245,33.85341454990852,994.899999999372,2278.5737374098153
41246,33.85341454990852,994.919999999372,2278.5877182506756
41247,33.85341454990852,994.9399999993719,2278.601698719628
41248,33.85341454990852,994.9599999993719,2278.6156788166786
41249,33.85341454990852,994.9799999993719,2278.6296585418336
41250,33.85341454990852,994.9999999993719,2278.6436378951
41251,33.85341454990852,995.0199999993719,2278.657616876483
41252,33.85341454990852,995.0399999993718,2278.67159548599
41253,33.85341454990852,995.0599999993718,2278.6855737236274
41254,33.85341454990852,995.0799999993718,2278.699551589401
41255,33.85341454990852,995.0999999993718,2278.713529083317
41256,33.85341454990852,995.1199999993718,2278.7275062053823
41257,33.85341454990852,995.1399999993718,2278.7414829556033
41258,33.85341454990852,995.1599999993717,2278.755459333986
41259,33.85341454990852,995.1799999993717,2278.769435340537
41260,33.85341454990852,995.1999999993717,2278.783410975262
41261,33.85341454990852,995.2199999993717,2278.797386238168
41262,33.85341454990852,995.2399999993717,2278.8113611292615
41263,33.85341454990852,995.2599999993716,2278.8253356485484
41264,33.85341454990852,995.2799999993716,2278.839309796035
41265,33.85341454990852,995.2999999993716,2278.8532835717283
41266,33.85341454990852,995.3199999993716,2278.867256975634
41267,33.85341454990852,995.3399999993716,2278.881230007759
41268,33.85341454990852,995.3599999993716,2278.895202668109
41269,33.85341454990852,995.3799999993715,2278.909174956691
41270,33.85341454990852,995.3999999993715,2278.9231468735106
41271,33.85341454990852,995.4199999993715,2278.9371184185748
41272,33.85341454990852,995.4399999993715,2278.9510895918897
41273,33.85341454990852,995.4599999993715,2278.965060393462
41274,33.85341454990852,995.4799999993714,2278.9790308232973
41275,33.804932238788076,995.4999999993714,2278.9930008814026
41276,33.804932238788076,995.5199999993714,2279.006970567784
41277,33.804932238788076,995.5399999993714,2279.0209398824477
41278,33.804932238788076,995.5599999993714,2279.0349088254
41279,33.804932238788076,995.5799999993714,2279.048877396648
41280,33.804932238788076,995.5999999993713,2279.0628455961973
41281,33.804932238788076,995.6199999993713,2279.0768134240548
41282,33.804932238788076,995.6399999993713,2279.0907808802262
41283,33.804932238788076,995.6599999993713,2279.104747964718
41284,33.804932238788076,995.6799999993713,2279.1187146775374
41285,33.804932238788076,995.6999999993712,2279.1326810186897
41286,33.804932238788076,995.7199999993712,2279.1466469882357
41287,33.804932238788076,995.7399999993712,2279.1606125867693
41288,33.804932238788076,995.7599999993712,2279.174577814396
41289,33.804932238788076,995.7799999993712,2279.1885426711224
41290,33.804932238788076,995.7999999993712,2279.2025071569547
41291,33.804932238788076,995.8199999993711,2279.216471271899
41292,33.804932238788076,995.8399999993711,2279.2304350159625
41293,33.804932238788076,995.8599999993711,2279.244398389151
41294,33.804932238788076,995.8799999993711,2279.2583613914703
41295,33.804932238788076,995.8999999993711,2279.2723240229275
41296,33.804932238788076,995.919999999371,2279.2862862835286
41297,33.804932238788076,995.939999999371,2279.3002481732806
41298,33.804932238788076,995.959999999371,2279.3142096921893
41299,33.804932238788076,995.979999999371,2279.328170840261
41300,33.804932238788076,995.999999999371,2279.342131617502
41301,33.804932238788076,996.019999999371,2279.3560920239192
41302,33.804932238788076,996.0399999993709,2279.3700520595185
41303,33.804932238788076,996.0599999993709,2279.384011724306
41304,33.804932238788076,996.0799999993709,2279.397971018289
41305,33.804932238788076,996.0999999993709,2279.4119299414724
41306,33.804932238788076,996.1199999993709,2279.4258884938636
41307,33.804932238788076,996.1399999993708,2279.4398466754687
41308,33.804932238788076,996.1599999993708,2279.4538044862943
41309,33.804932238788076,996.1799999993708,2279.467761926346
41310,33.804932238788076,996.1999999993708,2279.481718995631
41311,33.804932238788076,996.2199999993708,2279.495675694155
41312,33.804932238788076,996.2399999993708,2279.509632021925
41313,33.804932238788076,996.2599999993707,2279.523587978947
41314,33.804932238788076,996.2799999993707,2279.537543565227
41315,33.804932238788076,996.2999999993707,2279.551498780772
41316,33.804932238788076,996.3199999993707,2279.565453625588
41317,33.804932238788076,996.3399999993707,2279.579408099681
41318,33.804932238788076,996.3599999993706,2279.593362203058
41319,33.804932238788076,996.3799999993706,2279.607315935725
41320,33.804932238788076,996.3999999993706,2279.6212692976887
41321,33.804932238788076,996.4199999993706,2279.635222288955
41322,33.804932238788076,996.4399999993706,2279.6491749095303
41323,33.804932238788076,996.4599999993706,2279.663127159421
41324,33.804932238788076,996.4799999993705,2279.6770790386336
41325,33.804932238788076,996.4999999993705,2279.6910305471743
41326,33.804932238788076,996.5199999993705,2279.7049816850495
41327,33.804932238788076,996.5399999993705,2279.7189324522656
41328,33.804932238788076,996.5599999993705,2279.7328828488285
41329,33.804932238788076,996.5799999993704,2279.746832874745
41330,33.804932238788076,996.5999999993704,2279.7607825300215
41331,33.804932238788076,996.6199999993704,2279.774731814664
41332,33.804932238788076,996.6399999993704,2279.788680728679
41333,33.804932238788076,996.6599999993704,2279.802629272073
41334,33.804932238788076,996.6799999993704,2279.816577444852
41335,33.804932238788076,996.6999999993703,2279.8305252470227
41336,33.804932238788076,996.7199999993703,2279.8444726785915
41337,33.804932238788076,996.7399999993703,2279.858419739635
41338,33.804932238788076,996.7599999993703,2279.8723664308
41339,33.804932238788076,996.7799999993703,2279.886312752156
41340,33.804932238788076,996.7999999993702,2279.900258703709
41341,33.804932238788076,996.8199999993702,2279.9142042854655
41342,33.804932238788076,996.8399999993702,2279.9281494974325
41343,33.804932238788076,996.8599999993702,2279.942094339616
41344,33.804932238788076,996.8799999993702,2279.9560388120217
41345,33.804932238788076,996.8999999993702,2279.9699829146566
41346,33.804932238788076,996.9199999993701,2279.983926647527
41347,33.804932238788076,996.9399999993701,2279.997870010639
41348,33.804932238788076,996.9599999993701,2280.011813004654
41349,33.804932238788076,996.9799999993701,2280.0257556306356
41350,33.804932238788076,996.9999999993701,2280.039697888635
41351,33.804932238788076,997.01999999937,2280.0536397786595
41352,33.804932238788076,997.03999999937,2280.0675813007147
41353,33.804932238788076,997.05999999937,2280.081522454807
41354,33.804932238788076,997.07999999937,2280.095463240943
41355,33.804932238788076,997.09999999937,2280.1094036591294
41356,33.804932238788076,997.11999999937,2280.123343709372
41357,33.804932238788076,997.1399999993699,2280.1372833916776
41358,33.804932238788076,997.1599999993699,2280.1512227060525
41359,33.804932238788076,997.1799999993699,2280.1651616525037
41360,33.804932238788076,997.1999999993699,2280.179100231037
41361,33.804932238788076,997.2199999993699,2280.1930384416587
41362,33.804932238788076,997.2399999993698,2280.2069762843757
41363,33.804932238788076,997.2599999993698,2280.220913759194
41364,33.804932238788076,997.2799999993698,2280.2348508661203
41365,33.804932238788076,997.2999999993698,2280.248787605161
41366,33.804932238788076,997.3199999993698,2280.262723976322
41367,33.804932238788076,997.3399999993698,2280.27665997961
41368,33.804932238788076,997.3599999993697,2280.290595615032
41369,33.804932238788076,997.3799999993697,2280.304530882594
41370,33.804932238788076,997.3999999993697,2280.318465782302
41371,33.804932238788076,997.4199999993697,2280.3324003141634
41372,33.804932238788076,997.4399999993697,2280.3463344781835
41373,33.804932238788076,997.4599999993696,2280.3602682743694
41374,33.804932238788076,997.4799999993696,2280.374201702727
41375,33.804932238788076,997.4999999993696,2280.388134763263
41376,33.804932238788076,997.5199999993696,2280.4020674559843
41377,33.804932238788076,997.5399999993696,2280.4159997808965
41378,33.804932238788076,997.5599999993696,2280.4299317380064
41379,33.804932238788076,997.5799999993695,2280.4438633273207
41380,33.804932238788076,997.5999999993695,2280.4577945488454
41381,33.804932238788076,997.6199999993695,2280.471725402587
41382,33.804932238788076,997.6399999993695,2280.4856558885517
41383,33.804932238788076,997.6599999993695,2280.4995860067465
41384,33.804932238788076,997.6799999993694,2280.513515757177
41385,33.804932238788076,997.6999999993694,2280.5274451398504
41386,33.804932238788076,997.7199999993694,2280.5413741547727
41387,33.804932238788076,997.7399999993694,2280.5553028019503
41388,33.804932238788076,997.7599999993694,2280.569231081506
41389,33.804932238788076,997.7799999993694,2280.58315899405
41390,33.804932238788076,997.7999999993693,2280.597086539642
41391,33.804932238788076,997.8199999993693,2280.611013718289
41392,33.804932238788076,997.8399999993693,2280.6249405299973
41393,33.804932238788076,997.8599999993693,2280.638866974773
41394,33.804932238788076,997.8799999993693,2280.652793052623
41395,33.804932238788076,997.8999999993692,2280.6667187635535
41396,33.804932238788076,997.9199999993692,2280.680644107571
41397,33.804932238788076,997.9399999993692,2280.694569084682
41398,33.804932238788076,997.9599999993692,2280.7084936948922
41399,33.804932238788076,997.9799999993692,2280.7224179382088
41400,33.804932238788076,997.9999999993692,2280.736341814638
41401,33.804932238788076,998.0199999993691,2280.750265324186
41402,33.804932238788076,998.0399999993691,2280.764188466859
41403,33.804932238788076,998.0599999993691,2280.7781112426646
41404,33.804932238788076,998.0799999993691,2280.792033651608
41405,33.804932238788076,998.0999999993691,2280.8059556936964
41406,33.804932238788076,998.119999999369,2280.8198773689355
41407,33.804932238788076,998.139999999369,2280.833798677332
41408,33.804932238788076,998.159999999369,2280.847719618893
41409,33.804932238788076,998.179999999369,2280.8616401936233
41410,33.804932238788076,998.199999999369,2280.8755604015305
41411,33.804932238788076,998.219999999369,2280.8894802426207
41412,33.804932238788076,998.2399999993689,2280.9033997169004
41413,33.804932238788076,998.2599999993689,2280.9173188243763
41414,33.804932238788076,998.2799999993689,2280.9312375650543
41415,33.804932238788076,998.2999999993689,2280.945155938941
41416,33.804932238788076,998.3199999993689,2280.9590739460427
41417,33.804932238788076,998.3399999993688,2280.972991586366
41418,33.804932238788076,998.3599999993688,2280.986908859917
41419,33.804932238788076,998.3799999993688,2281.0008257667027
41420,33.804932238788076,998.3999999993688,2281.014742306729
41421,33.804932238788076,998.4199999993688,2281.028658480003
41422,33.804932238788076,998.4399999993688,2281.04257428653
41423,33.804932238788076,998.4599999993687,2281.056489726317
41424,33.804932238788076,998.4799999993687,2281.0704047993704
41425,33.804932238788076,998.4999999993687,2281.0843195056964
41426,33.804932238788076,998.5199999993687,2281.0982338453014
41427,33.804932238788076,998.5399999993687,2281.112147818192
41428,33.804932238788076,998.5599999993686,2281.1260614243747
41429,33.804932238788076,998.5799999993686,2281.139974663856
41430,33.804932238788076,998.5999999993686,2281.153887536642
41431,33.804932238788076,998.6199999993686,2281.1678000427387
41432,33.804932238788076,998.6399999993686,2281.181712182153
41433,33.804932238788076,998.6599999993686,2281.1956239548917
41434,33.804932238788076,998.6799999993685,2281.2095353609607
41435,33.804932238788076,998.6999999993685,2281.2234464003664
41436,33.804932238788076,998.7199999993685,2281.237357073115
41437,33.804932238788076,998.7399999993685,2281.2512673792135
41438,33.804932238788076,998.7599999993685,2281.265177318668
41439,33.804932238788076,998.7799999993684,2281.279086891647
41440,33.804932238788076,998.7999999993684,2281.292996098723
41441,33.804932238788076,998.8199999993684,2281.3069049399483
41442,33.804932238788076,998.8399999993684,2281.3208134153288
41443,33.804932238788076,998.8599999993684,2281.334721524871
41444,33.804932238788076,998.8799999993684,2281.348629268581
41445,33.804932238788076,998.8999999993683,2281.3625366464657
41446,33.804932238788076,998.9199999993683,2281.376443658531
41447,33.804932238788076,998.9399999993683,2281.3903503047836
41448,33.804932238788076,998.9599999993683,2281.40425658523
41449,33.804932238788076,998.9799999993683,2281.4181624998764
41450,33.804932238788076,998.9999999993682,2281.4320680487294
41451,33.804932238788076,999.0199999993682,2281.4459732317955
41452,33.804932238788076,999.0399999993682,2281.4598780490805
41453,33.804932238788076,999.0599999993682,2281.4737825005914
41454,33.804932238788076,999.0799999993682,2281.4876865863343
41455,33.804932238788076,999.0999999993682,2281.501590306316
41456,33.804932238788076,999.1199999993681,2281.5154936605422
41457,33.804932238788076,999.1399999993681,2281.52939664902
41458,33.804932238788076,999.1599999993681,2281.543299271755
41459,33.804932238788076,999.1799999993681,2281.557201528755
41460,33.804932238788076,999.1999999993681,2281.571103420025
41461,33.804932238788076,999.219999999368,2281.5850049455717
41462,33.804932238788076,999.239999999368,2281.598906105402
41463,33.804932238788076,999.259999999368,2281.6128068995217
41464,33.804932238788076,999.279999999368,2281.6267073279378
41465,33.804932238788076,999.299999999368,2281.6406073906564
41466,33.804932238788076,999.319999999368,2281.654507087684
41467,33.804932238788076,999.3399999993679,2281.6684064190267
41468,33.804932238788076,999.3599999993679,2281.682305384691
41469,33.804932238788076,999.3799999993679,2281.6962039846835
41470,33.804932238788076,999.3999999993679,2281.7101022190104
41471,33.804932238788076,999.4199999993679,2281.7240000876786
41472,33.804932238788076,999.4399999993678,2281.737897590694
41473,33.804932238788076,999.4599999993678,2281.751794728063
41474,33.804932238788076,999.4799999993678,2281.765691499792
41475,33.804932238788076,999.4999999993678,2281.7795879058876
41476,33.804932238788076,999.5199999993678,2281.793483946356
41477,33.804932238788076,999.5399999993678,2281.807379621204
41478,33.804932238788076,999.5599999993677,2281.821274930437
41479,33.804932238788076,999.5799999993677,2281.8351698740626
41480,33.804932238788076,999.5999999993677,2281.8490644520866
41481,33.804932238788076,999.6199999993677,2281.8629586645156
41482,33.804932238788076,999.6399999993677,2281.8768525113555
41483,33.804932238788076,999.6599999993676,2281.890745992613
41484,33.804932238788076,999.6799999993676,2281.9046391082948
41485,33.804932238788076,999.6999999993676,2281.918531858407
41486,33.804932238788076,999.7199999993676,2281.932424242956
41487,33.804932238788076,999.7399999993676,2281.9463162619486
41488,33.804932238788076,999.7599999993676,2281.9602079153906
41489,33.804932238788076,999.7799999993675,2281.9740992032885
41490,33.804932238788076,999.7999999993675,2281.9879901258664
41491,33.804932238788076,999.8199999993675,2282.0018806836856
41492,33.804932238788076,999.8399999993675,2282.0157708767906
41493,33.804932238788076,999.8599999993675,2282.029660705188
41494,33.804932238788076,999.8799999993674,2282.043550168883
41495,33.804932238788076,999.8999999993674,2282.057439267883
41496,33.804932238788076,999.9199999993674,2282.0713280021946
41497,33.804932238788076,999.9399999993674,2282.085216371823
41498,33.804932238788076,999.9599999993674,2282.099104376776
41499,33.804932238788076,999.9799999993674,2282.112992017059
41500,33.804932238788076,999.9999999993673,2282.1268792926785
41501,33.804932238788076,1000.0199999993673,2282.1407662036418
41502,33.804932238788076,1000.0399999993673,2282.1546527499545
41503,33.804932238788076,1000.0599999993673,2282.168538931623
41504,33.804932238788076,1000.0799999993673,2282.182424748654
41505,33.804932238788076,1000.0999999993672,2282.1963102010536
41506,33.804932238788076,1000.1199999993672,2282.2101952888283
41507,33.804932238788076,1000.1399999993672,2282.224080011985
41508,33.804932238788076,1000.1599999993672,2282.2379643705294
41509,33.804932238788076,1000.1799999993672,2282.251848364468
41510,33.804932238788076,1000.1999999993672,2282.2657319938075
41511,33.804932238788076,1000.2199999993671,2282.2796152585543
41512,33.804932238788076,1000.2399999993671,2282.2934981587146
41513,33.804932238788076,1000.2599999993671,2282.307380694295
41514,33.804932238788076,1000.2799999993671,2282.3212628653014
41515,33.804932238788076,1000.2999999993671,2282.3351446717406
41516,33.804932238788076,1000.319999999367,2282.349026113619
41517,33.804932238788076,1000.339999999367,2282.3629071909427
41518,33.804932238788076,1000.359999999367,2282.376787903718
41519,33.804932238788076,1000.379999999367,2282.3906682519523
41520,33.804932238788076,1000.399999999367,2282.404548235651
41521,33.804932238788076,1000.419999999367,2282.418427854821
41522,33.804932238788076,1000.4399999993669,2282.432307109468
41523,33.804932238788076,1000.4599999993669,2282.4461859995995
41524,33.804932238788076,1000.4799999993669,2282.460064525221
41525,33.75656553847588,1000.4999999993669,2282.473942686339
41526,33.75656553847588,1000.5199999993669,2282.48782048296
41527,33.75656553847588,1000.5399999993668,2282.5016979150905
41528,33.75656553847588,1000.5599999993668,2282.515574982737
41529,33.75656553847588,1000.5799999993668,2282.5294516859053
41530,33.75656553847588,1000.5999999993668,2282.5433280246025
41531,33.75656553847588,1000.6199999993668,2282.5572039988347
41532,33.75656553847588,1000.6399999993668,2282.571079608608
41533,33.75656553847588,1000.6599999993667,2282.5849548539295
41534,33.75656553847588,1000.6799999993667,2282.598829734805
41535,33.75656553847588,1000.6999999993667,2282.612704251241
41536,33.75656553847588,1000.7199999993667,2282.6265784032444
41537,33.75656553847588,1000.7399999993667,2282.6404521908207
41538,33.75656553847588,1000.7599999993666,2282.654325613977
41539,33.75656553847588,1000.7799999993666,2282.6681986727194
41540,33.75656553847588,1000.7999999993666,2282.6820713670545
41541,33.75656553847588,1000.8199999993666,2282.6959436972265
41542,33.75656553847588,1000.8399999993666,2282.7098156637066
41543,33.75656553847588,1000.8599999993666,2282.7236872665267
41544,33.75656553847588,1000.8799999993665,2282.7375585056925
41545,33.75656553847588,1000.8999999993665,2282.751429381211
41546,33.75656553847588,1000.9199999993665,2282.7652998930885
41547,33.75656553847588,1000.9399999993665,2282.779170041331
41548,33.75656553847588,1000.9599999993665,2282.793039825945
41549,33.75656553847588,1000.9799999993664,2282.8069092469373
41550,33.75656553847588,1000.9999999993664,2282.820778304314
41551,33.75656553847588,1001.0199999993664,2282.8346469980816
41552,33.75656553847588,1001.0399999993664,2282.8485153282463
41553,33.75656553847588,1001.0599999993664,2282.862383294815
41554,33.75656553847588,1001.0799999993664,2282.876250897794
41555,33.75656553847588,1001.0999999993663,2282.890118137189
41556,33.75656553847588,1001.1199999993663,2282.903985013007
41557,33.75656553847588,1001.1399999993663,2282.9178515252543
41558,33.75656553847588,1001.1599999993663,2282.9317176739373
41559,33.75656553847588,1001.1799999993663,2282.945583459062
41560,33.75656553847588,1001.1999999993662,2282.9594488806356
41561,33.75656553847588,1001.2199999993662,2282.973313938664
41562,33.75656553847588,1001.2399999993662,2282.9871786331532
41563,33.75656553847588,1001.2599999993662,2283.00104296411
41564,33.75656553847588,1001.2799999993662,2283.014906931541
41565,33.75656553847588,1001.2999999993662,2283.0287705354526
41566,33.75656553847588,1001.3199999993661,2283.042633775851
41567,33.75656553847588,1001.3399999993661,2283.056496652742
41568,33.75656553847588,1001.3599999993661,2283.0703591661336
41569,33.75656553847588,1001.3799999993661,2283.084221316031
41570,33.75656553847588,1001.3999999993661,2283.0980831024403
41571,33.75656553847588,1001.419999999366,2283.1119445253685
41572,33.75656553847588,1001.439999999366,2283.125805584822
41573,33.75656553847588,1001.459999999366,2283.139666280807
41574,33.75656553847588,1001.479999999366,2283.15352661333
41575,33.75656553847588,1001.499999999366,2283.1673865823973
41576,33.75656553847588,1001.519999999366,2283.1812461880154
41577,33.75656553847588,1001.5399999993659,2283.195105430191
41578,33.75656553847588,1001.5599999993659,2283.20896430893
41579,33.75656553847588,1001.5799999993659,2283.2228228242384
41580,33.75656553847588,1001.5999999993659,2283.2366809761234
41581,33.75656553847588,1001.6199999993659,2283.250538764591
41582,33.75656553847588,1001.6399999993658,2283.264396189648
41583,33.75656553847588,1001.6599999993658,2283.2782532513
41584,33.75656553847588,1001.6799999993658,2283.2921099495543
41585,33.75656553847588,1001.6999999993658,2283.3059662844166
41586,33.75656553847588,1001.7199999993658,2283.3198222558935
41587,33.75656553847588,1001.7399999993658,2283.333677863992
41588,33.75656553847588,1001.7599999993657,2283.3475331087175
41589,33.75656553847588,1001.7799999993657,2283.3613879900768
41590,33.75656553847588,1001.7999999993657,2283.3752425080766
41591,33.75656553847588,1001.8199999993657,2283.3890966627227
41592,33.75656553847588,1001.8399999993657,2283.402950454317
41593,33.75656553847588,1001.8599999993656,2283.4168038833172
41594,33.75656553847588,1001.8799999993656,2283.430656949747
41595,33.75656553847588,1001.8999999993656,2283.4445096536133
41596,33.75656553847588,1001.9199999993656,2283.458361994922
41597,33.75656553847588,1001.9399999993656,2283.4722139736796
41598,33.75656553847588,1001.9599999993656,2283.4860655898924
41599,33.75656553847588,1001.9799999993655,2283.499916843567
41600,33.75656553847588,1001.9999999993655,2283.5137677347097
41601,33.75656553847588,1002.0199999993655,2283.527618263327
41602,33.75656553847588,1002.0399999993655,2283.541468429425
41603,33.75656553847588,1002.0599999993655,2283.5553182330104
41604,33.75656553847588,1002.0799999993654,2283.5691676740894
41605,33.75656553847588,1002.0999999993654,2283.5830167526688
41606,33.75656553847588,1002.1199999993654,2283.5968654687545
41607,33.75656553847588,1002.1399999993654,2283.610713822353
41608,33.75656553847588,1002.1599999993654,2283.624561813471
41609,33.75656553847588,1002.1799999993654,2283.638409442114
41610,33.75656553847588,1002.1999999993653,2283.6522567082898
41611,33.75656553847588,1002.2199999993653,2283.6661036120036
41612,33.75656553847588,1002.2399999993653,2283.6799501532623
41613,33.75656553847588,1002.2599999993653,2283.693796332072
41614,33.75656553847588,1002.2799999993653,2283.7076421484394
41615,33.75656553847588,1002.2999999993652,2283.721487602371
41616,33.75656553847588,1002.3199999993652,2283.7353326938724
41617,33.75656553847588,1002.3399999993652,2283.7491774229507
41618,33.75656553847588,1002.3599999993652,2283.763021789612
41619,33.75656553847588,1002.3799999993652,2283.776865793863
41620,33.75656553847588,1002.3999999993651,2283.79070943571
41621,33.75656553847588,1002.4199999993651,2283.8045527151594
41622,33.75656553847588,1002.4399999993651,2283.8183956322173
41623,33.75656553847588,1002.4599999993651,2283.83223818689
41624,33.75656553847588,1002.4799999993651,2283.8460803791845
41625,33.75656553847588,1002.4999999993651,2283.8599222091066
41626,33.75656553847588,1002.519999999365,2283.8737636766627
41627,33.75656553847588,1002.539999999365,2283.88760478186
41628,33.75656553847588,1002.559999999365,2283.901445524704
41629,33.75656553847588,1002.579999999365,2283.915285905201
41630,33.75656553847588,1002.599999999365,2283.929125923358
41631,33.75656553847588,1002.619999999365,2283.942965579181
41632,33.75656553847588,1002.6399999993649,2283.9568048726765
41633,33.75656553847588,1002.6599999993649,2283.970643803851
41634,33.75656553847588,1002.6799999993649,2283.9844823727108
41635,33.75656553847588,1002.6999999993649,2283.9983205792623
41636,33.75656553847588,1002.7199999993649,2284.0121584235117
41637,33.75656553847588,1002.7399999993648,2284.0259959054656
41638,33.75656553847588,1002.7599999993648,2284.03983302513
41639,33.75656553847588,1002.7799999993648,2284.053669782512
41640,33.75656553847588,1002.7999999993648,2284.0675061776174
41641,33.75656553847588,1002.8199999993648,2284.081342210453
41642,33.75656553847588,1002.8399999993647,2284.0951778810245
41643,33.75656553847588,1002.8599999993647,2284.109013189679
41644,33.75656553847588,1002.8799999993647,2284.1228481368385
41645,33.75656553847588,1002.8999999993647,2284.1366827225174
41646,33.75656553847588,1002.9199999993647,2284.1505169467223
41647,33.75656553847588,1002.9399999993647,2284.16435080946
41648,33.75656553847588,1002.9599999993646,2284.178184310736
41649,33.75656553847588,1002.9799999993646,2284.192017450557
41650,33.75656553847588,1002.9999999993646,2284.20585022893
41651,33.75656553847588,1003.0199999993646,2284.2196826458608
41652,33.75656553847588,1003.0399999993646,2284.233514701356
41653,33.75656553847588,1003.0599999993645,2284.2473463954216
41654,33.75656553847588,1003.0799999993645,2284.2611777280645
41655,33.75656553847588,1003.0999999993645,2284.2750086992905
41656,33.75656553847588,1003.1199999993645,2284.2888393091066
41657,33.75656553847588,1003.1399999993645,2284.302669557519
41658,33.75656553847588,1003.1599999993645,2284.3164994445337
41659,33.75656553847588,1003.1799999993644,2284.3303289701576
41660,33.75656553847588,1003.1999999993644,2284.344158134397
41661,33.75656553847588,1003.2199999993644,2284.357986937258
41662,33.75656553847588,1003.2399999993644,2284.3718153787468
41663,33.75656553847588,1003.2599999993644,2284.38564345887
41664,33.75656553847588,1003.2799999993643,2284.3994711776345
41665,33.75656553847588,1003.2999999993643,2284.413298535046
41666,33.75656553847588,1003.3199999993643,2284.4271255311114
41667,33.75656553847588,1003.3399999993643,2284.4409521658367
41668,33.75656553847588,1003.3599999993643,2284.4547784392284
41669,33.75656553847588,1003.3799999993643,2284.468604351293
41670,33.75656553847588,1003.3999999993642,2284.4824299020365
41671,33.75656553847588,1003.4199999993642,2284.4962550914656
41672,33.75656553847588,1003.4399999993642,2284.5100799195866
41673,33.75656553847588,1003.4599999993642,2284.523904386406
41674,33.75656553847588,1003.4799999993642,2284.53772849193
41675,33.75656553847588,1003.4999999993641,2284.551552236165
41676,33.75656553847588,1003.5199999993641,2284.5653756191177
41677,33.75656553847588,1003.5399999993641,2284.579198640794
41678,33.75656553847588,1003.5599999993641,2284.5930213012
41679,33.75656553847588,1003.5799999993641,2284.6068436003434
41680,33.75656553847588,1003.5999999993641,2284.6206655382293
41681,33.75656553847588,1003.619999999364,2284.6344871148644
41682,33.75656553847588,1003.639999999364,2284.6483083302555
41683,33.75656553847588,1003.659999999364,2284.6621291844085
41684,33.75656553847588,1003.679999999364,2284.6759496773298
41685,33.75656553847588,1003.699999999364,2284.689769809026
41686,33.75656553847588,1003.719999999364,2284.7035895795034
41687,33.75656553847588,1003.7399999993639,2284.7174089887685
41688,33.75656553847588,1003.7599999993639,2284.7312280368274
41689,33.75656553847588,1003.7799999993639,2284.7450467236868
41690,33.75656553847588,1003.7999999993639,2284.7588650493526
41691,33.75656553847588,1003.8199999993639,2284.7726830138313
41692,33.75656553847588,1003.8399999993638,2284.7865006171296
41693,33.75656553847588,1003.8599999993638,2284.8003178592544
41694,33.75656553847588,1003.8799999993638,2284.8141347405967
41695,33.75656553847588,1003.8999999993638,2284.827951261542
41696,33.75656553847588,1003.9199999993638,2284.841767422096
41697,33.75656553847588,1003.9399999993637,2284.8555832222655
41698,33.75656553847588,1003.9599999993637,2284.869398662057
41699,33.75656553847588,1003.9799999993637,2284.883213741477
41700,33.75656553847588,1003.9999999993637,2284.8970284605316
41701,33.75656553847588,1004.0199999993637,2284.910842819227
41702,33.75656553847588,1004.0399999993637,2284.92465681757
41703,33.75656553847588,1004.0599999993636,2284.938470455567
41704,33.75656553847588,1004.0799999993636,2284.952283733224
41705,33.75656553847588,1004.0999999993636,2284.966096650547
41706,33.75656553847588,1004.1199999993636,2284.9799092075436
41707,33.75656553847588,1004.1399999993636,2284.9937214042193
41708,33.75656553847588,1004.1599999993635,2285.0075332405804
41709,33.75656553847588,1004.1799999993635,2285.021344716634
41710,33.75656553847588,1004.1999999993635,2285.0351558323855
41711,33.75656553847588,1004.2199999993635,2285.048966587842
41712,33.75656553847588,1004.2399999993635,2285.06277698301
41713,33.75656553847588,1004.2599999993635,2285.0765870178952
41714,33.75656553847588,1004.2799999993634,2285.0903966925043
41715,33.75656553847588,1004.2999999993634,2285.1042060068435
41716,33.75656553847588,1004.3199999993634,2285.1180149609195
41717,33.75656553847588,1004.3399999993634,2285.1318235547383
41718,33.75656553847588,1004.3599999993634,2285.1456317883067
41719,33.75656553847588,1004.3799999993633,2285.1594396616306
41720,33.75656553847588,1004.3999999993633,2285.173247174717
41721,33.75656553847588,1004.4199999993633,2285.1870543275713
41722,33.75656553847588,1004.4399999993633,2285.200861120201
41723,33.75656553847588,1004.4599999993633,2285.214667552612
41724,33.75656553847588,1004.4799999993633,2285.2284736248102
41725,33.75656553847588,1004.4999999993632,2285.2422793368028
41726,33.75656553847588,1004.5199999993632,2285.2560846885954
41727,33.75656553847588,1004.5399999993632,2285.269889680195
41728,33.75656553847588,1004.5599999993632,2285.283694311607
41729,33.75656553847588,1004.5799999993632,2285.297498582839
41730,33.75656553847588,1004.5999999993631,2285.3113024938966
41731,33.75656553847588,1004.6199999993631,2285.3251060447865
41732,33.75656553847588,1004.6399999993631,2285.338909235515
41733,33.75656553847588,1004.6599999993631,2285.3527120660883
41734,33.75656553847588,1004.6799999993631,2285.366514536513
41735,33.75656553847588,1004.6999999993631,2285.380316646795
41736,33.75656553847588,1004.719999999363,2285.3941183969414
41737,33.75656553847588,1004.739999999363,2285.407919786958
41738,33.75656553847588,1004.759999999363,2285.421720816851
41739,33.75656553847588,1004.779999999363,2285.4355214866273
41740,33.75656553847588,1004.799999999363,2285.449321796293
41741,33.75656553847588,1004.819999999363,2285.463121745855
41742,33.75656553847588,1004.8399999993629,2285.476921335319
41743,33.75656553847588,1004.8599999993629,2285.4907205646914
41744,33.75656553847588,1004.8799999993629,2285.5045194339887
41745,33.75656553847588,1004.8999999993629,2285.518317943658
41746,33.75656553847588,1004.9199999993629,2285.5321160940553
41747,33.75656553847588,1004.9399999993628,2285.5459138851866
41748,33.75656553847588,1004.9599999993628,2285.559711317059
41749,33.75656553847588,1004.9799999993628,2285.573508389678
41750,33.75656553847588,1004.9999999993628,2285.5873051030503
41751,33.75656553847588,1005.0199999993628,2285.6011014571823
41752,33.75656553847588,1005.0399999993627,2285.6148974520806
41753,33.75656553847588,1005.0599999993627,2285.6286930877513
41754,33.75656553847588,1005.0799999993627,2285.6424883642007
41755,33.75656553847588,1005.0999999993627,2285.656283281435
41756,33.75656553847588,1005.1199999993627,2285.6700778394616
41757,33.75656553847588,1005.1399999993627,2285.6838720382857
41758,33.75656553847588,1005.1599999993626,2285.697665877914
41759,33.75656553847588,1005.1799999993626,2285.711459358353
41760,33.75656553847588,1005.1999999993626,2285.7252524796086
41761,33.75656553847588,1005.2199999993626,2285.7390452416876
41762,33.75656553847588,1005.2399999993626,2285.7528376445966
41763,33.75656553847588,1005.2599999993625,2285.7666296883417
41764,33.75656553847588,1005.2799999993625,2285.780421372929
41765,33.75656553847588,1005.2999999993625,2285.7942126983653
41766,33.75656553847588,1005.3199999993625,2285.8080036646566
41767,33.75656553847588,1005.3399999993625,2285.8217942718093
41768,33.75656553847588,1005.3599999993625,2285.83558451983
41769,33.75656553847588,1005.3799999993624,2285.8493744087245
41770,33.75656553847588,1005.3999999993624,2285.8631639385
41771,33.70831406338037,1005.4199999993624,2285.876953109162
41772,33.70831406338037,1005.4399999993624,2285.8907419207176
41773,33.70831406338037,1005.4599999993624,2285.9045303731727
41774,33.70831406338037,1005.4799999993623,2285.918318466534
41775,33.70831406338037,1005.4999999993623,2285.9321062008075
41776,33.70831406338037,1005.5199999993623,2285.945893576
41777,33.70831406338037,1005.5399999993623,2285.9596805921174
41778,33.70831406338037,1005.5599999993623,2285.9734672491663
41779,33.70831406338037,1005.5799999993623,2285.987253547153
41780,33.70831406338037,1005.5999999993622,2286.001039486084
41781,33.70831406338037,1005.6199999993622,2286.014825065966
41782,33.70831406338037,1005.6399999993622,2286.0286102868045
41783,33.70831406338037,1005.6599999993622,2286.042395148606
41784,33.70831406338037,1005.6799999993622,2286.056179651377
41785,33.70831406338037,1005.6999999993621,2286.0699637951243
41786,33.70831406338037,1005.7199999993621,2286.083747579854
41787,33.70831406338037,1005.7399999993621,2286.097531005572
41788,33.70831406338037,1005.7599999993621,2286.111314072285
41789,33.70831406338037,1005.7799999993621,2286.1250967799997
41790,33.70831406338037,1005.7999999993621,2286.138879128722
41791,33.70831406338037,1005.819999999362,2286.152661118458
41792,33.70831406338037,1005.839999999362,2286.166442749215
41793,33.70831406338037,1005.859999999362,2286.1802240209986
41794,33.70831406338037,1005.879999999362,2286.1940049338154
41795,33.70831406338037,1005.899999999362,2286.2077854876893
41796,33.70831406338037,1005.919999999362,2286.2215656830576
41797,33.70831406338037,1005.9399999993619,2286.2353455201996
41798,33.70831406338037,1005.9599999993619,2286.2491249991217
41799,33.70831406338037,1005.9799999993619,2286.26290411983
41800,33.70831406338037,1005.9999999993619,2286.2766828823314
41801,33.70831406338037,1006.0199999993619,2286.290461286632
41802,33.70831406338037,1006.0399999993618,2286.304239332738
41803,33.70831406338037,1006.0599999993618,2286.3180170206556
41804,33.70831406338037,1006.0799999993618,2286.3317943503916
41805,33.70831406338037,1006.0999999993618,2286.3455713219523
41806,33.70831406338037,1006.1199999993618,2286.3593479353435
41807,33.70831406338037,1006.1399999993617,2286.373124190572
41808,33.70831406338037,1006.1599999993617,2286.3869000876443
41809,33.70831406338037,1006.1799999993617,2286.400675626566
41810,33.70831406338037,1006.1999999993617,2286.4144508073446
41811,33.70831406338037,1006.2199999993617,2286.4282256299857
41812,33.70831406338037,1006.2399999993617,2286.4420000944956
41813,33.70831406338037,1006.2599999993616,2286.455774200881
41814,33.70831406338037,1006.2799999993616,2286.469547949148
41815,33.70831406338037,1006.2999999993616,2286.483321339303
41816,33.70831406338037,1006.3199999993616,2286.4970943713524
41817,33.70831406338037,1006.3399999993616,2286.510867045303
41818,33.70831406338037,1006.3599999993615,2286.52463936116
41819,33.70831406338037,1006.3799999993615,2286.5384113189307
41820,33.70831406338037,1006.3999999993615,2286.5521829186214
41821,33.70831406338037,1006.4199999993615,2286.565954160238
41822,33.70831406338037,1006.4399999993615,2286.579725043787
41823,33.70831406338037,1006.4599999993615,2286.593495569275
41824,33.70831406338037,1006.4799999993614,2286.607265736708
41825,33.70831406338037,1006.4999999993614,2286.6210355460926
41826,33.70831406338037,1006.5199999993614,2286.6348049974354
41827,33.70831406338037,1006.5399999993614,2286.6485740907424
41828,33.70831406338037,1006.5599999993614,2286.66234282602
41829,33.70831406338037,1006.5799999993613,2286.676111203274
41830,33.70831406338037,1006.5999999993613,2286.6898792225115
41831,33.70831406338037,1006.6199999993613,2286.7036468837387
41832,33.70831406338037,1006.6399999993613,2286.717414186962
41833,33.70831406338037,1006.6599999993613,2286.7311811321874
41834,33.70831406338037,1006.6799999993613,2286.7449477194214
41835,33.70831406338037,1006.6999999993612,2286.7587139486704
41836,33.70831406338037,1006.7199999993612,2286.772479819941
41837,33.70831406338037,1006.7399999993612,2286.786245333239
41838,33.70831406338037,1006.7599999993612,2286.8000104885714
41839,33.70831406338037,1006.7799999993612,2286.813775285944
41840,33.70831406338037,1006.7999999993611,2286.8275397253633
41841,33.70831406338037,1006.8199999993611,2286.8413038068356
41842,33.70831406338037,1006.8399999993611,2286.8550675303673
41843,33.70831406338037,1006.8599999993611,2286.868830895965
41844,33.70831406338037,1006.8799999993611,2286.8825939036346
41845,33.70831406338037,1006.8999999993611,2286.8963565533827
41846,33.70831406338037,1006.919999999361,2286.910118845243
41847,33.70831406338037,1006.939999999361,2286.9238807797083
41848,33.70831406338037,1006.959999999361,2286.9376423570257
41849,33.70831406338037,1006.979999999361,2286.9514035772013
41850,33.70831406338037,1006.999999999361,2286.965164440242
41851,33.70831406338037,1007.019999999361,2286.9789249461537
41852,33.70831406338037,1007.0399999993609,2286.9926850949428
41853,33.70831406338037,1007.0599999993609,2287.0064448866156
41854,33.70831406338037,1007.0799999993609,2287.0202043211784
41855,33.70831406338037,1007.0999999993609,2287.0339633986378
41856,33.70831406338037,1007.1199999993609,2287.047722119
41857,33.70831406338037,1007.1399999993608,2287.0614804822712
41858,33.70831406338037,1007.1599999993608,2287.075238488458
41859,33.70831406338037,1007.1799999993608,2287.088996137567
41860,33.70831406338037,1007.1999999993608,2287.102753429604
41861,33.70831406338037,1007.2199999993608,2287.116510364576
41862,33.70831406338037,1007.2399999993607,2287.130266942488
41863,33.70831406338037,1007.2599999993607,2287.144023163348
41864,33.70831406338037,1007.2799999993607,2287.1577790271613
41865,33.70831406338037,1007.2999999993607,2287.1715345339344
41866,33.70831406338037,1007.3199999993607,2287.185289683674
41867,33.70831406338037,1007.3399999993607,2287.199044476386
41868,33.70831406338037,1007.3599999993606,2287.2127989120772
41869,33.70831406338037,1007.3799999993606,2287.2265529907536
41870,33.70831406338037,1007.3999999993606,2287.2403067124214
41871,33.70831406338037,1007.4199999993606,2287.254060077087
41872,33.70831406338037,1007.4399999993606,2287.2678130847576
41873,33.70831406338037,1007.4599999993605,2287.2815657354386
41874,33.70831406338037,1007.4799999993605,2287.2953180291365
41875,33.70831406338037,1007.4999999993605,2287.309069965858
41876,33.70831406338037,1007.5199999993605,2287.322821545609
41877,33.70831406338037,1007.5399999993605,2287.336572768396
41878,33.70831406338037,1007.5599999993605,2287.350323634225
41879,33.70831406338037,1007.5799999993604,2287.3640741431027
41880,33.70831406338037,1007.5999999993604,2287.3778242950357
41881,33.70831406338037,1007.6199999993604,2287.3915740900297
41882,33.70831406338037,1007.6399999993604,2287.4053235280917
41883,33.70831406338037,1007.6599999993604,2287.4190726092274
41884,33.70831406338037,1007.6799999993603,2287.432821333444
41885,33.70831406338037,1007.6999999993603,2287.4465697007467
41886,33.70831406338037,1007.7199999993603,2287.460317711143
41887,33.70831406338037,1007.7399999993603,2287.4740653646386
41888,33.70831406338037,1007.7599999993603,2287.48781266124
41889,33.70831406338037,1007.7799999993603,2287.501559600953
41890,33.70831406338037,1007.7999999993602,2287.5153061837846
41891,33.70831406338037,1007.8199999993602,2287.529052409741
41892,33.70831406338037,1007.8399999993602,2287.5427982788283
41893,33.70831406338037,1007.8599999993602,2287.556543791053
41894,33.70831406338037,1007.8799999993602,2287.570288946422
41895,33.70831406338037,1007.8999999993601,2287.5840337449404
41896,33.70831406338037,1007.9199999993601,2287.5977781866154
41897,33.70831406338037,1007.9399999993601,2287.6115222714893
41898,33.70831406338037,1007.9599999993601,2287.6252660000905
41899,33.70831406338037,1007.9799999993601,2287.6390093726213
41900,33.70831406338037,1007.99999999936,2287.652752389088
41901,33.70831406338037,1008.01999999936,2287.6664950494974
41902,33.70831406338037,1008.03999999936,2287.6802373538553
41903,33.70831406338037,1008.05999999936,2287.693979302168
41904,33.70831406338037,1008.07999999936,2287.707720894442
41905,33.70831406338037,1008.09999999936,2287.721462130684
41906,33.70831406338037,1008.11999999936,2287.7352030108996
41907,33.70831406338037,1008.1399999993599,2287.748943535096
41908,33.70831406338037,1008.1599999993599,2287.7626837032785
41909,33.70831406338037,1008.1799999993599,2287.7764235154546
41910,33.70831406338037,1008.1999999993599,2287.79016297163
41911,33.70831406338037,1008.2199999993599,2287.8039020718106
41912,33.70831406338037,1008.2399999993598,2287.8176408160034
41913,33.70831406338037,1008.2599999993598,2287.8313792042145
41914,33.70831406338037,1008.2799999993598,2287.8451172364503
41915,33.70831406338037,1008.2999999993598,2287.858854912717
41916,33.70831406338037,1008.3199999993598,2287.8725922330214
41917,33.70831406338037,1008.3399999993597,2287.8863291973694
41918,33.70831406338037,1008.3599999993597,2287.9000658057676
41919,33.70831406338037,1008.3799999993597,2287.913802058222
41920,33.70831406338037,1008.3999999993597,2287.927537954739
41921,33.70831406338037,1008.4199999993597,2287.9412734953253
41922,33.70831406338037,1008.4399999993597,2287.955008679987
41923,33.70831406338037,1008.4599999993596,2287.96874350873
41924,33.70831406338037,1008.4799999993596,2287.9824779815613
41925,33.70831406338037,1008.4999999993596,2287.996212098487
41926,33.70831406338037,1008.5199999993596,2288.009945859513
41927,33.70831406338037,1008.5399999993596,2288.0236792646465
41928,33.70831406338037,1008.5599999993595,2288.037412313893
41929,33.70831406338037,1008.5799999993595,2288.0511450072595
41930,33.70831406338037,1008.5999999993595,2288.064877344752
41931,33.70831406338037,1008.6199999993595,2288.0786093263764
41932,33.70831406338037,1008.6399999993595,2288.0923409521397
41933,33.70831406338037,1008.6599999993595,2288.106072222048
41934,33.70831406338037,1008.6799999993594,2288.1198031361077
41935,33.70831406338037,1008.6999999993594,2288.1335336943253
41936,33.70831406338037,1008.7199999993594,2288.1472638967066
41937,33.70831406338037,1008.7399999993594,2288.160993743258
41938,33.70831406338037,1008.7599999993594,2288.1747232339862
41939,33.70831406338037,1008.7799999993593,2288.1884523688973
41940,33.70831406338037,1008.7999999993593,2288.2021811479976
41941,33.70831406338037,1008.8199999993593,2288.2159095712937
41942,33.70831406338037,1008.8399999993593,2288.2296376387917
41943,33.70831406338037,1008.8599999993593,2288.243365350498
41944,33.70831406338037,1008.8799999993593,2288.2570927064194
41945,33.70831406338037,1008.8999999993592,2288.2708197065613
41946,33.70831406338037,1008.9199999993592,2288.2845463509307
41947,33.70831406338037,1008.9399999993592,2288.2982726395335
41948,33.70831406338037,1008.9599999993592,2288.311998572421
41949,33.70831406338037,1008.9799999993592,2288.3257241501574
41950,33.70831406338037,1008.9999999993591,2288.3394493729
41951,33.70831406338037,1009.0199999993591,2288.353174240656
41952,33.70831406338037,1009.0399999993591,2288.3668987534306
41953,33.70831406338037,1009.0599999993591,2288.380622911231
41954,33.70831406338037,1009.0799999993591,2288.3943467140634
41955,33.70831406338037,1009.099999999359,2288.4080701619337
41956,33.70831406338037,1009.119999999359,2288.4217932548486
41957,33.70831406338037,1009.139999999359,2288.435515992814
41958,33.70831406338037,1009.159999999359,2288.449238375837
41959,33.70831406338037,1009.179999999359,2288.4629604039233
41960,33.70831406338037,1009.199999999359,2288.476682077079
41961,33.70831406338037,1009.219999999359,2288.490403395311
41962,33.70831406338037,1009.2399999993589,2288.5041243586256
41963,33.70831406338037,1009.2599999993589,2288.517844967029
41964,33.70831406338037,1009.2799999993589,2288.531565220527
41965,33.70831406338037,1009.2999999993589,2288.545285119127
41966,33.70831406338037,1009.3199999993589,2288.5590046628345
41967,33.70831406338037,1009.3399999993588,2288.572723851656
41968,33.70831406338037,1009.3599999993588,2288.5864426855983
41969,33.70831406338037,1009.3799999993588,2288.600161164667
41970,33.70831406338037,1009.3999999993588,2288.6138792888687
41971,33.70831406338037,1009.4199999993588,2288.6275970582096
41972,33.70831406338037,1009.4399999993587,2288.6413144726966
41973,33.70831406338037,1009.4599999993587,2288.6550315323357
41974,33.70831406338037,1009.4799999993587,2288.668748237133
41975,33.70831406338037,1009.4999999993587,2288.6824645870947
41976,33.70831406338037,1009.5199999993587,2288.6961805822275
41977,33.70831406338037,1009.5399999993587,2288.7098962225377
41978,33.70831406338037,1009.5599999993586,2288.723611508032
41979,33.70831406338037,1009.5799999993586,2288.7373264387156
41980,33.70831406338037,1009.5999999993586,2288.7510410145956
41981,33.70831406338037,1009.6199999993586,2288.7647552356784
41982,33.70831406338037,1009.6399999993586,2288.77846910197
41983,33.70831406338037,1009.6599999993585,2288.792182613477
41984,33.70831406338037,1009.6799999993585,2288.8058957702056
41985,33.70831406338037,1009.6999999993585,2288.819608572162
41986,33.70831406338037,1009.7199999993585,2288.8333210193528
41987,33.70831406338037,1009.7399999993585,2288.8470331117837
41988,33.70831406338037,1009.7599999993585,2288.8607448494618
41989,33.70831406338037,1009.7799999993584,2288.8744562323927
41990,33.70831406338037,1009.7999999993584,2288.8881672605835
41991,33.70831406338037,1009.8199999993584,2288.90187793404
41992,33.70831406338037,1009.8399999993584,2288.9155882527684
41993,33.70831406338037,1009.8599999993584,2288.9292982167754
41994,33.70831406338037,1009.8799999993583,2288.943007826067
41995,33.70831406338037,1009.8999999993583,2288.95671708065
41996,33.70831406338037,1009.9199999993583,2288.9704259805303
41997,33.70831406338037,1009.9399999993583,2288.9841345257146
41998,33.70831406338037,1009.9599999993583,2288.9978427162087
41999,33.70831406338037,1009.9799999993583,2289.0115505520757
42000,33.70831406338037,1009.9999999993582,2289.0252580339416
42001,33.70831406338037,1010.0199999993582,2289.0389651619244
42002,33.70831406338037,1010.0399999993582,2289.0526719360305
42003,33.70831406338037,1010.0599999993582,2289.0663783562663
42004,33.70831406338037,1010.0799999993582,2289.0800844226383
42005,33.70831406338037,1010.0999999993581,2289.093790135152
42006,33.70831406338037,1010.1199999993581,2289.107495493815
42007,33.70831406338037,1010.1399999993581,2289.1212004986323
42008,33.70831406338037,1010.1599999993581,2289.1349051496113
42009,33.70831406338037,1010.1799999993581,2289.1486094467577
42010,33.70831406338037,1010.199999999358,2289.162313390078
42011,33.70831406338037,1010.219999999358,2289.1760169795784
42012,33.70831406338037,1010.239999999358,2289.189720215266
42013,33.70831406338037,1010.259999999358,2289.203423097146
42014,33.70831406338037,1010.279999999358,2289.217125625225
42015,33.70831406338037,1010.299999999358,2289.23082779951
42016,33.70831406338037,1010.319999999358,2289.2445296200067
42017,33.70831406338037,1010.3399999993579,2289.2582310867215
42018,33.66017742956187,1010.3599999993579,2289.271932199661
42019,33.66017742956187,1010.3799999993579,2289.2856329588312
42020,33.66017742956187,1010.3999999993579,2289.2993333642385
42021,33.66017742956187,1010.4199999993579,2289.313033415889
42022,33.66017742956187,1010.4399999993578,2289.32673311379
42023,33.66017742956187,1010.4599999993578,2289.3404324579465
42024,33.66017742956187,1010.4799999993578,2289.3541314483655
42025,33.66017742956187,1010.4999999993578,2289.3678300850534
42026,33.66017742956187,1010.5199999993578,2289.3815283680165
42027,33.66017742956187,1010.5399999993577,2289.3952262972607
42028,33.66017742956187,1010.5599999993577,2289.408923872793
42029,33.66017742956187,1010.5799999993577,2289.422621094619
42030,33.66017742956187,1010.5999999993577,2289.4363179627453
42031,33.66017742956187,1010.6199999993577,2289.4500144771782
42032,33.66017742956187,1010.6399999993577,2289.4637106379246
42033,33.66017742956187,1010.6599999993576,2289.47740644499
42034,33.66017742956187,1010.6799999993576,2289.4911018983807
42035,33.66017742956187,1010.6999999993576,2289.5047969981038
42036,33.66017742956187,1010.7199999993576,2289.518491744165
42037,33.66017742956187,1010.7399999993576,2289.532186136571
42038,33.66017742956187,1010.7599999993575,2289.5458801753275
42039,33.66017742956187,1010.7799999993575,2289.5595738604416
42040,33.66017742956187,1010.7999999993575,2289.573267191919
42041,33.66017742956187,1010.8199999993575,2289.5869601697664
42042,33.66017742956187,1010.8399999993575,2289.60065279399
42043,33.66017742956187,1010.8599999993575,2289.614345064596
42044,33.66017742956187,1010.8799999993574,2289.6280369815904
42045,33.66017742956187,1010.8999999993574,2289.64172854498
42046,33.66017742956187,1010.9199999993574,2289.6554197547716
42047,33.66017742956187,1010.9399999993574,2289.6691106109706
42048,33.66017742956187,1010.9599999993574,2289.6828011135835
42049,33.66017742956187,1010.9799999993573,2289.6964912626167
42050,33.66017742956187,1010.9999999993573,2289.7101810581357
42051,33.66017742956187,1011.0199999993573,2289.7238705007367
42052,33.66017742956187,1011.0399999993573,2289.7375595904846
42053,33.66017742956187,1011.0599999993573,2289.7512483273854
42054,33.66017742956187,1011.0799999993573,2289.764936711446
42055,33.66017742956187,1011.0999999993572,2289.778624742672
42056,33.66017742956187,1011.1199999993572,2289.7923124210706
42057,33.66017742956187,1011.1399999993572,2289.8059997466476
42058,33.66017742956187,1011.1599999993572,2289.819686719409
42059,33.66017742956187,1011.1799999993572,2289.833373339362
42060,33.66017742956187,1011.1999999993571,2289.847059606512
42061,33.66017742956187,1011.2199999993571,2289.860745520866
42062,33.66017742956187,1011.2399999993571,2289.87443108243
42063,33.66017742956187,1011.2599999993571,2289.8881162912103
42064,33.66017742956187,1011.2799999993571,2289.901801147213
42065,33.66017742956187,1011.299999999357,2289.915485650445
42066,33.66017742956187,1011.319999999357,2289.9291698009124
42067,33.66017742956187,1011.339999999357,2289.9428535986212
42068,33.66017742956187,1011.359999999357,2289.956537043578
42069,33.66017742956187,1011.379999999357,2289.970220135789
42070,33.66017742956187,1011.399999999357,2289.983902875261
42071,33.66017742956187,1011.419999999357,2289.9975852619996
42072,33.66017742956187,1011.4399999993569,2290.0112672966334
42073,33.66017742956187,1011.4599999993569,2290.0249489802577
42074,33.66017742956187,1011.4799999993569,2290.038630312931
42075,33.66017742956187,1011.4999999993569,2290.05231129466
42076,33.66017742956187,1011.5199999993569,2290.06599192545
42077,33.66017742956187,1011.5399999993568,2290.079672205308
42078,33.66017742956187,1011.5599999993568,2290.0933521342404
42079,33.66017742956187,1011.5799999993568,2290.107031712254
42080,33.66017742956187,1011.5999999993568,2290.1207109393545
42081,33.66017742956187,1011.6199999993568,2290.1343898155487
42082,33.66017742956187,1011.6399999993567,2290.148068340843
42083,33.66017742956187,1011.6599999993567,2290.161746515244
42084,33.66017742956187,1011.6799999993567,2290.1754243387577
42085,33.66017742956187,1011.6999999993567,2290.189101811391
42086,33.66017742956187,1011.7199999993567,2290.20277893315
42087,33.66017742956187,1011.7399999993567,2290.216455704041
42088,33.66017742956187,1011.7599999993566,2290.2301321240707
42089,33.66017742956187,1011.7799999993566,2290.2438081932455
42090,33.66017742956187,1011.7999999993566,2290.257483911572
42091,33.66017742956187,1011.8199999993566,2290.2711592790556
42092,33.66017742956187,1011.8399999993566,2290.2848342957036
42093,33.66017742956187,1011.8599999993565,2290.2985089615227
42094,33.66017742956187,1011.8799999993565,2290.3121832765187
42095,33.66017742956187,1011.8999999993565,2290.325857240698
42096,33.66017742956187,1011.9199999993565,2290.3395308540676
42097,33.66017742956187,1011.9399999993565,2290.353204116633
42098,33.66017742956187,1011.9599999993565,2290.3668770284016
42099,33.66017742956187,1011.9799999993564,2290.380549589379
42100,33.66017742956187,1011.9999999993564,2290.394221799572
42101,33.66017742956187,1012.0199999993564,2290.407893659093
42102,33.66017742956187,1012.0399999993564,2290.421565168534
42103,33.66017742956187,1012.0599999993564,2290.435236327954
42104,33.66017742956187,1012.0799999993563,2290.44890713736
42105,33.66017742956187,1012.0999999993563,2290.462577596758
42106,33.66017742956187,1012.1199999993563,2290.4762477061545
42107,33.66017742956187,1012.1399999993563,2290.489917465556
42108,33.66017742956187,1012.1599999993563,2290.5035868749687
42109,33.66017742956187,1012.1799999993563,2290.517255934399
42110,33.66017742956187,1012.1999999993562,2290.530924643854
42111,33.66017742956187,1012.2199999993562,2290.5445930033397
42112,33.66017742956187,1012.2399999993562,2290.558261012862
42113,33.66017742956187,1012.2599999993562,2290.571928672428
42114,33.66017742956187,1012.2799999993562,2290.5855959820437
42115,33.66017742956187,1012.2999999993561,2290.5992629417156
42116,33.66017742956187,1012.3199999993561,2290.61292955145
42117,33.66017742956187,1012.3399999993561,2290.626595811254
42118,33.66017742956187,1012.3599999993561,2290.6402617211334
42119,33.66017742956187,1012.3799999993561,2290.6539272810946
42120,33.66017742956187,1012.399999999356,2290.667592491144
42121,33.66017742956187,1012.419999999356,2290.6812573512884
42122,33.66017742956187,1012.439999999356,2290.6949218615337
42123,33.66017742956187,1012.459999999356,2290.7085860218867
42124,33.66017742956187,1012.479999999356,2290.7222498323536
42125,33.66017742956187,1012.499999999356,2290.735913292941
42126,33.66017742956187,1012.519999999356,2290.7495764036553
42127,33.66017742956187,1012.5399999993559,2290.7632391645025
42128,33.66017742956187,1012.5599999993559,2290.7769015754893
42129,33.66017742956187,1012.5799999993559,2290.790563636622
42130,33.66017742956187,1012.5999999993559,2290.8042253479075
42131,33.66017742956187,1012.6199999993559,2290.8178867093516
42132,33.66017742956187,1012.6399999993558,2290.831547720961
42133,33.66017742956187,1012.6599999993558,2290.8452083827424
42134,33.66017742956187,1012.6799999993558,2290.8588686947014
42135,33.66017742956187,1012.6999999993558,2290.872528656845
42136,33.66017742956187,1012.7199999993558,2290.8861882691795
42137,33.66017742956187,1012.7399999993557,2290.899847531711
42138,33.66017742956187,1012.7599999993557,2290.9135064444467
42139,33.66017742956187,1012.7799999993557,2290.9271650073924
42140,33.66017742956187,1012.7999999993557,2290.9408232205546
42141,33.66017742956187,1012.8199999993557,2290.9544810839398
42142,33.66017742956187,1012.8399999993557,2290.968138597554
42143,33.66017742956187,1012.8599999993556,2290.981795761404
42144,33.66017742956187,1012.8799999993556,2290.995452575496
42145,33.66017742956187,1012.8999999993556,2291.009109039837
42146,33.66017742956187,1012.9199999993556,2291.0227651544324
42147,33.66017742956187,1012.9399999993556,2291.036420919289
42148,33.66017742956187,1012.9599999993555,2291.0500763344135
42149,33.66017742956187,1012.9799999993555,2291.0637313998122
42150,33.66017742956187,1012.9999999993555,2291.0773861154917
42151,33.66017742956187,1013.0199999993555,2291.0910404814576
42152,33.66017742956187,1013.0399999993555,2291.104694497867
42153,33.66017742956187,1013.0599999993555,2291.1183481652765
42154,33.66017742956187,1013.0799999993554,2291.132001483737
42155,33.66017742956187,1013.0999999993554,2291.145654453255
42156,33.66017742956187,1013.1199999993554,2291.159307073836
42157,33.66017742956187,1013.1399999993554,2291.172959345487
42158,33.66017742956187,1013.1599999993554,2291.1866112682146
42159,33.66017742956187,1013.1799999993553,2291.200262842025
42160,33.66017742956187,1013.1999999993553,2291.213914066925
42161,33.66017742956187,1013.2199999993553,2291.2275649429207
42162,33.66017742956187,1013.2399999993553,2291.2412154700182
42163,33.66017742956187,1013.2599999993553,2291.2548656482245
42164,33.66017742956187,1013.2799999993553,2291.2685154775454
42165,33.66017742956187,1013.2999999993552,2291.282164957988
42166,33.66017742956187,1013.3199999993552,2291.2958140895576
42167,33.66017742956187,1013.3399999993552,2291.3094628722615
42168,33.66017742956187,1013.3599999993552,2291.323111306106
42169,33.66017742956187,1013.3799999993552,2291.3367593910975
42170,33.66017742956187,1013.3999999993551,2291.3504071272423
42171,33.66017742956187,1013.4199999993551,2291.3640545145468
42172,33.66017742956187,1013.4399999993551,2291.3777015530172
42173,33.66017742956187,1013.4599999993551,2291.39134824266
42174,33.66017742956187,1013.4799999993551,2291.4049945834818
42175,33.66017742956187,1013.499999999355,2291.4186405754886
42176,33.66017742956187,1013.519999999355,2291.4322862186873
42177,33.66017742956187,1013.539999999355,2291.445931513084
42178,33.66017742956187,1013.559999999355,2291.459576458685
42179,33.66017742956187,1013.579999999355,2291.4732210554976
42180,33.66017742956187,1013.599999999355,2291.486865303527
42181,33.66017742956187,1013.619999999355,2291.50050920278
42182,33.66017742956187,1013.6399999993549,2291.5141527532633
42183,33.66017742956187,1013.6599999993549,2291.527795954983
42184,33.66017742956187,1013.6799999993549,2291.5414388079457
42185,33.66017742956187,1013.6999999993549,2291.5550813121577
42186,33.66017742956187,1013.7199999993549,2291.568723467625
42187,33.66017742956187,1013.7399999993548,2291.5823652743547
42188,33.66017742956187,1013.7599999993548,2291.5960067323526
42189,33.66017742956187,1013.7799999993548,2291.6096478416252
42190,33.66017742956187,1013.7999999993548,2291.6232886021794
42191,33.66017742956187,1013.8199999993548,2291.636929014021
42192,33.66017742956187,1013.8399999993547,2291.650569077157
42193,33.66017742956187,1013.8599999993547,2291.664208791593
42194,33.66017742956187,1013.8799999993547,2291.677848157336
42195,33.66017742956187,1013.8999999993547,2291.6914871743925
42196,33.66017742956187,1013.9199999993547,2291.705125842768
42197,33.66017742956187,1013.9399999993547,2291.71876416247
42198,33.66017742956187,1013.9599999993546,2291.7324021335044
42199,33.66017742956187,1013.9799999993546,2291.7460397558775
42200,33.66017742956187,1013.9999999993546,2291.759677029596
42201,33.66017742956187,1014.0199999993546,2291.773313954666
42202,33.66017742956187,1014.0399999993546,2291.7869505310937
42203,33.66017742956187,1014.0599999993545,2291.80058675908
42204,33.66017742956187,1014.0799999993545,2291.814222639146
42205,33.66017742956187,1014.0999999993545,2291.827858171334
42206,33.66017742956187,1014.1199999993545,2291.84149335565
42207,33.66017742956187,1014.1399999993545,2291.855128192101
42208,33.66017742956187,1014.1599999993545,2291.868762680693
42209,33.66017742956187,1014.1799999993544,2291.882396821433
42210,33.66017742956187,1014.1999999993544,2291.8960306143263
42211,33.66017742956187,1014.2199999993544,2291.90966405938
42212,33.66017742956187,1014.2399999993544,2291.9232971566003
42213,33.66017742956187,1014.2599999993544,2291.9369299059936
42214,33.66017742956187,1014.2799999993543,2291.950562307566
42215,33.66017742956187,1014.2999999993543,2291.9641943613246
42216,33.66017742956187,1014.3199999993543,2291.977826067275
42217,33.66017742956187,1014.3399999993543,2291.9914574254244
42218,33.66017742956187,1014.3599999993543,2292.005088435779
42219,33.66017742956187,1014.3799999993543,2292.0187190983443
42220,33.66017742956187,1014.3999999993542,2292.0323494131276
42221,33.66017742956187,1014.4199999993542,2292.045979380135
42222,33.66017742956187,1014.4399999993542,2292.0596089993733
42223,33.66017742956187,1014.4599999993542,2292.0732382708484
42224,33.66017742956187,1014.4799999993542,2292.086867194567
42225,33.66017742956187,1014.4999999993541,2292.100495770535
42226,33.66017742956187,1014.5199999993541,2292.114123998759
42227,33.66017742956187,1014.5399999993541,2292.127751879246
42228,33.66017742956187,1014.5599999993541,2292.1413794120012
42229,33.66017742956187,1014.5799999993541,2292.155006597032
42230,33.66017742956187,1014.599999999354,2292.168633434344
42231,33.66017742956187,1014.619999999354,2292.1822599239445
42232,33.66017742956187,1014.639999999354,2292.195886065839
42233,33.66017742956187,1014.659999999354,2292.2095118600346
42234,33.66017742956187,1014.679999999354,2292.2231373065374
42235,33.66017742956187,1014.699999999354,2292.2367624053536
42236,33.66017742956187,1014.719999999354,2292.25038715649
42237,33.66017742956187,1014.7399999993539,2292.2640115599525
42238,33.66017742956187,1014.7599999993539,2292.277635615748
42239,33.66017742956187,1014.7799999993539,2292.291259323882
42240,33.66017742956187,1014.7999999993539,2292.304882684362
42241,33.66017742956187,1014.8199999993539,2292.318505697194
42242,33.66017742956187,1014.8399999993538,2292.3321283623836
42243,33.66017742956187,1014.8599999993538,2292.345750679938
42244,33.66017742956187,1014.8799999993538,2292.359372649864
42245,33.66017742956187,1014.8999999993538,2292.372994272167
42246,33.66017742956187,1014.9199999993538,2292.386615546854
42247,33.66017742956187,1014.9399999993537,2292.4002364739313
42248,33.66017742956187,1014.9599999993537,2292.413857053405
42249,33.66017742956187,1014.9799999993537,2292.427477285282
42250,33.66017742956187,1014.9999999993537,2292.441097169568
42251,33.66017742956187,1015.0199999993537,2292.4547167062697
42252,33.66017742956187,1015.0399999993537,2292.4683358953935
42253,33.66017742956187,1015.0599999993536,2292.4819547369457
42254,33.66017742956187,1015.0799999993536,2292.495573231182
42255,33.66017742956187,1015.0999999993536,2292.5091913786105
42256,33.66017742956187,1015.1199999993536,2292.5228091792665
42257,33.66017742956187,1015.1399999993536,2292.5364266331558
42258,33.66017742956187,1015.1599999993535,2292.5500437402848
42259,33.66017742956187,1015.1799999993535,2292.5636605006603
42260,33.66017742956187,1015.1999999993535,2292.577276914288
42261,33.66017742956187,1015.2199999993535,2292.5908929811753
42262,33.66017742956187,1015.2399999993535,2292.6045087013276
42263,33.66017742956187,1015.2599999993535,2292.618124074752
42264,33.66017742956187,1015.2799999993534,2292.631739101454
42265,33.66017742956187,1015.2999999993534,2292.645353781441
42266,33.66017742956187,1015.3199999993534,2292.6589681147184
42267,33.66017742956187,1015.3399999993534,2292.6725821012933
42268,33.66017742956187,1015.3599999993534,2292.6861957411716
42269,33.66017742956187,1015.3799999993533,2292.69980903436
42270,33.612155254724016,1015.3999999993533,2292.7134219808645
42271,33.612155254724016,1015.4199999993533,2292.727034580692
42272,33.612155254724016,1015.4399999993533,2292.740646833848
42273,33.612155254724016,1015.4599999993533,2292.75425874034
42274,33.612155254724016,1015.4799999993533,2292.7678703001734
42275,33.612155254724016,1015.4999999993532,2292.781481513355
42276,33.612155254724016,1015.5199999993532,2292.7950923798912
42277,33.612155254724016,1015.5399999993532,2292.8087028997884
42278,33.612155254724016,1015.5599999993532,2292.822313073053
42279,33.612155254724016,1015.5799999993532,2292.835922899691
42280,33.612155254724016,1015.5999999993531,2292.849532379709
42281,33.612155254724016,1015.6199999993531,2292.8631415131135
42282,33.612155254724016,1015.6399999993531,2292.876750299911
42283,33.612155254724016,1015.6599999993531,2292.890358740107
42284,33.612155254724016,1015.6799999993531,2292.9039668337086
42285,33.612155254724016,1015.699999999353,2292.917574580722
42286,33.612155254724016,1015.719999999353,2292.9311819811537
42287,33.612155254724016,1015.739999999353,2292.9447890350098
42288,33.612155254724016,1015.759999999353,2292.958395742297
42289,33.612155254724016,1015.779999999353,2292.972002103021
42290,33.612155254724016,1015.799999999353,2292.9856081171893
42291,33.612155254724016,1015.819999999353,2292.999213784807
42292,33.612155254724016,1015.8399999993529,2293.0128191058816
42293,33.612155254724016,1015.8599999993529,2293.0264240804186
42294,33.612155254724016,1015.8799999993529,2293.040028708425
42295,33.612155254724016,1015.8999999993529,2293.0536329899064
42296,33.612155254724016,1015.9199999993529,2293.06723692487
42297,33.612155254724016,1015.9399999993528,2293.0808405133216
42298,33.612155254724016,1015.9599999993528,2293.094443755268
42299,33.612155254724016,1015.9799999993528,2293.108046650715
42300,33.612155254724016,1015.9999999993528,2293.1216491996693
42301,33.612155254724016,1016.0199999993528,2293.1352514021373
42302,33.612155254724016,1016.0399999993527,2293.148853258125
42303,33.612155254724016,1016.0599999993527,2293.1624547676397
42304,33.612155254724016,1016.0799999993527,2293.1760559306867
42305,33.612155254724016,1016.0999999993527,2293.189656747538
42306,33.612155254724016,1016.1199999993527,2293.203257218618
42307,33.612155254724016,1016.1399999993527,2293.2168573439503
42308,33.612155254724016,1016.1599999993526,2293.2304571235413
42309,33.612155254724016,1016.1799999993526,2293.2440565573975
42310,33.612155254724016,1016.1999999993526,2293.2576556455247
42311,33.612155254724016,1016.2199999993526,2293.2712543879297
42312,33.612155254724016,1016.2399999993526,2293.2848527846186
42313,33.612155254724016,1016.2599999993525,2293.298450835598
42314,33.612155254724016,1016.2799999993525,2293.312048540874
42315,33.612155254724016,1016.2999999993525,2293.3256459004533
42316,33.612155254724016,1016.3199999993525,2293.339242914342
42317,33.612155254724016,1016.3399999993525,2293.352839582546
42318,33.612155254724016,1016.3599999993525,2293.3664359050726
42319,33.612155254724016,1016.3799999993524,2293.3800318819276
42320,33.612155254724016,1016.3999999993524,2293.3936275131173
42321,33.612155254724016,1016.4199999993524,2293.4072227986485
42322,33.612155254724016,1016.4399999993524,2293.420817738527
42323,33.612155254724016,1016.4599999993524,2293.4344123327596
42324,33.612155254724016,1016.4799999993523,2293.4480065813523
42325,33.612155254724016,1016.4999999993523,2293.4616004843115
42326,33.612155254724016,1016.5199999993523,2293.4751940416436
42327,33.612155254724016,1016.5399999993523,2293.488787253355
42328,33.612155254724016,1016.5599999993523,2293.502380119452
42329,33.612155254724016,1016.5799999993523,2293.515972639941
42330,33.612155254724016,1016.5999999993522,2293.5295648148285
42331,33.612155254724016,1016.6199999993522,2293.5431566441207
42332,33.612155254724016,1016.6399999993522,2293.556748127824
42333,33.612155254724016,1016.6599999993522,2293.5703392659443
42334,33.612155254724016,1016.6799999993522,2293.5839300584885
42335,33.612155254724016,1016.6999999993521,2293.597520505463
42336,33.612155254724016,1016.7199999993521,2293.6111106068734
42337,33.612155254724016,1016.7399999993521,2293.624700362727
42338,33.612155254724016,1016.7599999993521,2293.6382897730296
42339,33.612155254724016,1016.7799999993521,2293.6518788377875
42340,33.612155254724016,1016.799999999352,2293.665467557007
42341,33.612155254724016,1016.819999999352,2293.679055930695
42342,33.612155254724016,1016.839999999352,2293.6926439588574
42343,33.612155254724016,1016.859999999352,2293.7062316415004
42344,33.612155254724016,1016.879999999352,2293.719818978631
42345,33.612155254724016,1016.899999999352,2293.733405970255
42346,33.612155254724016,1016.919999999352,2293.7469926163785
42347,33.612155254724016,1016.9399999993519,2293.7605789170084
42348,33.612155254724016,1016.9599999993519,2293.774164872151
42349,33.612155254724016,1016.9799999993519,2293.787750481812
42350,33.612155254724016,1016.9999999993519,2293.8013357459986
42351,33.612155254724016,1017.0199999993519,2293.8149206647167
42352,33.612155254724016,1017.0399999993518,2293.828505237973
42353,33.612155254724016,1017.0599999993518,2293.8420894657734
42354,33.612155254724016,1017.0799999993518,2293.855673348124
42355,33.612155254724016,1017.0999999993518,2293.869256885032
42356,33.612155254724016,1017.1199999993518,2293.8828400768243
42357,33.612155254724016,1017.1399999993517,2293.8964229239123
42358,33.612155254724016,1017.1599999993517,2293.910005426311
42359,33.612155254724016,1017.1799999993517,2293.9235875840263
42360,33.612155254724016,1017.1999999993517,2293.9371693970656
42361,33.612155254724016,1017.2199999993517,2293.9507508654347
42362,33.612155254724016,1017.2399999993517,2293.9643319891397
42363,33.612155254724016,1017.2599999993516,2293.9779127681873
42364,33.612155254724016,1017.2799999993516,2293.9914932025836
42365,33.612155254724016,1017.2999999993516,2294.005073292335
42366,33.612155254724016,1017.3199999993516,2294.018653037448
42367,33.612155254724016,1017.3399999993516,2294.032232437929
42368,33.612155254724016,1017.3599999993515,2294.045811493784
42369,33.612155254724016,1017.3799999993515,2294.0593902050196
42370,33.612155254724016,1017.3999999993515,2294.072968571642
42371,33.612155254724016,1017.4199999993515,2294.0865465936577
42372,33.612155254724016,1017.4399999993515,2294.1001242710727
42373,33.612155254724016,1017.4599999993515,2294.113701603894
42374,33.612155254724016,1017.4799999993514,2294.127278592127
42375,33.612155254724016,1017.4999999993514,2294.140855235779
42376,33.612155254724016,1017.5199999993514,2294.1544315348556
42377,33.612155254724016,1017.5399999993514,2294.1680074893634
42378,33.612155254724016,1017.5599999993514,2294.1815830993087
42379,33.612155254724016,1017.5799999993513,2294.195158364698
42380,33.612155254724016,1017.5999999993513,2294.208733285537
42381,33.612155254724016,1017.6199999993513,2294.222307861833
42382,33.612155254724016,1017.6399999993513,2294.235882093592
42383,33.612155254724016,1017.6599999993513,2294.24945598082
42384,33.612155254724016,1017.6799999993513,2294.263029523524
42385,33.612155254724016,1017.6999999993512,2294.2766027217094
42386,33.612155254724016,1017.7199999993512,2294.2901755753833
42387,33.612155254724016,1017.7399999993512,2294.303748084552
42388,33.612155254724016,1017.7599999993512,2294.317320249221
42389,33.612155254724016,1017.7799999993512,2294.3308920693976
42390,33.612155254724016,1017.7999999993511,2294.344463545088
42391,33.612155254724016,1017.8199999993511,2294.358034676298
42392,33.612155254724016,1017.8399999993511,2294.371605463034
42393,33.612155254724016,1017.8599999993511,2294.3851759053027
42394,33.612155254724016,1017.8799999993511,2294.3987460031103
42395,33.612155254724016,1017.899999999351,2294.412315756463
42396,33.612155254724016,1017.919999999351,2294.4258851653676
42397,33.612155254724016,1017.939999999351,2294.43945422983
42398,33.612155254724016,1017.959999999351,2294.4530229498564
42399,33.612155254724016,1017.979999999351,2294.4665913254535
42400,33.612155254724016,1017.999999999351,2294.4801593566276
42401,33.612155254724016,1018.019999999351,2294.4937270433848
42402,33.612155254724016,1018.0399999993509,2294.5072943857313
42403,33.612155254724016,1018.0599999993509,2294.520861383674
42404,33.612155254724016,1018.0799999993509,2294.5344280372187
42405,33.612155254724016,1018.0999999993509,2294.547994346372
42406,33.612155254724016,1018.1199999993509,2294.56156031114
42407,33.612155254724016,1018.1399999993508,2294.575125931894
42408,33.612155254724016,1018.1599999993508,2294.5886912090095
42409,33.612155254724016,1018.1799999993508,2294.6022561424934
42410,33.612155254724016,1018.1999999993508,2294.615820732352
42411,33.612155254724016,1018.2199999993508,2294.629384978591
42412,33.612155254724016,1018.2399999993507,2294.6429488812178
42413,33.612155254724016,1018.2599999993507,2294.656512440238
42414,33.612155254724016,1018.2799999993507,2294.6700756556584
42415,33.612155254724016,1018.2999999993507,2294.683638527485
42416,33.612155254724016,1018.3199999993507,2294.6972010557242
42417,33.612155254724016,1018.3399999993507,2294.710763240382
42418,33.612155254724016,1018.3599999993506,2294.724325081466
42419,33.612155254724016,1018.3799999993506,2294.737886578981
42420,33.612155254724016,1018.3999999993506,2294.751447732934
42421,33.612155254724016,1018.4199999993506,2294.7650085433315
42422,33.612155254724016,1018.4399999993506,2294.7785690101796
42423,33.612155254724016,1018.4599999993505,2294.792129133484
42424,33.612155254724016,1018.4799999993505,2294.805688913252
42425,33.612155254724016,1018.4999999993505,2294.81924834949
42426,33.612155254724016,1018.5199999993505,2294.8328074422034
42427,33.612155254724016,1018.5399999993505,2294.8463661913993
42428,33.612155254724016,1018.5599999993505,2294.8599245970836
42429,33.612155254724016,1018.5799999993504,2294.8734826592627
42430,33.612155254724016,1018.5999999993504,2294.887040377943
42431,33.612155254724016,1018.6199999993504,2294.9005977531306
42432,33.612155254724016,1018.6399999993504,2294.914154784832
42433,33.612155254724016,1018.6599999993504,2294.927711473054
42434,33.612155254724016,1018.6799999993503,2294.9412678178023
42435,33.612155254724016,1018.6999999993503,2294.9548238190837
42436,33.612155254724016,1018.7199999993503,2294.968379476904
42437,33.612155254724016,1018.7399999993503,2294.98193479127
42438,33.612155254724016,1018.7599999993503,2294.9954897621874
42439,33.612155254724016,1018.7799999993503,2295.009044389663
42440,33.612155254724016,1018.7999999993502,2295.022598673703
42441,33.612155254724016,1018.8199999993502,2295.0361526143142
42442,33.612155254724016,1018.8399999993502,2295.0497062115023
42443,33.612155254724016,1018.8599999993502,2295.063259465274
42444,33.612155254724016,1018.8799999993502,2295.0768123756347
42445,33.612155254724016,1018.8999999993501,2295.090364942592
42446,33.612155254724016,1018.9199999993501,2295.1039171661514
42447,33.612155254724016,1018.9399999993501,2295.1174690463195
42448,33.612155254724016,1018.9599999993501,2295.131020583103
42449,33.612155254724016,1018.9799999993501,2295.1445717765073
42450,33.612155254724016,1018.99999999935,2295.1581226265394
42451,33.612155254724016,1019.01999999935,2295.1716731332053
42452,33.612155254724016,1019.03999999935,2295.1852232965116
42453,33.612155254724016,1019.05999999935,2295.1987731164645
42454,33.612155254724016,1019.07999999935,2295.2123225930704
42455,33.612155254724016,1019.09999999935,2295.2258717263358
42456,33.612155254724016,1019.11999999935,2295.2394205162664
42457,33.612155254724016,1019.1399999993499,2295.2529689628773
42458,33.612155254724016,1019.1599999993499,2295.266517066574
42459,33.612155254724016,1019.1799999993499,2295.28006482769
42460,33.612155254724016,1019.1999999993499,2295.29361224623
42461,33.612155254724016,1019.2199999993499,2295.307159322202
42462,33.612155254724016,1019.2399999993498,2295.3207060556115
42463,33.612155254724016,1019.2599999993498,2295.334252446465
42464,33.612155254724016,1019.2799999993498,2295.347798494769
42465,33.612155254724016,1019.2999999993498,2295.3613442005294
42466,33.612155254724016,1019.3199999993498,2295.3748895637527
42467,33.612155254724016,1019.3399999993497,2295.3884345844453
42468,33.612155254724016,1019.3599999993497,2295.4019792626136
42469,33.612155254724016,1019.3799999993497,2295.415523598264
42470,33.612155254724016,1019.3999999993497,2295.4290675914026
42471,33.612155254724016,1019.4199999993497,2295.4426112420356
42472,33.612155254724016,1019.4399999993497,2295.4561545501697
42473,33.612155254724016,1019.4599999993496,2295.469697515811
42474,33.612155254724016,1019.4799999993496,2295.4832401389654
42475,33.612155254724016,1019.4999999993496,2295.4967824196397
42476,33.612155254724016,1019.5199999993496,2295.51032435784
42477,33.612155254724016,1019.5399999993496,2295.523865953573
42478,33.612155254724016,1019.5599999993495,2295.537407206845
42479,33.612155254724016,1019.5799999993495,2295.550948117662
42480,33.612155254724016,1019.5999999993495,2295.56448868603
42481,33.612155254724016,1019.6199999993495,2295.578028911956
42482,33.612155254724016,1019.6399999993495,2295.591568795446
42483,33.612155254724016,1019.6599999993495,2295.605108336507
42484,33.612155254724016,1019.6799999993494,2295.618647535144
42485,33.612155254724016,1019.6999999993494,2295.6321863913645
42486,33.612155254724016,1019.7199999993494,2295.645724905174
42487,33.612155254724016,1019.7399999993494,2295.659263076579
42488,33.612155254724016,1019.7599999993494,2295.672800905586
42489,33.612155254724016,1019.7799999993493,2295.6863383922014
42490,33.612155254724016,1019.7999999993493,2295.699875536431
42491,33.612155254724016,1019.8199999993493,2295.7134123382816
42492,33.612155254724016,1019.8399999993493,2295.7269487977596
42493,33.612155254724016,1019.8599999993493,2295.740484914871
42494,33.612155254724016,1019.8799999993493,2295.7540206896224
42495,33.612155254724016,1019.8999999993492,2295.76755612202
42496,33.612155254724016,1019.9199999993492,2295.7810912120694
42497,33.612155254724016,1019.9399999993492,2295.794625959778
42498,33.612155254724016,1019.9599999993492,2295.8081603651513
42499,33.612155254724016,1019.9799999993492,2295.821694428196
42500,33.612155254724016,1019.9999999993491,2295.8352281489188
42501,33.612155254724016,1020.0199999993491,2295.848761527325
42502,33.612155254724016,1020.0399999993491,2295.862294563422
42503,33.612155254724016,1020.0599999993491,2295.8758272572154
42504,33.612155254724016,1020.0799999993491,2295.889359608712
42505,33.612155254724016,1020.099999999349,2295.9028916179177
42506,33.612155254724016,1020.119999999349,2295.916423284839
42507,33.612155254724016,1020.139999999349,2295.9299546094817
42508,33.612155254724016,1020.159999999349,2295.9434855918703
42509,33.612155254724016,1020.179999999349,2295.9570162324644
42510,33.612155254724016,1020.199999999349,2295.970546531566
42511,33.612155254724016,1020.2199999993489,2295.9840764891815
42512,33.612155254724016,1020.2399999993489,2295.997606105317
42513,33.612155254724016,1020.2599999993489,2296.0111353799794
42514,33.612155254724016,1020.2799999993489,2296.0246643131745
42515,33.612155254724016,1020.2999999993489,2296.0381929049086
42516,33.612155254724016,1020.3199999993489,2296.051721155188
42517,33.612155254724016,1020.3399999993488,2296.065249064019
42518,33.612155254724016,1020.3599999993488,2296.0787766314083
42519,33.56424715820509,1020.3799999993488,2296.092303857362
42520,33.56424715820509,1020.3999999993488,2296.105830741886
42521,33.56424715820509,1020.4199999993488,2296.1193572849875
42522,33.56424715820509,1020.4399999993487,2296.1328834866717
42523,33.56424715820509,1020.4599999993487,2296.146409346946
42524,33.56424715820509,1020.4799999993487,2296.159934865816
42525,33.56424715820509,1020.4999999993487,2296.1734600432883
42526,33.56424715820509,1020.5199999993487,2296.186984879369
42527,33.56424715820509,1020.5399999993487,2296.2005093740645
42528,33.56424715820509,1020.5599999993486,2296.214033527381
42529,33.56424715820509,1020.5799999993486,2296.2275573393254
42530,33.56424715820509,1020.5999999993486,2296.2410808099035
42531,33.56424715820509,1020.6199999993486,2296.254603939122
42532,33.56424715820509,1020.6399999993486,2296.2681267269863
42533,33.56424715820509,1020.6599999993485,2296.281649173504
42534,33.56424715820509,1020.6799999993485,2296.2951712786803
42535,33.56424715820509,1020.6999999993485,2296.308693042522
42536,33.56424715820509,1020.7199999993485,2296.3222144650354
42537,33.56424715820509,1020.7399999993485,2296.3357355462267
42538,33.56424715820509,1020.7599999993485,2296.3492562861024
42539,33.56424715820509,1020.7799999993484,2296.362776684669
42540,33.56424715820509,1020.7999999993484,2296.376296741932
42541,33.56424715820509,1020.8199999993484,2296.389816457898
42542,33.56424715820509,1020.8399999993484,2296.403335832574
42543,33.56424715820509,1020.8599999993484,2296.416854865966
42544,33.56424715820509,1020.8799999993483,2296.4303735580797
42545,33.56424715820509,1020.8999999993483,2296.443891908922
42546,33.56424715820509,1020.9199999993483,2296.4574099184993
42547,33.56424715820509,1020.9399999993483,2296.470927586817
42548,33.56424715820509,1020.9599999993483,2296.4844449138827
42549,33.56424715820509,1020.9799999993483,2296.4979618997017
42550,33.56424715820509,1020.9999999993482,2296.5114785442806
42551,33.56424715820509,1021.0199999993482,2296.524994847626
42552,33.56424715820509,1021.0399999993482,2296.5385108097444
42553,33.56424715820509,1021.0599999993482,2296.552026430641
42554,33.56424715820509,1021.0799999993482,2296.565541710323
42555,33.56424715820509,1021.0999999993481,2296.5790566487967
42556,33.56424715820509,1021.1199999993481,2296.592571246068
42557,33.56424715820509,1021.1399999993481,2296.6060855021437
42558,33.56424715820509,1021.1599999993481,2296.61959941703
42559,33.56424715820509,1021.1799999993481,2296.633112990756
42560,33.56424715820509,1021.199999999348,2296.6466262237705
42561,33.56424715820509,1021.219999999348,2296.660139116304
42562,33.56424715820509,1021.239999999348,2296.673651668363
42563,33.56424715820509,1021.259999999348,2296.6871638799544
42564,33.56424715820509,1021.279999999348,2296.700675751084
42565,33.56424715820509,1021.299999999348,2296.714187281758
42566,33.56424715820509,1021.3199999993479,2296.727698471983
42567,33.56424715820509,1021.3399999993479,2296.741209321765
42568,33.56424715820509,1021.3599999993479,2296.7547198311104
42569,33.56424715820509,1021.3799999993479,2296.7682300000256
42570,33.56424715820509,1021.3999999993479,2296.781739828517
42571,33.56424715820509,1021.4199999993479,2296.795249316591
42572,33.56424715820509,1021.4399999993478,2296.8087584642535
42573,33.56424715820509,1021.4599999993478,2296.8222672715115
42574,33.56424715820509,1021.4799999993478,2296.8357757383706
42575,33.56424715820509,1021.4999999993478,2296.849283864837
42576,33.56424715820509,1021.5199999993478,2296.862791650918
42577,33.56424715820509,1021.5399999993477,2296.8762990966193
42578,33.56424715820509,1021.5599999993477,2296.889806201947
42579,33.56424715820509,1021.5799999993477,2296.9033129669074
42580,33.56424715820509,1021.5999999993477,2296.916819391507
42581,33.56424715820509,1021.6199999993477,2296.9303254757524
42582,33.56424715820509,1021.6399999993477,2296.9438312196494
42583,33.56424715820509,1021.6599999993476,2296.9573366232044
42584,33.56424715820509,1021.6799999993476,2296.970841686424
42585,33.56424715820509,1021.6999999993476,2296.9843464093146
42586,33.56424715820509,1021.7199999993476,2296.9978507918822
42587,33.56424715820509,1021.7399999993476,2297.011354834133
42588,33.56424715820509,1021.7599999993475,2297.024858536073
42589,33.56424715820509,1021.7799999993475,2297.0383618977094
42590,33.56424715820509,1021.7999999993475,2297.051864919048
42591,33.56424715820509,1021.8199999993475,2297.065367600095
42592,33.56424715820509,1021.8399999993475,2297.078869940857
42593,33.56424715820509,1021.8599999993475,2297.0923719413404
42594,33.56424715820509,1021.8799999993474,2297.105873601551
42595,33.56424715820509,1021.8999999993474,2297.1193749214954
42596,33.56424715820509,1021.9199999993474,2297.13287590118
42597,33.56424715820509,1021.9399999993474,2297.1463765406106
42598,33.56424715820509,1021.9599999993474,2297.1598768397944
42599,33.56424715820509,1021.9799999993473,2297.173376798737
42600,33.56424715820509,1021.9999999993473,2297.186876417445
42601,33.56424715820509,1022.0199999993473,2297.2003756959243
42602,33.56424715820509,1022.0399999993473,2297.2138746341816
42603,33.56424715820509,1022.0599999993473,2297.2273732322233
42604,33.56424715820509,1022.0799999993473,2297.2408714900553
42605,33.56424715820509,1022.0999999993472,2297.254369407684
42606,33.56424715820509,1022.1199999993472,2297.2678669851157
42607,33.56424715820509,1022.1399999993472,2297.281364222357
42608,33.56424715820509,1022.1599999993472,2297.294861119414
42609,33.56424715820509,1022.1799999993472,2297.308357676293
42610,33.56424715820509,1022.1999999993471,2297.3218538930337
42611,33.56424715820509,1022.2199999993471,2297.33534977014
42612,33.56424715820509,1022.2399999993471,2297.3488453078126
42613,33.56424715820509,1022.2599999993471,2297.3623405060575
42614,33.56424715820509,1022.2799999993471,2297.375835364881
42615,33.56424715820509,1022.299999999347,2297.3893298842895
42616,33.56424715820509,1022.319999999347,2297.4028240642892
42617,33.56424715820509,1022.339999999347,2297.4163179048865
42618,33.56424715820509,1022.359999999347,2297.4298114060875
42619,33.56424715820509,1022.379999999347,2297.4433045678984
42620,33.56424715820509,1022.399999999347,2297.456797390326
42621,33.56424715820509,1022.4199999993469,2297.4702898733763
42622,33.56424715820509,1022.4399999993469,2297.4837820170555
42623,33.56424715820509,1022.4599999993469,2297.49727382137
42624,33.56424715820509,1022.4799999993469,2297.510765286326
42625,33.56424715820509,1022.4999999993469,2297.5242564119303
42626,33.56424715820509,1022.5199999993469,2297.5377471981888
42627,33.56424715820509,1022.5399999993468,2297.551237645108
42628,33.56424715820509,1022.5599999993468,2297.5647277526937
42629,33.56424715820509,1022.5799999993468,2297.578217520953
42630,33.56424715820509,1022.5999999993468,2297.5917069498914
42631,33.56424715820509,1022.6199999993468,2297.6051960395157
42632,33.56424715820509,1022.6399999993467,2297.618684789832
42633,33.56424715820509,1022.6599999993467,2297.632173200847
42634,33.56424715820509,1022.6799999993467,2297.645661272566
42635,33.56424715820509,1022.6999999993467,2297.6591490049964
42636,33.56424715820509,1022.7199999993467,2297.672636398144
42637,33.56424715820509,1022.7399999993467,2297.6861234520147
42638,33.56424715820509,1022.7599999993466,2297.699610166616
42639,33.56424715820509,1022.7799999993466,2297.7130965419533
42640,33.56424715820509,1022.7999999993466,2297.726582578033
42641,33.56424715820509,1022.8199999993466,2297.740068274861
42642,33.56424715820509,1022.8399999993466,2297.7535536324444
42643,33.56424715820509,1022.8599999993465,2297.7670386507893
42644,33.56424715820509,1022.8799999993465,2297.780523329902
42645,33.56424715820509,1022.8999999993465,2297.7940076697882
42646,33.56424715820509,1022.9199999993465,2297.807491670455
42647,33.56424715820509,1022.9399999993465,2297.8209753319084
42648,33.56424715820509,1022.9599999993465,2297.8344586541543
42649,33.56424715820509,1022.9799999993464,2297.8479416371997
42650,33.56424715820509,1022.9999999993464,2297.8614242810504
42651,33.56424715820509,1023.0199999993464,2297.874906585713
42652,33.56424715820509,1023.0399999993464,2297.888388551193
42653,33.56424715820509,1023.0599999993464,2297.901870177498
42654,33.56424715820509,1023.0799999993463,2297.915351464633
42655,33.56424715820509,1023.0999999993463,2297.9288324126055
42656,33.56424715820509,1023.1199999993463,2297.942313021421
42657,33.56424715820509,1023.1399999993463,2297.9557932910857
42658,33.56424715820509,1023.1599999993463,2297.9692732216063
42659,33.56424715820509,1023.1799999993463,2297.982752812989
42660,33.56424715820509,1023.1999999993462,2297.9962320652403
42661,33.56424715820509,1023.2199999993462,2298.0097109784083
42662,33.56424715820509,1023.2399999993462,2298.0231895530314
42663,33.56424715820509,1023.2599999993462,2298.0366677892666
42664,33.56424715820509,1023.2799999993462,2298.0501456871207
42665,33.56424715820509,1023.2999999993461,2298.0636232466
42666,33.56424715820509,1023.3199999993461,2298.0771004677104
42667,33.56424715820509,1023.3399999993461,2298.0905773504583
42668,33.56424715820509,1023.3599999993461,2298.1040538948505
42669,33.56424715820509,1023.3799999993461,2298.117530100893
42670,33.56424715820509,1023.399999999346,2298.1310059685916
42671,33.56424715820509,1023.419999999346,2298.144481497953
42672,33.56424715820509,1023.439999999346,2298.157956688984
42673,33.56424715820509,1023.459999999346,2298.1714315416903
42674,33.56424715820509,1023.479999999346,2298.184906056078
42675,33.56424715820509,1023.499999999346,2298.1983802321542
42676,33.56424715820509,1023.5199999993459,2298.211854069925
42677,33.56424715820509,1023.5399999993459,2298.2253275693956
42678,33.56424715820509,1023.5599999993459,2298.2388007305735
42679,33.56424715820509,1023.5799999993459,2298.2522735534644
42680,33.56424715820509,1023.5999999993459,2298.265746038075
42681,33.56424715820509,1023.6199999993459,2298.2792181844115
42682,33.56424715820509,1023.6399999993458,2298.29268999248
42683,33.56424715820509,1023.6599999993458,2298.306161462287
42684,33.56424715820509,1023.6799999993458,2298.319632593839
42685,33.56424715820509,1023.6999999993458,2298.3331033871414
42686,33.56424715820509,1023.7199999993458,2298.3465738422015
42687,33.56424715820509,1023.7399999993457,2298.360043959025
42688,33.56424715820509,1023.7599999993457,2298.3735137376184
42689,33.56424715820509,1023.7799999993457,2298.386983177988
42690,33.56424715820509,1023.7999999993457,2298.40045228014
42691,33.56424715820509,1023.8199999993457,2298.4139210440812
42692,33.56424715820509,1023.8399999993457,2298.427389469817
42693,33.56424715820509,1023.8599999993456,2298.4408575573543
42694,33.56424715820509,1023.8799999993456,2298.4543253066995
42695,33.56424715820509,1023.8999999993456,2298.4677927178586
42696,33.56424715820509,1023.9199999993456,2298.4812597908376
42697,33.56424715820509,1023.9399999993456,2298.4947265256433
42698,33.56424715820509,1023.9599999993455,2298.508192922282
42699,33.56424715820509,1023.9799999993455,2298.5216589807596
42700,33.56424715820509,1023.9999999993455,2298.5351247010826
42701,33.56424715820509,1024.0199999993456,2298.5485900832573
42702,33.56424715820509,1024.0399999993456,2298.56205512729
42703,33.56424715820509,1024.0599999993456,2298.575519833187
42704,33.56424715820509,1024.0799999993455,2298.5889842009547
42705,33.56424715820509,1024.0999999993455,2298.6024482305993
42706,33.56424715820509,1024.1199999993455,2298.615911922127
42707,33.56424715820509,1024.1399999993455,2298.629375275544
42708,33.56424715820509,1024.1599999993455,2298.642838290857
42709,33.56424715820509,1024.1799999993455,2298.6563009680717
42710,33.56424715820509,1024.1999999993454,2298.669763307195
42711,33.56424715820509,1024.2199999993454,2298.6832253082325
42712,33.56424715820509,1024.2399999993454,2298.696686971242
42713,33.56424715820509,1024.2599999993454,2298.710148296795
42714,33.56424715820509,1024.2799999993454,2298.723609285007
42715,33.56424715820509,1024.2999999993453,2298.7370699358844
42716,33.56424715820509,1024.3199999993453,2298.750530249433
42717,33.56424715820509,1024.3399999993453,2298.7639902256587
42718,33.56424715820509,1024.3599999993453,2298.7774498645686
42719,33.56424715820509,1024.3799999993453,2298.7909091661686
42720,33.56424715820509,1024.3999999993453,2298.8043681304653
42721,33.56424715820509,1024.4199999993452,2298.817826757465
42722,33.56424715820509,1024.4399999993452,2298.8312850471734
42723,33.56424715820509,1024.4599999993452,2298.8447429995977
42724,33.56424715820509,1024.4799999993452,2298.8582006147435
42725,33.56424715820509,1024.4999999993452,2298.8716578926173
42726,33.56424715820509,1024.5199999993451,2298.8851148332255
42727,33.56424715820509,1024.5399999993451,2298.898571436574
42728,33.56424715820509,1024.559999999345,2298.9120277026695
42729,33.56424715820509,1024.579999999345,2298.925483631518
42730,33.56424715820509,1024.599999999345,2298.9389392231265
42731,33.56424715820509,1024.619999999345,2298.9523944775005
42732,33.56424715820509,1024.639999999345,2298.9658493946467
42733,33.56424715820509,1024.659999999345,2298.979303974571
42734,33.56424715820509,1024.679999999345,2298.99275821728
42735,33.56424715820509,1024.699999999345,2299.0062121227797
42736,33.56424715820509,1024.719999999345,2299.019665691077
42737,33.56424715820509,1024.739999999345,2299.033118922178
42738,33.56424715820509,1024.759999999345,2299.0465718160885
42739,33.56424715820509,1024.779999999345,2299.0600243728154
42740,33.56424715820509,1024.799999999345,2299.0734765923644
42741,33.56424715820509,1024.8199999993449,2299.0869284747423
42742,33.56424715820509,1024.8399999993449,2299.100380019955
42743,33.56424715820509,1024.8599999993448,2299.113831228009
42744,33.56424715820509,1024.8799999993448,2299.1272820989107
42745,33.56424715820509,1024.8999999993448,2299.140732632666
42746,33.56424715820509,1024.9199999993448,2299.1541828292816
42747,33.56424715820509,1024.9399999993448,2299.1676326887637
42748,33.56424715820509,1024.9599999993447,2299.1810822111183
42749,33.56424715820509,1024.9799999993447,2299.194531396352
42750,33.56424715820509,1024.9999999993447,2299.207980244471
42751,33.56424715820509,1025.0199999993447,2299.2214287554816
42752,33.56424715820509,1025.0399999993447,2299.23487692939
42753,33.56424715820509,1025.0599999993447,2299.2483247662026
42754,33.56424715820509,1025.0799999993446,2299.2617722659256
42755,33.56424715820509,1025.0999999993446,2299.2752194285654
42756,33.56424715820509,1025.1199999993446,2299.288666254128
42757,33.56424715820509,1025.1399999993446,2299.30211274262
42758,33.56424715820509,1025.1599999993446,2299.3155588940476
42759,33.56424715820509,1025.1799999993445,2299.329004708417
42760,33.56424715820509,1025.1999999993445,2299.342450185735
42761,33.56424715820509,1025.2199999993445,2299.355895326007
42762,33.56424715820509,1025.2399999993445,2299.36934012924
42763,33.56424715820509,1025.2599999993445,2299.382784595502
42764,33.56424715820509,1025.2799999993445,2299.3962287254276
42765,33.56424715820509,1025.2999999993444,2299.409672519092
42766,33.56424715820509,1025.3199999993444,2299.4231159765013
42767,33.56424715820509,1025.3399999993444,2299.436559097662
42768,33.516452760969564,1025.3599999993444,2299.4500018825806
42769,33.516452760969564,1025.3799999993444,2299.463444331263
42770,33.516452760969564,1025.3999999993443,2299.4768864437156
42771,33.516452760969564,1025.4199999993443,2299.490328219945
42772,33.516452760969564,1025.4399999993443,2299.503769659957
42773,33.516452760969564,1025.4599999993443,2299.517210763758
42774,33.516452760969564,1025.4799999993443,2299.530651531355
42775,33.516452760969564,1025.4999999993443,2299.5440919627536
42776,33.516452760969564,1025.5199999993442,2299.55753205796
42777,33.516452760969564,1025.5399999993442,2299.570971816981
42778,33.516452760969564,1025.5599999993442,2299.5844112398227
42779,33.516452760969564,1025.5799999993442,2299.5978503264914
42780,33.516452760969564,1025.5999999993442,2299.6112890769937
42781,33.516452760969564,1025.6199999993441,2299.6247274913353
42782,33.516452760969564,1025.6399999993441,2299.6381655695227
42783,33.516452760969564,1025.659999999344,2299.6516033115627
42784,33.516452760969564,1025.679999999344,2299.665040717461
42785,33.516452760969564,1025.699999999344,2299.678477787224
42786,33.516452760969564,1025.719999999344,2299.691914520858
42787,33.516452760969564,1025.739999999344,2299.7053509183697
42788,33.516452760969564,1025.759999999344,2299.718786979765
42789,33.516452760969564,1025.779999999344,2299.73222270505
42790,33.516452760969564,1025.799999999344,2299.7456580942317
42791,33.516452760969564,1025.819999999344,2299.759093147316
42792,33.516452760969564,1025.839999999344,2299.772527864309
42793,33.516452760969564,1025.859999999344,2299.785962245217
42794,33.516452760969564,1025.879999999344,2299.799396290047
42795,33.516452760969564,1025.899999999344,2299.8128299988043
42796,33.516452760969564,1025.9199999993439,2299.8262633714958
42797,33.516452760969564,1025.9399999993439,2299.8396964081276
42798,33.516452760969564,1025.9599999993438,2299.853129108706
42799,33.516452760969564,1025.9799999993438,2299.8665614732377
42800,33.516452760969564,1025.9999999993438,2299.8799935017287
42801,33.516452760969564,1026.0199999993438,2299.893425194185
42802,33.516452760969564,1026.0399999993438,2299.906856550613
42803,33.516452760969564,1026.0599999993437,2299.92028757102
42804,33.516452760969564,1026.0799999993437,2299.933718255411
42805,33.516452760969564,1026.0999999993437,2299.9471486037924
42806,33.516452760969564,1026.1199999993437,2299.960578616171
42807,33.516452760969564,1026.1399999993437,2299.974008292553
42808,33.516452760969564,1026.1599999993437,2299.987437632945
42809,33.516452760969564,1026.1799999993436,2300.0008666373715
42810,33.516452760969564,1026.1999999993436,2300.0142953068007
42811,33.516452760969564,1026.2199999993436,2300.027723642029
42812,33.516452760969564,1026.2399999993436,2300.041151643062
42813,33.516452760969564,1026.2599999993436,2300.0545793099072
42814,33.516452760969564,1026.2799999993435,2300.068006642662
42815,33.516452760969564,1026.2999999993435,2300.0814336418725
42816,33.516452760969564,1026.3199999993435,2300.094860307595
42817,33.516452760969564,1026.3399999993435,2300.1082866398356
42818,33.516452760969564,1026.3599999993435,2300.121712638601
42819,33.516452760969564,1026.3799999993435,2300.135138303897
42820,33.516452760969564,1026.3999999993434,2300.14856363573
42821,33.516452760969564,1026.4199999993434,2300.1619886341077
42822,33.516452760969564,1026.4399999993434,2300.1754132990354
42823,33.516452760969564,1026.4599999993434,2300.1888376305196
42824,33.516452760969564,1026.4799999993434,2300.2022616285667
42825,33.516452760969564,1026.4999999993433,2300.215685293183
42826,33.516452760969564,1026.5199999993433,2300.2291086243754
42827,33.516452760969564,1026.5399999993433,2300.2425316221497
42828,33.516452760969564,1026.5599999993433,2300.2559542865124
42829,33.516452760969564,1026.5799999993433,2300.2693766174702
42830,33.516452760969564,1026.5999999993433,2300.282798615029
42831,33.516452760969564,1026.6199999993432,2300.296220279196
42832,33.516452760969564,1026.6399999993432,2300.309641609977
42833,33.516452760969564,1026.6599999993432,2300.3230626073782
42834,33.516452760969564,1026.6799999993432,2300.3364832714065
42835,33.516452760969564,1026.6999999993432,2300.349903602068
42836,33.516452760969564,1026.7199999993431,2300.3633235993693
42837,33.516452760969564,1026.7399999993431,2300.3767432633167
42838,33.516452760969564,1026.759999999343,2300.3901625939166
42839,33.516452760969564,1026.779999999343,2300.403581591175
42840,33.516452760969564,1026.799999999343,2300.417000255099
42841,33.516452760969564,1026.819999999343,2300.4304185856945
42842,33.516452760969564,1026.839999999343,2300.443836582968
42843,33.516452760969564,1026.859999999343,2300.4572542469255
42844,33.516452760969564,1026.879999999343,2300.4706715775737
42845,33.516452760969564,1026.899999999343,2300.484088574919
42846,33.516452760969564,1026.919999999343,2300.497505238968
42847,33.516452760969564,1026.939999999343,2300.510921569727
42848,33.516452760969564,1026.959999999343,2300.524337567202
42849,33.516452760969564,1026.979999999343,2300.5377532314
42850,33.516452760969564,1026.999999999343,2300.551168562327
42851,33.516452760969564,1027.0199999993429,2300.5645835599894
42852,33.516452760969564,1027.0399999993429,2300.5779982243935
42853,33.516452760969564,1027.0599999993428,2300.591412555546
42854,33.516452760969564,1027.0799999993428,2300.6048265534528
42855,33.516452760969564,1027.0999999993428,2300.6182402181207
42856,33.516452760969564,1027.1199999993428,2300.631653549556
42857,33.516452760969564,1027.1399999993428,2300.645066547765
42858,33.516452760969564,1027.1599999993427,2300.658479212754
42859,33.516452760969564,1027.1799999993427,2300.67189154453
42860,33.516452760969564,1027.1999999993427,2300.6853035430986
42861,33.516452760969564,1027.2199999993427,2300.6987152084666
42862,33.516452760969564,1027.2399999993427,2300.7121265406404
42863,33.516452760969564,1027.2599999993427,2300.725537539626
42864,33.516452760969564,1027.2799999993426,2300.7389482054305
42865,33.516452760969564,1027.2999999993426,2300.752358538198
42866,33.516452760969564,1027.3199999993426,2300.7657685384693
42867,33.516452760969564,1027.3399999993426,2300.779178206294
42868,33.516452760969564,1027.3599999993426,2300.792587541679
42869,33.516452760969564,1027.3799999993425,2300.8059965446305
42870,33.516452760969564,1027.3999999993425,2300.819405215155
42871,33.516452760969564,1027.4199999993425,2300.8328135532583
42872,33.516452760969564,1027.4399999993425,2300.8462215589475
42873,33.516452760969564,1027.4599999993425,2300.8596292322286
42874,33.516452760969564,1027.4799999993425,2300.8730365731085
42875,33.516452760969564,1027.4999999993424,2300.886443581593
42876,33.516452760969564,1027.5199999993424,2300.8998502576887
42877,33.516452760969564,1027.5399999993424,2300.913256601402
42878,33.516452760969564,1027.5599999993424,2300.926662612739
42879,33.516452760969564,1027.5799999993424,2300.9400682917067
42880,33.516452760969564,1027.5999999993423,2300.9534736383107
42881,33.516452760969564,1027.6199999993423,2300.966878652558
42882,33.516452760969564,1027.6399999993423,2300.9802833344547
42883,33.516452760969564,1027.6599999993423,2300.9936876840075
42884,33.516452760969564,1027.6799999993423,2301.007091701222
42885,33.516452760969564,1027.6999999993423,2301.0204953861057
42886,33.516452760969564,1027.7199999993422,2301.033898738664
42887,33.516452760969564,1027.7399999993422,2301.047301758904
42888,33.516452760969564,1027.7599999993422,2301.060704446831
42889,33.516452760969564,1027.7799999993422,2301.0741068024527
42890,33.516452760969564,1027.7999999993422,2301.087508825775
42891,33.516452760969564,1027.8199999993421,2301.1009105168037
42892,33.516452760969564,1027.8399999993421,2301.114311875546
42893,33.516452760969564,1027.859999999342,2301.1277129020077
42894,33.516452760969564,1027.879999999342,2301.1411135961957
42895,33.516452760969564,1027.899999999342,2301.154513958116
42896,33.516452760969564,1027.919999999342,2301.1679139877747
42897,33.516452760969564,1027.939999999342,2301.181313685179
42898,33.516452760969564,1027.959999999342,2301.1947130503345
42899,33.516452760969564,1027.979999999342,2301.208112083248
42900,33.516452760969564,1027.999999999342,2301.2215107839256
42901,33.516452760969564,1028.019999999342,2301.234909152374
42902,33.516452760969564,1028.039999999342,2301.248307188599
42903,33.516452760969564,1028.059999999342,2301.2617048926077
42904,33.516452760969564,1028.079999999342,2301.275102264406
42905,33.516452760969564,1028.099999999342,2301.2884993040007
42906,33.516452760969564,1028.1199999993419,2301.3018960113977
42907,33.516452760969564,1028.1399999993419,2301.3152923866037
42908,33.516452760969564,1028.1599999993418,2301.328688429625
42909,33.516452760969564,1028.1799999993418,2301.3420841404677
42910,33.516452760969564,1028.1999999993418,2301.3554795191385
42911,33.516452760969564,1028.2199999993418,2301.3688745656436
42912,33.516452760969564,1028.2399999993418,2301.3822692799895
42913,33.516452760969564,1028.2599999993417,2301.395663662183
42914,33.516452760969564,1028.2799999993417,2301.4090577122297
42915,33.516452760969564,1028.2999999993417,2301.4224514301363
42916,33.516452760969564,1028.3199999993417,2301.43584481609
42917,33.516452760969564,1028.3399999993417,2301.449237870597
42918,33.516452760969564,1028.3599999993417,2301.4626305936986
42919,33.516452760969564,1028.3799999993416,2301.4760229854014
42920,33.516452760969564,1028.3999999993416,2301.4894150457117
42921,33.516452760969564,1028.4199999993416,2301.502806774636
42922,33.516452760969564,1028.4399999993416,2301.516198172181
42923,33.516452760969564,1028.4599999993416,2301.5295892383524
42924,33.516452760969564,1028.4799999993415,2301.542979973157
42925,33.516452760969564,1028.4999999993415,2301.5563703766006
42926,33.516452760969564,1028.5199999993415,2301.5697604486904
42927,33.516452760969564,1028.5399999993415,2301.583150189432
42928,33.516452760969564,1028.5599999993415,2301.596539598833
42929,33.516452760969564,1028.5799999993415,2301.609928676898
42930,33.516452760969564,1028.5999999993414,2301.623317423635
42931,33.516452760969564,1028.6199999993414,2301.6367058390492
42932,33.516452760969564,1028.6399999993414,2301.650093923148
42933,33.516452760969564,1028.6599999993414,2301.6634816759365
42934,33.516452760969564,1028.6799999993414,2301.6768690974222
42935,33.516452760969564,1028.6999999993413,2301.690256187611
42936,33.516452760969564,1028.7199999993413,2301.7036429465093
42937,33.516452760969564,1028.7399999993413,2301.7170293741233
42938,33.516452760969564,1028.7599999993413,2301.73041547046
42939,33.516452760969564,1028.7799999993413,2301.7438012355246
42940,33.516452760969564,1028.7999999993413,2301.7571866693247
42941,33.516452760969564,1028.8199999993412,2301.770571771866
42942,33.516452760969564,1028.8399999993412,2301.783956543155
42943,33.516452760969564,1028.8599999993412,2301.7973409831984
42944,33.516452760969564,1028.8799999993412,2301.810725092002
42945,33.516452760969564,1028.8999999993412,2301.8241088695727
42946,33.516452760969564,1028.9199999993411,2301.8374923159163
42947,33.516452760969564,1028.9399999993411,2301.8508754310396
42948,33.516452760969564,1028.959999999341,2301.8642582149487
42949,33.516452760969564,1028.979999999341,2301.87764066765
42950,33.516452760969564,1028.999999999341,2301.89102278915
42951,33.516452760969564,1029.019999999341,2301.9044045794553
42952,33.516452760969564,1029.039999999341,2301.917786038572
42953,33.516452760969564,1029.059999999341,2301.9311671665064
42954,33.516452760969564,1029.079999999341,2301.944547963265
42955,33.516452760969564,1029.099999999341,2301.957928428854
42956,33.516452760969564,1029.119999999341,2301.9713085632798
42957,33.516452760969564,1029.139999999341,2301.9846883665487
42958,33.516452760969564,1029.159999999341,2301.9980678386673
42959,33.516452760969564,1029.179999999341,2302.0114469796417
42960,33.516452760969564,1029.199999999341,2302.0248257894787
42961,33.516452760969564,1029.2199999993409,2302.038204268184
42962,33.516452760969564,1029.2399999993409,2302.0515824157646
42963,33.516452760969564,1029.2599999993408,2302.0649602322264
42964,33.516452760969564,1029.2799999993408,2302.0783377175762
42965,33.516452760969564,1029.2999999993408,2302.09171487182
42966,33.516452760969564,1029.3199999993408,2302.1050916949644
42967,33.516452760969564,1029.3399999993408,2302.1184681872387
42968,33.516452760969564,1029.3599999993407,2302.1318443491145
42969,33.516452760969564,1029.3799999993407,2302.1452201806255
42970,33.516452760969564,1029.3999999993407,2302.158595681778
42971,33.516452760969564,1029.4199999993407,2302.1719708525784
42972,33.516452760969564,1029.4399999993407,2302.185345693033
42973,33.516452760969564,1029.4599999993407,2302.1987202031482
42974,33.516452760969564,1029.4799999993406,2302.21209438293
42975,33.516452760969564,1029.4999999993406,2302.225468232385
42976,33.516452760969564,1029.5199999993406,2302.23884175152
42977,33.516452760969564,1029.5399999993406,2302.2522149403408
42978,33.516452760969564,1029.5599999993406,2302.265587798854
42979,33.516452760969564,1029.5799999993405,2302.2789603270658
42980,33.516452760969564,1029.5999999993405,2302.2923325249826
42981,33.516452760969564,1029.6199999993405,2302.305704392611
42982,33.516452760969564,1029.6399999993405,2302.3190759299573
42983,33.516452760969564,1029.6599999993405,2302.3324471370274
42984,33.516452760969564,1029.6799999993405,2302.345818013828
42985,33.516452760969564,1029.6999999993404,2302.359188560366
42986,33.516452760969564,1029.7199999993404,2302.3725587766467
42987,33.516452760969564,1029.7399999993404,2302.385928662677
42988,33.516452760969564,1029.7599999993404,2302.399298218463
42989,33.516452760969564,1029.7799999993404,2302.4126674440117
42990,33.516452760969564,1029.7999999993403,2302.426036339329
42991,33.516452760969564,1029.8199999993403,2302.4394049044213
42992,33.516452760969564,1029.8399999993403,2302.452773139295
42993,33.516452760969564,1029.8599999993403,2302.466141043956
42994,33.516452760969564,1029.8799999993403,2302.4795086184117
42995,33.516452760969564,1029.8999999993403,2302.4928758626675
42996,33.516452760969564,1029.9199999993402,2302.5062427767302
42997,33.516452760969564,1029.9399999993402,2302.519609360606
42998,33.516452760969564,1029.9599999993402,2302.5329756143014
42999,33.516452760969564,1029.9799999993402,2302.5463415378226
43000,33.516452760969564,1029.9999999993402,2302.559707131176
43001,33.516452760969564,1030.0199999993401,2302.573072394368
43002,33.516452760969564,1030.0399999993401,2302.586437327405
43003,33.516452760969564,1030.05999999934,2302.599801930293
43004,33.516452760969564,1030.07999999934,2302.613166203039
43005,33.516452760969564,1030.09999999934,2302.6265301456488
43006,33.516452760969564,1030.11999999934,2302.639893758129
43007,33.516452760969564,1030.13999999934,2302.6532570404856
43008,33.516452760969564,1030.15999999934,2302.6666199927254
43009,33.516452760969564,1030.17999999934,2302.6799826148545
43010,33.516452760969564,1030.19999999934,2302.6933449068797
43011,33.516452760969564,1030.21999999934,2302.706706868807
43012,33.516452760969564,1030.23999999934,2302.720068500643
43013,33.516452760969564,1030.25999999934,2302.7334298023934
43014,33.516452760969564,1030.27999999934,2302.746790774065
43015,33.516452760969564,1030.29999999934,2302.7601514156645
43016,33.516452760969564,1030.3199999993399,2302.7735117271977
43017,33.516452760969564,1030.3399999993399,2302.786871708671
43018,33.516452760969564,1030.3599999993398,2302.800231360367
43019,33.516452760969564,1030.3799999993398,2302.813590682743
43020,33.516452760969564,1030.3999999993398,2302.826949675824
43021,33.516452760969564,1030.4199999993398,2302.8403083396165
43022,33.516452760969564,1030.4399999993398,2302.853666674127
43023,33.468771685599535,1030.4599999993397,2302.8670246793617
43024,33.468771685599535,1030.4799999993397,2302.880382355327
43025,33.468771685599535,1030.4999999993397,2302.8937397020295
43026,33.468771685599535,1030.5199999993397,2302.9070967194752
43027,33.468771685599535,1030.5399999993397,2302.9204534076707
43028,33.468771685599535,1030.5599999993397,2302.9338097666223
43029,33.468771685599535,1030.5799999993396,2302.9471657963363
43030,33.468771685599535,1030.5999999993396,2302.9605214968187
43031,33.468771685599535,1030.6199999993396,2302.9738768680763
43032,33.468771685599535,1030.6399999993396,2302.9872319101155
43033,33.468771685599535,1030.6599999993396,2303.000586622942
43034,33.468771685599535,1030.6799999993395,2303.013941006563
43035,33.468771685599535,1030.6999999993395,2303.027295060984
43036,33.468771685599535,1030.7199999993395,2303.0406487862124
43037,33.468771685599535,1030.7399999993395,2303.0540021822535
43038,33.468771685599535,1030.7599999993395,2303.0673552491144
43039,33.468771685599535,1030.7799999993395,2303.080707986801
43040,33.468771685599535,1030.7999999993394,2303.0940603953195
43041,33.468771685599535,1030.8199999993394,2303.1074124746765
43042,33.468771685599535,1030.8399999993394,2303.1207642248787
43043,33.468771685599535,1030.8599999993394,2303.134115645932
43044,33.468771685599535,1030.8799999993394,2303.147466737843
43045,33.468771685599535,1030.8999999993393,2303.1608175006177
43046,33.468771685599535,1030.9199999993393,2303.1741679342626
43047,33.468771685599535,1030.9399999993393,2303.187518038784
43048,33.468771685599535,1030.9599999993393,2303.2008678141883
43049,33.468771685599535,1030.9799999993393,2303.2142172604817
43050,33.468771685599535,1030.9999999993393,2303.227566377671
43051,33.468771685599535,1031.0199999993392,2303.240915165762
43052,33.468771685599535,1031.0399999993392,2303.2542636247613
43053,33.468771685599535,1031.0599999993392,2303.2676117546753
43054,33.468771685599535,1031.0799999993392,2303.28095955551
43055,33.468771685599535,1031.0999999993392,2303.294307027272
43056,33.468771685599535,1031.1199999993391,2303.307654169968
43057,33.468771685599535,1031.1399999993391,2303.3210009836034
43058,33.468771685599535,1031.159999999339,2303.3343474681856
43059,33.468771685599535,1031.179999999339,2303.3476936237203
43060,33.468771685599535,1031.199999999339,2303.361039450214
43061,33.468771685599535,1031.219999999339,2303.3743849476728
43062,33.468771685599535,1031.239999999339,2303.3877301161033
43063,33.468771685599535,1031.259999999339,2303.401074955512
43064,33.468771685599535,1031.279999999339,2303.4144194659048
43065,33.468771685599535,1031.299999999339,2303.4277636472884
43066,33.468771685599535,1031.319999999339,2303.441107499669
43067,33.468771685599535,1031.339999999339,2303.454451023053
43068,33.468771685599535,1031.359999999339,2303.4677942174467
43069,33.468771685599535,1031.379999999339,2303.4811370831453
43070,33.468771685599535,1031.399999999339,2303.4944796205286
43071,33.468771685599535,1031.4199999993389,2303.5078218296126
43072,33.468771685599535,1031.4399999993389,2303.5211637104035
43073,33.468771685599535,1031.4599999993388,2303.5345052629073
43074,33.468771685599535,1031.4799999993388,2303.5478464871308
43075,33.468771685599535,1031.4999999993388,2303.5611873830803
43076,33.468771685599535,1031.5199999993388,2303.574527950762
43077,33.468771685599535,1031.5399999993388,2303.5878681901822
43078,33.468771685599535,1031.5599999993387,2303.6012081013473
43079,33.468771685599535,1031.5799999993387,2303.614547684264
43080,33.468771685599535,1031.5999999993387,2303.627886938938
43081,33.468771685599535,1031.6199999993387,2303.641225865376
43082,33.468771685599535,1031.6399999993387,2303.654564463584
43083,33.468771685599535,1031.6599999993387,2303.667902733569
43084,33.468771685599535,1031.6799999993386,2303.681240675337
43085,33.468771685599535,1031.6999999993386,2303.6945782888943
43086,33.468771685599535,1031.7199999993386,2303.7079155742467
43087,33.468771685599535,1031.7399999993386,2303.721252531401
43088,33.468771685599535,1031.7599999993386,2303.734589160364
43089,33.468771685599535,1031.7799999993385,2303.7479254611417
43090,33.468771685599535,1031.7999999993385,2303.76126143374
43091,33.468771685599535,1031.8199999993385,2303.7745970781657
43092,33.468771685599535,1031.8399999993385,2303.787932394425
43093,33.468771685599535,1031.8599999993385,2303.801267382524
43094,33.468771685599535,1031.8799999993385,2303.8146020424697
43095,33.468771685599535,1031.8999999993384,2303.8279363742677
43096,33.468771685599535,1031.9199999993384,2303.8412703779245
43097,33.468771685599535,1031.9399999993384,2303.8546040534466
43098,33.468771685599535,1031.9599999993384,2303.86793740084
43099,33.468771685599535,1031.9799999993384,2303.881270420112
43100,33.468771685599535,1031.9999999993383,2303.8946031112678
43101,33.468771685599535,1032.0199999993383,2303.9079354743144
43102,33.468771685599535,1032.0399999993383,2303.9212675092576
43103,33.468771685599535,1032.0599999993383,2303.9345992161043
43104,33.468771685599535,1032.0799999993383,2303.9479305948607
43105,33.468771685599535,1032.0999999993383,2303.961261645533
43106,33.468771685599535,1032.1199999993382,2303.974592368127
43107,33.468771685599535,1032.1399999993382,2303.9879227626498
43108,33.468771685599535,1032.1599999993382,2304.0012528291077
43109,33.468771685599535,1032.1799999993382,2304.0145825675067
43110,33.468771685599535,1032.1999999993382,2304.0279119778534
43111,33.468771685599535,1032.2199999993381,2304.041241060154
43112,33.468771685599535,1032.2399999993381,2304.054569814414
43113,33.468771685599535,1032.259999999338,2304.067898240641
43114,33.468771685599535,1032.279999999338,2304.081226338841
43115,33.468771685599535,1032.299999999338,2304.09455410902
43116,33.468771685599535,1032.319999999338,2304.1078815511846
43117,33.468771685599535,1032.339999999338,2304.121208665341
43118,33.468771685599535,1032.359999999338,2304.134535451495
43119,33.468771685599535,1032.379999999338,2304.1478619096542
43120,33.468771685599535,1032.399999999338,2304.1611880401692
43121,33.468771685599535,1032.419999999338,2304.1745138434057
43122,33.468771685599535,1032.439999999338,2304.187839319372
43123,33.468771685599535,1032.459999999338,2304.2011644680742
43124,33.468771685599535,1032.479999999338,2304.2144892895185
43125,33.468771685599535,1032.499999999338,2304.2278137837116
43126,33.468771685599535,1032.5199999993379,2304.2411379506593
43127,33.468771685599535,1032.5399999993379,2304.254461790368
43128,33.468771685599535,1032.5599999993378,2304.267785302845
43129,33.468771685599535,1032.5799999993378,2304.2811084880955
43130,33.468771685599535,1032.5999999993378,2304.294431346126
43131,33.468771685599535,1032.6199999993378,2304.3077538769435
43132,33.468771685599535,1032.6399999993378,2304.3210760805537
43133,33.468771685599535,1032.6599999993377,2304.334397956963
43134,33.468771685599535,1032.6799999993377,2304.347719506178
43135,33.468771685599535,1032.6999999993377,2304.3610407282044
43136,33.468771685599535,1032.7199999993377,2304.3743616230495
43137,33.468771685599535,1032.7399999993377,2304.387682190719
43138,33.468771685599535,1032.7599999993377,2304.401002431219
43139,33.468771685599535,1032.7799999993376,2304.4143223445562
43140,33.468771685599535,1032.7999999993376,2304.427641930737
43141,33.468771685599535,1032.8199999993376,2304.4409611897677
43142,33.468771685599535,1032.8399999993376,2304.4542801216544
43143,33.468771685599535,1032.8599999993376,2304.4675987264036
43144,33.468771685599535,1032.8799999993375,2304.4809170040216
43145,33.468771685599535,1032.8999999993375,2304.4942349545145
43146,33.468771685599535,1032.9199999993375,2304.507552577889
43147,33.468771685599535,1032.9399999993375,2304.520869874151
43148,33.468771685599535,1032.9599999993375,2304.534186843307
43149,33.468771685599535,1032.9799999993375,2304.5475034853634
43150,33.468771685599535,1032.9999999993374,2304.5608198003265
43151,33.468771685599535,1033.0199999993374,2304.5741357882025
43152,33.468771685599535,1033.0399999993374,2304.587451448998
43153,33.468771685599535,1033.0599999993374,2304.600766782719
43154,33.468771685599535,1033.0799999993374,2304.614081789372
43155,33.468771685599535,1033.0999999993373,2304.627396468963
43156,33.468771685599535,1033.1199999993373,2304.640710821499
43157,33.468771685599535,1033.1399999993373,2304.6540248469855
43158,33.468771685599535,1033.1599999993373,2304.6673385454296
43159,33.468771685599535,1033.1799999993373,2304.680651916837
43160,33.468771685599535,1033.1999999993373,2304.6939649612145
43161,33.468771685599535,1033.2199999993372,2304.707277678568
43162,33.468771685599535,1033.2399999993372,2304.720590068904
43163,33.468771685599535,1033.2599999993372,2304.733902132229
43164,33.468771685599535,1033.2799999993372,2304.7472138685494
43165,33.468771685599535,1033.2999999993372,2304.760525277871
43166,33.468771685599535,1033.3199999993371,2304.7738363602
43167,33.468771685599535,1033.3399999993371,2304.7871471155436
43168,33.468771685599535,1033.359999999337,2304.800457543907
43169,33.468771685599535,1033.379999999337,2304.813767645298
43170,33.468771685599535,1033.399999999337,2304.827077419728
43171,33.468771685599535,1033.419999999337,2304.8403868675846
43172,33.468771685599535,1033.439999999337,2304.8536959891926
43173,33.468771685599535,1033.459999999337,2304.8670047845585
43174,33.468771685599535,1033.479999999337,2304.880313253689
43175,33.468771685599535,1033.499999999337,2304.8936213965903
43176,33.468771685599535,1033.519999999337,2304.9069292132685
43177,33.468771685599535,1033.539999999337,2304.92023670373
43178,33.468771685599535,1033.559999999337,2304.933543867981
43179,33.468771685599535,1033.579999999337,2304.946850706028
43180,33.468771685599535,1033.599999999337,2304.960157217877
43181,33.468771685599535,1033.6199999993369,2304.973463403535
43182,33.468771685599535,1033.6399999993369,2304.986769263008
43183,33.468771685599535,1033.6599999993368,2305.0000747963018
43184,33.468771685599535,1033.6799999993368,2305.013380003423
43185,33.468771685599535,1033.6999999993368,2305.0266848843785
43186,33.468771685599535,1033.7199999993368,2305.039989439174
43187,33.468771685599535,1033.7399999993368,2305.053293667816
43188,33.468771685599535,1033.7599999993367,2305.0665975703105
43189,33.468771685599535,1033.7799999993367,2305.0799011466643
43190,33.468771685599535,1033.7999999993367,2305.0932043968833
43191,33.468771685599535,1033.8199999993367,2305.1065073209743
43192,33.468771685599535,1033.8399999993367,2305.1198099189432
43193,33.468771685599535,1033.8599999993367,2305.1331121907965
43194,33.468771685599535,1033.8799999993366,2305.1464141365404
43195,33.468771685599535,1033.8999999993366,2305.1597157561814
43196,33.468771685599535,1033.9199999993366,2305.173017049726
43197,33.468771685599535,1033.9399999993366,2305.1863180171795
43198,33.468771685599535,1033.9599999993366,2305.1996186585493
43199,33.468771685599535,1033.9799999993365,2305.212918973841
43200,33.468771685599535,1033.9999999993365,2305.226218963062
43201,33.468771685599535,1034.0199999993365,2305.2395186262174
43202,33.468771685599535,1034.0399999993365,2305.252817963314
43203,33.468771685599535,1034.0599999993365,2305.2661169743583
43204,33.468771685599535,1034.0799999993365,2305.2794156593563
43205,33.468771685599535,1034.0999999993364,2305.292714018314
43206,33.468771685599535,1034.1199999993364,2305.3060120512387
43207,33.468771685599535,1034.1399999993364,2305.3193097581357
43208,33.468771685599535,1034.1599999993364,2305.332607139012
43209,33.468771685599535,1034.1799999993364,2305.3459041938736
43210,33.468771685599535,1034.1999999993363,2305.359200922727
43211,33.468771685599535,1034.2199999993363,2305.372497325578
43212,33.468771685599535,1034.2399999993363,2305.3857934024336
43213,33.468771685599535,1034.2599999993363,2305.3990891533
43214,33.468771685599535,1034.2799999993363,2305.412384578183
43215,33.468771685599535,1034.2999999993363,2305.425679677089
43216,33.468771685599535,1034.3199999993362,2305.438974450025
43217,33.468771685599535,1034.3399999993362,2305.4522688969964
43218,33.468771685599535,1034.3599999993362,2305.46556301801
43219,33.468771685599535,1034.3799999993362,2305.478856813072
43220,33.468771685599535,1034.3999999993362,2305.492150282189
43221,33.468771685599535,1034.4199999993361,2305.505443425382
43222,33.468771685599535,1034.4399999993361,2305.5187362430734
43223,33.468771685599535,1034.459999999336,2305.5320287355485
43224,33.468771685599535,1034.479999999336,2305.545320902814
43225,33.468771685599535,1034.499999999336,2305.5586127448764
43226,33.468771685599535,1034.519999999336,2305.5719042617416
43227,33.468771685599535,1034.539999999336,2305.5851954534155
43228,33.468771685599535,1034.559999999336,2305.598486319905
43229,33.468771685599535,1034.579999999336,2305.611776861216
43230,33.468771685599535,1034.599999999336,2305.625067077355
43231,33.468771685599535,1034.619999999336,2305.6383569683285
43232,33.468771685599535,1034.639999999336,2305.6516465341424
43233,33.468771685599535,1034.659999999336,2305.6649357748033
43234,33.468771685599535,1034.679999999336,2305.678224690317
43235,33.468771685599535,1034.699999999336,2305.6915132806907
43236,33.468771685599535,1034.7199999993359,2305.70480154593
43237,33.468771685599535,1034.7399999993359,2305.718089486041
43238,33.468771685599535,1034.7599999993358,2305.7313771010304
43239,33.468771685599535,1034.7799999993358,2305.7446643909043
43240,33.468771685599535,1034.7999999993358,2305.757951355669
43241,33.468771685599535,1034.8199999993358,2305.7712379953305
43242,33.468771685599535,1034.8399999993358,2305.7845243098955
43243,33.468771685599535,1034.8599999993357,2305.79781029937
43244,33.468771685599535,1034.8799999993357,2305.811095963761
43245,33.468771685599535,1034.8999999993357,2305.824381303074
43246,33.468771685599535,1034.9199999993357,2305.8376663173153
43247,33.468771685599535,1034.9399999993357,2305.8509510064914
43248,33.468771685599535,1034.9599999993357,2305.8642353706086
43249,33.468771685599535,1034.9799999993356,2305.8775194096734
43250,33.468771685599535,1034.9999999993356,2305.8908031236915
43251,33.468771685599535,1035.0199999993356,2305.9040865126694
43252,33.468771685599535,1035.0399999993356,2305.9173695766135
43253,33.468771685599535,1035.0599999993356,2305.93065231553
43254,33.468771685599535,1035.0799999993355,2305.9439347294256
43255,33.468771685599535,1035.0999999993355,2305.957216818306
43256,33.468771685599535,1035.1199999993355,2305.9704985821777
43257,33.468771685599535,1035.1399999993355,2305.983780021047
43258,33.468771685599535,1035.1599999993355,2305.9970611349204
43259,33.468771685599535,1035.1799999993355,2306.0103419238035
43260,33.468771685599535,1035.1999999993354,2306.023622387703
43261,33.468771685599535,1035.2199999993354,2306.0369025266255
43262,33.468771685599535,1035.2399999993354,2306.0501823405766
43263,33.468771685599535,1035.2599999993354,2306.063461829563
43264,33.468771685599535,1035.2799999993354,2306.076740993591
43265,33.468771685599535,1035.2999999993353,2306.0900198326667
43266,33.468771685599535,1035.3199999993353,2306.1032983467967
43267,33.468771685599535,1035.3399999993353,2306.116576535987
43268,33.468771685599535,1035.3599999993353,2306.129854400244
43269,33.468771685599535,1035.3799999993353,2306.1431319395733
43270,33.468771685599535,1035.3999999993353,2306.156409153982
43271,33.468771685599535,1035.4199999993352,2306.1696860434763
43272,33.468771685599535,1035.4399999993352,2306.182962608086
43273,33.468771685599535,1035.4599999993352,2306.1962388482793
43274,33.42120355628637,1035.4799999993352,2306.209514764306
43275,33.42120355628637,1035.4999999993352,2306.222790356172
43276,33.42120355628637,1035.5199999993351,2306.2360656238843
43277,33.42120355628637,1035.5399999993351,2306.249340567449
43278,33.42120355628637,1035.559999999335,2306.2626151868726
43279,33.42120355628637,1035.579999999335,2306.275889482161
43280,33.42120355628637,1035.599999999335,2306.2891634533207
43281,33.42120355628637,1035.619999999335,2306.3024371003585
43282,33.42120355628637,1035.639999999335,2306.31571042328
43283,33.42120355628637,1035.659999999335,2306.328983422092
43284,33.42120355628637,1035.679999999335,2306.3422560968006
43285,33.42120355628637,1035.699999999335,2306.3555284474123
43286,33.42120355628637,1035.719999999335,2306.3688004739333
43287,33.42120355628637,1035.739999999335,2306.38207217637
43288,33.42120355628637,1035.759999999335,2306.3953435547287
43289,33.42120355628637,1035.779999999335,2306.408614609016
43290,33.42120355628637,1035.799999999335,2306.4218853392376
43291,33.42120355628637,1035.8199999993349,2306.4351557454006
43292,33.42120355628637,1035.8399999993349,2306.448425827511
43293,33.42120355628637,1035.8599999993348,2306.461695585575
43294,33.42120355628637,1035.8799999993348,2306.474965019599
43295,33.42120355628637,1035.8999999993348,2306.4882341295893
43296,33.42120355628637,1035.9199999993348,2306.5015029155525
43297,33.42120355628637,1035.9399999993348,2306.5147713774945
43298,33.42120355628637,1035.9599999993347,2306.528039515422
43299,33.42120355628637,1035.9799999993347,2306.541307329341
43300,33.42120355628637,1035.9999999993347,2306.5545748192585
43301,33.42120355628637,1036.0199999993347,2306.56784198518
43302,33.42120355628637,1036.0399999993347,2306.5811088271125
43303,33.42120355628637,1036.0599999993347,2306.5943753450615
43304,33.42120355628637,1036.0799999993346,2306.607641539034
43305,33.42120355628637,1036.0999999993346,2306.620907409036
43306,33.42120355628637,1036.1199999993346,2306.634172955074
43307,33.42120355628637,1036.1399999993346,2306.6474381771545
43308,33.42120355628637,1036.1599999993346,2306.6607030752834
43309,33.42120355628637,1036.1799999993345,2306.6739676494676
43310,33.42120355628637,1036.1999999993345,2306.687231899713
43311,33.42120355628637,1036.2199999993345,2306.700495826026
43312,33.42120355628637,1036.2399999993345,2306.7137594284127
43313,33.42120355628637,1036.2599999993345,2306.72702270688
43314,33.42120355628637,1036.2799999993344,2306.7402856614335
43315,33.42120355628637,1036.2999999993344,2306.7535482920803
43316,33.42120355628637,1036.3199999993344,2306.766810598826
43317,33.42120355628637,1036.3399999993344,2306.7800725816774
43318,33.42120355628637,1036.3599999993344,2306.793334240641
43319,33.42120355628637,1036.3799999993344,2306.8065955757224
43320,33.42120355628637,1036.3999999993343,2306.8198565869284
43321,33.42120355628637,1036.4199999993343,2306.8331172742655
43322,33.42120355628637,1036.4399999993343,2306.84637763774
43323,33.42120355628637,1036.4599999993343,2306.8596376773876
43324,33.42120355628637,1036.4799999993343,2306.8728973936677
43325,33.42120355628637,1036.4999999993342,2306.88615678677
43326,33.42120355628637,1036.5199999993342,2306.8994158567007
43327,33.42120355628637,1036.5399999993342,2306.9126746034663
43328,33.42120355628637,1036.5599999993342,2306.925933027073
43329,33.42120355628637,1036.5799999993342,2306.939191127527
43330,33.42120355628637,1036.5999999993342,2306.952448904835
43331,33.42120355628637,1036.6199999993341,2306.965706359003
43332,33.42120355628637,1036.6399999993341,2306.9789634900376
43333,33.42120355628637,1036.659999999334,2306.9922202979446
43334,33.42120355628637,1036.679999999334,2307.0054767827305
43335,33.42120355628637,1036.699999999334,2307.0187329444016
43336,33.42120355628637,1036.719999999334,2307.031988782964
43337,33.42120355628637,1036.739999999334,2307.0452442984247
43338,33.42120355628637,1036.759999999334,2307.0584994907895
43339,33.42120355628637,1036.779999999334,2307.071754360065
43340,33.42120355628637,1036.799999999334,2307.085008906257
43341,33.42120355628637,1036.819999999334,2307.098263129372
43342,33.42120355628637,1036.839999999334,2307.111517029416
43343,33.42120355628637,1036.859999999334,2307.124770606396
43344,33.42120355628637,1036.879999999334,2307.138023860318
43345,33.42120355628637,1036.8999999993339,2307.151276791188
43346,33.42120355628637,1036.9199999993339,2307.164529399013
43347,33.42120355628637,1036.9399999993338,2307.177781683799
43348,33.42120355628637,1036.9599999993338,2307.1910336455517
43349,33.42120355628637,1036.9799999993338,2307.204285284278
43350,33.42120355628637,1036.9999999993338,2307.2175365999838
43351,33.42120355628637,1037.0199999993338,2307.230787592676
43352,33.42120355628637,1037.0399999993338,2307.2440382623604
43353,33.42120355628637,1037.0599999993337,2307.2572886090434
43354,33.42120355628637,1037.0799999993337,2307.270538632731
43355,33.42120355628637,1037.0999999993337,2307.2837883334305
43356,33.42120355628637,1037.1199999993337,2307.2970377111474
43357,33.42120355628637,1037.1399999993337,2307.3102867658877
43358,33.42120355628637,1037.1599999993336,2307.323535497658
43359,33.42120355628637,1037.1799999993336,2307.3367839064654
43360,33.42120355628637,1037.1999999993336,2307.350031992315
43361,33.42120355628637,1037.2199999993336,2307.3632797552136
43362,33.42120355628637,1037.2399999993336,2307.3765271951675
43363,33.42120355628637,1037.2599999993336,2307.389774312183
43364,33.42120355628637,1037.2799999993335,2307.4030211062664
43365,33.42120355628637,1037.2999999993335,2307.416267577424
43366,33.42120355628637,1037.3199999993335,2307.429513725662
43367,33.42120355628637,1037.3399999993335,2307.442759550987
43368,33.42120355628637,1037.3599999993335,2307.456005053405
43369,33.42120355628637,1037.3799999993334,2307.4692502329226
43370,33.42120355628637,1037.3999999993334,2307.4824950895454
43371,33.42120355628637,1037.4199999993334,2307.4957396232803
43372,33.42120355628637,1037.4399999993334,2307.5089838341332
43373,33.42120355628637,1037.4599999993334,2307.522227722111
43374,33.42120355628637,1037.4799999993334,2307.535471287259
43375,33.42120355628637,1037.4999999993333,2307.548714530091
43376,33.42120355628637,1037.5199999993333,2307.5619574507637
43377,33.42120355628637,1037.5399999993333,2307.575200049284
43378,33.42120355628637,1037.5599999993333,2307.588442325658
43379,33.42120355628637,1037.5799999993333,2307.6016842798917
43380,33.42120355628637,1037.5999999993332,2307.614925911992
43381,33.42120355628637,1037.6199999993332,2307.6281672219648
43382,33.42120355628637,1037.6399999993332,2307.6414082098163
43383,33.42120355628637,1037.6599999993332,2307.654648875553
43384,33.42120355628637,1037.6799999993332,2307.6678892191812
43385,33.42120355628637,1037.6999999993332,2307.6811292407074
43386,33.42120355628637,1037.7199999993331,2307.694368940138
43387,33.42120355628637,1037.7399999993331,2307.7076083174784
43388,33.42120355628637,1037.759999999333,2307.7208473727355
43389,33.42120355628637,1037.779999999333,2307.7340861059156
43390,33.42120355628637,1037.799999999333,2307.747324517025
43391,33.42120355628637,1037.819999999333,2307.76056260607
43392,33.42120355628637,1037.839999999333,2307.773800373057
43393,33.42120355628637,1037.859999999333,2307.787037817992
43394,33.42120355628637,1037.879999999333,2307.800274940881
43395,33.42120355628637,1037.899999999333,2307.813511741731
43396,33.42120355628637,1037.919999999333,2307.826748220548
43397,33.42120355628637,1037.939999999333,2307.839984377338
43398,33.42120355628637,1037.959999999333,2307.853220212108
43399,33.42120355628637,1037.979999999333,2307.866455724864
43400,33.42120355628637,1037.9999999993329,2307.8796909156117
43401,33.42120355628637,1038.0199999993329,2307.8929257843583
43402,33.42120355628637,1038.0399999993328,2307.9061603311097
43403,33.42120355628637,1038.0599999993328,2307.919394555872
43404,33.42120355628637,1038.0799999993328,2307.9326284586514
43405,33.42120355628637,1038.0999999993328,2307.9458620394544
43406,33.42120355628637,1038.1199999993328,2307.9590952982876
43407,33.42120355628637,1038.1399999993328,2307.972328235157
43408,33.42120355628637,1038.1599999993327,2307.985560850069
43409,33.42120355628637,1038.1799999993327,2307.9987931430296
43410,33.42120355628637,1038.1999999993327,2308.012025114045
43411,33.42120355628637,1038.2199999993327,2308.0252567631223
43412,33.42120355628637,1038.2399999993327,2308.038488090267
43413,33.42120355628637,1038.2599999993326,2308.0517190954856
43414,33.42120355628637,1038.2799999993326,2308.0649497787845
43415,33.42120355628637,1038.2999999993326,2308.07818014017
43416,33.42120355628637,1038.3199999993326,2308.091410179648
43417,33.42120355628637,1038.3399999993326,2308.1046398972253
43418,33.42120355628637,1038.3599999993326,2308.117869292908
43419,33.42120355628637,1038.3799999993325,2308.131098366702
43420,33.42120355628637,1038.3999999993325,2308.1443271186145
43421,33.42120355628637,1038.4199999993325,2308.157555548651
43422,33.42120355628637,1038.4399999993325,2308.170783656818
43423,33.42120355628637,1038.4599999993325,2308.184011443122
43424,33.42120355628637,1038.4799999993324,2308.197238907569
43425,33.42120355628637,1038.4999999993324,2308.210466050213
43426,33.42120355628637,1038.5199999993324,2308.223692871601
43427,33.42120355628637,1038.5399999993324,2308.2369193718487
43428,33.42120355628637,1038.5599999993324,2308.2501455509623
43429,33.42120355628637,1038.5799999993324,2308.2633714089484
43430,33.42120355628637,1038.5999999993323,2308.2765969458133
43431,33.42120355628637,1038.6199999993323,2308.2898221615633
43432,33.42120355628637,1038.6399999993323,2308.3030470562044
43433,33.42120355628637,1038.6599999993323,2308.316271629743
43434,33.42120355628637,1038.6799999993323,2308.3294958821857
43435,33.42120355628637,1038.6999999993322,2308.342719813538
43436,33.42120355628637,1038.7199999993322,2308.3559434238073
43437,33.42120355628637,1038.7399999993322,2308.3691667129992
43438,33.42120355628637,1038.7599999993322,2308.38238968112
43439,33.42120355628637,1038.7799999993322,2308.3956123281764
43440,33.42120355628637,1038.7999999993322,2308.4088346541744
43441,33.42120355628637,1038.8199999993321,2308.4220566591202
43442,33.42120355628637,1038.8399999993321,2308.4352783430204
43443,33.42120355628637,1038.859999999332,2308.4484997058807
43444,33.42120355628637,1038.879999999332,2308.461720747708
43445,33.42120355628637,1038.899999999332,2308.4749414685084
43446,33.42120355628637,1038.919999999332,2308.488161868288
43447,33.42120355628637,1038.939999999332,2308.5013819470532
43448,33.42120355628637,1038.959999999332,2308.5146017048105
43449,33.42120355628637,1038.979999999332,2308.5278211415657
43450,33.42120355628637,1038.999999999332,2308.541040257325
43451,33.42120355628637,1039.019999999332,2308.554259052096
43452,33.42120355628637,1039.039999999332,2308.5674775258835
43453,33.42120355628637,1039.059999999332,2308.5806956786946
43454,33.42120355628637,1039.079999999332,2308.593913510535
43455,33.42120355628637,1039.0999999993319,2308.6071310214115
43456,33.42120355628637,1039.1199999993319,2308.62034821133
43457,33.42120355628637,1039.1399999993318,2308.633565080297
43458,33.42120355628637,1039.1599999993318,2308.646781628319
43459,33.42120355628637,1039.1799999993318,2308.659997855402
43460,33.42120355628637,1039.1999999993318,2308.673213761552
43461,33.42120355628637,1039.2199999993318,2308.6864293467756
43462,33.42120355628637,1039.2399999993318,2308.6996446110793
43463,33.42120355628637,1039.2599999993317,2308.712859554469
43464,33.42120355628637,1039.2799999993317,2308.7260741769514
43465,33.42120355628637,1039.2999999993317,2308.7392884785327
43466,33.42120355628637,1039.3199999993317,2308.7525024592187
43467,33.42120355628637,1039.3399999993317,2308.765716119016
43468,33.42120355628637,1039.3599999993316,2308.778929457931
43469,33.42120355628637,1039.3799999993316,2308.79214247597
43470,33.42120355628637,1039.3999999993316,2308.805355173139
43471,33.42120355628637,1039.4199999993316,2308.8185675494447
43472,33.42120355628637,1039.4399999993316,2308.8317796048927
43473,33.42120355628637,1039.4599999993316,2308.8449913394898
43474,33.42120355628637,1039.4799999993315,2308.858202753242
43475,33.42120355628637,1039.4999999993315,2308.871413846156
43476,33.42120355628637,1039.5199999993315,2308.8846246182943
43477,33.42120355628637,1039.5399999993315,2308.8978350702405
43478,33.42120355628637,1039.5599999993315,2308.91104520207
43479,33.42120355628637,1039.5799999993314,2308.924255013789
43480,33.42120355628637,1039.5999999993314,2308.9374645054045
43481,33.42120355628637,1039.6199999993314,2308.9506736769217
43482,33.42120355628637,1039.6399999993314,2308.9638825283478
43483,33.42120355628637,1039.6599999993314,2308.977091059688
43484,33.42120355628637,1039.6799999993314,2308.9902992709494
43485,33.42120355628637,1039.6999999993313,2309.003507162138
43486,33.42120355628637,1039.7199999993313,2309.0167147332595
43487,33.42120355628637,1039.7399999993313,2309.029921984321
43488,33.42120355628637,1039.7599999993313,2309.043128915328
43489,33.42120355628637,1039.7799999993313,2309.0563355262875
43490,33.42120355628637,1039.7999999993312,2309.0695418172054
43491,33.42120355628637,1039.8199999993312,2309.0827477880875
43492,33.42120355628637,1039.8399999993312,2309.0959534389403
43493,33.42120355628637,1039.8599999993312,2309.1091587697706
43494,33.42120355628637,1039.8799999993312,2309.122363780584
43495,33.42120355628637,1039.8999999993312,2309.1355684713867
43496,33.42120355628637,1039.9199999993311,2309.1487728421853
43497,33.42120355628637,1039.9399999993311,2309.161976892986
43498,33.42120355628637,1039.959999999331,2309.1751806237944
43499,33.42120355628637,1039.979999999331,2309.1883840346177
43500,33.42120355628637,1039.999999999331,2309.2015871254616
43501,33.42120355628637,1040.019999999331,2309.2147898963326
43502,33.42120355628637,1040.039999999331,2309.2279923472365
43503,33.42120355628637,1040.059999999331,2309.2411944781798
43504,33.42120355628637,1040.079999999331,2309.2543962891687
43505,33.42120355628637,1040.099999999331,2309.2675977802096
43506,33.42120355628637,1040.119999999331,2309.2807989513085
43507,33.42120355628637,1040.139999999331,2309.2939998024717
43508,33.42120355628637,1040.159999999331,2309.3072003337056
43509,33.42120355628637,1040.179999999331,2309.320400545016
43510,33.42120355628637,1040.1999999993309,2309.3336004364096
43511,33.42120355628637,1040.2199999993309,2309.3468000078924
43512,33.42120355628637,1040.2399999993308,2309.359999259471
43513,33.42120355628637,1040.2599999993308,2309.373198191151
43514,33.42120355628637,1040.2799999993308,2309.386396802939
43515,33.42120355628637,1040.2999999993308,2309.3995950948415
43516,33.42120355628637,1040.3199999993308,2309.412793066864
43517,33.42120355628637,1040.3399999993308,2309.4259907190135
43518,33.42120355628637,1040.3599999993307,2309.439188051296
43519,33.42120355628637,1040.3799999993307,2309.452385063717
43520,33.42120355628637,1040.3999999993307,2309.4655817562834
43521,33.42120355628637,1040.4199999993307,2309.4787781290015
43522,33.42120355628637,1040.4399999993307,2309.4919741818776
43523,33.42120355628637,1040.4599999993306,2309.5051699149176
43524,33.42120355628637,1040.4799999993306,2309.518365328128
43525,33.42120355628637,1040.4999999993306,2309.5315604215148
43526,33.37374799882228,1040.5199999993306,2309.5447551950842
43527,33.37374799882228,1040.5399999993306,2309.557949648935
43528,33.37374799882228,1040.5599999993306,2309.5711437836508
43529,33.37374799882228,1040.5799999993305,2309.5843375992927
43530,33.37374799882228,1040.5999999993305,2309.5975310958665
43531,33.37374799882228,1040.6199999993305,2309.6107242733788
43532,33.37374799882228,1040.6399999993305,2309.6239171318357
43533,33.37374799882228,1040.6599999993305,2309.6371096712437
43534,33.37374799882228,1040.6799999993304,2309.650301891609
43535,33.37374799882228,1040.6999999993304,2309.6634937929384
43536,33.37374799882228,1040.7199999993304,2309.6766853752374
43537,33.37374799882228,1040.7399999993304,2309.689876638513
43538,33.37374799882228,1040.7599999993304,2309.7030675827714
43539,33.37374799882228,1040.7799999993304,2309.7162582080186
43540,33.37374799882228,1040.7999999993303,2309.729448514261
43541,33.37374799882228,1040.8199999993303,2309.7426385015056
43542,33.37374799882228,1040.8399999993303,2309.755828169758
43543,33.37374799882228,1040.8599999993303,2309.7690175190246
43544,33.37374799882228,1040.8799999993303,2309.782206549312
43545,33.37374799882228,1040.8999999993302,2309.7953952606267
43546,33.37374799882228,1040.9199999993302,2309.808583652975
43547,33.37374799882228,1040.9399999993302,2309.8217717263624
43548,33.37374799882228,1040.9599999993302,2309.834959480796
43549,33.37374799882228,1040.9799999993302,2309.848146916282
43550,33.37374799882228,1040.9999999993302,2309.861334032827
43551,33.37374799882228,1041.0199999993301,2309.8745208304367
43552,33.37374799882228,1041.0399999993301,2309.887707309118
43553,33.37374799882228,1041.05999999933,2309.900893468877
43554,33.37374799882228,1041.07999999933,2309.91407930972
43555,33.37374799882228,1041.09999999933,2309.9272648316532
43556,33.37374799882228,1041.11999999933,2309.940450034683
43557,33.37374799882228,1041.13999999933,2309.953634918816
43558,33.37374799882228,1041.15999999933,2309.9668194840583
43559,33.37374799882228,1041.17999999933,2309.9800037304162
43560,33.37374799882228,1041.19999999933,2309.993187657896
43561,33.37374799882228,1041.21999999933,2310.006371266648
43562,33.37374799882228,1041.23999999933,2310.0195545581405
43563,33.37374799882228,1041.25999999933,2310.0327375325537
43564,33.37374799882228,1041.27999999933,2310.045920189894
43565,33.37374799882228,1041.2999999993299,2310.0591025301674
43566,33.37374799882228,1041.3199999993299,2310.0722845533805
43567,33.37374799882228,1041.3399999993298,2310.0854662595398
43568,33.37374799882228,1041.3599999993298,2310.0986476486514
43569,33.37374799882228,1041.3799999993298,2310.111828720722
43570,33.37374799882228,1041.3999999993298,2310.1250094757575
43571,33.37374799882228,1041.4199999993298,2310.1381899137646
43572,33.37374799882228,1041.4399999993298,2310.1513700347496
43573,33.37374799882228,1041.4599999993297,2310.164549838719
43574,33.37374799882228,1041.4799999993297,2310.1777293256787
43575,33.37374799882228,1041.4999999993297,2310.1909084956355
43576,33.37374799882228,1041.5199999993297,2310.2040873485957
43577,33.37374799882228,1041.5399999993297,2310.2172658845657
43578,33.37374799882228,1041.5599999993296,2310.2304441036745
43579,33.37374799882228,1041.5799999993296,2310.243622006423
43580,33.37374799882228,1041.5999999993296,2310.256799592858
43581,33.37374799882228,1041.6199999993296,2310.269976862987
43582,33.37374799882228,1041.6399999993296,2310.2831538168157
43583,33.37374799882228,1041.6599999993296,2310.296330454351
43584,33.37374799882228,1041.6799999993295,2310.3095067755985
43585,33.37374799882228,1041.6999999993295,2310.322682780565
43586,33.37374799882228,1041.7199999993295,2310.335858469257
43587,33.37374799882228,1041.7399999993295,2310.3490338416805
43588,33.37374799882228,1041.7599999993295,2310.362208897842
43589,33.37374799882228,1041.7799999993294,2310.3753836377477
43590,33.37374799882228,1041.7999999993294,2310.388558061404
43591,33.37374799882228,1041.8199999993294,2310.401732168818
43592,33.37374799882228,1041.8399999993294,2310.414905959995
43593,33.37374799882228,1041.8599999993294,2310.428079434942
43594,33.37374799882228,1041.8799999993294,2310.441252593665
43595,33.37374799882228,1041.8999999993293,2310.4544254361704
43596,33.37374799882228,1041.9199999993293,2310.4675979624644
43597,33.37374799882228,1041.9399999993293,2310.480770172554
43598,33.37374799882228,1041.9599999993293,2310.493942066445
43599,33.37374799882228,1041.9799999993293,2310.507113644144
43600,33.37374799882228,1041.9999999993292,2310.520284905657
43601,33.37374799882228,1042.0199999993292,2310.5334558509903
43602,33.37374799882228,1042.0399999993292,2310.5466264801507
43603,33.37374799882228,1042.0599999993292,2310.5597967931444
43604,33.37374799882228,1042.0799999993292,2310.5729667899777
43605,33.37374799882228,1042.0999999993292,2310.586136470657
43606,33.37374799882228,1042.1199999993291,2310.5993058351887
43607,33.37374799882228,1042.1399999993291,2310.612474883579
43608,33.37374799882228,1042.159999999329,2310.625643615834
43609,33.37374799882228,1042.179999999329,2310.6388120319607
43610,33.37374799882228,1042.199999999329,2310.651980131965
43611,33.37374799882228,1042.219999999329,2310.665147915853
43612,33.37374799882228,1042.239999999329,2310.678315383632
43613,33.37374799882228,1042.259999999329,2310.6914825353074
43614,33.37374799882228,1042.279999999329,2310.704649370886
43615,33.37374799882228,1042.299999999329,2310.717815890374
43616,33.37374799882228,1042.319999999329,2310.7309820937776
43617,33.37374799882228,1042.339999999329,2310.744147981103
43618,33.37374799882228,1042.359999999329,2310.7573135523576
43619,33.37374799882228,1042.379999999329,2310.7704788075466
43620,33.37374799882228,1042.3999999993289,2310.7836437466767
43621,33.37374799882228,1042.4199999993289,2310.796808369754
43622,33.37374799882228,1042.4399999993288,2310.8099726767855
43623,33.37374799882228,1042.4599999993288,2310.8231366677774
43624,33.37374799882228,1042.4799999993288,2310.8363003427357
43625,33.37374799882228,1042.4999999993288,2310.849463701667
43626,33.37374799882228,1042.5199999993288,2310.862626744577
43627,33.37374799882228,1042.5399999993288,2310.8757894714727
43628,33.37374799882228,1042.5599999993287,2310.8889518823603
43629,33.37374799882228,1042.5799999993287,2310.902113977415
43630,33.37374799882228,1042.5999999993287,2310.9152757571273
43631,33.37374799882228,1042.6199999993287,2310.9284372215393
43632,33.37374799882228,1042.6399999993287,2310.9415983706567
43633,33.37374799882228,1042.6599999993286,2310.9547592044864
43634,33.37374799882228,1042.6799999993286,2310.9679197230344
43635,33.37374799882228,1042.6999999993286,2310.981079926307
43636,33.37374799882228,1042.7199999993286,2310.9942398143103
43637,33.37374799882228,1042.7399999993286,2311.0073993870515
43638,33.37374799882228,1042.7599999993286,2311.0205586445363
43639,33.37374799882228,1042.7799999993285,2311.033717586771
43640,33.37374799882228,1042.7999999993285,2311.0468762137625
43641,33.37374799882228,1042.8199999993285,2311.0600345255166
43642,33.37374799882228,1042.8399999993285,2311.07319252204
43643,33.37374799882228,1042.8599999993285,2311.086350203338
43644,33.37374799882228,1042.8799999993284,2311.099507569418
43645,33.37374799882228,1042.8999999993284,2311.1126646202865
43646,33.37374799882228,1042.9199999993284,2311.1258213559495
43647,33.37374799882228,1042.9399999993284,2311.138977776413
43648,33.37374799882228,1042.9599999993284,2311.1521338816838
43649,33.37374799882228,1042.9799999993284,2311.165289671768
43650,33.37374799882228,1042.9999999993283,2311.178445146672
43651,33.37374799882228,1043.0199999993283,2311.191600306402
43652,33.37374799882228,1043.0399999993283,2311.2047551509645
43653,33.37374799882228,1043.0599999993283,2311.2179096803657
43654,33.37374799882228,1043.0799999993283,2311.2310638946124
43655,33.37374799882228,1043.0999999993282,2311.2442177937105
43656,33.37374799882228,1043.1199999993282,2311.2573713776665
43657,33.37374799882228,1043.1399999993282,2311.2705246464866
43658,33.37374799882228,1043.1599999993282,2311.2836776001773
43659,33.37374799882228,1043.1799999993282,2311.296830238745
43660,33.37374799882228,1043.1999999993282,2311.3099825621953
43661,33.37374799882228,1043.2199999993281,2311.3231345705353
43662,33.37374799882228,1043.2399999993281,2311.3362862637714
43663,33.37374799882228,1043.259999999328,2311.3494376419094
43664,33.37374799882228,1043.279999999328,2311.362588704956
43665,33.37374799882228,1043.299999999328,2311.3757394529175
43666,33.37374799882228,1043.319999999328,2311.3888898858004
43667,33.37374799882228,1043.339999999328,2311.4020400036106
43668,33.37374799882228,1043.359999999328,2311.4151898063546
43669,33.37374799882228,1043.379999999328,2311.428339294039
43670,33.37374799882228,1043.399999999328,2311.44148846667
43671,33.37374799882228,1043.419999999328,2311.454637324254
43672,33.37374799882228,1043.439999999328,2311.467785866797
43673,33.37374799882228,1043.459999999328,2311.480934094305
43674,33.37374799882228,1043.479999999328,2311.4940820067854
43675,33.37374799882228,1043.4999999993279,2311.507229604244
43676,33.37374799882228,1043.5199999993279,2311.5203768866872
43677,33.37374799882228,1043.5399999993278,2311.533523854121
43678,33.37374799882228,1043.5599999993278,2311.5466705065523
43679,33.37374799882228,1043.5799999993278,2311.559816843987
43680,33.37374799882228,1043.5999999993278,2311.5729628666404
43681,33.37374799882228,1043.6199999993278,2311.586108574971
43682,33.37374799882228,1043.6399999993278,2311.599253969012
43683,33.37374799882228,1043.6599999993277,2311.612399048769
43684,33.37374799882228,1043.6799999993277,2311.6255438142493
43685,33.37374799882228,1043.6999999993277,2311.6386882654588
43686,33.37374799882228,1043.7199999993277,2311.6518324024037
43687,33.37374799882228,1043.7399999993277,2311.6649762250904
43688,33.37374799882228,1043.7599999993276,2311.6781197335254
43689,33.37374799882228,1043.7799999993276,2311.691262927715
43690,33.37374799882228,1043.7999999993276,2311.7044058076654
43691,33.37374799882228,1043.8199999993276,2311.717548373383
43692,33.37374799882228,1043.8399999993276,2311.7306906248746
43693,33.37374799882228,1043.8599999993276,2311.743832562146
43694,33.37374799882228,1043.8799999993275,2311.7569741852035
43695,33.37374799882228,1043.8999999993275,2311.7701154940537
43696,33.37374799882228,1043.9199999993275,2311.7832564887026
43697,33.37374799882228,1043.9399999993275,2311.796397169157
43698,33.37374799882228,1043.9599999993275,2311.809537535423
43699,33.37374799882228,1043.9799999993274,2311.8226775875064
43700,33.37374799882228,1043.9999999993274,2311.835817325414
43701,33.37374799882228,1044.0199999993274,2311.8489567491524
43702,33.37374799882228,1044.0399999993274,2311.8620958587276
43703,33.37374799882228,1044.0599999993274,2311.875234654146
43704,33.37374799882228,1044.0799999993274,2311.888373135414
43705,33.37374799882228,1044.0999999993273,2311.901511302538
43706,33.37374799882228,1044.1199999993273,2311.914649155524
43707,33.37374799882228,1044.1399999993273,2311.9277866943785
43708,33.37374799882228,1044.1599999993273,2311.9409239191077
43709,33.37374799882228,1044.1799999993273,2311.9540608297184
43710,33.37374799882228,1044.1999999993272,2311.9671974262164
43711,33.37374799882228,1044.2199999993272,2311.980333708608
43712,33.37374799882228,1044.2399999993272,2311.9934696769005
43713,33.37374799882228,1044.2599999993272,2312.0066053310993
43714,33.37374799882228,1044.2799999993272,2312.019740671211
43715,33.37374799882228,1044.2999999993272,2312.0328756972417
43716,33.37374799882228,1044.3199999993271,2312.0460104091976
43717,33.37374799882228,1044.3399999993271,2312.0591448070854
43718,33.37374799882228,1044.359999999327,2312.0722788909115
43719,33.37374799882228,1044.379999999327,2312.085412660682
43720,33.37374799882228,1044.399999999327,2312.098546116403
43721,33.37374799882228,1044.419999999327,2312.1116792580815
43722,33.37374799882228,1044.439999999327,2312.124812085723
43723,33.37374799882228,1044.459999999327,2312.137944599335
43724,33.37374799882228,1044.479999999327,2312.1510767989225
43725,33.37374799882228,1044.499999999327,2312.1642086844927
43726,33.37374799882228,1044.519999999327,2312.1773402560516
43727,33.37374799882228,1044.539999999327,2312.190471513605
43728,33.37374799882228,1044.559999999327,2312.2036024571603
43729,33.37374799882228,1044.579999999327,2312.2167330867233
43730,33.37374799882228,1044.5999999993269,2312.2298634023
43731,33.37374799882228,1044.6199999993269,2312.2429934041497
43732,33.37374799882228,1044.6399999993268,2312.256123092702
43733,33.37374799882228,1044.6599999993268,2312.269252467983
43734,33.37374799882228,1044.6799999993268,2312.2823815299976
43735,33.37374799882228,1044.6999999993268,2312.295510278753
43736,33.37374799882228,1044.7199999993268,2312.3086387142557
43737,33.37374799882228,1044.7399999993268,2312.321766836512
43738,33.37374799882228,1044.7599999993267,2312.3348946455276
43739,33.37374799882228,1044.7799999993267,2312.3480221413092
43740,33.37374799882228,1044.7999999993267,2312.3611493238627
43741,33.37374799882228,1044.8199999993267,2312.374276193195
43742,33.37374799882228,1044.8399999993267,2312.387402749312
43743,33.37374799882228,1044.8599999993266,2312.40052899222
43744,33.37374799882228,1044.8799999993266,2312.4136549219256
43745,33.37374799882228,1044.8999999993266,2312.4267805384347
43746,33.37374799882228,1044.9199999993266,2312.439905841754
43747,33.37374799882228,1044.9399999993266,2312.4530308318895
43748,33.37374799882228,1044.9599999993266,2312.466155508848
43749,33.37374799882228,1044.9799999993265,2312.479279872635
43750,33.37374799882228,1044.9999999993265,2312.4924039232574
43751,33.37374799882228,1045.0199999993265,2312.5055276607213
43752,33.37374799882228,1045.0399999993265,2312.518651085033
43753,33.37374799882228,1045.0599999993265,2312.531774196199
43754,33.37374799882228,1045.0799999993264,2312.544896994225
43755,33.37374799882228,1045.0999999993264,2312.558019479118
43756,33.37374799882228,1045.1199999993264,2312.5711416508834
43757,33.37374799882228,1045.1399999993264,2312.5842635095282
43758,33.37374799882228,1045.1599999993264,2312.597385055059
43759,33.37374799882228,1045.1799999993264,2312.6105062874813
43760,33.37374799882228,1045.1999999993263,2312.6236272068018
43761,33.37374799882228,1045.2199999993263,2312.636747813027
43762,33.37374799882228,1045.2399999993263,2312.6498681061626
43763,33.37374799882228,1045.2599999993263,2312.6629880862156
43764,33.37374799882228,1045.2799999993263,2312.676107753192
43765,33.37374799882228,1045.2999999993262,2312.689227107098
43766,33.37374799882228,1045.3199999993262,2312.7023461479394
43767,33.37374799882228,1045.3399999993262,2312.7154648757232
43768,33.37374799882228,1045.3599999993262,2312.728583290456
43769,33.37374799882228,1045.3799999993262,2312.741701392143
43770,33.37374799882228,1045.3999999993262,2312.7548191807914
43771,33.37374799882228,1045.4199999993261,2312.767936656407
43772,33.37374799882228,1045.4399999993261,2312.7810538189965
43773,33.37374799882228,1045.459999999326,2312.7941706685656
43774,33.37374799882228,1045.479999999326,2312.807287205121
43775,33.37374799882228,1045.499999999326,2312.820403428669
43776,33.37374799882228,1045.519999999326,2312.833519339216
43777,33.37374799882228,1045.539999999326,2312.8466349367677
43778,33.37374799882228,1045.559999999326,2312.859750221331
43779,33.37374799882228,1045.579999999326,2312.8728651929123
43780,33.37374799882228,1045.599999999326,2312.8859798515173
43781,33.37374799882228,1045.619999999326,2312.899094197153
43782,33.37374799882228,1045.639999999326,2312.91220823012
43783,33.326404640592024,1045.659999999326,2312.9253219508187
43784,33.326404640592024,1045.679999999326,2312.938435359266
43785,33.326404640592024,1045.6999999993259,2312.951548455468
43786,33.326404640592024,1045.7199999993259,2312.9646612394317
43787,33.326404640592024,1045.7399999993258,2312.977773711163
43788,33.326404640592024,1045.7599999993258,2312.9908858706685
43789,33.326404640592024,1045.7799999993258,2313.0039977179545
43790,33.326404640592024,1045.7999999993258,2313.017109253027
43791,33.326404640592024,1045.8199999993258,2313.0302204758923
43792,33.326404640592024,1045.8399999993258,2313.0433313865574
43793,33.326404640592024,1045.8599999993257,2313.0564419850284
43794,33.326404640592024,1045.8799999993257,2313.0695522713117
43795,33.326404640592024,1045.8999999993257,2313.0826622454138
43796,33.326404640592024,1045.9199999993257,2313.095771907341
43797,33.326404640592024,1045.9399999993257,2313.108881257099
43798,33.326404640592024,1045.9599999993256,2313.1219902946946
43799,33.326404640592024,1045.9799999993256,2313.1350990201345
43800,33.326404640592024,1045.9999999993256,2313.148207433425
43801,33.326404640592024,1046.0199999993256,2313.1613155345717
43802,33.326404640592024,1046.0399999993256,2313.174423323582
43803,33.326404640592024,1046.0599999993256,2313.1875308004614
43804,33.326404640592024,1046.0799999993255,2313.200637965217
43805,33.326404640592024,1046.0999999993255,2313.2137448178546
43806,33.326404640592024,1046.1199999993255,2313.226851358381
43807,33.326404640592024,1046.1399999993255,2313.239957586802
43808,33.326404640592024,1046.1599999993255,2313.2530635031244
43809,33.326404640592024,1046.1799999993254,2313.2661691073545
43810,33.326404640592024,1046.1999999993254,2313.2792743994983
43811,33.326404640592024,1046.2199999993254,2313.2923793795626
43812,33.326404640592024,1046.2399999993254,2313.3054840475534
43813,33.326404640592024,1046.2599999993254,2313.3185884034774
43814,33.326404640592024,1046.2799999993254,2313.3316924473406
43815,33.326404640592024,1046.2999999993253,2313.34479617915
43816,33.326404640592024,1046.3199999993253,2313.357899598911
43817,33.326404640592024,1046.3399999993253,2313.371002706631
43818,33.326404640592024,1046.3599999993253,2313.3841055023154
43819,33.326404640592024,1046.3799999993253,2313.397207985971
43820,33.326404640592024,1046.3999999993252,2313.4103101576043
43821,33.326404640592024,1046.4199999993252,2313.4234120172214
43822,33.326404640592024,1046.4399999993252,2313.4365135648286
43823,33.326404640592024,1046.4599999993252,2313.4496148004323
43824,33.326404640592024,1046.4799999993252,2313.4627157240393
43825,33.326404640592024,1046.4999999993252,2313.4758163356555
43826,33.326404640592024,1046.5199999993251,2313.4889166352873
43827,33.326404640592024,1046.5399999993251,2313.502016622941
43828,33.326404640592024,1046.559999999325,2313.515116298623
43829,33.326404640592024,1046.579999999325,2313.52821566234
43830,33.326404640592024,1046.599999999325,2313.5413147140976
43831,33.326404640592024,1046.619999999325,2313.5544134539027
43832,33.326404640592024,1046.639999999325,2313.5675118817617
43833,33.326404640592024,1046.659999999325,2313.580609997994
43834,33.326404640592024,1046.679999999325,2313.5937078029415
43835,33.326404640592024,1046.699999999325,2313.606805296613
43836,33.326404640592024,1046.719999999325,2313.619902479015
43837,33.326404640592024,1046.739999999325,2313.6329993501536
43838,33.326404640592024,1046.759999999325,2313.646095910035
43839,33.326404640592024,1046.779999999325,2313.659192158666
43840,33.326404640592024,1046.7999999993249,2313.6722880960524
43841,33.326404640592024,1046.8199999993249,2313.685383722201
43842,33.326404640592024,1046.8399999993248,2313.698479037118
43843,33.326404640592024,1046.8599999993248,2313.71157404081
43844,33.326404640592024,1046.8799999993248,2313.7246687332827
43845,33.326404640592024,1046.8999999993248,2313.7377631145428
43846,33.326404640592024,1046.9199999993248,2313.7508571845965
43847,33.326404640592024,1046.9399999993248,2313.7639509434503
43848,33.326404640592024,1046.9599999993247,2313.7770443911104
43849,33.326404640592024,1046.9799999993247,2313.790137527583
43850,33.326404640592024,1046.9999999993247,2313.8032303528744
43851,33.326404640592024,1047.0199999993247,2313.8163228669914
43852,33.326404640592024,1047.0399999993247,2313.82941506994
43853,33.326404640592024,1047.0599999993246,2313.8425069617265
43854,33.326404640592024,1047.0799999993246,2313.8555985423573
43855,33.326404640592024,1047.0999999993246,2313.8686898118385
43856,33.326404640592024,1047.1199999993246,2313.8817807701766
43857,33.326404640592024,1047.1399999993246,2313.894871417378
43858,33.326404640592024,1047.1599999993246,2313.907961753449
43859,33.326404640592024,1047.1799999993245,2313.921051778396
43860,33.326404640592024,1047.1999999993245,2313.934141492225
43861,33.326404640592024,1047.2199999993245,2313.947230894943
43862,33.326404640592024,1047.2399999993245,2313.9603199865555
43863,33.326404640592024,1047.2599999993245,2313.9734087670695
43864,33.326404640592024,1047.2799999993244,2313.986497236491
43865,33.326404640592024,1047.2999999993244,2313.9995853948258
43866,33.326404640592024,1047.3199999993244,2314.0126732420813
43867,33.326404640592024,1047.3399999993244,2314.0257607782632
43868,33.326404640592024,1047.3599999993244,2314.038848003378
43869,33.326404640592024,1047.3799999993244,2314.051934917432
43870,33.326404640592024,1047.3999999993243,2314.0650215204314
43871,33.326404640592024,1047.4199999993243,2314.0781078123823
43872,33.326404640592024,1047.4399999993243,2314.0911937932915
43873,33.326404640592024,1047.4599999993243,2314.1042794631653
43874,33.326404640592024,1047.4799999993243,2314.1173648220097
43875,33.326404640592024,1047.4999999993242,2314.130449869831
43876,33.326404640592024,1047.5199999993242,2314.143534606636
43877,33.326404640592024,1047.5399999993242,2314.1566190324306
43878,33.326404640592024,1047.5599999993242,2314.1697031472213
43879,33.326404640592024,1047.5799999993242,2314.1827869510144
43880,33.326404640592024,1047.5999999993242,2314.195870443816
43881,33.326404640592024,1047.6199999993241,2314.2089536256326
43882,33.326404640592024,1047.6399999993241,2314.2220364964705
43883,33.326404640592024,1047.659999999324,2314.235119056342
43884,33.326404640592024,1047.679999999324,2314.2482013056133
43885,33.326404640592024,1047.699999999324,2314.261283244604
43886,33.326404640592024,1047.719999999324,2314.2743648733194
43887,33.326404640592024,1047.739999999324,2314.287446191767
43888,33.326404640592024,1047.759999999324,2314.300527199952
43889,33.326404640592024,1047.779999999324,2314.3136078978814
43890,33.326404640592024,1047.799999999324,2314.3266882855614
43891,33.326404640592024,1047.819999999324,2314.3397683629983
43892,33.326404640592024,1047.839999999324,2314.3528481301983
43893,33.326404640592024,1047.859999999324,2314.365927587168
43894,33.326404640592024,1047.879999999324,2314.3790067339132
43895,33.326404640592024,1047.8999999993239,2314.392085570441
43896,33.326404640592024,1047.9199999993239,2314.4051640967573
43897,33.326404640592024,1047.9399999993238,2314.418242312868
43898,33.326404640592024,1047.9599999993238,2314.4313202187805
43899,33.326404640592024,1047.9799999993238,2314.4443978145
43900,33.326404640592024,1047.9999999993238,2314.457475100033
43901,33.326404640592024,1048.0199999993238,2314.470552075387
43902,33.326404640592024,1048.0399999993238,2314.483628740567
43903,33.326404640592024,1048.0599999993237,2314.4967050955797
43904,33.326404640592024,1048.0799999993237,2314.5097811404316
43905,33.326404640592024,1048.0999999993237,2314.5228568751286
43906,33.326404640592024,1048.1199999993237,2314.5359322996774
43907,33.326404640592024,1048.1399999993237,2314.5490074140844
43908,33.326404640592024,1048.1599999993236,2314.5620822183555
43909,33.326404640592024,1048.1799999993236,2314.575156712497
43910,33.326404640592024,1048.1999999993236,2314.588230896516
43911,33.326404640592024,1048.2199999993236,2314.601304770418
43912,33.326404640592024,1048.2399999993236,2314.61437833421
43913,33.326404640592024,1048.2599999993236,2314.6274515878977
43914,33.326404640592024,1048.2799999993235,2314.6405245314877
43915,33.326404640592024,1048.2999999993235,2314.6535971649864
43916,33.326404640592024,1048.3199999993235,2314.6666694883997
43917,33.326404640592024,1048.3399999993235,2314.6797415017345
43918,33.326404640592024,1048.3599999993235,2314.6928132049966
43919,33.326404640592024,1048.3799999993234,2314.7058845981924
43920,33.326404640592024,1048.3999999993234,2314.7189556813287
43921,33.326404640592024,1048.4199999993234,2314.7320264544114
43922,33.326404640592024,1048.4399999993234,2314.745096917447
43923,33.326404640592024,1048.4599999993234,2314.7581670704417
43924,33.326404640592024,1048.4799999993234,2314.7712369134015
43925,33.326404640592024,1048.4999999993233,2314.784306446333
43926,33.326404640592024,1048.5199999993233,2314.7973756692427
43927,33.326404640592024,1048.5399999993233,2314.810444582137
43928,33.326404640592024,1048.5599999993233,2314.8235131850215
43929,33.326404640592024,1048.5799999993233,2314.836581477903
43930,33.326404640592024,1048.5999999993232,2314.849649460788
43931,33.326404640592024,1048.6199999993232,2314.8627171336825
43932,33.326404640592024,1048.6399999993232,2314.875784496593
43933,33.326404640592024,1048.6599999993232,2314.888851549526
43934,33.326404640592024,1048.6799999993232,2314.901918292501
43935,33.326404640592024,1048.6999999993232,2314.914984725917
43936,33.326404640592024,1048.7199999993231,2314.928050850053
43937,33.326404640592024,1048.7399999993231,2314.941116664915
43938,33.326404640592024,1048.759999999323,2314.95418217051
43939,33.326404640592024,1048.779999999323,2314.9672473668443
43940,33.326404640592024,1048.799999999323,2314.9803122539233
43941,33.326404640592024,1048.819999999323,2314.993376831754
43942,33.326404640592024,1048.839999999323,2315.0064411003427
43943,33.326404640592024,1048.859999999323,2315.0195050596953
43944,33.326404640592024,1048.879999999323,2315.032568709819
43945,33.326404640592024,1048.899999999323,2315.045632050719
43946,33.326404640592024,1048.919999999323,2315.058695082402
43947,33.326404640592024,1048.939999999323,2315.071757804875
43948,33.326404640592024,1048.959999999323,2315.0848202181432
43949,33.326404640592024,1048.979999999323,2315.0978823222135
43950,33.326404640592024,1048.9999999993229,2315.1109441170925
43951,33.326404640592024,1049.0199999993229,2315.124005602786
43952,33.326404640592024,1049.0399999993228,2315.1370667793003
43953,33.326404640592024,1049.0599999993228,2315.150127646642
43954,33.326404640592024,1049.0799999993228,2315.1631882048173
43955,33.326404640592024,1049.0999999993228,2315.1762484538326
43956,33.326404640592024,1049.1199999993228,2315.1893083936943
43957,33.326404640592024,1049.1399999993228,2315.2023680244088
43958,33.326404640592024,1049.1599999993227,2315.215427345982
43959,33.326404640592024,1049.1799999993227,2315.22848635842
43960,33.326404640592024,1049.1999999993227,2315.24154506173
43961,33.326404640592024,1049.2199999993227,2315.2546034559177
43962,33.326404640592024,1049.2399999993227,2315.2676615409896
43963,33.326404640592024,1049.2599999993226,2315.280719316952
43964,33.326404640592024,1049.2799999993226,2315.293776783811
43965,33.326404640592024,1049.2999999993226,2315.306833941573
43966,33.326404640592024,1049.3199999993226,2315.3198907902447
43967,33.326404640592024,1049.3399999993226,2315.3329473298318
43968,33.326404640592024,1049.3599999993226,2315.3460035603407
43969,33.326404640592024,1049.3799999993225,2315.359059481778
43970,33.326404640592024,1049.3999999993225,2315.3721150941496
43971,33.326404640592024,1049.4199999993225,2315.3851703974624
43972,33.326404640592024,1049.4399999993225,2315.3982253917225
43973,33.326404640592024,1049.4599999993225,2315.4112800769362
43974,33.326404640592024,1049.4799999993224,2315.4243344531096
43975,33.326404640592024,1049.4999999993224,2315.4373885202494
43976,33.326404640592024,1049.5199999993224,2315.4504422783616
43977,33.326404640592024,1049.5399999993224,2315.4634957274525
43978,33.326404640592024,1049.5599999993224,2315.4765488675284
43979,33.326404640592024,1049.5799999993224,2315.489601698596
43980,33.326404640592024,1049.5999999993223,2315.5026542206606
43981,33.326404640592024,1049.6199999993223,2315.5157064337295
43982,33.326404640592024,1049.6399999993223,2315.5287583378085
43983,33.326404640592024,1049.6599999993223,2315.5418099329045
43984,33.326404640592024,1049.6799999993223,2315.554861219023
43985,33.326404640592024,1049.6999999993222,2315.567912196193
43986,33.326404640592024,1049.7199999993222,2315.580962864849
43987,33.326404640592024,1049.7399999993222,2315.594013225232
43988,33.326404640592024,1049.7599999993222,2315.607063277349
43989,33.326404640592024,1049.7799999993222,2315.6201130212057
43990,33.326404640592024,1049.7999999993222,2315.6331624568083
43991,33.326404640592024,1049.8199999993221,2315.6462115841637
43992,33.326404640592024,1049.8399999993221,2315.6592604032776
43993,33.326404640592024,1049.859999999322,2315.672308914156
43994,33.326404640592024,1049.879999999322,2315.685357116806
43995,33.326404640592024,1049.899999999322,2315.698405011233
43996,33.326404640592024,1049.919999999322,2315.711452597444
43997,33.326404640592024,1049.939999999322,2315.724499875445
43998,33.326404640592024,1049.959999999322,2315.737546845242
43999,33.326404640592024,1049.979999999322,2315.7505935068416
44000,33.326404640592024,1049.999999999322,2315.76363986025
44001,33.326404640592024,1050.019999999322,2315.776685905473
44002,33.326404640592024,1050.039999999322,2315.789731642518
44003,33.326404640592024,1050.059999999322,2315.80277707139
44004,33.326404640592024,1050.079999999322,2315.815822192096
44005,33.326404640592024,1050.0999999993219,2315.8288670046422
44006,33.326404640592024,1050.1199999993219,2315.8419115090346
44007,33.326404640592024,1050.1399999993218,2315.8549557052797
44008,33.326404640592024,1050.1599999993218,2315.8679995933835
44009,33.326404640592024,1050.1799999993218,2315.8810431733527
44010,33.326404640592024,1050.1999999993218,2315.8940864451934
44011,33.326404640592024,1050.2199999993218,2315.9071294089117
44012,33.326404640592024,1050.2399999993218,2315.9201720645137
44013,33.326404640592024,1050.2599999993217,2315.9332144120062
44014,33.326404640592024,1050.2799999993217,2315.946256451395
44015,33.326404640592024,1050.2999999993217,2315.959298182687
44016,33.326404640592024,1050.3199999993217,2315.972339605887
44017,33.326404640592024,1050.3399999993217,2315.985380721003
44018,33.326404640592024,1050.3599999993216,2315.99842152804
44019,33.326404640592024,1050.3799999993216,2316.011462027005
44020,33.326404640592024,1050.3999999993216,2316.0245022179042
44021,33.326404640592024,1050.4199999993216,2316.0375421007434
44022,33.326404640592024,1050.4399999993216,2316.0505816755294
44023,33.326404640592024,1050.4599999993216,2316.0636209422682
44024,33.326404640592024,1050.4799999993215,2316.076659900966
44025,33.326404640592024,1050.4999999993215,2316.089698551629
44026,33.326404640592024,1050.5199999993215,2316.102736894264
44027,33.326404640592024,1050.5399999993215,2316.115774928877
44028,33.326404640592024,1050.5599999993215,2316.1288126554737
44029,33.326404640592024,1050.5799999993214,2316.1418500740606
44030,33.326404640592024,1050.5999999993214,2316.1548871846444
44031,33.326404640592024,1050.6199999993214,2316.167923987231
44032,33.326404640592024,1050.6399999993214,2316.180960481827
44033,33.326404640592024,1050.6599999993214,2316.193996668438
44034,33.326404640592024,1050.6799999993214,2316.207032547071
44035,33.326404640592024,1050.6999999993213,2316.2200681177314
44036,33.326404640592024,1050.7199999993213,2316.2331033804567
44037,33.27917311056458,1050.7399999993213,2316.246138335723
44038,33.27917311056458,1050.7599999993213,2316.259172983735
44039,33.27917311056458,1050.7799999993213,2316.2722073244986
44040,33.27917311056458,1050.7999999993212,2316.2852413580204
44041,33.27917311056458,1050.8199999993212,2316.2982750843066
44042,33.27917311056458,1050.8399999993212,2316.3113085033638
44043,33.27917311056458,1050.8599999993212,2316.3243416151977
44044,33.27917311056458,1050.8799999993212,2316.337374419815
44045,33.27917311056458,1050.8999999993212,2316.3504069172227
44046,33.27917311056458,1050.9199999993211,2316.363439107426
44047,33.27917311056458,1050.9399999993211,2316.3764709904317
44048,33.27917311056458,1050.959999999321,2316.3895025662464
44049,33.27917311056458,1050.979999999321,2316.402533834876
44050,33.27917311056458,1050.999999999321,2316.415564796327
44051,33.27917311056458,1051.019999999321,2316.428595450606
44052,33.27917311056458,1051.039999999321,2316.4416257977186
44053,33.27917311056458,1051.059999999321,2316.454655837672
44054,33.27917311056458,1051.079999999321,2316.467685570472
44055,33.27917311056458,1051.099999999321,2316.4807149961252
44056,33.27917311056458,1051.119999999321,2316.4937441146376
44057,33.27917311056458,1051.139999999321,2316.506772926016
44058,33.27917311056458,1051.159999999321,2316.519801430266
44059,33.27917311056458,1051.179999999321,2316.5328296273947
44060,33.27917311056458,1051.1999999993209,2316.545857517408
44061,33.27917311056458,1051.2199999993209,2316.558885100312
44062,33.27917311056458,1051.2399999993208,2316.571912376114
44063,33.27917311056458,1051.2599999993208,2316.5849393448198
44064,33.27917311056458,1051.2799999993208,2316.5979660064354
44065,33.27917311056458,1051.2999999993208,2316.610992360967
44066,33.27917311056458,1051.3199999993208,2316.6240184084213
44067,33.27917311056458,1051.3399999993208,2316.6370441488048
44068,33.27917311056458,1051.3599999993207,2316.6500695821237
44069,33.27917311056458,1051.3799999993207,2316.663094708384
44070,33.27917311056458,1051.3999999993207,2316.6761195275926
44071,33.27917311056458,1051.4199999993207,2316.6891440397553
44072,33.27917311056458,1051.4399999993207,2316.7021682448785
44073,33.27917311056458,1051.4599999993206,2316.7151921429686
44074,33.27917311056458,1051.4799999993206,2316.728215734032
44075,33.27917311056458,1051.4999999993206,2316.741239018075
44076,33.27917311056458,1051.5199999993206,2316.7542619951037
44077,33.27917311056458,1051.5399999993206,2316.767284665125
44078,33.27917311056458,1051.5599999993206,2316.7803070281448
44079,33.27917311056458,1051.5799999993205,2316.7933290841693
44080,33.27917311056458,1051.5999999993205,2316.806350833205
44081,33.27917311056458,1051.6199999993205,2316.8193722752585
44082,33.27917311056458,1051.6399999993205,2316.832393410336
44083,33.27917311056458,1051.6599999993205,2316.8454142384435
44084,33.27917311056458,1051.6799999993204,2316.8584347595875
44085,33.27917311056458,1051.6999999993204,2316.8714549737742
44086,33.27917311056458,1051.7199999993204,2316.88447488101
44087,33.27917311056458,1051.7399999993204,2316.897494481337
44088,33.27917311056458,1051.7599999993204,2316.910513775223
44089,33.27917311056458,1051.7799999993204,2316.923532762818
44090,33.27917311056458,1051.7999999993203,2316.9365514441283
44091,33.27917311056458,1051.8199999993203,2316.9495698191604
44092,33.27917311056458,1051.8399999993203,2316.9625878879206
44093,33.27917311056458,1051.8599999993203,2316.975605650415
44094,33.27917311056458,1051.8799999993203,2316.9886231066503
44095,33.27917311056458,1051.8999999993202,2317.001640256632
44096,33.27917311056458,1051.9199999993202,2317.014657100367
44097,33.27917311056458,1051.9399999993202,2317.0276736378614
44098,33.27917311056458,1051.9599999993202,2317.0406898691217
44099,33.27917311056458,1051.9799999993202,2317.053705794154
44100,33.27917311056458,1051.9999999993202,2317.066721412965
44101,33.27917311056458,1052.0199999993201,2317.07973672556
44102,33.27917311056458,1052.0399999993201,2317.092751731946
44103,33.27917311056458,1052.05999999932,2317.1057664321293
44104,33.27917311056458,1052.07999999932,2317.1187808261157
44105,33.27917311056458,1052.09999999932,2317.131794913912
44106,33.27917311056458,1052.11999999932,2317.1448086955243
44107,33.27917311056458,1052.13999999932,2317.1578221709588
44108,33.27917311056458,1052.15999999932,2317.1708353402214
44109,33.27917311056458,1052.17999999932,2317.183848203319
44110,33.27917311056458,1052.19999999932,2317.1968607602576
44111,33.27917311056458,1052.21999999932,2317.209873011044
44112,33.27917311056458,1052.23999999932,2317.2228849556836
44113,33.27917311056458,1052.25999999932,2317.2358965941835
44114,33.27917311056458,1052.27999999932,2317.2489079265492
44115,33.27917311056458,1052.2999999993199,2317.2619189527877
44116,33.27917311056458,1052.3199999993199,2317.274929672905
44117,33.27917311056458,1052.3399999993198,2317.287940086907
44118,33.27917311056458,1052.3599999993198,2317.3009501948004
44119,33.27917311056458,1052.3799999993198,2317.3139599965916
44120,33.27917311056458,1052.3999999993198,2317.3269694922865
44121,33.27917311056458,1052.4199999993198,2317.3399786818914
44122,33.27917311056458,1052.4399999993198,2317.3529875654126
44123,33.27917311056458,1052.4599999993197,2317.3659961428566
44124,33.27917311056458,1052.4799999993197,2317.3790044142297
44125,33.27917311056458,1052.4999999993197,2317.392012379538
44126,33.27917311056458,1052.5199999993197,2317.405020038788
44127,33.27917311056458,1052.5399999993197,2317.4180273919856
44128,33.27917311056458,1052.5599999993196,2317.4310344391374
44129,33.27917311056458,1052.5799999993196,2317.4440411802493
44130,33.27917311056458,1052.5999999993196,2317.457047615328
44131,33.27917311056458,1052.6199999993196,2317.4700537443796
44132,33.27917311056458,1052.6399999993196,2317.4830595674102
44133,33.27917311056458,1052.6599999993196,2317.4960650844264
44134,33.27917311056458,1052.6799999993195,2317.5090702954344
44135,33.27917311056458,1052.6999999993195,2317.52207520044
44136,33.27917311056458,1052.7199999993195,2317.5350797994506
44137,33.27917311056458,1052.7399999993195,2317.5480840924715
44138,33.27917311056458,1052.7599999993195,2317.561088079554
44139,33.27917311056458,1052.7799999993194,2317.574091761219
44140,33.27917311056458,1052.7999999993194,2317.5870951375837
44141,33.27917311056458,1052.8199999993194,2317.6000982086543
44142,33.27917311056458,1052.8399999993194,2317.613100974437
44143,33.27917311056458,1052.8599999993194,2317.6261034349386
44144,33.27917311056458,1052.8799999993194,2317.639105590165
44145,33.27917311056458,1052.8999999993193,2317.6521074401226
44146,33.27917311056458,1052.9199999993193,2317.6651089848174
44147,33.27917311056458,1052.9399999993193,2317.6781102242558
44148,33.27917311056458,1052.9599999993193,2317.691111158444
44149,33.27917311056458,1052.9799999993193,2317.7041117873887
44150,33.27917311056458,1052.9999999993192,2317.717112111096
44151,33.27917311056458,1053.0199999993192,2317.730112129572
44152,33.27917311056458,1053.0399999993192,2317.7431118428226
44153,33.27917311056458,1053.0599999993192,2317.7561112508547
44154,33.27917311056458,1053.0799999993192,2317.7691103536745
44155,33.27917311056458,1053.0999999993192,2317.782109151288
44156,33.27917311056458,1053.1199999993191,2317.7951076437016
44157,33.27917311056458,1053.1399999993191,2317.8081058309217
44158,33.27917311056458,1053.159999999319,2317.8211037129545
44159,33.27917311056458,1053.179999999319,2317.834101289806
44160,33.27917311056458,1053.199999999319,2317.8470985614827
44161,33.27917311056458,1053.219999999319,2317.860095527991
44162,33.27917311056458,1053.239999999319,2317.8730921893366
44163,33.27917311056458,1053.259999999319,2317.8860885455265
44164,33.27917311056458,1053.279999999319,2317.899084596567
44165,33.27917311056458,1053.299999999319,2317.9120803424635
44166,33.27917311056458,1053.319999999319,2317.9250757832233
44167,33.27917311056458,1053.339999999319,2317.938070918852
44168,33.27917311056458,1053.359999999319,2317.951065749356
44169,33.27917311056458,1053.379999999319,2317.9640602747418
44170,33.27917311056458,1053.3999999993189,2317.977054495015
44171,33.27917311056458,1053.4199999993189,2317.990048410183
44172,33.27917311056458,1053.4399999993188,2318.0030420202515
44173,33.27917311056458,1053.4599999993188,2318.0160353252263
44174,33.27917311056458,1053.4799999993188,2318.0290283251143
44175,33.27917311056458,1053.4999999993188,2318.0420210199213
44176,33.27917311056458,1053.5199999993188,2318.055013409654
44177,33.27917311056458,1053.5399999993188,2318.068005494318
44178,33.27917311056458,1053.5599999993187,2318.0809972739207
44179,33.27917311056458,1053.5799999993187,2318.0939887484674
44180,33.27917311056458,1053.5999999993187,2318.1069799179645
44181,33.27917311056458,1053.6199999993187,2318.1199707824185
44182,33.27917311056458,1053.6399999993187,2318.1329613418357
44183,33.27917311056458,1053.6599999993186,2318.1459515962224
44184,33.27917311056458,1053.6799999993186,2318.1589415455846
44185,33.27917311056458,1053.6999999993186,2318.1719311899287
44186,33.27917311056458,1053.7199999993186,2318.184920529261
44187,33.27917311056458,1053.7399999993186,2318.197909563588
44188,33.27917311056458,1053.7599999993186,2318.2108982929153
44189,33.27917311056458,1053.7799999993185,2318.223886717303
44190,33.27917311056458,1053.7999999993185,2318.2368748373024
44191,33.27917311056458,1053.8199999993185,2318.249862652992
44192,33.27917311056458,1053.8399999993185,2318.262850164377
44193,33.27917311056458,1053.8599999993185,2318.275837371465
44194,33.27917311056458,1053.8799999993184,2318.2888242742615
44195,33.27917311056458,1053.8999999993184,2318.301810872773
44196,33.27917311056458,1053.9199999993184,2318.314797167005
44197,33.27917311056458,1053.9399999993184,2318.327783156965
44198,33.27917311056458,1053.9599999993184,2318.3407688426582
44199,33.27917311056458,1053.9799999993184,2318.3537542240915
44200,33.27917311056458,1053.9999999993183,2318.366739301271
44201,33.27917311056458,1054.0199999993183,2318.379724074203
44202,33.27917311056458,1054.0399999993183,2318.3927085428936
44203,33.27917311056458,1054.0599999993183,2318.4056927073493
44204,33.27917311056458,1054.0799999993183,2318.4186765675763
44205,33.27917311056458,1054.0999999993182,2318.431660123581
44206,33.27917311056458,1054.1199999993182,2318.444643375369
44207,33.27917311056458,1054.1399999993182,2318.4576263229474
44208,33.27917311056458,1054.1599999993182,2318.470608966322
44209,33.27917311056458,1054.1799999993182,2318.483591305499
44210,33.27917311056458,1054.1999999993182,2318.496573340485
44211,33.27917311056458,1054.2199999993181,2318.5095550712863
44212,33.27917311056458,1054.2399999993181,2318.5225364979087
44213,33.27917311056458,1054.259999999318,2318.535517620359
44214,33.27917311056458,1054.279999999318,2318.548498438643
44215,33.27917311056458,1054.299999999318,2318.561478952767
44216,33.27917311056458,1054.319999999318,2318.574459162738
44217,33.27917311056458,1054.339999999318,2318.5874390685617
44218,33.27917311056458,1054.359999999318,2318.6004186702444
44219,33.27917311056458,1054.379999999318,2318.613397967792
44220,33.27917311056458,1054.399999999318,2318.626376961211
44221,33.27917311056458,1054.419999999318,2318.639355650508
44222,33.27917311056458,1054.439999999318,2318.652334035689
44223,33.27917311056458,1054.459999999318,2318.66531211676
44224,33.27917311056458,1054.479999999318,2318.678289893728
44225,33.27917311056458,1054.4999999993179,2318.691267366599
44226,33.27917311056458,1054.5199999993179,2318.7042445353786
44227,33.27917311056458,1054.5399999993178,2318.7172214000734
44228,33.27917311056458,1054.5599999993178,2318.73019796069
44229,33.27917311056458,1054.5799999993178,2318.7431742172344
44230,33.27917311056458,1054.5999999993178,2318.756150169713
44231,33.27917311056458,1054.6199999993178,2318.7691258181317
44232,33.27917311056458,1054.6399999993178,2318.782101162497
44233,33.27917311056458,1054.6599999993177,2318.7950762028154
44234,33.27917311056458,1054.6799999993177,2318.808050939093
44235,33.27917311056458,1054.6999999993177,2318.821025371336
44236,33.27917311056458,1054.7199999993177,2318.8339994995504
44237,33.27917311056458,1054.7399999993177,2318.846973323743
44238,33.27917311056458,1054.7599999993176,2318.8599468439197
44239,33.27917311056458,1054.7799999993176,2318.872920060087
44240,33.27917311056458,1054.7999999993176,2318.885892972331
44241,33.27917311056458,1054.8199999993176,2318.8988655811986
44242,33.27917311056458,1054.8399999993176,2318.9118378867474
44243,33.27917311056458,1054.8599999993176,2318.924809888984
44244,33.27917311056458,1054.8799999993175,2318.937781587914
44245,33.27917311056458,1054.8999999993175,2318.9507529835437
44246,33.27917311056458,1054.9199999993175,2318.9637240758793
44247,33.27917311056458,1054.9399999993175,2318.976694864927
44248,33.27917311056458,1054.9599999993175,2318.9896653506935
44249,33.27917311056458,1054.9799999993174,2319.0026355331847
44250,33.27917311056458,1054.9999999993174,2319.015605412407
44251,33.27917311056458,1055.0199999993174,2319.028574988366
44252,33.27917311056458,1055.0399999993174,2319.041544261069
44253,33.27917311056458,1055.0599999993174,2319.054513230521
44254,33.27917311056458,1055.0799999993174,2319.067481896729
44255,33.27917311056458,1055.0999999993173,2319.080450259699
44256,33.27917311056458,1055.1199999993173,2319.093418319437
44257,33.27917311056458,1055.1399999993173,2319.10638607595
44258,33.27917311056458,1055.1599999993173,2319.119353529243
44259,33.27917311056458,1055.1799999993173,2319.1323206793236
44260,33.27917311056458,1055.1999999993172,2319.145287526197
44261,33.27917311056458,1055.2199999993172,2319.1582540698696
44262,33.27917311056458,1055.2399999993172,2319.171220310348
44263,33.27917311056458,1055.2599999993172,2319.184186247638
44264,33.27917311056458,1055.2799999993172,2319.197151881746
44265,33.27917311056458,1055.2999999993172,2319.210117212678
44266,33.27917311056458,1055.3199999993171,2319.223082240441
44267,33.27917311056458,1055.3399999993171,2319.2360469650403
44268,33.27917311056458,1055.359999999317,2319.2490113864824
44269,33.27917311056458,1055.379999999317,2319.2619755047735
44270,33.27917311056458,1055.399999999317,2319.27493931992
44271,33.27917311056458,1055.419999999317,2319.287902831928
44272,33.27917311056458,1055.439999999317,2319.3008660408036
44273,33.27917311056458,1055.459999999317,2319.3138289465533
44274,33.27917311056458,1055.479999999317,2319.326791549183
44275,33.27917311056458,1055.499999999317,2319.339753848699
44276,33.27917311056458,1055.519999999317,2319.3527158451075
44277,33.27917311056458,1055.539999999317,2319.3656775384147
44278,33.27917311056458,1055.559999999317,2319.378638928627
44279,33.27917311056458,1055.579999999317,2319.3916000157506
44280,33.27917311056458,1055.5999999993169,2319.404560799792
44281,33.27917311056458,1055.6199999993169,2319.417521280757
44282,33.27917311056458,1055.6399999993168,2319.4304814586512
44283,33.27917311056458,1055.6599999993168,2319.443441333482
44284,33.27917311056458,1055.6799999993168,2319.456400905255
44285,33.27917311056458,1055.6999999993168,2319.4693601739764
44286,33.27917311056458,1055.7199999993168,2319.4823191396526
44287,33.27917311056458,1055.7399999993168,2319.49527780229
44288,33.27917311056458,1055.7599999993167,2319.508236161894
44289,33.27917311056458,1055.7799999993167,2319.5211942184715
44290,33.27917311056458,1055.7999999993167,2319.5341519720287
44291,33.23205303928499,1055.8199999993167,2319.547109422696
44292,33.23205303928499,1055.8399999993167,2319.5600665710085
44293,33.23205303928499,1055.8599999993166,2319.573023417018
44294,33.23205303928499,1055.8799999993166,2319.58597996073
44295,33.23205303928499,1055.8999999993166,2319.5989362021514
44296,33.23205303928499,1055.9199999993166,2319.611892141288
44297,33.23205303928499,1055.9399999993166,2319.6248477781464
44298,33.23205303928499,1055.9599999993166,2319.637803112733
44299,33.23205303928499,1055.9799999993165,2319.6507581450537
44300,33.23205303928499,1055.9999999993165,2319.6637128751154
44301,33.23205303928499,1056.0199999993165,2319.6766673029238
44302,33.23205303928499,1056.0399999993165,2319.6896214284857
44303,33.23205303928499,1056.0599999993165,2319.702575251807
44304,33.23205303928499,1056.0799999993164,2319.7155287728942
44305,33.23205303928499,1056.0999999993164,2319.7284819917536
44306,33.23205303928499,1056.1199999993164,2319.7414349083915
44307,33.23205303928499,1056.1399999993164,2319.754387522814
44308,33.23205303928499,1056.1599999993164,2319.7673398350275
44309,33.23205303928499,1056.1799999993164,2319.7802918450384
44310,33.23205303928499,1056.1999999993163,2319.7932435528533
44311,33.23205303928499,1056.2199999993163,2319.806194958478
44312,33.23205303928499,1056.2399999993163,2319.8191460619187
44313,33.23205303928499,1056.2599999993163,2319.832096863182
44314,33.23205303928499,1056.2799999993163,2319.8450473622743
44315,33.23205303928499,1056.2999999993162,2319.8579975592015
44316,33.23205303928499,1056.3199999993162,2319.8709474539705
44317,33.23205303928499,1056.3399999993162,2319.883897046587
44318,33.23205303928499,1056.3599999993162,2319.896846337058
44319,33.23205303928499,1056.3799999993162,2319.909795325389
44320,33.23205303928499,1056.3999999993162,2319.9227440115865
44321,33.23205303928499,1056.4199999993161,2319.935692395657
44322,33.23205303928499,1056.4399999993161,2319.9486404776067
44323,33.23205303928499,1056.459999999316,2319.9615882574417
44324,33.23205303928499,1056.479999999316,2319.9745357351685
44325,33.23205303928499,1056.499999999316,2319.9874829107935
44326,33.23205303928499,1056.519999999316,2320.000429784333
44327,33.23205303928499,1056.539999999316,2320.0133763567283
44328,33.23205303928499,1056.559999999316,2320.0263226288325
44329,33.23205303928499,1056.579999999316,2320.0392686006517
44330,33.23205303928499,1056.599999999316,2320.0522142721925
44331,33.23205303928499,1056.619999999316,2320.065159643461
44332,33.23205303928499,1056.639999999316,2320.0781047144637
44333,33.23205303928499,1056.659999999316,2320.0910494852073
44334,33.23205303928499,1056.679999999316,2320.1039939556977
44335,33.23205303928499,1056.6999999993159,2320.1169381259415
44336,33.23205303928499,1056.7199999993159,2320.129881995945
44337,33.23205303928499,1056.7399999993158,2320.1428255657147
44338,33.23205303928499,1056.7599999993158,2320.155768835257
44339,33.23205303928499,1056.7799999993158,2320.168711804578
44340,33.23205303928499,1056.7999999993158,2320.1816544736844
44341,33.23205303928499,1056.8199999993158,2320.194596842582
44342,33.23205303928499,1056.8399999993158,2320.2075389114275
44343,33.23205303928499,1056.8599999993157,2320.2204806806735
44344,33.23205303928499,1056.8799999993157,2320.23342215036
44345,33.23205303928499,1056.8999999993157,2320.2463633204934
44346,33.23205303928499,1056.9199999993157,2320.25930419108
44347,33.23205303928499,1056.9399999993157,2320.272244762126
44348,33.23205303928499,1056.9599999993156,2320.285185033638
44349,33.23205303928499,1056.9799999993156,2320.2981250056223
44350,33.23205303928499,1056.9999999993156,2320.311064678085
44351,33.23205303928499,1057.0199999993156,2320.324004051033
44352,33.23205303928499,1057.0399999993156,2320.336943124473
44353,33.23205303928499,1057.0599999993156,2320.34988189841
44354,33.23205303928499,1057.0799999993155,2320.3628203728513
44355,33.23205303928499,1057.0999999993155,2320.3757585478033
44356,33.23205303928499,1057.1199999993155,2320.3886964232724
44357,33.23205303928499,1057.1399999993155,2320.401633999265
44358,33.23205303928499,1057.1599999993155,2320.4145712757872
44359,33.23205303928499,1057.1799999993154,2320.4275082528457
44360,33.23205303928499,1057.1999999993154,2320.440444930446
44361,33.23205303928499,1057.2199999993154,2320.4533813085955
44362,33.23205303928499,1057.2399999993154,2320.4663173873
44363,33.23205303928499,1057.2599999993154,2320.479253166566
44364,33.23205303928499,1057.2799999993154,2320.4921886464003
44365,33.23205303928499,1057.2999999993153,2320.5051238268093
44366,33.23205303928499,1057.3199999993153,2320.518058707799
44367,33.23205303928499,1057.3399999993153,2320.5309932893756
44368,33.23205303928499,1057.3599999993153,2320.5439275715457
44369,33.23205303928499,1057.3799999993153,2320.5568615543157
44370,33.23205303928499,1057.3999999993152,2320.569795237692
44371,33.23205303928499,1057.4199999993152,2320.5827286216804
44372,33.23205303928499,1057.4399999993152,2320.5956617062884
44373,33.23205303928499,1057.4599999993152,2320.6085944915217
44374,33.23205303928499,1057.4799999993152,2320.6215269773866
44375,33.23205303928499,1057.4999999993152,2320.6344591638895
44376,33.23205303928499,1057.5199999993151,2320.647391051037
44377,33.23205303928499,1057.5399999993151,2320.6603226388356
44378,33.23205303928499,1057.559999999315,2320.673253927291
44379,33.23205303928499,1057.579999999315,2320.6861849164106
44380,33.23205303928499,1057.599999999315,2320.6991156062
44381,33.23205303928499,1057.619999999315,2320.7120459966654
44382,33.23205303928499,1057.639999999315,2320.724976087814
44383,33.23205303928499,1057.659999999315,2320.7379058796514
44384,33.23205303928499,1057.679999999315,2320.7508353721846
44385,33.23205303928499,1057.699999999315,2320.7637645654195
44386,33.23205303928499,1057.719999999315,2320.7766934593624
44387,33.23205303928499,1057.739999999315,2320.78962205402
44388,33.23205303928499,1057.759999999315,2320.8025503493986
44389,33.23205303928499,1057.779999999315,2320.8154783455047
44390,33.23205303928499,1057.7999999993149,2320.8284060423443
44391,33.23205303928499,1057.8199999993149,2320.8413334399243
44392,33.23205303928499,1057.8399999993148,2320.8542605382504
44393,33.23205303928499,1057.8599999993148,2320.8671873375256
44394,33.23205303928499,1057.8799999993148,2320.8801138381955
44395,33.23205303928499,1057.8999999993148,2320.8930400402937
44396,33.23205303928499,1057.9199999993148,2320.9059659438262
44397,33.23205303928499,1057.9399999993148,2320.9188915487994
44398,33.23205303928499,1057.9599999993147,2320.93181685522
44399,33.23205303928499,1057.9799999993147,2320.944741863094
44400,33.23205303928499,1057.9999999993147,2320.957666572428
44401,33.23205303928499,1058.0199999993147,2320.9705909832282
44402,33.23205303928499,1058.0399999993147,2320.983515095501
44403,33.23205303928499,1058.0599999993146,2320.996438909253
44404,33.23205303928499,1058.0799999993146,2321.00936242449
44405,33.23205303928499,1058.0999999993146,2321.0222856412192
44406,33.23205303928499,1058.1199999993146,2321.0352085594463
44407,33.23205303928499,1058.1399999993146,2321.048131179178
44408,33.23205303928499,1058.1599999993146,2321.0610535004207
44409,33.23205303928499,1058.1799999993145,2321.0739755231807
44410,33.23205303928499,1058.1999999993145,2321.086897247464
44411,33.23205303928499,1058.2199999993145,2321.0998186732777
44412,33.23205303928499,1058.2399999993145,2321.1127398006274
44413,33.23205303928499,1058.2599999993145,2321.12566062952
44414,33.23205303928499,1058.2799999993144,2321.1385811599616
44415,33.23205303928499,1058.2999999993144,2321.151501391959
44416,33.23205303928499,1058.3199999993144,2321.1644213255177
44417,33.23205303928499,1058.3399999993144,2321.177340960645
44418,33.23205303928499,1058.3599999993144,2321.1902602973464
44419,33.23205303928499,1058.3799999993144,2321.203179335629
44420,33.23205303928499,1058.3999999993143,2321.216098075499
44421,33.23205303928499,1058.4199999993143,2321.2290165169625
44422,33.23205303928499,1058.4399999993143,2321.2419346600263
44423,33.23205303928499,1058.4599999993143,2321.2548525046964
44424,33.23205303928499,1058.4799999993143,2321.2677700509794
44425,33.23205303928499,1058.4999999993142,2321.2806872988813
44426,33.23205303928499,1058.5199999993142,2321.293604248409
44427,33.23205303928499,1058.5399999993142,2321.306520899568
44428,33.23205303928499,1058.5599999993142,2321.319437252366
44429,33.23205303928499,1058.5799999993142,2321.332353306808
44430,33.23205303928499,1058.5999999993142,2321.345269062901
44431,33.23205303928499,1058.6199999993141,2321.358184520652
44432,33.23205303928499,1058.639999999314,2321.371099680066
44433,33.23205303928499,1058.659999999314,2321.3840145411505
44434,33.23205303928499,1058.679999999314,2321.396929103911
44435,33.23205303928499,1058.699999999314,2321.409843368355
44436,33.23205303928499,1058.719999999314,2321.4227573344874
44437,33.23205303928499,1058.739999999314,2321.4356710023158
44438,33.23205303928499,1058.759999999314,2321.4485843718458
44439,33.23205303928499,1058.779999999314,2321.461497443084
44440,33.23205303928499,1058.799999999314,2321.474410216037
44441,33.23205303928499,1058.819999999314,2321.487322690711
44442,33.23205303928499,1058.839999999314,2321.5002348671123
44443,33.23205303928499,1058.859999999314,2321.5131467452475
44444,33.23205303928499,1058.879999999314,2321.526058325358
44445,33.23205303928499,1058.8999999993139,2321.538969607858
44446,33.23205303928499,1058.9199999993139,2321.5518805927727
44447,33.23205303928499,1058.9399999993138,2321.564791280109
44448,33.23205303928499,1058.9599999993138,2321.5777016698735
44449,33.23205303928499,1058.9799999993138,2321.590611762072
44450,33.23205303928499,1058.9999999993138,2321.6035215567113
44451,33.23205303928499,1059.0199999993138,2321.6164310537974
44452,33.23205303928499,1059.0399999993137,2321.629340253337
44453,33.23205303928499,1059.0599999993137,2321.6422491553362
44454,33.23205303928499,1059.0799999993137,2321.6551577598016
44455,33.23205303928499,1059.0999999993137,2321.6680660667394
44456,33.23205303928499,1059.1199999993137,2321.680974076156
44457,33.23205303928499,1059.1399999993137,2321.6938817880578
44458,33.23205303928499,1059.1599999993136,2321.706789202451
44459,33.23205303928499,1059.1799999993136,2321.7196963193423
44460,33.23205303928499,1059.1999999993136,2321.732603138738
44461,33.23205303928499,1059.2199999993136,2321.7455096606436
44462,33.23205303928499,1059.2399999993136,2321.7584158850664
44463,33.23205303928499,1059.2599999993135,2321.7713218120125
44464,33.23205303928499,1059.2799999993135,2321.7842274414884
44465,33.23205303928499,1059.2999999993135,2321.7971327735004
44466,33.23205303928499,1059.3199999993135,2321.8100378080544
44467,33.23205303928499,1059.3399999993135,2321.8229425451573
44468,33.23205303928499,1059.3599999993135,2321.8358469848154
44469,33.23205303928499,1059.3799999993134,2321.848751127035
44470,33.23205303928499,1059.3999999993134,2321.861654971822
44471,33.23205303928499,1059.4199999993134,2321.8745585191837
44472,33.23205303928499,1059.4399999993134,2321.887461769126
44473,33.23205303928499,1059.4599999993134,2321.9003647216546
44474,33.23205303928499,1059.4799999993133,2321.9132673767767
44475,33.23205303928499,1059.4999999993133,2321.926169734498
44476,33.23205303928499,1059.5199999993133,2321.939071794826
44477,33.23205303928499,1059.5399999993133,2321.9519735577655
44478,33.23205303928499,1059.5599999993133,2321.964875023324
44479,33.23205303928499,1059.5799999993133,2321.9777761915075
44480,33.23205303928499,1059.5999999993132,2321.9906770623224
44481,33.23205303928499,1059.6199999993132,2322.003577635775
44482,33.23205303928499,1059.6399999993132,2322.016477911872
44483,33.23205303928499,1059.6599999993132,2322.029377890619
44484,33.23205303928499,1059.6799999993132,2322.0422775720226
44485,33.23205303928499,1059.6999999993131,2322.05517695609
44486,33.23205303928499,1059.7199999993131,2322.0680760428263
44487,33.23205303928499,1059.739999999313,2322.0809748322386
44488,33.23205303928499,1059.759999999313,2322.093873324333
44489,33.23205303928499,1059.779999999313,2322.106771519116
44490,33.23205303928499,1059.799999999313,2322.119669416594
44491,33.23205303928499,1059.819999999313,2322.1325670167735
44492,33.23205303928499,1059.839999999313,2322.1454643196603
44493,33.23205303928499,1059.859999999313,2322.158361325261
44494,33.23205303928499,1059.879999999313,2322.171258033582
44495,33.23205303928499,1059.899999999313,2322.184154444904
44496,33.23205303928499,1059.919999999313,2322.1970505596096
44497,33.23205303928499,1059.939999999313,2322.2099463777167
44498,33.23205303928499,1059.959999999313,2322.2228418992318
44499,33.23205303928499,1059.979999999313,2322.235737124161
44500,33.23205303928499,1059.9999999993129,2322.248632052511
44501,33.23205303928499,1060.0199999993129,2322.2615266842877
44502,33.23205303928499,1060.0399999993128,2322.274421019498
44503,33.23205303928499,1060.0599999993128,2322.2873150581477
44504,33.23205303928499,1060.0799999993128,2322.3002088002436
44505,33.23205303928499,1060.0999999993128,2322.3131022457915
44506,33.23205303928499,1060.1199999993128,2322.325995394798
44507,33.23205303928499,1060.1399999993127,2322.33888824727
44508,33.23205303928499,1060.1599999993127,2322.351780803213
44509,33.23205303928499,1060.1799999993127,2322.3646730626338
44510,33.23205303928499,1060.1999999993127,2322.377565025539
44511,33.23205303928499,1060.2199999993127,2322.390456691934
44512,33.23205303928499,1060.2399999993127,2322.403348061826
44513,33.23205303928499,1060.2599999993126,2322.416239135221
44514,33.23205303928499,1060.2799999993126,2322.4291299121255
44515,33.23205303928499,1060.2999999993126,2322.442020392546
44516,33.23205303928499,1060.3199999993126,2322.4549105764886
44517,33.23205303928499,1060.3399999993126,2322.4678004639595
44518,33.23205303928499,1060.3599999993125,2322.480690054965
44519,33.23205303928499,1060.3799999993125,2322.493579349512
44520,33.23205303928499,1060.3999999993125,2322.506468347606
44521,33.23205303928499,1060.4199999993125,2322.5193570492543
44522,33.23205303928499,1060.4399999993125,2322.5322454544626
44523,33.23205303928499,1060.4599999993125,2322.5451335632374
44524,33.23205303928499,1060.4799999993124,2322.558021375585
44525,33.23205303928499,1060.4999999993124,2322.5709088915123
44526,33.23205303928499,1060.5199999993124,2322.583796111025
44527,33.23205303928499,1060.5399999993124,2322.59668303413
44528,33.23205303928499,1060.5599999993124,2322.6095696608327
44529,33.23205303928499,1060.5799999993123,2322.62245599114
44530,33.23205303928499,1060.5999999993123,2322.635342025059
44531,33.23205303928499,1060.6199999993123,2322.6482277625946
44532,33.23205303928499,1060.6399999993123,2322.661113203754
44533,33.23205303928499,1060.6599999993123,2322.6739983485436
44534,33.23205303928499,1060.6799999993123,2322.686883196969
44535,33.23205303928499,1060.6999999993122,2322.6997677490376
44536,33.23205303928499,1060.7199999993122,2322.712652004755
44537,33.23205303928499,1060.7399999993122,2322.7255359641276
44538,33.23205303928499,1060.7599999993122,2322.738419627162
44539,33.23205303928499,1060.7799999993122,2322.751302993864
44540,33.23205303928499,1060.7999999993121,2322.7641860642407
44541,33.23205303928499,1060.8199999993121,2322.777068838298
44542,33.23205303928499,1060.839999999312,2322.7899513160423
44543,33.23205303928499,1060.859999999312,2322.80283349748
44544,33.23205303928499,1060.879999999312,2322.815715382618
44545,33.23205303928499,1060.899999999312,2322.8285969714616
44546,33.23205303928499,1060.919999999312,2322.841478264346
44547,33.23205303928499,1060.939999999312,2322.8543592616384
44548,33.23205303928499,1060.959999999312,2322.867239963349
44549,33.23205303928499,1060.979999999312,2322.8801203694848
44550,33.23205303928499,1060.999999999312,2322.8930004800513
44551,33.18504405886614,1061.019999999312,2322.9058802950553
44552,33.18504405886614,1061.039999999312,2322.918759814503
44553,33.18504405886614,1061.059999999312,2322.931639038401
44554,33.18504405886614,1061.079999999312,2322.9445179667555
44555,33.18504405886614,1061.0999999993119,2322.9573965995723
44556,33.18504405886614,1061.1199999993119,2322.9702749368585
44557,33.18504405886614,1061.1399999993118,2322.9831529786197
44558,33.18504405886614,1061.1599999993118,2322.9960307248625
44559,33.18504405886614,1061.1799999993118,2323.0089081755937
44560,33.18504405886614,1061.1999999993118,2323.021785330819
44561,33.18504405886614,1061.2199999993118,2323.034662190545
44562,33.18504405886614,1061.2399999993117,2323.047538754778
44563,33.18504405886614,1061.2599999993117,2323.060415023524
44564,33.18504405886614,1061.2799999993117,2323.0732909967896
44565,33.18504405886614,1061.2999999993117,2323.086166674581
44566,33.18504405886614,1061.3199999993117,2323.0990420569046
44567,33.18504405886614,1061.3399999993117,2323.1119171437667
44568,33.18504405886614,1061.3599999993116,2323.124791935174
44569,33.18504405886614,1061.3799999993116,2323.1376664311324
44570,33.18504405886614,1061.3999999993116,2323.1505406316483
44571,33.18504405886614,1061.4199999993116,2323.163414536728
44572,33.18504405886614,1061.4399999993116,2323.1762881463774
44573,33.18504405886614,1061.4599999993115,2323.1891614606034
44574,33.18504405886614,1061.4799999993115,2323.2020344794123
44575,33.18504405886614,1061.4999999993115,2323.21490720281
44576,33.18504405886614,1061.5199999993115,2323.2277796308035
44577,33.18504405886614,1061.5399999993115,2323.2406517633985
44578,33.18504405886614,1061.5599999993115,2323.2535236006015
44579,33.18504405886614,1061.5799999993114,2323.266395142419
44580,33.18504405886614,1061.5999999993114,2323.2792663888567
44581,33.18504405886614,1061.6199999993114,2323.2921373399217
44582,33.18504405886614,1061.6399999993114,2323.30500799562
44583,33.18504405886614,1061.6599999993114,2323.317878355958
44584,33.18504405886614,1061.6799999993113,2323.3307484209417
44585,33.18504405886614,1061.6999999993113,2323.3436181905777
44586,33.18504405886614,1061.7199999993113,2323.356487664872
44587,33.18504405886614,1061.7399999993113,2323.369356843831
44588,33.18504405886614,1061.7599999993113,2323.382225727462
44589,33.18504405886614,1061.7799999993113,2323.3950943157697
44590,33.18504405886614,1061.7999999993112,2323.4079626087614
44591,33.18504405886614,1061.8199999993112,2323.4208306064434
44592,33.18504405886614,1061.8399999993112,2323.4336983088215
44593,33.18504405886614,1061.8599999993112,2323.4465657159026
44594,33.18504405886614,1061.8799999993112,2323.4594328276926
44595,33.18504405886614,1061.8999999993111,2323.472299644198
44596,33.18504405886614,1061.9199999993111,2323.485166165429
44597,33.18504405886614,1061.939999999311,2323.4980323917184
44598,33.18504405886614,1061.959999999311,2323.5108983233627
44599,33.18504405886614,1061.979999999311,2323.5237639603683
44600,33.18504405886614,1061.999999999311,2323.5366293027414
44601,33.18504405886614,1062.019999999311,2323.549494350488
44602,33.18504405886614,1062.039999999311,2323.562359103615
44603,33.18504405886614,1062.059999999311,2323.5752235621285
44604,33.18504405886614,1062.079999999311,2323.5880877260347
44605,33.18504405886614,1062.099999999311,2323.6009515953397
44606,33.18504405886614,1062.119999999311,2323.61381517005
44607,33.18504405886614,1062.139999999311,2323.626678450172
44608,33.18504405886614,1062.159999999311,2323.6395414357125
44609,33.18504405886614,1062.179999999311,2323.652404126677
44610,33.18504405886614,1062.1999999993109,2323.665266523072
44611,33.18504405886614,1062.2199999993109,2323.678128624904
44612,33.18504405886614,1062.2399999993108,2323.6909904321788
44613,33.18504405886614,1062.2599999993108,2323.7038519449034
44614,33.18504405886614,1062.2799999993108,2323.7167131630836
44615,33.18504405886614,1062.2999999993108,2323.7295740867257
44616,33.18504405886614,1062.3199999993108,2323.742434715836
44617,33.18504405886614,1062.3399999993107,2323.7552950504214
44618,33.18504405886614,1062.3599999993107,2323.7681550904877
44619,33.18504405886614,1062.3799999993107,2323.7810148360413
44620,33.18504405886614,1062.3999999993107,2323.7938742870883
44621,33.18504405886614,1062.4199999993107,2323.8067334436355
44622,33.18504405886614,1062.4399999993107,2323.8195923056887
44623,33.18504405886614,1062.4599999993106,2323.8324508732544
44624,33.18504405886614,1062.4799999993106,2323.845309146339
44625,33.18504405886614,1062.4999999993106,2323.8581671249485
44626,33.18504405886614,1062.5199999993106,2323.8710248090897
44627,33.18504405886614,1062.5399999993106,2323.8838821987683
44628,33.18504405886614,1062.5599999993105,2323.896739293991
44629,33.18504405886614,1062.5799999993105,2323.909596094764
44630,33.18504405886614,1062.5999999993105,2323.9224526010935
44631,33.18504405886614,1062.6199999993105,2323.935308812986
44632,33.18504405886614,1062.6399999993105,2323.9481647304474
44633,33.18504405886614,1062.6599999993105,2323.9610203534844
44634,33.18504405886614,1062.6799999993104,2323.9738756821034
44635,33.18504405886614,1062.6999999993104,2323.9867307163104
44636,33.18504405886614,1062.7199999993104,2323.9995854561116
44637,33.18504405886614,1062.7399999993104,2324.0124399015135
44638,33.18504405886614,1062.7599999993104,2324.0252940525224
44639,33.18504405886614,1062.7799999993103,2324.0381479091448
44640,33.18504405886614,1062.7999999993103,2324.0510014713864
44641,33.18504405886614,1062.8199999993103,2324.063854739254
44642,33.18504405886614,1062.8399999993103,2324.076707712754
44643,33.18504405886614,1062.8599999993103,2324.089560391892
44644,33.18504405886614,1062.8799999993103,2324.102412776675
44645,33.18504405886614,1062.8999999993102,2324.115264867109
44646,33.18504405886614,1062.9199999993102,2324.1281166632
44647,33.18504405886614,1062.9399999993102,2324.140968164967
44648,33.18504405886614,1062.9599999993102,2324.1538193727893
44649,33.18504405886614,1062.9799999993102,2324.1666702869406
44650,33.18504405886614,1062.9999999993101,2324.179520907427
44651,33.18504405886614,1063.0199999993101,2324.1923712342546
44652,33.18504405886614,1063.03999999931,2324.20522126743
44653,33.18504405886614,1063.05999999931,2324.2180710069592
44654,33.18504405886614,1063.07999999931,2324.2309204528487
44655,33.18504405886614,1063.09999999931,2324.2437696051047
44656,33.18504405886614,1063.11999999931,2324.2566184637335
44657,33.18504405886614,1063.13999999931,2324.2694670287415
44658,33.18504405886614,1063.15999999931,2324.282315300135
44659,33.18504405886614,1063.17999999931,2324.2951632779204
44660,33.18504405886614,1063.19999999931,2324.3080109621037
44661,33.18504405886614,1063.21999999931,2324.320858352691
44662,33.18504405886614,1063.23999999931,2324.333705449689
44663,33.18504405886614,1063.25999999931,2324.346552253104
44664,33.18504405886614,1063.27999999931,2324.3593987629424
44665,33.18504405886614,1063.2999999993099,2324.37224497921
44666,33.18504405886614,1063.3199999993099,2324.3850909019134
44667,33.18504405886614,1063.3399999993098,2324.397936531059
44668,33.18504405886614,1063.3599999993098,2324.4107818666525
44669,33.18504405886614,1063.3799999993098,2324.423626908701
44670,33.18504405886614,1063.3999999993098,2324.4364716572104
44671,33.18504405886614,1063.4199999993098,2324.449316112187
44672,33.18504405886614,1063.4399999993097,2324.462160273637
44673,33.18504405886614,1063.4599999993097,2324.475004141567
44674,33.18504405886614,1063.4799999993097,2324.4878477159828
44675,33.18504405886614,1063.4999999993097,2324.500690996891
44676,33.18504405886614,1063.5199999993097,2324.513533984298
44677,33.18504405886614,1063.5399999993097,2324.52637667821
44678,33.18504405886614,1063.5599999993096,2324.5392190786333
44679,33.18504405886614,1063.5799999993096,2324.552061185574
44680,33.18504405886614,1063.5999999993096,2324.5649029990386
44681,33.18504405886614,1063.6199999993096,2324.5777445190333
44682,33.18504405886614,1063.6399999993096,2324.5905857455646
44683,33.18504405886614,1063.6599999993095,2324.6034266786382
44684,33.18504405886614,1063.6799999993095,2324.6162673182607
44685,33.18504405886614,1063.6999999993095,2324.629107664439
44686,33.18504405886614,1063.7199999993095,2324.6419477171785
44687,33.18504405886614,1063.7399999993095,2324.6547874764856
44688,33.18504405886614,1063.7599999993095,2324.667626942367
44689,33.18504405886614,1063.7799999993094,2324.6804661148285
44690,33.18504405886614,1063.7999999993094,2324.693304993877
44691,33.18504405886614,1063.8199999993094,2324.7061435795185
44692,33.18504405886614,1063.8399999993094,2324.7189818717593
44693,33.18504405886614,1063.8599999993094,2324.7318198706057
44694,33.18504405886614,1063.8799999993093,2324.7446575760637
44695,33.18504405886614,1063.8999999993093,2324.7574949881396
44696,33.18504405886614,1063.9199999993093,2324.77033210684
44697,33.18504405886614,1063.9399999993093,2324.7831689321715
44698,33.18504405886614,1063.9599999993093,2324.7960054641594
44699,33.18504405886614,1063.9799999993093,2324.808841703214
44700,33.18504405886614,1063.9999999993092,2324.8216776495706
44701,33.18504405886614,1064.0199999993092,2324.834513303235
44702,33.18504405886614,1064.0399999993092,2324.847348664213
44703,33.18504405886614,1064.0599999993092,2324.8601837325114
44704,33.18504405886614,1064.0799999993092,2324.8730185081367
44705,33.18504405886614,1064.0999999993091,2324.885852991095
44706,33.18504405886614,1064.1199999993091,2324.8986871813922
44707,33.18504405886614,1064.139999999309,2324.911521079035
44708,33.18504405886614,1064.159999999309,2324.92435468403
44709,33.18504405886614,1064.179999999309,2324.937187996383
44710,33.18504405886614,1064.199999999309,2324.9500210161
44711,33.18504405886614,1064.219999999309,2324.9628537431877
44712,33.18504405886614,1064.239999999309,2324.9756861776523
44713,33.18504405886614,1064.259999999309,2324.9885183195
44714,33.18504405886614,1064.279999999309,2325.0013501687376
44715,33.18504405886614,1064.299999999309,2325.0141817253707
44716,33.18504405886614,1064.319999999309,2325.027012989406
44717,33.18504405886614,1064.339999999309,2325.03984396085
44718,33.18504405886614,1064.359999999309,2325.052674639708
44719,33.18504405886614,1064.379999999309,2325.065505025987
44720,33.18504405886614,1064.3999999993089,2325.0783351196933
44721,33.18504405886614,1064.4199999993089,2325.091164920833
44722,33.18504405886614,1064.4399999993088,2325.1039944294125
44723,33.18504405886614,1064.4599999993088,2325.116823645438
44724,33.18504405886614,1064.4799999993088,2325.129652568916
44725,33.18504405886614,1064.4999999993088,2325.142481199852
44726,33.18504405886614,1064.5199999993088,2325.1553095382537
44727,33.18504405886614,1064.5399999993087,2325.1681375841263
44728,33.18504405886614,1064.5599999993087,2325.180965337476
44729,33.18504405886614,1064.5799999993087,2325.19379279831
44730,33.18504405886614,1064.5999999993087,2325.2066199666333
44731,33.18504405886614,1064.6199999993087,2325.219446842453
44732,33.18504405886614,1064.6399999993087,2325.2322734257755
44733,33.18504405886614,1064.6599999993086,2325.2450997166065
44734,33.18504405886614,1064.6799999993086,2325.2579257149528
44735,33.18504405886614,1064.6999999993086,2325.2707514208205
44736,33.18504405886614,1064.7199999993086,2325.2835768342156
44737,33.18504405886614,1064.7399999993086,2325.296401955145
44738,33.18504405886614,1064.7599999993085,2325.3092267836146
44739,33.18504405886614,1064.7799999993085,2325.3220513196306
44740,33.18504405886614,1064.7999999993085,2325.334875563199
44741,33.18504405886614,1064.8199999993085,2325.347699514327
44742,33.18504405886614,1064.8399999993085,2325.36052317302
44743,33.18504405886614,1064.8599999993085,2325.3733465392843
44744,33.18504405886614,1064.8799999993084,2325.3861696131266
44745,33.18504405886614,1064.8999999993084,2325.3989923945533
44746,33.18504405886614,1064.9199999993084,2325.4118148835705
44747,33.18504405886614,1064.9399999993084,2325.4246370801843
44748,33.18504405886614,1064.9599999993084,2325.437458984401
44749,33.18504405886614,1064.9799999993083,2325.4502805962543
44750,33.18504405886614,1064.9999999993083,2325.4631019161848
44751,33.18504405886614,1065.0199999993083,2325.475922944389
44752,33.18504405886614,1065.0399999993083,2325.4887436808726
44753,33.18504405886614,1065.0599999993083,2325.5015641256423
44754,33.18504405886614,1065.0799999993083,2325.514384278704
44755,33.18504405886614,1065.0999999993082,2325.527204140064
44756,33.18504405886614,1065.1199999993082,2325.5400237097288
44757,33.18504405886614,1065.1399999993082,2325.5528429877045
44758,33.18504405886614,1065.1599999993082,2325.5656619739975
44759,33.18504405886614,1065.1799999993082,2325.5784806686142
44760,33.18504405886614,1065.1999999993081,2325.5912990715606
44761,33.18504405886614,1065.2199999993081,2325.6041171828433
44762,33.18504405886614,1065.239999999308,2325.6169350024684
44763,33.18504405886614,1065.259999999308,2325.629752530442
44764,33.18504405886614,1065.279999999308,2325.6425697667705
44765,33.18504405886614,1065.299999999308,2325.6553867114603
44766,33.18504405886614,1065.319999999308,2325.6682033645175
44767,33.18504405886614,1065.339999999308,2325.6810197259483
44768,33.18504405886614,1065.359999999308,2325.6938357957592
44769,33.18504405886614,1065.379999999308,2325.7066515739566
44770,33.18504405886614,1065.399999999308,2325.719467060547
44771,33.18504405886614,1065.419999999308,2325.7322822555357
44772,33.18504405886614,1065.439999999308,2325.7450971589296
44773,33.18504405886614,1065.459999999308,2325.757911770735
44774,33.18504405886614,1065.479999999308,2325.7707260909583
44775,33.18504405886614,1065.4999999993079,2325.7835401196053
44776,33.18504405886614,1065.5199999993079,2325.7963538566823
44777,33.18504405886614,1065.5399999993078,2325.809167302196
44778,33.18504405886614,1065.5599999993078,2325.8219804561522
44779,33.18504405886614,1065.5799999993078,2325.834793318558
44780,33.18504405886614,1065.5999999993078,2325.8476058894184
44781,33.18504405886614,1065.6199999993078,2325.860418168741
44782,33.18504405886614,1065.6399999993077,2325.8732301565315
44783,33.18504405886614,1065.6599999993077,2325.886041852796
44784,33.18504405886614,1065.6799999993077,2325.898853257541
44785,33.18504405886614,1065.6999999993077,2325.9116643707725
44786,33.18504405886614,1065.7199999993077,2325.924475192497
44787,33.18504405886614,1065.7399999993077,2325.937285722721
44788,33.18504405886614,1065.7599999993076,2325.95009596145
44789,33.18504405886614,1065.7799999993076,2325.962905908691
44790,33.18504405886614,1065.7999999993076,2325.97571556445
44791,33.18504405886614,1065.8199999993076,2325.9885249287336
44792,33.18504405886614,1065.8399999993076,2326.0013340015475
44793,33.18504405886614,1065.8599999993075,2326.014142782898
44794,33.18504405886614,1065.8799999993075,2326.026951272792
44795,33.18504405886614,1065.8999999993075,2326.039759471235
44796,33.18504405886614,1065.9199999993075,2326.0525673782336
44797,33.18504405886614,1065.9399999993075,2326.065374993794
44798,33.18504405886614,1065.9599999993075,2326.078182317923
44799,33.18504405886614,1065.9799999993074,2326.0909893506264
44800,33.18504405886614,1065.9999999993074,2326.103796091947
44801,33.18504405886614,1066.0199999993074,2326.1166025423763
44802,33.18504405886614,1066.0399999993074,2326.1294087020783
44803,33.18504405886614,1066.0599999993074,2326.142214571059
44804,33.18504405886614,1066.0799999993073,2326.1550201493246
44805,33.18504405886614,1066.0999999993073,2326.1678254368817
44806,33.18504405886614,1066.1199999993073,2326.1806304337365
44807,33.13814580298065,1066.1399999993073,2326.193435139895
44808,33.13814580298065,1066.1599999993073,2326.206239555364
44809,33.13814580298065,1066.1799999993073,2326.2190436801493
44810,33.13814580298065,1066.1999999993072,2326.2318475142574
44811,33.13814580298065,1066.2199999993072,2326.2446510576947
44812,33.13814580298065,1066.2399999993072,2326.2574543104674
44813,33.13814580298065,1066.2599999993072,2326.2702572725816
44814,33.13814580298065,1066.2799999993072,2326.2830599440435
44815,33.13814580298065,1066.2999999993071,2326.29586232486
44816,33.13814580298065,1066.3199999993071,2326.308664415037
44817,33.13814580298065,1066.339999999307,2326.3214662145806
44818,33.13814580298065,1066.359999999307,2326.3342677234973
44819,33.13814580298065,1066.379999999307,2326.347068941793
44820,33.13814580298065,1066.399999999307,2326.3598698694746
44821,33.13814580298065,1066.419999999307,2326.372670506548
44822,33.13814580298065,1066.439999999307,2326.3854708530193
44823,33.13814580298065,1066.459999999307,2326.3982709088955
44824,33.13814580298065,1066.479999999307,2326.411070674182
44825,33.13814580298065,1066.499999999307,2326.4238701488857
44826,33.13814580298065,1066.519999999307,2326.4366693330126
44827,33.13814580298065,1066.539999999307,2326.449468226569
44828,33.13814580298065,1066.559999999307,2326.4622668295615
44829,33.13814580298065,1066.579999999307,2326.475065141996
44830,33.13814580298065,1066.5999999993069,2326.4878631638785
44831,33.13814580298065,1066.6199999993069,2326.500660895216
44832,33.13814580298065,1066.6399999993068,2326.513458336014
44833,33.13814580298065,1066.6599999993068,2326.5262554862798
44834,33.13814580298065,1066.6799999993068,2326.5390523460187
44835,33.13814580298065,1066.6999999993068,2326.5518489152373
44836,33.13814580298065,1066.7199999993068,2326.564645193942
44837,33.13814580298065,1066.7399999993067,2326.577441182139
44838,33.13814580298065,1066.7599999993067,2326.5902368798347
44839,33.13814580298065,1066.7799999993067,2326.603032287035
44840,33.13814580298065,1066.7999999993067,2326.6158274037466
44841,33.13814580298065,1066.8199999993067,2326.6286222299755
44842,33.13814580298065,1066.8399999993067,2326.641416765728
44843,33.13814580298065,1066.8599999993066,2326.654211011011
44844,33.13814580298065,1066.8799999993066,2326.6670049658296
44845,33.13814580298065,1066.8999999993066,2326.679798630191
44846,33.13814580298065,1066.9199999993066,2326.692592004101
44847,33.13814580298065,1066.9399999993066,2326.705385087566
44848,33.13814580298065,1066.9599999993065,2326.7181778805925
44849,33.13814580298065,1066.9799999993065,2326.7309703831866
44850,33.13814580298065,1066.9999999993065,2326.7437625953544
44851,33.13814580298065,1067.0199999993065,2326.7565545171424
44852,33.13814580298065,1067.0399999993065,2326.769346149021
44853,33.13814580298065,1067.0599999993065,2326.782137491103
44854,33.13814580298065,1067.0799999993064,2326.7949285433942
44855,33.13814580298065,1067.0999999993064,2326.8077193059003
44856,33.13814580298065,1067.1199999993064,2326.820509778628
44857,33.13814580298065,1067.1399999993064,2326.833299961584
44858,33.13814580298065,1067.1599999993064,2326.846089854774
44859,33.13814580298065,1067.1799999993063,2326.8588794582047
44860,33.13814580298065,1067.1999999993063,2326.871668771882
44861,33.13814580298065,1067.2199999993063,2326.8844577958125
44862,33.13814580298065,1067.2399999993063,2326.897246530002
44863,33.13814580298065,1067.2599999993063,2326.910034974457
44864,33.13814580298065,1067.2799999993063,2326.9228231291845
44865,33.13814580298065,1067.2999999993062,2326.9356109941896
44866,33.13814580298065,1067.3199999993062,2326.948398569479
44867,33.13814580298065,1067.3399999993062,2326.9611858550597
44868,33.13814580298065,1067.3599999993062,2326.973972850937
44869,33.13814580298065,1067.3799999993062,2326.9867595571177
44870,33.13814580298065,1067.3999999993061,2326.999545973608
44871,33.13814580298065,1067.4199999993061,2327.012332100414
44872,33.13814580298065,1067.439999999306,2327.025117937542
44873,33.13814580298065,1067.459999999306,2327.0379034849984
44874,33.13814580298065,1067.479999999306,2327.0506887427896
44875,33.13814580298065,1067.499999999306,2327.0634737109217
44876,33.13814580298065,1067.519999999306,2327.076258389401
44877,33.13814580298065,1067.539999999306,2327.0890427782338
44878,33.13814580298065,1067.559999999306,2327.1018268774264
44879,33.13814580298065,1067.579999999306,2327.114610686985
44880,33.13814580298065,1067.599999999306,2327.127394206916
44881,33.13814580298065,1067.619999999306,2327.1401774372252
44882,33.13814580298065,1067.639999999306,2327.1529603779195
44883,33.13814580298065,1067.659999999306,2327.1657430290047
44884,33.13814580298065,1067.679999999306,2327.1785253904873
44885,33.13814580298065,1067.6999999993059,2327.1913074623735
44886,33.13814580298065,1067.7199999993059,2327.20408924467
44887,33.13814580298065,1067.7399999993058,2327.216870737382
44888,33.13814580298065,1067.7599999993058,2327.229651940517
44889,33.13814580298065,1067.7799999993058,2327.242432854081
44890,33.13814580298065,1067.7999999993058,2327.25521347808
44891,33.13814580298065,1067.8199999993058,2327.2679938125198
44892,33.13814580298065,1067.8399999993057,2327.2807738574074
44893,33.13814580298065,1067.8599999993057,2327.293553612749
44894,33.13814580298065,1067.8799999993057,2327.3063330785503
44895,33.13814580298065,1067.8999999993057,2327.3191122548183
44896,33.13814580298065,1067.9199999993057,2327.3318911415586
44897,33.13814580298065,1067.9399999993057,2327.344669738778
44898,33.13814580298065,1067.9599999993056,2327.3574480464827
44899,33.13814580298065,1067.9799999993056,2327.3702260646787
44900,33.13814580298065,1067.9999999993056,2327.3830037933726
44901,33.13814580298065,1068.0199999993056,2327.3957812325702
44902,33.13814580298065,1068.0399999993056,2327.408558382328
44903,33.13814580298065,1068.0599999993055,2327.421335243173
44904,33.13814580298065,1068.0799999993055,2327.4341118151847
44905,33.13814580298065,1068.0999999993055,2327.44688809837
44906,33.13814580298065,1068.1199999993055,2327.4596640927343
44907,33.13814580298065,1068.1399999993055,2327.4724397982845
44908,33.13814580298065,1068.1599999993055,2327.485215215027
44909,33.13814580298065,1068.1799999993054,2327.4979903429676
44910,33.13814580298065,1068.1999999993054,2327.5107651821127
44911,33.13814580298065,1068.2199999993054,2327.5235397324686
44912,33.13814580298065,1068.2399999993054,2327.536313994042
44913,33.13814580298065,1068.2599999993054,2327.549087966838
44914,33.13814580298065,1068.2799999993053,2327.5618616508646
44915,33.13814580298065,1068.2999999993053,2327.574635046127
44916,33.13814580298065,1068.3199999993053,2327.5874081526313
44917,33.13814580298065,1068.3399999993053,2327.600180970384
44918,33.13814580298065,1068.3599999993053,2327.6129534993916
44919,33.13814580298065,1068.3799999993053,2327.62572573966
44920,33.13814580298065,1068.3999999993052,2327.638497691196
44921,33.13814580298065,1068.4199999993052,2327.6512693540053
44922,33.13814580298065,1068.4399999993052,2327.6640407280947
44923,33.13814580298065,1068.4599999993052,2327.67681181347
44924,33.13814580298065,1068.4799999993052,2327.6895826101377
44925,33.13814580298065,1068.4999999993051,2327.7023531181044
44926,33.13814580298065,1068.5199999993051,2327.7151233373756
44927,33.13814580298065,1068.539999999305,2327.7278932679583
44928,33.13814580298065,1068.559999999305,2327.740662909858
44929,33.13814580298065,1068.579999999305,2327.7534322630822
44930,33.13814580298065,1068.599999999305,2327.7662013276363
44931,33.13814580298065,1068.619999999305,2327.7789701035263
44932,33.13814580298065,1068.639999999305,2327.791738590759
44933,33.13814580298065,1068.659999999305,2327.8045067893404
44934,33.13814580298065,1068.679999999305,2327.817274699277
44935,33.13814580298065,1068.699999999305,2327.8300423205746
44936,33.13814580298065,1068.719999999305,2327.8428096532402
44937,33.13814580298065,1068.739999999305,2327.85557669728
44938,33.13814580298065,1068.759999999305,2327.8683434526997
44939,33.13814580298065,1068.779999999305,2327.881109919506
44940,33.13814580298065,1068.7999999993049,2327.893876097705
44941,33.13814580298065,1068.8199999993049,2327.9066419873025
44942,33.13814580298065,1068.8399999993048,2327.9194075883056
44943,33.13814580298065,1068.8599999993048,2327.93217290072
44944,33.13814580298065,1068.8799999993048,2327.9449379245525
44945,33.13814580298065,1068.8999999993048,2327.957702659809
44946,33.13814580298065,1068.9199999993048,2327.9704671064956
44947,33.13814580298065,1068.9399999993047,2327.983231264619
44948,33.13814580298065,1068.9599999993047,2327.9959951341853
44949,33.13814580298065,1068.9799999993047,2328.0087587152007
44950,33.13814580298065,1068.9999999993047,2328.021522007671
44951,33.13814580298065,1069.0199999993047,2328.0342850116035
44952,33.13814580298065,1069.0399999993047,2328.0470477270037
44953,33.13814580298065,1069.0599999993046,2328.05981015395
44954,33.13814580298065,1069.0799999993046,2328.072572292971
44955,33.13814580298065,1069.0999999993046,2328.0853341441234
44956,33.13814580298065,1069.1199999993046,2328.0980957074134
44957,33.13814580298065,1069.1399999993046,2328.1108569828475
44958,33.13814580298065,1069.1599999993045,2328.1236179704315
44959,33.13814580298065,1069.1799999993045,2328.136378670172
44960,33.13814580298065,1069.1999999993045,2328.1491390820747
44961,33.13814580298065,1069.2199999993045,2328.1618992061467
44962,33.13814580298065,1069.2399999993045,2328.174659042394
44963,33.13814580298065,1069.2599999993045,2328.1874185908227
44964,33.13814580298065,1069.2799999993044,2328.200177851439
44965,33.13814580298065,1069.2999999993044,2328.2129368242495
44966,33.13814580298065,1069.3199999993044,2328.2256955092603
44967,33.13814580298065,1069.3399999993044,2328.2384539064774
44968,33.13814580298065,1069.3599999993044,2328.251212015907
44969,33.13814580298065,1069.3799999993043,2328.263969837556
44970,33.13814580298065,1069.3999999993043,2328.2767273714303
44971,33.13814580298065,1069.4199999993043,2328.2894846175363
44972,33.13814580298065,1069.4399999993043,2328.30224157588
44973,33.13814580298065,1069.4599999993043,2328.3149982464683
44974,33.13814580298065,1069.4799999993043,2328.327754629307
44975,33.13814580298065,1069.4999999993042,2328.340510724402
44976,33.13814580298065,1069.5199999993042,2328.3532665317603
44977,33.13814580298065,1069.5399999993042,2328.3660220513875
44978,33.13814580298065,1069.5599999993042,2328.37877728329
44979,33.13814580298065,1069.5799999993042,2328.3915322274747
44980,33.13814580298065,1069.5999999993041,2328.4042868839474
44981,33.13814580298065,1069.6199999993041,2328.417041252714
44982,33.13814580298065,1069.639999999304,2328.429795333782
44983,33.13814580298065,1069.659999999304,2328.4425491271563
44984,33.13814580298065,1069.679999999304,2328.455302632844
44985,33.13814580298065,1069.699999999304,2328.4680558508508
44986,33.13814580298065,1069.719999999304,2328.480808781183
44987,33.13814580298065,1069.739999999304,2328.4935614238475
44988,33.13814580298065,1069.759999999304,2328.50631377885
44989,33.13814580298065,1069.779999999304,2328.519065846197
44990,33.13814580298065,1069.799999999304,2328.5318176258947
44991,33.13814580298065,1069.819999999304,2328.5445691179493
44992,33.13814580298065,1069.839999999304,2328.557320322367
44993,33.13814580298065,1069.859999999304,2328.5700712391545
44994,33.13814580298065,1069.879999999304,2328.5828218683173
44995,33.13814580298065,1069.8999999993039,2328.5955722098624
44996,33.13814580298065,1069.9199999993039,2328.608322263796
44997,33.13814580298065,1069.9399999993038,2328.6210720301237
44998,33.13814580298065,1069.9599999993038,2328.633821508852
44999,33.13814580298065,1069.9799999993038,2328.646570699988
45000,33.13814580298065,1069.9999999993038,2328.659319603537
45001,33.13814580298065,1070.0199999993038,2328.6720682195055
45002,33.13814580298065,1070.0399999993037,2328.6848165479
45003,33.13814580298065,1070.0599999993037,2328.6975645887264
45004,33.13814580298065,1070.0799999993037,2328.7103123421016
45005,33.13814580298065,1070.0999999993037,2328.723059808524
45006,33.13814580298065,1070.1199999993037,2328.735806988042
45007,33.13814580298065,1070.1399999993037,2328.7485538806623
45008,33.13814580298065,1070.1599999993036,2328.761300486391
45009,33.13814580298065,1070.1799999993036,2328.774046805235
45010,33.13814580298065,1070.1999999993036,2328.7867928371993
45011,33.13814580298065,1070.2199999993036,2328.799538582291
45012,33.13814580298065,1070.2399999993036,2328.8122840405163
45013,33.13814580298065,1070.2599999993035,2328.8250292118814
45014,33.13814580298065,1070.2799999993035,2328.837774096393
45015,33.13814580298065,1070.2999999993035,2328.8505186940565
45016,33.13814580298065,1070.3199999993035,2328.8632630048787
45017,33.13814580298065,1070.3399999993035,2328.876007028866
45018,33.13814580298065,1070.3599999993035,2328.8887507660243
45019,33.13814580298065,1070.3799999993034,2328.9014942163603
45020,33.13814580298065,1070.3999999993034,2328.91423737988
45021,33.13814580298065,1070.4199999993034,2328.9269802565896
45022,33.13814580298065,1070.4399999993034,2328.9397228464954
45023,33.13814580298065,1070.4599999993034,2328.9524651496035
45024,33.13814580298065,1070.4799999993033,2328.9652071659207
45025,33.13814580298065,1070.4999999993033,2328.9779488954528
45026,33.13814580298065,1070.5199999993033,2328.990690338206
45027,33.13814580298065,1070.5399999993033,2329.003431494187
45028,33.13814580298065,1070.5599999993033,2329.016172363402
45029,33.13814580298065,1070.5799999993033,2329.0289129458565
45030,33.13814580298065,1070.5999999993032,2329.0416532415575
45031,33.13814580298065,1070.6199999993032,2329.054393250511
45032,33.13814580298065,1070.6399999993032,2329.067132972724
45033,33.13814580298065,1070.6599999993032,2329.0798724082015
45034,33.13814580298065,1070.6799999993032,2329.0926115569505
45035,33.13814580298065,1070.6999999993031,2329.105350418977
45036,33.13814580298065,1070.7199999993031,2329.118088994288
45037,33.13814580298065,1070.739999999303,2329.1308272828887
45038,33.13814580298065,1070.759999999303,2329.1435652847863
45039,33.13814580298065,1070.779999999303,2329.1563029999866
45040,33.13814580298065,1070.799999999303,2329.1690404284955
45041,33.13814580298065,1070.819999999303,2329.18177757032
45042,33.13814580298065,1070.839999999303,2329.1945144254655
45043,33.13814580298065,1070.859999999303,2329.207250993939
45044,33.13814580298065,1070.879999999303,2329.2199872757465
45045,33.13814580298065,1070.899999999303,2329.2327232708944
45046,33.13814580298065,1070.919999999303,2329.245458979389
45047,33.13814580298065,1070.939999999303,2329.258194401236
45048,33.13814580298065,1070.959999999303,2329.270929536442
45049,33.13814580298065,1070.979999999303,2329.2836643850137
45050,33.13814580298065,1070.9999999993029,2329.2963989469567
45051,33.13814580298065,1071.0199999993029,2329.3091332222775
45052,33.13814580298065,1071.0399999993028,2329.3218672109824
45053,33.13814580298065,1071.0599999993028,2329.334600913078
45054,33.13814580298065,1071.0799999993028,2329.3473343285696
45055,33.13814580298065,1071.0999999993028,2329.36006745762
45056,33.13814580298065,1071.1199999993028,2329.372800300721
45057,33.13814580298065,1071.1399999993027,2329.385532857915
45058,33.13814580298065,1071.1599999993027,2329.3982651292094
45059,33.13814580298065,1071.1799999993027,2329.4109971146095
45060,33.13814580298065,1071.1999999993027,2329.4237288141217
45061,33.13814580298065,1071.2199999993027,2329.4364602277524
45062,33.13814580298065,1071.2399999993027,2329.449191355508
45063,33.09135790685282,1071.2599999993026,2329.4619221973944
45064,33.09135790685282,1071.2799999993026,2329.4746527534185
45065,33.09135790685282,1071.2999999993026,2329.487383023586
45066,33.09135790685282,1071.3199999993026,2329.500113007903
45067,33.09135790685282,1071.3399999993026,2329.5128427063764
45068,33.09135790685282,1071.3599999993025,2329.525572119012
45069,33.09135790685282,1071.3799999993025,2329.5383012458165
45070,33.09135790685282,1071.3999999993025,2329.551030086796
45071,33.09135790685282,1071.4199999993025,2329.563758641956
45072,33.09135790685282,1071.4399999993025,2329.576486911304
45073,33.09135790685282,1071.4599999993025,2329.5892148948456
45074,33.09135790685282,1071.4799999993024,2329.601942592587
45075,33.09135790685282,1071.4999999993024,2329.6146700045347
45076,33.09135790685282,1071.5199999993024,2329.627397130695
45077,33.09135790685282,1071.5399999993024,2329.640123971074
45078,33.09135790685282,1071.5599999993024,2329.652850525678
45079,33.09135790685282,1071.5799999993023,2329.665576794513
45080,33.09135790685282,1071.5999999993023,2329.678302777586
45081,33.09135790685282,1071.6199999993023,2329.691028474903
45082,33.09135790685282,1071.6399999993023,2329.7037538864697
45083,33.09135790685282,1071.6599999993023,2329.716479012293
45084,33.09135790685282,1071.6799999993023,2329.7292038523788
45085,33.09135790685282,1071.6999999993022,2329.7419284067337
45086,33.09135790685282,1071.7199999993022,2329.7546526753636
45087,33.09135790685282,1071.7399999993022,2329.7673766582748
45088,33.09135790685282,1071.7599999993022,2329.7801003554737
45089,33.09135790685282,1071.7799999993022,2329.7928237669666
45090,33.09135790685282,1071.7999999993021,2329.8055468927596
45091,33.09135790685282,1071.8199999993021,2329.8182697328593
45092,33.09135790685282,1071.839999999302,2329.830992287272
45093,33.09135790685282,1071.859999999302,2329.843714556003
45094,33.09135790685282,1071.879999999302,2329.8564365390594
45095,33.09135790685282,1071.899999999302,2329.869158236447
45096,33.09135790685282,1071.919999999302,2329.881879648173
45097,33.09135790685282,1071.939999999302,2329.8946007742425
45098,33.09135790685282,1071.959999999302,2329.9073216146626
45099,33.09135790685282,1071.979999999302,2329.920042169439
45100,33.09135790685282,1071.999999999302,2329.9327624385783
45101,33.09135790685282,1072.019999999302,2329.9454824220866
45102,33.09135790685282,1072.039999999302,2329.9582021199703
45103,33.09135790685282,1072.059999999302,2329.970921532236
45104,33.09135790685282,1072.079999999302,2329.9836406588893
45105,33.09135790685282,1072.0999999993019,2329.9963594999367
45106,33.09135790685282,1072.1199999993019,2330.009078056032
45107,33.09135790685282,1072.1399999993018,2330.0217963288374
45108,33.09135790685282,1072.1599999993018,2330.0345143184704
45109,33.09135790685282,1072.1799999993018,2330.047232024938
45110,33.09135790685282,1072.1999999993018,2330.059949448246
45111,33.09135790685282,1072.2199999993018,2330.072666588401
45112,33.09135790685282,1072.2399999993017,2330.085383445409
45113,33.09135790685282,1072.2599999993017,2330.098100019277
45114,33.09135790685282,1072.2799999993017,2330.1108163100107
45115,33.09135790685282,1072.2999999993017,2330.123532317617
45116,33.09135790685282,1072.3199999993017,2330.136248042102
45117,33.09135790685282,1072.3399999993017,2330.1489634834725
45118,33.09135790685282,1072.3599999993016,2330.1616786417344
45119,33.09135790685282,1072.3799999993016,2330.1743935168947
45120,33.09135790685282,1072.3999999993016,2330.1871081089594
45121,33.09135790685282,1072.4199999993016,2330.1998224179347
45122,33.09135790685282,1072.4399999993016,2330.212536443827
45123,33.09135790685282,1072.4599999993015,2330.225250186643
45124,33.09135790685282,1072.4799999993015,2330.2379636463884
45125,33.09135790685282,1072.4999999993015,2330.25067682307
45126,33.09135790685282,1072.5199999993015,2330.2633897166943
45127,33.09135790685282,1072.5399999993015,2330.2761023272674
45128,33.09135790685282,1072.5599999993015,2330.2888146547957
45129,33.09135790685282,1072.5799999993014,2330.3015266992857
45130,33.09135790685282,1072.5999999993014,2330.314238460744
45131,33.09135790685282,1072.6199999993014,2330.3269499391768
45132,33.09135790685282,1072.6399999993014,2330.33966113459
45133,33.09135790685282,1072.6599999993014,2330.3523720469907
45134,33.09135790685282,1072.6799999993013,2330.3650826763846
45135,33.09135790685282,1072.6999999993013,2330.3777930227784
45136,33.09135790685282,1072.7199999993013,2330.390503086179
45137,33.09135790685282,1072.7399999993013,2330.4032128665917
45138,33.09135790685282,1072.7599999993013,2330.4159223640236
45139,33.09135790685282,1072.7799999993013,2330.4286315784807
45140,33.09135790685282,1072.7999999993012,2330.4413405099695
45141,33.09135790685282,1072.8199999993012,2330.454049158496
45142,33.09135790685282,1072.8399999993012,2330.466757524068
45143,33.09135790685282,1072.8599999993012,2330.47946560669
45144,33.09135790685282,1072.8799999993012,2330.4921734063696
45145,33.09135790685282,1072.8999999993011,2330.5048809231125
45146,33.09135790685282,1072.9199999993011,2330.5175881569253
45147,33.09135790685282,1072.939999999301,2330.5302951078143
45148,33.09135790685282,1072.959999999301,2330.5430017757863
45149,33.09135790685282,1072.979999999301,2330.555708160847
45150,33.09135790685282,1072.999999999301,2330.5684142630034
45151,33.09135790685282,1073.019999999301,2330.5811200822614
45152,33.09135790685282,1073.039999999301,2330.5938256186273
45153,33.09135790685282,1073.059999999301,2330.6065308721077
45154,33.09135790685282,1073.079999999301,2330.6192358427093
45155,33.09135790685282,1073.099999999301,2330.631940530438
45156,33.09135790685282,1073.119999999301,2330.6446449353
45157,33.09135790685282,1073.139999999301,2330.657349057524
45158,33.09135790685282,1073.159999999301,2330.6700528975116
45159,33.09135790685282,1073.179999999301,2330.6827564552896
45160,33.09135790685282,1073.1999999993009,2330.6954597308636
45161,33.09135790685282,1073.2199999993009,2330.7081627242405
45162,33.09135790685282,1073.2399999993008,2330.7208654354263
45163,33.09135790685282,1073.2599999993008,2330.7335678644276
45164,33.09135790685282,1073.2799999993008,2330.746270011251
45165,33.09135790685282,1073.2999999993008,2330.7589718759023
45166,33.09135790685282,1073.3199999993008,2330.7716734583882
45167,33.09135790685282,1073.3399999993007,2330.784374758715
45168,33.09135790685282,1073.3599999993007,2330.797075776889
45169,33.09135790685282,1073.3799999993007,2330.809776512917
45170,33.09135790685282,1073.3999999993007,2330.8224769668045
45171,33.09135790685282,1073.4199999993007,2330.8351771385587
45172,33.09135790685282,1073.4399999993007,2330.8478770281854
45173,33.09135790685282,1073.4599999993006,2330.8605766356914
45174,33.09135790685282,1073.4799999993006,2330.8732759610825
45175,33.09135790685282,1073.4999999993006,2330.8859750043657
45176,33.09135790685282,1073.5199999993006,2330.898673765547
45177,33.09135790685282,1073.5399999993006,2330.9113722446327
45178,33.09135790685282,1073.5599999993005,2330.9240704416293
45179,33.09135790685282,1073.5799999993005,2330.9367683565433
45180,33.09135790685282,1073.5999999993005,2330.9494659893808
45181,33.09135790685282,1073.6199999993005,2330.9621633401484
45182,33.09135790685282,1073.6399999993005,2330.9748604088522
45183,33.09135790685282,1073.6599999993005,2330.9875571954985
45184,33.09135790685282,1073.6799999993004,2331.000253700094
45185,33.09135790685282,1073.6999999993004,2331.012949922645
45186,33.09135790685282,1073.7199999993004,2331.025645863158
45187,33.09135790685282,1073.7399999993004,2331.038341521639
45188,33.09135790685282,1073.7599999993004,2331.051036898094
45189,33.09135790685282,1073.7799999993003,2331.0637319925304
45190,33.09135790685282,1073.7999999993003,2331.076426804954
45191,33.09135790685282,1073.8199999993003,2331.0891213353707
45192,33.09135790685282,1073.8399999993003,2331.1018155837874
45193,33.09135790685282,1073.8599999993003,2331.1145095502106
45194,33.09135790685282,1073.8799999993003,2331.1272032346465
45195,33.09135790685282,1073.8999999993002,2331.139896637101
45196,33.09135790685282,1073.9199999993002,2331.152589757581
45197,33.09135790685282,1073.9399999993002,2331.1652825960928
45198,33.09135790685282,1073.9599999993002,2331.1779751526424
45199,33.09135790685282,1073.9799999993002,2331.190667427237
45200,33.09135790685282,1073.9999999993001,2331.203359419882
45201,33.09135790685282,1074.0199999993001,2331.216051130584
45202,33.09135790685282,1074.0399999993,2331.22874255935
45203,33.09135790685282,1074.0599999993,2331.2414337061855
45204,33.09135790685282,1074.0799999993,2331.2541245710972
45205,33.09135790685282,1074.0999999993,2331.2668151540915
45206,33.09135790685282,1074.1199999993,2331.279505455175
45207,33.09135790685282,1074.1399999993,2331.2921954743533
45208,33.09135790685282,1074.1599999993,2331.3048852118923
45209,33.09135790685282,1074.1799999993,2331.3175746681636
45210,33.09135790685282,1074.1999999993,2331.3302638431865
45211,33.09135790685282,1074.2199999993,2331.3429527369667
45212,33.09135790685282,1074.2399999993,2331.3556413495107
45213,33.09135790685282,1074.2599999993,2331.368329680825
45214,33.09135790685282,1074.2799999993,2331.381017730915
45215,33.09135790685282,1074.2999999992999,2331.393705499788
45216,33.09135790685282,1074.3199999992999,2331.4063929874505
45217,33.09135790685282,1074.3399999992998,2331.4190801939085
45218,33.09135790685282,1074.3599999992998,2331.4317671191684
45219,33.09135790685282,1074.3799999992998,2331.4444537632367
45220,33.09135790685282,1074.3999999992998,2331.4571401261196
45221,33.09135790685282,1074.4199999992998,2331.469826207823
45222,33.09135790685282,1074.4399999992997,2331.482512008354
45223,33.09135790685282,1074.4599999992997,2331.495197527719
45224,33.09135790685282,1074.4799999992997,2331.5078827659236
45225,33.09135790685282,1074.4999999992997,2331.5205677229746
45226,33.09135790685282,1074.5199999992997,2331.5332523988786
45227,33.09135790685282,1074.5399999992997,2331.5459367936414
45228,33.09135790685282,1074.5599999992996,2331.55862090727
45229,33.09135790685282,1074.5799999992996,2331.57130473977
45230,33.09135790685282,1074.5999999992996,2331.583988291148
45231,33.09135790685282,1074.6199999992996,2331.596671561411
45232,33.09135790685282,1074.6399999992996,2331.609354550564
45233,33.09135790685282,1074.6599999992995,2331.622037258615
45234,33.09135790685282,1074.6799999992995,2331.634719685569
45235,33.09135790685282,1074.6999999992995,2331.647401831433
45236,33.09135790685282,1074.7199999992995,2331.6600836962134
45237,33.09135790685282,1074.7399999992995,2331.6727652799163
45238,33.09135790685282,1074.7599999992995,2331.685446582548
45239,33.09135790685282,1074.7799999992994,2331.698127604115
45240,33.09135790685282,1074.7999999992994,2331.7108083446237
45241,33.09135790685282,1074.8199999992994,2331.7234888040803
45242,33.09135790685282,1074.8399999992994,2331.736168982491
45243,33.09135790685282,1074.8599999992994,2331.7488488798626
45244,33.09135790685282,1074.8799999992993,2331.761528496201
45245,33.09135790685282,1074.8999999992993,2331.774207831513
45246,33.09135790685282,1074.9199999992993,2331.786886885805
45247,33.09135790685282,1074.9399999992993,2331.799565659083
45248,33.09135790685282,1074.9599999992993,2331.8122441513533
45249,33.09135790685282,1074.9799999992993,2331.824922362622
45250,33.09135790685282,1074.9999999992992,2331.8376002928962
45251,33.09135790685282,1075.0199999992992,2331.850277942182
45252,33.09135790685282,1075.0399999992992,2331.862955310485
45253,33.09135790685282,1075.0599999992992,2331.8756323978128
45254,33.09135790685282,1075.0799999992992,2331.8883092041706
45255,33.09135790685282,1075.0999999992991,2331.9009857295655
45256,33.09135790685282,1075.1199999992991,2331.9136619740034
45257,33.09135790685282,1075.139999999299,2331.9263379374906
45258,33.09135790685282,1075.159999999299,2331.939013620034
45259,33.09135790685282,1075.179999999299,2331.9516890219356
45260,33.09135790685282,1075.199999999299,2331.9643641435378
45261,33.09135790685282,1075.219999999299,2331.977038984851
45262,33.09135790685282,1075.239999999299,2331.9897135458814
45263,33.09135790685282,1075.259999999299,2332.0023878266356
45264,33.09135790685282,1075.279999999299,2332.0150618271196
45265,33.09135790685282,1075.299999999299,2332.02773554734
45266,33.09135790685282,1075.319999999299,2332.040408987303
45267,33.09135790685282,1075.339999999299,2332.0530821470156
45268,33.09135790685282,1075.359999999299,2332.0657550264837
45269,33.09135790685282,1075.379999999299,2332.078427625713
45270,33.09135790685282,1075.3999999992989,2332.091099944711
45271,33.09135790685282,1075.4199999992989,2332.1037719834835
45272,33.09135790685282,1075.4399999992988,2332.1164437420366
45273,33.09135790685282,1075.4599999992988,2332.129115220377
45274,33.09135790685282,1075.4799999992988,2332.141786418511
45275,33.09135790685282,1075.4999999992988,2332.1544573364445
45276,33.09135790685282,1075.5199999992988,2332.1671279741845
45277,33.09135790685282,1075.5399999992987,2332.179798331737
45278,33.09135790685282,1075.5599999992987,2332.192468409108
45279,33.09135790685282,1075.5799999992987,2332.2051382063046
45280,33.09135790685282,1075.5999999992987,2332.2178077233325
45281,33.09135790685282,1075.6199999992987,2332.2304769601983
45282,33.09135790685282,1075.6399999992987,2332.2431459169084
45283,33.09135790685282,1075.6599999992986,2332.255814593469
45284,33.09135790685282,1075.6799999992986,2332.2684829898867
45285,33.09135790685282,1075.6999999992986,2332.2811511061677
45286,33.09135790685282,1075.7199999992986,2332.2938189423185
45287,33.09135790685282,1075.7399999992986,2332.306486498345
45288,33.09135790685282,1075.7599999992985,2332.3191537742537
45289,33.09135790685282,1075.7799999992985,2332.3318207700513
45290,33.09135790685282,1075.7999999992985,2332.3444874857437
45291,33.09135790685282,1075.8199999992985,2332.357153921337
45292,33.09135790685282,1075.8399999992985,2332.3698200768386
45293,33.09135790685282,1075.8599999992985,2332.382485952254
45294,33.09135790685282,1075.8799999992984,2332.395151547589
45295,33.09135790685282,1075.8999999992984,2332.4078168628516
45296,33.09135790685282,1075.9199999992984,2332.420481898047
45297,33.09135790685282,1075.9399999992984,2332.4331466531817
45298,33.09135790685282,1075.9599999992984,2332.445811128262
45299,33.09135790685282,1075.9799999992983,2332.4584753232944
45300,33.09135790685282,1075.9999999992983,2332.471139238285
45301,33.09135790685282,1076.0199999992983,2332.48380287324
45302,33.09135790685282,1076.0399999992983,2332.4964662281664
45303,33.09135790685282,1076.0599999992983,2332.50912930307
45304,33.09135790685282,1076.0799999992983,2332.521792097957
45305,33.09135790685282,1076.0999999992982,2332.5344546128345
45306,33.09135790685282,1076.1199999992982,2332.547116847708
45307,33.09135790685282,1076.1399999992982,2332.5597788025843
45308,33.09135790685282,1076.1599999992982,2332.5724404774696
45309,33.09135790685282,1076.1799999992982,2332.585101872374
45310,33.09135790685282,1076.1999999992981,2332.5977629876484
45311,33.09135790685282,1076.2199999992981,2332.610423823616
45312,33.09135790685282,1076.239999999298,2332.6230843802837
45313,33.09135790685282,1076.259999999298,2332.6357446576576
45314,33.09135790685282,1076.279999999298,2332.6484046557434
45315,33.09135790685282,1076.299999999298,2332.661064374548
45316,33.09135790685282,1076.319999999298,2332.6737238140777
45317,33.09135790685282,1076.339999999298,2332.686382974339
45318,33.09135790685282,1076.359999999298,2332.699041855338
45319,33.09135790685282,1076.379999999298,2332.7117004570805
45320,33.09135790685282,1076.399999999298,2332.724358779574
45321,33.09135790685282,1076.419999999298,2332.7370168228235
45322,33.09135790685282,1076.439999999298,2332.7496745868366
45323,33.09135790685282,1076.459999999298,2332.762332071619
45324,33.09135790685282,1076.479999999298,2332.7749892771767
45325,33.04468000725054,1076.4999999992979,2332.7876462035165
45326,33.04468000725054,1076.5199999992979,2332.8003028506446
45327,33.04468000725054,1076.5399999992978,2332.8129592185674
45328,33.04468000725054,1076.5599999992978,2332.825615307291
45329,33.04468000725054,1076.5799999992978,2332.8382711168224
45330,33.04468000725054,1076.5999999992978,2332.850926647167
45331,33.04468000725054,1076.6199999992978,2332.8635818983316
45332,33.04468000725054,1076.6399999992977,2332.8762368703224
45333,33.04468000725054,1076.6599999992977,2332.888891563146
45334,33.04468000725054,1076.6799999992977,2332.9015459768084
45335,33.04468000725054,1076.6999999992977,2332.914200111316
45336,33.04468000725054,1076.7199999992977,2332.9268539666755
45337,33.04468000725054,1076.7399999992977,2332.939507542893
45338,33.04468000725054,1076.7599999992976,2332.9521608399746
45339,33.04468000725054,1076.7799999992976,2332.964813857927
45340,33.04468000725054,1076.7999999992976,2332.9774665967557
45341,33.04468000725054,1076.8199999992976,2332.990119056468
45342,33.04468000725054,1076.8399999992976,2333.0027712370697
45343,33.04468000725054,1076.8599999992975,2333.0154231385673
45344,33.04468000725054,1076.8799999992975,2333.0280747609672
45345,33.04468000725054,1076.8999999992975,2333.0407261042756
45346,33.04468000725054,1076.9199999992975,2333.0533771684986
45347,33.04468000725054,1076.9399999992975,2333.0660279536432
45348,33.04468000725054,1076.9599999992975,2333.0786784597153
45349,33.04468000725054,1076.9799999992974,2333.091328686721
45350,33.04468000725054,1076.9999999992974,2333.103978634667
45351,33.04468000725054,1077.0199999992974,2333.116628303559
45352,33.04468000725054,1077.0399999992974,2333.129277693404
45353,33.04468000725054,1077.0599999992974,2333.1419268042087
45354,33.04468000725054,1077.0799999992973,2333.1545756359783
45355,33.04468000725054,1077.0999999992973,2333.1672241887195
45356,33.04468000725054,1077.1199999992973,2333.179872462439
45357,33.04468000725054,1077.1399999992973,2333.192520457143
45358,33.04468000725054,1077.1599999992973,2333.2051681728376
45359,33.04468000725054,1077.1799999992973,2333.217815609529
45360,33.04468000725054,1077.1999999992972,2333.2304627672343
45361,33.04468000725054,1077.2199999992972,2333.243109646296
45362,33.04468000725054,1077.2399999992972,2333.255756246969
45363,33.04468000725054,1077.2599999992972,2333.2684025692597
45364,33.04468000725054,1077.2799999992972,2333.281048613174
45365,33.04468000725054,1077.2999999992971,2333.2936943787186
45366,33.04468000725054,1077.3199999992971,2333.3063398658996
45367,33.04468000725054,1077.339999999297,2333.3189850747235
45368,33.04468000725054,1077.359999999297,2333.331630005196
45369,33.04468000725054,1077.379999999297,2333.344274657324
45370,33.04468000725054,1077.399999999297,2333.356919031114
45371,33.04468000725054,1077.419999999297,2333.369563126572
45372,33.04468000725054,1077.439999999297,2333.382206943704
45373,33.04468000725054,1077.459999999297,2333.394850482517
45374,33.04468000725054,1077.479999999297,2333.407493743017
45375,33.04468000725054,1077.499999999297,2333.42013672521
45376,33.04468000725054,1077.519999999297,2333.4327794291025
45377,33.04468000725054,1077.539999999297,2333.445421854701
45378,33.04468000725054,1077.559999999297,2333.458064002012
45379,33.04468000725054,1077.579999999297,2333.470705871042
45380,33.04468000725054,1077.5999999992969,2333.4833474617963
45381,33.04468000725054,1077.6199999992969,2333.495988774282
45382,33.04468000725054,1077.6399999992968,2333.5086298085052
45383,33.04468000725054,1077.6599999992968,2333.521270564472
45384,33.04468000725054,1077.6799999992968,2333.533911042189
45385,33.04468000725054,1077.6999999992968,2333.5465512416627
45386,33.04468000725054,1077.7199999992968,2333.559191162899
45387,33.04468000725054,1077.7399999992967,2333.5718308059045
45388,33.04468000725054,1077.7599999992967,2333.584470170685
45389,33.04468000725054,1077.7799999992967,2333.5971092572477
45390,33.04468000725054,1077.7999999992967,2333.609748065598
45391,33.04468000725054,1077.8199999992967,2333.6223865957427
45392,33.04468000725054,1077.8399999992967,2333.635024847688
45393,33.04468000725054,1077.8599999992966,2333.6476628214405
45394,33.04468000725054,1077.8799999992966,2333.660300517006
45395,33.04468000725054,1077.8999999992966,2333.672937934391
45396,33.04468000725054,1077.9199999992966,2333.685575073602
45397,33.04468000725054,1077.9399999992966,2333.6982119346453
45398,33.04468000725054,1077.9599999992965,2333.710848517527
45399,33.04468000725054,1077.9799999992965,2333.723484822254
45400,33.04468000725054,1077.9999999992965,2333.7361208488314
45401,33.04468000725054,1078.0199999992965,2333.7487565972665
45402,33.04468000725054,1078.0399999992965,2333.7613920675653
45403,33.04468000725054,1078.0599999992965,2333.7740272597343
45404,33.04468000725054,1078.0799999992964,2333.78666217378
45405,33.04468000725054,1078.0999999992964,2333.799296809708
45406,33.04468000725054,1078.1199999992964,2333.811931167525
45407,33.04468000725054,1078.1399999992964,2333.8245652472374
45408,33.04468000725054,1078.1599999992964,2333.8371990488513
45409,33.04468000725054,1078.1799999992963,2333.849832572373
45410,33.04468000725054,1078.1999999992963,2333.862465817809
45411,33.04468000725054,1078.2199999992963,2333.8750987851836
45412,33.04468000725054,1078.2399999992963,2333.887731474888
45413,33.04468000725054,1078.2599999992963,2333.9003638871527
45414,33.04468000725054,1078.2799999992963,2333.9129960219843
45415,33.04468000725054,1078.2999999992962,2333.925627879389
45416,33.04468000725054,1078.3199999992962,2333.938259459373
45417,33.04468000725054,1078.3399999992962,2333.950890761943
45418,33.04468000725054,1078.3599999992962,2333.9635217871046
45419,33.04468000725054,1078.3799999992962,2333.9761525348645
45420,33.04468000725054,1078.3999999992961,2333.9887830052294
45421,33.04468000725054,1078.4199999992961,2334.0014131982052
45422,33.04468000725054,1078.439999999296,2334.014043113798
45423,33.04468000725054,1078.459999999296,2334.0266727520143
45424,33.04468000725054,1078.479999999296,2334.0393021128607
45425,33.04468000725054,1078.499999999296,2334.051931196343
45426,33.04468000725054,1078.519999999296,2334.064560002468
45427,33.04468000725054,1078.539999999296,2334.077188531242
45428,33.04468000725054,1078.559999999296,2334.089816782671
45429,33.04468000725054,1078.579999999296,2334.102444756761
45430,33.04468000725054,1078.599999999296,2334.115072453519
45431,33.04468000725054,1078.619999999296,2334.1276998729513
45432,33.04468000725054,1078.639999999296,2334.1403270150636
45433,33.04468000725054,1078.659999999296,2334.1529538798627
45434,33.04468000725054,1078.679999999296,2334.1655804673546
45435,33.04468000725054,1078.6999999992959,2334.1782067775457
45436,33.04468000725054,1078.7199999992959,2334.1908328104423
45437,33.04468000725054,1078.7399999992958,2334.203458566051
45438,33.04468000725054,1078.7599999992958,2334.2160840443776
45439,33.04468000725054,1078.7799999992958,2334.228709245429
45440,33.04468000725054,1078.7999999992958,2334.241334169211
45441,33.04468000725054,1078.8199999992958,2334.25395881573
45442,33.04468000725054,1078.8399999992957,2334.2665831849927
45443,33.04468000725054,1078.8599999992957,2334.279207277005
45444,33.04468000725054,1078.8799999992957,2334.291831091773
45445,33.04468000725054,1078.8999999992957,2334.3044546293036
45446,33.04468000725054,1078.9199999992957,2334.317077889603
45447,33.04468000725054,1078.9399999992957,2334.3297008726768
45448,33.04468000725054,1078.9599999992956,2334.342323578532
45449,33.04468000725054,1078.9799999992956,2334.354946007175
45450,33.04468000725054,1078.9999999992956,2334.3675681586114
45451,33.04468000725054,1079.0199999992956,2334.380190032848
45452,33.04468000725054,1079.0399999992956,2334.392811629891
45453,33.04468000725054,1079.0599999992955,2334.405432949747
45454,33.04468000725054,1079.0799999992955,2334.418053992422
45455,33.04468000725054,1079.0999999992955,2334.430674757922
45456,33.04468000725054,1079.1199999992955,2334.443295246254
45457,33.04468000725054,1079.1399999992955,2334.4559154574235
45458,33.04468000725054,1079.1599999992955,2334.4685353914374
45459,33.04468000725054,1079.1799999992954,2334.481155048302
45460,33.04468000725054,1079.1999999992954,2334.4937744280232
45461,33.04468000725054,1079.2199999992954,2334.5063935306075
45462,33.04468000725054,1079.2399999992954,2334.5190123560865
45463,33.04468000725054,1079.2599999992954,2334.5316309048812
45464,33.04468000725054,1079.2799999992953,2334.544249177185
45465,33.04468000725054,1079.2999999992953,2334.5568671730043
45466,33.04468000725054,1079.3199999992953,2334.5694848923454
45467,33.04468000725054,1079.3399999992953,2334.5821023352146
45468,33.04468000725054,1079.3599999992953,2334.5947195016183
45469,33.04468000725054,1079.3799999992953,2334.607336391563
45470,33.04468000725054,1079.3999999992952,2334.6199530050544
45471,33.04468000725054,1079.4199999992952,2334.6325693420995
45472,33.04468000725054,1079.4399999992952,2334.645185402704
45473,33.04468000725054,1079.4599999992952,2334.6578011868746
45474,33.04468000725054,1079.4799999992952,2334.6704166946174
45475,33.04468000725054,1079.4999999992951,2334.683031925939
45476,33.04468000725054,1079.5199999992951,2334.695646880845
45477,33.04468000725054,1079.539999999295,2334.708261559342
45478,33.04468000725054,1079.559999999295,2334.720875961437
45479,33.04468000725054,1079.579999999295,2334.733490087135
45480,33.04468000725054,1079.599999999295,2334.7461039364434
45481,33.04468000725054,1079.619999999295,2334.758717509368
45482,33.04468000725054,1079.639999999295,2334.7713308059156
45483,33.04468000725054,1079.659999999295,2334.783943826092
45484,33.04468000725054,1079.679999999295,2334.7965565699037
45485,33.04468000725054,1079.699999999295,2334.8091690373567
45486,33.04468000725054,1079.719999999295,2334.821781228458
45487,33.04468000725054,1079.739999999295,2334.834393143213
45488,33.04468000725054,1079.759999999295,2334.8470047816286
45489,33.04468000725054,1079.779999999295,2334.859616143711
45490,33.04468000725054,1079.7999999992949,2334.8722272294663
45491,33.04468000725054,1079.8199999992949,2334.884838038901
45492,33.04468000725054,1079.8399999992948,2334.897448572021
45493,33.04468000725054,1079.8599999992948,2334.9100588288334
45494,33.04468000725054,1079.8799999992948,2334.922668809344
45495,33.04468000725054,1079.8999999992948,2334.935278513559
45496,33.04468000725054,1079.9199999992948,2334.9478879414846
45497,33.04468000725054,1079.9399999992947,2334.9604970931277
45498,33.04468000725054,1079.9599999992947,2334.973105968494
45499,33.04468000725054,1079.9799999992947,2334.98571456759
45500,33.04468000725054,1079.9999999992947,2334.998322890422
45501,33.04468000725054,1080.0199999992947,2335.0109309369964
45502,33.04468000725054,1080.0399999992947,2335.0235387073194
45503,33.04468000725054,1080.0599999992946,2335.036146201397
45504,33.04468000725054,1080.0799999992946,2335.048753419236
45505,33.04468000725054,1080.0999999992946,2335.0613603608426
45506,33.04468000725054,1080.1199999992946,2335.073967026223
45507,33.04468000725054,1080.1399999992946,2335.086573415383
45508,33.04468000725054,1080.1599999992945,2335.09917952833
45509,33.04468000725054,1080.1799999992945,2335.1117853650694
45510,33.04468000725054,1080.1999999992945,2335.1243909256077
45511,33.04468000725054,1080.2199999992945,2335.1369962099516
45512,33.04468000725054,1080.2399999992945,2335.149601218107
45513,33.04468000725054,1080.2599999992945,2335.162205950113
45514,33.04468000725054,1080.2799999992944,2335.1748104064195
45515,33.04468000725054,1080.2999999992944,2335.187414587184
45516,33.04468000725054,1080.3199999992944,2335.200018492412
45517,33.04468000725054,1080.3399999992944,2335.21262212211
45518,33.04468000725054,1080.3599999992944,2335.225225476285
45519,33.04468000725054,1080.3799999992943,2335.237828554942
45520,33.04468000725054,1080.3999999992943,2335.2504313580885
45521,33.04468000725054,1080.4199999992943,2335.2630338857302
45522,33.04468000725054,1080.4399999992943,2335.2756361378733
45523,33.04468000725054,1080.4599999992943,2335.2882381145246
45524,33.04468000725054,1080.4799999992943,2335.30083981569
45525,33.04468000725054,1080.4999999992942,2335.3134412413756
45526,33.04468000725054,1080.5199999992942,2335.3260423915885
45527,33.04468000725054,1080.5399999992942,2335.338643266334
45528,33.04468000725054,1080.5599999992942,2335.3512438656194
45529,33.04468000725054,1080.5799999992942,2335.3638441894504
45530,33.04468000725054,1080.5999999992941,2335.3764442378333
45531,33.04468000725054,1080.6199999992941,2335.3890440107743
45532,33.04468000725054,1080.639999999294,2335.4016435082804
45533,33.04468000725054,1080.659999999294,2335.4142427303573
45534,33.04468000725054,1080.679999999294,2335.426841677011
45535,33.04468000725054,1080.699999999294,2335.4394403482484
45536,33.04468000725054,1080.719999999294,2335.4520387440757
45537,33.04468000725054,1080.739999999294,2335.464636864499
45538,33.04468000725054,1080.759999999294,2335.4772347095245
45539,33.04468000725054,1080.779999999294,2335.4898322791587
45540,33.04468000725054,1080.799999999294,2335.502429573408
45541,33.04468000725054,1080.819999999294,2335.5150265922784
45542,33.04468000725054,1080.839999999294,2335.5276233357763
45543,33.04468000725054,1080.859999999294,2335.540219803908
45544,33.04468000725054,1080.879999999294,2335.55281599668
45545,33.04468000725054,1080.8999999992939,2335.565411914098
45546,33.04468000725054,1080.9199999992939,2335.5780075561693
45547,33.04468000725054,1080.9399999992938,2335.590602922899
45548,33.04468000725054,1080.9599999992938,2335.6031980142943
45549,33.04468000725054,1080.9799999992938,2335.615792830361
45550,33.04468000725054,1080.9999999992938,2335.6283873711054
45551,33.04468000725054,1081.0199999992938,2335.640981636534
45552,33.04468000725054,1081.0399999992937,2335.653575626653
45553,33.04468000725054,1081.0599999992937,2335.666169341469
45554,33.04468000725054,1081.0799999992937,2335.678762780988
45555,33.04468000725054,1081.0999999992937,2335.6913559452164
45556,33.04468000725054,1081.1199999992937,2335.70394883416
45557,33.04468000725054,1081.1399999992937,2335.716541447826
45558,33.04468000725054,1081.1599999992936,2335.72913378622
45559,33.04468000725054,1081.1799999992936,2335.7417258493483
45560,33.04468000725054,1081.1999999992936,2335.7543176372174
45561,33.04468000725054,1081.2199999992936,2335.7669091498337
45562,33.04468000725054,1081.2399999992936,2335.7795003872034
45563,33.04468000725054,1081.2599999992935,2335.7920913493326
45564,33.04468000725054,1081.2799999992935,2335.8046820362697
45565,33.04468000725054,1081.2999999992935,2335.8172724485185
45566,33.04468000725054,1081.3199999992935,2335.829862586204
45567,33.04468000725054,1081.3399999992935,2335.842452449332
45568,33.04468000725054,1081.3599999992934,2335.8550420379097
45569,33.04468000725054,1081.3799999992934,2335.8676313519427
45570,33.04468000725054,1081.3999999992934,2335.880220391438
45571,33.04468000725054,1081.4199999992934,2335.892809156401
45572,33.04468000725054,1081.4399999992934,2335.905397646839
45573,33.04468000725054,1081.4599999992934,2335.917985862757
45574,33.04468000725054,1081.4799999992933,2335.9305738041626
45575,33.04468000725054,1081.4999999992933,2335.9431614710616
45576,33.04468000725054,1081.5199999992933,2335.95574886346
45577,33.04468000725054,1081.5399999992933,2335.9683359813644
45578,33.04468000725054,1081.5599999992933,2335.980922824781
45579,33.04468000725054,1081.5799999992932,2335.993509393716
45580,33.04468000725054,1081.5999999992932,2336.006095688176
45581,33.04468000725054,1081.6199999992932,2336.0186817081676
45582,33.04468000725054,1081.6399999992932,2336.0312674536963
45583,33.04468000725054,1081.6599999992932,2336.0438529247685
45584,32.998111742477384,1081.6799999992932,2336.0564381213912
45585,32.998111742477384,1081.6999999992931,2336.0690230435703
45586,32.998111742477384,1081.7199999992931,2336.0816076913115
45587,32.998111742477384,1081.739999999293,2336.094192064622
45588,32.998111742477384,1081.759999999293,2336.1067761635077
45589,32.998111742477384,1081.779999999293,2336.119359987975
45590,32.998111742477384,1081.799999999293,2336.1319435380296
45591,32.998111742477384,1081.819999999293,2336.1445268136786
45592,32.998111742477384,1081.839999999293,2336.157109814928
45593,32.998111742477384,1081.859999999293,2336.169692541784
45594,32.998111742477384,1081.879999999293,2336.1822749942535
45595,32.998111742477384,1081.899999999293,2336.194857172342
45596,32.998111742477384,1081.919999999293,2336.207439076056
45597,32.998111742477384,1081.939999999293,2336.220020705402
45598,32.998111742477384,1081.959999999293,2336.2326020603864
45599,32.998111742477384,1081.9799999992929,2336.245183141015
45600,32.998111742477384,1081.9999999992929,2336.2577639472943
45601,32.998111742477384,1082.0199999992928,2336.2703444792305
45602,32.998111742477384,1082.0399999992928,2336.2829247368304
45603,32.998111742477384,1082.0599999992928,2336.2955047201
45604,32.998111742477384,1082.0799999992928,2336.3080844290453
45605,32.998111742477384,1082.0999999992928,2336.320663863673
45606,32.998111742477384,1082.1199999992928,2336.333243023989
45607,32.998111742477384,1082.1399999992927,2336.34582191
45608,32.998111742477384,1082.1599999992927,2336.3584005217117
45609,32.998111742477384,1082.1799999992927,2336.370978859131
45610,32.998111742477384,1082.1999999992927,2336.3835569222642
45611,32.998111742477384,1082.2199999992927,2336.396134711117
45612,32.998111742477384,1082.2399999992926,2336.4087122256965
45613,32.998111742477384,1082.2599999992926,2336.4212894660086
45614,32.998111742477384,1082.2799999992926,2336.4338664320594
45615,32.998111742477384,1082.2999999992926,2336.4464431239
45616,32.998111742477384,1082.3199999992926,2336.4590195420087
45617,32.998111742477384,1082.3399999992926,2336.4715956864643
45618,32.998111742477384,1082.3599999992925,2336.484171557273
45619,32.998111742477384,1082.3799999992925,2336.496747154441
45620,32.998111742477384,1082.3999999992925,2336.5093224779744
45621,32.998111742477384,1082.4199999992925,2336.52189752788
45622,32.998111742477384,1082.4399999992925,2336.5344723041635
45623,32.998111742477384,1082.4599999992924,2336.5470468068315
45624,32.998111742477384,1082.4799999992924,2336.5596210358904
45625,32.998111742477384,1082.4999999992924,2336.5721949913464
45626,32.998111742477384,1082.5199999992924,2336.584768673206
45627,32.998111742477384,1082.5399999992924,2336.597342081475
45628,32.998111742477384,1082.5599999992924,2336.60991521616
45629,32.998111742477384,1082.5799999992923,2336.6224880772675
45630,32.998111742477384,1082.5999999992923,2336.6350606648034
45631,32.998111742477384,1082.6199999992923,2336.6476329787743
45632,32.998111742477384,1082.6399999992923,2336.6602050191864
45633,32.998111742477384,1082.6599999992923,2336.6727767860457
45634,32.998111742477384,1082.6799999992922,2336.685348279359
45635,32.998111742477384,1082.6999999992922,2336.6979194991322
45636,32.998111742477384,1082.7199999992922,2336.7104904453718
45637,32.998111742477384,1082.7399999992922,2336.723061118084
45638,32.998111742477384,1082.7599999992922,2336.735631517275
45639,32.998111742477384,1082.7799999992922,2336.7482016429517
45640,32.998111742477384,1082.7999999992921,2336.7607714951196
45641,32.998111742477384,1082.8199999992921,2336.7733410737856
45642,32.998111742477384,1082.839999999292,2336.7859103789556
45643,32.998111742477384,1082.859999999292,2336.798479410636
45644,32.998111742477384,1082.879999999292,2336.811048168833
45645,32.998111742477384,1082.899999999292,2336.8236166535535
45646,32.998111742477384,1082.919999999292,2336.836184864803
45647,32.998111742477384,1082.939999999292,2336.848752802588
45648,32.998111742477384,1082.959999999292,2336.861320466915
45649,32.998111742477384,1082.979999999292,2336.87388785779
45650,32.998111742477384,1082.999999999292,2336.8864549752197
45651,32.998111742477384,1083.019999999292,2336.8990218192102
45652,32.998111742477384,1083.039999999292,2336.911588389768
45653,32.998111742477384,1083.059999999292,2336.9241546868993
45654,32.998111742477384,1083.0799999992919,2336.93672071061
45655,32.998111742477384,1083.0999999992919,2336.949286460907
45656,32.998111742477384,1083.1199999992918,2336.961851937796
45657,32.998111742477384,1083.1399999992918,2336.9744171412835
45658,32.998111742477384,1083.1599999992918,2336.986982071376
45659,32.998111742477384,1083.1799999992918,2336.9995467280796
45660,32.998111742477384,1083.1999999992918,2337.012111111401
45661,32.998111742477384,1083.2199999992918,2337.0246752213457
45662,32.998111742477384,1083.2399999992917,2337.0372390579205
45663,32.998111742477384,1083.2599999992917,2337.0498026211317
45664,32.998111742477384,1083.2799999992917,2337.0623659109856
45665,32.998111742477384,1083.2999999992917,2337.074928927488
45666,32.998111742477384,1083.3199999992917,2337.0874916707103
45667,32.998111742477384,1083.3399999992916,2337.1000541411645
45668,32.998111742477384,1083.3599999992916,2337.1126163389063
45669,32.998111742477384,1083.3799999992916,2337.1251782639415
45670,32.998111742477384,1083.3999999992916,2337.137739916277
45671,32.998111742477384,1083.4199999992916,2337.150301295919
45672,32.998111742477384,1083.4399999992916,2337.162862402873
45673,32.998111742477384,1083.4599999992915,2337.1754232371463
45674,32.998111742477384,1083.4799999992915,2337.187983798745
45675,32.998111742477384,1083.4999999992915,2337.2005440876746
45676,32.998111742477384,1083.5199999992915,2337.2131041039424
45677,32.998111742477384,1083.5399999992915,2337.225663847554
45678,32.998111742477384,1083.5599999992914,2337.2382233185162
45679,32.998111742477384,1083.5799999992914,2337.250782516835
45680,32.998111742477384,1083.5999999992914,2337.263341442517
45681,32.998111742477384,1083.6199999992914,2337.275900095568
45682,32.998111742477384,1083.6399999992914,2337.2884584759945
45683,32.998111742477384,1083.6599999992914,2337.3010165838027
45684,32.998111742477384,1083.6799999992913,2337.3135744189995
45685,32.998111742477384,1083.6999999992913,2337.3261319815906
45686,32.998111742477384,1083.7199999992913,2337.3386892715826
45687,32.998111742477384,1083.7399999992913,2337.351246288981
45688,32.998111742477384,1083.7599999992913,2337.3638030337934
45689,32.998111742477384,1083.7799999992912,2337.376359506025
45690,32.998111742477384,1083.7999999992912,2337.3889157056824
45691,32.998111742477384,1083.8199999992912,2337.4014716327724
45692,32.998111742477384,1083.8399999992912,2337.4140272873005
45693,32.998111742477384,1083.8599999992912,2337.4265826692736
45694,32.998111742477384,1083.8799999992912,2337.439137778698
45695,32.998111742477384,1083.8999999992911,2337.4516926155793
45696,32.998111742477384,1083.9199999992911,2337.4642471799248
45697,32.998111742477384,1083.939999999291,2337.47680147174
45698,32.998111742477384,1083.959999999291,2337.489355491032
45699,32.998111742477384,1083.979999999291,2337.5019092378056
45700,32.998111742477384,1083.999999999291,2337.5144627120685
45701,32.998111742477384,1084.019999999291,2337.5270159138267
45702,32.998111742477384,1084.039999999291,2337.5395688430863
45703,32.998111742477384,1084.059999999291,2337.5521214998535
45704,32.998111742477384,1084.079999999291,2337.5646738841347
45705,32.998111742477384,1084.099999999291,2337.5772259959363
45706,32.998111742477384,1084.119999999291,2337.589777835264
45707,32.998111742477384,1084.139999999291,2337.602329402125
45708,32.998111742477384,1084.159999999291,2337.6148806965252
45709,32.998111742477384,1084.1799999992909,2337.6274317184707
45710,32.998111742477384,1084.1999999992909,2337.639982467968
45711,32.998111742477384,1084.2199999992908,2337.6525329450233
45712,32.998111742477384,1084.2399999992908,2337.665083149643
45713,32.998111742477384,1084.2599999992908,2337.6776330818334
45714,32.998111742477384,1084.2799999992908,2337.6901827416004
45715,32.998111742477384,1084.2999999992908,2337.7027321289506
45716,32.998111742477384,1084.3199999992908,2337.7152812438903
45717,32.998111742477384,1084.3399999992907,2337.727830086527
45718,32.998111742477384,1084.3599999992907,2337.740378657343
45719,32.998111742477384,1084.3799999992907,2337.7529269563875
45720,32.998111742477384,1084.3999999992907,2337.7654749836656
45721,32.998111742477384,1084.4199999992907,2337.7780227391845
45722,32.998111742477384,1084.4399999992906,2337.79057022295
45723,32.998111742477384,1084.4599999992906,2337.8031174349685
45724,32.998111742477384,1084.4799999992906,2337.8156643752463
45725,32.998111742477384,1084.4999999992906,2337.82821104379
45726,32.998111742477384,1084.5199999992906,2337.840757440605
45727,32.998111742477384,1084.5399999992906,2337.8533035656988
45728,32.998111742477384,1084.5599999992905,2337.8658494190768
45729,32.998111742477384,1084.5799999992905,2337.8783950007455
45730,32.998111742477384,1084.5999999992905,2337.8909403107114
45731,32.998111742477384,1084.6199999992905,2337.9034853489807
45732,32.998111742477384,1084.6399999992905,2337.91603011556
45733,32.998111742477384,1084.6599999992904,2337.9285746104547
45734,32.998111742477384,1084.6799999992904,2337.941118833672
45735,32.998111742477384,1084.6999999992904,2337.953662785218
45736,32.998111742477384,1084.7199999992904,2337.966206465099
45737,32.998111742477384,1084.7399999992904,2337.978749873321
45738,32.998111742477384,1084.7599999992904,2337.99129300989
45739,32.998111742477384,1084.7799999992903,2338.003835874813
45740,32.998111742477384,1084.7999999992903,2338.016378468096
45741,32.998111742477384,1084.8199999992903,2338.028920789745
45742,32.998111742477384,1084.8399999992903,2338.0414628397666
45743,32.998111742477384,1084.8599999992903,2338.0540046181673
45744,32.998111742477384,1084.8799999992902,2338.066546124953
45745,32.998111742477384,1084.8999999992902,2338.0790873601304
45746,32.998111742477384,1084.9199999992902,2338.091628323705
45747,32.998111742477384,1084.9399999992902,2338.1041690156844
45748,32.998111742477384,1084.9599999992902,2338.116709436074
45749,32.998111742477384,1084.9799999992902,2338.1292495848797
45750,32.998111742477384,1084.9999999992901,2338.1417894621086
45751,32.998111742477384,1085.0199999992901,2338.1543290677664
45752,32.998111742477384,1085.03999999929,2338.16686840186
45753,32.998111742477384,1085.05999999929,2338.1794074643954
45754,32.998111742477384,1085.07999999929,2338.1919462553788
45755,32.998111742477384,1085.09999999929,2338.2044847748166
45756,32.998111742477384,1085.11999999929,2338.217023022715
45757,32.998111742477384,1085.13999999929,2338.22956099908
45758,32.998111742477384,1085.15999999929,2338.2420987039186
45759,32.998111742477384,1085.17999999929,2338.2546361372365
45760,32.998111742477384,1085.19999999929,2338.26717329904
45761,32.998111742477384,1085.21999999929,2338.279710189336
45762,32.998111742477384,1085.23999999929,2338.29224680813
45763,32.998111742477384,1085.25999999929,2338.3047831554286
45764,32.998111742477384,1085.2799999992899,2338.3173192312383
45765,32.998111742477384,1085.2999999992899,2338.3298550355653
45766,32.998111742477384,1085.3199999992898,2338.3423905684153
45767,32.998111742477384,1085.3399999992898,2338.3549258297953
45768,32.998111742477384,1085.3599999992898,2338.367460819849
45769,32.998111742477384,1085.3799999992898,2338.3799955390296
45770,32.998111742477384,1085.3999999992898,2338.392529987378
45771,32.998111742477384,1085.4199999992898,2338.405064164901
45772,32.998111742477384,1085.4399999992897,2338.4175980716045
45773,32.998111742477384,1085.4599999992897,2338.430131707495
45774,32.998111742477384,1085.4799999992897,2338.4426650725786
45775,32.998111742477384,1085.4999999992897,2338.455198166862
45776,32.998111742477384,1085.5199999992897,2338.467730990351
45777,32.998111742477384,1085.5399999992896,2338.480263543052
45778,32.998111742477384,1085.5599999992896,2338.492795824971
45779,32.998111742477384,1085.5799999992896,2338.5053278361147
45780,32.998111742477384,1085.5999999992896,2338.5178595764896
45781,32.998111742477384,1085.6199999992896,2338.5303910461016
45782,32.998111742477384,1085.6399999992896,2338.542922244957
45783,32.998111742477384,1085.6599999992895,2338.5554531730622
45784,32.998111742477384,1085.6799999992895,2338.5679838304236
45785,32.998111742477384,1085.6999999992895,2338.580514217047
45786,32.998111742477384,1085.7199999992895,2338.5930443329394
45787,32.998111742477384,1085.7399999992895,2338.6055741781065
45788,32.998111742477384,1085.7599999992894,2338.618103752555
45789,32.998111742477384,1085.7799999992894,2338.6306330562907
45790,32.998111742477384,1085.7999999992894,2338.6431620893204
45791,32.998111742477384,1085.8199999992894,2338.65569085165
45792,32.998111742477384,1085.8399999992894,2338.668219343286
45793,32.998111742477384,1085.8599999992894,2338.680747564235
45794,32.998111742477384,1085.8799999992893,2338.6932755145026
45795,32.998111742477384,1085.8999999992893,2338.7058031940956
45796,32.998111742477384,1085.9199999992893,2338.7183306030197
45797,32.998111742477384,1085.9399999992893,2338.730857741282
45798,32.998111742477384,1085.9599999992893,2338.743384608888
45799,32.998111742477384,1085.9799999992892,2338.7559112058443
45800,32.998111742477384,1085.9999999992892,2338.7684375321573
45801,32.998111742477384,1086.0199999992892,2338.7809635878334
45802,32.998111742477384,1086.0399999992892,2338.793489372879
45803,32.998111742477384,1086.0599999992892,2338.8060148872996
45804,32.998111742477384,1086.0799999992892,2338.818540131102
45805,32.998111742477384,1086.0999999992891,2338.8310651042925
45806,32.998111742477384,1086.1199999992891,2338.8435898068774
45807,32.998111742477384,1086.139999999289,2338.856114238863
45808,32.998111742477384,1086.159999999289,2338.8686384002553
45809,32.998111742477384,1086.179999999289,2338.881162291061
45810,32.998111742477384,1086.199999999289,2338.8936859112864
45811,32.998111742477384,1086.219999999289,2338.9062092609374
45812,32.998111742477384,1086.239999999289,2338.91873234002
45813,32.998111742477384,1086.259999999289,2338.9312551485414
45814,32.998111742477384,1086.279999999289,2338.943777686507
45815,32.998111742477384,1086.299999999289,2338.956299953924
45816,32.998111742477384,1086.319999999289,2338.968821950798
45817,32.998111742477384,1086.339999999289,2338.981343677135
45818,32.998111742477384,1086.359999999289,2338.993865132942
45819,32.998111742477384,1086.3799999992889,2339.0063863184077
45820,32.998111742477384,1086.3999999992889,2339.0189072339767
45821,32.998111742477384,1086.4199999992888,2339.0314278796836
45822,32.998111742477384,1086.4399999992888,2339.043948255535
45823,32.998111742477384,1086.4599999992888,2339.0564683615366
45824,32.998111742477384,1086.4799999992888,2339.0689881976955
45825,32.998111742477384,1086.4999999992888,2339.0815077640177
45826,32.998111742477384,1086.5199999992888,2339.0940270605092
45827,32.998111742477384,1086.5399999992887,2339.106546087177
45828,32.998111742477384,1086.5599999992887,2339.1190648440265
45829,32.998111742477384,1086.5799999992887,2339.1315833310646
45830,32.998111742477384,1086.5999999992887,2339.1441015482974
45831,32.998111742477384,1086.6199999992887,2339.156619495731
45832,32.998111742477384,1086.6399999992886,2339.169137173372
45833,32.998111742477384,1086.6599999992886,2339.181654581226
45834,32.998111742477384,1086.6799999992886,2339.1941717193004
45835,32.998111742477384,1086.6999999992886,2339.2066885876006
45836,32.998111742477384,1086.7199999992886,2339.2192051861334
45837,32.998111742477384,1086.7399999992886,2339.231721514905
45838,32.998111742477384,1086.7599999992885,2339.2442375739215
45839,32.998111742477384,1086.7799999992885,2339.256753363189
45840,32.998111742477384,1086.7999999992885,2339.2692688827146
45841,32.998111742477384,1086.8199999992885,2339.2817841325036
45842,32.998111742477384,1086.8399999992885,2339.294299112563
45843,32.95165275236464,1086.8599999992884,2339.3068138228987
45844,32.95165275236464,1086.8799999992884,2339.319328263517
45845,32.95165275236464,1086.8999999992884,2339.3318424344243
45846,32.95165275236464,1086.9199999992884,2339.344356335627
45847,32.95165275236464,1086.9399999992884,2339.356869967131
45848,32.95165275236464,1086.9599999992884,2339.369383328943
45849,32.95165275236464,1086.9799999992883,2339.381896421069
45850,32.95165275236464,1086.9999999992883,2339.3944092435154
45851,32.95165275236464,1087.0199999992883,2339.4069217962883
45852,32.95165275236464,1087.0399999992883,2339.4194340793943
45853,32.95165275236464,1087.0599999992883,2339.4319460928396
45854,32.95165275236464,1087.0799999992882,2339.4444578366306
45855,32.95165275236464,1087.0999999992882,2339.4569693107733
45856,32.95165275236464,1087.1199999992882,2339.469480515274
45857,32.95165275236464,1087.1399999992882,2339.481991450139
45858,32.95165275236464,1087.1599999992882,2339.494502115375
45859,32.95165275236464,1087.1799999992882,2339.5070125109874
45860,32.95165275236464,1087.1999999992881,2339.5195226369833
45861,32.95165275236464,1087.2199999992881,2339.5320324933687
45862,32.95165275236464,1087.239999999288,2339.5445420801498
45863,32.95165275236464,1087.259999999288,2339.557051397333
45864,32.95165275236464,1087.279999999288,2339.5695604449243
45865,32.95165275236464,1087.299999999288,2339.5820692229304
45866,32.95165275236464,1087.319999999288,2339.5945777313573
45867,32.95165275236464,1087.339999999288,2339.6070859702113
45868,32.95165275236464,1087.359999999288,2339.619593939499
45869,32.95165275236464,1087.379999999288,2339.632101639226
45870,32.95165275236464,1087.399999999288,2339.644609069597
45871,32.95165275236464,1087.419999999288,2339.6571162309842
45872,32.95165275236464,1087.439999999288,2339.669623123412
45873,32.95165275236464,1087.459999999288,2339.682129746887
45874,32.95165275236464,1087.4799999992879,2339.694636101415
45875,32.95165275236464,1087.4999999992879,2339.7071421870032
45876,32.95165275236464,1087.5199999992878,2339.719648003657
45877,32.95165275236464,1087.5399999992878,2339.732153551383
45878,32.95165275236464,1087.5599999992878,2339.7446588301873
45879,32.95165275236464,1087.5799999992878,2339.757163840077
45880,32.95165275236464,1087.5999999992878,2339.7696685810574
45881,32.95165275236464,1087.6199999992878,2339.782173053135
45882,32.95165275236464,1087.6399999992877,2339.7946772563164
45883,32.95165275236464,1087.6599999992877,2339.807181190608
45884,32.95165275236464,1087.6799999992877,2339.8196848560156
45885,32.95165275236464,1087.6999999992877,2339.8321882525456
45886,32.95165275236464,1087.7199999992877,2339.8446913802045
45887,32.95165275236464,1087.7399999992876,2339.8571942389985
45888,32.95165275236464,1087.7599999992876,2339.8696968289337
45889,32.95165275236464,1087.7799999992876,2339.8821991500163
45890,32.95165275236464,1087.7999999992876,2339.894701202253
45891,32.95165275236464,1087.8199999992876,2339.90720298565
45892,32.95165275236464,1087.8399999992876,2339.9197045002134
45893,32.95165275236464,1087.8599999992875,2339.9322057459494
45894,32.95165275236464,1087.8799999992875,2339.9447067228643
45895,32.95165275236464,1087.8999999992875,2339.957207430965
45896,32.95165275236464,1087.9199999992875,2339.969707870257
45897,32.95165275236464,1087.9399999992875,2339.982208040747
45898,32.95165275236464,1087.9599999992874,2339.994707942441
45899,32.95165275236464,1087.9799999992874,2340.0072075756143
45900,32.95165275236464,1087.9999999992874,2340.019706941701
45901,32.95165275236464,1088.0199999992874,2340.0322060408357
45902,32.95165275236464,1088.0399999992874,2340.0447048730257
45903,32.95165275236464,1088.0599999992874,2340.0572034382767
45904,32.95165275236464,1088.0799999992873,2340.0697017365956
45905,32.95165275236464,1088.0999999992873,2340.082199767988
45906,32.95165275236464,1088.1199999992873,2340.0946975324614
45907,32.95165275236464,1088.1399999992873,2340.1071950300216
45908,32.95165275236464,1088.1599999992873,2340.1196922606746
45909,32.95165275236464,1088.1799999992872,2340.1321892244273
45910,32.95165275236464,1088.1999999992872,2340.144685921286
45911,32.95165275236464,1088.2199999992872,2340.157182351257
45912,32.95165275236464,1088.2399999992872,2340.1696785143463
45913,32.95165275236464,1088.2599999992872,2340.182174410561
45914,32.95165275236464,1088.2799999992872,2340.194670039907
45915,32.95165275236464,1088.2999999992871,2340.2071654023907
45916,32.95165275236464,1088.3199999992871,2340.2196604980186
45917,32.95165275236464,1088.339999999287,2340.232155326797
45918,32.95165275236464,1088.359999999287,2340.2446498887325
45919,32.95165275236464,1088.379999999287,2340.2571441838313
45920,32.95165275236464,1088.399999999287,2340.2696382121
45921,32.95165275236464,1088.419999999287,2340.282131973788
45922,32.95165275236464,1088.439999999287,2340.2946254692583
45923,32.95165275236464,1088.459999999287,2340.307118698529
45924,32.95165275236464,1088.479999999287,2340.3196116616064
45925,32.95165275236464,1088.499999999287,2340.332104358497
45926,32.95165275236464,1088.519999999287,2340.344596789207
45927,32.95165275236464,1088.539999999287,2340.357088953743
45928,32.95165275236464,1088.559999999287,2340.3695808521115
45929,32.95165275236464,1088.5799999992869,2340.382072484319
45930,32.95165275236464,1088.5999999992869,2340.3945638503715
45931,32.95165275236464,1088.6199999992868,2340.4070549502753
45932,32.95165275236464,1088.6399999992868,2340.419545784037
45933,32.95165275236464,1088.6599999992868,2340.432036351663
45934,32.95165275236464,1088.6799999992868,2340.4445266531598
45935,32.95165275236464,1088.6999999992868,2340.4570166885333
45936,32.95165275236464,1088.7199999992868,2340.4695064577904
45937,32.95165275236464,1088.7399999992867,2340.481995960937
45938,32.95165275236464,1088.7599999992867,2340.4944851979803
45939,32.95165275236464,1088.7799999992867,2340.506974168926
45940,32.95165275236464,1088.7999999992867,2340.5194628737804
45941,32.95165275236464,1088.8199999992867,2340.53195131255
45942,32.95165275236464,1088.8399999992866,2340.5444394852416
45943,32.95165275236464,1088.8599999992866,2340.556927391861
45944,32.95165275236464,1088.8799999992866,2340.569415032415
45945,32.95165275236464,1088.8999999992866,2340.581902406909
45946,32.95165275236464,1088.9199999992866,2340.594389515351
45947,32.95165275236464,1088.9399999992866,2340.606876357746
45948,32.95165275236464,1088.9599999992865,2340.619362934101
45949,32.95165275236464,1088.9799999992865,2340.6318492444225
45950,32.95165275236464,1088.9999999992865,2340.6443352887163
45951,32.95165275236464,1089.0199999992865,2340.6568210669893
45952,32.95165275236464,1089.0399999992865,2340.669306579248
45953,32.95165275236464,1089.0599999992864,2340.681791825498
45954,32.95165275236464,1089.0799999992864,2340.694276805746
45955,32.95165275236464,1089.0999999992864,2340.706761519999
45956,32.95165275236464,1089.1199999992864,2340.719245968263
45957,32.95165275236464,1089.1399999992864,2340.7317301505436
45958,32.95165275236464,1089.1599999992864,2340.744214066848
45959,32.95165275236464,1089.1799999992863,2340.7566977171828
45960,32.95165275236464,1089.1999999992863,2340.769181101554
45961,32.95165275236464,1089.2199999992863,2340.7816642199678
45962,32.95165275236464,1089.2399999992863,2340.7941470724304
45963,32.95165275236464,1089.2599999992863,2340.8066296589486
45964,32.95165275236464,1089.2799999992862,2340.8191119795288
45965,32.95165275236464,1089.2999999992862,2340.831594034177
45966,32.95165275236464,1089.3199999992862,2340.8440758229003
45967,32.95165275236464,1089.3399999992862,2340.856557345704
45968,32.95165275236464,1089.3599999992862,2340.869038602595
45969,32.95165275236464,1089.3799999992862,2340.88151959358
45970,32.95165275236464,1089.3999999992861,2340.894000318665
45971,32.95165275236464,1089.4199999992861,2340.9064807778564
45972,32.95165275236464,1089.439999999286,2340.9189609714404
45973,32.95165275236464,1089.459999999286,2340.9314408997498
45974,32.95165275236464,1089.479999999286,2340.9439205627964
45975,32.95165275236464,1089.499999999286,2340.956399960586
45976,32.95165275236464,1089.519999999286,2340.968879093126
45977,32.95165275236464,1089.539999999286,2340.9813579604215
45978,32.95165275236464,1089.559999999286,2340.99383656248
45979,32.95165275236464,1089.579999999286,2341.0063148993067
45980,32.95165275236464,1089.599999999286,2341.018792970909
45981,32.95165275236464,1089.619999999286,2341.0312707772932
45982,32.95165275236464,1089.639999999286,2341.043748318465
45983,32.95165275236464,1089.659999999286,2341.0562255944315
45984,32.95165275236464,1089.6799999992859,2341.0687026051983
45985,32.95165275236464,1089.6999999992859,2341.0811793507723
45986,32.95165275236464,1089.7199999992858,2341.09365583116
45987,32.95165275236464,1089.7399999992858,2341.1061320463673
45988,32.95165275236464,1089.7599999992858,2341.118607996401
45989,32.95165275236464,1089.7799999992858,2341.1310836812672
45990,32.95165275236464,1089.7999999992858,2341.143559100972
45991,32.95165275236464,1089.8199999992858,2341.1560342555226
45992,32.95165275236464,1089.8399999992857,2341.168509144925
45993,32.95165275236464,1089.8599999992857,2341.180983769185
45994,32.95165275236464,1089.8799999992857,2341.1934581283094
45995,32.95165275236464,1089.8999999992857,2341.205932222305
45996,32.95165275236464,1089.9199999992857,2341.2184060511777
45997,32.95165275236464,1089.9399999992856,2341.2308796149337
45998,32.95165275236464,1089.9599999992856,2341.2433529135797
45999,32.95165275236464,1089.9799999992856,2341.255825947122
46000,32.95165275236464,1089.9999999992856,2341.268298715567
46001,32.95165275236464,1090.0199999992856,2341.280771218921
46002,32.95165275236464,1090.0399999992856,2341.2932434571903
46003,32.95165275236464,1090.0599999992855,2341.3057154303815
46004,32.95165275236464,1090.0799999992855,2341.318187138501
46005,32.95165275236464,1090.0999999992855,2341.3306585815544
46006,32.95165275236464,1090.1199999992855,2341.343129759549
46007,32.95165275236464,1090.1399999992855,2341.3556006724907
46008,32.95165275236464,1090.1599999992854,2341.368071320386
46009,32.95165275236464,1090.1799999992854,2341.3805417032413
46010,32.95165275236464,1090.1999999992854,2341.393011821063
46011,32.95165275236464,1090.2199999992854,2341.405481673857
46012,32.95165275236464,1090.2399999992854,2341.4179512616306
46013,32.95165275236464,1090.2599999992854,2341.430420584389
46014,32.95165275236464,1090.2799999992853,2341.4428896421396
46015,32.95165275236464,1090.2999999992853,2341.4553584348882
46016,32.95165275236464,1090.3199999992853,2341.4678269626415
46017,32.95165275236464,1090.3399999992853,2341.4802952254054
46018,32.95165275236464,1090.3599999992853,2341.4927632231866
46019,32.95165275236464,1090.3799999992852,2341.5052309559915
46020,32.95165275236464,1090.3999999992852,2341.5176984238265
46021,32.95165275236464,1090.4199999992852,2341.5301656266975
46022,32.95165275236464,1090.4399999992852,2341.5426325646135
46023,32.95165275236464,1090.4599999992852,2341.5550992378944
46024,32.95165275236464,1090.4799999992852,2341.5675656468416
46025,32.95165275236464,1090.4999999992851,2341.580031791462
46026,32.95165275236464,1090.5199999992851,2341.5924976717615
46027,32.95165275236464,1090.539999999285,2341.604963287747
46028,32.95165275236464,1090.559999999285,2341.6174286394244
46029,32.95165275236464,1090.579999999285,2341.6298937268
46030,32.95165275236464,1090.599999999285,2341.642358549881
46031,32.95165275236464,1090.619999999285,2341.654823108673
46032,32.95165275236464,1090.639999999285,2341.6672874031824
46033,32.95165275236464,1090.659999999285,2341.6797514334157
46034,32.95165275236464,1090.679999999285,2341.6922151993795
46035,32.95165275236464,1090.699999999285,2341.70467870108
46036,32.95165275236464,1090.719999999285,2341.717141938523
46037,32.95165275236464,1090.739999999285,2341.729604911716
46038,32.95165275236464,1090.759999999285,2341.7420676206643
46039,32.95165275236464,1090.7799999992849,2341.754530065375
46040,32.95165275236464,1090.7999999992849,2341.766992245854
46041,32.95165275236464,1090.8199999992848,2341.779454162108
46042,32.95165275236464,1090.8399999992848,2341.791915814143
46043,32.95165275236464,1090.8599999992848,2341.804377201966
46044,32.95165275236464,1090.8799999992848,2341.8168383255825
46045,32.95165275236464,1090.8999999992848,2341.8292991849994
46046,32.95165275236464,1090.9199999992848,2341.841759780223
46047,32.95165275236464,1090.9399999992847,2341.8542201112596
46048,32.95165275236464,1090.9599999992847,2341.8666801781155
46049,32.95165275236464,1090.9799999992847,2341.8791399807974
46050,32.95165275236464,1090.9999999992847,2341.891599519311
46051,32.95165275236464,1091.0199999992847,2341.9040587936634
46052,32.95165275236464,1091.0399999992846,2341.9165178038606
46053,32.95165275236464,1091.0599999992846,2341.928976549909
46054,32.95165275236464,1091.0799999992846,2341.9414350318148
46055,32.95165275236464,1091.0999999992846,2341.953893249585
46056,32.95165275236464,1091.1199999992846,2341.966351203225
46057,32.95165275236464,1091.1399999992846,2341.9788088927417
46058,32.95165275236464,1091.1599999992845,2341.9912663181417
46059,32.95165275236464,1091.1799999992845,2342.003723479431
46060,32.95165275236464,1091.1999999992845,2342.016180376616
46061,32.95165275236464,1091.2199999992845,2342.028637009703
46062,32.95165275236464,1091.2399999992845,2342.0410933786984
46063,32.95165275236464,1091.2599999992844,2342.0535494836085
46064,32.95165275236464,1091.2799999992844,2342.06600532444
46065,32.95165275236464,1091.2999999992844,2342.0784609011994
46066,32.95165275236464,1091.3199999992844,2342.0909162138923
46067,32.95165275236464,1091.3399999992844,2342.1033712625253
46068,32.95165275236464,1091.3599999992844,2342.115826047105
46069,32.95165275236464,1091.3799999992843,2342.128280567638
46070,32.95165275236464,1091.3999999992843,2342.14073482413
46071,32.95165275236464,1091.4199999992843,2342.1531888165878
46072,32.95165275236464,1091.4399999992843,2342.165642545018
46073,32.95165275236464,1091.4599999992843,2342.1780960094356
46074,32.95165275236464,1091.4799999992842,2342.190549210208
46075,32.95165275236464,1091.4999999992842,2342.203002147613
46076,32.95165275236464,1091.5199999992842,2342.215454821657
46077,32.95165275236464,1091.5399999992842,2342.227907232347
46078,32.95165275236464,1091.5599999992842,2342.240359379689
46079,32.95165275236464,1091.5799999992842,2342.252811263689
46080,32.95165275236464,1091.5999999992841,2342.2652628843543
46081,32.95165275236464,1091.6199999992841,2342.2777142416903
46082,32.95165275236464,1091.639999999284,2342.290165335704
46083,32.95165275236464,1091.659999999284,2342.302616166401
46084,32.95165275236464,1091.679999999284,2342.3150667337886
46085,32.95165275236464,1091.699999999284,2342.3275170378724
46086,32.95165275236464,1091.719999999284,2342.3399670786594
46087,32.95165275236464,1091.739999999284,2342.3524168561553
46088,32.95165275236464,1091.759999999284,2342.364866370367
46089,32.95165275236464,1091.779999999284,2342.3773156213006
46090,32.95165275236464,1091.799999999284,2342.389764608962
46091,32.95165275236464,1091.819999999284,2342.4022133333588
46092,32.95165275236464,1091.839999999284,2342.414661794496
46093,32.95165275236464,1091.859999999284,2342.4271099923812
46094,32.95165275236464,1091.8799999992839,2342.43955792702
46095,32.95165275236464,1091.8999999992839,2342.4520055984185
46096,32.95165275236464,1091.9199999992838,2342.464453006584
46097,32.95165275236464,1091.9399999992838,2342.476900151522
46098,32.95165275236464,1091.9599999992838,2342.489347033239
46099,32.95165275236464,1091.9799999992838,2342.501793651742
46100,32.95165275236464,1091.9999999992838,2342.5142400070367
46101,32.95165275236464,1092.0199999992838,2342.5266860991296
46102,32.95165275236464,1092.0399999992837,2342.5391319280275
46103,32.95165275236464,1092.0599999992837,2342.551577493736
46104,32.95165275236464,1092.0799999992837,2342.564022796262
46105,32.95165275236464,1092.0999999992837,2342.5764678356118
46106,32.95165275236464,1092.1199999992837,2342.5889126117913
46107,32.90530267826346,1092.1399999992836,2342.6013571248077
46108,32.90530267826346,1092.1599999992836,2342.6138013746668
46109,32.90530267826346,1092.1799999992836,2342.626245361375
46110,32.90530267826346,1092.1999999992836,2342.6386890849385
46111,32.90530267826346,1092.2199999992836,2342.651132545364
46112,32.90530267826346,1092.2399999992836,2342.6635757426575
46113,32.90530267826346,1092.2599999992835,2342.6760186768256
46114,32.90530267826346,1092.2799999992835,2342.6884613478746
46115,32.90530267826346,1092.2999999992835,2342.700903755811
46116,32.90530267826346,1092.3199999992835,2342.713345900641
46117,32.90530267826346,1092.3399999992835,2342.725787782371
46118,32.90530267826346,1092.3599999992834,2342.738229401007
46119,32.90530267826346,1092.3799999992834,2342.7506707565562
46120,32.90530267826346,1092.3999999992834,2342.7631118490244
46121,32.90530267826346,1092.4199999992834,2342.7755526784176
46122,32.90530267826346,1092.4399999992834,2342.7879932447427
46123,32.90530267826346,1092.4599999992834,2342.800433548006
46124,32.90530267826346,1092.4799999992833,2342.812873588229
46125,32.90530267826346,1092.4999999992833,2342.8253133657668
46126,32.90530267826346,1092.5199999992833,2342.837752880835
46127,32.90530267826346,1092.5399999992833,2342.85019213344
46128,32.90530267826346,1092.5599999992833,2342.862631123588
46129,32.90530267826346,1092.5799999992832,2342.8750698512854
46130,32.90530267826346,1092.5999999992832,2342.8875083165385
46131,32.90530267826346,1092.6199999992832,2342.8999465193538
46132,32.90530267826346,1092.6399999992832,2342.9123844597375
46133,32.90530267826346,1092.6599999992832,2342.924822137696
46134,32.90530267826346,1092.6799999992832,2342.937259553236
46135,32.90530267826346,1092.6999999992831,2342.9496967063633
46136,32.90530267826346,1092.7199999992831,2342.9621335970846
46137,32.90530267826346,1092.739999999283,2342.9745702254063
46138,32.90530267826346,1092.759999999283,2342.9870065913346
46139,32.90530267826346,1092.779999999283,2342.999442694876
46140,32.90530267826346,1092.799999999283,2343.011878536037
46141,32.90530267826346,1092.819999999283,2343.0243141148235
46142,32.90530267826346,1092.839999999283,2343.0367494312422
46143,32.90530267826346,1092.859999999283,2343.049184485299
46144,32.90530267826346,1092.879999999283,2343.061619277001
46145,32.90530267826346,1092.899999999283,2343.0740538063537
46146,32.90530267826346,1092.919999999283,2343.0864880733643
46147,32.90530267826346,1092.939999999283,2343.098922078039
46148,32.90530267826346,1092.959999999283,2343.1113558203833
46149,32.90530267826346,1092.9799999992829,2343.1237893004045
46150,32.90530267826346,1092.9999999992829,2343.1362225181088
46151,32.90530267826346,1093.0199999992828,2343.148655473502
46152,32.90530267826346,1093.0399999992828,2343.161088166591
46153,32.90530267826346,1093.0599999992828,2343.173520597382
46154,32.90530267826346,1093.0799999992828,2343.185952765881
46155,32.90530267826346,1093.0999999992828,2343.198384672095
46156,32.90530267826346,1093.1199999992828,2343.21081631603
46157,32.90530267826346,1093.1399999992827,2343.2232476976924
46158,32.90530267826346,1093.1599999992827,2343.2356788170887
46159,32.90530267826346,1093.1799999992827,2343.248109674225
46160,32.90530267826346,1093.1999999992827,2343.2605402691074
46161,32.90530267826346,1093.2199999992827,2343.272970601743
46162,32.90530267826346,1093.2399999992826,2343.2854006721377
46163,32.90530267826346,1093.2599999992826,2343.2978304802978
46164,32.90530267826346,1093.2799999992826,2343.31026002623
46165,32.90530267826346,1093.2999999992826,2343.3226893099404
46166,32.90530267826346,1093.3199999992826,2343.3351183314353
46167,32.90530267826346,1093.3399999992826,2343.347547090721
46168,32.90530267826346,1093.3599999992825,2343.359975587804
46169,32.90530267826346,1093.3799999992825,2343.3724038226906
46170,32.90530267826346,1093.3999999992825,2343.384831795387
46171,32.90530267826346,1093.4199999992825,2343.3972595059
46172,32.90530267826346,1093.4399999992825,2343.4096869542354
46173,32.90530267826346,1093.4599999992824,2343.4221141404
46174,32.90530267826346,1093.4799999992824,2343.4345410644
46175,32.90530267826346,1093.4999999992824,2343.446967726265
46176,32.90530267826346,1093.5199999992824,2343.4593941263965
46177,32.90530267826346,1093.5399999992824,2343.471820264986
46178,32.90530267826346,1093.5599999992824,2343.4842461420394
46179,32.90530267826346,1093.5799999992823,2343.4966717575635
46180,32.90530267826346,1093.5999999992823,2343.5090971115646
46181,32.90530267826346,1093.6199999992823,2343.521522204049
46182,32.90530267826346,1093.6399999992823,2343.5339470350227
46183,32.90530267826346,1093.6599999992823,2343.5463716044924
46184,32.90530267826346,1093.6799999992822,2343.5587959124646
46185,32.90530267826346,1093.6999999992822,2343.571219958945
46186,32.90530267826346,1093.7199999992822,2343.583643743941
46187,32.90530267826346,1093.7399999992822,2343.5960672674582
46188,32.90530267826346,1093.7599999992822,2343.608490529503
46189,32.90530267826346,1093.7799999992822,2343.620913530082
46190,32.90530267826346,1093.7999999992821,2343.633336269201
46191,32.90530267826346,1093.8199999992821,2343.645758746867
46192,32.90530267826346,1093.839999999282,2343.658180963086
46193,32.90530267826346,1093.859999999282,2343.670602917865
46194,32.90530267826346,1093.879999999282,2343.6830246112095
46195,32.90530267826346,1093.899999999282,2343.695446043126
46196,32.90530267826346,1093.919999999282,2343.7078672136213
46197,32.90530267826346,1093.939999999282,2343.7202881227013
46198,32.90530267826346,1093.959999999282,2343.7327087703725
46199,32.90530267826346,1093.979999999282,2343.7451291566413
46200,32.90530267826346,1093.999999999282,2343.757549281514
46201,32.90530267826346,1094.019999999282,2343.769969144997
46202,32.90530267826346,1094.039999999282,2343.7823887470963
46203,32.90530267826346,1094.059999999282,2343.7948080878186
46204,32.90530267826346,1094.0799999992819,2343.8072271671704
46205,32.90530267826346,1094.0999999992819,2343.8196459851574
46206,32.90530267826346,1094.1199999992818,2343.8320645417866
46207,32.90530267826346,1094.1399999992818,2343.8444828370643
46208,32.90530267826346,1094.1599999992818,2343.8569008709965
46209,32.90530267826346,1094.1799999992818,2343.86931864359
46210,32.90530267826346,1094.1999999992818,2343.8817361548504
46211,32.90530267826346,1094.2199999992818,2343.894153404785
46212,32.90530267826346,1094.2399999992817,2343.9065703933993
46213,32.90530267826346,1094.2599999992817,2343.9189871207
46214,32.90530267826346,1094.2799999992817,2343.9314035866937
46215,32.90530267826346,1094.2999999992817,2343.9438197913864
46216,32.90530267826346,1094.3199999992817,2343.9562357347845
46217,32.90530267826346,1094.3399999992816,2343.9686514168943
46218,32.90530267826346,1094.3599999992816,2343.981066837722
46219,32.90530267826346,1094.3799999992816,2343.9934819972746
46220,32.90530267826346,1094.3999999992816,2344.0058968955577
46221,32.90530267826346,1094.4199999992816,2344.018311532578
46222,32.90530267826346,1094.4399999992816,2344.030725908342
46223,32.90530267826346,1094.4599999992815,2344.043140022856
46224,32.90530267826346,1094.4799999992815,2344.055553876126
46225,32.90530267826346,1094.4999999992815,2344.0679674681583
46226,32.90530267826346,1094.5199999992815,2344.08038079899
46227,32.90530267826346,1094.5399999992815,2344.092793869051
46228,32.90530267826346,1094.5599999992814,2344.105206678497
46229,32.90530267826346,1094.5799999992814,2344.117619227334
46230,32.90530267826346,1094.5999999992814,2344.130031515569
46231,32.90530267826346,1094.6199999992814,2344.1424435432077
46232,32.90530267826346,1094.6399999992814,2344.1548553102566
46233,32.90530267826346,1094.6599999992814,2344.167266816722
46234,32.90530267826346,1094.6799999992813,2344.1796780626105
46235,32.90530267826346,1094.6999999992813,2344.192089047928
46236,32.90530267826346,1094.7199999992813,2344.2044997726816
46237,32.90530267826346,1094.7399999992813,2344.216910236877
46238,32.90530267826346,1094.7599999992813,2344.229320440521
46239,32.90530267826346,1094.7799999992812,2344.2417303836196
46240,32.90530267826346,1094.7999999992812,2344.2541400661794
46241,32.90530267826346,1094.8199999992812,2344.2665494882062
46242,32.90530267826346,1094.8399999992812,2344.278958649707
46243,32.90530267826346,1094.8599999992812,2344.291367550688
46244,32.90530267826346,1094.8799999992812,2344.303776191155
46245,32.90530267826346,1094.8999999992811,2344.316184571115
46246,32.90530267826346,1094.9199999992811,2344.328592690574
46247,32.90530267826346,1094.939999999281,2344.341000549539
46248,32.90530267826346,1094.959999999281,2344.353408148015
46249,32.90530267826346,1094.979999999281,2344.3658154860095
46250,32.90530267826346,1094.999999999281,2344.378222563528
46251,32.90530267826346,1095.019999999281,2344.390629380578
46252,32.90530267826346,1095.039999999281,2344.403035937165
46253,32.90530267826346,1095.059999999281,2344.4154422332954
46254,32.90530267826346,1095.079999999281,2344.4278482689756
46255,32.90530267826346,1095.099999999281,2344.440254044212
46256,32.90530267826346,1095.119999999281,2344.452659559011
46257,32.90530267826346,1095.139999999281,2344.4650648133784
46258,32.90530267826346,1095.159999999281,2344.477469807321
46259,32.90530267826346,1095.1799999992809,2344.4898745408454
46260,32.90530267826346,1095.1999999992809,2344.502279013958
46261,32.90530267826346,1095.2199999992808,2344.514683226664
46262,32.90530267826346,1095.2399999992808,2344.527087178971
46263,32.90530267826346,1095.2599999992808,2344.539490870885
46264,32.90530267826346,1095.2799999992808,2344.551894302412
46265,32.90530267826346,1095.2999999992808,2344.564297473559
46266,32.90530267826346,1095.3199999992808,2344.576700384331
46267,32.90530267826346,1095.3399999992807,2344.5891030347357
46268,32.90530267826346,1095.3599999992807,2344.601505424779
46269,32.90530267826346,1095.3799999992807,2344.6139075544675
46270,32.90530267826346,1095.3999999992807,2344.626309423807
46271,32.90530267826346,1095.4199999992807,2344.638711032804
46272,32.90530267826346,1095.4399999992806,2344.6511123814653
46273,32.90530267826346,1095.4599999992806,2344.6635134697963
46274,32.90530267826346,1095.4799999992806,2344.675914297804
46275,32.90530267826346,1095.4999999992806,2344.6883148654947
46276,32.90530267826346,1095.5199999992806,2344.700715172875
46277,32.90530267826346,1095.5399999992806,2344.713115219988
46278,32.90530267826346,1095.5599999992805,2344.725515007293
46279,32.90530267826346,1095.5799999992805,2344.737914534909
46280,32.90530267826346,1095.5999999992805,2344.7503138028433
46281,32.90530267826346,1095.6199999992805,2344.7627128111017
46282,32.90530267826346,1095.6399999992805,2344.7751115596902
46283,32.90530267826346,1095.6599999992804,2344.787510048616
46284,32.90530267826346,1095.6799999992804,2344.7999082778847
46285,32.90530267826346,1095.6999999992804,2344.812306247503
46286,32.90530267826346,1095.7199999992804,2344.824703957477
46287,32.90530267826346,1095.7399999992804,2344.8371014078134
46288,32.90530267826346,1095.7599999992804,2344.8494985985185
46289,32.90530267826346,1095.7799999992803,2344.8618955295983
46290,32.90530267826346,1095.7999999992803,2344.8742922010592
46291,32.90530267826346,1095.8199999992803,2344.886688612908
46292,32.90530267826346,1095.8399999992803,2344.8990847651507
46293,32.90530267826346,1095.8599999992803,2344.9114806577936
46294,32.90530267826346,1095.8799999992802,2344.923876290843
46295,32.90530267826346,1095.8999999992802,2344.9362716643054
46296,32.90530267826346,1095.9199999992802,2344.948666778187
46297,32.90530267826346,1095.9399999992802,2344.961061632494
46298,32.90530267826346,1095.9599999992802,2344.973456227233
46299,32.90530267826346,1095.9799999992802,2344.98585056241
46300,32.90530267826346,1095.9999999992801,2344.998244638032
46301,32.90530267826346,1096.0199999992801,2345.0106384541045
46302,32.90530267826346,1096.03999999928,2345.0230320106343
46303,32.90530267826346,1096.05999999928,2345.035425307628
46304,32.90530267826346,1096.07999999928,2345.0478183450914
46305,32.90530267826346,1096.09999999928,2345.060211123031
46306,32.90530267826346,1096.11999999928,2345.0726036414535
46307,32.90530267826346,1096.13999999928,2345.084995900365
46308,32.90530267826346,1096.15999999928,2345.0973878997715
46309,32.90530267826346,1096.17999999928,2345.10977963968
46310,32.90530267826346,1096.19999999928,2345.122171120096
46311,32.90530267826346,1096.21999999928,2345.134562341026
46312,32.90530267826346,1096.23999999928,2345.146953302477
46313,32.90530267826346,1096.25999999928,2345.159344004455
46314,32.90530267826346,1096.2799999992799,2345.1717344469657
46315,32.90530267826346,1096.2999999992799,2345.1841246300164
46316,32.90530267826346,1096.3199999992798,2345.196514553613
46317,32.90530267826346,1096.3399999992798,2345.2089042177618
46318,32.90530267826346,1096.3599999992798,2345.221293622469
46319,32.90530267826346,1096.3799999992798,2345.2336827677414
46320,32.90530267826346,1096.3999999992798,2345.2460716535847
46321,32.90530267826346,1096.4199999992798,2345.2584602800057
46322,32.90530267826346,1096.4399999992797,2345.2708486470106
46323,32.90530267826346,1096.4599999992797,2345.2832367546057
46324,32.90530267826346,1096.4799999992797,2345.2956246027975
46325,32.90530267826346,1096.4999999992797,2345.308012191592
46326,32.90530267826346,1096.5199999992797,2345.3203995209956
46327,32.90530267826346,1096.5399999992796,2345.332786591015
46328,32.90530267826346,1096.5599999992796,2345.345173401703
46329,32.90530267826346,1096.5799999992796,2345.3575599535716
46330,32.90530267826346,1096.5999999992796,2345.369946246709
46331,32.90530267826346,1096.6199999992796,2345.3823322811213
46332,32.90530267826346,1096.6399999992796,2345.3947180568152
46333,32.90530267826346,1096.6599999992795,2345.407103573797
46334,32.90530267826346,1096.6799999992795,2345.419488832073
46335,32.90530267826346,1096.6999999992795,2345.431873831649
46336,32.90530267826346,1096.7199999992795,2345.4442585725324
46337,32.90530267826346,1096.7399999992795,2345.456643054729
46338,32.90530267826346,1096.7599999992794,2345.4690272782445
46339,32.90530267826346,1096.7799999992794,2345.481411243086
46340,32.90530267826346,1096.7999999992794,2345.4937949492596
46341,32.90530267826346,1096.8199999992794,2345.5061783967717
46342,32.90530267826346,1096.8399999992794,2345.5185615856285
46343,32.90530267826346,1096.8599999992794,2345.5309445158364
46344,32.90530267826346,1096.8799999992793,2345.5433271874017
46345,32.90530267826346,1096.8999999992793,2345.555709600331
46346,32.90530267826346,1096.9199999992793,2345.56809175463
46347,32.90530267826346,1096.9399999992793,2345.580473650306
46348,32.90530267826346,1096.9599999992793,2345.5928552873643
46349,32.90530267826346,1096.9799999992792,2345.605236665812
46350,32.90530267826346,1096.9999999992792,2345.6176177856546
46351,32.90530267826346,1097.0199999992792,2345.6299986468994
46352,32.90530267826346,1097.0399999992792,2345.642379249552
46353,32.90530267826346,1097.0599999992792,2345.654759593619
46354,32.90530267826346,1097.0799999992792,2345.6671396791066
46355,32.90530267826346,1097.0999999992791,2345.6795195060213
46356,32.90530267826346,1097.1199999992791,2345.6918990743693
46357,32.90530267826346,1097.139999999279,2345.704278384157
46358,32.90530267826346,1097.159999999279,2345.716657435391
46359,32.90530267826346,1097.179999999279,2345.729036228077
46360,32.90530267826346,1097.199999999279,2345.7414147622217
46361,32.90530267826346,1097.219999999279,2345.753793037831
46362,32.90530267826346,1097.239999999279,2345.7661710549123
46363,32.90530267826346,1097.259999999279,2345.778548813471
46364,32.90530267826346,1097.279999999279,2345.7909263135134
46365,32.90530267826346,1097.299999999279,2345.8033035550466
46366,32.90530267826346,1097.319999999279,2345.8156805380763
46367,32.90530267826346,1097.339999999279,2345.828057262609
46368,32.859061163037005,1097.359999999279,2345.8404337286506
46369,32.859061163037005,1097.3799999992789,2345.852809936208
46370,32.859061163037005,1097.3999999992789,2345.8651858852872
46371,32.859061163037005,1097.4199999992788,2345.8775615758946
46372,32.859061163037005,1097.4399999992788,2345.8899370080367
46373,32.859061163037005,1097.4599999992788,2345.9023121817195
46374,32.859061163037005,1097.4799999992788,2345.9146870969494
46375,32.859061163037005,1097.4999999992788,2345.927061753733
46376,32.859061163037005,1097.5199999992788,2345.9394361520767
46377,32.859061163037005,1097.5399999992787,2345.9518102919865
46378,32.859061163037005,1097.5599999992787,2345.9641841734688
46379,32.859061163037005,1097.5799999992787,2345.976557796584
46380,32.859061163037005,1097.5999999992787,2345.9889311618062
46381,32.859061163037005,1097.6199999992787,2346.001304269187
46382,32.859061163037005,1097.6399999992786,2346.013677118733
46383,32.859061163037005,1097.6599999992786,2346.02604971045
46384,32.859061163037005,1097.6799999992786,2346.0384220443448
46385,32.859061163037005,1097.6999999992786,2346.0507941204237
46386,32.859061163037005,1097.7199999992786,2346.0631659386927
46387,32.859061163037005,1097.7399999992786,2346.0755374991586
46388,32.859061163037005,1097.7599999992785,2346.0879088018273
46389,32.859061163037005,1097.7799999992785,2346.1002798467052
46390,32.859061163037005,1097.7999999992785,2346.1126506337987
46391,32.859061163037005,1097.8199999992785,2346.125021163114
46392,32.859061163037005,1097.8399999992785,2346.1373914346577
46393,32.859061163037005,1097.8599999992784,2346.149761448436
46394,32.859061163037005,1097.8799999992784,2346.162131204455
46395,32.859061163037005,1097.8999999992784,2346.174500702721
46396,32.859061163037005,1097.9199999992784,2346.1868699432407
46397,32.859061163037005,1097.9399999992784,2346.19923892602
46398,32.859061163037005,1097.9599999992784,2346.2116076510656
46399,32.859061163037005,1097.9799999992783,2346.2239761183837
46400,32.859061163037005,1097.9999999992783,2346.2363443279805
46401,32.859061163037005,1098.0199999992783,2346.2487122798625
46402,32.859061163037005,1098.0399999992783,2346.2610799740355
46403,32.859061163037005,1098.0599999992783,2346.2734474105064
46404,32.859061163037005,1098.0799999992782,2346.285814589281
46405,32.859061163037005,1098.0999999992782,2346.2981815103662
46406,32.859061163037005,1098.1199999992782,2346.310548173768
46407,32.859061163037005,1098.1399999992782,2346.3229145794926
46408,32.859061163037005,1098.1599999992782,2346.3352807275464
46409,32.859061163037005,1098.1799999992782,2346.347646617936
46410,32.859061163037005,1098.1999999992781,2346.3600122506673
46411,32.859061163037005,1098.2199999992781,2346.372377625747
46412,32.859061163037005,1098.239999999278,2346.384742743181
46413,32.859061163037005,1098.259999999278,2346.397107602976
46414,32.859061163037005,1098.279999999278,2346.409472205138
46415,32.859061163037005,1098.299999999278,2346.4218365496736
46416,32.859061163037005,1098.319999999278,2346.4342006365887
46417,32.859061163037005,1098.339999999278,2346.44656446589
46418,32.859061163037005,1098.359999999278,2346.4589280375835
46419,32.859061163037005,1098.379999999278,2346.471291351676
46420,32.859061163037005,1098.399999999278,2346.4836544081736
46421,32.859061163037005,1098.419999999278,2346.4960172070823
46422,32.859061163037005,1098.439999999278,2346.508379748409
46423,32.859061163037005,1098.459999999278,2346.5207420321594
46424,32.859061163037005,1098.4799999992779,2346.53310405834
46425,32.859061163037005,1098.4999999992779,2346.5454658269573
46426,32.859061163037005,1098.5199999992778,2346.5578273380174
46427,32.859061163037005,1098.5399999992778,2346.570188591527
46428,32.859061163037005,1098.5599999992778,2346.5825495874915
46429,32.859061163037005,1098.5799999992778,2346.594910325918
46430,32.859061163037005,1098.5999999992778,2346.607270806905
46431,32.859061163037005,1098.6199999992778,2346.619631030921
46432,32.859061163037005,1098.6399999992777,2346.6319909980134
46433,32.859061163037005,1098.6599999992777,2346.6443507081885
46434,32.859061163037005,1098.6799999992777,2346.656710161453
46435,32.859061163037005,1098.6999999992777,2346.6690693578125
46436,32.859061163037005,1098.7199999992777,2346.6814282972737
46437,32.859061163037005,1098.7399999992776,2346.693786979843
46438,32.859061163037005,1098.7599999992776,2346.7061454055265
46439,32.859061163037005,1098.7799999992776,2346.7185035743305
46440,32.859061163037005,1098.7999999992776,2346.730861486262
46441,32.859061163037005,1098.8199999992776,2346.7432191413263
46442,32.859061163037005,1098.8399999992776,2346.75557653953
46443,32.859061163037005,1098.8599999992775,2346.7679336808797
46444,32.859061163037005,1098.8799999992775,2346.7802905653816
46445,32.859061163037005,1098.8999999992775,2346.792647193042
46446,32.859061163037005,1098.9199999992775,2346.805003563867
46447,32.859061163037005,1098.9399999992775,2346.8173596778634
46448,32.859061163037005,1098.9599999992774,2346.829715535037
46449,32.859061163037005,1098.9799999992774,2346.8420711353942
46450,32.859061163037005,1098.9999999992774,2346.8544264789416
46451,32.859061163037005,1099.0199999992774,2346.8667815656854
46452,32.859061163037005,1099.0399999992774,2346.8791363956316
46453,32.859061163037005,1099.0599999992774,2346.891490968787
46454,32.859061163037005,1099.0799999992773,2346.9038452851573
46455,32.859061163037005,1099.0999999992773,2346.916199344749
46456,32.859061163037005,1099.1199999992773,2346.928553147569
46457,32.859061163037005,1099.1399999992773,2346.9409066936228
46458,32.859061163037005,1099.1599999992773,2346.953259982917
46459,32.859061163037005,1099.1799999992772,2346.9656130154585
46460,32.859061163037005,1099.1999999992772,2346.977965791253
46461,32.859061163037005,1099.2199999992772,2346.990318310307
46462,32.859061163037005,1099.2399999992772,2347.0026705726264
46463,32.859061163037005,1099.2599999992772,2347.015022578218
46464,32.859061163037005,1099.2799999992772,2347.027374327088
46465,32.859061163037005,1099.2999999992771,2347.039725819243
46466,32.859061163037005,1099.3199999992771,2347.052077054688
46467,32.859061163037005,1099.339999999277,2347.064428033431
46468,32.859061163037005,1099.359999999277,2347.0767787554773
46469,32.859061163037005,1099.379999999277,2347.0891292208335
46470,32.859061163037005,1099.399999999277,2347.1014794295056
46471,32.859061163037005,1099.419999999277,2347.1138293815
46472,32.859061163037005,1099.439999999277,2347.1261790768235
46473,32.859061163037005,1099.459999999277,2347.138528515482
46474,32.859061163037005,1099.479999999277,2347.150877697482
46475,32.859061163037005,1099.499999999277,2347.1632266228294
46476,32.859061163037005,1099.519999999277,2347.175575291531
46477,32.859061163037005,1099.539999999277,2347.187923703593
46478,32.859061163037005,1099.559999999277,2347.200271859021
46479,32.859061163037005,1099.5799999992769,2347.2126197578223
46480,32.859061163037005,1099.5999999992769,2347.2249674000027
46481,32.859061163037005,1099.6199999992768,2347.237314785696
46482,32.859061163037005,1099.6399999992768,2347.249661915343
46483,32.859061163037005,1099.6599999992768,2347.2620087889836
46484,32.859061163037005,1099.6799999992768,2347.274355406624
46485,32.859061163037005,1099.6999999992768,2347.286701768271
46486,32.859061163037005,1099.7199999992768,2347.2990478739307
46487,32.859061163037005,1099.7399999992767,2347.3113937236094
46488,32.859061163037005,1099.7599999992767,2347.323739317313
46489,32.859061163037005,1099.7799999992767,2347.3360846550486
46490,32.859061163037005,1099.7999999992767,2347.348429736822
46491,32.859061163037005,1099.8199999992767,2347.360774562639
46492,32.859061163037005,1099.8399999992766,2347.373119132507
46493,32.859061163037005,1099.8599999992766,2347.3854634464315
46494,32.859061163037005,1099.8799999992766,2347.3978075044192
46495,32.859061163037005,1099.8999999992766,2347.410151306476
46496,32.859061163037005,1099.9199999992766,2347.422494852609
46497,32.859061163037005,1099.9399999992766,2347.4348381428235
46498,32.859061163037005,1099.9599999992765,2347.447181177127
46499,32.859061163037005,1099.9799999992765,2347.4595239555247
46500,32.859061163037005,1099.9999999992765,2347.4718664780235
46501,32.859061163037005,1100.0199999992765,2347.484208744629
46502,32.859061163037005,1100.0399999992765,2347.4965507553484
46503,32.859061163037005,1100.0599999992764,2347.5088925101877
46504,32.859061163037005,1100.0799999992764,2347.521234009153
46505,32.859061163037005,1100.0999999992764,2347.5335752522506
46506,32.859061163037005,1100.1199999992764,2347.545916239487
46507,32.859061163037005,1100.1399999992764,2347.558256970868
46508,32.859061163037005,1100.1599999992764,2347.570597446401
46509,32.859061163037005,1100.1799999992763,2347.5829376660913
46510,32.859061163037005,1100.1999999992763,2347.5952776299455
46511,32.859061163037005,1100.2199999992763,2347.60761733797
46512,32.859061163037005,1100.2399999992763,2347.6199567901713
46513,32.859061163037005,1100.2599999992763,2347.632295986555
46514,32.859061163037005,1100.2799999992762,2347.644634927128
46515,32.859061163037005,1100.2999999992762,2347.656973611897
46516,32.859061163037005,1100.3199999992762,2347.669312040867
46517,32.859061163037005,1100.3399999992762,2347.6816502140455
46518,32.859061163037005,1100.3599999992762,2347.6939881314383
46519,32.859061163037005,1100.3799999992762,2347.7063257930517
46520,32.859061163037005,1100.3999999992761,2347.718663198892
46521,32.859061163037005,1100.4199999992761,2347.7310003489656
46522,32.859061163037005,1100.439999999276,2347.743337243279
46523,32.859061163037005,1100.459999999276,2347.7556738818375
46524,32.859061163037005,1100.479999999276,2347.7680102646486
46525,32.859061163037005,1100.499999999276,2347.780346391718
46526,32.859061163037005,1100.519999999276,2347.792682263052
46527,32.859061163037005,1100.539999999276,2347.8050178786575
46528,32.859061163037005,1100.559999999276,2347.81735323854
46529,32.859061163037005,1100.579999999276,2347.829688342706
46530,32.859061163037005,1100.599999999276,2347.8420231911623
46531,32.859061163037005,1100.619999999276,2347.8543577839146
46532,32.859061163037005,1100.639999999276,2347.866692121132
46533,32.859061163037005,1100.659999999276,2347.879026203227
46534,32.859061163037005,1100.6799999992759,2347.8913600302326
46535,32.859061163037005,1100.6999999992759,2347.9036936021553
46536,32.859061163037005,1100.7199999992758,2347.916026919001
46537,32.859061163037005,1100.7399999992758,2347.928359980777
46538,32.859061163037005,1100.7599999992758,2347.9406927874884
46539,32.859061163037005,1100.7799999992758,2347.953025339142
46540,32.859061163037005,1100.7999999992758,2347.965357635744
46541,32.859061163037005,1100.8199999992758,2347.977689677301
46542,32.859061163037005,1100.8399999992757,2347.990021463819
46543,32.859061163037005,1100.8599999992757,2348.0023529953046
46544,32.859061163037005,1100.8799999992757,2348.0146842717636
46545,32.859061163037005,1100.8999999992757,2348.027015293203
46546,32.859061163037005,1100.9199999992757,2348.0393460596288
46547,32.859061163037005,1100.9399999992756,2348.0516765710468
46548,32.859061163037005,1100.9599999992756,2348.064006827464
46549,32.859061163037005,1100.9799999992756,2348.0763368288863
46550,32.859061163037005,1100.9999999992756,2348.08866657532
46551,32.859061163037005,1101.0199999992756,2348.1009960667716
46552,32.859061163037005,1101.0399999992756,2348.113325303247
46553,32.859061163037005,1101.0599999992755,2348.125654284753
46554,32.859061163037005,1101.0799999992755,2348.137983011296
46555,32.859061163037005,1101.0999999992755,2348.150311482882
46556,32.859061163037005,1101.1199999992755,2348.162639699517
46557,32.859061163037005,1101.1399999992755,2348.174967661208
46558,32.859061163037005,1101.1599999992754,2348.187295367961
46559,32.859061163037005,1101.1799999992754,2348.199622819782
46560,32.859061163037005,1101.1999999992754,2348.2119500166773
46561,32.859061163037005,1101.2199999992754,2348.2242769586537
46562,32.859061163037005,1101.2399999992754,2348.236603645717
46563,32.859061163037005,1101.2599999992754,2348.248930077874
46564,32.859061163037005,1101.2799999992753,2348.2612562551303
46565,32.859061163037005,1101.2999999992753,2348.2735821774927
46566,32.859061163037005,1101.3199999992753,2348.2859078449674
46567,32.859061163037005,1101.3399999992753,2348.2982332575607
46568,32.859061163037005,1101.3599999992753,2348.310558415279
46569,32.859061163037005,1101.3799999992752,2348.3228833181283
46570,32.859061163037005,1101.3999999992752,2348.3352079661154
46571,32.859061163037005,1101.4199999992752,2348.347532359246
46572,32.859061163037005,1101.4399999992752,2348.359856497527
46573,32.859061163037005,1101.4599999992752,2348.372180380964
46574,32.859061163037005,1101.4799999992752,2348.384504009564
46575,32.859061163037005,1101.4999999992751,2348.3968273833325
46576,32.859061163037005,1101.5199999992751,2348.4091505022766
46577,32.859061163037005,1101.539999999275,2348.421473366402
46578,32.859061163037005,1101.559999999275,2348.4337959757154
46579,32.859061163037005,1101.579999999275,2348.446118330223
46580,32.859061163037005,1101.599999999275,2348.4584404299308
46581,32.859061163037005,1101.619999999275,2348.4707622748456
46582,32.859061163037005,1101.639999999275,2348.483083864973
46583,32.859061163037005,1101.659999999275,2348.495405200523
46584,32.859061163037005,1101.679999999275,2348.5077262818872
46585,32.859061163037005,1101.699999999275,2348.5200471090934
46586,32.859061163037005,1101.719999999275,2348.5323676821477
46587,32.859061163037005,1101.739999999275,2348.5446880010563
46588,32.859061163037005,1101.759999999275,2348.5570080658254
46589,32.859061163037005,1101.7799999992749,2348.569327876461
46590,32.859061163037005,1101.7999999992749,2348.58164743297
46591,32.859061163037005,1101.8199999992748,2348.593966735358
46592,32.859061163037005,1101.8399999992748,2348.606285783632
46593,32.859061163037005,1101.8599999992748,2348.618604577797
46594,32.859061163037005,1101.8799999992748,2348.6309231178607
46595,32.859061163037005,1101.8999999992748,2348.6432414038286
46596,32.859061163037005,1101.9199999992748,2348.6555594357073
46597,32.859061163037005,1101.9399999992747,2348.667877213503
46598,32.859061163037005,1101.9599999992747,2348.6801947372214
46599,32.859061163037005,1101.9799999992747,2348.6925120068695
46600,32.859061163037005,1101.9999999992747,2348.7048290224534
46601,32.859061163037005,1102.0199999992747,2348.717145783979
46602,32.859061163037005,1102.0399999992746,2348.729462291453
46603,32.859061163037005,1102.0599999992746,2348.741778544881
46604,32.859061163037005,1102.0799999992746,2348.75409454427
46605,32.859061163037005,1102.0999999992746,2348.766410289626
46606,32.859061163037005,1102.1199999992746,2348.7787257809555
46607,32.859061163037005,1102.1399999992746,2348.791041018264
46608,32.859061163037005,1102.1599999992745,2348.8033560015583
46609,32.859061163037005,1102.1799999992745,2348.815670730845
46610,32.859061163037005,1102.1999999992745,2348.8279852061296
46611,32.859061163037005,1102.2199999992745,2348.840299427419
46612,32.859061163037005,1102.2399999992745,2348.852613394719
46613,32.859061163037005,1102.2599999992744,2348.8649271080358
46614,32.859061163037005,1102.2799999992744,2348.8772405673762
46615,32.859061163037005,1102.2999999992744,2348.8895537727462
46616,32.859061163037005,1102.3199999992744,2348.9018667241517
46617,32.859061163037005,1102.3399999992744,2348.9141794215993
46618,32.859061163037005,1102.3599999992744,2348.926491865095
46619,32.859061163037005,1102.3799999992743,2348.938804054646
46620,32.859061163037005,1102.3999999992743,2348.951115990257
46621,32.859061163037005,1102.4199999992743,2348.9634276719357
46622,32.859061163037005,1102.4399999992743,2348.9757390996874
46623,32.859061163037005,1102.4599999992743,2348.9880502735186
46624,32.859061163037005,1102.4799999992742,2349.0003611934358
46625,32.859061163037005,1102.4999999992742,2349.012671859445
46626,32.859061163037005,1102.5199999992742,2349.0249822715527
46627,32.859061163037005,1102.5399999992742,2349.037292429765
46628,32.859061163037005,1102.5599999992742,2349.049602334088
46629,32.859061163037005,1102.5799999992742,2349.0619119845283
46630,32.81292785105267,1102.5999999992741,2349.074221381092
46631,32.81292785105267,1102.6199999992741,2349.0865305237853
46632,32.81292785105267,1102.639999999274,2349.0988394126143
46633,32.81292785105267,1102.659999999274,2349.1111480475856
46634,32.81292785105267,1102.679999999274,2349.123456428939
46635,32.81292785105267,1102.699999999274,2349.1357645570306
46636,32.81292785105267,1102.719999999274,2349.14807243188
46637,32.81292785105267,1102.739999999274,2349.1603800534936
46638,32.81292785105267,1102.759999999274,2349.1726874218775
46639,32.81292785105267,1102.779999999274,2349.1849945370386
46640,32.81292785105267,1102.799999999274,2349.1973013989827
46641,32.81292785105267,1102.819999999274,2349.2096080077163
46642,32.81292785105267,1102.839999999274,2349.2219143632456
46643,32.81292785105267,1102.859999999274,2349.2342204655774
46644,32.81292785105267,1102.8799999992739,2349.246526314718
46645,32.81292785105267,1102.8999999992739,2349.258831910673
46646,32.81292785105267,1102.9199999992738,2349.2711372534495
46647,32.81292785105267,1102.9399999992738,2349.2834423430536
46648,32.81292785105267,1102.9599999992738,2349.2957471794916
46649,32.81292785105267,1102.9799999992738,2349.3080517627695
46650,32.81292785105267,1102.9999999992738,2349.320356092894
46651,32.81292785105267,1103.0199999992738,2349.332660169872
46652,32.81292785105267,1103.0399999992737,2349.344963993709
46653,32.81292785105267,1103.0599999992737,2349.3572675644114
46654,32.81292785105267,1103.0799999992737,2349.369570881986
46655,32.81292785105267,1103.0999999992737,2349.3818739464386
46656,32.81292785105267,1103.1199999992737,2349.394176757776
46657,32.81292785105267,1103.1399999992736,2349.4064793160046
46658,32.81292785105267,1103.1599999992736,2349.4187816211306
46659,32.81292785105267,1103.1799999992736,2349.43108367316
46660,32.81292785105267,1103.1999999992736,2349.4433854720996
46661,32.81292785105267,1103.2199999992736,2349.4556870179554
46662,32.81292785105267,1103.2399999992736,2349.4679883107337
46663,32.81292785105267,1103.2599999992735,2349.480289350441
46664,32.81292785105267,1103.2799999992735,2349.492590137084
46665,32.81292785105267,1103.2999999992735,2349.5048906706684
46666,32.81292785105267,1103.3199999992735,2349.517190951201
46667,32.81292785105267,1103.3399999992735,2349.529490978688
46668,32.81292785105267,1103.3599999992734,2349.5417907531355
46669,32.81292785105267,1103.3799999992734,2349.55409027455
46670,32.81292785105267,1103.3999999992734,2349.5663895429384
46671,32.81292785105267,1103.4199999992734,2349.578688558306
46672,32.81292785105267,1103.4399999992734,2349.59098732066
46673,32.81292785105267,1103.4599999992734,2349.6032858300064
46674,32.81292785105267,1103.4799999992733,2349.615584086351
46675,32.81292785105267,1103.4999999992733,2349.627882089701
46676,32.81292785105267,1103.5199999992733,2349.6401798400625
46677,32.81292785105267,1103.5399999992733,2349.6524773374417
46678,32.81292785105267,1103.5599999992733,2349.664774581845
46679,32.81292785105267,1103.5799999992732,2349.6770715732787
46680,32.81292785105267,1103.5999999992732,2349.689368311749
46681,32.81292785105267,1103.6199999992732,2349.7016647972623
46682,32.81292785105267,1103.6399999992732,2349.713961029825
46683,32.81292785105267,1103.6599999992732,2349.7262570094435
46684,32.81292785105267,1103.6799999992732,2349.738552736124
46685,32.81292785105267,1103.6999999992731,2349.75084821013
46686,32.81292785105267,1103.719999999273,2349.763143431776
46687,32.81292785105267,1103.739999999273,2349.7754384010746
46688,32.81292785105267,1103.759999999273,2349.7877331180316
46689,32.81292785105267,1103.779999999273,2349.8000275826535
46690,32.81292785105267,1103.799999999273,2349.8123217949465
46691,32.81292785105267,1103.819999999273,2349.824615754917
46692,32.81292785105267,1103.839999999273,2349.836909462571
46693,32.81292785105267,1103.859999999273,2349.849202917915
46694,32.81292785105267,1103.879999999273,2349.8614961209555
46695,32.81292785105267,1103.899999999273,2349.873789071699
46696,32.81292785105267,1103.919999999273,2349.886081770151
46697,32.81292785105267,1103.939999999273,2349.8983742163186
46698,32.81292785105267,1103.959999999273,2349.910666410208
46699,32.81292785105267,1103.9799999992729,2349.9229583518245
46700,32.81292785105267,1103.9999999992729,2349.9352500411755
46701,32.81292785105267,1104.0199999992728,2349.947541478267
46702,32.81292785105267,1104.0399999992728,2349.9598326631053
46703,32.81292785105267,1104.0599999992728,2349.9721235956968
46704,32.81292785105267,1104.0799999992728,2349.9844142760476
46705,32.81292785105267,1104.0999999992728,2349.996704704164
46706,32.81292785105267,1104.1199999992727,2350.0089948805635
46707,32.81292785105267,1104.1399999992727,2350.0212848065053
46708,32.81292785105267,1104.1599999992727,2350.033574482079
46709,32.81292785105267,1104.1799999992727,2350.045863907291
46710,32.81292785105267,1104.1999999992727,2350.0581530821473
46711,32.81292785105267,1104.2199999992727,2350.070442006655
46712,32.81292785105267,1104.2399999992726,2350.08273068082
46713,32.81292785105267,1104.2599999992726,2350.0950191046486
46714,32.81292785105267,1104.2799999992726,2350.1073072781473
46715,32.81292785105267,1104.2999999992726,2350.1195952013227
46716,32.81292785105267,1104.3199999992726,2350.1318828741814
46717,32.81292785105267,1104.3399999992725,2350.1441702967295
46718,32.81292785105267,1104.3599999992725,2350.1564574689733
46719,32.81292785105267,1104.3799999992725,2350.1687443909195
46720,32.81292785105267,1104.3999999992725,2350.181031062574
46721,32.81292785105267,1104.4199999992725,2350.193317483944
46722,32.81292785105267,1104.4399999992725,2350.2056036550352
46723,32.81292785105267,1104.4599999992724,2350.2178895758543
46724,32.81292785105267,1104.4799999992724,2350.2301752464077
46725,32.81292785105267,1104.4999999992724,2350.242460666702
46726,32.81292785105267,1104.5199999992724,2350.254745836743
46727,32.81292785105267,1104.5399999992724,2350.2670307565377
46728,32.81292785105267,1104.5599999992723,2350.279315426092
46729,32.81292785105267,1104.5799999992723,2350.2915998454127
46730,32.81292785105267,1104.5999999992723,2350.3038840145064
46731,32.81292785105267,1104.6199999992723,2350.316167933379
46732,32.81292785105267,1104.6399999992723,2350.328451602037
46733,32.81292785105267,1104.6599999992723,2350.340735020487
46734,32.81292785105267,1104.6799999992722,2350.3530181887354
46735,32.81292785105267,1104.6999999992722,2350.3653011067895
46736,32.81292785105267,1104.7199999992722,2350.377583774954
46737,32.81292785105267,1104.7399999992722,2350.3898661935245
46738,32.81292785105267,1104.7599999992722,2350.4021483625074
46739,32.81292785105267,1104.7799999992721,2350.414430281909
46740,32.81292785105267,1104.7999999992721,2350.4267119517363
46741,32.81292785105267,1104.819999999272,2350.438993371995
46742,32.81292785105267,1104.839999999272,2350.4512745426914
46743,32.81292785105267,1104.859999999272,2350.4635554638326
46744,32.81292785105267,1104.879999999272,2350.4758361354243
46745,32.81292785105267,1104.899999999272,2350.4881165574734
46746,32.81292785105267,1104.919999999272,2350.500396729986
46747,32.81292785105267,1104.939999999272,2350.5126766529684
46748,32.81292785105267,1104.959999999272,2350.5249563264274
46749,32.81292785105267,1104.979999999272,2350.5372357503693
46750,32.81292785105267,1104.999999999272,2350.5495149248004
46751,32.81292785105267,1105.019999999272,2350.561793849727
46752,32.81292785105267,1105.039999999272,2350.5740725251558
46753,32.81292785105267,1105.059999999272,2350.5863509510928
46754,32.81292785105267,1105.0799999992719,2350.598629127545
46755,32.81292785105267,1105.0999999992719,2350.610907054518
46756,32.81292785105267,1105.1199999992718,2350.623184732019
46757,32.81292785105267,1105.1399999992718,2350.635462160054
46758,32.81292785105267,1105.1599999992718,2350.6477393386294
46759,32.81292785105267,1105.1799999992718,2350.6600162677514
46760,32.81292785105267,1105.1999999992718,2350.6722929474267
46761,32.81292785105267,1105.2199999992717,2350.684569377662
46762,32.81292785105267,1105.2399999992717,2350.696845558463
46763,32.81292785105267,1105.2599999992717,2350.7091214898364
46764,32.81292785105267,1105.2799999992717,2350.721397171789
46765,32.81292785105267,1105.2999999992717,2350.7336726043263
46766,32.81292785105267,1105.3199999992717,2350.745947787456
46767,32.81292785105267,1105.3399999992716,2350.7582227211833
46768,32.81292785105267,1105.3599999992716,2350.770497405515
46769,32.81292785105267,1105.3799999992716,2350.782771840458
46770,32.81292785105267,1105.3999999992716,2350.795046026018
46771,32.81292785105267,1105.4199999992716,2350.8073199622017
46772,32.81292785105267,1105.4399999992715,2350.8195936490156
46773,32.81292785105267,1105.4599999992715,2350.831867086466
46774,32.81292785105267,1105.4799999992715,2350.8441402745593
46775,32.81292785105267,1105.4999999992715,2350.8564132133015
46776,32.81292785105267,1105.5199999992715,2350.8686859026993
46777,32.81292785105267,1105.5399999992715,2350.8809583427596
46778,32.81292785105267,1105.5599999992714,2350.8932305334883
46779,32.81292785105267,1105.5799999992714,2350.905502474892
46780,32.81292785105267,1105.5999999992714,2350.9177741669764
46781,32.81292785105267,1105.6199999992714,2350.9300456097485
46782,32.81292785105267,1105.6399999992714,2350.942316803215
46783,32.81292785105267,1105.6599999992713,2350.9545877473815
46784,32.81292785105267,1105.6799999992713,2350.966858442255
46785,32.81292785105267,1105.6999999992713,2350.9791288878423
46786,32.81292785105267,1105.7199999992713,2350.991399084157
46787,32.81292785105267,1105.7399999992713,2351.0036690315314
46788,32.81292785105267,1105.7599999992713,2351.0159387302265
46789,32.81292785105267,1105.7799999992712,2351.0282081802484
46790,32.81292785105267,1105.7999999992712,2351.040477381604
46791,32.81292785105267,1105.8199999992712,2351.052746334299
46792,32.81292785105267,1105.8399999992712,2351.0650150383403
46793,32.81292785105267,1105.8599999992712,2351.0772834937343
46794,32.81292785105267,1105.8799999992711,2351.089551700487
46795,32.81292785105267,1105.8999999992711,2351.101819658605
46796,32.81292785105267,1105.919999999271,2351.114087368095
46797,32.81292785105267,1105.939999999271,2351.1263548289635
46798,32.81292785105267,1105.959999999271,2351.138622041216
46799,32.81292785105267,1105.979999999271,2351.1508890048594
46800,32.81292785105267,1105.999999999271,2351.1631557199003
46801,32.81292785105267,1106.019999999271,2351.175422186345
46802,32.81292785105267,1106.039999999271,2351.1876884042
46803,32.81292785105267,1106.059999999271,2351.1999543734714
46804,32.81292785105267,1106.079999999271,2351.212220094166
46805,32.81292785105267,1106.099999999271,2351.2244855662893
46806,32.81292785105267,1106.119999999271,2351.236750789849
46807,32.81292785105267,1106.139999999271,2351.2490157648504
46808,32.81292785105267,1106.159999999271,2351.2612804913006
46809,32.81292785105267,1106.1799999992709,2351.2735449692054
46810,32.81292785105267,1106.1999999992709,2351.2858091985718
46811,32.81292785105267,1106.2199999992708,2351.298073179406
46812,32.81292785105267,1106.2399999992708,2351.3103369117143
46813,32.81292785105267,1106.2599999992708,2351.322600395503
46814,32.81292785105267,1106.2799999992708,2351.3348636307783
46815,32.81292785105267,1106.2999999992708,2351.347126617547
46816,32.81292785105267,1106.3199999992707,2351.3593893558154
46817,32.81292785105267,1106.3399999992707,2351.3716518455903
46818,32.81292785105267,1106.3599999992707,2351.3839140868777
46819,32.81292785105267,1106.3799999992707,2351.3961760796838
46820,32.81292785105267,1106.3999999992707,2351.408437824015
46821,32.81292785105267,1106.4199999992707,2351.420699319878
46822,32.81292785105267,1106.4399999992706,2351.432960567279
46823,32.81292785105267,1106.4599999992706,2351.445221566225
46824,32.81292785105267,1106.4799999992706,2351.4574823167213
46825,32.81292785105267,1106.4999999992706,2351.469742818775
46826,32.81292785105267,1106.5199999992706,2351.482003072392
46827,32.81292785105267,1106.5399999992705,2351.4942630775795
46828,32.81292785105267,1106.5599999992705,2351.5065228343433
46829,32.81292785105267,1106.5799999992705,2351.51878234269
46830,32.81292785105267,1106.5999999992705,2351.531041602626
46831,32.81292785105267,1106.6199999992705,2351.543300614157
46832,32.81292785105267,1106.6399999992705,2351.55555937729
46833,32.81292785105267,1106.6599999992704,2351.5678178920316
46834,32.81292785105267,1106.6799999992704,2351.5800761583882
46835,32.81292785105267,1106.6999999992704,2351.592334176366
46836,32.81292785105267,1106.7199999992704,2351.604591945971
46837,32.81292785105267,1106.7399999992704,2351.616849467225
46838,32.81292785105267,1106.7599999992703,2351.629106740488
46839,32.81292785105267,1106.7799999992703,2351.6413637659857
46840,32.81292785105267,1106.7999999992703,2351.653620543724
46841,32.81292785105267,1106.8199999992703,2351.66587707371
46842,32.81292785105267,1106.8399999992703,2351.6781333559493
46843,32.81292785105267,1106.8599999992703,2351.690389390449
46844,32.81292785105267,1106.8799999992702,2351.7026451772153
46845,32.81292785105267,1106.8999999992702,2351.7149007162543
46846,32.81292785105267,1106.9199999992702,2351.727156007573
46847,32.81292785105267,1106.9399999992702,2351.739411051177
46848,32.81292785105267,1106.9599999992702,2351.751665847073
46849,32.81292785105267,1106.9799999992701,2351.763920395268
46850,32.81292785105267,1106.9999999992701,2351.7761746957676
46851,32.81292785105267,1107.01999999927,2351.7884287485786
46852,32.81292785105267,1107.03999999927,2351.8006825537072
46853,32.81292785105267,1107.05999999927,2351.81293611116
46854,32.81292785105267,1107.07999999927,2351.8251894209434
46855,32.81292785105267,1107.09999999927,2351.8374424830636
46856,32.81292785105267,1107.11999999927,2351.849695297527
46857,32.81292785105267,1107.13999999927,2351.86194786434
46858,32.81292785105267,1107.15999999927,2351.874200183509
46859,32.81292785105267,1107.17999999927,2351.8864522550402
46860,32.81292785105267,1107.19999999927,2351.8987040789407
46861,32.81292785105267,1107.21999999927,2351.910955655216
46862,32.81292785105267,1107.23999999927,2351.923206983873
46863,32.81292785105267,1107.25999999927,2351.9354580649183
46864,32.81292785105267,1107.2799999992699,2351.9477088983576
46865,32.81292785105267,1107.2999999992699,2351.959959484198
46866,32.81292785105267,1107.3199999992698,2351.9722098224456
46867,32.81292785105267,1107.3399999992698,2351.9844599131065
46868,32.81292785105267,1107.3599999992698,2351.9967097561876
46869,32.81292785105267,1107.3799999992698,2352.008959351695
46870,32.81292785105267,1107.3999999992698,2352.021208699635
46871,32.81292785105267,1107.4199999992697,2352.033457800014
46872,32.81292785105267,1107.4399999992697,2352.0457066528384
46873,32.81292785105267,1107.4599999992697,2352.057955258115
46874,32.81292785105267,1107.4799999992697,2352.0702036158496
46875,32.81292785105267,1107.4999999992697,2352.082451726049
46876,32.81292785105267,1107.5199999992697,2352.0946995887193
46877,32.81292785105267,1107.5399999992696,2352.106947203867
46878,32.81292785105267,1107.5599999992696,2352.1191945714986
46879,32.81292785105267,1107.5799999992696,2352.1314416916207
46880,32.81292785105267,1107.5999999992696,2352.1436885642393
46881,32.81292785105267,1107.6199999992696,2352.1559351893607
46882,32.81292785105267,1107.6399999992695,2352.1681815669913
46883,32.81292785105267,1107.6599999992695,2352.180427697138
46884,32.81292785105267,1107.6799999992695,2352.1926735798065
46885,32.81292785105267,1107.6999999992695,2352.204919215004
46886,32.81292785105267,1107.7199999992695,2352.217164602736
46887,32.81292785105267,1107.7399999992695,2352.2294097430095
46888,32.81292785105267,1107.7599999992694,2352.2416546358536
46889,32.81292785105267,1107.7799999992694,2352.253899281674
46890,32.81292785105267,1107.7999999992694,2352.2661436806707
46891,32.81292785105267,1107.8199999992694,2352.27838783285
46892,32.81292785105267,1107.8399999992694,2352.2906317382185
46893,32.81292785105267,1107.8599999992693,2352.302875396783
46894,32.81292785105267,1107.8799999992693,2352.315118808549
46895,32.81292785105267,1107.8999999992693,2352.3273619735232
46896,32.81292785105267,1107.9199999992693,2352.3396048917125
46897,32.76690238817435,1107.9399999992693,2352.3518475631226
46898,32.76690238817435,1107.9599999992693,2352.36408998776
46899,32.76690238817435,1107.9799999992692,2352.3763321656315
46900,32.76690238817435,1107.9999999992692,2352.388574096743
46901,32.76690238817435,1108.0199999992692,2352.4008157811013
46902,32.76690238817435,1108.0399999992692,2352.4130572187128
46903,32.76690238817435,1108.0599999992692,2352.4252984095833
46904,32.76690238817435,1108.0799999992691,2352.43753935372
46905,32.76690238817435,1108.0999999992691,2352.4497800511285
46906,32.76690238817435,1108.119999999269,2352.462020501816
46907,32.76690238817435,1108.139999999269,2352.474260705788
46908,32.76690238817435,1108.159999999269,2352.486500663051
46909,32.76690238817435,1108.179999999269,2352.4987403736122
46910,32.76690238817435,1108.199999999269,2352.5109798374774
46911,32.76690238817435,1108.219999999269,2352.523219054653
46912,32.76690238817435,1108.239999999269,2352.5354580251455
46913,32.76690238817435,1108.259999999269,2352.5476967489617
46914,32.76690238817435,1108.279999999269,2352.5599352261074
46915,32.76690238817435,1108.299999999269,2352.572173456589
46916,32.76690238817435,1108.319999999269,2352.584411440413
46917,32.76690238817435,1108.339999999269,2352.5966491775857
46918,32.76690238817435,1108.359999999269,2352.608886668114
46919,32.76690238817435,1108.3799999992689,2352.6211239120034
46920,32.76690238817435,1108.3999999992689,2352.6333609092612
46921,32.76690238817435,1108.4199999992688,2352.645597659893
46922,32.76690238817435,1108.4399999992688,2352.657834163906
46923,32.76690238817435,1108.4599999992688,2352.670070421306
46924,32.76690238817435,1108.4799999992688,2352.6823064320993
46925,32.76690238817435,1108.4999999992688,2352.6945421962923
46926,32.76690238817435,1108.5199999992687,2352.706777713892
46927,32.76690238817435,1108.5399999992687,2352.7190129849037
46928,32.76690238817435,1108.5599999992687,2352.7312480093346
46929,32.76690238817435,1108.5799999992687,2352.743482787191
46930,32.76690238817435,1108.5999999992687,2352.7557173184796
46931,32.76690238817435,1108.6199999992687,2352.7679516032063
46932,32.76690238817435,1108.6399999992686,2352.780185641377
46933,32.76690238817435,1108.6599999992686,2352.792419432999
46934,32.76690238817435,1108.6799999992686,2352.804652978078
46935,32.76690238817435,1108.6999999992686,2352.816886276621
46936,32.76690238817435,1108.7199999992686,2352.829119328634
46937,32.76690238817435,1108.7399999992685,2352.8413521341236
46938,32.76690238817435,1108.7599999992685,2352.853584693096
46939,32.76690238817435,1108.7799999992685,2352.865817005584
46940,32.76690238817435,1108.7999999992685,2352.878049071978
46941,32.76690238817435,1108.8199999992685,2352.8902808924236
46942,32.76690238817435,1108.8399999992685,2352.902512466928
46943,32.76690238817435,1108.8599999992684,2352.914743795497
46944,32.76690238817435,1108.8799999992684,2352.9269748781376
46945,32.76690238817435,1108.8999999992684,2352.9392057148557
46946,32.76690238817435,1108.9199999992684,2352.951436305658
46947,32.76690238817435,1108.9399999992684,2352.9636666505503
46948,32.76690238817435,1108.9599999992683,2352.9758967495395
46949,32.76690238817435,1108.9799999992683,2352.988126602632
46950,32.76690238817435,1108.9999999992683,2353.0003562098336
46951,32.76690238817435,1109.0199999992683,2353.0125855711517
46952,32.76690238817435,1109.0399999992683,2353.024814686592
46953,32.76690238817435,1109.0599999992683,2353.037043556161
46954,32.76690238817435,1109.0799999992682,2353.049272179865
46955,32.76690238817435,1109.0999999992682,2353.0615005577106
46956,32.76690238817435,1109.1199999992682,2353.073728689704
46957,32.76690238817435,1109.1399999992682,2353.0859565758515
46958,32.76690238817435,1109.1599999992682,2353.0981842161596
46959,32.76690238817435,1109.1799999992681,2353.110411610635
46960,32.76690238817435,1109.1999999992681,2353.1226387592833
46961,32.76690238817435,1109.219999999268,2353.1348656621117
46962,32.76690238817435,1109.239999999268,2353.147092319126
46963,32.76690238817435,1109.259999999268,2353.159318730333
46964,32.76690238817435,1109.279999999268,2353.171544895739
46965,32.76690238817435,1109.299999999268,2353.18377081535
46966,32.76690238817435,1109.319999999268,2353.1959964891726
46967,32.76690238817435,1109.339999999268,2353.2082219172135
46968,32.76690238817435,1109.359999999268,2353.220447099479
46969,32.76690238817435,1109.379999999268,2353.232672035975
46970,32.76690238817435,1109.399999999268,2353.2448967267082
46971,32.76690238817435,1109.419999999268,2353.257121171685
46972,32.76690238817435,1109.439999999268,2353.2693453709117
46973,32.76690238817435,1109.459999999268,2353.2815693243947
46974,32.76690238817435,1109.4799999992679,2353.2937930321405
46975,32.76690238817435,1109.4999999992679,2353.3060164941553
46976,32.76690238817435,1109.5199999992678,2353.3182397104456
46977,32.76690238817435,1109.5399999992678,2353.3304626810177
46978,32.76690238817435,1109.5599999992678,2353.342685405878
46979,32.76690238817435,1109.5799999992678,2353.354907885033
46980,32.76690238817435,1109.5999999992678,2353.3671301184886
46981,32.76690238817435,1109.6199999992677,2353.379352106252
46982,32.76690238817435,1109.6399999992677,2353.3915738483292
46983,32.76690238817435,1109.6599999992677,2353.4037953447264
46984,32.76690238817435,1109.6799999992677,2353.41601659545
46985,32.76690238817435,1109.6999999992677,2353.4282376005062
46986,32.76690238817435,1109.7199999992677,2353.440458359902
46987,32.76690238817435,1109.7399999992676,2353.4526788736434
46988,32.76690238817435,1109.7599999992676,2353.4648991417366
46989,32.76690238817435,1109.7799999992676,2353.4771191641885
46990,32.76690238817435,1109.7999999992676,2353.48933894104
46991,32.76690238817435,1109.8199999992676,2353.501558472729
46992,32.76690238817435,1109.8399999992675,2353.513777759376
46993,32.76690238817435,1109.8599999992675,2353.525996800987
46994,32.76690238817435,1109.8799999992675,2353.538215597568
46995,32.76690238817435,1109.8999999992675,2353.5504341491264
46996,32.76690238817435,1109.9199999992675,2353.562652455668
46997,32.76690238817435,1109.9399999992675,2353.574870517199
46998,32.76690238817435,1109.9599999992674,2353.587088333726
46999,32.76690238817435,1109.9799999992674,2353.5993059052557
47000,32.76690238817435,1109.9999999992674,2353.611523231794
47001,32.76690238817435,1110.0199999992674,2353.6237403133473
47002,32.76690238817435,1110.0399999992674,2353.6359571499224
47003,32.76690238817435,1110.0599999992673,2353.648173741525
47004,32.76690238817435,1110.0799999992673,2353.6603900881623
47005,32.76690238817435,1110.0999999992673,2353.6726061898403
47006,32.76690238817435,1110.1199999992673,2353.684822046565
47007,32.76690238817435,1110.1399999992673,2353.697037658343
47008,32.76690238817435,1110.1599999992673,2353.709253025181
47009,32.76690238817435,1110.1799999992672,2353.7214681470855
47010,32.76690238817435,1110.1999999992672,2353.733683024062
47011,32.76690238817435,1110.2199999992672,2353.7458976561174
47012,32.76690238817435,1110.2399999992672,2353.7581120432583
47013,32.76690238817435,1110.2599999992672,2353.770326185491
47014,32.76690238817435,1110.2799999992671,2353.7825400828215
47015,32.76690238817435,1110.2999999992671,2353.7947537352566
47016,32.76690238817435,1110.319999999267,2353.8069671428025
47017,32.76690238817435,1110.339999999267,2353.8191803054656
47018,32.76690238817435,1110.359999999267,2353.8313932232522
47019,32.76690238817435,1110.379999999267,2353.843605896169
47020,32.76690238817435,1110.399999999267,2353.8558183242217
47021,32.76690238817435,1110.419999999267,2353.868030507417
47022,32.76690238817435,1110.439999999267,2353.8802424457617
47023,32.76690238817435,1110.459999999267,2353.8924541392616
47024,32.76690238817435,1110.479999999267,2353.9046655879233
47025,32.76690238817435,1110.499999999267,2353.916876791753
47026,32.76690238817435,1110.519999999267,2353.929087750758
47027,32.76690238817435,1110.539999999267,2353.9412984649434
47028,32.76690238817435,1110.559999999267,2353.9535089343162
47029,32.76690238817435,1110.5799999992669,2353.9657191588826
47030,32.76690238817435,1110.5999999992669,2353.977929138649
47031,32.76690238817435,1110.6199999992668,2353.990138873622
47032,32.76690238817435,1110.6399999992668,2354.002348363808
47033,32.76690238817435,1110.6599999992668,2354.0145576092127
47034,32.76690238817435,1110.6799999992668,2354.026766609843
47035,32.76690238817435,1110.6999999992668,2354.0389753657055
47036,32.76690238817435,1110.7199999992667,2354.051183876806
47037,32.76690238817435,1110.7399999992667,2354.0633921431513
47038,32.76690238817435,1110.7599999992667,2354.075600164748
47039,32.76690238817435,1110.7799999992667,2354.0878079416016
47040,32.76690238817435,1110.7999999992667,2354.100015473719
47041,32.76690238817435,1110.8199999992667,2354.1122227611486
47042,32.76690238817435,1110.8399999992666,2354.1244298043553
47043,32.76690238817435,1110.8599999992666,2354.136636603425
47044,32.76690238817435,1110.8799999992666,2354.148843158364
47045,32.76690238817435,1110.8999999992666,2354.1610494691786
47046,32.76690238817435,1110.9199999992666,2354.173255535875
47047,32.76690238817435,1110.9399999992665,2354.1854613584596
47048,32.76690238817435,1110.9599999992665,2354.197666936939
47049,32.76690238817435,1110.9799999992665,2354.20987227132
47050,32.76690238817435,1110.9999999992665,2354.222077361608
47051,32.76690238817435,1111.0199999992665,2354.2342822078103
47052,32.76690238817435,1111.0399999992665,2354.246486809933
47053,32.76690238817435,1111.0599999992664,2354.258691167982
47054,32.76690238817435,1111.0799999992664,2354.270895281964
47055,32.76690238817435,1111.0999999992664,2354.2830991518854
47056,32.76690238817435,1111.1199999992664,2354.295302777753
47057,32.76690238817435,1111.1399999992664,2354.3075061595728
47058,32.76690238817435,1111.1599999992663,2354.319709297351
47059,32.76690238817435,1111.1799999992663,2354.331912191094
47060,32.76690238817435,1111.1999999992663,2354.3441148408083
47061,32.76690238817435,1111.2199999992663,2354.3563172465
47062,32.76690238817435,1111.2399999992663,2354.3685194081763
47063,32.76690238817435,1111.2599999992663,2354.380721325843
47064,32.76690238817435,1111.2799999992662,2354.392922999506
47065,32.76690238817435,1111.2999999992662,2354.4051244291722
47066,32.76690238817435,1111.3199999992662,2354.417325614848
47067,32.76690238817435,1111.3399999992662,2354.4295265565397
47068,32.76690238817435,1111.3599999992662,2354.4417272542537
47069,32.76690238817435,1111.3799999992661,2354.453927707996
47070,32.76690238817435,1111.3999999992661,2354.466127917774
47071,32.76690238817435,1111.419999999266,2354.478327883593
47072,32.76690238817435,1111.439999999266,2354.4905276054596
47073,32.76690238817435,1111.459999999266,2354.5027270833807
47074,32.76690238817435,1111.479999999266,2354.514926317362
47075,32.76690238817435,1111.499999999266,2354.52712530741
47076,32.76690238817435,1111.519999999266,2354.539324053532
47077,32.76690238817435,1111.539999999266,2354.551522555733
47078,32.76690238817435,1111.559999999266,2354.5637208140197
47079,32.76690238817435,1111.579999999266,2354.575918828399
47080,32.76690238817435,1111.599999999266,2354.588116598877
47081,32.76690238817435,1111.619999999266,2354.6003141254605
47082,32.76690238817435,1111.639999999266,2354.612511408155
47083,32.76690238817435,1111.659999999266,2354.6247084469674
47084,32.76690238817435,1111.6799999992659,2354.636905241904
47085,32.76690238817435,1111.6999999992659,2354.649101792971
47086,32.76690238817435,1111.7199999992658,2354.6612981001754
47087,32.76690238817435,1111.7399999992658,2354.6734941635227
47088,32.76690238817435,1111.7599999992658,2354.6856899830195
47089,32.76690238817435,1111.7799999992658,2354.6978855586726
47090,32.76690238817435,1111.7999999992658,2354.710080890488
47091,32.76690238817435,1111.8199999992657,2354.722275978472
47092,32.76690238817435,1111.8399999992657,2354.734470822683
47093,32.76690238817435,1111.8599999992657,2354.746665423607
47094,32.76690238817435,1111.8799999992657,2354.7588597812987
47095,32.76690238817435,1111.8999999992657,2354.7710538957645
47096,32.76690238817435,1111.9199999992657,2354.783247767011
47097,32.76690238817435,1111.9399999992656,2354.795441395044
47098,32.76690238817435,1111.9599999992656,2354.80763477987
47099,32.76690238817435,1111.9799999992656,2354.819827921496
47100,32.76690238817435,1111.9999999992656,2354.832020819928
47101,32.76690238817435,1112.0199999992656,2354.844213475172
47102,32.76690238817435,1112.0399999992655,2354.856405887235
47103,32.76690238817435,1112.0599999992655,2354.8685980561227
47104,32.76690238817435,1112.0799999992655,2354.8807899818416
47105,32.76690238817435,1112.0999999992655,2354.8929816643986
47106,32.76690238817435,1112.1199999992655,2354.9051731038
47107,32.76690238817435,1112.1399999992655,2354.9173643000513
47108,32.76690238817435,1112.1599999992654,2354.92955525316
47109,32.76690238817435,1112.1799999992654,2354.941745963132
47110,32.76690238817435,1112.1999999992654,2354.953936429973
47111,32.76690238817435,1112.2199999992654,2354.9661266536905
47112,32.76690238817435,1112.2399999992654,2354.9783166342904
47113,32.76690238817435,1112.2599999992653,2354.990506371779
47114,32.76690238817435,1112.2799999992653,2355.0026958661624
47115,32.76690238817435,1112.2999999992653,2355.0148851174476
47116,32.76690238817435,1112.3199999992653,2355.0270741256404
47117,32.76690238817435,1112.3399999992653,2355.0392628907475
47118,32.76690238817435,1112.3599999992653,2355.0514514127754
47119,32.76690238817435,1112.3799999992652,2355.06363969173
47120,32.76690238817435,1112.3999999992652,2355.0758277276177
47121,32.76690238817435,1112.4199999992652,2355.0880155204454
47122,32.76690238817435,1112.4399999992652,2355.1002030702193
47123,32.76690238817435,1112.4599999992652,2355.1123903769453
47124,32.76690238817435,1112.4799999992651,2355.12457744063
47125,32.76690238817435,1112.4999999992651,2355.1367642612804
47126,32.76690238817435,1112.519999999265,2355.148950838902
47127,32.76690238817435,1112.539999999265,2355.161137173501
47128,32.76690238817435,1112.559999999265,2355.173323265085
47129,32.76690238817435,1112.579999999265,2355.1855091136595
47130,32.76690238817435,1112.599999999265,2355.1976947192306
47131,32.76690238817435,1112.619999999265,2355.2098800818053
47132,32.76690238817435,1112.639999999265,2355.22206520139
47133,32.76690238817435,1112.659999999265,2355.2342500779905
47134,32.76690238817435,1112.679999999265,2355.2464347116133
47135,32.76690238817435,1112.699999999265,2355.258619102265
47136,32.76690238817435,1112.719999999265,2355.270803249952
47137,32.76690238817435,1112.739999999265,2355.2829871546805
47138,32.76690238817435,1112.759999999265,2355.295170816457
47139,32.76690238817435,1112.7799999992649,2355.3073542352877
47140,32.76690238817435,1112.7999999992649,2355.319537411179
47141,32.76690238817435,1112.8199999992648,2355.3317203441375
47142,32.76690238817435,1112.8399999992648,2355.343903034169
47143,32.76690238817435,1112.8599999992648,2355.3560854813704
47144,32.76690238817435,1112.8799999992648,2355.368267686223
47145,32.76690238817435,1112.8999999992648,2355.3804496487764
47146,32.76690238817435,1112.9199999992647,2355.392631369037
47147,32.76690238817435,1112.9399999992647,2355.4048128470113
47148,32.76690238817435,1112.9599999992647,2355.4169940827055
47149,32.76690238817435,1112.9799999992647,2355.429175076126
47150,32.76690238817435,1112.9999999992647,2355.4413558272786
47151,32.76690238817435,1113.0199999992647,2355.4535363361706
47152,32.76690238817435,1113.0399999992646,2355.465716602808
47153,32.76690238817435,1113.0599999992646,2355.477896627197
47154,32.76690238817435,1113.0799999992646,2355.490076409344
47155,32.76690238817435,1113.0999999992646,2355.502255949256
47156,32.76690238817435,1113.1199999992646,2355.5144352469383
47157,32.76690238817435,1113.1399999992645,2355.5266143023982
47158,32.76690238817435,1113.1599999992645,2355.538793115642
47159,32.76690238817435,1113.1799999992645,2355.5509716866754
47160,32.72098442175475,1113.1999999992645,2355.5631500155055
47161,32.72098442175475,1113.2199999992645,2355.575328102138
47162,32.72098442175475,1113.2399999992645,2355.5875059465798
47163,32.72098442175475,1113.2599999992644,2355.5996835488368
47164,32.72098442175475,1113.2799999992644,2355.611860908916
47165,32.72098442175475,1113.2999999992644,2355.624038026823
47166,32.72098442175475,1113.3199999992644,2355.636214902565
47167,32.72098442175475,1113.3399999992644,2355.6483915361478
47168,32.72098442175475,1113.3599999992643,2355.6605679275776
47169,32.72098442175475,1113.3799999992643,2355.6727440768614
47170,32.72098442175475,1113.3999999992643,2355.6849199840053
47171,32.72098442175475,1113.4199999992643,2355.6970956490154
47172,32.72098442175475,1113.4399999992643,2355.7092710718985
47173,32.72098442175475,1113.4599999992643,2355.7214462526604
47174,32.72098442175475,1113.4799999992642,2355.733621191308
47175,32.72098442175475,1113.4999999992642,2355.7457958878476
47176,32.72098442175475,1113.5199999992642,2355.7579703422853
47177,32.72098442175475,1113.5399999992642,2355.7701445546277
47178,32.72098442175475,1113.5599999992642,2355.7823185248812
47179,32.72098442175475,1113.5799999992641,2355.794492253052
47180,32.72098442175475,1113.5999999992641,2355.8066657391464
47181,32.72098442175475,1113.619999999264,2355.8188389831707
47182,32.72098442175475,1113.639999999264,2355.8310119851317
47183,32.72098442175475,1113.659999999264,2355.8431847450356
47184,32.72098442175475,1113.679999999264,2355.8553572628884
47185,32.72098442175475,1113.699999999264,2355.867529538697
47186,32.72098442175475,1113.719999999264,2355.879701572467
47187,32.72098442175475,1113.739999999264,2355.891873364206
47188,32.72098442175475,1113.759999999264,2355.9040449139193
47189,32.72098442175475,1113.779999999264,2355.9162162216135
47190,32.72098442175475,1113.799999999264,2355.928387287295
47191,32.72098442175475,1113.819999999264,2355.9405581109704
47192,32.72098442175475,1113.839999999264,2355.952728692646
47193,32.72098442175475,1113.859999999264,2355.9648990323276
47194,32.72098442175475,1113.8799999992639,2355.977069130134
47195,32.72098442175475,1113.8999999992639,2355.9892389864713
47196,32.72098442175475,1113.9199999992638,2356.0014086013766
47197,32.72098442175475,1113.9399999992638,2356.013577974857
47198,32.72098442175475,1113.9599999992638,2356.025747106919
47199,32.72098442175475,1113.9799999992638,2356.0379159975682
47200,32.72098442175475,1113.9999999992638,2356.0500846468117
47201,32.72098442175475,1114.0199999992637,2356.0622530546552
47202,32.72098442175475,1114.0399999992637,2356.0744212211057
47203,32.72098442175475,1114.0599999992637,2356.0865891461694
47204,32.72098442175475,1114.0799999992637,2356.0987568298524
47205,32.72098442175475,1114.0999999992637,2356.1109242721614
47206,32.72098442175475,1114.1199999992637,2356.1230914731027
47207,32.72098442175475,1114.1399999992636,2356.1352584326823
47208,32.72098442175475,1114.1599999992636,2356.147425150907
47209,32.72098442175475,1114.1799999992636,2356.1595916277834
47210,32.72098442175475,1114.1999999992636,2356.171757863317
47211,32.72098442175475,1114.2199999992636,2356.183923857515
47212,32.72098442175475,1114.2399999992635,2356.1960896103833
47213,32.72098442175475,1114.2599999992635,2356.2082551219287
47214,32.72098442175475,1114.2799999992635,2356.220420392157
47215,32.72098442175475,1114.2999999992635,2356.232585421075
47216,32.72098442175475,1114.3199999992635,2356.244750208689
47217,32.72098442175475,1114.3399999992635,2356.256914755005
47218,32.72098442175475,1114.3599999992634,2356.2690790600295
47219,32.72098442175475,1114.3799999992634,2356.2812431237694
47220,32.72098442175475,1114.3999999992634,2356.293406946231
47221,32.72098442175475,1114.4199999992634,2356.3055705274196
47222,32.72098442175475,1114.4399999992634,2356.3177338673427
47223,32.72098442175475,1114.4599999992633,2356.3298969660063
47224,32.72098442175475,1114.4799999992633,2356.3420598234165
47225,32.72098442175475,1114.4999999992633,2356.35422243958
47226,32.72098442175475,1114.5199999992633,2356.3663848145034
47227,32.72098442175475,1114.5399999992633,2356.3785469481927
47228,32.72098442175475,1114.5599999992633,2356.390708840654
47229,32.72098442175475,1114.5799999992632,2356.402870491894
47230,32.72098442175475,1114.5999999992632,2356.4150319019195
47231,32.72098442175475,1114.6199999992632,2356.427193070736
47232,32.72098442175475,1114.6399999992632,2356.4393539983503
47233,32.72098442175475,1114.6599999992632,2356.451514684769
47234,32.72098442175475,1114.6799999992631,2356.463675129998
47235,32.72098442175475,1114.6999999992631,2356.475835334044
47236,32.72098442175475,1114.719999999263,2356.487995296913
47237,32.72098442175475,1114.739999999263,2356.500155018612
47238,32.72098442175475,1114.759999999263,2356.5123144991467
47239,32.72098442175475,1114.779999999263,2356.5244737385237
47240,32.72098442175475,1114.799999999263,2356.5366327367497
47241,32.72098442175475,1114.819999999263,2356.5487914938303
47242,32.72098442175475,1114.839999999263,2356.5609500097726
47243,32.72098442175475,1114.859999999263,2356.5731082845823
47244,32.72098442175475,1114.879999999263,2356.5852663182663
47245,32.72098442175475,1114.899999999263,2356.597424110983
47246,32.72098442175475,1114.919999999263,2356.6095816631323
47247,32.72098442175475,1114.939999999263,2356.6217389747476
47248,32.72098442175475,1114.959999999263,2356.633896045835
47249,32.72098442175475,1114.9799999992629,2356.6460528764014
47250,32.72098442175475,1114.9999999992629,2356.6582094664527
47251,32.72098442175475,1115.0199999992628,2356.6703658159954
47252,32.72098442175475,1115.0399999992628,2356.682521925036
47253,32.72098442175475,1115.0599999992628,2356.6946777935805
47254,32.72098442175475,1115.0799999992628,2356.7068334216356
47255,32.72098442175475,1115.0999999992628,2356.7189888092075
47256,32.72098442175475,1115.1199999992627,2356.7311439563027
47257,32.72098442175475,1115.1399999992627,2356.7432988629275
47258,32.72098442175475,1115.1599999992627,2356.7554535290883
47259,32.72098442175475,1115.1799999992627,2356.7676079547914
47260,32.72098442175475,1115.1999999992627,2356.779762140043
47261,32.72098442175475,1115.2199999992627,2356.79191608485
47262,32.72098442175475,1115.2399999992626,2356.8040697892184
47263,32.72098442175475,1115.2599999992626,2356.8162232531545
47264,32.72098442175475,1115.2799999992626,2356.8283764766647
47265,32.72098442175475,1115.2999999992626,2356.8405294597555
47266,32.72098442175475,1115.3199999992626,2356.8526822024332
47267,32.72098442175475,1115.3399999992625,2356.864834704704
47268,32.72098442175475,1115.3599999992625,2356.876986966575
47269,32.72098442175475,1115.3799999992625,2356.8891389880514
47270,32.72098442175475,1115.3999999992625,2356.9012907691404
47271,32.72098442175475,1115.4199999992625,2356.9134423098476
47272,32.72098442175475,1115.4399999992625,2356.92559361018
47273,32.72098442175475,1115.4599999992624,2356.9377446701437
47274,32.72098442175475,1115.4799999992624,2356.9498954897454
47275,32.72098442175475,1115.4999999992624,2356.962046068991
47276,32.72098442175475,1115.5199999992624,2356.9741964078876
47277,32.72098442175475,1115.5399999992624,2356.986346506441
47278,32.72098442175475,1115.5599999992623,2356.9984963646575
47279,32.72098442175475,1115.5799999992623,2357.010645982544
47280,32.72098442175475,1115.5999999992623,2357.022795360106
47281,32.72098442175475,1115.6199999992623,2357.0349444973504
47282,32.72098442175475,1115.6399999992623,2357.0470933942834
47283,32.72098442175475,1115.6599999992623,2357.0592420509115
47284,32.72098442175475,1115.6799999992622,2357.071390467241
47285,32.72098442175475,1115.6999999992622,2357.0835386432786
47286,32.72098442175475,1115.7199999992622,2357.0956865790304
47287,32.72098442175475,1115.7399999992622,2357.1078342745022
47288,32.72098442175475,1115.7599999992622,2357.119981729701
47289,32.72098442175475,1115.7799999992621,2357.132128944633
47290,32.72098442175475,1115.7999999992621,2357.144275919305
47291,32.72098442175475,1115.819999999262,2357.1564226537225
47292,32.72098442175475,1115.839999999262,2357.1685691478924
47293,32.72098442175475,1115.859999999262,2357.180715401821
47294,32.72098442175475,1115.879999999262,2357.1928614155145
47295,32.72098442175475,1115.899999999262,2357.2050071889794
47296,32.72098442175475,1115.919999999262,2357.2171527224077
47297,32.72098442175475,1115.939999999262,2357.229298016173
47298,32.72098442175475,1115.959999999262,2357.2414430703006
47299,32.72098442175475,1115.979999999262,2357.253587884798
47300,32.72098442175475,1115.999999999262,2357.265732459671
47301,32.72098442175475,1116.019999999262,2357.2778767949267
47302,32.72098442175475,1116.039999999262,2357.2900208905708
47303,32.72098442175475,1116.059999999262,2357.3021647466094
47304,32.72098442175475,1116.0799999992619,2357.3143083630493
47305,32.72098442175475,1116.0999999992619,2357.326451739897
47306,32.72098442175475,1116.1199999992618,2357.338594877159
47307,32.72098442175475,1116.1399999992618,2357.3507377748406
47308,32.72098442175475,1116.1599999992618,2357.362880432949
47309,32.72098442175475,1116.1799999992618,2357.375022851491
47310,32.72098442175475,1116.1999999992618,2357.3871650304723
47311,32.72098442175475,1116.2199999992617,2357.399306969899
47312,32.72098442175475,1116.2399999992617,2357.411448669778
47313,32.72098442175475,1116.2599999992617,2357.423590130116
47314,32.72098442175475,1116.2799999992617,2357.435731350918
47315,32.72098442175475,1116.2999999992617,2357.4478723321918
47316,32.72098442175475,1116.3199999992617,2357.460013073943
47317,32.72098442175475,1116.3399999992616,2357.4721535761782
47318,32.72098442175475,1116.3599999992616,2357.484293838904
47319,32.72098442175475,1116.3799999992616,2357.4964338621257
47320,32.72098442175475,1116.3999999992616,2357.508573645851
47321,32.72098442175475,1116.4199999992616,2357.5207131900856
47322,32.72098442175475,1116.4399999992615,2357.532852494836
47323,32.72098442175475,1116.4599999992615,2357.5449915601084
47324,32.72098442175475,1116.4799999992615,2357.557130385909
47325,32.72098442175475,1116.4999999992615,2357.569268972245
47326,32.72098442175475,1116.5199999992615,2357.581407319122
47327,32.72098442175475,1116.5399999992615,2357.5935454265464
47328,32.72098442175475,1116.5599999992614,2357.6056832945246
47329,32.72098442175475,1116.5799999992614,2357.6178209230634
47330,32.72098442175475,1116.5999999992614,2357.6299583121686
47331,32.72098442175475,1116.6199999992614,2357.6420954618466
47332,32.72098442175475,1116.6399999992614,2357.654232372104
47333,32.72098442175475,1116.6599999992613,2357.6663690429473
47334,32.72098442175475,1116.6799999992613,2357.6785054743827
47335,32.72098442175475,1116.6999999992613,2357.6906416664165
47336,32.72098442175475,1116.7199999992613,2357.702777619055
47337,32.72098442175475,1116.7399999992613,2357.714913332304
47338,32.72098442175475,1116.7599999992613,2357.7270488061713
47339,32.72098442175475,1116.7799999992612,2357.739184040662
47340,32.72098442175475,1116.7999999992612,2357.751319035783
47341,32.72098442175475,1116.8199999992612,2357.7634537915405
47342,32.72098442175475,1116.8399999992612,2357.775588307941
47343,32.72098442175475,1116.8599999992612,2357.7877225849907
47344,32.72098442175475,1116.8799999992611,2357.799856622696
47345,32.72098442175475,1116.8999999992611,2357.8119904210635
47346,32.72098442175475,1116.919999999261,2357.824123980099
47347,32.72098442175475,1116.939999999261,2357.8362573000286
47348,32.72098442175475,1116.959999999261,2357.8483903811984
47349,32.72098442175475,1116.979999999261,2357.860523223628
47350,32.72098442175475,1116.999999999261,2357.8726558273243
47351,32.72098442175475,1117.019999999261,2357.884788192293
47352,32.72098442175475,1117.039999999261,2357.8969203185407
47353,32.72098442175475,1117.059999999261,2357.9090522060737
47354,32.72098442175475,1117.079999999261,2357.921183854898
47355,32.72098442175475,1117.099999999261,2357.9333152650206
47356,32.72098442175475,1117.119999999261,2357.9454464364476
47357,32.72098442175475,1117.139999999261,2357.9575773691854
47358,32.72098442175475,1117.159999999261,2357.9697080632404
47359,32.72098442175475,1117.1799999992609,2357.981838518619
47360,32.72098442175475,1117.1999999992609,2357.993968735327
47361,32.72098442175475,1117.2199999992608,2358.0060987133716
47362,32.72098442175475,1117.2399999992608,2358.0182284527586
47363,32.72098442175475,1117.2599999992608,2358.030357953495
47364,32.72098442175475,1117.2799999992608,2358.042487215586
47365,32.72098442175475,1117.2999999992608,2358.0546162390388
47366,32.72098442175475,1117.3199999992607,2358.0667450238598
47367,32.72098442175475,1117.3399999992607,2358.078873570055
47368,32.72098442175475,1117.3599999992607,2358.091001877631
47369,32.72098442175475,1117.3799999992607,2358.1031299465935
47370,32.72098442175475,1117.3999999992607,2358.11525777695
47371,32.72098442175475,1117.4199999992607,2358.127385368706
47372,32.72098442175475,1117.4399999992606,2358.1395127218684
47373,32.72098442175475,1117.4599999992606,2358.1516398364433
47374,32.72098442175475,1117.4799999992606,2358.163766712437
47375,32.72098442175475,1117.4999999992606,2358.1758933498554
47376,32.72098442175475,1117.5199999992606,2358.1880197487058
47377,32.72098442175475,1117.5399999992605,2358.200145908994
47378,32.72098442175475,1117.5599999992605,2358.2122718307264
47379,32.72098442175475,1117.5799999992605,2358.2243975139095
47380,32.72098442175475,1117.5999999992605,2358.2365229585494
47381,32.72098442175475,1117.6199999992605,2358.248648164653
47382,32.72098442175475,1117.6399999992605,2358.260773132226
47383,32.72098442175475,1117.6599999992604,2358.272897861275
47384,32.72098442175475,1117.6799999992604,2358.285022351806
47385,32.72098442175475,1117.6999999992604,2358.297146603826
47386,32.72098442175475,1117.7199999992604,2358.309270617341
47387,32.72098442175475,1117.7399999992604,2358.321394392358
47388,32.72098442175475,1117.7599999992603,2358.3335179288824
47389,32.72098442175475,1117.7799999992603,2358.345641226921
47390,32.72098442175475,1117.7999999992603,2358.3577642864802
47391,32.72098442175475,1117.8199999992603,2358.3698871075662
47392,32.72098442175475,1117.8399999992603,2358.3820096901854
47393,32.72098442175475,1117.8599999992603,2358.3941320343442
47394,32.72098442175475,1117.8799999992602,2358.4062541400485
47395,32.72098442175475,1117.8999999992602,2358.418376007305
47396,32.72098442175475,1117.9199999992602,2358.4304976361204
47397,32.72098442175475,1117.9399999992602,2358.442619026501
47398,32.72098442175475,1117.9599999992602,2358.4547401787186
47399,32.72098442175475,1117.9799999992601,2358.4668610931085
47400,32.72098442175475,1117.9999999992601,2358.478981769684
47401,32.72098442175475,1118.01999999926,2358.491102208452
47402,32.72098442175475,1118.03999999926,2358.5032224094184
47403,32.72098442175475,1118.05999999926,2358.515342372589
47404,32.72098442175475,1118.07999999926,2358.5274620979712
47405,32.72098442175475,1118.09999999926,2358.539581585571
47406,32.72098442175475,1118.11999999926,2358.5517008353945
47407,32.72098442175475,1118.13999999926,2358.563819847448
47408,32.72098442175475,1118.15999999926,2358.5759386217383
47409,32.72098442175475,1118.17999999926,2358.5880571582716
47410,32.72098442175475,1118.19999999926,2358.600175457054
47411,32.72098442175475,1118.21999999926,2358.612293518092
47412,32.72098442175475,1118.23999999926,2358.624411341392
47413,32.72098442175475,1118.25999999926,2358.63652892696
47414,32.72098442175475,1118.2799999992599,2358.648646274803
47415,32.72098442175475,1118.2999999992599,2358.660763384927
47416,32.72098442175475,1118.3199999992598,2358.6728802573384
47417,32.72098442175475,1118.3399999992598,2358.6849968920437
47418,32.72098442175475,1118.3599999992598,2358.697113289049
47419,32.72098442175475,1118.3799999992598,2358.709229448361
47420,32.72098442175475,1118.3999999992598,2358.7213453699856
47421,32.72098442175475,1118.4199999992597,2358.733461053929
47422,32.72098442175475,1118.4399999992597,2358.7455765001987
47423,32.72098442175475,1118.4599999992597,2358.7576917088
47424,32.72098442175475,1118.4799999992597,2358.7698066797393
47425,32.675173600627716,1118.4999999992597,2358.781921413023
47426,32.675173600627716,1118.5199999992597,2358.794035908658
47427,32.675173600627716,1118.5399999992596,2358.8061501666502
47428,32.675173600627716,1118.5599999992596,2358.818264187006
47429,32.675173600627716,1118.5799999992596,2358.830377969732
47430,32.675173600627716,1118.5999999992596,2358.8424915148344
47431,32.675173600627716,1118.6199999992596,2358.8546048223193
47432,32.675173600627716,1118.6399999992595,2358.8667178921933
47433,32.675173600627716,1118.6599999992595,2358.8788307244627
47434,32.675173600627716,1118.6799999992595,2358.890943319134
47435,32.675173600627716,1118.6999999992595,2358.903055676213
47436,32.675173600627716,1118.7199999992595,2358.9151677957066
47437,32.675173600627716,1118.7399999992595,2358.927279677621
47438,32.675173600627716,1118.7599999992594,2358.9393913219624
47439,32.675173600627716,1118.7799999992594,2358.9515027287375
47440,32.675173600627716,1118.7999999992594,2358.9636138979527
47441,32.675173600627716,1118.8199999992594,2358.9757248296137
47442,32.675173600627716,1118.8399999992594,2358.9878355237274
47443,32.675173600627716,1118.8599999992593,2358.9999459803
47444,32.675173600627716,1118.8799999992593,2359.0120561993376
47445,32.675173600627716,1118.8999999992593,2359.024166180847
47446,32.675173600627716,1118.9199999992593,2359.036275924834
47447,32.675173600627716,1118.9399999992593,2359.0483854313056
47448,32.675173600627716,1118.9599999992593,2359.060494700268
47449,32.675173600627716,1118.9799999992592,2359.0726037319964
47450,32.675173600627716,1118.9999999992592,2359.0847125267655
47451,32.675173600627716,1119.0199999992592,2359.0968210845813
47452,32.675173600627716,1119.0399999992592,2359.1089294054505
47453,32.675173600627716,1119.0599999992592,2359.121037489379
47454,32.675173600627716,1119.0799999992591,2359.133145336373
47455,32.675173600627716,1119.0999999992591,2359.1452529464395
47456,32.675173600627716,1119.119999999259,2359.1573603195848
47457,32.675173600627716,1119.139999999259,2359.169467455815
47458,32.675173600627716,1119.159999999259,2359.181574355136
47459,32.675173600627716,1119.179999999259,2359.193681017555
47460,32.675173600627716,1119.199999999259,2359.2057874430775
47461,32.675173600627716,1119.219999999259,2359.2178936317105
47462,32.675173600627716,1119.239999999259,2359.22999958346
47463,32.675173600627716,1119.259999999259,2359.2421052983327
47464,32.675173600627716,1119.279999999259,2359.2542107763347
47465,32.675173600627716,1119.299999999259,2359.2663160174725
47466,32.675173600627716,1119.319999999259,2359.2784210217524
47467,32.675173600627716,1119.339999999259,2359.2905257891807
47468,32.675173600627716,1119.359999999259,2359.3026303197635
47469,32.675173600627716,1119.3799999992589,2359.3147346135074
47470,32.675173600627716,1119.3999999992589,2359.326838670419
47471,32.675173600627716,1119.4199999992588,2359.338942490504
47472,32.675173600627716,1119.4399999992588,2359.3510460737693
47473,32.675173600627716,1119.4599999992588,2359.3631494202214
47474,32.675173600627716,1119.4799999992588,2359.375252529866
47475,32.675173600627716,1119.4999999992588,2359.38735540271
47476,32.675173600627716,1119.5199999992587,2359.3994580387593
47477,32.675173600627716,1119.5399999992587,2359.4115604380204
47478,32.675173600627716,1119.5599999992587,2359.4236626005
47479,32.675173600627716,1119.5799999992587,2359.435764526204
47480,32.675173600627716,1119.5999999992587,2359.4478662151387
47481,32.675173600627716,1119.6199999992587,2359.459967667311
47482,32.675173600627716,1119.6399999992586,2359.472068882727
47483,32.675173600627716,1119.6599999992586,2359.4841698613927
47484,32.675173600627716,1119.6799999992586,2359.4962706033148
47485,32.675173600627716,1119.6999999992586,2359.5083711084994
47486,32.675173600627716,1119.7199999992586,2359.520471376953
47487,32.675173600627716,1119.7399999992585,2359.532571408682
47488,32.675173600627716,1119.7599999992585,2359.544671203693
47489,32.675173600627716,1119.7799999992585,2359.5567707619916
47490,32.675173600627716,1119.7999999992585,2359.568870083585
47491,32.675173600627716,1119.8199999992585,2359.5809691684785
47492,32.675173600627716,1119.8399999992585,2359.5930680166794
47493,32.675173600627716,1119.8599999992584,2359.6051666281937
47494,32.675173600627716,1119.8799999992584,2359.6172650030276
47495,32.675173600627716,1119.8999999992584,2359.6293631411877
47496,32.675173600627716,1119.9199999992584,2359.64146104268
47497,32.675173600627716,1119.9399999992584,2359.6535587075114
47498,32.675173600627716,1119.9599999992583,2359.6656561356876
47499,32.675173600627716,1119.9799999992583,2359.6777533272225
47500,32.675173600627716,1119.9999999992583,2359.6898502824315
47501,32.675173600627716,1120.0199999992583,2359.7019470015703
47502,32.675173600627716,1120.0399999992583,2359.7140434846447
47503,32.675173600627716,1120.0599999992583,2359.7261397316615
47504,32.675173600627716,1120.0799999992582,2359.738235742627
47505,32.675173600627716,1120.0999999992582,2359.7503315175472
47506,32.675173600627716,1120.1199999992582,2359.762427056429
47507,32.675173600627716,1120.1399999992582,2359.774522359278
47508,32.675173600627716,1120.1599999992582,2359.786617426101
47509,32.675173600627716,1120.1799999992581,2359.7987122569048
47510,32.675173600627716,1120.1999999992581,2359.810806851695
47511,32.675173600627716,1120.219999999258,2359.822901210478
47512,32.675173600627716,1120.239999999258,2359.8349953332604
47513,32.675173600627716,1120.259999999258,2359.8470892200485
47514,32.675173600627716,1120.279999999258,2359.8591828708486
47515,32.675173600627716,1120.299999999258,2359.871276285667
47516,32.675173600627716,1120.319999999258,2359.8833694645105
47517,32.675173600627716,1120.339999999258,2359.895462407385
47518,32.675173600627716,1120.359999999258,2359.907555114297
47519,32.675173600627716,1120.379999999258,2359.9196475852523
47520,32.675173600627716,1120.399999999258,2359.931739820258
47521,32.675173600627716,1120.419999999258,2359.94383181932
47522,32.675173600627716,1120.439999999258,2359.955923582445
47523,32.675173600627716,1120.459999999258,2359.968015109639
47524,32.675173600627716,1120.4799999992579,2359.9801064009084
47525,32.675173600627716,1120.4999999992579,2359.9921974562594
47526,32.675173600627716,1120.5199999992578,2360.0042882758094
47527,32.675173600627716,1120.5399999992578,2360.016378860943
47528,32.675173600627716,1120.5599999992578,2360.0284692120495
47529,32.675173600627716,1120.5799999992578,2360.0405593291357
47530,32.675173600627716,1120.5999999992578,2360.0526492122076
47531,32.675173600627716,1120.6199999992577,2360.064738861272
47532,32.675173600627716,1120.6399999992577,2360.0768282763347
47533,32.675173600627716,1120.6599999992577,2360.0889174574027
47534,32.675173600627716,1120.6799999992577,2360.1010064044826
47535,32.675173600627716,1120.6999999992577,2360.1130951175805
47536,32.675173600627716,1120.7199999992577,2360.1251835967028
47537,32.675173600627716,1120.7399999992576,2360.137271841856
47538,32.675173600627716,1120.7599999992576,2360.149359853047
47539,32.675173600627716,1120.7799999992576,2360.1614476302816
47540,32.675173600627716,1120.7999999992576,2360.1735351735665
47541,32.675173600627716,1120.8199999992576,2360.1856224829085
47542,32.675173600627716,1120.8399999992575,2360.1977095583134
47543,32.675173600627716,1120.8599999992575,2360.209796399788
47544,32.675173600627716,1120.8799999992575,2360.221883007339
47545,32.675173600627716,1120.8999999992575,2360.233969380972
47546,32.675173600627716,1120.9199999992575,2360.2460555206944
47547,32.675173600627716,1120.9399999992575,2360.2581414265123
47548,32.675173600627716,1120.9599999992574,2360.270227098432
47549,32.675173600627716,1120.9799999992574,2360.28231253646
47550,32.675173600627716,1120.9999999992574,2360.294397740616
47551,32.675173600627716,1121.0199999992574,2360.306482711244
47552,32.675173600627716,1121.0399999992574,2360.3185674485644
47553,32.675173600627716,1121.0599999992573,2360.330651952584
47554,32.675173600627716,1121.0799999992573,2360.3427362233097
47555,32.675173600627716,1121.0999999992573,2360.3548202607476
47556,32.675173600627716,1121.1199999992573,2360.3669040649042
47557,32.675173600627716,1121.1399999992573,2360.378987635786
47558,32.675173600627716,1121.1599999992573,2360.391070973399
47559,32.675173600627716,1121.1799999992572,2360.4031540777505
47560,32.675173600627716,1121.1999999992572,2360.4152369488465
47561,32.675173600627716,1121.2199999992572,2360.4273195866936
47562,32.675173600627716,1121.2399999992572,2360.439401991298
47563,32.675173600627716,1121.2599999992572,2360.451484162666
47564,32.675173600627716,1121.2799999992571,2360.463566100804
47565,32.675173600627716,1121.2999999992571,2360.4756478057193
47566,32.675173600627716,1121.319999999257,2360.4877292774177
47567,32.675173600627716,1121.339999999257,2360.4998105159057
47568,32.675173600627716,1121.359999999257,2360.5118915211897
47569,32.675173600627716,1121.379999999257,2360.5239722932765
47570,32.675173600627716,1121.399999999257,2360.536052832172
47571,32.675173600627716,1121.419999999257,2360.5481331378833
47572,32.675173600627716,1121.439999999257,2360.5602132104164
47573,32.675173600627716,1121.459999999257,2360.5722930497777
47574,32.675173600627716,1121.479999999257,2360.5843726559738
47575,32.675173600627716,1121.499999999257,2360.5964520290113
47576,32.675173600627716,1121.519999999257,2360.608531168896
47577,32.675173600627716,1121.539999999257,2360.6206100756353
47578,32.675173600627716,1121.559999999257,2360.632688749235
47579,32.675173600627716,1121.5799999992569,2360.6447671897017
47580,32.675173600627716,1121.5999999992569,2360.656845397042
47581,32.675173600627716,1121.6199999992568,2360.6689233712623
47582,32.675173600627716,1121.6399999992568,2360.681001112369
47583,32.675173600627716,1121.6599999992568,2360.6930786203684
47584,32.675173600627716,1121.6799999992568,2360.705155895267
47585,32.675173600627716,1121.6999999992568,2360.7172329370715
47586,32.675173600627716,1121.7199999992567,2360.7293097457878
47587,32.675173600627716,1121.7399999992567,2360.741386321423
47588,32.675173600627716,1121.7599999992567,2360.753462663983
47589,32.675173600627716,1121.7799999992567,2360.7655387734744
47590,32.675173600627716,1121.7999999992567,2360.777614649904
47591,32.675173600627716,1121.8199999992567,2360.789690293278
47592,32.675173600627716,1121.8399999992566,2360.8017657036025
47593,32.675173600627716,1121.8599999992566,2360.8138408808845
47594,32.675173600627716,1121.8799999992566,2360.82591582513
47595,32.675173600627716,1121.8999999992566,2360.8379905363454
47596,32.675173600627716,1121.9199999992566,2360.850065014538
47597,32.675173600627716,1121.9399999992565,2360.8621392597133
47598,32.675173600627716,1121.9599999992565,2360.874213271878
47599,32.675173600627716,1121.9799999992565,2360.886287051039
47600,32.675173600627716,1121.9999999992565,2360.898360597202
47601,32.675173600627716,1122.0199999992565,2360.910433910394
47602,32.675173600627716,1122.0399999992565,2360.9225069909844
47603,32.675173600627716,1122.0599999992564,2360.9345798391614
47604,32.675173600627716,1122.0799999992564,2360.9466524549316
47605,32.675173600627716,1122.0999999992564,2360.958724838302
47606,32.675173600627716,1122.1199999992564,2360.970796989278
47607,32.675173600627716,1122.1399999992564,2360.9828689078668
47608,32.675173600627716,1122.1599999992563,2360.9949405940743
47609,32.675173600627716,1122.1799999992563,2361.007012047907
47610,32.675173600627716,1122.1999999992563,2361.019083269372
47611,32.675173600627716,1122.2199999992563,2361.0311542584755
47612,32.675173600627716,1122.2399999992563,2361.0432250152235
47613,32.675173600627716,1122.2599999992563,2361.055295539623
47614,32.675173600627716,1122.2799999992562,2361.06736583168
47615,32.675173600627716,1122.2999999992562,2361.0794358914013
47616,32.675173600627716,1122.3199999992562,2361.091505718793
47617,32.675173600627716,1122.3399999992562,2361.1035753138617
47618,32.675173600627716,1122.3599999992562,2361.115644676614
47619,32.675173600627716,1122.3799999992561,2361.127713807056
47620,32.675173600627716,1122.3999999992561,2361.139782705194
47621,32.675173600627716,1122.419999999256,2361.1518513710353
47622,32.675173600627716,1122.439999999256,2361.1639198045855
47623,32.675173600627716,1122.459999999256,2361.1759880058517
47624,32.675173600627716,1122.479999999256,2361.1880559748397
47625,32.675173600627716,1122.499999999256,2361.2001237115564
47626,32.675173600627716,1122.519999999256,2361.2121912160083
47627,32.675173600627716,1122.539999999256,2361.2242584882015
47628,32.675173600627716,1122.559999999256,2361.2363255281425
47629,32.675173600627716,1122.579999999256,2361.248392335838
47630,32.675173600627716,1122.599999999256,2361.2604589112943
47631,32.675173600627716,1122.619999999256,2361.272525254518
47632,32.675173600627716,1122.639999999256,2361.284591365515
47633,32.675173600627716,1122.659999999256,2361.2966572442924
47634,32.675173600627716,1122.6799999992559,2361.308722890856
47635,32.675173600627716,1122.6999999992559,2361.3207883052132
47636,32.675173600627716,1122.7199999992558,2361.3328534873694
47637,32.675173600627716,1122.7399999992558,2361.3449184373317
47638,32.675173600627716,1122.7599999992558,2361.3569831551063
47639,32.675173600627716,1122.7799999992558,2361.3690476406996
47640,32.675173600627716,1122.7999999992558,2361.381111894118
47641,32.675173600627716,1122.8199999992557,2361.3931759153684
47642,32.675173600627716,1122.8399999992557,2361.4052397044566
47643,32.675173600627716,1122.8599999992557,2361.4173032613894
47644,32.675173600627716,1122.8799999992557,2361.4293665861733
47645,32.675173600627716,1122.8999999992557,2361.4414296788145
47646,32.675173600627716,1122.9199999992557,2361.4534925393195
47647,32.675173600627716,1122.9399999992556,2361.465555167695
47648,32.675173600627716,1122.9599999992556,2361.477617563947
47649,32.675173600627716,1122.9799999992556,2361.4896797280826
47650,32.675173600627716,1122.9999999992556,2361.5017416601077
47651,32.675173600627716,1123.0199999992556,2361.5138033600288
47652,32.675173600627716,1123.0399999992555,2361.5258648278805
47653,32.675173600627716,1123.0599999992555,2361.5379260640793
47654,32.675173600627716,1123.0799999992555,2361.5499870687877
47655,32.675173600627716,1123.0999999992555,2361.562047842012
47656,32.675173600627716,1123.1199999992555,2361.574108383759
47657,32.675173600627716,1123.1399999992555,2361.5861686940348
47658,32.675173600627716,1123.1599999992554,2361.598228772846
47659,32.675173600627716,1123.1799999992554,2361.6102886201993
47660,32.675173600627716,1123.1999999992554,2361.6223482361006
47661,32.675173600627716,1123.2199999992554,2361.634407620557
47662,32.675173600627716,1123.2399999992554,2361.646466773574
47663,32.675173600627716,1123.2599999992553,2361.658525695159
47664,32.675173600627716,1123.2799999992553,2361.670584385318
47665,32.675173600627716,1123.2999999992553,2361.6826428440577
47666,32.675173600627716,1123.3199999992553,2361.6947010713843
47667,32.675173600627716,1123.3399999992553,2361.7067590673046
47668,32.675173600627716,1123.3599999992553,2361.7188168318244
47669,32.675173600627716,1123.3799999992552,2361.7308743649505
47670,32.675173600627716,1123.3999999992552,2361.7429316666894
47671,32.675173600627716,1123.4199999992552,2361.7549887370474
47672,32.675173600627716,1123.4399999992552,2361.7670455760313
47673,32.675173600627716,1123.4599999992552,2361.779102183647
47674,32.675173600627716,1123.4799999992551,2361.7911585599013
47675,32.675173600627716,1123.4999999992551,2361.8032147048007
47676,32.675173600627716,1123.519999999255,2361.8152706183514
47677,32.675173600627716,1123.539999999255,2361.82732630056
47678,32.675173600627716,1123.559999999255,2361.839381751433
47679,32.675173600627716,1123.579999999255,2361.8514369709765
47680,32.675173600627716,1123.599999999255,2361.8634919591973
47681,32.675173600627716,1123.619999999255,2361.875546716102
47682,32.675173600627716,1123.639999999255,2361.8876012416963
47683,32.675173600627716,1123.659999999255,2361.8996555359877
47684,32.675173600627716,1123.679999999255,2361.911709598982
47685,32.675173600627716,1123.699999999255,2361.9237634306855
47686,32.675173600627716,1123.719999999255,2361.9358170311048
47687,32.675173600627716,1123.739999999255,2361.9478704002463
47688,32.675173600627716,1123.759999999255,2361.9599235381165
47689,32.675173600627716,1123.7799999992549,2361.9719764447223
47690,32.675173600627716,1123.7999999992549,2361.9840291200694
47691,32.675173600627716,1123.8199999992548,2361.9960815641643
47692,32.675173600627716,1123.8399999992548,2362.008133777014
47693,32.675173600627716,1123.8599999992548,2362.0201857586244
47694,32.62946957510071,1123.8799999992548,2362.0322375090022
47695,32.62946957510071,1123.8999999992548,2362.044289028154
47696,32.62946957510071,1123.9199999992547,2362.056340316086
47697,32.62946957510071,1123.9399999992547,2362.0683913728044
47698,32.62946957510071,1123.9599999992547,2362.080442198316
47699,32.62946957510071,1123.9799999992547,2362.0924927926276
47700,32.62946957510071,1123.9999999992547,2362.104543155745
47701,32.62946957510071,1124.0199999992547,2362.1165932876747
47702,32.62946957510071,1124.0399999992546,2362.128643188423
47703,32.62946957510071,1124.0599999992546,2362.1406928580286
47704,32.62946957510071,1124.0799999992546,2362.1527422968884
47705,32.62946957510071,1124.0999999992546,2362.164791505117
47706,32.62946957510071,1124.1199999992546,2362.1768404827217
47707,32.62946957510071,1124.1399999992545,2362.1888892297084
47708,32.62946957510071,1124.1599999992545,2362.2009377460836
47709,32.62946957510071,1124.1799999992545,2362.2129860318537
47710,32.62946957510071,1124.1999999992545,2362.225034087025
47711,32.62946957510071,1124.2199999992545,2362.2370819116045
47712,32.62946957510071,1124.2399999992545,2362.2491295055984
47713,32.62946957510071,1124.2599999992544,2362.261176869013
47714,32.62946957510071,1124.2799999992544,2362.273224001855
47715,32.62946957510071,1124.2999999992544,2362.2852709041304
47716,32.62946957510071,1124.3199999992544,2362.2973175758457
47717,32.62946957510071,1124.3399999992544,2362.3093640170077
47718,32.62946957510071,1124.3599999992543,2362.321410227623
47719,32.62946957510071,1124.3799999992543,2362.3334562076975
47720,32.62946957510071,1124.3999999992543,2362.345501957238
47721,32.62946957510071,1124.4199999992543,2362.3575474762506
47722,32.62946957510071,1124.4399999992543,2362.3695927647423
47723,32.62946957510071,1124.4599999992543,2362.381637822719
47724,32.62946957510071,1124.4799999992542,2362.393682650187
47725,32.62946957510071,1124.4999999992542,2362.4057272471537
47726,32.62946957510071,1124.5199999992542,2362.4177716136246
47727,32.62946957510071,1124.5399999992542,2362.429815749607
47728,32.62946957510071,1124.5599999992542,2362.4418596551063
47729,32.62946957510071,1124.5799999992541,2362.45390333013
47730,32.62946957510071,1124.5999999992541,2362.4659467746837
47731,32.62946957510071,1124.619999999254,2362.4779899887744
47732,32.62946957510071,1124.639999999254,2362.4900329724082
47733,32.62946957510071,1124.659999999254,2362.5020757255916
47734,32.62946957510071,1124.679999999254,2362.514118248331
47735,32.62946957510071,1124.699999999254,2362.5261605406336
47736,32.62946957510071,1124.719999999254,2362.538202602505
47737,32.62946957510071,1124.739999999254,2362.550244433952
47738,32.62946957510071,1124.759999999254,2362.5622860349804
47739,32.62946957510071,1124.779999999254,2362.574327405597
47740,32.62946957510071,1124.799999999254,2362.586368545809
47741,32.62946957510071,1124.819999999254,2362.598409455622
47742,32.62946957510071,1124.839999999254,2362.6104501350424
47743,32.62946957510071,1124.859999999254,2362.6224905840772
47744,32.62946957510071,1124.8799999992539,2362.6345308027326
47745,32.62946957510071,1124.8999999992539,2362.6465707910147
47746,32.62946957510071,1124.9199999992538,2362.6586105489305
47747,32.62946957510071,1124.9399999992538,2362.670650076486
47748,32.62946957510071,1124.9599999992538,2362.6826893736875
47749,32.62946957510071,1124.9799999992538,2362.694728440542
47750,32.62946957510071,1124.9999999992538,2362.706767277056
47751,32.62946957510071,1125.0199999992537,2362.7188058832353
47752,32.62946957510071,1125.0399999992537,2362.730844259087
47753,32.62946957510071,1125.0599999992537,2362.742882404617
47754,32.62946957510071,1125.0799999992537,2362.7549203198714
47755,32.62946957510071,1125.0999999992537,2362.766958005295
47756,32.62946957510071,1125.1199999992537,2362.7789954609743
47757,32.62946957510071,1125.1399999992536,2362.791032686917
47758,32.62946957510071,1125.1599999992536,2362.8030696831283
47759,32.62946957510071,1125.1799999992536,2362.8151064496155
47760,32.62946957510071,1125.1999999992536,2362.827142986385
47761,32.62946957510071,1125.2199999992536,2362.8391792934426
47762,32.62946957510071,1125.2399999992535,2362.851215370795
47763,32.62946957510071,1125.2599999992535,2362.863251218449
47764,32.62946957510071,1125.2799999992535,2362.8752868364104
47765,32.62946957510071,1125.2999999992535,2362.887322224686
47766,32.62946957510071,1125.3199999992535,2362.8993573832827
47767,32.62946957510071,1125.3399999992535,2362.9113923122063
47768,32.62946957510071,1125.3599999992534,2362.9234270114634
47769,32.62946957510071,1125.3799999992534,2362.935461481061
47770,32.62946957510071,1125.3999999992534,2362.9474957210045
47771,32.62946957510071,1125.4199999992534,2362.9595297313012
47772,32.62946957510071,1125.4399999992534,2362.9715635119574
47773,32.62946957510071,1125.4599999992533,2362.9835970629792
47774,32.62946957510071,1125.4799999992533,2362.9956303843733
47775,32.62946957510071,1125.4999999992533,2363.007663476146
47776,32.62946957510071,1125.5199999992533,2363.0196963383037
47777,32.62946957510071,1125.5399999992533,2363.0317289708532
47778,32.62946957510071,1125.5599999992533,2363.0437613738004
47779,32.62946957510071,1125.5799999992532,2363.0557935471525
47780,32.62946957510071,1125.5999999992532,2363.0678254909153
47781,32.62946957510071,1125.6199999992532,2363.0798572050953
47782,32.62946957510071,1125.6399999992532,2363.0918886896993
47783,32.62946957510071,1125.6599999992532,2363.103919944733
47784,32.62946957510071,1125.6799999992531,2363.115950970204
47785,32.62946957510071,1125.6999999992531,2363.1279817661175
47786,32.62946957510071,1125.719999999253,2363.140012332481
47787,32.62946957510071,1125.739999999253,2363.1520426693005
47788,32.62946957510071,1125.759999999253,2363.164072776582
47789,32.62946957510071,1125.779999999253,2363.1761026543327
47790,32.62946957510071,1125.799999999253,2363.1881323025586
47791,32.62946957510071,1125.819999999253,2363.2001617212663
47792,32.62946957510071,1125.839999999253,2363.212190910462
47793,32.62946957510071,1125.859999999253,2363.224219870153
47794,32.62946957510071,1125.879999999253,2363.2362486003444
47795,32.62946957510071,1125.899999999253,2363.2482771010436
47796,32.62946957510071,1125.919999999253,2363.260305372257
47797,32.62946957510071,1125.939999999253,2363.2723334139905
47798,32.62946957510071,1125.959999999253,2363.284361226251
47799,32.62946957510071,1125.9799999992529,2363.2963888090444
47800,32.62946957510071,1125.9999999992529,2363.308416162378
47801,32.62946957510071,1126.0199999992528,2363.320443286257
47802,32.62946957510071,1126.0399999992528,2363.332470180689
47803,32.62946957510071,1126.0599999992528,2363.34449684568
47804,32.62946957510071,1126.0799999992528,2363.3565232812366
47805,32.62946957510071,1126.0999999992528,2363.368549487411
47806,32.62946957510071,1126.1199999992527,2363.3805754646746
47807,32.62946957510071,1126.1399999992527,2363.392601213081
47808,32.62946957510071,1126.1599999992527,2363.404626732637
47809,32.62946957510071,1126.1799999992527,2363.4166520233493
47810,32.62946957510071,1126.1999999992527,2363.4286770852236
47811,32.62946957510071,1126.2199999992527,2363.440701918267
47812,32.62946957510071,1126.2399999992526,2363.452726522486
47813,32.62946957510071,1126.2599999992526,2363.4647508978865
47814,32.62946957510071,1126.2799999992526,2363.4767750444753
47815,32.62946957510071,1126.2999999992526,2363.488798962259
47816,32.62946957510071,1126.3199999992526,2363.5008226512437
47817,32.62946957510071,1126.3399999992525,2363.512846111436
47818,32.62946957510071,1126.3599999992525,2363.524869342842
47819,32.62946957510071,1126.3799999992525,2363.5368923454685
47820,32.62946957510071,1126.3999999992525,2363.548915119322
47821,32.62946957510071,1126.4199999992525,2363.560937664409
47822,32.62946957510071,1126.4399999992524,2363.5729599807355
47823,32.62946957510071,1126.4599999992524,2363.5849820683084
47824,32.62946957510071,1126.4799999992524,2363.5970039271338
47825,32.62946957510071,1126.4999999992524,2363.6090255572185
47826,32.62946957510071,1126.5199999992524,2363.6210469585685
47827,32.62946957510071,1126.5399999992524,2363.6330681311906
47828,32.62946957510071,1126.5599999992523,2363.645089075091
47829,32.62946957510071,1126.5799999992523,2363.6571097902765
47830,32.62946957510071,1126.5999999992523,2363.669130276753
47831,32.62946957510071,1126.6199999992523,2363.6811505345277
47832,32.62946957510071,1126.6399999992523,2363.693170563606
47833,32.62946957510071,1126.6599999992522,2363.7051903639954
47834,32.62946957510071,1126.6799999992522,2363.7172099357017
47835,32.62946957510071,1126.6999999992522,2363.7292292787315
47836,32.62946957510071,1126.7199999992522,2363.741248393091
47837,32.62946957510071,1126.7399999992522,2363.753267278787
47838,32.62946957510071,1126.7599999992522,2363.765285935826
47839,32.62946957510071,1126.7799999992521,2363.777304364214
47840,32.62946957510071,1126.7999999992521,2363.789322563958
47841,32.62946957510071,1126.819999999252,2363.8013405350644
47842,32.62946957510071,1126.839999999252,2363.813358277539
47843,32.62946957510071,1126.859999999252,2363.8253757913885
47844,32.62946957510071,1126.879999999252,2363.8373930766193
47845,32.62946957510071,1126.899999999252,2363.849410133238
47846,32.62946957510071,1126.919999999252,2363.8614269612513
47847,32.62946957510071,1126.939999999252,2363.8734435606652
47848,32.62946957510071,1126.959999999252,2363.8854599314864
47849,32.62946957510071,1126.979999999252,2363.897476073721
47850,32.62946957510071,1126.999999999252,2363.909491987376
47851,32.62946957510071,1127.019999999252,2363.921507672457
47852,32.62946957510071,1127.039999999252,2363.9335231289715
47853,32.62946957510071,1127.0599999992519,2363.945538356925
47854,32.62946957510071,1127.0799999992519,2363.9575533563248
47855,32.62946957510071,1127.0999999992518,2363.9695681271764
47856,32.62946957510071,1127.1199999992518,2363.981582669565
47857,32.62946957510071,1127.1399999992518,2363.993596983936
47858,32.62946957510071,1127.1599999992518,2364.0056110703376
47859,32.62946957510071,1127.1799999992518,2364.017624928775
47860,32.62946957510071,1127.1999999992518,2364.0296385592555
47861,32.62946957510071,1127.2199999992517,2364.041651961785
47862,32.62946957510071,1127.2399999992517,2364.0536651363705
47863,32.62946957510071,1127.2599999992517,2364.0656780830177
47864,32.62946957510071,1127.2799999992517,2364.0776908017333
47865,32.62946957510071,1127.2999999992517,2364.089703292524
47866,32.62946957510071,1127.3199999992516,2364.101715555396
47867,32.62946957510071,1127.3399999992516,2364.1137275903557
47868,32.62946957510071,1127.3599999992516,2364.1257393974097
47869,32.62946957510071,1127.3799999992516,2364.1377509765643
47870,32.62946957510071,1127.3999999992516,2364.1497623278265
47871,32.62946957510071,1127.4199999992516,2364.161773451202
47872,32.62946957510071,1127.4399999992515,2364.1737843466976
47873,32.62946957510071,1127.4599999992515,2364.18579501432
47874,32.62946957510071,1127.4799999992515,2364.197805454075
47875,32.62946957510071,1127.4999999992515,2364.2098156659695
47876,32.62946957510071,1127.5199999992515,2364.2218256500096
47877,32.62946957510071,1127.5399999992514,2364.2338354062017
47878,32.62946957510071,1127.5599999992514,2364.2458449345527
47879,32.62946957510071,1127.5799999992514,2364.257854235069
47880,32.62946957510071,1127.5999999992514,2364.2698633077566
47881,32.62946957510071,1127.6199999992514,2364.2818721526223
47882,32.62946957510071,1127.6399999992514,2364.2938807696723
47883,32.62946957510071,1127.6599999992513,2364.305889158913
47884,32.62946957510071,1127.6799999992513,2364.317897320351
47885,32.62946957510071,1127.6999999992513,2364.329905253993
47886,32.62946957510071,1127.7199999992513,2364.3419129598446
47887,32.62946957510071,1127.7399999992513,2364.353920437913
47888,32.62946957510071,1127.7599999992512,2364.3659276882045
47889,32.62946957510071,1127.7799999992512,2364.377934710725
47890,32.62946957510071,1127.7999999992512,2364.389941505482
47891,32.62946957510071,1127.8199999992512,2364.401948072481
47892,32.62946957510071,1127.8399999992512,2364.413954411729
47893,32.62946957510071,1127.8599999992512,2364.425960523232
47894,32.62946957510071,1127.8799999992511,2364.4379664069966
47895,32.62946957510071,1127.8999999992511,2364.4499720630292
47896,32.62946957510071,1127.919999999251,2364.4619774913363
47897,32.62946957510071,1127.939999999251,2364.4739826919244
47898,32.62946957510071,1127.959999999251,2364.4859876648
47899,32.62946957510071,1127.979999999251,2364.4979924099694
47900,32.62946957510071,1127.999999999251,2364.509996927439
47901,32.62946957510071,1128.019999999251,2364.522001217215
47902,32.62946957510071,1128.039999999251,2364.534005279304
47903,32.62946957510071,1128.059999999251,2364.546009113713
47904,32.62946957510071,1128.079999999251,2364.5580127204476
47905,32.62946957510071,1128.099999999251,2364.5700160995148
47906,32.62946957510071,1128.119999999251,2364.582019250921
47907,32.62946957510071,1128.139999999251,2364.5940221747837
47908,32.62946957510071,1128.1599999992509,2364.606024871527
47909,32.62946957510071,1128.1799999992509,2364.618027341191
47910,32.62946957510071,1128.1999999992508,2364.630029583782
47911,32.62946957510071,1128.2199999992508,2364.6420315993064
47912,32.62946957510071,1128.2399999992508,2364.6540333877706
47913,32.62946957510071,1128.2599999992508,2364.6660349491813
47914,32.62946957510071,1128.2799999992508,2364.6780362835443
47915,32.62946957510071,1128.2999999992508,2364.6900373908666
47916,32.62946957510071,1128.3199999992507,2364.7020382711544
47917,32.62946957510071,1128.3399999992507,2364.714038924414
47918,32.62946957510071,1128.3599999992507,2364.726039350652
47919,32.62946957510071,1128.3799999992507,2364.7380395498753
47920,32.62946957510071,1128.3999999992507,2364.7500395220895
47921,32.62946957510071,1128.4199999992506,2364.762039267301
47922,32.62946957510071,1128.4399999992506,2364.774038785517
47923,32.62946957510071,1128.4599999992506,2364.7860380767434
47924,32.62946957510071,1128.4799999992506,2364.7980371409867
47925,32.62946957510071,1128.4999999992506,2364.810035978253
47926,32.62946957510071,1128.5199999992506,2364.8220345885493
47927,32.62946957510071,1128.5399999992505,2364.8340329718817
47928,32.62946957510071,1128.5599999992505,2364.8460311282565
47929,32.62946957510071,1128.5799999992505,2364.85802905768
47930,32.62946957510071,1128.5999999992505,2364.8700267601594
47931,32.62946957510071,1128.6199999992505,2364.8820242357
47932,32.62946957510071,1128.6399999992504,2364.894021484309
47933,32.62946957510071,1128.6599999992504,2364.906018505993
47934,32.62946957510071,1128.6799999992504,2364.918015300758
47935,32.62946957510071,1128.6999999992504,2364.93001186861
47936,32.62946957510071,1128.7199999992504,2364.942008209556
47937,32.62946957510071,1128.7399999992504,2364.9540043236025
47938,32.62946957510071,1128.7599999992503,2364.9660002107553
47939,32.62946957510071,1128.7799999992503,2364.9779958710214
47940,32.62946957510071,1128.7999999992503,2364.989991304407
47941,32.62946957510071,1128.8199999992503,2365.0019865109184
47942,32.62946957510071,1128.8399999992503,2365.0139814905624
47943,32.62946957510071,1128.8599999992502,2365.025976243345
47944,32.62946957510071,1128.8799999992502,2365.0379707692728
47945,32.62946957510071,1128.8999999992502,2365.0499650683523
47946,32.62946957510071,1128.9199999992502,2365.06195914059
47947,32.62946957510071,1128.9399999992502,2365.0739529859916
47948,32.62946957510071,1128.9599999992502,2365.085946604564
47949,32.62946957510071,1128.9799999992501,2365.097939996314
47950,32.62946957510071,1128.9999999992501,2365.109933161247
47951,32.62946957510071,1129.01999999925,2365.1219260993707
47952,32.62946957510071,1129.03999999925,2365.133918810691
47953,32.62946957510071,1129.05999999925,2365.1459112952134
47954,32.62946957510071,1129.07999999925,2365.1579035529453
47955,32.62946957510071,1129.09999999925,2365.169895583893
47956,32.62946957510071,1129.11999999925,2365.181887388063
47957,32.62946957510071,1129.13999999925,2365.1938789654614
47958,32.62946957510071,1129.15999999925,2365.205870316244
47959,32.62946957510071,1129.17999999925,2365.217861440818
47960,32.58387199694717,1129.19999999925,2365.229852339219
47961,32.58387199694717,1129.21999999925,2365.241843011453
47962,32.58387199694717,1129.23999999925,2365.2538334575265
47963,32.58387199694717,1129.2599999992499,2365.265823677446
47964,32.58387199694717,1129.2799999992499,2365.2778136712177
47965,32.58387199694717,1129.2999999992498,2365.289803438848
47966,32.58387199694717,1129.3199999992498,2365.3017929803436
47967,32.58387199694717,1129.3399999992498,2365.313782295711
47968,32.58387199694717,1129.3599999992498,2365.3257713849566
47969,32.58387199694717,1129.3799999992498,2365.337760248087
47970,32.58387199694717,1129.3999999992498,2365.349748885108
47971,32.58387199694717,1129.4199999992497,2365.361737296027
47972,32.58387199694717,1129.4399999992497,2365.3737254808498
47973,32.58387199694717,1129.4599999992497,2365.385713439583
47974,32.58387199694717,1129.4799999992497,2365.397701172233
47975,32.58387199694717,1129.4999999992497,2365.4096886788066
47976,32.58387199694717,1129.5199999992496,2365.42167595931
47977,32.58387199694717,1129.5399999992496,2365.4336630137495
47978,32.58387199694717,1129.5599999992496,2365.445649842132
47979,32.58387199694717,1129.5799999992496,2365.4576364444633
47980,32.58387199694717,1129.5999999992496,2365.4696228207504
47981,32.58387199694717,1129.6199999992496,2365.4816089709993
47982,32.58387199694717,1129.6399999992495,2365.493594895217
47983,32.58387199694717,1129.6599999992495,2365.5055805934094
47984,32.58387199694717,1129.6799999992495,2365.517566065583
47985,32.58387199694717,1129.6999999992495,2365.529551311745
47986,32.58387199694717,1129.7199999992495,2365.541536331901
47987,32.58387199694717,1129.7399999992494,2365.553521126058
47988,32.58387199694717,1129.7599999992494,2365.5655056942223
47989,32.58387199694717,1129.7799999992494,2365.5774900364
47990,32.58387199694717,1129.7999999992494,2365.5894741525976
47991,32.58387199694717,1129.8199999992494,2365.601458042822
47992,32.58387199694717,1129.8399999992494,2365.6134417070793
47993,32.58387199694717,1129.8599999992493,2365.625425145376
47994,32.58387199694717,1129.8799999992493,2365.637408357719
47995,32.58387199694717,1129.8999999992493,2365.649391344114
47996,32.58387199694717,1129.9199999992493,2365.661374104568
47997,32.58387199694717,1129.9399999992493,2365.673356639087
47998,32.58387199694717,1129.9599999992492,2365.6853389476782
47999,32.58387199694717,1129.9799999992492,2365.697321030347
48000,32.58387199694717,1129.9999999992492,2365.709302887101
48001,32.58387199694717,1130.0199999992492,2365.7212845179456
48002,32.58387199694717,1130.0399999992492,2365.7332659228878
48003,32.58387199694717,1130.0599999992492,2365.7452471019337
48004,32.58387199694717,1130.0799999992491,2365.7572280550903
48005,32.58387199694717,1130.0999999992491,2365.7692087823634
48006,32.58387199694717,1130.119999999249,2365.78118928376
48007,32.58387199694717,1130.139999999249,2365.793169559286
48008,32.58387199694717,1130.159999999249,2365.8051496089483
48009,32.58387199694717,1130.179999999249,2365.81712943292
48010,32.58387199694717,1130.199999999249,2365.8291090315465
48011,32.58387199694717,1130.219999999249,2365.841088404854
48012,32.58387199694717,1130.239999999249,2365.8530675528486
48013,32.58387199694717,1130.259999999249,2365.865046475537
48014,32.58387199694717,1130.279999999249,2365.877025172925
48015,32.58387199694717,1130.299999999249,2365.8890036450202
48016,32.58387199694717,1130.319999999249,2365.900981891828
48017,32.58387199694717,1130.339999999249,2365.9129599133553
48018,32.58387199694717,1130.3599999992489,2365.9249377096085
48019,32.58387199694717,1130.3799999992489,2365.936915280594
48020,32.58387199694717,1130.3999999992488,2365.948892626318
48021,32.58387199694717,1130.4199999992488,2365.960869746787
48022,32.58387199694717,1130.4399999992488,2365.972846642008
48023,32.58387199694717,1130.4599999992488,2365.9848233119865
48024,32.58387199694717,1130.4799999992488,2365.9967997567296
48025,32.58387199694717,1130.4999999992488,2366.0087759762437
48026,32.58387199694717,1130.5199999992487,2366.020751970535
48027,32.58387199694717,1130.5399999992487,2366.03272773961
48028,32.58387199694717,1130.5599999992487,2366.044703283475
48029,32.58387199694717,1130.5799999992487,2366.056678602137
48030,32.58387199694717,1130.5999999992487,2366.0686536956014
48031,32.58387199694717,1130.6199999992486,2366.0806285638755
48032,32.58387199694717,1130.6399999992486,2366.0926032069656
48033,32.58387199694717,1130.6599999992486,2366.104577624878
48034,32.58387199694717,1130.6799999992486,2366.116551817619
48035,32.58387199694717,1130.6999999992486,2366.128525785195
48036,32.58387199694717,1130.7199999992486,2366.1404995276125
48037,32.58387199694717,1130.7399999992485,2366.152473044878
48038,32.58387199694717,1130.7599999992485,2366.164446336998
48039,32.58387199694717,1130.7799999992485,2366.176419403979
48040,32.58387199694717,1130.7999999992485,2366.188392245827
48041,32.58387199694717,1130.8199999992485,2366.2003648625487
48042,32.58387199694717,1130.8399999992484,2366.2123372541505
48043,32.58387199694717,1130.8599999992484,2366.2243094206387
48044,32.58387199694717,1130.8799999992484,2366.2362813620202
48045,32.58387199694717,1130.8999999992484,2366.248253078301
48046,32.58387199694717,1130.9199999992484,2366.2602245694875
48047,32.58387199694717,1130.9399999992484,2366.2721958355864
48048,32.58387199694717,1130.9599999992483,2366.284166876604
48049,32.58387199694717,1130.9799999992483,2366.296137692547
48050,32.58387199694717,1130.9999999992483,2366.308108283421
48051,32.58387199694717,1131.0199999992483,2366.320078649233
48052,32.58387199694717,1131.0399999992483,2366.332048789989
48053,32.58387199694717,1131.0599999992482,2366.3440187056963
48054,32.58387199694717,1131.0799999992482,2366.3559883963608
48055,32.58387199694717,1131.0999999992482,2366.3679578619885
48056,32.58387199694717,1131.1199999992482,2366.3799271025864
48057,32.58387199694717,1131.1399999992482,2366.3918961181607
48058,32.58387199694717,1131.1599999992482,2366.4038649087183
48059,32.58387199694717,1131.1799999992481,2366.415833474265
48060,32.58387199694717,1131.1999999992481,2366.4278018150144
48061,32.58387199694717,1131.219999999248,2366.439769931303
48062,32.58387199694717,1131.239999999248,2366.4517378231512
48063,32.58387199694717,1131.259999999248,2366.4637054905656
48064,32.58387199694717,1131.279999999248,2366.4756729335522
48065,32.58387199694717,1131.299999999248,2366.487640152118
48066,32.58387199694717,1131.319999999248,2366.4996071462688
48067,32.58387199694717,1131.339999999248,2366.5115739160115
48068,32.58387199694717,1131.359999999248,2366.5235404613522
48069,32.58387199694717,1131.379999999248,2366.5355067822975
48070,32.58387199694717,1131.399999999248,2366.5474728788536
48071,32.58387199694717,1131.419999999248,2366.559438751027
48072,32.58387199694717,1131.439999999248,2366.571404398824
48073,32.58387199694717,1131.4599999992479,2366.583369822252
48074,32.58387199694717,1131.4799999992479,2366.595335021316
48075,32.58387199694717,1131.4999999992478,2366.607299996023
48076,32.58387199694717,1131.5199999992478,2366.6192647463795
48077,32.58387199694717,1131.5399999992478,2366.6312292723924
48078,32.58387199694717,1131.5599999992478,2366.6431935740675
48079,32.58387199694717,1131.5799999992478,2366.655157651411
48080,32.58387199694717,1131.5999999992478,2366.6671215044303
48081,32.58387199694717,1131.6199999992477,2366.679085133131
48082,32.58387199694717,1131.6399999992477,2366.6910485375197
48083,32.58387199694717,1131.6599999992477,2366.7030117176027
48084,32.58387199694717,1131.6799999992477,2366.7149746733867
48085,32.58387199694717,1131.6999999992477,2366.7269374048783
48086,32.58387199694717,1131.7199999992476,2366.7388999120835
48087,32.58387199694717,1131.7399999992476,2366.7508621950087
48088,32.58387199694717,1131.7599999992476,2366.7628242536607
48089,32.58387199694717,1131.7799999992476,2366.774786088046
48090,32.58387199694717,1131.7999999992476,2366.78674769817
48091,32.58387199694717,1131.8199999992476,2366.79870908404
48092,32.58387199694717,1131.8399999992475,2366.8106702456625
48093,32.58387199694717,1131.8599999992475,2366.822631183044
48094,32.58387199694717,1131.8799999992475,2366.8345918961904
48095,32.58387199694717,1131.8999999992475,2366.846552385108
48096,32.58387199694717,1131.9199999992475,2366.858512649804
48097,32.58387199694717,1131.9399999992474,2366.8704726902847
48098,32.58387199694717,1131.9599999992474,2366.8824325065557
48099,32.58387199694717,1131.9799999992474,2366.894392098624
48100,32.58387199694717,1131.9999999992474,2366.906351466496
48101,32.58387199694717,1132.0199999992474,2366.9183106101777
48102,32.58387199694717,1132.0399999992474,2366.9302695296765
48103,32.58387199694717,1132.0599999992473,2366.942228224998
48104,32.58387199694717,1132.0799999992473,2366.9541866961486
48105,32.58387199694717,1132.0999999992473,2366.966144943135
48106,32.58387199694717,1132.1199999992473,2366.978102965964
48107,32.58387199694717,1132.1399999992473,2366.9900607646414
48108,32.58387199694717,1132.1599999992472,2367.002018339174
48109,32.58387199694717,1132.1799999992472,2367.013975689568
48110,32.58387199694717,1132.1999999992472,2367.0259328158295
48111,32.58387199694717,1132.2199999992472,2367.0378897182045
48112,32.58387199694717,1132.2399999992472,2367.0498463970034
48113,32.58387199694717,1132.2599999992472,2367.06180285224
48114,32.58387199694717,1132.2799999992471,2367.073759083921
48115,32.58387199694717,1132.2999999992471,2367.085715092052
48116,32.58387199694717,1132.319999999247,2367.09767087664
48117,32.58387199694717,1132.339999999247,2367.1096264376915
48118,32.58387199694717,1132.359999999247,2367.1215817752127
48119,32.58387199694717,1132.379999999247,2367.13353688921
48120,32.58387199694717,1132.399999999247,2367.14549177969
48121,32.58387199694717,1132.419999999247,2367.157446446659
48122,32.58387199694717,1132.439999999247,2367.169400890123
48123,32.58387199694717,1132.459999999247,2367.181355110089
48124,32.58387199694717,1132.479999999247,2367.1933091065634
48125,32.58387199694717,1132.499999999247,2367.2052628795523
48126,32.58387199694717,1132.519999999247,2367.2172164290623
48127,32.58387199694717,1132.539999999247,2367.2291697551
48128,32.58387199694717,1132.5599999992469,2367.2411228576716
48129,32.58387199694717,1132.5799999992469,2367.2530757367836
48130,32.58387199694717,1132.5999999992468,2367.265028392442
48131,32.58387199694717,1132.6199999992468,2367.276980824654
48132,32.58387199694717,1132.6399999992468,2367.2889330334256
48133,32.58387199694717,1132.6599999992468,2367.300885018763
48134,32.58387199694717,1132.6799999992468,2367.312836780673
48135,32.58387199694717,1132.6999999992468,2367.324788319162
48136,32.58387199694717,1132.7199999992467,2367.3367396342364
48137,32.58387199694717,1132.7399999992467,2367.3486907259025
48138,32.58387199694717,1132.7599999992467,2367.3606415941667
48139,32.58387199694717,1132.7799999992467,2367.3725922390354
48140,32.58387199694717,1132.7999999992467,2367.384542660515
48141,32.58387199694717,1132.8199999992466,2367.396492858612
48142,32.58387199694717,1132.8399999992466,2367.4084428333326
48143,32.58387199694717,1132.8599999992466,2367.4203925846837
48144,32.58387199694717,1132.8799999992466,2367.4323421126714
48145,32.58387199694717,1132.8999999992466,2367.444291417302
48146,32.58387199694717,1132.9199999992466,2367.456240498582
48147,32.58387199694717,1132.9399999992465,2367.468189356518
48148,32.58387199694717,1132.9599999992465,2367.4801379911164
48149,32.58387199694717,1132.9799999992465,2367.4920864023834
48150,32.58387199694717,1132.9999999992465,2367.504034590326
48151,32.58387199694717,1133.0199999992465,2367.5159825549495
48152,32.58387199694717,1133.0399999992464,2367.5279302962613
48153,32.58387199694717,1133.0599999992464,2367.5398778142676
48154,32.58387199694717,1133.0799999992464,2367.5518251089743
48155,32.58387199694717,1133.0999999992464,2367.5637721803882
48156,32.58387199694717,1133.1199999992464,2367.575719028516
48157,32.58387199694717,1133.1399999992464,2367.5876656533637
48158,32.58387199694717,1133.1599999992463,2367.599612054938
48159,32.58387199694717,1133.1799999992463,2367.611558233245
48160,32.58387199694717,1133.1999999992463,2367.6235041882915
48161,32.58387199694717,1133.2199999992463,2367.6354499200834
48162,32.58387199694717,1133.2399999992463,2367.647395428899
48163,32.58387199694717,1133.2599999992462,2367.6593407150226
48164,32.58387199694717,1133.2799999992462,2367.671285778461
48165,32.58387199694717,1133.2999999992462,2367.683230619221
48166,32.58387199694717,1133.3199999992462,2367.695175237309
48167,32.58387199694717,1133.3399999992462,2367.707119632731
48168,32.58387199694717,1133.3599999992462,2367.7190638054935
48169,32.58387199694717,1133.3799999992461,2367.7310077556035
48170,32.58387199694717,1133.3999999992461,2367.742951483067
48171,32.58387199694717,1133.419999999246,2367.75489498789
48172,32.58387199694717,1133.439999999246,2367.7668382700795
48173,32.58387199694717,1133.459999999246,2367.778781329642
48174,32.58387199694717,1133.479999999246,2367.7907241665835
48175,32.58387199694717,1133.499999999246,2367.8026667809104
48176,32.58387199694717,1133.519999999246,2367.8146091726294
48177,32.58387199694717,1133.539999999246,2367.826551341747
48178,32.58387199694717,1133.559999999246,2367.838493288269
48179,32.58387199694717,1133.579999999246,2367.8504350122025
48180,32.58387199694717,1133.599999999246,2367.862376513554
48181,32.58387199694717,1133.619999999246,2367.8743177923293
48182,32.58387199694717,1133.639999999246,2367.886258848535
48183,32.58387199694717,1133.6599999992459,2367.8981996821776
48184,32.58387199694717,1133.6799999992459,2367.910140293264
48185,32.58387199694717,1133.6999999992458,2367.9220806817993
48186,32.58387199694717,1133.7199999992458,2367.934020847791
48187,32.58387199694717,1133.7399999992458,2367.9459607912454
48188,32.58387199694717,1133.7599999992458,2367.957900512169
48189,32.58387199694717,1133.7799999992458,2367.969840010568
48190,32.58387199694717,1133.7999999992458,2367.9817792864487
48191,32.58387199694717,1133.8199999992457,2367.9937183398174
48192,32.58387199694717,1133.8399999992457,2368.005657170681
48193,32.58387199694717,1133.8599999992457,2368.0175957790457
48194,32.58387199694717,1133.8799999992457,2368.0295341649175
48195,32.58387199694717,1133.8999999992457,2368.0414723283034
48196,32.58387199694717,1133.9199999992456,2368.0534102692095
48197,32.58387199694717,1133.9399999992456,2368.0653479876423
48198,32.58387199694717,1133.9599999992456,2368.077285483608
48199,32.58387199694717,1133.9799999992456,2368.0892227571135
48200,32.58387199694717,1133.9999999992456,2368.101159808165
48201,32.58387199694717,1134.0199999992456,2368.1130966367687
48202,32.58387199694717,1134.0399999992455,2368.1250332429313
48203,32.58387199694717,1134.0599999992455,2368.136969626659
48204,32.58387199694717,1134.0799999992455,2368.148905787958
48205,32.58387199694717,1134.0999999992455,2368.1608417268353
48206,32.58387199694717,1134.1199999992455,2368.172777443297
48207,32.58387199694717,1134.1399999992454,2368.1847129373496
48208,32.58387199694717,1134.1599999992454,2368.1966482089992
48209,32.58387199694717,1134.1799999992454,2368.2085832582525
48210,32.58387199694717,1134.1999999992454,2368.2205180851156
48211,32.58387199694717,1134.2199999992454,2368.2324526895954
48212,32.58387199694717,1134.2399999992454,2368.244387071704
48213,32.58387199694717,1134.2599999992453,2368.2563212317596
48214,32.58387199694717,1134.2799999992453,2368.2682551700264
48215,32.58387199694717,1134.2999999992453,2368.2801888865106
48216,32.58387199694717,1134.3199999992453,2368.292122381219
48217,32.58387199694717,1134.3399999992453,2368.3040556541578
48218,32.58387199694717,1134.3599999992452,2368.3159887053334
48219,32.58387199694717,1134.3799999992452,2368.327921534752
48220,32.58387199694717,1134.3999999992452,2368.3398541424203
48221,32.58387199694717,1134.4199999992452,2368.3517865283447
48222,32.58387199694717,1134.4399999992452,2368.3637186925316
48223,32.58387199694717,1134.4599999992452,2368.3756506349873
48224,32.58387199694717,1134.4799999992451,2368.387582355718
48225,32.58387199694717,1134.4999999992451,2368.3995138547307
48226,32.58387199694717,1134.519999999245,2368.4114451320315
48227,32.538380519399055,1134.539999999245,2368.4233761876267
48228,32.538380519399055,1134.559999999245,2368.435307021523
48229,32.538380519399055,1134.579999999245,2368.447237633726
48230,32.538380519399055,1134.599999999245,2368.4591680242434
48231,32.538380519399055,1134.619999999245,2368.4710981930807
48232,32.538380519399055,1134.639999999245,2368.4830281402446
48233,32.538380519399055,1134.659999999245,2368.4949578657415
48234,32.538380519399055,1134.679999999245,2368.5068873695777
48235,32.538380519399055,1134.699999999245,2368.5188166517596
48236,32.538380519399055,1134.719999999245,2368.5307457122935
48237,32.538380519399055,1134.739999999245,2368.542674551186
48238,32.538380519399055,1134.7599999992449,2368.5546031684435
48239,32.538380519399055,1134.7799999992449,2368.5665315640726
48240,32.538380519399055,1134.7999999992448,2368.5784597380793
48241,32.538380519399055,1134.8199999992448,2368.5903876904704
48242,32.538380519399055,1134.8399999992448,2368.602315421252
48243,32.538380519399055,1134.8599999992448,2368.614242930431
48244,32.538380519399055,1134.8799999992448,2368.626170218013
48245,32.538380519399055,1134.8999999992448,2368.638097284005
48246,32.538380519399055,1134.9199999992447,2368.6500241284134
48247,32.538380519399055,1134.9399999992447,2368.661950751244
48248,32.538380519399055,1134.9599999992447,2368.6738771525042
48249,32.538380519399055,1134.9799999992447,2368.6858033321996
48250,32.538380519399055,1134.9999999992447,2368.697729290337
48251,32.538380519399055,1135.0199999992446,2368.7096550269225
48252,32.538380519399055,1135.0399999992446,2368.721580541963
48253,32.538380519399055,1135.0599999992446,2368.7335058354643
48254,32.538380519399055,1135.0799999992446,2368.7454309074333
48255,32.538380519399055,1135.0999999992446,2368.757355757876
48256,32.538380519399055,1135.1199999992446,2368.7692803867994
48257,32.538380519399055,1135.1399999992445,2368.7812047942093
48258,32.538380519399055,1135.1599999992445,2368.793128980112
48259,32.538380519399055,1135.1799999992445,2368.8050529445145
48260,32.538380519399055,1135.1999999992445,2368.816976687423
48261,32.538380519399055,1135.2199999992445,2368.8289002088436
48262,32.538380519399055,1135.2399999992444,2368.840823508783
48263,32.538380519399055,1135.2599999992444,2368.8527465872594
48264,32.538380519399055,1135.2799999992444,2368.864669444581
48265,32.538380519399055,1135.2999999992444,2368.876592080954
48266,32.538380519399055,1135.3199999992444,2368.8885144963856
48267,32.538380519399055,1135.3399999992444,2368.900436690881
48268,32.538380519399055,1135.3599999992443,2368.9123586644478
48269,32.538380519399055,1135.3799999992443,2368.9242804170917
48270,32.538380519399055,1135.3999999992443,2368.9362019488194
48271,32.538380519399055,1135.4199999992443,2368.948123259637
48272,32.538380519399055,1135.4399999992443,2368.9600443495515
48273,32.538380519399055,1135.4599999992442,2368.9719652185686
48274,32.538380519399055,1135.4799999992442,2368.983885866695
48275,32.538380519399055,1135.4999999992442,2368.9958062939368
48276,32.538380519399055,1135.5199999992442,2369.007726500301
48277,32.538380519399055,1135.5399999992442,2369.0196464857936
48278,32.538380519399055,1135.5599999992442,2369.0315662504213
48279,32.538380519399055,1135.5799999992441,2369.04348579419
48280,32.538380519399055,1135.5999999992441,2369.0554051171066
48281,32.538380519399055,1135.619999999244,2369.0673242191774
48282,32.538380519399055,1135.639999999244,2369.079243100409
48283,32.538380519399055,1135.659999999244,2369.0911617608067
48284,32.538380519399055,1135.679999999244,2369.103080200378
48285,32.538380519399055,1135.699999999244,2369.1149984191293
48286,32.538380519399055,1135.719999999244,2369.1269164170667
48287,32.538380519399055,1135.739999999244,2369.1388341941965
48288,32.538380519399055,1135.759999999244,2369.150751750525
48289,32.538380519399055,1135.779999999244,2369.1626690860594
48290,32.538380519399055,1135.799999999244,2369.174586200805
48291,32.538380519399055,1135.819999999244,2369.1865030947693
48292,32.538380519399055,1135.839999999244,2369.1984197679576
48293,32.538380519399055,1135.8599999992439,2369.210336220377
48294,32.538380519399055,1135.8799999992439,2369.222252452034
48295,32.538380519399055,1135.8999999992438,2369.2341684629346
48296,32.538380519399055,1135.9199999992438,2369.2460842530854
48297,32.538380519399055,1135.9399999992438,2369.257999822493
48298,32.538380519399055,1135.9599999992438,2369.269915171163
48299,32.538380519399055,1135.9799999992438,2369.2818302991027
48300,32.538380519399055,1135.9999999992438,2369.293745206318
48301,32.538380519399055,1136.0199999992437,2369.3056598928156
48302,32.538380519399055,1136.0399999992437,2369.3175743586016
48303,32.538380519399055,1136.0599999992437,2369.329488603683
48304,32.538380519399055,1136.0799999992437,2369.341402628065
48305,32.538380519399055,1136.0999999992437,2369.3533164317555
48306,32.538380519399055,1136.1199999992436,2369.3652300147596
48307,32.538380519399055,1136.1399999992436,2369.3771433770844
48308,32.538380519399055,1136.1599999992436,2369.389056518736
48309,32.538380519399055,1136.1799999992436,2369.4009694397214
48310,32.538380519399055,1136.1999999992436,2369.4128821400463
48311,32.538380519399055,1136.2199999992436,2369.4247946197174
48312,32.538380519399055,1136.2399999992435,2369.436706878741
48313,32.538380519399055,1136.2599999992435,2369.4486189171234
48314,32.538380519399055,1136.2799999992435,2369.4605307348897
48315,32.538380519399055,1136.2999999992435,2369.472442332392
48316,32.538380519399055,1136.3199999992435,2369.484353709816
48317,32.538380519399055,1136.3399999992434,2369.4962648671676
48318,32.538380519399055,1136.3599999992434,2369.5081758044535
48319,32.538380519399055,1136.3799999992434,2369.52008652168
48320,32.538380519399055,1136.3999999992434,2369.5319970188534
48321,32.538380519399055,1136.4199999992434,2369.5439072959803
48322,32.538380519399055,1136.4399999992434,2369.555817353067
48323,32.538380519399055,1136.4599999992433,2369.56772719012
48324,32.538380519399055,1136.4799999992433,2369.5796368071456
48325,32.538380519399055,1136.4999999992433,2369.5915462041503
48326,32.538380519399055,1136.5199999992433,2369.6034553811405
48327,32.538380519399055,1136.5399999992433,2369.6153643381226
48328,32.538380519399055,1136.5599999992432,2369.627273075103
48329,32.538380519399055,1136.5799999992432,2369.639181592088
48330,32.538380519399055,1136.5999999992432,2369.651089889084
48331,32.538380519399055,1136.6199999992432,2369.662997966097
48332,32.538380519399055,1136.6399999992432,2369.674905823134
48333,32.538380519399055,1136.6599999992432,2369.6868134602014
48334,32.538380519399055,1136.6799999992431,2369.6987208773053
48335,32.538380519399055,1136.6999999992431,2369.710628074452
48336,32.538380519399055,1136.719999999243,2369.7225350516483
48337,32.538380519399055,1136.739999999243,2369.7344418089006
48338,32.538380519399055,1136.759999999243,2369.7463483462147
48339,32.538380519399055,1136.779999999243,2369.7582546635977
48340,32.538380519399055,1136.799999999243,2369.7701607610556
48341,32.538380519399055,1136.819999999243,2369.782066638595
48342,32.538380519399055,1136.839999999243,2369.7939722962224
48343,32.538380519399055,1136.859999999243,2369.805877733944
48344,32.538380519399055,1136.879999999243,2369.817782951766
48345,32.538380519399055,1136.899999999243,2369.8296879496947
48346,32.538380519399055,1136.919999999243,2369.841592727737
48347,32.538380519399055,1136.939999999243,2369.8534972858993
48348,32.538380519399055,1136.9599999992429,2369.8654016241876
48349,32.538380519399055,1136.9799999992429,2369.8773057426083
48350,32.538380519399055,1136.9999999992428,2369.8892096411682
48351,32.538380519399055,1137.0199999992428,2369.9011133198733
48352,32.538380519399055,1137.0399999992428,2369.9130167787303
48353,32.538380519399055,1137.0599999992428,2369.9249200177455
48354,32.538380519399055,1137.0799999992428,2369.936823036925
48355,32.538380519399055,1137.0999999992428,2369.9487258362756
48356,32.538380519399055,1137.1199999992427,2369.9606284158035
48357,32.538380519399055,1137.1399999992427,2369.972530775515
48358,32.538380519399055,1137.1599999992427,2369.984432915417
48359,32.538380519399055,1137.1799999992427,2369.9963348355154
48360,32.538380519399055,1137.1999999992427,2370.008236536279
48361,32.538380519399055,1137.2199999992426,2370.0201380190547
48362,32.538380519399055,1137.2399999992426,2370.0320392839462
48363,32.538380519399055,1137.2599999992426,2370.0439403309606
48364,32.538380519399055,1137.2799999992426,2370.055841160104
48365,32.538380519399055,1137.2999999992426,2370.0677417714082
48366,32.538380519399055,1137.3199999992426,2370.079642165251
48367,32.538380519399055,1137.3399999992425,2370.0915423417855
48368,32.538380519399055,1137.3599999992425,2370.103442301019
48369,32.538380519399055,1137.3799999992425,2370.1153420429578
48370,32.538380519399055,1137.3999999992425,2370.1272415676085
48371,32.538380519399055,1137.4199999992425,2370.1391408749773
48372,32.538380519399055,1137.4399999992424,2370.151039965071
48373,32.538380519399055,1137.4599999992424,2370.162938837896
48374,32.538380519399055,1137.4799999992424,2370.174837493459
48375,32.538380519399055,1137.4999999992424,2370.1867359317666
48376,32.538380519399055,1137.5199999992424,2370.198634152825
48377,32.538380519399055,1137.5399999992424,2370.210532156641
48378,32.538380519399055,1137.5599999992423,2370.222429943221
48379,32.538380519399055,1137.5799999992423,2370.2343275125713
48380,32.538380519399055,1137.5999999992423,2370.246224864699
48381,32.538380519399055,1137.6199999992423,2370.25812199961
48382,32.538380519399055,1137.6399999992423,2370.2700189173115
48383,32.538380519399055,1137.6599999992422,2370.28191561781
48384,32.538380519399055,1137.6799999992422,2370.293812101111
48385,32.538380519399055,1137.6999999992422,2370.305708367222
48386,32.538380519399055,1137.7199999992422,2370.317604416149
48387,32.538380519399055,1137.7399999992422,2370.3295002478994
48388,32.538380519399055,1137.7599999992422,2370.3413958624787
48389,32.538380519399055,1137.7799999992421,2370.3532912598944
48390,32.538380519399055,1137.7999999992421,2370.3651864401522
48391,32.538380519399055,1137.819999999242,2370.377081403259
48392,32.538380519399055,1137.839999999242,2370.3889761492214
48393,32.538380519399055,1137.859999999242,2370.4008706780455
48394,32.538380519399055,1137.879999999242,2370.412764989738
48395,32.538380519399055,1137.899999999242,2370.424659084306
48396,32.538380519399055,1137.919999999242,2370.4365529617553
48397,32.538380519399055,1137.939999999242,2370.448446622093
48398,32.538380519399055,1137.959999999242,2370.460340065325
48399,32.538380519399055,1137.979999999242,2370.4722332914585
48400,32.538380519399055,1137.999999999242,2370.4841263004996
48401,32.538380519399055,1138.019999999242,2370.496019092455
48402,32.538380519399055,1138.039999999242,2370.507911667331
48403,32.538380519399055,1138.0599999992419,2370.5198040251344
48404,32.538380519399055,1138.0799999992419,2370.5316961658714
48405,32.538380519399055,1138.0999999992418,2370.543588089549
48406,32.538380519399055,1138.1199999992418,2370.555479796173
48407,32.538380519399055,1138.1399999992418,2370.567371285751
48408,32.538380519399055,1138.1599999992418,2370.579262558289
48409,32.538380519399055,1138.1799999992418,2370.5911536137933
48410,32.538380519399055,1138.1999999992418,2370.6030444522703
48411,32.538380519399055,1138.2199999992417,2370.614935073727
48412,32.538380519399055,1138.2399999992417,2370.62682547817
48413,32.538380519399055,1138.2599999992417,2370.638715665605
48414,32.538380519399055,1138.2799999992417,2370.6506056360395
48415,32.538380519399055,1138.2999999992417,2370.66249538948
48416,32.538380519399055,1138.3199999992416,2370.6743849259633
48417,32.538380519399055,1138.3399999992416,2370.6862742458943
48418,32.538380519399055,1138.3599999992416,2370.698163349394
48419,32.538380519399055,1138.3799999992416,2370.710052236469
48420,32.538380519399055,1138.3999999992416,2370.721940907126
48421,32.538380519399055,1138.4199999992416,2370.733829361371
48422,32.538380519399055,1138.4399999992415,2370.7457175992113
48423,32.538380519399055,1138.4599999992415,2370.757605620653
48424,32.538380519399055,1138.4799999992415,2370.769493425703
48425,32.538380519399055,1138.4999999992415,2370.7813810143675
48426,32.538380519399055,1138.5199999992415,2370.793268386653
48427,32.538380519399055,1138.5399999992414,2370.805155542566
48428,32.538380519399055,1138.5599999992414,2370.8170424821133
48429,32.538380519399055,1138.5799999992414,2370.8289292053014
48430,32.538380519399055,1138.5999999992414,2370.8408157121366
48431,32.538380519399055,1138.6199999992414,2370.852702002626
48432,32.538380519399055,1138.6399999992414,2370.8645880767754
48433,32.538380519399055,1138.6599999992413,2370.8764739345916
48434,32.538380519399055,1138.6799999992413,2370.888359576081
48435,32.538380519399055,1138.6999999992413,2370.90024500125
48436,32.538380519399055,1138.7199999992413,2370.9121302101057
48437,32.538380519399055,1138.7399999992413,2370.9240152026546
48438,32.538380519399055,1138.7599999992412,2370.935899978903
48439,32.538380519399055,1138.7799999992412,2370.947784538857
48440,32.538380519399055,1138.7999999992412,2370.9596688825236
48441,32.538380519399055,1138.8199999992412,2370.9715530099093
48442,32.538380519399055,1138.8399999992412,2370.9834369210207
48443,32.538380519399055,1138.8599999992412,2370.9953206158643
48444,32.538380519399055,1138.8799999992411,2371.0072040944465
48445,32.538380519399055,1138.8999999992411,2371.0190873567735
48446,32.538380519399055,1138.919999999241,2371.0309704028523
48447,32.538380519399055,1138.939999999241,2371.0428532326896
48448,32.538380519399055,1138.959999999241,2371.0547358462914
48449,32.538380519399055,1138.979999999241,2371.0666182436644
48450,32.538380519399055,1138.999999999241,2371.0785004248155
48451,32.538380519399055,1139.019999999241,2371.090382389751
48452,32.538380519399055,1139.039999999241,2371.1022641384775
48453,32.538380519399055,1139.059999999241,2371.114145671001
48454,32.538380519399055,1139.079999999241,2371.1260269873287
48455,32.538380519399055,1139.099999999241,2371.1379080874667
48456,32.538380519399055,1139.119999999241,2371.149788971422
48457,32.538380519399055,1139.139999999241,2371.1616696392
48458,32.538380519399055,1139.1599999992409,2371.173550090809
48459,32.538380519399055,1139.1799999992409,2371.185430326254
48460,32.538380519399055,1139.1999999992408,2371.197310345542
48461,32.538380519399055,1139.2199999992408,2371.2091901486797
48462,32.538380519399055,1139.2399999992408,2371.2210697356736
48463,32.538380519399055,1139.2599999992408,2371.23294910653
48464,32.538380519399055,1139.2799999992408,2371.244828261256
48465,32.538380519399055,1139.2999999992408,2371.2567071998574
48466,32.538380519399055,1139.3199999992407,2371.268585922341
48467,32.538380519399055,1139.3399999992407,2371.2804644287535
48468,32.538380519399055,1139.3599999992407,2371.292342719546
48469,32.538380519399055,1139.3799999992407,2371.3042207948133
48470,32.538380519399055,1139.3999999992407,2371.3160986545613
48471,32.538380519399055,1139.4199999992406,2371.327976298797
48472,32.538380519399055,1139.4399999992406,2371.3398537275266
48473,32.538380519399055,1139.4599999992406,2371.351730940757
48474,32.538380519399055,1139.4799999992406,2371.3636079384946
48475,32.538380519399055,1139.4999999992406,2371.3754847207456
48476,32.538380519399055,1139.5199999992406,2371.387361287517
48477,32.538380519399055,1139.5399999992405,2371.3992376388146
48478,32.538380519399055,1139.5599999992405,2371.411113774646
48479,32.538380519399055,1139.5799999992405,2371.422989695017
48480,32.538380519399055,1139.5999999992405,2371.434865399934
48481,32.538380519399055,1139.6199999992405,2371.4467408894043
48482,32.538380519399055,1139.6399999992404,2371.458616163434
48483,32.538380519399055,1139.6599999992404,2371.470491222029
48484,32.538380519399055,1139.6799999992404,2371.482366065197
48485,32.538380519399055,1139.6999999992404,2371.4942406929435
48486,32.538380519399055,1139.7199999992404,2371.5061151052755
48487,32.538380519399055,1139.7399999992404,2371.5179893021996
48488,32.538380519399055,1139.7599999992403,2371.529863283722
48489,32.538380519399055,1139.7799999992403,2371.5417370498494
48490,32.538380519399055,1139.7999999992403,2371.5536106005884
48491,32.538380519399055,1139.8199999992403,2371.5654839359454
48492,32.538380519399055,1139.8399999992403,2371.577357055927
48493,32.538380519399055,1139.8599999992402,2371.58922996054
48494,32.538380519399055,1139.8799999992402,2371.6011026497904
48495,32.538380519399055,1139.8999999992402,2371.612975123685
48496,32.538380519399055,1139.9199999992402,2371.62484738223
48497,32.538380519399055,1139.9399999992402,2371.6367194254326
48498,32.538380519399055,1139.9599999992402,2371.648591253299
48499,32.4929947971394,1139.9799999992401,2371.6604628658356
48500,32.4929947971394,1139.9999999992401,2371.672334263049
48501,32.4929947971394,1140.01999999924,2371.6842054449457
48502,32.4929947971394,1140.03999999924,2371.6960764115324
48503,32.4929947971394,1140.05999999924,2371.7079471628153
48504,32.4929947971394,1140.07999999924,2371.7198176988013
48505,32.4929947971394,1140.09999999924,2371.7316880194967
48506,32.4929947971394,1140.11999999924,2371.743558124908
48507,32.4929947971394,1140.13999999924,2371.7554280150416
48508,32.4929947971394,1140.15999999924,2371.7672976899044
48509,32.4929947971394,1140.17999999924,2371.7791671495024
48510,32.4929947971394,1140.19999999924,2371.7910363938427
48511,32.4929947971394,1140.21999999924,2371.8029054229314
48512,32.4929947971394,1140.23999999924,2371.814774236775
48513,32.4929947971394,1140.2599999992399,2371.8266428353804
48514,32.4929947971394,1140.2799999992399,2371.838511218754
48515,32.4929947971394,1140.2999999992398,2371.850379386902
48516,32.4929947971394,1140.3199999992398,2371.8622473398314
48517,32.4929947971394,1140.3399999992398,2371.874115077548
48518,32.4929947971394,1140.3599999992398,2371.8859826001008
48519,32.4929947971394,1140.3799999992398,2371.8978499079176
48520,32.4929947971394,1140.3999999992398,2371.9097170010527
48521,32.4929947971394,1140.4199999992397,2371.921583879513
48522,32.4929947971394,1140.4399999992397,2371.933450543305
48523,32.4929947971394,1140.4599999992397,2371.9453169924345
48524,32.4929947971394,1140.4799999992397,2371.957183226909
48525,32.4929947971394,1140.4999999992397,2371.9690492467344
48526,32.4929947971394,1140.5199999992396,2371.9809150519172
48527,32.4929947971394,1140.5399999992396,2371.9927806424644
48528,32.4929947971394,1140.5599999992396,2372.004646018382
48529,32.4929947971394,1140.5799999992396,2372.016511179677
48530,32.4929947971394,1140.5999999992396,2372.0283761263554
48531,32.4929947971394,1140.6199999992396,2372.040240858424
48532,32.4929947971394,1140.6399999992395,2372.05210537589
48533,32.4929947971394,1140.6599999992395,2372.0639696787584
48534,32.4929947971394,1140.6799999992395,2372.075833767037
48535,32.4929947971394,1140.6999999992395,2372.0876976407317
48536,32.4929947971394,1140.7199999992395,2372.0995612998495
48537,32.4929947971394,1140.7399999992394,2372.1114247443966
48538,32.4929947971394,1140.7599999992394,2372.1232879743793
48539,32.4929947971394,1140.7799999992394,2372.1351509898045
48540,32.4929947971394,1140.7999999992394,2372.1470137906786
48541,32.4929947971394,1140.8199999992394,2372.1588763770083
48542,32.4929947971394,1140.8399999992394,2372.1707387488
48543,32.4929947971394,1140.8599999992393,2372.18260090606
48544,32.4929947971394,1140.8799999992393,2372.194462848795
48545,32.4929947971394,1140.8999999992393,2372.2063245770114
48546,32.4929947971394,1140.9199999992393,2372.2181860907162
48547,32.4929947971394,1140.9399999992393,2372.2300473899154
48548,32.4929947971394,1140.9599999992392,2372.2419084746157
48549,32.4929947971394,1140.9799999992392,2372.2537693448235
48550,32.4929947971394,1140.9999999992392,2372.2656300005456
48551,32.4929947971394,1141.0199999992392,2372.2774904417884
48552,32.4929947971394,1141.0399999992392,2372.289350668558
48553,32.4929947971394,1141.0599999992392,2372.301210680862
48554,32.4929947971394,1141.0799999992391,2372.3130704787054
48555,32.4929947971394,1141.0999999992391,2372.324930062096
48556,32.4929947971394,1141.119999999239,2372.3367894310395
48557,32.4929947971394,1141.139999999239,2372.348648585543
48558,32.4929947971394,1141.159999999239,2372.3605075256123
48559,32.4929947971394,1141.179999999239,2372.372366251255
48560,32.4929947971394,1141.199999999239,2372.3842247624766
48561,32.4929947971394,1141.219999999239,2372.396083059284
48562,32.4929947971394,1141.239999999239,2372.407941141684
48563,32.4929947971394,1141.259999999239,2372.419799009683
48564,32.4929947971394,1141.279999999239,2372.4316566632874
48565,32.4929947971394,1141.299999999239,2372.4435141025037
48566,32.4929947971394,1141.319999999239,2372.4553713273385
48567,32.4929947971394,1141.339999999239,2372.467228337798
48568,32.4929947971394,1141.3599999992389,2372.479085133889
48569,32.4929947971394,1141.3799999992389,2372.4909417156887
48570,32.4929947971394,1141.3999999992388,2372.5027980836308
48571,32.4929947971394,1141.4199999992388,2372.514654237761
48572,32.4929947971394,1141.4399999992388,2372.5265101780865
48573,32.4929947971394,1141.4599999992388,2372.538365904613
48574,32.4929947971394,1141.4799999992388,2372.5502214173475
48575,32.4929947971394,1141.4999999992388,2372.5620767162964
48576,32.4929947971394,1141.5199999992387,2372.573931801466
48577,32.4929947971394,1141.5399999992387,2372.5857866728634
48578,32.4929947971394,1141.5599999992387,2372.5976413304948
48579,32.4929947971394,1141.5799999992387,2372.6094957743667
48580,32.4929947971394,1141.5999999992387,2372.6213500044855
48581,32.4929947971394,1141.6199999992386,2372.6332040208576
48582,32.4929947971394,1141.6399999992386,2372.64505782349
48583,32.4929947971394,1141.6599999992386,2372.656911412389
48584,32.4929947971394,1141.6799999992386,2372.668764787561
48585,32.4929947971394,1141.6999999992386,2372.6806179490127
48586,32.4929947971394,1141.7199999992386,2372.6924708967504
48587,32.4929947971394,1141.7399999992385,2372.704323630781
48588,32.4929947971394,1141.7599999992385,2372.7161761511106
48589,32.4929947971394,1141.7799999992385,2372.728028457746
48590,32.4929947971394,1141.7999999992385,2372.7398805506937
48591,32.4929947971394,1141.8199999992385,2372.75173242996
48592,32.4929947971394,1141.8399999992384,2372.763584095552
48593,32.4929947971394,1141.8599999992384,2372.7754355474754
48594,32.4929947971394,1141.8799999992384,2372.787286785737
48595,32.4929947971394,1141.8999999992384,2372.7991378103434
48596,32.4929947971394,1141.9199999992384,2372.810988621301
48597,32.4929947971394,1141.9399999992384,2372.8228392186165
48598,32.4929947971394,1141.9599999992383,2372.8346896022963
48599,32.4929947971394,1141.9799999992383,2372.846539772347
48600,32.4929947971394,1141.9999999992383,2372.8583897287754
48601,32.4929947971394,1142.0199999992383,2372.8702394715874
48602,32.4929947971394,1142.0399999992383,2372.88208900079
48603,32.4929947971394,1142.0599999992382,2372.8939383163897
48604,32.4929947971394,1142.0799999992382,2372.9057874183927
48605,32.4929947971394,1142.0999999992382,2372.917636306806
48606,32.4929947971394,1142.1199999992382,2372.9294849816356
48607,32.4929947971394,1142.1399999992382,2372.941333442888
48608,32.4929947971394,1142.1599999992382,2372.95318169057
48609,32.4929947971394,1142.1799999992381,2372.965029724688
48610,32.4929947971394,1142.1999999992381,2372.9768775452485
48611,32.4929947971394,1142.219999999238,2372.988725152258
48612,32.4929947971394,1142.239999999238,2373.0005725457236
48613,32.4929947971394,1142.259999999238,2373.012419725651
48614,32.4929947971394,1142.279999999238,2373.024266692047
48615,32.4929947971394,1142.299999999238,2373.036113444918
48616,32.4929947971394,1142.319999999238,2373.047959984271
48617,32.4929947971394,1142.339999999238,2373.059806310112
48618,32.4929947971394,1142.359999999238,2373.0716524224476
48619,32.4929947971394,1142.379999999238,2373.0834983212844
48620,32.4929947971394,1142.399999999238,2373.0953440067315
48621,32.4929947971394,1142.419999999238,2373.1071894791967
48622,32.4929947971394,1142.439999999238,2373.1190347387196
48623,32.4929947971394,1142.4599999992379,2373.1308797853067
48624,32.4929947971394,1142.4799999992379,2373.1427246189646
48625,32.4929947971394,1142.4999999992378,2373.1545692397
48626,32.4929947971394,1142.5199999992378,2373.166413647519
48627,32.4929947971394,1142.5399999992378,2373.178257842429
48628,32.4929947971394,1142.5599999992378,2373.1901018244357
48629,32.4929947971394,1142.5799999992378,2373.2019455935456
48630,32.4929947971394,1142.5999999992378,2373.2137891497655
48631,32.4929947971394,1142.6199999992377,2373.225632493102
48632,32.4929947971394,1142.6399999992377,2373.2374756235613
48633,32.4929947971394,1142.6599999992377,2373.2493185411504
48634,32.4929947971394,1142.6799999992377,2373.2611612458754
48635,32.4929947971394,1142.6999999992377,2373.273003737743
48636,32.4929947971394,1142.7199999992376,2373.2848460167593
48637,32.4929947971394,1142.7399999992376,2373.2966880829313
48638,32.4929947971394,1142.7599999992376,2373.3085299362656
48639,32.4929947971394,1142.7799999992376,2373.320371576768
48640,32.4929947971394,1142.7999999992376,2373.332213004446
48641,32.4929947971394,1142.8199999992376,2373.3440542193057
48642,32.4929947971394,1142.8399999992375,2373.3558952213534
48643,32.4929947971394,1142.8599999992375,2373.3677360105958
48644,32.4929947971394,1142.8799999992375,2373.379576587039
48645,32.4929947971394,1142.8999999992375,2373.39141695069
48646,32.4929947971394,1142.9199999992375,2373.4032571015555
48647,32.4929947971394,1142.9399999992374,2373.4150970396418
48648,32.4929947971394,1142.9599999992374,2373.426936764955
48649,32.4929947971394,1142.9799999992374,2373.4387762775023
48650,32.4929947971394,1142.9999999992374,2373.4506155772897
48651,32.4929947971394,1143.0199999992374,2373.462454664324
48652,32.4929947971394,1143.0399999992374,2373.4742935386116
48653,32.4929947971394,1143.0599999992373,2373.486132200159
48654,32.4929947971394,1143.0799999992373,2373.4979706489726
48655,32.4929947971394,1143.0999999992373,2373.509808885059
48656,32.4929947971394,1143.1199999992373,2373.521646908425
48657,32.4929947971394,1143.1399999992373,2373.5334847190766
48658,32.4929947971394,1143.1599999992372,2373.5453223170207
48659,32.4929947971394,1143.1799999992372,2373.5571597022636
48660,32.4929947971394,1143.1999999992372,2373.568996874812
48661,32.4929947971394,1143.2199999992372,2373.5808338346724
48662,32.4929947971394,1143.2399999992372,2373.592670581851
48663,32.4929947971394,1143.2599999992372,2373.604507116355
48664,32.4929947971394,1143.2799999992371,2373.6163434381897
48665,32.4929947971394,1143.2999999992371,2373.628179547363
48666,32.4929947971394,1143.319999999237,2373.64001544388
48667,32.4929947971394,1143.339999999237,2373.6518511277486
48668,32.4929947971394,1143.359999999237,2373.6636865989744
48669,32.4929947971394,1143.379999999237,2373.6755218575645
48670,32.4929947971394,1143.399999999237,2373.687356903525
48671,32.4929947971394,1143.419999999237,2373.699191736997
48672,32.4929947971394,1143.439999999237,2373.711026358362
48673,32.4929947971394,1143.459999999237,2373.722860767654
48674,32.4929947971394,1143.479999999237,2373.734694964879
48675,32.4929947971394,1143.499999999237,2373.746528950044
48676,32.4929947971394,1143.519999999237,2373.7583627231556
48677,32.4929947971394,1143.539999999237,2373.77019628422
48678,32.4929947971394,1143.5599999992369,2373.7820296332443
48679,32.4929947971394,1143.5799999992369,2373.793862770234
48680,32.4929947971394,1143.5999999992368,2373.8056956951964
48681,32.4929947971394,1143.6199999992368,2373.8175284081376
48682,32.4929947971394,1143.6399999992368,2373.8293609090642
48683,32.4929947971394,1143.6599999992368,2373.841193197983
48684,32.4929947971394,1143.6799999992368,2373.8530252749006
48685,32.4929947971394,1143.6999999992368,2373.864857139823
48686,32.4929947971394,1143.7199999992367,2373.876688792757
48687,32.4929947971394,1143.7399999992367,2373.8885202337087
48688,32.4929947971394,1143.7599999992367,2373.900351462685
48689,32.4929947971394,1143.7799999992367,2373.912182479693
48690,32.4929947971394,1143.7999999992367,2373.9240132847385
48691,32.4929947971394,1143.8199999992366,2373.935843877828
48692,32.4929947971394,1143.8399999992366,2373.947674258968
48693,32.4929947971394,1143.8599999992366,2373.9595044281655
48694,32.4929947971394,1143.8799999992366,2373.9713343854264
48695,32.4929947971394,1143.8999999992366,2373.9831641307574
48696,32.4929947971394,1143.9199999992366,2373.994993664165
48697,32.4929947971394,1143.9399999992365,2374.006822985656
48698,32.4929947971394,1143.9599999992365,2374.0186520952366
48699,32.4929947971394,1143.9799999992365,2374.0304809929135
48700,32.4929947971394,1143.9999999992365,2374.042309678693
48701,32.4929947971394,1144.0199999992365,2374.054138152582
48702,32.4929947971394,1144.0399999992364,2374.0659664145865
48703,32.4929947971394,1144.0599999992364,2374.0777944647134
48704,32.4929947971394,1144.0799999992364,2374.089622302969
48705,32.4929947971394,1144.0999999992364,2374.1014499293597
48706,32.4929947971394,1144.1199999992364,2374.113277343892
48707,32.4929947971394,1144.1399999992364,2374.125104546573
48708,32.4929947971394,1144.1599999992363,2374.1369315374086
48709,32.4929947971394,1144.1799999992363,2374.1487583164057
48710,32.4929947971394,1144.1999999992363,2374.1605848835707
48711,32.4929947971394,1144.2199999992363,2374.1724112389097
48712,32.4929947971394,1144.2399999992363,2374.1842373824297
48713,32.4929947971394,1144.2599999992362,2374.196063314137
48714,32.4929947971394,1144.2799999992362,2374.2078890340385
48715,32.4929947971394,1144.2999999992362,2374.21971454214
48716,32.4929947971394,1144.3199999992362,2374.2315398384485
48717,32.4929947971394,1144.3399999992362,2374.2433649229706
48718,32.4929947971394,1144.3599999992362,2374.2551897957123
48719,32.4929947971394,1144.3799999992361,2374.2670144566805
48720,32.4929947971394,1144.3999999992361,2374.2788389058815
48721,32.4929947971394,1144.419999999236,2374.290663143322
48722,32.4929947971394,1144.439999999236,2374.302487169182
48723,32.4929947971394,1144.459999999236,2374.3143109838334
48724,32.4929947971394,1144.479999999236,2374.3261345873048
48725,32.4929947971394,1144.499999999236,2374.3379579796024
48726,32.4929947971394,1144.519999999236,2374.349781160733
48727,32.4929947971394,1144.539999999236,2374.3616041307027
48728,32.4929947971394,1144.559999999236,2374.373426889518
48729,32.4929947971394,1144.579999999236,2374.3852494371863
48730,32.4929947971394,1144.599999999236,2374.397071773713
48731,32.4929947971394,1144.619999999236,2374.408893899105
48732,32.4929947971394,1144.639999999236,2374.4207158133686
48733,32.4929947971394,1144.6599999992359,2374.4325375165104
48734,32.4929947971394,1144.6799999992359,2374.444359008537
48735,32.4929947971394,1144.6999999992358,2374.4561802894546
48736,32.4929947971394,1144.7199999992358,2374.46800135927
48737,32.4929947971394,1144.7399999992358,2374.4798222179897
48738,32.4929947971394,1144.7599999992358,2374.49164286562
48739,32.4929947971394,1144.7799999992358,2374.5034633021673
48740,32.4929947971394,1144.7999999992358,2374.5152835276385
48741,32.4929947971394,1144.8199999992357,2374.5271035420396
48742,32.4929947971394,1144.8399999992357,2374.5389233453775
48743,32.4929947971394,1144.8599999992357,2374.5507429376585
48744,32.4929947971394,1144.8799999992357,2374.562562318889
48745,32.4929947971394,1144.8999999992357,2374.574381489075
48746,32.4929947971394,1144.9199999992356,2374.586200448224
48747,32.4929947971394,1144.9399999992356,2374.598019196342
48748,32.4929947971394,1144.9599999992356,2374.6098377334356
48749,32.4929947971394,1144.9799999992356,2374.621656059511
48750,32.4929947971394,1144.9999999992356,2374.6334741745754
48751,32.4929947971394,1145.0199999992356,2374.6452920786346
48752,32.4929947971394,1145.0399999992355,2374.657109771695
48753,32.4929947971394,1145.0599999992355,2374.6689272537633
48754,32.4929947971394,1145.0799999992355,2374.680744524846
48755,32.4929947971394,1145.0999999992355,2374.6925615849495
48756,32.4929947971394,1145.1199999992355,2374.704378434081
48757,32.4929947971394,1145.1399999992354,2374.7161950722457
48758,32.4929947971394,1145.1599999992354,2374.728011499451
48759,32.4929947971394,1145.1799999992354,2374.739827715703
48760,32.4929947971394,1145.1999999992354,2374.751643721009
48761,32.4929947971394,1145.2199999992354,2374.763459515374
48762,32.4929947971394,1145.2399999992354,2374.7752750988057
48763,32.4929947971394,1145.2599999992353,2374.78709047131
48764,32.4929947971394,1145.2799999992353,2374.7989056328934
48765,32.4929947971394,1145.2999999992353,2374.8107205835627
48766,32.4929947971394,1145.3199999992353,2374.8225353233242
48767,32.44771448629486,1145.3399999992353,2374.8343498521845
48768,32.44771448629486,1145.3599999992352,2374.84616417015
48769,32.44771448629486,1145.3799999992352,2374.857978277227
48770,32.44771448629486,1145.3999999992352,2374.8697921734224
48771,32.44771448629486,1145.4199999992352,2374.881605858742
48772,32.44771448629486,1145.4399999992352,2374.8934193331934
48773,32.44771448629486,1145.4599999992352,2374.9052325969706
48774,32.44771448629486,1145.4799999992351,2374.9170456503907
48775,32.44771448629486,1145.4999999992351,2374.9288584934743
48776,32.44771448629486,1145.519999999235,2374.9406711262277
48777,32.44771448629486,1145.539999999235,2374.9524835486573
48778,32.44771448629486,1145.559999999235,2374.96429576077
48779,32.44771448629486,1145.579999999235,2374.9761077625717
48780,32.44771448629486,1145.599999999235,2374.9879195540693
48781,32.44771448629486,1145.619999999235,2374.9997311352695
48782,32.44771448629486,1145.639999999235,2375.0115425061786
48783,32.44771448629486,1145.659999999235,2375.023353666803
48784,32.44771448629486,1145.679999999235,2375.0351646171493
48785,32.44771448629486,1145.699999999235,2375.0469753572243
48786,32.44771448629486,1145.719999999235,2375.0587858870344
48787,32.44771448629486,1145.739999999235,2375.0705962065863
48788,32.44771448629486,1145.7599999992349,2375.082406315886
48789,32.44771448629486,1145.7799999992349,2375.094216214941
48790,32.44771448629486,1145.7999999992348,2375.1060259037567
48791,32.44771448629486,1145.8199999992348,2375.11783538234
48792,32.44771448629486,1145.8399999992348,2375.129644650698
48793,32.44771448629486,1145.8599999992348,2375.1414537088367
48794,32.44771448629486,1145.8799999992348,2375.153262556763
48795,32.44771448629486,1145.8999999992348,2375.165071194483
48796,32.44771448629486,1145.9199999992347,2375.1768796220035
48797,32.44771448629486,1145.9399999992347,2375.188687839331
48798,32.44771448629486,1145.9599999992347,2375.200495846472
48799,32.44771448629486,1145.9799999992347,2375.212303643433
48800,32.44771448629486,1145.9999999992347,2375.224111230221
48801,32.44771448629486,1146.0199999992346,2375.2359186068416
48802,32.44771448629486,1146.0399999992346,2375.2477257733017
48803,32.44771448629486,1146.0599999992346,2375.259532729608
48804,32.44771448629486,1146.0799999992346,2375.271339475767
48805,32.44771448629486,1146.0999999992346,2375.283146011785
48806,32.44771448629486,1146.1199999992346,2375.2949523376687
48807,32.44771448629486,1146.1399999992345,2375.3067584534247
48808,32.44771448629486,1146.1599999992345,2375.3185643590596
48809,32.44771448629486,1146.1799999992345,2375.33037005458
48810,32.44771448629486,1146.1999999992345,2375.342175539992
48811,32.44771448629486,1146.2199999992345,2375.3539808153023
48812,32.44771448629486,1146.2399999992344,2375.3657858805177
48813,32.44771448629486,1146.2599999992344,2375.3775907356444
48814,32.44771448629486,1146.2799999992344,2375.389395380689
48815,32.44771448629486,1146.2999999992344,2375.4011998156584
48816,32.44771448629486,1146.3199999992344,2375.4130040405585
48817,32.44771448629486,1146.3399999992344,2375.424808055396
48818,32.44771448629486,1146.3599999992343,2375.436611860178
48819,32.44771448629486,1146.3799999992343,2375.4484154549104
48820,32.44771448629486,1146.3999999992343,2375.4602188396
48821,32.44771448629486,1146.4199999992343,2375.4720220142535
48822,32.44771448629486,1146.4399999992343,2375.483824978877
48823,32.44771448629486,1146.4599999992342,2375.495627733477
48824,32.44771448629486,1146.4799999992342,2375.507430278284
48825,32.44771448629486,1146.4999999992342,2375.5192326135975
48826,32.44771448629486,1146.5199999992342,2375.5310347394316
48827,32.44771448629486,1146.5399999992342,2375.542836655793
48828,32.44771448629486,1146.5599999992342,2375.554638362688
48829,32.44771448629486,1146.5799999992341,2375.566439860123
48830,32.44771448629486,1146.5999999992341,2375.5782411481046
48831,32.44771448629486,1146.619999999234,2375.5900422266395
48832,32.44771448629486,1146.639999999234,2375.601843095734
48833,32.44771448629486,1146.659999999234,2375.613643755394
48834,32.44771448629486,1146.679999999234,2375.6254442056274
48835,32.44771448629486,1146.699999999234,2375.6372444464396
48836,32.44771448629486,1146.719999999234,2375.6490444778374
48837,32.44771448629486,1146.739999999234,2375.6608442998277
48838,32.44771448629486,1146.759999999234,2375.6726439124163
48839,32.44771448629486,1146.779999999234,2375.68444331561
48840,32.44771448629486,1146.799999999234,2375.6962425094157
48841,32.44771448629486,1146.819999999234,2375.7080414938396
48842,32.44771448629486,1146.839999999234,2375.719840268888
48843,32.44771448629486,1146.8599999992339,2375.731638834568
48844,32.44771448629486,1146.8799999992339,2375.7434371908853
48845,32.44771448629486,1146.8999999992338,2375.755235337847
48846,32.44771448629486,1146.9199999992338,2375.767033275459
48847,32.44771448629486,1146.9399999992338,2375.7788310037286
48848,32.44771448629486,1146.9599999992338,2375.790628522662
48849,32.44771448629486,1146.9799999992338,2375.8024258322653
48850,32.44771448629486,1146.9999999992338,2375.8142229325454
48851,32.44771448629486,1147.0199999992337,2375.826019823509
48852,32.44771448629486,1147.0399999992337,2375.8378165051618
48853,32.44771448629486,1147.0599999992337,2375.8496129775112
48854,32.44771448629486,1147.0799999992337,2375.8614092405633
48855,32.44771448629486,1147.0999999992337,2375.8732052943246
48856,32.44771448629486,1147.1199999992336,2375.8850011388017
48857,32.44771448629486,1147.1399999992336,2375.896796774001
48858,32.44771448629486,1147.1599999992336,2375.908592199929
48859,32.44771448629486,1147.1799999992336,2375.920387416592
48860,32.44771448629486,1147.1999999992336,2375.932182423997
48861,32.44771448629486,1147.2199999992336,2375.94397722215
48862,32.44771448629486,1147.2399999992335,2375.9557718110577
48863,32.44771448629486,1147.2599999992335,2375.9675661907268
48864,32.44771448629486,1147.2799999992335,2375.9793603611633
48865,32.44771448629486,1147.2999999992335,2375.9911543223743
48866,32.44771448629486,1147.3199999992335,2376.002948074366
48867,32.44771448629486,1147.3399999992334,2376.014741617145
48868,32.44771448629486,1147.3599999992334,2376.0265349507176
48869,32.44771448629486,1147.3799999992334,2376.0383280750907
48870,32.44771448629486,1147.3999999992334,2376.0501209902704
48871,32.44771448629486,1147.4199999992334,2376.061913696263
48872,32.44771448629486,1147.4399999992334,2376.073706193076
48873,32.44771448629486,1147.4599999992333,2376.0854984807147
48874,32.44771448629486,1147.4799999992333,2376.097290559186
48875,32.44771448629486,1147.4999999992333,2376.1090824287544
48876,32.44771448629486,1147.5199999992333,2376.1208740896973
48877,32.44771448629486,1147.5399999992333,2376.1326655420226
48878,32.44771448629486,1147.5599999992332,2376.1444567857366
48879,32.44771448629486,1147.5799999992332,2376.156247820846
48880,32.44771448629486,1147.5999999992332,2376.1680386473577
48881,32.44771448629486,1147.6199999992332,2376.1798292652775
48882,32.44771448629486,1147.6399999992332,2376.191619674612
48883,32.44771448629486,1147.6599999992332,2376.203409875368
48884,32.44771448629486,1147.6799999992331,2376.215199867552
48885,32.44771448629486,1147.6999999992331,2376.2269896511707
48886,32.44771448629486,1147.719999999233,2376.2387792262302
48887,32.44771448629486,1147.739999999233,2376.250568592737
48888,32.44771448629486,1147.759999999233,2376.262357750698
48889,32.44771448629486,1147.779999999233,2376.274146700119
48890,32.44771448629486,1147.799999999233,2376.2859354410075
48891,32.44771448629486,1147.819999999233,2376.297723973369
48892,32.44771448629486,1147.839999999233,2376.3095122972104
48893,32.44771448629486,1147.859999999233,2376.321300412538
48894,32.44771448629486,1147.879999999233,2376.333088319359
48895,32.44771448629486,1147.899999999233,2376.3448760176793
48896,32.44771448629486,1147.919999999233,2376.356663507506
48897,32.44771448629486,1147.939999999233,2376.3684507888447
48898,32.44771448629486,1147.9599999992329,2376.3802378617024
48899,32.44771448629486,1147.9799999992329,2376.3920247260853
48900,32.44771448629486,1147.9999999992328,2376.403811382
48901,32.44771448629486,1148.0199999992328,2376.4155978294534
48902,32.44771448629486,1148.0399999992328,2376.427384068452
48903,32.44771448629486,1148.0599999992328,2376.439170099002
48904,32.44771448629486,1148.0799999992328,2376.4509559211097
48905,32.44771448629486,1148.0999999992328,2376.462741534782
48906,32.44771448629486,1148.1199999992327,2376.474526940025
48907,32.44771448629486,1148.1399999992327,2376.4863121368458
48908,32.44771448629486,1148.1599999992327,2376.4980971252503
48909,32.44771448629486,1148.1799999992327,2376.509881905245
48910,32.44771448629486,1148.1999999992327,2376.521666476837
48911,32.44771448629486,1148.2199999992326,2376.533450840032
48912,32.44771448629486,1148.2399999992326,2376.545234994837
48913,32.44771448629486,1148.2599999992326,2376.5570189412583
48914,32.44771448629486,1148.2799999992326,2376.5688026793027
48915,32.44771448629486,1148.2999999992326,2376.5805862089765
48916,32.44771448629486,1148.3199999992326,2376.5923695302863
48917,32.44771448629486,1148.3399999992325,2376.6041526432386
48918,32.44771448629486,1148.3599999992325,2376.61593554784
48919,32.44771448629486,1148.3799999992325,2376.6277182440963
48920,32.44771448629486,1148.3999999992325,2376.6395007320148
48921,32.44771448629486,1148.4199999992325,2376.6512830116017
48922,32.44771448629486,1148.4399999992324,2376.6630650828633
48923,32.44771448629486,1148.4599999992324,2376.674846945806
48924,32.44771448629486,1148.4799999992324,2376.686628600437
48925,32.44771448629486,1148.4999999992324,2376.698410046767
48926,32.44771448629486,1148.5199999992324,2376.7101912850867
48927,32.44771448629486,1148.5399999992324,2376.721972315644
48928,32.44771448629486,1148.5599999992323,2376.7337531384455
48929,32.44771448629486,1148.5799999992323,2376.7455337534975
48930,32.44771448629486,1148.5999999992323,2376.7573141608063
48931,32.44771448629486,1148.6199999992323,2376.769094360379
48932,32.44771448629486,1148.6399999992323,2376.7808743522214
48933,32.44771448629486,1148.6599999992322,2376.792654136341
48934,32.44771448629486,1148.6799999992322,2376.804433712743
48935,32.44771448629486,1148.6999999992322,2376.816213081435
48936,32.44771448629486,1148.7199999992322,2376.827992242423
48937,32.44771448629486,1148.7399999992322,2376.8397711957136
48938,32.44771448629486,1148.7599999992322,2376.8515499413134
48939,32.44771448629486,1148.7799999992321,2376.8633284792286
48940,32.44771448629486,1148.799999999232,2376.875106809466
48941,32.44771448629486,1148.819999999232,2376.886884932032
48942,32.44771448629486,1148.839999999232,2376.898662846933
48943,32.44771448629486,1148.859999999232,2376.9104405541757
48944,32.44771448629486,1148.879999999232,2376.9222180537663
48945,32.44771448629486,1148.899999999232,2376.9339953457115
48946,32.44771448629486,1148.919999999232,2376.9457724300178
48947,32.44771448629486,1148.939999999232,2376.957549306692
48948,32.44771448629486,1148.959999999232,2376.96932597574
48949,32.44771448629486,1148.979999999232,2376.981102437169
48950,32.44771448629486,1148.999999999232,2376.9928786909845
48951,32.44771448629486,1149.019999999232,2377.0046547371935
48952,32.44771448629486,1149.039999999232,2377.0164305758026
48953,32.44771448629486,1149.0599999992319,2377.028206206818
48954,32.44771448629486,1149.0799999992319,2377.039981630247
48955,32.44771448629486,1149.0999999992318,2377.0517568460955
48956,32.44771448629486,1149.1199999992318,2377.06353185437
48957,32.44771448629486,1149.1399999992318,2377.075306655077
48958,32.44771448629486,1149.1599999992318,2377.087081248223
48959,32.44771448629486,1149.1799999992318,2377.0988556338143
48960,32.44771448629486,1149.1999999992317,2377.1106298118575
48961,32.44771448629486,1149.2199999992317,2377.1224037823595
48962,32.44771448629486,1149.2399999992317,2377.1341775453266
48963,32.44771448629486,1149.2599999992317,2377.145951100765
48964,32.44771448629486,1149.2799999992317,2377.1577244486816
48965,32.44771448629486,1149.2999999992317,2377.1694975890823
48966,32.44771448629486,1149.3199999992316,2377.181270521974
48967,32.44771448629486,1149.3399999992316,2377.193043247363
48968,32.44771448629486,1149.3599999992316,2377.2048157652566
48969,32.44771448629486,1149.3799999992316,2377.21658807566
48970,32.44771448629486,1149.3999999992316,2377.2283601785807
48971,32.44771448629486,1149.4199999992315,2377.2401320740246
48972,32.44771448629486,1149.4399999992315,2377.2519037619986
48973,32.44771448629486,1149.4599999992315,2377.263675242509
48974,32.44771448629486,1149.4799999992315,2377.2754465155626
48975,32.44771448629486,1149.4999999992315,2377.2872175811654
48976,32.44771448629486,1149.5199999992315,2377.298988439335
48977,32.44771448629486,1149.5399999992314,2377.3107590903874
48978,32.44771448629486,1149.5599999992314,2377.3225295345387
48979,32.44771448629486,1149.5799999992314,2377.3342997717955
48980,32.44771448629486,1149.5999999992314,2377.3460698021645
48981,32.44771448629486,1149.6199999992314,2377.357839625652
48982,32.44771448629486,1149.6399999992313,2377.369609242265
48983,32.44771448629486,1149.6599999992313,2377.38137865201
48984,32.44771448629486,1149.6799999992313,2377.393147854893
48985,32.44771448629486,1149.6999999992313,2377.4049168509205
48986,32.44771448629486,1149.7199999992313,2377.416685640099
48987,32.44771448629486,1149.7399999992313,2377.428454222435
48988,32.44771448629486,1149.7599999992312,2377.440222597935
48989,32.44771448629486,1149.7799999992312,2377.4519907666063
48990,32.44771448629486,1149.7999999992312,2377.4637587284546
48991,32.44771448629486,1149.8199999992312,2377.4755264834866
48992,32.44771448629486,1149.8399999992312,2377.4872940317086
48993,32.44771448629486,1149.8599999992311,2377.499061373127
48994,32.44771448629486,1149.8799999992311,2377.5108285077486
48995,32.44771448629486,1149.899999999231,2377.5225954355797
48996,32.44771448629486,1149.919999999231,2377.534362156627
48997,32.44771448629486,1149.939999999231,2377.546128670897
48998,32.44771448629486,1149.959999999231,2377.557894978396
48999,32.44771448629486,1149.979999999231,2377.56966107913
49000,32.44771448629486,1149.999999999231,2377.5814269731068
49001,32.44771448629486,1150.019999999231,2377.593192660332
49002,32.44771448629486,1150.039999999231,2377.6049581408124
49003,32.44771448629486,1150.059999999231,2377.616723414554
49004,32.44771448629486,1150.079999999231,2377.628488481564
49005,32.44771448629486,1150.099999999231,2377.640253341848
49006,32.44771448629486,1150.119999999231,2377.6520179954136
49007,32.44771448629486,1150.139999999231,2377.6637824422664
49008,32.44771448629486,1150.1599999992309,2377.6755466824134
49009,32.44771448629486,1150.1799999992309,2377.687310715861
49010,32.44771448629486,1150.1999999992308,2377.699074542615
49011,32.44771448629486,1150.2199999992308,2377.7108381626826
49012,32.44771448629486,1150.2399999992308,2377.7226015760702
49013,32.44771448629486,1150.2599999992308,2377.7343647827843
49014,32.44771448629486,1150.2799999992308,2377.7461277828315
49015,32.44771448629486,1150.2999999992307,2377.757890576218
49016,32.44771448629486,1150.3199999992307,2377.7696531629504
49017,32.44771448629486,1150.3399999992307,2377.781415543035
49018,32.44771448629486,1150.3599999992307,2377.793177716479
49019,32.44771448629486,1150.3799999992307,2377.804939683288
49020,32.44771448629486,1150.3999999992307,2377.816701443469
49021,32.44771448629486,1150.4199999992306,2377.8284629970285
49022,32.44771448629486,1150.4399999992306,2377.8402243439727
49023,32.44771448629486,1150.4599999992306,2377.8519854843084
49024,32.44771448629486,1150.4799999992306,2377.863746418042
49025,32.44771448629486,1150.4999999992306,2377.8755071451797
49026,32.44771448629486,1150.5199999992305,2377.8872676657284
49027,32.44771448629486,1150.5399999992305,2377.8990279797126
49028,32.44771448629486,1150.5599999992305,2377.9107880874903
49029,32.44771448629486,1150.5799999992305,2377.9225479892566
49030,32.44771448629486,1150.5999999992305,2377.9343076850178
49031,32.44771448629486,1150.6199999992305,2377.94606717478
49032,32.44771448629486,1150.6399999992304,2377.9578264585507
49033,32.44771448629486,1150.6599999992304,2377.9695855363357
49034,32.44771448629486,1150.6799999992304,2377.9813444081415
49035,32.44771448629486,1150.6999999992304,2377.9931030739745
49036,32.402539244428375,1150.7199999992304,2378.0048615338414
49037,32.402539244428375,1150.7399999992303,2378.016619787749
49038,32.402539244428375,1150.7599999992303,2378.028377835703
49039,32.402539244428375,1150.7799999992303,2378.0401356777106
49040,32.402539244428375,1150.7999999992303,2378.051893313778
49041,32.402539244428375,1150.8199999992303,2378.0636507439117
49042,32.402539244428375,1150.8399999992303,2378.0754079681183
49043,32.402539244428375,1150.8599999992302,2378.0871649864043
49044,32.402539244428375,1150.8799999992302,2378.098921798776
49045,32.402539244428375,1150.8999999992302,2378.11067840524
49046,32.402539244428375,1150.9199999992302,2378.1224348058026
49047,32.402539244428375,1150.9399999992302,2378.1341910004708
49048,32.402539244428375,1150.9599999992301,2378.1459469892507
49049,32.402539244428375,1150.9799999992301,2378.1577027721487
49050,32.402539244428375,1150.99999999923,2378.1694583491717
49051,32.402539244428375,1151.01999999923,2378.181213720326
49052,32.402539244428375,1151.03999999923,2378.192968885618
49053,32.402539244428375,1151.05999999923,2378.204723845054
49054,32.402539244428375,1151.07999999923,2378.216478598641
49055,32.402539244428375,1151.09999999923,2378.2282331463853
49056,32.402539244428375,1151.11999999923,2378.239987488293
49057,32.402539244428375,1151.13999999923,2378.251741624371
49058,32.402539244428375,1151.15999999923,2378.2634955546255
49059,32.402539244428375,1151.17999999923,2378.2752492790632
49060,32.402539244428375,1151.19999999923,2378.2870027976905
49061,32.402539244428375,1151.21999999923,2378.298756110514
49062,32.402539244428375,1151.23999999923,2378.3105092175406
49063,32.402539244428375,1151.2599999992299,2378.322262118776
49064,32.402539244428375,1151.2799999992299,2378.334014814227
49065,32.402539244428375,1151.2999999992298,2378.3457673039
49066,32.402539244428375,1151.3199999992298,2378.357519587802
49067,32.402539244428375,1151.3399999992298,2378.369271665939
49068,32.402539244428375,1151.3599999992298,2378.381023538317
49069,32.402539244428375,1151.3799999992298,2378.3927752049435
49070,32.402539244428375,1151.3999999992297,2378.4045266658245
49071,32.402539244428375,1151.4199999992297,2378.4162779209664
49072,32.402539244428375,1151.4399999992297,2378.428028970376
49073,32.402539244428375,1151.4599999992297,2378.4397798140594
49074,32.402539244428375,1151.4799999992297,2378.4515304520232
49075,32.402539244428375,1151.4999999992297,2378.4632808842744
49076,32.402539244428375,1151.5199999992296,2378.4750311108187
49077,32.402539244428375,1151.5399999992296,2378.486781131663
49078,32.402539244428375,1151.5599999992296,2378.498530946836
49079,32.402539244428375,1151.5799999992296,2378.5102805566803
49080,32.402539244428375,1151.5999999992296,2378.5220299613406
49081,32.402539244428375,1151.6199999992295,2378.533779160824
49082,32.402539244428375,1151.6399999992295,2378.5455281551367
49083,32.402539244428375,1151.6599999992295,2378.557276944285
49084,32.402539244428375,1151.6799999992295,2378.5690255282757
49085,32.402539244428375,1151.6999999992295,2378.5807739071147
49086,32.402539244428375,1151.7199999992295,2378.592522080809
49087,32.402539244428375,1151.7399999992294,2378.604270049365
49088,32.402539244428375,1151.7599999992294,2378.6160178127893
49089,32.402539244428375,1151.7799999992294,2378.627765371088
49090,32.402539244428375,1151.7999999992294,2378.639512724268
49091,32.402539244428375,1151.8199999992294,2378.6512598723357
49092,32.402539244428375,1151.8399999992293,2378.6630068152976
49093,32.402539244428375,1151.8599999992293,2378.67475355316
49094,32.402539244428375,1151.8799999992293,2378.6865000859293
49095,32.402539244428375,1151.8999999992293,2378.6982464136127
49096,32.402539244428375,1151.9199999992293,2378.709992536216
49097,32.402539244428375,1151.9399999992293,2378.7217384537457
49098,32.402539244428375,1151.9599999992292,2378.7334841662087
49099,32.402539244428375,1151.9799999992292,2378.745229673611
49100,32.402539244428375,1151.9999999992292,2378.7569749759596
49101,32.402539244428375,1152.0199999992292,2378.7687200732607
49102,32.402539244428375,1152.0399999992292,2378.780464965521
49103,32.402539244428375,1152.0599999992291,2378.7922096527464
49104,32.402539244428375,1152.0799999992291,2378.803954134944
49105,32.402539244428375,1152.099999999229,2378.81569841212
49106,32.402539244428375,1152.119999999229,2378.827442484281
49107,32.402539244428375,1152.139999999229,2378.8391863514335
49108,32.402539244428375,1152.159999999229,2378.850930013584
49109,32.402539244428375,1152.179999999229,2378.8626734707386
49110,32.402539244428375,1152.199999999229,2378.8744167229042
49111,32.402539244428375,1152.219999999229,2378.8861597700875
49112,32.402539244428375,1152.239999999229,2378.8979026122943
49113,32.402539244428375,1152.259999999229,2378.9096452495314
49114,32.402539244428375,1152.279999999229,2378.9213876818058
49115,32.402539244428375,1152.299999999229,2378.933129909123
49116,32.402539244428375,1152.319999999229,2378.9448719314905
49117,32.402539244428375,1152.339999999229,2378.956613748914
49118,32.402539244428375,1152.3599999992289,2378.9683553614004
49119,32.402539244428375,1152.3799999992289,2378.980096768956
49120,32.402539244428375,1152.3999999992288,2378.9918379715878
49121,32.402539244428375,1152.4199999992288,2379.0035789693015
49122,32.402539244428375,1152.4399999992288,2379.015319762104
49123,32.402539244428375,1152.4599999992288,2379.0270603500016
49124,32.402539244428375,1152.4799999992288,2379.038800733001
49125,32.402539244428375,1152.4999999992287,2379.050540911109
49126,32.402539244428375,1152.5199999992287,2379.062280884331
49127,32.402539244428375,1152.5399999992287,2379.0740206526743
49128,32.402539244428375,1152.5599999992287,2379.0857602161454
49129,32.402539244428375,1152.5799999992287,2379.0974995747797
49130,32.402539244428375,1152.5999999992287,2379.1092387289636
49131,32.402539244428375,1152.6199999992286,2379.1209776788182
49132,32.402539244428375,1152.6399999992286,2379.1327164243503
49133,32.402539244428375,1152.6599999992286,2379.144454965566
49134,32.402539244428375,1152.6799999992286,2379.1561933024723
49135,32.402539244428375,1152.6999999992286,2379.167931435075
49136,32.402539244428375,1152.7199999992285,2379.179669363381
49137,32.402539244428375,1152.7399999992285,2379.191407087397
49138,32.402539244428375,1152.7599999992285,2379.2031446071287
49139,32.402539244428375,1152.7799999992285,2379.2148819225836
49140,32.402539244428375,1152.7999999992285,2379.2266190337677
49141,32.402539244428375,1152.8199999992285,2379.2383559406876
49142,32.402539244428375,1152.8399999992284,2379.2500926433495
49143,32.402539244428375,1152.8599999992284,2379.2618291417602
49144,32.402539244428375,1152.8799999992284,2379.273565435926
49145,32.402539244428375,1152.8999999992284,2379.285301525853
49146,32.402539244428375,1152.9199999992284,2379.2970374115484
49147,32.402539244428375,1152.9399999992283,2379.3087730930183
49148,32.402539244428375,1152.9599999992283,2379.3205085702693
49149,32.402539244428375,1152.9799999992283,2379.332243843308
49150,32.402539244428375,1152.9999999992283,2379.3439789121408
49151,32.402539244428375,1153.0199999992283,2379.355713776774
49152,32.402539244428375,1153.0399999992283,2379.367448437214
49153,32.402539244428375,1153.0599999992282,2379.3791828934677
49154,32.402539244428375,1153.0799999992282,2379.3909171455416
49155,32.402539244428375,1153.0999999992282,2379.4026511934417
49156,32.402539244428375,1153.1199999992282,2379.4143850371747
49157,32.402539244428375,1153.1399999992282,2379.4261186767476
49158,32.402539244428375,1153.1599999992281,2379.437852112166
49159,32.402539244428375,1153.1799999992281,2379.4495853434373
49160,32.402539244428375,1153.199999999228,2379.4613183705674
49161,32.402539244428375,1153.219999999228,2379.4730511935627
49162,32.402539244428375,1153.239999999228,2379.4847838124297
49163,32.402539244428375,1153.259999999228,2379.496516227175
49164,32.402539244428375,1153.279999999228,2379.5082484378054
49165,32.402539244428375,1153.299999999228,2379.519980444327
49166,32.402539244428375,1153.319999999228,2379.5317122467463
49167,32.402539244428375,1153.339999999228,2379.5434438450698
49168,32.402539244428375,1153.359999999228,2379.555175239304
49169,32.402539244428375,1153.379999999228,2379.5669064294557
49170,32.402539244428375,1153.399999999228,2379.578637415531
49171,32.402539244428375,1153.419999999228,2379.5903681975365
49172,32.402539244428375,1153.439999999228,2379.6020987754787
49173,32.402539244428375,1153.4599999992279,2379.613829149364
49174,32.402539244428375,1153.4799999992279,2379.625559319199
49175,32.402539244428375,1153.4999999992278,2379.63728928499
49176,32.402539244428375,1153.5199999992278,2379.6490190467434
49177,32.402539244428375,1153.5399999992278,2379.6607486044663
49178,32.402539244428375,1153.5599999992278,2379.6724779581646
49179,32.402539244428375,1153.5799999992278,2379.684207107845
49180,32.402539244428375,1153.5999999992277,2379.6959360535493
49181,32.402539244428375,1153.6199999992277,2379.707664795688
49182,32.402539244428375,1153.6399999992277,2379.7193933343515
49183,32.402539244428375,1153.6599999992277,2379.731121669546
49184,32.402539244428375,1153.6799999992277,2379.7428498012787
49185,32.402539244428375,1153.6999999992277,2379.7545777295554
49186,32.402539244428375,1153.7199999992276,2379.766305454383
49187,32.402539244428375,1153.7399999992276,2379.778032975768
49188,32.402539244428375,1153.7599999992276,2379.7897602937164
49189,32.402539244428375,1153.7799999992276,2379.801487408235
49190,32.402539244428375,1153.7999999992276,2379.8132143193307
49191,32.402539244428375,1153.8199999992275,2379.824941027009
49192,32.402539244428375,1153.8399999992275,2379.8366675312773
49193,32.402539244428375,1153.8599999992275,2379.8483938321415
49194,32.402539244428375,1153.8799999992275,2379.8601199296086
49195,32.402539244428375,1153.8999999992275,2379.871845823685
49196,32.402539244428375,1153.9199999992275,2379.8835715143764
49197,32.402539244428375,1153.9399999992274,2379.8952970016903
49198,32.402539244428375,1153.9599999992274,2379.9070222856326
49199,32.402539244428375,1153.9799999992274,2379.91874736621
49200,32.402539244428375,1153.9999999992274,2379.930472243429
49201,32.402539244428375,1154.0199999992274,2379.942196917296
49202,32.402539244428375,1154.0399999992273,2379.953921387817
49203,32.402539244428375,1154.0599999992273,2379.965645654999
49204,32.402539244428375,1154.0799999992273,2379.977369718849
49205,32.402539244428375,1154.0999999992273,2379.9890935793724
49206,32.402539244428375,1154.1199999992273,2380.000817236599
49207,32.402539244428375,1154.1399999992273,2380.0125406915936
49208,32.402539244428375,1154.1599999992272,2380.024263945219
49209,32.402539244428375,1154.1799999992272,2380.0359869974823
49210,32.402539244428375,1154.1999999992272,2380.0477098483893
49211,32.402539244428375,1154.2199999992272,2380.0594324979475
49212,32.402539244428375,1154.2399999992272,2380.071154946163
49213,32.402539244428375,1154.2599999992271,2380.0828771930423
49214,32.402539244428375,1154.2799999992271,2380.0945992385923
49215,32.402539244428375,1154.299999999227,2380.1063210828192
49216,32.402539244428375,1154.319999999227,2380.11804272573
49217,32.402539244428375,1154.339999999227,2380.129764167331
49218,32.402539244428375,1154.359999999227,2380.141485407629
49219,32.402539244428375,1154.379999999227,2380.15320644663
49220,32.402539244428375,1154.399999999227,2380.1649272843415
49221,32.402539244428375,1154.419999999227,2380.1766479207695
49222,32.402539244428375,1154.439999999227,2380.188368355921
49223,32.402539244428375,1154.459999999227,2380.200088589802
49224,32.402539244428375,1154.479999999227,2380.2118086224195
49225,32.402539244428375,1154.499999999227,2380.2235284537805
49226,32.402539244428375,1154.519999999227,2380.235248083891
49227,32.402539244428375,1154.539999999227,2380.2469675127577
49228,32.402539244428375,1154.5599999992269,2380.258686740387
49229,32.402539244428375,1154.5799999992269,2380.270405766786
49230,32.402539244428375,1154.5999999992268,2380.2821245919613
49231,32.402539244428375,1154.6199999992268,2380.2938432159604
49232,32.402539244428375,1154.6399999992268,2380.305561639219
49233,32.402539244428375,1154.6599999992268,2380.317279861796
49234,32.402539244428375,1154.6799999992268,2380.328997883699
49235,32.402539244428375,1154.6999999992267,2380.3407157049332
49236,32.402539244428375,1154.7199999992267,2380.3524333255064
49237,32.402539244428375,1154.7399999992267,2380.3641507454245
49238,32.402539244428375,1154.7599999992267,2380.3758679646944
49239,32.402539244428375,1154.7799999992267,2380.387584983323
49240,32.402539244428375,1154.7999999992267,2380.3993018013166
49241,32.402539244428375,1154.8199999992266,2380.4110184186816
49242,32.402539244428375,1154.8399999992266,2380.4227348354248
49243,32.402539244428375,1154.8599999992266,2380.4344510515525
49244,32.402539244428375,1154.8799999992266,2380.4461670670717
49245,32.402539244428375,1154.8999999992266,2380.457882881989
49246,32.402539244428375,1154.9199999992265,2380.469598496311
49247,32.402539244428375,1154.9399999992265,2380.481313910044
49248,32.402539244428375,1154.9599999992265,2380.4930291231944
49249,32.402539244428375,1154.9799999992265,2380.504744135769
49250,32.402539244428375,1154.9999999992265,2380.516458947775
49251,32.402539244428375,1155.0199999992265,2380.5281735592184
49252,32.402539244428375,1155.0399999992264,2380.539887970106
49253,32.402539244428375,1155.0599999992264,2380.551602180444
49254,32.402539244428375,1155.0799999992264,2380.5633161902397
49255,32.402539244428375,1155.0999999992264,2380.5750299994993
49256,32.402539244428375,1155.1199999992264,2380.586743608229
49257,32.402539244428375,1155.1399999992263,2380.598457016436
49258,32.402539244428375,1155.1599999992263,2380.6101702241267
49259,32.402539244428375,1155.1799999992263,2380.6218832313075
49260,32.402539244428375,1155.1999999992263,2380.633596037985
49261,32.402539244428375,1155.2199999992263,2380.6453086441666
49262,32.402539244428375,1155.2399999992263,2380.657021049858
49263,32.402539244428375,1155.2599999992262,2380.668733255066
49264,32.402539244428375,1155.2799999992262,2380.680445259797
49265,32.402539244428375,1155.2999999992262,2380.692157064058
49266,32.402539244428375,1155.3199999992262,2380.703868667855
49267,32.402539244428375,1155.3399999992262,2380.7155800711957
49268,32.402539244428375,1155.3599999992261,2380.727291274086
49269,32.402539244428375,1155.3799999992261,2380.739002276532
49270,32.402539244428375,1155.399999999226,2380.750713078541
49271,32.402539244428375,1155.419999999226,2380.7624236801194
49272,32.402539244428375,1155.439999999226,2380.7741340812736
49273,32.402539244428375,1155.459999999226,2380.7858442820107
49274,32.402539244428375,1155.479999999226,2380.797554282337
49275,32.402539244428375,1155.499999999226,2380.809264082259
49276,32.402539244428375,1155.519999999226,2380.820973681783
49277,32.402539244428375,1155.539999999226,2380.832683080916
49278,32.402539244428375,1155.559999999226,2380.8443922796646
49279,32.402539244428375,1155.579999999226,2380.856101278035
49280,32.402539244428375,1155.599999999226,2380.8678100760344
49281,32.402539244428375,1155.619999999226,2380.8795186736693
49282,32.402539244428375,1155.639999999226,2380.8912270710143
49283,32.402539244428375,1155.6599999992259,2380.902935268516
49284,32.402539244428375,1155.6799999992259,2380.914643266223
49285,32.402539244428375,1155.6999999992258,2380.926351064141
49286,32.402539244428375,1155.7199999992258,2380.9380586622765
49287,32.402539244428375,1155.7399999992258,2380.949766060637
49288,32.402539244428375,1155.7599999992258,2380.9614732592286
49289,32.402539244428375,1155.7799999992258,2380.973180258058
49290,32.402539244428375,1155.7999999992257,2380.9848870571323
49291,32.402539244428375,1155.8199999992257,2380.996593656457
49292,32.402539244428375,1155.8399999992257,2381.00830005604
49293,32.402539244428375,1155.8599999992257,2381.0200062558865
49294,32.402539244428375,1155.8799999992257,2381.031712256004
49295,32.402539244428375,1155.8999999992257,2381.043418056399
49296,32.402539244428375,1155.9199999992256,2381.0551236570777
49297,32.402539244428375,1155.9399999992256,2381.066829058047
49298,32.402539244428375,1155.9599999992256,2381.0785342593135
49299,32.402539244428375,1155.9799999992256,2381.090239260884
49300,32.402539244428375,1155.9999999992256,2381.1019440627647
49301,32.402539244428375,1156.0199999992255,2381.1136486649625
49302,32.402539244428375,1156.0399999992255,2381.125353067484
49303,32.402539244428375,1156.0599999992255,2381.1370572703354
49304,32.402539244428375,1156.0799999992255,2381.1487612735236
49305,32.402539244428375,1156.0999999992255,2381.160465077055
49306,32.402539244428375,1156.1199999992255,2381.1721686809365
49307,32.402539244428375,1156.1399999992254,2381.1838720851747
49308,32.402539244428375,1156.1599999992254,2381.195575289776
49309,32.402539244428375,1156.1799999992254,2381.207278294747
49310,32.402539244428375,1156.1999999992254,2381.2189811000944
49311,32.35746873053181,1156.2199999992254,2381.230683705825
49312,32.35746873053181,1156.2399999992253,2381.242386111945
49313,32.35746873053181,1156.2599999992253,2381.254088318461
49314,32.35746873053181,1156.2799999992253,2381.26579032538
49315,32.35746873053181,1156.2999999992253,2381.277492132708
49316,32.35746873053181,1156.3199999992253,2381.289193740452
49317,32.35746873053181,1156.3399999992253,2381.3008951486186
49318,32.35746873053181,1156.3599999992252,2381.3125963572143
49319,32.35746873053181,1156.3799999992252,2381.3242973662454
49320,32.35746873053181,1156.3999999992252,2381.335998175719
49321,32.35746873053181,1156.4199999992252,2381.3476987856416
49322,32.35746873053181,1156.4399999992252,2381.3593991960197
49323,32.35746873053181,1156.4599999992251,2381.3710994068597
49324,32.35746873053181,1156.4799999992251,2381.3827994181684
49325,32.35746873053181,1156.499999999225,2381.3944992299525
49326,32.35746873053181,1156.519999999225,2381.4061988422186
49327,32.35746873053181,1156.539999999225,2381.417898254973
49328,32.35746873053181,1156.559999999225,2381.4295974682223
49329,32.35746873053181,1156.579999999225,2381.4412964819735
49330,32.35746873053181,1156.599999999225,2381.452995296233
49331,32.35746873053181,1156.619999999225,2381.464693911007
49332,32.35746873053181,1156.639999999225,2381.4763923263026
49333,32.35746873053181,1156.659999999225,2381.488090542216
49334,32.35746873053181,1156.679999999225,2381.4997885591215
49335,32.35746873053181,1156.699999999225,2381.5114863770573
49336,32.35746873053181,1156.719999999225,2381.5231839960297
49337,32.35746873053181,1156.739999999225,2381.534881416045
49338,32.35746873053181,1156.7599999992249,2381.5465786371105
49339,32.35746873053181,1156.7799999992249,2381.5582756592325
49340,32.35746873053181,1156.7999999992248,2381.5699724824176
49341,32.35746873053181,1156.8199999992248,2381.581669106672
49342,32.35746873053181,1156.8399999992248,2381.5933655320027
49343,32.35746873053181,1156.8599999992248,2381.6050617584165
49344,32.35746873053181,1156.8799999992248,2381.6167577859196
49345,32.35746873053181,1156.8999999992247,2381.628453614519
49346,32.35746873053181,1156.9199999992247,2381.640149244221
49347,32.35746873053181,1156.9399999992247,2381.6518446750324
49348,32.35746873053181,1156.9599999992247,2381.6635399069596
49349,32.35746873053181,1156.9799999992247,2381.6752349400094
49350,32.35746873053181,1156.9999999992247,2381.6869297741882
49351,32.35746873053181,1157.0199999992246,2381.698624409503
49352,32.35746873053181,1157.0399999992246,2381.7103188459596
49353,32.35746873053181,1157.0599999992246,2381.7220130835653
49354,32.35746873053181,1157.0799999992246,2381.7337071223265
49355,32.35746873053181,1157.0999999992246,2381.7454009622497
49356,32.35746873053181,1157.1199999992245,2381.7570946033416
49357,32.35746873053181,1157.1399999992245,2381.7687880456087
49358,32.35746873053181,1157.1599999992245,2381.780481289058
49359,32.35746873053181,1157.1799999992245,2381.792174333696
49360,32.35746873053181,1157.1999999992245,2381.803867179529
49361,32.35746873053181,1157.2199999992245,2381.8155598265635
49362,32.35746873053181,1157.2399999992244,2381.827252274806
49363,32.35746873053181,1157.2599999992244,2381.8389445242638
49364,32.35746873053181,1157.2799999992244,2381.850636574943
49365,32.35746873053181,1157.2999999992244,2381.8623284268506
49366,32.35746873053181,1157.3199999992244,2381.8740200799925
49367,32.35746873053181,1157.3399999992243,2381.885711534376
49368,32.35746873053181,1157.3599999992243,2381.897402790007
49369,32.35746873053181,1157.3799999992243,2381.909093846893
49370,32.35746873053181,1157.3999999992243,2381.92078470504
49371,32.35746873053181,1157.4199999992243,2381.932475364455
49372,32.35746873053181,1157.4399999992243,2381.944165825144
49373,32.35746873053181,1157.4599999992242,2381.9558560871137
49374,32.35746873053181,1157.4799999992242,2381.967546150371
49375,32.35746873053181,1157.4999999992242,2381.9792360149227
49376,32.35746873053181,1157.5199999992242,2381.990925680775
49377,32.35746873053181,1157.5399999992242,2382.0026151479346
49378,32.35746873053181,1157.5599999992241,2382.014304416408
49379,32.35746873053181,1157.5799999992241,2382.025993486202
49380,32.35746873053181,1157.599999999224,2382.037682357323
49381,32.35746873053181,1157.619999999224,2382.0493710297774
49382,32.35746873053181,1157.639999999224,2382.0610595035723
49383,32.35746873053181,1157.659999999224,2382.072747778714
49384,32.35746873053181,1157.679999999224,2382.0844358553345
49385,32.35746873053181,1157.699999999224,2382.096123733805
49386,32.35746873053181,1157.719999999224,2382.107811414159
49387,32.35746873053181,1157.739999999224,2382.119498896403
49388,32.35746873053181,1157.759999999224,2382.1311861805434
49389,32.35746873053181,1157.779999999224,2382.1428732665872
49390,32.35746873053181,1157.799999999224,2382.154560154541
49391,32.35746873053181,1157.819999999224,2382.1662468444106
49392,32.35746873053181,1157.839999999224,2382.1779333362033
49393,32.35746873053181,1157.8599999992239,2382.189619629926
49394,32.35746873053181,1157.8799999992239,2382.2013057255845
49395,32.35746873053181,1157.8999999992238,2382.212991623186
49396,32.35746873053181,1157.9199999992238,2382.224677322737
49397,32.35746873053181,1157.9399999992238,2382.236362824244
49398,32.35746873053181,1157.9599999992238,2382.248048127714
49399,32.35746873053181,1157.9799999992238,2382.2597332331525
49400,32.35746873053181,1157.9999999992237,2382.271418140567
49401,32.35746873053181,1158.0199999992237,2382.283102849964
49402,32.35746873053181,1158.0399999992237,2382.2947873613502
49403,32.35746873053181,1158.0599999992237,2382.306471674732
49404,32.35746873053181,1158.0799999992237,2382.318155790116
49405,32.35746873053181,1158.0999999992237,2382.329839707509
49406,32.35746873053181,1158.1199999992236,2382.3415234269173
49407,32.35746873053181,1158.1399999992236,2382.3532069483476
49408,32.35746873053181,1158.1599999992236,2382.3648902718064
49409,32.35746873053181,1158.1799999992236,2382.3765733973005
49410,32.35746873053181,1158.1999999992236,2382.3882563248367
49411,32.35746873053181,1158.2199999992235,2382.3999390544213
49412,32.35746873053181,1158.2399999992235,2382.411621586061
49413,32.35746873053181,1158.2599999992235,2382.423303919762
49414,32.35746873053181,1158.2799999992235,2382.4349860555317
49415,32.35746873053181,1158.2999999992235,2382.446667993376
49416,32.35746873053181,1158.3199999992235,2382.458349733302
49417,32.35746873053181,1158.3399999992234,2382.4700312753157
49418,32.35746873053181,1158.3599999992234,2382.4817126194243
49419,32.35746873053181,1158.3799999992234,2382.493393765634
49420,32.35746873053181,1158.3999999992234,2382.505074713952
49421,32.35746873053181,1158.4199999992234,2382.5167554643845
49422,32.35746873053181,1158.4399999992233,2382.5284360169376
49423,32.35746873053181,1158.4599999992233,2382.5401163716183
49424,32.35746873053181,1158.4799999992233,2382.5517965284334
49425,32.35746873053181,1158.4999999992233,2382.5634764873894
49426,32.35746873053181,1158.5199999992233,2382.575156248493
49427,32.35746873053181,1158.5399999992233,2382.5868358117505
49428,32.35746873053181,1158.5599999992232,2382.598515177169
49429,32.35746873053181,1158.5799999992232,2382.6101943447543
49430,32.35746873053181,1158.5999999992232,2382.621873314514
49431,32.35746873053181,1158.6199999992232,2382.6335520864536
49432,32.35746873053181,1158.6399999992232,2382.6452306605806
49433,32.35746873053181,1158.6599999992231,2382.656909036901
49434,32.35746873053181,1158.6799999992231,2382.668587215422
49435,32.35746873053181,1158.699999999223,2382.6802651963053
49436,32.35746873053181,1158.719999999223,2382.691942979898
49437,32.35746873053181,1158.739999999223,2382.7036205662275
49438,32.35746873053181,1158.759999999223,2382.7152979553007
49439,32.35746873053181,1158.779999999223,2382.7269751471235
49440,32.35746873053181,1158.799999999223,2382.7386521417034
49441,32.35746873053181,1158.819999999223,2382.750328939046
49442,32.35746873053181,1158.839999999223,2382.762005539159
49443,32.35746873053181,1158.859999999223,2382.773681942048
49444,32.35746873053181,1158.879999999223,2382.78535814772
49445,32.35746873053181,1158.899999999223,2382.7970341561822
49446,32.35746873053181,1158.919999999223,2382.8087099674403
49447,32.35746873053181,1158.939999999223,2382.8203855815013
49448,32.35746873053181,1158.9599999992229,2382.8320609983716
49449,32.35746873053181,1158.9799999992229,2382.843736218058
49450,32.35746873053181,1158.9999999992228,2382.8554112405673
49451,32.35746873053181,1159.0199999992228,2382.867086065906
49452,32.35746873053181,1159.0399999992228,2382.87876069408
49453,32.35746873053181,1159.0599999992228,2382.8904351250967
49454,32.35746873053181,1159.0799999992228,2382.9021093589627
49455,32.35746873053181,1159.0999999992227,2382.9137833956843
49456,32.35746873053181,1159.1199999992227,2382.9254572352684
49457,32.35746873053181,1159.1399999992227,2382.9371308777213
49458,32.35746873053181,1159.1599999992227,2382.9488043230494
49459,32.35746873053181,1159.1799999992227,2382.9604775712596
49460,32.35746873053181,1159.1999999992227,2382.9721506223586
49461,32.35746873053181,1159.2199999992226,2382.983823476353
49462,32.35746873053181,1159.2399999992226,2382.995496133249
49463,32.35746873053181,1159.2599999992226,2383.007168593054
49464,32.35746873053181,1159.2799999992226,2383.0188408557738
49465,32.35746873053181,1159.2999999992226,2383.0305129214153
49466,32.35746873053181,1159.3199999992225,2383.042184789985
49467,32.35746873053181,1159.3399999992225,2383.05385646149
49468,32.35746873053181,1159.3599999992225,2383.065527935936
49469,32.35746873053181,1159.3799999992225,2383.077199213331
49470,32.35746873053181,1159.3999999992225,2383.0888702936804
49471,32.35746873053181,1159.4199999992225,2383.100541176991
49472,32.35746873053181,1159.4399999992224,2383.1122118632697
49473,32.35746873053181,1159.4599999992224,2383.1238823525227
49474,32.35746873053181,1159.4799999992224,2383.135552644757
49475,32.35746873053181,1159.4999999992224,2383.147222739979
49476,32.35746873053181,1159.5199999992224,2383.1588926381955
49477,32.35746873053181,1159.5399999992223,2383.1705623394128
49478,32.35746873053181,1159.5599999992223,2383.1822318436375
49479,32.35746873053181,1159.5799999992223,2383.193901150876
49480,32.35746873053181,1159.5999999992223,2383.2055702611356
49481,32.35746873053181,1159.6199999992223,2383.2172391744225
49482,32.35746873053181,1159.6399999992223,2383.2289078907434
49483,32.35746873053181,1159.6599999992222,2383.240576410105
49484,32.35746873053181,1159.6799999992222,2383.2522447325136
49485,32.35746873053181,1159.6999999992222,2383.263912857976
49486,32.35746873053181,1159.7199999992222,2383.2755807866843
49487,32.35746873053181,1159.7399999992222,2383.2872485189623
49488,32.35746873053181,1159.7599999992221,2383.2989160548304
49489,32.35746873053181,1159.7799999992221,2383.3105833942955
49490,32.35746873053181,1159.799999999222,2383.322250537364
49491,32.35746873053181,1159.819999999222,2383.333917484043
49492,32.35746873053181,1159.839999999222,2383.3455842343387
49493,32.35746873053181,1159.859999999222,2383.3572507882577
49494,32.35746873053181,1159.879999999222,2383.368917145807
49495,32.35746873053181,1159.899999999222,2383.3805833069923
49496,32.35746873053181,1159.919999999222,2383.392249271821
49497,32.35746873053181,1159.939999999222,2383.4039150403
49498,32.35746873053181,1159.959999999222,2383.4155806124354
49499,32.35746873053181,1159.979999999222,2383.4272459882336
49500,32.35746873053181,1159.999999999222,2383.4389111677015
49501,32.35746873053181,1160.019999999222,2383.4505761508453
49502,32.35746873053181,1160.039999999222,2383.462240937672
49503,32.35746873053181,1160.0599999992219,2383.4739055281884
49504,32.35746873053181,1160.0799999992219,2383.485569922401
49505,32.35746873053181,1160.0999999992218,2383.497234120316
49506,32.35746873053181,1160.1199999992218,2383.5088981219405
49507,32.35746873053181,1160.1399999992218,2383.5205619272806
49508,32.35746873053181,1160.1599999992218,2383.532225536343
49509,32.35746873053181,1160.1799999992218,2383.5438889491347
49510,32.35746873053181,1160.1999999992217,2383.555552165662
49511,32.35746873053181,1160.2199999992217,2383.5672151859317
49512,32.35746873053181,1160.2399999992217,2383.57887800995
49513,32.35746873053181,1160.2599999992217,2383.590540637724
49514,32.35746873053181,1160.2799999992217,2383.60220306926
49515,32.35746873053181,1160.2999999992217,2383.613865304565
49516,32.35746873053181,1160.3199999992216,2383.625527343645
49517,32.35746873053181,1160.3399999992216,2383.637189186507
49518,32.35746873053181,1160.3599999992216,2383.648850833157
49519,32.35746873053181,1160.3799999992216,2383.6605122836027
49520,32.35746873053181,1160.3999999992216,2383.67217353785
49521,32.35746873053181,1160.4199999992215,2383.683834595906
49522,32.35746873053181,1160.4399999992215,2383.6954954577764
49523,32.35746873053181,1160.4599999992215,2383.7071561234684
49524,32.35746873053181,1160.4799999992215,2383.7188165929883
49525,32.35746873053181,1160.4999999992215,2383.730476866343
49526,32.35746873053181,1160.5199999992215,2383.742136943539
49527,32.35746873053181,1160.5399999992214,2383.7537968245833
49528,32.35746873053181,1160.5599999992214,2383.765456509482
49529,32.35746873053181,1160.5799999992214,2383.777115998242
49530,32.35746873053181,1160.5999999992214,2383.7887752908696
49531,32.35746873053181,1160.6199999992214,2383.8004343873713
49532,32.35746873053181,1160.6399999992213,2383.812093287754
49533,32.35746873053181,1160.6599999992213,2383.8237519920244
49534,32.35746873053181,1160.6799999992213,2383.8354105001886
49535,32.35746873053181,1160.6999999992213,2383.847068812254
49536,32.35746873053181,1160.7199999992213,2383.858726928226
49537,32.35746873053181,1160.7399999992213,2383.870384848339
49538,32.35746873053181,1160.7599999992212,2383.8820425729054
49539,32.35746873053181,1160.7799999992212,2383.8937001019403
49540,32.35746873053181,1160.7999999992212,2383.9053574354502
49541,32.35746873053181,1160.8199999992212,2383.917014573442
49542,32.35746873053181,1160.8399999992212,2383.928671515922
49543,32.35746873053181,1160.8599999992211,2383.9403282628964
49544,32.35746873053181,1160.8799999992211,2383.9519848143723
49545,32.35746873053181,1160.899999999221,2383.9636411703564
49546,32.35746873053181,1160.919999999221,2383.975297330855
49547,32.35746873053181,1160.939999999221,2383.986953295875
49548,32.35746873053181,1160.959999999221,2383.998609065423
49549,32.35746873053181,1160.979999999221,2384.010264639505
49550,32.35746873053181,1160.999999999221,2384.0219200181277
49551,32.35746873053181,1161.019999999221,2384.0335752012984
49552,32.35746873053181,1161.039999999221,2384.0452301890227
49553,32.35746873053181,1161.059999999221,2384.056884981308
49554,32.35746873053181,1161.079999999221,2384.0685395781607
49555,32.35746873053181,1161.099999999221,2384.080193979587
49556,32.35746873053181,1161.119999999221,2384.091848185594
49557,32.35746873053181,1161.139999999221,2384.103502196188
49558,32.35746873053181,1161.1599999992209,2384.1151560113753
49559,32.35746873053181,1161.1799999992209,2384.1268096311633
49560,32.35746873053181,1161.1999999992208,2384.1384630555576
49561,32.35746873053181,1161.2199999992208,2384.1501162845657
49562,32.35746873053181,1161.2399999992208,2384.161769318194
49563,32.35746873053181,1161.2599999992208,2384.1734221564484
49564,32.35746873053181,1161.2799999992208,2384.1850747993362
49565,32.35746873053181,1161.2999999992207,2384.1967272468637
49566,32.35746873053181,1161.3199999992207,2384.208379499037
49567,32.35746873053181,1161.3399999992207,2384.220031555864
49568,32.35746873053181,1161.3599999992207,2384.23168341735
49569,32.35746873053181,1161.3799999992207,2384.2433350835017
49570,32.35746873053181,1161.3999999992207,2384.2549865543265
49571,32.35746873053181,1161.4199999992206,2384.2666378298304
49572,32.35746873053181,1161.4399999992206,2384.2782889100204
49573,32.35746873053181,1161.4599999992206,2384.2899397949027
49574,32.35746873053181,1161.4799999992206,2384.3015904844838
49575,32.35746873053181,1161.4999999992206,2384.3132409787704
49576,32.35746873053181,1161.5199999992205,2384.324891277769
49577,32.35746873053181,1161.5399999992205,2384.3365413814863
49578,32.35746873053181,1161.5599999992205,2384.348191289929
49579,32.35746873053181,1161.5799999992205,2384.359841003104
49580,32.35746873053181,1161.5999999992205,2384.371490521017
49581,32.35746873053181,1161.6199999992205,2384.3831398436755
49582,32.31250260501869,1161.6399999992204,2384.3947889710853
49583,32.31250260501869,1161.6599999992204,2384.4064379032534
49584,32.31250260501869,1161.6799999992204,2384.418086640186
49585,32.31250260501869,1161.6999999992204,2384.4297351818905
49586,32.31250260501869,1161.7199999992204,2384.4413835283726
49587,32.31250260501869,1161.7399999992203,2384.4530316796395
49588,32.31250260501869,1161.7599999992203,2384.4646796359334
49589,32.31250260501869,1161.7799999992203,2384.4763273975173
49590,32.31250260501869,1161.7999999992203,2384.4879749643997
49591,32.31250260501869,1161.8199999992203,2384.4996223365874
49592,32.31250260501869,1161.8399999992203,2384.511269514087
49593,32.31250260501869,1161.8599999992202,2384.522916496905
49594,32.31250260501869,1161.8799999992202,2384.534563285048
49595,32.31250260501869,1161.8999999992202,2384.546209878523
49596,32.31250260501869,1161.9199999992202,2384.557856277336
49597,32.31250260501869,1161.9399999992202,2384.5695024814945
49598,32.31250260501869,1161.9599999992201,2384.5811484910046
49599,32.31250260501869,1161.9799999992201,2384.5927943058728
49600,32.31250260501869,1161.99999999922,2384.604439926106
49601,32.31250260501869,1162.01999999922,2384.616085351711
49602,32.31250260501869,1162.03999999922,2384.627730582694
49603,32.31250260501869,1162.05999999922,2384.639375619062
49604,32.31250260501869,1162.07999999922,2384.651020460821
49605,32.31250260501869,1162.09999999922,2384.6626651079787
49606,32.31250260501869,1162.11999999922,2384.674309560541
49607,32.31250260501869,1162.13999999922,2384.685953818515
49608,32.31250260501869,1162.15999999922,2384.697597881907
49609,32.31250260501869,1162.17999999922,2384.7092417507233
49610,32.31250260501869,1162.19999999922,2384.720885424971
49611,32.31250260501869,1162.21999999922,2384.732528904657
49612,32.31250260501869,1162.23999999922,2384.7441721897876
49613,32.31250260501869,1162.2599999992199,2384.755815280369
49614,32.31250260501869,1162.2799999992199,2384.7674581764086
49615,32.31250260501869,1162.2999999992198,2384.7791008779127
49616,32.31250260501869,1162.3199999992198,2384.7907433848877
49617,32.31250260501869,1162.3399999992198,2384.8023856973405
49618,32.31250260501869,1162.3599999992198,2384.8140278152778
49619,32.31250260501869,1162.3799999992198,2384.825669738706
49620,32.31250260501869,1162.3999999992197,2384.837311467632
49621,32.31250260501869,1162.4199999992197,2384.848953002062
49622,32.31250260501869,1162.4399999992197,2384.860594342003
49623,32.31250260501869,1162.4599999992197,2384.8722354874617
49624,32.31250260501869,1162.4799999992197,2384.8838764384445
49625,32.31250260501869,1162.4999999992197,2384.895517194958
49626,32.31250260501869,1162.5199999992196,2384.907157757009
49627,32.31250260501869,1162.5399999992196,2384.918798124604
49628,32.31250260501869,1162.5599999992196,2384.93043829775
49629,32.31250260501869,1162.5799999992196,2384.942078276453
49630,32.31250260501869,1162.5999999992196,2384.95371806072
49631,32.31250260501869,1162.6199999992195,2384.9653576505575
49632,32.31250260501869,1162.6399999992195,2384.9769970459724
49633,32.31250260501869,1162.6599999992195,2384.988636246971
49634,32.31250260501869,1162.6799999992195,2385.00027525356
49635,32.31250260501869,1162.6999999992195,2385.011914065746
49636,32.31250260501869,1162.7199999992195,2385.0235526835363
49637,32.31250260501869,1162.7399999992194,2385.0351911069365
49638,32.31250260501869,1162.7599999992194,2385.0468293359577
49639,32.31250260501869,1162.7799999992194,2385.058467370874
49640,32.31250260501869,1162.7999999992194,2385.070105211927
49641,32.31250260501869,1162.8199999992194,2385.0817428591236
49642,32.31250260501869,1162.8399999992193,2385.09338031247
49643,32.31250260501869,1162.8599999992193,2385.1050175719724
49644,32.31250260501869,1162.8799999992193,2385.1166546376385
49645,32.31250260501869,1162.8999999992193,2385.128291509474
49646,32.31250260501869,1162.9199999992193,2385.1399281874856
49647,32.31250260501869,1162.9399999992193,2385.1515646716803
49648,32.31250260501869,1162.9599999992192,2385.1632009620644
49649,32.31250260501869,1162.9799999992192,2385.1748370586447
49650,32.31250260501869,1162.9999999992192,2385.186472961428
49651,32.31250260501869,1163.0199999992192,2385.198108670421
49652,32.31250260501869,1163.0399999992192,2385.2097441856295
49653,32.31250260501869,1163.0599999992191,2385.2213795070606
49654,32.31250260501869,1163.0799999992191,2385.2330146347213
49655,32.31250260501869,1163.099999999219,2385.2446495686177
49656,32.31250260501869,1163.119999999219,2385.256284308756
49657,32.31250260501869,1163.139999999219,2385.267918855144
49658,32.31250260501869,1163.159999999219,2385.2795532077876
49659,32.31250260501869,1163.179999999219,2385.2911873666935
49660,32.31250260501869,1163.199999999219,2385.3028213318685
49661,32.31250260501869,1163.219999999219,2385.314455103319
49662,32.31250260501869,1163.239999999219,2385.3260886810513
49663,32.31250260501869,1163.259999999219,2385.3377220650723
49664,32.31250260501869,1163.279999999219,2385.3493552553887
49665,32.31250260501869,1163.299999999219,2385.3609882520072
49666,32.31250260501869,1163.319999999219,2385.3726210549344
49667,32.31250260501869,1163.339999999219,2385.3842536641764
49668,32.31250260501869,1163.3599999992189,2385.3958860797406
49669,32.31250260501869,1163.3799999992189,2385.407518301633
49670,32.31250260501869,1163.3999999992188,2385.4191503298607
49671,32.31250260501869,1163.4199999992188,2385.4307821644297
49672,32.31250260501869,1163.4399999992188,2385.4424138053473
49673,32.31250260501869,1163.4599999992188,2385.4540452526194
49674,32.31250260501869,1163.4799999992188,2385.465676506253
49675,32.31250260501869,1163.4999999992187,2385.477307566255
49676,32.31250260501869,1163.5199999992187,2385.4889384326316
49677,32.31250260501869,1163.5399999992187,2385.5005691053893
49678,32.31250260501869,1163.5599999992187,2385.512199584535
49679,32.31250260501869,1163.5799999992187,2385.5238298700756
49680,32.31250260501869,1163.5999999992187,2385.535459962017
49681,32.31250260501869,1163.6199999992186,2385.547089860366
49682,32.31250260501869,1163.6399999992186,2385.5587195651296
49683,32.31250260501869,1163.6599999992186,2385.570349076314
49684,32.31250260501869,1163.6799999992186,2385.581978393926
49685,32.31250260501869,1163.6999999992186,2385.593607517972
49686,32.31250260501869,1163.7199999992185,2385.605236448459
49687,32.31250260501869,1163.7399999992185,2385.6168651853936
49688,32.31250260501869,1163.7599999992185,2385.628493728782
49689,32.31250260501869,1163.7799999992185,2385.6401220786406
49690,32.31250260501869,1163.7999999992185,2385.6517502352713
49691,32.31250260501869,1163.8199999992185,2385.6633781988867
49692,32.31250260501869,1163.8399999992184,2385.675005969493
49693,32.31250260501869,1163.8599999992184,2385.6866335470977
49694,32.31250260501869,1163.8799999992184,2385.698260931707
49695,32.31250260501869,1163.8999999992184,2385.7098881233273
49696,32.31250260501869,1163.9199999992184,2385.7215151219657
49697,32.31250260501869,1163.9399999992183,2385.7331419276284
49698,32.31250260501869,1163.9599999992183,2385.744768540322
49699,32.31250260501869,1163.9799999992183,2385.7563949600535
49700,32.31250260501869,1163.9999999992183,2385.768021186829
49701,32.31250260501869,1164.0199999992183,2385.7796472206555
49702,32.31250260501869,1164.0399999992183,2385.7912730615394
49703,32.31250260501869,1164.0599999992182,2385.802898709487
49704,32.31250260501869,1164.0799999992182,2385.8145241645057
49705,32.31250260501869,1164.0999999992182,2385.8261494266017
49706,32.31250260501869,1164.1199999992182,2385.8377744957816
49707,32.31250260501869,1164.1399999992182,2385.849399372052
49708,32.31250260501869,1164.1599999992181,2385.86102405542
49709,32.31250260501869,1164.1799999992181,2385.8726485458915
49710,32.31250260501869,1164.199999999218,2385.8842728434734
49711,32.31250260501869,1164.219999999218,2385.8958969481723
49712,32.31250260501869,1164.239999999218,2385.9075208599947
49713,32.31250260501869,1164.259999999218,2385.9191445789475
49714,32.31250260501869,1164.279999999218,2385.930768105037
49715,32.31250260501869,1164.299999999218,2385.9423914382696
49716,32.31250260501869,1164.319999999218,2385.9540145786527
49717,32.31250260501869,1164.339999999218,2385.9656375261925
49718,32.31250260501869,1164.359999999218,2385.9772602808953
49719,32.31250260501869,1164.379999999218,2385.9888828427684
49720,32.31250260501869,1164.399999999218,2386.0005052118177
49721,32.31250260501869,1164.419999999218,2386.01212738805
49722,32.31250260501869,1164.439999999218,2386.023749371472
49723,32.31250260501869,1164.4599999992179,2386.0353711620905
49724,32.31250260501869,1164.4799999992179,2386.046992759912
49725,32.31250260501869,1164.4999999992178,2386.058614164943
49726,32.31250260501869,1164.5199999992178,2386.07023537719
49727,32.31250260501869,1164.5399999992178,2386.08185639666
49728,32.31250260501869,1164.5599999992178,2386.0934772233595
49729,32.31250260501869,1164.5799999992178,2386.105097857295
49730,32.31250260501869,1164.5999999992177,2386.1167182984727
49731,32.31250260501869,1164.6199999992177,2386.1283385469
49732,32.31250260501869,1164.6399999992177,2386.139958602583
49733,32.31250260501869,1164.6599999992177,2386.1515784655285
49734,32.31250260501869,1164.6799999992177,2386.1631981357427
49735,32.31250260501869,1164.6999999992177,2386.174817613233
49736,32.31250260501869,1164.7199999992176,2386.186436898005
49737,32.31250260501869,1164.7399999992176,2386.198055990066
49738,32.31250260501869,1164.7599999992176,2386.209674889423
49739,32.31250260501869,1164.7799999992176,2386.2212935960815
49740,32.31250260501869,1164.7999999992176,2386.2329121100647
49741,32.31250260501869,1164.8199999992175,2386.244530431698
49742,32.31250260501869,1164.8399999992175,2386.2561485611636
49743,32.31250260501869,1164.8599999992175,2386.2677664984685
49744,32.31250260501869,1164.8799999992175,2386.2793842436195
49745,32.31250260501869,1164.8999999992175,2386.291001796623
49746,32.31250260501869,1164.9199999992175,2386.3026191574854
49747,32.31250260501869,1164.9399999992174,2386.3142363262136
49748,32.31250260501869,1164.9599999992174,2386.3258533028143
49749,32.31250260501869,1164.9799999992174,2386.3374700872937
49750,32.31250260501869,1164.9999999992174,2386.3490866796587
49751,32.31250260501869,1165.0199999992174,2386.3607030799158
49752,32.31250260501869,1165.0399999992173,2386.3723192880716
49753,32.31250260501869,1165.0599999992173,2386.3839353041326
49754,32.31250260501869,1165.0799999992173,2386.3955511281056
49755,32.31250260501869,1165.0999999992173,2386.4071667599974
49756,32.31250260501869,1165.1199999992173,2386.4187821998144
49757,32.31250260501869,1165.1399999992173,2386.4303974475633
49758,32.31250260501869,1165.1599999992172,2386.4420125032507
49759,32.31250260501869,1165.1799999992172,2386.4536273668828
49760,32.31250260501869,1165.1999999992172,2386.465242038467
49761,32.31250260501869,1165.2199999992172,2386.476856518009
49762,32.31250260501869,1165.2399999992172,2386.488470805516
49763,32.31250260501869,1165.2599999992171,2386.500084900995
49764,32.31250260501869,1165.2799999992171,2386.5116988044515
49765,32.31250260501869,1165.299999999217,2386.523312515893
49766,32.31250260501869,1165.319999999217,2386.5349260353255
49767,32.31250260501869,1165.339999999217,2386.546539362756
49768,32.31250260501869,1165.359999999217,2386.5581524981912
49769,32.31250260501869,1165.379999999217,2386.5697654416376
49770,32.31250260501869,1165.399999999217,2386.5813781931015
49771,32.31250260501869,1165.419999999217,2386.5929907525897
49772,32.31250260501869,1165.439999999217,2386.604603120109
49773,32.31250260501869,1165.459999999217,2386.616215295666
49774,32.31250260501869,1165.479999999217,2386.627827279267
49775,32.31250260501869,1165.499999999217,2386.639439070919
49776,32.31250260501869,1165.519999999217,2386.651050670628
49777,32.31250260501869,1165.539999999217,2386.6626620784014
49778,32.31250260501869,1165.5599999992169,2386.6742732942453
49779,32.31250260501869,1165.5799999992169,2386.6858843181667
49780,32.31250260501869,1165.5999999992168,2386.6974951501716
49781,32.31250260501869,1165.6199999992168,2386.709105790267
49782,32.31250260501869,1165.6399999992168,2386.7207162384598
49783,32.31250260501869,1165.6599999992168,2386.732326494756
49784,32.31250260501869,1165.6799999992168,2386.743936559162
49785,32.31250260501869,1165.6999999992167,2386.7555464316856
49786,32.31250260501869,1165.7199999992167,2386.7671561123325
49787,32.31250260501869,1165.7399999992167,2386.7787656011096
49788,32.31250260501869,1165.7599999992167,2386.7903748980234
49789,32.31250260501869,1165.7799999992167,2386.80198400308
49790,32.31250260501869,1165.7999999992167,2386.813592916287
49791,32.31250260501869,1165.8199999992166,2386.825201637672
49792,32.31250260501869,1165.8399999992166,2386.8368101675846
49793,32.31250260501869,1165.8599999992166,2386.8484185061775
49794,32.31250260501869,1165.8799999992166,2386.860026653457
49795,32.31250260501869,1165.8999999992166,2386.8716346094307
49796,32.31250260501869,1165.9199999992165,2386.883242374104
49797,32.31250260501869,1165.9399999992165,2386.894849947484
49798,32.31250260501869,1165.9599999992165,2386.9064573295773
49799,32.31250260501869,1165.9799999992165,2386.9180645203905
49800,32.31250260501869,1165.9999999992165,2386.9296715199303
49801,32.31250260501869,1166.0199999992165,2386.941278328203
49802,32.31250260501869,1166.0399999992164,2386.952884945216
49803,32.31250260501869,1166.0599999992164,2386.964491370975
49804,32.31250260501869,1166.0799999992164,2386.9760976054868
49805,32.31250260501869,1166.0999999992164,2386.9877036487583
49806,32.31250260501869,1166.1199999992164,2386.999309500796
49807,32.31250260501869,1166.1399999992163,2387.010915161606
49808,32.31250260501869,1166.1599999992163,2387.0225206311957
49809,32.31250260501869,1166.1799999992163,2387.0341259095712
49810,32.31250260501869,1166.1999999992163,2387.0457309967396
49811,32.31250260501869,1166.2199999992163,2387.057335892707
49812,32.31250260501869,1166.2399999992163,2387.0689405974804
49813,32.31250260501869,1166.2599999992162,2387.0805451110664
49814,32.31250260501869,1166.2799999992162,2387.092149433471
49815,32.31250260501869,1166.2999999992162,2387.1037535647015
49816,32.31250260501869,1166.3199999992162,2387.1153575047642
49817,32.31250260501869,1166.3399999992162,2387.1269612536657
49818,32.31250260501869,1166.3599999992161,2387.138564811413
49819,32.31250260501869,1166.3799999992161,2387.150168178012
49820,32.31250260501869,1166.399999999216,2387.1617713534697
49821,32.31250260501869,1166.419999999216,2387.1733743377927
49822,32.31250260501869,1166.439999999216,2387.1849771309876
49823,32.31250260501869,1166.459999999216,2387.196579733061
49824,32.31250260501869,1166.479999999216,2387.2081821440192
49825,32.31250260501869,1166.499999999216,2387.2197843638696
49826,32.31250260501869,1166.519999999216,2387.2313863926183
49827,32.31250260501869,1166.539999999216,2387.2429882302717
49828,32.31250260501869,1166.559999999216,2387.2545898768367
49829,32.31250260501869,1166.579999999216,2387.26619133232
49830,32.31250260501869,1166.599999999216,2387.277792596728
49831,32.31250260501869,1166.619999999216,2387.289393670067
49832,32.31250260501869,1166.639999999216,2387.300994552344
49833,32.31250260501869,1166.6599999992159,2387.3125952435657
49834,32.31250260501869,1166.6799999992159,2387.3241957437385
49835,32.31250260501869,1166.6999999992158,2387.3357960528692
49836,32.31250260501869,1166.7199999992158,2387.347396170964
49837,32.31250260501869,1166.7399999992158,2387.3589960980303
49838,32.31250260501869,1166.7599999992158,2387.370595834074
49839,32.31250260501869,1166.7799999992158,2387.382195379101
49840,32.31250260501869,1166.7999999992157,2387.3937947331196
49841,32.31250260501869,1166.8199999992157,2387.4053938961356
49842,32.31250260501869,1166.8399999992157,2387.4169928681845
49843,32.31250260501869,1166.8599999992157,2387.4285916496588
49844,32.31250260501869,1166.8799999992157,2387.4401902406867
49845,32.31250260501869,1166.8999999992157,2387.451788641275
49846,32.31250260501869,1166.9199999992156,2387.4633868514306
49847,32.31250260501869,1166.9399999992156,2387.4749848711594
49848,32.31250260501869,1166.9599999992156,2387.4865827004687
49849,32.31250260501869,1166.9799999992156,2387.498180339365
49850,32.31250260501869,1166.9999999992156,2387.509777787854
49851,32.31250260501869,1167.0199999992155,2387.5213750459434
49852,32.31250260501869,1167.0399999992155,2387.5329721136395
49853,32.267640529717006,1167.0599999992155,2387.544568990949
49854,32.267640529717006,1167.0799999992155,2387.5561656778777
49855,32.267640529717006,1167.0999999992155,2387.567762174433
49856,32.267640529717006,1167.1199999992155,2387.5793584806215
49857,32.267640529717006,1167.1399999992154,2387.5909545964496
49858,32.267640529717006,1167.1599999992154,2387.602550521924
49859,32.267640529717006,1167.1799999992154,2387.6141462570513
49860,32.267640529717006,1167.1999999992154,2387.625741801838
49861,32.267640529717006,1167.2199999992154,2387.637337156291
49862,32.267640529717006,1167.2399999992153,2387.648932320416
49863,32.267640529717006,1167.2599999992153,2387.6605272942206
49864,32.267640529717006,1167.2799999992153,2387.672122077711
49865,32.267640529717006,1167.2999999992153,2387.683716670894
49866,32.267640529717006,1167.3199999992153,2387.6953110737754
49867,32.267640529717006,1167.3399999992153,2387.706905286363
49868,32.267640529717006,1167.3599999992152,2387.7184993086626
49869,32.267640529717006,1167.3799999992152,2387.730093140681
49870,32.267640529717006,1167.3999999992152,2387.741686782425
49871,32.267640529717006,1167.4199999992152,2387.753280233901
49872,32.267640529717006,1167.4399999992152,2387.764873495116
49873,32.267640529717006,1167.4599999992151,2387.7764665660757
49874,32.267640529717006,1167.4799999992151,2387.7880594467874
49875,32.267640529717006,1167.499999999215,2387.7996521372575
49876,32.267640529717006,1167.519999999215,2387.8112446374926
49877,32.267640529717006,1167.539999999215,2387.822836947499
49878,32.267640529717006,1167.559999999215,2387.834429067284
49879,32.267640529717006,1167.579999999215,2387.846020996854
49880,32.267640529717006,1167.599999999215,2387.8576127362153
49881,32.267640529717006,1167.619999999215,2387.8692042853745
49882,32.267640529717006,1167.639999999215,2387.8807956443384
49883,32.267640529717006,1167.659999999215,2387.8923868131133
49884,32.267640529717006,1167.679999999215,2387.903977791706
49885,32.267640529717006,1167.699999999215,2387.9155685801234
49886,32.267640529717006,1167.719999999215,2387.9271591783718
49887,32.267640529717006,1167.739999999215,2387.9387495864576
49888,32.267640529717006,1167.7599999992149,2387.9503398043876
49889,32.267640529717006,1167.7799999992149,2387.9619298321686
49890,32.267640529717006,1167.7999999992148,2387.973519669807
49891,32.267640529717006,1167.8199999992148,2387.9851093173093
49892,32.267640529717006,1167.8399999992148,2387.996698774682
49893,32.267640529717006,1167.8599999992148,2388.0082880419636
49894,32.267640529717006,1167.8799999992148,2388.0198771195255
49895,32.267640529717006,1167.8999999992147,2388.0314660074546
49896,32.267640529717006,1167.9199999992147,2388.0430547057576
49897,32.267640529717006,1167.9399999992147,2388.054643214441
49898,32.267640529717006,1167.9599999992147,2388.0662315335117
49899,32.267640529717006,1167.9799999992147,2388.077819662976
49900,32.267640529717006,1167.9999999992147,2388.08940760284
49901,32.267640529717006,1168.0199999992146,2388.100995353111
49902,32.267640529717006,1168.0399999992146,2388.1125829137954
49903,32.267640529717006,1168.0599999992146,2388.1241702848997
49904,32.267640529717006,1168.0799999992146,2388.1357574664307
49905,32.267640529717006,1168.0999999992146,2388.147344458395
49906,32.267640529717006,1168.1199999992145,2388.158931260799
49907,32.267640529717006,1168.1399999992145,2388.1705178736493
49908,32.267640529717006,1168.1599999992145,2388.1821042969527
49909,32.267640529717006,1168.1799999992145,2388.1936905307157
49910,32.267640529717006,1168.1999999992145,2388.2052765749445
49911,32.267640529717006,1168.2199999992145,2388.2168624296464
49912,32.267640529717006,1168.2399999992144,2388.2284480948274
49913,32.267640529717006,1168.2599999992144,2388.2400335704947
49914,32.267640529717006,1168.2799999992144,2388.251618856654
49915,32.267640529717006,1168.2999999992144,2388.2632039533128
49916,32.267640529717006,1168.3199999992144,2388.274788860477
49917,32.267640529717006,1168.3399999992143,2388.286373578154
49918,32.267640529717006,1168.3599999992143,2388.2979581063496
49919,32.267640529717006,1168.3799999992143,2388.3095424450707
49920,32.267640529717006,1168.3999999992143,2388.321126594324
49921,32.267640529717006,1168.4199999992143,2388.332710554116
49922,32.267640529717006,1168.4399999992143,2388.3442943244536
49923,32.267640529717006,1168.4599999992142,2388.355877905343
49924,32.267640529717006,1168.4799999992142,2388.3674612967907
49925,32.267640529717006,1168.4999999992142,2388.3790444988035
49926,32.267640529717006,1168.5199999992142,2388.390627511388
49927,32.267640529717006,1168.5399999992142,2388.402210334551
49928,32.267640529717006,1168.5599999992141,2388.413792968299
49929,32.267640529717006,1168.5799999992141,2388.425375412638
49930,32.267640529717006,1168.599999999214,2388.436957667575
49931,32.267640529717006,1168.619999999214,2388.448539733117
49932,32.267640529717006,1168.639999999214,2388.4601216092697
49933,32.267640529717006,1168.659999999214,2388.4717032960407
49934,32.267640529717006,1168.679999999214,2388.483284793436
49935,32.267640529717006,1168.699999999214,2388.494866101462
49936,32.267640529717006,1168.719999999214,2388.5064472201257
49937,32.267640529717006,1168.739999999214,2388.5180281494336
49938,32.267640529717006,1168.759999999214,2388.5296088893924
49939,32.267640529717006,1168.779999999214,2388.5411894400086
49940,32.267640529717006,1168.799999999214,2388.552769801289
49941,32.267640529717006,1168.819999999214,2388.5643499732396
49942,32.267640529717006,1168.839999999214,2388.5759299558677
49943,32.267640529717006,1168.8599999992139,2388.5875097491794
49944,32.267640529717006,1168.8799999992139,2388.5990893532207
49945,32.267640529717006,1168.8999999992138,2388.610668768408
49946,32.267640529717006,1168.9199999992138,2388.622247994802
49947,32.267640529717006,1168.9399999992138,2388.63382703241
49948,32.267640529717006,1168.9599999992138,2388.6454058812387
49949,32.267640529717006,1168.9799999992138,2388.6569845412946
49950,32.267640529717006,1168.9999999992137,2388.668563012584
49951,32.267640529717006,1169.0199999992137,2388.6801412951136
49952,32.267640529717006,1169.0399999992137,2388.6917193888903
49953,32.267640529717006,1169.0599999992137,2388.7032972939205
49954,32.267640529717006,1169.0799999992137,2388.7148750102106
49955,32.267640529717006,1169.0999999992137,2388.7264525377673
49956,32.267640529717006,1169.1199999992136,2388.7380298765975
49957,32.267640529717006,1169.1399999992136,2388.7496070267075
49958,32.267640529717006,1169.1599999992136,2388.7611839881038
49959,32.267640529717006,1169.1799999992136,2388.772760760793
49960,32.267640529717006,1169.1999999992136,2388.7843373447818
49961,32.267640529717006,1169.2199999992135,2388.7959137400767
49962,32.267640529717006,1169.2399999992135,2388.8074899466847
49963,32.267640529717006,1169.2599999992135,2388.819065964612
49964,32.267640529717006,1169.2799999992135,2388.830641793865
49965,32.267640529717006,1169.2999999992135,2388.842217434451
49966,32.267640529717006,1169.3199999992135,2388.853792886376
49967,32.267640529717006,1169.3399999992134,2388.865368149647
49968,32.267640529717006,1169.3599999992134,2388.8769432242702
49969,32.267640529717006,1169.3799999992134,2388.8885181102523
49970,32.267640529717006,1169.3999999992134,2388.9000928076
49971,32.267640529717006,1169.4199999992134,2388.9116673163194
49972,32.267640529717006,1169.4399999992133,2388.923241636418
49973,32.267640529717006,1169.4599999992133,2388.9348157679015
49974,32.267640529717006,1169.4799999992133,2388.946389710777
49975,32.267640529717006,1169.4999999992133,2388.9579634650513
49976,32.267640529717006,1169.5199999992133,2388.9695370307304
49977,32.267640529717006,1169.5399999992133,2388.9811104078212
49978,32.267640529717006,1169.5599999992132,2388.99268359633
49979,32.267640529717006,1169.5799999992132,2389.004256596264
49980,32.267640529717006,1169.5999999992132,2389.015829407629
49981,32.267640529717006,1169.6199999992132,2389.0274020304323
49982,32.267640529717006,1169.6399999992132,2389.0389744646805
49983,32.267640529717006,1169.6599999992131,2389.0505467103794
49984,32.267640529717006,1169.6799999992131,2389.0621187675365
49985,32.267640529717006,1169.699999999213,2389.0736906361576
49986,32.267640529717006,1169.719999999213,2389.08526231625
49987,32.267640529717006,1169.739999999213,2389.0968338078196
49988,32.267640529717006,1169.759999999213,2389.1084051108737
49989,32.267640529717006,1169.779999999213,2389.119976225418
49990,32.267640529717006,1169.799999999213,2389.1315471514604
49991,32.267640529717006,1169.819999999213,2389.143117889006
49992,32.267640529717006,1169.839999999213,2389.1546884380627
49993,32.267640529717006,1169.859999999213,2389.166258798636
49994,32.267640529717006,1169.879999999213,2389.177828970733
49995,32.267640529717006,1169.899999999213,2389.189398954419
49996,32.267640529717006,1169.919999999213,2389.2009687501068
49997,32.267640529717006,1169.939999999213,2389.2125383578414
49998,32.267640529717006,1169.9599999992129,2389.2241077776293
49999,32.267640529717006,1169.9799999992129,2389.2356770094775
50000,32.267640529717006,1169.9999999992128,2389.2472460533922
50001,32.267640529717006,1170.0199999992128,2389.2588149093804
50002,32.267640529717006,1170.0399999992128,2389.2703835774482
50003,32.267640529717006,1170.0599999992128,2389.2819520576027
50004,32.267640529717006,1170.0799999992128,2389.29352034985
50005,32.267640529717006,1170.0999999992127,2389.305088454197
50006,32.267640529717006,1170.1199999992127,2389.3166563706504
50007,32.267640529717006,1170.1399999992127,2389.328224099216
50008,32.267640529717006,1170.1599999992127,2389.3397916399017
50009,32.267640529717006,1170.1799999992127,2389.351358992713
50010,32.267640529717006,1170.1999999992127,2389.3629261576566
50011,32.267640529717006,1170.2199999992126,2389.3744931347396
50012,32.267640529717006,1170.2399999992126,2389.3860599239683
50013,32.267640529717006,1170.2599999992126,2389.3976265253496
50014,32.267640529717006,1170.2799999992126,2389.4091929388896
50015,32.267640529717006,1170.2999999992126,2389.420759164595
50016,32.267640529717006,1170.3199999992125,2389.4323252024724
50017,32.267640529717006,1170.3399999992125,2389.4438910525287
50018,32.267640529717006,1170.3599999992125,2389.45545671477
50019,32.267640529717006,1170.3799999992125,2389.4670221892034
50020,32.267640529717006,1170.3999999992125,2389.478587475835
50021,32.267640529717006,1170.4199999992125,2389.490152574672
50022,32.267640529717006,1170.4399999992124,2389.5017174857203
50023,32.267640529717006,1170.4599999992124,2389.5132822089868
50024,32.267640529717006,1170.4799999992124,2389.524846744478
50025,32.267640529717006,1170.4999999992124,2389.536411092201
50026,32.267640529717006,1170.5199999992124,2389.547975252162
50027,32.267640529717006,1170.5399999992123,2389.559539224367
50028,32.267640529717006,1170.5599999992123,2389.5711030088237
50029,32.267640529717006,1170.5799999992123,2389.5826666055377
50030,32.267640529717006,1170.5999999992123,2389.594230014516
50031,32.267640529717006,1170.6199999992123,2389.6057932357658
50032,32.267640529717006,1170.6399999992123,2389.6173562692925
50033,32.267640529717006,1170.6599999992122,2389.6289191151036
50034,32.267640529717006,1170.6799999992122,2389.640481773205
50035,32.267640529717006,1170.6999999992122,2389.652044243604
50036,32.267640529717006,1170.7199999992122,2389.6636065263065
50037,32.267640529717006,1170.7399999992122,2389.6751686213197
50038,32.267640529717006,1170.7599999992121,2389.6867305286496
50039,32.267640529717006,1170.7799999992121,2389.6982922483035
50040,32.267640529717006,1170.799999999212,2389.709853780287
50041,32.267640529717006,1170.819999999212,2389.7214151246076
50042,32.267640529717006,1170.839999999212,2389.7329762812715
50043,32.267640529717006,1170.859999999212,2389.7445372502852
50044,32.267640529717006,1170.879999999212,2389.7560980316557
50045,32.267640529717006,1170.899999999212,2389.7676586253892
50046,32.267640529717006,1170.919999999212,2389.7792190315804
50047,32.267640529717006,1170.939999999212,2389.7907792506185
50048,32.267640529717006,1170.959999999212,2389.8023392825426
50049,32.267640529717006,1170.979999999212,2389.813899127359
50050,32.267640529717006,1170.999999999212,2389.8254587850747
50051,32.267640529717006,1171.019999999212,2389.8370182556964
50052,32.267640529717006,1171.039999999212,2389.8485775392305
50053,32.267640529717006,1171.0599999992119,2389.8601366356834
50054,32.267640529717006,1171.0799999992119,2389.871695545062
50055,32.267640529717006,1171.0999999992118,2389.883254267372
50056,32.267640529717006,1171.1199999992118,2389.8948128026213
50057,32.267640529717006,1171.1399999992118,2389.9063711508156
50058,32.267640529717006,1171.1599999992118,2389.917929311962
50059,32.267640529717006,1171.1799999992118,2389.9294872860664
50060,32.267640529717006,1171.1999999992117,2389.941045073136
50061,32.267640529717006,1171.2199999992117,2389.9526026731774
50062,32.267640529717006,1171.2399999992117,2389.964160086197
50063,32.267640529717006,1171.2599999992117,2389.975717312201
50064,32.267640529717006,1171.2799999992117,2389.987274351197
50065,32.267640529717006,1171.2999999992116,2389.9988312031905
50066,32.267640529717006,1171.3199999992116,2390.0103878690106
50067,32.267640529717006,1171.3399999992116,2390.021944349786
50068,32.267640529717006,1171.3599999992116,2390.0335006455566
50069,32.267640529717006,1171.3799999992116,2390.0450567563294
50070,32.267640529717006,1171.3999999992116,2390.056612682111
50071,32.267640529717006,1171.4199999992115,2390.0681684229075
50072,32.267640529717006,1171.4399999992115,2390.0797239787266
50073,32.267640529717006,1171.4599999992115,2390.0912793495745
50074,32.267640529717006,1171.4799999992115,2390.102834535458
50075,32.267640529717006,1171.4999999992115,2390.114389536384
50076,32.267640529717006,1171.5199999992114,2390.1259443523586
50077,32.267640529717006,1171.5399999992114,2390.1374989833894
50078,32.267640529717006,1171.5599999992114,2390.1490534294826
50079,32.267640529717006,1171.5799999992114,2390.160607690645
50080,32.267640529717006,1171.5999999992114,2390.172161766883
50081,32.267640529717006,1171.6199999992114,2390.183715658204
50082,32.267640529717006,1171.6399999992113,2390.1952693646144
50083,32.267640529717006,1171.6599999992113,2390.206822886121
50084,32.267640529717006,1171.6799999992113,2390.21837622273
50085,32.267640529717006,1171.6999999992113,2390.2299293744486
50086,32.267640529717006,1171.7199999992113,2390.2414823412837
50087,32.267640529717006,1171.7399999992112,2390.2530351232417
50088,32.267640529717006,1171.7599999992112,2390.2645877203295
50089,32.267640529717006,1171.7799999992112,2390.276140132554
50090,32.267640529717006,1171.7999999992112,2390.287692359921
50091,32.267640529717006,1171.8199999992112,2390.299244402438
50092,32.267640529717006,1171.8399999992112,2390.3107962601116
50093,32.267640529717006,1171.8599999992111,2390.3223479329486
50094,32.267640529717006,1171.8799999992111,2390.3338994209557
50095,32.267640529717006,1171.899999999211,2390.3454507241395
50096,32.267640529717006,1171.919999999211,2390.3570018425066
50097,32.267640529717006,1171.939999999211,2390.368552776188
50098,32.267640529717006,1171.959999999211,2390.3801035255674
50099,32.267640529717006,1171.979999999211,2390.3916540906794
50100,32.267640529717006,1171.999999999211,2390.403204471531
50101,32.267640529717006,1172.019999999211,2390.414754668129
50102,32.267640529717006,1172.039999999211,2390.4263046804795
50103,32.267640529717006,1172.059999999211,2390.4378545085897
50104,32.267640529717006,1172.079999999211,2390.4494041524663
50105,32.267640529717006,1172.099999999211,2390.460953612116
50106,32.267640529717006,1172.119999999211,2390.4725028875455
50107,32.267640529717006,1172.1399999992109,2390.4840519787617
50108,32.267640529717006,1172.1599999992109,2390.495600885771
50109,32.267640529717006,1172.1799999992108,2390.5071496085807
50110,32.267640529717006,1172.1999999992108,2390.518698147197
50111,32.267640529717006,1172.2199999992108,2390.5302465016266
50112,32.267640529717006,1172.2399999992108,2390.5417946718767
50113,32.267640529717006,1172.2599999992108,2390.5533426579536
50114,32.267640529717006,1172.2799999992108,2390.5648904598643
50115,32.267640529717006,1172.2999999992107,2390.576438077615
50116,32.267640529717006,1172.3199999992107,2390.587985511213
50117,32.267640529717006,1172.3399999992107,2390.5995327606647
50118,32.267640529717006,1172.3599999992107,2390.611079825977
50119,32.267640529717006,1172.3799999992107,2390.6226267071565
50120,32.267640529717006,1172.3999999992106,2390.6341734042103
50121,32.267640529717006,1172.4199999992106,2390.645719917145
50122,32.267640529717006,1172.4399999992106,2390.657266245967
50123,32.267640529717006,1172.4599999992106,2390.6688123906833
50124,32.267640529717006,1172.4799999992106,2390.6803583513006
50125,32.267640529717006,1172.4999999992106,2390.6919041278256
50126,32.267640529717006,1172.5199999992105,2390.703449720265
50127,32.267640529717006,1172.5399999992105,2390.7149951286256
50128,32.267640529717006,1172.5599999992105,2390.726540352914
50129,32.267640529717006,1172.5799999992105,2390.7380853931368
50130,32.222882167861925,1172.5999999992105,2390.749630249301
50131,32.222882167861925,1172.6199999992104,2390.7611749214134
50132,32.222882167861925,1172.6399999992104,2390.7727194094805
50133,32.222882167861925,1172.6599999992104,2390.784263713509
50134,32.222882167861925,1172.6799999992104,2390.795807833506
50135,32.222882167861925,1172.6999999992104,2390.8073517694775
50136,32.222882167861925,1172.7199999992104,2390.818895521431
50137,32.222882167861925,1172.7399999992103,2390.8304390893727
50138,32.222882167861925,1172.7599999992103,2390.8419824733096
50139,32.222882167861925,1172.7799999992103,2390.8535256732484
50140,32.222882167861925,1172.7999999992103,2390.8650686891956
50141,32.222882167861925,1172.8199999992103,2390.8766115211583
50142,32.222882167861925,1172.8399999992102,2390.888154169143
50143,32.222882167861925,1172.8599999992102,2390.8996966331565
50144,32.222882167861925,1172.8799999992102,2390.9112389132056
50145,32.222882167861925,1172.8999999992102,2390.9227810092966
50146,32.222882167861925,1172.9199999992102,2390.9343229214364
50147,32.222882167861925,1172.9399999992102,2390.945864649632
50148,32.222882167861925,1172.9599999992101,2390.957406194028
50149,32.222882167861925,1172.9799999992101,2390.9689475549435
50150,32.222882167861925,1172.99999999921,2390.980488732405
50151,32.222882167861925,1173.01999999921,2390.992029726419
50152,32.222882167861925,1173.03999999921,2391.0035705369924
50153,32.222882167861925,1173.05999999921,2391.015111164132
50154,32.222882167861925,1173.07999999921,2391.0266516078445
50155,32.222882167861925,1173.09999999921,2391.0381918681364
50156,32.222882167861925,1173.11999999921,2391.0497319450146
50157,32.222882167861925,1173.13999999921,2391.061271838486
50158,32.222882167861925,1173.15999999921,2391.072811548557
50159,32.222882167861925,1173.17999999921,2391.0843510752347
50160,32.222882167861925,1173.19999999921,2391.095890418526
50161,32.222882167861925,1173.21999999921,2391.107429578437
50162,32.222882167861925,1173.2399999992099,2391.1189685549743
50163,32.222882167861925,1173.2599999992099,2391.1305073481453
50164,32.222882167861925,1173.2799999992098,2391.1420459579567
50165,32.222882167861925,1173.2999999992098,2391.153584384415
50166,32.222882167861925,1173.3199999992098,2391.1651226275267
50167,32.222882167861925,1173.3399999992098,2391.176660687299
50168,32.222882167861925,1173.3599999992098,2391.1881985637383
50169,32.222882167861925,1173.3799999992098,2391.1997362568513
50170,32.222882167861925,1173.3999999992097,2391.2112737666453
50171,32.222882167861925,1173.4199999992097,2391.2228110931264
50172,32.222882167861925,1173.4399999992097,2391.2343482363017
50173,32.222882167861925,1173.4599999992097,2391.245885196178
50174,32.222882167861925,1173.4799999992097,2391.257421972761
50175,32.222882167861925,1173.4999999992096,2391.268958566059
50176,32.222882167861925,1173.5199999992096,2391.280494976078
50177,32.222882167861925,1173.5399999992096,2391.2920312028245
50178,32.222882167861925,1173.5599999992096,2391.3035672463056
50179,32.222882167861925,1173.5799999992096,2391.3151031065277
50180,32.222882167861925,1173.5999999992096,2391.326638783498
50181,32.222882167861925,1173.6199999992095,2391.3381742772226
50182,32.222882167861925,1173.6399999992095,2391.3497095877087
50183,32.222882167861925,1173.6599999992095,2391.361244714963
50184,32.222882167861925,1173.6799999992095,2391.3727796589924
50185,32.222882167861925,1173.6999999992095,2391.384314419803
50186,32.222882167861925,1173.7199999992094,2391.395848997402
50187,32.222882167861925,1173.7399999992094,2391.407383391796
50188,32.222882167861925,1173.7599999992094,2391.4189176029918
50189,32.222882167861925,1173.7799999992094,2391.4304516309962
50190,32.222882167861925,1173.7999999992094,2391.4419854758157
50191,32.222882167861925,1173.8199999992094,2391.4535191374575
50192,32.222882167861925,1173.8399999992093,2391.465052615928
50193,32.222882167861925,1173.8599999992093,2391.476585911234
50194,32.222882167861925,1173.8799999992093,2391.488119023382
50195,32.222882167861925,1173.8999999992093,2391.499651952379
50196,32.222882167861925,1173.9199999992093,2391.5111846982313
50197,32.222882167861925,1173.9399999992092,2391.522717260946
50198,32.222882167861925,1173.9599999992092,2391.53424964053
50199,32.222882167861925,1173.9799999992092,2391.545781837165
50200,32.222882167861925,1173.9999999992092,2391.5573138511654
50201,32.222882167861925,1174.0199999992092,2391.5688456825524
50202,32.222882167861925,1174.0399999992092,2391.580377331333
50203,32.222882167861925,1174.0599999992091,2391.5919087975135
50204,32.222882167861925,1174.0799999992091,2391.603440081101
50205,32.222882167861925,1174.099999999209,2391.614971182102
50206,32.222882167861925,1174.119999999209,2391.626502100524
50207,32.222882167861925,1174.139999999209,2391.6380328363725
50208,32.222882167861925,1174.159999999209,2391.649563389655
50209,32.222882167861925,1174.179999999209,2391.661093760378
50210,32.222882167861925,1174.199999999209,2391.672623948549
50211,32.222882167861925,1174.219999999209,2391.6841539541733
50212,32.222882167861925,1174.239999999209,2391.6956837772586
50213,32.222882167861925,1174.259999999209,2391.7072134178115
50214,32.222882167861925,1174.279999999209,2391.7187428758384
50215,32.222882167861925,1174.299999999209,2391.7302721513465
50216,32.222882167861925,1174.319999999209,2391.7418012443422
50217,32.222882167861925,1174.3399999992089,2391.7533301548324
50218,32.222882167861925,1174.3599999992089,2391.764858882824
50219,32.222882167861925,1174.3799999992088,2391.7763874283232
50220,32.222882167861925,1174.3999999992088,2391.7879157913376
50221,32.222882167861925,1174.4199999992088,2391.799443971873
50222,32.222882167861925,1174.4399999992088,2391.810971969937
50223,32.222882167861925,1174.4599999992088,2391.8224997855355
50224,32.222882167861925,1174.4799999992088,2391.8340274186758
50225,32.222882167861925,1174.4999999992087,2391.8455548693646
50226,32.222882167861925,1174.5199999992087,2391.8570821376084
50227,32.222882167861925,1174.5399999992087,2391.868609223414
50228,32.222882167861925,1174.5599999992087,2391.880136126788
50229,32.222882167861925,1174.5799999992087,2391.8916628477373
50230,32.222882167861925,1174.5999999992086,2391.903189386269
50231,32.222882167861925,1174.6199999992086,2391.914715742389
50232,32.222882167861925,1174.6399999992086,2391.926241916105
50233,32.222882167861925,1174.6599999992086,2391.937767907423
50234,32.222882167861925,1174.6799999992086,2391.9492937163504
50235,32.222882167861925,1174.6999999992086,2391.960819342893
50236,32.222882167861925,1174.7199999992085,2391.9723447870583
50237,32.222882167861925,1174.7399999992085,2391.9838700488526
50238,32.222882167861925,1174.7599999992085,2391.995395128283
50239,32.222882167861925,1174.7799999992085,2392.0069200253556
50240,32.222882167861925,1174.7999999992085,2392.018444740078
50241,32.222882167861925,1174.8199999992084,2392.029969272456
50242,32.222882167861925,1174.8399999992084,2392.0414936224975
50243,32.222882167861925,1174.8599999992084,2392.0530177902083
50244,32.222882167861925,1174.8799999992084,2392.0645417755954
50245,32.222882167861925,1174.8999999992084,2392.0760655786653
50246,32.222882167861925,1174.9199999992084,2392.087589199425
50247,32.222882167861925,1174.9399999992083,2392.0991126378813
50248,32.222882167861925,1174.9599999992083,2392.1106358940406
50249,32.222882167861925,1174.9799999992083,2392.12215896791
50250,32.222882167861925,1174.9999999992083,2392.1336818597006
50251,32.222882167861925,1175.0199999992083,2392.1452045697033
50252,32.222882167861925,1175.0399999992082,2392.156727097934
50253,32.222882167861925,1175.0599999992082,2392.168249444399
50254,32.222882167861925,1175.0799999992082,2392.1797716091055
50255,32.222882167861925,1175.0999999992082,2392.19129359206
50256,32.222882167861925,1175.1199999992082,2392.202815393269
50257,32.222882167861925,1175.1399999992082,2392.214337012739
50258,32.222882167861925,1175.1599999992081,2392.225858450478
50259,32.222882167861925,1175.1799999992081,2392.2373797064915
50260,32.222882167861925,1175.199999999208,2392.2489007807867
50261,32.222882167861925,1175.219999999208,2392.2604216733703
50262,32.222882167861925,1175.239999999208,2392.271942384249
50263,32.222882167861925,1175.259999999208,2392.2834629134295
50264,32.222882167861925,1175.279999999208,2392.294983260919
50265,32.222882167861925,1175.299999999208,2392.3065034267233
50266,32.222882167861925,1175.319999999208,2392.31802341085
50267,32.222882167861925,1175.339999999208,2392.3295432133054
50268,32.222882167861925,1175.359999999208,2392.341062834096
50269,32.222882167861925,1175.379999999208,2392.3525822732295
50270,32.222882167861925,1175.399999999208,2392.3641015307117
50271,32.222882167861925,1175.419999999208,2392.3756206065495
50272,32.222882167861925,1175.4399999992079,2392.38713950075
50273,32.222882167861925,1175.4599999992079,2392.39865821332
50274,32.222882167861925,1175.4799999992078,2392.4101767442653
50275,32.222882167861925,1175.4999999992078,2392.421695093594
50276,32.222882167861925,1175.5199999992078,2392.4332132613117
50277,32.222882167861925,1175.5399999992078,2392.444731247426
50278,32.222882167861925,1175.5599999992078,2392.456249051943
50279,32.222882167861925,1175.5799999992078,2392.4677666748694
50280,32.222882167861925,1175.5999999992077,2392.479284116212
50281,32.222882167861925,1175.6199999992077,2392.490801375978
50282,32.222882167861925,1175.6399999992077,2392.502318454174
50283,32.222882167861925,1175.6599999992077,2392.5138353508064
50284,32.222882167861925,1175.6799999992077,2392.525352065882
50285,32.222882167861925,1175.6999999992076,2392.5368685994076
50286,32.222882167861925,1175.7199999992076,2392.5483849513903
50287,32.222882167861925,1175.7399999992076,2392.5599011218364
50288,32.222882167861925,1175.7599999992076,2392.571417110753
50289,32.222882167861925,1175.7799999992076,2392.582932918146
50290,32.222882167861925,1175.7999999992076,2392.594448544023
50291,32.222882167861925,1175.8199999992075,2392.6059639883906
50292,32.222882167861925,1175.8399999992075,2392.617479251255
50293,32.222882167861925,1175.8599999992075,2392.6289943326237
50294,32.222882167861925,1175.8799999992075,2392.640509232503
50295,32.222882167861925,1175.8999999992075,2392.6520239508995
50296,32.222882167861925,1175.9199999992074,2392.66353848782
50297,32.222882167861925,1175.9399999992074,2392.6750528432713
50298,32.222882167861925,1175.9599999992074,2392.68656701726
50299,32.222882167861925,1175.9799999992074,2392.6980810097934
50300,32.222882167861925,1175.9999999992074,2392.709594820878
50301,32.222882167861925,1176.0199999992074,2392.721108450754
50302,32.222882167861925,1176.0399999992073,2392.7326218996895
50303,32.222882167861925,1176.0599999992073,2392.744135167694
50304,32.222882167861925,1176.0799999992073,2392.755648254774
50305,32.222882167861925,1176.0999999992073,2392.7671611609367
50306,32.222882167861925,1176.1199999992073,2392.7786738861887
50307,32.222882167861925,1176.1399999992072,2392.7901864305363
50308,32.222882167861925,1176.1599999992072,2392.801698793987
50309,32.222882167861925,1176.1799999992072,2392.8132109765465
50310,32.222882167861925,1176.1999999992072,2392.824722978223
50311,32.222882167861925,1176.2199999992072,2392.836234799022
50312,32.222882167861925,1176.2399999992072,2392.8477464389507
50313,32.222882167861925,1176.2599999992071,2392.8592578980156
50314,32.222882167861925,1176.2799999992071,2392.870769176224
50315,32.222882167861925,1176.299999999207,2392.8822802735817
50316,32.222882167861925,1176.319999999207,2392.893791190096
50317,32.222882167861925,1176.339999999207,2392.905301925774
50318,32.222882167861925,1176.359999999207,2392.916812480622
50319,32.222882167861925,1176.379999999207,2392.9283228546465
50320,32.222882167861925,1176.399999999207,2392.939833047855
50321,32.222882167861925,1176.419999999207,2392.9513430602533
50322,32.222882167861925,1176.439999999207,2392.962852891849
50323,32.222882167861925,1176.459999999207,2392.974362542648
50324,32.222882167861925,1176.479999999207,2392.9858720126576
50325,32.222882167861925,1176.499999999207,2392.9973813018846
50326,32.222882167861925,1176.519999999207,2393.0088904103354
50327,32.222882167861925,1176.5399999992069,2393.020399338017
50328,32.222882167861925,1176.5599999992069,2393.031908084936
50329,32.222882167861925,1176.5799999992068,2393.043416651099
50330,32.222882167861925,1176.5999999992068,2393.054925036513
50331,32.222882167861925,1176.6199999992068,2393.0664332411843
50332,32.222882167861925,1176.6399999992068,2393.0779412651204
50333,32.222882167861925,1176.6599999992068,2393.0894491083277
50334,32.222882167861925,1176.6799999992068,2393.1009567708124
50335,32.222882167861925,1176.6999999992067,2393.112464252582
50336,32.222882167861925,1176.7199999992067,2393.1239715536426
50337,32.222882167861925,1176.7399999992067,2393.135478674001
50338,32.222882167861925,1176.7599999992067,2393.1469856136646
50339,32.222882167861925,1176.7799999992067,2393.1584923726396
50340,32.222882167861925,1176.7999999992066,2393.169998950933
50341,32.222882167861925,1176.8199999992066,2393.181505348551
50342,32.222882167861925,1176.8399999992066,2393.193011565501
50343,32.222882167861925,1176.8599999992066,2393.204517601789
50344,32.222882167861925,1176.8799999992066,2393.2160234574226
50345,32.222882167861925,1176.8999999992066,2393.227529132408
50346,32.222882167861925,1176.9199999992065,2393.239034626752
50347,32.222882167861925,1176.9399999992065,2393.2505399404613
50348,32.222882167861925,1176.9599999992065,2393.2620450735426
50349,32.222882167861925,1176.9799999992065,2393.273550026003
50350,32.222882167861925,1176.9999999992065,2393.2850547978487
50351,32.222882167861925,1177.0199999992064,2393.2965593890895
50352,32.222882167861925,1177.0399999992064,2393.308063799996
50353,32.222882167861925,1177.0599999992064,2393.3195680308127
50354,32.222882167861925,1177.0799999992064,2393.331072081546
50355,32.222882167861925,1177.0999999992064,2393.342575952203
50356,32.222882167861925,1177.1199999992064,2393.35407964279
50357,32.222882167861925,1177.1399999992063,2393.365583153314
50358,32.222882167861925,1177.1599999992063,2393.3770864837816
50359,32.222882167861925,1177.1799999992063,2393.3885896341994
50360,32.222882167861925,1177.1999999992063,2393.400092604574
50361,32.222882167861925,1177.2199999992063,2393.4115953949126
50362,32.222882167861925,1177.2399999992062,2393.4230980052216
50363,32.222882167861925,1177.2599999992062,2393.4346004355075
50364,32.222882167861925,1177.2799999992062,2393.4461026857775
50365,32.222882167861925,1177.2999999992062,2393.457604756038
50366,32.222882167861925,1177.3199999992062,2393.469106646296
50367,32.222882167861925,1177.3399999992062,2393.4806083565577
50368,32.222882167861925,1177.3599999992061,2393.4921098868303
50369,32.222882167861925,1177.3799999992061,2393.5036112371204
50370,32.222882167861925,1177.399999999206,2393.5151124074346
50371,32.222882167861925,1177.419999999206,2393.5266133977793
50372,32.222882167861925,1177.439999999206,2393.538114208162
50373,32.222882167861925,1177.459999999206,2393.5496148385887
50374,32.222882167861925,1177.479999999206,2393.5611152890665
50375,32.222882167861925,1177.499999999206,2393.572615559602
50376,32.222882167861925,1177.519999999206,2393.584115650202
50377,32.222882167861925,1177.539999999206,2393.595615560873
50378,32.222882167861925,1177.559999999206,2393.6071152916215
50379,32.222882167861925,1177.579999999206,2393.618614842455
50380,32.222882167861925,1177.599999999206,2393.63011421338
50381,32.222882167861925,1177.619999999206,2393.6416134044025
50382,32.222882167861925,1177.6399999992059,2393.65311241553
50383,32.222882167861925,1177.6599999992059,2393.664611246769
50384,32.222882167861925,1177.6799999992058,2393.676109898126
50385,32.222882167861925,1177.6999999992058,2393.687608369608
50386,32.222882167861925,1177.7199999992058,2393.6991066612213
50387,32.222882167861925,1177.7399999992058,2393.710604772973
50388,32.222882167861925,1177.7599999992058,2393.7221027048695
50389,32.222882167861925,1177.7799999992058,2393.733600456918
50390,32.222882167861925,1177.7999999992057,2393.7450980291246
50391,32.222882167861925,1177.8199999992057,2393.7565954214965
50392,32.222882167861925,1177.8399999992057,2393.7680926340404
50393,32.222882167861925,1177.8599999992057,2393.7795896667626
50394,32.222882167861925,1177.8799999992057,2393.79108651967
50395,32.222882167861925,1177.8999999992056,2393.8025831927694
50396,32.222882167861925,1177.9199999992056,2393.8140796860675
50397,32.222882167861925,1177.9399999992056,2393.825575999571
50398,32.222882167861925,1177.9599999992056,2393.8370721332863
50399,32.222882167861925,1177.9799999992056,2393.8485680872204
50400,32.222882167861925,1177.9999999992056,2393.8600638613802
50401,32.222882167861925,1178.0199999992055,2393.871559455772
50402,32.222882167861925,1178.0399999992055,2393.8830548704123
50403,32.222882167861925,1178.0599999992055,2393.894550105599
50404,32.17822718408876,1178.0799999992055,2393.906045161551
50405,32.17822718408876,1178.0999999992055,2393.917540038274
50406,32.17822718408876,1178.1199999992054,2393.9290347357755
50407,32.17822718408876,1178.1399999992054,2393.940529254062
50408,32.17822718408876,1178.1599999992054,2393.95202359314
50409,32.17822718408876,1178.1799999992054,2393.9635177530167
50410,32.17822718408876,1178.1999999992054,2393.975011733699
50411,32.17822718408876,1178.2199999992054,2393.986505535193
50412,32.17822718408876,1178.2399999992053,2393.997999157506
50413,32.17822718408876,1178.2599999992053,2394.0094926006445
50414,32.17822718408876,1178.2799999992053,2394.0209858646153
50415,32.17822718408876,1178.2999999992053,2394.0324789494252
50416,32.17822718408876,1178.3199999992053,2394.043971855081
50417,32.17822718408876,1178.3399999992052,2394.0554645815896
50418,32.17822718408876,1178.3599999992052,2394.0669571289573
50419,32.17822718408876,1178.3799999992052,2394.0784494971913
50420,32.17822718408876,1178.3999999992052,2394.089941686298
50421,32.17822718408876,1178.4199999992052,2394.1014336962844
50422,32.17822718408876,1178.4399999992052,2394.112925527157
50423,32.17822718408876,1178.4599999992051,2394.124417178923
50424,32.17822718408876,1178.4799999992051,2394.135908651589
50425,32.17822718408876,1178.499999999205,2394.1473999451614
50426,32.17822718408876,1178.519999999205,2394.1588910596474
50427,32.17822718408876,1178.539999999205,2394.1703819950535
50428,32.17822718408876,1178.559999999205,2394.1818727513864
50429,32.17822718408876,1178.579999999205,2394.193363328653
50430,32.17822718408876,1178.599999999205,2394.20485372686
50431,32.17822718408876,1178.619999999205,2394.2163439460146
50432,32.17822718408876,1178.639999999205,2394.2278339861227
50433,32.17822718408876,1178.659999999205,2394.239323847192
50434,32.17822718408876,1178.679999999205,2394.2508135292283
50435,32.17822718408876,1178.699999999205,2394.262303032239
50436,32.17822718408876,1178.719999999205,2394.2737923562304
50437,32.17822718408876,1178.7399999992049,2394.2852815012097
50438,32.17822718408876,1178.7599999992049,2394.2967704671833
50439,32.17822718408876,1178.7799999992048,2394.308259254158
50440,32.17822718408876,1178.7999999992048,2394.319747862141
50441,32.17822718408876,1178.8199999992048,2394.331236291139
50442,32.17822718408876,1178.8399999992048,2394.342724541158
50443,32.17822718408876,1178.8599999992048,2394.3542126122056
50444,32.17822718408876,1178.8799999992048,2394.365700504288
50445,32.17822718408876,1178.8999999992047,2394.377188217412
50446,32.17822718408876,1178.9199999992047,2394.3886757515847
50447,32.17822718408876,1178.9399999992047,2394.4001631068127
50448,32.17822718408876,1178.9599999992047,2394.4116502831025
50449,32.17822718408876,1178.9799999992047,2394.423137280461
50450,32.17822718408876,1178.9999999992046,2394.4346240988953
50451,32.17822718408876,1179.0199999992046,2394.446110738412
50452,32.17822718408876,1179.0399999992046,2394.457597199017
50453,32.17822718408876,1179.0599999992046,2394.469083480732
50454,32.17822718408876,1179.0799999992046,2394.4805695838536
50455,32.17822718408876,1179.0999999992046,2394.4920555085546
50456,32.17822718408876,1179.1199999992045,2394.503541254842
50457,32.17822718408876,1179.1399999992045,2394.515026822722
50458,32.17822718408876,1179.1599999992045,2394.526512212202
50459,32.17822718408876,1179.1799999992045,2394.537997423288
50460,32.17822718408876,1179.1999999992045,2394.549482455987
50461,32.17822718408876,1179.2199999992044,2394.560967310306
50462,32.17822718408876,1179.2399999992044,2394.5724519862515
50463,32.17822718408876,1179.2599999992044,2394.5839364838303
50464,32.17822718408876,1179.2799999992044,2394.595420803049
50465,32.17822718408876,1179.2999999992044,2394.6069049439143
50466,32.17822718408876,1179.3199999992044,2394.618388906433
50467,32.17822718408876,1179.3399999992043,2394.6298726906125
50468,32.17822718408876,1179.3599999992043,2394.6413562964585
50469,32.17822718408876,1179.3799999992043,2394.6528397239786
50470,32.17822718408876,1179.3999999992043,2394.664322973179
50471,32.17822718408876,1179.4199999992043,2394.6758060440666
50472,32.17822718408876,1179.4399999992042,2394.6872889366477
50473,32.17822718408876,1179.4599999992042,2394.6987716509298
50474,32.17822718408876,1179.4799999992042,2394.710254186919
50475,32.17822718408876,1179.4999999992042,2394.721736544622
50476,32.17822718408876,1179.5199999992042,2394.7332187240463
50477,32.17822718408876,1179.5399999992042,2394.744700725198
50478,32.17822718408876,1179.5599999992041,2394.756182548084
50479,32.17822718408876,1179.5799999992041,2394.767664192711
50480,32.17822718408876,1179.599999999204,2394.7791456590858
50481,32.17822718408876,1179.619999999204,2394.790626947215
50482,32.17822718408876,1179.639999999204,2394.8021080571057
50483,32.17822718408876,1179.659999999204,2394.813588988764
50484,32.17822718408876,1179.679999999204,2394.8250697421972
50485,32.17822718408876,1179.699999999204,2394.836550317412
50486,32.17822718408876,1179.719999999204,2394.8480307144146
50487,32.17822718408876,1179.739999999204,2394.859510933212
50488,32.17822718408876,1179.759999999204,2394.870990973811
50489,32.17822718408876,1179.779999999204,2394.882470836218
50490,32.17822718408876,1179.799999999204,2394.8939505204407
50491,32.17822718408876,1179.819999999204,2394.905430026485
50492,32.17822718408876,1179.8399999992039,2394.916909354358
50493,32.17822718408876,1179.8599999992039,2394.928388504066
50494,32.17822718408876,1179.8799999992038,2394.9398674756158
50495,32.17822718408876,1179.8999999992038,2394.9513462690147
50496,32.17822718408876,1179.9199999992038,2394.962824884269
50497,32.17822718408876,1179.9399999992038,2394.9743033213854
50498,32.17822718408876,1179.9599999992038,2394.9857815803707
50499,32.17822718408876,1179.9799999992038,2394.9972596612315
50500,32.17822718408876,1179.9999999992037,2395.0087375639746
50501,32.17822718408876,1180.0199999992037,2395.020215288607
50502,32.17822718408876,1180.0399999992037,2395.031692835135
50503,32.17822718408876,1180.0599999992037,2395.0431702035658
50504,32.17822718408876,1180.0799999992037,2395.054647393926
50505,32.17822718408876,1180.0999999992036,2395.06612440655
50506,32.17822718408876,1180.1199999992036,2395.0776012415886
50507,32.17822718408876,1180.1399999992036,2395.0890778990483
50508,32.17822718408876,1180.1599999992036,2395.1005543789365
50509,32.17822718408876,1180.1799999992036,2395.1120306812595
50510,32.17822718408876,1180.1999999992036,2395.123506806024
50511,32.17822718408876,1180.2199999992035,2395.134982753237
50512,32.17822718408876,1180.2399999992035,2395.1464585229055
50513,32.17822718408876,1180.2599999992035,2395.1579341150355
50514,32.17822718408876,1180.2799999992035,2395.169409529634
50515,32.17822718408876,1180.2999999992035,2395.180884766708
50516,32.17822718408876,1180.3199999992034,2395.192359826264
50517,32.17822718408876,1180.3399999992034,2395.2038347083085
50518,32.17822718408876,1180.3599999992034,2395.215309412849
50519,32.17822718408876,1180.3799999992034,2395.2267839398914
50520,32.17822718408876,1180.3999999992034,2395.238258289443
50521,32.17822718408876,1180.4199999992034,2395.24973246151
50522,32.17822718408876,1180.4399999992033,2395.2612064561
50523,32.17822718408876,1180.4599999992033,2395.2726802732186
50524,32.17822718408876,1180.4799999992033,2395.2841539128735
50525,32.17822718408876,1180.4999999992033,2395.295627375071
50526,32.17822718408876,1180.5199999992033,2395.307100659818
50527,32.17822718408876,1180.5399999992032,2395.318573767121
50528,32.17822718408876,1180.5599999992032,2395.3300466969868
50529,32.17822718408876,1180.5799999992032,2395.3415194494223
50530,32.17822718408876,1180.5999999992032,2395.352992024434
50531,32.17822718408876,1180.6199999992032,2395.364464422029
50532,32.17822718408876,1180.6399999992032,2395.375936642213
50533,32.17822718408876,1180.6599999992031,2395.387408684994
50534,32.17822718408876,1180.6799999992031,2395.398880550378
50535,32.17822718408876,1180.699999999203,2395.4103522383725
50536,32.17822718408876,1180.719999999203,2395.4218237489836
50537,32.17822718408876,1180.739999999203,2395.4332950822177
50538,32.17822718408876,1180.759999999203,2395.444766238082
50539,32.17822718408876,1180.779999999203,2395.4562372165833
50540,32.17822718408876,1180.799999999203,2395.467708017728
50541,32.17822718408876,1180.819999999203,2395.479178641523
50542,32.17822718408876,1180.839999999203,2395.4906490879753
50543,32.17822718408876,1180.859999999203,2395.5021193570915
50544,32.17822718408876,1180.879999999203,2395.513589448878
50545,32.17822718408876,1180.899999999203,2395.525059363342
50546,32.17822718408876,1180.919999999203,2395.5365291004896
50547,32.17822718408876,1180.9399999992029,2395.547998660328
50548,32.17822718408876,1180.9599999992029,2395.559468042864
50549,32.17822718408876,1180.9799999992028,2395.570937248104
50550,32.17822718408876,1180.9999999992028,2395.5824062760553
50551,32.17822718408876,1181.0199999992028,2395.593875126724
50552,32.17822718408876,1181.0399999992028,2395.605343800117
50553,32.17822718408876,1181.0599999992028,2395.6168122962413
50554,32.17822718408876,1181.0799999992028,2395.628280615103
50555,32.17822718408876,1181.0999999992027,2395.6397487567356
50556,32.17822718408876,1181.1199999992027,2395.6512167214955
50557,32.17822718408876,1181.1399999992027,2395.662684509505
50558,32.17822718408876,1181.1599999992027,2395.6741521207714
50559,32.17822718408876,1181.1799999992027,2395.685619555301
50560,32.17822718408876,1181.1999999992026,2395.6970868131007
50561,32.17822718408876,1181.2199999992026,2395.708553894177
50562,32.17822718408876,1181.2399999992026,2395.7200207985366
50563,32.17822718408876,1181.2599999992026,2395.7314875261864
50564,32.17822718408876,1181.2799999992026,2395.742954077133
50565,32.17822718408876,1181.2999999992026,2395.7544204513833
50566,32.17822718408876,1181.3199999992025,2395.765886648944
50567,32.17822718408876,1181.3399999992025,2395.777352669822
50568,32.17822718408876,1181.3599999992025,2395.7888185140237
50569,32.17822718408876,1181.3799999992025,2395.800284181556
50570,32.17822718408876,1181.3999999992025,2395.8117496724253
50571,32.17822718408876,1181.4199999992024,2395.823214986639
50572,32.17822718408876,1181.4399999992024,2395.8346801242033
50573,32.17822718408876,1181.4599999992024,2395.846145085125
50574,32.17822718408876,1181.4799999992024,2395.857609869411
50575,32.17822718408876,1181.4999999992024,2395.869074477068
50576,32.17822718408876,1181.5199999992024,2395.8805389081026
50577,32.17822718408876,1181.5399999992023,2395.8920031625216
50578,32.17822718408876,1181.5599999992023,2395.903467240332
50579,32.17822718408876,1181.5799999992023,2395.9149311415395
50580,32.17822718408876,1181.5999999992023,2395.926394866152
50581,32.17822718408876,1181.6199999992023,2395.9378584141755
50582,32.17822718408876,1181.6399999992022,2395.9493217856175
50583,32.17822718408876,1181.6599999992022,2395.9607849804843
50584,32.17822718408876,1181.6799999992022,2395.972247998782
50585,32.17822718408876,1181.6999999992022,2395.9837108405186
50586,32.17822718408876,1181.7199999992022,2395.9951735056998
50587,32.17822718408876,1181.7399999992022,2396.0066359943326
50588,32.17822718408876,1181.7599999992021,2396.018098306424
50589,32.17822718408876,1181.7799999992021,2396.0295604419803
50590,32.17822718408876,1181.799999999202,2396.041022401009
50591,32.17822718408876,1181.819999999202,2396.052484183516
50592,32.17822718408876,1181.839999999202,2396.063945789508
50593,32.17822718408876,1181.859999999202,2396.0754072189925
50594,32.17822718408876,1181.879999999202,2396.086868471976
50595,32.17822718408876,1181.899999999202,2396.0983295484643
50596,32.17822718408876,1181.919999999202,2396.1097904484654
50597,32.17822718408876,1181.939999999202,2396.1212511719855
50598,32.17822718408876,1181.959999999202,2396.1327117190312
50599,32.17822718408876,1181.979999999202,2396.144172089609
50600,32.17822718408876,1181.999999999202,2396.1556322837264
50601,32.17822718408876,1182.019999999202,2396.1670923013894
50602,32.17822718408876,1182.0399999992019,2396.178552142605
50603,32.17822718408876,1182.0599999992019,2396.19001180738
50604,32.17822718408876,1182.0799999992018,2396.201471295721
50605,32.17822718408876,1182.0999999992018,2396.212930607635
50606,32.17822718408876,1182.1199999992018,2396.22438974316
50607,32.17822718408876,1182.1399999992018,2396.2358487026763
50608,32.17822718408876,1182.1599999992018,2396.2473074862774
50609,32.17822718408876,1182.1799999992018,2396.2587660939694
50610,32.17822718408876,1182.1999999992017,2396.2702245257597
50611,32.17822718408876,1182.2199999992017,2396.2816827816546
50612,32.17822718408876,1182.2399999992017,2396.293140861661
50613,32.17822718408876,1182.2599999992017,2396.3045987657856
50614,32.17822718408876,1182.2799999992017,2396.316056494035
50615,32.17822718408876,1182.2999999992016,2396.327514046416
50616,32.17822718408876,1182.3199999992016,2396.3389714229356
50617,32.17822718408876,1182.3399999992016,2396.3504286236002
50618,32.17822718408876,1182.3599999992016,2396.361885648417
50619,32.17822718408876,1182.3799999992016,2396.3733424973916
50620,32.17822718408876,1182.3999999992016,2396.3847991705316
50621,32.17822718408876,1182.4199999992015,2396.396255667844
50622,32.17822718408876,1182.4399999992015,2396.407711989335
50623,32.17822718408876,1182.4599999992015,2396.419168135011
50624,32.17822718408876,1182.4799999992015,2396.43062410488
50625,32.17822718408876,1182.4999999992015,2396.442079898947
50626,32.17822718408876,1182.5199999992014,2396.45353551722
50627,32.17822718408876,1182.5399999992014,2396.4649909597056
50628,32.17822718408876,1182.5599999992014,2396.47644622641
50629,32.17822718408876,1182.5799999992014,2396.4879013173404
50630,32.17822718408876,1182.5999999992014,2396.4993562325035
50631,32.17822718408876,1182.6199999992014,2396.510810971906
50632,32.17822718408876,1182.6399999992013,2396.522265535554
50633,32.17822718408876,1182.6599999992013,2396.5337199234555
50634,32.17822718408876,1182.6799999992013,2396.545174135616
50635,32.17822718408876,1182.6999999992013,2396.5566281720426
50636,32.17822718408876,1182.7199999992013,2396.568082032742
50637,32.17822718408876,1182.7399999992012,2396.5795357177212
50638,32.17822718408876,1182.7599999992012,2396.590989226987
50639,32.17822718408876,1182.7799999992012,2396.6024425605456
50640,32.17822718408876,1182.7999999992012,2396.6138957184044
50641,32.17822718408876,1182.8199999992012,2396.6253487005697
50642,32.17822718408876,1182.8399999992012,2396.636801507048
50643,32.17822718408876,1182.8599999992011,2396.6482541378464
50644,32.17822718408876,1182.8799999992011,2396.6597065929714
50645,32.17822718408876,1182.899999999201,2396.67115887243
50646,32.17822718408876,1182.919999999201,2396.682610976229
50647,32.17822718408876,1182.939999999201,2396.6940629043747
50648,32.17822718408876,1182.959999999201,2396.705514656874
50649,32.17822718408876,1182.979999999201,2396.7169662337337
50650,32.17822718408876,1182.999999999201,2396.7284176349604
50651,32.17822718408876,1183.019999999201,2396.739868860561
50652,32.17822718408876,1183.039999999201,2396.751319910542
50653,32.17822718408876,1183.059999999201,2396.7627707849106
50654,32.17822718408876,1183.079999999201,2396.774221483673
50655,32.17822718408876,1183.099999999201,2396.785672006836
50656,32.17822718408876,1183.119999999201,2396.797122354407
50657,32.17822718408876,1183.1399999992009,2396.8085725264314
50658,32.17822718408876,1183.1599999992009,2396.8200225233336
50659,32.17822718408876,1183.1799999992008,2396.831472345181
50660,32.17822718408876,1183.1999999992008,2396.8429219919794
50661,32.17822718408876,1183.2199999992008,2396.8543714637367
50662,32.17822718408876,1183.2399999992008,2396.865820760459
50663,32.17822718408876,1183.2599999992008,2396.877269882153
50664,32.17822718408876,1183.2799999992008,2396.888718828826
50665,32.17822718408876,1183.2999999992007,2396.900167600484
50666,32.17822718408876,1183.3199999992007,2396.9116161971347
50667,32.17822718408876,1183.3399999992007,2396.923064618784
50668,32.17822718408876,1183.3599999992007,2396.9345128654386
50669,32.17822718408876,1183.3799999992007,2396.9459609371056
50670,32.17822718408876,1183.3999999992006,2396.9574088337913
50671,32.17822718408876,1183.4199999992006,2396.968856555503
50672,32.17822718408876,1183.4399999992006,2396.980304102247
50673,32.17822718408876,1183.4599999992006,2396.99175147403
50674,32.17822718408876,1183.4799999992006,2397.003198670859
50675,32.17822718408876,1183.4999999992006,2397.014645692741
50676,32.17822718408876,1183.5199999992005,2397.026092539682
50677,32.17822718408876,1183.5399999992005,2397.037539211689
50678,32.13367524442575,1183.5599999992005,2397.0489857087687
50679,32.13367524442575,1183.5799999992005,2397.060432030928
50680,32.13367524442575,1183.5999999992005,2397.071878178174
50681,32.13367524442575,1183.6199999992004,2397.0833241505125
50682,32.13367524442575,1183.6399999992004,2397.0947699479507
50683,32.13367524442575,1183.6599999992004,2397.1062155704954
50684,32.13367524442575,1183.6799999992004,2397.1176610181533
50685,32.13367524442575,1183.6999999992004,2397.129106290931
50686,32.13367524442575,1183.7199999992004,2397.140551388835
50687,32.13367524442575,1183.7399999992003,2397.1519963118726
50688,32.13367524442575,1183.7599999992003,2397.16344106005
50689,32.13367524442575,1183.7799999992003,2397.1748856333743
50690,32.13367524442575,1183.7999999992003,2397.186330031852
50691,32.13367524442575,1183.8199999992003,2397.19777425549
50692,32.13367524442575,1183.8399999992002,2397.209218304295
50693,32.13367524442575,1183.8599999992002,2397.2206621782734
50694,32.13367524442575,1183.8799999992002,2397.2321058774323
50695,32.13367524442575,1183.8999999992002,2397.243549401778
50696,32.13367524442575,1183.9199999992002,2397.254992751318
50697,32.13367524442575,1183.9399999992002,2397.266435926058
50698,32.13367524442575,1183.9599999992001,2397.2778789260055
50699,32.13367524442575,1183.9799999992001,2397.289321751167
50700,32.13367524442575,1183.9999999992,2397.3007644015493
50701,32.13367524442575,1184.0199999992,2397.312206877159
50702,32.13367524442575,1184.0399999992,2397.323649178003
50703,32.13367524442575,1184.0599999992,2397.3350913040877
50704,32.13367524442575,1184.0799999992,2397.3465332554197
50705,32.13367524442575,1184.0999999992,2397.3579750320064
50706,32.13367524442575,1184.1199999992,2397.369416633854
50707,32.13367524442575,1184.1399999992,2397.3808580609693
50708,32.13367524442575,1184.1599999992,2397.392299313409
50709,32.13367524442575,1184.1799999992,2397.403740391552
50710,32.13367524442575,1184.1999999992,2397.415181295442
50711,32.13367524442575,1184.2199999992,2397.4266220250847
50712,32.13367524442575,1184.2399999991999,2397.438062580487
50713,32.13367524442575,1184.2599999991999,2397.449502961656
50714,32.13367524442575,1184.2799999991998,2397.460943168598
50715,32.13367524442575,1184.2999999991998,2397.47238320132
50716,32.13367524442575,1184.3199999991998,2397.483823059829
50717,32.13367524442575,1184.3399999991998,2397.4952627441307
50718,32.13367524442575,1184.3599999991998,2397.506702254233
50719,32.13367524442575,1184.3799999991998,2397.518141590142
50720,32.13367524442575,1184.3999999991997,2397.5295807518646
50721,32.13367524442575,1184.4199999991997,2397.541019739407
50722,32.13367524442575,1184.4399999991997,2397.552458552777
50723,32.13367524442575,1184.4599999991997,2397.5638971919802
50724,32.13367524442575,1184.4799999991997,2397.575335657024
50725,32.13367524442575,1184.4999999991996,2397.586773947915
50726,32.13367524442575,1184.5199999991996,2397.59821206466
50727,32.13367524442575,1184.5399999991996,2397.6096500072654
50728,32.13367524442575,1184.5599999991996,2397.621087775738
50729,32.13367524442575,1184.5799999991996,2397.6325253700847
50730,32.13367524442575,1184.5999999991996,2397.6439627903123
50731,32.13367524442575,1184.6199999991995,2397.655400036427
50732,32.13367524442575,1184.6399999991995,2397.6668371084365
50733,32.13367524442575,1184.6599999991995,2397.678274006347
50734,32.13367524442575,1184.6799999991995,2397.6897107301643
50735,32.13367524442575,1184.6999999991995,2397.7011472798963
50736,32.13367524442575,1184.7199999991994,2397.712583655549
50737,32.13367524442575,1184.7399999991994,2397.7240198571303
50738,32.13367524442575,1184.7599999991994,2397.735455884646
50739,32.13367524442575,1184.7799999991994,2397.7468917381025
50740,32.13367524442575,1184.7999999991994,2397.758327417507
50741,32.13367524442575,1184.8199999991994,2397.7697629228664
50742,32.13367524442575,1184.8399999991993,2397.781198254187
50743,32.13367524442575,1184.8599999991993,2397.792633411476
50744,32.13367524442575,1184.8799999991993,2397.8040683947393
50745,32.13367524442575,1184.8999999991993,2397.8155032039845
50746,32.13367524442575,1184.9199999991993,2397.826937839218
50747,32.13367524442575,1184.9399999991992,2397.8383723004463
50748,32.13367524442575,1184.9599999991992,2397.849806587676
50749,32.13367524442575,1184.9799999991992,2397.8612407009145
50750,32.13367524442575,1184.9999999991992,2397.872674640168
50751,32.13367524442575,1185.0199999991992,2397.8841084054434
50752,32.13367524442575,1185.0399999991992,2397.8955419967474
50753,32.13367524442575,1185.0599999991991,2397.9069754140864
50754,32.13367524442575,1185.0799999991991,2397.918408657468
50755,32.13367524442575,1185.099999999199,2397.929841726898
50756,32.13367524442575,1185.119999999199,2397.941274622383
50757,32.13367524442575,1185.139999999199,2397.9527073439303
50758,32.13367524442575,1185.159999999199,2397.9641398915464
50759,32.13367524442575,1185.179999999199,2397.97557226532
50760,32.13367524442575,1185.199999999199,2397.9870044656286
50761,32.13367524442575,1185.219999999199,2397.998436492512
50762,32.13367524442575,1185.239999999199,2398.009868345977
50763,32.13367524442575,1185.259999999199,2398.0213000260296
50764,32.13367524442575,1185.279999999199,2398.032731532677
50765,32.13367524442575,1185.299999999199,2398.044162865926
50766,32.13367524442575,1185.319999999199,2398.055594025783
50767,32.13367524442575,1185.3399999991989,2398.0670250122553
50768,32.13367524442575,1185.3599999991989,2398.078455825349
50769,32.13367524442575,1185.3799999991988,2398.0898864650712
50770,32.13367524442575,1185.3999999991988,2398.1013169314283
50771,32.13367524442575,1185.4199999991988,2398.112747224427
50772,32.13367524442575,1185.4399999991988,2398.1241773440743
50773,32.13367524442575,1185.4599999991988,2398.135607290377
50774,32.13367524442575,1185.4799999991988,2398.1470370633415
50775,32.13367524442575,1185.4999999991987,2398.1584666629747
50776,32.13367524442575,1185.5199999991987,2398.169896089283
50777,32.13367524442575,1185.5399999991987,2398.181325342274
50778,32.13367524442575,1185.5599999991987,2398.1927544219534
50779,32.13367524442575,1185.5799999991987,2398.2041833283283
50780,32.13367524442575,1185.5999999991986,2398.215612061406
50781,32.13367524442575,1185.6199999991986,2398.2270406211924
50782,32.13367524442575,1185.6399999991986,2398.238469007694
50783,32.13367524442575,1185.6599999991986,2398.2498972209187
50784,32.13367524442575,1185.6799999991986,2398.261325260872
50785,32.13367524442575,1185.6999999991986,2398.2727531275614
50786,32.13367524442575,1185.7199999991985,2398.2841808209932
50787,32.13367524442575,1185.7399999991985,2398.2956083411746
50788,32.13367524442575,1185.7599999991985,2398.3070356881117
50789,32.13367524442575,1185.7799999991985,2398.318462861812
50790,32.13367524442575,1185.7999999991985,2398.3298898622816
50791,32.13367524442575,1185.8199999991984,2398.341316689527
50792,32.13367524442575,1185.8399999991984,2398.3527433435556
50793,32.13367524442575,1185.8599999991984,2398.3641698243737
50794,32.13367524442575,1185.8799999991984,2398.375596131988
50795,32.13367524442575,1185.8999999991984,2398.3870222664054
50796,32.13367524442575,1185.9199999991984,2398.398448227633
50797,32.13367524442575,1185.9399999991983,2398.4098740156765
50798,32.13367524442575,1185.9599999991983,2398.421299630543
50799,32.13367524442575,1185.9799999991983,2398.43272507224
50800,32.13367524442575,1185.9999999991983,2398.4441503407734
50801,32.13367524442575,1186.0199999991983,2398.45557543615
50802,32.13367524442575,1186.0399999991982,2398.4670003583765
50803,32.13367524442575,1186.0599999991982,2398.4784251074598
50804,32.13367524442575,1186.0799999991982,2398.4898496834066
50805,32.13367524442575,1186.0999999991982,2398.501274086224
50806,32.13367524442575,1186.1199999991982,2398.512698315918
50807,32.13367524442575,1186.1399999991982,2398.5241223724956
50808,32.13367524442575,1186.1599999991981,2398.5355462559637
50809,32.13367524442575,1186.1799999991981,2398.5469699663286
50810,32.13367524442575,1186.199999999198,2398.5583935037075
50811,32.13367524442575,1186.219999999198,2398.5698168684557
50812,32.13367524442575,1186.239999999198,2398.581240060607
50813,32.13367524442575,1186.259999999198,2398.5926630801673
50814,32.13367524442575,1186.279999999198,2398.6040859271443
50815,32.13367524442575,1186.299999999198,2398.615508601544
50816,32.13367524442575,1186.319999999198,2398.626931103374
50817,32.13367524442575,1186.339999999198,2398.6383534326396
50818,32.13367524442575,1186.359999999198,2398.649775589349
50819,32.13367524442575,1186.379999999198,2398.6611975735077
50820,32.13367524442575,1186.399999999198,2398.672619385123
50821,32.13367524442575,1186.419999999198,2398.6840410242016
50822,32.13367524442575,1186.4399999991979,2398.6954624907503
50823,32.13367524442575,1186.4599999991979,2398.7068837847755
50824,32.13367524442575,1186.4799999991978,2398.718304906284
50825,32.13367524442575,1186.4999999991978,2398.729725855283
50826,32.13367524442575,1186.5199999991978,2398.741146631779
50827,32.13367524442575,1186.5399999991978,2398.7525672357783
50828,32.13367524442575,1186.5599999991978,2398.763987667288
50829,32.13367524442575,1186.5799999991978,2398.7754079263145
50830,32.13367524442575,1186.5999999991977,2398.786828012865
50831,32.13367524442575,1186.6199999991977,2398.798247926946
50832,32.13367524442575,1186.6399999991977,2398.8096676685636
50833,32.13367524442575,1186.6599999991977,2398.8210872377254
50834,32.13367524442575,1186.6799999991977,2398.832506634438
50835,32.13367524442575,1186.6999999991976,2398.8439258587077
50836,32.13367524442575,1186.7199999991976,2398.8553449105416
50837,32.13367524442575,1186.7399999991976,2398.866763789946
50838,32.13367524442575,1186.7599999991976,2398.8781824969283
50839,32.13367524442575,1186.7799999991976,2398.8896010314947
50840,32.13367524442575,1186.7999999991976,2398.901019393652
50841,32.13367524442575,1186.8199999991975,2398.9124375834067
50842,32.13367524442575,1186.8399999991975,2398.923855600766
50843,32.13367524442575,1186.8599999991975,2398.935273445736
50844,32.13367524442575,1186.8799999991975,2398.946691118324
50845,32.13367524442575,1186.8999999991975,2398.9581086185367
50846,32.13367524442575,1186.9199999991974,2398.9695259463806
50847,32.13367524442575,1186.9399999991974,2398.980943101862
50848,32.13367524442575,1186.9599999991974,2398.9923600849884
50849,32.13367524442575,1186.9799999991974,2399.003776895766
50850,32.13367524442575,1186.9999999991974,2399.0151935342014
50851,32.13367524442575,1187.0199999991974,2399.026610000302
50852,32.13367524442575,1187.0399999991973,2399.038026294074
50853,32.13367524442575,1187.0599999991973,2399.049442415524
50854,32.13367524442575,1187.0799999991973,2399.060858364659
50855,32.13367524442575,1187.0999999991973,2399.0722741414857
50856,32.13367524442575,1187.1199999991973,2399.083689746011
50857,32.13367524442575,1187.1399999991972,2399.095105178241
50858,32.13367524442575,1187.1599999991972,2399.106520438183
50859,32.13367524442575,1187.1799999991972,2399.1179355258437
50860,32.13367524442575,1187.1999999991972,2399.1293504412292
50861,32.13367524442575,1187.2199999991972,2399.1407651844856
50862,32.13367524442575,1187.2399999991972,2399.1521797559453
50863,32.13367524442575,1187.2599999991971,2399.163594155636
50864,32.13367524442575,1187.2799999991971,2399.1750083835645
50865,32.13367524442575,1187.299999999197,2399.1864224397377
50866,32.13367524442575,1187.319999999197,2399.197836324162
50867,32.13367524442575,1187.339999999197,2399.209250036844
50868,32.13367524442575,1187.359999999197,2399.2206635777907
50869,32.13367524442575,1187.379999999197,2399.232076947009
50870,32.13367524442575,1187.399999999197,2399.243490144505
50871,32.13367524442575,1187.419999999197,2399.2549031702856
50872,32.13367524442575,1187.439999999197,2399.266316024358
50873,32.13367524442575,1187.459999999197,2399.2777287067283
50874,32.13367524442575,1187.479999999197,2399.289141217404
50875,32.13367524442575,1187.499999999197,2399.300553556391
50876,32.13367524442575,1187.519999999197,2399.3119657236966
50877,32.13367524442575,1187.5399999991969,2399.3233777193273
50878,32.13367524442575,1187.5599999991969,2399.33478954329
50879,32.13367524442575,1187.5799999991968,2399.3462011955908
50880,32.13367524442575,1187.5999999991968,2399.357612676237
50881,32.13367524442575,1187.6199999991968,2399.369023985235
50882,32.13367524442575,1187.6399999991968,2399.3804351225917
50883,32.13367524442575,1187.6599999991968,2399.3918460883137
50884,32.13367524442575,1187.6799999991968,2399.403256882408
50885,32.13367524442575,1187.6999999991967,2399.4146675048814
50886,32.13367524442575,1187.7199999991967,2399.4260779557403
50887,32.13367524442575,1187.7399999991967,2399.437488234991
50888,32.13367524442575,1187.7599999991967,2399.4488983426413
50889,32.13367524442575,1187.7799999991967,2399.460308278697
50890,32.13367524442575,1187.7999999991966,2399.4717180431653
50891,32.13367524442575,1187.8199999991966,2399.4831276360524
50892,32.13367524442575,1187.8399999991966,2399.4945370573655
50893,32.13367524442575,1187.8599999991966,2399.505946307111
50894,32.13367524442575,1187.8799999991966,2399.517355385296
50895,32.13367524442575,1187.8999999991966,2399.528764291927
50896,32.13367524442575,1187.9199999991965,2399.5401730270105
50897,32.13367524442575,1187.9399999991965,2399.5515815905533
50898,32.13367524442575,1187.9599999991965,2399.5629899825626
50899,32.13367524442575,1187.9799999991965,2399.5743982030444
50900,32.13367524442575,1187.9999999991965,2399.585806252006
50901,32.13367524442575,1188.0199999991964,2399.5972141294537
50902,32.13367524442575,1188.0399999991964,2399.6086218353944
50903,32.13367524442575,1188.0599999991964,2399.620029369835
50904,32.13367524442575,1188.0799999991964,2399.631436732782
50905,32.13367524442575,1188.0999999991964,2399.642843924242
50906,32.13367524442575,1188.1199999991964,2399.654250944222
50907,32.13367524442575,1188.1399999991963,2399.665657792729
50908,32.13367524442575,1188.1599999991963,2399.6770644697685
50909,32.13367524442575,1188.1799999991963,2399.6884709753485
50910,32.13367524442575,1188.1999999991963,2399.699877309475
50911,32.13367524442575,1188.2199999991963,2399.711283472155
50912,32.13367524442575,1188.2399999991962,2399.722689463572
50913,32.13367524442575,1188.2599999991962,2399.734095284052
50914,32.13367524442575,1188.2799999991962,2399.7455009336177
50915,32.13367524442575,1188.2999999991962,2399.7569064122763
50916,32.13367524442575,1188.3199999991962,2399.768311720034
50917,32.13367524442575,1188.3399999991962,2399.7797168568977
50918,32.13367524442575,1188.3599999991961,2399.791121822874
50919,32.13367524442575,1188.3799999991961,2399.80252661797
50920,32.13367524442575,1188.399999999196,2399.8139312421927
50921,32.13367524442575,1188.419999999196,2399.825335695548
50922,32.13367524442575,1188.439999999196,2399.8367399780427
50923,32.13367524442575,1188.459999999196,2399.848144089684
50924,32.13367524442575,1188.479999999196,2399.8595480304784
50925,32.13367524442575,1188.499999999196,2399.8709518004325
50926,32.13367524442575,1188.519999999196,2399.8823553995535
50927,32.13367524442575,1188.539999999196,2399.8937588278477
50928,32.13367524442575,1188.559999999196,2399.905162085322
50929,32.13367524442575,1188.579999999196,2399.9165651719827
50930,32.13367524442575,1188.599999999196,2399.9279680878367
50931,32.13367524442575,1188.619999999196,2399.939370832891
50932,32.13367524442575,1188.6399999991959,2399.9507734071526
50933,32.13367524442575,1188.6599999991959,2399.9621758106273
50934,32.13367524442575,1188.6799999991958,2399.9735780433225
50935,32.13367524442575,1188.6999999991958,2399.9849801052446
50936,32.13367524442575,1188.7199999991958,2399.9963819964005
50937,32.13367524442575,1188.7399999991958,2400.007783717274
50938,32.13367524442575,1188.7599999991958,2400.0191852693124
50939,32.13367524442575,1188.7799999991958,2400.03058665263
50940,32.13367524442575,1188.7999999991957,2400.0419878672337
50941,32.13367524442575,1188.8199999991957,2400.05338891313
50942,32.13367524442575,1188.8399999991957,2400.0647897903264
50943,32.13367524442575,1188.8599999991957,2400.0761904988294
50944,32.13367524442575,1188.8799999991957,2400.0875910386458
50945,32.13367524442575,1188.8999999991956,2400.0989914097822
50946,32.13367524442575,1188.9199999991956,2400.110391612246
50947,32.13367524442575,1188.9399999991956,2400.1217916460437
50948,32.13367524442575,1188.9599999991956,2400.1331915111823
50949,32.13367524442575,1188.9799999991956,2400.144591207669
50950,32.13367524442575,1188.9999999991956,2400.15599073551
50951,32.13367524442575,1189.0199999991955,2400.167390094712
50952,32.13367524442575,1189.0399999991955,2400.1787892852826
50953,32.13367524442575,1189.0599999991955,2400.1901883072283
50954,32.13367524442575,1189.0799999991955,2400.201587160556
50955,32.13367524442575,1189.0999999991955,2400.212985845272
50956,32.13367524442575,1189.1199999991954,2400.2243843613846
50957,32.13367524442575,1189.1399999991954,2400.2357827088995
50958,32.089226016287064,1189.1599999991954,2400.2471808878236
50959,32.089226016287064,1189.1799999991954,2400.258578898164
50960,32.089226016287064,1189.1999999991954,2400.2699767399276
50961,32.089226016287064,1189.2199999991954,2400.2813744131213
50962,32.089226016287064,1189.2399999991953,2400.2927719177515
50963,32.089226016287064,1189.2599999991953,2400.30416925401
50964,32.089226016287064,1189.2799999991953,2400.3155664221676
50965,32.089226016287064,1189.2999999991953,2400.3269634222406
50966,32.089226016287064,1189.3199999991953,2400.3383602542353
50967,32.089226016287064,1189.3399999991952,2400.349756918159
50968,32.089226016287064,1189.3599999991952,2400.3611534140186
50969,32.089226016287064,1189.3799999991952,2400.372549741821
50970,32.089226016287064,1189.3999999991952,2400.3839459015726
50971,32.089226016287064,1189.4199999991952,2400.3953418932806
50972,32.089226016287064,1189.4399999991952,2400.406737716952
50973,32.089226016287064,1189.4599999991951,2400.418133372594
50974,32.089226016287064,1189.4799999991951,2400.4295288602134
50975,32.089226016287064,1189.499999999195,2400.4409241798166
50976,32.089226016287064,1189.519999999195,2400.4523193314108
50977,32.089226016287064,1189.539999999195,2400.463714315003
50978,32.089226016287064,1189.559999999195,2400.4751091306002
50979,32.089226016287064,1189.579999999195,2400.4865037782088
50980,32.089226016287064,1189.599999999195,2400.4978982578364
50981,32.089226016287064,1189.619999999195,2400.5092925694894
50982,32.089226016287064,1189.639999999195,2400.520686713175
50983,32.089226016287064,1189.659999999195,2400.5320806889
50984,32.089226016287064,1189.679999999195,2400.543474496671
50985,32.089226016287064,1189.699999999195,2400.5548681364953
50986,32.089226016287064,1189.719999999195,2400.56626160838
50987,32.089226016287064,1189.7399999991949,2400.5776549123316
50988,32.089226016287064,1189.7599999991949,2400.589048048357
50989,32.089226016287064,1189.7799999991948,2400.6004410164637
50990,32.089226016287064,1189.7999999991948,2400.611833816658
50991,32.089226016287064,1189.8199999991948,2400.6232264489468
50992,32.089226016287064,1189.8399999991948,2400.634618913337
50993,32.089226016287064,1189.8599999991948,2400.6460112098357
50994,32.089226016287064,1189.8799999991948,2400.65740333845
50995,32.089226016287064,1189.8999999991947,2400.6687952991865
50996,32.089226016287064,1189.9199999991947,2400.680187092052
50997,32.089226016287064,1189.9399999991947,2400.6915787170537
50998,32.089226016287064,1189.9599999991947,2400.7029701741985
50999,32.089226016287064,1189.9799999991947,2400.7143614634933
51000,32.089226016287064,1189.9999999991946,2400.7257525849445
51001,32.089226016287064,1190.0199999991946,2400.73714353856
51002,32.089226016287064,1190.0399999991946,2400.7485343243457
51003,32.089226016287064,1190.0599999991946,2400.7599249423088
51004,32.089226016287064,1190.0799999991946,2400.7713153924565
51005,32.089226016287064,1190.0999999991946,2400.7827056747956
51006,32.089226016287064,1190.1199999991945,2400.794095789333
51007,32.089226016287064,1190.1399999991945,2400.8054857360753
51008,32.089226016287064,1190.1599999991945,2400.81687551503
51009,32.089226016287064,1190.1799999991945,2400.8282651262034
51010,32.089226016287064,1190.1999999991945,2400.8396545696028
51011,32.089226016287064,1190.2199999991944,2400.851043845235
51012,32.089226016287064,1190.2399999991944,2400.8624329531067
51013,32.089226016287064,1190.2599999991944,2400.873821893225
51014,32.089226016287064,1190.2799999991944,2400.8852106658182
51015,32.089226016287064,1190.2999999991944,2400.896599271148
51016,32.089226016287064,1190.3199999991944,2400.9079877092236
51017,32.089226016287064,1190.3399999991943,2400.919375980053
51018,32.089226016287064,1190.3599999991943,2400.9307640836423
51019,32.089226016287064,1190.3799999991943,2400.942152019999
51020,32.089226016287064,1190.3999999991943,2400.9535397891295
51021,32.089226016287064,1190.4199999991943,2400.9649273910413
51022,32.089226016287064,1190.4399999991942,2400.9763148257407
51023,32.089226016287064,1190.4599999991942,2400.987702093235
51024,32.089226016287064,1190.4799999991942,2400.9990891935304
51025,32.089226016287064,1190.4999999991942,2401.0104761266343
51026,32.089226016287064,1190.5199999991942,2401.0218628925536
51027,32.089226016287064,1190.5399999991942,2401.033249491295
51028,32.089226016287064,1190.5599999991941,2401.0446359228654
51029,32.089226016287064,1190.5799999991941,2401.056022187272
51030,32.089226016287064,1190.599999999194,2401.067408284521
51031,32.089226016287064,1190.619999999194,2401.0787942146203
51032,32.089226016287064,1190.639999999194,2401.090179977576
51033,32.089226016287064,1190.659999999194,2401.1015655733954
51034,32.089226016287064,1190.679999999194,2401.112951002085
51035,32.089226016287064,1190.699999999194,2401.124336263652
51036,32.089226016287064,1190.719999999194,2401.1357213581027
51037,32.089226016287064,1190.739999999194,2401.1471062854444
51038,32.089226016287064,1190.759999999194,2401.158491045684
51039,32.089226016287064,1190.779999999194,2401.1698756388287
51040,32.089226016287064,1190.799999999194,2401.1812600648846
51041,32.089226016287064,1190.819999999194,2401.192644323859
51042,32.089226016287064,1190.8399999991939,2401.204028415759
51043,32.089226016287064,1190.8599999991939,2401.2154123405912
51044,32.089226016287064,1190.8799999991938,2401.2267960983627
51045,32.089226016287064,1190.8999999991938,2401.23817968908
51046,32.089226016287064,1190.9199999991938,2401.2495631127504
51047,32.089226016287064,1190.9399999991938,2401.2609463693802
51048,32.089226016287064,1190.9599999991938,2401.272329458977
51049,32.089226016287064,1190.9799999991938,2401.283712381547
51050,32.089226016287064,1190.9999999991937,2401.2950951370976
51051,32.089226016287064,1191.0199999991937,2401.3064777256354
51052,32.089226016287064,1191.0399999991937,2401.3178601471677
51053,32.089226016287064,1191.0599999991937,2401.329242401701
51054,32.089226016287064,1191.0799999991937,2401.340624489242
51055,32.089226016287064,1191.0999999991936,2401.352006409798
51056,32.089226016287064,1191.1199999991936,2401.3633881633755
51057,32.089226016287064,1191.1399999991936,2401.3747697499816
51058,32.089226016287064,1191.1599999991936,2401.386151169623
51059,32.089226016287064,1191.1799999991936,2401.397532422307
51060,32.089226016287064,1191.1999999991936,2401.4089135080403
51061,32.089226016287064,1191.2199999991935,2401.4202944268295
51062,32.089226016287064,1191.2399999991935,2401.431675178682
51063,32.089226016287064,1191.2599999991935,2401.4430557636038
51064,32.089226016287064,1191.2799999991935,2401.4544361816047
51065,32.089226016287064,1191.2999999991935,2401.4658164329394
51066,32.089226016287064,1191.3199999991934,2401.4771965178447
51067,32.089226016287064,1191.3399999991934,2401.4885764363275
51068,32.089226016287064,1191.3599999991934,2401.4999561883947
51069,32.089226016287064,1191.3799999991934,2401.5113357740534
51070,32.089226016287064,1191.3999999991934,2401.52271519331
51071,32.089226016287064,1191.4199999991934,2401.534094446172
51072,32.089226016287064,1191.4399999991933,2401.5454735326457
51073,32.089226016287064,1191.4599999991933,2401.556852452738
51074,32.089226016287064,1191.4799999991933,2401.568231206456
51075,32.089226016287064,1191.4999999991933,2401.579609793807
51076,32.089226016287064,1191.5199999991933,2401.590988214797
51077,32.089226016287064,1191.5399999991932,2401.6023664694335
51078,32.089226016287064,1191.5599999991932,2401.6137445577233
51079,32.089226016287064,1191.5799999991932,2401.625122479673
51080,32.089226016287064,1191.5999999991932,2401.6365002352895
51081,32.089226016287064,1191.6199999991932,2401.64787782458
51082,32.089226016287064,1191.6399999991932,2401.6592552475513
51083,32.089226016287064,1191.6599999991931,2401.67063250421
51084,32.089226016287064,1191.6799999991931,2401.6820095945636
51085,32.089226016287064,1191.699999999193,2401.6933865186184
51086,32.089226016287064,1191.719999999193,2401.7047632763815
51087,32.089226016287064,1191.739999999193,2401.7161398678595
51088,32.089226016287064,1191.759999999193,2401.7275162930596
51089,32.089226016287064,1191.779999999193,2401.7388925519886
51090,32.089226016287064,1191.799999999193,2401.7502686446533
51091,32.089226016287064,1191.819999999193,2401.7616445710605
51092,32.089226016287064,1191.839999999193,2401.7730203312176
51093,32.089226016287064,1191.859999999193,2401.784395925131
51094,32.089226016287064,1191.879999999193,2401.7957713528076
51095,32.089226016287064,1191.899999999193,2401.807146614254
51096,32.089226016287064,1191.919999999193,2401.818521709478
51097,32.089226016287064,1191.9399999991929,2401.8298966384855
51098,32.089226016287064,1191.9599999991929,2401.841271401284
51099,32.089226016287064,1191.9799999991928,2401.85264599788
51100,32.089226016287064,1191.9999999991928,2401.8640204282806
51101,32.089226016287064,1192.0199999991928,2401.8753946924926
51102,32.089226016287064,1192.0399999991928,2401.886768790523
51103,32.089226016287064,1192.0599999991928,2401.8981427223785
51104,32.089226016287064,1192.0799999991928,2401.909516488066
51105,32.089226016287064,1192.0999999991927,2401.9208900875924
51106,32.089226016287064,1192.1199999991927,2401.9322635209646
51107,32.089226016287064,1192.1399999991927,2401.9436367881895
51108,32.089226016287064,1192.1599999991927,2401.9550098892737
51109,32.089226016287064,1192.1799999991927,2401.9663828242246
51110,32.089226016287064,1192.1999999991926,2401.9777555930486
51111,32.089226016287064,1192.2199999991926,2401.989128195753
51112,32.089226016287064,1192.2399999991926,2402.0005006323445
51113,32.089226016287064,1192.2599999991926,2402.01187290283
51114,32.089226016287064,1192.2799999991926,2402.0232450072162
51115,32.089226016287064,1192.2999999991926,2402.034616945518
51116,32.089226016287064,1192.3199999991925,2402.0459887180127
51117,32.089226016287064,1192.3399999991925,2402.057360324909
51118,32.089226016287064,1192.3599999991925,2402.0687317662137
51119,32.089226016287064,1192.3799999991925,2402.0801030419334
51120,32.089226016287064,1192.3999999991925,2402.0914741520755
51121,32.089226016287064,1192.4199999991924,2402.1028450966464
51122,32.089226016287064,1192.4399999991924,2402.1142158756534
51123,32.089226016287064,1192.4599999991924,2402.125586489103
51124,32.089226016287064,1192.4799999991924,2402.1369569370027
51125,32.089226016287064,1192.4999999991924,2402.1483272193586
51126,32.089226016287064,1192.5199999991924,2402.159697336178
51127,32.089226016287064,1192.5399999991923,2402.1710672874674
51128,32.089226016287064,1192.5599999991923,2402.1824370732343
51129,32.089226016287064,1192.5799999991923,2402.193806693485
51130,32.089226016287064,1192.5999999991923,2402.2051761482267
51131,32.089226016287064,1192.6199999991923,2402.2165454374663
51132,32.089226016287064,1192.6399999991922,2402.2279145612106
51133,32.089226016287064,1192.6599999991922,2402.2392835194664
51134,32.089226016287064,1192.6799999991922,2402.2506523122406
51135,32.089226016287064,1192.6999999991922,2402.26202093954
51136,32.089226016287064,1192.7199999991922,2402.273389401372
51137,32.089226016287064,1192.7399999991922,2402.2847576977424
51138,32.089226016287064,1192.7599999991921,2402.296125828659
51139,32.089226016287064,1192.7799999991921,2402.3074937941287
51140,32.089226016287064,1192.799999999192,2402.318861594158
51141,32.089226016287064,1192.819999999192,2402.330229228754
51142,32.089226016287064,1192.839999999192,2402.3415966979233
51143,32.089226016287064,1192.859999999192,2402.3529640016727
51144,32.089226016287064,1192.879999999192,2402.3643311400097
51145,32.089226016287064,1192.899999999192,2402.3756981129404
51146,32.089226016287064,1192.919999999192,2402.3870649204723
51147,32.089226016287064,1192.939999999192,2402.398431562612
51148,32.089226016287064,1192.959999999192,2402.4097980393667
51149,32.089226016287064,1192.979999999192,2402.421164350743
51150,32.089226016287064,1192.999999999192,2402.4325304967474
51151,32.089226016287064,1193.019999999192,2402.443896477387
51152,32.089226016287064,1193.0399999991919,2402.4552622926694
51153,32.089226016287064,1193.0599999991919,2402.4666279426006
51154,32.089226016287064,1193.0799999991918,2402.477993427188
51155,32.089226016287064,1193.0999999991918,2402.489358746438
51156,32.089226016287064,1193.1199999991918,2402.500723900358
51157,32.089226016287064,1193.1399999991918,2402.5120888889546
51158,32.089226016287064,1193.1599999991918,2402.5234537122346
51159,32.089226016287064,1193.1799999991918,2402.534818370205
51160,32.089226016287064,1193.1999999991917,2402.5461828628727
51161,32.089226016287064,1193.2199999991917,2402.5575471902443
51162,32.089226016287064,1193.2399999991917,2402.568911352327
51163,32.089226016287064,1193.2599999991917,2402.5802753491275
51164,32.089226016287064,1193.2799999991917,2402.5916391806527
51165,32.089226016287064,1193.2999999991916,2402.6030028469095
51166,32.089226016287064,1193.3199999991916,2402.6143663479183
51167,32.089226016287064,1193.3399999991916,2402.6257296839794
51168,32.089226016287064,1193.3599999991916,2402.6370928552724
51169,32.089226016287064,1193.3799999991916,2402.6484558618045
51170,32.089226016287064,1193.3999999991916,2402.6598187035825
51171,32.089226016287064,1193.4199999991915,2402.6711813806132
51172,32.089226016287064,1193.4399999991915,2402.6825438929036
51173,32.089226016287064,1193.4599999991915,2402.693906240461
51174,32.089226016287064,1193.4799999991915,2402.7052684232913
51175,32.089226016287064,1193.4999999991915,2402.7166304414022
51176,32.089226016287064,1193.5199999991914,2402.7279922948005
51177,32.089226016287064,1193.5399999991914,2402.7393539834925
51178,32.089226016287064,1193.5599999991914,2402.7507155074854
51179,32.089226016287064,1193.5799999991914,2402.762076866786
51180,32.089226016287064,1193.5999999991914,2402.773438061402
51181,32.089226016287064,1193.6199999991914,2402.784799091339
51182,32.089226016287064,1193.6399999991913,2402.7961599566047
51183,32.089226016287064,1193.6599999991913,2402.8075206572057
51184,32.089226016287064,1193.6799999991913,2402.818881193149
51185,32.089226016287064,1193.6999999991913,2402.830241564441
51186,32.089226016287064,1193.7199999991913,2402.8416017710892
51187,32.089226016287064,1193.7399999991912,2402.8529618131
51188,32.089226016287064,1193.7599999991912,2402.864321690481
51189,32.089226016287064,1193.7799999991912,2402.8756814032386
51190,32.089226016287064,1193.7999999991912,2402.8870409513793
51191,32.089226016287064,1193.8199999991912,2402.8984003349105
51192,32.089226016287064,1193.8399999991911,2402.909759553839
51193,32.089226016287064,1193.8599999991911,2402.9211186081716
51194,32.089226016287064,1193.879999999191,2402.932477497915
51195,32.089226016287064,1193.899999999191,2402.9438362230762
51196,32.089226016287064,1193.919999999191,2402.9551947836626
51197,32.089226016287064,1193.939999999191,2402.9665531796804
51198,32.089226016287064,1193.959999999191,2402.9779114111366
51199,32.089226016287064,1193.979999999191,2402.9892694780383
51200,32.089226016287064,1193.999999999191,2403.000627380392
51201,32.089226016287064,1194.019999999191,2403.011985118205
51202,32.089226016287064,1194.039999999191,2403.023342691484
51203,32.089226016287064,1194.059999999191,2403.0347001002356
51204,32.089226016287064,1194.079999999191,2403.046057344467
51205,32.089226016287064,1194.099999999191,2403.0574144241855
51206,32.089226016287064,1194.119999999191,2403.0687713393972
51207,32.089226016287064,1194.1399999991909,2403.080128090109
51208,32.089226016287064,1194.1599999991909,2403.0914846763285
51209,32.089226016287064,1194.1799999991908,2403.102841098062
51210,32.089226016287064,1194.1999999991908,2403.1141973553163
51211,32.089226016287064,1194.2199999991908,2403.1255534480983
51212,32.089226016287064,1194.2399999991908,2403.1369093764156
51213,32.089226016287064,1194.2599999991908,2403.1482651402744
51214,32.089226016287064,1194.2799999991907,2403.1596207396815
51215,32.089226016287064,1194.2999999991907,2403.170976174644
51216,32.089226016287064,1194.3199999991907,2403.1823314451685
51217,32.089226016287064,1194.3399999991907,2403.1936865512826
51218,32.089226016287064,1194.3599999991907,2403.205041493325
51219,32.089226016287064,1194.3799999991907,2403.216396271456
51220,32.089226016287064,1194.3999999991906,2403.2277508856814
51221,32.089226016287064,1194.4199999991906,2403.2391053360093
51222,32.089226016287064,1194.4399999991906,2403.2504596224458
51223,32.089226016287064,1194.4599999991906,2403.2618137449977
51224,32.089226016287064,1194.4799999991906,2403.2731677036722
51225,32.089226016287064,1194.4999999991905,2403.2845214984764
51226,32.089226016287064,1194.5199999991905,2403.295875129417
51227,32.089226016287064,1194.5399999991905,2403.3072285965
51228,32.089226016287064,1194.5599999991905,2403.3185818997335
51229,32.089226016287064,1194.5799999991905,2403.329935039124
51230,32.089226016287064,1194.5999999991905,2403.341288014678
51231,32.089226016287064,1194.6199999991904,2403.3526408264024
51232,32.089226016287064,1194.6399999991904,2403.3639934743046
51233,32.089226016287064,1194.6599999991904,2403.375345958391
51234,32.044879168465734,1194.6799999991904,2403.3866982786685
51235,32.044879168465734,1194.6999999991904,2403.3980504351443
51236,32.044879168465734,1194.7199999991903,2403.409402427825
51237,32.044879168465734,1194.7399999991903,2403.420754256718
51238,32.044879168465734,1194.7599999991903,2403.432105921829
51239,32.044879168465734,1194.7799999991903,2403.4434574231664
51240,32.044879168465734,1194.7999999991903,2403.454808760736
51241,32.044879168465734,1194.8199999991903,2403.466159934545
51242,32.044879168465734,1194.8399999991902,2403.4775109446
51243,32.044879168465734,1194.8599999991902,2403.4888617909082
51244,32.044879168465734,1194.8799999991902,2403.5002124734765
51245,32.044879168465734,1194.8999999991902,2403.5115629923116
51246,32.044879168465734,1194.9199999991902,2403.5229133474204
51247,32.044879168465734,1194.9399999991901,2403.5342635388097
51248,32.044879168465734,1194.9599999991901,2403.5456135664863
51249,32.044879168465734,1194.97999999919,2403.5569634304575
51250,32.044879168465734,1194.99999999919,2403.5683131307296
51251,32.044879168465734,1195.01999999919,2403.57966266731
51252,32.044879168465734,1195.03999999919,2403.5910120402054
51253,32.044879168465734,1195.05999999919,2403.6023612494223
51254,32.044879168465734,1195.07999999919,2403.613710294968
51255,32.044879168465734,1195.09999999919,2403.6250591768494
51256,32.044879168465734,1195.11999999919,2403.6364078950733
51257,32.044879168465734,1195.13999999919,2403.6477564496463
51258,32.044879168465734,1195.15999999919,2403.6591048405753
51259,32.044879168465734,1195.17999999919,2403.6704530678676
51260,32.044879168465734,1195.19999999919,2403.6818011315295
51261,32.044879168465734,1195.21999999919,2403.6931490315683
51262,32.044879168465734,1195.2399999991899,2403.704496767991
51263,32.044879168465734,1195.2599999991899,2403.715844340804
51264,32.044879168465734,1195.2799999991898,2403.7271917500143
51265,32.044879168465734,1195.2999999991898,2403.738538995629
51266,32.044879168465734,1195.3199999991898,2403.7498860776545
51267,32.044879168465734,1195.3399999991898,2403.7612329960984
51268,32.044879168465734,1195.3599999991898,2403.77257975099
51269,32.044879168465734,1195.3799999991897,2403.7839263426526
51270,32.044879168465734,1195.3999999991897,2403.7952727712013
51271,32.044879168465734,1195.4199999991897,2403.8066190366435
51272,32.044879168465734,1195.4399999991897,2403.817965138986
51273,32.044879168465734,1195.4599999991897,2403.829311078235
51274,32.044879168465734,1195.4799999991897,2403.8406568543983
51275,32.044879168465734,1195.4999999991896,2403.852002467482
51276,32.044879168465734,1195.5199999991896,2403.8633479174937
51277,32.044879168465734,1195.5399999991896,2403.8746932044396
51278,32.044879168465734,1195.5599999991896,2403.886038328327
51279,32.044879168465734,1195.5799999991896,2403.8973832891625
51280,32.044879168465734,1195.5999999991895,2403.908728086953
51281,32.044879168465734,1195.6199999991895,2403.9200727217058
51282,32.044879168465734,1195.6399999991895,2403.931417193427
51283,32.044879168465734,1195.6599999991895,2403.942761502124
51284,32.044879168465734,1195.6799999991895,2403.9541056478038
51285,32.044879168465734,1195.6999999991895,2403.965449630473
51286,32.044879168465734,1195.7199999991894,2403.9767934501383
51287,32.044879168465734,1195.7399999991894,2403.988137106807
51288,32.044879168465734,1195.7599999991894,2403.999480600485
51289,32.044879168465734,1195.7799999991894,2404.0108239311808
51290,32.044879168465734,1195.7999999991894,2404.0221670989
51291,32.044879168465734,1195.8199999991893,2404.03351010365
51292,32.044879168465734,1195.8399999991893,2404.0448529454375
51293,32.044879168465734,1195.8599999991893,2404.0561956242695
51294,32.044879168465734,1195.8799999991893,2404.0675381401525
51295,32.044879168465734,1195.8999999991893,2404.078880493094
51296,32.044879168465734,1195.9199999991893,2404.0902226831004
51297,32.044879168465734,1195.9399999991892,2404.1015647101785
51298,32.044879168465734,1195.9599999991892,2404.1129065743353
51299,32.044879168465734,1195.9799999991892,2404.124248275578
51300,32.044879168465734,1195.9999999991892,2404.1355898139127
51301,32.044879168465734,1196.0199999991892,2404.146931189347
51302,32.044879168465734,1196.0399999991891,2404.1582724018876
51303,32.044879168465734,1196.0599999991891,2404.1696134515414
51304,32.044879168465734,1196.079999999189,2404.1809543383147
51305,32.044879168465734,1196.099999999189,2404.192295062215
51306,32.044879168465734,1196.119999999189,2404.2036356232493
51307,32.044879168465734,1196.139999999189,2404.214976021424
51308,32.044879168465734,1196.159999999189,2404.2263162567456
51309,32.044879168465734,1196.179999999189,2404.237656329222
51310,32.044879168465734,1196.199999999189,2404.248996238859
51311,32.044879168465734,1196.219999999189,2404.2603359856644
51312,32.044879168465734,1196.239999999189,2404.2716755696447
51313,32.044879168465734,1196.259999999189,2404.283014990807
51314,32.044879168465734,1196.279999999189,2404.2943542491575
51315,32.044879168465734,1196.299999999189,2404.3056933447037
51316,32.044879168465734,1196.319999999189,2404.317032277452
51317,32.044879168465734,1196.3399999991889,2404.3283710474097
51318,32.044879168465734,1196.3599999991889,2404.339709654583
51319,32.044879168465734,1196.3799999991888,2404.35104809901
51320,32.044879168465734,1196.3999999991888,2404.3623863810535
51321,32.044879168465734,1196.4199999991888,2404.373724500808
51322,32.044879168465734,1196.4399999991888,2404.3850624582797
51323,32.044879168465734,1196.4599999991888,2404.3964002534763
51324,32.044879168465734,1196.4799999991887,2404.4077378864044
51325,32.044879168465734,1196.4999999991887,2404.4190753570706
51326,32.044879168465734,1196.5199999991887,2404.430412665482
51327,32.044879168465734,1196.5399999991887,2404.4417498116454
51328,32.044879168465734,1196.5599999991887,2404.4530867955677
51329,32.044879168465734,1196.5799999991887,2404.464423617256
51330,32.044879168465734,1196.5999999991886,2404.475760276717
51331,32.044879168465734,1196.6199999991886,2404.4870967739575
51332,32.044879168465734,1196.6399999991886,2404.4984331089845
51333,32.044879168465734,1196.6599999991886,2404.509769281805
51334,32.044879168465734,1196.6799999991886,2404.521105292425
51335,32.044879168465734,1196.6999999991885,2404.5324411408524
51336,32.044879168465734,1196.7199999991885,2404.5437768270936
51337,32.044879168465734,1196.7399999991885,2404.5551123511555
51338,32.044879168465734,1196.7599999991885,2404.566447713045
51339,32.044879168465734,1196.7799999991885,2404.577782912769
51340,32.044879168465734,1196.7999999991885,2404.5891179503346
51341,32.044879168465734,1196.8199999991884,2404.6004528257486
51342,32.044879168465734,1196.8399999991884,2404.6117875390173
51343,32.044879168465734,1196.8599999991884,2404.623122090148
51344,32.044879168465734,1196.8799999991884,2404.634456479148
51345,32.044879168465734,1196.8999999991884,2404.6457907060235
51346,32.044879168465734,1196.9199999991883,2404.6571247707816
51347,32.044879168465734,1196.9399999991883,2404.668458673429
51348,32.044879168465734,1196.9599999991883,2404.679792413973
51349,32.044879168465734,1196.9799999991883,2404.69112599242
51350,32.044879168465734,1196.9999999991883,2404.702459408777
51351,32.044879168465734,1197.0199999991883,2404.713792663051
51352,32.044879168465734,1197.0399999991882,2404.725125755249
51353,32.044879168465734,1197.0599999991882,2404.7364586853773
51354,32.044879168465734,1197.0799999991882,2404.7477914534434
51355,32.044879168465734,1197.0999999991882,2404.759124059454
51356,32.044879168465734,1197.1199999991882,2404.7704565034155
51357,32.044879168465734,1197.1399999991881,2404.7817887853353
51358,32.044879168465734,1197.1599999991881,2404.7931209052203
51359,32.044879168465734,1197.179999999188,2404.804452863077
51360,32.044879168465734,1197.199999999188,2404.815784658913
51361,32.044879168465734,1197.219999999188,2404.827116292734
51362,32.044879168465734,1197.239999999188,2404.8384477645477
51363,32.044879168465734,1197.259999999188,2404.849779074361
51364,32.044879168465734,1197.279999999188,2404.8611102221803
51365,32.044879168465734,1197.299999999188,2404.872441208013
51366,32.044879168465734,1197.319999999188,2404.883772031865
51367,32.044879168465734,1197.339999999188,2404.8951026937443
51368,32.044879168465734,1197.359999999188,2404.906433193657
51369,32.044879168465734,1197.379999999188,2404.9177635316105
51370,32.044879168465734,1197.399999999188,2404.9290937076466
51371,32.044879168465734,1197.419999999188,2404.9404237221524
51372,32.044879168465734,1197.4399999991879,2404.9517535751934
51373,32.044879168465734,1197.4599999991879,2404.9630832667763
51374,32.044879168465734,1197.4799999991878,2404.9744127969084
51375,32.044879168465734,1197.4999999991878,2404.9857421655965
51376,32.044879168465734,1197.5199999991878,2404.9970713728476
51377,32.044879168465734,1197.5399999991878,2405.0084004186683
51378,32.044879168465734,1197.5599999991878,2405.0197293030656
51379,32.044879168465734,1197.5799999991877,2405.031058026046
51380,32.044879168465734,1197.5999999991877,2405.042386587617
51381,32.044879168465734,1197.6199999991877,2405.053714987785
51382,32.044879168465734,1197.6399999991877,2405.065043226557
51383,32.044879168465734,1197.6599999991877,2405.07637130394
51384,32.044879168465734,1197.6799999991877,2405.087699219941
51385,32.044879168465734,1197.6999999991876,2405.0990269745666
51386,32.044879168465734,1197.7199999991876,2405.110354567824
51387,32.044879168465734,1197.7399999991876,2405.1216819997194
51388,32.044879168465734,1197.7599999991876,2405.13300927026
51389,32.044879168465734,1197.7799999991876,2405.1443363794533
51390,32.044879168465734,1197.7999999991875,2405.1556633273053
51391,32.044879168465734,1197.8199999991875,2405.1669901138234
51392,32.044879168465734,1197.8399999991875,2405.178316739014
51393,32.044879168465734,1197.8599999991875,2405.1896432028843
51394,32.044879168465734,1197.8799999991875,2405.200969505441
51395,32.044879168465734,1197.8999999991875,2405.2122956466915
51396,32.044879168465734,1197.9199999991874,2405.223621626642
51397,32.044879168465734,1197.9399999991874,2405.2349474452994
51398,32.044879168465734,1197.9599999991874,2405.2462731026712
51399,32.044879168465734,1197.9799999991874,2405.2575985987637
51400,32.044879168465734,1197.9999999991874,2405.268923933584
51401,32.044879168465734,1198.0199999991873,2405.280249107139
51402,32.044879168465734,1198.0399999991873,2405.291574119435
51403,32.044879168465734,1198.0599999991873,2405.30289897048
51404,32.044879168465734,1198.0799999991873,2405.31422366028
51405,32.044879168465734,1198.0999999991873,2405.325548188842
51406,32.044879168465734,1198.1199999991873,2405.3368725561727
51407,32.044879168465734,1198.1399999991872,2405.3481967622797
51408,32.044879168465734,1198.1599999991872,2405.3595208071692
51409,32.044879168465734,1198.1799999991872,2405.370844690848
51410,32.044879168465734,1198.1999999991872,2405.3821684133236
51411,32.044879168465734,1198.2199999991872,2405.3934919746025
51412,32.044879168465734,1198.2399999991871,2405.4048153746917
51413,32.044879168465734,1198.2599999991871,2405.416138613598
51414,32.044879168465734,1198.279999999187,2405.427461691328
51415,32.044879168465734,1198.299999999187,2405.438784607889
51416,32.044879168465734,1198.319999999187,2405.4501073632873
51417,32.044879168465734,1198.339999999187,2405.46142995753
51418,32.044879168465734,1198.359999999187,2405.4727523906245
51419,32.044879168465734,1198.379999999187,2405.484074662577
51420,32.044879168465734,1198.399999999187,2405.4953967733945
51421,32.044879168465734,1198.419999999187,2405.506718723132
51422,32.044879168465734,1198.439999999187,2405.518040512185
51423,32.044879168465734,1198.459999999187,2405.529362140598
51424,32.044879168465734,1198.479999999187,2405.540683608378
51425,32.044879168465734,1198.499999999187,2405.5520049155316
51426,32.044879168465734,1198.519999999187,2405.5633260620657
51427,32.044879168465734,1198.5399999991869,2405.574647047987
51428,32.044879168465734,1198.5599999991869,2405.585967873303
51429,32.044879168465734,1198.5799999991868,2405.59728853802
51430,32.044879168465734,1198.5999999991868,2405.6086090421454
51431,32.044879168465734,1198.6199999991868,2405.6199293856857
51432,32.044879168465734,1198.6399999991868,2405.631249568648
51433,32.044879168465734,1198.6599999991868,2405.642569591039
51434,32.044879168465734,1198.6799999991867,2405.6538894528653
51435,32.044879168465734,1198.6999999991867,2405.665209154134
51436,32.044879168465734,1198.7199999991867,2405.6765286948525
51437,32.044879168465734,1198.7399999991867,2405.687848075027
51438,32.044879168465734,1198.7599999991867,2405.6991672946647
51439,32.044879168465734,1198.7799999991867,2405.7104863537725
51440,32.044879168465734,1198.7999999991866,2405.721805252357
51441,32.044879168465734,1198.8199999991866,2405.7331239904256
51442,32.044879168465734,1198.8399999991866,2405.7444425679846
51443,32.044879168465734,1198.8599999991866,2405.755760985041
51444,32.044879168465734,1198.8799999991866,2405.767079241602
51445,32.044879168465734,1198.8999999991865,2405.778397337674
51446,32.044879168465734,1198.9199999991865,2405.7897152732644
51447,32.044879168465734,1198.9399999991865,2405.8010330483794
51448,32.044879168465734,1198.9599999991865,2405.8123506630263
51449,32.044879168465734,1198.9799999991865,2405.823668117212
51450,32.044879168465734,1198.9999999991865,2405.8349854109433
51451,32.044879168465734,1199.0199999991864,2405.8463025442275
51452,32.044879168465734,1199.0399999991864,2405.857619517071
51453,32.044879168465734,1199.0599999991864,2405.86893632948
51454,32.044879168465734,1199.0799999991864,2405.880252981463
51455,32.044879168465734,1199.0999999991864,2405.891569473026
51456,32.044879168465734,1199.1199999991863,2405.902885804175
51457,32.044879168465734,1199.1399999991863,2405.9142019749183
51458,32.044879168465734,1199.1599999991863,2405.925517985262
51459,32.044879168465734,1199.1799999991863,2405.9368338352133
51460,32.044879168465734,1199.1999999991863,2405.948149524779
51461,32.044879168465734,1199.2199999991863,2405.959465053966
51462,32.044879168465734,1199.2399999991862,2405.970780422781
51463,32.044879168465734,1199.2599999991862,2405.982095631231
51464,32.044879168465734,1199.2799999991862,2405.993410679323
51465,32.044879168465734,1199.2999999991862,2406.0047255670634
51466,32.044879168465734,1199.3199999991862,2406.0160402944593
51467,32.044879168465734,1199.3399999991861,2406.027354861518
51468,32.044879168465734,1199.3599999991861,2406.0386692682455
51469,32.044879168465734,1199.379999999186,2406.0499835146497
51470,32.044879168465734,1199.399999999186,2406.061297600737
51471,32.044879168465734,1199.419999999186,2406.072611526514
51472,32.044879168465734,1199.439999999186,2406.0839252920678
51473,32.044879168465734,1199.459999999186,2406.095238897792
51474,32.044879168465734,1199.479999999186,2406.1065523437283
51475,32.044879168465734,1199.499999999186,2406.1178656298825
51476,32.044879168465734,1199.519999999186,2406.1291787562623
51477,32.044879168465734,1199.539999999186,2406.140491722874
51478,32.044879168465734,1199.559999999186,2406.1518045297244
51479,32.044879168465734,1199.579999999186,2406.163117176821
51480,32.044879168465734,1199.599999999186,2406.17442966417
51481,32.044879168465734,1199.619999999186,2406.185741991779
51482,32.044879168465734,1199.6399999991859,2406.1970541596547
51483,32.044879168465734,1199.6599999991859,2406.208366167804
51484,32.044879168465734,1199.6799999991858,2406.219678016233
51485,32.044879168465734,1199.6999999991858,2406.2309897049495
51486,32.044879168465734,1199.7199999991858,2406.24230123396
51487,32.044879168465734,1199.7399999991858,2406.2536126032714
51488,32.044879168465734,1199.7599999991858,2406.2649238128906
51489,32.044879168465734,1199.7799999991857,2406.276234862825
51490,32.044879168465734,1199.7999999991857,2406.2875457530804
51491,32.044879168465734,1199.8199999991857,2406.2988564836646
51492,32.044879168465734,1199.8399999991857,2406.3101670545843
51493,32.044879168465734,1199.8599999991857,2406.321477465846
51494,32.044879168465734,1199.8799999991857,2406.332787717457
51495,32.044879168465734,1199.8999999991856,2406.344097809424
51496,32.044879168465734,1199.9199999991856,2406.355407741754
51497,32.044879168465734,1199.9399999991856,2406.3667175144533
51498,32.044879168465734,1199.9599999991856,2406.3780271275295
51499,32.044879168465734,1199.9799999991856,2406.3893365809895
51500,32.044879168465734,1199.9999999991855,2406.40064587484
51501,32.044879168465734,1200.0199999991855,2406.4119550090873
51502,32.044879168465734,1200.0399999991855,2406.423263983739
51503,32.044879168465734,1200.0599999991855,2406.434572798802
51504,32.044879168465734,1200.0799999991855,2406.4458814542827
51505,32.044879168465734,1200.0999999991855,2406.4571899501884
51506,32.044879168465734,1200.1199999991854,2406.4684982865256
51507,32.044879168465734,1200.1399999991854,2406.4798064633014
51508,32.044879168465734,1200.1599999991854,2406.491114480523
51509,32.044879168465734,1200.1799999991854,2406.5024223381965
51510,32.044879168465734,1200.1999999991854,2406.5137300363294
51511,32.000634371126736,1200.2199999991853,2406.5250375749283
51512,32.000634371126736,1200.2399999991853,2406.5363449540005
51513,32.000634371126736,1200.2599999991853,2406.5476521735523
51514,32.000634371126736,1200.2799999991853,2406.558959233591
51515,32.000634371126736,1200.2999999991853,2406.5702661341234
51516,32.000634371126736,1200.3199999991853,2406.5815728751563
51517,32.000634371126736,1200.3399999991852,2406.5928794566967
51518,32.000634371126736,1200.3599999991852,2406.604185878751
51519,32.000634371126736,1200.3799999991852,2406.6154921413267
51520,32.000634371126736,1200.3999999991852,2406.6267982444306
51521,32.000634371126736,1200.4199999991852,2406.638104188069
51522,32.000634371126736,1200.4399999991851,2406.6494099722495
51523,32.000634371126736,1200.4599999991851,2406.660715597076
51524,32.000634371126736,1200.479999999185,2406.672021062879
51525,32.000634371126736,1200.499999999185,2406.683326369691
51526,32.000634371126736,1200.519999999185,2406.694631517518
51527,32.000634371126736,1200.539999999185,2406.7059365063674
51528,32.000634371126736,1200.559999999185,2406.717241336246
51529,32.000634371126736,1200.579999999185,2406.7285460071607
51530,32.000634371126736,1200.599999999185,2406.7398505191186
51531,32.000634371126736,1200.619999999185,2406.7511548721263
51532,32.000634371126736,1200.639999999185,2406.762459066191
51533,32.000634371126736,1200.659999999185,2406.7737631013188
51534,32.000634371126736,1200.679999999185,2406.7850669775175
51535,32.000634371126736,1200.699999999185,2406.796370694794
51536,32.000634371126736,1200.719999999185,2406.807674253155
51537,32.000634371126736,1200.7399999991849,2406.818977652607
51538,32.000634371126736,1200.7599999991849,2406.830280893157
51539,32.000634371126736,1200.7799999991848,2406.8415839748122
51540,32.000634371126736,1200.7999999991848,2406.8528868975795
51541,32.000634371126736,1200.8199999991848,2406.864189661466
51542,32.000634371126736,1200.8399999991848,2406.8754922664775
51543,32.000634371126736,1200.8599999991848,2406.886794712622
51544,32.000634371126736,1200.8799999991847,2406.898096999906
51545,32.000634371126736,1200.8999999991847,2406.9093991283366
51546,32.000634371126736,1200.9199999991847,2406.9207010979208
51547,32.000634371126736,1200.9399999991847,2406.932002908665
51548,32.000634371126736,1200.9599999991847,2406.943304560576
51549,32.000634371126736,1200.9799999991847,2406.9546060536613
51550,32.000634371126736,1200.9999999991846,2406.965907387928
51551,32.000634371126736,1201.0199999991846,2406.977208563382
51552,32.000634371126736,1201.0399999991846,2406.9885095800314
51553,32.000634371126736,1201.0599999991846,2406.999810437882
51554,32.000634371126736,1201.0799999991846,2407.011111136941
51555,32.000634371126736,1201.0999999991845,2407.0224116772156
51556,32.000634371126736,1201.1199999991845,2407.0337120587124
51557,32.000634371126736,1201.1399999991845,2407.0450122814386
51558,32.000634371126736,1201.1599999991845,2407.056312345401
51559,32.000634371126736,1201.1799999991845,2407.067612250606
51560,32.000634371126736,1201.1999999991845,2407.0789119970614
51561,32.000634371126736,1201.2199999991844,2407.0902115847734
51562,32.000634371126736,1201.2399999991844,2407.101511013749
51563,32.000634371126736,1201.2599999991844,2407.1128102839957
51564,32.000634371126736,1201.2799999991844,2407.1241093955196
51565,32.000634371126736,1201.2999999991844,2407.135408348328
51566,32.000634371126736,1201.3199999991843,2407.1467071424277
51567,32.000634371126736,1201.3399999991843,2407.1580057778256
51568,32.000634371126736,1201.3599999991843,2407.1693042545285
51569,32.000634371126736,1201.3799999991843,2407.180602572543
51570,32.000634371126736,1201.3999999991843,2407.191900731877
51571,32.000634371126736,1201.4199999991843,2407.2031987325363
51572,32.000634371126736,1201.4399999991842,2407.2144965745283
51573,32.000634371126736,1201.4599999991842,2407.22579425786
51574,32.000634371126736,1201.4799999991842,2407.2370917826684
51575,32.000634371126736,1201.4999999991842,2407.248389149278
51576,32.000634371126736,1201.5199999991842,2407.259686357717
51577,32.000634371126736,1201.5399999991841,2407.270983407992
51578,32.000634371126736,1201.5599999991841,2407.28228030011
51579,32.000634371126736,1201.579999999184,2407.293577034078
51580,32.000634371126736,1201.599999999184,2407.304873609903
51581,32.000634371126736,1201.619999999184,2407.316170027592
51582,32.000634371126736,1201.639999999184,2407.3274662871513
51583,32.000634371126736,1201.659999999184,2407.3387623885883
51584,32.000634371126736,1201.679999999184,2407.3500583319096
51585,32.000634371126736,1201.699999999184,2407.3613541171226
51586,32.000634371126736,1201.719999999184,2407.3726497442335
51587,32.000634371126736,1201.739999999184,2407.3839452132497
51588,32.000634371126736,1201.759999999184,2407.395240524178
51589,32.000634371126736,1201.779999999184,2407.406535677025
51590,32.000634371126736,1201.799999999184,2407.4178306717986
51591,32.000634371126736,1201.819999999184,2407.4291255085045
51592,32.000634371126736,1201.8399999991839,2407.4404201871503
51593,32.000634371126736,1201.8599999991839,2407.4517147077427
51594,32.000634371126736,1201.8799999991838,2407.4630090702885
51595,32.000634371126736,1201.8999999991838,2407.4743032747947
51596,32.000634371126736,1201.9199999991838,2407.485597321268
51597,32.000634371126736,1201.9399999991838,2407.4968912097156
51598,32.000634371126736,1201.9599999991838,2407.5081849401445
51599,32.000634371126736,1201.9799999991837,2407.519478512561
51600,32.000634371126736,1201.9999999991837,2407.5307719269726
51601,32.000634371126736,1202.0199999991837,2407.542065183386
51602,32.000634371126736,1202.0399999991837,2407.553358281808
51603,32.000634371126736,1202.0599999991837,2407.5646512222456
51604,32.000634371126736,1202.0799999991837,2407.575944004706
51605,32.000634371126736,1202.0999999991836,2407.5872366291956
51606,32.000634371126736,1202.1199999991836,2407.5985290957215
51607,32.000634371126736,1202.1399999991836,2407.6098214042904
51608,32.000634371126736,1202.1599999991836,2407.6211135549092
51609,32.000634371126736,1202.1799999991836,2407.632405547585
51610,32.000634371126736,1202.1999999991835,2407.643697382325
51611,32.000634371126736,1202.2199999991835,2407.654989059136
51612,32.000634371126736,1202.2399999991835,2407.6662805780243
51613,32.000634371126736,1202.2599999991835,2407.677571938997
51614,32.000634371126736,1202.2799999991835,2407.6888631420616
51615,32.000634371126736,1202.2999999991835,2407.700154187224
51616,32.000634371126736,1202.3199999991834,2407.711445074492
51617,32.000634371126736,1202.3399999991834,2407.722735803872
51618,32.000634371126736,1202.3599999991834,2407.7340263753717
51619,32.000634371126736,1202.3799999991834,2407.745316788997
51620,32.000634371126736,1202.3999999991834,2407.756607044755
51621,32.000634371126736,1202.4199999991833,2407.767897142653
51622,32.000634371126736,1202.4399999991833,2407.7791870826977
51623,32.000634371126736,1202.4599999991833,2407.790476864896
51624,32.000634371126736,1202.4799999991833,2407.8017664892545
51625,32.000634371126736,1202.4999999991833,2407.8130559559386
51626,32.000634371126736,1202.5199999991833,2407.82434526525
51627,32.000634371126736,1202.5399999991832,2407.8356344172116
51628,32.000634371126736,1202.5599999991832,2407.84692341183
51629,32.000634371126736,1202.5799999991832,2407.8582122491125
51630,32.000634371126736,1202.5999999991832,2407.8695009290655
51631,32.000634371126736,1202.6199999991832,2407.880789451696
51632,32.000634371126736,1202.6399999991831,2407.892077817011
51633,32.000634371126736,1202.6599999991831,2407.903366025017
51634,32.000634371126736,1202.679999999183,2407.9146540757215
51635,32.000634371126736,1202.699999999183,2407.925941969131
51636,32.000634371126736,1202.719999999183,2407.937229705253
51637,32.000634371126736,1202.739999999183,2407.9485172840937
51638,32.000634371126736,1202.759999999183,2407.9598047056606
51639,32.000634371126736,1202.779999999183,2407.97109196996
51640,32.000634371126736,1202.799999999183,2407.982379076999
51641,32.000634371126736,1202.819999999183,2407.993666026785
51642,32.000634371126736,1202.839999999183,2408.0049528193244
51643,32.000634371126736,1202.859999999183,2408.016239454624
51644,32.000634371126736,1202.879999999183,2408.0275259326913
51645,32.000634371126736,1202.899999999183,2408.038812253533
51646,32.000634371126736,1202.919999999183,2408.0500984171554
51647,32.000634371126736,1202.9399999991829,2408.061384423566
51648,32.000634371126736,1202.9599999991829,2408.0726702727716
51649,32.000634371126736,1202.9799999991828,2408.083955964779
51650,32.000634371126736,1202.9999999991828,2408.095241499595
51651,32.000634371126736,1203.0199999991828,2408.1065268772268
51652,32.000634371126736,1203.0399999991828,2408.117812097681
51653,32.000634371126736,1203.0599999991828,2408.129097160965
51654,32.000634371126736,1203.0799999991827,2408.1403820670853
51655,32.000634371126736,1203.0999999991827,2408.151666816049
51656,32.000634371126736,1203.1199999991827,2408.1629514078627
51657,32.000634371126736,1203.1399999991827,2408.1742358425336
51658,32.000634371126736,1203.1599999991827,2408.1855201200683
51659,32.000634371126736,1203.1799999991827,2408.1968042404737
51660,32.000634371126736,1203.1999999991826,2408.208088203757
51661,32.000634371126736,1203.2199999991826,2408.2193720099253
51662,32.000634371126736,1203.2399999991826,2408.230655658985
51663,32.000634371126736,1203.2599999991826,2408.2419391509434
51664,32.000634371126736,1203.2799999991826,2408.253222485807
51665,32.000634371126736,1203.2999999991825,2408.264505663583
51666,32.000634371126736,1203.3199999991825,2408.275788684278
51667,32.000634371126736,1203.3399999991825,2408.287071547899
51668,32.000634371126736,1203.3599999991825,2408.298354254453
51669,32.000634371126736,1203.3799999991825,2408.309636803947
51670,32.000634371126736,1203.3999999991825,2408.320919196388
51671,32.000634371126736,1203.4199999991824,2408.3322014317823
51672,32.000634371126736,1203.4399999991824,2408.3434835101375
51673,32.000634371126736,1203.4599999991824,2408.3547654314602
51674,32.000634371126736,1203.4799999991824,2408.3660471957573
51675,32.000634371126736,1203.4999999991824,2408.3773288030357
51676,32.000634371126736,1203.5199999991823,2408.3886102534875
51677,32.000634371126736,1203.5399999991823,2408.3998915473935
51678,32.000634371126736,1203.5599999991823,2408.41117268477
51679,32.000634371126736,1203.5799999991823,2408.422453665624
51680,32.000634371126736,1203.5999999991823,2408.433734489962
51681,32.000634371126736,1203.6199999991823,2408.445015157791
51682,32.000634371126736,1203.6399999991822,2408.456295669119
51683,32.000634371126736,1203.6599999991822,2408.4675760239516
51684,32.000634371126736,1203.6799999991822,2408.478856222296
51685,32.000634371126736,1203.6999999991822,2408.4901362641594
51686,32.000634371126736,1203.7199999991822,2408.5014161495487
51687,32.000634371126736,1203.7399999991821,2408.5126958784704
51688,32.000634371126736,1203.7599999991821,2408.5239754509316
51689,32.000634371126736,1203.779999999182,2408.5352548669393
51690,32.000634371126736,1203.799999999182,2408.546534126501
51691,32.000634371126736,1203.819999999182,2408.5578132296223
51692,32.000634371126736,1203.839999999182,2408.569092176311
51693,32.000634371126736,1203.859999999182,2408.5803709665743
51694,32.000634371126736,1203.879999999182,2408.5916496004184
51695,32.000634371126736,1203.899999999182,2408.6029280778503
51696,32.000634371126736,1203.919999999182,2408.614206398877
51697,32.000634371126736,1203.939999999182,2408.6254845635053
51698,32.000634371126736,1203.959999999182,2408.636762571742
51699,32.000634371126736,1203.979999999182,2408.6480404235945
51700,32.000634371126736,1203.999999999182,2408.6593181190697
51701,32.000634371126736,1204.019999999182,2408.670595658174
51702,32.000634371126736,1204.0399999991819,2408.6818730409145
51703,32.000634371126736,1204.0599999991819,2408.6931502672983
51704,32.000634371126736,1204.0799999991818,2408.704427337332
51705,32.000634371126736,1204.0999999991818,2408.715704251023
51706,32.000634371126736,1204.1199999991818,2408.7269810083776
51707,32.000634371126736,1204.1399999991818,2408.7382576094033
51708,32.000634371126736,1204.1599999991818,2408.7495340541063
51709,32.000634371126736,1204.1799999991817,2408.760810342494
51710,32.000634371126736,1204.1999999991817,2408.7720864745734
51711,32.000634371126736,1204.2199999991817,2408.783362450351
51712,32.000634371126736,1204.2399999991817,2408.794638269834
51713,32.000634371126736,1204.2599999991817,2408.8059139330294
51714,32.000634371126736,1204.2799999991817,2408.817189439944
51715,32.000634371126736,1204.2999999991816,2408.8284647905843
51716,32.000634371126736,1204.3199999991816,2408.8397399849578
51717,32.000634371126736,1204.3399999991816,2408.851015023071
51718,32.000634371126736,1204.3599999991816,2408.8622899049305
51719,32.000634371126736,1204.3799999991816,2408.873564630544
51720,32.000634371126736,1204.3999999991815,2408.884839199918
51721,32.000634371126736,1204.4199999991815,2408.8961136130597
51722,32.000634371126736,1204.4399999991815,2408.9073878699755
51723,32.000634371126736,1204.4599999991815,2408.9186619706725
51724,32.000634371126736,1204.4799999991815,2408.929935915158
51725,32.000634371126736,1204.4999999991815,2408.941209703438
51726,32.000634371126736,1204.5199999991814,2408.95248333552
51727,32.000634371126736,1204.5399999991814,2408.9637568116236
51728,32.000634371126736,1204.5599999991814,2408.9750301320073
51729,32.000634371126736,1204.5799999991814,2408.986303296682
51730,32.000634371126736,1204.5999999991814,2408.997576305654
51731,32.000634371126736,1204.6199999991813,2409.008849158931
51732,32.000634371126736,1204.6399999991813,2409.020121856519
51733,32.000634371126736,1204.6599999991813,2409.0313943984256
51734,32.000634371126736,1204.6799999991813,2409.0426667846577
51735,32.000634371126736,1204.6999999991813,2409.053939015222
51736,32.000634371126736,1204.7199999991813,2409.0652110901256
51737,32.000634371126736,1204.7399999991812,2409.076483009375
51738,32.000634371126736,1204.7599999991812,2409.0877547729774
51739,32.000634371126736,1204.7799999991812,2409.09902638094
51740,32.000634371126736,1204.7999999991812,2409.110297833269
51741,32.000634371126736,1204.8199999991812,2409.121569129972
51742,32.000634371126736,1204.8399999991811,2409.1328402710556
51743,32.000634371126736,1204.8599999991811,2409.1441112565267
51744,32.000634371126736,1204.879999999181,2409.155382086392
51745,32.000634371126736,1204.899999999181,2409.1666527606585
51746,32.000634371126736,1204.919999999181,2409.1779232793333
51747,32.000634371126736,1204.939999999181,2409.1891936424236
51748,32.000634371126736,1204.959999999181,2409.2004638499357
51749,32.000634371126736,1204.979999999181,2409.211733901877
51750,32.000634371126736,1204.999999999181,2409.223003798254
51751,32.000634371126736,1205.019999999181,2409.234273539074
51752,32.000634371126736,1205.039999999181,2409.2455431243434
51753,32.000634371126736,1205.059999999181,2409.2568125540693
51754,32.000634371126736,1205.079999999181,2409.268081828259
51755,32.000634371126736,1205.099999999181,2409.279350946919
51756,32.000634371126736,1205.119999999181,2409.290619910056
51757,32.000634371126736,1205.1399999991809,2409.3018887176777
51758,32.000634371126736,1205.1599999991809,2409.31315736979
51759,32.000634371126736,1205.1799999991808,2409.324425866401
51760,32.000634371126736,1205.1999999991808,2409.335694207516
51761,32.000634371126736,1205.2199999991808,2409.3469623931433
51762,32.000634371126736,1205.2399999991808,2409.358230423289
51763,32.000634371126736,1205.2599999991808,2409.3694982979605
51764,32.000634371126736,1205.2799999991807,2409.3807660171647
51765,32.000634371126736,1205.2999999991807,2409.392033580908
51766,32.000634371126736,1205.3199999991807,2409.4033009891978
51767,32.000634371126736,1205.3399999991807,2409.414568242041
51768,32.000634371126736,1205.3599999991807,2409.425835339444
51769,32.000634371126736,1205.3799999991807,2409.4371022814144
51770,32.000634371126736,1205.3999999991806,2409.4483690679585
51771,32.000634371126736,1205.4199999991806,2409.4596356990837
51772,32.000634371126736,1205.4399999991806,2409.4709021747967
51773,32.000634371126736,1205.4599999991806,2409.4821684951044
51774,32.000634371126736,1205.4799999991806,2409.4934346600135
51775,32.000634371126736,1205.4999999991805,2409.504700669531
51776,32.000634371126736,1205.5199999991805,2409.515966523664
51777,32.000634371126736,1205.5399999991805,2409.5272322224205
51778,32.000634371126736,1205.5599999991805,2409.5384977660588
51779,32.000634371126736,1205.5799999991805,2409.549763154824
51780,32.000634371126736,1205.5999999991805,2409.561028388724
51781,32.000634371126736,1205.6199999991804,2409.572293467765
51782,32.000634371126736,1205.6399999991804,2409.5835583919543
51783,32.000634371126736,1205.6599999991804,2409.5948231612983
51784,32.000634371126736,1205.6799999991804,2409.606087775804
51785,32.000634371126736,1205.6999999991804,2409.617352235479
51786,32.000634371126736,1205.7199999991803,2409.6286165403294
51787,32.000634371126736,1205.7399999991803,2409.6398806903626
51788,31.95649129579997,1205.7599999991803,2409.651144685585
51789,31.95649129579997,1205.7799999991803,2409.662408526004
51790,31.95649129579997,1205.7999999991803,2409.673672211626
51791,31.95649129579997,1205.8199999991803,2409.6849357424585
51792,31.95649129579997,1205.8399999991802,2409.696199118508
51793,31.95649129579997,1205.8599999991802,2409.7074623397816
51794,31.95649129579997,1205.8799999991802,2409.718725406286
51795,31.95649129579997,1205.8999999991802,2409.7299883180285
51796,31.95649129579997,1205.9199999991802,2409.7412510750155
51797,31.95649129579997,1205.9399999991801,2409.7525136772542
51798,31.95649129579997,1205.9599999991801,2409.7637761247515
51799,31.95649129579997,1205.97999999918,2409.775038417514
51800,31.95649129579997,1205.99999999918,2409.786300555549
51801,31.95649129579997,1206.01999999918,2409.7975625388635
51802,31.95649129579997,1206.03999999918,2409.808824367464
51803,31.95649129579997,1206.05999999918,2409.820086041357
51804,31.95649129579997,1206.07999999918,2409.8313475605505
51805,31.95649129579997,1206.09999999918,2409.8426089250506
51806,31.95649129579997,1206.11999999918,2409.853870134865
51807,31.95649129579997,1206.13999999918,2409.8651311899994
51808,31.95649129579997,1206.15999999918,2409.8763920904616
51809,31.95649129579997,1206.17999999918,2409.8876528362584
51810,31.95649129579997,1206.19999999918,2409.8989134273966
51811,31.95649129579997,1206.21999999918,2409.910173863883
51812,31.95649129579997,1206.2399999991799,2409.9214341457246
51813,31.95649129579997,1206.2599999991799,2409.932694272928
51814,31.95649129579997,1206.2799999991798,2409.9439542455007
51815,31.95649129579997,1206.2999999991798,2409.955214063449
51816,31.95649129579997,1206.3199999991798,2409.9664737267804
51817,31.95649129579997,1206.3399999991798,2409.9777332355015
51818,31.95649129579997,1206.3599999991798,2409.988992589619
51819,31.95649129579997,1206.3799999991797,2410.000251789148
51820,31.95649129579997,1206.3999999991797,2410.011510835164
51821,31.95649129579997,1206.4199999991797,2410.0227697286728
51822,31.95649129579997,1206.4399999991797,2410.0340284696817
51823,31.95649129579997,1206.4599999991797,2410.0452870581976
51824,31.95649129579997,1206.4799999991797,2410.056545494228
51825,31.95649129579997,1206.4999999991796,2410.0678037777793
51826,31.95649129579997,1206.5199999991796,2410.079061908859
51827,31.95649129579997,1206.5399999991796,2410.090319887474
51828,31.95649129579997,1206.5599999991796,2410.1015777136377
51829,31.95649129579997,1206.5799999991796,2410.1128353876
51830,31.95649129579997,1206.5999999991795,2410.124092909555
51831,31.95649129579997,1206.6199999991795,2410.135350279509
51832,31.95649129579997,1206.6399999991795,2410.1466074974696
51833,31.95649129579997,1206.6599999991795,2410.157864563443
51834,31.95649129579997,1206.6799999991795,2410.1691214774373
51835,31.95649129579997,1206.6999999991795,2410.1803782394586
51836,31.95649129579997,1206.7199999991794,2410.1916348495147
51837,31.95649129579997,1206.7399999991794,2410.2028913076124
51838,31.95649129579997,1206.7599999991794,2410.2141476137585
51839,31.95649129579997,1206.7799999991794,2410.2254037679604
51840,31.95649129579997,1206.7999999991794,2410.236659770225
51841,31.95649129579997,1206.8199999991793,2410.2479156205595
51842,31.95649129579997,1206.8399999991793,2410.259171318971
51843,31.95649129579997,1206.8599999991793,2410.270426865466
51844,31.95649129579997,1206.8799999991793,2410.2816822600525
51845,31.95649129579997,1206.8999999991793,2410.292937502737
51846,31.95649129579997,1206.9199999991793,2410.3041925935267
51847,31.95649129579997,1206.9399999991792,2410.3154475324286
51848,31.95649129579997,1206.9599999991792,2410.32670231945
51849,31.95649129579997,1206.9799999991792,2410.3379569545973
51850,31.95649129579997,1206.9999999991792,2410.3492114378782
51851,31.95649129579997,1207.0199999991792,2410.3604657692995
51852,31.95649129579997,1207.0399999991791,2410.3717199488683
51853,31.95649129579997,1207.0599999991791,2410.3829739765915
51854,31.95649129579997,1207.079999999179,2410.3942278524764
51855,31.95649129579997,1207.099999999179,2410.40548157653
51856,31.95649129579997,1207.119999999179,2410.416735148759
51857,31.95649129579997,1207.139999999179,2410.4279885691712
51858,31.95649129579997,1207.159999999179,2410.4392418377734
51859,31.95649129579997,1207.179999999179,2410.4504949545726
51860,31.95649129579997,1207.199999999179,2410.461747919576
51861,31.95649129579997,1207.219999999179,2410.47300073279
51862,31.95649129579997,1207.239999999179,2410.484253394222
51863,31.95649129579997,1207.259999999179,2410.4955059038793
51864,31.95649129579997,1207.279999999179,2410.506758261769
51865,31.95649129579997,1207.299999999179,2410.518010467898
51866,31.95649129579997,1207.319999999179,2410.5292625222733
51867,31.95649129579997,1207.3399999991789,2410.540514424902
51868,31.95649129579997,1207.3599999991789,2410.5517661757913
51869,31.95649129579997,1207.3799999991788,2410.563017774948
51870,31.95649129579997,1207.3999999991788,2410.5742692223794
51871,31.95649129579997,1207.4199999991788,2410.5855205180924
51872,31.95649129579997,1207.4399999991788,2410.5967716620944
51873,31.95649129579997,1207.4599999991788,2410.6080226543922
51874,31.95649129579997,1207.4799999991787,2410.6192734949927
51875,31.95649129579997,1207.4999999991787,2410.630524183903
51876,31.95649129579997,1207.5199999991787,2410.6417747211303
51877,31.95649129579997,1207.5399999991787,2410.6530251066815
51878,31.95649129579997,1207.5599999991787,2410.664275340564
51879,31.95649129579997,1207.5799999991787,2410.675525422797
51880,31.95649129579997,1207.5999999991786,2410.686775353667
51881,31.95649129579997,1207.6199999991786,2410.698025133352
51882,31.95649129579997,1207.6399999991786,2410.7092747618585
51883,31.95649129579997,1207.6599999991786,2410.7205242391938
51884,31.95649129579997,1207.6799999991786,2410.731773565365
51885,31.95649129579997,1207.6999999991785,2410.7430227403793
51886,31.95649129579997,1207.7199999991785,2410.7542717642436
51887,31.95649129579997,1207.7399999991785,2410.765520636965
51888,31.95649129579997,1207.7599999991785,2410.7767693585506
51889,31.95649129579997,1207.7799999991785,2410.7880179290073
51890,31.95649129579997,1207.7999999991785,2410.7992663483424
51891,31.95649129579997,1207.8199999991784,2410.8105146165626
51892,31.95649129579997,1207.8399999991784,2410.8217627336753
51893,31.95649129579997,1207.8599999991784,2410.8330106996877
51894,31.95649129579997,1207.8799999991784,2410.8442585146067
51895,31.95649129579997,1207.8999999991784,2410.855506178439
51896,31.95649129579997,1207.9199999991783,2410.866753691192
51897,31.95649129579997,1207.9399999991783,2410.878001052873
51898,31.95649129579997,1207.9599999991783,2410.8892482634888
51899,31.95649129579997,1207.9799999991783,2410.9004953230465
51900,31.95649129579997,1207.9999999991783,2410.911742231553
51901,31.95649129579997,1208.0199999991783,2410.9229889890157
51902,31.95649129579997,1208.0399999991782,2410.9342355954414
51903,31.95649129579997,1208.0599999991782,2410.945482050837
51904,31.95649129579997,1208.0799999991782,2410.9567283552105
51905,31.95649129579997,1208.0999999991782,2410.967974508568
51906,31.95649129579997,1208.1199999991782,2410.979220510917
51907,31.95649129579997,1208.1399999991781,2410.990466362264
51908,31.95649129579997,1208.1599999991781,2411.001712062617
51909,31.95649129579997,1208.179999999178,2411.0129576119825
51910,31.95649129579997,1208.199999999178,2411.0242030103677
51911,31.95649129579997,1208.219999999178,2411.0354482577795
51912,31.95649129579997,1208.239999999178,2411.0466933542248
51913,31.95649129579997,1208.259999999178,2411.057938299711
51914,31.95649129579997,1208.279999999178,2411.069183094245
51915,31.95649129579997,1208.299999999178,2411.0804277378343
51916,31.95649129579997,1208.319999999178,2411.0916722304855
51917,31.95649129579997,1208.339999999178,2411.1029165722057
51918,31.95649129579997,1208.359999999178,2411.114160763002
51919,31.95649129579997,1208.379999999178,2411.125404802882
51920,31.95649129579997,1208.399999999178,2411.136648691852
51921,31.95649129579997,1208.419999999178,2411.147892429919
51922,31.95649129579997,1208.4399999991779,2411.1591360170905
51923,31.95649129579997,1208.4599999991779,2411.1703794533737
51924,31.95649129579997,1208.4799999991778,2411.1816227387753
51925,31.95649129579997,1208.4999999991778,2411.1928658733027
51926,31.95649129579997,1208.5199999991778,2411.2041088569626
51927,31.95649129579997,1208.5399999991778,2411.2153516897624
51928,31.95649129579997,1208.5599999991778,2411.226594371709
51929,31.95649129579997,1208.5799999991777,2411.2378369028092
51930,31.95649129579997,1208.5999999991777,2411.249079283088
51931,31.95649129579997,1208.6199999991777,2411.2603215128543
51932,31.95649129579997,1208.6399999991777,2411.2715635922577
51933,31.95649129579997,1208.6599999991777,2411.282805521306
51934,31.95649129579997,1208.6799999991777,2411.294047300006
51935,31.95649129579997,1208.6999999991776,2411.3052889283645
51936,31.95649129579997,1208.7199999991776,2411.316530406389
51937,31.95649129579997,1208.7399999991776,2411.3277717340866
51938,31.95649129579997,1208.7599999991776,2411.339012911464
51939,31.95649129579997,1208.7799999991776,2411.3502539385286
51940,31.95649129579997,1208.7999999991775,2411.361494815287
51941,31.95649129579997,1208.8199999991775,2411.372735541747
51942,31.95649129579997,1208.8399999991775,2411.3839761179147
51943,31.95649129579997,1208.8599999991775,2411.395216543798
51944,31.95649129579997,1208.8799999991775,2411.406456819404
51945,31.95649129579997,1208.8999999991775,2411.417696944739
51946,31.95649129579997,1208.9199999991774,2411.4289369198104
51947,31.95649129579997,1208.9399999991774,2411.4401767446257
51948,31.95649129579997,1208.9599999991774,2411.4514164191914
51949,31.95649129579997,1208.9799999991774,2411.462655943515
51950,31.95649129579997,1208.9999999991774,2411.4738953176034
51951,31.95649129579997,1209.0199999991773,2411.4851345414636
51952,31.95649129579997,1209.0399999991773,2411.496373615103
51953,31.95649129579997,1209.0599999991773,2411.5076125385285
51954,31.95649129579997,1209.0799999991773,2411.518851311747
51955,31.95649129579997,1209.0999999991773,2411.5300899347653
51956,31.95649129579997,1209.1199999991773,2411.541328407591
51957,31.95649129579997,1209.1399999991772,2411.5525667302313
51958,31.95649129579997,1209.1599999991772,2411.563804902693
51959,31.95649129579997,1209.1799999991772,2411.575042924983
51960,31.95649129579997,1209.1999999991772,2411.5862807971084
51961,31.95649129579997,1209.2199999991772,2411.5975185190764
51962,31.95649129579997,1209.2399999991771,2411.608756090894
51963,31.95649129579997,1209.2599999991771,2411.6199935125683
51964,31.95649129579997,1209.279999999177,2411.6312307841063
51965,31.95649129579997,1209.299999999177,2411.6424679055153
51966,31.95649129579997,1209.319999999177,2411.6537048768023
51967,31.95649129579997,1209.339999999177,2411.6649416979744
51968,31.95649129579997,1209.359999999177,2411.6761783690386
51969,31.95649129579997,1209.379999999177,2411.6874148900015
51970,31.95649129579997,1209.399999999177,2411.698651260871
51971,31.95649129579997,1209.419999999177,2411.7098874816534
51972,31.95649129579997,1209.439999999177,2411.7211235523564
51973,31.95649129579997,1209.459999999177,2411.732359472987
51974,31.95649129579997,1209.479999999177,2411.7435952435517
51975,31.95649129579997,1209.499999999177,2411.754830864058
51976,31.95649129579997,1209.519999999177,2411.7660663345127
51977,31.95649129579997,1209.5399999991769,2411.777301654923
51978,31.95649129579997,1209.5599999991769,2411.7885368252964
51979,31.95649129579997,1209.5799999991768,2411.7997718456395
51980,31.95649129579997,1209.5999999991768,2411.8110067159596
51981,31.95649129579997,1209.6199999991768,2411.8222414362867
51982,31.95649129579997,1209.6399999991768,2411.8334760069515
51983,31.95649129579997,1209.6599999991768,2411.8447104280767
51984,31.95649129579997,1209.6799999991767,2411.8559446996696
51985,31.95649129579997,1209.6999999991767,2411.867178821737
51986,31.95649129579997,1209.7199999991767,2411.8784127942868
51987,31.95649129579997,1209.7399999991767,2411.889646617325
51988,31.95649129579997,1209.7599999991767,2411.9008802908593
51989,31.95649129579997,1209.7799999991767,2411.9121138148967
51990,31.95649129579997,1209.7999999991766,2411.923347189444
51991,31.95649129579997,1209.8199999991766,2411.9345804145087
51992,31.95649129579997,1209.8399999991766,2411.9458134900974
51993,31.95649129579997,1209.8599999991766,2411.9570464162175
51994,31.95649129579997,1209.8799999991766,2411.9682791928763
51995,31.95649129579997,1209.8999999991765,2411.9795118200805
51996,31.95649129579997,1209.9199999991765,2411.990744297837
51997,31.95649129579997,1209.9399999991765,2412.001976626153
51998,31.95649129579997,1209.9599999991765,2412.013208805036
51999,31.95649129579997,1209.9799999991765,2412.0244408344925
52000,31.95649129579997,1209.9999999991765,2412.03567271453
52001,31.95649129579997,1210.0199999991764,2412.046904445155
52002,31.95649129579997,1210.0399999991764,2412.0581360263755
52003,31.95649129579997,1210.0599999991764,2412.069367458198
52004,31.95649129579997,1210.0799999991764,2412.0805987406297
52005,31.95649129579997,1210.0999999991764,2412.0918298736774
52006,31.95649129579997,1210.1199999991763,2412.1030608573483
52007,31.95649129579997,1210.1399999991763,2412.1142916916497
52008,31.95649129579997,1210.1599999991763,2412.1255223765884
52009,31.95649129579997,1210.1799999991763,2412.1367529121717
52010,31.95649129579997,1210.1999999991763,2412.1479832984064
52011,31.95649129579997,1210.2199999991763,2412.1592135353
52012,31.95649129579997,1210.2399999991762,2412.1704436228592
52013,31.95649129579997,1210.2599999991762,2412.1816735610914
52014,31.95649129579997,1210.2799999991762,2412.1929033500032
52015,31.95649129579997,1210.2999999991762,2412.204132989602
52016,31.95649129579997,1210.3199999991762,2412.215362479895
52017,31.95649129579997,1210.3399999991761,2412.2265918208886
52018,31.95649129579997,1210.3599999991761,2412.2378210125908
52019,31.95649129579997,1210.379999999176,2412.249050055008
52020,31.95649129579997,1210.399999999176,2412.2602789481475
52021,31.95649129579997,1210.419999999176,2412.2715076920163
52022,31.95649129579997,1210.439999999176,2412.2827362866215
52023,31.95649129579997,1210.459999999176,2412.2939647319704
52024,31.95649129579997,1210.479999999176,2412.30519302807
52025,31.95649129579997,1210.499999999176,2412.3164211749267
52026,31.95649129579997,1210.519999999176,2412.3276491725483
52027,31.95649129579997,1210.539999999176,2412.3388770209417
52028,31.95649129579997,1210.559999999176,2412.350104720114
52029,31.95649129579997,1210.579999999176,2412.361332270072
52030,31.95649129579997,1210.599999999176,2412.372559670823
52031,31.95649129579997,1210.619999999176,2412.3837869223744
52032,31.95649129579997,1210.6399999991759,2412.395014024763
52033,31.95649129579997,1210.6599999991759,2412.4062409783605
52034,31.95649129579997,1210.6799999991758,2412.4174677832675
52035,31.95649129579997,1210.6999999991758,2412.428694439491
52036,31.95649129579997,1210.7199999991758,2412.4399209470384
52037,31.95649129579997,1210.7399999991758,2412.4511473059165
52038,31.95649129579997,1210.7599999991758,2412.462373516132
52039,31.95649129579997,1210.7799999991757,2412.4735995776928
52040,31.95649129579997,1210.7999999991757,2412.484825490605
52041,31.95649129579997,1210.8199999991757,2412.4960512548764
52042,31.95649129579997,1210.8399999991757,2412.507276870514
52043,31.95649129579997,1210.8599999991757,2412.5185023375248
52044,31.95649129579997,1210.8799999991757,2412.529727655916
52045,31.95649129579997,1210.8999999991756,2412.540952825694
52046,31.95649129579997,1210.9199999991756,2412.552177846867
52047,31.95649129579997,1210.9399999991756,2412.563402719441
52048,31.95649129579997,1210.9599999991756,2412.5746274434237
52049,31.95649129579997,1210.9799999991756,2412.585852018822
52050,31.95649129579997,1210.9999999991755,2412.5970764456433
52051,31.95649129579997,1211.0199999991755,2412.608300723894
52052,31.95649129579997,1211.0399999991755,2412.619524853582
52053,31.95649129579997,1211.0599999991755,2412.6307488347134
52054,31.95649129579997,1211.0799999991755,2412.641972667296
52055,31.95649129579997,1211.0999999991755,2412.6531963513366
52056,31.95649129579997,1211.1199999991754,2412.6644198868426
52057,31.95649129579997,1211.1399999991754,2412.6756432738207
52058,31.95649129579997,1211.1599999991754,2412.686866512278
52059,31.95649129579997,1211.1799999991754,2412.6980896022214
52060,31.95649129579997,1211.1999999991754,2412.7093125436586
52061,31.95649129579997,1211.2199999991753,2412.720535336596
52062,31.95649129579997,1211.2399999991753,2412.7317579810415
52063,31.95649129579997,1211.2599999991753,2412.7429804770013
52064,31.95649129579997,1211.2799999991753,2412.754202824483
52065,31.95649129579997,1211.2999999991753,2412.7654250234937
52066,31.95649129579997,1211.3199999991753,2412.7766470740403
52067,31.95649129579997,1211.3399999991752,2412.7878689761296
52068,31.95649129579997,1211.3599999991752,2412.799090729769
52069,31.95649129579997,1211.3799999991752,2412.8103123349656
52070,31.95649129579997,1211.3999999991752,2412.8215337917263
52071,31.912449615373443,1211.4199999991752,2412.8327551000584
52072,31.912449615373443,1211.4399999991751,2412.8439762599687
52073,31.912449615373443,1211.4599999991751,2412.8551972714645
52074,31.912449615373443,1211.479999999175,2412.8664181345525
52075,31.912449615373443,1211.499999999175,2412.87763884924
52076,31.912449615373443,1211.519999999175,2412.8888594155346
52077,31.912449615373443,1211.539999999175,2412.9000798334428
52078,31.912449615373443,1211.559999999175,2412.911300102972
52079,31.912449615373443,1211.579999999175,2412.9225202241287
52080,31.912449615373443,1211.599999999175,2412.9337401969206
52081,31.912449615373443,1211.619999999175,2412.9449600213543
52082,31.912449615373443,1211.639999999175,2412.956179697437
52083,31.912449615373443,1211.659999999175,2412.967399225208
52084,31.912449615373443,1211.679999999175,2412.978618605017
52085,31.912449615373443,1211.699999999175,2412.989837836929
52086,31.912449615373443,1211.719999999175,2413.001056920951
52087,31.912449615373443,1211.7399999991749,2413.0122758570906
52088,31.912449615373443,1211.7599999991749,2413.0234946453543
52089,31.912449615373443,1211.7799999991748,2413.034713285749
52090,31.912449615373443,1211.7999999991748,2413.0459317782825
52091,31.912449615373443,1211.8199999991748,2413.057150122961
52092,31.912449615373443,1211.8399999991748,2413.068368319792
52093,31.912449615373443,1211.8599999991748,2413.079586368783
52094,31.912449615373443,1211.8799999991747,2413.0908042699407
52095,31.912449615373443,1211.8999999991747,2413.102022023272
52096,31.912449615373443,1211.9199999991747,2413.1132396287844
52097,31.912449615373443,1211.9399999991747,2413.1244570864847
52098,31.912449615373443,1211.9599999991747,2413.1356743963797
52099,31.912449615373443,1211.9799999991747,2413.146891558477
52100,31.912449615373443,1211.9999999991746,2413.158108572783
52101,31.912449615373443,1212.0199999991746,2413.1693254393053
52102,31.912449615373443,1212.0399999991746,2413.180542158051
52103,31.912449615373443,1212.0599999991746,2413.1917587290272
52104,31.912449615373443,1212.0799999991746,2413.202975152241
52105,31.912449615373443,1212.0999999991745,2413.214191427699
52106,31.912449615373443,1212.1199999991745,2413.2254075554088
52107,31.912449615373443,1212.1399999991745,2413.236623535377
52108,31.912449615373443,1212.1599999991745,2413.247839367611
52109,31.912449615373443,1212.1799999991745,2413.2590550521177
52110,31.912449615373443,1212.1999999991745,2413.270270588904
52111,31.912449615373443,1212.2199999991744,2413.281485977978
52112,31.912449615373443,1212.2399999991744,2413.2927012193454
52113,31.912449615373443,1212.2599999991744,2413.3039163130143
52114,31.912449615373443,1212.2799999991744,2413.315131258991
52115,31.912449615373443,1212.2999999991744,2413.3263460572834
52116,31.912449615373443,1212.3199999991743,2413.337560707898
52117,31.912449615373443,1212.3399999991743,2413.3487752108417
52118,31.912449615373443,1212.3599999991743,2413.359989566122
52119,31.912449615373443,1212.3799999991743,2413.3712037737455
52120,31.912449615373443,1212.3999999991743,2413.38241783372
52121,31.912449615373443,1212.4199999991743,2413.393631746052
52122,31.912449615373443,1212.4399999991742,2413.404845510749
52123,31.912449615373443,1212.4599999991742,2413.416059127818
52124,31.912449615373443,1212.4799999991742,2413.4272725972655
52125,31.912449615373443,1212.4999999991742,2413.438485919099
52126,31.912449615373443,1212.5199999991742,2413.4496990933258
52127,31.912449615373443,1212.5399999991741,2413.4609121199524
52128,31.912449615373443,1212.5599999991741,2413.472124998986
52129,31.912449615373443,1212.579999999174,2413.4833377304344
52130,31.912449615373443,1212.599999999174,2413.494550314304
52131,31.912449615373443,1212.619999999174,2413.5057627506017
52132,31.912449615373443,1212.639999999174,2413.5169750393347
52133,31.912449615373443,1212.659999999174,2413.5281871805105
52134,31.912449615373443,1212.679999999174,2413.5393991741785
52135,31.912449615373443,1212.699999999174,2413.5506110207234
52136,31.912449615373443,1212.719999999174,2413.561822720189
52137,31.912449615373443,1212.739999999174,2413.573034272583
52138,31.912449615373443,1212.759999999174,2413.584245677912
52139,31.912449615373443,1212.779999999174,2413.595456936183
52140,31.912449615373443,1212.799999999174,2413.606668047403
52141,31.912449615373443,1212.819999999174,2413.61787901158
52142,31.912449615373443,1212.8399999991739,2413.62908982872
52143,31.912449615373443,1212.8599999991739,2413.640300498831
52144,31.912449615373443,1212.8799999991738,2413.6515110219193
52145,31.912449615373443,1212.8999999991738,2413.6627213979923
52146,31.912449615373443,1212.9199999991738,2413.6739316270573
52147,31.912449615373443,1212.9399999991738,2413.685141709121
52148,31.912449615373443,1212.9599999991738,2413.6963516441906
52149,31.912449615373443,1212.9799999991737,2413.707561432273
52150,31.912449615373443,1212.9999999991737,2413.7187710733756
52151,31.912449615373443,1213.0199999991737,2413.729980567505
52152,31.912449615373443,1213.0399999991737,2413.741189914669
52153,31.912449615373443,1213.0599999991737,2413.752399114874
52154,31.912449615373443,1213.0799999991737,2413.7636081681276
52155,31.912449615373443,1213.0999999991736,2413.7748170744367
52156,31.912449615373443,1213.1199999991736,2413.7860258338083
52157,31.912449615373443,1213.1399999991736,2413.797234446249
52158,31.912449615373443,1213.1599999991736,2413.808442911767
52159,31.912449615373443,1213.1799999991736,2413.8196512303684
52160,31.912449615373443,1213.1999999991735,2413.830859402061
52161,31.912449615373443,1213.2199999991735,2413.842067426851
52162,31.912449615373443,1213.2399999991735,2413.853275304746
52163,31.912449615373443,1213.2599999991735,2413.8644830357534
52164,31.912449615373443,1213.2799999991735,2413.8756906198796
52165,31.912449615373443,1213.2999999991735,2413.886898057132
52166,31.912449615373443,1213.3199999991734,2413.8981053475177
52167,31.912449615373443,1213.3399999991734,2413.9093124910437
52168,31.912449615373443,1213.3599999991734,2413.9205194877172
52169,31.912449615373443,1213.3799999991734,2413.931726337545
52170,31.912449615373443,1213.3999999991734,2413.9429330405346
52171,31.912449615373443,1213.4199999991733,2413.9541395966926
52172,31.912449615373443,1213.4399999991733,2413.9653460060263
52173,31.912449615373443,1213.4599999991733,2413.976552268543
52174,31.912449615373443,1213.4799999991733,2413.9877583842494
52175,31.912449615373443,1213.4999999991733,2413.998964353153
52176,31.912449615373443,1213.5199999991733,2414.0101701752606
52177,31.912449615373443,1213.5399999991732,2414.021375850579
52178,31.912449615373443,1213.5599999991732,2414.0325813791155
52179,31.912449615373443,1213.5799999991732,2414.0437867608775
52180,31.912449615373443,1213.5999999991732,2414.0549919958717
52181,31.912449615373443,1213.6199999991732,2414.066197084105
52182,31.912449615373443,1213.6399999991731,2414.077402025585
52183,31.912449615373443,1213.6599999991731,2414.088606820318
52184,31.912449615373443,1213.679999999173,2414.099811468312
52185,31.912449615373443,1213.699999999173,2414.111015969643
52186,31.912449615373443,1213.719999999173,2414.1222203246743
52187,31.912449615373443,1213.739999999173,2414.1334245334447
52188,31.912449615373443,1213.759999999173,2414.144628595961
52189,31.912449615373443,1213.779999999173,2414.1558325122305
52190,31.912449615373443,1213.799999999173,2414.16703628226
52191,31.912449615373443,1213.819999999173,2414.178239906057
52192,31.912449615373443,1213.839999999173,2414.1894433836287
52193,31.912449615373443,1213.859999999173,2414.2006467149818
52194,31.912449615373443,1213.879999999173,2414.211849900123
52195,31.912449615373443,1213.899999999173,2414.2230529390604
52196,31.912449615373443,1213.919999999173,2414.2342558318
52197,31.912449615373443,1213.9399999991729,2414.24545857835
52198,31.912449615373443,1213.9599999991729,2414.256661178716
52199,31.912449615373443,1213.9799999991728,2414.2678636329065
52200,31.912449615373443,1213.9999999991728,2414.279065940928
52201,31.912449615373443,1214.0199999991728,2414.290268102787
52202,31.912449615373443,1214.0399999991728,2414.3014701184916
52203,31.912449615373443,1214.0599999991728,2414.3126719880484
52204,31.912449615373443,1214.0799999991727,2414.3238737114643
52205,31.912449615373443,1214.0999999991727,2414.335075288747
52206,31.912449615373443,1214.1199999991727,2414.346276719903
52207,31.912449615373443,1214.1399999991727,2414.3574780049394
52208,31.912449615373443,1214.1599999991727,2414.3686791438636
52209,31.912449615373443,1214.1799999991727,2414.3798801366825
52210,31.912449615373443,1214.1999999991726,2414.3910809834033
52211,31.912449615373443,1214.2199999991726,2414.402281684033
52212,31.912449615373443,1214.2399999991726,2414.413482238578
52213,31.912449615373443,1214.2599999991726,2414.4246826470467
52214,31.912449615373443,1214.2799999991726,2414.4358829094454
52215,31.912449615373443,1214.2999999991725,2414.447083025781
52216,31.912449615373443,1214.3199999991725,2414.458282996061
52217,31.912449615373443,1214.3399999991725,2414.469482820292
52218,31.912449615373443,1214.3599999991725,2414.4806824984817
52219,31.912449615373443,1214.3799999991725,2414.4918820306366
52220,31.912449615373443,1214.3999999991725,2414.503081416764
52221,31.912449615373443,1214.4199999991724,2414.514280656871
52222,31.912449615373443,1214.4399999991724,2414.5254797509647
52223,31.912449615373443,1214.4599999991724,2414.536678699052
52224,31.912449615373443,1214.4799999991724,2414.5478775011406
52225,31.912449615373443,1214.4999999991724,2414.559076157237
52226,31.912449615373443,1214.5199999991723,2414.5702746673483
52227,31.912449615373443,1214.5399999991723,2414.5814730314814
52228,31.912449615373443,1214.5599999991723,2414.592671249644
52229,31.912449615373443,1214.5799999991723,2414.6038693218425
52230,31.912449615373443,1214.5999999991723,2414.6150672480844
52231,31.912449615373443,1214.6199999991723,2414.6262650283766
52232,31.912449615373443,1214.6399999991722,2414.637462662726
52233,31.912449615373443,1214.6599999991722,2414.64866015114
52234,31.912449615373443,1214.6799999991722,2414.6598574936256
52235,31.912449615373443,1214.6999999991722,2414.67105469019
52236,31.912449615373443,1214.7199999991722,2414.6822517409364
52237,31.912449615373443,1214.7399999991721,2414.6934486462064
52238,31.912449615373443,1214.7599999991721,2414.7046454060337
52239,31.912449615373443,1214.779999999172,2414.715842020425
52240,31.912449615373443,1214.799999999172,2414.7270384893873
52241,31.912449615373443,1214.819999999172,2414.738234812928
52242,31.912449615373443,1214.839999999172,2414.749430991054
52243,31.912449615373443,1214.859999999172,2414.7606270237725
52244,31.912449615373443,1214.879999999172,2414.77182291109
52245,31.912449615373443,1214.899999999172,2414.7830186530146
52246,31.912449615373443,1214.919999999172,2414.7942142495526
52247,31.912449615373443,1214.939999999172,2414.8054097007116
52248,31.912449615373443,1214.959999999172,2414.8166050064983
52249,31.912449615373443,1214.979999999172,2414.8278001669196
52250,31.912449615373443,1214.999999999172,2414.838995181983
52251,31.912449615373443,1215.019999999172,2414.850190051696
52252,31.912449615373443,1215.0399999991719,2414.8613847760644
52253,31.912449615373443,1215.0599999991719,2414.872579355096
52254,31.912449615373443,1215.0799999991718,2414.8837737887984
52255,31.912449615373443,1215.0999999991718,2414.894968077178
52256,31.912449615373443,1215.1199999991718,2414.9061622202416
52257,31.912449615373443,1215.1399999991718,2414.917356217997
52258,31.912449615373443,1215.1599999991718,2414.928550070451
52259,31.912449615373443,1215.1799999991717,2414.9397437776106
52260,31.912449615373443,1215.1999999991717,2414.950937339483
52261,31.912449615373443,1215.2199999991717,2414.962130756075
52262,31.912449615373443,1215.2399999991717,2414.973324027394
52263,31.912449615373443,1215.2599999991717,2414.984517153447
52264,31.912449615373443,1215.2799999991717,2414.995710134241
52265,31.912449615373443,1215.2999999991716,2415.0069029697834
52266,31.912449615373443,1215.3199999991716,2415.0180956600807
52267,31.912449615373443,1215.3399999991716,2415.0292882051403
52268,31.912449615373443,1215.3599999991716,2415.040480604969
52269,31.912449615373443,1215.3799999991716,2415.0516728595744
52270,31.912449615373443,1215.3999999991715,2415.0628649689634
52271,31.912449615373443,1215.4199999991715,2415.074056933143
52272,31.912449615373443,1215.4399999991715,2415.0852487521197
52273,31.912449615373443,1215.4599999991715,2415.0964404259016
52274,31.912449615373443,1215.4799999991715,2415.107631954495
52275,31.912449615373443,1215.4999999991715,2415.1188233379075
52276,31.912449615373443,1215.5199999991714,2415.130014576146
52277,31.912449615373443,1215.5399999991714,2415.1412056692175
52278,31.912449615373443,1215.5599999991714,2415.152396617129
52279,31.912449615373443,1215.5799999991714,2415.163587419888
52280,31.912449615373443,1215.5999999991714,2415.174778077501
52281,31.912449615373443,1215.6199999991713,2415.185968589975
52282,31.912449615373443,1215.6399999991713,2415.1971589573177
52283,31.912449615373443,1215.6599999991713,2415.2083491795356
52284,31.912449615373443,1215.6799999991713,2415.2195392566364
52285,31.912449615373443,1215.6999999991713,2415.230729188627
52286,31.912449615373443,1215.7199999991713,2415.2419189755137
52287,31.912449615373443,1215.7399999991712,2415.253108617428
52288,31.912449615373443,1215.7599999991712,2415.264298114689
52289,31.912449615373443,1215.7799999991712,2415.275487467325
52290,31.912449615373443,1215.7999999991712,2415.286676675343
52291,31.912449615373443,1215.8199999991712,2415.2978657387507
52292,31.912449615373443,1215.8399999991711,2415.3090546575545
52293,31.912449615373443,1215.8599999991711,2415.3202434317614
52294,31.912449615373443,1215.879999999171,2415.3314320613786
52295,31.912449615373443,1215.899999999171,2415.3426205464134
52296,31.912449615373443,1215.919999999171,2415.3538088868727
52297,31.912449615373443,1215.939999999171,2415.3649970827637
52298,31.912449615373443,1215.959999999171,2415.3761851340937
52299,31.912449615373443,1215.979999999171,2415.3873730408695
52300,31.912449615373443,1215.999999999171,2415.398560803098
52301,31.912449615373443,1216.019999999171,2415.4097484207864
52302,31.912449615373443,1216.039999999171,2415.420935893942
52303,31.912449615373443,1216.059999999171,2415.4321232225716
52304,31.912449615373443,1216.079999999171,2415.4433104066825
52305,31.912449615373443,1216.099999999171,2415.454497446282
52306,31.912449615373443,1216.119999999171,2415.4656843413763
52307,31.912449615373443,1216.1399999991709,2415.4768710919734
52308,31.912449615373443,1216.1599999991709,2415.48805769808
52309,31.912449615373443,1216.1799999991708,2415.4992441597033
52310,31.912449615373443,1216.1999999991708,2415.51043047685
52311,31.912449615373443,1216.2199999991708,2415.521616649528
52312,31.912449615373443,1216.2399999991708,2415.5328026777433
52313,31.912449615373443,1216.2599999991708,2415.5439885615037
52314,31.912449615373443,1216.2799999991707,2415.555174300816
52315,31.912449615373443,1216.2999999991707,2415.566359895687
52316,31.912449615373443,1216.3199999991707,2415.5775453461247
52317,31.912449615373443,1216.3399999991707,2415.5887306521354
52318,31.912449615373443,1216.3599999991707,2415.5999158137265
52319,31.912449615373443,1216.3799999991706,2415.611100830905
52320,31.912449615373443,1216.3999999991706,2415.622285703678
52321,31.912449615373443,1216.4199999991706,2415.633470432052
52322,31.912449615373443,1216.4399999991706,2415.644655016035
52323,31.912449615373443,1216.4599999991706,2415.6558394556337
52324,31.912449615373443,1216.4799999991706,2415.667023750855
52325,31.912449615373443,1216.4999999991705,2415.678207901706
52326,31.912449615373443,1216.5199999991705,2415.6893919081945
52327,31.912449615373443,1216.5399999991705,2415.7005757703264
52328,31.912449615373443,1216.5599999991705,2415.7117594881097
52329,31.912449615373443,1216.5799999991705,2415.7229430615507
52330,31.912449615373443,1216.5999999991704,2415.734126490657
52331,31.912449615373443,1216.6199999991704,2415.745309775436
52332,31.912449615373443,1216.6399999991704,2415.756492915894
52333,31.912449615373443,1216.6599999991704,2415.767675912038
52334,31.912449615373443,1216.6799999991704,2415.778858763876
52335,31.912449615373443,1216.6999999991704,2415.7900414714145
52336,31.912449615373443,1216.7199999991703,2415.8012240346607
52337,31.912449615373443,1216.7399999991703,2415.8124064536214
52338,31.912449615373443,1216.7599999991703,2415.8235887284623
52339,31.912449615373443,1216.7799999991703,2415.834770859497
52340,31.912449615373443,1216.7999999991703,2415.845952846749
52341,31.912449615373443,1216.8199999991702,2415.857134690225
52342,31.912449615373443,1216.8399999991702,2415.8683163899323
52343,31.912449615373443,1216.8599999991702,2415.879497945878
52344,31.912449615373443,1216.8799999991702,2415.8906793580695
52345,31.912449615373443,1216.8999999991702,2415.9018606265136
52346,31.912449615373443,1216.9199999991702,2415.9130417512174
52347,31.912449615373443,1216.9399999991701,2415.924222732188
52348,31.912449615373443,1216.9599999991701,2415.9354035694323
52349,31.912449615373443,1216.97999999917,2415.9465842629575
52350,31.912449615373443,1216.99999999917,2415.9577648127706
52351,31.868509004086352,1217.01999999917,2415.9689452188786
52352,31.868509004086352,1217.03999999917,2415.9801254812887
52353,31.868509004086352,1217.05999999917,2415.991305600008
52354,31.868509004086352,1217.07999999917,2416.002485575044
52355,31.868509004086352,1217.09999999917,2416.013665406403
52356,31.868509004086352,1217.11999999917,2416.0248450940926
52357,31.868509004086352,1217.13999999917,2416.0360246381197
52358,31.868509004086352,1217.15999999917,2416.047204038491
52359,31.868509004086352,1217.17999999917,2416.0583832952143
52360,31.868509004086352,1217.19999999917,2416.0695624082964
52361,31.868509004086352,1217.2199999991699,2416.0807413777443
52362,31.868509004086352,1217.2399999991699,2416.0919202035648
52363,31.868509004086352,1217.2599999991698,2416.1030988857656
52364,31.868509004086352,1217.2799999991698,2416.114277424353
52365,31.868509004086352,1217.2999999991698,2416.125455819335
52366,31.868509004086352,1217.3199999991698,2416.136634070718
52367,31.868509004086352,1217.3399999991698,2416.1478121785094
52368,31.868509004086352,1217.3599999991698,2416.158990142716
52369,31.868509004086352,1217.3799999991697,2416.170167963345
52370,31.868509004086352,1217.3999999991697,2416.181345640404
52371,31.868509004086352,1217.4199999991697,2416.192523173899
52372,31.868509004086352,1217.4399999991697,2416.203700563838
52373,31.868509004086352,1217.4599999991697,2416.214877810228
52374,31.868509004086352,1217.4799999991696,2416.226054913075
52375,31.868509004086352,1217.4999999991696,2416.2372318723874
52376,31.868509004086352,1217.5199999991696,2416.2484086881714
52377,31.868509004086352,1217.5399999991696,2416.2595853604344
52378,31.868509004086352,1217.5599999991696,2416.2707618891836
52379,31.868509004086352,1217.5799999991696,2416.281938274426
52380,31.868509004086352,1217.5999999991695,2416.2931145161688
52381,31.868509004086352,1217.6199999991695,2416.3042906144187
52382,31.868509004086352,1217.6399999991695,2416.315466569183
52383,31.868509004086352,1217.6599999991695,2416.326642380469
52384,31.868509004086352,1217.6799999991695,2416.337818048283
52385,31.868509004086352,1217.6999999991694,2416.3489935726334
52386,31.868509004086352,1217.7199999991694,2416.360168953526
52387,31.868509004086352,1217.7399999991694,2416.3713441909686
52388,31.868509004086352,1217.7599999991694,2416.382519284968
52389,31.868509004086352,1217.7799999991694,2416.393694235697
52390,31.868509004086352,1217.7999999991694,2416.4048690434124
52391,31.868509004086352,1217.8199999991693,2416.416043708132
52392,31.868509004086352,1217.8399999991693,2416.4272182298623
52393,31.868509004086352,1217.8599999991693,2416.4383926086107
52394,31.868509004086352,1217.8799999991693,2416.449566844384
52395,31.868509004086352,1217.8999999991693,2416.4607409371897
52396,31.868509004086352,1217.9199999991692,2416.4719148870345
52397,31.868509004086352,1217.9399999991692,2416.4830886939253
52398,31.868509004086352,1217.9599999991692,2416.4942623578695
52399,31.868509004086352,1217.9799999991692,2416.5054358788743
52400,31.868509004086352,1217.9999999991692,2416.5166092569466
52401,31.868509004086352,1218.0199999991692,2416.5277824920936
52402,31.868509004086352,1218.0399999991691,2416.538955584322
52403,31.868509004086352,1218.0599999991691,2416.5501285336395
52404,31.868509004086352,1218.079999999169,2416.5613013400525
52405,31.868509004086352,1218.099999999169,2416.5724740035685
52406,31.868509004086352,1218.119999999169,2416.583646524194
52407,31.868509004086352,1218.139999999169,2416.594818901937
52408,31.868509004086352,1218.159999999169,2416.605991136804
52409,31.868509004086352,1218.179999999169,2416.617163228802
52410,31.868509004086352,1218.199999999169,2416.6283351779384
52411,31.868509004086352,1218.219999999169,2416.63950698422
52412,31.868509004086352,1218.239999999169,2416.6506786476543
52413,31.868509004086352,1218.259999999169,2416.661850168248
52414,31.868509004086352,1218.279999999169,2416.673021546008
52415,31.868509004086352,1218.299999999169,2416.684192780942
52416,31.868509004086352,1218.3199999991689,2416.6953638730565
52417,31.868509004086352,1218.3399999991689,2416.7065348223587
52418,31.868509004086352,1218.3599999991688,2416.7177056288556
52419,31.868509004086352,1218.3799999991688,2416.7288762925546
52420,31.868509004086352,1218.3999999991688,2416.7400468134624
52421,31.868509004086352,1218.4199999991688,2416.7512171915864
52422,31.868509004086352,1218.4399999991688,2416.762387426934
52423,31.868509004086352,1218.4599999991688,2416.7735575195115
52424,31.868509004086352,1218.4799999991687,2416.7847274693263
52425,31.868509004086352,1218.4999999991687,2416.7958972763854
52426,31.868509004086352,1218.5199999991687,2416.807066940696
52427,31.868509004086352,1218.5399999991687,2416.8182364622653
52428,31.868509004086352,1218.5599999991687,2416.8294058411
52429,31.868509004086352,1218.5799999991686,2416.8405750772076
52430,31.868509004086352,1218.5999999991686,2416.851744170595
52431,31.868509004086352,1218.6199999991686,2416.862913121269
52432,31.868509004086352,1218.6399999991686,2416.8740819292366
52433,31.868509004086352,1218.6599999991686,2416.885250594505
52434,31.868509004086352,1218.6799999991686,2416.8964191170817
52435,31.868509004086352,1218.6999999991685,2416.9075874969735
52436,31.868509004086352,1218.7199999991685,2416.9187557341875
52437,31.868509004086352,1218.7399999991685,2416.929923828731
52438,31.868509004086352,1218.7599999991685,2416.9410917806103
52439,31.868509004086352,1218.7799999991685,2416.9522595898334
52440,31.868509004086352,1218.7999999991684,2416.9634272566086
52441,31.868509004086352,1218.8199999991684,2416.974594781189
52442,31.868509004086352,1218.8399999991684,2416.985762163586
52443,31.868509004086352,1218.8599999991684,2416.996929403807
52444,31.868509004086352,1218.8799999991684,2417.0080965018583
52445,31.868509004086352,1218.8999999991684,2417.019263457748
52446,31.868509004086352,1218.9199999991683,2417.0304302714826
52447,31.868509004086352,1218.9399999991683,2417.041596943069
52448,31.868509004086352,1218.9599999991683,2417.052763472515
52449,31.868509004086352,1218.9799999991683,2417.063929859827
52450,31.868509004086352,1218.9999999991683,2417.0750961050126
52451,31.868509004086352,1219.0199999991682,2417.0862622080786
52452,31.868509004086352,1219.0399999991682,2417.097428169032
52453,31.868509004086352,1219.0599999991682,2417.10859398788
52454,31.868509004086352,1219.0799999991682,2417.1197596646293
52455,31.868509004086352,1219.0999999991682,2417.1309251992875
52456,31.868509004086352,1219.1199999991682,2417.1420905918612
52457,31.868509004086352,1219.1399999991681,2417.1532558423582
52458,31.868509004086352,1219.1599999991681,2417.164420950785
52459,31.868509004086352,1219.179999999168,2417.1755859171485
52460,31.868509004086352,1219.199999999168,2417.1867507414563
52461,31.868509004086352,1219.219999999168,2417.197915423715
52462,31.868509004086352,1219.239999999168,2417.2090799639323
52463,31.868509004086352,1219.259999999168,2417.220244362115
52464,31.868509004086352,1219.279999999168,2417.23140861827
52465,31.868509004086352,1219.299999999168,2417.2425727324044
52466,31.868509004086352,1219.319999999168,2417.253736704525
52467,31.868509004086352,1219.339999999168,2417.2649005346398
52468,31.868509004086352,1219.359999999168,2417.276064222755
52469,31.868509004086352,1219.379999999168,2417.287227768878
52470,31.868509004086352,1219.399999999168,2417.298391173016
52471,31.868509004086352,1219.4199999991679,2417.309554435176
52472,31.868509004086352,1219.4399999991679,2417.320717555365
52473,31.868509004086352,1219.4599999991678,2417.33188053359
52474,31.868509004086352,1219.4799999991678,2417.343043369858
52475,31.868509004086352,1219.4999999991678,2417.3542060641767
52476,31.868509004086352,1219.5199999991678,2417.365368616552
52477,31.868509004086352,1219.5399999991678,2417.3765310269923
52478,31.868509004086352,1219.5599999991678,2417.3876932955036
52479,31.868509004086352,1219.5799999991677,2417.3988554220937
52480,31.868509004086352,1219.5999999991677,2417.4100174067694
52481,31.868509004086352,1219.6199999991677,2417.4211792495375
52482,31.868509004086352,1219.6399999991677,2417.4323409504054
52483,31.868509004086352,1219.6599999991677,2417.4435025093803
52484,31.868509004086352,1219.6799999991676,2417.454663926469
52485,31.868509004086352,1219.6999999991676,2417.465825201679
52486,31.868509004086352,1219.7199999991676,2417.4769863350166
52487,31.868509004086352,1219.7399999991676,2417.4881473264895
52488,31.868509004086352,1219.7599999991676,2417.4993081761045
52489,31.868509004086352,1219.7799999991676,2417.5104688838687
52490,31.868509004086352,1219.7999999991675,2417.52162944979
52491,31.868509004086352,1219.8199999991675,2417.5327898741034
52492,31.868509004086352,1219.8399999991675,2417.5439501570395
52493,31.868509004086352,1219.8599999991675,2417.5551102986055
52494,31.868509004086352,1219.8799999991675,2417.5662702988084
52495,31.868509004086352,1219.8999999991674,2417.5774301576553
52496,31.868509004086352,1219.9199999991674,2417.5885898751535
52497,31.868509004086352,1219.9399999991674,2417.59974945131
52498,31.868509004086352,1219.9599999991674,2417.6109088861313
52499,31.868509004086352,1219.9799999991674,2417.6220681796253
52500,31.868509004086352,1219.9999999991674,2417.6332273317985
52501,31.868509004086352,1220.0199999991673,2417.6443863426584
52502,31.868509004086352,1220.0399999991673,2417.655545212212
52503,31.868509004086352,1220.0599999991673,2417.666703940466
52504,31.868509004086352,1220.0799999991673,2417.677862527428
52505,31.868509004086352,1220.0999999991673,2417.6890209731046
52506,31.868509004086352,1220.1199999991672,2417.700179277503
52507,31.868509004086352,1220.1399999991672,2417.711337440631
52508,31.868509004086352,1220.1599999991672,2417.7224954624944
52509,31.868509004086352,1220.1799999991672,2417.733653343101
52510,31.868509004086352,1220.1999999991672,2417.744811082458
52511,31.868509004086352,1220.2199999991672,2417.755968680572
52512,31.868509004086352,1220.2399999991671,2417.7671261374508
52513,31.868509004086352,1220.2599999991671,2417.778283453101
52514,31.868509004086352,1220.279999999167,2417.7894406275295
52515,31.868509004086352,1220.299999999167,2417.8005976607437
52516,31.868509004086352,1220.319999999167,2417.8117545527507
52517,31.868509004086352,1220.339999999167,2417.8229113035572
52518,31.868509004086352,1220.359999999167,2417.8340679131707
52519,31.868509004086352,1220.379999999167,2417.845224381598
52520,31.868509004086352,1220.399999999167,2417.8563807088467
52521,31.868509004086352,1220.419999999167,2417.867536894923
52522,31.868509004086352,1220.439999999167,2417.8786929398348
52523,31.868509004086352,1220.459999999167,2417.8898488435884
52524,31.868509004086352,1220.479999999167,2417.9010046061917
52525,31.868509004086352,1220.499999999167,2417.9121602276514
52526,31.868509004086352,1220.5199999991669,2417.9233157079743
52527,31.868509004086352,1220.5399999991669,2417.934471047168
52528,31.868509004086352,1220.5599999991668,2417.945626245239
52529,31.868509004086352,1220.5799999991668,2417.956781302195
52530,31.868509004086352,1220.5999999991668,2417.9679362180423
52531,31.868509004086352,1220.6199999991668,2417.9790909927888
52532,31.868509004086352,1220.6399999991668,2417.9902456264413
52533,31.868509004086352,1220.6599999991668,2418.0014001190066
52534,31.868509004086352,1220.6799999991667,2418.012554470492
52535,31.868509004086352,1220.6999999991667,2418.0237086809043
52536,31.868509004086352,1220.7199999991667,2418.034862750251
52537,31.868509004086352,1220.7399999991667,2418.0460166785388
52538,31.868509004086352,1220.7599999991667,2418.057170465775
52539,31.868509004086352,1220.7799999991666,2418.068324111967
52540,31.868509004086352,1220.7999999991666,2418.079477617121
52541,31.868509004086352,1220.8199999991666,2418.090630981251
52542,31.868509004086352,1220.8399999991666,2418.101784204613
52543,31.868509004086352,1220.8599999991666,2418.1129372874116
52544,31.868509004086352,1220.8799999991666,2418.124090229653
52545,31.868509004086352,1220.8999999991665,2418.1352430313455
52546,31.868509004086352,1220.9199999991665,2418.1463956924954
52547,31.868509004086352,1220.9399999991665,2418.1575482131097
52548,31.868509004086352,1220.9599999991665,2418.168700593196
52549,31.868509004086352,1220.9799999991665,2418.179852832761
52550,31.868509004086352,1220.9999999991664,2418.1910049318117
52551,31.868509004086352,1221.0199999991664,2418.2021568903556
52552,31.868509004086352,1221.0399999991664,2418.2133087083994
52553,31.868509004086352,1221.0599999991664,2418.2244603859504
52554,31.868509004086352,1221.0799999991664,2418.2356119230153
52555,31.868509004086352,1221.0999999991664,2418.2467633196015
52556,31.868509004086352,1221.1199999991663,2418.2579145757163
52557,31.868509004086352,1221.1399999991663,2418.2690656913664
52558,31.868509004086352,1221.1599999991663,2418.280216666559
52559,31.868509004086352,1221.1799999991663,2418.2913675013015
52560,31.868509004086352,1221.1999999991663,2418.3025181956004
52561,31.868509004086352,1221.2199999991662,2418.313668749463
52562,31.868509004086352,1221.2399999991662,2418.3248191628963
52563,31.868509004086352,1221.2599999991662,2418.335969435908
52564,31.868509004086352,1221.2799999991662,2418.3471195685042
52565,31.868509004086352,1221.2999999991662,2418.358269560693
52566,31.868509004086352,1221.3199999991662,2418.3694194124805
52567,31.868509004086352,1221.3399999991661,2418.3805691238745
52568,31.868509004086352,1221.3599999991661,2418.391718694882
52569,31.868509004086352,1221.379999999166,2418.40286812551
52570,31.868509004086352,1221.399999999166,2418.414017415765
52571,31.868509004086352,1221.419999999166,2418.4251665656548
52572,31.868509004086352,1221.439999999166,2418.436315575186
52573,31.868509004086352,1221.459999999166,2418.4474644443667
52574,31.868509004086352,1221.479999999166,2418.4586131732026
52575,31.868509004086352,1221.499999999166,2418.4697617617016
52576,31.868509004086352,1221.519999999166,2418.4809102098707
52577,31.868509004086352,1221.539999999166,2418.4920585177165
52578,31.868509004086352,1221.559999999166,2418.503206685247
52579,31.868509004086352,1221.579999999166,2418.514354712468
52580,31.868509004086352,1221.599999999166,2418.525502599388
52581,31.868509004086352,1221.6199999991659,2418.5366503460127
52582,31.868509004086352,1221.6399999991659,2418.5477979523503
52583,31.868509004086352,1221.6599999991658,2418.5589454184073
52584,31.868509004086352,1221.6799999991658,2418.570092744191
52585,31.868509004086352,1221.6999999991658,2418.581239929708
52586,31.868509004086352,1221.7199999991658,2418.592386974966
52587,31.868509004086352,1221.7399999991658,2418.6035338799716
52588,31.868509004086352,1221.7599999991658,2418.6146806447323
52589,31.868509004086352,1221.7799999991657,2418.6258272692553
52590,31.868509004086352,1221.7999999991657,2418.6369737535474
52591,31.868509004086352,1221.8199999991657,2418.6481200976154
52592,31.868509004086352,1221.8399999991657,2418.6592663014785
52593,31.868509004086352,1221.8599999991657,2418.6704123654304
52594,31.868509004086352,1221.8799999991656,2418.6815582896584
52595,31.868509004086352,1221.8999999991656,2418.6927040741693
52596,31.868509004086352,1221.9199999991656,2418.7038497189706
52597,31.868509004086352,1221.9399999991656,2418.7149952240693
52598,31.868509004086352,1221.9599999991656,2418.7261405894724
52599,31.868509004086352,1221.9799999991656,2418.7372858151866
52600,31.868509004086352,1221.9999999991655,2418.7484309012198
52601,31.868509004086352,1222.0199999991655,2418.759575847578
52602,31.868509004086352,1222.0399999991655,2418.7707206542696
52603,31.868509004086352,1222.0599999991655,2418.7818653213008
52604,31.868509004086352,1222.0799999991655,2418.7930098486786
52605,31.868509004086352,1222.0999999991654,2418.8041542364103
52606,31.868509004086352,1222.1199999991654,2418.8152984845033
52607,31.868509004086352,1222.1399999991654,2418.826442592964
52608,31.868509004086352,1222.1599999991654,2418.8375865618004
52609,31.868509004086352,1222.1799999991654,2418.848730391019
52610,31.868509004086352,1222.1999999991654,2418.8598740806274
52611,31.868509004086352,1222.2199999991653,2418.8710176306317
52612,31.868509004086352,1222.2399999991653,2418.8821610410396
52613,31.868509004086352,1222.2599999991653,2418.893304311858
52614,31.868509004086352,1222.2799999991653,2418.904447443095
52615,31.868509004086352,1222.2999999991653,2418.915590434756
52616,31.868509004086352,1222.3199999991652,2418.926733286849
52617,31.868509004086352,1222.3399999991652,2418.937875999381
52618,31.868509004086352,1222.3599999991652,2418.9490185723594
52619,31.868509004086352,1222.3799999991652,2418.9601610057907
52620,31.868509004086352,1222.3999999991652,2418.9713032996824
52621,31.868509004086352,1222.4199999991652,2418.982445454041
52622,31.868509004086352,1222.4399999991651,2418.9935874688745
52623,31.868509004086352,1222.4599999991651,2419.0047293441894
52624,31.868509004086352,1222.479999999165,2419.015871079993
52625,31.868509004086352,1222.499999999165,2419.027012676292
52626,31.868509004086352,1222.519999999165,2419.038154133094
52627,31.868509004086352,1222.539999999165,2419.0492954504057
52628,31.868509004086352,1222.559999999165,2419.0604366282346
52629,31.868509004086352,1222.579999999165,2419.0715776665875
52630,31.868509004086352,1222.599999999165,2419.082718565471
52631,31.8246691375223,1222.619999999165,2419.093859324893
52632,31.8246691375223,1222.639999999165,2419.10499994486
52633,31.8246691375223,1222.659999999165,2419.11614042538
52634,31.8246691375223,1222.679999999165,2419.127280766459
52635,31.8246691375223,1222.699999999165,2419.1384209681046
52636,31.8246691375223,1222.7199999991649,2419.1495610303236
52637,31.8246691375223,1222.7399999991649,2419.1607009531235
52638,31.8246691375223,1222.7599999991648,2419.171840736511
52639,31.8246691375223,1222.7799999991648,2419.1829803804935
52640,31.8246691375223,1222.7999999991648,2419.1941198850777
52641,31.8246691375223,1222.8199999991648,2419.205259250271
52642,31.8246691375223,1222.8399999991648,2419.2163984760805
52643,31.8246691375223,1222.8599999991648,2419.2275375625286
52644,31.8246691375223,1222.8799999991647,2419.238676509898
52645,31.8246691375223,1222.8999999991647,2419.249815318331
52646,31.8246691375223,1222.9199999991647,2419.2609539878345
52647,31.8246691375223,1222.9399999991647,2419.272092518416
52648,31.8246691375223,1222.9599999991647,2419.283230910082
52649,31.8246691375223,1222.9799999991646,2419.2943691628393
52650,31.8246691375223,1222.9999999991646,2419.305507276696
52651,31.8246691375223,1223.0199999991646,2419.316645251659
52652,31.8246691375223,1223.0399999991646,2419.3277830877346
52653,31.8246691375223,1223.0599999991646,2419.3389207849305
52654,31.8246691375223,1223.0799999991646,2419.3500583432537
52655,31.8246691375223,1223.0999999991645,2419.3611957627118
52656,31.8246691375223,1223.1199999991645,2419.3723330433113
52657,31.8246691375223,1223.1399999991645,2419.383470185059
52658,31.8246691375223,1223.1599999991645,2419.3946071879627
52659,31.8246691375223,1223.1799999991645,2419.405744052029
52660,31.8246691375223,1223.1999999991644,2419.4168807772653
52661,31.8246691375223,1223.2199999991644,2419.4280173636785
52662,31.8246691375223,1223.2399999991644,2419.439153811276
52663,31.8246691375223,1223.2599999991644,2419.4502901200644
52664,31.8246691375223,1223.2799999991644,2419.4614262900513
52665,31.8246691375223,1223.2999999991644,2419.4725623212435
52666,31.8246691375223,1223.3199999991643,2419.483698213648
52667,31.8246691375223,1223.3399999991643,2419.4948339672724
52668,31.8246691375223,1223.3599999991643,2419.5059695821233
52669,31.8246691375223,1223.3799999991643,2419.517105058208
52670,31.8246691375223,1223.3999999991643,2419.5282403955334
52671,31.8246691375223,1223.4199999991642,2419.539375594107
52672,31.8246691375223,1223.4399999991642,2419.5505106539354
52673,31.8246691375223,1223.4599999991642,2419.561645575026
52674,31.8246691375223,1223.4799999991642,2419.572780357386
52675,31.8246691375223,1223.4999999991642,2419.583915001022
52676,31.8246691375223,1223.5199999991642,2419.5950495059415
52677,31.8246691375223,1223.5399999991641,2419.6061838721516
52678,31.8246691375223,1223.5599999991641,2419.6173180996593
52679,31.8246691375223,1223.579999999164,2419.628452188472
52680,31.8246691375223,1223.599999999164,2419.639586138596
52681,31.8246691375223,1223.619999999164,2419.650719950039
52682,31.8246691375223,1223.639999999164,2419.661853622808
52683,31.8246691375223,1223.659999999164,2419.67298715691
52684,31.8246691375223,1223.679999999164,2419.6841205523524
52685,31.8246691375223,1223.699999999164,2419.695253809142
52686,31.8246691375223,1223.719999999164,2419.7063869272856
52687,31.8246691375223,1223.739999999164,2419.717519906791
52688,31.8246691375223,1223.759999999164,2419.728652747665
52689,31.8246691375223,1223.779999999164,2419.7397854499145
52690,31.8246691375223,1223.799999999164,2419.7509180135467
52691,31.8246691375223,1223.8199999991639,2419.7620504385686
52692,31.8246691375223,1223.8399999991639,2419.7731827249877
52693,31.8246691375223,1223.8599999991638,2419.7843148728107
52694,31.8246691375223,1223.8799999991638,2419.7954468820662
52695,31.8246691375223,1223.8999999991638,2419.8065787530722
52696,31.8246691375223,1223.9199999991638,2419.8177104859515
52697,31.8246691375223,1223.9399999991638,2419.828842080711
52698,31.8246691375223,1223.9599999991638,2419.839973537358
52699,31.8246691375223,1223.9799999991637,2419.8511048559
52700,31.8246691375223,1223.9999999991637,2419.862236036343
52701,31.8246691375223,1224.0199999991637,2419.8733670786946
52702,31.8246691375223,1224.0399999991637,2419.8844979829623
52703,31.8246691375223,1224.0599999991637,2419.895628749153
52704,31.8246691375223,1224.0799999991636,2419.9067593772734
52705,31.8246691375223,1224.0999999991636,2419.917889867331
52706,31.8246691375223,1224.1199999991636,2419.9290202193324
52707,31.8246691375223,1224.1399999991636,2419.9401504332855
52708,31.8246691375223,1224.1599999991636,2419.9512805091967
52709,31.8246691375223,1224.1799999991636,2419.9624104470736
52710,31.8246691375223,1224.1999999991635,2419.973540246923
52711,31.8246691375223,1224.2199999991635,2419.9846699087525
52712,31.8246691375223,1224.2399999991635,2419.995799432568
52713,31.8246691375223,1224.2599999991635,2420.0069288187747
52714,31.8246691375223,1224.2799999991635,2420.0180580689857
52715,31.8246691375223,1224.2999999991634,2420.0291871833433
52716,31.8246691375223,1224.3199999991634,2420.0403161618547
52717,31.8246691375223,1224.3399999991634,2420.051445004527
52718,31.8246691375223,1224.3599999991634,2420.0625737113683
52719,31.8246691375223,1224.3799999991634,2420.073702282385
52720,31.8246691375223,1224.3999999991634,2420.0848307175847
52721,31.8246691375223,1224.4199999991633,2420.0959590169746
52722,31.8246691375223,1224.4399999991633,2420.107087180562
52723,31.8246691375223,1224.4599999991633,2420.118215208354
52724,31.8246691375223,1224.4799999991633,2420.129343100358
52725,31.8246691375223,1224.4999999991633,2420.140470856581
52726,31.8246691375223,1224.5199999991632,2420.151598477031
52727,31.8246691375223,1224.5399999991632,2420.1627259617144
52728,31.8246691375223,1224.5599999991632,2420.173853310639
52729,31.8246691375223,1224.5799999991632,2420.1849805238116
52730,31.8246691375223,1224.5999999991632,2420.19610760124
52731,31.8246691375223,1224.6199999991632,2420.207234542931
52732,31.8246691375223,1224.6399999991631,2420.2183613488924
52733,31.8246691375223,1224.6599999991631,2420.229488019131
52734,31.8246691375223,1224.679999999163,2420.2406145536547
52735,31.8246691375223,1224.699999999163,2420.2517409524703
52736,31.8246691375223,1224.719999999163,2420.262867215585
52737,31.8246691375223,1224.739999999163,2420.273993343006
52738,31.8246691375223,1224.759999999163,2420.285119334741
52739,31.8246691375223,1224.779999999163,2420.296245190797
52740,31.8246691375223,1224.799999999163,2420.3073709111814
52741,31.8246691375223,1224.819999999163,2420.3184964959014
52742,31.8246691375223,1224.839999999163,2420.329621944964
52743,31.8246691375223,1224.859999999163,2420.3407472583767
52744,31.8246691375223,1224.879999999163,2420.351872436147
52745,31.8246691375223,1224.899999999163,2420.362997478309
52746,31.8246691375223,1224.9199999991629,2420.374122385201
52747,31.8246691375223,1224.9399999991629,2420.3852471569203
52748,31.8246691375223,1224.9599999991628,2420.3963717934735
52749,31.8246691375223,1224.9799999991628,2420.4074962948685
52750,31.8246691375223,1224.9999999991628,2420.418620661112
52751,31.8246691375223,1225.0199999991628,2420.4297448922116
52752,31.8246691375223,1225.0399999991628,2420.4408689881748
52753,31.8246691375223,1225.0599999991628,2420.4519929490084
52754,31.8246691375223,1225.0799999991627,2420.4631167747198
52755,31.8246691375223,1225.0999999991627,2420.474240465316
52756,31.8246691375223,1225.1199999991627,2420.4853640208053
52757,31.8246691375223,1225.1399999991627,2420.496487441194
52758,31.8246691375223,1225.1599999991627,2420.5076107264895
52759,31.8246691375223,1225.1799999991626,2420.518733876699
52760,31.8246691375223,1225.1999999991626,2420.5298568918306
52761,31.8246691375223,1225.2199999991626,2420.5409797718908
52762,31.8246691375223,1225.2399999991626,2420.552102516887
52763,31.8246691375223,1225.2599999991626,2420.563225126826
52764,31.8246691375223,1225.2799999991626,2420.5743476017165
52765,31.8246691375223,1225.2999999991625,2420.5854699415645
52766,31.8246691375223,1225.3199999991625,2420.5965921463776
52767,31.8246691375223,1225.3399999991625,2420.607714216163
52768,31.8246691375223,1225.3599999991625,2420.6188361509285
52769,31.8246691375223,1225.3799999991625,2420.629957950681
52770,31.8246691375223,1225.3999999991624,2420.6410796154273
52771,31.8246691375223,1225.4199999991624,2420.6522011451752
52772,31.8246691375223,1225.4399999991624,2420.6633225399323
52773,31.8246691375223,1225.4599999991624,2420.6744437997054
52774,31.8246691375223,1225.4799999991624,2420.6855649245017
52775,31.8246691375223,1225.4999999991624,2420.6966859143286
52776,31.8246691375223,1225.5199999991623,2420.707806769193
52777,31.8246691375223,1225.5399999991623,2420.718927489103
52778,31.8246691375223,1225.5599999991623,2420.7300480740655
52779,31.8246691375223,1225.5799999991623,2420.7411685240877
52780,31.8246691375223,1225.5999999991623,2420.752288839177
52781,31.8246691375223,1225.6199999991622,2420.76340901934
52782,31.8246691375223,1225.6399999991622,2420.774529064585
52783,31.8246691375223,1225.6599999991622,2420.7856489749183
52784,31.8246691375223,1225.6799999991622,2420.796768750348
52785,31.8246691375223,1225.6999999991622,2420.807888390881
52786,31.8246691375223,1225.7199999991622,2420.819007896525
52787,31.8246691375223,1225.7399999991621,2420.8301272672866
52788,31.8246691375223,1225.7599999991621,2420.8412465031734
52789,31.8246691375223,1225.779999999162,2420.8523656041925
52790,31.8246691375223,1225.799999999162,2420.8634845703514
52791,31.8246691375223,1225.819999999162,2420.874603401657
52792,31.8246691375223,1225.839999999162,2420.885722098117
52793,31.8246691375223,1225.859999999162,2420.8968406597387
52794,31.8246691375223,1225.879999999162,2420.907959086529
52795,31.8246691375223,1225.899999999162,2420.9190773784953
52796,31.8246691375223,1225.919999999162,2420.9301955356773
52797,31.8246691375223,1225.939999999162,2420.9413135584346
52798,31.8246691375223,1225.959999999162,2420.9524314468376
52799,31.8246691375223,1225.979999999162,2420.9635492008933
52800,31.8246691375223,1225.999999999162,2420.974666820609
52801,31.8246691375223,1226.0199999991619,2420.9857843059917
52802,31.8246691375223,1226.0399999991619,2420.9969016570494
52803,31.8246691375223,1226.0599999991618,2421.008018873789
52804,31.8246691375223,1226.0799999991618,2421.0191359562173
52805,31.8246691375223,1226.0999999991618,2421.0302529043424
52806,31.8246691375223,1226.1199999991618,2421.041369718171
52807,31.8246691375223,1226.1399999991618,2421.0524863977107
52808,31.8246691375223,1226.1599999991618,2421.0636029429684
52809,31.8246691375223,1226.1799999991617,2421.074719353952
52810,31.8246691375223,1226.1999999991617,2421.085835630668
52811,31.8246691375223,1226.2199999991617,2421.096951773124
52812,31.8246691375223,1226.2399999991617,2421.108067781328
52813,31.8246691375223,1226.2599999991617,2421.119183655286
52814,31.8246691375223,1226.2799999991616,2421.130299395006
52815,31.8246691375223,1226.2999999991616,2421.1414150004957
52816,31.8246691375223,1226.3199999991616,2421.1525304717616
52817,31.8246691375223,1226.3399999991616,2421.163645808811
52818,31.8246691375223,1226.3599999991616,2421.1747610116518
52819,31.8246691375223,1226.3799999991616,2421.1858760802907
52820,31.8246691375223,1226.3999999991615,2421.196991014735
52821,31.8246691375223,1226.4199999991615,2421.2081058149925
52822,31.8246691375223,1226.4399999991615,2421.21922048107
52823,31.8246691375223,1226.4599999991615,2421.230335012975
52824,31.8246691375223,1226.4799999991615,2421.2414494107147
52825,31.8246691375223,1226.4999999991614,2421.252563674296
52826,31.8246691375223,1226.5199999991614,2421.263677803727
52827,31.8246691375223,1226.5399999991614,2421.2747917990146
52828,31.8246691375223,1226.5599999991614,2421.2859056601656
52829,31.8246691375223,1226.5799999991614,2421.297019387188
52830,31.8246691375223,1226.5999999991614,2421.3081329800884
52831,31.8246691375223,1226.6199999991613,2421.3192464388744
52832,31.8246691375223,1226.6399999991613,2421.3303597635536
52833,31.8246691375223,1226.6599999991613,2421.3414729541328
52834,31.8246691375223,1226.6799999991613,2421.3525860106192
52835,31.8246691375223,1226.6999999991613,2421.3636989330207
52836,31.8246691375223,1226.7199999991612,2421.374811721344
52837,31.8246691375223,1226.7399999991612,2421.3859243755965
52838,31.8246691375223,1226.7599999991612,2421.3970368957857
52839,31.8246691375223,1226.7799999991612,2421.4081492819187
52840,31.8246691375223,1226.7999999991612,2421.4192615340025
52841,31.8246691375223,1226.8199999991612,2421.430373652045
52842,31.8246691375223,1226.8399999991611,2421.441485636053
52843,31.8246691375223,1226.8599999991611,2421.452597486034
52844,31.8246691375223,1226.879999999161,2421.463709201995
52845,31.8246691375223,1226.899999999161,2421.4748207839434
52846,31.8246691375223,1226.919999999161,2421.4859322318866
52847,31.8246691375223,1226.939999999161,2421.49704354587
52848,31.8246691375223,1226.959999999161,2421.508154726273
52849,31.8246691375223,1226.979999999161,2421.51926577314
52850,31.8246691375223,1226.999999999161,2421.5303766864786
52851,31.8246691375223,1227.019999999161,2421.5414874662956
52852,31.8246691375223,1227.039999999161,2421.5525981125984
52853,31.8246691375223,1227.059999999161,2421.5637086253946
52854,31.8246691375223,1227.079999999161,2421.574819004691
52855,31.8246691375223,1227.099999999161,2421.585929250495
52856,31.8246691375223,1227.1199999991609,2421.5970393628145
52857,31.8246691375223,1227.1399999991609,2421.608149341656
52858,31.8246691375223,1227.1599999991608,2421.6192591870267
52859,31.8246691375223,1227.1799999991608,2421.6303688989346
52860,31.8246691375223,1227.1999999991608,2421.6414784773865
52861,31.8246691375223,1227.2199999991608,2421.6525879223896
52862,31.8246691375223,1227.2399999991608,2421.6636972339516
52863,31.8246691375223,1227.2599999991608,2421.6748064120793
52864,31.8246691375223,1227.2799999991607,2421.6859154567805
52865,31.8246691375223,1227.2999999991607,2421.697024368062
52866,31.8246691375223,1227.3199999991607,2421.7081331459312
52867,31.8246691375223,1227.3399999991607,2421.7192417903957
52868,31.8246691375223,1227.3599999991607,2421.7303503014623
52869,31.8246691375223,1227.3799999991606,2421.7414586791388
52870,31.8246691375223,1227.3999999991606,2421.752566923432
52871,31.8246691375223,1227.4199999991606,2421.7636750343495
52872,31.8246691375223,1227.4399999991606,2421.7747830118983
52873,31.8246691375223,1227.4599999991606,2421.785890856086
52874,31.8246691375223,1227.4799999991606,2421.7969985669197
52875,31.8246691375223,1227.4999999991605,2421.808106144407
52876,31.8246691375223,1227.5199999991605,2421.8192135885542
52877,31.8246691375223,1227.5399999991605,2421.83032089937
52878,31.8246691375223,1227.5599999991605,2421.84142807686
52879,31.8246691375223,1227.5799999991605,2421.8525351210333
52880,31.8246691375223,1227.5999999991604,2421.863642031896
52881,31.8246691375223,1227.6199999991604,2421.8747488094555
52882,31.8246691375223,1227.6399999991604,2421.8858554537196
52883,31.8246691375223,1227.6599999991604,2421.896961964695
52884,31.8246691375223,1227.6799999991604,2421.9080683423895
52885,31.8246691375223,1227.6999999991604,2421.9191745868097
52886,31.8246691375223,1227.7199999991603,2421.9302806979636
52887,31.8246691375223,1227.7399999991603,2421.9413866758578
52888,31.8246691375223,1227.7599999991603,2421.9524925205
52889,31.8246691375223,1227.7799999991603,2421.963598231898
52890,31.8246691375223,1227.7999999991603,2421.9747038100577
52891,31.8246691375223,1227.8199999991602,2421.9858092549875
52892,31.8246691375223,1227.8399999991602,2421.996914566694
52893,31.8246691375223,1227.8599999991602,2422.0080197451853
52894,31.8246691375223,1227.8799999991602,2422.019124790468
52895,31.8246691375223,1227.8999999991602,2422.0302297025496
52896,31.8246691375223,1227.9199999991602,2422.0413344814374
52897,31.8246691375223,1227.9399999991601,2422.0524391271383
52898,31.8246691375223,1227.9599999991601,2422.0635436397283
52899,31.8246691375223,1227.97999999916,2422.074648019584
52900,31.8246691375223,1227.99999999916,2422.0857522667466
52901,31.8246691375223,1228.01999999916,2422.0968563812235
52902,31.8246691375223,1228.03999999916,2422.1079603630214
52903,31.8246691375223,1228.05999999916,2422.1190642121483
52904,31.8246691375223,1228.07999999916,2422.130167928611
52905,31.8246691375223,1228.09999999916,2422.141271512417
52906,31.8246691375223,1228.11999999916,2422.1523749635735
52907,31.8246691375223,1228.13999999916,2422.163478282088
52908,31.8246691375223,1228.15999999916,2422.1745814679675
52909,31.8246691375223,1228.17999999916,2422.185684521219
52910,31.8246691375223,1228.19999999916,2422.1967874418506
52911,31.8246691375223,1228.2199999991599,2422.207890229869
52912,31.8246691375223,1228.2399999991599,2422.2189928852818
52913,31.8246691375223,1228.2599999991598,2422.230095408096
52914,31.8246691375223,1228.2799999991598,2422.2411977983193
52915,31.8246691375223,1228.2999999991598,2422.252300055958
52916,31.8246691375223,1228.3199999991598,2422.2634021810204
52917,31.780929692602502,1228.3399999991598,2422.2745041735134
52918,31.780929692602502,1228.3599999991598,2422.2856060334443
52919,31.780929692602502,1228.3799999991597,2422.2967077608205
52920,31.780929692602502,1228.3999999991597,2422.307809355649
52921,31.780929692602502,1228.4199999991597,2422.3189108179376
52922,31.780929692602502,1228.4399999991597,2422.330012147693
52923,31.780929692602502,1228.4599999991597,2422.341113344923
52924,31.780929692602502,1228.4799999991596,2422.352214409635
52925,31.780929692602502,1228.4999999991596,2422.363315341836
52926,31.780929692602502,1228.5199999991596,2422.374416141533
52927,31.780929692602502,1228.5399999991596,2422.3855168087334
52928,31.780929692602502,1228.5599999991596,2422.3966173434446
52929,31.780929692602502,1228.5799999991596,2422.407717745674
52930,31.780929692602502,1228.5999999991595,2422.4188180154288
52931,31.780929692602502,1228.6199999991595,2422.4299181527163
52932,31.780929692602502,1228.6399999991595,2422.4410181575436
52933,31.780929692602502,1228.6599999991595,2422.452118029918
52934,31.780929692602502,1228.6799999991595,2422.4632177698472
52935,31.780929692602502,1228.6999999991594,2422.474317377338
52936,31.780929692602502,1228.7199999991594,2422.485416852398
52937,31.780929692602502,1228.7399999991594,2422.496516195034
52938,31.780929692602502,1228.7599999991594,2422.507615405254
52939,31.780929692602502,1228.7799999991594,2422.5187144830647
52940,31.780929692602502,1228.7999999991594,2422.5298134284735
52941,31.780929692602502,1228.8199999991593,2422.540912241488
52942,31.780929692602502,1228.8399999991593,2422.552010922115
52943,31.780929692602502,1228.8599999991593,2422.5631094703626
52944,31.780929692602502,1228.8799999991593,2422.574207886237
52945,31.780929692602502,1228.8999999991593,2422.5853061697467
52946,31.780929692602502,1228.9199999991592,2422.596404320898
52947,31.780929692602502,1228.9399999991592,2422.6075023396984
52948,31.780929692602502,1228.9599999991592,2422.618600226155
52949,31.780929692602502,1228.9799999991592,2422.6296979803606
52950,31.780929692602502,1228.9999999991592,2422.640795602629
52951,31.780929692602502,1229.0199999991592,2422.6518930929933
52952,31.780929692602502,1229.0399999991591,2422.6629904514602
52953,31.780929692602502,1229.0599999991591,2422.6740876780373
52954,31.780929692602502,1229.079999999159,2422.6851847727316
52955,31.780929692602502,1229.099999999159,2422.6962817355507
52956,31.780929692602502,1229.119999999159,2422.7073785665016
52957,31.780929692602502,1229.139999999159,2422.7184752655917
52958,31.780929692602502,1229.159999999159,2422.7295718328282
52959,31.780929692602502,1229.179999999159,2422.7406682682185
52960,31.780929692602502,1229.199999999159,2422.75176457177
52961,31.780929692602502,1229.219999999159,2422.7628607434895
52962,31.780929692602502,1229.239999999159,2422.7739567833846
52963,31.780929692602502,1229.259999999159,2422.7850526914626
52964,31.780929692602502,1229.279999999159,2422.7961484677307
52965,31.780929692602502,1229.299999999159,2422.8072441121967
52966,31.780929692602502,1229.3199999991589,2422.8183396248673
52967,31.780929692602502,1229.3399999991589,2422.82943500575
52968,31.780929692602502,1229.3599999991588,2422.8405302548517
52969,31.780929692602502,1229.3799999991588,2422.8516253721805
52970,31.780929692602502,1229.3999999991588,2422.862720357743
52971,31.780929692602502,1229.4199999991588,2422.8738152115466
52972,31.780929692602502,1229.4399999991588,2422.884909933599
52973,31.780929692602502,1229.4599999991588,2422.896004523907
52974,31.780929692602502,1229.4799999991587,2422.907098982478
52975,31.780929692602502,1229.4999999991587,2422.9181933093196
52976,31.780929692602502,1229.5199999991587,2422.929287504439
52977,31.780929692602502,1229.5399999991587,2422.940381567843
52978,31.780929692602502,1229.5599999991587,2422.9514754995394
52979,31.780929692602502,1229.5799999991586,2422.962569299535
52980,31.780929692602502,1229.5999999991586,2422.9736629678378
52981,31.780929692602502,1229.6199999991586,2422.9847565044547
52982,31.780929692602502,1229.6399999991586,2422.9958499093927
52983,31.780929692602502,1229.6599999991586,2423.0069431826596
52984,31.780929692602502,1229.6799999991586,2423.018036324262
52985,31.780929692602502,1229.6999999991585,2423.029129334208
52986,31.780929692602502,1229.7199999991585,2423.0402222125044
52987,31.780929692602502,1229.7399999991585,2423.051314959159
52988,31.780929692602502,1229.7599999991585,2423.062407574178
52989,31.780929692602502,1229.7799999991585,2423.0735000575696
52990,31.780929692602502,1229.7999999991584,2423.084592409341
52991,31.780929692602502,1229.8199999991584,2423.0956846294994
52992,31.780929692602502,1229.8399999991584,2423.106776718052
52993,31.780929692602502,1229.8599999991584,2423.1178686750063
52994,31.780929692602502,1229.8799999991584,2423.128960500369
52995,31.780929692602502,1229.8999999991584,2423.1400521941478
52996,31.780929692602502,1229.9199999991583,2423.15114375635
52997,31.780929692602502,1229.9399999991583,2423.162235186983
52998,31.780929692602502,1229.9599999991583,2423.1733264860536
52999,31.780929692602502,1229.9799999991583,2423.1844176535697
53000,31.780929692602502,1229.9999999991583,2423.195508689654
53001,31.780929692602502,1230.0199999991582,2423.2065995946195
53002,31.780929692602502,1230.0399999991582,2423.2176903684945
53003,31.780929692602502,1230.0599999991582,2423.2287810112857
53004,31.780929692602502,1230.0799999991582,2423.239871523001
53005,31.780929692602502,1230.0999999991582,2423.2509619036473
53006,31.780929692602502,1230.1199999991582,2423.262052153232
53007,31.780929692602502,1230.1399999991581,2423.273142271763
53008,31.780929692602502,1230.1599999991581,2423.2842322592464
53009,31.780929692602502,1230.179999999158,2423.2953221156904
53010,31.780929692602502,1230.199999999158,2423.306411841102
53011,31.780929692602502,1230.219999999158,2423.317501435489
53012,31.780929692602502,1230.239999999158,2423.3285908988573
53013,31.780929692602502,1230.259999999158,2423.3396802312154
53014,31.780929692602502,1230.279999999158,2423.3507694325704
53015,31.780929692602502,1230.299999999158,2423.3618585029294
53016,31.780929692602502,1230.319999999158,2423.3729474423
53017,31.780929692602502,1230.339999999158,2423.384036250689
53018,31.780929692602502,1230.359999999158,2423.395124928104
53019,31.780929692602502,1230.379999999158,2423.4062134745523
53020,31.780929692602502,1230.399999999158,2423.417301890041
53021,31.780929692602502,1230.4199999991579,2423.4283901745775
53022,31.780929692602502,1230.4399999991579,2423.439478328169
53023,31.780929692602502,1230.4599999991578,2423.450566350823
53024,31.780929692602502,1230.4799999991578,2423.4616542425465
53025,31.780929692602502,1230.4999999991578,2423.4727420033473
53026,31.780929692602502,1230.5199999991578,2423.4838296332323
53027,31.780929692602502,1230.5399999991578,2423.4949171322087
53028,31.780929692602502,1230.5599999991578,2423.5060045002842
53029,31.780929692602502,1230.5799999991577,2423.5170917374658
53030,31.780929692602502,1230.5999999991577,2423.5281788437605
53031,31.780929692602502,1230.6199999991577,2423.5392658191763
53032,31.780929692602502,1230.6399999991577,2423.55035266372
53033,31.780929692602502,1230.6599999991577,2423.561439377399
53034,31.780929692602502,1230.6799999991576,2423.5725259602204
53035,31.780929692602502,1230.6999999991576,2423.583612412192
53036,31.780929692602502,1230.7199999991576,2423.5946987333205
53037,31.780929692602502,1230.7399999991576,2423.6057849236136
53038,31.780929692602502,1230.7599999991576,2423.6168709830786
53039,31.780929692602502,1230.7799999991576,2423.6279569117223
53040,31.780929692602502,1230.7999999991575,2423.6390427095525
53041,31.780929692602502,1230.8199999991575,2423.6501283765765
53042,31.780929692602502,1230.8399999991575,2423.661213912801
53043,31.780929692602502,1230.8599999991575,2423.672299318234
53044,31.780929692602502,1230.8799999991575,2423.6833845928822
53045,31.780929692602502,1230.8999999991574,2423.6944697367535
53046,31.780929692602502,1230.9199999991574,2423.705554749855
53047,31.780929692602502,1230.9399999991574,2423.716639632193
53048,31.780929692602502,1230.9599999991574,2423.727724383776
53049,31.780929692602502,1230.9799999991574,2423.738809004611
53050,31.780929692602502,1230.9999999991574,2423.7498934947052
53051,31.780929692602502,1231.0199999991573,2423.7609778542082
53052,31.780929692602502,1231.0399999991573,2423.772062083411
53053,31.780929692602502,1231.0599999991573,2423.783146182337
53054,31.780929692602502,1231.0799999991573,2423.794230150994
53055,31.780929692602502,1231.0999999991573,2423.805313989388
53056,31.780929692602502,1231.1199999991572,2423.816397697528
53057,31.780929692602502,1231.1399999991572,2423.82748127542
53058,31.780929692602502,1231.1599999991572,2423.8385647230716
53059,31.780929692602502,1231.1799999991572,2423.84964804049
53060,31.780929692602502,1231.1999999991572,2423.860731227683
53061,31.780929692602502,1231.2199999991572,2423.8718142846574
53062,31.780929692602502,1231.2399999991571,2423.8828972114206
53063,31.780929692602502,1231.2599999991571,2423.89398000798
53064,31.780929692602502,1231.279999999157,2423.9050626743433
53065,31.780929692602502,1231.299999999157,2423.916145210517
53066,31.780929692602502,1231.319999999157,2423.9272276165084
53067,31.780929692602502,1231.339999999157,2423.9383098923254
53068,31.780929692602502,1231.359999999157,2423.949392037975
53069,31.780929692602502,1231.379999999157,2423.9604740534646
53070,31.780929692602502,1231.399999999157,2423.9715559388014
53071,31.780929692602502,1231.419999999157,2423.9826376939927
53072,31.780929692602502,1231.439999999157,2423.993719319046
53073,31.780929692602502,1231.459999999157,2424.004800813968
53074,31.780929692602502,1231.479999999157,2424.015882178767
53075,31.780929692602502,1231.499999999157,2424.0269634134493
53076,31.780929692602502,1231.5199999991569,2424.0380445180226
53077,31.780929692602502,1231.5399999991569,2424.049125492494
53078,31.780929692602502,1231.5599999991568,2424.0602063368715
53079,31.780929692602502,1231.5799999991568,2424.0712870511616
53080,31.780929692602502,1231.5999999991568,2424.0823676353716
53081,31.780929692602502,1231.6199999991568,2424.0934480895094
53082,31.780929692602502,1231.6399999991568,2424.1045284135816
53083,31.780929692602502,1231.6599999991568,2424.115608607596
53084,31.780929692602502,1231.6799999991567,2424.12668867156
53085,31.780929692602502,1231.6999999991567,2424.1377686054802
53086,31.780929692602502,1231.7199999991567,2424.1488484093647
53087,31.780929692602502,1231.7399999991567,2424.15992808322
53088,31.780929692602502,1231.7599999991567,2424.171007627054
53089,31.780929692602502,1231.7799999991566,2424.182087040874
53090,31.780929692602502,1231.7999999991566,2424.1931663246874
53091,31.780929692602502,1231.8199999991566,2424.2042454785005
53092,31.780929692602502,1231.8399999991566,2424.2153245023214
53093,31.780929692602502,1231.8599999991566,2424.2264033961574
53094,31.780929692602502,1231.8799999991566,2424.2374821600156
53095,31.780929692602502,1231.8999999991565,2424.2485607939034
53096,31.780929692602502,1231.9199999991565,2424.259639297828
53097,31.780929692602502,1231.9399999991565,2424.270717671797
53098,31.780929692602502,1231.9599999991565,2424.281795915817
53099,31.780929692602502,1231.9799999991565,2424.2928740298958
53100,31.780929692602502,1231.9999999991564,2424.303952014041
53101,31.780929692602502,1232.0199999991564,2424.3150298682594
53102,31.780929692602502,1232.0399999991564,2424.3261075927267
53103,31.780929692602502,1232.0599999991564,2424.337185187713
53104,31.780929692602502,1232.0799999991564,2424.348262653237
53105,31.780929692602502,1232.0999999991564,2424.359339989305
53106,31.780929692602502,1232.1199999991563,2424.3704171959253
53107,31.780929692602502,1232.1399999991563,2424.3814942731046
53108,31.780929692602502,1232.1599999991563,2424.39257122085
53109,31.780929692602502,1232.1799999991563,2424.4036480391696
53110,31.780929692602502,1232.1999999991563,2424.4147247280703
53111,31.780929692602502,1232.2199999991562,2424.4258012875594
53112,31.780929692602502,1232.2399999991562,2424.4368777176437
53113,31.780929692602502,1232.2599999991562,2424.447954018331
53114,31.780929692602502,1232.2799999991562,2424.4590301896287
53115,31.780929692602502,1232.2999999991562,2424.470106231544
53116,31.780929692602502,1232.3199999991562,2424.481182144084
53117,31.780929692602502,1232.3399999991561,2424.492257927256
53118,31.780929692602502,1232.3599999991561,2424.5033335810676
53119,31.780929692602502,1232.379999999156,2424.5144091055263
53120,31.780929692602502,1232.399999999156,2424.525484500639
53121,31.780929692602502,1232.419999999156,2424.5365597664127
53122,31.780929692602502,1232.439999999156,2424.547634902855
53123,31.780929692602502,1232.459999999156,2424.5587099099735
53124,31.780929692602502,1232.479999999156,2424.569784787775
53125,31.780929692602502,1232.499999999156,2424.5808595362673
53126,31.780929692602502,1232.519999999156,2424.5919341554572
53127,31.780929692602502,1232.539999999156,2424.6030086453525
53128,31.780929692602502,1232.559999999156,2424.61408300596
53129,31.780929692602502,1232.579999999156,2424.625157237287
53130,31.780929692602502,1232.599999999156,2424.6362313393415
53131,31.780929692602502,1232.6199999991559,2424.6473053121304
53132,31.780929692602502,1232.6399999991559,2424.6583791556604
53133,31.780929692602502,1232.6599999991558,2424.6694528699395
53134,31.780929692602502,1232.6799999991558,2424.680526454975
53135,31.780929692602502,1232.6999999991558,2424.6915999107737
53136,31.780929692602502,1232.7199999991558,2424.7026732373433
53137,31.780929692602502,1232.7399999991558,2424.713746434691
53138,31.780929692602502,1232.7599999991558,2424.724819502824
53139,31.780929692602502,1232.7799999991557,2424.73589244175
53140,31.780929692602502,1232.7999999991557,2424.7469652514756
53141,31.780929692602502,1232.8199999991557,2424.758037932009
53142,31.780929692602502,1232.8399999991557,2424.7691104833566
53143,31.780929692602502,1232.8599999991557,2424.780182905526
53144,31.780929692602502,1232.8799999991556,2424.791255198525
53145,31.780929692602502,1232.8999999991556,2424.8023273623603
53146,31.780929692602502,1232.9199999991556,2424.813399397039
53147,31.780929692602502,1232.9399999991556,2424.8244713025692
53148,31.780929692602502,1232.9599999991556,2424.8355430789575
53149,31.780929692602502,1232.9799999991556,2424.8466147262116
53150,31.780929692602502,1232.9999999991555,2424.8576862443388
53151,31.780929692602502,1233.0199999991555,2424.868757633346
53152,31.780929692602502,1233.0399999991555,2424.8798288932408
53153,31.780929692602502,1233.0599999991555,2424.890900024233
53154,31.780929692602502,1233.0799999991555,2424.9019710265834
53155,31.780929692602502,1233.0999999991554,2424.913041900305
53156,31.780929692602502,1233.1199999991554,2424.924112645405
53157,31.780929692602502,1233.1399999991554,2424.9351832618904
53158,31.780929692602502,1233.1599999991554,2424.946253749769
53159,31.780929692602502,1233.1799999991554,2424.9573241090475
53160,31.780929692602502,1233.1999999991554,2424.9683943397335
53161,31.780929692602502,1233.2199999991553,2424.9794644418344
53162,31.780929692602502,1233.2399999991553,2424.990534415357
53163,31.780929692602502,1233.2599999991553,2425.0016042603093
53164,31.780929692602502,1233.2799999991553,2425.012673976698
53165,31.780929692602502,1233.2999999991553,2425.0237435645304
53166,31.780929692602502,1233.3199999991552,2425.034813023814
53167,31.780929692602502,1233.3399999991552,2425.045882354556
53168,31.780929692602502,1233.3599999991552,2425.0569515567636
53169,31.780929692602502,1233.3799999991552,2425.068020630444
53170,31.780929692602502,1233.3999999991552,2425.079089575605
53171,31.780929692602502,1233.4199999991552,2425.090158392253
53172,31.780929692602502,1233.4399999991551,2425.1012270803963
53173,31.780929692602502,1233.4599999991551,2425.1122956400413
53174,31.780929692602502,1233.479999999155,2425.1233640711957
53175,31.780929692602502,1233.499999999155,2425.1344323738663
53176,31.780929692602502,1233.519999999155,2425.1455005480607
53177,31.780929692602502,1233.539999999155,2425.1565685937862
53178,31.780929692602502,1233.559999999155,2425.16763651105
53179,31.780929692602502,1233.579999999155,2425.17870429986
53180,31.780929692602502,1233.599999999155,2425.1897719602225
53181,31.780929692602502,1233.619999999155,2425.2008394921454
53182,31.780929692602502,1233.639999999155,2425.211906895636
53183,31.780929692602502,1233.659999999155,2425.222974170701
53184,31.780929692602502,1233.679999999155,2425.2340413173483
53185,31.780929692602502,1233.699999999155,2425.245108335585
53186,31.780929692602502,1233.7199999991549,2425.2561752254182
53187,31.780929692602502,1233.7399999991549,2425.2672419868554
53188,31.780929692602502,1233.7599999991548,2425.278308619904
53189,31.780929692602502,1233.7799999991548,2425.2893751245706
53190,31.780929692602502,1233.7999999991548,2425.300441500863
53191,31.780929692602502,1233.8199999991548,2425.3115077487887
53192,31.780929692602502,1233.8399999991548,2425.3225738683545
53193,31.780929692602502,1233.8599999991548,2425.333639859568
53194,31.780929692602502,1233.8799999991547,2425.344705722436
53195,31.780929692602502,1233.8999999991547,2425.3557714569665
53196,31.780929692602502,1233.9199999991547,2425.3668370631663
53197,31.780929692602502,1233.9399999991547,2425.377902541042
53198,31.780929692602502,1233.9599999991547,2425.388967890602
53199,31.73729034757907,1233.9799999991546,2425.400033111853
53200,31.73729034757907,1233.9999999991546,2425.411098204803
53201,31.73729034757907,1234.0199999991546,2425.422163169458
53202,31.73729034757907,1234.0399999991546,2425.4332280058265
53203,31.73729034757907,1234.0599999991546,2425.4442927139153
53204,31.73729034757907,1234.0799999991546,2425.4553572939435
53205,31.73729034757907,1234.0999999991545,2425.4664217461327
53206,31.73729034757907,1234.1199999991545,2425.47748607049
53207,31.73729034757907,1234.1399999991545,2425.488550267023
53208,31.73729034757907,1234.1599999991545,2425.499614335739
53209,31.73729034757907,1234.1799999991545,2425.5106782766447
53210,31.73729034757907,1234.1999999991544,2425.521742089748
53211,31.73729034757907,1234.2199999991544,2425.532805775056
53212,31.73729034757907,1234.2399999991544,2425.5438693325764
53213,31.73729034757907,1234.2599999991544,2425.554932762316
53214,31.73729034757907,1234.2799999991544,2425.565996064283
53215,31.73729034757907,1234.2999999991544,2425.577059238484
53216,31.73729034757907,1234.3199999991543,2425.588122284926
53217,31.73729034757907,1234.3399999991543,2425.5991852036173
53218,31.73729034757907,1234.3599999991543,2425.6102479945644
53219,31.73729034757907,1234.3799999991543,2425.621310657775
53220,31.73729034757907,1234.3999999991543,2425.6323731932566
53221,31.73729034757907,1234.4199999991542,2425.6434356010163
53222,31.73729034757907,1234.4399999991542,2425.6544978810616
53223,31.73729034757907,1234.4599999991542,2425.6655600333997
53224,31.73729034757907,1234.4799999991542,2425.676622058038
53225,31.73729034757907,1234.4999999991542,2425.6876839549836
53226,31.73729034757907,1234.5199999991542,2425.698745724244
53227,31.73729034757907,1234.5399999991541,2425.7098073658267
53228,31.73729034757907,1234.5599999991541,2425.7208688797386
53229,31.73729034757907,1234.579999999154,2425.7319302659876
53230,31.73729034757907,1234.599999999154,2425.7429915245807
53231,31.73729034757907,1234.619999999154,2425.754052655525
53232,31.73729034757907,1234.639999999154,2425.765113658828
53233,31.73729034757907,1234.659999999154,2425.7761745344974
53234,31.73729034757907,1234.679999999154,2425.78723528254
53235,31.73729034757907,1234.699999999154,2425.7982959029637
53236,31.73729034757907,1234.719999999154,2425.8093563957755
53237,31.73729034757907,1234.739999999154,2425.8204167609824
53238,31.73729034757907,1234.759999999154,2425.8314769985923
53239,31.73729034757907,1234.779999999154,2425.8425371086123
53240,31.73729034757907,1234.799999999154,2425.85359709105
53241,31.73729034757907,1234.8199999991539,2425.864656945912
53242,31.73729034757907,1234.8399999991539,2425.875716673206
53243,31.73729034757907,1234.8599999991538,2425.8867762729396
53244,31.73729034757907,1234.8799999991538,2425.89783574512
53245,31.73729034757907,1234.8999999991538,2425.9088950897544
53246,31.73729034757907,1234.9199999991538,2425.9199543068503
53247,31.73729034757907,1234.9399999991538,2425.931013396415
53248,31.73729034757907,1234.9599999991538,2425.9420723584553
53249,31.73729034757907,1234.9799999991537,2425.953131192979
53250,31.73729034757907,1234.9999999991537,2425.964189899994
53251,31.73729034757907,1235.0199999991537,2425.9752484795067
53252,31.73729034757907,1235.0399999991537,2425.9863069315247
53253,31.73729034757907,1235.0599999991537,2425.9973652560557
53254,31.73729034757907,1235.0799999991536,2426.0084234531114
53255,31.73729034757907,1235.0999999991536,2426.0194815229343
53256,31.73729034757907,1235.1199999991536,2426.030539465722
53257,31.73729034757907,1235.1399999991536,2426.041597281482
53258,31.73729034757907,1235.1599999991536,2426.0526549702217
53259,31.73729034757907,1235.1799999991536,2426.063712531948
53260,31.73729034757907,1235.1999999991535,2426.0747699666686
53261,31.73729034757907,1235.2199999991535,2426.0858272743903
53262,31.73729034757907,1235.2399999991535,2426.096884455121
53263,31.73729034757907,1235.2599999991535,2426.107941508868
53264,31.73729034757907,1235.2799999991535,2426.1189984356383
53265,31.73729034757907,1235.2999999991534,2426.130055235439
53266,31.73729034757907,1235.3199999991534,2426.141111908278
53267,31.73729034757907,1235.3399999991534,2426.1521684541626
53268,31.73729034757907,1235.3599999991534,2426.1632248730994
53269,31.73729034757907,1235.3799999991534,2426.174281165096
53270,31.73729034757907,1235.3999999991534,2426.18533733016
53271,31.73729034757907,1235.4199999991533,2426.1963933682987
53272,31.73729034757907,1235.4399999991533,2426.207449279519
53273,31.73729034757907,1235.4599999991533,2426.218505063829
53274,31.73729034757907,1235.4799999991533,2426.2295607212354
53275,31.73729034757907,1235.4999999991533,2426.2406162517455
53276,31.73729034757907,1235.5199999991532,2426.251671655367
53277,31.73729034757907,1235.5399999991532,2426.2627269321065
53278,31.73729034757907,1235.5599999991532,2426.273782081972
53279,31.73729034757907,1235.5799999991532,2426.2848371049704
53280,31.73729034757907,1235.5999999991532,2426.295892001109
53281,31.73729034757907,1235.6199999991532,2426.306946770396
53282,31.73729034757907,1235.6399999991531,2426.318001412837
53283,31.73729034757907,1235.6599999991531,2426.3290559284405
53284,31.73729034757907,1235.679999999153,2426.3401103172137
53285,31.73729034757907,1235.699999999153,2426.3511645791637
53286,31.73729034757907,1235.719999999153,2426.3622187142983
53287,31.73729034757907,1235.739999999153,2426.3732727226243
53288,31.73729034757907,1235.759999999153,2426.384326604149
53289,31.73729034757907,1235.779999999153,2426.3953803588797
53290,31.73729034757907,1235.799999999153,2426.406433986824
53291,31.73729034757907,1235.819999999153,2426.417487487989
53292,31.73729034757907,1235.839999999153,2426.4285408623823
53293,31.73729034757907,1235.859999999153,2426.439594110011
53294,31.73729034757907,1235.879999999153,2426.450647230882
53295,31.73729034757907,1235.899999999153,2426.4617002250034
53296,31.73729034757907,1235.9199999991529,2426.472753092382
53297,31.73729034757907,1235.9399999991529,2426.483805833025
53298,31.73729034757907,1235.9599999991528,2426.4948584469403
53299,31.73729034757907,1235.9799999991528,2426.5059109341346
53300,31.73729034757907,1235.9999999991528,2426.5169632946154
53301,31.73729034757907,1236.0199999991528,2426.52801552839
53302,31.73729034757907,1236.0399999991528,2426.5390676354655
53303,31.73729034757907,1236.0599999991528,2426.55011961585
53304,31.73729034757907,1236.0799999991527,2426.5611714695497
53305,31.73729034757907,1236.0999999991527,2426.572223196583
53306,31.73729034757907,1236.1199999991527,2426.583274797216
53307,31.73729034757907,1236.1399999991527,2426.5943262716237
53308,31.73729034757907,1236.1599999991527,2426.6053776198137
53309,31.73729034757907,1236.1799999991526,2426.616428841793
53310,31.73729034757907,1236.1999999991526,2426.6274799375697
53311,31.73729034757907,1236.2199999991526,2426.63853090715
53312,31.73729034757907,1236.2399999991526,2426.6495817505424
53313,31.73729034757907,1236.2599999991526,2426.660632467753
53314,31.73729034757907,1236.2799999991526,2426.67168305879
53315,31.73729034757907,1236.2999999991525,2426.6827335236608
53316,31.73729034757907,1236.3199999991525,2426.693783862372
53317,31.73729034757907,1236.3399999991525,2426.7048340749316
53318,31.73729034757907,1236.3599999991525,2426.7158841613464
53319,31.73729034757907,1236.3799999991525,2426.726934121624
53320,31.73729034757907,1236.3999999991524,2426.737983955771
53321,31.73729034757907,1236.4199999991524,2426.749033663796
53322,31.73729034757907,1236.4399999991524,2426.7600832457056
53323,31.73729034757907,1236.4599999991524,2426.771132701507
53324,31.73729034757907,1236.4799999991524,2426.782182031208
53325,31.73729034757907,1236.4999999991524,2426.7932312348153
53326,31.73729034757907,1236.5199999991523,2426.8042803123367
53327,31.73729034757907,1236.5399999991523,2426.815329263779
53328,31.73729034757907,1236.5599999991523,2426.82637808915
53329,31.73729034757907,1236.5799999991523,2426.8374267884565
53330,31.73729034757907,1236.5999999991523,2426.8484753617063
53331,31.73729034757907,1236.6199999991522,2426.859523808907
53332,31.73729034757907,1236.6399999991522,2426.8705721300653
53333,31.73729034757907,1236.6599999991522,2426.8816203251886
53334,31.73729034757907,1236.6799999991522,2426.8926683942846
53335,31.73729034757907,1236.6999999991522,2426.90371633736
53336,31.73729034757907,1236.7199999991522,2426.9147641544228
53337,31.73729034757907,1236.7399999991521,2426.9258118454795
53338,31.73729034757907,1236.7599999991521,2426.936859410538
53339,31.73729034757907,1236.779999999152,2426.9479068496057
53340,31.73729034757907,1236.799999999152,2426.9589541626897
53341,31.73729034757907,1236.819999999152,2426.9700013497973
53342,31.73729034757907,1236.839999999152,2426.9810484109357
53343,31.73729034757907,1236.859999999152,2426.9920953461124
53344,31.73729034757907,1236.879999999152,2427.0031421553344
53345,31.73729034757907,1236.899999999152,2427.0141888386092
53346,31.73729034757907,1236.919999999152,2427.0252353959445
53347,31.73729034757907,1236.939999999152,2427.036281827347
53348,31.73729034757907,1236.959999999152,2427.0473281328245
53349,31.73729034757907,1236.979999999152,2427.0583743123843
53350,31.73729034757907,1236.999999999152,2427.0694203660332
53351,31.73729034757907,1237.0199999991519,2427.080466293779
53352,31.73729034757907,1237.0399999991519,2427.091512095629
53353,31.73729034757907,1237.0599999991518,2427.10255777159
53354,31.73729034757907,1237.0799999991518,2427.11360332167
53355,31.73729034757907,1237.0999999991518,2427.1246487458757
53356,31.73729034757907,1237.1199999991518,2427.13569404423
53357,31.73729034757907,1237.1399999991518,2427.1467392170202
53358,31.73729034757907,1237.1599999991518,2427.1577842643956
53359,31.73729034757907,1237.1799999991517,2427.168829186364
53360,31.73729034757907,1237.1999999991517,2427.179873982932
53361,31.73729034757907,1237.2199999991517,2427.190918654107
53362,31.73729034757907,1237.2399999991517,2427.201963199897
53363,31.73729034757907,1237.2599999991517,2427.2130076203084
53364,31.73729034757907,1237.2799999991516,2427.2240519153493
53365,31.73729034757907,1237.2999999991516,2427.2350960850267
53366,31.73729034757907,1237.3199999991516,2427.246140129348
53367,31.73729034757907,1237.3399999991516,2427.2571840483206
53368,31.73729034757907,1237.3599999991516,2427.2682278419516
53369,31.73729034757907,1237.3799999991516,2427.2792715102482
53370,31.73729034757907,1237.3999999991515,2427.290315053218
53371,31.73729034757907,1237.4199999991515,2427.3013584708683
53372,31.73729034757907,1237.4399999991515,2427.3124017632063
53373,31.73729034757907,1237.4599999991515,2427.3234449302395
53374,31.73729034757907,1237.4799999991515,2427.334487971975
53375,31.73729034757907,1237.4999999991514,2427.34553088842
53376,31.73729034757907,1237.5199999991514,2427.356573679582
53377,31.73729034757907,1237.5399999991514,2427.367616345469
53378,31.73729034757907,1237.5599999991514,2427.378658886087
53379,31.73729034757907,1237.5799999991514,2427.3897013014443
53380,31.73729034757907,1237.5999999991514,2427.400743591548
53381,31.73729034757907,1237.6199999991513,2427.411785756405
53382,31.73729034757907,1237.6399999991513,2427.4228277960233
53383,31.73729034757907,1237.6599999991513,2427.43386971041
53384,31.73729034757907,1237.6799999991513,2427.444911499572
53385,31.73729034757907,1237.6999999991513,2427.455953163517
53386,31.73729034757907,1237.7199999991512,2427.466994702252
53387,31.73729034757907,1237.7399999991512,2427.478036115785
53388,31.73729034757907,1237.7599999991512,2427.4890774041223
53389,31.73729034757907,1237.7799999991512,2427.5001185672722
53390,31.73729034757907,1237.7999999991512,2427.5111596052416
53391,31.73729034757907,1237.8199999991512,2427.5222005180376
53392,31.73729034757907,1237.8399999991511,2427.5332413056676
53393,31.73729034757907,1237.8599999991511,2427.5442819681393
53394,31.73729034757907,1237.879999999151,2427.5553225054596
53395,31.73729034757907,1237.899999999151,2427.566362917636
53396,31.73729034757907,1237.919999999151,2427.577403204676
53397,31.73729034757907,1237.939999999151,2427.5884433665865
53398,31.73729034757907,1237.959999999151,2427.599483403375
53399,31.73729034757907,1237.979999999151,2427.610523315049
53400,31.73729034757907,1237.999999999151,2427.6215631016153
53401,31.73729034757907,1238.019999999151,2427.6326027630816
53402,31.73729034757907,1238.039999999151,2427.6436422994557
53403,31.73729034757907,1238.059999999151,2427.654681710744
53404,31.73729034757907,1238.079999999151,2427.665720996955
53405,31.73729034757907,1238.099999999151,2427.6767601580946
53406,31.73729034757907,1238.1199999991509,2427.687799194171
53407,31.73729034757907,1238.1399999991509,2427.6988381052115
53408,31.73729034757907,1238.1599999991508,2427.7098768915243
53409,31.73729034757907,1238.1799999991508,2427.720915553233
53410,31.73729034757907,1238.1999999991508,2427.7319540903454
53411,31.73729034757907,1238.2199999991508,2427.7429925028687
53412,31.73729034757907,1238.2399999991508,2427.75403079081
53413,31.73729034757907,1238.2599999991508,2427.765068954176
53414,31.73729034757907,1238.2799999991507,2427.776106992975
53415,31.73729034757907,1238.2999999991507,2427.787144907214
53416,31.73729034757907,1238.3199999991507,2427.7981826969003
53417,31.73729034757907,1238.3399999991507,2427.8092203620413
53418,31.73729034757907,1238.3599999991507,2427.8202579026442
53419,31.73729034757907,1238.3799999991506,2427.8312953187165
53420,31.73729034757907,1238.3999999991506,2427.842332610265
53421,31.73729034757907,1238.4199999991506,2427.8533697772978
53422,31.73729034757907,1238.4399999991506,2427.8644068198214
53423,31.73729034757907,1238.4599999991506,2427.875443737844
53424,31.73729034757907,1238.4799999991506,2427.886480531372
53425,31.73729034757907,1238.4999999991505,2427.8975172004134
53426,31.73729034757907,1238.5199999991505,2427.9085537449755
53427,31.73729034757907,1238.5399999991505,2427.9195901650655
53428,31.73729034757907,1238.5599999991505,2427.9306264606907
53429,31.73729034757907,1238.5799999991505,2427.9416626318584
53430,31.73729034757907,1238.5999999991504,2427.952698678576
53431,31.73729034757907,1238.6199999991504,2427.9637346008503
53432,31.73729034757907,1238.6399999991504,2427.9747703986895
53433,31.73729034757907,1238.6599999991504,2427.9858060721003
53434,31.73729034757907,1238.6799999991504,2427.9968416210904
53435,31.73729034757907,1238.6999999991504,2428.007877045667
53436,31.73729034757907,1238.7199999991503,2428.018912345837
53437,31.73729034757907,1238.7399999991503,2428.0299475216084
53438,31.73729034757907,1238.7599999991503,2428.040982572988
53439,31.73729034757907,1238.7799999991503,2428.0520174999833
53440,31.73729034757907,1238.7999999991503,2428.063052302602
53441,31.73729034757907,1238.8199999991502,2428.074086980851
53442,31.73729034757907,1238.8399999991502,2428.085121534738
53443,31.73729034757907,1238.8599999991502,2428.0961559642697
53444,31.73729034757907,1238.8799999991502,2428.107190269454
53445,31.73729034757907,1238.8999999991502,2428.118224450298
53446,31.73729034757907,1238.9199999991501,2428.1292585068086
53447,31.73729034757907,1238.9399999991501,2428.1402924389936
53448,31.73729034757907,1238.95999999915,2428.15132624686
53449,31.73729034757907,1238.97999999915,2428.162359930416
53450,31.73729034757907,1238.99999999915,2428.1733934896683
53451,31.73729034757907,1239.01999999915,2428.184426924624
53452,31.73729034757907,1239.03999999915,2428.1954602352907
53453,31.73729034757907,1239.05999999915,2428.2064934216755
53454,31.73729034757907,1239.07999999915,2428.217526483786
53455,31.73729034757907,1239.09999999915,2428.2285594216296
53456,31.73729034757907,1239.11999999915,2428.2395922352134
53457,31.73729034757907,1239.13999999915,2428.250624924545
53458,31.73729034757907,1239.15999999915,2428.2616574896583
53459,31.73729034757907,1239.17999999915,2428.272689930901
53460,31.73729034757907,1239.19999999915,2428.2837222483763
53461,31.73729034757907,1239.2199999991499,2428.2947544420917
53462,31.73729034757907,1239.2399999991499,2428.3057865120545
53463,31.73729034757907,1239.2599999991498,2428.3168184582723
53464,31.73729034757907,1239.2799999991498,2428.327850280752
53465,31.73729034757907,1239.2999999991498,2428.338881979501
53466,31.73729034757907,1239.3199999991498,2428.3499135545267
53467,31.73729034757907,1239.3399999991498,2428.3609450058366
53468,31.73729034757907,1239.3599999991497,2428.371976333438
53469,31.73729034757907,1239.3799999991497,2428.383007537338
53470,31.73729034757907,1239.3999999991497,2428.394038617544
53471,31.73729034757907,1239.4199999991497,2428.4050695740634
53472,31.73729034757907,1239.4399999991497,2428.4161004069033
53473,31.73729034757907,1239.4599999991497,2428.4271311160715
53474,31.73729034757907,1239.4799999991496,2428.438161701575
53475,31.73729034757907,1239.4999999991496,2428.4491921634212
53476,31.73729034757907,1239.5199999991496,2428.4602225016174
53477,31.73729034757907,1239.5399999991496,2428.471252716171
53478,31.73729034757907,1239.5599999991496,2428.482282807089
53479,31.73729034757907,1239.5799999991495,2428.49331277438
53480,31.73729034757907,1239.5999999991495,2428.5043426180496
53481,31.73729034757907,1239.6199999991495,2428.5153723381063
53482,31.693750782028307,1239.6399999991495,2428.526401934557
53483,31.693750782028307,1239.6599999991495,2428.537431407409
53484,31.693750782028307,1239.6799999991495,2428.5484607566696
53485,31.693750782028307,1239.6999999991494,2428.5594899823463
53486,31.693750782028307,1239.7199999991494,2428.5705190844465
53487,31.693750782028307,1239.7399999991494,2428.581548062977
53488,31.693750782028307,1239.7599999991494,2428.592576917946
53489,31.693750782028307,1239.7799999991494,2428.6036056493604
53490,31.693750782028307,1239.7999999991493,2428.6146342572274
53491,31.693750782028307,1239.8199999991493,2428.6256627415546
53492,31.693750782028307,1239.8399999991493,2428.636691102349
53493,31.693750782028307,1239.8599999991493,2428.6477193396177
53494,31.693750782028307,1239.8799999991493,2428.658747453369
53495,31.693750782028307,1239.8999999991493,2428.6697754436095
53496,31.693750782028307,1239.9199999991492,2428.6808033103466
53497,31.693750782028307,1239.9399999991492,2428.691831053588
53498,31.693750782028307,1239.9599999991492,2428.7028586733404
53499,31.693750782028307,1239.9799999991492,2428.7138861696117
53500,31.693750782028307,1239.9999999991492,2428.724913542409
53501,31.693750782028307,1240.0199999991491,2428.7359407917397
53502,31.693750782028307,1240.0399999991491,2428.746967917611
53503,31.693750782028307,1240.059999999149,2428.7579949200303
53504,31.693750782028307,1240.079999999149,2428.7690217990053
53505,31.693750782028307,1240.099999999149,2428.7800485545426
53506,31.693750782028307,1240.119999999149,2428.7910751866502
53507,31.693750782028307,1240.139999999149,2428.802101695335
53508,31.693750782028307,1240.159999999149,2428.813128080604
53509,31.693750782028307,1240.179999999149,2428.8241543424942
53510,31.693750782028307,1240.199999999149,2428.835180481332
53511,31.693750782028307,1240.219999999149,2428.846206497185
53512,31.693750782028307,1240.239999999149,2428.857232390061
53513,31.693750782028307,1240.259999999149,2428.8682581599674
53514,31.693750782028307,1240.279999999149,2428.8792838069107
53515,31.693750782028307,1240.299999999149,2428.890309330899
53516,31.693750782028307,1240.3199999991489,2428.9013347319396
53517,31.693750782028307,1240.3399999991489,2428.9123600100393
53518,31.693750782028307,1240.3599999991488,2428.9233851652057
53519,31.693750782028307,1240.3799999991488,2428.9344101974466
53520,31.693750782028307,1240.3999999991488,2428.945435106769
53521,31.693750782028307,1240.4199999991488,2428.9564598931797
53522,31.693750782028307,1240.4399999991488,2428.967484556687
53523,31.693750782028307,1240.4599999991487,2428.978509097298
53524,31.693750782028307,1240.4799999991487,2428.9895335150195
53525,31.693750782028307,1240.4999999991487,2429.0005578098594
53526,31.693750782028307,1240.5199999991487,2429.0115819818247
53527,31.693750782028307,1240.5399999991487,2429.022606030923
53528,31.693750782028307,1240.5599999991487,2429.033629957161
53529,31.693750782028307,1240.5799999991486,2429.0446537605467
53530,31.693750782028307,1240.5999999991486,2429.0556774410875
53531,31.693750782028307,1240.6199999991486,2429.0667009987906
53532,31.693750782028307,1240.6399999991486,2429.077724433663
53533,31.693750782028307,1240.6599999991486,2429.0887477457127
53534,31.693750782028307,1240.6799999991485,2429.0997709349463
53535,31.693750782028307,1240.6999999991485,2429.1107940013712
53536,31.693750782028307,1240.7199999991485,2429.1218169449953
53537,31.693750782028307,1240.7399999991485,2429.132839765826
53538,31.693750782028307,1240.7599999991485,2429.14386246387
53539,31.693750782028307,1240.7799999991485,2429.154885039135
53540,31.693750782028307,1240.7999999991484,2429.1659074916283
53541,31.693750782028307,1240.8199999991484,2429.176929821357
53542,31.693750782028307,1240.8399999991484,2429.1879520283287
53543,31.693750782028307,1240.8599999991484,2429.198974112551
53544,31.693750782028307,1240.8799999991484,2429.20999607403
53545,31.693750782028307,1240.8999999991483,2429.2210179127746
53546,31.693750782028307,1240.9199999991483,2429.2320396287914
53547,31.693750782028307,1240.9399999991483,2429.243061222088
53548,31.693750782028307,1240.9599999991483,2429.2540826926715
53549,31.693750782028307,1240.9799999991483,2429.2651040405494
53550,31.693750782028307,1240.9999999991483,2429.2761252657288
53551,31.693750782028307,1241.0199999991482,2429.2871463682172
53552,31.693750782028307,1241.0399999991482,2429.298167348022
53553,31.693750782028307,1241.0599999991482,2429.309188205151
53554,31.693750782028307,1241.0799999991482,2429.3202089396104
53555,31.693750782028307,1241.0999999991482,2429.3312295514083
53556,31.693750782028307,1241.1199999991481,2429.342250040552
53557,31.693750782028307,1241.1399999991481,2429.3532704070485
53558,31.693750782028307,1241.159999999148,2429.3642906509053
53559,31.693750782028307,1241.179999999148,2429.37531077213
53560,31.693750782028307,1241.199999999148,2429.386330770765
53561,31.693750782028307,1241.219999999148,2429.397350647177
53562,31.693750782028307,1241.239999999148,2429.408370401411
53563,31.693750782028307,1241.259999999148,2429.419390033475
53564,31.693750782028307,1241.279999999148,2429.4304095433754
53565,31.693750782028307,1241.299999999148,2429.4414289311203
53566,31.693750782028307,1241.319999999148,2429.452448196717
53567,31.693750782028307,1241.339999999148,2429.463467340173
53568,31.693750782028307,1241.359999999148,2429.474486361495
53569,31.693750782028307,1241.379999999148,2429.485505260691
53570,31.693750782028307,1241.399999999148,2429.496524037768
53571,31.693750782028307,1241.4199999991479,2429.5075426927333
53572,31.693750782028307,1241.4399999991479,2429.5185612255946
53573,31.693750782028307,1241.4599999991478,2429.529579636359
53574,31.693750782028307,1241.4799999991478,2429.5405979250336
53575,31.693750782028307,1241.4999999991478,2429.5516160916263
53576,31.693750782028307,1241.5199999991478,2429.562634136144
53577,31.693750782028307,1241.5399999991478,2429.5736520585942
53578,31.693750782028307,1241.5599999991477,2429.5846698589844
53579,31.693750782028307,1241.5799999991477,2429.5956875373217
53580,31.693750782028307,1241.5999999991477,2429.6067050936135
53581,31.693750782028307,1241.6199999991477,2429.617722527867
53582,31.693750782028307,1241.6399999991477,2429.62873984009
53583,31.693750782028307,1241.6599999991477,2429.6397570302893
53584,31.693750782028307,1241.6799999991476,2429.6507740984725
53585,31.693750782028307,1241.6999999991476,2429.661791044647
53586,31.693750782028307,1241.7199999991476,2429.67280786882
53587,31.693750782028307,1241.7399999991476,2429.6838245709996
53588,31.693750782028307,1241.7599999991476,2429.694841151192
53589,31.693750782028307,1241.7799999991475,2429.705857609405
53590,31.693750782028307,1241.7999999991475,2429.716873945646
53591,31.693750782028307,1241.8199999991475,2429.7278901599225
53592,31.693750782028307,1241.8399999991475,2429.7389062522416
53593,31.693750782028307,1241.8599999991475,2429.7499222226106
53594,31.693750782028307,1241.8799999991475,2429.760938071037
53595,31.693750782028307,1241.8999999991474,2429.771953797528
53596,31.693750782028307,1241.9199999991474,2429.782969402091
53597,31.693750782028307,1241.9399999991474,2429.7939848847336
53598,31.693750782028307,1241.9599999991474,2429.805000245463
53599,31.693750782028307,1241.9799999991474,2429.8160154842863
53600,31.693750782028307,1241.9999999991473,2429.827030601211
53601,31.693750782028307,1242.0199999991473,2429.8380455962447
53602,31.693750782028307,1242.0399999991473,2429.8490604693943
53603,31.693750782028307,1242.0599999991473,2429.8600752206676
53604,31.693750782028307,1242.0799999991473,2429.8710898500717
53605,31.693750782028307,1242.0999999991473,2429.8821043576136
53606,31.693750782028307,1242.1199999991472,2429.893118743301
53607,31.693750782028307,1242.1399999991472,2429.9041330071414
53608,31.693750782028307,1242.1599999991472,2429.915147149142
53609,31.693750782028307,1242.1799999991472,2429.92616116931
53610,31.693750782028307,1242.1999999991472,2429.937175067653
53611,31.693750782028307,1242.2199999991471,2429.948188844237
53612,31.693750782028307,1242.2399999991471,2429.9592024994117
53613,31.693750782028307,1242.259999999147,2429.970216033216
53614,31.693750782028307,1242.279999999147,2429.9812294456565
53615,31.693750782028307,1242.299999999147,2429.992242736741
53616,31.693750782028307,1242.319999999147,2430.0032559065858
53617,31.693750782028307,1242.339999999147,2430.0142689567356
53618,31.693750782028307,1242.359999999147,2430.0252818877575
53619,31.693750782028307,1242.379999999147,2430.0362946996593
53620,31.693750782028307,1242.399999999147,2430.047307392448
53621,31.693750782028307,1242.419999999147,2430.058319966132
53622,31.693750782028307,1242.439999999147,2430.0693324207177
53623,31.693750782028307,1242.459999999147,2430.0803447562134
53624,31.693750782028307,1242.479999999147,2430.0913569726267
53625,31.693750782028307,1242.499999999147,2430.102369069965
53626,31.693750782028307,1242.5199999991469,2430.113381048235
53627,31.693750782028307,1242.5399999991469,2430.1243929074453
53628,31.693750782028307,1242.5599999991468,2430.135404647603
53629,31.693750782028307,1242.5799999991468,2430.1464162687157
53630,31.693750782028307,1242.5999999991468,2430.157427770791
53631,31.693750782028307,1242.6199999991468,2430.168439153836
53632,31.693750782028307,1242.6399999991468,2430.179450417859
53633,31.693750782028307,1242.6599999991467,2430.1904615628664
53634,31.693750782028307,1242.6799999991467,2430.2014725888666
53635,31.693750782028307,1242.6999999991467,2430.212483495867
53636,31.693750782028307,1242.7199999991467,2430.2234942838754
53637,31.693750782028307,1242.7399999991467,2430.2345049528985
53638,31.693750782028307,1242.7599999991467,2430.2455155029443
53639,31.693750782028307,1242.7799999991466,2430.2565259340204
53640,31.693750782028307,1242.7999999991466,2430.267536246134
53641,31.693750782028307,1242.8199999991466,2430.278546439293
53642,31.693750782028307,1242.8399999991466,2430.289556513505
53643,31.693750782028307,1242.8599999991466,2430.300566468777
53644,31.693750782028307,1242.8799999991465,2430.311576305117
53645,31.693750782028307,1242.8999999991465,2430.322586022532
53646,31.693750782028307,1242.9199999991465,2430.3335956210303
53647,31.693750782028307,1242.9399999991465,2430.3446051006185
53648,31.693750782028307,1242.9599999991465,2430.355614461305
53649,31.693750782028307,1242.9799999991465,2430.3666237030966
53650,31.693750782028307,1242.9999999991464,2430.3776328260014
53651,31.693750782028307,1243.0199999991464,2430.3886418300267
53652,31.693750782028307,1243.0399999991464,2430.39965071518
53653,31.693750782028307,1243.0599999991464,2430.410659481469
53654,31.693750782028307,1243.0799999991464,2430.421668128901
53655,31.693750782028307,1243.0999999991463,2430.432676657483
53656,31.693750782028307,1243.1199999991463,2430.4436850672237
53657,31.693750782028307,1243.1399999991463,2430.4546933581296
53658,31.693750782028307,1243.1599999991463,2430.4657015302087
53659,31.693750782028307,1243.1799999991463,2430.4767095834686
53660,31.693750782028307,1243.1999999991463,2430.4877175179167
53661,31.693750782028307,1243.2199999991462,2430.4987253335603
53662,31.693750782028307,1243.2399999991462,2430.5097330304916
53663,31.693750782028307,1243.2599999991462,2430.52074060904
53664,31.693750782028307,1243.2799999991462,2430.5317480692383
53665,31.693750782028307,1243.2999999991462,2430.542755411095
53666,31.693750782028307,1243.3199999991461,2430.5537626346177
53667,31.693750782028307,1243.3399999991461,2430.564769739813
53668,31.693750782028307,1243.359999999146,2430.575776726689
53669,31.693750782028307,1243.379999999146,2430.5867835952536
53670,31.693750782028307,1243.399999999146,2430.5977903455137
53671,31.693750782028307,1243.419999999146,2430.608796977477
53672,31.693750782028307,1243.439999999146,2430.6198034911513
53673,31.693750782028307,1243.459999999146,2430.630809886544
53674,31.693750782028307,1243.479999999146,2430.641816163662
53675,31.693750782028307,1243.499999999146,2430.6528223225137
53676,31.693750782028307,1243.519999999146,2430.663828363106
53677,31.693750782028307,1243.539999999146,2430.6748342854467
53678,31.693750782028307,1243.559999999146,2430.6858400895435
53679,31.693750782028307,1243.579999999146,2430.6968457754037
53680,31.693750782028307,1243.599999999146,2430.707851343035
53681,31.693750782028307,1243.6199999991459,2430.718856792445
53682,31.693750782028307,1243.6399999991459,2430.729862123641
53683,31.693750782028307,1243.6599999991458,2430.7408673366303
53684,31.693750782028307,1243.6799999991458,2430.751872431421
53685,31.693750782028307,1243.6999999991458,2430.7628774080204
53686,31.693750782028307,1243.7199999991458,2430.773882266436
53687,31.693750782028307,1243.7399999991458,2430.784887006675
53688,31.693750782028307,1243.7599999991457,2430.7958916287457
53689,31.693750782028307,1243.7799999991457,2430.806896132655
53690,31.693750782028307,1243.7999999991457,2430.8179005184106
53691,31.693750782028307,1243.8199999991457,2430.82890478602
53692,31.693750782028307,1243.8399999991457,2430.8399089354907
53693,31.693750782028307,1243.8599999991457,2430.8509129668305
53694,31.693750782028307,1243.8799999991456,2430.8619168800465
53695,31.693750782028307,1243.8999999991456,2430.8729206751464
53696,31.693750782028307,1243.9199999991456,2430.883924352138
53697,31.693750782028307,1243.9399999991456,2430.8949279110284
53698,31.693750782028307,1243.9599999991456,2430.9059313518255
53699,31.693750782028307,1243.9799999991455,2430.9169346745366
53700,31.693750782028307,1243.9999999991455,2430.9279378791693
53701,31.693750782028307,1244.0199999991455,2430.938940965731
53702,31.693750782028307,1244.0399999991455,2430.9499439342294
53703,31.693750782028307,1244.0599999991455,2430.9609467846717
53704,31.693750782028307,1244.0799999991455,2430.9719495170657
53705,31.693750782028307,1244.0999999991454,2430.982952131419
53706,31.693750782028307,1244.1199999991454,2430.993954627739
53707,31.693750782028307,1244.1399999991454,2431.0049570060337
53708,31.693750782028307,1244.1599999991454,2431.01595926631
53709,31.693750782028307,1244.1799999991454,2431.0269614085755
53710,31.693750782028307,1244.1999999991453,2431.037963432838
53711,31.693750782028307,1244.2199999991453,2431.0489653391046
53712,31.693750782028307,1244.2399999991453,2431.0599671273835
53713,31.693750782028307,1244.2599999991453,2431.0709687977915
53714,31.693750782028307,1244.2799999991453,2431.0819703506377
53715,31.693750782028307,1244.2999999991453,2431.0929717859503
53716,31.693750782028307,1244.3199999991452,2431.103973103737
53717,31.693750782028307,1244.3399999991452,2431.1149743040055
53718,31.693750782028307,1244.3599999991452,2431.125975386763
53719,31.693750782028307,1244.3799999991452,2431.1369763520174
53720,31.693750782028307,1244.3999999991452,2431.147977199776
53721,31.693750782028307,1244.4199999991451,2431.1589779300466
53722,31.693750782028307,1244.4399999991451,2431.1699785428364
53723,31.693750782028307,1244.459999999145,2431.180979038153
53724,31.693750782028307,1244.479999999145,2431.1919794160044
53725,31.693750782028307,1244.499999999145,2431.2029796763977
53726,31.693750782028307,1244.519999999145,2431.2139798193402
53727,31.693750782028307,1244.539999999145,2431.2249798448397
53728,31.693750782028307,1244.559999999145,2431.235979752904
53729,31.693750782028307,1244.579999999145,2431.24697954354
53730,31.693750782028307,1244.599999999145,2431.2579792167558
53731,31.693750782028307,1244.619999999145,2431.268978772559
53732,31.693750782028307,1244.639999999145,2431.279978210957
53733,31.693750782028307,1244.659999999145,2431.2909775319567
53734,31.693750782028307,1244.679999999145,2431.3019767355668
53735,31.693750782028307,1244.699999999145,2431.3129758217938
53736,31.693750782028307,1244.7199999991449,2431.323974790646
53737,31.693750782028307,1244.7399999991449,2431.33497364213
53738,31.693750782028307,1244.7599999991448,2431.3459723762544
53739,31.693750782028307,1244.7799999991448,2431.356970993026
53740,31.693750782028307,1244.7999999991448,2431.3679694924526
53741,31.693750782028307,1244.8199999991448,2431.3789678745416
53742,31.693750782028307,1244.8399999991448,2431.3899661393007
53743,31.693750782028307,1244.8599999991447,2431.4009642867372
53744,31.693750782028307,1244.8799999991447,2431.411962316859
53745,31.693750782028307,1244.8999999991447,2431.4229602296737
53746,31.693750782028307,1244.9199999991447,2431.4339580251885
53747,31.693750782028307,1244.9399999991447,2431.444955703411
53748,31.693750782028307,1244.9599999991447,2431.4559532643484
53749,31.693750782028307,1244.9799999991446,2431.466950708009
53750,31.693750782028307,1244.9999999991446,2431.4779480343996
53751,31.693750782028307,1245.0199999991446,2431.488945243528
53752,31.693750782028307,1245.0399999991446,2431.499942335402
53753,31.693750782028307,1245.0599999991446,2431.510939310029
53754,31.693750782028307,1245.0799999991445,2431.521936167416
53755,31.693750782028307,1245.0999999991445,2431.5329329075707
53756,31.693750782028307,1245.1199999991445,2431.5439295305014
53757,31.693750782028307,1245.1399999991445,2431.554926036215
53758,31.693750782028307,1245.1599999991445,2431.5659224247192
53759,31.693750782028307,1245.1799999991445,2431.5769186960215
53760,31.693750782028307,1245.1999999991444,2431.5879148501294
53761,31.693750782028307,1245.2199999991444,2431.5989108870504
53762,31.693750782028307,1245.2399999991444,2431.609906806792
53763,31.693750782028307,1245.2599999991444,2431.620902609362
53764,31.693750782028307,1245.2799999991444,2431.63189829491
53765,31.693750782028307,1245.2999999991443,2431.642893863738
53766,31.693750782028307,1245.3199999991443,2431.653889315871
53767,31.693750782028307,1245.3399999991443,2431.6648846513153
53768,31.693750782028307,1245.3599999991443,2431.6758798700794
53769,31.693750782028307,1245.3799999991443,2431.6868749721707
53770,31.650310676844047,1245.3999999991443,2431.6978699575966
53771,31.650310676844047,1245.4199999991442,2431.708864826365
53772,31.650310676844047,1245.4399999991442,2431.7198595784826
53773,31.650310676844047,1245.4599999991442,2431.7308542139576
53774,31.650310676844047,1245.4799999991442,2431.7418487327977
53775,31.650310676844047,1245.4999999991442,2431.75284313501
53776,31.650310676844047,1245.5199999991441,2431.7638374206026
53777,31.650310676844047,1245.5399999991441,2431.7748315895824
53778,31.650310676844047,1245.559999999144,2431.785825641957
53779,31.650310676844047,1245.579999999144,2431.796819577735
53780,31.650310676844047,1245.599999999144,2431.8078133969225
53781,31.650310676844047,1245.619999999144,2431.818807099528
53782,31.650310676844047,1245.639999999144,2431.8298006855584
53783,31.650310676844047,1245.659999999144,2431.8407941550217
53784,31.650310676844047,1245.679999999144,2431.851787507925
53785,31.650310676844047,1245.699999999144,2431.8627807442763
53786,31.650310676844047,1245.719999999144,2431.873773864083
53787,31.650310676844047,1245.739999999144,2431.8847668673525
53788,31.650310676844047,1245.759999999144,2431.8957597540925
53789,31.650310676844047,1245.779999999144,2431.9067525243104
53790,31.650310676844047,1245.799999999144,2431.917745178014
53791,31.650310676844047,1245.8199999991439,2431.9287377152104
53792,31.650310676844047,1245.8399999991439,2431.9397301359077
53793,31.650310676844047,1245.8599999991438,2431.950722440113
53794,31.650310676844047,1245.8799999991438,2431.961714627834
53795,31.650310676844047,1245.8999999991438,2431.9727066990786
53796,31.650310676844047,1245.9199999991438,2431.9836986538535
53797,31.650310676844047,1245.9399999991438,2431.994690492167
53798,31.650310676844047,1245.9599999991437,2432.0056822140264
53799,31.650310676844047,1245.9799999991437,2432.016673819439
53800,31.650310676844047,1245.9999999991437,2432.0276653084125
53801,31.650310676844047,1246.0199999991437,2432.038656680955
53802,31.650310676844047,1246.0399999991437,2432.049647937073
53803,31.650310676844047,1246.0599999991437,2432.060639076775
53804,31.650310676844047,1246.0799999991436,2432.0716301000675
53805,31.650310676844047,1246.0999999991436,2432.082621006959
53806,31.650310676844047,1246.1199999991436,2432.0936117974566
53807,31.650310676844047,1246.1399999991436,2432.104602471568
53808,31.650310676844047,1246.1599999991436,2432.1155930293007
53809,31.650310676844047,1246.1799999991435,2432.1265834706624
53810,31.650310676844047,1246.1999999991435,2432.13757379566
53811,31.650310676844047,1246.2199999991435,2432.148564004302
53812,31.650310676844047,1246.2399999991435,2432.159554096595
53813,31.650310676844047,1246.2599999991435,2432.1705440725473
53814,31.650310676844047,1246.2799999991435,2432.181533932166
53815,31.650310676844047,1246.2999999991434,2432.1925236756088
53816,31.650310676844047,1246.3199999991434,2432.203513303125
53817,31.650310676844047,1246.3399999991434,2432.2145028147324
53818,31.650310676844047,1246.3599999991434,2432.225492210439
53819,31.650310676844047,1246.3799999991434,2432.2364814902517
53820,31.650310676844047,1246.3999999991433,2432.2474706541784
53821,31.650310676844047,1246.4199999991433,2432.258459702227
53822,31.650310676844047,1246.4399999991433,2432.2694486344044
53823,31.650310676844047,1246.4599999991433,2432.2804374507186
53824,31.650310676844047,1246.4799999991433,2432.291426151177
53825,31.650310676844047,1246.4999999991433,2432.302414735787
53826,31.650310676844047,1246.5199999991432,2432.3134032045564
53827,31.650310676844047,1246.5399999991432,2432.3243915574926
53828,31.650310676844047,1246.5599999991432,2432.3353797946033
53829,31.650310676844047,1246.5799999991432,2432.346367915896
53830,31.650310676844047,1246.5999999991432,2432.357355921378
53831,31.650310676844047,1246.6199999991431,2432.368343811057
53832,31.650310676844047,1246.6399999991431,2432.3793315849407
53833,31.650310676844047,1246.659999999143,2432.3903192430366
53834,31.650310676844047,1246.679999999143,2432.401306785352
53835,31.650310676844047,1246.699999999143,2432.4122942118947
53836,31.650310676844047,1246.719999999143,2432.4232815226724
53837,31.650310676844047,1246.739999999143,2432.4342687176922
53838,31.650310676844047,1246.759999999143,2432.445255796962
53839,31.650310676844047,1246.779999999143,2432.456242760489
53840,31.650310676844047,1246.799999999143,2432.4672296082813
53841,31.650310676844047,1246.819999999143,2432.478216340346
53842,31.650310676844047,1246.839999999143,2432.489202956691
53843,31.650310676844047,1246.859999999143,2432.5001894573234
53844,31.650310676844047,1246.879999999143,2432.511175842251
53845,31.650310676844047,1246.899999999143,2432.522162111481
53846,31.650310676844047,1246.9199999991429,2432.5331482650217
53847,31.650310676844047,1246.9399999991429,2432.54413430288
53848,31.650310676844047,1246.9599999991428,2432.5551202250635
53849,31.650310676844047,1246.9799999991428,2432.56610603158
53850,31.650310676844047,1246.9999999991428,2432.577091722437
53851,31.650310676844047,1247.0199999991428,2432.588077297642
53852,31.650310676844047,1247.0399999991428,2432.5990627572023
53853,31.650310676844047,1247.0599999991427,2432.610048101126
53854,31.650310676844047,1247.0799999991427,2432.62103332942
53855,31.650310676844047,1247.0999999991427,2432.632018442092
53856,31.650310676844047,1247.1199999991427,2432.64300343915
53857,31.650310676844047,1247.1399999991427,2432.6539883206015
53858,31.650310676844047,1247.1599999991427,2432.6649730864538
53859,31.650310676844047,1247.1799999991426,2432.6759577367143
53860,31.650310676844047,1247.1999999991426,2432.6869422713908
53861,31.650310676844047,1247.2199999991426,2432.6979266904905
53862,31.650310676844047,1247.2399999991426,2432.708910994021
53863,31.650310676844047,1247.2599999991426,2432.7198951819905
53864,31.650310676844047,1247.2799999991425,2432.730879254406
53865,31.650310676844047,1247.2999999991425,2432.741863211275
53866,31.650310676844047,1247.3199999991425,2432.7528470527895
53867,31.650310676844047,1247.3399999991425,2432.763830779195
53868,31.650310676844047,1247.3599999991425,2432.774814390504
53869,31.650310676844047,1247.3799999991425,2432.7857978867246
53870,31.650310676844047,1247.3999999991424,2432.796781267864
53871,31.650310676844047,1247.4199999991424,2432.80776453393
53872,31.650310676844047,1247.4399999991424,2432.81874768493
53873,31.650310676844047,1247.4599999991424,2432.8297307208713
53874,31.650310676844047,1247.4799999991424,2432.8407136417622
53875,31.650310676844047,1247.4999999991423,2432.85169644761
53876,31.650310676844047,1247.5199999991423,2432.8626791384218
53877,31.650310676844047,1247.5399999991423,2432.8736617142054
53878,31.650310676844047,1247.5599999991423,2432.8846441749683
53879,31.650310676844047,1247.5799999991423,2432.8956265207185
53880,31.650310676844047,1247.5999999991423,2432.906608751463
53881,31.650310676844047,1247.6199999991422,2432.9175908672096
53882,31.650310676844047,1247.6399999991422,2432.928572867966
53883,31.650310676844047,1247.6599999991422,2432.9395547537397
53884,31.650310676844047,1247.6799999991422,2432.950536524538
53885,31.650310676844047,1247.6999999991422,2432.961518180369
53886,31.650310676844047,1247.7199999991421,2432.9724997212393
53887,31.650310676844047,1247.7399999991421,2432.983481147157
53888,31.650310676844047,1247.759999999142,2432.99446245813
53889,31.650310676844047,1247.779999999142,2433.005443654165
53890,31.650310676844047,1247.799999999142,2433.0164247352704
53891,31.650310676844047,1247.819999999142,2433.0274057014535
53892,31.650310676844047,1247.839999999142,2433.0383865527215
53893,31.650310676844047,1247.859999999142,2433.049367289082
53894,31.650310676844047,1247.879999999142,2433.060347910543
53895,31.650310676844047,1247.899999999142,2433.071328417112
53896,31.650310676844047,1247.919999999142,2433.0823088087964
53897,31.650310676844047,1247.939999999142,2433.0932890856034
53898,31.650310676844047,1247.959999999142,2433.104269247541
53899,31.650310676844047,1247.979999999142,2433.1152492946167
53900,31.650310676844047,1247.999999999142,2433.126229226838
53901,31.650310676844047,1248.0199999991419,2433.1372090442123
53902,31.650310676844047,1248.0399999991419,2433.1481887467476
53903,31.650310676844047,1248.0599999991418,2433.159168334451
53904,31.650310676844047,1248.0799999991418,2433.17014780733
53905,31.650310676844047,1248.0999999991418,2433.1811271653924
53906,31.650310676844047,1248.1199999991418,2433.1921064086455
53907,31.650310676844047,1248.1399999991418,2433.203085537097
53908,31.650310676844047,1248.1599999991417,2433.2140645507548
53909,31.650310676844047,1248.1799999991417,2433.225043449626
53910,31.650310676844047,1248.1999999991417,2433.2360222337184
53911,31.650310676844047,1248.2199999991417,2433.2470009030394
53912,31.650310676844047,1248.2399999991417,2433.257979457597
53913,31.650310676844047,1248.2599999991417,2433.2689578973977
53914,31.650310676844047,1248.2799999991416,2433.27993622245
53915,31.650310676844047,1248.2999999991416,2433.2909144327614
53916,31.650310676844047,1248.3199999991416,2433.301892528339
53917,31.650310676844047,1248.3399999991416,2433.3128705094005
53918,31.650310676844047,1248.3599999991416,2433.32384837617
53919,31.650310676844047,1248.3799999991415,2433.334826128657
53920,31.650310676844047,1248.3999999991415,2433.345803766868
53921,31.650310676844047,1248.4199999991415,2433.3567812908113
53922,31.650310676844047,1248.4399999991415,2433.367758700494
53923,31.650310676844047,1248.4599999991415,2433.378735995924
53924,31.650310676844047,1248.4799999991415,2433.3897131771087
53925,31.650310676844047,1248.4999999991414,2433.4006902440556
53926,31.650310676844047,1248.5199999991414,2433.411667196772
53927,31.650310676844047,1248.5399999991414,2433.4226440352663
53928,31.650310676844047,1248.5599999991414,2433.433620759545
53929,31.650310676844047,1248.5799999991414,2433.444597369617
53930,31.650310676844047,1248.5999999991413,2433.4555738654885
53931,31.650310676844047,1248.6199999991413,2433.466550247168
53932,31.650310676844047,1248.6399999991413,2433.4775265146623
53933,31.650310676844047,1248.6599999991413,2433.4885026679794
53934,31.650310676844047,1248.6799999991413,2433.499478707127
53935,31.650310676844047,1248.6999999991413,2433.510454632112
53936,31.650310676844047,1248.7199999991412,2433.521430442943
53937,31.650310676844047,1248.7399999991412,2433.5324061396263
53938,31.650310676844047,1248.7599999991412,2433.5433817221706
53939,31.650310676844047,1248.7799999991412,2433.554357190583
53940,31.650310676844047,1248.7999999991412,2433.5653325448707
53941,31.650310676844047,1248.8199999991411,2433.576307785042
53942,31.650310676844047,1248.8399999991411,2433.587282911104
53943,31.650310676844047,1248.859999999141,2433.5982579230645
53944,31.650310676844047,1248.879999999141,2433.6092328209306
53945,31.650310676844047,1248.899999999141,2433.6202076047102
53946,31.650310676844047,1248.919999999141,2433.631182274411
53947,31.650310676844047,1248.939999999141,2433.64215683004
53948,31.650310676844047,1248.959999999141,2433.6531312716056
53949,31.650310676844047,1248.979999999141,2433.664105599115
53950,31.650310676844047,1248.999999999141,2433.6750798125754
53951,31.650310676844047,1249.019999999141,2433.6860539119943
53952,31.650310676844047,1249.039999999141,2433.69702789738
53953,31.650310676844047,1249.059999999141,2433.7080017687395
53954,31.650310676844047,1249.079999999141,2433.71897552608
53955,31.650310676844047,1249.099999999141,2433.7299491694102
53956,31.650310676844047,1249.1199999991409,2433.740922698737
53957,31.650310676844047,1249.1399999991409,2433.7518961140677
53958,31.650310676844047,1249.1599999991408,2433.76286941541
53959,31.650310676844047,1249.1799999991408,2433.7738426027718
53960,31.650310676844047,1249.1999999991408,2433.78481567616
53961,31.650310676844047,1249.2199999991408,2433.795788635583
53962,31.650310676844047,1249.2399999991408,2433.806761481048
53963,31.650310676844047,1249.2599999991407,2433.8177342125623
53964,31.650310676844047,1249.2799999991407,2433.828706830134
53965,31.650310676844047,1249.2999999991407,2433.8396793337697
53966,31.650310676844047,1249.3199999991407,2433.8506517234778
53967,31.650310676844047,1249.3399999991407,2433.86162399927
53968,31.650310676844047,1249.3599999991407,2433.8725961613845
53969,31.650310676844047,1249.3799999991406,2433.883568210022
53970,31.650310676844047,1249.3999999991406,2433.89454014519
53971,31.650310676844047,1249.4199999991406,2433.905511966896
53972,31.650310676844047,1249.4399999991406,2433.9164836751474
53973,31.650310676844047,1249.4599999991406,2433.927455269952
53974,31.650310676844047,1249.4799999991405,2433.938426751318
53975,31.650310676844047,1249.4999999991405,2433.949398119252
53976,31.650310676844047,1249.5199999991405,2433.9603693737618
53977,31.650310676844047,1249.5399999991405,2433.971340514855
53978,31.650310676844047,1249.5599999991405,2433.9823115425393
53979,31.650310676844047,1249.5799999991405,2433.9932824568223
53980,31.650310676844047,1249.5999999991404,2434.0042532577113
53981,31.650310676844047,1249.6199999991404,2434.015223945214
53982,31.650310676844047,1249.6399999991404,2434.026194519338
53983,31.650310676844047,1249.6599999991404,2434.037164980091
53984,31.650310676844047,1249.6799999991404,2434.04813532748
53985,31.650310676844047,1249.6999999991403,2434.059105561513
53986,31.650310676844047,1249.7199999991403,2434.070075682198
53987,31.650310676844047,1249.7399999991403,2434.081045689542
53988,31.650310676844047,1249.7599999991403,2434.0920155835524
53989,31.650310676844047,1249.7799999991403,2434.102985364237
53990,31.650310676844047,1249.7999999991403,2434.113955031604
53991,31.650310676844047,1249.8199999991402,2434.1249245856598
53992,31.650310676844047,1249.8399999991402,2434.1358940264126
53993,31.650310676844047,1249.8599999991402,2434.1468633538702
53994,31.650310676844047,1249.8799999991402,2434.15783256804
53995,31.650310676844047,1249.8999999991402,2434.168801668929
53996,31.650310676844047,1249.9199999991401,2434.1797706565453
53997,31.650310676844047,1249.9399999991401,2434.1907395308963
53998,31.650310676844047,1249.95999999914,2434.2017082919897
53999,31.650310676844047,1249.97999999914,2434.212676939833
54000,31.650310676844047,1249.99999999914,2434.2236454744334
54001,31.650310676844047,1250.01999999914,2434.234613895799
54002,31.650310676844047,1250.03999999914,2434.2455822039374
54003,31.650310676844047,1250.05999999914,2434.256550398856
54004,31.650310676844047,1250.07999999914,2434.267518480562
54005,31.650310676844047,1250.09999999914,2434.2784864490636
54006,31.650310676844047,1250.11999999914,2434.289454304368
54007,31.650310676844047,1250.13999999914,2434.3004220464827
54008,31.650310676844047,1250.15999999914,2434.3113896754153
54009,31.650310676844047,1250.17999999914,2434.3223571911735
54010,31.650310676844047,1250.19999999914,2434.3333245937647
54011,31.650310676844047,1250.2199999991399,2434.3442918831965
54012,31.650310676844047,1250.2399999991399,2434.355259059477
54013,31.650310676844047,1250.2599999991398,2434.3662261226127
54014,31.650310676844047,1250.2799999991398,2434.377193072612
54015,31.650310676844047,1250.2999999991398,2434.388159909482
54016,31.650310676844047,1250.3199999991398,2434.3991266332305
54017,31.650310676844047,1250.3399999991398,2434.410093243865
54018,31.650310676844047,1250.3599999991397,2434.421059741403
54019,31.650310676844047,1250.3799999991397,2434.432026126118
54020,31.650310676844047,1250.3999999991397,2434.442992398195
54021,31.650310676844047,1250.4199999991397,2434.4539585576417
54022,31.650310676844047,1250.4399999991397,2434.4649246044655
54023,31.650310676844047,1250.4599999991397,2434.475890538674
54024,31.650310676844047,1250.4799999991396,2434.4868563602745
54025,31.650310676844047,1250.4999999991396,2434.497822069275
54026,31.650310676844047,1250.5199999991396,2434.508787665683
54027,31.650310676844047,1250.5399999991396,2434.519753149506
54028,31.650310676844047,1250.5599999991396,2434.5307185207516
54029,31.650310676844047,1250.5799999991395,2434.5416837794273
54030,31.650310676844047,1250.5999999991395,2434.552648925541
54031,31.650310676844047,1250.6199999991395,2434.5636139590993
54032,31.650310676844047,1250.6399999991395,2434.574578880111
54033,31.650310676844047,1250.6599999991395,2434.585543688583
54034,31.650310676844047,1250.6799999991395,2434.596508384523
54035,31.650310676844047,1250.6999999991394,2434.6074729679385
54036,31.650310676844047,1250.7199999991394,2434.618437438837
54037,31.650310676844047,1250.7399999991394,2434.629401797227
54038,31.650310676844047,1250.7599999991394,2434.6403660431147
54039,31.650310676844047,1250.7799999991394,2434.6513301765085
54040,31.650310676844047,1250.7999999991393,2434.6622941974156
54041,31.650310676844047,1250.8199999991393,2434.6732581058436
54042,31.650310676844047,1250.8399999991393,2434.6842219018004
54043,31.650310676844047,1250.8599999991393,2434.695185585293
54044,31.650310676844047,1250.8799999991393,2434.7061491563295
54045,31.650310676844047,1250.8999999991393,2434.7171126149174
54046,31.650310676844047,1250.9199999991392,2434.728075961064
54047,31.650310676844047,1250.9399999991392,2434.739039194777
54048,31.650310676844047,1250.9599999991392,2434.750002316064
54049,31.650310676844047,1250.9799999991392,2434.760965324933
54050,31.650310676844047,1250.9999999991392,2434.7719282213907
54051,31.650310676844047,1251.0199999991391,2434.7828910054454
54052,31.650310676844047,1251.0399999991391,2434.7938536771044
54053,31.650310676844047,1251.059999999139,2434.8048162363752
54054,31.606969714231056,1251.079999999139,2434.8157786832658
54055,31.606969714231056,1251.099999999139,2434.826741017783
54056,31.606969714231056,1251.119999999139,2434.8377032399353
54057,31.606969714231056,1251.139999999139,2434.8486653497293
54058,31.606969714231056,1251.159999999139,2434.859627347173
54059,31.606969714231056,1251.179999999139,2434.870589232274
54060,31.606969714231056,1251.199999999139,2434.8815510050404
54061,31.606969714231056,1251.219999999139,2434.892512665479
54062,31.606969714231056,1251.239999999139,2434.9034742135973
54063,31.606969714231056,1251.259999999139,2434.9144356494035
54064,31.606969714231056,1251.279999999139,2434.9253969729048
54065,31.606969714231056,1251.299999999139,2434.936358184109
54066,31.606969714231056,1251.3199999991389,2434.9473192830233
54067,31.606969714231056,1251.3399999991389,2434.9582802696555
54068,31.606969714231056,1251.3599999991388,2434.9692411440133
54069,31.606969714231056,1251.3799999991388,2434.980201906117
54070,31.606969714231056,1251.3999999991388,2434.99116255623
54071,31.606969714231056,1251.4199999991388,2435.002123094493
54072,31.606969714231056,1251.4399999991388,2435.0130835209143
54073,31.606969714231056,1251.4599999991387,2435.024043835501
54074,31.606969714231056,1251.4799999991387,2435.0350040382605
54075,31.606969714231056,1251.4999999991387,2435.0459641292005
54076,31.606969714231056,1251.5199999991387,2435.0569241083285
54077,31.606969714231056,1251.5399999991387,2435.0678839756524
54078,31.606969714231056,1251.5599999991387,2435.07884373118
54079,31.606969714231056,1251.5799999991386,2435.089803374918
54080,31.606969714231056,1251.5999999991386,2435.1007629068745
54081,31.606969714231056,1251.6199999991386,2435.111722327057
54082,31.606969714231056,1251.6399999991386,2435.1226816354733
54083,31.606969714231056,1251.6599999991386,2435.133640832131
54084,31.606969714231056,1251.6799999991385,2435.144599917037
54085,31.606969714231056,1251.6999999991385,2435.1555588901997
54086,31.606969714231056,1251.7199999991385,2435.166517751626
54087,31.606969714231056,1251.7399999991385,2435.1774765013242
54088,31.606969714231056,1251.7599999991385,2435.1884351393014
54089,31.606969714231056,1251.7799999991385,2435.1993936655654
54090,31.606969714231056,1251.7999999991384,2435.2103520801234
54091,31.606969714231056,1251.8199999991384,2435.2213103829836
54092,31.606969714231056,1251.8399999991384,2435.232268574153
54093,31.606969714231056,1251.8599999991384,2435.2432266536393
54094,31.606969714231056,1251.8799999991384,2435.2541846214503
54095,31.606969714231056,1251.8999999991383,2435.2651424775936
54096,31.606969714231056,1251.9199999991383,2435.2761002220764
54097,31.606969714231056,1251.9399999991383,2435.287057854907
54098,31.606969714231056,1251.9599999991383,2435.298015376092
54099,31.606969714231056,1251.9799999991383,2435.3089727856395
54100,31.606969714231056,1251.9999999991383,2435.319930083557
54101,31.606969714231056,1252.0199999991382,2435.3308872698526
54102,31.606969714231056,1252.0399999991382,2435.341844344533
54103,31.606969714231056,1252.0599999991382,2435.352801307606
54104,31.606969714231056,1252.0799999991382,2435.3637581590797
54105,31.606969714231056,1252.0999999991382,2435.3747148989614
54106,31.606969714231056,1252.1199999991381,2435.3856715272586
54107,31.606969714231056,1252.1399999991381,2435.396628043979
54108,31.606969714231056,1252.159999999138,2435.40758444913
54109,31.606969714231056,1252.179999999138,2435.418540742719
54110,31.606969714231056,1252.199999999138,2435.429496924754
54111,31.606969714231056,1252.219999999138,2435.4404529952426
54112,31.606969714231056,1252.239999999138,2435.451408954192
54113,31.606969714231056,1252.259999999138,2435.4623648016104
54114,31.606969714231056,1252.279999999138,2435.4733205375046
54115,31.606969714231056,1252.299999999138,2435.4842761618825
54116,31.606969714231056,1252.319999999138,2435.4952316747517
54117,31.606969714231056,1252.339999999138,2435.50618707612
54118,31.606969714231056,1252.359999999138,2435.517142365995
54119,31.606969714231056,1252.379999999138,2435.5280975443834
54120,31.606969714231056,1252.399999999138,2435.539052611313
54121,31.606969714231056,1252.4199999991379,2435.5500075670793
54122,31.606969714231056,1252.4399999991379,2435.560962411806
54123,31.606969714231056,1252.4599999991378,2435.5719171455007
54124,31.606969714231056,1252.4799999991378,2435.582871768171
54125,31.606969714231056,1252.4999999991378,2435.593826279825
54126,31.606969714231056,1252.5199999991378,2435.6047806804695
54127,31.606969714231056,1252.5399999991378,2435.6157349701125
54128,31.606969714231056,1252.5599999991377,2435.626689148761
54129,31.606969714231056,1252.5799999991377,2435.6376432164234
54130,31.606969714231056,1252.5999999991377,2435.6485971731067
54131,31.606969714231056,1252.6199999991377,2435.659551018819
54132,31.606969714231056,1252.6399999991377,2435.6705047535675
54133,31.606969714231056,1252.6599999991377,2435.68145837736
54134,31.606969714231056,1252.6799999991376,2435.6924118902034
54135,31.606969714231056,1252.6999999991376,2435.7033652921064
54136,31.606969714231056,1252.7199999991376,2435.714318583076
54137,31.606969714231056,1252.7399999991376,2435.7252717631195
54138,31.606969714231056,1252.7599999991376,2435.736224832245
54139,31.606969714231056,1252.7799999991375,2435.7471777904602
54140,31.606969714231056,1252.7999999991375,2435.758130637772
54141,31.606969714231056,1252.8199999991375,2435.7690833741885
54142,31.606969714231056,1252.8399999991375,2435.7800359997173
54143,31.606969714231056,1252.8599999991375,2435.7909885143654
54144,31.606969714231056,1252.8799999991375,2435.801940918141
54145,31.606969714231056,1252.8999999991374,2435.8128932110517
54146,31.606969714231056,1252.9199999991374,2435.823845393105
54147,31.606969714231056,1252.9399999991374,2435.834797464308
54148,31.606969714231056,1252.9599999991374,2435.8457494246686
54149,31.606969714231056,1252.9799999991374,2435.8567012741946
54150,31.606969714231056,1252.9999999991373,2435.8676530128937
54151,31.606969714231056,1253.0199999991373,2435.878604640773
54152,31.606969714231056,1253.0399999991373,2435.8895561578406
54153,31.606969714231056,1253.0599999991373,2435.9005075641035
54154,31.606969714231056,1253.0799999991373,2435.9114588595694
54155,31.606969714231056,1253.0999999991373,2435.922410044246
54156,31.606969714231056,1253.1199999991372,2435.9333611181414
54157,31.606969714231056,1253.1399999991372,2435.9443120812625
54158,31.606969714231056,1253.1599999991372,2435.955262933617
54159,31.606969714231056,1253.1799999991372,2435.966213675213
54160,31.606969714231056,1253.1999999991372,2435.9771643060576
54161,31.606969714231056,1253.2199999991371,2435.9881148261584
54162,31.606969714231056,1253.2399999991371,2435.999065235523
54163,31.606969714231056,1253.259999999137,2436.0100155341593
54164,31.606969714231056,1253.279999999137,2436.0209657220744
54165,31.606969714231056,1253.299999999137,2436.0319157992762
54166,31.606969714231056,1253.319999999137,2436.042865765772
54167,31.606969714231056,1253.339999999137,2436.05381562157
54168,31.606969714231056,1253.359999999137,2436.064765366677
54169,31.606969714231056,1253.379999999137,2436.075715001101
54170,31.606969714231056,1253.399999999137,2436.0866645248493
54171,31.606969714231056,1253.419999999137,2436.097613937954
54172,31.606969714231056,1253.439999999137,2436.108563240731
54173,31.606969714231056,1253.459999999137,2436.119512433279
54174,31.606969714231056,1253.479999999137,2436.130461515605
54175,31.606969714231056,1253.499999999137,2436.141410487717
54176,31.606969714231056,1253.5199999991369,2436.152359349623
54177,31.606969714231056,1253.5399999991369,2436.16330810133
54178,31.606969714231056,1253.5599999991368,2436.174256742846
54179,31.606969714231056,1253.5799999991368,2436.185205274178
54180,31.606969714231056,1253.5999999991368,2436.196153695334
54181,31.606969714231056,1253.6199999991368,2436.2071020063217
54182,31.606969714231056,1253.6399999991368,2436.2180502071483
54183,31.606969714231056,1253.6599999991367,2436.228998297822
54184,31.606969714231056,1253.6799999991367,2436.2399462783496
54185,31.606969714231056,1253.6999999991367,2436.2508941487395
54186,31.606969714231056,1253.7199999991367,2436.2618419089986
54187,31.606969714231056,1253.7399999991367,2436.2727895591347
54188,31.606969714231056,1253.7599999991367,2436.2837370991556
54189,31.606969714231056,1253.7799999991366,2436.294684529069
54190,31.606969714231056,1253.7999999991366,2436.305631848882
54191,31.606969714231056,1253.8199999991366,2436.3165790586027
54192,31.606969714231056,1253.8399999991366,2436.327526158238
54193,31.606969714231056,1253.8599999991366,2436.3384731477963
54194,31.606969714231056,1253.8799999991365,2436.349420027285
54195,31.606969714231056,1253.8999999991365,2436.360366796711
54196,31.606969714231056,1253.9199999991365,2436.3713134560826
54197,31.606969714231056,1253.9399999991365,2436.3822600054073
54198,31.606969714231056,1253.9599999991365,2436.3932064446926
54199,31.606969714231056,1253.9799999991365,2436.404152773946
54200,31.606969714231056,1253.9999999991364,2436.4150989931754
54201,31.606969714231056,1254.0199999991364,2436.426045102388
54202,31.606969714231056,1254.0399999991364,2436.4369911015915
54203,31.606969714231056,1254.0599999991364,2436.4479369907936
54204,31.606969714231056,1254.0799999991364,2436.4588827700018
54205,31.606969714231056,1254.0999999991363,2436.469828439224
54206,31.606969714231056,1254.1199999991363,2436.480773998467
54207,31.606969714231056,1254.1399999991363,2436.4917194477393
54208,31.606969714231056,1254.1599999991363,2436.502664787048
54209,31.606969714231056,1254.1799999991363,2436.5136100164013
54210,31.606969714231056,1254.1999999991363,2436.524555135806
54211,31.606969714231056,1254.2199999991362,2436.53550014527
54212,31.606969714231056,1254.2399999991362,2436.5464450448007
54213,31.606969714231056,1254.2599999991362,2436.557389834406
54214,31.606969714231056,1254.2799999991362,2436.5683345140933
54215,31.606969714231056,1254.2999999991362,2436.5792790838705
54216,31.606969714231056,1254.3199999991361,2436.5902235437447
54217,31.606969714231056,1254.3399999991361,2436.601167893724
54218,31.606969714231056,1254.359999999136,2436.6121121338156
54219,31.606969714231056,1254.379999999136,2436.623056264027
54220,31.606969714231056,1254.399999999136,2436.6340002843663
54221,31.606969714231056,1254.419999999136,2436.6449441948407
54222,31.606969714231056,1254.439999999136,2436.655887995487
54223,31.606969714231056,1254.459999999136,2436.6668316866408
54224,31.606969714231056,1254.479999999136,2436.677775268376
54225,31.606969714231056,1254.499999999136,2436.6887187407006
54226,31.606969714231056,1254.519999999136,2436.6996621036214
54227,31.606969714231056,1254.539999999136,2436.7106053571465
54228,31.606969714231056,1254.559999999136,2436.7215485012835
54229,31.606969714231056,1254.579999999136,2436.7324915360396
54230,31.606969714231056,1254.599999999136,2436.7434344614226
54231,31.606969714231056,1254.6199999991359,2436.75437727744
54232,31.606969714231056,1254.6399999991359,2436.7653199840997
54233,31.606969714231056,1254.6599999991358,2436.7762625814094
54234,31.606969714231056,1254.6799999991358,2436.787205069376
54235,31.606969714231056,1254.6999999991358,2436.7981474480075
54236,31.606969714231056,1254.7199999991358,2436.8090897173115
54237,31.606969714231056,1254.7399999991358,2436.8200318772956
54238,31.606969714231056,1254.7599999991357,2436.8309739279675
54239,31.606969714231056,1254.7799999991357,2436.841915869335
54240,31.606969714231056,1254.7999999991357,2436.8528577014054
54241,31.606969714231056,1254.8199999991357,2436.8637994241863
54242,31.606969714231056,1254.8399999991357,2436.874741037685
54243,31.606969714231056,1254.8599999991357,2436.88568254191
54244,31.606969714231056,1254.8799999991356,2436.896623936868
54245,31.606969714231056,1254.8999999991356,2436.9075652225665
54246,31.606969714231056,1254.9199999991356,2436.918506399014
54247,31.606969714231056,1254.9399999991356,2436.9294474662174
54248,31.606969714231056,1254.9599999991356,2436.9403884241847
54249,31.606969714231056,1254.9799999991355,2436.951329272923
54250,31.606969714231056,1254.9999999991355,2436.9622700124405
54251,31.606969714231056,1255.0199999991355,2436.9732106427446
54252,31.606969714231056,1255.0399999991355,2436.9841511638424
54253,31.606969714231056,1255.0599999991355,2436.995091575742
54254,31.606969714231056,1255.0799999991355,2437.0060318784513
54255,31.606969714231056,1255.0999999991354,2437.0169720719773
54256,31.606969714231056,1255.1199999991354,2437.0279121563276
54257,31.606969714231056,1255.1399999991354,2437.03885213151
54258,31.606969714231056,1255.1599999991354,2437.049791997532
54259,31.606969714231056,1255.1799999991354,2437.0607317544013
54260,31.606969714231056,1255.1999999991353,2437.0716714021255
54261,31.606969714231056,1255.2199999991353,2437.082610940712
54262,31.606969714231056,1255.2399999991353,2437.093550370169
54263,31.606969714231056,1255.2599999991353,2437.104489690503
54264,31.606969714231056,1255.2799999991353,2437.115428901723
54265,31.606969714231056,1255.2999999991353,2437.1263680038355
54266,31.606969714231056,1255.3199999991352,2437.1373069968486
54267,31.606969714231056,1255.3399999991352,2437.1482458807695
54268,31.606969714231056,1255.3599999991352,2437.159184655606
54269,31.606969714231056,1255.3799999991352,2437.170123321366
54270,31.606969714231056,1255.3999999991352,2437.181061878057
54271,31.606969714231056,1255.4199999991351,2437.1920003256864
54272,31.606969714231056,1255.4399999991351,2437.2029386642616
54273,31.606969714231056,1255.459999999135,2437.213876893825
54274,31.606969714231056,1255.479999999135,2437.2248150147316
54275,31.606969714231056,1255.499999999135,2437.23575302703
54276,31.606969714231056,1255.519999999135,2437.2466909307286
54277,31.606969714231056,1255.539999999135,2437.2576287258344
54278,31.606969714231056,1255.559999999135,2437.2685664123546
54279,31.606969714231056,1255.579999999135,2437.2795039902976
54280,31.606969714231056,1255.599999999135,2437.2904414596705
54281,31.606969714231056,1255.619999999135,2437.301378820481
54282,31.606969714231056,1255.639999999135,2437.3123160727373
54283,31.606969714231056,1255.659999999135,2437.323253216446
54284,31.606969714231056,1255.679999999135,2437.3341902516154
54285,31.606969714231056,1255.699999999135,2437.345127178253
54286,31.606969714231056,1255.7199999991349,2437.356063996366
54287,31.606969714231056,1255.7399999991349,2437.3670007059627
54288,31.606969714231056,1255.7599999991348,2437.37793730705
54289,31.606969714231056,1255.7799999991348,2437.3888737996363
54290,31.606969714231056,1255.7999999991348,2437.3998101837283
54291,31.606969714231056,1255.8199999991348,2437.4107464593344
54292,31.606969714231056,1255.8399999991348,2437.4216826264615
54293,31.606969714231056,1255.8599999991347,2437.4326186851176
54294,31.606969714231056,1255.8799999991347,2437.44355463531
54295,31.606969714231056,1255.8999999991347,2437.4544904770473
54296,31.606969714231056,1255.9199999991347,2437.465426210336
54297,31.606969714231056,1255.9399999991347,2437.476361835184
54298,31.606969714231056,1255.9599999991347,2437.487297351599
54299,31.606969714231056,1255.9799999991346,2437.4982327595885
54300,31.606969714231056,1255.9999999991346,2437.5091680591604
54301,31.606969714231056,1256.0199999991346,2437.520103250322
54302,31.606969714231056,1256.0399999991346,2437.5310383330807
54303,31.606969714231056,1256.0599999991346,2437.5419733074446
54304,31.606969714231056,1256.0799999991345,2437.552908173421
54305,31.606969714231056,1256.0999999991345,2437.563842931018
54306,31.606969714231056,1256.1199999991345,2437.5747775802424
54307,31.606969714231056,1256.1399999991345,2437.5857121211025
54308,31.606969714231056,1256.1599999991345,2437.5966465536053
54309,31.606969714231056,1256.1799999991345,2437.607580877759
54310,31.606969714231056,1256.1999999991344,2437.6185150935707
54311,31.606969714231056,1256.2199999991344,2437.6294492010484
54312,31.606969714231056,1256.2399999991344,2437.6403832001993
54313,31.606969714231056,1256.2599999991344,2437.651317091031
54314,31.606969714231056,1256.2799999991344,2437.662250873552
54315,31.606969714231056,1256.2999999991343,2437.673184547769
54316,31.606969714231056,1256.3199999991343,2437.6841181136897
54317,31.606969714231056,1256.3399999991343,2437.695051571322
54318,31.606969714231056,1256.3599999991343,2437.7059849206735
54319,31.606969714231056,1256.3799999991343,2437.7169181617514
54320,31.606969714231056,1256.3999999991343,2437.7278512945636
54321,31.606969714231056,1256.4199999991342,2437.7387843191177
54322,31.606969714231056,1256.4399999991342,2437.749717235421
54323,31.606969714231056,1256.4599999991342,2437.7606500434817
54324,31.606969714231056,1256.4799999991342,2437.7715827433644
54325,31.606969714231056,1256.4999999991342,2437.782515335432
54326,31.606969714231056,1256.5199999991341,2437.793447819725
54327,31.606969714231056,1256.5399999991341,2437.804380196251
54328,31.606969714231056,1256.559999999134,2437.8153124650175
54329,31.606969714231056,1256.579999999134,2437.8262446260323
54330,31.606969714231056,1256.599999999134,2437.8371766793034
54331,31.606969714231056,1256.619999999134,2437.848108624838
54332,31.606969714231056,1256.639999999134,2437.8590404626434
54333,31.606969714231056,1256.659999999134,2437.869972192728
54334,31.606969714231056,1256.679999999134,2437.8809038150985
54335,31.606969714231056,1256.699999999134,2437.891835329763
54336,31.606969714231056,1256.719999999134,2437.9027667367295
54337,31.606969714231056,1256.739999999134,2437.913698036005
54338,31.606969714231056,1256.759999999134,2437.924629227597
54339,31.606969714231056,1256.779999999134,2437.9355603115137
54340,31.563727577698444,1256.799999999134,2437.9464912877625
54341,31.563727577698444,1256.8199999991339,2437.9574221563507
54342,31.563727577698444,1256.8399999991339,2437.968352917286
54343,31.563727577698444,1256.8599999991338,2437.9792835705766
54344,31.563727577698444,1256.8799999991338,2437.9902141162297
54345,31.563727577698444,1256.8999999991338,2438.0011445542527
54346,31.563727577698444,1256.9199999991338,2438.0120748846534
54347,31.563727577698444,1256.9399999991338,2438.0230051074395
54348,31.563727577698444,1256.9599999991337,2438.0339352226183
54349,31.563727577698444,1256.9799999991337,2438.044865230198
54350,31.563727577698444,1256.9999999991337,2438.0557951301857
54351,31.563727577698444,1257.0199999991337,2438.0667249225894
54352,31.563727577698444,1257.0399999991337,2438.077654607416
54353,31.563727577698444,1257.0599999991337,2438.088584184674
54354,31.563727577698444,1257.0799999991336,2438.09951365437
54355,31.563727577698444,1257.0999999991336,2438.110443016513
54356,31.563727577698444,1257.1199999991336,2438.121372271109
54357,31.563727577698444,1257.1399999991336,2438.132301418167
54358,31.563727577698444,1257.1599999991336,2438.143230457694
54359,31.563727577698444,1257.1799999991335,2438.1541593896973
54360,31.563727577698444,1257.1999999991335,2438.165088214185
54361,31.563727577698444,1257.2199999991335,2438.1760169311647
54362,31.563727577698444,1257.2399999991335,2438.1869455406436
54363,31.563727577698444,1257.2599999991335,2438.19787404263
54364,31.563727577698444,1257.2799999991335,2438.2088024371305
54365,31.563727577698444,1257.2999999991334,2438.2197307241536
54366,31.563727577698444,1257.3199999991334,2438.2306589037066
54367,31.563727577698444,1257.3399999991334,2438.2415869757974
54368,31.563727577698444,1257.3599999991334,2438.2525149404332
54369,31.563727577698444,1257.3799999991334,2438.263442797622
54370,31.563727577698444,1257.3999999991333,2438.274370547371
54371,31.563727577698444,1257.4199999991333,2438.2852981896876
54372,31.563727577698444,1257.4399999991333,2438.29622572458
54373,31.563727577698444,1257.4599999991333,2438.3071531520554
54374,31.563727577698444,1257.4799999991333,2438.318080472122
54375,31.563727577698444,1257.4999999991333,2438.3290076848607
54376,31.563727577698444,1257.5199999991332,2438.339934790574
54377,31.563727577698444,1257.5399999991332,2438.3508617892935
54378,31.563727577698444,1257.5599999991332,2438.361788681027
54379,31.563727577698444,1257.5799999991332,2438.372715465782
54380,31.563727577698444,1257.5999999991332,2438.383642143567
54381,31.563727577698444,1257.6199999991331,2438.3945687143887
54382,31.563727577698444,1257.6399999991331,2438.405495178255
54383,31.563727577698444,1257.659999999133,2438.4164215351734
54384,31.563727577698444,1257.679999999133,2438.4273477851516
54385,31.563727577698444,1257.699999999133,2438.4382739281973
54386,31.563727577698444,1257.719999999133,2438.4491999643183
54387,31.563727577698444,1257.739999999133,2438.4601258935218
54388,31.563727577698444,1257.759999999133,2438.4710517158155
54389,31.563727577698444,1257.779999999133,2438.4819774312073
54390,31.563727577698444,1257.799999999133,2438.4929030397043
54391,31.563727577698444,1257.819999999133,2438.5038285413148
54392,31.563727577698444,1257.839999999133,2438.514753936046
54393,31.563727577698444,1257.859999999133,2438.525679223905
54394,31.563727577698444,1257.879999999133,2438.5366044049006
54395,31.563727577698444,1257.899999999133,2438.5475294790394
54396,31.563727577698444,1257.9199999991329,2438.5584544463295
54397,31.563727577698444,1257.9399999991329,2438.5693793067785
54398,31.563727577698444,1257.9599999991328,2438.580304060394
54399,31.563727577698444,1257.9799999991328,2438.5912287071837
54400,31.563727577698444,1257.9999999991328,2438.602153247155
54401,31.563727577698444,1258.0199999991328,2438.6130776803157
54402,31.563727577698444,1258.0399999991328,2438.624002006673
54403,31.563727577698444,1258.0599999991327,2438.634926226235
54404,31.563727577698444,1258.0799999991327,2438.6458503390095
54405,31.563727577698444,1258.0999999991327,2438.656774345003
54406,31.563727577698444,1258.1199999991327,2438.6676982442245
54407,31.563727577698444,1258.1399999991327,2438.6786220366807
54408,31.563727577698444,1258.1599999991327,2438.6895457223795
54409,31.563727577698444,1258.1799999991326,2438.7004693013287
54410,31.563727577698444,1258.1999999991326,2438.711392773536
54411,31.563727577698444,1258.2199999991326,2438.7223161390084
54412,31.563727577698444,1258.2399999991326,2438.733239397754
54413,31.563727577698444,1258.2599999991326,2438.7441625497804
54414,31.563727577698444,1258.2799999991325,2438.755085595095
54415,31.563727577698444,1258.2999999991325,2438.7660085337056
54416,31.563727577698444,1258.3199999991325,2438.77693136562
54417,31.563727577698444,1258.3399999991325,2438.787854090845
54418,31.563727577698444,1258.3599999991325,2438.798776709389
54419,31.563727577698444,1258.3799999991325,2438.8096992212595
54420,31.563727577698444,1258.3999999991324,2438.820621626464
54421,31.563727577698444,1258.4199999991324,2438.83154392501
54422,31.563727577698444,1258.4399999991324,2438.842466116905
54423,31.563727577698444,1258.4599999991324,2438.8533882021575
54424,31.563727577698444,1258.4799999991324,2438.8643101807743
54425,31.563727577698444,1258.4999999991323,2438.875232052763
54426,31.563727577698444,1258.5199999991323,2438.8861538182346
54427,31.563727577698444,1258.5399999991323,2438.8970754774914
54428,31.563727577698444,1258.5599999991323,2438.907997030562
54429,31.563727577698444,1258.5799999991323,2438.9189184774536
54430,31.563727577698444,1258.5999999991323,2438.9298398181745
54431,31.563727577698444,1258.6199999991322,2438.940761052732
54432,31.563727577698444,1258.6399999991322,2438.9516821811335
54433,31.563727577698444,1258.6599999991322,2438.962603203387
54434,31.563727577698444,1258.6799999991322,2438.9735241195003
54435,31.563727577698444,1258.6999999991322,2438.9844449294806
54436,31.563727577698444,1258.7199999991321,2438.9953656333355
54437,31.563727577698444,1258.7399999991321,2439.006286231073
54438,31.563727577698444,1258.759999999132,2439.0172067227004
54439,31.563727577698444,1258.779999999132,2439.0281271082254
54440,31.563727577698444,1258.799999999132,2439.0390473876555
54441,31.563727577698444,1258.819999999132,2439.0499675609985
54442,31.563727577698444,1258.839999999132,2439.060887628262
54443,31.563727577698444,1258.859999999132,2439.071807589454
54444,31.563727577698444,1258.879999999132,2439.0827274445815
54445,31.563727577698444,1258.899999999132,2439.0936471936525
54446,31.563727577698444,1258.919999999132,2439.104566836674
54447,31.563727577698444,1258.939999999132,2439.1154863736547
54448,31.563727577698444,1258.959999999132,2439.1264058046013
54449,31.563727577698444,1258.979999999132,2439.1373251295217
54450,31.563727577698444,1258.999999999132,2439.1482443484238
54451,31.563727577698444,1259.0199999991319,2439.159163461315
54452,31.563727577698444,1259.0399999991319,2439.170082468203
54453,31.563727577698444,1259.0599999991318,2439.181001369095
54454,31.563727577698444,1259.0799999991318,2439.1919201639994
54455,31.563727577698444,1259.0999999991318,2439.2028388529234
54456,31.563727577698444,1259.1199999991318,2439.2137574358744
54457,31.563727577698444,1259.1399999991318,2439.22467591286
54458,31.563727577698444,1259.1599999991317,2439.2355942838885
54459,31.563727577698444,1259.1799999991317,2439.246512548967
54460,31.563727577698444,1259.1999999991317,2439.257430708103
54461,31.563727577698444,1259.2199999991317,2439.268348761305
54462,31.563727577698444,1259.2399999991317,2439.279266708579
54463,31.563727577698444,1259.2599999991317,2439.290184549934
54464,31.563727577698444,1259.2799999991316,2439.3011022853775
54465,31.563727577698444,1259.2999999991316,2439.3120199149166
54466,31.563727577698444,1259.3199999991316,2439.322937438559
54467,31.563727577698444,1259.3399999991316,2439.333854856313
54468,31.563727577698444,1259.3599999991316,2439.344772168185
54469,31.563727577698444,1259.3799999991315,2439.355689374184
54470,31.563727577698444,1259.3999999991315,2439.3666064743165
54471,31.563727577698444,1259.4199999991315,2439.3775234685904
54472,31.563727577698444,1259.4399999991315,2439.3884403570137
54473,31.563727577698444,1259.4599999991315,2439.3993571395936
54474,31.563727577698444,1259.4799999991315,2439.4102738163383
54475,31.563727577698444,1259.4999999991314,2439.4211903872547
54476,31.563727577698444,1259.5199999991314,2439.432106852351
54477,31.563727577698444,1259.5399999991314,2439.4430232117625
54478,31.563727577698444,1259.5599999991314,2439.453939465772
54479,31.563727577698444,1259.5799999991314,2439.464855614403
54480,31.563727577698444,1259.5999999991313,2439.4757716576637
54481,31.563727577698444,1259.6199999991313,2439.4866875955613
54482,31.563727577698444,1259.6399999991313,2439.4976034281035
54483,31.563727577698444,1259.6599999991313,2439.508519155298
54484,31.563727577698444,1259.6799999991313,2439.5194347771526
54485,31.563727577698444,1259.6999999991313,2439.5303502936745
54486,31.563727577698444,1259.7199999991312,2439.5412657048714
54487,31.563727577698444,1259.7399999991312,2439.552181010751
54488,31.563727577698444,1259.7599999991312,2439.5630962113214
54489,31.563727577698444,1259.7799999991312,2439.5740113065895
54490,31.563727577698444,1259.7999999991312,2439.5849262965635
54491,31.563727577698444,1259.8199999991311,2439.5958411812508
54492,31.563727577698444,1259.8399999991311,2439.606755960659
54493,31.563727577698444,1259.859999999131,2439.6176706347956
54494,31.563727577698444,1259.879999999131,2439.6285852036685
54495,31.563727577698444,1259.899999999131,2439.6394996672852
54496,31.563727577698444,1259.919999999131,2439.6504140256534
54497,31.563727577698444,1259.939999999131,2439.6613282787807
54498,31.563727577698444,1259.959999999131,2439.6722424266745
54499,31.563727577698444,1259.979999999131,2439.683156469343
54500,31.563727577698444,1259.999999999131,2439.6940704067933
54501,31.563727577698444,1260.019999999131,2439.7049842390334
54502,31.563727577698444,1260.039999999131,2439.7158979660703
54503,31.563727577698444,1260.059999999131,2439.7268115879124
54504,31.563727577698444,1260.079999999131,2439.737725104567
54505,31.563727577698444,1260.099999999131,2439.7486385160414
54506,31.563727577698444,1260.1199999991309,2439.759551822344
54507,31.563727577698444,1260.1399999991309,2439.7704650234814
54508,31.563727577698444,1260.1599999991308,2439.7813781194623
54509,31.563727577698444,1260.1799999991308,2439.7922911102937
54510,31.563727577698444,1260.1999999991308,2439.803203995983
54511,31.563727577698444,1260.2199999991308,2439.8141167765384
54512,31.563727577698444,1260.2399999991308,2439.8250294519676
54513,31.563727577698444,1260.2599999991307,2439.835942022278
54514,31.563727577698444,1260.2799999991307,2439.846854487477
54515,31.563727577698444,1260.2999999991307,2439.8577668475723
54516,31.563727577698444,1260.3199999991307,2439.8686791025716
54517,31.563727577698444,1260.3399999991307,2439.8795912524824
54518,31.563727577698444,1260.3599999991307,2439.8905032973125
54519,31.563727577698444,1260.3799999991306,2439.9014152370696
54520,31.563727577698444,1260.3999999991306,2439.9123270717614
54521,31.563727577698444,1260.4199999991306,2439.923238801395
54522,31.563727577698444,1260.4399999991306,2439.934150425979
54523,31.563727577698444,1260.4599999991306,2439.9450619455206
54524,31.563727577698444,1260.4799999991305,2439.9559733600267
54525,31.563727577698444,1260.4999999991305,2439.966884669506
54526,31.563727577698444,1260.5199999991305,2439.977795873965
54527,31.563727577698444,1260.5399999991305,2439.9887069734123
54528,31.563727577698444,1260.5599999991305,2439.999617968008
54529,31.563727577698444,1260.5799999991305,2440.0105288590903
54530,31.563727577698444,1260.5999999991304,2440.021439647873
54531,31.563727577698444,1260.6199999991304,2440.032350334378
54532,31.563727577698444,1260.6399999991304,2440.0432609186128
54533,31.563727577698444,1260.6599999991304,2440.054171400585
54534,31.563727577698444,1260.6799999991304,2440.0650817803025
54535,31.563727577698444,1260.6999999991303,2440.0759920577734
54536,31.563727577698444,1260.7199999991303,2440.0869022330053
54537,31.563727577698444,1260.7399999991303,2440.0978123060063
54538,31.563727577698444,1260.7599999991303,2440.108722276784
54539,31.563727577698444,1260.7799999991303,2440.1196321453467
54540,31.563727577698444,1260.7999999991303,2440.1305419117016
54541,31.563727577698444,1260.8199999991302,2440.1414515758565
54542,31.563727577698444,1260.8399999991302,2440.1523611378198
54543,31.563727577698444,1260.8599999991302,2440.163270597599
54544,31.563727577698444,1260.8799999991302,2440.174179955202
54545,31.563727577698444,1260.8999999991302,2440.1850892106368
54546,31.563727577698444,1260.9199999991301,2440.1959983639113
54547,31.563727577698444,1260.9399999991301,2440.206907415033
54548,31.563727577698444,1260.95999999913,2440.21781636401
54549,31.563727577698444,1260.97999999913,2440.22872521085
54550,31.563727577698444,1260.99999999913,2440.2396339555607
54551,31.563727577698444,1261.01999999913,2440.2505425981503
54552,31.563727577698444,1261.03999999913,2440.2614511386264
54553,31.563727577698444,1261.05999999913,2440.272359576997
54554,31.563727577698444,1261.07999999913,2440.2832679132703
54555,31.563727577698444,1261.09999999913,2440.2941761474535
54556,31.563727577698444,1261.11999999913,2440.3050842795546
54557,31.563727577698444,1261.13999999913,2440.3159923095814
54558,31.563727577698444,1261.15999999913,2440.326900237542
54559,31.563727577698444,1261.17999999913,2440.337808063444
54560,31.563727577698444,1261.19999999913,2440.348715787295
54561,31.563727577698444,1261.2199999991299,2440.3596234091037
54562,31.563727577698444,1261.2399999991299,2440.3705309288775
54563,31.563727577698444,1261.2599999991298,2440.381438346624
54564,31.563727577698444,1261.2799999991298,2440.392345662351
54565,31.563727577698444,1261.2999999991298,2440.4032528760667
54566,31.563727577698444,1261.3199999991298,2440.414159987779
54567,31.563727577698444,1261.3399999991298,2440.4250669974954
54568,31.563727577698444,1261.3599999991297,2440.435973905224
54569,31.563727577698444,1261.3799999991297,2440.446880710972
54570,31.563727577698444,1261.3999999991297,2440.457787414748
54571,31.563727577698444,1261.4199999991297,2440.4686940165598
54572,31.563727577698444,1261.4399999991297,2440.479600516415
54573,31.563727577698444,1261.4599999991296,2440.4905069143215
54574,31.563727577698444,1261.4799999991296,2440.501413210287
54575,31.563727577698444,1261.4999999991296,2440.5123194043194
54576,31.563727577698444,1261.5199999991296,2440.5232254964267
54577,31.563727577698444,1261.5399999991296,2440.534131486617
54578,31.563727577698444,1261.5599999991296,2440.545037374897
54579,31.563727577698444,1261.5799999991295,2440.5559431614574
54580,31.563727577698444,1261.5999999991295,2440.5668488465453
54581,31.563727577698444,1261.6199999991295,2440.577754430175
54582,31.563727577698444,1261.6399999991295,2440.5886599123546
54583,31.563727577698444,1261.6599999991295,2440.599565293092
54584,31.563727577698444,1261.6799999991294,2440.6104705723947
54585,31.563727577698444,1261.6999999991294,2440.6213757502705
54586,31.563727577698444,1261.7199999991294,2440.6322808267278
54587,31.563727577698444,1261.7399999991294,2440.643185801774
54588,31.563727577698444,1261.7599999991294,2440.654090675417
54589,31.563727577698444,1261.7799999991294,2440.6649954476648
54590,31.563727577698444,1261.7999999991293,2440.675900118525
54591,31.563727577698444,1261.8199999991293,2440.6868046880054
54592,31.563727577698444,1261.8399999991293,2440.697709156114
54593,31.563727577698444,1261.8599999991293,2440.7086135228583
54594,31.563727577698444,1261.8799999991293,2440.7195177882463
54595,31.563727577698444,1261.8999999991292,2440.730421952286
54596,31.563727577698444,1261.9199999991292,2440.7413260149856
54597,31.563727577698444,1261.9399999991292,2440.7522299763523
54598,31.563727577698444,1261.9599999991292,2440.763133836394
54599,31.563727577698444,1261.9799999991292,2440.7740375951184
54600,31.563727577698444,1261.9999999991292,2440.784941252534
54601,31.563727577698444,1262.0199999991291,2440.795844808648
54602,31.563727577698444,1262.0399999991291,2440.8067482634683
54603,31.563727577698444,1262.059999999129,2440.817651617003
54604,31.563727577698444,1262.079999999129,2440.8285548692597
54605,31.563727577698444,1262.099999999129,2440.839458020246
54606,31.563727577698444,1262.119999999129,2440.8503610699704
54607,31.563727577698444,1262.139999999129,2440.8612640184406
54608,31.563727577698444,1262.159999999129,2440.872166865664
54609,31.563727577698444,1262.179999999129,2440.8830696116484
54610,31.563727577698444,1262.199999999129,2440.893972256402
54611,31.563727577698444,1262.219999999129,2440.9048747999323
54612,31.563727577698444,1262.239999999129,2440.9157772422477
54613,31.563727577698444,1262.259999999129,2440.9266795833555
54614,31.563727577698444,1262.279999999129,2440.937581823264
54615,31.563727577698444,1262.2999999991289,2440.9484839619804
54616,31.563727577698444,1262.3199999991289,2440.959385999513
54617,31.563727577698444,1262.3399999991288,2440.9702879358692
54618,31.563727577698444,1262.3599999991288,2440.9811897710574
54619,31.563727577698444,1262.3799999991288,2440.9920915050848
54620,31.563727577698444,1262.3999999991288,2441.0029931379595
54621,31.563727577698444,1262.4199999991288,2441.0138946696893
54622,31.563727577698444,1262.4399999991288,2441.0247961002824
54623,31.563727577698444,1262.4599999991287,2441.035697429746
54624,31.563727577698444,1262.4799999991287,2441.0465986580884
54625,31.563727577698444,1262.4999999991287,2441.0574997853173
54626,31.563727577698444,1262.5199999991287,2441.068400811441
54627,31.563727577698444,1262.5399999991287,2441.0793017364663
54628,31.563727577698444,1262.5599999991286,2441.090202560402
54629,31.563727577698444,1262.5799999991286,2441.1011032832553
54630,31.563727577698444,1262.5999999991286,2441.1120039052416
54631,31.520583952053123,1262.6199999991286,2441.1229044265892
54632,31.520583952053123,1262.6399999991286,2441.1338048473076
54633,31.520583952053123,1262.6599999991286,2441.1447051674045
54634,31.520583952053123,1262.6799999991285,2441.155605386888
54635,31.520583952053123,1262.6999999991285,2441.1665055057656
54636,31.520583952053123,1262.7199999991285,2441.1774055240458
54637,31.520583952053123,1262.7399999991285,2441.188305441736
54638,31.520583952053123,1262.7599999991285,2441.199205258844
54639,31.520583952053123,1262.7799999991284,2441.210104975378
54640,31.520583952053123,1262.7999999991284,2441.2210045913453
54641,31.520583952053123,1262.8199999991284,2441.2319041067544
54642,31.520583952053123,1262.8399999991284,2441.242803521613
54643,31.520583952053123,1262.8599999991284,2441.253702835929
54644,31.520583952053123,1262.8799999991284,2441.2646020497095
54645,31.520583952053123,1262.8999999991283,2441.2755011629633
54646,31.520583952053123,1262.9199999991283,2441.286400175698
54647,31.520583952053123,1262.9399999991283,2441.2972990879216
54648,31.520583952053123,1262.9599999991283,2441.3081978996415
54649,31.520583952053123,1262.9799999991283,2441.319096610866
54650,31.520583952053123,1262.9999999991282,2441.329995221603
54651,31.520583952053123,1263.0199999991282,2441.34089373186
54652,31.520583952053123,1263.0399999991282,2441.351792141645
54653,31.520583952053123,1263.0599999991282,2441.362690450966
54654,31.520583952053123,1263.0799999991282,2441.373588659831
54655,31.520583952053123,1263.0999999991282,2441.384486768248
54656,31.520583952053123,1263.1199999991281,2441.395384776224
54657,31.520583952053123,1263.1399999991281,2441.4062826837676
54658,31.520583952053123,1263.159999999128,2441.4171804908865
54659,31.520583952053123,1263.179999999128,2441.4280781975885
54660,31.520583952053123,1263.199999999128,2441.4389758038815
54661,31.520583952053123,1263.219999999128,2441.449873309773
54662,31.520583952053123,1263.239999999128,2441.4607707152713
54663,31.520583952053123,1263.259999999128,2441.471668020384
54664,31.520583952053123,1263.279999999128,2441.4825652251197
54665,31.520583952053123,1263.299999999128,2441.4934623294853
54666,31.520583952053123,1263.319999999128,2441.504359333489
54667,31.520583952053123,1263.339999999128,2441.515256237139
54668,31.520583952053123,1263.359999999128,2441.5261530404428
54669,31.520583952053123,1263.379999999128,2441.5370497434083
54670,31.520583952053123,1263.3999999991279,2441.5479463460433
54671,31.520583952053123,1263.4199999991279,2441.558842848356
54672,31.520583952053123,1263.4399999991278,2441.5697392503544
54673,31.520583952053123,1263.4599999991278,2441.580635552046
54674,31.520583952053123,1263.4799999991278,2441.591531753438
54675,31.520583952053123,1263.4999999991278,2441.6024278545397
54676,31.520583952053123,1263.5199999991278,2441.613323855358
54677,31.520583952053123,1263.5399999991278,2441.624219755901
54678,31.520583952053123,1263.5599999991277,2441.635115556176
54679,31.520583952053123,1263.5799999991277,2441.6460112561917
54680,31.520583952053123,1263.5999999991277,2441.656906855959
54681,31.520583952053123,1263.6199999991277,2441.6678023556983
54682,31.520583952053123,1263.6399999991277,2441.6786977556
54683,31.520583952053123,1263.6599999991276,2441.689593055672
54684,31.520583952053123,1263.6799999991276,2441.700488255922
54685,31.520583952053123,1263.6999999991276,2441.7113833563585
54686,31.520583952053123,1263.7199999991276,2441.7222783569887
54687,31.520583952053123,1263.7399999991276,2441.7331732578205
54688,31.520583952053123,1263.7599999991276,2441.744068058862
54689,31.520583952053123,1263.7799999991275,2441.754962760121
54690,31.520583952053123,1263.7999999991275,2441.7658573616054
54691,31.520583952053123,1263.8199999991275,2441.7767518633227
54692,31.520583952053123,1263.8399999991275,2441.787646265281
54693,31.520583952053123,1263.8599999991275,2441.798540567488
54694,31.520583952053123,1263.8799999991274,2441.809434769952
54695,31.520583952053123,1263.8999999991274,2441.8203288726804
54696,31.520583952053123,1263.9199999991274,2441.8312228756813
54697,31.520583952053123,1263.9399999991274,2441.842116778962
54698,31.520583952053123,1263.9599999991274,2441.853010582531
54699,31.520583952053123,1263.9799999991274,2441.863904286396
54700,31.520583952053123,1263.9999999991273,2441.874797890565
54701,31.520583952053123,1264.0199999991273,2441.8856913950453
54702,31.520583952053123,1264.0399999991273,2441.896584799845
54703,31.520583952053123,1264.0599999991273,2441.907478104972
54704,31.520583952053123,1264.0799999991273,2441.9183713104344
54705,31.520583952053123,1264.0999999991272,2441.9292644162397
54706,31.520583952053123,1264.1199999991272,2441.940157422396
54707,31.520583952053123,1264.1399999991272,2441.951050328911
54708,31.520583952053123,1264.1599999991272,2441.961943135793
54709,31.520583952053123,1264.1799999991272,2441.972835843049
54710,31.520583952053123,1264.1999999991272,2441.983728450687
54711,31.520583952053123,1264.2199999991271,2441.9946209587156
54712,31.520583952053123,1264.2399999991271,2442.005513367142
54713,31.520583952053123,1264.259999999127,2442.0164056759745
54714,31.520583952053123,1264.279999999127,2442.0272978852204
54715,31.520583952053123,1264.299999999127,2442.038189994888
54716,31.520583952053123,1264.319999999127,2442.049082004985
54717,31.520583952053123,1264.339999999127,2442.059973915519
54718,31.520583952053123,1264.359999999127,2442.070865726498
54719,31.520583952053123,1264.379999999127,2442.0817574379303
54720,31.520583952053123,1264.399999999127,2442.092649049823
54721,31.520583952053123,1264.419999999127,2442.1035405621847
54722,31.520583952053123,1264.439999999127,2442.114431975023
54723,31.520583952053123,1264.459999999127,2442.1253232883455
54724,31.520583952053123,1264.479999999127,2442.1362145021603
54725,31.520583952053123,1264.4999999991269,2442.147105616475
54726,31.520583952053123,1264.5199999991269,2442.1579966312975
54727,31.520583952053123,1264.5399999991268,2442.1688875466357
54728,31.520583952053123,1264.5599999991268,2442.1797783624975
54729,31.520583952053123,1264.5799999991268,2442.1906690788906
54730,31.520583952053123,1264.5999999991268,2442.201559695823
54731,31.520583952053123,1264.6199999991268,2442.212450213311
54732,31.520583952053123,1264.6399999991268,2442.2233406316036
54733,31.520583952053123,1264.6599999991267,2442.234230950874
54734,31.520583952053123,1264.6799999991267,2442.2451211711304
54735,31.520583952053123,1264.6999999991267,2442.2560112923807
54736,31.520583952053123,1264.7199999991267,2442.2669013146324
54737,31.520583952053123,1264.7399999991267,2442.2777912378933
54738,31.520583952053123,1264.7599999991266,2442.2886810621717
54739,31.520583952053123,1264.7799999991266,2442.299570787475
54740,31.520583952053123,1264.7999999991266,2442.3104604138116
54741,31.520583952053123,1264.8199999991266,2442.321349941189
54742,31.520583952053123,1264.8399999991266,2442.3322393696153
54743,31.520583952053123,1264.8599999991266,2442.343128699098
54744,31.520583952053123,1264.8799999991265,2442.354017929645
54745,31.520583952053123,1264.8999999991265,2442.3649070612646
54746,31.520583952053123,1264.9199999991265,2442.3757960939643
54747,31.520583952053123,1264.9399999991265,2442.386685027752
54748,31.520583952053123,1264.9599999991265,2442.397573862635
54749,31.520583952053123,1264.9799999991264,2442.408462598622
54750,31.520583952053123,1264.9999999991264,2442.4193512357206
54751,31.520583952053123,1265.0199999991264,2442.4302397739384
54752,31.520583952053123,1265.0399999991264,2442.4411282132837
54753,31.520583952053123,1265.0599999991264,2442.452016553764
54754,31.520583952053123,1265.0799999991264,2442.4629047953877
54755,31.520583952053123,1265.0999999991263,2442.4737929381618
54756,31.520583952053123,1265.1199999991263,2442.4846809820947
54757,31.520583952053123,1265.1399999991263,2442.495568927194
54758,31.520583952053123,1265.1599999991263,2442.506456773468
54759,31.520583952053123,1265.1799999991263,2442.5173445209243
54760,31.520583952053123,1265.1999999991262,2442.528232169571
54761,31.520583952053123,1265.2199999991262,2442.5391197194153
54762,31.520583952053123,1265.2399999991262,2442.5500071704655
54763,31.520583952053123,1265.2599999991262,2442.5608945227295
54764,31.520583952053123,1265.2799999991262,2442.571781776215
54765,31.520583952053123,1265.2999999991262,2442.58266893093
54766,31.520583952053123,1265.3199999991261,2442.593555986882
54767,31.520583952053123,1265.3399999991261,2442.6044429440794
54768,31.520583952053123,1265.359999999126,2442.6153298025297
54769,31.520583952053123,1265.379999999126,2442.6262165622406
54770,31.520583952053123,1265.399999999126,2442.6371032232205
54771,31.520583952053123,1265.419999999126,2442.6479897854765
54772,31.520583952053123,1265.439999999126,2442.658876249017
54773,31.520583952053123,1265.459999999126,2442.66976261385
54774,31.520583952053123,1265.479999999126,2442.6806488799825
54775,31.520583952053123,1265.499999999126,2442.6915350474233
54776,31.520583952053123,1265.519999999126,2442.7024211161797
54777,31.520583952053123,1265.539999999126,2442.71330708626
54778,31.520583952053123,1265.559999999126,2442.724192957672
54779,31.520583952053123,1265.579999999126,2442.7350787304235
54780,31.520583952053123,1265.5999999991259,2442.745964404522
54781,31.520583952053123,1265.6199999991259,2442.7568499799754
54782,31.520583952053123,1265.6399999991258,2442.767735456805
54783,31.520583952053123,1265.6599999991258,2442.778620835279
54784,31.520583952053123,1265.6799999991258,2442.789506115547
54785,31.520583952053123,1265.6999999991258,2442.800391297616
54786,31.520583952053123,1265.7199999991258,2442.8112763814947
54787,31.520583952053123,1265.7399999991258,2442.822161367191
54788,31.520583952053123,1265.7599999991257,2442.833046254712
54789,31.520583952053123,1265.7799999991257,2442.843931044066
54790,31.520583952053123,1265.7999999991257,2442.8548157352607
54791,31.520583952053123,1265.8199999991257,2442.8657003283042
54792,31.520583952053123,1265.8399999991257,2442.876584823204
54793,31.520583952053123,1265.8599999991256,2442.887469219969
54794,31.520583952053123,1265.8799999991256,2442.8983535186057
54795,31.520583952053123,1265.8999999991256,2442.9092377191228
54796,31.520583952053123,1265.9199999991256,2442.9201218215276
54797,31.520583952053123,1265.9399999991256,2442.9310058258284
54798,31.520583952053123,1265.9599999991256,2442.941889732033
54799,31.520583952053123,1265.9799999991255,2442.952773540149
54800,31.520583952053123,1265.9999999991255,2442.9636572501845
54801,31.520583952053123,1266.0199999991255,2442.9745408621475
54802,31.520583952053123,1266.0399999991255,2442.9854243760456
54803,31.520583952053123,1266.0599999991255,2442.996307791887
54804,31.520583952053123,1266.0799999991254,2443.007191109679
54805,31.520583952053123,1266.0999999991254,2443.0180743294295
54806,31.520583952053123,1266.1199999991254,2443.028957451147
54807,31.520583952053123,1266.1399999991254,2443.039840474839
54808,31.520583952053123,1266.1599999991254,2443.050723400513
54809,31.520583952053123,1266.1799999991254,2443.0616062281774
54810,31.520583952053123,1266.1999999991253,2443.07248895784
54811,31.520583952053123,1266.2199999991253,2443.0833715895087
54812,31.520583952053123,1266.2399999991253,2443.094254123191
54813,31.520583952053123,1266.2599999991253,2443.105136558895
54814,31.520583952053123,1266.2799999991253,2443.1160188966287
54815,31.520583952053123,1266.2999999991252,2443.1269011363993
54816,31.520583952053123,1266.3199999991252,2443.1377832782155
54817,31.520583952053123,1266.3399999991252,2443.1486653220845
54818,31.520583952053123,1266.3599999991252,2443.1595472680146
54819,31.520583952053123,1266.3799999991252,2443.1704291160136
54820,31.520583952053123,1266.3999999991252,2443.181310866089
54821,31.520583952053123,1266.4199999991251,2443.192192518249
54822,31.520583952053123,1266.4399999991251,2443.2030740725017
54823,31.520583952053123,1266.459999999125,2443.2139555288545
54824,31.520583952053123,1266.479999999125,2443.224836887315
54825,31.520583952053123,1266.499999999125,2443.235718147892
54826,31.520583952053123,1266.519999999125,2443.2465993105925
54827,31.520583952053123,1266.539999999125,2443.257480375425
54828,31.520583952053123,1266.559999999125,2443.268361342397
54829,31.520583952053123,1266.579999999125,2443.2792422115162
54830,31.520583952053123,1266.599999999125,2443.2901229827908
54831,31.520583952053123,1266.619999999125,2443.3010036562287
54832,31.520583952053123,1266.639999999125,2443.3118842318377
54833,31.520583952053123,1266.659999999125,2443.3227647096437
54834,31.520583952053123,1266.679999999125,2443.333645089934
54835,31.520583952053123,1266.6999999991249,2443.344525372834
54836,31.520583952053123,1266.7199999991249,2443.355405558352
54837,31.520583952053123,1266.7399999991248,2443.3662856464944
54838,31.520583952053123,1266.7599999991248,2443.37716563727
54839,31.520583952053123,1266.7799999991248,2443.3880455306867
54840,31.520583952053123,1266.7999999991248,2443.3989253267523
54841,31.520583952053123,1266.8199999991248,2443.4098050254747
54842,31.520583952053123,1266.8399999991248,2443.4206846268617
54843,31.520583952053123,1266.8599999991247,2443.431564130921
54844,31.520583952053123,1266.8799999991247,2443.4424435376604
54845,31.520583952053123,1266.8999999991247,2443.453322847088
54846,31.520583952053123,1266.9199999991247,2443.464202059212
54847,31.520583952053123,1266.9399999991247,2443.4750811740396
54848,31.520583952053123,1266.9599999991246,2443.485960191579
54849,31.520583952053123,1266.9799999991246,2443.496839111838
54850,31.520583952053123,1266.9999999991246,2443.5077179348245
54851,31.520583952053123,1267.0199999991246,2443.5185966605463
54852,31.520583952053123,1267.0399999991246,2443.5294752890113
54853,31.520583952053123,1267.0599999991246,2443.5403538202277
54854,31.520583952053123,1267.0799999991245,2443.5512322542027
54855,31.520583952053123,1267.0999999991245,2443.5621105909445
54856,31.520583952053123,1267.1199999991245,2443.5729888304613
54857,31.520583952053123,1267.1399999991245,2443.5838669727605
54858,31.520583952053123,1267.1599999991245,2443.59474501785
54859,31.520583952053123,1267.1799999991244,2443.605622965738
54860,31.520583952053123,1267.1999999991244,2443.616500816432
54861,31.520583952053123,1267.2199999991244,2443.6273785699404
54862,31.520583952053123,1267.2399999991244,2443.6382562262706
54863,31.520583952053123,1267.2599999991244,2443.6491337854304
54864,31.520583952053123,1267.2799999991244,2443.660011247428
54865,31.520583952053123,1267.2999999991243,2443.670888612271
54866,31.520583952053123,1267.3199999991243,2443.6817658799678
54867,31.520583952053123,1267.3399999991243,2443.6926430505255
54868,31.520583952053123,1267.3599999991243,2443.7035201239523
54869,31.520583952053123,1267.3799999991243,2443.714397100256
54870,31.520583952053123,1267.3999999991242,2443.725273979445
54871,31.520583952053123,1267.4199999991242,2443.7361507615265
54872,31.520583952053123,1267.4399999991242,2443.7470274465086
54873,31.520583952053123,1267.4599999991242,2443.757904034399
54874,31.520583952053123,1267.4799999991242,2443.768780525206
54875,31.520583952053123,1267.4999999991242,2443.779656918937
54876,31.520583952053123,1267.5199999991241,2443.7905332155997
54877,31.520583952053123,1267.5399999991241,2443.8014094152027
54878,31.520583952053123,1267.559999999124,2443.8122855177535
54879,31.520583952053123,1267.579999999124,2443.82316152326
54880,31.520583952053123,1267.599999999124,2443.83403743173
54881,31.520583952053123,1267.619999999124,2443.8449132431715
54882,31.520583952053123,1267.639999999124,2443.8557889575923
54883,31.520583952053123,1267.659999999124,2443.866664575
54884,31.520583952053123,1267.679999999124,2443.8775400954273
54885,31.520583952053123,1267.699999999124,2443.8884155191986
54886,31.520583952053123,1267.719999999124,2443.8992908464197
54887,31.520583952053123,1267.739999999124,2443.9101660770984
54888,31.520583952053123,1267.759999999124,2443.9210412112425
54889,31.520583952053123,1267.779999999124,2443.93191624886
54890,31.520583952053123,1267.7999999991239,2443.942791189959
54891,31.520583952053123,1267.8199999991239,2443.9536660345466
54892,31.520583952053123,1267.8399999991238,2443.9645407826315
54893,31.520583952053123,1267.8599999991238,2443.9754154342213
54894,31.520583952053123,1267.8799999991238,2443.9862899893237
54895,31.520583952053123,1267.8999999991238,2443.997164447947
54896,31.520583952053123,1267.9199999991238,2444.0080388100982
54897,31.520583952053123,1267.9399999991238,2444.0189130757863
54898,31.520583952053123,1267.9599999991237,2444.0297872450183
54899,31.520583952053123,1267.9799999991237,2444.0406613178025
54900,31.520583952053123,1267.9999999991237,2444.0515352941466
54901,31.520583952053123,1268.0199999991237,2444.0624091740588
54902,31.520583952053123,1268.0399999991237,2444.073282957547
54903,31.520583952053123,1268.0599999991236,2444.0841566446184
54904,31.520583952053123,1268.0799999991236,2444.0950302352812
54905,31.520583952053123,1268.0999999991236,2444.1059037295436
54906,31.520583952053123,1268.1199999991236,2444.116777127413
54907,31.520583952053123,1268.1399999991236,2444.127650428898
54908,31.520583952053123,1268.1599999991236,2444.1385236340057
54909,31.520583952053123,1268.1799999991235,2444.149396742744
54910,31.520583952053123,1268.1999999991235,2444.1602697551216
54911,31.520583952053123,1268.2199999991235,2444.171142671146
54912,31.520583952053123,1268.2399999991235,2444.1820154908246
54913,31.520583952053123,1268.2599999991235,2444.1928882141656
54914,31.520583952053123,1268.2799999991234,2444.203760841177
54915,31.520583952053123,1268.2999999991234,2444.2146333718665
54916,31.520583952053123,1268.3199999991234,2444.225505806242
54917,31.520583952053123,1268.3399999991234,2444.2363781443114
54918,31.477538523393324,1268.3599999991234,2444.2472503860827
54919,31.477538523393324,1268.3799999991234,2444.2581225315635
54920,31.477538523393324,1268.3999999991233,2444.2689945807615
54921,31.477538523393324,1268.4199999991233,2444.279866533685
54922,31.477538523393324,1268.4399999991233,2444.290738390342
54923,31.477538523393324,1268.4599999991233,2444.30161015074
54924,31.477538523393324,1268.4799999991233,2444.312481814887
54925,31.477538523393324,1268.4999999991232,2444.323353382791
54926,31.477538523393324,1268.5199999991232,2444.33422485446
54927,31.477538523393324,1268.5399999991232,2444.3450962299016
54928,31.477538523393324,1268.5599999991232,2444.3559675091237
54929,31.477538523393324,1268.5799999991232,2444.366838692134
54930,31.477538523393324,1268.5999999991232,2444.3777097789407
54931,31.477538523393324,1268.6199999991231,2444.3885807695515
54932,31.477538523393324,1268.6399999991231,2444.3994516639746
54933,31.477538523393324,1268.659999999123,2444.410322462217
54934,31.477538523393324,1268.679999999123,2444.4211931642876
54935,31.477538523393324,1268.699999999123,2444.43206377022
54936,31.477538523393324,1268.719999999123,2444.4429342803182
54937,31.477538523393324,1268.739999999123,2444.4538046946536
54938,31.477538523393324,1268.759999999123,2444.4646750132342
54939,31.477538523393324,1268.779999999123,2444.475545236068
54940,31.477538523393324,1268.799999999123,2444.486415363162
54941,31.477538523393324,1268.819999999123,2444.4972853945246
54942,31.477538523393324,1268.839999999123,2444.508155330164
54943,31.477538523393324,1268.859999999123,2444.5190251700874
54944,31.477538523393324,1268.879999999123,2444.5298949143034
54945,31.477538523393324,1268.8999999991229,2444.5407645628197
54946,31.477538523393324,1268.9199999991229,2444.551634115644
54947,31.477538523393324,1268.9399999991228,2444.562503572784
54948,31.477538523393324,1268.9599999991228,2444.573372934248
54949,31.477538523393324,1268.9799999991228,2444.5842422000433
54950,31.477538523393324,1268.9999999991228,2444.5951113701785
54951,31.477538523393324,1269.0199999991228,2444.6059804446613
54952,31.477538523393324,1269.0399999991228,2444.6168494234994
54953,31.477538523393324,1269.0599999991227,2444.627718306701
54954,31.477538523393324,1269.0799999991227,2444.6385870942736
54955,31.477538523393324,1269.0999999991227,2444.649455786225
54956,31.477538523393324,1269.1199999991227,2444.6603243825634
54957,31.477538523393324,1269.1399999991227,2444.6711928832965
54958,31.477538523393324,1269.1599999991226,2444.6820612884326
54959,31.477538523393324,1269.1799999991226,2444.692929597979
54960,31.477538523393324,1269.1999999991226,2444.703797811944
54961,31.477538523393324,1269.2199999991226,2444.7146659303353
54962,31.477538523393324,1269.2399999991226,2444.7255339531607
54963,31.477538523393324,1269.2599999991226,2444.7364018804283
54964,31.477538523393324,1269.2799999991225,2444.7472697121457
54965,31.477538523393324,1269.2999999991225,2444.758137448321
54966,31.477538523393324,1269.3199999991225,2444.7690050889623
54967,31.477538523393324,1269.3399999991225,2444.779872634077
54968,31.477538523393324,1269.3599999991225,2444.7907400836734
54969,31.477538523393324,1269.3799999991224,2444.8016074377592
54970,31.477538523393324,1269.3999999991224,2444.812474696342
54971,31.477538523393324,1269.4199999991224,2444.8233418594305
54972,31.477538523393324,1269.4399999991224,2444.834208927032
54973,31.477538523393324,1269.4599999991224,2444.845075899154
54974,31.477538523393324,1269.4799999991224,2444.855942775805
54975,31.477538523393324,1269.4999999991223,2444.866809556993
54976,31.477538523393324,1269.5199999991223,2444.877676242725
54977,31.477538523393324,1269.5399999991223,2444.88854283301
54978,31.477538523393324,1269.5599999991223,2444.899409327855
54979,31.477538523393324,1269.5799999991223,2444.910275727269
54980,31.477538523393324,1269.5999999991222,2444.9211420312586
54981,31.477538523393324,1269.6199999991222,2444.932008239832
54982,31.477538523393324,1269.6399999991222,2444.942874352998
54983,31.477538523393324,1269.6599999991222,2444.953740370763
54984,31.477538523393324,1269.6799999991222,2444.964606293136
54985,31.477538523393324,1269.6999999991222,2444.975472120125
54986,31.477538523393324,1269.7199999991221,2444.9863378517693
54987,31.477538523393324,1269.7399999991221,2444.9972034884127
54988,31.477538523393324,1269.759999999122,2445.008069030105
54989,31.477538523393324,1269.779999999122,2445.018934476855
54990,31.477538523393324,1269.799999999122,2445.0297998286705
54991,31.477538523393324,1269.819999999122,2445.040665085559
54992,31.477538523393324,1269.839999999122,2445.0515302475283
54993,31.477538523393324,1269.859999999122,2445.062395314587
54994,31.477538523393324,1269.879999999122,2445.0732602867424
54995,31.477538523393324,1269.899999999122,2445.0841251640027
54996,31.477538523393324,1269.919999999122,2445.0949899463753
54997,31.477538523393324,1269.939999999122,2445.1058546338686
54998,31.477538523393324,1269.959999999122,2445.11671922649
54999,31.477538523393324,1269.979999999122,2445.1275837242483
55000,31.477538523393324,1269.9999999991219,2445.1384481271502
55001,31.477538523393324,1270.0199999991219,2445.1493124352046
55002,31.477538523393324,1270.0399999991218,2445.1601766484187
55003,31.477538523393324,1270.0599999991218,2445.1710407668006
55004,31.477538523393324,1270.0799999991218,2445.1819047903587
55005,31.477538523393324,1270.0999999991218,2445.1927687191
55006,31.477538523393324,1270.1199999991218,2445.203632553033
55007,31.477538523393324,1270.1399999991218,2445.2144962921657
55008,31.477538523393324,1270.1599999991217,2445.2253599365054
55009,31.477538523393324,1270.1799999991217,2445.2362234860607
55010,31.477538523393324,1270.1999999991217,2445.247086940839
55011,31.477538523393324,1270.2199999991217,2445.2579503008483
55012,31.477538523393324,1270.2399999991217,2445.2688135660965
55013,31.477538523393324,1270.2599999991216,2445.2796767365917
55014,31.477538523393324,1270.2799999991216,2445.290539812341
55015,31.477538523393324,1270.2999999991216,2445.3014027933536
55016,31.477538523393324,1270.3199999991216,2445.3122656796363
55017,31.477538523393324,1270.3399999991216,2445.3231284711974
55018,31.477538523393324,1270.3599999991216,2445.3339911680446
55019,31.477538523393324,1270.3799999991215,2445.344853770186
55020,31.477538523393324,1270.3999999991215,2445.3557162776297
55021,31.477538523393324,1270.4199999991215,2445.3665786903834
55022,31.477538523393324,1270.4399999991215,2445.3774410084548
55023,31.477538523393324,1270.4599999991215,2445.3883032318518
55024,31.477538523393324,1270.4799999991214,2445.3991653605826
55025,31.477538523393324,1270.4999999991214,2445.410027394655
55026,31.477538523393324,1270.5199999991214,2445.420889334077
55027,31.477538523393324,1270.5399999991214,2445.431751178856
55028,31.477538523393324,1270.5599999991214,2445.442612929
55029,31.477538523393324,1270.5799999991214,2445.453474584517
55030,31.477538523393324,1270.5999999991213,2445.4643361454155
55031,31.477538523393324,1270.6199999991213,2445.4751976117027
55032,31.477538523393324,1270.6399999991213,2445.4860589833866
55033,31.477538523393324,1270.6599999991213,2445.4969202604752
55034,31.477538523393324,1270.6799999991213,2445.5077814429765
55035,31.477538523393324,1270.6999999991212,2445.518642530898
55036,31.477538523393324,1270.7199999991212,2445.529503524248
55037,31.477538523393324,1270.7399999991212,2445.5403644230837
55038,31.477538523393324,1270.7599999991212,2445.551225227743
55039,31.477538523393324,1270.7799999991212,2445.5620859382648
55040,31.477538523393324,1270.7999999991212,2445.572946554657
55041,31.477538523393324,1270.8199999991211,2445.5838070769273
55042,31.477538523393324,1270.8399999991211,2445.594667505084
55043,31.477538523393324,1270.859999999121,2445.6055278391345
55044,31.477538523393324,1270.879999999121,2445.6163880790873
55045,31.477538523393324,1270.899999999121,2445.6272482249497
55046,31.477538523393324,1270.919999999121,2445.63810827673
55047,31.477538523393324,1270.939999999121,2445.648968234436
55048,31.477538523393324,1270.959999999121,2445.6598280980756
55049,31.477538523393324,1270.979999999121,2445.670687867657
55050,31.477538523393324,1270.999999999121,2445.681547543187
55051,31.477538523393324,1271.019999999121,2445.692407124675
55052,31.477538523393324,1271.039999999121,2445.7032666121277
55053,31.477538523393324,1271.059999999121,2445.7141260055537
55054,31.477538523393324,1271.079999999121,2445.7249853049607
55055,31.477538523393324,1271.0999999991209,2445.7358445103564
55056,31.477538523393324,1271.1199999991209,2445.746703621749
55057,31.477538523393324,1271.1399999991208,2445.7575626391463
55058,31.477538523393324,1271.1599999991208,2445.7684215625563
55059,31.477538523393324,1271.1799999991208,2445.779280391987
55060,31.477538523393324,1271.1999999991208,2445.790139127446
55061,31.477538523393324,1271.2199999991208,2445.800997768941
55062,31.477538523393324,1271.2399999991208,2445.8118563164808
55063,31.477538523393324,1271.2599999991207,2445.8227147700723
55064,31.477538523393324,1271.2799999991207,2445.833573129724
55065,31.477538523393324,1271.2999999991207,2445.8444313954433
55066,31.477538523393324,1271.3199999991207,2445.8552895672387
55067,31.477538523393324,1271.3399999991207,2445.866147645118
55068,31.477538523393324,1271.3599999991206,2445.8770056290887
55069,31.477538523393324,1271.3799999991206,2445.887863519159
55070,31.477538523393324,1271.3999999991206,2445.898721315337
55071,31.477538523393324,1271.4199999991206,2445.9095790176298
55072,31.477538523393324,1271.4399999991206,2445.920436626046
55073,31.477538523393324,1271.4599999991206,2445.9312941405933
55074,31.477538523393324,1271.4799999991205,2445.94215156128
55075,31.477538523393324,1271.4999999991205,2445.9530088881133
55076,31.477538523393324,1271.5199999991205,2445.9638661211015
55077,31.477538523393324,1271.5399999991205,2445.974723260252
55078,31.477538523393324,1271.5599999991205,2445.9855803055734
55079,31.477538523393324,1271.5799999991204,2445.9964372570735
55080,31.477538523393324,1271.5999999991204,2446.00729411476
55081,31.477538523393324,1271.6199999991204,2446.018150878641
55082,31.477538523393324,1271.6399999991204,2446.0290075487237
55083,31.477538523393324,1271.6599999991204,2446.0398641250167
55084,31.477538523393324,1271.6799999991204,2446.050720607528
55085,31.477538523393324,1271.6999999991203,2446.061576996265
55086,31.477538523393324,1271.7199999991203,2446.072433291236
55087,31.477538523393324,1271.7399999991203,2446.083289492449
55088,31.477538523393324,1271.7599999991203,2446.094145599985
55089,31.477538523393324,1271.7799999991203,2446.105001614163
55090,31.477538523393324,1271.7999999991202,2446.1158575350173
55091,31.477538523393324,1271.8199999991202,2446.1267133625556
55092,31.477538523393324,1271.8399999991202,2446.137569096786
55093,31.477538523393324,1271.8599999991202,2446.148424737716
55094,31.477538523393324,1271.8799999991202,2446.1592802853543
55095,31.477538523393324,1271.8999999991202,2446.170135739708
55096,31.477538523393324,1271.9199999991201,2446.180991100785
55097,31.477538523393324,1271.9399999991201,2446.191846368594
55098,31.477538523393324,1271.95999999912,2446.2027015431418
55099,31.477538523393324,1271.97999999912,2446.2135566244374
55100,31.477538523393324,1271.99999999912,2446.224411612488
55101,31.477538523393324,1272.01999999912,2446.2352665073017
55102,31.477538523393324,1272.03999999912,2446.246121308887
55103,31.477538523393324,1272.05999999912,2446.2569760172505
55104,31.477538523393324,1272.07999999912,2446.2678306324015
55105,31.477538523393324,1272.09999999912,2446.278685154347
55106,31.477538523393324,1272.11999999912,2446.289539583095
55107,31.477538523393324,1272.13999999912,2446.3003939186538
55108,31.477538523393324,1272.15999999912,2446.311248161031
55109,31.477538523393324,1272.17999999912,2446.3221023102346
55110,31.477538523393324,1272.1999999991199,2446.332956366273
55111,31.477538523393324,1272.2199999991199,2446.3438103291533
55112,31.477538523393324,1272.2399999991198,2446.3546641988837
55113,31.477538523393324,1272.2599999991198,2446.3655179754724
55114,31.477538523393324,1272.2799999991198,2446.376371658927
55115,31.477538523393324,1272.2999999991198,2446.3872252492556
55116,31.477538523393324,1272.3199999991198,2446.398078746466
55117,31.477538523393324,1272.3399999991198,2446.408932150566
55118,31.477538523393324,1272.3599999991197,2446.419785461564
55119,31.477538523393324,1272.3799999991197,2446.4306386794674
55120,31.477538523393324,1272.3999999991197,2446.441491804284
55121,31.477538523393324,1272.4199999991197,2446.452344836022
55122,31.477538523393324,1272.4399999991197,2446.4631977746894
55123,31.477538523393324,1272.4599999991196,2446.474050620294
55124,31.477538523393324,1272.4799999991196,2446.4849033728433
55125,31.477538523393324,1272.4999999991196,2446.495756032346
55126,31.477538523393324,1272.5199999991196,2446.5066085988096
55127,31.477538523393324,1272.5399999991196,2446.517461072242
55128,31.477538523393324,1272.5599999991196,2446.528313452651
55129,31.477538523393324,1272.5799999991195,2446.539165740045
55130,31.477538523393324,1272.5999999991195,2446.5500179344313
55131,31.477538523393324,1272.6199999991195,2446.560870035818
55132,31.477538523393324,1272.6399999991195,2446.571722044213
55133,31.477538523393324,1272.6599999991195,2446.5825739596244
55134,31.477538523393324,1272.6799999991194,2446.59342578206
55135,31.477538523393324,1272.6999999991194,2446.6042775115275
55136,31.477538523393324,1272.7199999991194,2446.615129148035
55137,31.477538523393324,1272.7399999991194,2446.6259806915905
55138,31.477538523393324,1272.7599999991194,2446.636832142202
55139,31.477538523393324,1272.7799999991194,2446.6476834999753
55140,31.477538523393324,1272.7999999991193,2446.65853476521
55141,31.477538523393324,1272.8199999991193,2446.6693859379347
55142,31.477538523393324,1272.8399999991193,2446.680237018158
55143,31.477538523393324,1272.8599999991193,2446.6910880058877
55144,31.477538523393324,1272.8799999991193,2446.7019389011316
55145,31.477538523393324,1272.8999999991192,2446.7127897038977
55146,31.477538523393324,1272.9199999991192,2446.723640414194
55147,31.477538523393324,1272.9399999991192,2446.7344910320285
55148,31.477538523393324,1272.9599999991192,2446.7453415574087
55149,31.477538523393324,1272.9799999991192,2446.756191990343
55150,31.477538523393324,1272.9999999991192,2446.7670423308386
55151,31.477538523393324,1273.0199999991191,2446.777892578904
55152,31.477538523393324,1273.0399999991191,2446.7887427345468
55153,31.477538523393324,1273.059999999119,2446.7995927977754
55154,31.477538523393324,1273.079999999119,2446.8104427685976
55155,31.477538523393324,1273.099999999119,2446.821292647021
55156,31.477538523393324,1273.119999999119,2446.832142433054
55157,31.477538523393324,1273.139999999119,2446.842992126704
55158,31.477538523393324,1273.159999999119,2446.8538417279788
55159,31.477538523393324,1273.179999999119,2446.8646912368868
55160,31.477538523393324,1273.199999999119,2446.875540653436
55161,31.477538523393324,1273.219999999119,2446.886389977634
55162,31.477538523393324,1273.239999999119,2446.897239209489
55163,31.477538523393324,1273.259999999119,2446.9080883490083
55164,31.477538523393324,1273.279999999119,2446.9189373962004
55165,31.477538523393324,1273.2999999991189,2446.9297863510733
55166,31.477538523393324,1273.3199999991189,2446.9406352136343
55167,31.477538523393324,1273.3399999991188,2446.951483983892
55168,31.477538523393324,1273.3599999991188,2446.962332661854
55169,31.477538523393324,1273.3799999991188,2446.9731812475284
55170,31.477538523393324,1273.3999999991188,2446.984029740923
55171,31.477538523393324,1273.4199999991188,2446.9948781420453
55172,31.477538523393324,1273.4399999991188,2447.0057264509037
55173,31.477538523393324,1273.4599999991187,2447.016574667506
55174,31.477538523393324,1273.4799999991187,2447.0274227918603
55175,31.477538523393324,1273.4999999991187,2447.0382708239745
55176,31.477538523393324,1273.5199999991187,2447.0491187638563
55177,31.477538523393324,1273.5399999991187,2447.0599666115136
55178,31.477538523393324,1273.5599999991186,2447.0708143669544
55179,31.477538523393324,1273.5799999991186,2447.081662030187
55180,31.477538523393324,1273.5999999991186,2447.092509601219
55181,31.477538523393324,1273.6199999991186,2447.103357080058
55182,31.477538523393324,1273.6399999991186,2447.114204466712
55183,31.477538523393324,1273.6599999991186,2447.1250517611898
55184,31.477538523393324,1273.6799999991185,2447.135898963498
55185,31.477538523393324,1273.6999999991185,2447.1467460736458
55186,31.477538523393324,1273.7199999991185,2447.15759309164
55187,31.477538523393324,1273.7399999991185,2447.1684400174895
55188,31.477538523393324,1273.7599999991185,2447.1792868512016
55189,31.477538523393324,1273.7799999991184,2447.190133592784
55190,31.477538523393324,1273.7999999991184,2447.200980242375
55191,31.477538523393324,1273.8199999991184,2447.21182680027
55192,31.477538523393324,1273.8399999991184,2447.222673266495
55193,31.477538523393324,1273.8599999991184,2447.2335196410572
55194,31.477538523393324,1273.8799999991184,2447.2443659239652
55195,31.477538523393324,1273.8999999991183,2447.255212115227
55196,31.477538523393324,1273.9199999991183,2447.26605821485
55197,31.477538523393324,1273.9399999991183,2447.276904222843
55198,31.477538523393324,1273.9599999991183,2447.2877501392127
55199,31.477538523393324,1273.9799999991183,2447.2985959639677
55200,31.477538523393324,1273.9999999991182,2447.309441697116
55201,31.477538523393324,1274.0199999991182,2447.320287338666
55202,31.477538523393324,1274.0399999991182,2447.3311328886243
55203,31.477538523393324,1274.0599999991182,2447.341978347
55204,31.477538523393324,1274.0799999991182,2447.3528237138007
55205,31.477538523393324,1274.0999999991182,2447.3636689890345
55206,31.43459097910212,1274.1199999991181,2447.374514172709
55207,31.43459097910212,1274.1399999991181,2447.3853592648325
55208,31.43459097910212,1274.159999999118,2447.3962042654125
55209,31.43459097910212,1274.179999999118,2447.407049174457
55210,31.43459097910212,1274.199999999118,2447.417893991974
55211,31.43459097910212,1274.219999999118,2447.4287387179716
55212,31.43459097910212,1274.239999999118,2447.4395833524577
55213,31.43459097910212,1274.259999999118,2447.45042789544
55214,31.43459097910212,1274.279999999118,2447.4612723469268
55215,31.43459097910212,1274.299999999118,2447.4721167069256
55216,31.43459097910212,1274.319999999118,2447.4829609754447
55217,31.43459097910212,1274.339999999118,2447.493805152492
55218,31.43459097910212,1274.359999999118,2447.504649238075
55219,31.43459097910212,1274.379999999118,2447.5154932322025
55220,31.43459097910212,1274.3999999991179,2447.526337134882
55221,31.43459097910212,1274.4199999991179,2447.537180946121
55222,31.43459097910212,1274.4399999991178,2447.548024665928
55223,31.43459097910212,1274.4599999991178,2447.5588682943107
55224,31.43459097910212,1274.4799999991178,2447.569711831277
55225,31.43459097910212,1274.4999999991178,2447.5805552768347
55226,31.43459097910212,1274.5199999991178,2447.591398630992
55227,31.43459097910212,1274.5399999991178,2447.602241893757
55228,31.43459097910212,1274.5599999991177,2447.613085065137
55229,31.43459097910212,1274.5799999991177,2447.6239281451403
55230,31.43459097910212,1274.5999999991177,2447.634771133775
55231,31.43459097910212,1274.6199999991177,2447.645614031049
55232,31.43459097910212,1274.6399999991177,2447.65645683697
55233,31.43459097910212,1274.6599999991176,2447.667299551546
55234,31.43459097910212,1274.6799999991176,2447.678142174785
55235,31.43459097910212,1274.6999999991176,2447.688984706695
55236,31.43459097910212,1274.7199999991176,2447.699827147284
55237,31.43459097910212,1274.7399999991176,2447.7106694965596
55238,31.43459097910212,1274.7599999991176,2447.72151175453
55239,31.43459097910212,1274.7799999991175,2447.7323539212034
55240,31.43459097910212,1274.7999999991175,2447.743195996587
55241,31.43459097910212,1274.8199999991175,2447.754037980826
55242,31.43459097910212,1274.8399999991175,2447.764879874164
55243,31.43459097910212,1274.8599999991175,2447.7757216766195
55244,31.43459097910212,1274.8799999991174,2447.786563388201
55245,31.43459097910212,1274.8999999991174,2447.797405008916
55246,31.43459097910212,1274.9199999991174,2447.808246538773
55247,31.43459097910212,1274.9399999991174,2447.8190879777794
55248,31.43459097910212,1274.9599999991174,2447.8299293259433
55249,31.43459097910212,1274.9799999991174,2447.840770583273
55250,31.43459097910212,1274.9999999991173,2447.8516117497757
55251,31.43459097910212,1275.0199999991173,2447.86245282546
55252,31.43459097910212,1275.0399999991173,2447.8732938103335
55253,31.43459097910212,1275.0599999991173,2447.8841347044045
55254,31.43459097910212,1275.0799999991173,2447.8949755076806
55255,31.43459097910212,1275.0999999991172,2447.9058162201695
55256,31.43459097910212,1275.1199999991172,2447.9166568418796
55257,31.43459097910212,1275.1399999991172,2447.927497372819
55258,31.43459097910212,1275.1599999991172,2447.938337812995
55259,31.43459097910212,1275.1799999991172,2447.9491781624165
55260,31.43459097910212,1275.1999999991172,2447.960018421091
55261,31.43459097910212,1275.2199999991171,2447.9708585890257
55262,31.43459097910212,1275.2399999991171,2447.9816986662295
55263,31.43459097910212,1275.259999999117,2447.9925386527098
55264,31.43459097910212,1275.279999999117,2448.0033785484748
55265,31.43459097910212,1275.299999999117,2448.0142183535327
55266,31.43459097910212,1275.319999999117,2448.0250580678908
55267,31.43459097910212,1275.339999999117,2448.0358976915577
55268,31.43459097910212,1275.359999999117,2448.046737224541
55269,31.43459097910212,1275.379999999117,2448.057576666849
55270,31.43459097910212,1275.399999999117,2448.068416018489
55271,31.43459097910212,1275.419999999117,2448.0792552794696
55272,31.43459097910212,1275.439999999117,2448.090094449798
55273,31.43459097910212,1275.459999999117,2448.100933529483
55274,31.43459097910212,1275.479999999117,2448.111772518532
55275,31.43459097910212,1275.4999999991169,2448.1226114169526
55276,31.43459097910212,1275.5199999991169,2448.1334502247537
55277,31.43459097910212,1275.5399999991168,2448.1442889419427
55278,31.43459097910212,1275.5599999991168,2448.155127568528
55279,31.43459097910212,1275.5799999991168,2448.165966104517
55280,31.43459097910212,1275.5999999991168,2448.1768045499175
55281,31.43459097910212,1275.6199999991168,2448.187642904738
55282,31.43459097910212,1275.6399999991168,2448.198481168986
55283,31.43459097910212,1275.6599999991167,2448.2093193426695
55284,31.43459097910212,1275.6799999991167,2448.220157425797
55285,31.43459097910212,1275.6999999991167,2448.2309954183756
55286,31.43459097910212,1275.7199999991167,2448.241833320414
55287,31.43459097910212,1275.7399999991167,2448.2526711319197
55288,31.43459097910212,1275.7599999991166,2448.263508852901
55289,31.43459097910212,1275.7799999991166,2448.274346483365
55290,31.43459097910212,1275.7999999991166,2448.285184023321
55291,31.43459097910212,1275.8199999991166,2448.296021472776
55292,31.43459097910212,1275.8399999991166,2448.3068588319074
55293,31.43459097910212,1275.8599999991166,2448.317696100954
55294,31.43459097910212,1275.8799999991165,2448.32853327993
55295,31.43459097910212,1275.8999999991165,2448.339370368844
55296,31.43459097910212,1275.9199999991165,2448.3502073677037
55297,31.43459097910212,1275.9399999991165,2448.361044276517
55298,31.43459097910212,1275.9599999991165,2448.3718810952923
55299,31.43459097910212,1275.9799999991164,2448.382717824037
55300,31.43459097910212,1275.9999999991164,2448.3935544627598
55301,31.43459097910212,1276.0199999991164,2448.404391011468
55302,31.43459097910212,1276.0399999991164,2448.415227470169
55303,31.43459097910212,1276.0599999991164,2448.4260638388723
55304,31.43459097910212,1276.0799999991164,2448.4369001175846
55305,31.43459097910212,1276.0999999991163,2448.4477363063143
55306,31.43459097910212,1276.1199999991163,2448.4585724050694
55307,31.43459097910212,1276.1399999991163,2448.4694084138578
55308,31.43459097910212,1276.1599999991163,2448.4802443326876
55309,31.43459097910212,1276.1799999991163,2448.4910801615665
55310,31.43459097910212,1276.1999999991162,2448.5019159005024
55311,31.43459097910212,1276.2199999991162,2448.5127515495033
55312,31.43459097910212,1276.2399999991162,2448.5235871085774
55313,31.43459097910212,1276.2599999991162,2448.5344225777326
55314,31.43459097910212,1276.2799999991162,2448.545257956977
55315,31.43459097910212,1276.2999999991162,2448.556093246318
55316,31.43459097910212,1276.3199999991161,2448.566928445764
55317,31.43459097910212,1276.3399999991161,2448.5777635553227
55318,31.43459097910212,1276.359999999116,2448.5885985750024
55319,31.43459097910212,1276.379999999116,2448.599433504811
55320,31.43459097910212,1276.399999999116,2448.610268344756
55321,31.43459097910212,1276.419999999116,2448.621103094846
55322,31.43459097910212,1276.439999999116,2448.6319377550885
55323,31.43459097910212,1276.459999999116,2448.6427723254915
55324,31.43459097910212,1276.479999999116,2448.653606806063
55325,31.43459097910212,1276.499999999116,2448.6644411968114
55326,31.43459097910212,1276.519999999116,2448.6752754977438
55327,31.43459097910212,1276.539999999116,2448.6861097088686
55328,31.43459097910212,1276.559999999116,2448.696943830194
55329,31.43459097910212,1276.579999999116,2448.7077778617277
55330,31.43459097910212,1276.5999999991159,2448.7186118034774
55331,31.43459097910212,1276.6199999991159,2448.7294456554514
55332,31.43459097910212,1276.6399999991158,2448.740279417658
55333,31.43459097910212,1276.6599999991158,2448.7511130901044
55334,31.43459097910212,1276.6799999991158,2448.761946672799
55335,31.43459097910212,1276.6999999991158,2448.7727801657493
55336,31.43459097910212,1276.7199999991158,2448.783613568964
55337,31.43459097910212,1276.7399999991158,2448.7944468824508
55338,31.43459097910212,1276.7599999991157,2448.805280106217
55339,31.43459097910212,1276.7799999991157,2448.8161132402715
55340,31.43459097910212,1276.7999999991157,2448.8269462846215
55341,31.43459097910212,1276.8199999991157,2448.8377792392753
55342,31.43459097910212,1276.8399999991157,2448.848612104241
55343,31.43459097910212,1276.8599999991156,2448.8594448797194
55344,31.43459097910212,1276.8799999991156,2448.8702775659303
55345,31.43459097910212,1276.8999999991156,2448.8811101628835
55346,31.43459097910212,1276.9199999991156,2448.891942670587
55347,31.43459097910212,1276.9399999991156,2448.902775089049
55348,31.43459097910212,1276.9599999991156,2448.9136074182775
55349,31.43459097910212,1276.9799999991155,2448.92443965828
55350,31.43459097910212,1276.9999999991155,2448.9352718090645
55351,31.43459097910212,1277.0199999991155,2448.9461038706395
55352,31.43459097910212,1277.0399999991155,2448.9569358430126
55353,31.43459097910212,1277.0599999991155,2448.967767726192
55354,31.43459097910212,1277.0799999991154,2448.9785995201855
55355,31.43459097910212,1277.0999999991154,2448.9894312250008
55356,31.43459097910212,1277.1199999991154,2449.0002628406464
55357,31.43459097910212,1277.1399999991154,2449.0110943671298
55358,31.43459097910212,1277.1599999991154,2449.021925804459
55359,31.43459097910212,1277.1799999991154,2449.0327571526423
55360,31.43459097910212,1277.1999999991153,2449.0435884116873
55361,31.43459097910212,1277.2199999991153,2449.0544195816024
55362,31.43459097910212,1277.2399999991153,2449.065250662395
55363,31.43459097910212,1277.2599999991153,2449.0760816540737
55364,31.43459097910212,1277.2799999991153,2449.086912556646
55365,31.43459097910212,1277.2999999991152,2449.09774337012
55366,31.43459097910212,1277.3199999991152,2449.1085740945036
55367,31.43459097910212,1277.3399999991152,2449.119404729805
55368,31.43459097910212,1277.3599999991152,2449.1302352760317
55369,31.43459097910212,1277.3799999991152,2449.141065733192
55370,31.43459097910212,1277.3999999991152,2449.1518961012944
55371,31.43459097910212,1277.4199999991151,2449.162726380346
55372,31.43459097910212,1277.4399999991151,2449.1735565703552
55373,31.43459097910212,1277.459999999115,2449.18438667133
55374,31.43459097910212,1277.479999999115,2449.1952166832775
55375,31.43459097910212,1277.499999999115,2449.2060466062067
55376,31.43459097910212,1277.519999999115,2449.2168764401254
55377,31.43459097910212,1277.539999999115,2449.2277061850414
55378,31.43459097910212,1277.559999999115,2449.2385358409624
55379,31.43459097910212,1277.579999999115,2449.2493654078967
55380,31.43459097910212,1277.599999999115,2449.2601948858523
55381,31.43459097910212,1277.619999999115,2449.271024274837
55382,31.43459097910212,1277.639999999115,2449.281853574859
55383,31.43459097910212,1277.659999999115,2449.2926827859255
55384,31.43459097910212,1277.679999999115,2449.3035119080455
55385,31.43459097910212,1277.6999999991149,2449.3143409412264
55386,31.43459097910212,1277.7199999991149,2449.325169885476
55387,31.43459097910212,1277.7399999991148,2449.3359987408026
55388,31.43459097910212,1277.7599999991148,2449.346827507214
55389,31.43459097910212,1277.7799999991148,2449.3576561847185
55390,31.43459097910212,1277.7999999991148,2449.368484773324
55391,31.43459097910212,1277.8199999991148,2449.379313273038
55392,31.43459097910212,1277.8399999991148,2449.390141683869
55393,31.43459097910212,1277.8599999991147,2449.4009700058273
55394,31.43459097910212,1277.8799999991147,2449.4117982391354
55395,31.43459097910212,1277.8999999991147,2449.422626383991
55396,31.43459097910212,1277.9199999991147,2449.433454440402
55397,31.43459097910212,1277.9399999991147,2449.4442824083762
55398,31.43459097910212,1277.9599999991146,2449.455110287922
55399,31.43459097910212,1277.9799999991146,2449.4659380790467
55400,31.43459097910212,1277.9999999991146,2449.476765781759
55401,31.43459097910212,1278.0199999991146,2449.487593396066
55402,31.43459097910212,1278.0399999991146,2449.498420921977
55403,31.43459097910212,1278.0599999991146,2449.509248359499
55404,31.43459097910212,1278.0799999991145,2449.52007570864
55405,31.43459097910212,1278.0999999991145,2449.530902969408
55406,31.43459097910212,1278.1199999991145,2449.5417301418115
55407,31.43459097910212,1278.1399999991145,2449.552557225858
55408,31.43459097910212,1278.1599999991145,2449.5633842215557
55409,31.43459097910212,1278.1799999991144,2449.5742111289123
55410,31.43459097910212,1278.1999999991144,2449.585037947936
55411,31.43459097910212,1278.2199999991144,2449.595864678635
55412,31.43459097910212,1278.2399999991144,2449.6066913210166
55413,31.43459097910212,1278.2599999991144,2449.617517875089
55414,31.43459097910212,1278.2799999991144,2449.6283443408606
55415,31.43459097910212,1278.2999999991143,2449.639170718339
55416,31.43459097910212,1278.3199999991143,2449.649997007532
55417,31.43459097910212,1278.3399999991143,2449.660823208448
55418,31.43459097910212,1278.3599999991143,2449.671649321095
55419,31.43459097910212,1278.3799999991143,2449.6824753454807
55420,31.43459097910212,1278.3999999991142,2449.693301281613
55421,31.43459097910212,1278.4199999991142,2449.7041271295
55422,31.43459097910212,1278.4399999991142,2449.71495288915
55423,31.43459097910212,1278.4599999991142,2449.7257785605707
55424,31.43459097910212,1278.4799999991142,2449.73660414377
55425,31.43459097910212,1278.4999999991142,2449.747429638756
55426,31.43459097910212,1278.5199999991141,2449.7582550455363
55427,31.43459097910212,1278.5399999991141,2449.7690803641194
55428,31.43459097910212,1278.559999999114,2449.779905594513
55429,31.43459097910212,1278.579999999114,2449.790730736725
55430,31.43459097910212,1278.599999999114,2449.8015557907634
55431,31.43459097910212,1278.619999999114,2449.8123807566362
55432,31.43459097910212,1278.639999999114,2449.823205634352
55433,31.43459097910212,1278.659999999114,2449.8340304239177
55434,31.43459097910212,1278.679999999114,2449.844855125342
55435,31.43459097910212,1278.699999999114,2449.8556797386323
55436,31.43459097910212,1278.719999999114,2449.866504263797
55437,31.43459097910212,1278.739999999114,2449.8773287008444
55438,31.43459097910212,1278.759999999114,2449.888153049782
55439,31.43459097910212,1278.779999999114,2449.8989773106177
55440,31.43459097910212,1278.7999999991139,2449.90980148336
55441,31.43459097910212,1278.8199999991139,2449.920625568016
55442,31.43459097910212,1278.8399999991138,2449.9314495645945
55443,31.43459097910212,1278.8599999991138,2449.942273473103
55444,31.43459097910212,1278.8799999991138,2449.953097293557
55445,31.43459097910212,1278.8999999991138,2449.963921026199
55446,31.43459097910212,1278.9199999991138,2449.9747446712013
55447,31.43459097910212,1278.9399999991138,2449.9855682285724
55448,31.43459097910212,1278.9599999991137,2449.9963916983206
55449,31.43459097910212,1278.9799999991137,2450.00721508098
55450,31.43459097910212,1278.9999999991137,2450.0180383782713
55451,31.43459097910212,1279.0199999991137,2450.028861590334
55452,31.43459097910212,1279.0399999991137,2450.039684717177
55453,31.43459097910212,1279.0599999991136,2450.0505077588077
55454,31.43459097910212,1279.0799999991136,2450.061330715235
55455,31.43459097910212,1279.0999999991136,2450.0721535864664
55456,31.43459097910212,1279.1199999991136,2450.0829763725105
55457,31.43459097910212,1279.1399999991136,2450.0937990733755
55458,31.43459097910212,1279.1599999991136,2450.1046216890695
55459,31.43459097910212,1279.1799999991135,2450.1154442196007
55460,31.43459097910212,1279.1999999991135,2450.1262666649773
55461,31.43459097910212,1279.2199999991135,2450.1370890252074
55462,31.43459097910212,1279.2399999991135,2450.1479113002993
55463,31.43459097910212,1279.2599999991135,2450.1587334902615
55464,31.43459097910212,1279.2799999991134,2450.169555595102
55465,31.43459097910212,1279.2999999991134,2450.1803776148286
55466,31.43459097910212,1279.3199999991134,2450.1911995494497
55467,31.43459097910212,1279.3399999991134,2450.202021398974
55468,31.43459097910212,1279.3599999991134,2450.212843163409
55469,31.43459097910212,1279.3799999991134,2450.223664842764
55470,31.43459097910212,1279.3999999991133,2450.2344864370457
55471,31.43459097910212,1279.4199999991133,2450.2453079462634
55472,31.43459097910212,1279.4399999991133,2450.256129370425
55473,31.43459097910212,1279.4599999991133,2450.2669507095384
55474,31.43459097910212,1279.4799999991133,2450.277771963612
55475,31.43459097910212,1279.4999999991132,2450.288593132654
55476,31.43459097910212,1279.5199999991132,2450.299414216673
55477,31.43459097910212,1279.5399999991132,2450.3102352156766
55478,31.43459097910212,1279.5599999991132,2450.3210561296733
55479,31.43459097910212,1279.5799999991132,2450.3318769586713
55480,31.43459097910212,1279.5999999991132,2450.342697702679
55481,31.43459097910212,1279.6199999991131,2450.353518361704
55482,31.43459097910212,1279.6399999991131,2450.364338935755
55483,31.43459097910212,1279.659999999113,2450.3751594248397
55484,31.43459097910212,1279.679999999113,2450.385979828967
55485,31.43459097910212,1279.699999999113,2450.3968001481444
55486,31.43459097910212,1279.719999999113,2450.4076203823806
55487,31.43459097910212,1279.739999999113,2450.4184405316837
55488,31.43459097910212,1279.759999999113,2450.429260596062
55489,31.43459097910212,1279.779999999113,2450.440080575523
55490,31.43459097910212,1279.799999999113,2450.450900470076
55491,31.43459097910212,1279.819999999113,2450.4617202797285
55492,31.43459097910212,1279.839999999113,2450.472540004489
55493,31.43459097910212,1279.859999999113,2450.4833596443655
55494,31.43459097910212,1279.879999999113,2450.494179199366
55495,31.43459097910212,1279.8999999991129,2450.504998669512
55496,31.43459097910212,1279.9199999991129,2450.515818055077
55497,31.43459097910212,1279.9399999991128,2450.5266373562176
55498,31.43459097910212,1279.9599999991128,2450.537456572942
55499,31.43459097910212,1279.9799999991128,2450.5482757052587
55500,31.391741007841024,1279.9999999991128,2450.5590947531755
55501,31.391741007841024,1280.0199999991128,2450.569913716701
55502,31.391741007841024,1280.0399999991128,2450.5807325958435
55503,31.391741007841024,1280.0599999991127,2450.5915513906107
55504,31.391741007841024,1280.0799999991127,2450.6023701010113
55505,31.391741007841024,1280.0999999991127,2450.613188727053
55506,31.391741007841024,1280.1199999991127,2450.6240072687447
55507,31.391741007841024,1280.1399999991127,2450.634825726094
55508,31.391741007841024,1280.1599999991126,2450.645644099109
55509,31.391741007841024,1280.1799999991126,2450.656462387799
55510,31.391741007841024,1280.1999999991126,2450.6672805921708
55511,31.391741007841024,1280.2199999991126,2450.6780987122333
55512,31.391741007841024,1280.2399999991126,2450.688916747995
55513,31.391741007841024,1280.2599999991126,2450.6997346994635
55514,31.391741007841024,1280.2799999991125,2450.7105525666475
55515,31.391741007841024,1280.2999999991125,2450.721370349555
55516,31.391741007841024,1280.3199999991125,2450.732188048194
55517,31.391741007841024,1280.3399999991125,2450.743005662573
55518,31.391741007841024,1280.3599999991125,2450.7538231927006
55519,31.391741007841024,1280.3799999991124,2450.7646406385843
55520,31.391741007841024,1280.3999999991124,2450.7754580002324
55521,31.391741007841024,1280.4199999991124,2450.7862752776537
55522,31.391741007841024,1280.4399999991124,2450.7970924708557
55523,31.391741007841024,1280.4599999991124,2450.807909579847
55524,31.391741007841024,1280.4799999991124,2450.8187266046357
55525,31.391741007841024,1280.4999999991123,2450.82954354523
55526,31.391741007841024,1280.5199999991123,2450.8403604016385
55527,31.391741007841024,1280.5399999991123,2450.8511771738686
55528,31.391741007841024,1280.5599999991123,2450.861993861929
55529,31.391741007841024,1280.5799999991123,2450.872810465828
55530,31.391741007841024,1280.5999999991122,2450.8836269855738
55531,31.391741007841024,1280.6199999991122,2450.8944434211744
55532,31.391741007841024,1280.6399999991122,2450.905259772638
55533,31.391741007841024,1280.6599999991122,2450.916076039973
55534,31.391741007841024,1280.6799999991122,2450.9268922231877
55535,31.391741007841024,1280.6999999991122,2450.9377083222903
55536,31.391741007841024,1280.7199999991121,2450.9485243372887
55537,31.391741007841024,1280.7399999991121,2450.959340268191
55538,31.391741007841024,1280.759999999112,2450.9701561150064
55539,31.391741007841024,1280.779999999112,2450.980971877742
55540,31.391741007841024,1280.799999999112,2450.9917875564065
55541,31.391741007841024,1280.819999999112,2451.002603151008
55542,31.391741007841024,1280.839999999112,2451.0134186615546
55543,31.391741007841024,1280.859999999112,2451.0242340880545
55544,31.391741007841024,1280.879999999112,2451.035049430516
55545,31.391741007841024,1280.899999999112,2451.045864688948
55546,31.391741007841024,1280.919999999112,2451.0566798633736
55547,31.391741007841024,1280.939999999112,2451.067494954055
55548,31.391741007841024,1280.959999999112,2451.0783099611094
55549,31.391741007841024,1280.979999999112,2451.0891248845455
55550,31.391741007841024,1280.9999999991119,2451.0999397243713
55551,31.391741007841024,1281.0199999991119,2451.110754480595
55552,31.391741007841024,1281.0399999991118,2451.121569153225
55553,31.391741007841024,1281.0599999991118,2451.1323837422697
55554,31.391741007841024,1281.0799999991118,2451.1431982477366
55555,31.391741007841024,1281.0999999991118,2451.1540126696345
55556,31.391741007841024,1281.1199999991118,2451.164827007972
55557,31.391741007841024,1281.1399999991118,2451.175641262756
55558,31.391741007841024,1281.1599999991117,2451.186455433996
55559,31.391741007841024,1281.1799999991117,2451.1972695216996
55560,31.391741007841024,1281.1999999991117,2451.2080835258753
55561,31.391741007841024,1281.2199999991117,2451.218897446531
55562,31.391741007841024,1281.2399999991117,2451.2297112836754
55563,31.391741007841024,1281.2599999991116,2451.2405250373163
55564,31.391741007841024,1281.2799999991116,2451.251338707462
55565,31.391741007841024,1281.2999999991116,2451.2621522941204
55566,31.391741007841024,1281.3199999991116,2451.2729657973005
55567,31.391741007841024,1281.3399999991116,2451.28377921701
55568,31.391741007841024,1281.3599999991116,2451.294592553257
55569,31.391741007841024,1281.3799999991115,2451.30540580605
55570,31.391741007841024,1281.3999999991115,2451.3162189753975
55571,31.391741007841024,1281.4199999991115,2451.3270320613074
55572,31.391741007841024,1281.4399999991115,2451.337845063788
55573,31.391741007841024,1281.4599999991115,2451.3486579828473
55574,31.391741007841024,1281.4799999991114,2451.3594708184933
55575,31.391741007841024,1281.4999999991114,2451.370283570735
55576,31.391741007841024,1281.5199999991114,2451.38109623958
55577,31.391741007841024,1281.5399999991114,2451.391908825037
55578,31.391741007841024,1281.5599999991114,2451.4027213271133
55579,31.391741007841024,1281.5799999991114,2451.413533745818
55580,31.391741007841024,1281.5999999991113,2451.424346081159
55581,31.391741007841024,1281.6199999991113,2451.4351583331445
55582,31.391741007841024,1281.6399999991113,2451.445970501783
55583,31.391741007841024,1281.6599999991113,2451.4567825870827
55584,31.391741007841024,1281.6799999991113,2451.4675945890513
55585,31.391741007841024,1281.6999999991112,2451.4784065076974
55586,31.391741007841024,1281.7199999991112,2451.4892183430293
55587,31.391741007841024,1281.7399999991112,2451.500030095055
55588,31.391741007841024,1281.7599999991112,2451.510841763783
55589,31.391741007841024,1281.7799999991112,2451.521653349221
55590,31.391741007841024,1281.7999999991112,2451.532464851378
55591,31.391741007841024,1281.8199999991111,2451.5432762702617
55592,31.391741007841024,1281.8399999991111,2451.5540876058803
55593,31.391741007841024,1281.859999999111,2451.564898858242
55594,31.391741007841024,1281.879999999111,2451.5757100273554
55595,31.391741007841024,1281.899999999111,2451.586521113228
55596,31.391741007841024,1281.919999999111,2451.597332115869
55597,31.391741007841024,1281.939999999111,2451.608143035308
55598,31.391741007841024,1281.959999999111,2451.618953871841
55599,31.391741007841024,1281.979999999111,2451.6297646255694
55600,31.391741007841024,1281.999999999111,2451.640575296501
55601,31.391741007841024,1282.019999999111,2451.6513858846447
55602,31.391741007841024,1282.039999999111,2451.6621963900084
55603,31.391741007841024,1282.059999999111,2451.6730068126003
55604,31.391741007841024,1282.079999999111,2451.6838171524287
55605,31.391741007841024,1282.0999999991109,2451.6946274095017
55606,31.391741007841024,1282.1199999991109,2451.7054375838275
55607,31.391741007841024,1282.1399999991108,2451.7162476754147
55608,31.391741007841024,1282.1599999991108,2451.727057684271
55609,31.391741007841024,1282.1799999991108,2451.7378676104054
55610,31.391741007841024,1282.1999999991108,2451.748677453825
55611,31.391741007841024,1282.2199999991108,2451.759487214539
55612,31.391741007841024,1282.2399999991108,2451.7702968925555
55613,31.391741007841024,1282.2599999991107,2451.7811064878824
55614,31.391741007841024,1282.2799999991107,2451.791916000528
55615,31.391741007841024,1282.2999999991107,2451.8027254305007
55616,31.391741007841024,1282.3199999991107,2451.8135347778084
55617,31.391741007841024,1282.3399999991107,2451.8243440424594
55618,31.391741007841024,1282.3599999991106,2451.8351532244624
55619,31.391741007841024,1282.3799999991106,2451.845962323825
55620,31.391741007841024,1282.3999999991106,2451.856771340556
55621,31.391741007841024,1282.4199999991106,2451.8675802746634
55622,31.391741007841024,1282.4399999991106,2451.878389126155
55623,31.391741007841024,1282.4599999991106,2451.8891978950396
55624,31.391741007841024,1282.4799999991105,2451.900006581325
55625,31.391741007841024,1282.4999999991105,2451.91081518502
55626,31.391741007841024,1282.5199999991105,2451.9216237061323
55627,31.391741007841024,1282.5399999991105,2451.9324321446707
55628,31.391741007841024,1282.5599999991105,2451.943240500643
55629,31.391741007841024,1282.5799999991104,2451.954048774057
55630,31.391741007841024,1282.5999999991104,2451.9648569649216
55631,31.391741007841024,1282.6199999991104,2451.975665073245
55632,31.391741007841024,1282.6399999991104,2451.9864730990353
55633,31.391741007841024,1282.6599999991104,2451.9972810423005
55634,31.391741007841024,1282.6799999991104,2452.008088903049
55635,31.391741007841024,1282.6999999991103,2452.0188966812893
55636,31.391741007841024,1282.7199999991103,2452.0297043770292
55637,31.391741007841024,1282.7399999991103,2452.0405119902775
55638,31.391741007841024,1282.7599999991103,2452.051319521042
55639,31.391741007841024,1282.7799999991103,2452.0621269693306
55640,31.391741007841024,1282.7999999991102,2452.0729343351522
55641,31.391741007841024,1282.8199999991102,2452.0837416185145
55642,31.391741007841024,1282.8399999991102,2452.094548819426
55643,31.391741007841024,1282.8599999991102,2452.105355937895
55644,31.391741007841024,1282.8799999991102,2452.11616297393
55645,31.391741007841024,1282.8999999991102,2452.1269699275385
55646,31.391741007841024,1282.9199999991101,2452.137776798729
55647,31.391741007841024,1282.9399999991101,2452.14858358751
55648,31.391741007841024,1282.95999999911,2452.1593902939157
55649,31.391741007841024,1282.97999999911,2452.1701969182623
55650,31.391741007841024,1282.99999999911,2452.181003460627
55651,31.391741007841024,1283.01999999911,2452.191809921018
55652,31.391741007841024,1283.03999999911,2452.2026162994434
55653,31.391741007841024,1283.05999999911,2452.2134225959117
55654,31.391741007841024,1283.07999999911,2452.2242288104308
55655,31.391741007841024,1283.09999999911,2452.235034943009
55656,31.391741007841024,1283.11999999911,2452.245840993655
55657,31.391741007841024,1283.13999999911,2452.256646962376
55658,31.391741007841024,1283.15999999911,2452.2674528491816
55659,31.391741007841024,1283.17999999911,2452.2782586540793
55660,31.391741007841024,1283.1999999991099,2452.2890643770775
55661,31.391741007841024,1283.2199999991099,2452.2998700181843
55662,31.391741007841024,1283.2399999991098,2452.310675577408
55663,31.391741007841024,1283.2599999991098,2452.3214810547565
55664,31.391741007841024,1283.2799999991098,2452.332286450239
55665,31.391741007841024,1283.2999999991098,2452.3430917638625
55666,31.391741007841024,1283.3199999991098,2452.353896995636
55667,31.391741007841024,1283.3399999991098,2452.3647021455677
55668,31.391741007841024,1283.3599999991097,2452.3755072136655
55669,31.391741007841024,1283.3799999991097,2452.386312199938
55670,31.391741007841024,1283.3999999991097,2452.397117104393
55671,31.391741007841024,1283.4199999991097,2452.4079219270393
55672,31.391741007841024,1283.4399999991097,2452.418726667885
55673,31.391741007841024,1283.4599999991096,2452.429531326938
55674,31.391741007841024,1283.4799999991096,2452.440335904207
55675,31.391741007841024,1283.4999999991096,2452.4511403997
55676,31.391741007841024,1283.5199999991096,2452.461944813425
55677,31.391741007841024,1283.5399999991096,2452.4727491453905
55678,31.391741007841024,1283.5599999991096,2452.4835533956048
55679,31.391741007841024,1283.5799999991095,2452.494357564076
55680,31.391741007841024,1283.5999999991095,2452.505161650812
55681,31.391741007841024,1283.6199999991095,2452.515965655822
55682,31.391741007841024,1283.6399999991095,2452.5267695791135
55683,31.391741007841024,1283.6599999991095,2452.537573420695
55684,31.391741007841024,1283.6799999991094,2452.5483771805743
55685,31.391741007841024,1283.6999999991094,2452.55918085876
55686,31.391741007841024,1283.7199999991094,2452.5699844552605
55687,31.391741007841024,1283.7399999991094,2452.5807879700837
55688,31.391741007841024,1283.7599999991094,2452.591591403238
55689,31.391741007841024,1283.7799999991094,2452.6023947547314
55690,31.391741007841024,1283.7999999991093,2452.6131980245727
55691,31.391741007841024,1283.8199999991093,2452.6240012127696
55692,31.391741007841024,1283.8399999991093,2452.6348043193307
55693,31.391741007841024,1283.8599999991093,2452.6456073442637
55694,31.391741007841024,1283.8799999991093,2452.6564102875773
55695,31.391741007841024,1283.8999999991092,2452.6672131492796
55696,31.391741007841024,1283.9199999991092,2452.678015929379
55697,31.391741007841024,1283.9399999991092,2452.6888186278834
55698,31.391741007841024,1283.9599999991092,2452.6996212448016
55699,31.391741007841024,1283.9799999991092,2452.7104237801727
55700,31.391741007841024,1283.9999999991091,2452.721226234332
55701,31.391741007841024,1284.0199999991091,2452.7320286073323
55702,31.391741007841024,1284.039999999109,2452.7428308991825
55703,31.391741007841024,1284.059999999109,2452.7536331098904
55704,31.391741007841024,1284.079999999109,2452.7644352394645
55705,31.391741007841024,1284.099999999109,2452.775237287913
55706,31.391741007841024,1284.119999999109,2452.7860392552443
55707,31.391741007841024,1284.139999999109,2452.7968411414668
55708,31.391741007841024,1284.159999999109,2452.807642946588
55709,31.391741007841024,1284.179999999109,2452.8184446706173
55710,31.391741007841024,1284.199999999109,2452.8292463135617
55711,31.391741007841024,1284.219999999109,2452.84004787543
55712,31.391741007841024,1284.239999999109,2452.850849356231
55713,31.391741007841024,1284.259999999109,2452.861650755972
55714,31.391741007841024,1284.279999999109,2452.8724520746614
55715,31.391741007841024,1284.2999999991089,2452.883253312308
55716,31.391741007841024,1284.3199999991089,2452.89405446892
55717,31.391741007841024,1284.3399999991088,2452.904855544505
55718,31.391741007841024,1284.3599999991088,2452.915656539072
55719,31.391741007841024,1284.3799999991088,2452.926457452629
55720,31.391741007841024,1284.3999999991088,2452.9372582851843
55721,31.391741007841024,1284.4199999991088,2452.9480590367457
55722,31.391741007841024,1284.4399999991087,2452.9588597073216
55723,31.391741007841024,1284.4599999991087,2452.9696602969207
55724,31.391741007841024,1284.4799999991087,2452.9804608055506
55725,31.391741007841024,1284.4999999991087,2452.99126123322
55726,31.391741007841024,1284.5199999991087,2453.002061579937
55727,31.391741007841024,1284.5399999991087,2453.01286184571
55728,31.391741007841024,1284.5599999991086,2453.0236620305473
55729,31.391741007841024,1284.5799999991086,2453.0344621344566
55730,31.391741007841024,1284.5999999991086,2453.0452621574464
55731,31.391741007841024,1284.6199999991086,2453.056062099525
55732,31.391741007841024,1284.6399999991086,2453.0668619607013
55733,31.391741007841024,1284.6599999991085,2453.0776617409824
55734,31.391741007841024,1284.6799999991085,2453.088461440377
55735,31.391741007841024,1284.6999999991085,2453.0992610588937
55736,31.391741007841024,1284.7199999991085,2453.1100605965407
55737,31.391741007841024,1284.7399999991085,2453.120860053326
55738,31.391741007841024,1284.7599999991085,2453.1316594292575
55739,31.391741007841024,1284.7799999991084,2453.142458724344
55740,31.391741007841024,1284.7999999991084,2453.153257938594
55741,31.391741007841024,1284.8199999991084,2453.164057072015
55742,31.391741007841024,1284.8399999991084,2453.174856124616
55743,31.391741007841024,1284.8599999991084,2453.1856550964044
55744,31.391741007841024,1284.8799999991083,2453.196453987389
55745,31.391741007841024,1284.8999999991083,2453.2072527975774
55746,31.391741007841024,1284.9199999991083,2453.218051526979
55747,31.391741007841024,1284.9399999991083,2453.228850175601
55748,31.391741007841024,1284.9599999991083,2453.239648743452
55749,31.391741007841024,1284.9799999991083,2453.2504472305404
55750,31.391741007841024,1284.9999999991082,2453.261245636923
55751,31.391741007841024,1285.0199999991082,2453.2720439629543
55752,31.391741007841024,1285.0399999991082,2453.2828422086754
55753,31.391741007841024,1285.0599999991082,2453.293640374095
55754,31.391741007841024,1285.0799999991082,2453.304438459221
55755,31.391741007841024,1285.0999999991081,2453.3152364640614
55756,31.391741007841024,1285.1199999991081,2453.326034388625
55757,31.391741007841024,1285.139999999108,2453.3368322329197
55758,31.391741007841024,1285.159999999108,2453.3476299969543
55759,31.391741007841024,1285.179999999108,2453.3584276807364
55760,31.391741007841024,1285.199999999108,2453.3692252842748
55761,31.391741007841024,1285.219999999108,2453.3800228075775
55762,31.391741007841024,1285.239999999108,2453.3908202506527
55763,31.391741007841024,1285.259999999108,2453.4016176135087
55764,31.391741007841024,1285.279999999108,2453.4124148961537
55765,31.391741007841024,1285.299999999108,2453.4232120985957
55766,31.391741007841024,1285.319999999108,2453.4340092208436
55767,31.391741007841024,1285.339999999108,2453.4448062629053
55768,31.391741007841024,1285.359999999108,2453.455603224789
55769,31.391741007841024,1285.379999999108,2453.466400106503
55770,31.391741007841024,1285.3999999991079,2453.4771969080557
55771,31.391741007841024,1285.4199999991079,2453.487993629455
55772,31.391741007841024,1285.4399999991078,2453.49879027071
55773,31.391741007841024,1285.4599999991078,2453.5095868318276
55774,31.391741007841024,1285.4799999991078,2453.520383312817
55775,31.391741007841024,1285.4999999991078,2453.5311797136865
55776,31.391741007841024,1285.5199999991078,2453.541976034444
55777,31.391741007841024,1285.5399999991077,2453.5527722750976
55778,31.391741007841024,1285.5599999991077,2453.563568435656
55779,31.391741007841024,1285.5799999991077,2453.5743645161274
55780,31.391741007841024,1285.5999999991077,2453.58516051652
55781,31.391741007841024,1285.6199999991077,2453.595956436842
55782,31.391741007841024,1285.6399999991077,2453.6067522771014
55783,31.391741007841024,1285.6599999991076,2453.6175480373067
55784,31.391741007841024,1285.6799999991076,2453.6283437174666
55785,31.391741007841024,1285.6999999991076,2453.6391393175886
55786,31.391741007841024,1285.7199999991076,2453.6499348376815
55787,31.391741007841024,1285.7399999991076,2453.660730277753
55788,31.391741007841024,1285.7599999991075,2453.6715256378116
55789,31.391741007841024,1285.7799999991075,2453.682320917866
55790,31.348988299543578,1285.7999999991075,2453.693116117924
55791,31.348988299543578,1285.8199999991075,2453.703911237994
55792,31.348988299543578,1285.8399999991075,2453.714706278084
55793,31.348988299543578,1285.8599999991075,2453.725501238203
55794,31.348988299543578,1285.8799999991074,2453.736296118358
55795,31.348988299543578,1285.8999999991074,2453.747090918558
55796,31.348988299543578,1285.9199999991074,2453.757885638812
55797,31.348988299543578,1285.9399999991074,2453.768680279127
55798,31.348988299543578,1285.9599999991074,2453.7794748395113
55799,31.348988299543578,1285.9799999991073,2453.790269319974
55800,31.348988299543578,1285.9999999991073,2453.801063720523
55801,31.348988299543578,1286.0199999991073,2453.8118580412315
55802,31.348988299543578,1286.0399999991073,2453.822652282395
55803,31.348988299543578,1286.0599999991073,2453.8334464440477
55804,31.348988299543578,1286.0799999991073,2453.8442405261967
55805,31.348988299543578,1286.0999999991072,2453.8550345288504
55806,31.348988299543578,1286.1199999991072,2453.8658284520175
55807,31.348988299543578,1286.1399999991072,2453.876622295706
55808,31.348988299543578,1286.1599999991072,2453.8874160599244
55809,31.348988299543578,1286.1799999991072,2453.8982097446806
55810,31.348988299543578,1286.1999999991071,2453.909003349983
55811,31.348988299543578,1286.2199999991071,2453.91979687584
55812,31.348988299543578,1286.239999999107,2453.9305903222594
55813,31.348988299543578,1286.259999999107,2453.94138368925
55814,31.348988299543578,1286.279999999107,2453.95217697682
55815,31.348988299543578,1286.299999999107,2453.962970184977
55816,31.348988299543578,1286.319999999107,2453.9737633137306
55817,31.348988299543578,1286.339999999107,2453.984556363088
55818,31.348988299543578,1286.359999999107,2453.9953493330577
55819,31.348988299543578,1286.379999999107,2454.006142223648
55820,31.348988299543578,1286.399999999107,2454.0169350348674
55821,31.348988299543578,1286.419999999107,2454.0277277667237
55822,31.348988299543578,1286.439999999107,2454.0385204192257
55823,31.348988299543578,1286.459999999107,2454.049312992381
55824,31.348988299543578,1286.479999999107,2454.0601054861986
55825,31.348988299543578,1286.4999999991069,2454.0708979006863
55826,31.348988299543578,1286.5199999991069,2454.0816902358524
55827,31.348988299543578,1286.5399999991068,2454.092482491705
55828,31.348988299543578,1286.5599999991068,2454.103274668253
55829,31.348988299543578,1286.5799999991068,2454.114066765504
55830,31.348988299543578,1286.5999999991068,2454.1248587834666
55831,31.348988299543578,1286.6199999991068,2454.135650722149
55832,31.348988299543578,1286.6399999991067,2454.1464425815593
55833,31.348988299543578,1286.6599999991067,2454.1572343617063
55834,31.348988299543578,1286.6799999991067,2454.1680260625976
55835,31.348988299543578,1286.6999999991067,2454.178817684242
55836,31.348988299543578,1286.7199999991067,2454.1896092266475
55837,31.348988299543578,1286.7399999991067,2454.2004006898223
55838,31.348988299543578,1286.7599999991066,2454.211192073775
55839,31.348988299543578,1286.7799999991066,2454.221983378513
55840,31.348988299543578,1286.7999999991066,2454.2327746040455
55841,31.348988299543578,1286.8199999991066,2454.24356575038
55842,31.348988299543578,1286.8399999991066,2454.2543568175256
55843,31.348988299543578,1286.8599999991065,2454.26514780549
55844,31.348988299543578,1286.8799999991065,2454.275938714282
55845,31.348988299543578,1286.8999999991065,2454.286729543909
55846,31.348988299543578,1286.9199999991065,2454.2975202943803
55847,31.348988299543578,1286.9399999991065,2454.308310965703
55848,31.348988299543578,1286.9599999991065,2454.3191015578864
55849,31.348988299543578,1286.9799999991064,2454.329892070938
55850,31.348988299543578,1286.9999999991064,2454.340682504867
55851,31.348988299543578,1287.0199999991064,2454.3514728596806
55852,31.348988299543578,1287.0399999991064,2454.36226313548
55853,31.348988299543578,1287.0599999991064,2454.373053332559
55854,31.348988299543578,1287.0799999991063,2454.3838434509466
55855,31.348988299543578,1287.0999999991063,2454.3946334906523
55856,31.348988299543578,1287.1199999991063,2454.4054234516834
55857,31.348988299543578,1287.1399999991063,2454.4162133340483
55858,31.348988299543578,1287.1599999991063,2454.4270031377555
55859,31.348988299543578,1287.1799999991063,2454.4377928628132
55860,31.348988299543578,1287.1999999991062,2454.4485825092297
55861,31.348988299543578,1287.2199999991062,2454.4593720770135
55862,31.348988299543578,1287.2399999991062,2454.4701615661725
55863,31.348988299543578,1287.2599999991062,2454.480950976715
55864,31.348988299543578,1287.2799999991062,2454.4917403086497
55865,31.348988299543578,1287.2999999991061,2454.5025295619844
55866,31.348988299543578,1287.3199999991061,2454.5133187367273
55867,31.348988299543578,1287.339999999106,2454.5241078328872
55868,31.348988299543578,1287.359999999106,2454.534896850472
55869,31.348988299543578,1287.379999999106,2454.5456857894897
55870,31.348988299543578,1287.399999999106,2454.556474649949
55871,31.348988299543578,1287.419999999106,2454.567263431858
55872,31.348988299543578,1287.439999999106,2454.5780521352253
55873,31.348988299543578,1287.459999999106,2454.588840760059
55874,31.348988299543578,1287.479999999106,2454.599629306367
55875,31.348988299543578,1287.499999999106,2454.610417774158
55876,31.348988299543578,1287.519999999106,2454.6212061634405
55877,31.348988299543578,1287.539999999106,2454.631994474222
55878,31.348988299543578,1287.559999999106,2454.6427827065118
55879,31.348988299543578,1287.579999999106,2454.6535708603174
55880,31.348988299543578,1287.5999999991059,2454.664358935647
55881,31.348988299543578,1287.6199999991059,2454.6751469325095
55882,31.348988299543578,1287.6399999991058,2454.6859348509124
55883,31.348988299543578,1287.6599999991058,2454.6967226908646
55884,31.348988299543578,1287.6799999991058,2454.707510452374
55885,31.348988299543578,1287.6999999991058,2454.7182981354495
55886,31.348988299543578,1287.7199999991058,2454.7290857400985
55887,31.348988299543578,1287.7399999991057,2454.7398732663296
55888,31.348988299543578,1287.7599999991057,2454.7506607141513
55889,31.348988299543578,1287.7799999991057,2454.7614480835714
55890,31.348988299543578,1287.7999999991057,2454.7722353745985
55891,31.348988299543578,1287.8199999991057,2454.783022587241
55892,31.348988299543578,1287.8399999991057,2454.793809721507
55893,31.348988299543578,1287.8599999991056,2454.8045967774046
55894,31.348988299543578,1287.8799999991056,2454.8153837549426
55895,31.348988299543578,1287.8999999991056,2454.826170654129
55896,31.348988299543578,1287.9199999991056,2454.8369574749718
55897,31.348988299543578,1287.9399999991056,2454.8477442174794
55898,31.348988299543578,1287.9599999991055,2454.8585308816605
55899,31.348988299543578,1287.9799999991055,2454.8693174675227
55900,31.348988299543578,1287.9999999991055,2454.8801039750747
55901,31.348988299543578,1288.0199999991055,2454.8908904043246
55902,31.348988299543578,1288.0399999991055,2454.901676755281
55903,31.348988299543578,1288.0599999991055,2454.912463028068
55904,31.348988299543578,1288.0799999991054,2454.9232492229603
55905,31.348988299543578,1288.0999999991054,2454.934035339983
55906,31.348988299543578,1288.1199999991054,2454.9448213791443
55907,31.348988299543578,1288.1399999991054,2454.9556073404524
55908,31.348988299543578,1288.1599999991054,2454.966393223916
55909,31.348988299543578,1288.1799999991053,2454.977179029543
55910,31.348988299543578,1288.1999999991053,2454.987964757342
55911,31.348988299543578,1288.2199999991053,2454.998750407321
55912,31.348988299543578,1288.2399999991053,2455.009535979488
55913,31.348988299543578,1288.2599999991053,2455.020321473852
55914,31.348988299543578,1288.2799999991053,2455.031106890421
55915,31.348988299543578,1288.2999999991052,2455.0418922292033
55916,31.348988299543578,1288.3199999991052,2455.052677490207
55917,31.348988299543578,1288.3399999991052,2455.06346267344
55918,31.348988299543578,1288.3599999991052,2455.0742477789113
55919,31.348988299543578,1288.3799999991052,2455.085032806629
55920,31.348988299543578,1288.3999999991051,2455.0958177566013
55921,31.348988299543578,1288.4199999991051,2455.1066026288368
55922,31.348988299543578,1288.439999999105,2455.117387423343
55923,31.348988299543578,1288.459999999105,2455.128172140129
55924,31.348988299543578,1288.479999999105,2455.138956779203
55925,31.348988299543578,1288.499999999105,2455.1497413405727
55926,31.348988299543578,1288.519999999105,2455.160525824247
55927,31.348988299543578,1288.539999999105,2455.1713102302338
55928,31.348988299543578,1288.559999999105,2455.1820945585414
55929,31.348988299543578,1288.579999999105,2455.192878809178
55930,31.348988299543578,1288.599999999105,2455.2036629821523
55931,31.348988299543578,1288.619999999105,2455.2144470774724
55932,31.348988299543578,1288.639999999105,2455.2252310951467
55933,31.348988299543578,1288.659999999105,2455.236015035183
55934,31.348988299543578,1288.679999999105,2455.24679889759
55935,31.348988299543578,1288.6999999991049,2455.257582682376
55936,31.348988299543578,1288.7199999991049,2455.2683663895486
55937,31.348988299543578,1288.7399999991048,2455.279150019117
55938,31.348988299543578,1288.7599999991048,2455.289933571089
55939,31.348988299543578,1288.7799999991048,2455.300717045473
55940,31.348988299543578,1288.7999999991048,2455.3115004422775
55941,31.348988299543578,1288.8199999991048,2455.3222837615103
55942,31.348988299543578,1288.8399999991047,2455.33306700318
55943,31.348988299543578,1288.8599999991047,2455.343850167295
55944,31.348988299543578,1288.8799999991047,2455.354633253863
55945,31.348988299543578,1288.8999999991047,2455.365416262893
55946,31.348988299543578,1288.9199999991047,2455.3761991943934
55947,31.348988299543578,1288.9399999991047,2455.3869820483715
55948,31.348988299543578,1288.9599999991046,2455.3977648248365
55949,31.348988299543578,1288.9799999991046,2455.408547523796
55950,31.348988299543578,1288.9999999991046,2455.4193301452588
55951,31.348988299543578,1289.0199999991046,2455.430112689233
55952,31.348988299543578,1289.0399999991046,2455.4408951557266
55953,31.348988299543578,1289.0599999991045,2455.4516775447482
55954,31.348988299543578,1289.0799999991045,2455.4624598564455
55955,31.348988299543578,1289.0999999991045,2455.473242091075
55956,31.348988299543578,1289.1199999991045,2455.4840242486566
55957,31.348988299543578,1289.1399999991045,2455.4948063291986
55958,31.348988299543578,1289.1599999991045,2455.505588332709
55959,31.348988299543578,1289.1799999991044,2455.5163702591967
55960,31.348988299543578,1289.1999999991044,2455.5271521086697
55961,31.348988299543578,1289.2199999991044,2455.5379338811363
55962,31.348988299543578,1289.2399999991044,2455.5487155766045
55963,31.348988299543578,1289.2599999991044,2455.559497195083
55964,31.348988299543578,1289.2799999991043,2455.5702787365803
55965,31.348988299543578,1289.2999999991043,2455.5810602011043
55966,31.348988299543578,1289.3199999991043,2455.591841588663
55967,31.348988299543578,1289.3399999991043,2455.6026228992655
55968,31.348988299543578,1289.3599999991043,2455.6134041329196
55969,31.348988299543578,1289.3799999991043,2455.6241852896337
55970,31.348988299543578,1289.3999999991042,2455.634966369416
55971,31.348988299543578,1289.4199999991042,2455.6457473722744
55972,31.348988299543578,1289.4399999991042,2455.656528298218
55973,31.348988299543578,1289.4599999991042,2455.6673091472544
55974,31.348988299543578,1289.4799999991042,2455.6780899193923
55975,31.348988299543578,1289.4999999991041,2455.68887061464
55976,31.348988299543578,1289.5199999991041,2455.6996512330056
55977,31.348988299543578,1289.539999999104,2455.7104317744975
55978,31.348988299543578,1289.559999999104,2455.721212239124
55979,31.348988299543578,1289.579999999104,2455.7319926268933
55980,31.348988299543578,1289.599999999104,2455.7427729378137
55981,31.348988299543578,1289.619999999104,2455.7535531718936
55982,31.348988299543578,1289.639999999104,2455.764333329141
55983,31.348988299543578,1289.659999999104,2455.7751134095647
55984,31.348988299543578,1289.679999999104,2455.7858934131727
55985,31.348988299543578,1289.699999999104,2455.7966733399735
55986,31.348988299543578,1289.719999999104,2455.807453189975
55987,31.348988299543578,1289.739999999104,2455.818232963186
55988,31.348988299543578,1289.759999999104,2455.829012659614
55989,31.348988299543578,1289.779999999104,2455.839792279268
55990,31.348988299543578,1289.7999999991039,2455.850571822156
55991,31.348988299543578,1289.8199999991039,2455.861351288286
55992,31.348988299543578,1289.8399999991038,2455.8721306776674
55993,31.348988299543578,1289.8599999991038,2455.8829099903073
55994,31.348988299543578,1289.8799999991038,2455.8936892262145
55995,31.348988299543578,1289.8999999991038,2455.904468385397
55996,31.348988299543578,1289.9199999991038,2455.915247467864
55997,31.348988299543578,1289.9399999991037,2455.9260264736226
55998,31.348988299543578,1289.9599999991037,2455.936805402682
55999,31.348988299543578,1289.9799999991037,2455.9475842550496
56000,31.348988299543578,1289.9999999991037,2455.9583630307343
56001,31.348988299543578,1290.0199999991037,2455.9691417297445
56002,31.348988299543578,1290.0399999991037,2455.979920352088
56003,31.348988299543578,1290.0599999991036,2455.990698897773
56004,31.348988299543578,1290.0799999991036,2456.0014773668086
56005,31.348988299543578,1290.0999999991036,2456.0122557593654
56006,31.348988299543578,1290.1199999991036,2456.023034075681
56007,31.348988299543578,1290.1399999991036,2456.0338123157712
56008,31.348988299543578,1290.1599999991035,2456.0445904796443
56009,31.348988299543578,1290.1799999991035,2456.0553685673085
56010,31.348988299543578,1290.1999999991035,2456.0661465787716
56011,31.348988299543578,1290.2199999991035,2456.0769245140427
56012,31.348988299543578,1290.2399999991035,2456.0877023731296
56013,31.348988299543578,1290.2599999991035,2456.0984801560408
56014,31.348988299543578,1290.2799999991034,2456.1092578627845
56015,31.348988299543578,1290.2999999991034,2456.120035493369
56016,31.348988299543578,1290.3199999991034,2456.1308130478023
56017,31.348988299543578,1290.3399999991034,2456.1415905260933
56018,31.348988299543578,1290.3599999991034,2456.15236792825
56019,31.348988299543578,1290.3799999991033,2456.1631452542806
56020,31.348988299543578,1290.3999999991033,2456.173922504194
56021,31.348988299543578,1290.4199999991033,2456.1846996779973
56022,31.348988299543578,1290.4399999991033,2456.1954767756997
56023,31.348988299543578,1290.4599999991033,2456.2062537973097
56024,31.348988299543578,1290.4799999991033,2456.217030742835
56025,31.348988299543578,1290.4999999991032,2456.2278076122843
56026,31.348988299543578,1290.5199999991032,2456.2385844056657
56027,31.348988299543578,1290.5399999991032,2456.2493611229875
56028,31.348988299543578,1290.5599999991032,2456.260137764258
56029,31.348988299543578,1290.5799999991032,2456.2709143294855
56030,31.348988299543578,1290.5999999991031,2456.2816908186783
56031,31.348988299543578,1290.6199999991031,2456.292467231845
56032,31.348988299543578,1290.639999999103,2456.3032435689934
56033,31.348988299543578,1290.659999999103,2456.314019830132
56034,31.348988299543578,1290.679999999103,2456.3247960152694
56035,31.348988299543578,1290.699999999103,2456.3355721244134
56036,31.348988299543578,1290.719999999103,2456.3463481575727
56037,31.348988299543578,1290.739999999103,2456.3571241147556
56038,31.348988299543578,1290.759999999103,2456.36789999597
56039,31.348988299543578,1290.779999999103,2456.3786758012247
56040,31.348988299543578,1290.799999999103,2456.3894515305274
56041,31.348988299543578,1290.819999999103,2456.4002271838867
56042,31.348988299543578,1290.839999999103,2456.411002761311
56043,31.348988299543578,1290.859999999103,2456.421778262809
56044,31.348988299543578,1290.879999999103,2456.432553688388
56045,31.348988299543578,1290.8999999991029,2456.443329038057
56046,31.348988299543578,1290.9199999991029,2456.4541043118243
56047,31.348988299543578,1290.9399999991028,2456.4648795096978
56048,31.348988299543578,1290.9599999991028,2456.475654631686
56049,31.348988299543578,1290.9799999991028,2456.486429677798
56050,31.348988299543578,1290.9999999991028,2456.4972046480407
56051,31.348988299543578,1291.0199999991028,2456.507979542423
56052,31.348988299543578,1291.0399999991027,2456.5187543609536
56053,31.348988299543578,1291.0599999991027,2456.5295291036405
56054,31.348988299543578,1291.0799999991027,2456.540303770492
56055,31.348988299543578,1291.0999999991027,2456.551078361516
56056,31.348988299543578,1291.1199999991027,2456.5618528769187
56057,31.348988299543578,1291.1399999991027,2456.5726273169307
56058,31.348988299543578,1291.1599999991026,2456.583401681563
56059,31.348988299543578,1291.1799999991026,2456.594175970824
56060,31.348988299543578,1291.1999999991026,2456.6049501847215
56061,31.348988299543578,1291.2199999991026,2456.6157243232647
56062,31.348988299543578,1291.2399999991026,2456.626498386461
56063,31.348988299543578,1291.2599999991025,2456.6372723743198
56064,31.348988299543578,1291.2799999991025,2456.648046286848
56065,31.348988299543578,1291.2999999991025,2456.658820124055
56066,31.348988299543578,1291.3199999991025,2456.669593885949
56067,31.348988299543578,1291.3399999991025,2456.6803675725378
56068,31.348988299543578,1291.3599999991025,2456.69114118383
56069,31.348988299543578,1291.3799999991024,2456.701914719834
56070,31.348988299543578,1291.3999999991024,2456.712688180558
56071,31.348988299543578,1291.4199999991024,2456.7234615660104
56072,31.348988299543578,1291.4399999991024,2456.7342348761995
56073,31.348988299543578,1291.4599999991024,2456.7450081111333
56074,31.348988299543578,1291.4799999991023,2456.7557812708205
56075,31.348988299543578,1291.4999999991023,2456.7665543552694
56076,31.348988299543578,1291.5199999991023,2456.777327364488
56077,31.348988299543578,1291.5399999991023,2456.788100298485
56078,31.348988299543578,1291.5599999991023,2456.7988731572686
56079,31.348988299543578,1291.5799999991023,2456.809645940847
56080,31.306332545409035,1291.5999999991022,2456.8204186492285
56081,31.306332545409035,1291.6199999991022,2456.8311912824215
56082,31.306332545409035,1291.6399999991022,2456.841963840434
56083,31.306332545409035,1291.6599999991022,2456.8527363232747
56084,31.306332545409035,1291.6799999991022,2456.8635087309517
56085,31.306332545409035,1291.6999999991021,2456.8742810634735
56086,31.306332545409035,1291.7199999991021,2456.8850533208483
56087,31.306332545409035,1291.739999999102,2456.8958255030843
56088,31.306332545409035,1291.759999999102,2456.90659761019
56089,31.306332545409035,1291.779999999102,2456.917369642174
56090,31.306332545409035,1291.799999999102,2456.928141599044
56091,31.306332545409035,1291.819999999102,2456.9389134808084
56092,31.306332545409035,1291.839999999102,2456.949685287476
56093,31.306332545409035,1291.859999999102,2456.9604570190545
56094,31.306332545409035,1291.879999999102,2456.9712286755525
56095,31.306332545409035,1291.899999999102,2456.982000256978
56096,31.306332545409035,1291.919999999102,2456.99277176334
56097,31.306332545409035,1291.939999999102,2457.003543194646
56098,31.306332545409035,1291.959999999102,2457.014314550905
56099,31.306332545409035,1291.979999999102,2457.025085832125
56100,31.306332545409035,1291.9999999991019,2457.0358570383146
56101,31.306332545409035,1292.0199999991019,2457.0466281694817
56102,31.306332545409035,1292.0399999991018,2457.0573992256345
56103,31.306332545409035,1292.0599999991018,2457.068170206782
56104,31.306332545409035,1292.0799999991018,2457.0789411129317
56105,31.306332545409035,1292.0999999991018,2457.0897119440924
56106,31.306332545409035,1292.1199999991018,2457.1004827002744
56107,31.306332545409035,1292.1399999991017,2457.111253381679
56108,31.306332545409035,1292.1599999991017,2457.122023988491
56109,31.306332545409035,1292.1799999991017,2457.1327945207186
56110,31.306332545409035,1292.1999999991017,2457.14356497837
56111,31.306332545409035,1292.2199999991017,2457.1543353614534
56112,31.306332545409035,1292.2399999991017,2457.165105669977
56113,31.306332545409035,1292.2599999991016,2457.17587590395
56114,31.306332545409035,1292.2799999991016,2457.1866460633796
56115,31.306332545409035,1292.2999999991016,2457.197416148275
56116,31.306332545409035,1292.3199999991016,2457.208186158644
56117,31.306332545409035,1292.3399999991016,2457.218956094495
56118,31.306332545409035,1292.3599999991015,2457.229725955836
56119,31.306332545409035,1292.3799999991015,2457.2404957426756
56120,31.306332545409035,1292.3999999991015,2457.2512654550223
56121,31.306332545409035,1292.4199999991015,2457.2620350928846
56122,31.306332545409035,1292.4399999991015,2457.27280465627
56123,31.306332545409035,1292.4599999991015,2457.2835741451877
56124,31.306332545409035,1292.4799999991014,2457.2943435596458
56125,31.306332545409035,1292.4999999991014,2457.305112899652
56126,31.306332545409035,1292.5199999991014,2457.3158821652155
56127,31.306332545409035,1292.5399999991014,2457.326651356344
56128,31.306332545409035,1292.5599999991014,2457.337420473046
56129,31.306332545409035,1292.5799999991013,2457.3481895153304
56130,31.306332545409035,1292.5999999991013,2457.358958483205
56131,31.306332545409035,1292.6199999991013,2457.3697273766775
56132,31.306332545409035,1292.6399999991013,2457.380496195757
56133,31.306332545409035,1292.6599999991013,2457.391264940452
56134,31.306332545409035,1292.6799999991013,2457.40203361077
56135,31.306332545409035,1292.6999999991012,2457.41280220672
56136,31.306332545409035,1292.7199999991012,2457.4235707283096
56137,31.306332545409035,1292.7399999991012,2457.434339175548
56138,31.306332545409035,1292.7599999991012,2457.445107548443
56139,31.306332545409035,1292.7799999991012,2457.455875847003
56140,31.306332545409035,1292.7999999991011,2457.4666440712363
56141,31.306332545409035,1292.8199999991011,2457.4774122211516
56142,31.306332545409035,1292.839999999101,2457.4881802967566
56143,31.306332545409035,1292.859999999101,2457.49894829806
56144,31.306332545409035,1292.879999999101,2457.50971622507
56145,31.306332545409035,1292.899999999101,2457.520484077795
56146,31.306332545409035,1292.919999999101,2457.531251856243
56147,31.306332545409035,1292.939999999101,2457.542019560423
56148,31.306332545409035,1292.959999999101,2457.5527871903428
56149,31.306332545409035,1292.979999999101,2457.5635547460106
56150,31.306332545409035,1292.999999999101,2457.574322227435
56151,31.306332545409035,1293.019999999101,2457.585089634624
56152,31.306332545409035,1293.039999999101,2457.5958569675868
56153,31.306332545409035,1293.059999999101,2457.6066242263305
56154,31.306332545409035,1293.079999999101,2457.617391410864
56155,31.306332545409035,1293.0999999991009,2457.628158521196
56156,31.306332545409035,1293.1199999991009,2457.638925557334
56157,31.306332545409035,1293.1399999991008,2457.6496925192937
56158,31.306332545409035,1293.1599999991008,2457.660459407308
56159,31.306332545409035,1293.1799999991008,2457.6712262215487
56160,31.306332545409035,1293.1999999991008,2457.681992962025
56161,31.306332545409035,1293.2199999991008,2457.6927596287446
56162,31.306332545409035,1293.2399999991007,2457.703526221716
56163,31.306332545409035,1293.2599999991007,2457.7142927409477
56164,31.306332545409035,1293.2799999991007,2457.7250591864477
56165,31.306332545409035,1293.2999999991007,2457.7358255582244
56166,31.306332545409035,1293.3199999991007,2457.746591856286
56167,31.306332545409035,1293.3399999991007,2457.7573580806416
56168,31.306332545409035,1293.3599999991006,2457.7681242312988
56169,31.306332545409035,1293.3799999991006,2457.778890308266
56170,31.306332545409035,1293.3999999991006,2457.789656311552
56171,31.306332545409035,1293.4199999991006,2457.800422241164
56172,31.306332545409035,1293.4399999991006,2457.811188097112
56173,31.306332545409035,1293.4599999991005,2457.821953879403
56174,31.306332545409035,1293.4799999991005,2457.8327195880456
56175,31.306332545409035,1293.4999999991005,2457.8434852230484
56176,31.306332545409035,1293.5199999991005,2457.8542507844195
56177,31.306332545409035,1293.5399999991005,2457.8650162721674
56178,31.306332545409035,1293.5599999991005,2457.8757816863003
56179,31.306332545409035,1293.5799999991004,2457.8865470268265
56180,31.306332545409035,1293.5999999991004,2457.8973122937546
56181,31.306332545409035,1293.6199999991004,2457.9080774870927
56182,31.306332545409035,1293.6399999991004,2457.918842606849
56183,31.306332545409035,1293.6599999991004,2457.9296076530322
56184,31.306332545409035,1293.6799999991003,2457.9403726256505
56185,31.306332545409035,1293.6999999991003,2457.951137524712
56186,31.306332545409035,1293.7199999991003,2457.9619023502255
56187,31.306332545409035,1293.7399999991003,2457.972667102199
56188,31.306332545409035,1293.7599999991003,2457.983431780641
56189,31.306332545409035,1293.7799999991003,2457.994196385559
56190,31.306332545409035,1293.7999999991002,2458.0049609169623
56191,31.306332545409035,1293.8199999991002,2458.015725374859
56192,31.306332545409035,1293.8399999991002,2458.0264897592574
56193,31.306332545409035,1293.8599999991002,2458.0372540701655
56194,31.306332545409035,1293.8799999991002,2458.048018307592
56195,31.306332545409035,1293.8999999991001,2458.0587824715453
56196,31.306332545409035,1293.9199999991001,2458.0695465620333
56197,31.306332545409035,1293.9399999991,2458.0803105790646
56198,31.306332545409035,1293.9599999991,2458.091074522648
56199,31.306332545409035,1293.9799999991,2458.101838392791
56200,31.306332545409035,1293.9999999991,2458.112602189502
56201,31.306332545409035,1294.0199999991,2458.12336591279
56202,31.306332545409035,1294.0399999991,2458.134129562663
56203,31.306332545409035,1294.0599999991,2458.144893139129
56204,31.306332545409035,1294.0799999991,2458.155656642197
56205,31.306332545409035,1294.0999999991,2458.1664200718747
56206,31.306332545409035,1294.1199999991,2458.177183428171
56207,31.306332545409035,1294.1399999991,2458.1879467110934
56208,31.306332545409035,1294.1599999991,2458.198709920662
56209,31.306332545409035,1294.1799999991,2458.2094730571293
56210,31.306332545409035,1294.1999999990999,2458.2202361206437
56211,31.306332545409035,1294.2199999990999,2458.2309991112134
56212,31.306332545409035,1294.2399999990998,2458.241762028847
56213,31.306332545409035,1294.2599999990998,2458.2525248735533
56214,31.306332545409035,1294.2799999990998,2458.26328764534
56215,31.306332545409035,1294.2999999990998,2458.2740503442155
56216,31.306332545409035,1294.3199999990998,2458.2848129701883
56217,31.306332545409035,1294.3399999990997,2458.295575523267
56218,31.306332545409035,1294.3599999990997,2458.3063380034596
56219,31.306332545409035,1294.3799999990997,2458.3171004107744
56220,31.306332545409035,1294.3999999990997,2458.32786274522
56221,31.306332545409035,1294.4199999990997,2458.3386250068047
56222,31.306332545409035,1294.4399999990997,2458.3493871955366
56223,31.306332545409035,1294.4599999990996,2458.3601493114243
56224,31.306332545409035,1294.4799999990996,2458.370911354476
56225,31.306332545409035,1294.4999999990996,2458.3816733247
56226,31.306332545409035,1294.5199999990996,2458.3924352221047
56227,31.306332545409035,1294.5399999990996,2458.4031970466986
56228,31.306332545409035,1294.5599999990995,2458.4139587984896
56229,31.306332545409035,1294.5799999990995,2458.4247204774865
56230,31.306332545409035,1294.5999999990995,2458.4354820836975
56231,31.306332545409035,1294.6199999990995,2458.4462436171307
56232,31.306332545409035,1294.6399999990995,2458.4570050777947
56233,31.306332545409035,1294.6599999990995,2458.467766465698
56234,31.306332545409035,1294.6799999990994,2458.4785277808483
56235,31.306332545409035,1294.6999999990994,2458.4892890232545
56236,31.306332545409035,1294.7199999990994,2458.500050192925
56237,31.306332545409035,1294.7399999990994,2458.5108112898674
56238,31.306332545409035,1294.7599999990994,2458.521572314091
56239,31.306332545409035,1294.7799999990993,2458.5323332656035
56240,31.306332545409035,1294.7999999990993,2458.5430941444133
56241,31.306332545409035,1294.8199999990993,2458.553854950529
56242,31.306332545409035,1294.8399999990993,2458.564615683959
56243,31.306332545409035,1294.8599999990993,2458.575376344711
56244,31.306332545409035,1294.8799999990993,2458.586136932794
56245,31.306332545409035,1294.8999999990992,2458.596897448216
56246,31.306332545409035,1294.9199999990992,2458.6076578909856
56247,31.306332545409035,1294.9399999990992,2458.618418261111
56248,31.306332545409035,1294.9599999990992,2458.6291785586004
56249,31.306332545409035,1294.9799999990992,2458.6399387834626
56250,31.306332545409035,1294.9999999990991,2458.6506989357053
56251,31.306332545409035,1295.0199999990991,2458.6614590153376
56252,31.306332545409035,1295.039999999099,2458.6722190223672
56253,31.306332545409035,1295.059999999099,2458.682978956803
56254,31.306332545409035,1295.079999999099,2458.6937388186525
56255,31.306332545409035,1295.099999999099,2458.7044986079245
56256,31.306332545409035,1295.119999999099,2458.7152583246275
56257,31.306332545409035,1295.139999999099,2458.7260179687696
56258,31.306332545409035,1295.159999999099,2458.7367775403595
56259,31.306332545409035,1295.179999999099,2458.7475370394213
56260,31.306332545409035,1295.199999999099,2458.7582964662256
56261,31.306332545409035,1295.219999999099,2458.7690558208988
56262,31.306332545409035,1295.239999999099,2458.7798151034485
56263,31.306332545409035,1295.259999999099,2458.7905743138836
56264,31.306332545409035,1295.279999999099,2458.8013334522125
56265,31.306332545409035,1295.2999999990989,2458.812092518443
56266,31.306332545409035,1295.3199999990989,2458.8228515125843
56267,31.306332545409035,1295.3399999990988,2458.833610434644
56268,31.306332545409035,1295.3599999990988,2458.844369284631
56269,31.306332545409035,1295.3799999990988,2458.855128062553
56270,31.306332545409035,1295.3999999990988,2458.865886768419
56271,31.306332545409035,1295.4199999990988,2458.876645402237
56272,31.306332545409035,1295.4399999990987,2458.8874039640154
56273,31.306332545409035,1295.4599999990987,2458.898162453763
56274,31.306332545409035,1295.4799999990987,2458.908920871487
56275,31.306332545409035,1295.4999999990987,2458.919679217197
56276,31.306332545409035,1295.5199999990987,2458.9304374909007
56277,31.306332545409035,1295.5399999990987,2458.9411956926065
56278,31.306332545409035,1295.5599999990986,2458.9519538223226
56279,31.306332545409035,1295.5799999990986,2458.9627118800577
56280,31.306332545409035,1295.5999999990986,2458.97346986582
56281,31.306332545409035,1295.6199999990986,2458.984227779618
56282,31.306332545409035,1295.6399999990986,2458.99498562146
56283,31.306332545409035,1295.6599999990985,2459.005743391354
56284,31.306332545409035,1295.6799999990985,2459.016501089309
56285,31.306332545409035,1295.6999999990985,2459.0272587153327
56286,31.306332545409035,1295.7199999990985,2459.0380162694337
56287,31.306332545409035,1295.7399999990985,2459.0487737516205
56288,31.306332545409035,1295.7599999990985,2459.0595311619013
56289,31.306332545409035,1295.7799999990984,2459.0702885002847
56290,31.306332545409035,1295.7999999990984,2459.081045766779
56291,31.306332545409035,1295.8199999990984,2459.091802961392
56292,31.306332545409035,1295.8399999990984,2459.1025600841326
56293,31.306332545409035,1295.8599999990984,2459.113317135009
56294,31.306332545409035,1295.8799999990983,2459.1240741140296
56295,31.306332545409035,1295.8999999990983,2459.1348310212024
56296,31.306332545409035,1295.9199999990983,2459.145587856536
56297,31.306332545409035,1295.9399999990983,2459.1563446200394
56298,31.306332545409035,1295.9599999990983,2459.1671013117198
56299,31.306332545409035,1295.9799999990983,2459.177857931586
56300,31.306332545409035,1295.9999999990982,2459.1886144796467
56301,31.306332545409035,1296.0199999990982,2459.19937095591
56302,31.306332545409035,1296.0399999990982,2459.2101273603844
56303,31.306332545409035,1296.0599999990982,2459.2208836930777
56304,31.306332545409035,1296.0799999990982,2459.2316399539986
56305,31.306332545409035,1296.0999999990981,2459.242396143156
56306,31.306332545409035,1296.1199999990981,2459.2531522605573
56307,31.306332545409035,1296.139999999098,2459.2639083062113
56308,31.306332545409035,1296.159999999098,2459.2746642801267
56309,31.306332545409035,1296.179999999098,2459.285420182311
56310,31.306332545409035,1296.199999999098,2459.296176012794
56311,31.306332545409035,1296.219999999098,2459.3069317718655
56312,31.306332545409035,1296.239999999098,2459.3176874596275
56313,31.306332545409035,1296.259999999098,2459.3284430760887
56314,31.306332545409035,1296.279999999098,2459.3391986212573
56315,31.306332545409035,1296.299999999098,2459.349954095142
56316,31.306332545409035,1296.319999999098,2459.360709497751
56317,31.306332545409035,1296.339999999098,2459.3714648290925
56318,31.306332545409035,1296.359999999098,2459.382220089175
56319,31.306332545409035,1296.379999999098,2459.392975278007
56320,31.306332545409035,1296.3999999990979,2459.403730395596
56321,31.306332545409035,1296.4199999990979,2459.4144854419515
56322,31.306332545409035,1296.4399999990978,2459.4252404170816
56323,31.306332545409035,1296.4599999990978,2459.435995320994
56324,31.306332545409035,1296.4799999990978,2459.446750153698
56325,31.306332545409035,1296.4999999990978,2459.4575049152013
56326,31.306332545409035,1296.5199999990978,2459.4682596055127
56327,31.306332545409035,1296.5399999990977,2459.47901422464
56328,31.306332545409035,1296.5599999990977,2459.489768772592
56329,31.306332545409035,1296.5799999990977,2459.5005232493772
56330,31.306332545409035,1296.5999999990977,2459.5112776550036
56331,31.306332545409035,1296.6199999990977,2459.5220319894797
56332,31.306332545409035,1296.6399999990977,2459.532786252814
56333,31.306332545409035,1296.6599999990976,2459.543540445014
56334,31.306332545409035,1296.6799999990976,2459.554294566089
56335,31.306332545409035,1296.6999999990976,2459.5650486160475
56336,31.306332545409035,1296.7199999990976,2459.5758025948976
56337,31.306332545409035,1296.7399999990976,2459.5865565026475
56338,31.306332545409035,1296.7599999990975,2459.5973103393053
56339,31.306332545409035,1296.7799999990975,2459.6080641048798
56340,31.306332545409035,1296.7999999990975,2459.618817799379
56341,31.306332545409035,1296.8199999990975,2459.6295714228118
56342,31.306332545409035,1296.8399999990975,2459.640324975186
56343,31.306332545409035,1296.8599999990975,2459.6510784565107
56344,31.306332545409035,1296.8799999990974,2459.6618318667934
56345,31.306332545409035,1296.8999999990974,2459.672585206043
56346,31.306332545409035,1296.9199999990974,2459.6833384742677
56347,31.306332545409035,1296.9399999990974,2459.6940916714757
56348,31.306332545409035,1296.9599999990974,2459.704844797676
56349,31.306332545409035,1296.9799999990973,2459.7155978528763
56350,31.306332545409035,1296.9999999990973,2459.726350837085
56351,31.306332545409035,1297.0199999990973,2459.737103750311
56352,31.306332545409035,1297.0399999990973,2459.7478565925617
56353,31.306332545409035,1297.0599999990973,2459.7586093638465
56354,31.306332545409035,1297.0799999990973,2459.769362064173
56355,31.306332545409035,1297.0999999990972,2459.7801146935503
56356,31.306332545409035,1297.1199999990972,2459.790867251986
56357,31.306332545409035,1297.1399999990972,2459.801619739489
56358,31.306332545409035,1297.1599999990972,2459.8123721560673
56359,31.306332545409035,1297.1799999990972,2459.8231245017296
56360,31.306332545409035,1297.1999999990971,2459.833876776484
56361,31.306332545409035,1297.2199999990971,2459.844628980366
56362,31.306332545409035,1297.239999999097,2459.855381113702
56363,31.306332545409035,1297.259999999097,2459.866133176576
56364,31.306332545409035,1297.279999999097,2459.876885168996
56365,31.306332545409035,1297.299999999097,2459.8876370909707
56366,31.306332545409035,1297.319999999097,2459.898388942508
56367,31.306332545409035,1297.339999999097,2459.909140723617
56368,31.306332545409035,1297.359999999097,2459.9198924343054
56369,31.306332545409035,1297.379999999097,2459.930644074582
56370,31.306332545409035,1297.399999999097,2459.9413956444546
56371,31.306332545409035,1297.419999999097,2459.952147143932
56372,31.26377343789603,1297.439999999097,2459.962898573023
56373,31.26377343789603,1297.459999999097,2459.973649931735
56374,31.26377343789603,1297.479999999097,2459.9844012200774
56375,31.26377343789603,1297.4999999990969,2459.995152438058
56376,31.306332545409035,1297.5199999990969,2460.005903585992
56377,31.26377343789603,1297.5399999990968,2460.0166546658643
56378,31.26377343789603,1297.5599999990968,2460.027405677868
56379,31.26377343789603,1297.5799999990968,2460.0381566220126
56380,31.26377343789603,1297.5999999990968,2460.0489074983066
56381,31.26377343789603,1297.6199999990968,2460.059658306758
56382,31.26377343789603,1297.6399999990967,2460.0704090473764
56383,31.26377343789603,1297.6599999990967,2460.0811597201696
56384,31.26377343789603,1297.6799999990967,2460.0919103251467
56385,31.26377343789603,1297.6999999990967,2460.102660862316
56386,31.26377343789603,1297.7199999990967,2460.113411331686
56387,31.26377343789603,1297.7399999990967,2460.124161733266
56388,31.26377343789603,1297.7599999990966,2460.1349120670643
56389,31.26377343789603,1297.7799999990966,2460.145662333089
56390,31.26377343789603,1297.7999999990966,2460.1564125313494
56391,31.26377343789603,1297.8199999990966,2460.1671626618536
56392,31.26377343789603,1297.8399999990966,2460.1779127246105
56393,31.26377343789603,1297.8599999990965,2460.1886627196286
56394,31.26377343789603,1297.8799999990965,2460.1994126469167
56395,31.26377343789603,1297.8999999990965,2460.2101625064834
56396,31.26377343789603,1297.9199999990965,2460.2209122983368
56397,31.26377343789603,1297.9399999990965,2460.231662022486
56398,31.26377343789603,1297.9599999990965,2460.24241167894
56399,31.26377343789603,1297.9799999990964,2460.253161267706
56400,31.26377343789603,1297.9999999990964,2460.2639107887944
56401,31.26377343789603,1298.0199999990964,2460.2746602422126
56402,31.26377343789603,1298.0399999990964,2460.28540962797
56403,31.26377343789603,1298.0599999990964,2460.2961589460742
56404,31.26377343789603,1298.0799999990963,2460.3069081965346
56405,31.26377343789603,1298.0999999990963,2460.31765737936
56406,31.26377343789603,1298.1199999990963,2460.3284064945583
56407,31.26377343789603,1298.1399999990963,2460.3391555421385
56408,31.26377343789603,1298.1599999990963,2460.3499045221092
56409,31.26377343789603,1298.1799999990963,2460.360653434479
56410,31.26377343789603,1298.1999999990962,2460.3714022792565
56411,31.26377343789603,1298.2199999990962,2460.3821510564503
56412,31.26377343789603,1298.2399999990962,2460.3928997660973
56413,31.26377343789603,1298.2599999990962,2460.403648408503
56414,31.26377343789603,1298.2799999990962,2460.414396983721
56415,31.26377343789603,1298.2999999990961,2460.425145491759
56416,31.26377343789603,1298.3199999990961,2460.435893932626
56417,31.26377343789603,1298.339999999096,2460.4466423063313
56418,31.26377343789603,1298.359999999096,2460.4573906128826
56419,31.26377343789603,1298.379999999096,2460.468138852289
56420,31.26377343789603,1298.399999999096,2460.478887024559
56421,31.26377343789603,1298.419999999096,2460.489635129701
56422,31.26377343789603,1298.439999999096,2460.500383167724
56423,31.26377343789603,1298.459999999096,2460.5111311386363
56424,31.26377343789603,1298.479999999096,2460.521879042447
56425,31.26377343789603,1298.499999999096,2460.532626879164
56426,31.26377343789603,1298.519999999096,2460.543374648797
56427,31.26377343789603,1298.539999999096,2460.5541223513537
56428,31.26377343789603,1298.559999999096,2460.564869986843
56429,31.26377343789603,1298.579999999096,2460.5756175552733
56430,31.26377343789603,1298.5999999990959,2460.586365056654
56431,31.26377343789603,1298.6199999990959,2460.597112490993
56432,31.26377343789603,1298.6399999990958,2460.607859858299
56433,31.26377343789603,1298.6599999990958,2460.6186071585807
56434,31.26377343789603,1298.6799999990958,2460.629354391847
56435,31.26377343789603,1298.6999999990958,2460.640101558106
56436,31.26377343789603,1298.7199999990958,2460.650848657367
56437,31.26377343789603,1298.7399999990957,2460.6615956896385
56438,31.26377343789603,1298.7599999990957,2460.672342654929
56439,31.26377343789603,1298.7799999990957,2460.6830895532466
56440,31.26377343789603,1298.7999999990957,2460.6938363846007
56441,31.26377343789603,1298.8199999990957,2460.7045831489995
56442,31.26377343789603,1298.8399999990957,2460.715329846452
56443,31.26377343789603,1298.8599999990956,2460.7260764769658
56444,31.26377343789603,1298.8799999990956,2460.7368230405505
56445,31.26377343789603,1298.8999999990956,2460.7475695372145
56446,31.26377343789603,1298.9199999990956,2460.7583159669666
56447,31.26377343789603,1298.9399999990956,2460.7690623298154
56448,31.26377343789603,1298.9599999990955,2460.7798086257694
56449,31.26377343789603,1298.9799999990955,2460.790554854837
56450,31.26377343789603,1298.9999999990955,2460.801301017027
56451,31.26377343789603,1299.0199999990955,2460.8120471123484
56452,31.26377343789603,1299.0399999990955,2460.822793140809
56453,31.26377343789603,1299.0599999990955,2460.8335391024184
56454,31.26377343789603,1299.0799999990954,2460.844284997185
56455,31.26377343789603,1299.0999999990954,2460.8550308251165
56456,31.26377343789603,1299.1199999990954,2460.8657765862226
56457,31.26377343789603,1299.1399999990954,2460.8765222805114
56458,31.26377343789603,1299.1599999990954,2460.887267907992
56459,31.26377343789603,1299.1799999990953,2460.898013468672
56460,31.26377343789603,1299.1999999990953,2460.9087589625615
56461,31.26377343789603,1299.2199999990953,2460.919504389668
56462,31.26377343789603,1299.2399999990953,2460.9302497500007
56463,31.26377343789603,1299.2599999990953,2460.9409950436093
56464,31.26377343789603,1299.2799999990953,2460.951740270823
56465,31.26377343789603,1299.2999999990952,2460.962485431681
56466,31.26377343789603,1299.3199999990952,2460.9732305261923
56467,31.26377343789603,1299.3399999990952,2460.9839755543653
56468,31.26377343789603,1299.3599999990952,2460.994720516209
56469,31.26377343789603,1299.3799999990952,2461.005465411731
56470,31.26377343789603,1299.3999999990951,2461.0162102409413
56471,31.26377343789603,1299.4199999990951,2461.026955003848
56472,31.26377343789603,1299.439999999095,2461.037699700459
56473,31.26377343789603,1299.459999999095,2461.048444330784
56474,31.26377343789603,1299.479999999095,2461.0591888948315
56475,31.26377343789603,1299.499999999095,2461.0699333926095
56476,31.26377343789603,1299.519999999095,2461.080677824127
56477,31.26377343789603,1299.539999999095,2461.091422189393
56478,31.26377343789603,1299.559999999095,2461.102166488416
56479,31.26377343789603,1299.579999999095,2461.112910721204
56480,31.26377343789603,1299.599999999095,2461.1236548877664
56481,31.26377343789603,1299.619999999095,2461.1343989881116
56482,31.26377343789603,1299.639999999095,2461.145143022248
56483,31.26377343789603,1299.659999999095,2461.155886990184
56484,31.26377343789603,1299.679999999095,2461.1666308919293
56485,31.26377343789603,1299.6999999990949,2461.1773747274915
56486,31.26377343789603,1299.7199999990949,2461.1881184968797
56487,31.26377343789603,1299.7399999990948,2461.1988622001027
56488,31.26377343789603,1299.7599999990948,2461.2096058371685
56489,31.26377343789603,1299.7799999990948,2461.2203494080863
56490,31.26377343789603,1299.7999999990948,2461.231092912865
56491,31.26377343789603,1299.8199999990948,2461.2418363515126
56492,31.26377343789603,1299.8399999990947,2461.252579724038
56493,31.26377343789603,1299.8599999990947,2461.2633230304496
56494,31.26377343789603,1299.8799999990947,2461.2740662707565
56495,31.26377343789603,1299.8999999990947,2461.284809444967
56496,31.26377343789603,1299.9199999990947,2461.2955525530897
56497,31.26377343789603,1299.9399999990947,2461.3062955951336
56498,31.26377343789603,1299.9599999990946,2461.3170385711073
56499,31.26377343789603,1299.9799999990946,2461.327781481019
56500,31.26377343789603,1299.9999999990946,2461.3385243248777
56501,31.26377343789603,1300.0199999990946,2461.349267102692
56502,31.26377343789603,1300.0399999990946,2461.3600098144702
56503,31.26377343789603,1300.0599999990945,2461.3707524602214
56504,31.26377343789603,1300.0799999990945,2461.381495039954
56505,31.26377343789603,1300.0999999990945,2461.392237553677
56506,31.26377343789603,1300.1199999990945,2461.4029800013986
56507,31.26377343789603,1300.1399999990945,2461.4137223831276
56508,31.26377343789603,1300.1599999990945,2461.4244646988727
56509,31.26377343789603,1300.1799999990944,2461.435206948642
56510,31.26377343789603,1300.1999999990944,2461.445949132445
56511,31.26377343789603,1300.2199999990944,2461.45669125029
56512,31.26377343789603,1300.2399999990944,2461.467433302186
56513,31.26377343789603,1300.2599999990944,2461.4781752881404
56514,31.26377343789603,1300.2799999990943,2461.4889172082276
56515,31.26377343789603,1300.2999999990943,2461.4996590627575
56516,31.26377343789603,1300.3199999990943,2461.5104008517656
56517,31.26377343789603,1300.3399999990943,2461.52114257526
56518,31.26377343789603,1300.3599999990943,2461.5318842332495
56519,31.26377343789603,1300.3799999990943,2461.5426258257426
56520,31.26377343789603,1300.3999999990942,2461.553367352748
56521,31.26377343789603,1300.4199999990942,2461.5641088142747
56522,31.26377343789603,1300.4399999990942,2461.574850210331
56523,31.26377343789603,1300.4599999990942,2461.5855915409256
56524,31.26377343789603,1300.4799999990942,2461.5963328060675
56525,31.26377343789603,1300.4999999990941,2461.607074005765
56526,31.26377343789603,1300.5199999990941,2461.617815140027
56527,31.26377343789603,1300.539999999094,2461.6285562088615
56528,31.26377343789603,1300.559999999094,2461.639297212278
56529,31.26377343789603,1300.579999999094,2461.6500381502847
56530,31.26377343789603,1300.599999999094,2461.6607790228904
56531,31.26377343789603,1300.619999999094,2461.6715198301035
56532,31.26377343789603,1300.639999999094,2461.682260571933
56533,31.26377343789603,1300.659999999094,2461.6930012483876
56534,31.26377343789603,1300.679999999094,2461.7037418594755
56535,31.26377343789603,1300.699999999094,2461.7144824052057
56536,31.26377343789603,1300.719999999094,2461.725222885587
56537,31.26377343789603,1300.739999999094,2461.735963300627
56538,31.26377343789603,1300.759999999094,2461.746703650336
56539,31.26377343789603,1300.779999999094,2461.7574439347213
56540,31.26377343789603,1300.7999999990939,2461.7681841537924
56541,31.26377343789603,1300.8199999990939,2461.7789243075576
56542,31.26377343789603,1300.8399999990938,2461.7896643960253
56543,31.26377343789603,1300.8599999990938,2461.8004044192044
56544,31.26377343789603,1300.8799999990938,2461.8111443771036
56545,31.26377343789603,1300.8999999990938,2461.8218842697315
56546,31.26377343789603,1300.9199999990938,2461.832624097097
56547,31.26377343789603,1300.9399999990937,2461.8433638592082
56548,31.26377343789603,1300.9599999990937,2461.8541035560743
56549,31.26377343789603,1300.9799999990937,2461.8648431877036
56550,31.26377343789603,1300.9999999990937,2461.8755827541054
56551,31.26377343789603,1301.0199999990937,2461.8863222552877
56552,31.26377343789603,1301.0399999990937,2461.8970616912593
56553,31.26377343789603,1301.0599999990936,2461.9078010620287
56554,31.26377343789603,1301.0799999990936,2461.9185403676047
56555,31.26377343789603,1301.0999999990936,2461.9292796079962
56556,31.26377343789603,1301.1199999990936,2461.9400187832116
56557,31.26377343789603,1301.1399999990936,2461.9507578932594
56558,31.26377343789603,1301.1599999990935,2461.9614969381487
56559,31.26377343789603,1301.1799999990935,2461.9722359178877
56560,31.26377343789603,1301.1999999990935,2461.982974832485
56561,31.26377343789603,1301.2199999990935,2461.99371368195
56562,31.26377343789603,1301.2399999990935,2462.0044524662903
56563,31.26377343789603,1301.2599999990935,2462.0151911855155
56564,31.26377343789603,1301.2799999990934,2462.0259298396336
56565,31.26377343789603,1301.2999999990934,2462.0366684287415
56566,31.26377343789603,1301.3199999990934,2462.0474069531306
56567,31.26377343789603,1301.3399999990934,2462.0581454128314
56568,31.26377343789603,1301.3599999990934,2462.0688838078527
56569,31.26377343789603,1301.3799999990933,2462.0796221382034
56570,31.26377343789603,1301.3999999990933,2462.0903604038917
56571,31.26377343789603,1301.4199999990933,2462.1010986049264
56572,31.26377343789603,1301.4399999990933,2462.1118367413164
56573,31.26377343789603,1301.4599999990933,2462.12257481307
56574,31.26377343789603,1301.4799999990933,2462.133312820196
56575,31.26377343789603,1301.4999999990932,2462.144050762703
56576,31.26377343789603,1301.5199999990932,2462.1547886406
56577,31.26377343789603,1301.5399999990932,2462.1655264538954
56578,31.26377343789603,1301.5599999990932,2462.176264202598
56579,31.26377343789603,1301.5799999990932,2462.187001886716
56580,31.26377343789603,1301.5999999990931,2462.197739506259
56581,31.26377343789603,1301.6199999990931,2462.2084770612346
56582,31.26377343789603,1301.639999999093,2462.219214551652
56583,31.26377343789603,1301.659999999093,2462.2299519775197
56584,31.26377343789603,1301.679999999093,2462.2406893388466
56585,31.26377343789603,1301.699999999093,2462.2514266356416
56586,31.26377343789603,1301.719999999093,2462.262163867913
56587,31.26377343789603,1301.739999999093,2462.2729010356693
56588,31.26377343789603,1301.759999999093,2462.2836381389193
56589,31.26377343789603,1301.779999999093,2462.294375177672
56590,31.26377343789603,1301.799999999093,2462.3051121519356
56591,31.26377343789603,1301.819999999093,2462.315849061719
56592,31.26377343789603,1301.839999999093,2462.3265859070307
56593,31.26377343789603,1301.859999999093,2462.3373226878794
56594,31.26377343789603,1301.879999999093,2462.348059404274
56595,31.26377343789603,1301.8999999990929,2462.358796056223
56596,31.26377343789603,1301.9199999990929,2462.369532643735
56597,31.26377343789603,1301.9399999990928,2462.380269166819
56598,31.26377343789603,1301.9599999990928,2462.391005625483
56599,31.26377343789603,1301.9799999990928,2462.4017420197365
56600,31.26377343789603,1301.9999999990928,2462.4124783495877
56601,31.26377343789603,1302.0199999990928,2462.4232146150453
56602,31.26377343789603,1302.0399999990927,2462.433950816118
56603,31.26377343789603,1302.0599999990927,2462.444686952814
56604,31.26377343789603,1302.0799999990927,2462.455423025143
56605,31.26377343789603,1302.0999999990927,2462.4661590331125
56606,31.26377343789603,1302.1199999990927,2462.4768949767317
56607,31.26377343789603,1302.1399999990927,2462.4876308560097
56608,31.26377343789603,1302.1599999990926,2462.4983666709545
56609,31.26377343789603,1302.1799999990926,2462.5091024215753
56610,31.26377343789603,1302.1999999990926,2462.5198381078803
56611,31.26377343789603,1302.2199999990926,2462.5305737298786
56612,31.26377343789603,1302.2399999990926,2462.5413092875783
56613,31.26377343789603,1302.2599999990925,2462.5520447809886
56614,31.26377343789603,1302.2799999990925,2462.5627802101176
56615,31.26377343789603,1302.2999999990925,2462.5735155749744
56616,31.26377343789603,1302.3199999990925,2462.5842508756796
56617,31.26377343789603,1302.3399999990925,2462.594986112509
56618,31.26377343789603,1302.3599999990925,2462.605721285489
56619,31.26377343789603,1302.3799999990924,2462.6164563946277
56620,31.26377343789603,1302.3999999990924,2462.627191439934
56621,31.26377343789603,1302.4199999990924,2462.6379264214165
56622,31.26377343789603,1302.4399999990924,2462.648661339084
56623,31.26377343789603,1302.4599999990924,2462.6593961929448
56624,31.26377343789603,1302.4799999990923,2462.6701309830078
56625,31.26377343789603,1302.4999999990923,2462.680865709282
56626,31.26377343789603,1302.5199999990923,2462.6916003717756
56627,31.26377343789603,1302.5399999990923,2462.7023349704973
56628,31.26377343789603,1302.5599999990923,2462.713069505456
56629,31.26377343789603,1302.5799999990923,2462.7238039766603
56630,31.26377343789603,1302.5999999990922,2462.734538384119
56631,31.26377343789603,1302.6199999990922,2462.74527272784
56632,31.26377343789603,1302.6399999990922,2462.756007007833
56633,31.26377343789603,1302.6599999990922,2462.766741224106
56634,31.26377343789603,1302.6799999990922,2462.777475376668
56635,31.26377343789603,1302.6999999990921,2462.7882094655274
56636,31.26377343789603,1302.7199999990921,2462.798943490693
56637,31.26377343789603,1302.739999999092,2462.8096774521737
56638,31.26377343789603,1302.759999999092,2462.820411349978
56639,31.26377343789603,1302.779999999092,2462.831145184114
56640,31.26377343789603,1302.799999999092,2462.8418789545913
56641,31.26377343789603,1302.819999999092,2462.852612661418
56642,31.26377343789603,1302.839999999092,2462.863346304603
56643,31.26377343789603,1302.859999999092,2462.874079884155
56644,31.26377343789603,1302.879999999092,2462.8848134000823
56645,31.26377343789603,1302.899999999092,2462.895546852394
56646,31.26377343789603,1302.919999999092,2462.9062802410986
56647,31.26377343789603,1302.939999999092,2462.917013566205
56648,31.26377343789603,1302.959999999092,2462.927746827721
56649,31.26377343789603,1302.979999999092,2462.938480025656
56650,31.26377343789603,1302.9999999990919,2462.9492131600186
56651,31.26377343789603,1303.0199999990919,2462.9599462308174
56652,31.26377343789603,1303.0399999990918,2462.970679238061
56653,31.26377343789603,1303.0599999990918,2462.9814121817585
56654,31.26377343789603,1303.0799999990918,2462.992145061918
56655,31.26377343789603,1303.0999999990918,2463.0028778785486
56656,31.26377343789603,1303.1199999990918,2463.0136106316586
56657,31.26377343789603,1303.1399999990917,2463.0243433212568
56658,31.26377343789603,1303.1599999990917,2463.0350759473517
56659,31.26377343789603,1303.1799999990917,2463.045808509952
56660,31.26377343789603,1303.1999999990917,2463.0565410090667
56661,31.26377343789603,1303.2199999990917,2463.0672734447044
56662,31.26377343789603,1303.2399999990917,2463.0780058168734
56663,31.26377343789603,1303.2599999990916,2463.088738125583
56664,31.26377343789603,1303.2799999990916,2463.099470370841
56665,31.26377343789603,1303.2999999990916,2463.110202552657
56666,31.26377343789603,1303.3199999990916,2463.120934671039
56667,31.26377343789603,1303.3399999990916,2463.1316667261344
56668,31.26377343789603,1303.3599999990915,2463.1423987182075
56669,31.221310670716313,1303.3799999990915,2463.1531306472793
56670,31.221310670716313,1303.3999999990915,2463.163862513359
56671,31.221310670716313,1303.4199999990915,2463.174594316455
56672,31.221310670716313,1303.4399999990915,2463.1853260565763
56673,31.221310670716313,1303.4599999990915,2463.196057733731
56674,31.221310670716313,1303.4799999990914,2463.206789347928
56675,31.221310670716313,1303.4999999990914,2463.217520899176
56676,31.221310670716313,1303.5199999990914,2463.228252387484
56677,31.221310670716313,1303.5399999990914,2463.238983812861
56678,31.221310670716313,1303.5599999990914,2463.249715175315
56679,31.221310670716313,1303.5799999990913,2463.2604464748547
56680,31.221310670716313,1303.5999999990913,2463.271177711489
56681,31.221310670716313,1303.6199999990913,2463.281908885227
56682,31.221310670716313,1303.6399999990913,2463.292639996077
56683,31.221310670716313,1303.6599999990913,2463.3033710440477
56684,31.221310670716313,1303.6799999990913,2463.3141020291478
56685,31.221310670716313,1303.6999999990912,2463.3248329513863
56686,31.221310670716313,1303.7199999990912,2463.3355638107714
56687,31.221310670716313,1303.7399999990912,2463.3462946073123
56688,31.221310670716313,1303.7599999990912,2463.357025341017
56689,31.221310670716313,1303.7799999990912,2463.367756011895
56690,31.221310670716313,1303.7999999990911,2463.3784866199544
56691,31.221310670716313,1303.8199999990911,2463.3892171652046
56692,31.221310670716313,1303.839999999091,2463.399947647654
56693,31.221310670716313,1303.859999999091,2463.4106780673105
56694,31.221310670716313,1303.879999999091,2463.421408424184
56695,31.221310670716313,1303.899999999091,2463.4321387182827
56696,31.221310670716313,1303.919999999091,2463.442868949615
56697,31.221310670716313,1303.939999999091,2463.4535991181897
56698,31.221310670716313,1303.959999999091,2463.464329224016
56699,31.221310670716313,1303.979999999091,2463.4750592671026
56700,31.221310670716313,1303.999999999091,2463.4857892474574
56701,31.221310670716313,1304.019999999091,2463.49651916509
56702,31.221310670716313,1304.039999999091,2463.5072490200087
56703,31.221310670716313,1304.059999999091,2463.517978812222
56704,31.221310670716313,1304.079999999091,2463.5287085417385
56705,31.221310670716313,1304.0999999990909,2463.5394382085674
56706,31.221310670716313,1304.1199999990909,2463.5501678127175
56707,31.221310670716313,1304.1399999990908,2463.560897354197
56708,31.221310670716313,1304.1599999990908,2463.5716268330148
56709,31.221310670716313,1304.1799999990908,2463.5823562491796
56710,31.221310670716313,1304.1999999990908,2463.5930856027003
56711,31.221310670716313,1304.2199999990908,2463.6038148935854
56712,31.221310670716313,1304.2399999990907,2463.6145441218437
56713,31.221310670716313,1304.2599999990907,2463.6252732874837
56714,31.221310670716313,1304.2799999990907,2463.636002390514
56715,31.221310670716313,1304.2999999990907,2463.646731430944
56716,31.221310670716313,1304.3199999990907,2463.6574604087814
56717,31.221310670716313,1304.3399999990907,2463.6681893240357
56718,31.221310670716313,1304.3599999990906,2463.6789181768627
56719,31.221310670716313,1304.3799999990906,2463.689646967485
56720,31.221310670716313,1304.3999999990906,2463.700375695918
56721,31.221310670716313,1304.4199999990906,2463.711104362171
56722,31.221310670716313,1304.4399999990906,2463.721832966253
56723,31.221310670716313,1304.4599999990905,2463.732561508172
56724,31.221310670716313,1304.4799999990905,2463.7432899879364
56725,31.221310670716313,1304.4999999990905,2463.7540184055556
56726,31.221310670716313,1304.5199999990905,2463.764746761038
56727,31.221310670716313,1304.5399999990905,2463.7754750543927
56728,31.221310670716313,1304.5599999990905,2463.7862032856283
56729,31.221310670716313,1304.5799999990904,2463.796931454753
56730,31.221310670716313,1304.5999999990904,2463.807659561776
56731,31.221310670716313,1304.6199999990904,2463.8183876067055
56732,31.221310670716313,1304.6399999990904,2463.829115589551
56733,31.221310670716313,1304.6599999990904,2463.8398435103204
56734,31.221310670716313,1304.6799999990903,2463.850571369023
56735,31.221310670716313,1304.6999999990903,2463.861299165667
56736,31.221310670716313,1304.7199999990903,2463.872026900261
56737,31.221310670716313,1304.7399999990903,2463.8827545728145
56738,31.221310670716313,1304.7599999990903,2463.8934821833354
56739,31.221310670716313,1304.7799999990903,2463.904209731833
56740,31.221310670716313,1304.7999999990902,2463.9149372183156
56741,31.221310670716313,1304.8199999990902,2463.925664642792
56742,31.221310670716313,1304.8399999990902,2463.936392005271
56743,31.221310670716313,1304.8599999990902,2463.9471193057616
56744,31.221310670716313,1304.8799999990902,2463.957846544272
56745,31.221310670716313,1304.8999999990901,2463.968573720811
56746,31.221310670716313,1304.9199999990901,2463.979300835387
56747,31.221310670716313,1304.93999999909,2463.9900278880095
56748,31.221310670716313,1304.95999999909,2464.0007548786866
56749,31.221310670716313,1304.97999999909,2464.011481807427
56750,31.221310670716313,1304.99999999909,2464.02220867424
56751,31.221310670716313,1305.01999999909,2464.032935479134
56752,31.221310670716313,1305.03999999909,2464.043662222117
56753,31.221310670716313,1305.05999999909,2464.0543889031983
56754,31.221310670716313,1305.07999999909,2464.065115522387
56755,31.221310670716313,1305.09999999909,2464.075842079691
56756,31.221310670716313,1305.11999999909,2464.0865685751196
56757,31.221310670716313,1305.13999999909,2464.097295008681
56758,31.221310670716313,1305.15999999909,2464.108021380385
56759,31.221310670716313,1305.17999999909,2464.1187476902387
56760,31.221310670716313,1305.1999999990899,2464.129473938252
56761,31.221310670716313,1305.2199999990899,2464.140200124433
56762,31.221310670716313,1305.2399999990898,2464.1509262487903
56763,31.221310670716313,1305.2599999990898,2464.161652311333
56764,31.221310670716313,1305.2799999990898,2464.17237831207
56765,31.221310670716313,1305.2999999990898,2464.18310425101
56766,31.221310670716313,1305.3199999990898,2464.1938301281607
56767,31.221310670716313,1305.3399999990897,2464.204555943532
56768,31.221310670716313,1305.3599999990897,2464.215281697132
56769,31.221310670716313,1305.3799999990897,2464.226007389148
56770,31.221310670716313,1305.3999999990897,2464.236733019796
56771,31.221310670716313,1305.4199999990897,2464.2474585890877
56772,31.221310670716313,1305.4399999990897,2464.258184097032
56773,31.221310670716313,1305.4599999990896,2464.268909543637
56774,31.221310670716313,1305.4799999990896,2464.2796349289124
56775,31.221310670716313,1305.4999999990896,2464.2903602528663
56776,31.221310670716313,1305.5199999990896,2464.3010855155076
56777,31.221310670716313,1305.5399999990896,2464.311810716845
56778,31.221310670716313,1305.5599999990895,2464.3225358568866
56779,31.221310670716313,1305.5799999990895,2464.333260935642
56780,31.221310670716313,1305.5999999990895,2464.3439859531195
56781,31.221310670716313,1305.6199999990895,2464.354710909328
56782,31.221310670716313,1305.6399999990895,2464.365435804276
56783,31.221310670716313,1305.6599999990895,2464.376160637972
56784,31.221310670716313,1305.6799999990894,2464.3868854104257
56785,31.221310670716313,1305.6999999990894,2464.397610121645
56786,31.221310670716313,1305.7199999990894,2464.4083347716387
56787,31.221310670716313,1305.7399999990894,2464.4190593604158
56788,31.221310670716313,1305.7599999990894,2464.4297838879843
56789,31.221310670716313,1305.7799999990893,2464.440508354354
56790,31.221310670716313,1305.7999999990893,2464.4512327595326
56791,31.221310670716313,1305.8199999990893,2464.461957103529
56792,31.221310670716313,1305.8399999990893,2464.4726813863526
56793,31.221310670716313,1305.8599999990893,2464.4834056080117
56794,31.221310670716313,1305.8799999990893,2464.494129768515
56795,31.221310670716313,1305.8999999990892,2464.504853867871
56796,31.221310670716313,1305.9199999990892,2464.5155779060888
56797,31.221310670716313,1305.9399999990892,2464.5263018831765
56798,31.221310670716313,1305.9599999990892,2464.5370257991435
56799,31.221310670716313,1305.9799999990892,2464.5477496539984
56800,31.221310670716313,1305.9999999990891,2464.5584734477497
56801,31.221310670716313,1306.0199999990891,2464.5691971804063
56802,31.221310670716313,1306.039999999089,2464.5799208519766
56803,31.221310670716313,1306.059999999089,2464.5906444624693
56804,31.221310670716313,1306.079999999089,2464.6013680118936
56805,31.221310670716313,1306.099999999089,2464.612091500258
56806,31.221310670716313,1306.119999999089,2464.6228149275707
56807,31.221310670716313,1306.139999999089,2464.633538293841
56808,31.221310670716313,1306.159999999089,2464.6442615990777
56809,31.221310670716313,1306.179999999089,2464.654984843289
56810,31.221310670716313,1306.199999999089,2464.6657080264845
56811,31.221310670716313,1306.219999999089,2464.676431148672
56812,31.221310670716313,1306.239999999089,2464.68715420986
56813,31.221310670716313,1306.259999999089,2464.6978772100583
56814,31.221310670716313,1306.279999999089,2464.708600149275
56815,31.221310670716313,1306.2999999990889,2464.719323027519
56816,31.221310670716313,1306.3199999990889,2464.7300458447985
56817,31.221310670716313,1306.3399999990888,2464.740768601123
56818,31.221310670716313,1306.3599999990888,2464.7514912965007
56819,31.221310670716313,1306.3799999990888,2464.762213930942
56820,31.221310670716313,1306.3999999990888,2464.7729365046557
56821,31.221310670716313,1306.4199999990888,2464.7836590178376
56822,31.221310670716313,1306.4399999990887,2464.794381470497
56823,31.221310670716313,1306.4599999990887,2464.8051038626418
56824,31.221310670716313,1306.4799999990887,2464.8158261942813
56825,31.221310670716313,1306.4999999990887,2464.8265484654244
56826,31.221310670716313,1306.5199999990887,2464.8372706760792
56827,31.221310670716313,1306.5399999990886,2464.847992826255
56828,31.221310670716313,1306.5599999990886,2464.8587149159603
56829,31.221310670716313,1306.5799999990886,2464.8694369452037
56830,31.221310670716313,1306.5999999990886,2464.8801589139944
56831,31.221310670716313,1306.6199999990886,2464.8908808223405
56832,31.221310670716313,1306.6399999990886,2464.901602670251
56833,31.221310670716313,1306.6599999990885,2464.912324457735
56834,31.221310670716313,1306.6799999990885,2464.9230461848006
56835,31.221310670716313,1306.6999999990885,2464.9337678514567
56836,31.221310670716313,1306.7199999990885,2464.9444894577123
56837,31.221310670716313,1306.7399999990885,2464.955211003576
56838,31.221310670716313,1306.7599999990884,2464.9659324890563
56839,31.221310670716313,1306.7799999990884,2464.9766539141624
56840,31.221310670716313,1306.7999999990884,2464.9873752789026
56841,31.221310670716313,1306.8199999990884,2464.9980965832856
56842,31.221310670716313,1306.8399999990884,2465.0088178273204
56843,31.221310670716313,1306.8599999990884,2465.0195390110157
56844,31.221310670716313,1306.8799999990883,2465.03026013438
56845,31.221310670716313,1306.8999999990883,2465.0409811974223
56846,31.221310670716313,1306.9199999990883,2465.051702200151
56847,31.221310670716313,1306.9399999990883,2465.062423142575
56848,31.221310670716313,1306.9599999990883,2465.073144024703
56849,31.221310670716313,1306.9799999990882,2465.083864846544
56850,31.221310670716313,1306.9999999990882,2465.0945856081066
56851,31.221310670716313,1307.0199999990882,2465.105306309399
56852,31.221310670716313,1307.0399999990882,2465.1160269504308
56853,31.221310670716313,1307.0599999990882,2465.1267475312097
56854,31.221310670716313,1307.0799999990882,2465.137468051745
56855,31.221310670716313,1307.0999999990881,2465.1481885120456
56856,31.221310670716313,1307.1199999990881,2465.1589089121203
56857,31.221310670716313,1307.139999999088,2465.1696292519773
56858,31.221310670716313,1307.159999999088,2465.180349531626
56859,31.221310670716313,1307.179999999088,2465.1910697510743
56860,31.221310670716313,1307.199999999088,2465.2017899103316
56861,31.221310670716313,1307.219999999088,2465.2125100094063
56862,31.221310670716313,1307.239999999088,2465.223230048307
56863,31.221310670716313,1307.259999999088,2465.2339500270427
56864,31.221310670716313,1307.279999999088,2465.2446699456223
56865,31.221310670716313,1307.299999999088,2465.255389804054
56866,31.221310670716313,1307.319999999088,2465.266109602347
56867,31.221310670716313,1307.339999999088,2465.2768293405097
56868,31.221310670716313,1307.359999999088,2465.287549018551
56869,31.221310670716313,1307.3799999990879,2465.29826863648
56870,31.221310670716313,1307.3999999990879,2465.3089881943106
56871,31.221310670716313,1307.4199999990878,2465.3197076922706
56872,31.221310670716313,1307.4399999990878,2465.3304271305333
56873,31.221310670716313,1307.4599999990878,2465.341146509107
56874,31.221310670716313,1307.4799999990878,2465.3518658280013
56875,31.221310670716313,1307.4999999990878,2465.362585087224
56876,31.221310670716313,1307.5199999990878,2465.3733042867843
56877,31.221310670716313,1307.5399999990877,2465.384023426691
56878,31.221310670716313,1307.5599999990877,2465.3947425069528
56879,31.221310670716313,1307.5799999990877,2465.405461527578
56880,31.221310670716313,1307.5999999990877,2465.416180488576
56881,31.221310670716313,1307.6199999990877,2465.4268993899555
56882,31.221310670716313,1307.6399999990876,2465.4376182317246
56883,31.221310670716313,1307.6599999990876,2465.4483370138923
56884,31.221310670716313,1307.6799999990876,2465.4590557364677
56885,31.221310670716313,1307.6999999990876,2465.4697743994593
56886,31.221310670716313,1307.7199999990876,2465.4804930028754
56887,31.221310670716313,1307.7399999990876,2465.4912115467255
56888,31.221310670716313,1307.7599999990875,2465.5019300310178
56889,31.221310670716313,1307.7799999990875,2465.5126484557613
56890,31.221310670716313,1307.7999999990875,2465.523366820965
56891,31.221310670716313,1307.8199999990875,2465.534085126637
56892,31.221310670716313,1307.8399999990875,2465.544803372786
56893,31.221310670716313,1307.8599999990874,2465.5555215594213
56894,31.221310670716313,1307.8799999990874,2465.5662396865514
56895,31.221310670716313,1307.8999999990874,2465.576957754185
56896,31.221310670716313,1307.9199999990874,2465.587675762331
56897,31.221310670716313,1307.9399999990874,2465.598393710998
56898,31.221310670716313,1307.9599999990874,2465.609111600195
56899,31.221310670716313,1307.9799999990873,2465.61982942993
56900,31.221310670716313,1307.9999999990873,2465.6305472002127
56901,31.221310670716313,1308.0199999990873,2465.641264911051
56902,31.221310670716313,1308.0399999990873,2465.6519825624546
56903,31.221310670716313,1308.0599999990873,2465.662700154431
56904,31.221310670716313,1308.0799999990872,2465.67341768699
56905,31.221310670716313,1308.0999999990872,2465.6841351601397
56906,31.221310670716313,1308.1199999990872,2465.6948525738894
56907,31.221310670716313,1308.1399999990872,2465.7055699282473
56908,31.221310670716313,1308.1599999990872,2465.7162872232225
56909,31.221310670716313,1308.1799999990872,2465.7270044588236
56910,31.221310670716313,1308.1999999990871,2465.737721635059
56911,31.221310670716313,1308.2199999990871,2465.748438751938
56912,31.221310670716313,1308.239999999087,2465.759155809469
56913,31.221310670716313,1308.259999999087,2465.769872807661
56914,31.221310670716313,1308.279999999087,2465.7805897465228
56915,31.221310670716313,1308.299999999087,2465.7913066260626
56916,31.221310670716313,1308.319999999087,2465.8020234462897
56917,31.221310670716313,1308.339999999087,2465.8127402072123
56918,31.221310670716313,1308.359999999087,2465.8234569088395
56919,31.221310670716313,1308.379999999087,2465.83417355118
56920,31.221310670716313,1308.399999999087,2465.8448901342426
56921,31.221310670716313,1308.419999999087,2465.8556066580472
56922,31.221310670716313,1308.439999999087,2465.866323122854
56923,31.221310670716313,1308.459999999087,2465.877039528821
56924,31.221310670716313,1308.4799999990869,2465.887755875958
56925,31.221310670716313,1308.4999999990869,2465.8984721642732
56926,31.221310670716313,1308.5199999990868,2465.9091883937754
56927,31.221310670716313,1308.5399999990868,2465.919904564473
56928,31.221310670716313,1308.5599999990868,2465.930620676376
56929,31.221310670716313,1308.5799999990868,2465.9413367294915
56930,31.221310670716313,1308.5999999990868,2465.952052723829
56931,31.221310670716313,1308.6199999990868,2465.962768659398
56932,31.221310670716313,1308.6399999990867,2465.9734845362063
56933,31.221310670716313,1308.6599999990867,2465.984200354263
56934,31.221310670716313,1308.6799999990867,2465.9949161135764
56935,31.221310670716313,1308.6999999990867,2466.005631814156
56936,31.221310670716313,1308.7199999990867,2466.01634745601
56937,31.221310670716313,1308.7399999990866,2466.0270630391474
56938,31.221310670716313,1308.7599999990866,2466.0377785635765
56939,31.221310670716313,1308.7799999990866,2466.0484940293063
56940,31.221310670716313,1308.7999999990866,2466.059209436346
56941,31.221310670716313,1308.8199999990866,2466.0699247847037
56942,31.221310670716313,1308.8399999990866,2466.0806400743886
56943,31.221310670716313,1308.8599999990865,2466.0913553054093
56944,31.221310670716313,1308.8799999990865,2466.1020704777748
56945,31.221310670716313,1308.8999999990865,2466.1127855914933
56946,31.221310670716313,1308.9199999990865,2466.123500646574
56947,31.221310670716313,1308.9399999990865,2466.1342156430255
56948,31.221310670716313,1308.9599999990864,2466.1449305808565
56949,31.221310670716313,1308.9799999990864,2466.155645460076
56950,31.221310670716313,1308.9999999990864,2466.166360280692
56951,31.221310670716313,1309.0199999990864,2466.177075042714
56952,31.221310670716313,1309.0399999990864,2466.187789746151
56953,31.221310670716313,1309.0599999990864,2466.198504391011
56954,31.221310670716313,1309.0799999990863,2466.209218977303
56955,31.221310670716313,1309.0999999990863,2466.219933505036
56956,31.221310670716313,1309.1199999990863,2466.2306479742183
56957,31.221310670716313,1309.1399999990863,2466.2413623848593
56958,31.221310670716313,1309.1599999990863,2466.252076736967
56959,31.221310670716313,1309.1799999990862,2466.2627910305505
56960,31.221310670716313,1309.1999999990862,2466.2735052656185
56961,31.221310670716313,1309.2199999990862,2466.28421944218
56962,31.221310670716313,1309.2399999990862,2466.2949335602434
56963,31.178943938828535,1309.2599999990862,2466.3056476198176
56964,31.178943938828535,1309.2799999990862,2466.3163616209117
56965,31.178943938828535,1309.2999999990861,2466.327075563534
56966,31.178943938828535,1309.3199999990861,2466.3377894476935
56967,31.178943938828535,1309.339999999086,2466.3485032733984
56968,31.178943938828535,1309.359999999086,2466.359217040658
56969,31.178943938828535,1309.379999999086,2466.3699307494812
56970,31.178943938828535,1309.399999999086,2466.3806443998765
56971,31.178943938828535,1309.419999999086,2466.391357991852
56972,31.178943938828535,1309.439999999086,2466.402071525432
56973,31.178943938828535,1309.459999999086,2466.4127850008617
56974,31.178943938828535,1309.479999999086,2466.4234984182613
56975,31.178943938828535,1309.499999999086,2466.434211777639
56976,31.178943938828535,1309.519999999086,2466.444925079004
56977,31.178943938828535,1309.539999999086,2466.4556383223644
56978,31.178943938828535,1309.559999999086,2466.4663515077295
56979,31.178943938828535,1309.5799999990859,2466.477064635108
56980,31.178943938828535,1309.5999999990859,2466.4877777045085
56981,31.178943938828535,1309.6199999990858,2466.4984907159396
56982,31.178943938828535,1309.6399999990858,2466.5092036694105
56983,31.178943938828535,1309.6599999990858,2466.5199165649296
56984,31.178943938828535,1309.6799999990858,2466.530629402506
56985,31.178943938828535,1309.6999999990858,2466.541342182148
56986,31.178943938828535,1309.7199999990858,2466.552054903865
56987,31.178943938828535,1309.7399999990857,2466.5627675676656
56988,31.178943938828535,1309.7599999990857,2466.573480173558
56989,31.178943938828535,1309.7799999990857,2466.584192721551
56990,31.178943938828535,1309.7999999990857,2466.594905211654
56991,31.178943938828535,1309.8199999990857,2466.605617643875
56992,31.178943938828535,1309.8399999990856,2466.616330018224
56993,31.178943938828535,1309.8599999990856,2466.627042334708
56994,31.178943938828535,1309.8799999990856,2466.6377545933374
56995,31.178943938828535,1309.8999999990856,2466.64846679412
56996,31.178943938828535,1309.9199999990856,2466.6591789370646
56997,31.178943938828535,1309.9399999990856,2466.6698910221803
56998,31.178943938828535,1309.9599999990855,2466.680603049476
56999,31.178943938828535,1309.9799999990855,2466.69131501896
57000,31.178943938828535,1309.9999999990855,2466.7020269306413
57001,31.178943938828535,1310.0199999990855,2466.7127387845285
57002,31.178943938828535,1310.0399999990855,2466.7234505806305
57003,31.178943938828535,1310.0599999990854,2466.734162318956
57004,31.178943938828535,1310.0799999990854,2466.744873999514
57005,31.178943938828535,1310.0999999990854,2466.755585622313
57006,31.178943938828535,1310.1199999990854,2466.766297187362
57007,31.178943938828535,1310.1399999990854,2466.7770086946693
57008,31.178943938828535,1310.1599999990854,2466.787720144244
57009,31.178943938828535,1310.1799999990853,2466.7984315360945
57010,31.178943938828535,1310.1999999990853,2466.80914287023
57011,31.178943938828535,1310.2199999990853,2466.8198541466595
57012,31.178943938828535,1310.2399999990853,2466.830565365391
57013,31.178943938828535,1310.2599999990853,2466.841276526434
57014,31.178943938828535,1310.2799999990852,2466.8519876297964
57015,31.178943938828535,1310.2999999990852,2466.862698675488
57016,31.178943938828535,1310.3199999990852,2466.8734096635167
57017,31.178943938828535,1310.3399999990852,2466.8841205938916
57018,31.178943938828535,1310.3599999990852,2466.8948314666213
57019,31.178943938828535,1310.3799999990852,2466.905542281715
57020,31.178943938828535,1310.3999999990851,2466.916253039181
57021,31.178943938828535,1310.4199999990851,2466.926963739028
57022,31.178943938828535,1310.439999999085,2466.937674381265
57023,31.178943938828535,1310.459999999085,2466.9483849659205
57024,31.178943938828535,1310.479999999085,2466.959095493274
57025,31.178943938828535,1310.499999999085,2466.9698059634297
57026,31.178943938828535,1310.519999999085,2466.980516376396
57027,31.178943938828535,1310.539999999085,2466.991226732181
57028,31.178943938828535,1310.559999999085,2467.0019370307946
57029,31.178943938828535,1310.579999999085,2467.0126472722445
57030,31.178943938828535,1310.599999999085,2467.0233574565405
57031,31.178943938828535,1310.619999999085,2467.0340675836906
57032,31.178943938828535,1310.639999999085,2467.044777653704
57033,31.178943938828535,1310.659999999085,2467.055487666589
57034,31.178943938828535,1310.6799999990849,2467.066197622355
57035,31.178943938828535,1310.6999999990849,2467.0769075210105
57036,31.178943938828535,1310.7199999990848,2467.087617362564
57037,31.178943938828535,1310.7399999990848,2467.0983271470245
57038,31.178943938828535,1310.7599999990848,2467.1090368744008
57039,31.178943938828535,1310.7799999990848,2467.1197465447017
57040,31.178943938828535,1310.7999999990848,2467.130456157936
57041,31.178943938828535,1310.8199999990848,2467.141165714112
57042,31.178943938828535,1310.8399999990847,2467.1518752132392
57043,31.178943938828535,1310.8599999990847,2467.1625846553256
57044,31.178943938828535,1310.8799999990847,2467.173294040381
57045,31.178943938828535,1310.8999999990847,2467.184003368413
57046,31.178943938828535,1310.9199999990847,2467.194712639431
57047,31.178943938828535,1310.9399999990846,2467.205421853444
57048,31.178943938828535,1310.9599999990846,2467.2161310104602
57049,31.178943938828535,1310.9799999990846,2467.226840110489
57050,31.178943938828535,1310.9999999990846,2467.2375491535386
57051,31.178943938828535,1311.0199999990846,2467.248258139618
57052,31.178943938828535,1311.0399999990846,2467.2589670687357
57053,31.178943938828535,1311.0599999990845,2467.269675940901
57054,31.178943938828535,1311.0799999990845,2467.280384756122
57055,31.178943938828535,1311.0999999990845,2467.291093514408
57056,31.178943938828535,1311.1199999990845,2467.301802215768
57057,31.178943938828535,1311.1399999990845,2467.3125108602103
57058,31.178943938828535,1311.1599999990844,2467.3232194477437
57059,31.178943938828535,1311.1799999990844,2467.3339279783772
57060,31.178943938828535,1311.1999999990844,2467.344636452119
57061,31.178943938828535,1311.2199999990844,2467.355344868979
57062,31.178943938828535,1311.2399999990844,2467.366053228965
57063,31.178943938828535,1311.2599999990844,2467.376761532086
57064,31.178943938828535,1311.2799999990843,2467.3874697783513
57065,31.178943938828535,1311.2999999990843,2467.398177967769
57066,31.178943938828535,1311.3199999990843,2467.4088861003474
57067,31.178943938828535,1311.3399999990843,2467.4195941760963
57068,31.178943938828535,1311.3599999990843,2467.430302195024
57069,31.178943938828535,1311.3799999990842,2467.4410101571398
57070,31.178943938828535,1311.3999999990842,2467.4517180624516
57071,31.178943938828535,1311.4199999990842,2467.4624259109687
57072,31.178943938828535,1311.4399999990842,2467.4731337026997
57073,31.178943938828535,1311.4599999990842,2467.4838414376536
57074,31.178943938828535,1311.4799999990842,2467.4945491158633
57075,31.178943938828535,1311.4999999990841,2467.505256737627
57076,31.178943938828535,1311.5199999990841,2467.5159643030256
57077,31.178943938828535,1311.539999999084,2467.526671812068
57078,31.178943938828535,1311.559999999084,2467.537379264763
57079,31.178943938828535,1311.579999999084,2467.5480866611188
57080,31.178943938828535,1311.599999999084,2467.5587940011446
57081,31.178943938828535,1311.619999999084,2467.5695012848496
57082,31.178943938828535,1311.639999999084,2467.5802085122423
57083,31.178943938828535,1311.659999999084,2467.5909156833313
57084,31.178943938828535,1311.679999999084,2467.6016227981254
57085,31.178943938828535,1311.699999999084,2467.6123298566336
57086,31.178943938828535,1311.719999999084,2467.6230368588645
57087,31.178943938828535,1311.739999999084,2467.6337438048267
57088,31.178943938828535,1311.759999999084,2467.6444506945295
57089,31.178943938828535,1311.7799999990839,2467.6551575279814
57090,31.178943938828535,1311.7999999990839,2467.665864305191
57091,31.178943938828535,1311.8199999990838,2467.676571026167
57092,31.178943938828535,1311.8399999990838,2467.6872776909186
57093,31.178943938828535,1311.8599999990838,2467.697984299454
57094,31.178943938828535,1311.8799999990838,2467.708690851783
57095,31.178943938828535,1311.8999999990838,2467.719397347914
57096,31.178943938828535,1311.9199999990838,2467.730103787855
57097,31.178943938828535,1311.9399999990837,2467.7408101716155
57098,31.178943938828535,1311.9599999990837,2467.751516499204
57099,31.178943938828535,1311.9799999990837,2467.7622227706297
57100,31.178943938828535,1311.9999999990837,2467.772928985901
57101,31.178943938828535,1312.0199999990837,2467.783635145027
57102,31.178943938828535,1312.0399999990836,2467.794341248016
57103,31.178943938828535,1312.0599999990836,2467.805047294877
57104,31.178943938828535,1312.0799999990836,2467.8157532856194
57105,31.178943938828535,1312.0999999990836,2467.8264592202513
57106,31.178943938828535,1312.1199999990836,2467.8371650987815
57107,31.178943938828535,1312.1399999990836,2467.8478709212186
57108,31.178943938828535,1312.1599999990835,2467.8585766875717
57109,31.178943938828535,1312.1799999990835,2467.86928239785
57110,31.178943938828535,1312.1999999990835,2467.8799880520614
57111,31.178943938828535,1312.2199999990835,2467.8906936502153
57112,31.178943938828535,1312.2399999990835,2467.9013991923202
57113,31.178943938828535,1312.2599999990834,2467.9121046783853
57114,31.178943938828535,1312.2799999990834,2467.922810108419
57115,31.178943938828535,1312.2999999990834,2467.9335154824303
57116,31.178943938828535,1312.3199999990834,2467.9442208004275
57117,31.178943938828535,1312.3399999990834,2467.95492606242
57118,31.178943938828535,1312.3599999990834,2467.965631268416
57119,31.178943938828535,1312.3799999990833,2467.976336418425
57120,31.178943938828535,1312.3999999990833,2467.987041512455
57121,31.178943938828535,1312.4199999990833,2467.9977465505153
57122,31.178943938828535,1312.4399999990833,2468.008451532615
57123,31.178943938828535,1312.4599999990833,2468.019156458762
57124,31.178943938828535,1312.4799999990832,2468.029861328966
57125,31.178943938828535,1312.4999999990832,2468.0405661432637
57126,31.178943938828535,1312.5199999990832,2468.051270901972
57127,31.178943938828535,1312.5399999990832,2468.06197560515
57128,31.178943938828535,1312.5599999990832,2468.0726802528056
57129,31.178943938828535,1312.5799999990832,2468.083384844948
57130,31.178943938828535,1312.5999999990831,2468.0940893815855
57131,31.178943938828535,1312.6199999990831,2468.1047938627275
57132,31.178943938828535,1312.639999999083,2468.1154982883827
57133,31.178943938828535,1312.659999999083,2468.1262026585596
57134,31.178943938828535,1312.679999999083,2468.136906973267
57135,31.178943938828535,1312.699999999083,2468.1476112325136
57136,31.178943938828535,1312.719999999083,2468.158315436309
57137,31.178943938828535,1312.739999999083,2468.169019584661
57138,31.178943938828535,1312.759999999083,2468.1797236775787
57139,31.178943938828535,1312.779999999083,2468.1904277150716
57140,31.178943938828535,1312.799999999083,2468.2011316971475
57141,31.178943938828535,1312.819999999083,2468.2118356238157
57142,31.178943938828535,1312.839999999083,2468.2225394950847
57143,31.178943938828535,1312.859999999083,2468.2332433109636
57144,31.178943938828535,1312.8799999990829,2468.243947071461
57145,31.178943938828535,1312.8999999990829,2468.2546507765865
57146,31.178943938828535,1312.9199999990828,2468.2653544263476
57147,31.178943938828535,1312.9399999990828,2468.2760580207537
57148,31.178943938828535,1312.9599999990828,2468.286761559814
57149,31.178943938828535,1312.9799999990828,2468.2974650435362
57150,31.178943938828535,1312.9999999990828,2468.30816847193
57151,31.178943938828535,1313.0199999990828,2468.318871845004
57152,31.178943938828535,1313.0399999990827,2468.3295751627675
57153,31.178943938828535,1313.0599999990827,2468.3402784252285
57154,31.178943938828535,1313.0799999990827,2468.350981632396
57155,31.178943938828535,1313.0999999990827,2468.3616847842786
57156,31.178943938828535,1313.1199999990827,2468.3723878808855
57157,31.178943938828535,1313.1399999990826,2468.3830909222256
57158,31.178943938828535,1313.1599999990826,2468.3937939083075
57159,31.178943938828535,1313.1799999990826,2468.40449683914
57160,31.178943938828535,1313.1999999990826,2468.4151997147314
57161,31.178943938828535,1313.2199999990826,2468.425902535091
57162,31.178943938828535,1313.2399999990826,2468.4366053002277
57163,31.178943938828535,1313.2599999990825,2468.44730801015
57164,31.178943938828535,1313.2799999990825,2468.4580106648673
57165,31.178943938828535,1313.2999999990825,2468.4687132643876
57166,31.178943938828535,1313.3199999990825,2468.47941580872
57167,31.178943938828535,1313.3399999990825,2468.490118297874
57168,31.178943938828535,1313.3599999990824,2468.500820731857
57169,31.178943938828535,1313.3799999990824,2468.5115231106784
57170,31.178943938828535,1313.3999999990824,2468.522225434347
57171,31.178943938828535,1313.4199999990824,2468.5329277028723
57172,31.178943938828535,1313.4399999990824,2468.543629916262
57173,31.178943938828535,1313.4599999990824,2468.5543320745255
57174,31.178943938828535,1313.4799999990823,2468.565034177672
57175,31.178943938828535,1313.4999999990823,2468.575736225709
57176,31.178943938828535,1313.5199999990823,2468.5864382186846
57177,31.178943938828535,1313.5399999990823,2468.5971401569245
57178,31.178943938828535,1313.5599999990823,2468.6078420404688
57179,31.178943938828535,1313.5799999990822,2468.618543869326
57180,31.178943938828535,1313.5999999990822,2468.629245643505
57181,31.178943938828535,1313.6199999990822,2468.6399473630145
57182,31.178943938828535,1313.6399999990822,2468.6506490278634
57183,31.178943938828535,1313.6599999990822,2468.661350638061
57184,31.178943938828535,1313.6799999990822,2468.6720521936154
57185,31.178943938828535,1313.6999999990821,2468.6827536945357
57186,31.178943938828535,1313.7199999990821,2468.693455140831
57187,31.178943938828535,1313.739999999082,2468.7041565325094
57188,31.178943938828535,1313.759999999082,2468.7148578695806
57189,31.178943938828535,1313.779999999082,2468.725559152053
57190,31.178943938828535,1313.799999999082,2468.736260379935
57191,31.178943938828535,1313.819999999082,2468.746961553236
57192,31.178943938828535,1313.839999999082,2468.757662671964
57193,31.178943938828535,1313.859999999082,2468.7683637361292
57194,31.178943938828535,1313.879999999082,2468.7790647457396
57195,31.178943938828535,1313.899999999082,2468.789765700804
57196,31.178943938828535,1313.919999999082,2468.8004666013308
57197,31.178943938828535,1313.939999999082,2468.8111674473294
57198,31.178943938828535,1313.959999999082,2468.8218682388083
57199,31.178943938828535,1313.9799999990819,2468.8325689757767
57200,31.178943938828535,1313.9999999990819,2468.843269658243
57201,31.178943938828535,1314.0199999990818,2468.8539702862163
57202,31.178943938828535,1314.0399999990818,2468.8646708597053
57203,31.178943938828535,1314.0599999990818,2468.8753713787187
57204,31.178943938828535,1314.0799999990818,2468.886071843265
57205,31.178943938828535,1314.0999999990818,2468.896772253354
57206,31.178943938828535,1314.1199999990818,2468.9074726089934
57207,31.178943938828535,1314.1399999990817,2468.918172910193
57208,31.178943938828535,1314.1599999990817,2468.928873156961
57209,31.178943938828535,1314.1799999990817,2468.939573349306
57210,31.178943938828535,1314.1999999990817,2468.9502734872376
57211,31.178943938828535,1314.2199999990817,2468.960973570764
57212,31.178943938828535,1314.2399999990816,2468.9716735998945
57213,31.178943938828535,1314.2599999990816,2468.982373574637
57214,31.178943938828535,1314.2799999990816,2468.9930734950017
57215,31.178943938828535,1314.2999999990816,2469.003773360996
57216,31.178943938828535,1314.3199999990816,2469.0144731726296
57217,31.178943938828535,1314.3399999990816,2469.025172929911
57218,31.178943938828535,1314.3599999990815,2469.035872632849
57219,31.178943938828535,1314.3799999990815,2469.0465722814524
57220,31.178943938828535,1314.3999999990815,2469.0572718757303
57221,31.178943938828535,1314.4199999990815,2469.0679714156913
57222,31.178943938828535,1314.4399999990815,2469.078670901344
57223,31.178943938828535,1314.4599999990814,2469.0893703326974
57224,31.178943938828535,1314.4799999990814,2469.10006970976
57225,31.178943938828535,1314.4999999990814,2469.1107690325416
57226,31.178943938828535,1314.5199999990814,2469.12146830105
57227,31.178943938828535,1314.5399999990814,2469.1321675153586
57228,31.178943938828535,1314.5599999990814,2469.1428666757943
57229,31.178943938828535,1314.5799999990813,2469.1535657823943
57230,31.178943938828535,1314.5999999990813,2469.164264835167
57231,31.178943938828535,1314.6199999990813,2469.174963834122
57232,31.178943938828535,1314.6399999990813,2469.1856627792677
57233,31.178943938828535,1314.6599999990813,2469.1963616706125
57234,31.178943938828535,1314.6799999990812,2469.207060508166
57235,31.178943938828535,1314.6999999990812,2469.217759291936
57236,31.178943938828535,1314.7199999990812,2469.2284580219325
57237,31.178943938828535,1314.7399999990812,2469.2391566981637
57238,31.178943938828535,1314.7599999990812,2469.2498553206383
57239,31.178943938828535,1314.7799999990812,2469.2605538893654
57240,31.178943938828535,1314.7999999990811,2469.2712524043536
57241,31.178943938828535,1314.8199999990811,2469.281950865612
57242,31.178943938828535,1314.839999999081,2469.2926492731494
57243,31.178943938828535,1314.859999999081,2469.3033476269743
57244,31.178943938828535,1314.879999999081,2469.314045927096
57245,31.178943938828535,1314.899999999081,2469.3247441735225
57246,31.178943938828535,1314.919999999081,2469.3354423662636
57247,31.178943938828535,1314.939999999081,2469.3461405053276
57248,31.178943938828535,1314.959999999081,2469.3568385907233
57249,31.178943938828535,1314.979999999081,2469.3675366224597
57250,31.178943938828535,1314.999999999081,2469.3782346005455
57251,31.178943938828535,1315.019999999081,2469.3889325249897
57252,31.178943938828535,1315.039999999081,2469.399630395801
57253,31.178943938828535,1315.059999999081,2469.4103282129886
57254,31.178943938828535,1315.0799999990809,2469.421025976561
57255,31.178943938828535,1315.0999999990809,2469.4317236865268
57256,31.178943938828535,1315.1199999990808,2469.442421342895
57257,31.13667293843201,1315.1399999990808,2469.4531189456748
57258,31.13667293843201,1315.1599999990808,2469.463816494874
57259,31.13667293843201,1315.1799999990808,2469.4745139905026
57260,31.13667293843201,1315.1999999990808,2469.4852114325686
57261,31.13667293843201,1315.2199999990808,2469.4959088210812
57262,31.13667293843201,1315.2399999990807,2469.506606156049
57263,31.13667293843201,1315.2599999990807,2469.5173034374816
57264,31.13667293843201,1315.2799999990807,2469.528000665387
57265,31.13667293843201,1315.2999999990807,2469.538697839774
57266,31.13667293843201,1315.3199999990807,2469.549394960652
57267,31.13667293843201,1315.3399999990806,2469.5600920280294
57268,31.13667293843201,1315.3599999990806,2469.5707890419153
57269,31.13667293843201,1315.3799999990806,2469.5814860023183
57270,31.13667293843201,1315.3999999990806,2469.592182909247
57271,31.13667293843201,1315.4199999990806,2469.602879762711
57272,31.13667293843201,1315.4399999990806,2469.613576562718
57273,31.13667293843201,1315.4599999990805,2469.624273309278
57274,31.13667293843201,1315.4799999990805,2469.6349700023993
57275,31.13667293843201,1315.4999999990805,2469.6456666420904
57276,31.13667293843201,1315.5199999990805,2469.6563632283605
57277,31.13667293843201,1315.5399999990805,2469.6670597612188
57278,31.13667293843201,1315.5599999990804,2469.6777562407515
57279,31.13667293843201,1315.5799999990804,2469.68845266723
57280,31.13667293843201,1315.5999999990804,2469.699149040685
57281,31.13667293843201,1315.6199999990804,2469.709845361124
57282,31.13667293843201,1315.6399999990804,2469.720541628556
57283,31.13667293843201,1315.6599999990804,2469.7312378429906
57284,31.13667293843201,1315.6799999990803,2469.741934004436
57285,31.13667293843201,1315.6999999990803,2469.7526301129014
57286,31.13667293843201,1315.7199999990803,2469.7633261683955
57287,31.13667293843201,1315.7399999990803,2469.774022170927
57288,31.13667293843201,1315.7599999990803,2469.7847181205047
57289,31.13667293843201,1315.7799999990802,2469.795414017138
57290,31.13667293843201,1315.7999999990802,2469.806109860835
57291,31.13667293843201,1315.8199999990802,2469.816805651605
57292,31.13667293843201,1315.8399999990802,2469.8275013894568
57293,31.13667293843201,1315.8599999990802,2469.838197074399
57294,31.13667293843201,1315.8799999990802,2469.8488927064404
57295,31.13667293843201,1315.8999999990801,2469.8595882855902
57296,31.13667293843201,1315.9199999990801,2469.870283811857
57297,31.13667293843201,1315.93999999908,2469.88097928525
57298,31.13667293843201,1315.95999999908,2469.8916747057774
57299,31.13667293843201,1315.97999999908,2469.9023700734488
57300,31.13667293843201,1315.99999999908,2469.9130653882726
57301,31.13667293843201,1316.01999999908,2469.9237606502575
57302,31.13667293843201,1316.03999999908,2469.9344558594125
57303,31.13667293843201,1316.05999999908,2469.9451510157464
57304,31.13667293843201,1316.07999999908,2469.9558461192682
57305,31.13667293843201,1316.09999999908,2469.9665411699866
57306,31.13667293843201,1316.11999999908,2469.9772361679106
57307,31.13667293843201,1316.13999999908,2469.987931113049
57308,31.13667293843201,1316.15999999908,2469.9986260054106
57309,31.13667293843201,1316.1799999990799,2470.009320846017
57310,31.13667293843201,1316.1999999990799,2470.0200156363867
57311,31.13667293843201,1316.2199999990798,2470.030710376584
57312,31.13667293843201,1316.2399999990798,2470.041405066618
57313,31.13667293843201,1316.2599999990798,2470.0520997064978
57314,31.13667293843201,1316.2799999990798,2470.0627942962324
57315,31.13667293843201,1316.2999999990798,2470.073488835831
57316,31.13667293843201,1316.3199999990798,2470.084183325303
57317,31.13667293843201,1316.3399999990797,2470.094877764657
57318,31.13667293843201,1316.3599999990797,2470.105572153903
57319,31.13667293843201,1316.3799999990797,2470.116266493049
57320,31.13667293843201,1316.3999999990797,2470.1269607821046
57321,31.13667293843201,1316.4199999990797,2470.137655021079
57322,31.13667293843201,1316.4399999990796,2470.148349209981
57323,31.13667293843201,1316.4599999990796,2470.15904334882
57324,31.13667293843201,1316.4799999990796,2470.169737437605
57325,31.13667293843201,1316.4999999990796,2470.1804314763453
57326,31.13667293843201,1316.5199999990796,2470.19112546505
57327,31.13667293843201,1316.5399999990796,2470.2018194037278
57328,31.13667293843201,1316.5599999990795,2470.212513292388
57329,31.13667293843201,1316.5799999990795,2470.223207131145
57330,31.13667293843201,1316.5999999990795,2470.2339009202688
57331,31.13667293843201,1316.6199999990795,2470.244594659786
57332,31.13667293843201,1316.6399999990795,2470.255288349705
57333,31.13667293843201,1316.6599999990794,2470.2659819900355
57334,31.13667293843201,1316.6799999990794,2470.2766755807866
57335,31.13667293843201,1316.6999999990794,2470.287369121967
57336,31.13667293843201,1316.7199999990794,2470.2980626135864
57337,31.13667293843201,1316.7399999990794,2470.3087560556532
57338,31.13667293843201,1316.7599999990794,2470.3194494481772
57339,31.13667293843201,1316.7799999990793,2470.330142791167
57340,31.13667293843201,1316.7999999990793,2470.340836084632
57341,31.13667293843201,1316.8199999990793,2470.3515293285814
57342,31.13667293843201,1316.8399999990793,2470.3622225230242
57343,31.13667293843201,1316.8599999990793,2470.3729156679697
57344,31.13667293843201,1316.8799999990792,2470.3836087634268
57345,31.13667293843201,1316.8999999990792,2470.3943018094046
57346,31.13667293843201,1316.9199999990792,2470.4049948059123
57347,31.13667293843201,1316.9399999990792,2470.415687752959
57348,31.13667293843201,1316.9599999990792,2470.4263806505537
57349,31.13667293843201,1316.9799999990792,2470.437073498706
57350,31.13667293843201,1316.9999999990791,2470.4477662974246
57351,31.13667293843201,1317.0199999990791,2470.4584590467184
57352,31.13667293843201,1317.039999999079,2470.469151746597
57353,31.13667293843201,1317.059999999079,2470.4798443970694
57354,31.13667293843201,1317.079999999079,2470.4905369981448
57355,31.13667293843201,1317.099999999079,2470.5012295498323
57356,31.13667293843201,1317.119999999079,2470.5119220521406
57357,31.13667293843201,1317.139999999079,2470.522614505079
57358,31.13667293843201,1317.159999999079,2470.5333069086573
57359,31.13667293843201,1317.179999999079,2470.543999262884
57360,31.13667293843201,1317.199999999079,2470.5546915677683
57361,31.13667293843201,1317.219999999079,2470.5653838233193
57362,31.13667293843201,1317.239999999079,2470.576076029546
57363,31.13667293843201,1317.259999999079,2470.586768186458
57364,31.13667293843201,1317.2799999990789,2470.5974602940637
57365,31.13667293843201,1317.2999999990789,2470.608152352373
57366,31.13667293843201,1317.3199999990788,2470.6188443613946
57367,31.13667293843201,1317.3399999990788,2470.6295363211375
57368,31.13667293843201,1317.3599999990788,2470.640228231611
57369,31.13667293843201,1317.3799999990788,2470.6509200928244
57370,31.13667293843201,1317.3999999990788,2470.6616119047867
57371,31.13667293843201,1317.4199999990788,2470.6723036675066
57372,31.13667293843201,1317.4399999990787,2470.682995380994
57373,31.13667293843201,1317.4599999990787,2470.6936870452573
57374,31.13667293843201,1317.4799999990787,2470.7043786603062
57375,31.13667293843201,1317.4999999990787,2470.7150702261497
57376,31.13667293843201,1317.5199999990787,2470.7257617427963
57377,31.13667293843201,1317.5399999990786,2470.7364532102556
57378,31.13667293843201,1317.5599999990786,2470.747144628537
57379,31.13667293843201,1317.5799999990786,2470.7578359976496
57380,31.13667293843201,1317.5999999990786,2470.76852731773
57381,31.13667293843201,1317.6199999990786,2470.7792185890303
57382,31.13667293843201,1317.6399999990786,2470.789909811572
57383,31.13667293843201,1317.6599999990785,2470.8006009853652
57384,31.13667293843201,1317.6799999990785,2470.8112921104184
57385,31.13667293843201,1317.6999999990785,2470.821983186741
57386,31.13667293843201,1317.7199999990785,2470.8326742143418
57387,31.13667293843201,1317.7399999990785,2470.84336519323
57388,31.13667293843201,1317.7599999990784,2470.854056123415
57389,31.13667293843201,1317.7799999990784,2470.8647470049054
57390,31.13667293843201,1317.7999999990784,2470.8754378377107
57391,31.13667293843201,1317.8199999990784,2470.8861286218403
57392,31.13667293843201,1317.8399999990784,2470.896819357303
57393,31.13667293843201,1317.8599999990784,2470.9075100441078
57394,31.13667293843201,1317.8799999990783,2470.918200682264
57395,31.13667293843201,1317.8999999990783,2470.9288912717807
57396,31.13667293843201,1317.9199999990783,2470.9395818126673
57397,31.13667293843201,1317.9399999990783,2470.9502723049327
57398,31.13667293843201,1317.9599999990783,2470.960962748586
57399,31.13667293843201,1317.9799999990782,2470.9716531436366
57400,31.13667293843201,1317.9999999990782,2470.982343490093
57401,31.13667293843201,1318.0199999990782,2470.9930337879655
57402,31.13667293843201,1318.0399999990782,2471.003724037262
57403,31.13667293843201,1318.0599999990782,2471.0144142379927
57404,31.13667293843201,1318.0799999990782,2471.025104390166
57405,31.13667293843201,1318.0999999990781,2471.035794493791
57406,31.13667293843201,1318.1199999990781,2471.0464845488773
57407,31.13667293843201,1318.139999999078,2471.0571745554334
57408,31.13667293843201,1318.159999999078,2471.067864513469
57409,31.13667293843201,1318.179999999078,2471.0785544229934
57410,31.13667293843201,1318.199999999078,2471.0892442840154
57411,31.13667293843201,1318.219999999078,2471.099934096544
57412,31.13667293843201,1318.239999999078,2471.1106238605885
57413,31.13667293843201,1318.259999999078,2471.121313576158
57414,31.13667293843201,1318.279999999078,2471.132003243262
57415,31.13667293843201,1318.299999999078,2471.142692861909
57416,31.13667293843201,1318.319999999078,2471.153382432108
57417,31.13667293843201,1318.339999999078,2471.164071953869
57418,31.13667293843201,1318.359999999078,2471.174761427201
57419,31.13667293843201,1318.3799999990779,2471.1854508521124
57420,31.13667293843201,1318.3999999990779,2471.196140228613
57421,31.13667293843201,1318.4199999990778,2471.2068295567115
57422,31.13667293843201,1318.4399999990778,2471.2175188364176
57423,31.13667293843201,1318.4599999990778,2471.22820806774
57424,31.13667293843201,1318.4799999990778,2471.238897250688
57425,31.13667293843201,1318.4999999990778,2471.2495863852705
57426,31.13667293843201,1318.5199999990778,2471.260275471497
57427,31.13667293843201,1318.5399999990777,2471.2709645093764
57428,31.13667293843201,1318.5599999990777,2471.281653498918
57429,31.13667293843201,1318.5799999990777,2471.2923424401306
57430,31.13667293843201,1318.5999999990777,2471.3030313330237
57431,31.13667293843201,1318.6199999990777,2471.313720177757
57432,31.13667293843201,1318.6399999990776,2471.3244089745644
57433,31.13667293843201,1318.6599999990776,2471.335097723463
57434,31.13667293843201,1318.6799999990776,2471.3457864244624
57435,31.13667293843201,1318.6999999990776,2471.3564750775718
57436,31.13667293843201,1318.7199999990776,2471.3671636828
57437,31.13667293843201,1318.7399999990776,2471.377852240156
57438,31.13667293843201,1318.7599999990775,2471.388540749649
57439,31.13667293843201,1318.7799999990775,2471.399229211289
57440,31.13667293843201,1318.7999999990775,2471.409917625084
57441,31.13667293843201,1318.8199999990775,2471.4206059910434
57442,31.13667293843201,1318.8399999990775,2471.431294309177
57443,31.13667293843201,1318.8599999990774,2471.4419825794935
57444,31.13667293843201,1318.8799999990774,2471.452670802002
57445,31.13667293843201,1318.8999999990774,2471.463358976712
57446,31.13667293843201,1318.9199999990774,2471.474047103632
57447,31.13667293843201,1318.9399999990774,2471.484735182772
57448,31.13667293843201,1318.9599999990774,2471.4954232141404
57449,31.13667293843201,1318.9799999990773,2471.5061111977466
57450,31.13667293843201,1318.9999999990773,2471.5167991335998
57451,31.13667293843201,1319.0199999990773,2471.5274870217095
57452,31.13667293843201,1319.0399999990773,2471.5381748620844
57453,31.13667293843201,1319.0599999990773,2471.5488626547335
57454,31.13667293843201,1319.0799999990772,2471.5595503996665
57455,31.13667293843201,1319.0999999990772,2471.570238096892
57456,31.13667293843201,1319.1199999990772,2471.5809257464193
57457,31.13667293843201,1319.1399999990772,2471.591613348258
57458,31.13667293843201,1319.1599999990772,2471.6023009024166
57459,31.13667293843201,1319.1799999990772,2471.6129884089046
57460,31.13667293843201,1319.1999999990771,2471.6236758677314
57461,31.13667293843201,1319.2199999990771,2471.6343632789058
57462,31.13667293843201,1319.239999999077,2471.645050642437
57463,31.13667293843201,1319.259999999077,2471.655737958334
57464,31.13667293843201,1319.279999999077,2471.6664252266064
57465,31.13667293843201,1319.299999999077,2471.677112447263
57466,31.13667293843201,1319.319999999077,2471.687799620313
57467,31.13667293843201,1319.339999999077,2471.6984867457654
57468,31.13667293843201,1319.359999999077,2471.7091738236295
57469,31.13667293843201,1319.379999999077,2471.7198608539147
57470,31.13667293843201,1319.399999999077,2471.7305478366297
57471,31.13667293843201,1319.419999999077,2471.741234771784
57472,31.13667293843201,1319.439999999077,2471.751921659387
57473,31.13667293843201,1319.459999999077,2471.762608499447
57474,31.13667293843201,1319.4799999990769,2471.773295291974
57475,31.13667293843201,1319.4999999990769,2471.783982036977
57476,31.13667293843201,1319.5199999990768,2471.7946687344643
57477,31.13667293843201,1319.5399999990768,2471.8053553844456
57478,31.13667293843201,1319.5599999990768,2471.8160419869305
57479,31.13667293843201,1319.5799999990768,2471.826728541928
57480,31.13667293843201,1319.5999999990768,2471.8374150494465
57481,31.13667293843201,1319.6199999990768,2471.848101509496
57482,31.13667293843201,1319.6399999990767,2471.8587879222587
57483,31.13667293843201,1319.6599999990767,2471.8694742879507
57484,31.13667293843201,1319.6799999990767,2471.8801606065845
57485,31.13667293843201,1319.6999999990767,2471.890846878169
57486,31.13667293843201,1319.7199999990767,2471.9015331027144
57487,31.13667293843201,1319.7399999990766,2471.9122192802292
57488,31.13667293843201,1319.7599999990766,2471.9229054107227
57489,31.13667293843201,1319.7799999990766,2471.933591494204
57490,31.13667293843201,1319.7999999990766,2471.944277530682
57491,31.13667293843201,1319.8199999990766,2471.954963520166
57492,31.13667293843201,1319.8399999990766,2471.9656494626656
57493,31.13667293843201,1319.8599999990765,2471.9763353581898
57494,31.13667293843201,1319.8799999990765,2471.9870212067476
57495,31.13667293843201,1319.8999999990765,2471.9977070083482
57496,31.13667293843201,1319.9199999990765,2472.0083927630008
57497,31.13667293843201,1319.9399999990765,2472.0190784707142
57498,31.13667293843201,1319.9599999990764,2472.0297641314983
57499,31.13667293843201,1319.9799999990764,2472.0404497453615
57500,31.13667293843201,1319.9999999990764,2472.0511353123134
57501,31.13667293843201,1320.0199999990764,2472.061820832363
57502,31.13667293843201,1320.0399999990764,2472.0725063055197
57503,31.13667293843201,1320.0599999990764,2472.0831917317923
57504,31.13667293843201,1320.0799999990763,2472.0938771111905
57505,31.13667293843201,1320.0999999990763,2472.104562443723
57506,31.13667293843201,1320.1199999990763,2472.115247729399
57507,31.13667293843201,1320.1399999990763,2472.125932968228
57508,31.13667293843201,1320.1599999990763,2472.136618160219
57509,31.13667293843201,1320.1799999990762,2472.147303305381
57510,31.13667293843201,1320.1999999990762,2472.157988403723
57511,31.13667293843201,1320.2199999990762,2472.1686734552545
57512,31.13667293843201,1320.2399999990762,2472.1793584599845
57513,31.13667293843201,1320.2599999990762,2472.1900434179224
57514,31.13667293843201,1320.2799999990762,2472.2007283290773
57515,31.13667293843201,1320.2999999990761,2472.211413193458
57516,31.13667293843201,1320.3199999990761,2472.222098011074
57517,31.13667293843201,1320.339999999076,2472.232782781935
57518,31.13667293843201,1320.359999999076,2472.243467506049
57519,31.13667293843201,1320.379999999076,2472.254152183426
57520,31.13667293843201,1320.399999999076,2472.264836814075
57521,31.13667293843201,1320.419999999076,2472.275521398005
57522,31.13667293843201,1320.439999999076,2472.286205935225
57523,31.13667293843201,1320.459999999076,2472.296890425745
57524,31.13667293843201,1320.479999999076,2472.3075748695733
57525,31.13667293843201,1320.499999999076,2472.3182592667195
57526,31.13667293843201,1320.519999999076,2472.3289436171926
57527,31.13667293843201,1320.539999999076,2472.3396279210015
57528,31.13667293843201,1320.559999999076,2472.350312178156
57529,31.13667293843201,1320.5799999990759,2472.3609963886647
57530,31.13667293843201,1320.5999999990759,2472.371680552537
57531,31.13667293843201,1320.6199999990758,2472.382364669782
57532,31.13667293843201,1320.6399999990758,2472.39304874041
57533,31.13667293843201,1320.6599999990758,2472.4037327646365
57534,31.13667293843201,1320.6799999990758,2472.4144167426703
57535,31.13667293843201,1320.6999999990758,2472.42510067452
57536,31.13667293843201,1320.7199999990758,2472.435784560195
57537,31.13667293843201,1320.7399999990757,2472.4464683997044
57538,31.13667293843201,1320.7599999990757,2472.4571521930575
57539,31.13667293843201,1320.7799999990757,2472.4678359402637
57540,31.13667293843201,1320.7999999990757,2472.478519641332
57541,31.13667293843201,1320.8199999990757,2472.489203296271
57542,31.13667293843201,1320.8399999990756,2472.499886905091
57543,31.13667293843201,1320.8599999990756,2472.5105704678003
57544,31.13667293843201,1320.8799999990756,2472.5212539844083
57545,31.13667293843201,1320.8999999990756,2472.5319374549244
57546,31.13667293843201,1320.9199999990756,2472.5426208793574
57547,31.13667293843201,1320.9399999990756,2472.5533042577167
57548,31.13667293843201,1320.9599999990755,2472.5639875900115
57549,31.13667293843201,1320.9799999990755,2472.574670876251
57550,31.13667293843201,1320.9999999990755,2472.5853541164443
57551,31.13667293843201,1321.0199999990755,2472.5960373106004
57552,31.13667293843201,1321.0399999990755,2472.606720458729
57553,31.13667293843201,1321.0599999990754,2472.6174035608387
57554,31.13667293843201,1321.0799999990754,2472.628086616939
57555,31.13667293843201,1321.0999999990754,2472.6387696270394
57556,31.13667293843201,1321.1199999990754,2472.6494525911485
57557,31.094497366960574,1321.1399999990754,2472.6601355092757
57558,31.094497366960574,1321.1599999990754,2472.6708183814303
57559,31.094497366960574,1321.1799999990753,2472.6815012076213
57560,31.094497366960574,1321.1999999990753,2472.692183987858
57561,31.094497366960574,1321.2199999990753,2472.702866722149
57562,31.094497366960574,1321.2399999990753,2472.713549410504
57563,31.094497366960574,1321.2599999990753,2472.7242320529326
57564,31.094497366960574,1321.2799999990752,2472.7349146494435
57565,31.094497366960574,1321.2999999990752,2472.7455972000457
57566,31.094497366960574,1321.3199999990752,2472.7562797047485
57567,31.094497366960574,1321.3399999990752,2472.7669621635614
57568,31.094497366960574,1321.3599999990752,2472.7776445764935
57569,31.094497366960574,1321.3799999990752,2472.788326943554
57570,31.094497366960574,1321.3999999990751,2472.7990092647515
57571,31.094497366960574,1321.4199999990751,2472.8096915400956
57572,31.094497366960574,1321.439999999075,2472.8203737695953
57573,31.094497366960574,1321.459999999075,2472.83105595326
57574,31.094497366960574,1321.479999999075,2472.841738091099
57575,31.094497366960574,1321.499999999075,2472.8524201831215
57576,31.094497366960574,1321.519999999075,2472.863102229336
57577,31.094497366960574,1321.539999999075,2472.873784229753
57578,31.094497366960574,1321.559999999075,2472.88446618438
57579,31.094497366960574,1321.579999999075,2472.8951480932274
57580,31.094497366960574,1321.599999999075,2472.905829956304
57581,31.094497366960574,1321.619999999075,2472.916511773619
57582,31.094497366960574,1321.639999999075,2472.927193545181
57583,31.094497366960574,1321.659999999075,2472.9378752710054
57584,31.094497366960574,1321.6799999990749,2472.948556951299
57585,31.094497366960574,1321.6999999990749,2472.9592385862247
57586,31.094497366960574,1321.7199999990748,2472.9699201757917
57587,31.094497366960574,1321.7399999990748,2472.9806017200094
57588,31.094497366960574,1321.7599999990748,2472.991283218887
57589,31.094497366960574,1321.7799999990748,2473.0019646724336
57590,31.094497366960574,1321.7999999990748,2473.012646080658
57591,31.094497366960574,1321.8199999990748,2473.0233274435705
57592,31.094497366960574,1321.8399999990747,2473.034008761179
57593,31.094497366960574,1321.8599999990747,2473.044690033493
57594,31.094497366960574,1321.8799999990747,2473.0553712605224
57595,31.094497366960574,1321.8999999990747,2473.066052442276
57596,31.094497366960574,1321.9199999990747,2473.0767335787627
57597,31.094497366960574,1321.9399999990746,2473.087414669992
57598,31.094497366960574,1321.9599999990746,2473.098095715973
57599,31.094497366960574,1321.9799999990746,2473.108776716715
57600,31.094497366960574,1321.9999999990746,2473.119457672227
57601,31.094497366960574,1322.0199999990746,2473.130138582518
57602,31.094497366960574,1322.0399999990746,2473.140819447598
57603,31.094497366960574,1322.0599999990745,2473.1515002674755
57604,31.094497366960574,1322.0799999990745,2473.16218104216
57605,31.094497366960574,1322.0999999990745,2473.17286177166
57606,31.094497366960574,1322.1199999990745,2473.1835424559854
57607,31.094497366960574,1322.1399999990745,2473.1942230951454
57608,31.094497366960574,1322.1599999990744,2473.204903689149
57609,31.094497366960574,1322.1799999990744,2473.2155842380052
57610,31.094497366960574,1322.1999999990744,2473.2262647417233
57611,31.094497366960574,1322.2199999990744,2473.2369452003127
57612,31.094497366960574,1322.2399999990744,2473.2476256137825
57613,31.094497366960574,1322.2599999990744,2473.258305982142
57614,31.094497366960574,1322.2799999990743,2473.2689863053997
57615,31.094497366960574,1322.2999999990743,2473.279666583566
57616,31.094497366960574,1322.3199999990743,2473.2903468166487
57617,31.094497366960574,1322.3399999990743,2473.301027004658
57618,31.094497366960574,1322.3599999990743,2473.3117071476026
57619,31.094497366960574,1322.3799999990742,2473.3223872454923
57620,31.094497366960574,1322.3999999990742,2473.3330672983357
57621,31.094497366960574,1322.4199999990742,2473.343747306142
57622,31.094497366960574,1322.4399999990742,2473.354427268921
57623,31.094497366960574,1322.4599999990742,2473.365107186681
57624,31.094497366960574,1322.4799999990742,2473.3757870594322
57625,31.094497366960574,1322.4999999990741,2473.386466887183
57626,31.094497366960574,1322.5199999990741,2473.3971466699427
57627,31.094497366960574,1322.539999999074,2473.4078264077207
57628,31.094497366960574,1322.559999999074,2473.418506100526
57629,31.094497366960574,1322.579999999074,2473.429185748368
57630,31.094497366960574,1322.599999999074,2473.439865351256
57631,31.094497366960574,1322.619999999074,2473.4505449091985
57632,31.094497366960574,1322.639999999074,2473.4612244222053
57633,31.094497366960574,1322.659999999074,2473.471903890286
57634,31.094497366960574,1322.679999999074,2473.4825833134587
57635,31.094497366960574,1322.699999999074,2473.493262691962
57636,31.094497366960574,1322.719999999074,2473.503942025947
57637,31.094497366960574,1322.739999999074,2473.5146213154217
57638,31.094497366960574,1322.759999999074,2473.5253005603963
57639,31.094497366960574,1322.7799999990739,2473.5359797608794
57640,31.094497366960574,1322.7999999990739,2473.5466589168805
57641,31.094497366960574,1322.8199999990738,2473.5573380284086
57642,31.094497366960574,1322.8399999990738,2473.5680170954734
57643,31.094497366960574,1322.8599999990738,2473.578696118084
57644,31.094497366960574,1322.8799999990738,2473.5893750962487
57645,31.094497366960574,1322.8999999990738,2473.600054029978
57646,31.094497366960574,1322.9199999990738,2473.61073291928
57647,31.094497366960574,1322.9399999990737,2473.621411764165
57648,31.094497366960574,1322.9599999990737,2473.6320905646407
57649,31.094497366960574,1322.9799999990737,2473.642769320718
57650,31.094497366960574,1322.9999999990737,2473.653448032405
57651,31.094497366960574,1323.0199999990737,2473.664126699711
57652,31.094497366960574,1323.0399999990736,2473.674805322645
57653,31.094497366960574,1323.0599999990736,2473.685483901217
57654,31.094497366960574,1323.0799999990736,2473.6961624354362
57655,31.094497366960574,1323.0999999990736,2473.706840925311
57656,31.094497366960574,1323.1199999990736,2473.7175193708513
57657,31.094497366960574,1323.1399999990736,2473.728197772066
57658,31.094497366960574,1323.1599999990735,2473.738876128964
57659,31.094497366960574,1323.1799999990735,2473.749554441555
57660,31.094497366960574,1323.1999999990735,2473.7602327098484
57661,31.094497366960574,1323.2199999990735,2473.770910933853
57662,31.094497366960574,1323.2399999990735,2473.781589113578
57663,31.094497366960574,1323.2599999990734,2473.792267249032
57664,31.094497366960574,1323.2799999990734,2473.8029453402255
57665,31.094497366960574,1323.2999999990734,2473.813623387167
57666,31.094497366960574,1323.3199999990734,2473.8243013898655
57667,31.094497366960574,1323.3399999990734,2473.8349793483308
57668,31.094497366960574,1323.3599999990734,2473.8456572625714
57669,31.094497366960574,1323.3799999990733,2473.856335132597
57670,31.094497366960574,1323.3999999990733,2473.867012958417
57671,31.094497366960574,1323.4199999990733,2473.87769074004
57672,31.094497366960574,1323.4399999990733,2473.888368477476
57673,31.094497366960574,1323.4599999990733,2473.899046170733
57674,31.094497366960574,1323.4799999990732,2473.9097238198215
57675,31.094497366960574,1323.4999999990732,2473.92040142475
57676,31.094497366960574,1323.5199999990732,2473.9310789855276
57677,31.094497366960574,1323.5399999990732,2473.941756502164
57678,31.094497366960574,1323.5599999990732,2473.952433974668
57679,31.094497366960574,1323.5799999990732,2473.963111403049
57680,31.094497366960574,1323.5999999990731,2473.973788787316
57681,31.094497366960574,1323.6199999990731,2473.9844661274783
57682,31.094497366960574,1323.639999999073,2473.9951434235454
57683,31.094497366960574,1323.659999999073,2474.005820675526
57684,31.094497366960574,1323.679999999073,2474.0164978834296
57685,31.094497366960574,1323.699999999073,2474.02717504728
57686,31.094497366960574,1323.719999999073,2474.037852167333
57687,31.094497366960574,1323.739999999073,2474.048529243717
57688,31.094497366960574,1323.759999999073,2474.0592062764413
57689,31.094497366960574,1323.779999999073,2474.069883265515
57690,31.094497366960574,1323.799999999073,2474.080560210947
57691,31.094497366960574,1323.819999999073,2474.0912371127474
57692,31.094497366960574,1323.839999999073,2474.1019139709247
57693,31.094497366960574,1323.859999999073,2474.112590785488
57694,31.094497366960574,1323.8799999990729,2474.123267556447
57695,31.094497366960574,1323.8999999990729,2474.1339442838107
57696,31.094497366960574,1323.9199999990728,2474.1446209675883
57697,31.094497366960574,1323.9399999990728,2474.155297607789
57698,31.094497366960574,1323.9599999990728,2474.1659742044226
57699,31.094497366960574,1323.9799999990728,2474.1766507574976
57700,31.094497366960574,1323.9999999990728,2474.187327267023
57701,31.094497366960574,1324.0199999990728,2474.198003733009
57702,31.094497366960574,1324.0399999990727,2474.208680155464
57703,31.094497366960574,1324.0599999990727,2474.219356534398
57704,31.094497366960574,1324.0799999990727,2474.230032869819
57705,31.094497366960574,1324.0999999990727,2474.240709161737
57706,31.094497366960574,1324.1199999990727,2474.251385410161
57707,31.094497366960574,1324.1399999990726,2474.2620616151007
57708,31.094497366960574,1324.1599999990726,2474.272737776565
57709,31.094497366960574,1324.1799999990726,2474.283413894563
57710,31.094497366960574,1324.1999999990726,2474.2940899691043
57711,31.094497366960574,1324.2199999990726,2474.3047660001976
57712,31.094497366960574,1324.2399999990726,2474.3154419878524
57713,31.094497366960574,1324.2599999990725,2474.326117932078
57714,31.094497366960574,1324.2799999990725,2474.3367938328834
57715,31.094497366960574,1324.2999999990725,2474.3474696902776
57716,31.094497366960574,1324.3199999990725,2474.3581455042704
57717,31.094497366960574,1324.3399999990725,2474.3688212748707
57718,31.094497366960574,1324.3599999990724,2474.3794970020876
57719,31.094497366960574,1324.3799999990724,2474.390172685931
57720,31.094497366960574,1324.3999999990724,2474.4008483264092
57721,31.094497366960574,1324.4199999990724,2474.411523923532
57722,31.094497366960574,1324.4399999990724,2474.4221994773084
57723,31.094497366960574,1324.4599999990724,2474.4328749877477
57724,31.094497366960574,1324.4799999990723,2474.443550454859
57725,31.094497366960574,1324.4999999990723,2474.454225878652
57726,31.094497366960574,1324.5199999990723,2474.464901259135
57727,31.094497366960574,1324.5399999990723,2474.4755765963178
57728,31.094497366960574,1324.5599999990723,2474.4862518902096
57729,31.094497366960574,1324.5799999990722,2474.49692714082
57730,31.094497366960574,1324.5999999990722,2474.5076023481574
57731,31.094497366960574,1324.6199999990722,2474.5182775122316
57732,31.094497366960574,1324.6399999990722,2474.5289526330516
57733,31.094497366960574,1324.6599999990722,2474.539627710627
57734,31.094497366960574,1324.6799999990722,2474.5503027449663
57735,31.094497366960574,1324.6999999990721,2474.560977736079
57736,31.094497366960574,1324.7199999990721,2474.5716526839938
57737,31.094497366960574,1324.739999999072,2474.5823275889843
57738,31.094497366960574,1324.759999999072,2474.5930024511567
57739,31.094497366960574,1324.779999999072,2474.60367727052
57740,31.094497366960574,1324.799999999072,2474.6143520470837
57741,31.094497366960574,1324.819999999072,2474.625026780857
57742,31.094497366960574,1324.839999999072,2474.6357014718487
57743,31.094497366960574,1324.859999999072,2474.6463761200685
57744,31.094497366960574,1324.879999999072,2474.6570507255256
57745,31.094497366960574,1324.899999999072,2474.667725288229
57746,31.094497366960574,1324.919999999072,2474.6783998081883
57747,31.094497366960574,1324.939999999072,2474.6890742854125
57748,31.094497366960574,1324.959999999072,2474.699748719911
57749,31.094497366960574,1324.9799999990719,2474.7104231116928
57750,31.094497366960574,1324.9999999990719,2474.721097460767
57751,31.094497366960574,1325.0199999990718,2474.731771767143
57752,31.094497366960574,1325.0399999990718,2474.7424460308303
57753,31.094497366960574,1325.0599999990718,2474.7531202518376
57754,31.094497366960574,1325.0799999990718,2474.7637944301746
57755,31.094497366960574,1325.0999999990718,2474.7744685658504
57756,31.094497366960574,1325.1199999990718,2474.785142658874
57757,31.094497366960574,1325.1399999990717,2474.795816709255
57758,31.094497366960574,1325.1599999990717,2474.806490717003
57759,31.094497366960574,1325.1799999990717,2474.817164682126
57760,31.094497366960574,1325.1999999990717,2474.8278386046345
57761,31.094497366960574,1325.2199999990717,2474.8385124845367
57762,31.094497366960574,1325.2399999990716,2474.849186321843
57763,31.094497366960574,1325.2599999990716,2474.8598601165613
57764,31.094497366960574,1325.2799999990716,2474.870533868702
57765,31.094497366960574,1325.2999999990716,2474.8812075782735
57766,31.094497366960574,1325.3199999990716,2474.8918812452853
57767,31.094497366960574,1325.3399999990716,2474.902554869747
57768,31.094497366960574,1325.3599999990715,2474.9132284516672
57769,31.094497366960574,1325.3799999990715,2474.9239019910556
57770,31.094497366960574,1325.3999999990715,2474.9345754879214
57771,31.094497366960574,1325.4199999990715,2474.945248942274
57772,31.094497366960574,1325.4399999990715,2474.955922354122
57773,31.094497366960574,1325.4599999990714,2474.9665957234747
57774,31.094497366960574,1325.4799999990714,2474.977269050342
57775,31.094497366960574,1325.4999999990714,2474.9879423347325
57776,31.094497366960574,1325.5199999990714,2474.998615576656
57777,31.094497366960574,1325.5399999990714,2475.0092887761216
57778,31.094497366960574,1325.5599999990714,2475.0199619331383
57779,31.094497366960574,1325.5799999990713,2475.0306350477154
57780,31.094497366960574,1325.5999999990713,2475.041308119862
57781,31.094497366960574,1325.6199999990713,2475.051981149588
57782,31.094497366960574,1325.6399999990713,2475.0626541369015
57783,31.094497366960574,1325.6599999990713,2475.0733270818127
57784,31.094497366960574,1325.6799999990712,2475.08399998433
57785,31.094497366960574,1325.6999999990712,2475.0946728444637
57786,31.094497366960574,1325.7199999990712,2475.105345662222
57787,31.094497366960574,1325.7399999990712,2475.116018437638
57788,31.094497366960574,1325.7599999990712,2475.1266911710045
57789,31.094497366960574,1325.7799999990712,2475.1373638624045
57790,31.094497366960574,1325.7999999990711,2475.1480365118473
57791,31.094497366960574,1325.8199999990711,2475.1587091193423
57792,31.094497366960574,1325.839999999071,2475.169381684899
57793,31.094497366960574,1325.859999999071,2475.1800542085257
57794,31.094497366960574,1325.879999999071,2475.1907266902326
57795,31.094497366960574,1325.899999999071,2475.2013991300287
57796,31.094497366960574,1325.919999999071,2475.2120715279234
57797,31.094497366960574,1325.939999999071,2475.2227438839254
57798,31.094497366960574,1325.959999999071,2475.2334161980443
57799,31.094497366960574,1325.979999999071,2475.2440884702896
57800,31.094497366960574,1325.999999999071,2475.25476070067
57801,31.094497366960574,1326.019999999071,2475.2654328891954
57802,31.094497366960574,1326.039999999071,2475.2761050358745
57803,31.094497366960574,1326.059999999071,2475.286777140717
57804,31.094497366960574,1326.0799999990709,2475.2974492037315
57805,31.094497366960574,1326.0999999990709,2475.3081212249276
57806,31.094497366960574,1326.1199999990708,2475.3187932043147
57807,31.094497366960574,1326.1399999990708,2475.329465141902
57808,31.094497366960574,1326.1599999990708,2475.3401370376987
57809,31.094497366960574,1326.1799999990708,2475.3508088917138
57810,31.094497366960574,1326.1999999990708,2475.361480703957
57811,31.094497366960574,1326.2199999990708,2475.3721524744374
57812,31.094497366960574,1326.2399999990707,2475.382824203164
57813,31.094497366960574,1326.2599999990707,2475.3934958901464
57814,31.094497366960574,1326.2799999990707,2475.4041675353938
57815,31.094497366960574,1326.2999999990707,2475.414839138915
57816,31.094497366960574,1326.3199999990707,2475.4255107007198
57817,31.094497366960574,1326.3399999990706,2475.436182220817
57818,31.094497366960574,1326.3599999990706,2475.4468536992163
57819,31.094497366960574,1326.3799999990706,2475.4575251359265
57820,31.094497366960574,1326.3999999990706,2475.4681965309574
57821,31.094497366960574,1326.4199999990706,2475.478867884318
57822,31.094497366960574,1326.4399999990706,2475.489539196017
57823,31.094497366960574,1326.4599999990705,2475.500210466065
57824,31.094497366960574,1326.4799999990705,2475.51088169447
57825,31.094497366960574,1326.4999999990705,2475.5215528812414
57826,31.094497366960574,1326.5199999990705,2475.5322240263886
57827,31.094497366960574,1326.5399999990705,2475.542895129921
57828,31.094497366960574,1326.5599999990704,2475.553566191848
57829,31.094497366960574,1326.5799999990704,2475.5642372121783
57830,31.094497366960574,1326.5999999990704,2475.5749081909216
57831,31.094497366960574,1326.6199999990704,2475.5855791280874
57832,31.094497366960574,1326.6399999990704,2475.596250023684
57833,31.094497366960574,1326.6599999990704,2475.6069208777217
57834,31.094497366960574,1326.6799999990703,2475.6175916902093
57835,31.094497366960574,1326.6999999990703,2475.628262461156
57836,31.094497366960574,1326.7199999990703,2475.6389331905707
57837,31.094497366960574,1326.7399999990703,2475.6496038784635
57838,31.094497366960574,1326.7599999990703,2475.6602745248724
57839,31.094497366960574,1326.7799999990702,2475.670945130126
57840,31.094497366960574,1326.7999999990702,2475.6816156942878
57841,31.094497366960574,1326.8199999990702,2475.6922862173674
57842,31.094497366960574,1326.8399999990702,2475.702956699374
57843,31.094497366960574,1326.8599999990702,2475.7136271403174
57844,31.094497366960574,1326.8799999990702,2475.724297540206
57845,31.094497366960574,1326.8999999990701,2475.7349678990495
57846,31.094497366960574,1326.9199999990701,2475.745638216857
57847,31.094497366960574,1326.93999999907,2475.756308493638
57848,31.094497366960574,1326.95999999907,2475.766978729401
57849,31.094497366960574,1326.97999999907,2475.7776489241564
57850,31.094497366960574,1326.99999999907,2475.788319077913
57851,31.094497366960574,1327.01999999907,2475.79898919068
57852,31.094497366960574,1327.03999999907,2475.8096592624665
57853,31.05241692307647,1327.05999999907,2475.820329293282
57854,31.05241692307647,1327.07999999907,2475.830999283136
57855,31.05241692307647,1327.09999999907,2475.841669232037
57856,31.05241692307647,1327.11999999907,2475.852339139995
57857,31.05241692307647,1327.13999999907,2475.8630090070187
57858,31.05241692307647,1327.15999999907,2475.873678833118
57859,31.05241692307647,1327.1799999990699,2475.884348618302
57860,31.05241692307647,1327.1999999990699,2475.8950183625793
57861,31.05241692307647,1327.2199999990698,2475.90568806596
57862,31.05241692307647,1327.2399999990698,2475.916357728453
57863,31.05241692307647,1327.2599999990698,2475.927027350068
57864,31.05241692307647,1327.2799999990698,2475.9376969308137
57865,31.05241692307647,1327.2999999990698,2475.9483664706995
57866,31.05241692307647,1327.3199999990698,2475.959035969735
57867,31.05241692307647,1327.3399999990697,2475.969705427929
57868,31.05241692307647,1327.3599999990697,2475.980374845291
57869,31.05241692307647,1327.3799999990697,2475.99104422183
57870,31.05241692307647,1327.3999999990697,2476.0017135575563
57871,31.05241692307647,1327.4199999990697,2476.012382852478
57872,31.05241692307647,1327.4399999990696,2476.0230521066046
57873,31.05241692307647,1327.4599999990696,2476.033721319946
57874,31.05241692307647,1327.4799999990696,2476.0443904925105
57875,31.05241692307647,1327.4999999990696,2476.0550596243083
57876,31.05241692307647,1327.5199999990696,2476.065728715348
57877,31.05241692307647,1327.5399999990696,2476.0763977656393
57878,31.05241692307647,1327.5599999990695,2476.087066775191
57879,31.05241692307647,1327.5799999990695,2476.097735744013
57880,31.05241692307647,1327.5999999990695,2476.108404672114
57881,31.05241692307647,1327.6199999990695,2476.1190735595037
57882,31.05241692307647,1327.6399999990695,2476.1297424061913
57883,31.05241692307647,1327.6599999990694,2476.140411212186
57884,31.05241692307647,1327.6799999990694,2476.151079977497
57885,31.05241692307647,1327.6999999990694,2476.1617487021335
57886,31.05241692307647,1327.7199999990694,2476.172417386105
57887,31.05241692307647,1327.7399999990694,2476.1830860294203
57888,31.05241692307647,1327.7599999990694,2476.193754632089
57889,31.05241692307647,1327.7799999990693,2476.2044231941527
57890,31.05241692307647,1327.7999999990693,2476.215091715914
57891,31.05241692307647,1327.8199999990693,2476.225760197411
57892,31.05241692307647,1327.8399999990693,2476.2364286386533
57893,31.05241692307647,1327.8599999990693,2476.2470970396503
57894,31.05241692307647,1327.8799999990692,2476.2577654004112
57895,31.05241692307647,1327.8999999990692,2476.2684337209453
57896,31.05241692307647,1327.9199999990692,2476.2791020012614
57897,31.05241692307647,1327.9399999990692,2476.2897702413693
57898,31.05241692307647,1327.9599999990692,2476.3004384412784
57899,31.05241692307647,1327.9799999990692,2476.3111066009974
57900,31.05241692307647,1327.9999999990691,2476.3217747205363
57901,31.05241692307647,1328.0199999990691,2476.3324427999037
57902,31.05241692307647,1328.039999999069,2476.343110839109
57903,31.05241692307647,1328.059999999069,2476.3537788381623
57904,31.05241692307647,1328.079999999069,2476.364446797072
57905,31.05241692307647,1328.099999999069,2476.3751147158478
57906,31.05241692307647,1328.119999999069,2476.385782594499
57907,31.05241692307647,1328.139999999069,2476.3964504330343
57908,31.05241692307647,1328.159999999069,2476.4071182314638
57909,31.05241692307647,1328.179999999069,2476.4177859897964
57910,31.05241692307647,1328.199999999069,2476.428453708041
57911,31.05241692307647,1328.219999999069,2476.4391213862077
57912,31.05241692307647,1328.239999999069,2476.449789024305
57913,31.05241692307647,1328.259999999069,2476.460456622343
57914,31.05241692307647,1328.2799999990689,2476.47112418033
57915,31.05241692307647,1328.2999999990689,2476.4817916982765
57916,31.05241692307647,1328.3199999990688,2476.492459176191
57917,31.05241692307647,1328.3399999990688,2476.5031266140827
57918,31.05241692307647,1328.3599999990688,2476.513794011961
57919,31.05241692307647,1328.3799999990688,2476.5244613698355
57920,31.05241692307647,1328.3999999990688,2476.5351286877153
57921,31.05241692307647,1328.4199999990688,2476.5457959656096
57922,31.05241692307647,1328.4399999990687,2476.556463203528
57923,31.05241692307647,1328.4599999990687,2476.567130401479
57924,31.05241692307647,1328.4799999990687,2476.577797559473
57925,31.05241692307647,1328.4999999990687,2476.5884646775185
57926,31.05241692307647,1328.5199999990687,2476.599131755625
57927,31.05241692307647,1328.5399999990686,2476.6097987938015
57928,31.05241692307647,1328.5599999990686,2476.6204657920575
57929,31.05241692307647,1328.5799999990686,2476.6311327504027
57930,31.05241692307647,1328.5999999990686,2476.641799668846
57931,31.05241692307647,1328.6199999990686,2476.6524665473967
57932,31.05241692307647,1328.6399999990686,2476.663133386064
57933,31.05241692307647,1328.6599999990685,2476.6738001848576
57934,31.05241692307647,1328.6799999990685,2476.6844669437864
57935,31.05241692307647,1328.6999999990685,2476.69513366286
57936,31.05241692307647,1328.7199999990685,2476.705800342087
57937,31.05241692307647,1328.7399999990685,2476.7164669814774
57938,31.05241692307647,1328.7599999990684,2476.72713358104
57939,31.05241692307647,1328.7799999990684,2476.7378001407847
57940,31.05241692307647,1328.7999999990684,2476.7484666607766
57941,31.05241692307647,1328.8199999990684,2476.7591331413196
57942,31.05241692307647,1328.8399999990684,2476.76979958245
57943,31.05241692307647,1328.8599999990684,2476.780465984177
57944,31.05241692307647,1328.8799999990683,2476.79113234651
57945,31.05241692307647,1328.8999999990683,2476.801798669458
57946,31.05241692307647,1328.9199999990683,2476.8124649530305
57947,31.05241692307647,1328.9399999990683,2476.8231311972363
57948,31.05241692307647,1328.9599999990683,2476.8337974020856
57949,31.05241692307647,1328.9799999990682,2476.844463567587
57950,31.05241692307647,1328.9999999990682,2476.85512969375
57951,31.05241692307647,1329.0199999990682,2476.865795780584
57952,31.05241692307647,1329.0399999990682,2476.876461828098
57953,31.05241692307647,1329.0599999990682,2476.8871278363017
57954,31.05241692307647,1329.0799999990681,2476.8977938052044
57955,31.05241692307647,1329.0999999990681,2476.908459734815
57956,31.05241692307647,1329.119999999068,2476.9191256251434
57957,31.05241692307647,1329.139999999068,2476.9297914761983
57958,31.05241692307647,1329.159999999068,2476.9404572879894
57959,31.05241692307647,1329.179999999068,2476.951123060526
57960,31.05241692307647,1329.199999999068,2476.9617887938166
57961,31.05241692307647,1329.219999999068,2476.9724544878713
57962,31.05241692307647,1329.239999999068,2476.9831201426996
57963,31.05241692307647,1329.259999999068,2476.9937857583104
57964,31.05241692307647,1329.279999999068,2477.004451334713
57965,31.05241692307647,1329.299999999068,2477.0151168719167
57966,31.05241692307647,1329.319999999068,2477.0257823699308
57967,31.05241692307647,1329.339999999068,2477.0364478287647
57968,31.05241692307647,1329.359999999068,2477.0471132484276
57969,31.05241692307647,1329.3799999990679,2477.057778628929
57970,31.05241692307647,1329.3999999990679,2477.068443970278
57971,31.05241692307647,1329.4199999990678,2477.079109272484
57972,31.05241692307647,1329.4399999990678,2477.089774535556
57973,31.05241692307647,1329.4599999990678,2477.100439759504
57974,31.05241692307647,1329.4799999990678,2477.1111049443366
57975,31.05241692307647,1329.4999999990678,2477.1217700900634
57976,31.05241692307647,1329.5199999990677,2477.1324351966937
57977,31.05241692307647,1329.5399999990677,2477.1431002642366
57978,31.05241692307647,1329.5599999990677,2477.153765292702
57979,31.05241692307647,1329.5799999990677,2477.1644302820982
57980,31.05241692307647,1329.5999999990677,2477.1750952324355
57981,31.05241692307647,1329.6199999990677,2477.1857601437227
57982,31.05241692307647,1329.6399999990676,2477.1964250159695
57983,31.05241692307647,1329.6599999990676,2477.2070898491847
57984,31.05241692307647,1329.6799999990676,2477.2177546433777
57985,31.05241692307647,1329.6999999990676,2477.228419398558
57986,31.05241692307647,1329.7199999990676,2477.2390841147344
57987,31.05241692307647,1329.7399999990675,2477.2497487919168
57988,31.05241692307647,1329.7599999990675,2477.2604134301146
57989,31.05241692307647,1329.7799999990675,2477.2710780293364
57990,31.05241692307647,1329.7999999990675,2477.2817425895923
57991,31.05241692307647,1329.8199999990675,2477.2924071109696
57992,31.05241692307647,1329.8399999990675,2477.3030715937552
57993,31.05241692307647,1329.8599999990674,2477.31373603798
57994,31.05241692307647,1329.8799999990674,2477.324400443654
57995,31.05241692307647,1329.8999999990674,2477.335064810786
57996,31.05241692307647,1329.9199999990674,2477.3457291393856
57997,31.05241692307647,1329.9399999990674,2477.356393429462
57998,31.05241692307647,1329.9599999990673,2477.3670576810246
57999,31.05241692307647,1329.9799999990673,2477.3777218940822
58000,31.05241692307647,1329.9999999990673,2477.3883860686446
58001,31.05241692307647,1330.0199999990673,2477.3990502047213
58002,31.05241692307647,1330.0399999990673,2477.4097143023214
58003,31.05241692307647,1330.0599999990673,2477.420378361454
58004,31.05241692307647,1330.0799999990672,2477.4310423821285
58005,31.05241692307647,1330.0999999990672,2477.4417063643546
58006,31.05241692307647,1330.1199999990672,2477.452370308141
58007,31.05241692307647,1330.1399999990672,2477.4630342134974
58008,31.05241692307647,1330.1599999990672,2477.473698080433
58009,31.05241692307647,1330.1799999990671,2477.4843619089575
58010,31.05241692307647,1330.1999999990671,2477.4950256990796
58011,31.05241692307647,1330.219999999067,2477.505689450809
58012,31.05241692307647,1330.239999999067,2477.5163531641547
58013,31.05241692307647,1330.259999999067,2477.5270168391266
58014,31.05241692307647,1330.279999999067,2477.5376804757334
58015,31.05241692307647,1330.299999999067,2477.548344073985
58016,31.05241692307647,1330.319999999067,2477.5590076338904
58017,31.05241692307647,1330.339999999067,2477.5696711554588
58018,31.05241692307647,1330.359999999067,2477.5803346386997
58019,31.05241692307647,1330.379999999067,2477.5909980836223
58020,31.05241692307647,1330.399999999067,2477.601661490236
58021,31.05241692307647,1330.419999999067,2477.61232485855
58022,31.05241692307647,1330.439999999067,2477.622988188574
58023,31.05241692307647,1330.459999999067,2477.6336514803165
58024,31.05241692307647,1330.4799999990669,2477.6443147337877
58025,31.05241692307647,1330.4999999990669,2477.6549779489965
58026,31.05241692307647,1330.5199999990668,2477.6656411259523
58027,31.05241692307647,1330.5399999990668,2477.6763042646644
58028,31.05241692307647,1330.5599999990668,2477.6869673651418
58029,31.05241692307647,1330.5799999990668,2477.6976304273944
58030,31.05241692307647,1330.5999999990668,2477.708293451431
58031,31.05241692307647,1330.6199999990667,2477.718956437261
58032,31.05241692307647,1330.6399999990667,2477.7296193848942
58033,31.05241692307647,1330.6599999990667,2477.7402822943395
58034,31.05241692307647,1330.6799999990667,2477.7509451656065
58035,31.05241692307647,1330.6999999990667,2477.761607998704
58036,31.05241692307647,1330.7199999990667,2477.7722707936423
58037,31.05241692307647,1330.7399999990666,2477.78293355043
58038,31.05241692307647,1330.7599999990666,2477.793596269076
58039,31.05241692307647,1330.7799999990666,2477.80425894959
58040,31.05241692307647,1330.7999999990666,2477.8149215919816
58041,31.05241692307647,1330.8199999990666,2477.82558419626
58042,31.05241692307647,1330.8399999990665,2477.8362467625357
58043,31.05241692307647,1330.8599999990665,2477.846909291077
58044,31.05241692307647,1330.8799999990665,2477.857571781911
58045,31.05241692307647,1330.8999999990665,2477.868234235047
58046,31.05241692307647,1330.9199999990665,2477.878896650495
58047,31.05241692307647,1330.9399999990665,2477.8895590282636
58048,31.05241692307647,1330.9599999990664,2477.9002213683625
58049,31.05241692307647,1330.9799999990664,2477.9108836708006
58050,31.05241692307647,1330.9999999990664,2477.921545935588
58051,31.05241692307647,1331.0199999990664,2477.932208162733
58052,31.05241692307647,1331.0399999990664,2477.9428703522453
58053,31.05241692307647,1331.0599999990663,2477.9535325041347
58054,31.05241692307647,1331.0799999990663,2477.96419461841
58055,31.05241692307647,1331.0999999990663,2477.974856695081
58056,31.05241692307647,1331.1199999990663,2477.985518734157
58057,31.05241692307647,1331.1399999990663,2477.9961807356467
58058,31.05241692307647,1331.1599999990663,2478.0068426995604
58059,31.05241692307647,1331.1799999990662,2478.0175046259064
58060,31.05241692307647,1331.1999999990662,2478.028166514695
58061,31.05241692307647,1331.2199999990662,2478.038828365935
58062,31.05241692307647,1331.2399999990662,2478.0494901796355
58063,31.05241692307647,1331.2599999990662,2478.0601519558063
58064,31.05241692307647,1331.2799999990661,2478.0708136944563
58065,31.05241692307647,1331.2999999990661,2478.081475395595
58066,31.05241692307647,1331.319999999066,2478.0921370592323
58067,31.05241692307647,1331.339999999066,2478.102798685377
58068,31.05241692307647,1331.359999999066,2478.113460274038
58069,31.05241692307647,1331.379999999066,2478.1241218252253
58070,31.05241692307647,1331.399999999066,2478.134783338948
58071,31.05241692307647,1331.419999999066,2478.145444815216
58072,31.05241692307647,1331.439999999066,2478.1561062540377
58073,31.05241692307647,1331.459999999066,2478.166767655423
58074,31.05241692307647,1331.479999999066,2478.177429019381
58075,31.05241692307647,1331.499999999066,2478.1880903459214
58076,31.05241692307647,1331.519999999066,2478.1987516350528
58077,31.05241692307647,1331.539999999066,2478.2094128867852
58078,31.05241692307647,1331.559999999066,2478.2200741011275
58079,31.05241692307647,1331.5799999990659,2478.2307352780895
58080,31.05241692307647,1331.5999999990659,2478.2413964176803
58081,31.05241692307647,1331.6199999990658,2478.252057519909
58082,31.05241692307647,1331.6399999990658,2478.2627185847855
58083,31.05241692307647,1331.6599999990658,2478.2733796123184
58084,31.05241692307647,1331.6799999990658,2478.2840406025175
58085,31.05241692307647,1331.6999999990658,2478.294701555392
58086,31.05241692307647,1331.7199999990657,2478.305362470951
58087,31.05241692307647,1331.7399999990657,2478.3160233492044
58088,31.05241692307647,1331.7599999990657,2478.3266841901614
58089,31.05241692307647,1331.7799999990657,2478.337344993831
58090,31.05241692307647,1331.7999999990657,2478.3480057602223
58091,31.05241692307647,1331.8199999990657,2478.3586664893455
58092,31.05241692307647,1331.8399999990656,2478.3693271812094
58093,31.05241692307647,1331.8599999990656,2478.379987835947
58094,31.05241692307647,1331.8799999990656,2478.390648453809
58095,31.05241692307647,1331.8999999990656,2478.401309034818
58096,31.05241692307647,1331.9199999990656,2478.4119695789836
58097,31.05241692307647,1331.9399999990655,2478.422630086315
58098,31.05241692307647,1331.9599999990655,2478.4332905568217
58099,31.05241692307647,1331.9799999990655,2478.443950990513
58100,31.05241692307647,1331.9999999990655,2478.4546113873976
58101,31.05241692307647,1332.0199999990655,2478.4652717474855
58102,31.05241692307647,1332.0399999990655,2478.4759320707863
58103,31.05241692307647,1332.0599999990654,2478.486592357309
58104,31.05241692307647,1332.0799999990654,2478.4972526070624
58105,31.05241692307647,1332.0999999990654,2478.507912820057
58106,31.05241692307647,1332.1199999990654,2478.518572996301
58107,31.05241692307647,1332.1399999990654,2478.5292331358046
58108,31.05241692307647,1332.1599999990653,2478.5398932385765
58109,31.05241692307647,1332.1799999990653,2478.5505533046266
58110,31.05241692307647,1332.1999999990653,2478.561213333964
58111,31.05241692307647,1332.2199999990653,2478.571873326598
58112,31.05241692307647,1332.2399999990653,2478.582533282538
58113,31.05241692307647,1332.2599999990653,2478.5931932017934
58114,31.05241692307647,1332.2799999990652,2478.6038530843734
58115,31.05241692307647,1332.2999999990652,2478.6145129302877
58116,31.05241692307647,1332.3199999990652,2478.625172739545
58117,31.05241692307647,1332.3399999990652,2478.6358325121555
58118,31.05241692307647,1332.3599999990652,2478.6464922481277
58119,31.05241692307647,1332.3799999990651,2478.6571519474714
58120,31.05241692307647,1332.3999999990651,2478.667811610196
58121,31.05241692307647,1332.419999999065,2478.678471236311
58122,31.05241692307647,1332.439999999065,2478.689130825825
58123,31.05241692307647,1332.459999999065,2478.699790378748
58124,31.05241692307647,1332.479999999065,2478.710449895089
58125,31.05241692307647,1332.499999999065,2478.7211093748574
58126,31.05241692307647,1332.519999999065,2478.731768818063
58127,31.05241692307647,1332.539999999065,2478.7424282247143
58128,31.05241692307647,1332.559999999065,2478.7530875948214
58129,31.05241692307647,1332.579999999065,2478.7637469283936
58130,31.05241692307647,1332.599999999065,2478.77440622544
58131,31.05241692307647,1332.619999999065,2478.78506548597
58132,31.05241692307647,1332.639999999065,2478.795724709993
58133,31.05241692307647,1332.659999999065,2478.806383897518
58134,31.05241692307647,1332.6799999990649,2478.817043048555
58135,31.05241692307647,1332.6999999990649,2478.827702163113
58136,31.05241692307647,1332.7199999990648,2478.8383612412013
58137,31.05241692307647,1332.7399999990648,2478.8490202828293
58138,31.05241692307647,1332.7599999990648,2478.859679288006
58139,31.05241692307647,1332.7799999990648,2478.8703382567414
58140,31.05241692307647,1332.7999999990648,2478.8809971890446
58141,31.05241692307647,1332.8199999990647,2478.8916560849248
58142,31.05241692307647,1332.8399999990647,2478.9023149443915
58143,31.05241692307647,1332.8599999990647,2478.912973767454
58144,31.05241692307647,1332.8799999990647,2478.923632554275
58145,31.05241692307647,1332.8999999990647,2478.934291305102
58146,31.05241692307647,1332.9199999990647,2478.944950019952
58147,31.05241692307647,1332.9399999990646,2478.9556086988355
58148,31.05241692307647,1332.9599999990646,2478.9662673417615
58149,31.05241692307647,1332.9799999990646,2478.9769259487393
58150,31.01043130666424,1332.9999999990646,2478.987584519778
58151,31.01043130666424,1333.0199999990646,2478.998243054887
58152,31.01043130666424,1333.0399999990645,2479.008901554076
58153,31.01043130666424,1333.0599999990645,2479.0195600173547
58154,31.01043130666424,1333.0799999990645,2479.0302184447314
58155,31.01043130666424,1333.0999999990645,2479.0408768362163
58156,31.01043130666424,1333.1199999990645,2479.0515351918184
58157,31.01043130666424,1333.1399999990645,2479.0621935115473
58158,31.01043130666424,1333.1599999990644,2479.072851795412
58159,31.01043130666424,1333.1799999990644,2479.0835100434224
58160,31.01043130666424,1333.1999999990644,2479.094168255587
58161,31.01043130666424,1333.2199999990644,2479.104826431916
58162,31.01043130666424,1333.2399999990644,2479.1154845724186
58163,31.01043130666424,1333.2599999990643,2479.126142677104
58164,31.01043130666424,1333.2799999990643,2479.136800745981
58165,31.01043130666424,1333.2999999990643,2479.14745877906
58166,31.01043130666424,1333.3199999990643,2479.1581167763493
58167,31.01043130666424,1333.3399999990643,2479.168774737859
58168,31.01043130666424,1333.3599999990643,2479.1794326635986
58169,31.01043130666424,1333.3799999990642,2479.1900905535767
58170,31.01043130666424,1333.3999999990642,2479.2007484078035
58171,31.01043130666424,1333.4199999990642,2479.2114062262876
58172,31.01043130666424,1333.4399999990642,2479.2220640090386
58173,31.01043130666424,1333.4599999990642,2479.232721756066
58174,31.01043130666424,1333.4799999990641,2479.2433794673793
58175,31.01043130666424,1333.4999999990641,2479.2540371429877
58176,31.01043130666424,1333.519999999064,2479.2646947829003
58177,31.01043130666424,1333.539999999064,2479.275352387127
58178,31.01043130666424,1333.559999999064,2479.2860099556765
58179,31.01043130666424,1333.579999999064,2479.296667488559
58180,31.01043130666424,1333.599999999064,2479.3073249857825
58181,31.01043130666424,1333.619999999064,2479.3179824473577
58182,31.01043130666424,1333.639999999064,2479.3286398732935
58183,31.01043130666424,1333.659999999064,2479.3392972635993
58184,31.01043130666424,1333.679999999064,2479.3499546182843
58185,31.01043130666424,1333.699999999064,2479.360611937358
58186,31.01043130666424,1333.719999999064,2479.3712692208296
58187,31.01043130666424,1333.739999999064,2479.3819264687086
58188,31.01043130666424,1333.759999999064,2479.392583681004
58189,31.01043130666424,1333.7799999990639,2479.4032408577255
58190,31.01043130666424,1333.7999999990639,2479.4138979988825
58191,31.01043130666424,1333.8199999990638,2479.424555104484
58192,31.01043130666424,1333.8399999990638,2479.43521217454
58193,31.01043130666424,1333.8599999990638,2479.4458692090598
58194,31.01043130666424,1333.8799999990638,2479.4565262080523
58195,31.01043130666424,1333.8999999990638,2479.467183171683
58196,31.01043130666424,1333.9199999990637,2479.4778401001527
58197,31.01043130666424,1333.9399999990637,2479.488496993475
58198,31.01043130666424,1333.9599999990637,2479.4991538516597
58199,31.01043130666424,1333.9799999990637,2479.5098106747155
58200,31.01043130666424,1333.9999999990637,2479.5204674626516
58201,31.01043130666424,1334.0199999990637,2479.531124215478
58202,31.01043130666424,1334.0399999990636,2479.541780933204
58203,31.01043130666424,1334.0599999990636,2479.5524376158382
58204,31.01043130666424,1334.0799999990636,2479.563094263391
58205,31.01043130666424,1334.0999999990636,2479.573750875871
58206,31.01043130666424,1334.1199999990636,2479.5844074532883
58207,31.01043130666424,1334.1399999990635,2479.595063995652
58208,31.01043130666424,1334.1599999990635,2479.6057205029706
58209,31.01043130666424,1334.1799999990635,2479.6163769752543
58210,31.01043130666424,1334.1999999990635,2479.6270334125124
58211,31.01043130666424,1334.2199999990635,2479.6376898147546
58212,31.01043130666424,1334.2399999990635,2479.64834618199
58213,31.01043130666424,1334.2599999990634,2479.6590025142273
58214,31.01043130666424,1334.2799999990634,2479.669658811477
58215,31.01043130666424,1334.2999999990634,2479.6803150737474
58216,31.01043130666424,1334.3199999990634,2479.6909713010486
58217,31.01043130666424,1334.3399999990634,2479.70162749339
58218,31.01043130666424,1334.3599999990633,2479.7122836507806
58219,31.01043130666424,1334.3799999990633,2479.72293977323
58220,31.01043130666424,1334.3999999990633,2479.7335958607473
58221,31.01043130666424,1334.4199999990633,2479.744251913342
58222,31.01043130666424,1334.4399999990633,2479.7549079310234
58223,31.01043130666424,1334.4599999990633,2479.765563913801
58224,31.01043130666424,1334.4799999990632,2479.7762198616842
58225,31.01043130666424,1334.4999999990632,2479.7868757746824
58226,31.01043130666424,1334.5199999990632,2479.797531652805
58227,31.01043130666424,1334.5399999990632,2479.8081874960612
58228,31.01043130666424,1334.5599999990632,2479.81884330446
58229,31.01043130666424,1334.5799999990631,2479.829499078012
58230,31.01043130666424,1334.5999999990631,2479.8401548167253
58231,31.01043130666424,1334.619999999063,2479.8508105206097
58232,31.01043130666424,1334.639999999063,2479.8614661896745
58233,31.01043130666424,1334.659999999063,2479.8721218239293
58234,31.01043130666424,1334.679999999063,2479.8827774233837
58235,31.01043130666424,1334.699999999063,2479.8934329880467
58236,31.01043130666424,1334.719999999063,2479.9040885179274
58237,31.01043130666424,1334.739999999063,2479.9147440130355
58238,31.01043130666424,1334.759999999063,2479.9253994733804
58239,31.01043130666424,1334.779999999063,2479.9360548989716
58240,31.01043130666424,1334.799999999063,2479.9467102898184
58241,31.01043130666424,1334.819999999063,2479.9573656459297
58242,31.01043130666424,1334.839999999063,2479.968020967315
58243,31.01043130666424,1334.859999999063,2479.9786762539843
58244,31.01043130666424,1334.8799999990629,2479.9893315059467
58245,31.01043130666424,1334.8999999990629,2479.9999867232114
58246,31.01043130666424,1334.9199999990628,2480.010641907325
58247,31.01043130666424,1334.9399999990628,2480.0212970598363
58248,31.01043130666424,1334.9599999990628,2480.0319521807555
58249,31.01043130666424,1334.9799999990628,2480.0426072700925
58250,31.01043130666424,1334.9999999990628,2480.053262327857
58251,31.01043130666424,1335.0199999990627,2480.063917354058
58252,31.01043130666424,1335.0399999990627,2480.074572348706
58253,31.01043130666424,1335.0599999990627,2480.0852273118107
58254,31.01043130666424,1335.0799999990627,2480.0958822433813
58255,31.01043130666424,1335.0999999990627,2480.106537143428
58256,31.01043130666424,1335.1199999990627,2480.11719201196
58257,31.01043130666424,1335.1399999990626,2480.1278468489872
58258,31.01043130666424,1335.1599999990626,2480.1385016545196
58259,31.01043130666424,1335.1799999990626,2480.149156428566
58260,31.01043130666424,1335.1999999990626,2480.159811171137
58261,31.01043130666424,1335.2199999990626,2480.170465882242
58262,31.01043130666424,1335.2399999990625,2480.18112056189
58263,31.01043130666424,1335.2599999990625,2480.1917752100917
58264,31.01043130666424,1335.2799999990625,2480.2024298268566
58265,31.01043130666424,1335.2999999990625,2480.213084412194
58266,31.01043130666424,1335.3199999990625,2480.2237389661136
58267,31.01043130666424,1335.3399999990625,2480.2343934886253
58268,31.01043130666424,1335.3599999990624,2480.245047979739
58269,31.01043130666424,1335.3799999990624,2480.2557024394637
58270,31.01043130666424,1335.3999999990624,2480.2663568678095
58271,31.01043130666424,1335.4199999990624,2480.2770112647863
58272,31.01043130666424,1335.4399999990624,2480.2876656304034
58273,31.01043130666424,1335.4599999990623,2480.2983199646706
58274,31.01043130666424,1335.4799999990623,2480.308974267598
58275,31.01043130666424,1335.4999999990623,2480.3196285391946
58276,31.01043130666424,1335.5199999990623,2480.3302827794705
58277,31.01043130666424,1335.5399999990623,2480.3409369884353
58278,31.01043130666424,1335.5599999990623,2480.3515911660984
58279,31.01043130666424,1335.5799999990622,2480.36224531247
58280,31.01043130666424,1335.5999999990622,2480.3728994275593
58281,31.01043130666424,1335.6199999990622,2480.3835535113767
58282,31.01043130666424,1335.6399999990622,2480.394207563931
58283,31.01043130666424,1335.6599999990622,2480.4048615852325
58284,31.01043130666424,1335.6799999990621,2480.4155155752906
58285,31.01043130666424,1335.6999999990621,2480.426169534115
58286,31.01043130666424,1335.719999999062,2480.436823461716
58287,31.01043130666424,1335.739999999062,2480.4474773581023
58288,31.01043130666424,1335.759999999062,2480.458131223284
58289,31.01043130666424,1335.779999999062,2480.468785057271
58290,31.01043130666424,1335.799999999062,2480.4794388600726
58291,31.01043130666424,1335.819999999062,2480.4900926316986
58292,31.01043130666424,1335.839999999062,2480.500746372159
58293,31.01043130666424,1335.859999999062,2480.5114000814633
58294,31.01043130666424,1335.879999999062,2480.522053759621
58295,31.01043130666424,1335.899999999062,2480.532707406642
58296,31.01043130666424,1335.919999999062,2480.543361022541
58297,31.01043130666424,1335.939999999062,2480.554014607533
58298,31.01043130666424,1335.959999999062,2480.564668161793
58299,31.01043130666424,1335.9799999990619,2480.575321685331
58300,31.01043130666424,1335.9999999990619,2480.585975178156
58301,31.01043130666424,1336.0199999990618,2480.5966286402777
58302,31.01043130666424,1336.0399999990618,2480.6072820717063
58303,31.01043130666424,1336.0599999990618,2480.6179354724513
58304,31.01043130666424,1336.0799999990618,2480.6285888425223
58305,31.01043130666424,1336.0999999990618,2480.6392421819287
58306,31.01043130666424,1336.1199999990617,2480.6498954906806
58307,31.01043130666424,1336.1399999990617,2480.660548768788
58308,31.01043130666424,1336.1599999990617,2480.67120201626
58309,31.01043130666424,1336.1799999990617,2480.6818552331065
58310,31.01043130666424,1336.1999999990617,2480.6925084193376
58311,31.01043130666424,1336.2199999990617,2480.7031615749625
58312,31.01043130666424,1336.2399999990616,2480.713814699991
58313,31.01043130666424,1336.2599999990616,2480.724467794433
58314,31.01043130666424,1336.2799999990616,2480.735120858298
58315,31.01043130666424,1336.2999999990616,2480.745773891596
58316,31.01043130666424,1336.3199999990616,2480.756426894336
58317,31.01043130666424,1336.3399999990615,2480.7670798665285
58318,31.01043130666424,1336.3599999990615,2480.777732808183
58319,31.01043130666424,1336.3799999990615,2480.7883857193087
58320,31.01043130666424,1336.3999999990615,2480.799038599916
58321,31.01043130666424,1336.4199999990615,2480.8096914500143
58322,31.01043130666424,1336.4399999990615,2480.820344269613
58323,31.01043130666424,1336.4599999990614,2480.8309970587225
58324,31.01043130666424,1336.4799999990614,2480.841649817352
58325,31.01043130666424,1336.4999999990614,2480.8523025455115
58326,31.01043130666424,1336.5199999990614,2480.8629552432103
58327,31.01043130666424,1336.5399999990614,2480.8736079104583
58328,31.01043130666424,1336.5599999990613,2480.8842605472655
58329,31.01043130666424,1336.5799999990613,2480.894913153641
58330,31.01043130666424,1336.5999999990613,2480.905565729595
58331,31.01043130666424,1336.6199999990613,2480.916218275137
58332,31.01043130666424,1336.6399999990613,2480.926870790277
58333,31.01043130666424,1336.6599999990613,2480.9375232750244
58334,31.01043130666424,1336.6799999990612,2480.948175729389
58335,31.01043130666424,1336.6999999990612,2480.95882815338
58336,31.01043130666424,1336.7199999990612,2480.969480547008
58337,31.01043130666424,1336.7399999990612,2480.980132910282
58338,31.01043130666424,1336.7599999990612,2480.990785243212
58339,31.01043130666424,1336.7799999990611,2481.0014375458077
58340,31.01043130666424,1336.7999999990611,2481.012089818079
58341,31.01043130666424,1336.819999999061,2481.0227420600354
58342,31.01043130666424,1336.839999999061,2481.0333942716866
58343,31.01043130666424,1336.859999999061,2481.044046453042
58344,31.01043130666424,1336.879999999061,2481.0546986041118
58345,31.01043130666424,1336.899999999061,2481.0653507249053
58346,31.01043130666424,1336.919999999061,2481.0760028154327
58347,31.01043130666424,1336.939999999061,2481.086654875712
58348,31.01043130666424,1336.959999999061,2481.0973069059783
58349,31.01043130666424,1336.979999999061,2481.107958906383
58350,31.01043130666424,1336.999999999061,2481.118610876936
58351,31.01043130666424,1337.019999999061,2481.1292628176475
58352,31.01043130666424,1337.039999999061,2481.1399147285265
58353,31.01043130666424,1337.059999999061,2481.150566609583
58354,31.01043130666424,1337.0799999990609,2481.161218460827
58355,31.01043130666424,1337.0999999990609,2481.171870282268
58356,31.01043130666424,1337.1199999990608,2481.182522073916
58357,31.01043130666424,1337.1399999990608,2481.1931738357803
58358,31.01043130666424,1337.1599999990608,2481.203825567871
58359,31.01043130666424,1337.1799999990608,2481.214477270197
58360,31.01043130666424,1337.1999999990608,2481.225128942769
58361,31.01043130666424,1337.2199999990607,2481.2357805855963
58362,31.01043130666424,1337.2399999990607,2481.2464321986886
58363,31.01043130666424,1337.2599999990607,2481.257083782056
58364,31.01043130666424,1337.2799999990607,2481.2677353357076
58365,31.01043130666424,1337.2999999990607,2481.2783868596534
58366,31.01043130666424,1337.3199999990607,2481.2890383539034
58367,31.01043130666424,1337.3399999990606,2481.299689818467
58368,31.01043130666424,1337.3599999990606,2481.3103412533537
58369,31.01043130666424,1337.3799999990606,2481.3209926585737
58370,31.01043130666424,1337.3999999990606,2481.3316440341364
58371,31.01043130666424,1337.4199999990606,2481.342295380052
58372,31.01043130666424,1337.4399999990605,2481.352946696329
58373,31.01043130666424,1337.4599999990605,2481.3635979829787
58374,31.01043130666424,1337.4799999990605,2481.3742492400097
58375,31.01043130666424,1337.4999999990605,2481.3849004674325
58376,31.01043130666424,1337.5199999990605,2481.3955516652563
58377,31.01043130666424,1337.5399999990605,2481.406202833491
58378,31.01043130666424,1337.5599999990604,2481.4168539721463
58379,31.01043130666424,1337.5799999990604,2481.427505081232
58380,31.01043130666424,1337.5999999990604,2481.438156160758
58381,31.01043130666424,1337.6199999990604,2481.4488072107333
58382,31.01043130666424,1337.6399999990604,2481.4594582311684
58383,31.01043130666424,1337.6599999990603,2481.4701092220726
58384,31.01043130666424,1337.6799999990603,2481.4807601834555
58385,31.01043130666424,1337.6999999990603,2481.491411115327
58386,31.01043130666424,1337.7199999990603,2481.502062017697
58387,31.01043130666424,1337.7399999990603,2481.512712890575
58388,31.01043130666424,1337.7599999990603,2481.523363733971
58389,31.01043130666424,1337.7799999990602,2481.5340145478945
58390,31.01043130666424,1337.7999999990602,2481.544665332355
58391,31.01043130666424,1337.8199999990602,2481.555316087363
58392,31.01043130666424,1337.8399999990602,2481.5659668129274
58393,31.01043130666424,1337.8599999990602,2481.5766175090585
58394,31.01043130666424,1337.8799999990601,2481.5872681757655
58395,31.01043130666424,1337.8999999990601,2481.5979188130586
58396,31.01043130666424,1337.91999999906,2481.6085694209473
58397,31.01043130666424,1337.93999999906,2481.619219999441
58398,31.01043130666424,1337.95999999906,2481.6298705485638
58399,31.01043130666424,1337.97999999906,2481.640521068569
58400,31.01043130666424,1337.99999999906,2481.651171559588
58401,31.01043130666424,1338.01999999906,2481.6618220216305
58402,31.01043130666424,1338.03999999906,2481.6724724547066
58403,31.01043130666424,1338.05999999906,2481.6831228588258
58404,31.01043130666424,1338.07999999906,2481.6937732339975
58405,31.01043130666424,1338.09999999906,2481.704423580232
58406,31.01043130666424,1338.11999999906,2481.7150738975383
58407,31.01043130666424,1338.13999999906,2481.725724185927
58408,31.01043130666424,1338.15999999906,2481.7363744454074
58409,31.01043130666424,1338.1799999990599,2481.747024675989
58410,31.01043130666424,1338.1999999990599,2481.757674877682
58411,31.01043130666424,1338.2199999990598,2481.7683250504956
58412,31.01043130666424,1338.2399999990598,2481.77897519444
58413,31.01043130666424,1338.2599999990598,2481.789625309525
58414,31.01043130666424,1338.2799999990598,2481.80027539576
58415,31.01043130666424,1338.2999999990598,2481.8109254531546
58416,31.01043130666424,1338.3199999990597,2481.821575481719
58417,31.01043130666424,1338.3399999990597,2481.8322254814625
58418,31.01043130666424,1338.3599999990597,2481.842875452395
58419,31.01043130666424,1338.3799999990597,2481.8535253945265
58420,31.01043130666424,1338.3999999990597,2481.8641753078664
58421,31.01043130666424,1338.4199999990597,2481.8748251924244
58422,31.01043130666424,1338.4399999990596,2481.8854750482105
58423,31.01043130666424,1338.4599999990596,2481.8961248752344
58424,31.01043130666424,1338.4799999990596,2481.9067746735054
58425,31.01043130666424,1338.4999999990596,2481.9174244430337
58426,31.01043130666424,1338.5199999990596,2481.928074183829
58427,31.01043130666424,1338.5399999990595,2481.9387238959007
58428,31.01043130666424,1338.5599999990595,2481.949373579259
58429,31.01043130666424,1338.5799999990595,2481.960023233913
58430,31.01043130666424,1338.5999999990595,2481.970672859873
58431,31.01043130666424,1338.6199999990595,2481.9813224571485
58432,31.01043130666424,1338.6399999990595,2481.9919720257494
58433,31.01043130666424,1338.6599999990594,2482.0026215656853
58434,31.01043130666424,1338.6799999990594,2482.013271076966
58435,31.01043130666424,1338.6999999990594,2482.023920559601
58436,31.01043130666424,1338.7199999990594,2482.0345700136
58437,31.01043130666424,1338.7399999990594,2482.045219438973
58438,31.01043130666424,1338.7599999990593,2482.05586883573
58439,31.01043130666424,1338.7799999990593,2482.06651820388
58440,31.01043130666424,1338.7999999990593,2482.0771675434335
58441,31.01043130666424,1338.8199999990593,2482.0878168543995
58442,31.01043130666424,1338.8399999990593,2482.0984661367884
58443,31.01043130666424,1338.8599999990593,2482.1091153906095
58444,31.01043130666424,1338.8799999990592,2482.1197646158726
58445,31.01043130666424,1338.8999999990592,2482.1304138125874
58446,31.01043130666424,1338.9199999990592,2482.1410629807638
58447,31.01043130666424,1338.9399999990592,2482.1517121204115
58448,31.01043130666424,1338.9599999990592,2482.16236123154
58449,31.01043130666424,1338.9799999990591,2482.1730103141786
58450,31.01043130666424,1338.9999999990591,2482.183659368608
58451,31.01043130666424,1339.019999999059,2482.194308394941
58452,30.968540218824682,1339.039999999059,2482.204957393187
58453,30.968540218824682,1339.059999999059,2482.215606363357
58454,30.968540218824682,1339.079999999059,2482.2262553054593
58455,30.968540218824682,1339.099999999059,2482.2369042195046
58456,30.968540218824682,1339.119999999059,2482.247553105502
58457,30.968540218824682,1339.139999999059,2482.2582019634615
58458,30.968540218824682,1339.159999999059,2482.268850793393
58459,30.968540218824682,1339.179999999059,2482.2794995953063
58460,30.968540218824682,1339.199999999059,2482.2901483692112
58461,30.968540218824682,1339.219999999059,2482.3007971151173
58462,30.968540218824682,1339.239999999059,2482.3114458330347
58463,30.968540218824682,1339.259999999059,2482.3220945229727
58464,30.968540218824682,1339.2799999990589,2482.332743184941
58465,30.968540218824682,1339.2999999990589,2482.34339181895
58466,30.968540218824682,1339.3199999990588,2482.354040425009
58467,30.968540218824682,1339.3399999990588,2482.3646890031273
58468,30.968540218824682,1339.3599999990588,2482.3753375533156
58469,30.968540218824682,1339.3799999990588,2482.3859860755833
58470,30.968540218824682,1339.3999999990588,2482.39663456994
58471,30.968540218824682,1339.4199999990587,2482.4072830363957
58472,30.968540218824682,1339.4399999990587,2482.41793147496
58473,30.968540218824682,1339.4599999990587,2482.4285798856426
58474,30.968540218824682,1339.4799999990587,2482.4392282684535
58475,30.968540218824682,1339.4999999990587,2482.4498766234024
58476,30.968540218824682,1339.5199999990587,2482.460524950499
58477,30.968540218824682,1339.5399999990586,2482.471173249753
58478,30.968540218824682,1339.5599999990586,2482.4818215211744
58479,30.968540218824682,1339.5799999990586,2482.492469764773
58480,30.968540218824682,1339.5999999990586,2482.5031179805583
58481,30.968540218824682,1339.6199999990586,2482.51376616854
58482,30.968540218824682,1339.6399999990585,2482.5244143287277
58483,30.968540218824682,1339.6599999990585,2482.535062461132
58484,30.968540218824682,1339.6799999990585,2482.545710565762
58485,30.968540218824682,1339.6999999990585,2482.556358642628
58486,30.968540218824682,1339.7199999990585,2482.567006691739
58487,30.968540218824682,1339.7399999990585,2482.5776547131054
58488,30.968540218824682,1339.7599999990584,2482.5883027067366
58489,30.968540218824682,1339.7799999990584,2482.5989506726423
58490,30.968540218824682,1339.7999999990584,2482.6095986108326
58491,30.968540218824682,1339.8199999990584,2482.6202465213173
58492,30.968540218824682,1339.8399999990584,2482.6308944041057
58493,30.968540218824682,1339.8599999990583,2482.641542259208
58494,30.968540218824682,1339.8799999990583,2482.652190086634
58495,30.968540218824682,1339.8999999990583,2482.6628378863934
58496,30.968540218824682,1339.9199999990583,2482.673485658496
58497,30.968540218824682,1339.9399999990583,2482.684133402951
58498,30.968540218824682,1339.9599999990583,2482.6947811197683
58499,30.968540218824682,1339.9799999990582,2482.7054288089585
58500,30.968540218824682,1339.9999999990582,2482.716076470552
58501,30.968540218824682,1340.0199999990582,2482.726724104818
58502,30.968540218824682,1340.0399999990582,2482.7373717118385
58503,30.968540218824682,1340.0599999990582,2482.7480192916228
58504,30.968540218824682,1340.0799999990581,2482.758666844181
58505,30.968540218824682,1340.0999999990581,2482.7693143695224
58506,30.968540218824682,1340.119999999058,2482.779961867657
58507,30.968540218824682,1340.139999999058,2482.790609338595
58508,30.968540218824682,1340.159999999058,2482.8012567823453
58509,30.968540218824682,1340.179999999058,2482.8119041989185
58510,30.968540218824682,1340.199999999058,2482.8225515883237
58511,30.968540218824682,1340.219999999058,2482.833198950571
58512,30.968540218824682,1340.239999999058,2482.84384628567
58513,30.968540218824682,1340.259999999058,2482.854493593631
58514,30.968540218824682,1340.279999999058,2482.8651408744636
58515,30.968540218824682,1340.299999999058,2482.875788128177
58516,30.968540218824682,1340.319999999058,2482.886435354782
58517,30.968540218824682,1340.339999999058,2482.8970825542874
58518,30.968540218824682,1340.359999999058,2482.907729726703
58519,30.968540218824682,1340.3799999990579,2482.9183768720395
58520,30.968540218824682,1340.3999999990579,2482.9290239903057
58521,30.968540218824682,1340.4199999990578,2482.9396710815117
58522,30.968540218824682,1340.4399999990578,2482.9503181456676
58523,30.968540218824682,1340.4599999990578,2482.9609651827827
58524,30.968540218824682,1340.4799999990578,2482.9716121928673
58525,30.968540218824682,1340.4999999990578,2482.9822591759307
58526,30.968540218824682,1340.5199999990577,2482.9929061319826
58527,30.968540218824682,1340.5399999990577,2483.003553061033
58528,30.968540218824682,1340.5599999990577,2483.014199963092
58529,30.968540218824682,1340.5799999990577,2483.0248468381687
58530,30.968540218824682,1340.5999999990577,2483.0354936862736
58531,30.968540218824682,1340.6199999990577,2483.046140507416
58532,30.968540218824682,1340.6399999990576,2483.056787301606
58533,30.968540218824682,1340.6599999990576,2483.0674340688533
58534,30.968540218824682,1340.6799999990576,2483.078080809167
58535,30.968540218824682,1340.6999999990576,2483.0887275225577
58536,30.968540218824682,1340.7199999990576,2483.099374209035
58537,30.968540218824682,1340.7399999990575,2483.1100208686084
58538,30.968540218824682,1340.7599999990575,2483.120667501288
58539,30.968540218824682,1340.7799999990575,2483.1313141070837
58540,30.968540218824682,1340.7999999990575,2483.1419606860045
58541,30.968540218824682,1340.8199999990575,2483.1526072380607
58542,30.968540218824682,1340.8399999990575,2483.163253763262
58543,30.968540218824682,1340.8599999990574,2483.1739002616187
58544,30.968540218824682,1340.8799999990574,2483.18454673314
58545,30.968540218824682,1340.8999999990574,2483.195193177836
58546,30.968540218824682,1340.9199999990574,2483.2058395957156
58547,30.968540218824682,1340.9399999990574,2483.2164859867894
58548,30.968540218824682,1340.9599999990573,2483.227132351067
58549,30.968540218824682,1340.9799999990573,2483.2377786885586
58550,30.968540218824682,1340.9999999990573,2483.2484249992735
58551,30.968540218824682,1341.0199999990573,2483.259071283248
58552,30.968540218824682,1341.0399999990573,2483.269717540785
58553,30.968540218824682,1341.0599999990573,2483.2803637719485
58554,30.968540218824682,1341.0799999990572,2483.2910099767473
58555,30.968540218824682,1341.0999999990572,2483.3016561551917
58556,30.968540218824682,1341.1199999990572,2483.3123023072917
58557,30.968540218824682,1341.1399999990572,2483.322948433057
58558,30.968540218824682,1341.1599999990572,2483.3335945324966
58559,30.968540218824682,1341.1799999990571,2483.3442406056215
58560,30.968540218824682,1341.1999999990571,2483.3548866524407
58561,30.968540218824682,1341.219999999057,2483.365532672964
58562,30.968540218824682,1341.239999999057,2483.3761786672017
58563,30.968540218824682,1341.259999999057,2483.386824635163
58564,30.968540218824682,1341.279999999057,2483.3974705768583
58565,30.968540218824682,1341.299999999057,2483.408116492297
58566,30.968540218824682,1341.319999999057,2483.4187623814887
58567,30.968540218824682,1341.339999999057,2483.429408244444
58568,30.968540218824682,1341.359999999057,2483.4400540811716
58569,30.968540218824682,1341.379999999057,2483.4506998916822
58570,30.968540218824682,1341.399999999057,2483.4613456759853
58571,30.968540218824682,1341.419999999057,2483.4719914340903
58572,30.968540218824682,1341.439999999057,2483.4826371660074
58573,30.968540218824682,1341.459999999057,2483.4932828717465
58574,30.968540218824682,1341.4799999990569,2483.503928551317
58575,30.968540218824682,1341.4999999990569,2483.5145742047293
58576,30.968540218824682,1341.5199999990568,2483.5252198319927
58577,30.968540218824682,1341.5399999990568,2483.535865433117
58578,30.968540218824682,1341.5599999990568,2483.5465110081122
58579,30.968540218824682,1341.5799999990568,2483.557156556988
58580,30.968540218824682,1341.5999999990568,2483.567802079754
58581,30.968540218824682,1341.6199999990567,2483.5784475764203
58582,30.968540218824682,1341.6399999990567,2483.589093046997
58583,30.968540218824682,1341.6599999990567,2483.599738491493
58584,30.968540218824682,1341.6799999990567,2483.6103839099187
58585,30.968540218824682,1341.6999999990567,2483.6210293022837
58586,30.968540218824682,1341.7199999990567,2483.631674668598
58587,30.968540218824682,1341.7399999990566,2483.642320008871
58588,30.968540218824682,1341.7599999990566,2483.6529653231128
58589,30.968540218824682,1341.7799999990566,2483.6636106113333
58590,30.968540218824682,1341.7999999990566,2483.674255873542
58591,30.968540218824682,1341.8199999990566,2483.684901109749
58592,30.968540218824682,1341.8399999990565,2483.6955463199633
58593,30.968540218824682,1341.8599999990565,2483.706191504196
58594,30.968540218824682,1341.8799999990565,2483.716836662456
58595,30.968540218824682,1341.8999999990565,2483.727481794753
58596,30.968540218824682,1341.9199999990565,2483.7381269010975
58597,30.968540218824682,1341.9399999990565,2483.748771981499
58598,30.968540218824682,1341.9599999990564,2483.759417035967
58599,30.968540218824682,1341.9799999990564,2483.7700620645114
58600,30.968540218824682,1341.9999999990564,2483.780707067142
58601,30.968540218824682,1342.0199999990564,2483.7913520438688
58602,30.968540218824682,1342.0399999990564,2483.8019969947327
58603,30.968540218824682,1342.0599999990563,2483.8126419200544
58604,30.968540218824682,1342.0799999990563,2483.8232868198747
58605,30.968540218824682,1342.0999999990563,2483.833931694204
58606,30.968540218824682,1342.1199999990563,2483.8445765430515
58607,30.968540218824682,1342.1399999990563,2483.855221366428
58608,30.968540218824682,1342.1599999990563,2483.8658661643426
58609,30.968540218824682,1342.1799999990562,2483.876510936805
58610,30.968540218824682,1342.1999999990562,2483.8871556838253
58611,30.968540218824682,1342.2199999990562,2483.8978004054134
58612,30.968540218824682,1342.2399999990562,2483.9084451015788
58613,30.968540218824682,1342.2599999990562,2483.9190897723315
58614,30.968540218824682,1342.2799999990561,2483.929734417681
58615,30.968540218824682,1342.2999999990561,2483.9403790376377
58616,30.968540218824682,1342.319999999056,2483.951023632211
58617,30.968540218824682,1342.339999999056,2483.961668201411
58618,30.968540218824682,1342.359999999056,2483.9723127452476
58619,30.968540218824682,1342.379999999056,2483.98295726373
58620,30.968540218824682,1342.399999999056,2483.9936017568684
58621,30.968540218824682,1342.419999999056,2484.0042462246724
58622,30.968540218824682,1342.439999999056,2484.014890667152
58623,30.968540218824682,1342.459999999056,2484.025535084317
58624,30.968540218824682,1342.479999999056,2484.0361794761775
58625,30.968540218824682,1342.499999999056,2484.046823842743
58626,30.968540218824682,1342.519999999056,2484.057468184023
58627,30.968540218824682,1342.539999999056,2484.068112500028
58628,30.968540218824682,1342.559999999056,2484.078756790767
58629,30.968540218824682,1342.5799999990559,2484.08940105625
58630,30.968540218824682,1342.5999999990559,2484.1000452964877
58631,30.968540218824682,1342.6199999990558,2484.110689511489
58632,30.968540218824682,1342.6399999990558,2484.121333701264
58633,30.968540218824682,1342.6599999990558,2484.1319778658226
58634,30.968540218824682,1342.6799999990558,2484.1426220051744
58635,30.968540218824682,1342.6999999990558,2484.1532661193296
58636,30.968540218824682,1342.7199999990557,2484.1639102082977
58637,30.968540218824682,1342.7399999990557,2484.1745542720882
58638,30.968540218824682,1342.7599999990557,2484.1851983107117
58639,30.968540218824682,1342.7799999990557,2484.195842324177
58640,30.968540218824682,1342.7999999990557,2484.206486312495
58641,30.968540218824682,1342.8199999990557,2484.217130275675
58642,30.968540218824682,1342.8399999990556,2484.2277742137267
58643,30.968540218824682,1342.8599999990556,2484.2384181266602
58644,30.968540218824682,1342.8799999990556,2484.249062014485
58645,30.968540218824682,1342.8999999990556,2484.259705877211
58646,30.968540218824682,1342.9199999990556,2484.270349714848
58647,30.968540218824682,1342.9399999990555,2484.2809935274063
58648,30.968540218824682,1342.9599999990555,2484.291637314895
58649,30.968540218824682,1342.9799999990555,2484.3022810773246
58650,30.968540218824682,1342.9999999990555,2484.3129248147043
58651,30.968540218824682,1343.0199999990555,2484.3235685270442
58652,30.968540218824682,1343.0399999990555,2484.334212214354
58653,30.968540218824682,1343.0599999990554,2484.3448558766963
58654,30.968540218824682,1343.0799999990554,2484.3554995143754
58655,30.968540218824682,1343.0999999990554,2484.3661431274277
58656,30.968540218824682,1343.1199999990554,2484.3767867158626
58657,30.968540218824682,1343.1399999990554,2484.3874302796908
58658,30.968540218824682,1343.1599999990553,2484.398073818921
58659,30.968540218824682,1343.1799999990553,2484.4087173335643
58660,30.968540218824682,1343.1999999990553,2484.4193608236296
58661,30.968540218824682,1343.2199999990553,2484.4300042891273
58662,30.968540218824682,1343.2399999990553,2484.4406477300668
58663,30.968540218824682,1343.2599999990553,2484.451291146458
58664,30.968540218824682,1343.2799999990552,2484.461934538311
58665,30.968540218824682,1343.2999999990552,2484.4725779056357
58666,30.968540218824682,1343.3199999990552,2484.483221248441
58667,30.968540218824682,1343.3399999990552,2484.493864566738
58668,30.968540218824682,1343.3599999990552,2484.504507860536
58669,30.968540218824682,1343.3799999990551,2484.5151511298445
58670,30.968540218824682,1343.3999999990551,2484.5257943746738
58671,30.968540218824682,1343.419999999055,2484.5364375950335
58672,30.968540218824682,1343.439999999055,2484.5470807909333
58673,30.968540218824682,1343.459999999055,2484.557723962383
58674,30.968540218824682,1343.479999999055,2484.568367109393
58675,30.968540218824682,1343.499999999055,2484.5790102319725
58676,30.968540218824682,1343.519999999055,2484.5896533301316
58677,30.968540218824682,1343.539999999055,2484.6002964038803
58678,30.968540218824682,1343.559999999055,2484.610939453228
58679,30.968540218824682,1343.579999999055,2484.6215824781852
58680,30.968540218824682,1343.599999999055,2484.632225478761
58681,30.968540218824682,1343.619999999055,2484.6428684549655
58682,30.968540218824682,1343.639999999055,2484.653511406809
58683,30.968540218824682,1343.659999999055,2484.6641543343003
58684,30.968540218824682,1343.6799999990549,2484.67479723745
58685,30.968540218824682,1343.6999999990549,2484.685440116268
58686,30.968540218824682,1343.7199999990548,2484.696082970764
58687,30.968540218824682,1343.7399999990548,2484.706725800948
58688,30.968540218824682,1343.7599999990548,2484.717368606829
58689,30.968540218824682,1343.7799999990548,2484.7280113884176
58690,30.968540218824682,1343.7999999990548,2484.7386541457236
58691,30.968540218824682,1343.8199999990547,2484.7492968787565
58692,30.968540218824682,1343.8399999990547,2484.7599395875263
58693,30.968540218824682,1343.8599999990547,2484.7705822720427
58694,30.968540218824682,1343.8799999990547,2484.7812249323156
58695,30.968540218824682,1343.8999999990547,2484.791867568355
58696,30.968540218824682,1343.9199999990547,2484.8025101801704
58697,30.968540218824682,1343.9399999990546,2484.813152767772
58698,30.968540218824682,1343.9599999990546,2484.8237953311695
58699,30.968540218824682,1343.9799999990546,2484.8344378703728
58700,30.968540218824682,1343.9999999990546,2484.8450803853916
58701,30.968540218824682,1344.0199999990546,2484.8557228762356
58702,30.968540218824682,1344.0399999990545,2484.866365342915
58703,30.968540218824682,1344.0599999990545,2484.877007785439
58704,30.968540218824682,1344.0799999990545,2484.8876502038966
58705,30.968540218824682,1344.0999999990545,2484.898292598584
58706,30.968540218824682,1344.1199999990545,2484.9089349695346
58707,30.968540218824682,1344.1399999990545,2484.9195773167585
58708,30.968540218824682,1344.1599999990544,2484.930219640265
58709,30.968540218824682,1344.1799999990544,2484.940861940064
58710,30.968540218824682,1344.1999999990544,2484.951504216166
58711,30.968540218824682,1344.2199999990544,2484.9621464685806
58712,30.968540218824682,1344.2399999990544,2484.9727886973174
58713,30.968540218824682,1344.2599999990543,2484.983430902386
58714,30.968540218824682,1344.2799999990543,2484.9940730837966
58715,30.968540218824682,1344.2999999990543,2485.0047152415586
58716,30.968540218824682,1344.3199999990543,2485.0153573756825
58717,30.968540218824682,1344.3399999990543,2485.0259994861776
58718,30.968540218824682,1344.3599999990543,2485.036641573054
58719,30.968540218824682,1344.3799999990542,2485.0472836363215
58720,30.968540218824682,1344.3999999990542,2485.0579256759897
58721,30.968540218824682,1344.4199999990542,2485.0685676920684
58722,30.968540218824682,1344.4399999990542,2485.0792096845676
58723,30.968540218824682,1344.4599999990542,2485.089851653497
58724,30.968540218824682,1344.4799999990541,2485.1004935988667
58725,30.968540218824682,1344.4999999990541,2485.1111355206863
58726,30.968540218824682,1344.519999999054,2485.121777418966
58727,30.968540218824682,1344.539999999054,2485.132419293715
58728,30.968540218824682,1344.559999999054,2485.143061144943
58729,30.968540218824682,1344.579999999054,2485.153702972661
58730,30.968540218824682,1344.599999999054,2485.164344776878
58731,30.968540218824682,1344.619999999054,2485.1749865576035
58732,30.968540218824682,1344.639999999054,2485.1856283148477
58733,30.968540218824682,1344.659999999054,2485.1962700486206
58734,30.968540218824682,1344.679999999054,2485.2069117589317
58735,30.968540218824682,1344.699999999054,2485.217553445791
58736,30.968540218824682,1344.719999999054,2485.2281951092086
58737,30.968540218824682,1344.739999999054,2485.238836749194
58738,30.968540218824682,1344.759999999054,2485.249478365757
58739,30.968540218824682,1344.7799999990539,2485.2601199589076
58740,30.968540218824682,1344.7999999990539,2485.2707615286554
58741,30.968540218824682,1344.8199999990538,2485.2814030750105
58742,30.968540218824682,1344.8399999990538,2485.2920445979826
58743,30.968540218824682,1344.8599999990538,2485.3026860975815
58744,30.968540218824682,1344.8799999990538,2485.313327573817
58745,30.968540218824682,1344.8999999990538,2485.3239690266987
58746,30.968540218824682,1344.9199999990537,2485.334610456237
58747,30.968540218824682,1344.9399999990537,2485.3452518624413
58748,30.968540218824682,1344.9599999990537,2485.3558932453216
58749,30.968540218824682,1344.9799999990537,2485.366534604888
58750,30.968540218824682,1344.9999999990537,2485.3771759411497
58751,30.926743361868816,1345.0199999990537,2485.387817254117
58752,30.926743361868816,1345.0399999990536,2485.3984585437997
58753,30.926743361868816,1345.0599999990536,2485.4090998102074
58754,30.926743361868816,1345.0799999990536,2485.4197410533498
58755,30.926743361868816,1345.0999999990536,2485.430382273332
58756,30.926743361868816,1345.1199999990536,2485.441023470417
58757,30.926743361868816,1345.1399999990535,2485.451664644632
58758,30.926743361868816,1345.1599999990535,2485.462305795987
58759,30.926743361868816,1345.1799999990535,2485.4729469244926
58760,30.926743361868816,1345.1999999990535,2485.483588030158
58761,30.926743361868816,1345.2199999990535,2485.4942291129933
58762,30.926743361868816,1345.2399999990535,2485.5048701730084
58763,30.926743361868816,1345.2599999990534,2485.515511210213
58764,30.926743361868816,1345.2799999990534,2485.526152224617
58765,30.926743361868816,1345.2999999990534,2485.5367932162303
58766,30.926743361868816,1345.3199999990534,2485.547434185063
58767,30.926743361868816,1345.3399999990534,2485.558075131125
58768,30.926743361868816,1345.3599999990533,2485.5687160544257
58769,30.926743361868816,1345.3799999990533,2485.5793569549755
58770,30.926743361868816,1345.3999999990533,2485.5899978327843
58771,30.926743361868816,1345.4199999990533,2485.6006386878616
58772,30.926743361868816,1345.4399999990533,2485.611279520218
58773,30.926743361868816,1345.4599999990533,2485.621920329863
58774,30.926743361868816,1345.4799999990532,2485.632561116806
58775,30.926743361868816,1345.4999999990532,2485.6432018810574
58776,30.926743361868816,1345.5199999990532,2485.653842622627
58777,30.926743361868816,1345.5399999990532,2485.664483341525
58778,30.926743361868816,1345.5599999990532,2485.6751240377607
58779,30.926743361868816,1345.5799999990531,2485.6857647113443
58780,30.926743361868816,1345.5999999990531,2485.6964053622855
58781,30.926743361868816,1345.619999999053,2485.7070459905945
58782,30.926743361868816,1345.639999999053,2485.717686596281
58783,30.926743361868816,1345.659999999053,2485.728327179355
58784,30.926743361868816,1345.679999999053,2485.738967739826
58785,30.926743361868816,1345.699999999053,2485.7496082777043
58786,30.926743361868816,1345.719999999053,2485.760248793
58787,30.926743361868816,1345.739999999053,2485.7708892857227
58788,30.926743361868816,1345.759999999053,2485.7815297558823
58789,30.926743361868816,1345.779999999053,2485.7921702034887
58790,30.926743361868816,1345.799999999053,2485.8028106285515
58791,30.926743361868816,1345.819999999053,2485.813451031081
58792,30.926743361868816,1345.839999999053,2485.824091411087
58793,30.926743361868816,1345.859999999053,2485.8347317685793
58794,30.926743361868816,1345.8799999990529,2485.845372103568
58795,30.926743361868816,1345.8999999990529,2485.8560124160626
58796,30.926743361868816,1345.9199999990528,2485.866652706073
58797,30.926743361868816,1345.9399999990528,2485.8772929736097
58798,30.926743361868816,1345.9599999990528,2485.887933218682
58799,30.926743361868816,1345.9799999990528,2485.8985734413004
58800,30.926743361868816,1345.9999999990528,2485.9092136414743
58801,30.926743361868816,1346.0199999990527,2485.9198538192136
58802,30.926743361868816,1346.0399999990527,2485.9304939745284
58803,30.926743361868816,1346.0599999990527,2485.9411341074283
58804,30.926743361868816,1346.0799999990527,2485.9517742179232
58805,30.926743361868816,1346.0999999990527,2485.962414306023
58806,30.926743361868816,1346.1199999990527,2485.9730543718533
58807,30.926743361868816,1346.1399999990526,2485.9836944156573
58808,30.926743361868816,1346.1599999990526,2485.994334437458
58809,30.926743361868816,1346.1799999990526,2486.004974437265
58810,30.926743361868816,1346.1999999990526,2486.0156144150883
58811,30.926743361868816,1346.2199999990526,2486.0262543709377
58812,30.926743361868816,1346.2399999990525,2486.0368943048234
58813,30.926743361868816,1346.2599999990525,2486.047534216755
58814,30.926743361868816,1346.2799999990525,2486.058174106743
58815,30.926743361868816,1346.2999999990525,2486.0688139747967
58816,30.926743361868816,1346.3199999990525,2486.079453820926
58817,30.926743361868816,1346.3399999990525,2486.0900936451408
58818,30.926743361868816,1346.3599999990524,2486.100733447451
58819,30.926743361868816,1346.3799999990524,2486.111373227867
58820,30.926743361868816,1346.3999999990524,2486.1220129863977
58821,30.926743361868816,1346.4199999990524,2486.1326527230535
58822,30.926743361868816,1346.4399999990524,2486.1432924378446
58823,30.926743361868816,1346.4599999990523,2486.1539321307805
58824,30.926743361868816,1346.4799999990523,2486.164571801871
58825,30.926743361868816,1346.4999999990523,2486.175211451126
58826,30.926743361868816,1346.5199999990523,2486.1858510785555
58827,30.926743361868816,1346.5399999990523,2486.1964906841695
58828,30.926743361868816,1346.5599999990523,2486.207130267978
58829,30.926743361868816,1346.5799999990522,2486.2177698299906
58830,30.926743361868816,1346.5999999990522,2486.2284093702174
58831,30.926743361868816,1346.6199999990522,2486.239048888668
58832,30.926743361868816,1346.6399999990522,2486.249688385353
58833,30.926743361868816,1346.6599999990522,2486.260327860281
58834,30.926743361868816,1346.6799999990521,2486.2709673134627
58835,30.926743361868816,1346.6999999990521,2486.281606744908
58836,30.926743361868816,1346.719999999052,2486.292246154627
58837,30.926743361868816,1346.739999999052,2486.3028855426287
58838,30.926743361868816,1346.759999999052,2486.3135249089237
58839,30.926743361868816,1346.779999999052,2486.3241642535218
58840,30.926743361868816,1346.799999999052,2486.334803576433
58841,30.926743361868816,1346.819999999052,2486.3454428776668
58842,30.926743361868816,1346.839999999052,2486.3560821572332
58843,30.926743361868816,1346.859999999052,2486.3667214151424
58844,30.926743361868816,1346.879999999052,2486.377360651404
58845,30.926743361868816,1346.899999999052,2486.387999866028
58846,30.926743361868816,1346.919999999052,2486.3986390590244
58847,30.926743361868816,1346.939999999052,2486.409278230403
58848,30.926743361868816,1346.959999999052,2486.4199173801735
58849,30.926743361868816,1346.9799999990519,2486.430556508346
58850,30.926743361868816,1346.9999999990519,2486.44119561493
58851,30.926743361868816,1347.0199999990518,2486.451834699936
58852,30.926743361868816,1347.0399999990518,2486.4624737633735
58853,30.926743361868816,1347.0599999990518,2486.4731128052526
58854,30.926743361868816,1347.0799999990518,2486.483751825583
58855,30.926743361868816,1347.0999999990518,2486.4943908243745
58856,30.926743361868816,1347.1199999990517,2486.505029801637
58857,30.926743361868816,1347.1399999990517,2486.515668757521
58858,30.926743361868816,1347.1599999990517,2486.5263076922574
58859,30.926743361868816,1347.1799999990517,2486.536946605866
58860,30.926743361868816,1347.1999999990517,2486.547585498356
58861,30.926743361868816,1347.2199999990517,2486.558224369738
58862,30.926743361868816,1347.2399999990516,2486.5688632200217
58863,30.926743361868816,1347.2599999990516,2486.579502049217
58864,30.926743361868816,1347.2799999990516,2486.590140857333
58865,30.926743361868816,1347.2999999990516,2486.600779644381
58866,30.926743361868816,1347.3199999990516,2486.61141841037
58867,30.926743361868816,1347.3399999990515,2486.62205715531
58868,30.926743361868816,1347.3599999990515,2486.632695879211
58869,30.926743361868816,1347.3799999990515,2486.643334582083
58870,30.926743361868816,1347.3999999990515,2486.6539732639358
58871,30.926743361868816,1347.4199999990515,2486.6646119247794
58872,30.926743361868816,1347.4399999990515,2486.6752505646236
58873,30.926743361868816,1347.4599999990514,2486.685889183478
58874,30.926743361868816,1347.4799999990514,2486.6965277813533
58875,30.926743361868816,1347.4999999990514,2486.7071663582587
58876,30.926743361868816,1347.5199999990514,2486.7178049142044
58877,30.926743361868816,1347.5399999990514,2486.7284434492003
58878,30.926743361868816,1347.5599999990513,2486.739081963256
58879,30.926743361868816,1347.5799999990513,2486.749720456382
58880,30.926743361868816,1347.5999999990513,2486.7603589285877
58881,30.926743361868816,1347.6199999990513,2486.7709973798833
58882,30.926743361868816,1347.6399999990513,2486.781635810278
58883,30.926743361868816,1347.6599999990513,2486.792274219783
58884,30.926743361868816,1347.6799999990512,2486.802912608407
58885,30.926743361868816,1347.6999999990512,2486.8135509761605
58886,30.926743361868816,1347.7199999990512,2486.8241893230534
58887,30.926743361868816,1347.7399999990512,2486.8348276490956
58888,30.926743361868816,1347.7599999990512,2486.8454659542967
58889,30.926743361868816,1347.7799999990511,2486.856104238667
58890,30.926743361868816,1347.7999999990511,2486.866742502216
58891,30.926743361868816,1347.819999999051,2486.877380744954
58892,30.926743361868816,1347.839999999051,2486.8880189668903
58893,30.926743361868816,1347.859999999051,2486.8986571680352
58894,30.926743361868816,1347.879999999051,2486.909295348399
58895,30.926743361868816,1347.899999999051,2486.919933507991
58896,30.926743361868816,1347.919999999051,2486.9305716468216
58897,30.926743361868816,1347.939999999051,2486.9412097649
58898,30.926743361868816,1347.959999999051,2486.951847862237
58899,30.926743361868816,1347.979999999051,2486.9624859388423
58900,30.926743361868816,1347.999999999051,2486.973123994725
58901,30.926743361868816,1348.019999999051,2486.983762029896
58902,30.926743361868816,1348.039999999051,2486.9944000443643
58903,30.926743361868816,1348.059999999051,2487.0050380381404
58904,30.926743361868816,1348.0799999990509,2487.015676011234
58905,30.926743361868816,1348.0999999990509,2487.0263139636554
58906,30.926743361868816,1348.1199999990508,2487.036951895414
58907,30.926743361868816,1348.1399999990508,2487.04758980652
58908,30.926743361868816,1348.1599999990508,2487.0582276971454
58909,30.926743361868816,1348.1799999990508,2487.0688655675044
58910,30.926743361868816,1348.1999999990508,2487.079503417612
58911,30.926743361868816,1348.2199999990507,2487.090141247478
58912,30.926743361868816,1348.2399999990507,2487.1007790571125
58913,30.926743361868816,1348.2599999990507,2487.111416846525
58914,30.926743361868816,1348.2799999990507,2487.122054615726
58915,30.926743361868816,1348.2999999990507,2487.132692364725
58916,30.926743361868816,1348.3199999990507,2487.143330093532
58917,30.926743361868816,1348.3399999990506,2487.153967802157
58918,30.926743361868816,1348.3599999990506,2487.1646054906096
58919,30.926743361868816,1348.3799999990506,2487.1752431589002
58920,30.926743361868816,1348.3999999990506,2487.1858808070388
58921,30.926743361868816,1348.4199999990506,2487.1965184350347
58922,30.926743361868816,1348.4399999990505,2487.207156042898
58923,30.926743361868816,1348.4599999990505,2487.2177936306393
58924,30.926743361868816,1348.4799999990505,2487.2284311982676
58925,30.926743361868816,1348.4999999990505,2487.2390687457932
58926,30.926743361868816,1348.5199999990505,2487.2497062732264
58927,30.926743361868816,1348.5399999990505,2487.2603437805765
58928,30.926743361868816,1348.5599999990504,2487.270981267854
58929,30.926743361868816,1348.5799999990504,2487.2816187350686
58930,30.926743361868816,1348.5999999990504,2487.2922561822297
58931,30.926743361868816,1348.6199999990504,2487.302893609348
58932,30.926743361868816,1348.6399999990504,2487.313531016433
58933,30.926743361868816,1348.6599999990503,2487.3241684034947
58934,30.926743361868816,1348.6799999990503,2487.334805770543
58935,30.926743361868816,1348.6999999990503,2487.345443117588
58936,30.926743361868816,1348.7199999990503,2487.3560804446392
58937,30.926743361868816,1348.7399999990503,2487.3667177517073
58938,30.926743361868816,1348.7599999990503,2487.3773550388014
58939,30.926743361868816,1348.7799999990502,2487.3879923059317
58940,30.926743361868816,1348.7999999990502,2487.3986295531085
58941,30.926743361868816,1348.8199999990502,2487.409266780341
58942,30.926743361868816,1348.8399999990502,2487.41990398764
58943,30.926743361868816,1348.8599999990502,2487.4305411750147
58944,30.926743361868816,1348.8799999990501,2487.4411783424753
58945,30.926743361868816,1348.8999999990501,2487.4518154900315
58946,30.926743361868816,1348.91999999905,2487.4624526176935
58947,30.926743361868816,1348.93999999905,2487.4730897254713
58948,30.926743361868816,1348.95999999905,2487.4837268133747
58949,30.926743361868816,1348.97999999905,2487.494363881414
58950,30.926743361868816,1348.99999999905,2487.5050009295983
58951,30.926743361868816,1349.01999999905,2487.515637957938
58952,30.926743361868816,1349.03999999905,2487.526274966443
58953,30.926743361868816,1349.05999999905,2487.5369119551233
58954,30.926743361868816,1349.07999999905,2487.547548923989
58955,30.926743361868816,1349.09999999905,2487.5581858730493
58956,30.926743361868816,1349.11999999905,2487.5688228023146
58957,30.926743361868816,1349.13999999905,2487.579459711795
58958,30.926743361868816,1349.15999999905,2487.5900966015
58959,30.926743361868816,1349.1799999990499,2487.600733471624
58960,30.926743361868816,1349.1999999990499,2487.6113703223646
58961,30.926743361868816,1349.2199999990498,2487.6220071537314
58962,30.926743361868816,1349.2399999990498,2487.6326439657346
58963,30.926743361868816,1349.2599999990498,2487.643280758384
58964,30.926743361868816,1349.2799999990498,2487.6539175316902
58965,30.926743361868816,1349.2999999990498,2487.6645542856622
58966,30.926743361868816,1349.3199999990497,2487.6751910203106
58967,30.926743361868816,1349.3399999990497,2487.685827735645
58968,30.926743361868816,1349.3599999990497,2487.6964644316754
58969,30.926743361868816,1349.3799999990497,2487.7071011084117
58970,30.926743361868816,1349.3999999990497,2487.717737765864
58971,30.926743361868816,1349.4199999990497,2487.7283744040424
58972,30.926743361868816,1349.4399999990496,2487.739011022956
58973,30.926743361868816,1349.4599999990496,2487.749647622616
58974,30.926743361868816,1349.4799999990496,2487.7602842030315
58975,30.926743361868816,1349.4999999990496,2487.770920764213
58976,30.926743361868816,1349.5199999990496,2487.78155730617
58977,30.926743361868816,1349.5399999990495,2487.7921938289123
58978,30.926743361868816,1349.5599999990495,2487.80283033245
58979,30.926743361868816,1349.5799999990495,2487.813466816793
58980,30.926743361868816,1349.5999999990495,2487.824103281952
58981,30.926743361868816,1349.6199999990495,2487.834739727936
58982,30.926743361868816,1349.6399999990495,2487.845376154755
58983,30.926743361868816,1349.6599999990494,2487.856012562419
58984,30.926743361868816,1349.6799999990494,2487.8666489509383
58985,30.926743361868816,1349.6999999990494,2487.8772853203227
58986,30.926743361868816,1349.7199999990494,2487.8879216705823
58987,30.926743361868816,1349.7399999990494,2487.898558001727
58988,30.926743361868816,1349.7599999990493,2487.9091943137664
58989,30.926743361868816,1349.7799999990493,2487.9198306067105
58990,30.926743361868816,1349.7999999990493,2487.93046688057
58991,30.926743361868816,1349.8199999990493,2487.941103135354
58992,30.926743361868816,1349.8399999990493,2487.9517393710726
58993,30.926743361868816,1349.8599999990493,2487.9623755877356
58994,30.926743361868816,1349.8799999990492,2487.9730117853533
58995,30.926743361868816,1349.8999999990492,2487.9836479639353
58996,30.926743361868816,1349.9199999990492,2487.994284123492
58997,30.926743361868816,1349.9399999990492,2488.004920264033
58998,30.926743361868816,1349.9599999990492,2488.0155563855683
58999,30.926743361868816,1349.9799999990491,2488.026192488108
59000,30.926743361868816,1349.9999999990491,2488.0368285716618
59001,30.926743361868816,1350.019999999049,2488.04746463624
59002,30.926743361868816,1350.039999999049,2488.058100681852
59003,30.926743361868816,1350.059999999049,2488.0687367085084
59004,30.926743361868816,1350.079999999049,2488.0793727162186
59005,30.926743361868816,1350.099999999049,2488.0900087049927
59006,30.926743361868816,1350.119999999049,2488.1006446748406
59007,30.926743361868816,1350.139999999049,2488.1112806257725
59008,30.926743361868816,1350.159999999049,2488.121916557798
59009,30.926743361868816,1350.179999999049,2488.132552470932
59010,30.926743361868816,1350.199999999049,2488.1431883653986
59011,30.926743361868816,1350.219999999049,2488.1538242413844
59012,30.926743361868816,1350.239999999049,2488.1644600988993
59013,30.926743361868816,1350.259999999049,2488.1750959379533
59014,30.926743361868816,1350.2799999990489,2488.1857317585564
59015,30.926743361868816,1350.2999999990489,2488.196367560718
59016,30.926743361868816,1350.3199999990488,2488.207003344449
59017,30.926743361868816,1350.3399999990488,2488.2176391097587
59018,30.926743361868816,1350.3599999990488,2488.228274856657
59019,30.926743361868816,1350.3799999990488,2488.238910585155
59020,30.926743361868816,1350.3999999990488,2488.249546295261
59021,30.926743361868816,1350.4199999990487,2488.260181986986
59022,30.926743361868816,1350.4399999990487,2488.2708176603396
59023,30.926743361868816,1350.4599999990487,2488.281453315332
59024,30.926743361868816,1350.4799999990487,2488.292088951973
59025,30.926743361868816,1350.4999999990487,2488.3027245702724
59026,30.926743361868816,1350.5199999990487,2488.3133601702407
59027,30.926743361868816,1350.5399999990486,2488.323995751887
59028,30.926743361868816,1350.5599999990486,2488.3346313152224
59029,30.926743361868816,1350.5799999990486,2488.345266860256
59030,30.926743361868816,1350.5999999990486,2488.355902386998
59031,30.926743361868816,1350.6199999990486,2488.3665378954584
59032,30.926743361868816,1350.6399999990485,2488.377173385647
59033,30.926743361868816,1350.6599999990485,2488.387808857574
59034,30.926743361868816,1350.6799999990485,2488.398444311249
59035,30.926743361868816,1350.6999999990485,2488.4090797466824
59036,30.926743361868816,1350.7199999990485,2488.419715163884
59037,30.926743361868816,1350.7399999990485,2488.430350562864
59038,30.926743361868816,1350.7599999990484,2488.440985943632
59039,30.926743361868816,1350.7799999990484,2488.451621306198
59040,30.926743361868816,1350.7999999990484,2488.4622566505723
59041,30.926743361868816,1350.8199999990484,2488.4728919767645
59042,30.926743361868816,1350.8399999990484,2488.4835272847845
59043,30.926743361868816,1350.8599999990483,2488.4941625746424
59044,30.926743361868816,1350.8799999990483,2488.5047978463485
59045,30.926743361868816,1350.8999999990483,2488.5154330999126
59046,30.926743361868816,1350.9199999990483,2488.526068335344
59047,30.926743361868816,1350.9399999990483,2488.5367035526533
59048,30.926743361868816,1350.9599999990483,2488.5473387518505
59049,30.926743361868816,1350.9799999990482,2488.5579739329455
59050,30.926743361868816,1350.9999999990482,2488.568609095948
59051,30.885040439311922,1351.0199999990482,2488.5792442408683
59052,30.885040439311922,1351.0399999990482,2488.589879367716
59053,30.885040439311922,1351.0599999990482,2488.6005144765018
59054,30.885040439311922,1351.0799999990481,2488.611149567235
59055,30.885040439311922,1351.0999999990481,2488.6217846399254
59056,30.885040439311922,1351.119999999048,2488.6324196945834
59057,30.885040439311922,1351.139999999048,2488.643054731219
59058,30.885040439311922,1351.159999999048,2488.6536897498418
59059,30.885040439311922,1351.179999999048,2488.664324750462
59060,30.885040439311922,1351.199999999048,2488.6749597330977
59061,30.885040439311922,1351.219999999048,2488.6855946979636
59062,30.885040439311922,1351.239999999048,2488.6962296452043
59063,30.885040439311922,1351.259999999048,2488.70686457483
59064,30.885040439311922,1351.279999999048,2488.7174994868506
59065,30.885040439311922,1351.299999999048,2488.728134381276
59066,30.885040439311922,1351.319999999048,2488.7387692581165
59067,30.885040439311922,1351.339999999048,2488.749404117382
59068,30.885040439311922,1351.359999999048,2488.760038959082
59069,30.885040439311922,1351.3799999990479,2488.7706737832273
59070,30.885040439311922,1351.3999999990478,2488.781308589827
59071,30.885040439311922,1351.4199999990478,2488.7919433788916
59072,30.885040439311922,1351.4399999990478,2488.802578150431
59073,30.885040439311922,1351.4599999990478,2488.813212904455
59074,30.885040439311922,1351.4799999990478,2488.8238476409742
59075,30.885040439311922,1351.4999999990478,2488.8344823599978
59076,30.885040439311922,1351.5199999990477,2488.8451170615363
59077,30.885040439311922,1351.5399999990477,2488.8557517455993
59078,30.885040439311922,1351.5599999990477,2488.866386412197
59079,30.885040439311922,1351.5799999990477,2488.8770210613393
59080,30.885040439311922,1351.5999999990477,2488.8876556930363
59081,30.885040439311922,1351.6199999990476,2488.898290307298
59082,30.885040439311922,1351.6399999990476,2488.908924904134
59083,30.885040439311922,1351.6599999990476,2488.9195594835546
59084,30.885040439311922,1351.6799999990476,2488.93019404557
59085,30.885040439311922,1351.6999999990476,2488.9408285901895
59086,30.885040439311922,1351.7199999990476,2488.951463117424
59087,30.885040439311922,1351.7399999990475,2488.9620976272827
59088,30.885040439311922,1351.7599999990475,2488.972732119776
59089,30.885040439311922,1351.7799999990475,2488.983366594914
59090,30.885040439311922,1351.7999999990475,2488.994001052706
59091,30.885040439311922,1351.8199999990475,2489.004635493163
59092,30.885040439311922,1351.8399999990474,2489.015269916294
59093,30.885040439311922,1351.8599999990474,2489.02590432211
59094,30.885040439311922,1351.8799999990474,2489.03653871062
59095,30.885040439311922,1351.8999999990474,2489.0471730818344
59096,30.885040439311922,1351.9199999990474,2489.057807435763
59097,30.885040439311922,1351.9399999990474,2489.0684417724165
59098,30.885040439311922,1351.9599999990473,2489.079076091804
59099,30.885040439311922,1351.9799999990473,2489.0897103939355
59100,30.885040439311922,1351.9999999990473,2489.100344678822
59101,30.885040439311922,1352.0199999990473,2489.110978946472
59102,30.885040439311922,1352.0399999990473,2489.1216131968968
59103,30.885040439311922,1352.0599999990472,2489.1322474301055
59104,30.885040439311922,1352.0799999990472,2489.142881646109
59105,30.885040439311922,1352.0999999990472,2489.1535158449165
59106,30.885040439311922,1352.1199999990472,2489.164150026538
59107,30.885040439311922,1352.1399999990472,2489.174784190984
59108,30.885040439311922,1352.1599999990472,2489.1854183382643
59109,30.885040439311922,1352.1799999990471,2489.1960524683886
59110,30.885040439311922,1352.1999999990471,2489.206686581367
59111,30.885040439311922,1352.219999999047,2489.2173206772222
59112,30.885040439311922,1352.239999999047,2489.2279547561993
59113,30.885040439311922,1352.259999999047,2489.2385888184294
59114,30.885040439311922,1352.279999999047,2489.2492228639226
59115,30.885040439311922,1352.299999999047,2489.2598568926887
59116,30.885040439311922,1352.319999999047,2489.270490904738
59117,30.885040439311922,1352.339999999047,2489.28112490008
59118,30.885040439311922,1352.359999999047,2489.2917588787254
59119,30.885040439311922,1352.379999999047,2489.3023928406838
59120,30.885040439311922,1352.399999999047,2489.313026785965
59121,30.885040439311922,1352.419999999047,2489.3236607145795
59122,30.885040439311922,1352.439999999047,2489.334294626537
59123,30.885040439311922,1352.4599999990469,2489.3449285218476
59124,30.885040439311922,1352.4799999990469,2489.355562400521
59125,30.885040439311922,1352.4999999990468,2489.3661962625674
59126,30.885040439311922,1352.5199999990468,2489.3768301079967
59127,30.885040439311922,1352.5399999990468,2489.387463936819
59128,30.885040439311922,1352.5599999990468,2489.3980977490446
59129,30.885040439311922,1352.5799999990468,2489.408731544683
59130,30.885040439311922,1352.5999999990468,2489.419365323745
59131,30.885040439311922,1352.6199999990467,2489.4299990862396
59132,30.885040439311922,1352.6399999990467,2489.440632832177
59133,30.885040439311922,1352.6599999990467,2489.4512665615675
59134,30.885040439311922,1352.6799999990467,2489.461900274421
59135,30.885040439311922,1352.6999999990467,2489.472533970748
59136,30.885040439311922,1352.7199999990466,2489.483167650558
59137,30.885040439311922,1352.7399999990466,2489.493801313861
59138,30.885040439311922,1352.7599999990466,2489.504434960667
59139,30.885040439311922,1352.7799999990466,2489.5150685909857
59140,30.885040439311922,1352.7999999990466,2489.5257022048277
59141,30.885040439311922,1352.8199999990466,2489.5363358022028
59142,30.885040439311922,1352.8399999990465,2489.546969383121
59143,30.885040439311922,1352.8599999990465,2489.5576029475924
59144,30.885040439311922,1352.8799999990465,2489.568236495627
59145,30.885040439311922,1352.8999999990465,2489.578870027234
59146,30.885040439311922,1352.9199999990465,2489.5895035424246
59147,30.885040439311922,1352.9399999990464,2489.600137041208
59148,30.885040439311922,1352.9599999990464,2489.610770523595
59149,30.885040439311922,1352.9799999990464,2489.621403989595
59150,30.885040439311922,1352.9999999990464,2489.632037439218
59151,30.885040439311922,1353.0199999990464,2489.6426708724744
59152,30.885040439311922,1353.0399999990464,2489.6533042893734
59153,30.885040439311922,1353.0599999990463,2489.6639376899257
59154,30.885040439311922,1353.0799999990463,2489.674571074141
59155,30.885040439311922,1353.0999999990463,2489.6852044420298
59156,30.885040439311922,1353.1199999990463,2489.6958377936016
59157,30.885040439311922,1353.1399999990463,2489.7064711288667
59158,30.885040439311922,1353.1599999990462,2489.7171044478346
59159,30.885040439311922,1353.1799999990462,2489.7277377505156
59160,30.885040439311922,1353.1999999990462,2489.73837103692
59161,30.885040439311922,1353.2199999990462,2489.7490043070575
59162,30.885040439311922,1353.2399999990462,2489.759637560955
59163,30.885040439311922,1353.2599999990462,2489.770270798876
59164,30.885040439311922,1353.2799999990461,2489.780904020929
59165,30.885040439311922,1353.2999999990461,2489.7915372271245
59166,30.885040439311922,1353.319999999046,2489.8021704174726
59167,30.885040439311922,1353.339999999046,2489.8128035919826
59168,30.885040439311922,1353.359999999046,2489.823436750665
59169,30.885040439311922,1353.379999999046,2489.8340698935303
59170,30.885040439311922,1353.399999999046,2489.844703020588
59171,30.885040439311922,1353.419999999046,2489.855336131848
59172,30.885040439311922,1353.439999999046,2489.865969227321
59173,30.885040439311922,1353.459999999046,2489.876602307016
59174,30.885040439311922,1353.479999999046,2489.887235370944
59175,30.885040439311922,1353.499999999046,2489.8978684191143
59176,30.885040439311922,1353.519999999046,2489.908501451537
59177,30.885040439311922,1353.539999999046,2489.9191344682226
59178,30.885040439311922,1353.5599999990459,2489.9297674691807
59179,30.885040439311922,1353.5799999990459,2489.9404004544213
59180,30.885040439311922,1353.5999999990458,2489.951033423955
59181,30.885040439311922,1353.6199999990458,2489.961666377791
59182,30.885040439311922,1353.6399999990458,2489.97229931594
59183,30.885040439311922,1353.6599999990458,2489.9829322384116
59184,30.885040439311922,1353.6799999990458,2489.993565145216
59185,30.885040439311922,1353.6999999990458,2490.0041980365504
59186,30.885040439311922,1353.7199999990457,2490.0148309145948
59187,30.885040439311922,1353.7399999990457,2490.0254637798457
59188,30.885040439311922,1353.7599999990457,2490.0360966323137
59189,30.885040439311922,1353.7799999990457,2490.046729472009
59190,30.885040439311922,1353.7999999990457,2490.0573622989414
59191,30.885040439311922,1353.8199999990456,2490.067995113122
59192,30.885040439311922,1353.8399999990456,2490.0786279145605
59193,30.885040439311922,1353.8599999990456,2490.089260703268
59194,30.885040439311922,1353.8799999990456,2490.0998934792538
59195,30.885040439311922,1353.8999999990456,2490.110526242529
59196,30.885040439311922,1353.9199999990456,2490.121158993104
59197,30.885040439311922,1353.9399999990455,2490.131791730989
59198,30.885040439311922,1353.9599999990455,2490.142424456194
59199,30.885040439311922,1353.9799999990455,2490.1530571687294
59200,30.885040439311922,1353.9999999990455,2490.1636898686056
59201,30.885040439311922,1354.0199999990455,2490.174322555833
59202,30.885040439311922,1354.0399999990454,2490.184955230422
59203,30.885040439311922,1354.0599999990454,2490.195587892383
59204,30.885040439311922,1354.0799999990454,2490.2062205417265
59205,30.885040439311922,1354.0999999990454,2490.2168531784623
59206,30.885040439311922,1354.1199999990454,2490.2274858026008
59207,30.885040439311922,1354.1399999990454,2490.2381184141527
59208,30.885040439311922,1354.1599999990453,2490.248751013128
59209,30.885040439311922,1354.1799999990453,2490.259383599537
59210,30.885040439311922,1354.1999999990453,2490.2700161733906
59211,30.885040439311922,1354.2199999990453,2490.2806487346984
59212,30.885040439311922,1354.2399999990453,2490.291281283471
59213,30.885040439311922,1354.2599999990452,2490.3019138197405
59214,30.885040439311922,1354.2799999990452,2490.3125463437873
59215,30.885040439311922,1354.2999999990452,2490.3231788556996
59216,30.885040439311922,1354.3199999990452,2490.3338113554873
59217,30.885040439311922,1354.3399999990452,2490.344443843161
59218,30.885040439311922,1354.3599999990452,2490.3550763187313
59219,30.885040439311922,1354.3799999990451,2490.3657087822085
59220,30.885040439311922,1354.3999999990451,2490.3763412336025
59221,30.885040439311922,1354.419999999045,2490.386973672924
59222,30.885040439311922,1354.439999999045,2490.397606100183
59223,30.885040439311922,1354.459999999045,2490.4082385153906
59224,30.885040439311922,1354.479999999045,2490.4188709185564
59225,30.885040439311922,1354.499999999045,2490.4295033096914
59226,30.885040439311922,1354.519999999045,2490.4401356888056
59227,30.885040439311922,1354.539999999045,2490.450768055909
59228,30.885040439311922,1354.559999999045,2490.4614004110126
59229,30.885040439311922,1354.579999999045,2490.4720327541263
59230,30.885040439311922,1354.599999999045,2490.4826650852606
59231,30.885040439311922,1354.619999999045,2490.493297404426
59232,30.885040439311922,1354.639999999045,2490.5039297116323
59233,30.885040439311922,1354.6599999990449,2490.5145620068906
59234,30.885040439311922,1354.6799999990449,2490.525194290211
59235,30.885040439311922,1354.6999999990448,2490.5358265616037
59236,30.885040439311922,1354.7199999990448,2490.546458821079
59237,30.885040439311922,1354.7399999990448,2490.5570910686474
59238,30.885040439311922,1354.7599999990448,2490.5677233043193
59239,30.885040439311922,1354.7799999990448,2490.578355528105
59240,30.885040439311922,1354.7999999990448,2490.588987740015
59241,30.885040439311922,1354.8199999990447,2490.5996199400593
59242,30.885040439311922,1354.8399999990447,2490.6102521282482
59243,30.885040439311922,1354.8599999990447,2490.6208843045924
59244,30.885040439311922,1354.8799999990447,2490.6315164691023
59245,30.885040439311922,1354.8999999990447,2490.6421486217882
59246,30.885040439311922,1354.9199999990446,2490.6527807626603
59247,30.885040439311922,1354.9399999990446,2490.663412891729
59248,30.885040439311922,1354.9599999990446,2490.6740450090047
59249,30.885040439311922,1354.9799999990446,2490.6846771144974
59250,30.885040439311922,1354.9999999990446,2490.695309208218
59251,30.885040439311922,1355.0199999990446,2490.7059412901767
59252,30.885040439311922,1355.0399999990445,2490.716573360384
59253,30.885040439311922,1355.0599999990445,2490.7272054188497
59254,30.885040439311922,1355.0799999990445,2490.7378374655846
59255,30.885040439311922,1355.0999999990445,2490.7484695005987
59256,30.885040439311922,1355.1199999990445,2490.7591015239027
59257,30.885040439311922,1355.1399999990444,2490.769733535507
59258,30.885040439311922,1355.1599999990444,2490.780365535422
59259,30.885040439311922,1355.1799999990444,2490.7909975236576
59260,30.885040439311922,1355.1999999990444,2490.8016295002244
59261,30.885040439311922,1355.2199999990444,2490.812261465133
59262,30.885040439311922,1355.2399999990444,2490.8228934183935
59263,30.885040439311922,1355.2599999990443,2490.833525360016
59264,30.885040439311922,1355.2799999990443,2490.8441572900374
59265,30.885040439311922,1355.2999999990443,2490.8547892087554
59266,30.885040439311922,1355.3199999990443,2490.8654211162366
59267,30.885040439311922,1355.3399999990443,2490.8760530124914
59268,30.885040439311922,1355.3599999990442,2490.88668489753
59269,30.885040439311922,1355.3799999990442,2490.897316771363
59270,30.885040439311922,1355.3999999990442,2490.9079486340006
59271,30.885040439311922,1355.4199999990442,2490.9185804854533
59272,30.885040439311922,1355.4399999990442,2490.929212325731
59273,30.885040439311922,1355.4599999990442,2490.9398441548446
59274,30.885040439311922,1355.4799999990441,2490.9504759728043
59275,30.885040439311922,1355.4999999990441,2490.9611077796203
59276,30.885040439311922,1355.519999999044,2490.971739575303
59277,30.885040439311922,1355.539999999044,2490.9823713598635
59278,30.885040439311922,1355.559999999044,2490.9930031333115
59279,30.885040439311922,1355.579999999044,2491.0036348956573
59280,30.885040439311922,1355.599999999044,2491.0142666469114
59281,30.885040439311922,1355.619999999044,2491.0248983870842
59282,30.885040439311922,1355.639999999044,2491.0355301161862
59283,30.885040439311922,1355.659999999044,2491.046161834228
59284,30.885040439311922,1355.679999999044,2491.056793541219
59285,30.885040439311922,1355.699999999044,2491.0674252371705
59286,30.885040439311922,1355.719999999044,2491.078056922093
59287,30.885040439311922,1355.739999999044,2491.088688595996
59288,30.885040439311922,1355.7599999990439,2491.09932025889
59289,30.885040439311922,1355.7799999990439,2491.1099519107865
59290,30.885040439311922,1355.7999999990438,2491.120583551695
59291,30.885040439311922,1355.8199999990438,2491.1312151816255
59292,30.885040439311922,1355.8399999990438,2491.141846800589
59293,30.885040439311922,1355.8599999990438,2491.152478408596
59294,30.885040439311922,1355.8799999990438,2491.1631100056566
59295,30.885040439311922,1355.8999999990438,2491.173741591781
59296,30.885040439311922,1355.9199999990437,2491.1843731669796
59297,30.885040439311922,1355.9399999990437,2491.195004731263
59298,30.885040439311922,1355.9599999990437,2491.2056362846415
59299,30.885040439311922,1355.9799999990437,2491.2162678271256
59300,30.885040439311922,1355.9999999990437,2491.226899358726
59301,30.885040439311922,1356.0199999990436,2491.237530879452
59302,30.885040439311922,1356.0399999990436,2491.248162389315
59303,30.885040439311922,1356.0599999990436,2491.258793888325
59304,30.885040439311922,1356.0799999990436,2491.269425376492
59305,30.885040439311922,1356.0999999990436,2491.280056853827
59306,30.885040439311922,1356.1199999990436,2491.29068832034
59307,30.885040439311922,1356.1399999990435,2491.3013197760415
59308,30.885040439311922,1356.1599999990435,2491.311951220942
59309,30.885040439311922,1356.1799999990435,2491.3225826550515
59310,30.885040439311922,1356.1999999990435,2491.333214078381
59311,30.885040439311922,1356.2199999990435,2491.34384549094
59312,30.885040439311922,1356.2399999990434,2491.35447689274
59313,30.885040439311922,1356.2599999990434,2491.3651082837905
59314,30.885040439311922,1356.2799999990434,2491.375739664102
59315,30.885040439311922,1356.2999999990434,2491.3863710337173
59316,30.885040439311922,1356.3199999990434,2491.397002392971
59317,30.885040439311922,1356.3399999990434,2491.407633741909
59318,30.885040439311922,1356.3599999990433,2491.4182650805424
59319,30.885040439311922,1356.3799999990433,2491.4288964088814
59320,30.885040439311922,1356.3999999990433,2491.4395277269364
59321,30.885040439311922,1356.4199999990433,2491.4501590347177
59322,30.885040439311922,1356.4399999990433,2491.460790332236
59323,30.885040439311922,1356.4599999990432,2491.4714216195007
59324,30.885040439311922,1356.4799999990432,2491.4820528965233
59325,30.885040439311922,1356.4999999990432,2491.4926841633137
59326,30.885040439311922,1356.5199999990432,2491.5033154198827
59327,30.885040439311922,1356.5399999990432,2491.5139466662404
59328,30.885040439311922,1356.5599999990432,2491.524577902397
59329,30.885040439311922,1356.5799999990431,2491.5352091283635
59330,30.885040439311922,1356.5999999990431,2491.5458403441494
59331,30.885040439311922,1356.619999999043,2491.556471549766
59332,30.885040439311922,1356.639999999043,2491.567102745223
59333,30.885040439311922,1356.659999999043,2491.5777339305314
59334,30.885040439311922,1356.679999999043,2491.588365105701
59335,30.885040439311922,1356.699999999043,2491.5989962707426
59336,30.885040439311922,1356.719999999043,2491.6096274256665
59337,30.885040439311922,1356.739999999043,2491.620258570483
59338,30.885040439311922,1356.759999999043,2491.630889705203
59339,30.885040439311922,1356.779999999043,2491.6415208298363
59340,30.885040439311922,1356.799999999043,2491.6521519443936
59341,30.885040439311922,1356.819999999043,2491.662783048885
59342,30.885040439311922,1356.839999999043,2491.673414143321
59343,30.885040439311922,1356.8599999990429,2491.6840452277124
59344,30.885040439311922,1356.8799999990429,2491.694676302069
59345,30.885040439311922,1356.8999999990428,2491.705307366402
59346,30.885040439311922,1356.9199999990428,2491.7159384207207
59347,30.885040439311922,1356.9399999990428,2491.7265694650364
59348,30.885040439311922,1356.9599999990428,2491.737200499359
59349,30.885040439311922,1356.9799999990428,2491.7478315236995
59350,30.885040439311922,1356.9999999990428,2491.7584625380678
59351,30.885040439311922,1357.0199999990427,2491.7690935424744
59352,30.885040439311922,1357.0399999990427,2491.7797245369297
59353,30.885040439311922,1357.0599999990427,2491.790355521444
59354,30.885040439311922,1357.0799999990427,2491.8009864960277
59355,30.885040439311922,1357.0999999990427,2491.811617460691
59356,30.843431155867574,1357.1199999990426,2491.8222484154453
59357,30.843431155867574,1357.1399999990426,2491.8328793603
59358,30.843431155867574,1357.1599999990426,2491.843510295266
59359,30.843431155867574,1357.1799999990426,2491.854141220353
59360,30.843431155867574,1357.1999999990426,2491.8647721355724
59361,30.843431155867574,1357.2199999990426,2491.875403040934
59362,30.843431155867574,1357.2399999990425,2491.8860339364483
59363,30.843431155867574,1357.2599999990425,2491.896664822126
59364,30.843431155867574,1357.2799999990425,2491.9072956979767
59365,30.843431155867574,1357.2999999990425,2491.9179265640114
59366,30.843431155867574,1357.3199999990425,2491.928557420287
59367,30.843431155867574,1357.3399999990424,2491.9391882670866
59368,30.843431155867574,1357.3599999990424,2491.9498191044463
59369,30.843431155867574,1357.3799999990424,2491.960449932377
59370,30.843431155867574,1357.3999999990424,2491.971080750888
59371,30.843431155867574,1357.4199999990424,2491.981711559991
59372,30.843431155867574,1357.4399999990424,2491.992342359695
59373,30.843431155867574,1357.4599999990423,2492.0029731500117
59374,30.843431155867574,1357.4799999990423,2492.013603930951
59375,30.843431155867574,1357.4999999990423,2492.0242347025232
59376,30.843431155867574,1357.5199999990423,2492.034865464739
59377,30.843431155867574,1357.5399999990423,2492.045496217609
59378,30.843431155867574,1357.5599999990422,2492.056126961143
59379,30.843431155867574,1357.5799999990422,2492.066757695352
59380,30.843431155867574,1357.5999999990422,2492.077388420246
59381,30.843431155867574,1357.6199999990422,2492.0880191358356
59382,30.843431155867574,1357.6399999990422,2492.098649842131
59383,30.843431155867574,1357.6599999990422,2492.109280539143
59384,30.843431155867574,1357.6799999990421,2492.119911226882
59385,30.843431155867574,1357.6999999990421,2492.1305419053583
59386,30.843431155867574,1357.719999999042,2492.141172574582
59387,30.843431155867574,1357.739999999042,2492.151803234564
59388,30.843431155867574,1357.759999999042,2492.1624338853144
59389,30.843431155867574,1357.779999999042,2492.173064526844
59390,30.843431155867574,1357.799999999042,2492.183695159163
59391,30.843431155867574,1357.819999999042,2492.194325782282
59392,30.843431155867574,1357.839999999042,2492.204956396211
59393,30.843431155867574,1357.859999999042,2492.2155870009606
59394,30.843431155867574,1357.879999999042,2492.226217596541
59395,30.843431155867574,1357.899999999042,2492.2368481829635
59396,30.843431155867574,1357.919999999042,2492.2474787602378
59397,30.843431155867574,1357.939999999042,2492.2581093283743
59398,30.843431155867574,1357.9599999990419,2492.2687398873836
59399,30.843431155867574,1357.9799999990419,2492.279370437276
59400,30.843431155867574,1357.9999999990418,2492.2900009780624
59401,30.843431155867574,1358.0199999990418,2492.3006315097527
59402,30.843431155867574,1358.0399999990418,2492.3112620323573
59403,30.843431155867574,1358.0599999990418,2492.321892545887
59404,30.843431155867574,1358.0799999990418,2492.332523050352
59405,30.843431155867574,1358.0999999990418,2492.3431535457626
59406,30.843431155867574,1358.1199999990417,2492.3537840321296
59407,30.843431155867574,1358.1399999990417,2492.364414509463
59408,30.843431155867574,1358.1599999990417,2492.3750449777735
59409,30.843431155867574,1358.1799999990417,2492.3856754370713
59410,30.843431155867574,1358.1999999990417,2492.396305887367
59411,30.843431155867574,1358.2199999990416,2492.4069363286712
59412,30.843431155867574,1358.2399999990416,2492.417566760994
59413,30.843431155867574,1358.2599999990416,2492.4281971843457
59414,30.843431155867574,1358.2799999990416,2492.438827598737
59415,30.843431155867574,1358.2999999990416,2492.4494580041787
59416,30.843431155867574,1358.3199999990416,2492.460088400681
59417,30.843431155867574,1358.3399999990415,2492.4707187883246
59418,30.843431155867574,1358.3599999990415,2492.481349167394
59419,30.843431155867574,1358.3799999990415,2492.491979537922
59420,30.843431155867574,1358.3999999990415,2492.5026098999188
59421,30.843431155867574,1358.4199999990415,2492.5132402533955
59422,30.843431155867574,1358.4399999990414,2492.523870598362
59423,30.843431155867574,1358.4599999990414,2492.534500934829
59424,30.843431155867574,1358.4799999990414,2492.545131262807
59425,30.843431155867574,1358.4999999990414,2492.5557615823063
59426,30.843431155867574,1358.5199999990414,2492.5663918933374
59427,30.843431155867574,1358.5399999990414,2492.5770221959106
59428,30.843431155867574,1358.5599999990413,2492.587652490037
59429,30.843431155867574,1358.5799999990413,2492.598282775726
59430,30.843431155867574,1358.5999999990413,2492.608913052989
59431,30.843431155867574,1358.6199999990413,2492.619543321836
59432,30.843431155867574,1358.6399999990413,2492.630173582277
59433,30.843431155867574,1358.6599999990412,2492.6408038343234
59434,30.843431155867574,1358.6799999990412,2492.651434077985
59435,30.843431155867574,1358.6999999990412,2492.6620643132724
59436,30.843431155867574,1358.7199999990412,2492.672694540196
59437,30.843431155867574,1358.7399999990412,2492.683324758766
59438,30.843431155867574,1358.7599999990412,2492.6939549689932
59439,30.843431155867574,1358.7799999990411,2492.704585170888
59440,30.843431155867574,1358.7999999990411,2492.715215364461
59441,30.843431155867574,1358.819999999041,2492.7258455497226
59442,30.843431155867574,1358.839999999041,2492.736475726683
59443,30.843431155867574,1358.859999999041,2492.7471058953524
59444,30.843431155867574,1358.879999999041,2492.757736055742
59445,30.843431155867574,1358.899999999041,2492.7683662078616
59446,30.843431155867574,1358.919999999041,2492.778996351722
59447,30.843431155867574,1358.939999999041,2492.7896264873334
59448,30.843431155867574,1358.959999999041,2492.8002566147065
59449,30.843431155867574,1358.979999999041,2492.8108867338515
59450,30.843431155867574,1358.999999999041,2492.821516844779
59451,30.843431155867574,1359.019999999041,2492.8321469474995
59452,30.843431155867574,1359.039999999041,2492.8427770420235
59453,30.843431155867574,1359.0599999990409,2492.853407128361
59454,30.843431155867574,1359.0799999990409,2492.8640372065233
59455,30.843431155867574,1359.0999999990408,2492.87466727652
59456,30.843431155867574,1359.1199999990408,2492.885297338362
59457,30.843431155867574,1359.1399999990408,2492.895927392059
59458,30.843431155867574,1359.1599999990408,2492.9065574376227
59459,30.843431155867574,1359.1799999990408,2492.9171874750627
59460,30.843431155867574,1359.1999999990408,2492.9278175043896
59461,30.843431155867574,1359.2199999990407,2492.938447525614
59462,30.843431155867574,1359.2399999990407,2492.949077538746
59463,30.843431155867574,1359.2599999990407,2492.959707543797
59464,30.843431155867574,1359.2799999990407,2492.970337540776
59465,30.843431155867574,1359.2999999990407,2492.9809675296947
59466,30.843431155867574,1359.3199999990406,2492.9915975105628
59467,30.843431155867574,1359.3399999990406,2493.002227483391
59468,30.843431155867574,1359.3599999990406,2493.012857448282
59469,30.843431155867574,1359.3799999990406,2493.023487405503
59470,30.843431155867574,1359.3999999990406,2493.0341173550833
59471,30.843431155867574,1359.4199999990406,2493.0447472970327
59472,30.843431155867574,1359.4399999990405,2493.055377231362
59473,30.843431155867574,1359.4599999990405,2493.0660071580814
59474,30.843431155867574,1359.4799999990405,2493.076637077201
59475,30.843431155867574,1359.4999999990405,2493.087266988732
59476,30.843431155867574,1359.5199999990405,2493.0978968926847
59477,30.843431155867574,1359.5399999990404,2493.1085267890694
59478,30.843431155867574,1359.5599999990404,2493.1191566778966
59479,30.843431155867574,1359.5799999990404,2493.129786559177
59480,30.843431155867574,1359.5999999990404,2493.1404164329206
59481,30.843431155867574,1359.6199999990404,2493.151046299138
59482,30.843431155867574,1359.6399999990404,2493.1616761578407
59483,30.843431155867574,1359.6599999990403,2493.172306009038
59484,30.843431155867574,1359.6799999990403,2493.1829358527407
59485,30.843431155867574,1359.6999999990403,2493.193565688959
59486,30.843431155867574,1359.7199999990403,2493.2041955177037
59487,30.843431155867574,1359.7399999990403,2493.214825338985
59488,30.843431155867574,1359.7599999990402,2493.2254551528135
59489,30.843431155867574,1359.7799999990402,2493.2360849591996
59490,30.843431155867574,1359.7999999990402,2493.246714758154
59491,30.843431155867574,1359.8199999990402,2493.2573445496873
59492,30.843431155867574,1359.8399999990402,2493.2679743338094
59493,30.843431155867574,1359.8599999990402,2493.278604110531
59494,30.843431155867574,1359.8799999990401,2493.289233879863
59495,30.843431155867574,1359.8999999990401,2493.299863641815
59496,30.843431155867574,1359.91999999904,2493.310493396398
59497,30.843431155867574,1359.93999999904,2493.321123143623
59498,30.843431155867574,1359.95999999904,2493.3317528834996
59499,30.843431155867574,1359.97999999904,2493.3423826160383
59500,30.843431155867574,1359.99999999904,2493.35301234125
59501,30.843431155867574,1360.01999999904,2493.363642059145
59502,30.843431155867574,1360.03999999904,2493.374271769734
59503,30.843431155867574,1360.05999999904,2493.384901473027
59504,30.843431155867574,1360.07999999904,2493.395531169035
59505,30.843431155867574,1360.09999999904,2493.406160857768
59506,30.843431155867574,1360.11999999904,2493.416790539237
59507,30.843431155867574,1360.13999999904,2493.4274202134516
59508,30.843431155867574,1360.1599999990399,2493.438049880423
59509,30.843431155867574,1360.1799999990399,2493.4486795401617
59510,30.843431155867574,1360.1999999990398,2493.4593091926777
59511,30.843431155867574,1360.2199999990398,2493.4699388379818
59512,30.843431155867574,1360.2399999990398,2493.480568476084
59513,30.843431155867574,1360.2599999990398,2493.4911981069954
59514,30.843431155867574,1360.2799999990398,2493.5018277307263
59515,30.843431155867574,1360.2999999990398,2493.512457347287
59516,30.843431155867574,1360.3199999990397,2493.523086956688
59517,30.843431155867574,1360.3399999990397,2493.53371655894
59518,30.843431155867574,1360.3599999990397,2493.544346154053
59519,30.843431155867574,1360.3799999990397,2493.5549757421522
59520,30.843431155867574,1360.3999999990397,2493.5656053234875
59521,30.843431155867574,1360.4199999990396,2493.5762348980834
59522,30.843431155867574,1360.4399999990396,2493.5868644659504
59523,30.843431155867574,1360.4599999990396,2493.597494027099
59524,30.843431155867574,1360.4799999990396,2493.6081235815395
59525,30.843431155867574,1360.4999999990396,2493.6187531292826
59526,30.843431155867574,1360.5199999990396,2493.6293826703386
59527,30.843431155867574,1360.5399999990395,2493.640012204718
59528,30.843431155867574,1360.5599999990395,2493.6506417324313
59529,30.843431155867574,1360.5799999990395,2493.661271253489
59530,30.843431155867574,1360.5999999990395,2493.671900767901
59531,30.843431155867574,1360.6199999990395,2493.6825302756793
59532,30.843431155867574,1360.6399999990394,2493.693159776833
59533,30.843431155867574,1360.6599999990394,2493.7037892713734
59534,30.843431155867574,1360.6799999990394,2493.7144187593103
59535,30.843431155867574,1360.6999999990394,2493.725048240655
59536,30.843431155867574,1360.7199999990394,2493.7356777154173
59537,30.843431155867574,1360.7399999990394,2493.746307183608
59538,30.843431155867574,1360.7599999990393,2493.7569366452376
59539,30.843431155867574,1360.7799999990393,2493.7675661003163
59540,30.843431155867574,1360.7999999990393,2493.778195548855
59541,30.843431155867574,1360.8199999990393,2493.7888249908638
59542,30.843431155867574,1360.8399999990393,2493.799454426354
59543,30.843431155867574,1360.8599999990392,2493.810083855335
59544,30.843431155867574,1360.8799999990392,2493.820713277818
59545,30.843431155867574,1360.8999999990392,2493.831342693813
59546,30.843431155867574,1360.9199999990392,2493.841972103331
59547,30.843431155867574,1360.9399999990392,2493.852601506382
59548,30.843431155867574,1360.9599999990392,2493.863230902977
59549,30.843431155867574,1360.9799999990391,2493.873860293126
59550,30.843431155867574,1360.9999999990391,2493.88448967684
59551,30.843431155867574,1361.019999999039,2493.8951190541293
59552,30.843431155867574,1361.039999999039,2493.9057484250043
59553,30.843431155867574,1361.059999999039,2493.9163777894755
59554,30.843431155867574,1361.079999999039,2493.9270071475535
59555,30.843431155867574,1361.099999999039,2493.9376364992486
59556,30.843431155867574,1361.119999999039,2493.9482658445713
59557,30.843431155867574,1361.139999999039,2493.958895183532
59558,30.843431155867574,1361.159999999039,2493.9695245161415
59559,30.843431155867574,1361.179999999039,2493.9801538424103
59560,30.843431155867574,1361.199999999039,2493.9907831623486
59561,30.843431155867574,1361.219999999039,2494.001412475967
59562,30.843431155867574,1361.239999999039,2494.012041783276
59563,30.843431155867574,1361.2599999990389,2494.0226710842862
59564,30.843431155867574,1361.2799999990389,2494.033300379008
59565,30.843431155867574,1361.2999999990388,2494.0439296674517
59566,30.843431155867574,1361.3199999990388,2494.0545589496282
59567,30.843431155867574,1361.3399999990388,2494.065188225548
59568,30.843431155867574,1361.3599999990388,2494.075817495221
59569,30.843431155867574,1361.3799999990388,2494.0864467586584
59570,30.843431155867574,1361.3999999990388,2494.097076016006
59571,30.843431155867574,1361.4199999990387,2494.1077052674977
59572,30.843431155867574,1361.4399999990387,2494.118334513153
59573,30.843431155867574,1361.4599999990387,2494.1289637529826
59574,30.843431155867574,1361.4799999990387,2494.1395929869973
59575,30.843431155867574,1361.4999999990387,2494.150222215207
59576,30.843431155867574,1361.5199999990386,2494.160851437623
59577,30.843431155867574,1361.5399999990386,2494.171480654255
59578,30.843431155867574,1361.5599999990386,2494.182109865114
59579,30.843431155867574,1361.5799999990386,2494.1927390702103
59580,30.843431155867574,1361.5999999990386,2494.2033682695546
59581,30.843431155867574,1361.6199999990386,2494.2139974631573
59582,30.843431155867574,1361.6399999990385,2494.2246266510288
59583,30.843431155867574,1361.6599999990385,2494.2352558331795
59584,30.843431155867574,1361.6799999990385,2494.2458850096205
59585,30.843431155867574,1361.6999999990385,2494.2565141803616
59586,30.843431155867574,1361.7199999990385,2494.267143345414
59587,30.843431155867574,1361.7399999990384,2494.2777725047877
59588,30.843431155867574,1361.7599999990384,2494.288401658493
59589,30.843431155867574,1361.7799999990384,2494.299030806541
59590,30.843431155867574,1361.7999999990384,2494.309659948942
59591,30.843431155867574,1361.8199999990384,2494.320289085707
59592,30.843431155867574,1361.8399999990384,2494.3309182168455
59593,30.843431155867574,1361.8599999990383,2494.341547342369
59594,30.843431155867574,1361.8799999990383,2494.352176462287
59595,30.843431155867574,1361.8999999990383,2494.3628055766108
59596,30.843431155867574,1361.9199999990383,2494.3734346853507
59597,30.843431155867574,1361.9399999990383,2494.3840637885173
59598,30.843431155867574,1361.9599999990382,2494.394692886121
59599,30.843431155867574,1361.9799999990382,2494.405321978172
59600,30.843431155867574,1361.9999999990382,2494.4159510646814
59601,30.843431155867574,1362.0199999990382,2494.4265801456595
59602,30.843431155867574,1362.0399999990382,2494.4372092211165
59603,30.843431155867574,1362.0599999990382,2494.4478382910634
59604,30.843431155867574,1362.0799999990381,2494.4584673555105
59605,30.843431155867574,1362.0999999990381,2494.4690964144684
59606,30.843431155867574,1362.119999999038,2494.4797254679474
59607,30.843431155867574,1362.139999999038,2494.490354515958
59608,30.843431155867574,1362.159999999038,2494.500983558511
59609,30.843431155867574,1362.179999999038,2494.511612595617
59610,30.843431155867574,1362.199999999038,2494.522241627286
59611,30.843431155867574,1362.219999999038,2494.532870653529
59612,30.843431155867574,1362.239999999038,2494.543499674356
59613,30.843431155867574,1362.259999999038,2494.554128689778
59614,30.843431155867574,1362.279999999038,2494.564757699805
59615,30.843431155867574,1362.299999999038,2494.575386704448
59616,30.843431155867574,1362.319999999038,2494.5860157037177
59617,30.843431155867574,1362.339999999038,2494.596644697624
59618,30.843431155867574,1362.3599999990379,2494.607273686178
59619,30.843431155867574,1362.3799999990379,2494.6179026693894
59620,30.843431155867574,1362.3999999990378,2494.6285316472695
59621,30.843431155867574,1362.4199999990378,2494.639160619996
59622,30.843431155867574,1362.4399999990378,2494.649789587797
59623,30.843431155867574,1362.4599999990378,2494.6604185506885
59624,30.843431155867574,1362.4799999990378,2494.6710475086816
59625,30.843431155867574,1362.4999999990378,2494.6816764617865
59626,30.843431155867574,1362.5199999990377,2494.6923054100134
59627,30.843431155867574,1362.5399999990377,2494.702934353373
59628,30.843431155867574,1362.5599999990377,2494.713563291876
59629,30.843431155867574,1362.5799999990377,2494.7241922255334
59630,30.843431155867574,1362.5999999990377,2494.734821154355
59631,30.843431155867574,1362.6199999990376,2494.7454500783515
59632,30.843431155867574,1362.6399999990376,2494.7560789975337
59633,30.843431155867574,1362.6599999990376,2494.766707911912
59634,30.843431155867574,1362.6799999990376,2494.7773368214966
59635,30.843431155867574,1362.6999999990376,2494.7879657262984
59636,30.843431155867574,1362.7199999990376,2494.798594626328
59637,30.843431155867574,1362.7399999990375,2494.8092235215954
59638,30.843431155867574,1362.7599999990375,2494.8198524121117
59639,30.843431155867574,1362.7799999990375,2494.830481297887
59640,30.843431155867574,1362.7999999990375,2494.8411101789325
59641,30.843431155867574,1362.8199999990375,2494.8517390552583
59642,30.843431155867574,1362.8399999990374,2494.862367926875
59643,30.843431155867574,1362.8599999990374,2494.872996793793
59644,30.843431155867574,1362.8799999990374,2494.883625656023
59645,30.843431155867574,1362.8999999990374,2494.8942545135756
59646,30.843431155867574,1362.9199999990374,2494.904883366461
59647,30.843431155867574,1362.9399999990374,2494.91551221469
59648,30.843431155867574,1362.9599999990373,2494.926141058273
59649,30.843431155867574,1362.9799999990373,2494.9367698972205
59650,30.843431155867574,1362.9999999990373,2494.947398731543
59651,30.843431155867574,1363.0199999990373,2494.9580275612516
59652,30.843431155867574,1363.0399999990373,2494.968656386356
59653,30.843431155867574,1363.0599999990372,2494.9792852068676
59654,30.843431155867574,1363.0799999990372,2494.9899140227963
59655,30.843431155867574,1363.0999999990372,2495.000542834153
59656,30.843431155867574,1363.1199999990372,2495.011171640948
59657,30.843431155867574,1363.1399999990372,2495.0218004431918
59658,30.801915217441746,1363.1599999990372,2495.032429240895
59659,30.801915217441746,1363.1799999990371,2495.0430580340685
59660,30.801915217441746,1363.1999999990371,2495.0536868227223
59661,30.801915217441746,1363.219999999037,2495.0643156068672
59662,30.801915217441746,1363.239999999037,2495.074944386514
59663,30.801915217441746,1363.259999999037,2495.0855731616725
59664,30.801915217441746,1363.279999999037,2495.096201932354
59665,30.801915217441746,1363.299999999037,2495.1068306985685
59666,30.801915217441746,1363.319999999037,2495.1174594603267
59667,30.801915217441746,1363.339999999037,2495.1280882176393
59668,30.801915217441746,1363.359999999037,2495.1387169705167
59669,30.801915217441746,1363.379999999037,2495.1493457189695
59670,30.801915217441746,1363.399999999037,2495.1599744630084
59671,30.801915217441746,1363.419999999037,2495.1706032026436
59672,30.801915217441746,1363.439999999037,2495.1812319380538
59673,30.801915217441746,1363.4599999990369,2495.1918606694244
59674,30.801915217441746,1363.4799999990369,2495.2024893967673
59675,30.801915217441746,1363.4999999990368,2495.2131181200925
59676,30.801915217441746,1363.5199999990368,2495.223746839411
59677,30.801915217441746,1363.5399999990368,2495.2343755547336
59678,30.801915217441746,1363.5599999990368,2495.2450042660703
59679,30.801915217441746,1363.5799999990368,2495.255632973432
59680,30.801915217441746,1363.5999999990368,2495.2662616768293
59681,30.801915217441746,1363.6199999990367,2495.2768903762726
59682,30.801915217441746,1363.6399999990367,2495.2875190717723
59683,30.801915217441746,1363.6599999990367,2495.298147763339
59684,30.801915217441746,1363.6799999990367,2495.3087764509833
59685,30.801915217441746,1363.6999999990367,2495.319405134716
59686,30.801915217441746,1363.7199999990366,2495.3300338145473
59687,30.801915217441746,1363.7399999990366,2495.340662490488
59688,30.801915217441746,1363.7599999990366,2495.3512911625485
59689,30.801915217441746,1363.7799999990366,2495.3619198307397
59690,30.801915217441746,1363.7999999990366,2495.372548495072
59691,30.801915217441746,1363.8199999990366,2495.3831771555556
59692,30.801915217441746,1363.8399999990365,2495.393805812201
59693,30.801915217441746,1363.8599999990365,2495.4044344650197
59694,30.801915217441746,1363.8799999990365,2495.4150631140215
59695,30.801915217441746,1363.8999999990365,2495.425691759217
59696,30.801915217441746,1363.9199999990365,2495.4363204006168
59697,30.801915217441746,1363.9399999990364,2495.4469490382317
59698,30.801915217441746,1363.9599999990364,2495.457577672072
59699,30.801915217441746,1363.9799999990364,2495.4682063021487
59700,30.801915217441746,1363.9999999990364,2495.4788349284718
59701,30.801915217441746,1364.0199999990364,2495.489463551052
59702,30.801915217441746,1364.0399999990364,2495.5000921698997
59703,30.801915217441746,1364.0599999990363,2495.510720785026
59704,30.801915217441746,1364.0799999990363,2495.521349396441
59705,30.801915217441746,1364.0999999990363,2495.5319780041555
59706,30.801915217441746,1364.1199999990363,2495.54260660818
59707,30.801915217441746,1364.1399999990363,2495.5532352085247
59708,30.801915217441746,1364.1599999990362,2495.5638638052005
59709,30.801915217441746,1364.1799999990362,2495.574492398218
59710,30.801915217441746,1364.1999999990362,2495.5851209875877
59711,30.801915217441746,1364.2199999990362,2495.59574957332
59712,30.801915217441746,1364.2399999990362,2495.606378155426
59713,30.801915217441746,1364.2599999990362,2495.6170067339153
59714,30.801915217441746,1364.2799999990361,2495.6276353087997
59715,30.801915217441746,1364.2999999990361,2495.6382638800887
59716,30.801915217441746,1364.319999999036,2495.6488924477935
59717,30.801915217441746,1364.339999999036,2495.6595210119244
59718,30.801915217441746,1364.359999999036,2495.670149572492
59719,30.801915217441746,1364.379999999036,2495.6807781295065
59720,30.801915217441746,1364.399999999036,2495.691406682979
59721,30.801915217441746,1364.419999999036,2495.70203523292
59722,30.801915217441746,1364.439999999036,2495.7126637793435
59723,30.801915217441746,1364.459999999036,2495.723292322456
59724,30.801915217441746,1364.479999999036,2495.7339208624344
59725,30.801915217441746,1364.499999999036,2495.744549399289
59726,30.801915217441746,1364.519999999036,2495.7551779330306
59727,30.801915217441746,1364.539999999036,2495.76580646367
59728,30.801915217441746,1364.5599999990359,2495.776434991217
59729,30.801915217441746,1364.5799999990359,2495.7870635156823
59730,30.801915217441746,1364.5999999990358,2495.7976920370775
59731,30.801915217441746,1364.6199999990358,2495.808320555412
59732,30.801915217441746,1364.6399999990358,2495.8189490706973
59733,30.801915217441746,1364.6599999990358,2495.8295775829433
59734,30.801915217441746,1364.6799999990358,2495.8402060921608
59735,30.801915217441746,1364.6999999990358,2495.8508345983605
59736,30.801915217441746,1364.7199999990357,2495.861463101553
59737,30.801915217441746,1364.7399999990357,2495.8720916017487
59738,30.801915217441746,1364.7599999990357,2495.882720098958
59739,30.801915217441746,1364.7799999990357,2495.893348593192
59740,30.801915217441746,1364.7999999990357,2495.903977084461
59741,30.801915217441746,1364.8199999990356,2495.9146055727756
59742,30.801915217441746,1364.8399999990356,2495.9252340581465
59743,30.801915217441746,1364.8599999990356,2495.935862540584
59744,30.801915217441746,1364.8799999990356,2495.9464910200986
59745,30.801915217441746,1364.8999999990356,2495.9571194967016
59746,30.801915217441746,1364.9199999990356,2495.967747970403
59747,30.801915217441746,1364.9399999990355,2495.978376441213
59748,30.801915217441746,1364.9599999990355,2495.989004909143
59749,30.801915217441746,1364.9799999990355,2495.9996333742033
59750,30.801915217441746,1364.9999999990355,2496.0102618364044
59751,30.801915217441746,1365.0199999990355,2496.020890295757
59752,30.801915217441746,1365.0399999990354,2496.0315187522715
59753,30.801915217441746,1365.0599999990354,2496.0421472059584
59754,30.801915217441746,1365.0799999990354,2496.0527756568285
59755,30.801915217441746,1365.0999999990354,2496.0634041048925
59756,30.801915217441746,1365.1199999990354,2496.0740325501606
59757,30.801915217441746,1365.1399999990354,2496.084660992644
59758,30.801915217441746,1365.1599999990353,2496.0952894323527
59759,30.801915217441746,1365.1799999990353,2496.1059178692976
59760,30.801915217441746,1365.1999999990353,2496.116546303489
59761,30.801915217441746,1365.2199999990353,2496.127174734938
59762,30.801915217441746,1365.2399999990353,2496.1378031636546
59763,30.801915217441746,1365.2599999990352,2496.1484315896496
59764,30.801915217441746,1365.2799999990352,2496.1590600129334
59765,30.801915217441746,1365.2999999990352,2496.169688433517
59766,30.801915217441746,1365.3199999990352,2496.1803168514107
59767,30.801915217441746,1365.3399999990352,2496.190945266625
59768,30.801915217441746,1365.3599999990352,2496.2015736791705
59769,30.801915217441746,1365.3799999990351,2496.212202089058
59770,30.801915217441746,1365.3999999990351,2496.222830496298
59771,30.801915217441746,1365.419999999035,2496.233458900901
59772,30.801915217441746,1365.439999999035,2496.2440873028777
59773,30.801915217441746,1365.459999999035,2496.2547157022464
59774,30.801915217441746,1365.479999999035,2496.2653440992317
59775,30.801915217441746,1365.499999999035,2496.2759724939883
59776,30.801915217441746,1365.519999999035,2496.286600886527
59777,30.801915217441746,1365.539999999035,2496.2972292768586
59778,30.801915217441746,1365.559999999035,2496.3078576649937
59779,30.801915217441746,1365.579999999035,2496.3184860509427
59780,30.801915217441746,1365.599999999035,2496.3291144347163
59781,30.801915217441746,1365.619999999035,2496.339742816325
59782,30.801915217441746,1365.639999999035,2496.350371195779
59783,30.801915217441746,1365.6599999990349,2496.36099957309
59784,30.801915217441746,1365.6799999990349,2496.371627948268
59785,30.801915217441746,1365.6999999990348,2496.382256321323
59786,30.801915217441746,1365.7199999990348,2496.3928846922663
59787,30.801915217441746,1365.7399999990348,2496.4035130611087
59788,30.801915217441746,1365.7599999990348,2496.41414142786
59789,30.801915217441746,1365.7799999990348,2496.4247697925316
59790,30.801915217441746,1365.7999999990348,2496.435398155134
59791,30.801915217441746,1365.8199999990347,2496.446026515677
59792,30.801915217441746,1365.8399999990347,2496.4566548741723
59793,30.801915217441746,1365.8599999990347,2496.4672832306296
59794,30.801915217441746,1365.8799999990347,2496.47791158506
59795,30.801915217441746,1365.8999999990347,2496.4885399374743
59796,30.801915217441746,1365.9199999990346,2496.4991682878826
59797,30.801915217441746,1365.9399999990346,2496.509796636296
59798,30.801915217441746,1365.9599999990346,2496.5204249827243
59799,30.801915217441746,1365.9799999990346,2496.531053327179
59800,30.801915217441746,1365.9999999990346,2496.54168166967
59801,30.801915217441746,1366.0199999990346,2496.5523100102087
59802,30.801915217441746,1366.0399999990345,2496.562938348805
59803,30.801915217441746,1366.0599999990345,2496.5735666854694
59804,30.801915217441746,1366.0799999990345,2496.584195020213
59805,30.801915217441746,1366.0999999990345,2496.594823353046
59806,30.801915217441746,1366.1199999990345,2496.60545168398
59807,30.801915217441746,1366.1399999990344,2496.616080013024
59808,30.801915217441746,1366.1599999990344,2496.62670834019
59809,30.801915217441746,1366.1799999990344,2496.637336665488
59810,30.801915217441746,1366.1999999990344,2496.647964988929
59811,30.801915217441746,1366.2199999990344,2496.658593310523
59812,30.801915217441746,1366.2399999990344,2496.669221630281
59813,30.801915217441746,1366.2599999990343,2496.6798499482134
59814,30.801915217441746,1366.2799999990343,2496.690478264331
59815,30.801915217441746,1366.2999999990343,2496.701106578644
59816,30.801915217441746,1366.3199999990343,2496.711734891164
59817,30.801915217441746,1366.3399999990343,2496.7223632019
59818,30.801915217441746,1366.3599999990342,2496.732991510864
59819,30.801915217441746,1366.3799999990342,2496.743619818066
59820,30.801915217441746,1366.3999999990342,2496.7542481235164
59821,30.801915217441746,1366.4199999990342,2496.7648764272267
59822,30.801915217441746,1366.4399999990342,2496.7755047292067
59823,30.801915217441746,1366.4599999990342,2496.7861330294672
59824,30.801915217441746,1366.4799999990341,2496.796761328031
59825,30.801915217441746,1366.4999999990341,2496.8073896251403
59826,30.801915217441746,1366.519999999034,2496.8180179209285
59827,30.801915217441746,1366.539999999034,2496.828646215406
59828,30.801915217441746,1366.559999999034,2496.839274508584
59829,30.801915217441746,1366.579999999034,2496.8499028004726
59830,30.801915217441746,1366.599999999034,2496.8605310910825
59831,30.801915217441746,1366.619999999034,2496.8711593804246
59832,30.801915217441746,1366.639999999034,2496.8817876685093
59833,30.801915217441746,1366.659999999034,2496.8924159553476
59834,30.801915217441746,1366.679999999034,2496.90304424095
59835,30.801915217441746,1366.699999999034,2496.9136725253265
59836,30.801915217441746,1366.719999999034,2496.9243008084886
59837,30.801915217441746,1366.739999999034,2496.9349290904465
59838,30.801915217441746,1366.7599999990339,2496.9455573712107
59839,30.801915217441746,1366.7799999990339,2496.956185650792
59840,30.801915217441746,1366.7999999990338,2496.966813929201
59841,30.801915217441746,1366.8199999990338,2496.9774422064484
59842,30.801915217441746,1366.8399999990338,2496.9880704825446
59843,30.801915217441746,1366.8599999990338,2496.9986987575003
59844,30.801915217441746,1366.8799999990338,2497.0093270313264
59845,30.801915217441746,1366.8999999990338,2497.0199553040334
59846,30.801915217441746,1366.9199999990337,2497.0305835756317
59847,30.801915217441746,1366.9399999990337,2497.0412118461322
59848,30.801915217441746,1366.9599999990337,2497.0518401155455
59849,30.801915217441746,1366.9799999990337,2497.062468383882
59850,30.801915217441746,1366.9999999990337,2497.0730966511524
59851,30.801915217441746,1367.0199999990336,2497.0837249173674
59852,30.801915217441746,1367.0399999990336,2497.094353182538
59853,30.801915217441746,1367.0599999990336,2497.104981446674
59854,30.801915217441746,1367.0799999990336,2497.115609709787
59855,30.801915217441746,1367.0999999990336,2497.126237971887
59856,30.801915217441746,1367.1199999990336,2497.1368662329846
59857,30.801915217441746,1367.1399999990335,2497.1474944930906
59858,30.801915217441746,1367.1599999990335,2497.1581227522156
59859,30.801915217441746,1367.1799999990335,2497.16875101037
59860,30.801915217441746,1367.1999999990335,2497.1793792675653
59861,30.801915217441746,1367.2199999990335,2497.190007523811
59862,30.801915217441746,1367.2399999990334,2497.2006357791183
59863,30.801915217441746,1367.2599999990334,2497.2112640334976
59864,30.801915217441746,1367.2799999990334,2497.2218922869597
59865,30.801915217441746,1367.2999999990334,2497.2325205395155
59866,30.801915217441746,1367.3199999990334,2497.243148791175
59867,30.801915217441746,1367.3399999990334,2497.2537770419494
59868,30.801915217441746,1367.3599999990333,2497.264405291849
59869,30.801915217441746,1367.3799999990333,2497.2750335408846
59870,30.801915217441746,1367.3999999990333,2497.2856617890666
59871,30.801915217441746,1367.4199999990333,2497.296290036406
59872,30.801915217441746,1367.4399999990333,2497.306918282913
59873,30.801915217441746,1367.4599999990332,2497.3175465285985
59874,30.801915217441746,1367.4799999990332,2497.328174773473
59875,30.801915217441746,1367.4999999990332,2497.338803017564
59876,30.801915217441746,1367.5199999990332,2497.34943126113
59877,30.801915217441746,1367.5399999990332,2497.3600595042844
59878,30.801915217441746,1367.5599999990332,2497.3706877470377
59879,30.801915217441746,1367.5799999990331,2497.3813159894003
59880,30.801915217441746,1367.5999999990331,2497.3919442313827
59881,30.801915217441746,1367.619999999033,2497.4025724729954
59882,30.801915217441746,1367.639999999033,2497.4132007142493
59883,30.801915217441746,1367.659999999033,2497.4238289551554
59884,30.801915217441746,1367.679999999033,2497.434457195724
59885,30.801915217441746,1367.699999999033,2497.4450854359657
59886,30.801915217441746,1367.719999999033,2497.4557136758913
59887,30.801915217441746,1367.739999999033,2497.4663419155113
59888,30.801915217441746,1367.759999999033,2497.476970154836
59889,30.801915217441746,1367.779999999033,2497.487598393877
59890,30.801915217441746,1367.799999999033,2497.498226632644
59891,30.801915217441746,1367.819999999033,2497.5088548711487
59892,30.801915217441746,1367.839999999033,2497.519483109401
59893,30.801915217441746,1367.8599999990329,2497.530111347411
59894,30.801915217441746,1367.8799999990329,2497.5407395851907
59895,30.801915217441746,1367.8999999990328,2497.55136782275
59896,30.801915217441746,1367.9199999990328,2497.5619960600993
59897,30.801915217441746,1367.9399999990328,2497.5726242972496
59898,30.801915217441746,1367.9599999990328,2497.5832525342116
59899,30.801915217441746,1367.9799999990328,2497.593880770996
59900,30.801915217441746,1367.9999999990328,2497.604509007613
59901,30.801915217441746,1368.0199999990327,2497.615137244074
59902,30.801915217441746,1368.0399999990327,2497.625765480389
59903,30.801915217441746,1368.0599999990327,2497.636393716569
59904,30.801915217441746,1368.0799999990327,2497.647021952624
59905,30.801915217441746,1368.0999999990327,2497.6576501885656
59906,30.801915217441746,1368.1199999990326,2497.668278424404
59907,30.801915217441746,1368.1399999990326,2497.6789066601496
59908,30.801915217441746,1368.1599999990326,2497.6895348958133
59909,30.801915217441746,1368.1799999990326,2497.700163131406
59910,30.801915217441746,1368.1999999990326,2497.7107913669383
59911,30.801915217441746,1368.2199999990326,2497.7214196024206
59912,30.801915217441746,1368.2399999990325,2497.7320478378633
59913,30.801915217441746,1368.2599999990325,2497.7426760732774
59914,30.801915217441746,1368.2799999990325,2497.7533043086737
59915,30.801915217441746,1368.2999999990325,2497.7639325440628
59916,30.801915217441746,1368.3199999990325,2497.774560779455
59917,30.801915217441746,1368.3399999990324,2497.7851890148613
59918,30.801915217441746,1368.3599999990324,2497.795817250292
59919,30.801915217441746,1368.3799999990324,2497.8064454857586
59920,30.801915217441746,1368.3999999990324,2497.817073721271
59921,30.801915217441746,1368.4199999990324,2497.8277019568395
59922,30.801915217441746,1368.4399999990324,2497.8383301924755
59923,30.801915217441746,1368.4599999990323,2497.8489584281897
59924,30.801915217441746,1368.4799999990323,2497.859586663992
59925,30.801915217441746,1368.4999999990323,2497.8702148998937
59926,30.801915217441746,1368.5199999990323,2497.8808431359275
59927,30.801915217441746,1368.5399999990323,2497.891471372387
59928,30.801915217441746,1368.5599999990322,2497.902099609368
59929,30.801915217441746,1368.5799999990322,2497.9127278468814
59930,30.801915217441746,1368.5999999990322,2497.9233560849375
59931,30.801915217441746,1368.6199999990322,2497.933984323547
59932,30.801915217441746,1368.6399999990322,2497.944612562721
59933,30.801915217441746,1368.6599999990322,2497.9552408024697
59934,30.801915217441746,1368.6799999990321,2497.9658690428037
59935,30.801915217441746,1368.6999999990321,2497.976497283734
59936,30.801915217441746,1368.719999999032,2497.987125525271
59937,30.801915217441746,1368.739999999032,2497.997753767426
59938,30.801915217441746,1368.759999999032,2498.0083820102086
59939,30.801915217441746,1368.779999999032,2498.0190102536303
59940,30.801915217441746,1368.799999999032,2498.029638497702
59941,30.801915217441746,1368.819999999032,2498.0402667424332
59942,30.801915217441746,1368.839999999032,2498.050894987836
59943,30.801915217441746,1368.859999999032,2498.06152323392
59944,30.801915217441746,1368.879999999032,2498.0721514806964
59945,30.801915217441746,1368.899999999032,2498.082779728176
59946,30.801915217441746,1368.919999999032,2498.093407976369
59947,30.801915217441746,1368.939999999032,2498.1040362252857
59948,30.801915217441746,1368.9599999990319,2498.114664474938
59949,30.801915217441746,1368.9799999990319,2498.1252927253354
59950,30.801915217441746,1368.9999999990318,2498.135920976489
59951,30.801915217441746,1369.0199999990318,2498.14654922841
59952,30.801915217441746,1369.0399999990318,2498.1571774811086
59953,30.801915217441746,1369.0599999990318,2498.1678057345953
59954,30.801915217441746,1369.0799999990318,2498.178433988881
59955,30.801915217441746,1369.0999999990318,2498.1890622439764
59956,30.801915217441746,1369.1199999990317,2498.1996904998923
59957,30.801915217441746,1369.1399999990317,2498.210318756639
59958,30.801915217441746,1369.1599999990317,2498.2209470142275
59959,30.801915217441746,1369.1799999990317,2498.231575272668
59960,30.760492331126894,1369.1999999990317,2498.242203531972
59961,30.760492331126894,1369.2199999990316,2498.252831792149
59962,30.760492331126894,1369.2399999990316,2498.263460053211
59963,30.760492331126894,1369.2599999990316,2498.274088315168
59964,30.760492331126894,1369.2799999990316,2498.2847165780304
59965,30.760492331126894,1369.2999999990316,2498.2953448418093
59966,30.760492331126894,1369.3199999990316,2498.3059731065155
59967,30.760492331126894,1369.3399999990315,2498.3166013721593
59968,30.760492331126894,1369.3599999990315,2498.3272296387518
59969,30.760492331126894,1369.3799999990315,2498.3378579063033
59970,30.760492331126894,1369.3999999990315,2498.3484861748248
59971,30.760492331126894,1369.4199999990315,2498.3591144443267
59972,30.760492331126894,1369.4399999990314,2498.3697427148195
59973,30.760492331126894,1369.4599999990314,2498.380370986314
59974,30.760492331126894,1369.4799999990314,2498.3909992588215
59975,30.760492331126894,1369.4999999990314,2498.401627532352
59976,30.760492331126894,1369.5199999990314,2498.412255806916
59977,30.760492331126894,1369.5399999990314,2498.422884082548
59978,30.760492331126894,1369.5599999990313,2498.4335123595233
59979,30.760492331126894,1369.5799999990313,2498.4441406379065
59980,30.760492331126894,1369.5999999990313,2498.454768917708
59981,30.760492331126894,1369.6199999990313,2498.4653971989387
59982,30.760492331126894,1369.6399999990313,2498.4760254816097
59983,30.760492331126894,1369.6599999990312,2498.4866537657313
59984,30.760492331126894,1369.6799999990312,2498.4972820513144
59985,30.760492331126894,1369.6999999990312,2498.5079103383696
59986,30.760492331126894,1369.7199999990312,2498.5185386269072
59987,30.760492331126894,1369.7399999990312,2498.5291669169387
59988,30.760492331126894,1369.7599999990312,2498.539795208474
59989,30.760492331126894,1369.7799999990311,2498.5504235015246
59990,30.760492331126894,1369.7999999990311,2498.5610517961004
59991,30.760492331126894,1369.819999999031,2498.571680092213
59992,30.760492331126894,1369.839999999031,2498.5823083898717
59993,30.760492331126894,1369.859999999031,2498.5929366890887
59994,30.760492331126894,1369.879999999031,2498.603564989874
59995,30.760492331126894,1369.899999999031,2498.6141932922383
59996,30.760492331126894,1369.919999999031,2498.6248215961923
59997,30.760492331126894,1369.939999999031,2498.6354499017466
59998,30.760492331126894,1369.959999999031,2498.646078208912
59999,30.760492331126894,1369.979999999031,2498.656706517699
60000,30.760492331126894,1369.999999999031,2498.667334828119
60001,30.760492331126894,1370.019999999031,2498.677963140182
60002,30.760492331126894,1370.039999999031,2498.688591453899
60003,30.760492331126894,1370.0599999990309,2498.6992197692803
60004,30.760492331126894,1370.0799999990309,2498.709848086337
60005,30.760492331126894,1370.0999999990308,2498.72047640508
60006,30.760492331126894,1370.1199999990308,2498.7311047255193
60007,30.760492331126894,1370.1399999990308,2498.741733047666
60008,30.760492331126894,1370.1599999990308,2498.752361371531
60009,30.760492331126894,1370.1799999990308,2498.762989697125
60010,30.760492331126894,1370.1999999990308,2498.773618024458
60011,30.760492331126894,1370.2199999990307,2498.784246353541
60012,30.760492331126894,1370.2399999990307,2498.7948746843854
60013,30.760492331126894,1370.2599999990307,2498.8055030170012
60014,30.760492331126894,1370.2799999990307,2498.8161313513992
60015,30.760492331126894,1370.2999999990307,2498.8267596875903
60016,30.760492331126894,1370.3199999990306,2498.837388025585
60017,30.760492331126894,1370.3399999990306,2498.848016365394
60018,30.760492331126894,1370.3599999990306,2498.8586447070284
60019,30.760492331126894,1370.3799999990306,2498.869273050498
60020,30.760492331126894,1370.3999999990306,2498.8799013958146
60021,30.760492331126894,1370.4199999990306,2498.8905297429883
60022,30.760492331126894,1370.4399999990305,2498.9011580920296
60023,30.760492331126894,1370.4599999990305,2498.9117864429495
60024,30.760492331126894,1370.4799999990305,2498.922414795759
60025,30.760492331126894,1370.4999999990305,2498.933043150468
60026,30.760492331126894,1370.5199999990305,2498.943671507088
60027,30.760492331126894,1370.5399999990304,2498.954299865629
60028,30.760492331126894,1370.5599999990304,2498.964928226131
60029,30.760492331126894,1370.5799999990304,2498.9755565889045
60030,30.760492331126894,1370.5999999990304,2498.9861849539957
60031,30.760492331126894,1370.6199999990304,2498.9968133214156
60032,30.760492331126894,1370.6399999990304,2499.007441691175
60033,30.760492331126894,1370.6599999990303,2499.018070063284
60034,30.760492331126894,1370.6799999990303,2499.0286984377544
60035,30.760492331126894,1370.6999999990303,2499.0393268145963
60036,30.760492331126894,1370.7199999990303,2499.04995519382
60037,30.760492331126894,1370.7399999990303,2499.0605835754372
60038,30.760492331126894,1370.7599999990302,2499.0712119594577
60039,30.760492331126894,1370.7799999990302,2499.081840345893
60040,30.760492331126894,1370.7999999990302,2499.0924687347533
60041,30.760492331126894,1370.8199999990302,2499.1030971260493
60042,30.760492331126894,1370.8399999990302,2499.113725519792
60043,30.760492331126894,1370.8599999990302,2499.124353915992
60044,30.760492331126894,1370.8799999990301,2499.1349823146597
60045,30.760492331126894,1370.8999999990301,2499.1456107158065
60046,30.760492331126894,1370.91999999903,2499.1562391194425
60047,30.760492331126894,1370.93999999903,2499.1668675255787
60048,30.760492331126894,1370.95999999903,2499.1774959342256
60049,30.760492331126894,1370.97999999903,2499.188124345394
60050,30.760492331126894,1370.99999999903,2499.198752759095
60051,30.760492331126894,1371.01999999903,2499.209381175339
60052,30.760492331126894,1371.03999999903,2499.2200095941366
60053,30.760492331126894,1371.05999999903,2499.2306380154987
60054,30.760492331126894,1371.07999999903,2499.241266439436
60055,30.760492331126894,1371.09999999903,2499.251894865959
60056,30.760492331126894,1371.11999999903,2499.262523295079
60057,30.760492331126894,1371.13999999903,2499.273151726806
60058,30.760492331126894,1371.1599999990299,2499.2837801611513
60059,30.760492331126894,1371.1799999990299,2499.2944085981253
60060,30.760492331126894,1371.1999999990298,2499.3050370377387
60061,30.760492331126894,1371.2199999990298,2499.3156654800023
60062,30.760492331126894,1371.2399999990298,2499.326293924927
60063,30.760492331126894,1371.2599999990298,2499.3369223725235
60064,30.760492331126894,1371.2799999990298,2499.3475508228025
60065,30.760492331126894,1371.2999999990298,2499.3581792757745
60066,30.760492331126894,1371.3199999990297,2499.3688077314505
60067,30.760492331126894,1371.3399999990297,2499.379436189841
60068,30.760492331126894,1371.3599999990297,2499.3900646509564
60069,30.760492331126894,1371.3799999990297,2499.4006931148083
60070,30.760492331126894,1371.3999999990297,2499.411321581407
60071,30.760492331126894,1371.4199999990296,2499.4219500507625
60072,30.760492331126894,1371.4399999990296,2499.4325785228866
60073,30.760492331126894,1371.4599999990296,2499.4432069977893
60074,30.760492331126894,1371.4799999990296,2499.453835475482
60075,30.760492331126894,1371.4999999990296,2499.4644639559747
60076,30.760492331126894,1371.5199999990296,2499.475092439279
60077,30.760492331126894,1371.5399999990295,2499.4857209254046
60078,30.760492331126894,1371.5599999990295,2499.4963494143626
60079,30.760492331126894,1371.5799999990295,2499.50697790621
60080,30.760492331126894,1371.5999999990295,2499.517606401249
60081,30.760492331126894,1371.6199999990295,2499.5282348995174
60082,30.760492331126894,1371.6399999990294,2499.5388634010264
60083,30.760492331126894,1371.6599999990294,2499.5494919057865
60084,30.760492331126894,1371.6799999990294,2499.5601204138084
60085,30.760492331126894,1371.6999999990294,2499.570748925103
60086,30.760492331126894,1371.7199999990294,2499.581377439681
60087,30.760492331126894,1371.7399999990294,2499.5920059575533
60088,30.760492331126894,1371.7599999990293,2499.60263447873
60089,30.760492331126894,1371.7799999990293,2499.6132630032225
60090,30.760492331126894,1371.7999999990293,2499.6238915310414
60091,30.760492331126894,1371.8199999990293,2499.634520062197
60092,30.760492331126894,1371.8399999990293,2499.645148596701
60093,30.760492331126894,1371.8599999990292,2499.6557771345633
60094,30.760492331126894,1371.8799999990292,2499.666405675795
60095,30.760492331126894,1371.8999999990292,2499.6770342204068
60096,30.760492331126894,1371.9199999990292,2499.687662768409
60097,30.760492331126894,1371.9399999990292,2499.698291319813
60098,30.760492331126894,1371.9599999990292,2499.7089198746294
60099,30.760492331126894,1371.9799999990291,2499.7195484328686
60100,30.760492331126894,1371.9999999990291,2499.7301769945416
60101,30.760492331126894,1372.019999999029,2499.7408055596593
60102,30.760492331126894,1372.039999999029,2499.751434128232
60103,30.760492331126894,1372.059999999029,2499.762062700271
60104,30.760492331126894,1372.079999999029,2499.7726912757867
60105,30.760492331126894,1372.099999999029,2499.7833198547896
60106,30.760492331126894,1372.119999999029,2499.793948437291
60107,30.760492331126894,1372.139999999029,2499.804577023301
60108,30.760492331126894,1372.159999999029,2499.815205612831
60109,30.760492331126894,1372.179999999029,2499.8258342058916
60110,30.760492331126894,1372.199999999029,2499.8364628024933
60111,30.760492331126894,1372.219999999029,2499.847091402647
60112,30.760492331126894,1372.239999999029,2499.8577200063633
60113,30.760492331126894,1372.2599999990289,2499.868348613653
60114,30.760492331126894,1372.2799999990289,2499.878977224527
60115,30.760492331126894,1372.2999999990288,2499.8896058389955
60116,30.760492331126894,1372.3199999990288,2499.90023445707
60117,30.760492331126894,1372.3399999990288,2499.910863078761
60118,30.760492331126894,1372.3599999990288,2499.921491704079
60119,30.760492331126894,1372.3799999990288,2499.932120333035
60120,30.760492331126894,1372.3999999990288,2499.94274896564
60121,30.760492331126894,1372.4199999990287,2499.9533776019043
60122,30.760492331126894,1372.4399999990287,2499.964006241839
60123,30.760492331126894,1372.4599999990287,2499.974634885454
60124,30.760492331126894,1372.4799999990287,2499.985263532761
60125,30.760492331126894,1372.4999999990287,2499.9958921837706
60126,30.760492331126894,1372.5199999990286,2500.006520839027
60127,30.760492331126894,1372.5399999990286,2500.017149500816
60128,30.760492331126894,1372.5599999990286,2500.0277781693417
60129,30.760492331126894,1372.5799999990286,2500.0384068446156
60130,30.760492331126894,1372.5999999990286,2500.0490355267157
60131,30.760492331126894,1372.6199999990286,2500.0596642159285
60132,30.760492331126894,1372.6399999990285,2500.070292912288
60133,30.760492331126894,1372.6599999990285,2500.0809216158054
60134,30.760492331126894,1372.6799999990285,2500.091550326492
60135,30.760492331126894,1372.6999999990285,2500.1021790443583
60136,30.760492331126894,1372.7199999990285,2500.112807769416
60137,30.760492331126894,1372.7399999990284,2500.123436501676
60138,30.760492331126894,1372.7599999990284,2500.1340652411495
60139,30.760492331126894,1372.7799999990284,2500.1446939878474
60140,30.760492331126894,1372.7999999990284,2500.1553227417808
60141,30.760492331126894,1372.8199999990284,2500.165951502961
60142,30.760492331126894,1372.8399999990284,2500.176580271399
60143,30.760492331126894,1372.8599999990283,2500.187209047106
60144,30.760492331126894,1372.8799999990283,2500.1978378300932
60145,30.760492331126894,1372.8999999990283,2500.208466620372
60146,30.760492331126894,1372.9199999990283,2500.2190954179528
60147,30.760492331126894,1372.9399999990283,2500.229724222847
60148,30.760492331126894,1372.9599999990282,2500.2403530350657
60149,30.760492331126894,1372.9799999990282,2500.25098185462
60150,30.760492331126894,1372.9999999990282,2500.2616106815212
60151,30.760492331126894,1373.0199999990282,2500.2722395157803
60152,30.760492331126894,1373.0399999990282,2500.2828683574085
60153,30.760492331126894,1373.0599999990282,2500.2934972064168
60154,30.760492331126894,1373.0799999990281,2500.3041260628165
60155,30.760492331126894,1373.0999999990281,2500.3147549266187
60156,30.760492331126894,1373.119999999028,2500.325383797834
60157,30.760492331126894,1373.139999999028,2500.336012676474
60158,30.760492331126894,1373.159999999028,2500.3466415625503
60159,30.760492331126894,1373.179999999028,2500.3572704560734
60160,30.760492331126894,1373.199999999028,2500.3678993570543
60161,30.760492331126894,1373.219999999028,2500.3785282655044
60162,30.760492331126894,1373.239999999028,2500.3891571814347
60163,30.760492331126894,1373.259999999028,2500.399786104856
60164,30.760492331126894,1373.279999999028,2500.4104150357803
60165,30.760492331126894,1373.299999999028,2500.421043974218
60166,30.760492331126894,1373.319999999028,2500.43167292018
60167,30.760492331126894,1373.339999999028,2500.4423018736784
60168,30.760492331126894,1373.3599999990279,2500.4529308347232
60169,30.760492331126894,1373.3799999990279,2500.4635598033265
60170,30.760492331126894,1373.3999999990278,2500.474188779499
60171,30.760492331126894,1373.4199999990278,2500.4848177632516
60172,30.760492331126894,1373.4399999990278,2500.495446754596
60173,30.760492331126894,1373.4599999990278,2500.5060757535425
60174,30.760492331126894,1373.4799999990278,2500.5167047601026
60175,30.760492331126894,1373.4999999990278,2500.5273337742874
60176,30.760492331126894,1373.5199999990277,2500.5379627961083
60177,30.760492331126894,1373.5399999990277,2500.5485918255763
60178,30.760492331126894,1373.5599999990277,2500.559220862702
60179,30.760492331126894,1373.5799999990277,2500.5698499074974
60180,30.760492331126894,1373.5999999990277,2500.5804789599733
60181,30.760492331126894,1373.6199999990276,2500.59110802023
60182,30.760492331126894,1373.6399999990276,2500.6017370885365
60183,30.760492331126894,1373.6599999990276,2500.6123661649226
60184,30.760492331126894,1373.6799999990276,2500.6229952493995
60185,30.760492331126894,1373.6999999990276,2500.6336243419787
60186,30.760492331126894,1373.7199999990276,2500.644253442671
60187,30.760492331126894,1373.7399999990275,2500.654882551488
60188,30.760492331126894,1373.7599999990275,2500.66551166844
60189,30.760492331126894,1373.7799999990275,2500.676140793539
60190,30.760492331126894,1373.7999999990275,2500.686769926796
60191,30.760492331126894,1373.8199999990275,2500.6973990682213
60192,30.760492331126894,1373.8399999990274,2500.708028217827
60193,30.760492331126894,1373.8599999990274,2500.718657375624
60194,30.760492331126894,1373.8799999990274,2500.729286541623
60195,30.760492331126894,1373.8999999990274,2500.7399157158357
60196,30.760492331126894,1373.9199999990274,2500.750544898273
60197,30.760492331126894,1373.9399999990273,2500.761174088946
60198,30.760492331126894,1373.9599999990273,2500.771803287866
60199,30.760492331126894,1373.9799999990273,2500.7824324950443
60200,30.760492331126894,1373.9999999990273,2500.7930617104917
60201,30.760492331126894,1374.0199999990273,2500.803690934219
60202,30.760492331126894,1374.0399999990273,2500.8143201662383
60203,30.760492331126894,1374.0599999990272,2500.82494940656
60204,30.760492331126894,1374.0799999990272,2500.835578655195
60205,30.760492331126894,1374.0999999990272,2500.8462079121555
60206,30.760492331126894,1374.1199999990272,2500.856837177452
60207,30.760492331126894,1374.1399999990272,2500.8674664510954
60208,30.760492331126894,1374.1599999990271,2500.8780957330973
60209,30.760492331126894,1374.1799999990271,2500.888725023469
60210,30.760492331126894,1374.199999999027,2500.899354322221
60211,30.760492331126894,1374.219999999027,2500.909983629365
60212,30.760492331126894,1374.239999999027,2500.9206129449117
60213,30.760492331126894,1374.259999999027,2500.9312422688727
60214,30.760492331126894,1374.279999999027,2500.9418716012588
60215,30.760492331126894,1374.299999999027,2500.9525009420813
60216,30.760492331126894,1374.319999999027,2500.9631302913513
60217,30.760492331126894,1374.339999999027,2500.97375964908
60218,30.760492331126894,1374.359999999027,2500.9843890152783
60219,30.760492331126894,1374.379999999027,2500.9950183899577
60220,30.760492331126894,1374.399999999027,2501.005647773129
60221,30.760492331126894,1374.419999999027,2501.016277164804
60222,30.760492331126894,1374.439999999027,2501.026906564993
60223,30.760492331126894,1374.4599999990269,2501.037535973708
60224,30.760492331126894,1374.4799999990269,2501.0481653909596
60225,30.760492331126894,1374.4999999990268,2501.058794816759
60226,30.760492331126894,1374.5199999990268,2501.069424251117
60227,30.760492331126894,1374.5399999990268,2501.0800536940455
60228,30.760492331126894,1374.5599999990268,2501.0906831455554
60229,30.760492331126894,1374.5799999990268,2501.1013126056573
60230,30.760492331126894,1374.5999999990267,2501.111942074363
60231,30.760492331126894,1374.6199999990267,2501.1225715516834
60232,30.760492331126894,1374.6399999990267,2501.1332010377473
60233,30.760492331126894,1374.6599999990267,2501.1438305328215
60234,30.760492331126894,1374.6799999990267,2501.154460036933
60235,30.760492331126894,1374.6999999990267,2501.1650895500925
60236,30.760492331126894,1374.7199999990266,2501.1757190723115
60237,30.760492331126894,1374.7399999990266,2501.186348603601
60238,30.760492331126894,1374.7599999990266,2501.196978143972
60239,30.760492331126894,1374.7799999990266,2501.207607693436
60240,30.760492331126894,1374.7999999990266,2501.2182372520037
60241,30.760492331126894,1374.8199999990265,2501.2288668196866
60242,30.760492331126894,1374.8399999990265,2501.2394963964957
60243,30.760492331126894,1374.8599999990265,2501.2501259824426
60244,30.760492331126894,1374.8799999990265,2501.260755577538
60245,30.760492331126894,1374.8999999990265,2501.271385181793
60246,30.760492331126894,1374.9199999990265,2501.2820147952193
60247,30.760492331126894,1374.9399999990264,2501.2926444178274
60248,30.760492331126894,1374.9599999990264,2501.303274049629
60249,30.760492331126894,1374.9799999990264,2501.3139036906355
60250,30.760492331126894,1374.9999999990264,2501.324533340857
60251,30.760492331126894,1375.0199999990264,2501.335163000306
60252,30.760492331126894,1375.0399999990263,2501.3457926689925
60253,30.760492331126894,1375.0599999990263,2501.3564223469284
60254,30.760492331126894,1375.0799999990263,2501.3670520341248
60255,30.760492331126894,1375.0999999990263,2501.3776817305925
60256,30.760492331126894,1375.1199999990263,2501.388311436343
60257,30.760492331126894,1375.1399999990263,2501.398941151387
60258,30.760492331126894,1375.1599999990262,2501.4095708757363
60259,30.760492331126894,1375.1799999990262,2501.420200609402
60260,30.760492331126894,1375.1999999990262,2501.430830352395
60261,30.760492331126894,1375.2199999990262,2501.441460104726
60262,30.760492331126894,1375.2399999990262,2501.4520898664073
60263,30.760492331126894,1375.2599999990261,2501.462719637449
60264,30.760492331126894,1375.2799999990261,2501.473349417863
60265,30.760492331126894,1375.299999999026,2501.4839792076605
60266,30.760492331126894,1375.319999999026,2501.494609006852
60267,30.760492331126894,1375.339999999026,2501.505238815449
60268,30.719162205196152,1375.359999999026,2501.515868633463
60269,30.719162205196152,1375.379999999026,2501.526498460905
60270,30.719162205196152,1375.399999999026,2501.537128297786
60271,30.719162205196152,1375.419999999026,2501.547758144117
60272,30.719162205196152,1375.439999999026,2501.5583879999094
60273,30.719162205196152,1375.459999999026,2501.569017865175
60274,30.719162205196152,1375.479999999026,2501.579647739924
60275,30.719162205196152,1375.499999999026,2501.5902776241683
60276,30.719162205196152,1375.519999999026,2501.6009075179186
60277,30.719162205196152,1375.539999999026,2501.6115374211863
60278,30.719162205196152,1375.5599999990259,2501.6221673339824
60279,30.719162205196152,1375.5799999990259,2501.632797256318
60280,30.719162205196152,1375.5999999990258,2501.6434271882044
60281,30.719162205196152,1375.6199999990258,2501.6540571296528
60282,30.719162205196152,1375.6399999990258,2501.6646870806744
60283,30.719162205196152,1375.6599999990258,2501.6753170414045
60284,30.719162205196152,1375.6799999990258,2501.6859470120635
60285,30.719162205196152,1375.6999999990257,2501.696576992672
60286,30.719162205196152,1375.7199999990257,2501.707206983241
60287,30.719162205196152,1375.7399999990257,2501.7178369837825
60288,30.719162205196152,1375.7599999990257,2501.728466994307
60289,30.719162205196152,1375.7799999990257,2501.739097014826
60290,30.719162205196152,1375.7999999990257,2501.74972704535
60291,30.719162205196152,1375.8199999990256,2501.760357085891
60292,30.719162205196152,1375.8399999990256,2501.77098713646
60293,30.719162205196152,1375.8599999990256,2501.781617197068
60294,30.719162205196152,1375.8799999990256,2501.7922472677265
60295,30.719162205196152,1375.8999999990256,2501.802877348446
60296,30.719162205196152,1375.9199999990255,2501.8135074392385
60297,30.719162205196152,1375.9399999990255,2501.824137540115
60298,30.719162205196152,1375.9599999990255,2501.834767651086
60299,30.719162205196152,1375.9799999990255,2501.845397772164
60300,30.719162205196152,1375.9999999990255,2501.856027903359
60301,30.719162205196152,1376.0199999990255,2501.866658044683
60302,30.719162205196152,1376.0399999990254,2501.8772881961468
60303,30.719162205196152,1376.0599999990254,2501.8879183577615
60304,30.719162205196152,1376.0799999990254,2501.8985485295384
60305,30.719162205196152,1376.0999999990254,2501.909178711489
60306,30.719162205196152,1376.1199999990254,2501.9198089036245
60307,30.719162205196152,1376.1399999990253,2501.9304391059554
60308,30.719162205196152,1376.1599999990253,2501.9410693184936
60309,30.719162205196152,1376.1799999990253,2501.95169954125
60310,30.719162205196152,1376.1999999990253,2501.962329774236
60311,30.719162205196152,1376.2199999990253,2501.972960017463
60312,30.719162205196152,1376.2399999990253,2501.9835902709415
60313,30.719162205196152,1376.2599999990252,2501.994220534683
60314,30.719162205196152,1376.2799999990252,2502.004850808699
60315,30.719162205196152,1376.2999999990252,2502.0154810930003
60316,30.719162205196152,1376.3199999990252,2502.026111387598
60317,30.719162205196152,1376.3399999990252,2502.0367416925037
60318,30.719162205196152,1376.3599999990251,2502.0473720077284
60319,30.719162205196152,1376.3799999990251,2502.0580023332836
60320,30.719162205196152,1376.399999999025,2502.0686326691803
60321,30.719162205196152,1376.419999999025,2502.0792630154297
60322,30.719162205196152,1376.439999999025,2502.0898933720428
60323,30.719162205196152,1376.459999999025,2502.100523739031
60324,30.719162205196152,1376.479999999025,2502.1111541164055
60325,30.719162205196152,1376.499999999025,2502.1217845041774
60326,30.719162205196152,1376.519999999025,2502.132414902358
60327,30.719162205196152,1376.539999999025,2502.1430453109583
60328,30.719162205196152,1376.559999999025,2502.1536757299896
60329,30.719162205196152,1376.579999999025,2502.164306159463
60330,30.719162205196152,1376.599999999025,2502.1749365993905
60331,30.719162205196152,1376.619999999025,2502.1855670497825
60332,30.719162205196152,1376.639999999025,2502.19619751065
60333,30.719162205196152,1376.6599999990249,2502.206827982005
60334,30.719162205196152,1376.6799999990249,2502.217458464011
60335,30.719162205196152,1376.6999999990248,2502.2280889568847
60336,30.719162205196152,1376.7199999990248,2502.2387194606426
60337,30.719162205196152,1376.7399999990248,2502.249349975296
60338,30.719162205196152,1376.7599999990248,2502.2599805008563
60339,30.719162205196152,1376.7799999990248,2502.2706110373347
60340,30.719162205196152,1376.7999999990247,2502.281241584742
60341,30.719162205196152,1376.8199999990247,2502.29187214309
60342,30.719162205196152,1376.8399999990247,2502.30250271239
60343,30.719162205196152,1376.8599999990247,2502.3131332926528
60344,30.719162205196152,1376.8799999990247,2502.3237638838896
60345,30.719162205196152,1376.8999999990247,2502.3343944861117
60346,30.719162205196152,1376.9199999990246,2502.3450250993305
60347,30.719162205196152,1376.9399999990246,2502.355655723557
60348,30.719162205196152,1376.9599999990246,2502.3662863588024
60349,30.719162205196152,1376.9799999990246,2502.376917005078
60350,30.719162205196152,1376.9999999990246,2502.3875476623957
60351,30.719162205196152,1377.0199999990245,2502.398178330766
60352,30.719162205196152,1377.0399999990245,2502.4088090102
60353,30.719162205196152,1377.0599999990245,2502.419439700709
60354,30.719162205196152,1377.0799999990245,2502.4300704023044
60355,30.719162205196152,1377.0999999990245,2502.4407011149974
60356,30.719162205196152,1377.1199999990245,2502.4513318387994
60357,30.719162205196152,1377.1399999990244,2502.4619625737214
60358,30.719162205196152,1377.1599999990244,2502.4725933197747
60359,30.719162205196152,1377.1799999990244,2502.48322407697
60360,30.719162205196152,1377.1999999990244,2502.4938548453197
60361,30.719162205196152,1377.2199999990244,2502.504485624834
60362,30.719162205196152,1377.2399999990243,2502.5151164155245
60363,30.719162205196152,1377.2599999990243,2502.5257472174026
60364,30.719162205196152,1377.2799999990243,2502.536378030479
60365,30.719162205196152,1377.2999999990243,2502.5470088547654
60366,30.719162205196152,1377.3199999990243,2502.557639690273
60367,30.719162205196152,1377.3399999990243,2502.5682705370127
60368,30.719162205196152,1377.3599999990242,2502.578901394996
60369,30.719162205196152,1377.3799999990242,2502.589532264234
60370,30.719162205196152,1377.3999999990242,2502.600163144738
60371,30.719162205196152,1377.4199999990242,2502.610794036519
60372,30.719162205196152,1377.4399999990242,2502.621424939589
60373,30.719162205196152,1377.4599999990241,2502.6320558539583
60374,30.719162205196152,1377.4799999990241,2502.6426867796386
60375,30.719162205196152,1377.499999999024,2502.6533177166407
60376,30.719162205196152,1377.519999999024,2502.663948664976
60377,30.719162205196152,1377.539999999024,2502.674579624656
60378,30.719162205196152,1377.559999999024,2502.685210595692
60379,30.719162205196152,1377.579999999024,2502.6958415780946
60380,30.719162205196152,1377.599999999024,2502.7064725718756
60381,30.719162205196152,1377.619999999024,2502.717103577046
60382,30.719162205196152,1377.639999999024,2502.7277345936172
60383,30.719162205196152,1377.659999999024,2502.7383656216007
60384,30.719162205196152,1377.679999999024,2502.748996661007
60385,30.719162205196152,1377.699999999024,2502.7596277120224
60386,30.719162205196152,1377.719999999024,2502.770258774846
60387,30.719162205196152,1377.739999999024,2502.7808898494904
60388,30.719162205196152,1377.7599999990239,2502.791520935967
60389,30.719162205196152,1377.7799999990239,2502.8021520342872
60390,30.719162205196152,1377.7999999990238,2502.8127831444617
60391,30.719162205196152,1377.8199999990238,2502.8234142665024
60392,30.719162205196152,1377.8399999990238,2502.83404540042
60393,30.719162205196152,1377.8599999990238,2502.844676546226
60394,30.719162205196152,1377.8799999990238,2502.8553077039314
60395,30.719162205196152,1377.8999999990237,2502.8659388735477
60396,30.719162205196152,1377.9199999990237,2502.876570055086
60397,30.719162205196152,1377.9399999990237,2502.887201248558
60398,30.719162205196152,1377.9599999990237,2502.897832453975
60399,30.719162205196152,1377.9799999990237,2502.9084636713474
60400,30.719162205196152,1377.9999999990237,2502.919094900687
60401,30.719162205196152,1378.0199999990236,2502.9297261420047
60402,30.719162205196152,1378.0399999990236,2502.9403573953123
60403,30.719162205196152,1378.0599999990236,2502.9509886606206
60404,30.719162205196152,1378.0799999990236,2502.961619937941
60405,30.719162205196152,1378.0999999990236,2502.972251227285
60406,30.719162205196152,1378.1199999990235,2502.9828825286636
60407,30.719162205196152,1378.1399999990235,2502.993513842088
60408,30.719162205196152,1378.1599999990235,2503.0041451675693
60409,30.719162205196152,1378.1799999990235,2503.014776505119
60410,30.719162205196152,1378.1999999990235,2503.025407854748
60411,30.719162205196152,1378.2199999990235,2503.0360392164685
60412,30.719162205196152,1378.2399999990234,2503.046670590291
60413,30.719162205196152,1378.2599999990234,2503.0573019762264
60414,30.719162205196152,1378.2799999990234,2503.067933374287
60415,30.719162205196152,1378.2999999990234,2503.078564784483
60416,30.719162205196152,1378.3199999990234,2503.0891962068263
60417,30.719162205196152,1378.3399999990233,2503.099827641328
60418,30.719162205196152,1378.3599999990233,2503.110459087999
60419,30.719162205196152,1378.3799999990233,2503.121090546851
60420,30.719162205196152,1378.3999999990233,2503.1317220178953
60421,30.719162205196152,1378.4199999990233,2503.142353501143
60422,30.719162205196152,1378.4399999990233,2503.1529849966055
60423,30.719162205196152,1378.4599999990232,2503.1636165042937
60424,30.719162205196152,1378.4799999990232,2503.174248024219
60425,30.719162205196152,1378.4999999990232,2503.184879556393
60426,30.719162205196152,1378.5199999990232,2503.195511100826
60427,30.719162205196152,1378.5399999990232,2503.20614265753
60428,30.719162205196152,1378.5599999990231,2503.2167742265165
60429,30.719162205196152,1378.5799999990231,2503.227405807796
60430,30.719162205196152,1378.599999999023,2503.2380374013806
60431,30.719162205196152,1378.619999999023,2503.248669007281
60432,30.719162205196152,1378.639999999023,2503.2593006255083
60433,30.719162205196152,1378.659999999023,2503.2699322560743
60434,30.719162205196152,1378.679999999023,2503.28056389899
60435,30.719162205196152,1378.699999999023,2503.291195554269
60436,30.719162205196152,1378.719999999023,2503.301827222117
60437,30.719162205196152,1378.739999999023,2503.3124589027125
60438,30.719162205196152,1378.759999999023,2503.3230905960672
60439,30.719162205196152,1378.779999999023,2503.333722302192
60440,30.719162205196152,1378.799999999023,2503.3443540210988
60441,30.719162205196152,1378.819999999023,2503.3549857527983
60442,30.719162205196152,1378.839999999023,2503.365617497302
60443,30.719162205196152,1378.8599999990229,2503.376249254621
60444,30.719162205196152,1378.8799999990229,2503.3868810247673
60445,30.719162205196152,1378.8999999990228,2503.3975128077514
60446,30.719162205196152,1378.9199999990228,2503.408144603585
60447,30.719162205196152,1378.9399999990228,2503.4187764122785
60448,30.719162205196152,1378.9599999990228,2503.4294082338442
60449,30.719162205196152,1378.9799999990228,2503.440040068293
60450,30.719162205196152,1378.9999999990227,2503.450671915636
60451,30.719162205196152,1379.0199999990227,2503.461303775885
60452,30.719162205196152,1379.0399999990227,2503.4719356490505
60453,30.719162205196152,1379.0599999990227,2503.4825675351444
60454,30.719162205196152,1379.0799999990227,2503.4931994341778
60455,30.719162205196152,1379.0999999990227,2503.503831346162
60456,30.719162205196152,1379.1199999990226,2503.514463271108
60457,30.719162205196152,1379.1399999990226,2503.5250952090273
60458,30.719162205196152,1379.1599999990226,2503.5357271599314
60459,30.719162205196152,1379.1799999990226,2503.5463591238313
60460,30.719162205196152,1379.1999999990226,2503.5569911007383
60461,30.719162205196152,1379.2199999990225,2503.567623090664
60462,30.719162205196152,1379.2399999990225,2503.5782550936187
60463,30.719162205196152,1379.2599999990225,2503.588887109615
60464,30.719162205196152,1379.2799999990225,2503.5995191386633
60465,30.719162205196152,1379.2999999990225,2503.610151180775
60466,30.719162205196152,1379.3199999990225,2503.620783235962
60467,30.719162205196152,1379.3399999990224,2503.6314153042345
60468,30.719162205196152,1379.3599999990224,2503.6420473856047
60469,30.719162205196152,1379.3799999990224,2503.6526794800834
60470,30.719162205196152,1379.3999999990224,2503.663311587682
60471,30.719162205196152,1379.4199999990224,2503.673943708412
60472,30.719162205196152,1379.4399999990223,2503.684575842284
60473,30.719162205196152,1379.4599999990223,2503.6952079893103
60474,30.719162205196152,1379.4799999990223,2503.7058401495015
60475,30.719162205196152,1379.4999999990223,2503.716472322869
60476,30.719162205196152,1379.5199999990223,2503.7271045094235
60477,30.719162205196152,1379.5399999990223,2503.737736709177
60478,30.719162205196152,1379.5599999990222,2503.748368922141
60479,30.719162205196152,1379.5799999990222,2503.759001148326
60480,30.719162205196152,1379.5999999990222,2503.7696333877443
60481,30.719162205196152,1379.6199999990222,2503.7802656404065
60482,30.719162205196152,1379.6399999990222,2503.7908979063236
60483,30.719162205196152,1379.6599999990221,2503.8015301855075
60484,30.719162205196152,1379.6799999990221,2503.812162477969
60485,30.719162205196152,1379.699999999022,2503.82279478372
60486,30.719162205196152,1379.719999999022,2503.833427102778
60487,30.719162205196152,1379.739999999022,2503.8440594353656
60488,30.719162205196152,1379.759999999022,2503.854691781641
60489,30.719162205196152,1379.779999999022,2503.8653241416155
60490,30.719162205196152,1379.799999999022,2503.8759565153
60491,30.719162205196152,1379.819999999022,2503.886588902706
60492,30.719162205196152,1379.839999999022,2503.897221303845
60493,30.719162205196152,1379.859999999022,2503.9078537187283
60494,30.719162205196152,1379.879999999022,2503.9184861473673
60495,30.719162205196152,1379.899999999022,2503.9291185897728
60496,30.719162205196152,1379.919999999022,2503.939751045956
60497,30.719162205196152,1379.939999999022,2503.950383515929
60498,30.719162205196152,1379.9599999990219,2503.9610159997023
60499,30.719162205196152,1379.9799999990219,2503.971648497288
60500,30.719162205196152,1379.9999999990218,2503.9822810086966
60501,30.719162205196152,1380.0199999990218,2503.99291353394
60502,30.719162205196152,1380.0399999990218,2504.003546073029
60503,30.719162205196152,1380.0599999990218,2504.0141786259755
60504,30.719162205196152,1380.0799999990218,2504.0248111927904
60505,30.719162205196152,1380.0999999990217,2504.035443773485
60506,30.719162205196152,1380.1199999990217,2504.0460763680708
60507,30.719162205196152,1380.1399999990217,2504.0567089765586
60508,30.719162205196152,1380.1599999990217,2504.0673415989604
60509,30.719162205196152,1380.1799999990217,2504.077974235287
60510,30.719162205196152,1380.1999999990217,2504.0886068855502
60511,30.719162205196152,1380.2199999990216,2504.099239549761
60512,30.719162205196152,1380.2399999990216,2504.1098722279307
60513,30.719162205196152,1380.2599999990216,2504.1205049200703
60514,30.719162205196152,1380.2799999990216,2504.1311376261915
60515,30.719162205196152,1380.2999999990216,2504.1417703463053
60516,30.719162205196152,1380.3199999990215,2504.1524030804235
60517,30.719162205196152,1380.3399999990215,2504.163035828557
60518,30.719162205196152,1380.3599999990215,2504.173668590717
60519,30.719162205196152,1380.3799999990215,2504.1843013669154
60520,30.719162205196152,1380.3999999990215,2504.194934157163
60521,30.719162205196152,1380.4199999990215,2504.205566961471
60522,30.719162205196152,1380.4399999990214,2504.216199779851
60523,30.719162205196152,1380.4599999990214,2504.2268326123144
60524,30.719162205196152,1380.4799999990214,2504.237465458872
60525,30.719162205196152,1380.4999999990214,2504.2480983195355
60526,30.719162205196152,1380.5199999990214,2504.258731194316
60527,30.719162205196152,1380.5399999990213,2504.2693640832254
60528,30.719162205196152,1380.5599999990213,2504.2799969862745
60529,30.719162205196152,1380.5799999990213,2504.2906299034744
60530,30.719162205196152,1380.5999999990213,2504.301262834837
60531,30.719162205196152,1380.6199999990213,2504.311895780373
60532,30.719162205196152,1380.6399999990213,2504.322528740094
60533,30.719162205196152,1380.6599999990212,2504.3331617140116
60534,30.719162205196152,1380.6799999990212,2504.3437947021366
60535,30.719162205196152,1380.6999999990212,2504.3544277044803
60536,30.719162205196152,1380.7199999990212,2504.3650607210543
60537,30.719162205196152,1380.7399999990212,2504.375693751882
60538,30.719162205196152,1380.7599999990211,2504.3863267972165
60539,30.719162205196152,1380.7799999990211,2504.3969598572025
60540,30.719162205196152,1380.799999999021,2504.407592931851
60541,30.719162205196152,1380.819999999021,2504.4182260211733
60542,30.719162205196152,1380.839999999021,2504.4288591251807
60543,30.719162205196152,1380.859999999021,2504.4394922438846
60544,30.719162205196152,1380.879999999021,2504.4501253772964
60545,30.719162205196152,1380.899999999021,2504.4607585254275
60546,30.719162205196152,1380.919999999021,2504.4713916882893
60547,30.719162205196152,1380.939999999021,2504.4820248658925
60548,30.719162205196152,1380.959999999021,2504.492658058249
60549,30.719162205196152,1380.979999999021,2504.50329126537
60550,30.719162205196152,1380.999999999021,2504.513924487267
60551,30.719162205196152,1381.019999999021,2504.524557723951
60552,30.719162205196152,1381.039999999021,2504.5351909754336
60553,30.719162205196152,1381.0599999990209,2504.5458242417258
60554,30.719162205196152,1381.0799999990209,2504.556457522839
60555,30.719162205196152,1381.0999999990208,2504.567090818785
60556,30.719162205196152,1381.1199999990208,2504.5777241295746
60557,30.719162205196152,1381.1399999990208,2504.5883574552195
60558,30.719162205196152,1381.1599999990208,2504.598990795731
60559,30.719162205196152,1381.1799999990208,2504.60962415112
60560,30.719162205196152,1381.1999999990207,2504.6202575213983
60561,30.719162205196152,1381.2199999990207,2504.630890906577
60562,30.719162205196152,1381.2399999990207,2504.641524306667
60563,30.719162205196152,1381.2599999990207,2504.652157721681
60564,30.719162205196152,1381.2799999990207,2504.662791151629
60565,30.719162205196152,1381.2999999990207,2504.6734245965226
60566,30.719162205196152,1381.3199999990206,2504.6840580563735
60567,30.719162205196152,1381.3399999990206,2504.694691531193
60568,30.719162205196152,1381.3599999990206,2504.705325020992
60569,30.719162205196152,1381.3799999990206,2504.715958525782
60570,30.719162205196152,1381.3999999990206,2504.7265920455743
60571,30.719162205196152,1381.4199999990205,2504.7372255803803
60572,30.677924549097504,1381.4399999990205,2504.7478591302115
60573,30.677924549097504,1381.4599999990205,2504.758492695079
60574,30.677924549097504,1381.4799999990205,2504.7691262749945
60575,30.677924549097504,1381.4999999990205,2504.779759869969
60576,30.677924549097504,1381.5199999990205,2504.790393480014
60577,30.677924549097504,1381.5399999990204,2504.8010271051403
60578,30.677924549097504,1381.5599999990204,2504.81166074536
60579,30.677924549097504,1381.5799999990204,2504.822294400684
60580,30.677924549097504,1381.5999999990204,2504.8329280711237
60581,30.677924549097504,1381.6199999990204,2504.84356175669
60582,30.677924549097504,1381.6399999990203,2504.8541954573952
60583,30.677924549097504,1381.6599999990203,2504.86482917325
60584,30.677924549097504,1381.6799999990203,2504.875462904266
60585,30.677924549097504,1381.6999999990203,2504.8860966504544
60586,30.677924549097504,1381.7199999990203,2504.8967304118264
60587,30.677924549097504,1381.7399999990203,2504.9073641883933
60588,30.677924549097504,1381.7599999990202,2504.9179979801816
60589,30.677924549097504,1381.7799999990202,2504.9286317874303
60590,30.677924549097504,1381.7999999990202,2504.9392656102477
60591,30.677924549097504,1381.8199999990202,2504.949899448645
60592,30.677924549097504,1381.8399999990202,2504.9605333026334
60593,30.677924549097504,1381.8599999990201,2504.9711671722243
60594,30.677924549097504,1381.8799999990201,2504.9818010574295
60595,30.677924549097504,1381.89999999902,2504.9924349582598
60596,30.677924549097504,1381.91999999902,2505.003068874727
60597,30.677924549097504,1381.93999999902,2505.013702806842
60598,30.677924549097504,1381.95999999902,2505.0243367546163
60599,30.677924549097504,1381.97999999902,2505.0349707180617
60600,30.677924549097504,1381.99999999902,2505.045604697189
60601,30.677924549097504,1382.01999999902,2505.0562386920096
60602,30.677924549097504,1382.03999999902,2505.066872702535
60603,30.677924549097504,1382.05999999902,2505.0775067287764
60604,30.677924549097504,1382.07999999902,2505.088140770745
60605,30.677924549097504,1382.09999999902,2505.098774828453
60606,30.677924549097504,1382.11999999902,2505.1094089019107
60607,30.677924549097504,1382.13999999902,2505.12004299113
60608,30.677924549097504,1382.1599999990199,2505.1306770961223
60609,30.677924549097504,1382.1799999990199,2505.141311216899
60610,30.677924549097504,1382.1999999990198,2505.151945353471
60611,30.677924549097504,1382.2199999990198,2505.1625795058503
60612,30.677924549097504,1382.2399999990198,2505.1732136740475
60613,30.677924549097504,1382.2599999990198,2505.1838478580744
60614,30.677924549097504,1382.2799999990198,2505.1944820579424
60615,30.677924549097504,1382.2999999990197,2505.2051162736625
60616,30.677924549097504,1382.3199999990197,2505.2157505052464
60617,30.677924549097504,1382.3399999990197,2505.2263847527056
60618,30.677924549097504,1382.3599999990197,2505.237019016051
60619,30.677924549097504,1382.3799999990197,2505.247653295294
60620,30.677924549097504,1382.3999999990197,2505.2582875904463
60621,30.677924549097504,1382.4199999990196,2505.2689219015188
60622,30.677924549097504,1382.4399999990196,2505.2795562285232
60623,30.677924549097504,1382.4599999990196,2505.2901905714707
60624,30.677924549097504,1382.4799999990196,2505.3008249303725
60625,30.677924549097504,1382.4999999990196,2505.3114593052405
60626,30.677924549097504,1382.5199999990195,2505.3220936960856
60627,30.677924549097504,1382.5399999990195,2505.332728102919
60628,30.677924549097504,1382.5599999990195,2505.3433625257526
60629,30.677924549097504,1382.5799999990195,2505.3539969645976
60630,30.677924549097504,1382.5999999990195,2505.3646314194652
60631,30.677924549097504,1382.6199999990195,2505.375265890367
60632,30.677924549097504,1382.6399999990194,2505.3859003773136
60633,30.677924549097504,1382.6599999990194,2505.396534880317
60634,30.677924549097504,1382.6799999990194,2505.4071693993887
60635,30.677924549097504,1382.6999999990194,2505.4178039345397
60636,30.677924549097504,1382.7199999990194,2505.4284384857815
60637,30.677924549097504,1382.7399999990193,2505.4390730531254
60638,30.677924549097504,1382.7599999990193,2505.449707636583
60639,30.677924549097504,1382.7799999990193,2505.4603422361847
60640,30.677924549097504,1382.7999999990193,2505.4709768522034
60641,30.677924549097504,1382.8199999990193,2505.4816114847317
60642,30.677924549097504,1382.8399999990193,2505.492246133781
60643,30.677924549097504,1382.8599999990192,2505.5028807993626
60644,30.677924549097504,1382.8799999990192,2505.5135154814884
60645,30.677924549097504,1382.8999999990192,2505.5241501801693
60646,30.677924549097504,1382.9199999990192,2505.5347848954166
60647,30.677924549097504,1382.9399999990192,2505.5454196272417
60648,30.677924549097504,1382.9599999990191,2505.5560543756565
60649,30.677924549097504,1382.9799999990191,2505.5666891406718
60650,30.677924549097504,1382.999999999019,2505.577323922299
60651,30.677924549097504,1383.019999999019,2505.5879587205495
60652,30.677924549097504,1383.039999999019,2505.598593535435
60653,30.677924549097504,1383.059999999019,2505.609228366967
60654,30.677924549097504,1383.079999999019,2505.6198632151563
60655,30.677924549097504,1383.099999999019,2505.6304980800146
60656,30.677924549097504,1383.119999999019,2505.641132961553
60657,30.677924549097504,1383.139999999019,2505.6517678597834
60658,30.677924549097504,1383.159999999019,2505.6624027747166
60659,30.677924549097504,1383.179999999019,2505.6730377063645
60660,30.677924549097504,1383.199999999019,2505.683672654738
60661,30.677924549097504,1383.219999999019,2505.694307619849
60662,30.677924549097504,1383.239999999019,2505.7049426017084
60663,30.677924549097504,1383.2599999990189,2505.715577600328
60664,30.677924549097504,1383.2799999990189,2505.7262126157184
60665,30.677924549097504,1383.2999999990188,2505.736847647892
60666,30.677924549097504,1383.3199999990188,2505.747482696859
60667,30.677924549097504,1383.3399999990188,2505.758117762632
60668,30.677924549097504,1383.3599999990188,2505.768752845222
60669,30.677924549097504,1383.3799999990188,2505.77938794464
60670,30.677924549097504,1383.3999999990187,2505.7900230608975
60671,30.677924549097504,1383.4199999990187,2505.8006581940062
60672,30.677924549097504,1383.4399999990187,2505.811293343977
60673,30.677924549097504,1383.4599999990187,2505.8219285108216
60674,30.677924549097504,1383.4799999990187,2505.8325636945515
60675,30.677924549097504,1383.4999999990187,2505.843198895178
60676,30.677924549097504,1383.5199999990186,2505.853834112712
60677,30.677924549097504,1383.5399999990186,2505.864469347165
60678,30.677924549097504,1383.5599999990186,2505.875104598549
60679,30.677924549097504,1383.5799999990186,2505.885739866875
60680,30.677924549097504,1383.5999999990186,2505.8963751521546
60681,30.677924549097504,1383.6199999990185,2505.907010454399
60682,30.677924549097504,1383.6399999990185,2505.9176457736194
60683,30.677924549097504,1383.6599999990185,2505.9282811098274
60684,30.677924549097504,1383.6799999990185,2505.9389164630343
60685,30.677924549097504,1383.6999999990185,2505.9495518332515
60686,30.677924549097504,1383.7199999990185,2505.9601872204903
60687,30.677924549097504,1383.7399999990184,2505.970822624762
60688,30.677924549097504,1383.7599999990184,2505.9814580460784
60689,30.677924549097504,1383.7799999990184,2505.9920934844504
60690,30.677924549097504,1383.7999999990184,2506.002728939914
60691,30.677924549097504,1383.8199999990184,2506.0133644127586
60692,30.677924549097504,1383.8399999990183,2506.023999903056
60693,30.677924549097504,1383.8599999990183,2506.034635410817
60694,30.677924549097504,1383.8799999990183,2506.0452709360534
60695,30.677924549097504,1383.8999999990183,2506.0559064787767
60696,30.677924549097504,1383.9199999990183,2506.0665420389983
60697,30.677924549097504,1383.9399999990183,2506.0771776167294
60698,30.677924549097504,1383.9599999990182,2506.087813211982
60699,30.677924549097504,1383.9799999990182,2506.098448824767
60700,30.677924549097504,1383.9999999990182,2506.1090844550954
60701,30.677924549097504,1384.0199999990182,2506.1197201029795
60702,30.677924549097504,1384.0399999990182,2506.13035576843
60703,30.677924549097504,1384.0599999990181,2506.140991451459
60704,30.677924549097504,1384.0799999990181,2506.151627152077
60705,30.677924549097504,1384.099999999018,2506.1622628702958
60706,30.677924549097504,1384.119999999018,2506.172898606127
60707,30.677924549097504,1384.139999999018,2506.183534359582
60708,30.677924549097504,1384.159999999018,2506.1941701306723
60709,30.677924549097504,1384.179999999018,2506.204805919409
60710,30.677924549097504,1384.199999999018,2506.2154417258034
60711,30.677924549097504,1384.219999999018,2506.226077549867
60712,30.677924549097504,1384.239999999018,2506.2367133916114
60713,30.677924549097504,1384.259999999018,2506.247349251048
60714,30.677924549097504,1384.279999999018,2506.257985128188
60715,30.677924549097504,1384.299999999018,2506.2686210230427
60716,30.677924549097504,1384.319999999018,2506.279256935624
60717,30.677924549097504,1384.339999999018,2506.289892865943
60718,30.677924549097504,1384.3599999990179,2506.3005288140107
60719,30.677924549097504,1384.3799999990179,2506.311164779839
60720,30.677924549097504,1384.3999999990178,2506.3218007634396
60721,30.677924549097504,1384.4199999990178,2506.3324367648233
60722,30.677924549097504,1384.4399999990178,2506.343072784002
60723,30.677924549097504,1384.4599999990178,2506.3537088209864
60724,30.677924549097504,1384.4799999990178,2506.3643448757884
60725,30.677924549097504,1384.4999999990177,2506.3749809484198
60726,30.677924549097504,1384.5199999990177,2506.3856170388913
60727,30.677924549097504,1384.5399999990177,2506.396253147215
60728,30.677924549097504,1384.5599999990177,2506.4068892734012
60729,30.677924549097504,1384.5799999990177,2506.4175254174625
60730,30.677924549097504,1384.5999999990177,2506.42816157941
60731,30.677924549097504,1384.6199999990176,2506.438797759254
60732,30.677924549097504,1384.6399999990176,2506.4494339570074
60733,30.677924549097504,1384.6599999990176,2506.460070172681
60734,30.677924549097504,1384.6799999990176,2506.470706406286
60735,30.677924549097504,1384.6999999990176,2506.481342657834
60736,30.677924549097504,1384.7199999990175,2506.4919789273367
60737,30.677924549097504,1384.7399999990175,2506.5026152148052
60738,30.677924549097504,1384.7599999990175,2506.513251520251
60739,30.677924549097504,1384.7799999990175,2506.5238878436853
60740,30.677924549097504,1384.7999999990175,2506.5345241851196
60741,30.677924549097504,1384.8199999990175,2506.545160544594
60742,30.677924549097504,1384.8399999990174,2506.5557969224155
60743,30.677924549097504,1384.8599999990174,2506.5664333186346
60744,30.677924549097504,1384.8799999990174,2506.5770697332628
60745,30.677924549097504,1384.8999999990174,2506.5877061663114
60746,30.677924549097504,1384.9199999990174,2506.5983426177913
60747,30.677924549097504,1384.9399999990173,2506.608979087715
60748,30.677924549097504,1384.9599999990173,2506.619615576093
60749,30.677924549097504,1384.9799999990173,2506.630252082937
60750,30.677924549097504,1384.9999999990173,2506.640888608259
60751,30.677924549097504,1385.0199999990173,2506.6515251520696
60752,30.677924549097504,1385.0399999990173,2506.6621617143805
60753,30.677924549097504,1385.0599999990172,2506.6727982952034
60754,30.677924549097504,1385.0799999990172,2506.6834348945495
60755,30.677924549097504,1385.0999999990172,2506.69407151243
60756,30.677924549097504,1385.1199999990172,2506.7047081488568
60757,30.677924549097504,1385.1399999990172,2506.715344803841
60758,30.677924549097504,1385.1599999990171,2506.7259814773943
60759,30.677924549097504,1385.1799999990171,2506.736618169528
60760,30.677924549097504,1385.199999999017,2506.7472548802534
60761,30.677924549097504,1385.219999999017,2506.757891609582
60762,30.677924549097504,1385.239999999017,2506.7685283575256
60763,30.677924549097504,1385.259999999017,2506.779165124095
60764,30.677924549097504,1385.279999999017,2506.789801909302
60765,30.677924549097504,1385.299999999017,2506.8004387131577
60766,30.677924549097504,1385.319999999017,2506.8110755356743
60767,30.677924549097504,1385.339999999017,2506.8217123768623
60768,30.677924549097504,1385.359999999017,2506.8323492367335
60769,30.677924549097504,1385.379999999017,2506.8429861152995
60770,30.677924549097504,1385.399999999017,2506.853623012572
60771,30.677924549097504,1385.419999999017,2506.8642599285618
60772,30.677924549097504,1385.439999999017,2506.874896863281
60773,30.677924549097504,1385.4599999990169,2506.88553381674
60774,30.677924549097504,1385.4799999990169,2506.896170788951
60775,30.677924549097504,1385.4999999990168,2506.9068077799257
60776,30.677924549097504,1385.5199999990168,2506.917444789675
60777,30.677924549097504,1385.5399999990168,2506.92808181821
60778,30.677924549097504,1385.5599999990168,2506.9387188655433
60779,30.677924549097504,1385.5799999990168,2506.949355931685
60780,30.677924549097504,1385.5999999990167,2506.959993016648
60781,30.677924549097504,1385.6199999990167,2506.9706301204424
60782,30.677924549097504,1385.6399999990167,2506.98126724308
60783,30.677924549097504,1385.6599999990167,2506.9919043845725
60784,30.677924549097504,1385.6799999990167,2507.0025415449313
60785,30.677924549097504,1385.6999999990167,2507.0131787241676
60786,30.677924549097504,1385.7199999990166,2507.023815922293
60787,30.677924549097504,1385.7399999990166,2507.034453139319
60788,30.677924549097504,1385.7599999990166,2507.0450903752567
60789,30.677924549097504,1385.7799999990166,2507.055727630118
60790,30.677924549097504,1385.7999999990166,2507.066364903914
60791,30.677924549097504,1385.8199999990165,2507.0770021966564
60792,30.677924549097504,1385.8399999990165,2507.0876395083997
60793,30.677924549097504,1385.8599999990165,2507.098276839448
60794,30.677924549097504,1385.8799999990165,2507.1089141898406
60795,30.677924549097504,1385.8999999990165,2507.1195515595887
60796,30.677924549097504,1385.9199999990165,2507.130188948704
60797,30.677924549097504,1385.9399999990164,2507.1408263571984
60798,30.677924549097504,1385.9599999990164,2507.151463785083
60799,30.677924549097504,1385.9799999990164,2507.162101232369
60800,30.677924549097504,1385.9999999990164,2507.172738699068
60801,30.677924549097504,1386.0199999990164,2507.1833761851913
60802,30.677924549097504,1386.0399999990163,2507.194013690751
60803,30.677924549097504,1386.0599999990163,2507.204651215758
60804,30.677924549097504,1386.0799999990163,2507.215288760224
60805,30.677924549097504,1386.0999999990163,2507.2259263241604
60806,30.677924549097504,1386.1199999990163,2507.2365639075783
60807,30.677924549097504,1386.1399999990163,2507.2472015104895
60808,30.677924549097504,1386.1599999990162,2507.2578391329057
60809,30.677924549097504,1386.1799999990162,2507.268476774838
60810,30.677924549097504,1386.1999999990162,2507.2791144362977
60811,30.677924549097504,1386.2199999990162,2507.2897521172968
60812,30.677924549097504,1386.2399999990162,2507.3003898178463
60813,30.677924549097504,1386.2599999990161,2507.311027537958
60814,30.677924549097504,1386.2799999990161,2507.321665277643
60815,30.677924549097504,1386.299999999016,2507.3323030369133
60816,30.677924549097504,1386.319999999016,2507.34294081578
60817,30.677924549097504,1386.339999999016,2507.3535786142543
60818,30.677924549097504,1386.359999999016,2507.364216432348
60819,30.677924549097504,1386.379999999016,2507.3748542700723
60820,30.677924549097504,1386.399999999016,2507.385492127439
60821,30.677924549097504,1386.419999999016,2507.39613000446
60822,30.677924549097504,1386.439999999016,2507.4067679011455
60823,30.677924549097504,1386.459999999016,2507.4174058175076
60824,30.677924549097504,1386.479999999016,2507.428043753558
60825,30.677924549097504,1386.499999999016,2507.438681709308
60826,30.677924549097504,1386.519999999016,2507.4493196847693
60827,30.677924549097504,1386.539999999016,2507.459957679953
60828,30.677924549097504,1386.5599999990159,2507.47059569487
60829,30.677924549097504,1386.5799999990159,2507.481233729533
60830,30.677924549097504,1386.5999999990158,2507.491871783953
60831,30.677924549097504,1386.6199999990158,2507.502509858141
60832,30.677924549097504,1386.6399999990158,2507.5131479521087
60833,30.677924549097504,1386.6599999990158,2507.5237860658676
60834,30.677924549097504,1386.6799999990158,2507.5344241994294
60835,30.677924549097504,1386.6999999990157,2507.5450623528054
60836,30.677924549097504,1386.7199999990157,2507.555700526007
60837,30.677924549097504,1386.7399999990157,2507.5663387190457
60838,30.677924549097504,1386.7599999990157,2507.576976931933
60839,30.677924549097504,1386.7799999990157,2507.5876151646803
60840,30.677924549097504,1386.7999999990157,2507.598253417299
60841,30.677924549097504,1386.8199999990156,2507.6088916898007
60842,30.677924549097504,1386.8399999990156,2507.619529982197
60843,30.677924549097504,1386.8599999990156,2507.6301682945677
60844,30.677924549097504,1386.8799999990156,2507.6408066272174
60845,30.677924549097504,1386.8999999990156,2507.651444980183
60846,30.677924549097504,1386.9199999990155,2507.6620833534757
60847,30.677924549097504,1386.9399999990155,2507.672721747107
60848,30.677924549097504,1386.9599999990155,2507.6833601610883
60849,30.677924549097504,1386.9799999990155,2507.6939985954314
60850,30.677924549097504,1386.9999999990155,2507.7046370501475
60851,30.677924549097504,1387.0199999990155,2507.715275525248
60852,30.677924549097504,1387.0399999990154,2507.7259140207448
60853,30.677924549097504,1387.0599999990154,2507.736552536649
60854,30.677924549097504,1387.0799999990154,2507.7471910729723
60855,30.677924549097504,1387.0999999990154,2507.757829629726
60856,30.677924549097504,1387.1199999990154,2507.7684682069216
60857,30.677924549097504,1387.1399999990153,2507.779106804571
60858,30.677924549097504,1387.1599999990153,2507.789745422685
60859,30.677924549097504,1387.1799999990153,2507.8003840612755
60860,30.677924549097504,1387.1999999990153,2507.8110227203542
60861,30.677924549097504,1387.2199999990153,2507.8216613999325
60862,30.677924549097504,1387.2399999990153,2507.8323001000217
60863,30.677924549097504,1387.2599999990152,2507.842938820633
60864,30.677924549097504,1387.2799999990152,2507.8535775617784
60865,30.677924549097504,1387.2999999990152,2507.864216323469
60866,30.677924549097504,1387.3199999990152,2507.8748551057165
60867,30.677924549097504,1387.3399999990152,2507.8854939085327
60868,30.677924549097504,1387.3599999990151,2507.8961327319284
60869,30.677924549097504,1387.3799999990151,2507.9067715759156
60870,30.677924549097504,1387.399999999015,2507.9174104405056
60871,30.677924549097504,1387.419999999015,2507.92804932571
60872,30.677924549097504,1387.439999999015,2507.9386882315407
60873,30.677924549097504,1387.459999999015,2507.9493271580086
60874,30.677924549097504,1387.479999999015,2507.959966105125
60875,30.677924549097504,1387.499999999015,2507.970605072902
60876,30.677924549097504,1387.519999999015,2507.9812440613505
60877,30.636779073447993,1387.539999999015,2507.9918830704823
60878,30.636779073447993,1387.559999999015,2508.002522100309
60879,30.636779073447993,1387.579999999015,2508.013161150842
60880,30.636779073447993,1387.599999999015,2508.0238002220926
60881,30.636779073447993,1387.619999999015,2508.0344393140726
60882,30.636779073447993,1387.639999999015,2508.0450784267937
60883,30.636779073447993,1387.6599999990149,2508.0557175602667
60884,30.636779073447993,1387.6799999990149,2508.0663567145034
60885,30.636779073447993,1387.6999999990148,2508.0769958895153
60886,30.636779073447993,1387.7199999990148,2508.087635085314
60887,30.636779073447993,1387.7399999990148,2508.0982743019113
60888,30.636779073447993,1387.7599999990148,2508.108913539318
60889,30.636779073447993,1387.7799999990148,2508.119552797546
60890,30.636779073447993,1387.7999999990147,2508.130192076607
60891,30.636779073447993,1387.8199999990147,2508.140831376512
60892,30.636779073447993,1387.8399999990147,2508.1514706972725
60893,30.636779073447993,1387.8599999990147,2508.1621100389
60894,30.636779073447993,1387.8799999990147,2508.1727494014867
60895,30.636779073447993,1387.8999999990147,2508.1833887852854
60896,30.636779073447993,1387.9199999990146,2508.1940281903253
60897,30.636779073447993,1387.9399999990146,2508.2046676166183
60898,30.636779073447993,1387.9599999990146,2508.2153070641757
60899,30.636779073447993,1387.9799999990146,2508.225946533009
60900,30.636779073447993,1387.9999999990146,2508.23658602313
60901,30.636779073447993,1388.0199999990145,2508.2472255345497
60902,30.636779073447993,1388.0399999990145,2508.25786506728
60903,30.636779073447993,1388.0599999990145,2508.2685046213323
60904,30.636779073447993,1388.0799999990145,2508.2791441967183
60905,30.636779073447993,1388.0999999990145,2508.2897837934493
60906,30.636779073447993,1388.1199999990145,2508.300423411537
60907,30.636779073447993,1388.1399999990144,2508.3110630509927
60908,30.636779073447993,1388.1599999990144,2508.321702711828
60909,30.636779073447993,1388.1799999990144,2508.332342394054
60910,30.636779073447993,1388.1999999990144,2508.342982097683
60911,30.636779073447993,1388.2199999990144,2508.3536218227264
60912,30.636779073447993,1388.2399999990143,2508.364261569195
60913,30.636779073447993,1388.2599999990143,2508.374901337101
60914,30.636779073447993,1388.2799999990143,2508.385541126456
60915,30.636779073447993,1388.2999999990143,2508.396180937271
60916,30.636779073447993,1388.3199999990143,2508.4068207695577
60917,30.636779073447993,1388.3399999990143,2508.4174606233278
60918,30.636779073447993,1388.3599999990142,2508.428100498593
60919,30.636779073447993,1388.3799999990142,2508.438740395364
60920,30.636779073447993,1388.3999999990142,2508.4493803136534
60921,30.636779073447993,1388.4199999990142,2508.460020253472
60922,30.636779073447993,1388.4399999990142,2508.4706602148317
60923,30.636779073447993,1388.4599999990141,2508.4813001977436
60924,30.636779073447993,1388.4799999990141,2508.4919402022197
60925,30.636779073447993,1388.499999999014,2508.5025802282707
60926,30.636779073447993,1388.519999999014,2508.513220275909
60927,30.636779073447993,1388.539999999014,2508.5238603451457
60928,30.636779073447993,1388.559999999014,2508.5345004359924
60929,30.636779073447993,1388.579999999014,2508.545140548461
60930,30.636779073447993,1388.599999999014,2508.5557806825623
60931,30.636779073447993,1388.619999999014,2508.566420838308
60932,30.636779073447993,1388.639999999014,2508.5770610157106
60933,30.636779073447993,1388.659999999014,2508.5877012147803
60934,30.636779073447993,1388.679999999014,2508.598341435529
60935,30.636779073447993,1388.699999999014,2508.608981677969
60936,30.636779073447993,1388.719999999014,2508.619621942111
60937,30.636779073447993,1388.739999999014,2508.6302622279663
60938,30.636779073447993,1388.7599999990139,2508.6409025355474
60939,30.636779073447993,1388.7799999990139,2508.651542864865
60940,30.636779073447993,1388.7999999990138,2508.6621832159312
60941,30.636779073447993,1388.8199999990138,2508.672823588757
60942,30.636779073447993,1388.8399999990138,2508.6834639833546
60943,30.636779073447993,1388.8599999990138,2508.694104399735
60944,30.636779073447993,1388.8799999990138,2508.7047448379094
60945,30.636779073447993,1388.8999999990137,2508.715385297997
60946,30.636779073447993,1388.9199999990137,2508.7260257802486
60947,30.636779073447993,1388.9399999990137,2508.736666284691
60948,30.636779073447993,1388.9599999990137,2508.747306811336
60949,30.636779073447993,1388.9799999990137,2508.7579473601945
60950,30.636779073447993,1388.9999999990137,2508.7685879312785
60951,30.636779073447993,1389.0199999990136,2508.7792285245996
60952,30.636779073447993,1389.0399999990136,2508.7898691401692
60953,30.636779073447993,1389.0599999990136,2508.8005097779987
60954,30.636779073447993,1389.0799999990136,2508.8111504381
60955,30.636779073447993,1389.0999999990136,2508.8217911204842
60956,30.636779073447993,1389.1199999990135,2508.832431825163
60957,30.636779073447993,1389.1399999990135,2508.843072552148
60958,30.636779073447993,1389.1599999990135,2508.853713301451
60959,30.636779073447993,1389.1799999990135,2508.864354073083
60960,30.636779073447993,1389.1999999990135,2508.874994867056
60961,30.636779073447993,1389.2199999990135,2508.8856356833817
60962,30.636779073447993,1389.2399999990134,2508.8962765220713
60963,30.636779073447993,1389.2599999990134,2508.9069173831363
60964,30.636779073447993,1389.2799999990134,2508.9175582665885
60965,30.636779073447993,1389.2999999990134,2508.9281991724392
60966,30.636779073447993,1389.3199999990134,2508.9388401007
60967,30.636779073447993,1389.3399999990133,2508.9494810513825
60968,30.636779073447993,1389.3599999990133,2508.960122024498
60969,30.636779073447993,1389.3799999990133,2508.9707630200587
60970,30.636779073447993,1389.3999999990133,2508.9814040380757
60971,30.636779073447993,1389.4199999990133,2508.9920450785607
60972,30.636779073447993,1389.4399999990133,2509.002686141525
60973,30.636779073447993,1389.4599999990132,2509.0133272269804
60974,30.636779073447993,1389.4799999990132,2509.023968334938
60975,30.636779073447993,1389.4999999990132,2509.03460946541
60976,30.636779073447993,1389.5199999990132,2509.045250618408
60977,30.636779073447993,1389.5399999990132,2509.055891793943
60978,30.636779073447993,1389.5599999990131,2509.0665329920266
60979,30.636779073447993,1389.5799999990131,2509.077174212671
60980,30.636779073447993,1389.599999999013,2509.087815455887
60981,30.636779073447993,1389.619999999013,2509.098456721686
60982,30.636779073447993,1389.639999999013,2509.1090980100803
60983,30.636779073447993,1389.659999999013,2509.119739321081
60984,30.636779073447993,1389.679999999013,2509.1303806547
60985,30.636779073447993,1389.699999999013,2509.1410220109483
60986,30.636779073447993,1389.719999999013,2509.151663389838
60987,30.636779073447993,1389.739999999013,2509.162304791381
60988,30.636779073447993,1389.759999999013,2509.1729462155877
60989,30.636779073447993,1389.779999999013,2509.1835876624705
60990,30.636779073447993,1389.799999999013,2509.1942291320406
60991,30.636779073447993,1389.819999999013,2509.2048706243095
60992,30.636779073447993,1389.839999999013,2509.215512139289
60993,30.636779073447993,1389.8599999990129,2509.22615367699
60994,30.636779073447993,1389.8799999990129,2509.236795237425
60995,30.636779073447993,1389.8999999990128,2509.2474368206053
60996,30.636779073447993,1389.9199999990128,2509.2580784266706
60997,30.636779073447993,1389.9399999990128,2509.268720055856
60998,30.636779073447993,1389.9599999990128,2509.279361708184
60999,30.636779073447993,1389.9799999990128,2509.290003383665
61000,30.636779073447993,1389.9999999990127,2509.300645082312
61001,30.636779073447993,1390.0199999990127,2509.3112868041353
61002,30.636779073447993,1390.0399999990127,2509.3219285491473
61003,30.636779073447993,1390.0599999990127,2509.3325703173596
61004,30.636779073447993,1390.0799999990127,2509.3432121087835
61005,30.636779073447993,1390.0999999990127,2509.3538539234305
61006,30.636779073447993,1390.1199999990126,2509.3644957613124
61007,30.636779073447993,1390.1399999990126,2509.3751376224404
61008,30.636779073447993,1390.1599999990126,2509.3857795068266
61009,30.636779073447993,1390.1799999990126,2509.396421414482
61010,30.636779073447993,1390.1999999990126,2509.407063345419
61011,30.636779073447993,1390.2199999990125,2509.4177052996483
61012,30.636779073447993,1390.2399999990125,2509.428347277182
61013,30.636779073447993,1390.2599999990125,2509.438989278032
61014,30.636779073447993,1390.2799999990125,2509.4496313022087
61015,30.636779073447993,1390.2999999990125,2509.4602733497245
61016,30.636779073447993,1390.3199999990125,2509.470915420591
61017,30.636779073447993,1390.3399999990124,2509.48155751482
61018,30.636779073447993,1390.3599999990124,2509.4921996324224
61019,30.636779073447993,1390.3799999990124,2509.50284177341
61020,30.636779073447993,1390.3999999990124,2509.5134839377947
61021,30.636779073447993,1390.4199999990124,2509.524126125588
61022,30.636779073447993,1390.4399999990123,2509.534768336801
61023,30.636779073447993,1390.4599999990123,2509.5454105714457
61024,30.636779073447993,1390.4799999990123,2509.5560528295337
61025,30.636779073447993,1390.4999999990123,2509.566695111076
61026,30.636779073447993,1390.5199999990123,2509.577337416085
61027,30.636779073447993,1390.5399999990123,2509.587979744572
61028,30.636779073447993,1390.5599999990122,2509.5986220965483
61029,30.636779073447993,1390.5799999990122,2509.6092644720256
61030,30.636779073447993,1390.5999999990122,2509.6199068710157
61031,30.636779073447993,1390.6199999990122,2509.6305492935303
61032,30.636779073447993,1390.6399999990122,2509.641191739581
61033,30.636779073447993,1390.6599999990121,2509.6518342091786
61034,30.636779073447993,1390.6799999990121,2509.6624767023354
61035,30.636779073447993,1390.699999999012,2509.6731192190628
61036,30.636779073447993,1390.719999999012,2509.6837617593724
61037,30.636779073447993,1390.739999999012,2509.6944043232756
61038,30.636779073447993,1390.759999999012,2509.7050469107844
61039,30.636779073447993,1390.779999999012,2509.71568952191
61040,30.636779073447993,1390.799999999012,2509.726332156664
61041,30.636779073447993,1390.819999999012,2509.7369748150577
61042,30.636779073447993,1390.839999999012,2509.7476174971034
61043,30.636779073447993,1390.859999999012,2509.7582602028124
61044,30.636779073447993,1390.879999999012,2509.768902932196
61045,30.636779073447993,1390.899999999012,2509.779545685266
61046,30.636779073447993,1390.919999999012,2509.790188462034
61047,30.636779073447993,1390.939999999012,2509.8008312626616
61048,30.636779073447993,1390.9599999990119,2509.811474087367
61049,30.636779073447993,1390.9799999990119,2509.822116936168
61050,30.636779073447993,1390.9999999990118,2509.8327598090764
61051,30.636779073447993,1391.0199999990118,2509.8434027061035
61052,30.636779073447993,1391.0399999990118,2509.8540456272613
61053,30.636779073447993,1391.0599999990118,2509.864688572561
61054,30.636779073447993,1391.0799999990118,2509.8753315420145
61055,30.636779073447993,1391.0999999990117,2509.8859745356335
61056,30.636779073447993,1391.1199999990117,2509.896617553429
61057,30.636779073447993,1391.1399999990117,2509.9072605954134
61058,30.636779073447993,1391.1599999990117,2509.917903661598
61059,30.636779073447993,1391.1799999990117,2509.928546751994
61060,30.636779073447993,1391.1999999990117,2509.9391898666136
61061,30.636779073447993,1391.2199999990116,2509.949833005468
61062,30.636779073447993,1391.2399999990116,2509.960476168569
61063,30.636779073447993,1391.2599999990116,2509.9711193559283
61064,30.636779073447993,1391.2799999990116,2509.9817625675573
61065,30.636779073447993,1391.2999999990116,2509.9924058034676
61066,30.636779073447993,1391.3199999990115,2510.003049063823
61067,30.636779073447993,1391.3399999990115,2510.0136923508317
61068,30.636779073447993,1391.3599999990115,2510.0243356653377
61069,30.636779073447993,1391.3799999990115,2510.0349790073524
61070,30.636779073447993,1391.3999999990115,2510.045622376888
61071,30.636779073447993,1391.4199999990115,2510.056265773956
61072,30.636779073447993,1391.4399999990114,2510.066909198569
61073,30.636779073447993,1391.4599999990114,2510.077552650739
61074,30.636779073447993,1391.4799999990114,2510.0881961304776
61075,30.636779073447993,1391.4999999990114,2510.098839637797
61076,30.636779073447993,1391.5199999990114,2510.109483172709
61077,30.636779073447993,1391.5399999990113,2510.1201267352258
61078,30.636779073447993,1391.5599999990113,2510.130770325359
61079,30.636779073447993,1391.5799999990113,2510.1414139431213
61080,30.636779073447993,1391.5999999990113,2510.1520575885243
61081,30.636779073447993,1391.6199999990113,2510.16270126158
61082,30.636779073447993,1391.6399999990113,2510.1733449623002
61083,30.636779073447993,1391.6599999990112,2510.1839886906973
61084,30.636779073447993,1391.6799999990112,2510.194632446783
61085,30.636779073447993,1391.6999999990112,2510.2052762305693
61086,30.636779073447993,1391.7199999990112,2510.2159200420683
61087,30.636779073447993,1391.7399999990112,2510.226563881292
61088,30.636779073447993,1391.7599999990111,2510.2372077482523
61089,30.636779073447993,1391.7799999990111,2510.247851642961
61090,30.636779073447993,1391.799999999011,2510.2584955654306
61091,30.636779073447993,1391.819999999011,2510.2691395156726
61092,30.636779073447993,1391.839999999011,2510.279783493699
61093,30.636779073447993,1391.859999999011,2510.2904274995226
61094,30.636779073447993,1391.879999999011,2510.3010715331543
61095,30.636779073447993,1391.899999999011,2510.3117155946065
61096,30.636779073447993,1391.919999999011,2510.3223596838916
61097,30.636779073447993,1391.939999999011,2510.3330038010213
61098,30.636779073447993,1391.959999999011,2510.343647946179
61099,30.636779073447993,1391.979999999011,2510.3542921195667
61100,30.636779073447993,1391.999999999011,2510.3649363211985
61101,30.636779073447993,1392.019999999011,2510.3755805510864
61102,30.636779073447993,1392.039999999011,2510.386224809243
61103,30.636779073447993,1392.0599999990109,2510.396869095679
61104,30.636779073447993,1392.0799999990109,2510.4075134104073
61105,30.636779073447993,1392.0999999990108,2510.41815775344
61106,30.636779073447993,1392.1199999990108,2510.428802124789
61107,30.636779073447993,1392.1399999990108,2510.439446524466
61108,30.636779073447993,1392.1599999990108,2510.450090952483
61109,30.636779073447993,1392.1799999990108,2510.460735408853
61110,30.636779073447993,1392.1999999990107,2510.471379893587
61111,30.636779073447993,1392.2199999990107,2510.4820244066973
61112,30.636779073447993,1392.2399999990107,2510.492668948196
61113,30.636779073447993,1392.2599999990107,2510.5033135180947
61114,30.636779073447993,1392.2799999990107,2510.5139581164062
61115,30.636779073447993,1392.2999999990107,2510.5246027431417
61116,30.636779073447993,1392.3199999990106,2510.535247398314
61117,30.636779073447993,1392.3399999990106,2510.545892081934
61118,30.636779073447993,1392.3599999990106,2510.5565367940153
61119,30.636779073447993,1392.3799999990106,2510.5671815345686
61120,30.636779073447993,1392.3999999990106,2510.5778263036063
61121,30.636779073447993,1392.4199999990105,2510.588471101141
61122,30.636779073447993,1392.4399999990105,2510.5991159271834
61123,30.636779073447993,1392.4599999990105,2510.609760781747
61124,30.636779073447993,1392.4799999990105,2510.620405664843
61125,30.636779073447993,1392.4999999990105,2510.6310505764836
61126,30.636779073447993,1392.5199999990105,2510.6416955166806
61127,30.636779073447993,1392.5399999990104,2510.652340485446
61128,30.636779073447993,1392.5599999990104,2510.6629854827925
61129,30.636779073447993,1392.5799999990104,2510.6736305087315
61130,30.636779073447993,1392.5999999990104,2510.684275563275
61131,30.636779073447993,1392.6199999990104,2510.6949206464355
61132,30.636779073447993,1392.6399999990103,2510.7055657582246
61133,30.636779073447993,1392.6599999990103,2510.7162108986545
61134,30.636779073447993,1392.6799999990103,2510.726856067737
61135,30.636779073447993,1392.6999999990103,2510.7375012654848
61136,30.636779073447993,1392.7199999990103,2510.748146491909
61137,30.636779073447993,1392.7399999990103,2510.7587917470223
61138,30.636779073447993,1392.7599999990102,2510.7694370308363
61139,30.636779073447993,1392.7799999990102,2510.780082343363
61140,30.636779073447993,1392.7999999990102,2510.790727684615
61141,30.636779073447993,1392.8199999990102,2510.8013730546036
61142,30.636779073447993,1392.8399999990102,2510.8120184533414
61143,30.636779073447993,1392.8599999990101,2510.82266388084
61144,30.636779073447993,1392.8799999990101,2510.8333093371116
61145,30.636779073447993,1392.89999999901,2510.843954822168
61146,30.636779073447993,1392.91999999901,2510.854600336022
61147,30.636779073447993,1392.93999999901,2510.8652458786846
61148,30.636779073447993,1392.95999999901,2510.875891450171
61149,30.636779073447993,1392.97999999901,2510.886537050695
61150,30.636779073447993,1392.99999999901,2510.897182680451
61151,30.636779073447993,1393.01999999901,2510.9078283394497
61152,30.636779073447993,1393.03999999901,2510.918474027704
61153,30.636779073447993,1393.05999999901,2510.9291197452258
61154,30.636779073447993,1393.07999999901,2510.9397654920267
61155,30.636779073447993,1393.09999999901,2510.9504112681193
61156,30.636779073447993,1393.11999999901,2510.9610570735153
61157,30.636779073447993,1393.13999999901,2510.971702908227
61158,30.636779073447993,1393.1599999990099,2510.9823487722665
61159,30.636779073447993,1393.1799999990099,2510.9929946656457
61160,30.636779073447993,1393.1999999990098,2511.0036405883766
61161,30.636779073447993,1393.2199999990098,2511.0142865404714
61162,30.636779073447993,1393.2399999990098,2511.024932521942
61163,30.636779073447993,1393.2599999990098,2511.0355785328
61164,30.636779073447993,1393.2799999990098,2511.0462245730587
61165,30.636779073447993,1393.2999999990097,2511.056870642729
61166,30.636779073447993,1393.3199999990097,2511.067516741823
61167,30.636779073447993,1393.3399999990097,2511.0781628703535
61168,30.636779073447993,1393.3599999990097,2511.088809028332
61169,30.636779073447993,1393.3799999990097,2511.099455215771
61170,30.636779073447993,1393.3999999990097,2511.110101432682
61171,30.636779073447993,1393.4199999990096,2511.1207476790773
61172,30.636779073447993,1393.4399999990096,2511.131393954969
61173,30.636779073447993,1393.4599999990096,2511.1420402603694
61174,30.636779073447993,1393.4799999990096,2511.15268659529
61175,30.636779073447993,1393.4999999990096,2511.1633329597435
61176,30.636779073447993,1393.5199999990095,2511.1739793537413
61177,30.636779073447993,1393.5399999990095,2511.184625777296
61178,30.636779073447993,1393.5599999990095,2511.195272230419
61179,30.636779073447993,1393.5799999990095,2511.205918713123
61180,30.636779073447993,1393.5999999990095,2511.21656522542
61181,30.636779073447993,1393.6199999990095,2511.2272117673215
61182,30.636779073447993,1393.6399999990094,2511.23785833884
61183,30.636779073447993,1393.6599999990094,2511.2485049399875
61184,30.636779073447993,1393.6799999990094,2511.259151570776
61185,30.636779073447993,1393.6999999990094,2511.2697982312175
61186,30.636779073447993,1393.7199999990094,2511.280444921324
61187,30.636779073447993,1393.7399999990093,2511.291091641108
61188,30.59572549002801,1393.7599999990093,2511.3017383905812
61189,30.59572549002801,1393.7799999990093,2511.3123851697555
61190,30.59572549002801,1393.7999999990093,2511.3230319786435
61191,30.59572549002801,1393.8199999990093,2511.333678817257
61192,30.59572549002801,1393.8399999990093,2511.3443256856076
61193,30.59572549002801,1393.8599999990092,2511.354972583708
61194,30.59572549002801,1393.8799999990092,2511.3656195115695
61195,30.59572549002801,1393.8999999990092,2511.376266469205
61196,30.59572549002801,1393.9199999990092,2511.386913456626
61197,30.59572549002801,1393.9399999990092,2511.3975604738453
61198,30.59572549002801,1393.9599999990091,2511.408207520874
61199,30.59572549002801,1393.9799999990091,2511.418854597731
61200,30.59572549002801,1393.999999999009,2511.429501704623
61201,30.59572549002801,1394.019999999009,2511.4401488417016
61202,30.59572549002801,1394.039999999009,2511.450796008979
61203,30.59572549002801,1394.059999999009,2511.4614432064677
61204,30.59572549002801,1394.079999999009,2511.4720904341793
61205,30.59572549002801,1394.099999999009,2511.482737692126
61206,30.59572549002801,1394.119999999009,2511.49338498032
61207,30.59572549002801,1394.139999999009,2511.5040322987734
61208,30.59572549002801,1394.159999999009,2511.5146796474983
61209,30.59572549002801,1394.179999999009,2511.5253270265066
61210,30.59572549002801,1394.199999999009,2511.53597443581
61211,30.59572549002801,1394.219999999009,2511.546621875422
61212,30.59572549002801,1394.239999999009,2511.557269345353
61213,30.59572549002801,1394.2599999990089,2511.567916845616
61214,30.59572549002801,1394.2799999990089,2511.578564376223
61215,30.59572549002801,1394.2999999990088,2511.5892119371856
61216,30.59572549002801,1394.3199999990088,2511.5998595285164
61217,30.59572549002801,1394.3399999990088,2511.6105071502275
61218,30.59572549002801,1394.3599999990088,2511.6211548023307
61219,30.59572549002801,1394.3799999990088,2511.6318024848383
61220,30.59572549002801,1394.3999999990087,2511.6424501977626
61221,30.59572549002801,1394.4199999990087,2511.6530979411154
61222,30.59572549002801,1394.4399999990087,2511.6637457149086
61223,30.59572549002801,1394.4599999990087,2511.6743935191544
61224,30.59572549002801,1394.4799999990087,2511.685041353865
61225,30.59572549002801,1394.4999999990087,2511.695689219053
61226,30.59572549002801,1394.5199999990086,2511.706337114729
61227,30.59572549002801,1394.5399999990086,2511.716985040907
61228,30.59572549002801,1394.5599999990086,2511.7276329975975
61229,30.59572549002801,1394.5799999990086,2511.7382809848136
61230,30.59572549002801,1394.5999999990086,2511.748929002567
61231,30.59572549002801,1394.6199999990085,2511.7595770508697
61232,30.59572549002801,1394.6399999990085,2511.7702251297337
61233,30.59572549002801,1394.6599999990085,2511.7808732391713
61234,30.59572549002801,1394.6799999990085,2511.791521379195
61235,30.59572549002801,1394.6999999990085,2511.802169549816
61236,30.59572549002801,1394.7199999990085,2511.812817751047
61237,30.59572549002801,1394.7399999990084,2511.8234659829
61238,30.59572549002801,1394.7599999990084,2511.834114245387
61239,30.59572549002801,1394.7799999990084,2511.84476253852
61240,30.59572549002801,1394.7999999990084,2511.8554108623116
61241,30.59572549002801,1394.8199999990084,2511.866059216773
61242,30.59572549002801,1394.8399999990083,2511.876707601917
61243,30.59572549002801,1394.8599999990083,2511.887356017756
61244,30.59572549002801,1394.8799999990083,2511.898004464301
61245,30.59572549002801,1394.8999999990083,2511.9086529415645
61246,30.59572549002801,1394.9199999990083,2511.919301449559
61247,30.59572549002801,1394.9399999990083,2511.9299499882964
61248,30.59572549002801,1394.9599999990082,2511.9405985577887
61249,30.59572549002801,1394.9799999990082,2511.951247158048
61250,30.59572549002801,1394.9999999990082,2511.961895789097
61251,30.59572549002801,1395.0199999990082,2511.9725444511723
61252,30.59572549002801,1395.0399999990082,2511.983193144413
61253,30.59572549002801,1395.0599999990081,2511.9938418688303
61254,30.59572549002801,1395.0799999990081,2512.004490624437
61255,30.59572549002801,1395.099999999008,2512.0151394112454
61256,30.59572549002801,1395.119999999008,2512.025788229267
61257,30.59572549002801,1395.139999999008,2512.0364370785146
61258,30.59572549002801,1395.159999999008,2512.0470859589996
61259,30.59572549002801,1395.179999999008,2512.0577348707347
61260,30.59572549002801,1395.199999999008,2512.0683838137315
61261,30.59572549002801,1395.219999999008,2512.0790327880027
61262,30.59572549002801,1395.239999999008,2512.08968179356
61263,30.59572549002801,1395.259999999008,2512.1003308304157
61264,30.59572549002801,1395.279999999008,2512.1109798985817
61265,30.59572549002801,1395.299999999008,2512.1216289980703
61266,30.59572549002801,1395.319999999008,2512.1322781288936
61267,30.59572549002801,1395.339999999008,2512.1429272910636
61268,30.59572549002801,1395.3599999990079,2512.1535764845926
61269,30.59572549002801,1395.3799999990079,2512.1642257094927
61270,30.59572549002801,1395.3999999990078,2512.174874965776
61271,30.59572549002801,1395.4199999990078,2512.1855242534543
61272,30.59572549002801,1395.4399999990078,2512.1961735725404
61273,30.59572549002801,1395.4599999990078,2512.206822923046
61274,30.59572549002801,1395.4799999990078,2512.217472304983
61275,30.59572549002801,1395.4999999990077,2512.228121718364
61276,30.59572549002801,1395.5199999990077,2512.238771163201
61277,30.59572549002801,1395.5399999990077,2512.249420639506
61278,30.59572549002801,1395.5599999990077,2512.2600701472907
61279,30.59572549002801,1395.5799999990077,2512.2707196865676
61280,30.59572549002801,1395.5999999990077,2512.281369257349
61281,30.59572549002801,1395.6199999990076,2512.292018859647
61282,30.59572549002801,1395.6399999990076,2512.302668493474
61283,30.59572549002801,1395.6599999990076,2512.3133181588414
61284,30.59572549002801,1395.6799999990076,2512.3239678557616
61285,30.59572549002801,1395.6999999990076,2512.3346175842466
61286,30.59572549002801,1395.7199999990075,2512.345267344309
61287,30.59572549002801,1395.7399999990075,2512.35591713596
61288,30.59572549002801,1395.7599999990075,2512.366566959213
61289,30.59572549002801,1395.7799999990075,2512.377216814079
61290,30.59572549002801,1395.7999999990075,2512.387866700571
61291,30.59572549002801,1395.8199999990075,2512.398516618701
61292,30.59572549002801,1395.8399999990074,2512.40916656848
61293,30.59572549002801,1395.8599999990074,2512.4198165499215
61294,30.59572549002801,1395.8799999990074,2512.430466563037
61295,30.59572549002801,1395.8999999990074,2512.4411166078385
61296,30.59572549002801,1395.9199999990074,2512.4517666843385
61297,30.59572549002801,1395.9399999990073,2512.462416792549
61298,30.59572549002801,1395.9599999990073,2512.4730669324817
61299,30.59572549002801,1395.9799999990073,2512.4837171041495
61300,30.59572549002801,1395.9999999990073,2512.494367307564
61301,30.59572549002801,1396.0199999990073,2512.5050175427527
61302,30.59572549002801,1396.0399999990073,2512.515667809969
61303,30.59572549002801,1396.0599999990072,2512.52631810933
61304,30.59572549002801,1396.0799999990072,2512.5369684408493
61305,30.59572549002801,1396.0999999990072,2512.547618804538
61306,30.59572549002801,1396.1199999990072,2512.558269200409
61307,30.59572549002801,1396.1399999990072,2512.568919628474
61308,30.59572549002801,1396.1599999990071,2512.5795700887447
61309,30.59572549002801,1396.1799999990071,2512.590220581234
61310,30.59572549002801,1396.199999999007,2512.600871105954
61311,30.59572549002801,1396.219999999007,2512.6115216629164
61312,30.59572549002801,1396.239999999007,2512.6221722521336
61313,30.59572549002801,1396.259999999007,2512.632822873618
61314,30.59572549002801,1396.279999999007,2512.6434735273815
61315,30.59572549002801,1396.299999999007,2512.6541242134363
61316,30.59572549002801,1396.319999999007,2512.6647749317945
61317,30.59572549002801,1396.339999999007,2512.675425682468
61318,30.59572549002801,1396.359999999007,2512.6860764654693
61319,30.59572549002801,1396.379999999007,2512.6967272808106
61320,30.59572549002801,1396.399999999007,2512.707378128504
61321,30.59572549002801,1396.419999999007,2512.718029008561
61322,30.59572549002801,1396.439999999007,2512.7286799209946
61323,30.59572549002801,1396.4599999990069,2512.7393308658166
61324,30.59572549002801,1396.4799999990068,2512.749981843039
61325,30.59572549002801,1396.4999999990068,2512.7606328526745
61326,30.59572549002801,1396.5199999990068,2512.7712838947346
61327,30.59572549002801,1396.5399999990068,2512.7819349692318
61328,30.59572549002801,1396.5599999990068,2512.7925860761784
61329,30.59572549002801,1396.5799999990068,2512.8032372155863
61330,30.59572549002801,1396.5999999990067,2512.8138883874676
61331,30.59572549002801,1396.6199999990067,2512.8245395918348
61332,30.59572549002801,1396.6399999990067,2512.8351908286995
61333,30.59572549002801,1396.6599999990067,2512.845842098074
61334,30.59572549002801,1396.6799999990067,2512.856493399971
61335,30.59572549002801,1396.6999999990066,2512.8671447344022
61336,30.59572549002801,1396.7199999990066,2512.8777961013798
61337,30.59572549002801,1396.7399999990066,2512.888447500916
61338,30.59572549002801,1396.7599999990066,2512.8990989330227
61339,30.59572549002801,1396.7799999990066,2512.9097503977123
61340,30.59572549002801,1396.7999999990066,2512.920401894997
61341,30.59572549002801,1396.8199999990065,2512.9310534248893
61342,30.59572549002801,1396.8399999990065,2512.9417049874005
61343,30.59572549002801,1396.8599999990065,2512.9523565825434
61344,30.59572549002801,1396.8799999990065,2512.96300821033
61345,30.59572549002801,1396.8999999990065,2512.9736598707723
61346,30.59572549002801,1396.9199999990064,2512.9843115638823
61347,30.59572549002801,1396.9399999990064,2512.994963289673
61348,30.59572549002801,1396.9599999990064,2513.0056150481555
61349,30.59572549002801,1396.9799999990064,2513.0162668393427
61350,30.59572549002801,1396.9999999990064,2513.0269186632463
61351,30.59572549002801,1397.0199999990064,2513.0375705198785
61352,30.59572549002801,1397.0399999990063,2513.048222409271
61353,30.59572549002801,1397.0599999990063,2513.058874331695
61354,30.59572549002801,1397.0799999990063,2513.069526287247
61355,30.59572549002801,1397.0999999990063,2513.080178275939
61356,30.59572549002801,1397.1199999990063,2513.0908302977837
61357,30.59572549002801,1397.1399999990062,2513.1014823527926
61358,30.59572549002801,1397.1599999990062,2513.1121344409785
61359,30.59572549002801,1397.1799999990062,2513.122786562353
61360,30.59572549002801,1397.1999999990062,2513.133438716929
61361,30.59572549002801,1397.2199999990062,2513.144090904718
61362,30.59572549002801,1397.2399999990062,2513.1547431257322
61363,30.59572549002801,1397.2599999990061,2513.165395379984
61364,30.59572549002801,1397.2799999990061,2513.176047667486
61365,30.59572549002801,1397.299999999006,2513.1866999882495
61366,30.59572549002801,1397.319999999006,2513.1973523422876
61367,30.59572549002801,1397.339999999006,2513.2080047296117
61368,30.59572549002801,1397.359999999006,2513.2186571502343
61369,30.59572549002801,1397.379999999006,2513.2293096041676
61370,30.59572549002801,1397.399999999006,2513.239962091424
61371,30.59572549002801,1397.419999999006,2513.2506146120154
61372,30.59572549002801,1397.439999999006,2513.261267165954
61373,30.59572549002801,1397.459999999006,2513.271919753252
61374,30.59572549002801,1397.479999999006,2513.2825723739215
61375,30.59572549002801,1397.499999999006,2513.293225027975
61376,30.59572549002801,1397.519999999006,2513.3038777154243
61377,30.59572549002801,1397.5399999990059,2513.314530436282
61378,30.59572549002801,1397.5599999990059,2513.32518319056
61379,30.59572549002801,1397.5799999990058,2513.3358359782706
61380,30.59572549002801,1397.5999999990058,2513.3464887994255
61381,30.59572549002801,1397.6199999990058,2513.3571416540376
61382,30.59572549002801,1397.6399999990058,2513.3677945421186
61383,30.59572549002801,1397.6599999990058,2513.378447463681
61384,30.59572549002801,1397.6799999990058,2513.3891004187367
61385,30.59572549002801,1397.6999999990057,2513.3997534072982
61386,30.59572549002801,1397.7199999990057,2513.4104064293774
61387,30.59572549002801,1397.7399999990057,2513.4210594849865
61388,30.59572549002801,1397.7599999990057,2513.4317125741377
61389,30.59572549002801,1397.7799999990057,2513.4423656968434
61390,30.59572549002801,1397.7999999990056,2513.4530188531157
61391,30.59572549002801,1397.8199999990056,2513.4636720429667
61392,30.59572549002801,1397.8399999990056,2513.4743252664084
61393,30.59572549002801,1397.8599999990056,2513.4849785234533
61394,30.59572549002801,1397.8799999990056,2513.4956318141135
61395,30.59572549002801,1397.8999999990056,2513.5062851384014
61396,30.59572549002801,1397.9199999990055,2513.5169384963287
61397,30.59572549002801,1397.9399999990055,2513.527591887908
61398,30.59572549002801,1397.9599999990055,2513.538245313151
61399,30.59572549002801,1397.9799999990055,2513.5488987720705
61400,30.59572549002801,1397.9999999990055,2513.5595522646786
61401,30.59572549002801,1398.0199999990054,2513.570205790987
61402,30.59572549002801,1398.0399999990054,2513.5808593510083
61403,30.59572549002801,1398.0599999990054,2513.591512944778
61404,30.59572549002801,1398.0799999990054,2513.6021665725852
61405,30.59572549002801,1398.0999999990054,2513.612820234505
61406,30.59572549002801,1398.1199999990054,2513.6234739305496
61407,30.59572549002801,1398.1399999990053,2513.6341276607313
61408,30.59572549002801,1398.1599999990053,2513.6447814250623
61409,30.59572549002801,1398.1799999990053,2513.655435223555
61410,30.59572549002801,1398.1999999990053,2513.6660890562207
61411,30.59572549002801,1398.2199999990053,2513.6767429230727
61412,30.59572549002801,1398.2399999990052,2513.6873968241225
61413,30.59572549002801,1398.2599999990052,2513.698050759383
61414,30.59572549002801,1398.2799999990052,2513.708704728866
61415,30.59572549002801,1398.2999999990052,2513.7193587325837
61416,30.59572549002801,1398.3199999990052,2513.7300127705485
61417,30.59572549002801,1398.3399999990052,2513.740666842772
61418,30.59572549002801,1398.3599999990051,2513.751320949267
61419,30.59572549002801,1398.3799999990051,2513.761975090046
61420,30.59572549002801,1398.399999999005,2513.77262926512
61421,30.59572549002801,1398.419999999005,2513.7832834745027
61422,30.59572549002801,1398.439999999005,2513.7939377182056
61423,30.59572549002801,1398.459999999005,2513.8045919962406
61424,30.59572549002801,1398.479999999005,2513.8152463086203
61425,30.59572549002801,1398.499999999005,2513.825900655357
61426,30.59572549002801,1398.519999999005,2513.836555036463
61427,30.59572549002801,1398.539999999005,2513.8472094519498
61428,30.59572549002801,1398.559999999005,2513.85786390183
61429,30.59572549002801,1398.579999999005,2513.868518386116
61430,30.59572549002801,1398.599999999005,2513.8791729048203
61431,30.59572549002801,1398.619999999005,2513.8898274579547
61432,30.59572549002801,1398.6399999990049,2513.900482045531
61433,30.59572549002801,1398.6599999990049,2513.9111366675625
61434,30.59572549002801,1398.6799999990048,2513.9217913240605
61435,30.59572549002801,1398.6999999990048,2513.9324460150374
61436,30.59572549002801,1398.7199999990048,2513.9431007405055
61437,30.59572549002801,1398.7399999990048,2513.953755500477
61438,30.59572549002801,1398.7599999990048,2513.9644102949646
61439,30.59572549002801,1398.7799999990048,2513.9750651239797
61440,30.59572549002801,1398.7999999990047,2513.985719987535
61441,30.59572549002801,1398.8199999990047,2513.9963748856426
61442,30.59572549002801,1398.8399999990047,2514.0070298183145
61443,30.59572549002801,1398.8599999990047,2514.0176847855632
61444,30.59572549002801,1398.8799999990047,2514.028339787401
61445,30.59572549002801,1398.8999999990046,2514.03899482384
61446,30.59572549002801,1398.9199999990046,2514.049649894892
61447,30.59572549002801,1398.9399999990046,2514.0603050005698
61448,30.59572549002801,1398.9599999990046,2514.0709601408853
61449,30.59572549002801,1398.9799999990046,2514.0816153158507
61450,30.59572549002801,1398.9999999990046,2514.0922705254784
61451,30.59572549002801,1399.0199999990045,2514.1029257697805
61452,30.59572549002801,1399.0399999990045,2514.1135810487694
61453,30.59572549002801,1399.0599999990045,2514.1242363624574
61454,30.59572549002801,1399.0799999990045,2514.134891710886
61455,30.59572549002801,1399.0999999990045,2514.1455470943797
61456,30.59572549002801,1399.1199999990044,2514.1562025129947
61457,30.59572549002801,1399.1399999990044,2514.1668579667435
61458,30.59572549002801,1399.1599999990044,2514.1775134556383
61459,30.59572549002801,1399.1799999990044,2514.188168979691
61460,30.59572549002801,1399.1999999990044,2514.1988245389143
61461,30.59572549002801,1399.2199999990044,2514.2094801333205
61462,30.59572549002801,1399.2399999990043,2514.2201357629215
61463,30.59572549002801,1399.2599999990043,2514.2307914277294
61464,30.59572549002801,1399.2799999990043,2514.241447127757
61465,30.59572549002801,1399.2999999990043,2514.2521028630163
61466,30.59572549002801,1399.3199999990043,2514.2627586335193
61467,30.59572549002801,1399.3399999990042,2514.2734144392784
61468,30.59572549002801,1399.3599999990042,2514.284070280306
61469,30.59572549002801,1399.3799999990042,2514.294726156614
61470,30.59572549002801,1399.3999999990042,2514.3053820682153
61471,30.59572549002801,1399.4199999990042,2514.3160380151216
61472,30.59572549002801,1399.4399999990042,2514.326693997345
61473,30.59572549002801,1399.4599999990041,2514.337350014898
61474,30.59572549002801,1399.4799999990041,2514.348006067793
61475,30.59572549002801,1399.499999999004,2514.358662156042
61476,30.59572549002801,1399.519999999004,2514.3693182796574
61477,30.59572549002801,1399.539999999004,2514.379974438651
61478,30.59572549002801,1399.559999999004,2514.390630633036
61479,30.59572549002801,1399.579999999004,2514.401286862824
61480,30.59572549002801,1399.599999999004,2514.411943128027
61481,30.59572549002801,1399.619999999004,2514.4225994286576
61482,30.59572549002801,1399.639999999004,2514.433255764728
61483,30.59572549002801,1399.659999999004,2514.44391213625
61484,30.59572549002801,1399.679999999004,2514.4545685432367
61485,30.59572549002801,1399.699999999004,2514.4652249857
61486,30.59572549002801,1399.719999999004,2514.4758814636516
61487,30.59572549002801,1399.7399999990039,2514.4865379771045
61488,30.59572549002801,1399.7599999990039,2514.497194526071
61489,30.59572549002801,1399.7799999990038,2514.5078511105626
61490,30.59572549002801,1399.7999999990038,2514.518507730592
61491,30.59572549002801,1399.8199999990038,2514.529164386171
61492,30.59572549002801,1399.8399999990038,2514.539821077313
61493,30.59572549002801,1399.8599999990038,2514.550477804029
61494,30.59572549002801,1399.8799999990038,2514.561134566332
61495,30.55476351177554,1399.8999999990037,2514.571791364234
61496,30.55476351177554,1399.9199999990037,2514.582448197747
61497,30.55476351177554,1399.9399999990037,2514.5931050668837
61498,30.55476351177554,1399.9599999990037,2514.603761971656
61499,30.55476351177554,1399.9799999990037,2514.614418912076
61500,30.55476351177554,1399.9999999990036,2514.6250758881565
61501,30.55476351177554,1400.0199999990036,2514.6357328999093
61502,30.55476351177554,1400.0399999990036,2514.646389947347
61503,30.55476351177554,1400.0599999990036,2514.6570470304814
61504,30.55476351177554,1400.0799999990036,2514.6677041493253
61505,30.55476351177554,1400.0999999990036,2514.6783613039283
61506,30.55476351177554,1400.1199999990035,2514.689018494578
61507,30.55476351177554,1400.1399999990035,2514.6996757213124
61508,30.55476351177554,1400.1599999990035,2514.7103329841443
61509,30.55476351177554,1400.1799999990035,2514.720990283086
61510,30.55476351177554,1400.1999999990035,2514.7316476181495
61511,30.55476351177554,1400.2199999990034,2514.7423049893473
61512,30.55476351177554,1400.2399999990034,2514.752962396691
61513,30.55476351177554,1400.2599999990034,2514.7636198401938
61514,30.55476351177554,1400.2799999990034,2514.7742773198675
61515,30.55476351177554,1400.2999999990034,2514.7849348357245
61516,30.55476351177554,1400.3199999990034,2514.795592387777
61517,30.55476351177554,1400.3399999990033,2514.8062499760376
61518,30.55476351177554,1400.3599999990033,2514.8169076005183
61519,30.55476351177554,1400.3799999990033,2514.827565261231
61520,30.55476351177554,1400.3999999990033,2514.8382229581885
61521,30.55476351177554,1400.4199999990033,2514.848880691403
61522,30.55476351177554,1400.4399999990032,2514.859538460886
61523,30.55476351177554,1400.4599999990032,2514.870196266651
61524,30.55476351177554,1400.4799999990032,2514.8808541087096
61525,30.55476351177554,1400.4999999990032,2514.891511987074
61526,30.55476351177554,1400.5199999990032,2514.9021699017567
61527,30.55476351177554,1400.5399999990032,2514.91282785277
61528,30.55476351177554,1400.5599999990031,2514.923485840126
61529,30.55476351177554,1400.5799999990031,2514.934143863837
61530,30.55476351177554,1400.599999999003,2514.9448019239153
61531,30.55476351177554,1400.619999999003,2514.9554600203733
61532,30.55476351177554,1400.639999999003,2514.966118153223
61533,30.55476351177554,1400.659999999003,2514.976776322477
61534,30.55476351177554,1400.679999999003,2514.987434528147
61535,30.55476351177554,1400.699999999003,2514.998092770246
61536,30.55476351177554,1400.719999999003,2515.0087510487856
61537,30.55476351177554,1400.739999999003,2515.019409363779
61538,30.55476351177554,1400.759999999003,2515.0300677152372
61539,30.55476351177554,1400.779999999003,2515.0407261031733
61540,30.55476351177554,1400.799999999003,2515.0513845275996
61541,30.55476351177554,1400.819999999003,2515.062042988528
61542,30.55476351177554,1400.8399999990029,2515.0727014859713
61543,30.55476351177554,1400.8599999990029,2515.083360019941
61544,30.55476351177554,1400.8799999990028,2515.09401859045
61545,30.55476351177554,1400.8999999990028,2515.1046771975107
61546,30.55476351177554,1400.9199999990028,2515.1153358411348
61547,30.55476351177554,1400.9399999990028,2515.1259945213346
61548,30.55476351177554,1400.9599999990028,2515.136653238123
61549,30.55476351177554,1400.9799999990028,2515.1473119915117
61550,30.55476351177554,1400.9999999990027,2515.157970781513
61551,30.55476351177554,1401.0199999990027,2515.16862960814
61552,30.55476351177554,1401.0399999990027,2515.1792884714037
61553,30.55476351177554,1401.0599999990027,2515.189947371317
61554,30.55476351177554,1401.0799999990027,2515.200606307892
61555,30.55476351177554,1401.0999999990026,2515.2112652811416
61556,30.55476351177554,1401.1199999990026,2515.2219242911387
61557,30.55476351177554,1401.1399999990026,2515.2325833381715
61558,30.55476351177554,1401.1599999990026,2515.2432424222766
61559,30.55476351177554,1401.1799999990026,2515.253901543466
61560,30.55476351177554,1401.1999999990026,2515.264560701752
61561,30.55476351177554,1401.2199999990025,2515.275219897147
61562,30.55476351177554,1401.2399999990025,2515.2858791296635
61563,30.55476351177554,1401.2599999990025,2515.2965383993137
61564,30.55476351177554,1401.2799999990025,2515.3071977061095
61565,30.55476351177554,1401.2999999990025,2515.3178570500636
61566,30.55476351177554,1401.3199999990024,2515.3285164311883
61567,30.55476351177554,1401.3399999990024,2515.339175849496
61568,30.55476351177554,1401.3599999990024,2515.3498353049986
61569,30.55476351177554,1401.3799999990024,2515.3604947977083
61570,30.55476351177554,1401.3999999990024,2515.3711543276377
61571,30.55476351177554,1401.4199999990024,2515.381813894799
61572,30.55476351177554,1401.4399999990023,2515.3924734992047
61573,30.55476351177554,1401.4599999990023,2515.4031331408673
61574,30.55476351177554,1401.4799999990023,2515.413792819799
61575,30.55476351177554,1401.4999999990023,2515.4244525360114
61576,30.55476351177554,1401.5199999990023,2515.4351122895173
61577,30.55476351177554,1401.5399999990022,2515.445772080329
61578,30.55476351177554,1401.5599999990022,2515.456431908459
61579,30.55476351177554,1401.5799999990022,2515.467091773919
61580,30.55476351177554,1401.5999999990022,2515.477751676722
61581,30.55476351177554,1401.6199999990022,2515.48841161688
61582,30.55476351177554,1401.6399999990022,2515.4990715944055
61583,30.55476351177554,1401.6599999990021,2515.50973160931
61584,30.55476351177554,1401.6799999990021,2515.520391661607
61585,30.55476351177554,1401.699999999002,2515.531051751308
61586,30.55476351177554,1401.719999999002,2515.5417118784253
61587,30.55476351177554,1401.739999999002,2515.5523720429715
61588,30.55476351177554,1401.759999999002,2515.563032244959
61589,30.55476351177554,1401.779999999002,2515.5736924843995
61590,30.55476351177554,1401.799999999002,2515.584352761306
61591,30.55476351177554,1401.819999999002,2515.5950130756905
61592,30.55476351177554,1401.839999999002,2515.6056734275653
61593,30.55476351177554,1401.859999999002,2515.6163338169426
61594,30.55476351177554,1401.879999999002,2515.626994243835
61595,30.55476351177554,1401.899999999002,2515.6376547082546
61596,30.55476351177554,1401.919999999002,2515.6483152102137
61597,30.55476351177554,1401.9399999990019,2515.6589757497245
61598,30.55476351177554,1401.9599999990019,2515.6696363267997
61599,30.55476351177554,1401.9799999990018,2515.680296941451
61600,30.55476351177554,1401.9999999990018,2515.6909575936916
61601,30.55476351177554,1402.0199999990018,2515.7016182835328
61602,30.55476351177554,1402.0399999990018,2515.7122790109875
61603,30.55476351177554,1402.0599999990018,2515.722939776068
61604,30.55476351177554,1402.0799999990018,2515.7336005787865
61605,30.55476351177554,1402.0999999990017,2515.7442614191555
61606,30.55476351177554,1402.1199999990017,2515.754922297187
61607,30.55476351177554,1402.1399999990017,2515.765583212976
61608,30.55476351177554,1402.1599999990017,2515.7762441667937
61609,30.55476351177554,1402.1799999990017,2515.786905158673
61610,30.55476351177554,1402.1999999990016,2515.797566188626
61611,30.55476351177554,1402.2199999990016,2515.8082272566653
61612,30.55476351177554,1402.2399999990016,2515.8188883628027
61613,30.55476351177554,1402.2599999990016,2515.8295495070506
61614,30.55476351177554,1402.2799999990016,2515.8402106894214
61615,30.55476351177554,1402.2999999990016,2515.8508719099273
61616,30.55476351177554,1402.3199999990015,2515.8615331685805
61617,30.55476351177554,1402.3399999990015,2515.872194465394
61618,30.55476351177554,1402.3599999990015,2515.8828558003793
61619,30.55476351177554,1402.3799999990015,2515.8935171735493
61620,30.55476351177554,1402.3999999990015,2515.9041785849163
61621,30.55476351177554,1402.4199999990014,2515.9148400344925
61622,30.55476351177554,1402.4399999990014,2515.9255015222902
61623,30.55476351177554,1402.4599999990014,2515.9361630483218
61624,30.55476351177554,1402.4799999990014,2515.9468246126
61625,30.55476351177554,1402.4999999990014,2515.957486215136
61626,30.55476351177554,1402.5199999990014,2515.9681478559437
61627,30.55476351177554,1402.5399999990013,2515.978809535034
61628,30.55476351177554,1402.5599999990013,2515.98947125242
61629,30.55476351177554,1402.5799999990013,2516.000133008114
61630,30.55476351177554,1402.5999999990013,2516.010794802128
61631,30.55476351177554,1402.6199999990013,2516.021456634475
61632,30.55476351177554,1402.6399999990012,2516.032118505166
61633,30.55476351177554,1402.6599999990012,2516.042780414215
61634,30.55476351177554,1402.6799999990012,2516.053442361633
61635,30.55476351177554,1402.6999999990012,2516.0641043474334
61636,30.55476351177554,1402.7199999990012,2516.074766371628
61637,30.55476351177554,1402.7399999990012,2516.0854284342286
61638,30.55476351177554,1402.7599999990011,2516.096090535248
61639,30.55476351177554,1402.7799999990011,2516.1067526746992
61640,30.55476351177554,1402.799999999001,2516.117414852594
61641,30.55476351177554,1402.819999999001,2516.128077068944
61642,30.55476351177554,1402.839999999001,2516.138739323763
61643,30.55476351177554,1402.859999999001,2516.149401617062
61644,30.55476351177554,1402.879999999001,2516.160063948854
61645,30.55476351177554,1402.899999999001,2516.170726319151
61646,30.55476351177554,1402.919999999001,2516.181388727966
61647,30.55476351177554,1402.939999999001,2516.1920511753106
61648,30.55476351177554,1402.959999999001,2516.2027136611973
61649,30.55476351177554,1402.979999999001,2516.213376185639
61650,30.55476351177554,1402.999999999001,2516.224038748647
61651,30.55476351177554,1403.019999999001,2516.234701350235
61652,30.55476351177554,1403.0399999990009,2516.2453639904143
61653,30.55476351177554,1403.0599999990009,2516.2560266691976
61654,30.55476351177554,1403.0799999990008,2516.266689386597
61655,30.55476351177554,1403.0999999990008,2516.277352142625
61656,30.55476351177554,1403.1199999990008,2516.288014937294
61657,30.55476351177554,1403.1399999990008,2516.2986777706165
61658,30.55476351177554,1403.1599999990008,2516.3093406427083
61659,30.55476351177554,1403.1799999990008,2516.3200035538252
61660,30.55476351177554,1403.1999999990007,2516.330666503995
61661,30.55476351177554,1403.2199999990007,2516.3413294932298
61662,30.55476351177554,1403.2399999990007,2516.351992521542
61663,30.55476351177554,1403.2599999990007,2516.3626555889437
61664,30.55476351177554,1403.2799999990007,2516.3733186954473
61665,30.55476351177554,1403.2999999990006,2516.3839818410656
61666,30.55476351177554,1403.3199999990006,2516.394645025811
61667,30.55476351177554,1403.3399999990006,2516.4053082496953
61668,30.55476351177554,1403.3599999990006,2516.415971512731
61669,30.55476351177554,1403.3799999990006,2516.426634814931
61670,30.55476351177554,1403.3999999990006,2516.437298156307
61671,30.55476351177554,1403.4199999990005,2516.4479615368714
61672,30.55476351177554,1403.4399999990005,2516.458624956637
61673,30.55476351177554,1403.4599999990005,2516.4692884156157
61674,30.55476351177554,1403.4799999990005,2516.4799519138205
61675,30.55476351177554,1403.4999999990005,2516.4906154512632
61676,30.55476351177554,1403.5199999990004,2516.5012790279566
61677,30.55476351177554,1403.5399999990004,2516.511942643913
61678,30.55476351177554,1403.5599999990004,2516.522606299144
61679,30.55476351177554,1403.5799999990004,2516.533269993663
61680,30.55476351177554,1403.5999999990004,2516.5439337274815
61681,30.55476351177554,1403.6199999990004,2516.5545975006125
61682,30.55476351177554,1403.6399999990003,2516.5652613130683
61683,30.55476351177554,1403.6599999990003,2516.575925164861
61684,30.55476351177554,1403.6799999990003,2516.586589056003
61685,30.55476351177554,1403.6999999990003,2516.5972529865066
61686,30.55476351177554,1403.7199999990003,2516.6079169563845
61687,30.55476351177554,1403.7399999990002,2516.618580965649
61688,30.55476351177554,1403.7599999990002,2516.6292450143123
61689,30.55476351177554,1403.7799999990002,2516.639909102387
61690,30.55476351177554,1403.7999999990002,2516.6505732298847
61691,30.55476351177554,1403.8199999990002,2516.6612373968187
61692,30.55476351177554,1403.8399999990002,2516.6719016032007
61693,30.55476351177554,1403.8599999990001,2516.6825658490434
61694,30.55476351177554,1403.8799999990001,2516.693230134359
61695,30.55476351177554,1403.899999999,2516.7038944591604
61696,30.55476351177554,1403.919999999,2516.7145588234594
61697,30.55476351177554,1403.939999999,2516.7252232272685
61698,30.55476351177554,1403.959999999,2516.7358876706003
61699,30.55476351177554,1403.979999999,2516.746552153467
61700,30.55476351177554,1403.999999999,2516.757216675881
61701,30.55476351177554,1404.019999999,2516.7678812378545
61702,30.55476351177554,1404.039999999,2516.7785458394
61703,30.55476351177554,1404.059999999,2516.78921048053
61704,30.55476351177554,1404.079999999,2516.7998751612568
61705,30.55476351177554,1404.099999999,2516.8105398815924
61706,30.55476351177554,1404.119999999,2516.8212046415497
61707,30.55476351177554,1404.1399999989999,2516.831869441141
61708,30.55476351177554,1404.1599999989999,2516.8425342803785
61709,30.55476351177554,1404.1799999989998,2516.8531991594
61710,30.55476351177554,1404.1999999989998,2516.8638640784443
61711,30.55476351177554,1404.2199999989998,2516.874529037535
61712,30.55476351177554,1404.2399999989998,2516.8851940366844
61713,30.55476351177554,1404.2599999989998,2516.895859075905
61714,30.55476351177554,1404.2799999989998,2516.906524155209
61715,30.55476351177554,1404.2999999989997,2516.917189274609
61716,30.55476351177554,1404.3199999989997,2516.9278544341173
61717,30.55476351177554,1404.3399999989997,2516.938519633746
61718,30.55476351177554,1404.3599999989997,2516.9491848735083
61719,30.55476351177554,1404.3799999989997,2516.959850153416
61720,30.55476351177554,1404.3999999989996,2516.9705154734816
61721,30.55476351177554,1404.4199999989996,2516.981180833717
61722,30.55476351177554,1404.4399999989996,2516.9918462341357
61723,30.55476351177554,1404.4599999989996,2517.0025116747493
61724,30.55476351177554,1404.4799999989996,2517.0131771555702
61725,30.55476351177554,1404.4999999989996,2517.023842676611
61726,30.55476351177554,1404.5199999989995,2517.034508237884
61727,30.55476351177554,1404.5399999989995,2517.0451738394017
61728,30.55476351177554,1404.5599999989995,2517.0558394811765
61729,30.55476351177554,1404.5799999989995,2517.066505163221
61730,30.55476351177554,1404.5999999989995,2517.077170885547
61731,30.55476351177554,1404.6199999989994,2517.087836648167
61732,30.55476351177554,1404.6399999989994,2517.098502451094
61733,30.55476351177554,1404.6599999989994,2517.10916829434
61734,30.55476351177554,1404.6799999989994,2517.1198341779177
61735,30.55476351177554,1404.6999999989994,2517.130500101839
61736,30.55476351177554,1404.7199999989994,2517.1411660661165
61737,30.55476351177554,1404.7399999989993,2517.151832070763
61738,30.55476351177554,1404.7599999989993,2517.16249811579
61739,30.55476351177554,1404.7799999989993,2517.173164201211
61740,30.55476351177554,1404.7999999989993,2517.1838303270374
61741,30.55476351177554,1404.8199999989993,2517.1944964932823
61742,30.55476351177554,1404.8399999989992,2517.205162699958
61743,30.55476351177554,1404.8599999989992,2517.2158289470763
61744,30.55476351177554,1404.8799999989992,2517.2264952346504
61745,30.55476351177554,1404.8999999989992,2517.237161562692
61746,30.55476351177554,1404.9199999989992,2517.247827931214
61747,30.55476351177554,1404.9399999989992,2517.258494340229
61748,30.55476351177554,1404.9599999989991,2517.2691607897486
61749,30.55476351177554,1404.9799999989991,2517.279827279786
61750,30.55476351177554,1404.999999998999,2517.290493810353
61751,30.55476351177554,1405.019999998999,2517.3011603814625
61752,30.55476351177554,1405.039999998999,2517.3118269931265
61753,30.55476351177554,1405.059999998999,2517.3224936453576
61754,30.55476351177554,1405.079999998999,2517.333160338168
61755,30.55476351177554,1405.099999998999,2517.3438270715706
61756,30.55476351177554,1405.119999998999,2517.3544938455775
61757,30.55476351177554,1405.139999998999,2517.365160660201
61758,30.55476351177554,1405.159999998999,2517.3758275154537
61759,30.55476351177554,1405.179999998999,2517.386494411348
61760,30.55476351177554,1405.199999998999,2517.397161348051
61761,30.55476351177554,1405.219999998999,2517.407828325797
61762,30.55476351177554,1405.2399999989989,2517.4184953446043
61763,30.55476351177554,1405.2599999989989,2517.4291624044863
61764,30.55476351177554,1405.2799999989988,2517.4398295054552
61765,30.55476351177554,1405.2999999989988,2517.4504966475233
61766,30.55476351177554,1405.3199999989988,2517.461163830703
61767,30.55476351177554,1405.3399999989988,2517.4718310550065
61768,30.55476351177554,1405.3599999989988,2517.4824983204467
61769,30.55476351177554,1405.3799999989988,2517.493165627036
61770,30.55476351177554,1405.3999999989987,2517.5038329747867
61771,30.55476351177554,1405.4199999989987,2517.5145003637112
61772,30.55476351177554,1405.4399999989987,2517.5251677938218
61773,30.55476351177554,1405.4599999989987,2517.535835265131
61774,30.55476351177554,1405.4799999989987,2517.5465027776513
61775,30.55476351177554,1405.4999999989986,2517.557170331395
61776,30.55476351177554,1405.5199999989986,2517.5678379263745
61777,30.55476351177554,1405.5399999989986,2517.5785055626025
61778,30.55476351177554,1405.5599999989986,2517.5891732400914
61779,30.55476351177554,1405.5799999989986,2517.5998409588533
61780,30.55476351177554,1405.5999999989986,2517.6105087189007
61781,30.55476351177554,1405.6199999989985,2517.6211765202465
61782,30.55476351177554,1405.6399999989985,2517.6318443629025
61783,30.55476351177554,1405.6599999989985,2517.6425122468813
61784,30.55476351177554,1405.6799999989985,2517.653180172196
61785,30.55476351177554,1405.6999999989985,2517.6638481388577
61786,30.55476351177554,1405.7199999989984,2517.67451614688
61787,30.55476351177554,1405.7399999989984,2517.6851841962743
61788,30.55476351177554,1405.7599999989984,2517.695852287054
61789,30.55476351177554,1405.7799999989984,2517.7065204192313
61790,30.55476351177554,1405.7999999989984,2517.7171885928183
61791,30.55476351177554,1405.8199999989984,2517.7278568078277
61792,30.55476351177554,1405.8399999989983,2517.738525064272
61793,30.55476351177554,1405.8599999989983,2517.749193362163
61794,30.55476351177554,1405.8799999989983,2517.759861701514
61795,30.55476351177554,1405.8999999989983,2517.7705300823372
61796,30.55476351177554,1405.9199999989983,2517.7811985046446
61797,30.55476351177554,1405.9399999989982,2517.7918669684486
61798,30.55476351177554,1405.9599999989982,2517.802535473762
61799,30.55476351177554,1405.9799999989982,2517.8132040205974
61800,30.55476351177554,1405.9999999989982,2517.8238726089667
61801,30.55476351177554,1406.0199999989982,2517.8345412388826
61802,30.55476351177554,1406.0399999989982,2517.8452099103574
61803,30.51389285278052,1406.0599999989981,2517.855878623404
61804,30.51389285278052,1406.0799999989981,2517.8665473780343
61805,30.51389285278052,1406.099999998998,2517.877216174261
61806,30.51389285278052,1406.119999998998,2517.8878850120964
61807,30.51389285278052,1406.139999998998,2517.898553891553
61808,30.51389285278052,1406.159999998998,2517.9092228126433
61809,30.51389285278052,1406.179999998998,2517.9198917753797
61810,30.51389285278052,1406.199999998998,2517.930560779774
61811,30.51389285278052,1406.219999998998,2517.9412298260004
61812,30.51389285278052,1406.239999998998,2517.9518989142534
61813,30.51389285278052,1406.259999998998,2517.9625680445483
61814,30.51389285278052,1406.279999998998,2517.973237216898
61815,30.51389285278052,1406.299999998998,2517.983906431314
61816,30.51389285278052,1406.319999998998,2517.9945756878096
61817,30.51389285278052,1406.3399999989979,2518.005244986397
61818,30.51389285278052,1406.3599999989979,2518.0159143270885
61819,30.51389285278052,1406.3799999989978,2518.0265837098964
61820,30.51389285278052,1406.3999999989978,2518.0372531348335
61821,30.51389285278052,1406.4199999989978,2518.0479226019124
61822,30.51389285278052,1406.4399999989978,2518.0585921111456
61823,30.51389285278052,1406.4599999989978,2518.069261662545
61824,30.51389285278052,1406.4799999989978,2518.079931256124
61825,30.51389285278052,1406.4999999989977,2518.090600891894
61826,30.51389285278052,1406.5199999989977,2518.1012705698686
61827,30.51389285278052,1406.5399999989977,2518.1119402900595
61828,30.51389285278052,1406.5599999989977,2518.122610052479
61829,30.51389285278052,1406.5799999989977,2518.13327985714
61830,30.51389285278052,1406.5999999989976,2518.143949704055
61831,30.51389285278052,1406.6199999989976,2518.1546195932365
61832,30.51389285278052,1406.6399999989976,2518.1652895246966
61833,30.51389285278052,1406.6599999989976,2518.1759594984483
61834,30.51389285278052,1406.6799999989976,2518.1866295145037
61835,30.51389285278052,1406.6999999989976,2518.1972995728756
61836,30.51389285278052,1406.7199999989975,2518.2079696735764
61837,30.51389285278052,1406.7399999989975,2518.218639816618
61838,30.51389285278052,1406.7599999989975,2518.229310002014
61839,30.51389285278052,1406.7799999989975,2518.2399802297755
61840,30.51389285278052,1406.7999999989975,2518.250650499916
61841,30.51389285278052,1406.8199999989974,2518.2613208124476
61842,30.51389285278052,1406.8399999989974,2518.271991167383
61843,30.51389285278052,1406.8599999989974,2518.2826615647346
61844,30.51389285278052,1406.8799999989974,2518.2933320045145
61845,30.51389285278052,1406.8999999989974,2518.3040024867355
61846,30.51389285278052,1406.9199999989974,2518.3146730114104
61847,30.51389285278052,1406.9399999989973,2518.325343578551
61848,30.51389285278052,1406.9599999989973,2518.3360141881703
61849,30.51389285278052,1406.9799999989973,2518.3466848402804
61850,30.51389285278052,1406.9999999989973,2518.3573555348944
61851,30.51389285278052,1407.0199999989973,2518.368026272024
61852,30.51389285278052,1407.0399999989972,2518.378697051682
61853,30.51389285278052,1407.0599999989972,2518.3893678738814
61854,30.51389285278052,1407.0799999989972,2518.400038738634
61855,30.51389285278052,1407.0999999989972,2518.4107096459525
61856,30.51389285278052,1407.1199999989972,2518.4213805958493
61857,30.51389285278052,1407.1399999989972,2518.432051588337
61858,30.51389285278052,1407.1599999989971,2518.442722623428
61859,30.51389285278052,1407.1799999989971,2518.4533937011347
61860,30.51389285278052,1407.199999998997,2518.46406482147
61861,30.51389285278052,1407.219999998997,2518.4747359844478
61862,30.51389285278052,1407.239999998997,2518.4854071902664
61863,30.51389285278052,1407.259999998997,2518.4960784391087
61864,30.51389285278052,1407.279999998997,2518.506749730988
61865,30.51389285278052,1407.299999998997,2518.517421065916
61866,30.51389285278052,1407.319999998997,2518.5280924439057
61867,30.51389285278052,1407.339999998997,2518.5387638649695
61868,30.51389285278052,1407.359999998997,2518.5494353291197
61869,30.51389285278052,1407.379999998997,2518.560106836369
61870,30.51389285278052,1407.399999998997,2518.5707783867297
61871,30.51389285278052,1407.419999998997,2518.5814499802145
61872,30.51389285278052,1407.4399999989969,2518.592121616836
61873,30.51389285278052,1407.4599999989969,2518.6027932966063
61874,30.51389285278052,1407.4799999989968,2518.613465019538
61875,30.51389285278052,1407.4999999989968,2518.624136785644
61876,30.51389285278052,1407.5199999989968,2518.6348085949367
61877,30.51389285278052,1407.5399999989968,2518.6454804474283
61878,30.51389285278052,1407.5599999989968,2518.6561523431315
61879,30.51389285278052,1407.5799999989968,2518.6668242820588
61880,30.51389285278052,1407.5999999989967,2518.6774962642226
61881,30.51389285278052,1407.6199999989967,2518.6881682896355
61882,30.51389285278052,1407.6399999989967,2518.69884035831
61883,30.51389285278052,1407.6599999989967,2518.7095124702587
61884,30.51389285278052,1407.6799999989967,2518.720184625494
61885,30.51389285278052,1407.6999999989966,2518.7308568240283
61886,30.51389285278052,1407.7199999989966,2518.741529065874
61887,30.51389285278052,1407.7399999989966,2518.7522013510443
61888,30.51389285278052,1407.7599999989966,2518.762873679551
61889,30.51389285278052,1407.7799999989966,2518.773546051407
61890,30.51389285278052,1407.7999999989966,2518.784218466624
61891,30.51389285278052,1407.8199999989965,2518.794890925216
61892,30.51389285278052,1407.8399999989965,2518.805563427194
61893,30.51389285278052,1407.8599999989965,2518.816235972571
61894,30.51389285278052,1407.8799999989965,2518.82690856136
61895,30.51389285278052,1407.8999999989965,2518.837581193573
61896,30.51389285278052,1407.9199999989964,2518.8482538692224
61897,30.51389285278052,1407.9399999989964,2518.858926588321
61898,30.51389285278052,1407.9599999989964,2518.8695993508813
61899,30.51389285278052,1407.9799999989964,2518.880272156916
61900,30.51389285278052,1407.9999999989964,2518.890945006437
61901,30.51389285278052,1408.0199999989964,2518.9016178994575
61902,30.51389285278052,1408.0399999989963,2518.9122908359896
61903,30.51389285278052,1408.0599999989963,2518.922963816046
61904,30.51389285278052,1408.0799999989963,2518.933636839639
61905,30.51389285278052,1408.0999999989963,2518.944309906781
61906,30.51389285278052,1408.1199999989963,2518.954983017485
61907,30.51389285278052,1408.1399999989962,2518.9656561717634
61908,30.51389285278052,1408.1599999989962,2518.9763293696283
61909,30.51389285278052,1408.1799999989962,2518.9870026110925
61910,30.51389285278052,1408.1999999989962,2518.9976758961684
61911,30.51389285278052,1408.2199999989962,2519.0083492248687
61912,30.51389285278052,1408.2399999989962,2519.0190225972115
61913,30.51389285278052,1408.2599999989961,2519.029696013414
61914,30.51389285278052,1408.2799999989961,2519.040369473641
61915,30.51389285278052,1408.299999998996,2519.0510429779038
61916,30.51389285278052,1408.319999998996,2519.0617165262156
61917,30.51389285278052,1408.339999998996,2519.072390118589
61918,30.51389285278052,1408.359999998996,2519.0830637550357
61919,30.51389285278052,1408.379999998996,2519.093737435569
61920,30.51389285278052,1408.399999998996,2519.1044111602014
61921,30.51389285278052,1408.419999998996,2519.115084928945
61922,30.51389285278052,1408.439999998996,2519.1257587418127
61923,30.51389285278052,1408.459999998996,2519.136432598817
61924,30.51389285278052,1408.479999998996,2519.14710649997
61925,30.51389285278052,1408.499999998996,2519.157780445285
61926,30.51389285278052,1408.519999998996,2519.168454434774
61927,30.51389285278052,1408.5399999989959,2519.1791284684496
61928,30.51389285278052,1408.5599999989959,2519.1898025463242
61929,30.51389285278052,1408.5799999989958,2519.200476668411
61930,30.51389285278052,1408.5999999989958,2519.2111508347216
61931,30.51389285278052,1408.6199999989958,2519.2218250452693
61932,30.51389285278052,1408.6399999989958,2519.232499300066
61933,30.51389285278052,1408.6599999989958,2519.243173599125
61934,30.51389285278052,1408.6799999989958,2519.2538479424584
61935,30.51389285278052,1408.6999999989957,2519.2645223300788
61936,30.51389285278052,1408.7199999989957,2519.275196761999
61937,30.51389285278052,1408.7399999989957,2519.285871238231
61938,30.51389285278052,1408.7599999989957,2519.2965457587875
61939,30.51389285278052,1408.7799999989957,2519.307220323681
61940,30.51389285278052,1408.7999999989956,2519.3178949329244
61941,30.51389285278052,1408.8199999989956,2519.32856958653
61942,30.51389285278052,1408.8399999989956,2519.3392442845106
61943,30.51389285278052,1408.8599999989956,2519.349919026878
61944,30.51389285278052,1408.8799999989956,2519.3605938136457
61945,30.51389285278052,1408.8999999989956,2519.3712686448252
61946,30.51389285278052,1408.9199999989955,2519.38194352043
61947,30.51389285278052,1408.9399999989955,2519.3926184404722
61948,30.51389285278052,1408.9599999989955,2519.403293404964
61949,30.51389285278052,1408.9799999989955,2519.413968413919
61950,30.51389285278052,1408.9999999989955,2519.4246434673487
61951,30.51389285278052,1409.0199999989954,2519.4353185652662
61952,30.51389285278052,1409.0399999989954,2519.4459937076836
61953,30.51389285278052,1409.0599999989954,2519.456668894614
61954,30.51389285278052,1409.0799999989954,2519.4673441260693
61955,30.51389285278052,1409.0999999989954,2519.4780194020627
61956,30.51389285278052,1409.1199999989954,2519.4886947226064
61957,30.51389285278052,1409.1399999989953,2519.499370087713
61958,30.51389285278052,1409.1599999989953,2519.510045497395
61959,30.51389285278052,1409.1799999989953,2519.5207209516648
61960,30.51389285278052,1409.1999999989953,2519.5313964505353
61961,30.51389285278052,1409.2199999989953,2519.542071994019
61962,30.51389285278052,1409.2399999989952,2519.5527475821277
61963,30.51389285278052,1409.2599999989952,2519.563423214885
61964,30.51389285278052,1409.2799999989952,2519.5740988925254
61965,30.51389285278052,1409.2999999989952,2519.5847746151917
61966,30.51389285278052,1409.3199999989952,2519.595450382896
61967,30.51389285278052,1409.3399999989952,2519.6061261956515
61968,30.51389285278052,1409.3599999989951,2519.6168020534706
61969,30.51389285278052,1409.3799999989951,2519.627477956366
61970,30.51389285278052,1409.399999998995,2519.6381539043496
61971,30.51389285278052,1409.419999998995,2519.6488298974346
61972,30.51389285278052,1409.439999998995,2519.659505935633
61973,30.51389285278052,1409.459999998995,2519.6701820189583
61974,30.51389285278052,1409.479999998995,2519.6808581474224
61975,30.51389285278052,1409.499999998995,2519.691534321038
61976,30.51389285278052,1409.519999998995,2519.7022105398178
61977,30.51389285278052,1409.539999998995,2519.712886803774
61978,30.51389285278052,1409.559999998995,2519.7235631129192
61979,30.51389285278052,1409.579999998995,2519.7342394672664
61980,30.51389285278052,1409.599999998995,2519.744915866828
61981,30.51389285278052,1409.619999998995,2519.755592311616
61982,30.51389285278052,1409.6399999989949,2519.766268801644
61983,30.51389285278052,1409.6599999989949,2519.7769453369237
61984,30.51389285278052,1409.6799999989948,2519.787621917468
61985,30.51389285278052,1409.6999999989948,2519.79829854329
61986,30.51389285278052,1409.7199999989948,2519.8089752144015
61987,30.51389285278052,1409.7399999989948,2519.8196519308153
61988,30.51389285278052,1409.7599999989948,2519.8303286925443
61989,30.51389285278052,1409.7799999989948,2519.8410054996007
61990,30.51389285278052,1409.7999999989947,2519.851682351997
61991,30.51389285278052,1409.8199999989947,2519.862359249746
61992,30.51389285278052,1409.8399999989947,2519.8730361928606
61993,30.51389285278052,1409.8599999989947,2519.8837131813525
61994,30.51389285278052,1409.8799999989947,2519.894390215235
61995,30.51389285278052,1409.8999999989946,2519.9050672945204
61996,30.51389285278052,1409.9199999989946,2519.9157444192215
61997,30.51389285278052,1409.9399999989946,2519.9264215893504
61998,30.51389285278052,1409.9599999989946,2519.93709880492
61999,30.51389285278052,1409.9799999989946,2519.947776065943
62000,30.51389285278052,1409.9999999989946,2519.958453372432
62001,30.51389285278052,1410.0199999989945,2519.9691307243993
62002,30.51389285278052,1410.0399999989945,2519.9798081218573
62003,30.51389285278052,1410.0599999989945,2519.990485564819
62004,30.51389285278052,1410.0799999989945,2520.0011630533586
62005,30.51389285278052,1410.0999999989945,2520.0118405894245
62006,30.51389285278052,1410.1199999989944,2520.022518174414
62007,30.51389285278052,1410.1399999989944,2520.03319580834
62008,30.51389285278052,1410.1599999989944,2520.043873491216
62009,30.51389285278052,1410.1799999989944,2520.054551223054
62010,30.51389285278052,1410.1999999989944,2520.0652290038684
62011,30.51389285278052,1410.2199999989944,2520.075906833671
62012,30.51389285278052,1410.2399999989943,2520.0865847124755
62013,30.51389285278052,1410.2599999989943,2520.0972626402945
62014,30.51389285278052,1410.2799999989943,2520.1079406171557
62015,30.51389285278052,1410.2999999989943,2520.118618643312
62016,30.51389285278052,1410.3199999989943,2520.129296718885
62017,30.51389285278052,1410.3399999989942,2520.139974843888
62018,30.51389285278052,1410.3599999989942,2520.1506530183337
62019,30.51389285278052,1410.3799999989942,2520.1613312422355
62020,30.51389285278052,1410.3999999989942,2520.1720095156065
62021,30.51389285278052,1410.4199999989942,2520.1826878384595
62022,30.51389285278052,1410.4399999989942,2520.1933662108077
62023,30.51389285278052,1410.4599999989941,2520.2040446326637
62024,30.51389285278052,1410.4799999989941,2520.2147231040412
62025,30.51389285278052,1410.499999998994,2520.2254016249526
62026,30.51389285278052,1410.519999998994,2520.2360801954114
62027,30.51389285278052,1410.539999998994,2520.2467588154304
62028,30.51389285278052,1410.559999998994,2520.257437485023
62029,30.51389285278052,1410.579999998994,2520.2681162042013
62030,30.51389285278052,1410.599999998994,2520.2787949729795
62031,30.51389285278052,1410.619999998994,2520.28947379137
62032,30.51389285278052,1410.639999998994,2520.3001526593857
62033,30.51389285278052,1410.659999998994,2520.31083157704
62034,30.51389285278052,1410.679999998994,2520.321510544346
62035,30.51389285278052,1410.699999998994,2520.332189561316
62036,30.51389285278052,1410.719999998994,2520.342868627964
62037,30.51389285278052,1410.7399999989939,2520.3535477443024
62038,30.51389285278052,1410.7599999989939,2520.3642269103448
62039,30.51389285278052,1410.7799999989938,2520.3749061261037
62040,30.51389285278052,1410.7999999989938,2520.3855853915925
62041,30.51389285278052,1410.8199999989938,2520.396264706824
62042,30.51389285278052,1410.8399999989938,2520.406944071811
62043,30.51389285278052,1410.8599999989938,2520.4176234865668
62044,30.51389285278052,1410.8799999989938,2520.428302951105
62045,30.51389285278052,1410.8999999989937,2520.4389824654377
62046,30.51389285278052,1410.9199999989937,2520.4496620295786
62047,30.51389285278052,1410.9399999989937,2520.4603416435407
62048,30.51389285278052,1410.9599999989937,2520.4710213073367
62049,30.51389285278052,1410.9799999989937,2520.48170102098
62050,30.51389285278052,1410.9999999989936,2520.492380784483
62051,30.51389285278052,1411.0199999989936,2520.5030605978595
62052,30.51389285278052,1411.0399999989936,2520.513740461122
62053,30.51389285278052,1411.0599999989936,2520.5244203742836
62054,30.51389285278052,1411.0799999989936,2520.5351003373576
62055,30.51389285278052,1411.0999999989936,2520.545780350357
62056,30.51389285278052,1411.1199999989935,2520.5564604132946
62057,30.51389285278052,1411.1399999989935,2520.5671405261837
62058,30.51389285278052,1411.1599999989935,2520.5778206890373
62059,30.51389285278052,1411.1799999989935,2520.5885009018684
62060,30.51389285278052,1411.1999999989935,2520.5991811646904
62061,30.51389285278052,1411.2199999989934,2520.609861477516
62062,30.51389285278052,1411.2399999989934,2520.620541840358
62063,30.51389285278052,1411.2599999989934,2520.6312222532297
62064,30.51389285278052,1411.2799999989934,2520.641902716144
62065,30.51389285278052,1411.2999999989934,2520.6525832291336
62066,30.51389285278052,1411.3199999989934,2520.663263792476
62067,30.51389285278052,1411.3399999989933,2520.673944406274
62068,30.51389285278052,1411.3599999989933,2520.684625070541
62069,30.51389285278052,1411.3799999989933,2520.69530578529
62070,30.51389285278052,1411.3999999989933,2520.705986550534
62071,30.51389285278052,1411.4199999989933,2520.7166673662855
62072,30.51389285278052,1411.4399999989932,2520.727348232558
62073,30.51389285278052,1411.4599999989932,2520.738029149365
62074,30.51389285278052,1411.4799999989932,2520.748710116719
62075,30.51389285278052,1411.4999999989932,2520.759391134633
62076,30.51389285278052,1411.5199999989932,2520.7700722031204
62077,30.51389285278052,1411.5399999989932,2520.780753322194
62078,30.51389285278052,1411.5599999989931,2520.7914344918668
62079,30.51389285278052,1411.5799999989931,2520.802115712152
62080,30.51389285278052,1411.599999998993,2520.812796983063
62081,30.51389285278052,1411.619999998993,2520.8234783046123
62082,30.51389285278052,1411.639999998993,2520.834159676813
62083,30.51389285278052,1411.659999998993,2520.8448410996784
62084,30.51389285278052,1411.679999998993,2520.8555225732216
62085,30.51389285278052,1411.699999998993,2520.8662040974555
62086,30.51389285278052,1411.719999998993,2520.8768856723927
62087,30.51389285278052,1411.739999998993,2520.887567298047
62088,30.51389285278052,1411.759999998993,2520.898248974431
62089,30.51389285278052,1411.779999998993,2520.9089307015583
62090,30.51389285278052,1411.799999998993,2520.919612479441
62091,30.51389285278052,1411.819999998993,2520.930294308093
62092,30.51389285278052,1411.8399999989929,2520.9409761875268
62093,30.51389285278052,1411.8599999989929,2520.951658117756
62094,30.51389285278052,1411.8799999989928,2520.962340098793
62095,30.51389285278052,1411.8999999989928,2520.9730221306513
62096,30.51389285278052,1411.9199999989928,2520.983704213344
62097,30.51389285278052,1411.9399999989928,2520.994386346884
62098,30.51389285278052,1411.9599999989928,2521.005068531284
62099,30.51389285278052,1411.9799999989928,2521.0157507665576
62100,30.51389285278052,1411.9999999989927,2521.026433052718
62101,30.51389285278052,1412.0199999989927,2521.0371153897777
62102,30.51389285278052,1412.0399999989927,2521.04779777775
62103,30.51389285278052,1412.0599999989927,2521.058480216648
62104,30.51389285278052,1412.0799999989927,2521.069162706485
62105,30.51389285278052,1412.0999999989926,2521.079845247273
62106,30.51389285278052,1412.1199999989926,2521.0905278390264
62107,30.51389285278052,1412.1399999989926,2521.1012104817573
62108,30.51389285278052,1412.1599999989926,2521.1118931754795
62109,30.51389285278052,1412.1799999989926,2521.1225759202057
62110,30.51389285278052,1412.1999999989926,2521.1332587159486
62111,30.51389285278052,1412.2199999989925,2521.143941562722
62112,30.51389285278052,1412.2399999989925,2521.1546244605383
62113,30.51389285278052,1412.2599999989925,2521.1653074094106
62114,30.51389285278052,1412.2799999989925,2521.1759904093524
62115,30.51389285278052,1412.2999999989925,2521.1866734603764
62116,30.473113228279185,1412.3199999989924,2521.197356562519
62117,30.473113228279185,1412.3399999989924,2521.2080397160694
62118,30.473113228279185,1412.3599999989924,2521.218722921107
62119,30.473113228279185,1412.3799999989924,2521.2294061776456
62120,30.473113228279185,1412.3999999989924,2521.2400894856974
62121,30.473113228279185,1412.4199999989924,2521.250772845276
62122,30.473113228279185,1412.4399999989923,2521.2614562563945
62123,30.473113228279185,1412.4599999989923,2521.2721397190658
62124,30.473113228279185,1412.4799999989923,2521.282823233303
62125,30.473113228279185,1412.4999999989923,2521.2935067991198
62126,30.473113228279185,1412.5199999989923,2521.304190416529
62127,30.473113228279185,1412.5399999989922,2521.3148740855436
62128,30.473113228279185,1412.5599999989922,2521.3255578061767
62129,30.473113228279185,1412.5799999989922,2521.336241578442
62130,30.473113228279185,1412.5999999989922,2521.3469254023516
62131,30.473113228279185,1412.6199999989922,2521.35760927792
62132,30.473113228279185,1412.6399999989922,2521.3682932051593
62133,30.473113228279185,1412.6599999989921,2521.378977184083
62134,30.473113228279185,1412.6799999989921,2521.389661214704
62135,30.473113228279185,1412.699999998992,2521.4003452970355
62136,30.473113228279185,1412.719999998992,2521.411029431091
62137,30.473113228279185,1412.739999998992,2521.421713616883
62138,30.473113228279185,1412.759999998992,2521.4323978544253
62139,30.473113228279185,1412.779999998992,2521.4430821437304
62140,30.473113228279185,1412.799999998992,2521.453766484812
62141,30.473113228279185,1412.819999998992,2521.4644508776832
62142,30.473113228279185,1412.839999998992,2521.475135322357
62143,30.473113228279185,1412.859999998992,2521.4858198188463
62144,30.473113228279185,1412.879999998992,2521.496504367164
62145,30.473113228279185,1412.899999998992,2521.507188967324
62146,30.473113228279185,1412.919999998992,2521.5178736193393
62147,30.473113228279185,1412.9399999989919,2521.5285583232226
62148,30.473113228279185,1412.9599999989919,2521.539243078987
62149,30.473113228279185,1412.9799999989918,2521.5499278866464
62150,30.473113228279185,1412.9999999989918,2521.5606127462133
62151,30.473113228279185,1413.0199999989918,2521.571297657701
62152,30.473113228279185,1413.0399999989918,2521.5819826211227
62153,30.473113228279185,1413.0599999989918,2521.5926676364916
62154,30.473113228279185,1413.0799999989918,2521.6033527038203
62155,30.473113228279185,1413.0999999989917,2521.6140378231225
62156,30.473113228279185,1413.1199999989917,2521.624722994411
62157,30.473113228279185,1413.1399999989917,2521.6354082176995
62158,30.473113228279185,1413.1599999989917,2521.6460934930005
62159,30.473113228279185,1413.1799999989917,2521.6567788203274
62160,30.473113228279185,1413.1999999989916,2521.6674641996933
62161,30.473113228279185,1413.2199999989916,2521.6781496311114
62162,30.473113228279185,1413.2399999989916,2521.688835114595
62163,30.473113228279185,1413.2599999989916,2521.699520650157
62164,30.473113228279185,1413.2799999989916,2521.710206237811
62165,30.473113228279185,1413.2999999989916,2521.720891877569
62166,30.473113228279185,1413.3199999989915,2521.7315775694456
62167,30.473113228279185,1413.3399999989915,2521.7422633134793
62168,30.473113228279185,1413.3599999989915,2521.7529491099626
62169,30.473113228279185,1413.3799999989915,2521.7636349589516
62170,30.473113228279185,1413.3999999989915,2521.7743208604593
62171,30.473113228279185,1413.4199999989914,2521.785006814499
62172,30.473113228279185,1413.4399999989914,2521.795692821084
62173,30.473113228279185,1413.4599999989914,2521.806378880227
62174,30.473113228279185,1413.4799999989914,2521.817064991941
62175,30.473113228279185,1413.4999999989914,2521.82775115624
62176,30.473113228279185,1413.5199999989914,2521.8384373731365
62177,30.473113228279185,1413.5399999989913,2521.849123642644
62178,30.473113228279185,1413.5599999989913,2521.859809964775
62179,30.473113228279185,1413.5799999989913,2521.8704963395435
62180,30.473113228279185,1413.5999999989913,2521.881182766962
62181,30.473113228279185,1413.6199999989913,2521.891869247044
62182,30.473113228279185,1413.6399999989912,2521.9025557798022
62183,30.473113228279185,1413.6599999989912,2521.9132423652504
62184,30.473113228279185,1413.6799999989912,2521.9239290034016
62185,30.473113228279185,1413.6999999989912,2521.934615694269
62186,30.473113228279185,1413.7199999989912,2521.945302437865
62187,30.473113228279185,1413.7399999989912,2521.9559892342036
62188,30.473113228279185,1413.7599999989911,2521.9666760832974
62189,30.473113228279185,1413.7799999989911,2521.9773629851597
62190,30.473113228279185,1413.799999998991,2521.988049939804
62191,30.473113228279185,1413.819999998991,2521.9987369472433
62192,30.473113228279185,1413.839999998991,2522.0094240074905
62193,30.473113228279185,1413.859999998991,2522.020111120559
62194,30.473113228279185,1413.879999998991,2522.0307982864615
62195,30.473113228279185,1413.899999998991,2522.0414855052118
62196,30.473113228279185,1413.919999998991,2522.0521727768223
62197,30.473113228279185,1413.939999998991,2522.062860101307
62198,30.473113228279185,1413.959999998991,2522.0735474786784
62199,30.473113228279185,1413.979999998991,2522.08423490895
62200,30.473113228279185,1413.999999998991,2522.0949223921343
62201,30.473113228279185,1414.019999998991,2522.1056099282455
62202,30.473113228279185,1414.0399999989909,2522.116297517296
62203,30.473113228279185,1414.0599999989909,2522.1269851592992
62204,30.473113228279185,1414.0799999989908,2522.137672854268
62205,30.473113228279185,1414.0999999989908,2522.148360602216
62206,30.473113228279185,1414.1199999989908,2522.1590484031562
62207,30.473113228279185,1414.1399999989908,2522.1697362571017
62208,30.473113228279185,1414.1599999989908,2522.1804241640657
62209,30.473113228279185,1414.1799999989908,2522.1911121240614
62210,30.473113228279185,1414.1999999989907,2522.2018001371016
62211,30.473113228279185,1414.2199999989907,2522.2124882032
62212,30.473113228279185,1414.2399999989907,2522.2231763223695
62213,30.473113228279185,1414.2599999989907,2522.233864494623
62214,30.473113228279185,1414.2799999989907,2522.244552719974
62215,30.473113228279185,1414.2999999989906,2522.2552409984355
62216,30.473113228279185,1414.3199999989906,2522.2659293300208
62217,30.473113228279185,1414.3399999989906,2522.2766177147428
62218,30.473113228279185,1414.3599999989906,2522.287306152652
62219,30.473113228279185,1414.3799999989906,2522.2979946440582
62220,30.473113228279185,1414.3999999989906,2522.3086831890027
62221,30.473113228279185,1414.4199999989905,2522.319371787499
62222,30.473113228279185,1414.4399999989905,2522.330060439561
62223,30.473113228279185,1414.4599999989905,2522.340749145201
62224,30.473113228279185,1414.4799999989905,2522.351437904432
62225,30.473113228279185,1414.4999999989905,2522.3621267172675
62226,30.473113228279185,1414.5199999989904,2522.372815583721
62227,30.473113228279185,1414.5399999989904,2522.3835045038054
62228,30.473113228279185,1414.5599999989904,2522.394193477534
62229,30.473113228279185,1414.5799999989904,2522.40488250492
62230,30.473113228279185,1414.5999999989904,2522.415571585976
62231,30.473113228279185,1414.6199999989904,2522.426260720716
62232,30.473113228279185,1414.6399999989903,2522.436949909153
62233,30.473113228279185,1414.6599999989903,2522.4476391513
62234,30.473113228279185,1414.6799999989903,2522.45832844717
62235,30.473113228279185,1414.6999999989903,2522.469017796777
62236,30.473113228279185,1414.7199999989903,2522.479707200133
62237,30.473113228279185,1414.7399999989902,2522.490396657252
62238,30.473113228279185,1414.7599999989902,2522.5010861681467
62239,30.473113228279185,1414.7799999989902,2522.5117757328308
62240,30.473113228279185,1414.7999999989902,2522.5224653513174
62241,30.473113228279185,1414.8199999989902,2522.533155023619
62242,30.473113228279185,1414.8399999989902,2522.54384474975
62243,30.473113228279185,1414.8599999989901,2522.554534529723
62244,30.473113228279185,1414.8799999989901,2522.5652243635504
62245,30.473113228279185,1414.89999999899,2522.5759142512466
62246,30.473113228279185,1414.91999999899,2522.586604192824
62247,30.473113228279185,1414.93999999899,2522.597294188296
62248,30.473113228279185,1414.95999999899,2522.607984237676
62249,30.473113228279185,1414.97999999899,2522.618674340977
62250,30.473113228279185,1414.99999999899,2522.6293644982125
62251,30.473113228279185,1415.01999999899,2522.640054709395
62252,30.473113228279185,1415.03999999899,2522.650744974538
62253,30.473113228279185,1415.05999999899,2522.6614352936554
62254,30.473113228279185,1415.07999999899,2522.6721256667593
62255,30.473113228279185,1415.09999999899,2522.6828160938635
62256,30.473113228279185,1415.11999999899,2522.6935065749813
62257,30.473113228279185,1415.1399999989899,2522.7041971101253
62258,30.473113228279185,1415.1599999989899,2522.714887699309
62259,30.473113228279185,1415.1799999989898,2522.725578342546
62260,30.473113228279185,1415.1999999989898,2522.736269039849
62261,30.473113228279185,1415.2199999989898,2522.7469597912313
62262,30.473113228279185,1415.2399999989898,2522.7576505967063
62263,30.473113228279185,1415.2599999989898,2522.7683414562866
62264,30.473113228279185,1415.2799999989898,2522.779032369986
62265,30.473113228279185,1415.2999999989897,2522.7897233378176
62266,30.473113228279185,1415.3199999989897,2522.8004143597946
62267,30.473113228279185,1415.3399999989897,2522.8111054359297
62268,30.473113228279185,1415.3599999989897,2522.8217965662366
62269,30.473113228279185,1415.3799999989897,2522.832487750787
62270,30.473113228279185,1415.3999999989896,2522.843178989874
62271,30.473113228279185,1415.4199999989896,2522.8538702835353
62272,30.473113228279185,1415.4399999989896,2522.8645616317845
62273,30.473113228279185,1415.4599999989896,2522.875253034634
62274,30.473113228279185,1415.4799999989896,2522.8859444920977
62275,30.473113228279185,1415.4999999989896,2522.8966360041886
62276,30.473113228279185,1415.5199999989895,2522.9073275709197
62277,30.473113228279185,1415.5399999989895,2522.9180191923047
62278,30.473113228279185,1415.5599999989895,2522.9287108683566
62279,30.473113228279185,1415.5799999989895,2522.939402599088
62280,30.473113228279185,1415.5999999989895,2522.9500943845132
62281,30.473113228279185,1415.6199999989894,2522.960786224645
62282,30.473113228279185,1415.6399999989894,2522.971478119496
62283,30.473113228279185,1415.6599999989894,2522.9821700690804
62284,30.473113228279185,1415.6799999989894,2522.992862073411
62285,30.473113228279185,1415.6999999989894,2523.003554132501
62286,30.473113228279185,1415.7199999989894,2523.0142462463637
62287,30.473113228279185,1415.7399999989893,2523.024938415012
62288,30.473113228279185,1415.7599999989893,2523.0356306384597
62289,30.473113228279185,1415.7799999989893,2523.0463229167194
62290,30.473113228279185,1415.7999999989893,2523.057015249805
62291,30.473113228279185,1415.8199999989893,2523.067707637729
62292,30.473113228279185,1415.8399999989892,2523.078400080505
62293,30.473113228279185,1415.8599999989892,2523.0890925781464
62294,30.473113228279185,1415.8799999989892,2523.099785130666
62295,30.473113228279185,1415.8999999989892,2523.1104777380774
62296,30.473113228279185,1415.9199999989892,2523.1211704003936
62297,30.473113228279185,1415.9399999989892,2523.1318631176277
62298,30.473113228279185,1415.9599999989891,2523.1425558897936
62299,30.473113228279185,1415.9799999989891,2523.153248716904
62300,30.473113228279185,1415.999999998989,2523.1639415989716
62301,30.473113228279185,1416.019999998989,2523.1746345360107
62302,30.473113228279185,1416.039999998989,2523.185327528034
62303,30.473113228279185,1416.059999998989,2523.1960205750547
62304,30.473113228279185,1416.079999998989,2523.206713677086
62305,30.473113228279185,1416.099999998989,2523.2174068341415
62306,30.473113228279185,1416.119999998989,2523.228100046234
62307,30.473113228279185,1416.139999998989,2523.238793313377
62308,30.473113228279185,1416.159999998989,2523.2494866355833
62309,30.473113228279185,1416.179999998989,2523.2601800128664
62310,30.473113228279185,1416.199999998989,2523.27087344524
62311,30.473113228279185,1416.219999998989,2523.2815669327165
62312,30.473113228279185,1416.2399999989889,2523.29226047531
62313,30.473113228279185,1416.2599999989889,2523.3029540730327
62314,30.473113228279185,1416.2799999989888,2523.3136477258986
62315,30.473113228279185,1416.2999999989888,2523.324341433921
62316,30.473113228279185,1416.3199999989888,2523.3350351971126
62317,30.473113228279185,1416.3399999989888,2523.345729015487
62318,30.473113228279185,1416.3599999989888,2523.3564228890573
62319,30.473113228279185,1416.3799999989888,2523.3671168178366
62320,30.473113228279185,1416.3999999989887,2523.3778108019187
62321,30.473113228279185,1416.4199999989887,2523.3885048415796
62322,30.473113228279185,1416.4399999989887,2523.3991989368533
62323,30.473113228279185,1416.4599999989887,2523.4098930877526
62324,30.473113228279185,1416.4799999989887,2523.420587294291
62325,30.473113228279185,1416.4999999989886,2523.431281556482
62326,30.473113228279185,1416.5199999989886,2523.441975874339
62327,30.473113228279185,1416.5399999989886,2523.4526702478743
62328,30.473113228279185,1416.5599999989886,2523.4633646771017
62329,30.473113228279185,1416.5799999989886,2523.474059162035
62330,30.473113228279185,1416.5999999989886,2523.4847537026867
62331,30.473113228279185,1416.6199999989885,2523.49544829907
62332,30.473113228279185,1416.6399999989885,2523.506142951199
62333,30.473113228279185,1416.6599999989885,2523.516837659086
62334,30.473113228279185,1416.6799999989885,2523.527532422745
62335,30.473113228279185,1416.6999999989885,2523.538227242189
62336,30.473113228279185,1416.7199999989884,2523.548922117431
62337,30.473113228279185,1416.7399999989884,2523.5596170484846
62338,30.473113228279185,1416.7599999989884,2523.570312035363
62339,30.473113228279185,1416.7799999989884,2523.5810070780794
62340,30.473113228279185,1416.7999999989884,2523.5917021766472
62341,30.473113228279185,1416.8199999989884,2523.6023973310794
62342,30.473113228279185,1416.8399999989883,2523.6130925413895
62343,30.473113228279185,1416.8599999989883,2523.6237878075904
62344,30.473113228279185,1416.8799999989883,2523.6344831296956
62345,30.473113228279185,1416.8999999989883,2523.6451785077184
62346,30.473113228279185,1416.9199999989883,2523.6558739416723
62347,30.473113228279185,1416.9399999989882,2523.66656943157
62348,30.473113228279185,1416.9599999989882,2523.6772649774257
62349,30.473113228279185,1416.9799999989882,2523.6879605792515
62350,30.473113228279185,1416.9999999989882,2523.698656237061
62351,30.473113228279185,1417.0199999989882,2523.709351950868
62352,30.473113228279185,1417.0399999989882,2523.7200477206857
62353,30.473113228279185,1417.0599999989881,2523.730743546527
62354,30.473113228279185,1417.0799999989881,2523.741439428405
62355,30.473113228279185,1417.099999998988,2523.7521353663333
62356,30.473113228279185,1417.119999998988,2523.762831360325
62357,30.473113228279185,1417.139999998988,2523.7735274103934
62358,30.473113228279185,1417.159999998988,2523.784223516552
62359,30.473113228279185,1417.179999998988,2523.794919678814
62360,30.473113228279185,1417.199999998988,2523.8056158971926
62361,30.473113228279185,1417.219999998988,2523.816312171701
62362,30.473113228279185,1417.239999998988,2523.827008502353
62363,30.473113228279185,1417.259999998988,2523.8377048891607
62364,30.473113228279185,1417.279999998988,2523.848401332138
62365,30.473113228279185,1417.299999998988,2523.8590978312986
62366,30.473113228279185,1417.319999998988,2523.869794386655
62367,30.473113228279185,1417.3399999989879,2523.880490998221
62368,30.473113228279185,1417.3599999989879,2523.8911876660095
62369,30.473113228279185,1417.3799999989878,2523.901884390034
62370,30.473113228279185,1417.3999999989878,2523.912581170308
62371,30.473113228279185,1417.4199999989878,2523.9232780069465
62372,30.473113228279185,1417.4399999989878,2523.9339749002097
62373,30.473113228279185,1417.4599999989878,2523.9446718501267
62374,30.473113228279185,1417.4799999989878,2523.9553688567107
62375,30.473113228279185,1417.4999999989877,2523.9660659199753
62376,30.473113228279185,1417.5199999989877,2523.9767630399338
62377,30.473113228279185,1417.5399999989877,2523.9874602165996
62378,30.473113228279185,1417.5599999989877,2523.9981574499857
62379,30.473113228279185,1417.5799999989877,2524.0088547401056
62380,30.473113228279185,1417.5999999989876,2524.0195520869725
62381,30.473113228279185,1417.6199999989876,2524.0302494905995
62382,30.473113228279185,1417.6399999989876,2524.0409469510005
62383,30.473113228279185,1417.6599999989876,2524.051644468188
62384,30.473113228279185,1417.6799999989876,2524.0623420421757
62385,30.473113228279185,1417.6999999989876,2524.073039672977
62386,30.473113228279185,1417.7199999989875,2524.083737360605
62387,30.473113228279185,1417.7399999989875,2524.094435105073
62388,30.473113228279185,1417.7599999989875,2524.1051329063944
62389,30.473113228279185,1417.7799999989875,2524.1158307645824
62390,30.473113228279185,1417.7999999989875,2524.1265286796506
62391,30.473113228279185,1417.8199999989874,2524.1372266516123
62392,30.473113228279185,1417.8399999989874,2524.14792468048
62393,30.473113228279185,1417.8599999989874,2524.1586227662683
62394,30.473113228279185,1417.8799999989874,2524.1693209089894
62395,30.473113228279185,1417.8999999989874,2524.180019108657
62396,30.473113228279185,1417.9199999989874,2524.190717365284
62397,30.473113228279185,1417.9399999989873,2524.201415678884
62398,30.473113228279185,1417.9599999989873,2524.212114049471
62399,30.473113228279185,1417.9799999989873,2524.2228124770572
62400,30.473113228279185,1417.9999999989873,2524.2335109616565
62401,30.473113228279185,1418.0199999989873,2524.244209503282
62402,30.473113228279185,1418.0399999989872,2524.2549081019474
62403,30.473113228279185,1418.0599999989872,2524.2656067576654
62404,30.473113228279185,1418.0799999989872,2524.2763054704496
62405,30.473113228279185,1418.0999999989872,2524.2870042403133
62406,30.473113228279185,1418.1199999989872,2524.29770306727
62407,30.473113228279185,1418.1399999989872,2524.3084019513326
62408,30.473113228279185,1418.1599999989871,2524.3191008925146
62409,30.473113228279185,1418.1799999989871,2524.3297998908292
62410,30.473113228279185,1418.199999998987,2524.34049894629
62411,30.473113228279185,1418.219999998987,2524.35119805891
62412,30.473113228279185,1418.239999998987,2524.3618972287027
62413,30.473113228279185,1418.259999998987,2524.372596455681
62414,30.473113228279185,1418.279999998987,2524.383295739859
62415,30.473113228279185,1418.299999998987,2524.393995081249
62416,30.473113228279185,1418.319999998987,2524.404694479865
62417,30.473113228279185,1418.339999998987,2524.41539393572
62418,30.473113228279185,1418.359999998987,2524.426093448828
62419,30.473113228279185,1418.379999998987,2524.4367930192016
62420,30.473113228279185,1418.399999998987,2524.4474926468542
62421,30.473113228279185,1418.419999998987,2524.458192331799
62422,30.473113228279185,1418.4399999989869,2524.46889207418
62423,30.473113228279185,1418.4599999989869,2524.479591874253
62424,30.473113228279185,1418.4799999989868,2524.4902917320433
62425,30.473113228279185,1418.4999999989868,2524.5009916475647
62426,30.432424354648447,1418.5199999989868,2524.5116916208303
62427,30.432424354648447,1418.5399999989868,2524.522391651854
62428,30.432424354648447,1418.5599999989868,2524.533091740648
62429,30.432424354648447,1418.5799999989868,2524.5437918872267
62430,30.432424354648447,1418.5999999989867,2524.554492091603
62431,30.432424354648447,1418.6199999989867,2524.5651923537907
62432,30.432424354648447,1418.6399999989867,2524.5758926738026
62433,30.432424354648447,1418.6599999989867,2524.586593051652
62434,30.432424354648447,1418.6799999989867,2524.5972934873525
62435,30.432424354648447,1418.6999999989866,2524.6079939809174
62436,30.432424354648447,1418.7199999989866,2524.6186945323598
62437,30.432424354648447,1418.7399999989866,2524.6293951416933
62438,30.432424354648447,1418.7599999989866,2524.640095808931
62439,30.432424354648447,1418.7799999989866,2524.650796534087
62440,30.432424354648447,1418.7999999989866,2524.6614973171736
62441,30.432424354648447,1418.8199999989865,2524.672198158205
62442,30.432424354648447,1418.8399999989865,2524.682899057194
62443,30.432424354648447,1418.8599999989865,2524.693600014154
62444,30.432424354648447,1418.8799999989865,2524.7043010290986
62445,30.432424354648447,1418.8999999989865,2524.7150021020407
62446,30.432424354648447,1418.9199999989864,2524.725703232994
62447,30.432424354648447,1418.9399999989864,2524.7364044219717
62448,30.432424354648447,1418.9599999989864,2524.7471056689874
62449,30.432424354648447,1418.9799999989864,2524.7578069740543
62450,30.432424354648447,1418.9999999989864,2524.7685083371857
62451,30.432424354648447,1419.0199999989863,2524.779209758395
62452,30.432424354648447,1419.0399999989863,2524.7899112376954
62453,30.432424354648447,1419.0599999989863,2524.8006127751005
62454,30.432424354648447,1419.0799999989863,2524.811314370623
62455,30.432424354648447,1419.0999999989863,2524.822016024277
62456,30.432424354648447,1419.1199999989863,2524.832717736076
62457,30.432424354648447,1419.1399999989862,2524.8434195060327
62458,30.432424354648447,1419.1599999989862,2524.8541213341605
62459,30.432424354648447,1419.1799999989862,2524.864823220473
62460,30.432424354648447,1419.1999999989862,2524.8755251649836
62461,30.432424354648447,1419.2199999989862,2524.8862271677053
62462,30.432424354648447,1419.2399999989861,2524.896929228652
62463,30.432424354648447,1419.2599999989861,2524.9076313478367
62464,30.432424354648447,1419.279999998986,2524.918333525273
62465,30.432424354648447,1419.299999998986,2524.9290357609734
62466,30.432424354648447,1419.319999998986,2524.939738054952
62467,30.432424354648447,1419.339999998986,2524.9504404072222
62468,30.432424354648447,1419.359999998986,2524.9611428177973
62469,30.432424354648447,1419.379999998986,2524.9718452866905
62470,30.432424354648447,1419.399999998986,2524.982547813915
62471,30.432424354648447,1419.419999998986,2524.993250399484
62472,30.432424354648447,1419.439999998986,2525.0039530434115
62473,30.432424354648447,1419.459999998986,2525.014655745846
62474,30.432424354648447,1419.479999998986,2525.025358506999
62475,30.432424354648447,1419.499999998986,2525.0360613268913
62476,30.432424354648447,1419.519999998986,2525.0467642055355
62477,30.432424354648447,1419.5399999989859,2525.0574671429454
62478,30.432424354648447,1419.5599999989859,2525.0681701391345
62479,30.432424354648447,1419.5799999989858,2525.078873194116
62480,30.432424354648447,1419.5999999989858,2525.0895763079034
62481,30.432424354648447,1419.6199999989858,2525.10027948051
62482,30.432424354648447,1419.6399999989858,2525.110982711949
62483,30.432424354648447,1419.6599999989858,2525.121686002234
62484,30.432424354648447,1419.6799999989857,2525.1323893513786
62485,30.432424354648447,1419.6999999989857,2525.1430927593956
62486,30.432424354648447,1419.7199999989857,2525.1537962262987
62487,30.432424354648447,1419.7399999989857,2525.164499752101
62488,30.432424354648447,1419.7599999989857,2525.1752033368166
62489,30.432424354648447,1419.7799999989857,2525.185906980458
62490,30.432424354648447,1419.7999999989856,2525.1966106830396
62491,30.432424354648447,1419.8199999989856,2525.207314444574
62492,30.432424354648447,1419.8399999989856,2525.2180182650745
62493,30.432424354648447,1419.8599999989856,2525.228722144555
62494,30.432424354648447,1419.8799999989856,2525.2394260830283
62495,30.432424354648447,1419.8999999989855,2525.2501300805084
62496,30.432424354648447,1419.9199999989855,2525.2608341370083
62497,30.432424354648447,1419.9399999989855,2525.271538252541
62498,30.432424354648447,1419.9599999989855,2525.2822424271208
62499,30.432424354648447,1419.9799999989855,2525.29294666076
62500,30.432424354648447,1419.9999999989855,2525.303650953473
62501,30.432424354648447,1420.0199999989854,2525.314355305273
62502,30.432424354648447,1420.0399999989854,2525.3250597161727
62503,30.432424354648447,1420.0599999989854,2525.335764186186
62504,30.432424354648447,1420.0799999989854,2525.3464687153264
62505,30.432424354648447,1420.0999999989854,2525.357173303607
62506,30.432424354648447,1420.1199999989853,2525.3678779510415
62507,30.432424354648447,1420.1399999989853,2525.3785826576427
62508,30.432424354648447,1420.1599999989853,2525.389287423425
62509,30.432424354648447,1420.1799999989853,2525.3999922484004
62510,30.432424354648447,1420.1999999989853,2525.410697132583
62511,30.432424354648447,1420.2199999989853,2525.421402075987
62512,30.432424354648447,1420.2399999989852,2525.4321070786245
62513,30.432424354648447,1420.2599999989852,2525.4428121405094
62514,30.432424354648447,1420.2799999989852,2525.453517261655
62515,30.432424354648447,1420.2999999989852,2525.464222442075
62516,30.432424354648447,1420.3199999989852,2525.474927681782
62517,30.432424354648447,1420.3399999989851,2525.48563298079
62518,30.432424354648447,1420.3599999989851,2525.4963383391123
62519,30.432424354648447,1420.379999998985,2525.5070437567624
62520,30.432424354648447,1420.399999998985,2525.5177492337534
62521,30.432424354648447,1420.419999998985,2525.528454770099
62522,30.432424354648447,1420.439999998985,2525.539160365812
62523,30.432424354648447,1420.459999998985,2525.549866020907
62524,30.432424354648447,1420.479999998985,2525.5605717355616
62525,30.432424354648447,1420.499999998985,2525.571277509984
62526,30.432424354648447,1420.519999998985,2525.581983344191
62527,30.432424354648447,1420.539999998985,2525.592689238196
62528,30.432424354648447,1420.559999998985,2525.6033951920117
62529,30.432424354648447,1420.579999998985,2525.6141012056523
62530,30.432424354648447,1420.599999998985,2525.624807279131
62531,30.432424354648447,1420.619999998985,2525.635513412461
62532,30.432424354648447,1420.6399999989849,2525.646219605656
62533,30.432424354648447,1420.6599999989849,2525.656925858729
62534,30.432424354648447,1420.6799999989848,2525.667632171694
62535,30.432424354648447,1420.6999999989848,2525.678338544564
62536,30.432424354648447,1420.7199999989848,2525.6890449773528
62537,30.432424354648447,1420.7399999989848,2525.699751470073
62538,30.432424354648447,1420.7599999989848,2525.7104580227383
62539,30.432424354648447,1420.7799999989847,2525.7211646353626
62540,30.432424354648447,1420.7999999989847,2525.731871307959
62541,30.432424354648447,1420.8199999989847,2525.742578040541
62542,30.432424354648447,1420.8399999989847,2525.753284833122
62543,30.432424354648447,1420.8599999989847,2525.7639916857156
62544,30.432424354648447,1420.8799999989847,2525.774698598335
62545,30.432424354648447,1420.8999999989846,2525.7854055709936
62546,30.432424354648447,1420.9199999989846,2525.796112603705
62547,30.432424354648447,1420.9399999989846,2525.8068196964823
62548,30.432424354648447,1420.9599999989846,2525.817526849339
62549,30.432424354648447,1420.9799999989846,2525.8282340622886
62550,30.432424354648447,1420.9999999989845,2525.8389413353448
62551,30.432424354648447,1421.0199999989845,2525.8496486685203
62552,30.432424354648447,1421.0399999989845,2525.8603560618294
62553,30.432424354648447,1421.0599999989845,2525.8710635152847
62554,30.432424354648447,1421.0799999989845,2525.8817710289004
62555,30.432424354648447,1421.0999999989845,2525.892478602689
62556,30.432424354648447,1421.1199999989844,2525.903186236665
62557,30.432424354648447,1421.1399999989844,2525.913893930841
62558,30.432424354648447,1421.1599999989844,2525.9246016852308
62559,30.432424354648447,1421.1799999989844,2525.9353094998473
62560,30.432424354648447,1421.1999999989844,2525.9460173747048
62561,30.432424354648447,1421.2199999989843,2525.956725309816
62562,30.432424354648447,1421.2399999989843,2525.967433305195
62563,30.432424354648447,1421.2599999989843,2525.9781413608544
62564,30.432424354648447,1421.2799999989843,2525.988849476808
62565,30.432424354648447,1421.2999999989843,2525.999557653069
62566,30.432424354648447,1421.3199999989843,2526.0102658896517
62567,30.432424354648447,1421.3399999989842,2526.0209741865683
62568,30.432424354648447,1421.3599999989842,2526.031682543833
62569,30.432424354648447,1421.3799999989842,2526.042390961459
62570,30.432424354648447,1421.3999999989842,2526.05309943946
62571,30.432424354648447,1421.4199999989842,2526.0638079778487
62572,30.432424354648447,1421.4399999989841,2526.0745165766393
62573,30.432424354648447,1421.4599999989841,2526.085225235845
62574,30.432424354648447,1421.479999998984,2526.09593395548
62575,30.432424354648447,1421.499999998984,2526.1066427357446
62576,30.432424354648447,1421.519999998984,2526.1173515768282
62577,30.432424354648447,1421.539999998984,2526.128060478744
62578,30.432424354648447,1421.559999998984,2526.1387694415057
62579,30.432424354648447,1421.579999998984,2526.149478465127
62580,30.432424354648447,1421.599999998984,2526.1601875496203
62581,30.432424354648447,1421.619999998984,2526.170896695
62582,30.432424354648447,1421.639999998984,2526.1816059012795
62583,30.432424354648447,1421.659999998984,2526.192315168472
62584,30.432424354648447,1421.679999998984,2526.203024496591
62585,30.432424354648447,1421.699999998984,2526.2137338856496
62586,30.432424354648447,1421.719999998984,2526.224443335662
62587,30.432424354648447,1421.7399999989839,2526.235152846641
62588,30.432424354648447,1421.7599999989839,2526.2458624186006
62589,30.432424354648447,1421.7799999989838,2526.256572051554
62590,30.432424354648447,1421.7999999989838,2526.2672817455145
62591,30.432424354648447,1421.8199999989838,2526.277991500496
62592,30.432424354648447,1421.8399999989838,2526.288701316511
62593,30.432424354648447,1421.8599999989838,2526.2994111935736
62594,30.432424354648447,1421.8799999989837,2526.3101211316975
62595,30.432424354648447,1421.8999999989837,2526.320831130896
62596,30.432424354648447,1421.9199999989837,2526.331541191182
62597,30.432424354648447,1421.9399999989837,2526.34225131257
62598,30.432424354648447,1421.9599999989837,2526.352961495073
62599,30.432424354648447,1421.9799999989837,2526.363671738704
62600,30.432424354648447,1421.9999999989836,2526.3743820434765
62601,30.432424354648447,1422.0199999989836,2526.3850924094045
62602,30.432424354648447,1422.0399999989836,2526.395802836501
62603,30.432424354648447,1422.0599999989836,2526.4065133247796
62604,30.432424354648447,1422.0799999989836,2526.417223874254
62605,30.432424354648447,1422.0999999989835,2526.4279344849374
62606,30.432424354648447,1422.1199999989835,2526.4386451568434
62607,30.432424354648447,1422.1399999989835,2526.4493558899853
62608,30.432424354648447,1422.1599999989835,2526.4600666843767
62609,30.432424354648447,1422.1799999989835,2526.470777540031
62610,30.432424354648447,1422.1999999989835,2526.481488456962
62611,30.432424354648447,1422.2199999989834,2526.4921994351826
62612,30.432424354648447,1422.2399999989834,2526.5029104747064
62613,30.432424354648447,1422.2599999989834,2526.513621575547
62614,30.432424354648447,1422.2799999989834,2526.5243327377175
62615,30.432424354648447,1422.2999999989834,2526.5350439612316
62616,30.432424354648447,1422.3199999989833,2526.545755246103
62617,30.432424354648447,1422.3399999989833,2526.556466592345
62618,30.432424354648447,1422.3599999989833,2526.5671779999707
62619,30.432424354648447,1422.3799999989833,2526.5778894689943
62620,30.432424354648447,1422.3999999989833,2526.5886009994288
62621,30.432424354648447,1422.4199999989833,2526.599312591288
62622,30.432424354648447,1422.4399999989832,2526.6100242445846
62623,30.432424354648447,1422.4599999989832,2526.6207359593327
62624,30.432424354648447,1422.4799999989832,2526.631447735546
62625,30.432424354648447,1422.4999999989832,2526.6421595732427
62626,30.432424354648447,1422.5199999989832,2526.6528714726405
62627,30.432424354648447,1422.5399999989831,2526.6635834339077
62628,30.432424354648447,1422.5599999989831,2526.6742954570577
62629,30.432424354648447,1422.579999998983,2526.6850075421044
62630,30.432424354648447,1422.599999998983,2526.6957196890608
62631,30.432424354648447,1422.619999998983,2526.7064318979405
62632,30.432424354648447,1422.639999998983,2526.7171441687574
62633,30.432424354648447,1422.659999998983,2526.7278565015245
62634,30.432424354648447,1422.679999998983,2526.7385688962554
62635,30.432424354648447,1422.699999998983,2526.7492813529634
62636,30.432424354648447,1422.719999998983,2526.7599938716626
62637,30.432424354648447,1422.739999998983,2526.770706452366
62638,30.432424354648447,1422.759999998983,2526.781419095087
62639,30.432424354648447,1422.779999998983,2526.79213179984
62640,30.432424354648447,1422.799999998983,2526.8028445666373
62641,30.432424354648447,1422.819999998983,2526.813557395493
62642,30.432424354648447,1422.8399999989829,2526.82427028642
62643,30.432424354648447,1422.8599999989829,2526.8349832394324
62644,30.432424354648447,1422.8799999989828,2526.845696254544
62645,30.432424354648447,1422.8999999989828,2526.8564093317673
62646,30.432424354648447,1422.9199999989828,2526.8671224711165
62647,30.432424354648447,1422.9399999989828,2526.877835672605
62648,30.432424354648447,1422.9599999989828,2526.8885489362465
62649,30.432424354648447,1422.9799999989827,2526.899262262054
62650,30.432424354648447,1422.9999999989827,2526.9099756500414
62651,30.432424354648447,1423.0199999989827,2526.920689100222
62652,30.432424354648447,1423.0399999989827,2526.931402612609
62653,30.432424354648447,1423.0599999989827,2526.9421161872165
62654,30.432424354648447,1423.0799999989827,2526.9528298240575
62655,30.432424354648447,1423.0999999989826,2526.9635435231457
62656,30.432424354648447,1423.1199999989826,2526.974257284495
62657,30.432424354648447,1423.1399999989826,2526.984971108118
62658,30.432424354648447,1423.1599999989826,2526.995684994029
62659,30.432424354648447,1423.1799999989826,2527.006398942241
62660,30.432424354648447,1423.1999999989825,2527.017112952768
62661,30.432424354648447,1423.2199999989825,2527.027827025623
62662,30.432424354648447,1423.2399999989825,2527.03854116082
62663,30.432424354648447,1423.2599999989825,2527.0492553583717
62664,30.432424354648447,1423.2799999989825,2527.059969618292
62665,30.432424354648447,1423.2999999989825,2527.070683940595
62666,30.432424354648447,1423.3199999989824,2527.0813983252933
62667,30.432424354648447,1423.3399999989824,2527.092112772401
62668,30.432424354648447,1423.3599999989824,2527.1028272819312
62669,30.432424354648447,1423.3799999989824,2527.1135418538975
62670,30.432424354648447,1423.3999999989824,2527.1242564883137
62671,30.432424354648447,1423.4199999989823,2527.134971185193
62672,30.432424354648447,1423.4399999989823,2527.145685944549
62673,30.432424354648447,1423.4599999989823,2527.156400766395
62674,30.432424354648447,1423.4799999989823,2527.167115650745
62675,30.432424354648447,1423.4999999989823,2527.177830597612
62676,30.432424354648447,1423.5199999989823,2527.188545607019
62677,30.432424354648447,1423.5399999989822,2527.1992606792014
62678,30.432424354648447,1423.5599999989822,2527.2099758143067
62679,30.432424354648447,1423.5799999989822,2527.2206910123477
62680,30.432424354648447,1423.5999999989822,2527.2314062733385
62681,30.432424354648447,1423.6199999989822,2527.242121597292
62682,30.432424354648447,1423.6399999989821,2527.2528369842225
62683,30.432424354648447,1423.6599999989821,2527.263552434143
62684,30.432424354648447,1423.679999998982,2527.2742679470675
62685,30.432424354648447,1423.699999998982,2527.284983523009
62686,30.432424354648447,1423.719999998982,2527.2956991619812
62687,30.432424354648447,1423.739999998982,2527.306414863998
62688,30.432424354648447,1423.759999998982,2527.3171306290724
62689,30.432424354648447,1423.779999998982,2527.327846457218
62690,30.432424354648447,1423.799999998982,2527.3385623484487
62691,30.432424354648447,1423.819999998982,2527.3492783027777
62692,30.432424354648447,1423.839999998982,2527.3599943202184
62693,30.432424354648447,1423.859999998982,2527.370710400785
62694,30.432424354648447,1423.879999998982,2527.3814265444903
62695,30.432424354648447,1423.899999998982,2527.392142751348
62696,30.432424354648447,1423.919999998982,2527.4028590213716
62697,30.432424354648447,1423.9399999989819,2527.4135753545747
62698,30.432424354648447,1423.9599999989819,2527.424291750971
62699,30.432424354648447,1423.9799999989818,2527.435008210574
62700,30.432424354648447,1423.9999999989818,2527.445724733397
62701,30.432424354648447,1424.0199999989818,2527.456441319454
62702,30.432424354648447,1424.0399999989818,2527.467157968758
62703,30.432424354648447,1424.0599999989818,2527.4778746813226
62704,30.432424354648447,1424.0799999989817,2527.488591457162
62705,30.432424354648447,1424.0999999989817,2527.4993082962887
62706,30.432424354648447,1424.1199999989817,2527.510025198717
62707,30.432424354648447,1424.1399999989817,2527.52074216446
62708,30.432424354648447,1424.1599999989817,2527.5314591935316
62709,30.432424354648447,1424.1799999989817,2527.542176285945
62710,30.432424354648447,1424.1999999989816,2527.552893441714
62711,30.432424354648447,1424.2199999989816,2527.5636106608517
62712,30.432424354648447,1424.2399999989816,2527.5743279433723
62713,30.432424354648447,1424.2599999989816,2527.585045289289
62714,30.432424354648447,1424.2799999989816,2527.5957626986155
62715,30.432424354648447,1424.2999999989815,2527.606480171365
62716,30.432424354648447,1424.3199999989815,2527.6171977075514
62717,30.432424354648447,1424.3399999989815,2527.627915307188
62718,30.432424354648447,1424.3599999989815,2527.6386329702877
62719,30.432424354648447,1424.3799999989815,2527.6493506968654
62720,30.432424354648447,1424.3999999989815,2527.6600684869336
62721,30.432424354648447,1424.4199999989814,2527.6707863405063
62722,30.432424354648447,1424.4399999989814,2527.6815042575968
62723,30.432424354648447,1424.4599999989814,2527.692222238219
62724,30.432424354648447,1424.4799999989814,2527.7029402823864
62725,30.432424354648447,1424.4999999989814,2527.713658390112
62726,30.432424354648447,1424.5199999989813,2527.72437656141
62727,30.432424354648447,1424.5399999989813,2527.735094796308
62728,30.432424354648447,1424.5599999989813,2527.7458130950727
62729,30.432424354648447,1424.5799999989813,2527.7565314578355
62730,30.432424354648447,1424.5999999989813,2527.76724988461
62731,30.432424354648447,1424.6199999989813,2527.77796837541
62732,30.432424354648447,1424.6399999989812,2527.7886869302492
62733,30.432424354648447,1424.6599999989812,2527.799405549141
62734,30.432424354648447,1424.6799999989812,2527.8101242320986
62735,30.432424354648447,1424.6999999989812,2527.820842979136
62736,30.432424354648447,1424.7199999989812,2527.831561790267
62737,30.391825949400317,1424.7399999989811,2527.842280665505
62738,30.391825949400317,1424.7599999989811,2527.852999604863
62739,30.391825949400317,1424.779999998981,2527.863718608355
62740,30.391825949400317,1424.799999998981,2527.874437675995
62741,30.391825949400317,1424.819999998981,2527.8851568077957
62742,30.391825949400317,1424.839999998981,2527.8958760037713
62743,30.391825949400317,1424.859999998981,2527.906595263935
62744,30.391825949400317,1424.879999998981,2527.9173145883
62745,30.391825949400317,1424.899999998981,2527.928033976881
62746,30.391825949400317,1424.919999998981,2527.9387534296907
62747,30.391825949400317,1424.939999998981,2527.949472946743
62748,30.391825949400317,1424.959999998981,2527.9601925280513
62749,30.391825949400317,1424.979999998981,2527.970912173629
62750,30.391825949400317,1424.999999998981,2527.98163188349
62751,30.391825949400317,1425.019999998981,2527.9923516576478
62752,30.391825949400317,1425.0399999989809,2528.003071496116
62753,30.391825949400317,1425.0599999989809,2528.013791398908
62754,30.391825949400317,1425.0799999989808,2528.0245113660376
62755,30.391825949400317,1425.0999999989808,2528.035231397518
62756,30.391825949400317,1425.1199999989808,2528.045951493363
62757,30.391825949400317,1425.1399999989808,2528.0566716535864
62758,30.391825949400317,1425.1599999989808,2528.0673918782013
62759,30.391825949400317,1425.1799999989807,2528.0781121672217
62760,30.391825949400317,1425.1999999989807,2528.088832520661
62761,30.391825949400317,1425.2199999989807,2528.0995529385327
62762,30.391825949400317,1425.2399999989807,2528.1102734208503
62763,30.391825949400317,1425.2599999989807,2528.1209939676273
62764,30.391825949400317,1425.2799999989807,2528.1317145788776
62765,30.391825949400317,1425.2999999989806,2528.1424352546146
62766,30.391825949400317,1425.3199999989806,2528.153155994852
62767,30.391825949400317,1425.3399999989806,2528.1638767996033
62768,30.391825949400317,1425.3599999989806,2528.174597668882
62769,30.391825949400317,1425.3799999989806,2528.185318602702
62770,30.391825949400317,1425.3999999989805,2528.1960396010763
62771,30.391825949400317,1425.4199999989805,2528.206760664019
62772,30.391825949400317,1425.4399999989805,2528.217481791543
62773,30.391825949400317,1425.4599999989805,2528.2282029836624
62774,30.391825949400317,1425.4799999989805,2528.2389242403906
62775,30.391825949400317,1425.4999999989805,2528.2496455617415
62776,30.391825949400317,1425.5199999989804,2528.2603669477285
62777,30.391825949400317,1425.5399999989804,2528.271088398365
62778,30.391825949400317,1425.5599999989804,2528.2818099136816
62779,30.391825949400317,1425.5799999989804,2528.2925314939307
62780,30.391825949400317,1425.5999999989804,2528.303253139211
62781,30.391825949400317,1425.6199999989803,2528.3139748495355
62782,30.391825949400317,1425.6399999989803,2528.324696624918
62783,30.391825949400317,1425.6599999989803,2528.335418465372
62784,30.391825949400317,1425.6799999989803,2528.3461403709116
62785,30.391825949400317,1425.6999999989803,2528.3568623415495
62786,30.391825949400317,1425.7199999989803,2528.3675843773
62787,30.391825949400317,1425.7399999989802,2528.3783064781765
62788,30.391825949400317,1425.7599999989802,2528.3890286441924
62789,30.391825949400317,1425.7799999989802,2528.399750875362
62790,30.391825949400317,1425.7999999989802,2528.410473171698
62791,30.391825949400317,1425.8199999989802,2528.4211955332144
62792,30.391825949400317,1425.8399999989801,2528.4319179599247
62793,30.391825949400317,1425.8599999989801,2528.4426404518426
62794,30.391825949400317,1425.87999999898,2528.453363008982
62795,30.391825949400317,1425.89999999898,2528.464085631356
62796,30.391825949400317,1425.91999999898,2528.4748083189784
62797,30.391825949400317,1425.93999999898,2528.4855310718626
62798,30.391825949400317,1425.95999999898,2528.4962538900227
62799,30.391825949400317,1425.97999999898,2528.5069767734717
62800,30.391825949400317,1425.99999999898,2528.517699722224
62801,30.391825949400317,1426.01999999898,2528.528422736292
62802,30.391825949400317,1426.03999999898,2528.5391458156905
62803,30.391825949400317,1426.05999999898,2528.5498689604324
62804,30.391825949400317,1426.07999999898,2528.5605921705314
62805,30.391825949400317,1426.09999999898,2528.5713154460013
62806,30.391825949400317,1426.11999999898,2528.5820387868557
62807,30.391825949400317,1426.1399999989799,2528.5927621931082
62808,30.391825949400317,1426.1599999989799,2528.6034856647725
62809,30.391825949400317,1426.1799999989798,2528.6142092018617
62810,30.391825949400317,1426.1999999989798,2528.62493280439
62811,30.391825949400317,1426.2199999989798,2528.6356564723706
62812,30.391825949400317,1426.2399999989798,2528.6463802058174
62813,30.391825949400317,1426.2599999989798,2528.657104004744
62814,30.391825949400317,1426.2799999989797,2528.6678278691634
62815,30.391825949400317,1426.2999999989797,2528.6785517990897
62816,30.391825949400317,1426.3199999989797,2528.689275794537
62817,30.391825949400317,1426.3399999989797,2528.6999998555184
62818,30.391825949400317,1426.3599999989797,2528.7107239820475
62819,30.391825949400317,1426.3799999989797,2528.7214481741375
62820,30.391825949400317,1426.3999999989796,2528.7321724318026
62821,30.391825949400317,1426.4199999989796,2528.7428967550563
62822,30.391825949400317,1426.4399999989796,2528.7536211439124
62823,30.391825949400317,1426.4599999989796,2528.764345598384
62824,30.391825949400317,1426.4799999989796,2528.775070118485
62825,30.391825949400317,1426.4999999989795,2528.785794704229
62826,30.391825949400317,1426.5199999989795,2528.7965193556292
62827,30.391825949400317,1426.5399999989795,2528.8072440727
62828,30.391825949400317,1426.5599999989795,2528.8179688554546
62829,30.391825949400317,1426.5799999989795,2528.8286937039293
62830,30.391825949400317,1426.5999999989795,2528.8394186184096
62831,30.391825949400317,1426.6199999989794,2528.850143598978
62832,30.391825949400317,1426.6399999989794,2528.8608686456478
62833,30.391825949400317,1426.6599999989794,2528.8715937584334
62834,30.391825949400317,1426.6799999989794,2528.882318937348
62835,30.391825949400317,1426.6999999989794,2528.893044182405
62836,30.391825949400317,1426.7199999989793,2528.9037694936183
62837,30.391825949400317,1426.7399999989793,2528.914494871002
62838,30.391825949400317,1426.7599999989793,2528.925220314569
62839,30.391825949400317,1426.7799999989793,2528.935945824333
62840,30.391825949400317,1426.7999999989793,2528.946671400308
62841,30.391825949400317,1426.8199999989793,2528.9573970425076
62842,30.391825949400317,1426.8399999989792,2528.9681227509454
62843,30.391825949400317,1426.8599999989792,2528.978848525635
62844,30.391825949400317,1426.8799999989792,2528.9895743665897
62845,30.391825949400317,1426.8999999989792,2529.000300273824
62846,30.391825949400317,1426.9199999989792,2529.011026247351
62847,30.391825949400317,1426.9399999989791,2529.021752287184
62848,30.391825949400317,1426.9599999989791,2529.032478393337
62849,30.391825949400317,1426.979999998979,2529.0432045658235
62850,30.391825949400317,1426.999999998979,2529.0539308046577
62851,30.391825949400317,1427.019999998979,2529.0646571098528
62852,30.391825949400317,1427.039999998979,2529.0753834814223
62853,30.391825949400317,1427.059999998979,2529.08610991938
62854,30.391825949400317,1427.079999998979,2529.096836423739
62855,30.391825949400317,1427.099999998979,2529.1075629945144
62856,30.391825949400317,1427.119999998979,2529.1182896317187
62857,30.391825949400317,1427.139999998979,2529.1290163353656
62858,30.391825949400317,1427.159999998979,2529.139743105469
62859,30.391825949400317,1427.179999998979,2529.150469942042
62860,30.391825949400317,1427.199999998979,2529.1611968450993
62861,30.391825949400317,1427.219999998979,2529.171923814654
62862,30.391825949400317,1427.2399999989789,2529.1826508507193
62863,30.391825949400317,1427.2599999989789,2529.193377953309
62864,30.391825949400317,1427.2799999989788,2529.204105122438
62865,30.391825949400317,1427.2999999989788,2529.214832358118
62866,30.391825949400317,1427.3199999989788,2529.225559660364
62867,30.391825949400317,1427.3399999989788,2529.236287029189
62868,30.391825949400317,1427.3599999989788,2529.247014464607
62869,30.391825949400317,1427.3799999989787,2529.257741966632
62870,30.391825949400317,1427.3999999989787,2529.2684695352764
62871,30.391825949400317,1427.4199999989787,2529.2791971705547
62872,30.391825949400317,1427.4399999989787,2529.2899248724807
62873,30.391825949400317,1427.4599999989787,2529.3006526410677
62874,30.391825949400317,1427.4799999989787,2529.3113804763293
62875,30.391825949400317,1427.4999999989786,2529.3221083782796
62876,30.391825949400317,1427.5199999989786,2529.332836346932
62877,30.391825949400317,1427.5399999989786,2529.3435643823
62878,30.391825949400317,1427.5599999989786,2529.3542924843973
62879,30.391825949400317,1427.5799999989786,2529.3650206532375
62880,30.391825949400317,1427.5999999989785,2529.3757488888614
62881,30.391825949400317,1427.6199999989785,2529.3864771915723
62882,30.391825949400317,1427.6399999989785,2529.3972055614317
62883,30.391825949400317,1427.6599999989785,2529.407933998453
62884,30.391825949400317,1427.6799999989785,2529.4186625026496
62885,30.391825949400317,1427.6999999989785,2529.4293910740357
62886,30.391825949400317,1427.7199999989784,2529.440119712625
62887,30.391825949400317,1427.7399999989784,2529.4508484184307
62888,30.391825949400317,1427.7599999989784,2529.461577191467
62889,30.391825949400317,1427.7799999989784,2529.4723060317474
62890,30.391825949400317,1427.7999999989784,2529.4830349392855
62891,30.391825949400317,1427.8199999989783,2529.493763914095
62892,30.391825949400317,1427.8399999989783,2529.5044929561896
62893,30.391825949400317,1427.8599999989783,2529.5152220655827
62894,30.391825949400317,1427.8799999989783,2529.5259512422886
62895,30.391825949400317,1427.8999999989783,2529.5366804863206
62896,30.391825949400317,1427.9199999989783,2529.547409797692
62897,30.391825949400317,1427.9399999989782,2529.558139176417
62898,30.391825949400317,1427.9599999989782,2529.5688686225094
62899,30.391825949400317,1427.9799999989782,2529.5795981359825
62900,30.391825949400317,1427.9999999989782,2529.59032771685
62901,30.391825949400317,1428.0199999989782,2529.601057365126
62902,30.391825949400317,1428.0399999989781,2529.611787080824
62903,30.391825949400317,1428.0599999989781,2529.622516863957
62904,30.391825949400317,1428.079999998978,2529.63324671454
62905,30.391825949400317,1428.099999998978,2529.6439766325852
62906,30.391825949400317,1428.119999998978,2529.6547066181074
62907,30.391825949400317,1428.139999998978,2529.66543667112
62908,30.391825949400317,1428.159999998978,2529.676166791636
62909,30.391825949400317,1428.179999998978,2529.68689697967
62910,30.391825949400317,1428.199999998978,2529.6976272352354
62911,30.391825949400317,1428.219999998978,2529.7083575583456
62912,30.391825949400317,1428.239999998978,2529.7190879490145
62913,30.391825949400317,1428.259999998978,2529.729818407256
62914,30.391825949400317,1428.279999998978,2529.7405489330836
62915,30.391825949400317,1428.299999998978,2529.751279526511
62916,30.391825949400317,1428.319999998978,2529.762010187552
62917,30.391825949400317,1428.3399999989779,2529.77274091622
62918,30.391825949400317,1428.3599999989779,2529.783471712529
62919,30.391825949400317,1428.3799999989778,2529.794202576492
62920,30.391825949400317,1428.3999999989778,2529.804933508123
62921,30.391825949400317,1428.4199999989778,2529.8156645074364
62922,30.391825949400317,1428.4399999989778,2529.826395574445
62923,30.391825949400317,1428.4599999989778,2529.8371267091634
62924,30.391825949400317,1428.4799999989777,2529.8478579116045
62925,30.391825949400317,1428.4999999989777,2529.858589181782
62926,30.391825949400317,1428.5199999989777,2529.86932051971
62927,30.391825949400317,1428.5399999989777,2529.8800519254023
62928,30.391825949400317,1428.5599999989777,2529.890783398872
62929,30.391825949400317,1428.5799999989777,2529.901514940133
62930,30.391825949400317,1428.5999999989776,2529.912246549199
62931,30.391825949400317,1428.6199999989776,2529.922978226119
62932,30.391825949400317,1428.6399999989776,2529.933709971207
62933,30.391825949400317,1428.6599999989776,2529.944441784506
62934,30.391825949400317,1428.6799999989776,2529.9551736660305
62935,30.391825949400317,1428.6999999989775,2529.9659056157934
62936,30.391825949400317,1428.7199999989775,2529.976637633809
62937,30.391825949400317,1428.7399999989775,2529.9873697200906
62938,30.391825949400317,1428.7599999989775,2529.9981018746525
62939,30.391825949400317,1428.7799999989775,2530.0088340987804
62940,30.391825949400317,1428.7999999989775,2530.019566394718
62941,30.391825949400317,1428.8199999989774,2530.0302987625855
62942,30.391825949400317,1428.8399999989774,2530.0410312023973
62943,30.391825949400317,1428.8599999989774,2530.0517637141675
62944,30.391825949400317,1428.8799999989774,2530.0624962979105
62945,30.391825949400317,1428.8999999989774,2530.0732289536404
62946,30.391825949400317,1428.9199999989773,2530.0839616813714
62947,30.391825949400317,1428.9399999989773,2530.0946944811176
62948,30.391825949400317,1428.9599999989773,2530.1054273528935
62949,30.391825949400317,1428.9799999989773,2530.116160296713
62950,30.391825949400317,1428.9999999989773,2530.1268933125907
62951,30.391825949400317,1429.0199999989773,2530.1376264005403
62952,30.391825949400317,1429.0399999989772,2530.1483595605764
62953,30.391825949400317,1429.0599999989772,2530.1590927927127
62954,30.391825949400317,1429.0799999989772,2530.169826096964
62955,30.391825949400317,1429.0999999989772,2530.180559473344
62956,30.391825949400317,1429.1199999989772,2530.1912929218674
62957,30.391825949400317,1429.1399999989771,2530.2020264425482
62958,30.391825949400317,1429.1599999989771,2530.2127600354006
62959,30.391825949400317,1429.179999998977,2530.2234937004387
62960,30.391825949400317,1429.199999998977,2530.234227437677
62961,30.391825949400317,1429.219999998977,2530.244961247129
62962,30.391825949400317,1429.239999998977,2530.2556951288097
62963,30.391825949400317,1429.259999998977,2530.266429082733
62964,30.391825949400317,1429.279999998977,2530.277163108913
62965,30.391825949400317,1429.299999998977,2530.287897207364
62966,30.391825949400317,1429.319999998977,2530.2986313781003
62967,30.391825949400317,1429.339999998977,2530.309365621136
62968,30.391825949400317,1429.359999998977,2530.3200999364853
62969,30.391825949400317,1429.379999998977,2530.3308343241624
62970,30.391825949400317,1429.399999998977,2530.3415687841816
62971,30.391825949400317,1429.419999998977,2530.3523033165575
62972,30.391825949400317,1429.4399999989769,2530.3630379213037
62973,30.391825949400317,1429.4599999989769,2530.3737725984347
62974,30.391825949400317,1429.4799999989768,2530.3845073479642
62975,30.391825949400317,1429.4999999989768,2530.3952421699073
62976,30.391825949400317,1429.5199999989768,2530.4059770642775
62977,30.391825949400317,1429.5399999989768,2530.4167120310894
62978,30.391825949400317,1429.5599999989768,2530.427447070357
62979,30.391825949400317,1429.5799999989767,2530.438182182095
62980,30.391825949400317,1429.5999999989767,2530.4489173663164
62981,30.391825949400317,1429.6199999989767,2530.4596526230366
62982,30.391825949400317,1429.6399999989767,2530.470387952326
62983,30.391825949400317,1429.6599999989767,2530.4811233544824
62984,30.391825949400317,1429.6799999989767,2530.4918588295463
62985,30.391825949400317,1429.6999999989766,2530.5025943775318
62986,30.391825949400317,1429.7199999989766,2530.513329998453
62987,30.391825949400317,1429.7399999989766,2530.5240656923243
62988,30.391825949400317,1429.7599999989766,2530.5348014591596
62989,30.391825949400317,1429.7799999989766,2530.5455372989736
62990,30.391825949400317,1429.7999999989765,2530.55627321178
62991,30.391825949400317,1429.8199999989765,2530.5670091975935
62992,30.391825949400317,1429.8399999989765,2530.5777452564284
62993,30.391825949400317,1429.8599999989765,2530.5884813882985
62994,30.391825949400317,1429.8799999989765,2530.5992175932183
62995,30.391825949400317,1429.8999999989765,2530.6099538712024
62996,30.391825949400317,1429.9199999989764,2530.6206902222643
62997,30.391825949400317,1429.9399999989764,2530.6314266464187
62998,30.391825949400317,1429.9599999989764,2530.64216314368
62999,30.391825949400317,1429.9799999989764,2530.652899714062
63000,30.391825949400317,1429.9999999989764,2530.6636363575794
63001,30.391825949400317,1430.0199999989763,2530.674373074246
63002,30.391825949400317,1430.0399999989763,2530.6851098640764
63003,30.391825949400317,1430.0599999989763,2530.6958467270847
63004,30.391825949400317,1430.0799999989763,2530.706583663285
63005,30.391825949400317,1430.0999999989763,2530.717320672692
63006,30.391825949400317,1430.1199999989763,2530.7280577553197
63007,30.391825949400317,1430.1399999989762,2530.738794911182
63008,30.391825949400317,1430.1599999989762,2530.749532140294
63009,30.391825949400317,1430.1799999989762,2530.760269442669
63010,30.391825949400317,1430.1999999989762,2530.771006818322
63011,30.391825949400317,1430.2199999989762,2530.7817442672667
63012,30.391825949400317,1430.2399999989761,2530.7924817895178
63013,30.391825949400317,1430.2599999989761,2530.803219385089
63014,30.391825949400317,1430.279999998976,2530.813957053995
63015,30.391825949400317,1430.299999998976,2530.8246947962502
63016,30.391825949400317,1430.319999998976,2530.8354326118683
63017,30.391825949400317,1430.339999998976,2530.846170500864
63018,30.391825949400317,1430.359999998976,2530.8569084632513
63019,30.391825949400317,1430.379999998976,2530.8676464990444
63020,30.391825949400317,1430.399999998976,2530.878384608258
63021,30.391825949400317,1430.419999998976,2530.8891227909057
63022,30.391825949400317,1430.439999998976,2530.8998610470026
63023,30.391825949400317,1430.459999998976,2530.9105993765625
63024,30.391825949400317,1430.479999998976,2530.9213377795995
63025,30.391825949400317,1430.499999998976,2530.932076256128
63026,30.391825949400317,1430.519999998976,2530.942814806162
63027,30.391825949400317,1430.5399999989759,2530.953553429716
63028,30.391825949400317,1430.5599999989759,2530.9642921268046
63029,30.391825949400317,1430.5799999989758,2530.9750308974417
63030,30.391825949400317,1430.5999999989758,2530.9857697416414
63031,30.391825949400317,1430.6199999989758,2530.9965086594184
63032,30.391825949400317,1430.6399999989758,2531.0072476507867
63033,30.391825949400317,1430.6599999989758,2531.017986715843
63034,30.391825949400317,1430.6799999989757,2531.028725854886
63035,30.391825949400317,1430.6999999989757,2531.0394650679523
63036,30.391825949400317,1430.7199999989757,2531.050204355056
63037,30.391825949400317,1430.7399999989757,2531.0609437162116
63038,30.391825949400317,1430.7599999989757,2531.0716831514333
63039,30.391825949400317,1430.7799999989757,2531.082422660735
63040,30.391825949400317,1430.7999999989756,2531.0931622441317
63041,30.391825949400317,1430.8199999989756,2531.1039019016375
63042,30.391825949400317,1430.8399999989756,2531.1146416332663
63043,30.391825949400317,1430.8599999989756,2531.1253814390325
63044,30.391825949400317,1430.8799999989756,2531.1361213189507
63045,30.391825949400317,1430.8999999989755,2531.146861273035
63046,30.391825949400317,1430.9199999989755,2531.1576013012996
63047,30.391825949400317,1430.9399999989755,2531.168341403759
63048,30.391825949400317,1430.9599999989755,2531.1790815804275
63049,30.391825949400317,1430.9799999989755,2531.189821831319
63050,30.391825949400317,1430.9999999989755,2531.2005621564485
63051,30.391825949400317,1431.0199999989754,2531.2113025558297
63052,30.391825949400317,1431.0399999989754,2531.222043029477
63053,30.351317731176376,1431.0599999989754,2531.232783577405
63054,30.351317731176376,1431.0799999989754,2531.2435241996277
63055,30.351317731176376,1431.0999999989754,2531.2542648961594
63056,30.351317731176376,1431.1199999989753,2531.2650056670145
63057,30.351317731176376,1431.1399999989753,2531.275746512207
63058,30.351317731176376,1431.1599999989753,2531.286487431752
63059,30.351317731176376,1431.1799999989753,2531.297228425663
63060,30.351317731176376,1431.1999999989753,2531.3079694939543
63061,30.351317731176376,1431.2199999989753,2531.3187106366404
63062,30.351317731176376,1431.2399999989752,2531.329451853736
63063,30.351317731176376,1431.2599999989752,2531.3401931452545
63064,30.351317731176376,1431.2799999989752,2531.350934511211
63065,30.351317731176376,1431.2999999989752,2531.3616759516194
63066,30.351317731176376,1431.3199999989752,2531.3724174664944
63067,30.351317731176376,1431.3399999989751,2531.38315905585
63068,30.351317731176376,1431.3599999989751,2531.3939007197
63069,30.351317731176376,1431.379999998975,2531.4046424580597
63070,30.351317731176376,1431.399999998975,2531.415384270943
63071,30.351317731176376,1431.419999998975,2531.426126158364
63072,30.351317731176376,1431.439999998975,2531.436868120337
63073,30.351317731176376,1431.459999998975,2531.447610156876
63074,30.351317731176376,1431.479999998975,2531.4583522679964
63075,30.351317731176376,1431.499999998975,2531.4690944537115
63076,30.351317731176376,1431.519999998975,2531.479836714036
63077,30.351317731176376,1431.539999998975,2531.4905790489843
63078,30.351317731176376,1431.559999998975,2531.5013214585706
63079,30.351317731176376,1431.579999998975,2531.512063942809
63080,30.351317731176376,1431.599999998975,2531.522806501714
63081,30.351317731176376,1431.619999998975,2531.5335491353
63082,30.351317731176376,1431.6399999989749,2531.544291843581
63083,30.351317731176376,1431.6599999989749,2531.555034626572
63084,30.351317731176376,1431.6799999989748,2531.5657774843794
63085,30.351317731176376,1431.6999999989748,2531.5765204172526
63086,30.351317731176376,1431.7199999989748,2531.5872634252214
63087,30.351317731176376,1431.7399999989748,2531.5980065083
63088,30.351317731176376,1431.7599999989748,2531.6087496665027
63089,30.351317731176376,1431.7799999989747,2531.619492899844
63090,30.351317731176376,1431.7999999989747,2531.630236208338
63091,30.351317731176376,1431.8199999989747,2531.640979591999
63092,30.351317731176376,1431.8399999989747,2531.6517230508416
63093,30.351317731176376,1431.8599999989747,2531.66246658488
63094,30.351317731176376,1431.8799999989747,2531.6732101941284
63095,30.351317731176376,1431.8999999989746,2531.6839538786016
63096,30.351317731176376,1431.9199999989746,2531.6946976383138
63097,30.351317731176376,1431.9399999989746,2531.705441473279
63098,30.351317731176376,1431.9599999989746,2531.7161853835114
63099,30.351317731176376,1431.9799999989746,2531.726929369026
63100,30.351317731176376,1431.9999999989745,2531.737673429837
63101,30.351317731176376,1432.0199999989745,2531.7484175659583
63102,30.351317731176376,1432.0399999989745,2531.7591617774046
63103,30.351317731176376,1432.0599999989745,2531.7699060641903
63104,30.351317731176376,1432.0799999989745,2531.7806504263294
63105,30.351317731176376,1432.0999999989745,2531.7913948638366
63106,30.351317731176376,1432.1199999989744,2531.802139376726
63107,30.351317731176376,1432.1399999989744,2531.8128839650117
63108,30.351317731176376,1432.1599999989744,2531.8236286287083
63109,30.351317731176376,1432.1799999989744,2531.8343733678303
63110,30.351317731176376,1432.1999999989744,2531.845118182392
63111,30.351317731176376,1432.2199999989743,2531.855863072408
63112,30.351317731176376,1432.2399999989743,2531.8666080378916
63113,30.351317731176376,1432.2599999989743,2531.8773530788585
63114,30.351317731176376,1432.2799999989743,2531.888098195322
63115,30.351317731176376,1432.2999999989743,2531.898843387297
63116,30.351317731176376,1432.3199999989743,2531.9095886547975
63117,30.351317731176376,1432.3399999989742,2531.920333997838
63118,30.351317731176376,1432.3599999989742,2531.931079416433
63119,30.351317731176376,1432.3799999989742,2531.941824910597
63120,30.351317731176376,1432.3999999989742,2531.952570480344
63121,30.351317731176376,1432.4199999989742,2531.9633161256884
63122,30.351317731176376,1432.4399999989741,2531.9740618466444
63123,30.351317731176376,1432.4599999989741,2531.9848076432268
63124,30.351317731176376,1432.479999998974,2531.9955535154495
63125,30.351317731176376,1432.499999998974,2532.0062994633267
63126,30.351317731176376,1432.519999998974,2532.0170454868735
63127,30.351317731176376,1432.539999998974,2532.0277915861034
63128,30.351317731176376,1432.559999998974,2532.0385377610314
63129,30.351317731176376,1432.579999998974,2532.0492840116717
63130,30.351317731176376,1432.599999998974,2532.0600303380384
63131,30.351317731176376,1432.619999998974,2532.070776740146
63132,30.351317731176376,1432.639999998974,2532.081523218009
63133,30.351317731176376,1432.659999998974,2532.0922697716414
63134,30.351317731176376,1432.679999998974,2532.103016401058
63135,30.351317731176376,1432.699999998974,2532.113763106394
63136,30.351317731176376,1432.719999998974,2532.1245098878953
63137,30.351317731176376,1432.7399999989739,2532.135256745589
63138,30.351317731176376,1432.7599999989739,2532.1460036794892
63139,30.351317731176376,1432.7799999989738,2532.156750689611
63140,30.351317731176376,1432.7999999989738,2532.1674977759676
63141,30.351317731176376,1432.8199999989738,2532.1782449385746
63142,30.351317731176376,1432.8399999989738,2532.188992177446
63143,30.351317731176376,1432.8599999989738,2532.1997394925957
63144,30.351317731176376,1432.8799999989737,2532.2104868840383
63145,30.351317731176376,1432.8999999989737,2532.2212343517886
63146,30.351317731176376,1432.9199999989737,2532.231981895861
63147,30.351317731176376,1432.9399999989737,2532.2427295162693
63148,30.351317731176376,1432.9599999989737,2532.253477213028
63149,30.351317731176376,1432.9799999989737,2532.264224986152
63150,30.351317731176376,1432.9999999989736,2532.2749728356553
63151,30.351317731176376,1433.0199999989736,2532.285720761552
63152,30.351317731176376,1433.0399999989736,2532.296468763857
63153,30.351317731176376,1433.0599999989736,2532.3072168425842
63154,30.351317731176376,1433.0799999989736,2532.3179649977487
63155,30.351317731176376,1433.0999999989735,2532.3287132293644
63156,30.351317731176376,1433.1199999989735,2532.339461537446
63157,30.351317731176376,1433.1399999989735,2532.3502099220073
63158,30.351317731176376,1433.1599999989735,2532.360958383063
63159,30.351317731176376,1433.1799999989735,2532.3717069206277
63160,30.351317731176376,1433.1999999989735,2532.3824555347155
63161,30.351317731176376,1433.2199999989734,2532.393204225341
63162,30.351317731176376,1433.2399999989734,2532.403952992518
63163,30.351317731176376,1433.2599999989734,2532.414701836262
63164,30.351317731176376,1433.2799999989734,2532.425450756586
63165,30.351317731176376,1433.2999999989734,2532.4361997535057
63166,30.351317731176376,1433.3199999989733,2532.4469488270347
63167,30.351317731176376,1433.3399999989733,2532.4576979771878
63168,30.351317731176376,1433.3599999989733,2532.468447203979
63169,30.351317731176376,1433.3799999989733,2532.479196507423
63170,30.351317731176376,1433.3999999989733,2532.489945887534
63171,30.351317731176376,1433.4199999989733,2532.5006953443262
63172,30.351317731176376,1433.4399999989732,2532.5114448778145
63173,30.351317731176376,1433.4599999989732,2532.522194488013
63174,30.351317731176376,1433.4799999989732,2532.5329441749363
63175,30.351317731176376,1433.4999999989732,2532.5436939385986
63176,30.351317731176376,1433.5199999989732,2532.5544437790145
63177,30.351317731176376,1433.5399999989731,2532.565193696198
63178,30.351317731176376,1433.5599999989731,2532.575943690164
63179,30.351317731176376,1433.579999998973,2532.5866937609267
63180,30.351317731176376,1433.599999998973,2532.5974439085003
63181,30.351317731176376,1433.619999998973,2532.6081941328994
63182,30.351317731176376,1433.639999998973,2532.618944434138
63183,30.351317731176376,1433.659999998973,2532.629694812231
63184,30.351317731176376,1433.679999998973,2532.6404452671923
63185,30.351317731176376,1433.699999998973,2532.651195799037
63186,30.351317731176376,1433.719999998973,2532.6619464079217
63187,30.351317731176376,1433.739999998973,2532.6726970940763
63188,30.351317731176376,1433.759999998973,2532.6834478575233
63189,30.351317731176376,1433.779999998973,2532.694198698277
63190,30.351317731176376,1433.799999998973,2532.7049496163518
63191,30.351317731176376,1433.819999998973,2532.7157006117623
63192,30.351317731176376,1433.8399999989729,2532.726451684523
63193,30.351317731176376,1433.8599999989729,2532.737202834648
63194,30.351317731176376,1433.8799999989728,2532.747954062152
63195,30.351317731176376,1433.8999999989728,2532.7587053670495
63196,30.351317731176376,1433.9199999989728,2532.7694567493545
63197,30.351317731176376,1433.9399999989728,2532.7802082090816
63198,30.351317731176376,1433.9599999989728,2532.7909597462453
63199,30.351317731176376,1433.9799999989727,2532.8017113608603
63200,30.351317731176376,1433.9999999989727,2532.8124630529405
63201,30.351317731176376,1434.0199999989727,2532.823214822501
63202,30.351317731176376,1434.0399999989727,2532.8339666695556
63203,30.351317731176376,1434.0599999989727,2532.844718594119
63204,30.351317731176376,1434.0799999989727,2532.8554705962056
63205,30.351317731176376,1434.0999999989726,2532.8662226758297
63206,30.351317731176376,1434.1199999989726,2532.876974833006
63207,30.351317731176376,1434.1399999989726,2532.887727067749
63208,30.351317731176376,1434.1599999989726,2532.898479380073
63209,30.351317731176376,1434.1799999989726,2532.909231769992
63210,30.351317731176376,1434.1999999989725,2532.919984237521
63211,30.351317731176376,1434.2199999989725,2532.930736782674
63212,30.351317731176376,1434.2399999989725,2532.9414894054657
63213,30.351317731176376,1434.2599999989725,2532.9522421059105
63214,30.351317731176376,1434.2799999989725,2532.962994884023
63215,30.351317731176376,1434.2999999989725,2532.973747739817
63216,30.351317731176376,1434.3199999989724,2532.9845006733076
63217,30.351317731176376,1434.3399999989724,2532.995253684509
63218,30.351317731176376,1434.3599999989724,2533.0060067734357
63219,30.351317731176376,1434.3799999989724,2533.016759940102
63220,30.351317731176376,1434.3999999989724,2533.027513184523
63221,30.351317731176376,1434.4199999989723,2533.038266506712
63222,30.351317731176376,1434.4399999989723,2533.049019906684
63223,30.351317731176376,1434.4599999989723,2533.0597733844534
63224,30.351317731176376,1434.4799999989723,2533.070526940035
63225,30.351317731176376,1434.4999999989723,2533.0812805734427
63226,30.351317731176376,1434.5199999989723,2533.092034284691
63227,30.351317731176376,1434.5399999989722,2533.1027880737947
63228,30.351317731176376,1434.5599999989722,2533.113541940768
63229,30.351317731176376,1434.5799999989722,2533.124295885625
63230,30.351317731176376,1434.5999999989722,2533.135049908381
63231,30.351317731176376,1434.6199999989722,2533.1458040090497
63232,30.351317731176376,1434.6399999989721,2533.1565581876457
63233,30.351317731176376,1434.6599999989721,2533.1673124441836
63234,30.351317731176376,1434.679999998972,2533.178066778678
63235,30.351317731176376,1434.699999998972,2533.188821191143
63236,30.351317731176376,1434.719999998972,2533.1995756815927
63237,30.351317731176376,1434.739999998972,2533.210330250207
63238,30.351317731176376,1434.759999998972,2533.2210848971986
63239,30.351317731176376,1434.779999998972,2533.2318396225855
63240,30.351317731176376,1434.799999998972,2533.2425944263823
63241,30.351317731176376,1434.819999998972,2533.253349308604
63242,30.351317731176376,1434.839999998972,2533.264104269264
63243,30.351317731176376,1434.859999998972,2533.2748593083775
63244,30.351317731176376,1434.879999998972,2533.285614425959
63245,30.351317731176376,1434.899999998972,2533.2963696220227
63246,30.351317731176376,1434.919999998972,2533.307124896583
63247,30.351317731176376,1434.9399999989719,2533.3178802496545
63248,30.351317731176376,1434.9599999989719,2533.328635681252
63249,30.351317731176376,1434.9799999989718,2533.3393911913895
63250,30.351317731176376,1434.9999999989718,2533.3501467800816
63251,30.351317731176376,1435.0199999989718,2533.360902447343
63252,30.351317731176376,1435.0399999989718,2533.371658193188
63253,30.351317731176376,1435.0599999989718,2533.382414017631
63254,30.351317731176376,1435.0799999989717,2533.3931699206864
63255,30.351317731176376,1435.0999999989717,2533.403925902369
63256,30.351317731176376,1435.1199999989717,2533.414681962693
63257,30.351317731176376,1435.1399999989717,2533.425438101673
63258,30.351317731176376,1435.1599999989717,2533.4361943193235
63259,30.351317731176376,1435.1799999989717,2533.446950615659
63260,30.351317731176376,1435.1999999989716,2533.4577069906936
63261,30.351317731176376,1435.2199999989716,2533.468463444442
63262,30.351317731176376,1435.2399999989716,2533.479219976919
63263,30.351317731176376,1435.2599999989716,2533.4899765881387
63264,30.351317731176376,1435.2799999989716,2533.5007332781156
63265,30.351317731176376,1435.2999999989715,2533.5114900468643
63266,30.351317731176376,1435.3199999989715,2533.5222468943994
63267,30.351317731176376,1435.3399999989715,2533.5330038207353
63268,30.351317731176376,1435.3599999989715,2533.5437608258862
63269,30.351317731176376,1435.3799999989715,2533.5545179098667
63270,30.351317731176376,1435.3999999989715,2533.5652750726917
63271,30.351317731176376,1435.4199999989714,2533.5760323143754
63272,30.351317731176376,1435.4399999989714,2533.5867896349323
63273,30.351317731176376,1435.4599999989714,2533.5975470343765
63274,30.351317731176376,1435.4799999989714,2533.608304512723
63275,30.351317731176376,1435.4999999989714,2533.619062069986
63276,30.351317731176376,1435.5199999989713,2533.6298197061797
63277,30.351317731176376,1435.5399999989713,2533.640577421319
63278,30.351317731176376,1435.5599999989713,2533.6513352154184
63279,30.351317731176376,1435.5799999989713,2533.6620930884924
63280,30.351317731176376,1435.5999999989713,2533.6728510405555
63281,30.351317731176376,1435.6199999989713,2533.683609071622
63282,30.351317731176376,1435.6399999989712,2533.6943671817066
63283,30.351317731176376,1435.6599999989712,2533.7051253708237
63284,30.351317731176376,1435.6799999989712,2533.7158836389876
63285,30.351317731176376,1435.6999999989712,2533.726641986213
63286,30.351317731176376,1435.7199999989712,2533.7374004125145
63287,30.351317731176376,1435.7399999989711,2533.7481589179065
63288,30.351317731176376,1435.7599999989711,2533.75891750259
63289,30.351317731176376,1435.779999998971,2533.7696761667607
63290,30.351317731176376,1435.799999998971,2533.780434910433
63291,30.351317731176376,1435.819999998971,2533.7911937336216
63292,30.351317731176376,1435.839999998971,2533.801952636341
63293,30.351317731176376,1435.859999998971,2533.8127116186056
63294,30.351317731176376,1435.879999998971,2533.8234706804296
63295,30.351317731176376,1435.899999998971,2533.834229821828
63296,30.351317731176376,1435.919999998971,2533.844989042815
63297,30.351317731176376,1435.939999998971,2533.8557483434056
63298,30.351317731176376,1435.959999998971,2533.8665077236137
63299,30.351317731176376,1435.979999998971,2533.877267183454
63300,30.351317731176376,1435.999999998971,2533.8880267229415
63301,30.351317731176376,1436.019999998971,2533.8987863420903
63302,30.351317731176376,1436.0399999989709,2533.909546040915
63303,30.351317731176376,1436.0599999989709,2533.92030581943
63304,30.351317731176376,1436.0799999989708,2533.9310656776493
63305,30.351317731176376,1436.0999999989708,2533.941825615588
63306,30.351317731176376,1436.1199999989708,2533.952585633261
63307,30.351317731176376,1436.1399999989708,2533.9633457306827
63308,30.351317731176376,1436.1599999989708,2533.974105907867
63309,30.351317731176376,1436.1799999989707,2533.984866164829
63310,30.351317731176376,1436.1999999989707,2533.9956265015826
63311,30.351317731176376,1436.2199999989707,2534.0063869181427
63312,30.351317731176376,1436.2399999989707,2534.017147414524
63313,30.351317731176376,1436.2599999989707,2534.027907990741
63314,30.351317731176376,1436.2799999989707,2534.0386686468078
63315,30.351317731176376,1436.2999999989706,2534.049429382739
63316,30.351317731176376,1436.3199999989706,2534.0601901985497
63317,30.351317731176376,1436.3399999989706,2534.070951094254
63318,30.351317731176376,1436.3599999989706,2534.081712069866
63319,30.351317731176376,1436.3799999989706,2534.0924731254013
63320,30.351317731176376,1436.3999999989705,2534.1032342608737
63321,30.351317731176376,1436.4199999989705,2534.113995476298
63322,30.351317731176376,1436.4399999989705,2534.124756771688
63323,30.351317731176376,1436.4599999989705,2534.1355181470594
63324,30.351317731176376,1436.4799999989705,2534.146279602426
63325,30.351317731176376,1436.4999999989705,2534.1570411378025
63326,30.351317731176376,1436.5199999989704,2534.1678027532034
63327,30.351317731176376,1436.5399999989704,2534.178564448643
63328,30.351317731176376,1436.5599999989704,2534.189326224136
63329,30.351317731176376,1436.5799999989704,2534.2000880796973
63330,30.351317731176376,1436.5999999989704,2534.210850015341
63331,30.351317731176376,1436.6199999989703,2534.2216120310813
63332,30.351317731176376,1436.6399999989703,2534.2323741269333
63333,30.351317731176376,1436.6599999989703,2534.2431363029114
63334,30.351317731176376,1436.6799999989703,2534.25389855903
63335,30.351317731176376,1436.6999999989703,2534.2646608953037
63336,30.351317731176376,1436.7199999989703,2534.275423311747
63337,30.351317731176376,1436.7399999989702,2534.2861858083747
63338,30.351317731176376,1436.7599999989702,2534.296948385206
63339,30.351317731176376,1436.7799999989702,2534.3077110424724
63340,30.351317731176376,1436.7999999989702,2534.3184737803567
63341,30.351317731176376,1436.8199999989702,2534.3292365988736
63342,30.351317731176376,1436.8399999989701,2534.339999498038
63343,30.351317731176376,1436.8599999989701,2534.3507624778645
63344,30.351317731176376,1436.87999999897,2534.361525538367
63345,30.351317731176376,1436.89999999897,2534.372288679561
63346,30.351317731176376,1436.91999999897,2534.38305190146
63347,30.351317731176376,1436.93999999897,2534.3938152040796
63348,30.351317731176376,1436.95999999897,2534.4045785874337
63349,30.351317731176376,1436.97999999897,2534.4153420515368
63350,30.351317731176376,1436.99999999897,2534.426105596404
63351,30.351317731176376,1437.01999999897,2534.436869222049
63352,30.351317731176376,1437.03999999897,2534.4476329284876
63353,30.351317731176376,1437.05999999897,2534.4583967157337
63354,30.351317731176376,1437.07999999897,2534.4691605838016
63355,30.351317731176376,1437.09999999897,2534.4799245327063
63356,30.351317731176376,1437.11999999897,2534.490688562462
63357,30.351317731176376,1437.1399999989699,2534.5014526730833
63358,30.351317731176376,1437.1599999989699,2534.5122168645853
63359,30.351317731176376,1437.1799999989698,2534.522981136982
63360,30.351317731176376,1437.1999999989698,2534.533745490288
63361,30.351317731176376,1437.2199999989698,2534.544509924518
63362,30.351317731176376,1437.2399999989698,2534.555274439687
63363,30.351317731176376,1437.2599999989698,2534.566039035809
63364,30.351317731176376,1437.2799999989697,2534.5768037128983
63365,30.310899419742224,1437.2999999989697,2534.58756847097
63366,30.310899419742224,1437.3199999989697,2534.5983333100385
63367,30.310899419742224,1437.3399999989697,2534.6090982301184
63368,30.310899419742224,1437.3599999989697,2534.6198632312244
63369,30.310899419742224,1437.3799999989697,2534.630628313371
63370,30.310899419742224,1437.3999999989696,2534.6413934765724
63371,30.310899419742224,1437.4199999989696,2534.652158720844
63372,30.310899419742224,1437.4399999989696,2534.6629240462
63373,30.310899419742224,1437.4599999989696,2534.6736894526543
63374,30.310899419742224,1437.4799999989696,2534.684454940222
63375,30.310899419742224,1437.4999999989695,2534.6952205089183
63376,30.310899419742224,1437.5199999989695,2534.705986158757
63377,30.310899419742224,1437.5399999989695,2534.7167518897522
63378,30.310899419742224,1437.5599999989695,2534.7275177019196
63379,30.310899419742224,1437.5799999989695,2534.738283595273
63380,30.310899419742224,1437.5999999989695,2534.7490495698275
63381,30.310899419742224,1437.6199999989694,2534.759815625597
63382,30.310899419742224,1437.6399999989694,2534.770581762597
63383,30.310899419742224,1437.6599999989694,2534.7813479808415
63384,30.310899419742224,1437.6799999989694,2534.792114280345
63385,30.310899419742224,1437.6999999989694,2534.802880661122
63386,30.310899419742224,1437.7199999989693,2534.8136471231874
63387,30.310899419742224,1437.7399999989693,2534.8244136665558
63388,30.310899419742224,1437.7599999989693,2534.8351802912416
63389,30.310899419742224,1437.7799999989693,2534.845946997268
63390,30.310899419742224,1437.7999999989693,2534.8567137848563
63391,30.310899419742224,1437.8199999989693,2534.8674806541503
63392,30.310899419742224,1437.8399999989692,2534.8782476051642
63393,30.310899419742224,1437.8599999989692,2534.889014637913
63394,30.310899419742224,1437.8799999989692,2534.899781752411
63395,30.310899419742224,1437.8999999989692,2534.910548948673
63396,30.310899419742224,1437.9199999989692,2534.9213162267133
63397,30.310899419742224,1437.9399999989691,2534.932083586547
63398,30.310899419742224,1437.9599999989691,2534.942851028188
63399,30.310899419742224,1437.979999998969,2534.9536185516517
63400,30.310899419742224,1437.999999998969,2534.9643861569525
63401,30.310899419742224,1438.019999998969,2534.9751538441046
63402,30.310899419742224,1438.039999998969,2534.9859216131226
63403,30.310899419742224,1438.059999998969,2534.9966894640215
63404,30.310899419742224,1438.079999998969,2535.007457396816
63405,30.310899419742224,1438.099999998969,2535.0182254115202
63406,30.310899419742224,1438.119999998969,2535.028993508149
63407,30.310899419742224,1438.139999998969,2535.039761686717
63408,30.310899419742224,1438.159999998969,2535.050529947239
63409,30.310899419742224,1438.179999998969,2535.061298289729
63410,30.310899419742224,1438.199999998969,2535.0720667142023
63411,30.310899419742224,1438.219999998969,2535.082835220673
63412,30.310899419742224,1438.2399999989689,2535.093603809156
63413,30.310899419742224,1438.2599999989689,2535.1043724796655
63414,30.310899419742224,1438.2799999989688,2535.1151412322165
63415,30.310899419742224,1438.2999999989688,2535.1259100668235
63416,30.310899419742224,1438.3199999989688,2535.136678983501
63417,30.310899419742224,1438.3399999989688,2535.147447982264
63418,30.310899419742224,1438.3599999989688,2535.158217063127
63419,30.310899419742224,1438.3799999989687,2535.168986226104
63420,30.310899419742224,1438.3999999989687,2535.1797554712107
63421,30.310899419742224,1438.4199999989687,2535.1905247984605
63422,30.310899419742224,1438.4399999989687,2535.2012942078686
63423,30.310899419742224,1438.4599999989687,2535.21206369945
63424,30.310899419742224,1438.4799999989687,2535.222833273219
63425,30.310899419742224,1438.4999999989686,2535.2336029291896
63426,30.310899419742224,1438.5199999989686,2535.2443726673773
63427,30.310899419742224,1438.5399999989686,2535.255142487796
63428,30.310899419742224,1438.5599999989686,2535.265912390461
63429,30.310899419742224,1438.5799999989686,2535.2766823753864
63430,30.310899419742224,1438.5999999989685,2535.287452442587
63431,30.310899419742224,1438.6199999989685,2535.2982225920773
63432,30.310899419742224,1438.6399999989685,2535.3089928238724
63433,30.310899419742224,1438.6599999989685,2535.3197631379862
63434,30.310899419742224,1438.6799999989685,2535.330533534434
63435,30.310899419742224,1438.6999999989685,2535.34130401323
63436,30.310899419742224,1438.7199999989684,2535.3520745743886
63437,30.310899419742224,1438.7399999989684,2535.3628452179246
63438,30.310899419742224,1438.7599999989684,2535.373615943853
63439,30.310899419742224,1438.7799999989684,2535.384386752188
63440,30.310899419742224,1438.7999999989684,2535.395157642958
63441,30.310899419742224,1438.8199999989683,2535.405928616415
63442,30.310899419742224,1438.8399999989683,2535.4166996726894
63443,30.310899419742224,1438.8599999989683,2535.4274708117955
63444,30.310899419742224,1438.8799999989683,2535.438242033748
63445,30.310899419742224,1438.8999999989683,2535.449013338561
63446,30.310899419742224,1438.9199999989683,2535.4597847262503
63447,30.310899419742224,1438.9399999989682,2535.47055619683
63448,30.310899419742224,1438.9599999989682,2535.4813277503144
63449,30.310899419742224,1438.9799999989682,2535.4920993867186
63450,30.310899419742224,1438.9999999989682,2535.5028711060572
63451,30.310899419742224,1439.0199999989682,2535.513642908345
63452,30.310899419742224,1439.0399999989681,2535.5244147935964
63453,30.310899419742224,1439.0599999989681,2535.535186761826
63454,30.310899419742224,1439.079999998968,2535.5459588130484
63455,30.310899419742224,1439.099999998968,2535.5567309472785
63456,30.310899419742224,1439.119999998968,2535.567503164531
63457,30.310899419742224,1439.139999998968,2535.5782754648203
63458,30.310899419742224,1439.159999998968,2535.589047848161
63459,30.310899419742224,1439.179999998968,2535.5998203145678
63460,30.310899419742224,1439.199999998968,2535.6105928640554
63461,30.310899419742224,1439.219999998968,2535.6213654966386
63462,30.310899419742224,1439.239999998968,2535.632138212332
63463,30.310899419742224,1439.259999998968,2535.64291101115
63464,30.310899419742224,1439.279999998968,2535.6536838931074
63465,30.310899419742224,1439.299999998968,2535.664456858219
63466,30.310899419742224,1439.319999998968,2535.6752299064997
63467,30.310899419742224,1439.3399999989679,2535.6860030379635
63468,30.310899419742224,1439.3599999989679,2535.6967762526256
63469,30.310899419742224,1439.3799999989678,2535.7075495505
63470,30.310899419742224,1439.3999999989678,2535.718322931602
63471,30.310899419742224,1439.4199999989678,2535.729096395946
63472,30.310899419742224,1439.4399999989678,2535.7398699435466
63473,30.310899419742224,1439.4599999989678,2535.7506435744185
63474,30.310899419742224,1439.4799999989677,2535.7614172885765
63475,30.310899419742224,1439.4999999989677,2535.772191086035
63476,30.310899419742224,1439.5199999989677,2535.7829649668092
63477,30.310899419742224,1439.5399999989677,2535.793738930913
63478,30.310899419742224,1439.5599999989677,2535.804512978362
63479,30.310899419742224,1439.5799999989677,2535.8152871091697
63480,30.310899419742224,1439.5999999989676,2535.8260613233515
63481,30.310899419742224,1439.6199999989676,2535.836835620922
63482,30.310899419742224,1439.6399999989676,2535.8476100018956
63483,30.310899419742224,1439.6599999989676,2535.858384466287
63484,30.310899419742224,1439.6799999989676,2535.869159014111
63485,30.310899419742224,1439.6999999989675,2535.8799336453826
63486,30.310899419742224,1439.7199999989675,2535.890708360116
63487,30.310899419742224,1439.7399999989675,2535.901483158326
63488,30.310899419742224,1439.7599999989675,2535.912258040027
63489,30.310899419742224,1439.7799999989675,2535.923033005234
63490,30.310899419742224,1439.7999999989675,2535.933808053962
63491,30.310899419742224,1439.8199999989674,2535.9445831862427
63492,30.310899419742224,1439.8399999989674,2535.9553584023465
63493,30.310899419742224,1439.8599999989674,2535.966133702382
63494,30.310899419742224,1439.8799999989674,2535.9769090863642
63495,30.310899419742224,1439.8999999989674,2535.9876845543076
63496,30.310899419742224,1439.9199999989673,2535.998460106227
63497,30.310899419742224,1439.9399999989673,2536.009235742137
63498,30.310899419742224,1439.9599999989673,2536.0200114620525
63499,30.310899419742224,1439.9799999989673,2536.030787265988
63500,30.310899419742224,1439.9999999989673,2536.041563153958
63501,30.310899419742224,1440.0199999989673,2536.0523391259776
63502,30.310899419742224,1440.0399999989672,2536.063115182061
63503,30.310899419742224,1440.0599999989672,2536.073891322224
63504,30.310899419742224,1440.0799999989672,2536.08466754648
63505,30.310899419742224,1440.0999999989672,2536.0954438548442
63506,30.310899419742224,1440.1199999989672,2536.1062202473313
63507,30.310899419742224,1440.1399999989671,2536.116996723956
63508,30.310899419742224,1440.1599999989671,2536.1277732847334
63509,30.310899419742224,1440.179999998967,2536.1385499296775
63510,30.310899419742224,1440.199999998967,2536.1493266588036
63511,30.310899419742224,1440.219999998967,2536.1601034721257
63512,30.310899419742224,1440.239999998967,2536.170880369659
63513,30.310899419742224,1440.259999998967,2536.181657351418
63514,30.310899419742224,1440.279999998967,2536.1924344174176
63515,30.310899419742224,1440.299999998967,2536.2032115676725
63516,30.310899419742224,1440.319999998967,2536.213988802197
63517,30.310899419742224,1440.339999998967,2536.2247661210063
63518,30.310899419742224,1440.359999998967,2536.2355435241147
63519,30.310899419742224,1440.379999998967,2536.246321011537
63520,30.310899419742224,1440.399999998967,2536.257098583288
63521,30.310899419742224,1440.419999998967,2536.2678762393825
63522,30.310899419742224,1440.4399999989669,2536.2786539798353
63523,30.310899419742224,1440.4599999989669,2536.2894318046606
63524,30.310899419742224,1440.4799999989668,2536.3002097138733
63525,30.310899419742224,1440.4999999989668,2536.3109877074885
63526,30.310899419742224,1440.5199999989668,2536.3217657855207
63527,30.310899419742224,1440.5399999989668,2536.3325439479845
63528,30.310899419742224,1440.5599999989668,2536.3433221948944
63529,30.310899419742224,1440.5799999989667,2536.3541005262655
63530,30.310899419742224,1440.5999999989667,2536.3648789421122
63531,30.310899419742224,1440.6199999989667,2536.375657442449
63532,30.310899419742224,1440.6399999989667,2536.3864360272914
63533,30.310899419742224,1440.6599999989667,2536.3972146966535
63534,30.310899419742224,1440.6799999989667,2536.40799345055
63535,30.310899419742224,1440.6999999989666,2536.4187722889956
63536,30.310899419742224,1440.7199999989666,2536.429551212005
63537,30.310899419742224,1440.7399999989666,2536.4403302195938
63538,30.310899419742224,1440.7599999989666,2536.4511093117753
63539,30.310899419742224,1440.7799999989666,2536.4618884885654
63540,30.310899419742224,1440.7999999989665,2536.472667749978
63541,30.310899419742224,1440.8199999989665,2536.483447096028
63542,30.310899419742224,1440.8399999989665,2536.4942265267528
63543,30.310899419742224,1440.8599999989665,2536.5050060424396
63544,30.310899419742224,1440.8799999989665,2536.5157856431765
63545,30.310899419742224,1440.8999999989665,2536.5265653289775
63546,30.310899419742224,1440.9199999989664,2536.537345099858
63547,30.310899419742224,1440.9399999989664,2536.5481249558325
63548,30.310899419742224,1440.9599999989664,2536.5589048969155
63549,30.310899419742224,1440.9799999989664,2536.569684923122
63550,30.310899419742224,1440.9999999989664,2536.580465034467
63551,30.310899419742224,1441.0199999989663,2536.591245230965
63552,30.310899419742224,1441.0399999989663,2536.6020255126305
63553,30.310899419742224,1441.0599999989663,2536.6128058794784
63554,30.310899419742224,1441.0799999989663,2536.6235863315233
63555,30.310899419742224,1441.0999999989663,2536.63436686878
63556,30.310899419742224,1441.1199999989663,2536.6451474912633
63557,30.310899419742224,1441.1399999989662,2536.655928198988
63558,30.310899419742224,1441.1599999989662,2536.666708991969
63559,30.310899419742224,1441.1799999989662,2536.6774898702206
63560,30.310899419742224,1441.1999999989662,2536.688270833758
63561,30.310899419742224,1441.2199999989662,2536.699051882596
63562,30.310899419742224,1441.2399999989661,2536.7098330167487
63563,30.310899419742224,1441.2599999989661,2536.7206142362315
63564,30.310899419742224,1441.279999998966,2536.7313955410586
63565,30.310899419742224,1441.299999998966,2536.7421769312455
63566,30.310899419742224,1441.319999998966,2536.752958406806
63567,30.310899419742224,1441.339999998966,2536.7637399677556
63568,30.310899419742224,1441.359999998966,2536.774521614109
63569,30.310899419742224,1441.379999998966,2536.78530334588
63570,30.310899419742224,1441.399999998966,2536.7960851630846
63571,30.310899419742224,1441.419999998966,2536.8068670657367
63572,30.310899419742224,1441.439999998966,2536.8176490538517
63573,30.310899419742224,1441.459999998966,2536.8284311274438
63574,30.310899419742224,1441.479999998966,2536.839213286528
63575,30.310899419742224,1441.499999998966,2536.849995531119
63576,30.310899419742224,1441.519999998966,2536.8607778612313
63577,30.310899419742224,1441.5399999989659,2536.8715602768802
63578,30.310899419742224,1441.5599999989658,2536.88234277808
63579,30.310899419742224,1441.5799999989658,2536.8931253648457
63580,30.310899419742224,1441.5999999989658,2536.9039080371917
63581,30.310899419742224,1441.6199999989658,2536.914690795133
63582,30.310899419742224,1441.6399999989658,2536.9254736386847
63583,30.310899419742224,1441.6599999989658,2536.936256567861
63584,30.310899419742224,1441.6799999989657,2536.947039582677
63585,30.310899419742224,1441.6999999989657,2536.9578226831472
63586,30.310899419742224,1441.7199999989657,2536.9686058692864
63587,30.310899419742224,1441.7399999989657,2536.9793891411096
63588,30.310899419742224,1441.7599999989657,2536.990172498631
63589,30.310899419742224,1441.7799999989656,2537.0009559418663
63590,30.310899419742224,1441.7999999989656,2537.0117394708295
63591,30.310899419742224,1441.8199999989656,2537.0225230855353
63592,30.310899419742224,1441.8399999989656,2537.033306785999
63593,30.310899419742224,1441.8599999989656,2537.044090572261
63594,30.310899419742224,1441.8799999989656,2537.0548744446287
63595,30.310899419742224,1441.8999999989655,2537.0656584031667
63596,30.310899419742224,1441.9199999989655,2537.0764424478907
63597,30.310899419742224,1441.9399999989655,2537.087226578815
63598,30.310899419742224,1441.9599999989655,2537.098010795954
63599,30.310899419742224,1441.9799999989655,2537.1087950993233
63600,30.310899419742224,1441.9999999989654,2537.1195794889372
63601,30.310899419742224,1442.0199999989654,2537.130363964811
63602,30.310899419742224,1442.0399999989654,2537.1411485269587
63603,30.310899419742224,1442.0599999989654,2537.1519331753957
63604,30.310899419742224,1442.0799999989654,2537.1627179101365
63605,30.310899419742224,1442.0999999989654,2537.173502731196
63606,30.310899419742224,1442.1199999989653,2537.184287638589
63607,30.310899419742224,1442.1399999989653,2537.1950726323303
63608,30.310899419742224,1442.1599999989653,2537.2058577124344
63609,30.310899419742224,1442.1799999989653,2537.2166428789164
63610,30.310899419742224,1442.1999999989653,2537.2274281317914
63611,30.310899419742224,1442.2199999989652,2537.238213471074
63612,30.310899419742224,1442.2399999989652,2537.248998896778
63613,30.310899419742224,1442.2599999989652,2537.2597844089196
63614,30.310899419742224,1442.2799999989652,2537.2705700075126
63615,30.310899419742224,1442.2999999989652,2537.281355692572
63616,30.310899419742224,1442.3199999989652,2537.2921414641132
63617,30.310899419742224,1442.3399999989651,2537.3029273221505
63618,30.310899419742224,1442.3599999989651,2537.313713266699
63619,30.310899419742224,1442.379999998965,2537.324499297773
63620,30.310899419742224,1442.399999998965,2537.3352854153873
63621,30.310899419742224,1442.419999998965,2537.3460716195573
63622,30.310899419742224,1442.439999998965,2537.356857910297
63623,30.310899419742224,1442.459999998965,2537.3676442876217
63624,30.310899419742224,1442.479999998965,2537.378430751546
63625,30.310899419742224,1442.499999998965,2537.3892173020854
63626,30.310899419742224,1442.519999998965,2537.4000039392536
63627,30.310899419742224,1442.539999998965,2537.410790663066
63628,30.310899419742224,1442.559999998965,2537.4215774735376
63629,30.310899419742224,1442.579999998965,2537.4323643706825
63630,30.310899419742224,1442.599999998965,2537.443151354516
63631,30.310899419742224,1442.6199999989649,2537.453938425053
63632,30.310899419742224,1442.6399999989649,2537.464725582308
63633,30.310899419742224,1442.6599999989648,2537.4755128262955
63634,30.310899419742224,1442.6799999989648,2537.486300157031
63635,30.310899419742224,1442.6999999989648,2537.497087574529
63636,30.310899419742224,1442.7199999989648,2537.5078750788043
63637,30.310899419742224,1442.7399999989648,2537.5186626698714
63638,30.310899419742224,1442.7599999989648,2537.5294503477458
63639,30.310899419742224,1442.7799999989647,2537.540238112442
63640,30.310899419742224,1442.7999999989647,2537.551025963974
63641,30.310899419742224,1442.8199999989647,2537.5618139023577
63642,30.310899419742224,1442.8399999989647,2537.5726019276076
63643,30.310899419742224,1442.8599999989647,2537.5833900397383
63644,30.310899419742224,1442.8799999989646,2537.5941782387986
63645,30.310899419742224,1442.8999999989646,2537.6049665251285
63646,30.310899419742224,1442.9199999989646,2537.6157548987753
63647,30.310899419742224,1442.9399999989646,2537.6265433597537
63648,30.310899419742224,1442.9599999989646,2537.6373319080785
63649,30.310899419742224,1442.9799999989646,2537.6481205437644
63650,30.310899419742224,1442.9999999989645,2537.6589092668264
63651,30.310899419742224,1443.0199999989645,2537.6696980772795
63652,30.310899419742224,1443.0399999989645,2537.680486975138
63653,30.310899419742224,1443.0599999989645,2537.6912759604174
63654,30.310899419742224,1443.0799999989645,2537.7020650331324
63655,30.310899419742224,1443.0999999989644,2537.7128541932975
63656,30.310899419742224,1443.1199999989644,2537.723643440928
63657,30.310899419742224,1443.1399999989644,2537.734432776038
63658,30.310899419742224,1443.1599999989644,2537.7452221986428
63659,30.310899419742224,1443.1799999989644,2537.7560117087573
63660,30.310899419742224,1443.1999999989644,2537.7668013063962
63661,30.310899419742224,1443.2199999989643,2537.7775909915745
63662,30.310899419742224,1443.2399999989643,2537.788380764307
63663,30.310899419742224,1443.2599999989643,2537.7991706246085
63664,30.310899419742224,1443.2799999989643,2537.8099605724938
63665,30.310899419742224,1443.2999999989643,2537.8207506079775
63666,30.310899419742224,1443.3199999989642,2537.8315407310747
63667,30.310899419742224,1443.3399999989642,2537.8423309418004
63668,30.310899419742224,1443.3599999989642,2537.853121240169
63669,30.310899419742224,1443.3799999989642,2537.8639116261957
63670,30.310899419742224,1443.3999999989642,2537.8747020998953
63671,30.310899419742224,1443.4199999989642,2537.8854926612826
63672,30.310899419742224,1443.4399999989641,2537.8962833103724
63673,30.310899419742224,1443.4599999989641,2537.90707404718
63674,30.310899419742224,1443.479999998964,2537.9178648717193
63675,30.310899419742224,1443.499999998964,2537.928655784006
63676,30.310899419742224,1443.519999998964,2537.9394467840543
63677,30.310899419742224,1443.539999998964,2537.9502378718794
63678,30.310899419742224,1443.559999998964,2537.961029047496
63679,30.270570735982023,1443.579999998964,2537.9718203109196
63680,30.270570735982023,1443.599999998964,2537.9826116621643
63681,30.270570735982023,1443.619999998964,2537.993403101245
63682,30.270570735982023,1443.639999998964,2538.0041946281767
63683,30.270570735982023,1443.659999998964,2538.0149862429744
63684,30.270570735982023,1443.679999998964,2538.0257779456524
63685,30.270570735982023,1443.699999998964,2538.0365697362263
63686,30.270570735982023,1443.7199999989639,2538.0473616147106
63687,30.270570735982023,1443.7399999989639,2538.0581535811198
63688,30.270570735982023,1443.7599999989638,2538.0689456354694
63689,30.270570735982023,1443.7799999989638,2538.0797377777735
63690,30.270570735982023,1443.7999999989638,2538.0905300080476
63691,30.270570735982023,1443.8199999989638,2538.101322326306
63692,30.270570735982023,1443.8399999989638,2538.1121147325644
63693,30.270570735982023,1443.8599999989638,2538.122907226837
63694,30.270570735982023,1443.8799999989637,2538.1336998091388
63695,30.270570735982023,1443.8999999989637,2538.144492479535
63696,30.270570735982023,1443.9199999989637,2538.1552852383115
63697,30.270570735982023,1443.9399999989637,2538.166078085508
63698,30.270570735982023,1443.9599999989637,2538.176871021139
63699,30.270570735982023,1443.9799999989636,2538.1876640452197
63700,30.270570735982023,1443.9999999989636,2538.1984571577646
63701,30.270570735982023,1444.0199999989636,2538.2092503587887
63702,30.270570735982023,1444.0399999989636,2538.220043648307
63703,30.270570735982023,1444.0599999989636,2538.2308370263345
63704,30.270570735982023,1444.0799999989636,2538.2416304928856
63705,30.270570735982023,1444.0999999989635,2538.2524240479756
63706,30.270570735982023,1444.1199999989635,2538.2632176916195
63707,30.270570735982023,1444.1399999989635,2538.274011423832
63708,30.270570735982023,1444.1599999989635,2538.2848052446275
63709,30.270570735982023,1444.1799999989635,2538.2955991540216
63710,30.270570735982023,1444.1999999989634,2538.306393152029
63711,30.270570735982023,1444.2199999989634,2538.3171872386647
63712,30.270570735982023,1444.2399999989634,2538.3279814139432
63713,30.270570735982023,1444.2599999989634,2538.3387756778798
63714,30.270570735982023,1444.2799999989634,2538.349570030489
63715,30.270570735982023,1444.2999999989634,2538.360364471786
63716,30.270570735982023,1444.3199999989633,2538.3711590017856
63717,30.270570735982023,1444.3399999989633,2538.3819536205024
63718,30.270570735982023,1444.3599999989633,2538.3927483279517
63719,30.270570735982023,1444.3799999989633,2538.403543124148
63720,30.270570735982023,1444.3999999989633,2538.414338009107
63721,30.270570735982023,1444.4199999989632,2538.4251329828426
63722,30.270570735982023,1444.4399999989632,2538.43592804537
63723,30.270570735982023,1444.4599999989632,2538.446723196704
63724,30.270570735982023,1444.4799999989632,2538.45751843686
63725,30.270570735982023,1444.4999999989632,2538.4683137658526
63726,30.270570735982023,1444.5199999989632,2538.4791091836964
63727,30.270570735982023,1444.5399999989631,2538.489904690407
63728,30.270570735982023,1444.5599999989631,2538.5007002859984
63729,30.270570735982023,1444.579999998963,2538.511495970486
63730,30.270570735982023,1444.599999998963,2538.522291743885
63731,30.270570735982023,1444.619999998963,2538.53308760621
63732,30.270570735982023,1444.639999998963,2538.5438835574755
63733,30.270570735982023,1444.659999998963,2538.5546795976966
63734,30.270570735982023,1444.679999998963,2538.5654757268885
63735,30.270570735982023,1444.699999998963,2538.576271945066
63736,30.270570735982023,1444.719999998963,2538.5870682522436
63737,30.270570735982023,1444.739999998963,2538.597864648437
63738,30.270570735982023,1444.759999998963,2538.60866113366
63739,30.270570735982023,1444.779999998963,2538.619457707928
63740,30.270570735982023,1444.799999998963,2538.6302543712563
63741,30.270570735982023,1444.8199999989629,2538.6410511236595
63742,30.270570735982023,1444.8399999989629,2538.6518479651527
63743,30.270570735982023,1444.8599999989628,2538.6626448957504
63744,30.270570735982023,1444.8799999989628,2538.6734419154677
63745,30.270570735982023,1444.8999999989628,2538.6842390243196
63746,30.270570735982023,1444.9199999989628,2538.695036222396
63747,30.270570735982023,1444.9399999989628,2538.705833509983
63748,30.270570735982023,1444.9599999989628,2538.716630887118
63749,30.270570735982023,1444.9799999989627,2538.727428353815
63750,30.270570735982023,1444.9999999989627,2538.738225910089
63751,30.270570735982023,1445.0199999989627,2538.7490235559553
63752,30.270570735982023,1445.0399999989627,2538.7598212914286
63753,30.270570735982023,1445.0599999989627,2538.770619116524
63754,30.270570735982023,1445.0799999989626,2538.781417031256
63755,30.270570735982023,1445.0999999989626,2538.79221503564
63756,30.270570735982023,1445.1199999989626,2538.8030131296905
63757,30.270570735982023,1445.1399999989626,2538.813811313423
63758,30.270570735982023,1445.1599999989626,2538.8246095868517
63759,30.270570735982023,1445.1799999989626,2538.8354079499923
63760,30.270570735982023,1445.1999999989625,2538.8462064028595
63761,30.270570735982023,1445.2199999989625,2538.857004945468
63762,30.270570735982023,1445.2399999989625,2538.867803577833
63763,30.270570735982023,1445.2599999989625,2538.8786022999693
63764,30.270570735982023,1445.2799999989625,2538.889401111892
63765,30.270570735982023,1445.2999999989624,2538.9002000136156
63766,30.270570735982023,1445.3199999989624,2538.9109990051556
63767,30.270570735982023,1445.3399999989624,2538.9217980865265
63768,30.270570735982023,1445.3599999989624,2538.9325972577435
63769,30.270570735982023,1445.3799999989624,2538.9433965188214
63770,30.270570735982023,1445.3999999989624,2538.954195869775
63771,30.270570735982023,1445.4199999989623,2538.9649953106195
63772,30.270570735982023,1445.4399999989623,2538.97579484137
63773,30.270570735982023,1445.4599999989623,2538.9865944620406
63774,30.270570735982023,1445.4799999989623,2538.997394172647
63775,30.270570735982023,1445.4999999989623,2539.008193973204
63776,30.270570735982023,1445.5199999989622,2539.018993863727
63777,30.270570735982023,1445.5399999989622,2539.02979384423
63778,30.270570735982023,1445.5599999989622,2539.0405939147286
63779,30.270570735982023,1445.5799999989622,2539.051394075237
63780,30.270570735982023,1445.5999999989622,2539.062194325771
63781,30.270570735982023,1445.6199999989622,2539.072994666345
63782,30.270570735982023,1445.6399999989621,2539.0837950969744
63783,30.270570735982023,1445.6599999989621,2539.094595617674
63784,30.270570735982023,1445.679999998962,2539.105396228458
63785,30.270570735982023,1445.699999998962,2539.1161969293425
63786,30.270570735982023,1445.719999998962,2539.126997720342
63787,30.270570735982023,1445.739999998962,2539.137798601471
63788,30.270570735982023,1445.759999998962,2539.148599572745
63789,30.270570735982023,1445.779999998962,2539.1594006341784
63790,30.270570735982023,1445.799999998962,2539.170201785787
63791,30.270570735982023,1445.819999998962,2539.181003027585
63792,30.270570735982023,1445.839999998962,2539.191804359588
63793,30.270570735982023,1445.859999998962,2539.2026057818102
63794,30.270570735982023,1445.879999998962,2539.2134072942667
63795,30.270570735982023,1445.899999998962,2539.224208896973
63796,30.270570735982023,1445.9199999989619,2539.235010589943
63797,30.270570735982023,1445.9399999989619,2539.2458123732904
63798,30.270570735982023,1445.9599999989618,2539.256614247284
63799,30.270570735982023,1445.9799999989618,2539.267416211955
63800,30.270570735982023,1445.9999999989618,2539.27821826732
63801,30.270570735982023,1446.0199999989618,2539.2890204133932
63802,30.270570735982023,1446.0399999989618,2539.2998226501895
63803,30.270570735982023,1446.0599999989618,2539.3106249777243
63804,30.270570735982023,1446.0799999989617,2539.321427396012
63805,30.270570735982023,1446.0999999989617,2539.332229905068
63806,30.270570735982023,1446.1199999989617,2539.343032504907
63807,30.270570735982023,1446.1399999989617,2539.3538351955444
63808,30.270570735982023,1446.1599999989617,2539.364637976995
63809,30.270570735982023,1446.1799999989616,2539.375440849273
63810,30.270570735982023,1446.1999999989616,2539.3862438123947
63811,30.270570735982023,1446.2199999989616,2539.3970468663742
63812,30.270570735982023,1446.2399999989616,2539.407850011227
63813,30.270570735982023,1446.2599999989616,2539.4186532469676
63814,30.270570735982023,1446.2799999989616,2539.4294565736113
63815,30.270570735982023,1446.2999999989615,2539.440259991173
63816,30.270570735982023,1446.3199999989615,2539.451063499668
63817,30.270570735982023,1446.3399999989615,2539.461867099111
63818,30.270570735982023,1446.3599999989615,2539.4726707895165
63819,30.270570735982023,1446.3799999989615,2539.4834745709004
63820,30.270570735982023,1446.3999999989614,2539.494278443277
63821,30.270570735982023,1446.4199999989614,2539.5050824066616
63822,30.270570735982023,1446.4399999989614,2539.515886461069
63823,30.270570735982023,1446.4599999989614,2539.5266906065144
63824,30.270570735982023,1446.4799999989614,2539.5374948430126
63825,30.270570735982023,1446.4999999989614,2539.5482991705785
63826,30.270570735982023,1446.5199999989613,2539.5591035892276
63827,30.270570735982023,1446.5399999989613,2539.5699080989743
63828,30.270570735982023,1446.5599999989613,2539.580712699834
63829,30.270570735982023,1446.5799999989613,2539.591517391821
63830,30.270570735982023,1446.5999999989613,2539.6023221749515
63831,30.270570735982023,1446.6199999989612,2539.6131270492397
63832,30.270570735982023,1446.6399999989612,2539.6239320147006
63833,30.270570735982023,1446.6599999989612,2539.6347370713493
63834,30.270570735982023,1446.6799999989612,2539.6455422192007
63835,30.270570735982023,1446.6999999989612,2539.65634745827
63836,30.270570735982023,1446.7199999989612,2539.667152788572
63837,30.270570735982023,1446.7399999989611,2539.6779582101217
63838,30.270570735982023,1446.7599999989611,2539.6887637229343
63839,30.270570735982023,1446.779999998961,2539.6995693270246
63840,30.270570735982023,1446.799999998961,2539.7103750224073
63841,30.270570735982023,1446.819999998961,2539.721180809098
63842,30.270570735982023,1446.839999998961,2539.731986687111
63843,30.270570735982023,1446.859999998961,2539.7427926564624
63844,30.270570735982023,1446.879999998961,2539.753598717166
63845,30.270570735982023,1446.899999998961,2539.7644048692373
63846,30.270570735982023,1446.919999998961,2539.7752111126915
63847,30.270570735982023,1446.939999998961,2539.7860174475436
63848,30.270570735982023,1446.959999998961,2539.7968238739277
63849,30.270570735982023,1446.979999998961,2539.8076303920966
63850,30.270570735982023,1446.999999998961,2539.818437002078
63851,30.270570735982023,1447.0199999989609,2539.829243703887
63852,30.270570735982023,1447.0399999989609,2539.8400504975393
63853,30.270570735982023,1447.0599999989608,2539.850857383049
63854,30.270570735982023,1447.0799999989608,2539.861664360432
63855,30.270570735982023,1447.0999999989608,2539.8724714297023
63856,30.270570735982023,1447.1199999989608,2539.8832785908758
63857,30.270570735982023,1447.1399999989608,2539.8940858439673
63858,30.270570735982023,1447.1599999989608,2539.9048931889915
63859,30.270570735982023,1447.1799999989607,2539.915700625964
63860,30.270570735982023,1447.1999999989607,2539.9265081548992
63861,30.270570735982023,1447.2199999989607,2539.9373157758127
63862,30.270570735982023,1447.2399999989607,2539.9481234887194
63863,30.270570735982023,1447.2599999989607,2539.958931293634
63864,30.270570735982023,1447.2799999989606,2539.969739190572
63865,30.270570735982023,1447.2999999989606,2539.980547179548
63866,30.270570735982023,1447.3199999989606,2539.991355260577
63867,30.270570735982023,1447.3399999989606,2540.0021634338036
63868,30.270570735982023,1447.3599999989606,2540.0129717016935
63869,30.270570735982023,1447.3799999989606,2540.0237800655514
63870,30.270570735982023,1447.3999999989605,2540.034588525393
63871,30.270570735982023,1447.4199999989605,2540.045397081233
63872,30.270570735982023,1447.4399999989605,2540.056205733088
63873,30.270570735982023,1447.4599999989605,2540.0670144809733
63874,30.270570735982023,1447.4799999989605,2540.0778233249043
63875,30.270570735982023,1447.4999999989604,2540.0886322648967
63876,30.270570735982023,1447.5199999989604,2540.099441300966
63877,30.270570735982023,1447.5399999989604,2540.110250433128
63878,30.270570735982023,1447.5599999989604,2540.121059661398
63879,30.270570735982023,1447.5799999989604,2540.1318689857912
63880,30.270570735982023,1447.5999999989604,2540.1426784063237
63881,30.270570735982023,1447.6199999989603,2540.153487923011
63882,30.270570735982023,1447.6399999989603,2540.1642975358686
63883,30.270570735982023,1447.6599999989603,2540.175107244912
63884,30.270570735982023,1447.6799999989603,2540.1859170501566
63885,30.270570735982023,1447.6999999989603,2540.1967269516185
63886,30.270570735982023,1447.7199999989602,2540.2075369493127
63887,30.270570735982023,1447.7399999989602,2540.218347043255
63888,30.270570735982023,1447.7599999989602,2540.229157233461
63889,30.270570735982023,1447.7799999989602,2540.2399675199467
63890,30.270570735982023,1447.7999999989602,2540.250777902727
63891,30.270570735982023,1447.8199999989602,2540.2615883818175
63892,30.270570735982023,1447.8399999989601,2540.272398957234
63893,30.270570735982023,1447.8599999989601,2540.283209628992
63894,30.270570735982023,1447.87999999896,2540.2940203971075
63895,30.270570735982023,1447.89999999896,2540.304831261595
63896,30.270570735982023,1447.91999999896,2540.315642222471
63897,30.270570735982023,1447.93999999896,2540.3264532797507
63898,30.270570735982023,1447.95999999896,2540.33726443345
63899,30.270570735982023,1447.97999999896,2540.3480756837257
63900,30.270570735982023,1447.99999999896,2540.3588870308145
63901,30.270570735982023,1448.01999999896,2540.3696984747403
63902,30.270570735982023,1448.03999999896,2540.3805100155187
63903,30.270570735982023,1448.05999999896,2540.3913216531655
63904,30.270570735982023,1448.07999999896,2540.4021333876963
63905,30.270570735982023,1448.09999999896,2540.4129452191264
63906,30.270570735982023,1448.1199999989599,2540.423757147472
63907,30.270570735982023,1448.1399999989599,2540.434569172748
63908,30.270570735982023,1448.1599999989598,2540.4453812949705
63909,30.270570735982023,1448.1799999989598,2540.456193514155
63910,30.270570735982023,1448.1999999989598,2540.4670058303172
63911,30.270570735982023,1448.2199999989598,2540.4778182434725
63912,30.270570735982023,1448.2399999989598,2540.4886307536367
63913,30.270570735982023,1448.2599999989598,2540.499443360825
63914,30.270570735982023,1448.2799999989597,2540.5102560650535
63915,30.270570735982023,1448.2999999989597,2540.5210688663374
63916,30.270570735982023,1448.3199999989597,2540.5318817646926
63917,30.270570735982023,1448.3399999989597,2540.5426947601345
63918,30.270570735982023,1448.3599999989597,2540.553507852679
63919,30.270570735982023,1448.3799999989596,2540.564321042342
63920,30.270570735982023,1448.3999999989596,2540.575134329138
63921,30.270570735982023,1448.4199999989596,2540.5859477130834
63922,30.270570735982023,1448.4399999989596,2540.5967611941937
63923,30.270570735982023,1448.4599999989596,2540.6075747724844
63924,30.270570735982023,1448.4799999989596,2540.6183884479715
63925,30.270570735982023,1448.4999999989595,2540.6292022206703
63926,30.270570735982023,1448.5199999989595,2540.6400160905964
63927,30.270570735982023,1448.5399999989595,2540.6508300577652
63928,30.270570735982023,1448.5599999989595,2540.6616441221927
63929,30.270570735982023,1448.5799999989595,2540.6724582838942
63930,30.270570735982023,1448.5999999989594,2540.683272542886
63931,30.270570735982023,1448.6199999989594,2540.694086899183
63932,30.270570735982023,1448.6399999989594,2540.704901352801
63933,30.270570735982023,1448.6599999989594,2540.715715903755
63934,30.270570735982023,1448.6799999989594,2540.726530552062
63935,30.270570735982023,1448.6999999989594,2540.7373452977367
63936,30.270570735982023,1448.7199999989593,2540.748160140795
63937,30.270570735982023,1448.7399999989593,2540.758975081252
63938,30.270570735982023,1448.7599999989593,2540.769790119124
63939,30.270570735982023,1448.7799999989593,2540.7806052544265
63940,30.270570735982023,1448.7999999989593,2540.791420487175
63941,30.270570735982023,1448.8199999989592,2540.802235817385
63942,30.270570735982023,1448.8399999989592,2540.813051245072
63943,30.270570735982023,1448.8599999989592,2540.823866770252
63944,30.270570735982023,1448.8799999989592,2540.8346823929405
63945,30.270570735982023,1448.8999999989592,2540.845498113153
63946,30.270570735982023,1448.9199999989592,2540.8563139309053
63947,30.270570735982023,1448.9399999989591,2540.8671298462127
63948,30.270570735982023,1448.9599999989591,2540.877945859091
63949,30.270570735982023,1448.979999998959,2540.888761969556
63950,30.270570735982023,1448.999999998959,2540.8995781777944
63951,30.270570735982023,1449.019999998959,2540.910394484034
63952,30.270570735982023,1449.039999998959,2540.9212108882953
63953,30.270570735982023,1449.059999998959,2540.932027390594
63954,30.270570735982023,1449.079999998959,2540.9428439909457
63955,30.270570735982023,1449.099999998959,2540.9536606893657
63956,30.270570735982023,1449.119999998959,2540.9644774858702
63957,30.270570735982023,1449.139999998959,2540.975294380474
63958,30.270570735982023,1449.159999998959,2540.986111373194
63959,30.270570735982023,1449.179999998959,2540.9969284640447
63960,30.270570735982023,1449.199999998959,2541.007745653042
63961,30.270570735982023,1449.2199999989589,2541.0185629402017
63962,30.270570735982023,1449.2399999989589,2541.0293803255395
63963,30.270570735982023,1449.2599999989588,2541.040197809071
63964,30.270570735982023,1449.2799999989588,2541.0510153908117
63965,30.270570735982023,1449.2999999989588,2541.0618330707775
63966,30.270570735982023,1449.3199999989588,2541.072650848984
63967,30.270570735982023,1449.3399999989588,2541.0834687254464
63968,30.270570735982023,1449.3599999989588,2541.094286700181
63969,30.270570735982023,1449.3799999989587,2541.1051047732026
63970,30.270570735982023,1449.3999999989587,2541.1159229445275
63971,30.270570735982023,1449.4199999989587,2541.126741214171
63972,30.270570735982023,1449.4399999989587,2541.137559582149
63973,30.270570735982023,1449.4599999989587,2541.1483780484773
63974,30.270570735982023,1449.4799999989586,2541.159196613171
63975,30.270570735982023,1449.4999999989586,2541.170015276246
63976,30.270570735982023,1449.5199999989586,2541.180834037718
63977,30.270570735982023,1449.5399999989586,2541.1916528976026
63978,30.270570735982023,1449.5599999989586,2541.2024718559155
63979,30.270570735982023,1449.5799999989586,2541.213290912672
63980,30.270570735982023,1449.5999999989585,2541.2241100678884
63981,30.270570735982023,1449.6199999989585,2541.2349293215802
63982,30.270570735982023,1449.6399999989585,2541.2457486737626
63983,30.270570735982023,1449.6599999989585,2541.2565681244514
63984,30.270570735982023,1449.6799999989585,2541.2673876736626
63985,30.270570735982023,1449.6999999989584,2541.2782073214116
63986,30.270570735982023,1449.7199999989584,2541.289027067714
63987,30.270570735982023,1449.7399999989584,2541.2998469125855
63988,30.270570735982023,1449.7599999989584,2541.3106668560417
63989,30.270570735982023,1449.7799999989584,2541.321486898098
63990,30.270570735982023,1449.7999999989584,2541.3323070387705
63991,30.270570735982023,1449.8199999989583,2541.3431272780745
63992,30.270570735982023,1449.8399999989583,2541.353947616026
63993,30.270570735982023,1449.8599999989583,2541.36476805264
63994,30.270570735982023,1449.8799999989583,2541.375588587933
63995,30.270570735982023,1449.8999999989583,2541.3864092219205
63996,30.270570735982023,1449.9199999989582,2541.3972299546176
63997,30.270570735982023,1449.9399999989582,2541.4080507860403
63998,30.230331401893064,1449.9599999989582,2541.418871716204
63999,30.230331401893064,1449.9799999989582,2541.429692745125
64000,30.230331401893064,1449.9999999989582,2541.4405138728184
